filename,LCD,PLD,LFPD,cm3_g,ASA_m2_cm3,ASA_m2_g,NASA_m2_cm3,NASA_m2_g,AV_VF,AV_cm3_g,NAV_cm3_g,Has_OMS,0.05,y_true,y_pred,Split
ACOCOM_clean,24.60642,13.0343,24.60642,0.349927,1537.41,4393.52,0.0,0.0,0.863,2.46623,0.0,1,0.0244883156,2.320885037,2.2801133807843397,Train
ACOCUS_clean,24.38417,13.22222,24.38417,0.346494,1518.48,4382.42,0.0,0.0,0.8644,2.49471,0.0,1,0.025122058,2.4219500597,2.342298815669367,Train
ACODAZ_clean,23.29182,13.11646,23.29182,0.343144,1530.83,4461.21,0.0,0.0,0.8618,2.51148,0.0,1,0.0246743152,2.3660169037,2.3397023786176425,Test
acscombsci.5b00188_34903_clean,6.15808,5.85025,6.15808,2.16583,1748.44,807.285,0.0,0.0,0.542,0.25025,0.0,0,0.1699194354,3.5452760928,3.5760491534141536,Train
acscombsci.5b00188_5013797_clean,9.69678,6.71185,9.61668,0.664961,2272.9,3418.09,0.0,0.0,0.7302,1.09811,0.0,0,0.0238569001,2.151930913,2.134764560337107,Test
acs.inorgchem.6b01211_ic6b01211_si_002_clean,11.28381,4.52903,11.28381,0.822811,2257.22,2743.3,0.0,0.0,0.6948,0.844422,0.0,1,0.0430300067,2.5625853301,2.947031671255691,Test
acs.inorgchem.6b01762_ic6b01762_si_002_clean,11.40609,8.52606,11.40609,2.31198,1582.43,684.446,0.0,0.0,0.647,0.279846,8.65e-05,1,0.0030933135,0.2866219361,0.30433646235005907,Train
AGUBUA_clean,5.46218,4.59563,5.46034,1.83317,1345.91,734.196,0.0,0.0,0.576,0.31421,0.0,0,0.1249795684,2.8994085747,3.0558533588529735,Train
AHIYOH_clean,5.55847,4.74922,5.55001,1.42546,843.163,591.503,0.0,0.0,0.4554,0.319476,0.0,1,0.0492339077,1.8345545621,1.790485144402708,Train
am301365h_si_002_clean,11.58637,3.48934,11.58637,0.907013,1494.34,1647.54,0.0,0.0,0.6382,0.703628,0.0,0,0.0160548342,1.4326024831,1.4771737316216142,Test
AMIZIG_clean,6.42874,5.80877,6.41409,1.40393,699.498,498.243,0.0,0.0,0.4248,0.302579,0.0,1,0.0113696907,0.8224016014,0.8418472091972371,Train
ANOMOG_clean,12.8003,5.50166,12.79961,0.784559,2116.78,2698.05,0.0,0.0,0.7198,0.917458,0.0,1,0.0422233416,2.8167369615,2.8796513651601416,Test
AQEGUY_clean,5.54395,4.66139,5.49926,1.46355,1275.66,871.62,0.0,0.0,0.5148,0.351747,0.0,1,0.0589321733,2.5070270595,2.5951589509790725,Test
AQIXUU_clean,5.00071,3.74213,5.00071,2.31618,778.297,336.026,0.0,0.0,0.406,0.175289,0.0,1,0.0734064607,1.5665354184,1.5863075095918338,Train
AQOTIK_clean,6.7817,3.86887,6.78051,1.47348,1288.35,874.359,0.0,0.0,0.5612,0.380867,0.0,1,0.0459023352,2.7513321212,2.388720177221376,Test
ASEKAM_clean,5.99031,5.00967,5.99031,1.72662,1403.65,812.946,0.0,0.0,0.5696,0.329892,0.0,1,0.0328104714,1.9270526217,1.9583904265861065,Test
ASIVEF_clean,11.85007,7.21214,11.45277,0.623261,2219.01,3560.32,0.0,0.0,0.7618,1.22228,0.0,1,0.0228437118,2.0978456669,2.0753172036438854,Train
ATEZEG_clean,10.12518,7.5272,10.12318,0.775574,2361.78,3045.2,0.0,0.0,0.7158,0.922929,0.0,1,0.0342936212,2.8278639414,2.6989905054534806,Test
ATEZIK_clean,10.39835,7.60488,10.39835,0.744295,2329.14,3129.33,0.0,0.0,0.7298,0.980525,0.0,1,0.0291826737,2.5182438714,2.4614224897345878,Test
ATUZEW_clean,10.5847,3.84767,10.5847,0.968927,2122.87,2190.95,0.0,0.0,0.6504,0.671258,0.0,1,0.0596657958,3.300736433,3.3476860110708584,Train
AVETAY_clean,5.64584,4.05596,5.63489,1.01371,1738.43,1714.92,0.32856,0.324118,0.6096,0.601358,0.0,1,0.0765615052,4.3838533683,4.278974044392436,Train
BABREE_clean,12.92538,6.29785,12.92538,0.898119,2356.63,2623.96,0.0,0.0,0.6828,0.760255,0.0,1,0.0301418119,2.3566128998,2.3296728628373997,Train
BETFOX_clean,5.13144,3.67825,5.11456,1.3623,1196.21,878.085,0.0,0.0,0.5018,0.368349,0.0,0,0.0406192795,1.9821950162,2.110870055110715,Train
BEWCUD_clean,11.43013,9.61646,11.40927,0.476468,2123.61,4456.97,0.0,0.0,0.8196,1.72016,0.0,1,0.0214892451,2.0984445744,2.04499807087521,Test
BEXTUV_clean,4.28323,3.79801,4.26635,1.30528,1237.19,947.835,0.0,0.0,0.5092,0.390108,0.0,1,0.0845537507,3.3576876335000003,3.4998124956690706,Train
BEXVAD01_clean,3.87179,3.50198,3.85722,1.36931,1031.87,753.568,0.0,0.0,0.5022,0.366754,0.0,1,0.0661529711,2.7622576077,2.846307363359356,Train
BEXVAD_clean,4.05512,3.67488,4.05512,1.37514,1152.1,837.807,0.0,0.0,0.4946,0.359673,0.0,1,0.0827169933,3.2859689767,3.3061771067848125,Train
BIHBEB_clean,18.34605,17.1599,18.34605,0.724278,1666.73,2301.23,0.0,0.0,0.776,1.07141,0.0,1,0.1035176454,3.4789064427,3.528177522793116,Train
BIJFAD_clean,8.3585,6.26342,8.18439,0.855984,1774.61,2073.18,0.0,0.0,0.6172,0.721042,0.0,1,0.0253823517,1.9895756201,2.0857216008599764,Train
BIRGIU_clean,6.67557,4.28336,6.67557,1.36929,1467.6,1071.8,0.0,0.0,0.553,0.403858,0.0,1,0.0167704093,1.420313523,1.3000391443960078,Test
BIWSOQ_clean,15.33666,5.40917,6.36274,0.990293,1940.65,1959.67,0.0,0.0,0.6518,0.658189,0.0,1,0.067890067,3.7623435527,3.68453255172264,Train
BORBEQ_clean,6.03525,3.97595,5.98504,1.10262,1309.44,1187.57,0.0,0.0,0.545,0.494276,0.0,0,0.0367682183,2.485120872,2.3251520632103015,Train
BOSHIC_clean,11.35851,4.44127,11.35851,0.998372,1829.81,1832.79,0.0,0.0,0.6236,0.624617,0.0,1,0.1181993996,4.3911589096,4.212711249607013,Train
BOWSOW_clean,5.38919,4.13551,5.38919,1.62989,1386.73,850.81,0.0,0.0,0.5466,0.33536,0.0,1,0.0802084698,3.0507674733,3.0357216581554693,Train
BUPDOH_clean,11.18608,5.4183,11.18608,0.930795,2344.47,2518.79,0.0,0.0,0.7156,0.768805,0.0,1,0.0920605991,4.1855306296,4.138951848282147,Train
BUVVIZ_clean,5.00001,3.6207,4.99072,1.72941,572.133,330.826,0.0,0.0,0.4138,0.239272,0.0,0,0.0107933846,0.6609212006,0.6947664564891054,Train
BUVVOF_clean,4.68198,3.57584,4.68198,1.98004,493.025,248.998,0.0,0.0,0.4188,0.211511,0.0,1,0.0077400922,0.4964991414,0.49876578234400637,Train
c5cc09935h_c5cc09935h2_clean,12.43011,5.54656,12.43011,1.34061,1862.24,1389.1,0.0,0.0,0.6814,0.508277,0.000596744,0,0.0207084603,1.8339873295,1.7391853633729677,Train
c5ce00931f_c5ce00931f2_clean,5.29408,4.17227,5.29408,1.81161,1362.6,752.15,0.0,0.0,0.5006,0.276328,0.0,1,0.0452094756,2.268329992,2.133871035096008,Test
c5ce02503f_c5ce02503f2_clean,13.50319,5.63614,13.50319,1.78413,1087.4,609.485,289.45,162.236,0.5546,0.310852,0.0,1,1.2734217627,4.2451598987,4.201623943379111,Train
c5dt01100k_c5dt01100k2_clean,10.14478,9.16125,10.14478,1.64843,1361.9,826.183,0.0,0.0,0.588,0.356703,0.0,1,0.0077417318,0.7279408259000001,0.6802462814589745,Train
c5dt03038b_c5dt03038b2_clean,6.32747,4.74814,6.26915,1.49819,1746.54,1165.77,0.0,0.0,0.584,0.389803,0.0,1,0.0515712322,3.0658324693,2.9216404492179295,Train
c5dt04943a_c5dt04943a2_clean,11.21193,6.39957,11.21193,0.759207,2393.65,3152.83,0.0,0.0,0.7392,0.973647,0.0,1,0.0377263231,2.7762085174,2.753396980573732,Train
c5dt05023e_c5dt05023e2_clean,6.45831,4.45817,6.45831,1.05764,1467.29,1387.32,0.0,0.0,0.552,0.521916,0.0,1,0.0700711295,2.7392124249000003,3.1044327965185254,Train
c5qi00128e_c5qi00128e2_clean,6.58115,3.73125,6.58115,0.993282,1853.01,1865.55,0.0,0.0,0.582,0.585936,0.0,0,0.0918970788,5.5695333507,5.494915900372724,Train
c5sc00614g_c5sc00614g2_clean,12.67478,4.17297,12.67478,1.23591,1899.73,1537.11,0.0,0.0,0.6104,0.493887,0.000647296,0,0.1629396579,5.7365081066,5.7162174592313555,Train
c5ta03835a_c5ta03835a2_clean,12.36152,9.64623,12.36152,0.670312,1969.74,2938.54,0.0,0.0,0.7304,1.08964,0.0,0,0.0247721143,2.1292250665,2.162862080975035,Test
c6cc00589f_c6cc00589f2_clean,11.05462,4.21804,11.05462,0.944025,1733.14,1835.91,0.0,0.0,0.6684,0.708032,0.0,1,0.0172602338,1.5812425901,1.5307277125465886,Train
c6cc00589f_c6cc00589f3_clean,8.87015,7.61141,8.84647,0.61411,2422.25,3944.33,0.0,0.0,0.804,1.30921,0.0,0,0.0114299051,1.1200114658,1.0919424600306087,Test
c6cc01597b_c6cc01597b2_clean,5.3252,4.32379,5.3252,1.51358,1134.66,749.654,0.0,0.0,0.4966,0.328096,0.0,1,0.2182717404,3.5200020906,3.646140014789851,Train
c6ce00465b_c6ce00465b2_clean,7.48534,6.6993,7.48534,0.744889,2472.69,3319.54,0.0,0.0,0.7082,0.950746,0.0,0,0.0533854855,4.6825367209,4.5408770911178244,Train
c6ta07145g_c6ta07145g2_clean,6.02059,3.60964,6.01517,1.26554,923.516,729.74,0.0,0.0,0.497,0.392717,0.0,0,0.0349434744,1.843037581,1.7748503864313683,Train
CACNOM_clean,5.51942,4.46179,5.51261,1.46727,1607.54,1095.6,0.0,0.0,0.5204,0.354673,0.0,0,0.0564515672,3.0828811565,2.8417725001664493,Test
CASWIE_clean,9.90767,8.8856,9.90767,1.25703,2053.39,1633.52,0.0,0.0,0.7078,0.563072,0.0,0,0.0754643571,3.2654536013,3.3426144291320625,Train
CAVMIX_clean,8.93942,5.67971,8.86574,0.942961,1589.69,1685.85,0.0,0.0,0.62,0.657503,0.0,1,0.0444386893,2.769077755,2.8906909644034715,Train
CAXSUR_SL,13.20977,6.6958,13.20977,0.618713,2108.92,3408.56,2.69185,4.35072,0.73,1.17987,0.0,0,0.0247940619,2.0898284662,2.156256386839228,Train
CAYQIE_clean,11.36799,6.51795,9.97187,0.696086,2497.61,3588.07,0.0,0.0,0.7382,1.0605,0.0,1,0.0340508194,2.7651740498,2.7190458600717293,Test
CAYQOK_clean,11.83799,7.63891,11.7221,0.673503,2318.04,3441.77,0.0,0.0,0.7596,1.12783,0.0,1,0.0341820738,2.7711795918,2.5951719743947956,Train
CAYQUQ_clean,11.37885,6.17998,10.24831,0.783377,2242.23,2862.26,0.0,0.0,0.6804,0.868548,0.0,1,0.0333403906,2.6622250129,2.6484590434889617,Train
CEDFOI_clean,8.34336,3.84131,8.32866,1.23395,1912.36,1549.78,0.0,0.0,0.6248,0.506341,0.0,1,0.0420264304,2.5243777413,2.7141478211571846,Train
CEKNIQ_clean,19.34511,12.33787,19.24026,0.450433,1674.23,3716.94,0.0,0.0,0.8472,1.88086,0.0,1,0.0209594657,1.9356926699,1.9347222546887202,Train
CEMKOV_clean,6.14232,4.76606,5.27946,0.925155,1938.38,2095.19,0.0,0.0,0.617,0.666916,0.0,1,0.0771542182,4.4390628933,4.391189568924388,Train
CESFIQ_clean,12.64207,6.13059,12.56929,0.688272,2372.6,3447.18,0.0,0.0,0.7544,1.09608,0.0,1,0.0579453531,3.4559264605,3.5313672715473907,Train
CESFOW_clean,11.30689,5.72282,11.30689,0.75113,2376.62,3164.06,0.0,0.0,0.7236,0.963349,0.0,1,0.0428912082,2.8783041324000003,3.0573899789141987,Test
CEYYIQ_clean,8.37126,7.81796,8.37126,2.71612,1505.4,554.246,0.0,0.0,0.6104,0.224732,0.0,1,0.0054534047,0.4852428113,0.44665926051176363,Train
cg050585esi20051105_115011_clean,5.11718,3.57473,5.07564,1.4789,549.331,371.446,14.5687,9.85107,0.4246,0.287106,0.0,0,0.11531029,2.111884209,2.0569981946885405,Train
cg3002866_si_001_clean,14.19695,6.32486,14.19695,0.780735,2310.25,2959.08,0.0,0.0,0.7264,0.930405,0.0,1,0.0325334233,3.0195359338,2.676216150074252,Test
cg300979c_si_002_clean,8.05407,6.75932,7.96872,0.960767,1454.92,1514.34,0.0,0.0,0.5674,0.59057,0.0,0,0.0176695726,1.4696105812,1.5459907962163104,Train
cg3015354_si_002_clean,7.32162,4.55611,5.93566,1.50685,1363.44,904.833,0.0,0.0,0.5076,0.336863,0.0,1,0.0109088449,0.9158390769,0.9616379271147619,Test
cg501141m_si_003_clean,6.52889,4.75513,5.51076,1.08983,1352.45,1240.98,192.247,176.402,0.5792,0.531461,0.0,1,0.0611283225,3.1144852455,2.9960358540967875,Train
CIPLIX_clean,4.16596,3.6754,4.15153,1.12701,1392.79,1235.82,0.0,0.0,0.5518,0.489614,0.0,1,0.0595193587,3.6620688439,3.647491950696149,Train
CIQQIE_clean,6.69548,4.06015,6.67985,1.03219,1589.58,1540.01,0.0,0.0,0.5732,0.555324,0.0,1,0.0615436262,3.5024465719,3.468936049533327,Train
cm071462f-file004_clean,6.42322,5.39187,6.42322,1.55223,1810.57,1166.43,0.0,0.0,0.6266,0.403676,0.0,0,0.0427591488,2.508026825,2.6243107003321198,Test
COJMOF02_clean,7.77133,6.76319,7.77133,0.912847,1827.53,2002.01,0.0,0.0,0.6452,0.7068,0.0,0,0.0347629952,2.6619711653,2.8162997725448506,Test
comp2_clean,6.3721,5.81224,6.36767,1.69788,895.639,527.505,0.0,0.0,0.47,0.276816,0.0,1,0.0155739081,0.9772336926,1.0813069297970435,Test
COQJOJ_clean,7.38214,4.96534,7.38214,1.07307,1447.07,1348.53,0.0720169,0.0671129,0.5318,0.495588,0.0,1,0.0665105227,2.7219260176,2.7434570172119046,Train
COWDEZ_clean,8.91053,4.46746,8.91053,4.13717,1136.38,274.675,0.0,0.0,0.4164,0.100649,0.000386738,1,0.0193590343,0.7172679970999999,0.7906031868276926,Train
COXDIE_clean,5.62039,5.35711,5.62039,1.66496,1129.92,678.647,0.152502,0.091595,0.484,0.290697,0.0,1,0.017825121,1.1744132741,1.1987840007349968,Train
CUFQUR_clean,6.03864,3.8691,6.03864,2.05539,1028.56,500.422,0.0,0.0,0.503,0.244722,0.0,1,0.0062361142,0.5307964984,0.5338568066614204,Train
CUGLIB_clean,5.58062,5.51252,5.58062,2.40243,819.805,341.239,0.0,0.0,0.416,0.173158,0.0,1,0.0051246004,0.4260271136,0.41256125189731563,Train
CUGYIO_clean,5.85592,5.75004,5.85592,2.37725,832.973,350.394,0.0,0.0,0.4316,0.181554,0.0,1,0.0055168352,0.4369195193,0.4054567762825565,Train
CUGZAH_clean,7.43946,7.40575,7.42884,2.24368,763.393,340.242,0.0,0.0,0.4524,0.201633,0.0,1,0.0044152715,0.3699675924,0.40033658692939533,Train
CUPHIG_clean,11.10015,5.6209,11.10015,0.767516,2426.29,3161.23,0.0,0.0,0.7292,0.950078,0.0,1,0.0399445417,3.0692221455,2.997079605244653,Train
CUQRUD_clean,5.86918,4.59668,5.81577,0.986332,2188.93,2219.27,0.0,0.0,0.6352,0.644002,0.0,1,0.055763304,3.718777041,3.7517745942031,Train
CUSXIY_clean,15.40731,13.34223,14.58073,0.291845,1568.49,5374.4,0.0,0.0,0.8896,3.04819,0.0,0,0.0195574001,1.8600965734,1.8869102104760438,Train
CUSXOE_clean,17.97302,15.80148,17.15199,0.243844,1288.51,5284.15,0.0,0.0,0.909,3.72779,0.0,1,0.0236433929,2.2500497295,2.2129422511076884,Train
CUVVOG_clean,8.37247,7.3895,8.37077,1.20081,1241.45,1033.84,0.0,0.0,0.5362,0.446532,0.0,0,0.039339125,2.6874560364,2.5101804599781463,Train
CUWHUZ_clean,16.54325,4.10215,14.7488,0.938804,1933.37,2059.39,0.0,0.0,0.6922,0.737321,0.0,0,0.0478946902,3.2161265085000004,3.245051384303014,Train
CUXFUX_clean,5.75656,5.11113,5.75656,1.3231,1207.8,912.854,37.5492,28.3797,0.5462,0.412818,0.0,0,0.0762926048,4.0844236437,3.766787172906098,Train
DACSEI_clean,11.09615,4.22518,11.09615,1.45844,1887.17,1293.96,0.0,0.0,0.625,0.428539,0.0,1,0.2679622245,4.1948526913,4.29912504148462,Train
DADXUE_clean,5.25371,3.53655,5.25051,1.61178,698.642,433.459,0.0,0.0,0.4448,0.275968,0.0,1,0.133130924,2.1589899512,2.1683931487426342,Train
DALVEU_clean,5.33631,4.08532,4.88589,1.30265,1571.53,1206.41,0.0,0.0,0.5888,0.452001,0.0,1,0.0450150791,2.2755268442,2.7057170979602954,Test
DANZOJ_neutral,11.30814,4.84088,11.28951,0.953196,1460.99,1532.73,328.938,345.089,0.656,0.688211,0.0,0,0.036036986,2.1233906892,2.205503881741236,Test
DAZCAK_clean,13.11846,6.60097,13.10556,1.02457,1662.31,1622.44,0.0,0.0,0.6408,0.625431,0.0,1,0.0494564097,3.0791253108,2.6711072370714586,Test
DEKPUF_clean,6.975,5.81852,6.975,1.54937,1782.47,1150.45,0.0,0.0,0.6318,0.407778,0.0,0,0.0245192433,1.7952490330000002,1.8708535341732413,Test
DEYLOJ_clean,7.45013,4.00626,7.41356,3.76527,1192.03,316.587,7.20509,1.91357,0.4952,0.131518,0.0,1,0.0017619939,0.163158361,0.16584320189184365,Train
DIMQIB_clean,6.20574,4.20467,6.19483,1.06672,2087.42,1956.87,0.0,0.0,0.598,0.560599,0.0,1,0.0882640735,4.2290315652,4.333884097915346,Train
DIZVAK_clean,8.12516,5.69593,7.90061,1.15636,2071.75,1791.62,0.0,0.0,0.639,0.552597,0.0,0,0.0888780913,5.3566076515,5.269008591954114,Train
DOFTID_clean,8.70669,6.70952,8.70669,0.91345,2575.78,2819.83,0.0,0.0,0.7676,0.84033,0.0,1,0.0276573407,2.1331469385,2.255030274166909,Train
DOFTOJ_clean,8.39259,6.42224,8.39259,0.858615,2621.58,3053.27,0.0,0.0,0.7534,0.87746,0.0,1,0.0406035815,2.742266568,2.917432225506075,Train
DOGBAE_clean,25.81792,14.43274,25.36207,0.55407,1540.39,2780.13,0.0,0.0,0.8362,1.5092,0.0,1,0.0327790524,2.6406371734,2.550366290122442,Test
DOJXOR_clean,7.78532,7.29613,7.78532,1.02283,1574.02,1538.88,0.0,0.0,0.5858,0.572722,0.0,1,0.0401035478,2.9903689038,2.8912138202759796,Test
DOMGAP_clean,8.27667,5.74162,8.27274,1.20417,741.315,615.623,530.043,440.172,0.5268,0.437479,0.0,1,0.0421557717,2.7478543038,2.6719890454491964,Train
DOTFOJ_clean,9.02668,4.87755,9.02668,0.958168,1617.77,1688.4,0.0,0.0,0.6126,0.639345,0.0,1,0.0510513847,3.7294983862,3.0943176429990453,Test
DUDKIY_clean,7.07907,5.66309,7.05735,0.974059,1868.46,1918.22,0.0,0.0,0.6506,0.667927,0.0,1,0.0395810542,2.9287305836,2.866748421454807,Train
DUKNEE_clean,4.73188,3.71957,4.56441,1.30231,281.161,215.894,153.376,117.772,0.4962,0.381015,0.0,1,0.0419544879,1.540908744,1.7806317132000784,Test
DUNYOC_clean,9.99521,7.8188,9.31419,0.670932,2064.07,3076.42,0.0,0.0,0.7104,1.05883,0.0,1,0.0236784835,2.1461187436,2.103413274045084,Test
DUQRUD_clean,5.84696,3.93964,5.84696,1.3492,787.842,583.933,0.0,0.0,0.45,0.333531,0.0,0,0.0148082846,0.9569103098,0.9545678266835099,Test
DUZKAM_clean,21.49045,20.91759,21.49045,0.763691,1446.12,1893.59,0.0,0.0,0.7166,0.938337,0.0,1,0.013147403,1.1508818941,1.1623772525426328,Test
DUZKEQ_clean,20.34484,16.57615,20.32874,0.744987,1552.98,2084.58,0.0389169,0.0522383,0.7072,0.949278,0.0,1,0.0101827338,0.9348315296,0.9669658256209849,Test
EBEXIU02_clean,4.00389,3.67365,4.00389,1.98749,501.521,252.339,0.0,0.0,0.386,0.194214,0.0,0,0.131290097,2.3471820411,2.268515978607651,Train
EBOXEA_clean,5.66693,4.72038,5.66453,1.32843,1075.3,809.448,0.0,0.0,0.5358,0.403332,0.0,1,0.0058005297,0.5027748722,0.49083273765249147,Train
ECEZAO_clean,4.94749,4.06581,4.8956,1.42755,1119.79,784.412,0.0,0.0,0.5024,0.351932,0.0,1,0.0460879897,2.1517646861,2.284971264274827,Test
EDUSOL_clean,12.82141,3.84026,12.82141,2.18826,1494.62,683.017,0.0,0.0,0.5914,0.270261,0.0,0,0.0610274169,2.5632778549,2.502224344239269,Train
EDUVAA_clean,11.12176,8.60837,11.10384,0.690728,2384.44,3452.06,0.0,0.0,0.7446,1.07799,0.0,0,0.0392460944,2.7370677276,2.8641950793963113,Test
EDUVEE_clean,12.39923,7.07299,12.39923,0.815139,2115.12,2594.8,0.0,0.0,0.691,0.847708,0.0,1,0.0558500071,2.9663168709,3.003586865478627,Test
EDUVII_clean,20.32202,9.77849,20.31158,0.420228,1870.75,4451.74,0.0,0.0,0.8576,2.0408,0.0,0,0.0246090209,2.3159305367,2.3267185638665517,Test
EDUWAB_clean,25.32442,15.73034,25.32073,0.347361,1224.7,3525.73,0.0,0.0,0.9,2.59097,0.0,0,0.0219803577,2.0610874835,2.028501872802214,Train
EGABAR_clean,5.34669,4.59707,5.34669,2.32794,964.221,414.195,0.0,0.0,0.453,0.194593,0.0,0,0.0435068744,1.3945539512,1.4531536668019502,Train
EGEJUW_clean,9.46971,6.7544,9.46722,1.01741,1558.89,1532.22,0.0,0.0,0.6188,0.608213,0.0,1,0.0300218753,1.5733707188,2.165975351629997,Test
EHUSUX_clean,11.68128,4.3201,11.68059,0.797571,1974.27,2475.35,0.0,0.0,0.6798,0.852338,0.0,1,0.0713809828,3.3278943374,3.4674737295581,Test
EHUTAE_clean,11.6271,4.37686,9.57037,0.725635,2073.78,2857.89,0.0,0.0,0.7062,0.973216,0.0,1,0.0709359931,3.3072971249000003,3.4032175118321977,Train
EJATIS_clean,4.15596,3.67859,4.15596,2.74932,303.078,110.238,193.382,70.3383,0.3638,0.132324,0.0,1,0.9820523873,2.3450832749,2.3310641802078695,Train
EJESUJ_clean,12.74502,12.12417,12.74502,0.622379,1959.14,3147.82,0.0,0.0,0.784,1.25968,0.0,1,0.0183905835,1.7115040252,1.6834081184969594,Train
EKEKIQ_clean,7.79579,7.10452,7.79579,1.16703,1042.73,893.491,0.0,0.0,0.5546,0.475225,0.0,0,0.0139323497,1.1958769409,1.1729073563885952,Train
EKEKOW_clean,7.39946,6.7038,7.38889,1.19584,1297.81,1085.27,0.0,0.0,0.5626,0.470465,0.0,1,0.087716717,3.1828949427,3.2318038293876263,Train
EKEMEO_clean,10.7868,4.76044,10.7868,1.09604,1984.97,1811.03,0.0,0.0,0.6446,0.588115,0.0,1,0.4758349666,4.635403726,4.639449667452542,Train
ELEROE_clean,12.99873,6.57068,12.98598,1.00519,1733.85,1724.91,0.0,0.0,0.6496,0.646248,0.0,1,0.0426473476,3.051061839,2.4021169628691528,Test
ENCDBZ01_clean,4.96088,3.91158,4.96088,1.33226,1771.15,1329.44,0.0,0.0,0.6226,0.467327,0.0,0,0.0217630519,1.7540586089,1.7306984234514358,Train
ENCDBZ_clean,5.17995,4.0381,5.17546,1.35947,2064.83,1518.84,0.0,0.0,0.6576,0.483717,0.0,0,0.0285225982,2.1891883524,2.2027696841739832,Test
ENCNBZ01_clean,5.19153,4.38458,5.1913,1.43907,1901.77,1321.52,0.0,0.0,0.6098,0.423745,0.0,1,0.0430946303,2.8460997013,2.7052611500885035,Test
ENEQUL_clean,7.56046,6.76685,7.56046,0.96801,1567.25,1619.05,0.0,0.0,0.6008,0.620655,0.0,1,0.0261476645,2.1478034723,2.202010594655309,Train
EPUSUE_clean,8.46903,3.66579,7.7021,2.09876,1520.93,724.68,0.0,0.0,0.5964,0.284168,0.0,1,0.0037624343,0.3476133788,0.36069961222715974,Train
EQOCOC01_clean,9.01895,5.30438,9.01895,0.963226,2097.19,2177.26,0.0,0.0,0.6844,0.710529,0.0,0,0.0460682401,3.2551903842,3.260527603753655,Test
ERALIU_clean,14.86335,13.54057,14.86335,1.02804,1927.12,1874.56,4.88892,4.75558,0.7196,0.699973,0.000194545,1,0.0796966132,4.4335009643,4.347710109668606,Train
ERAQAR_clean,7.38576,7.26835,7.38576,1.40447,1641.95,1169.09,0.0,0.0,0.6066,0.431907,0.0,0,0.0639479062,4.097387792799999,4.086591141618818,Train
ERUNUC_clean,14.74144,10.998,14.73673,0.612946,1667.89,2721.11,0.0,0.0,0.75,1.2236,0.0,1,0.0255840252,2.2195891788,2.135908322362908,Test
ESEBOV_clean,25.10343,17.21264,25.10343,0.432192,1480.29,3425.07,0.0,0.0,0.8414,1.94682,0.0,1,0.0189914101,1.888513256,1.757461607468014,Test
ETIXAI_clean,5.65647,4.17101,5.65647,1.21689,891.966,732.986,0.0,0.0,0.4942,0.406116,0.0,1,0.0629261242,2.1207169922,2.3667685764858657,Test
EVOTIT_SL,8.2912,6.01432,8.2912,1.23039,1203.44,978.095,0.0,0.0,0.5204,0.422954,0.0,1,0.0464335291,1.9814619622,2.1786377357629334,Train
EZIMEG_clean,9.90798,4.0416,9.90798,1.07192,1279.0,1193.19,493.885,460.749,0.5998,0.559557,0.0,1,0.0930219031,4.7669003479,4.673215704707987,Train
EZIMIK_clean,9.82604,3.91626,9.82604,1.06853,1265.94,1184.75,505.148,472.75,0.5976,0.559273,0.0,0,0.0876015203,4.6382648501,4.69243109045202,Train
EZOFUV_clean,8.33031,6.08017,8.32272,1.02014,2081.17,2040.08,0.0,0.0,0.6416,0.628934,0.0,0,0.034452786,3.0312322748,2.7993249189223075,Train
FAKHIK_clean,6.91166,3.5646,6.91166,1.35887,1058.17,778.71,0.0,0.0,0.4948,0.364126,0.0,1,0.0565201329,2.6182773993,2.5008743738389354,Train
FALRIV01_clean,5.68899,4.70468,5.67497,1.06479,1159.51,1088.96,0.0,0.0,0.5166,0.485167,0.0,0,0.0574173042,3.0330401002,2.8825996008296917,Test
FALRIV_clean,5.65646,4.67756,5.65646,1.06232,1172.37,1103.6,0.0,0.0,0.5212,0.490626,0.0,0,0.0594117313,3.0797616815,2.9647090246031507,Train
FALROB_clean,5.75308,4.76749,5.73877,1.05859,1169.51,1104.78,0.0,0.0,0.5176,0.488953,0.0,0,0.0523537094,2.9544016059,2.8524889930810233,Train
FALSAO_clean,5.59493,4.61612,5.59493,1.06274,1144.25,1076.7,0.0,0.0,0.509,0.478952,0.0,0,0.0580175924,2.9861409261,2.8808186715165696,Train
FAYLIC_clean,6.73446,3.80347,6.73446,1.51633,1348.21,889.13,0.0,0.0,0.5788,0.381711,0.0,1,0.0581204495,3.1587652803,2.9209060914928795,Train
FECFAV_clean,5.25994,4.33258,5.25994,2.87728,502.041,174.484,0.0,0.0,0.3954,0.137421,0.0,1,0.002651712,0.1987301372,0.1774096146891433,Train
FECJUT_clean,8.20883,4.88885,8.12686,0.902793,1817.93,2013.68,0.0,0.0,0.618,0.684542,0.0,1,0.033070462,2.4096882281,2.5228370024905677,Test
FEVNOL_clean,4.38957,3.82643,4.38957,2.76914,995.906,359.645,0.0,0.0,0.4604,0.166261,0.0,0,0.8082851945,3.2989865547000004,3.3279228989421514,Train
FEWXEM_clean,17.92481,8.14411,17.86267,0.48374,2192.72,4532.85,0.0,0.0,0.805,1.66412,0.0,0,0.0267914729,2.5090194347,2.4631469394884022,Test
FEWXIQ_clean,17.35042,7.46306,17.20636,0.482905,2259.15,4678.25,0.0,0.0,0.7942,1.64463,0.0,0,0.0252334353,2.3479134188,2.350148829674054,Train
FEYJID_clean,11.05011,4.28201,11.03981,1.28763,1684.31,1308.07,60.6702,47.1178,0.6268,0.486786,0.0,1,0.0241760549,1.9996233958,1.8486173052441652,Train
FEYQUW_clean,5.43401,3.9261,5.4268,1.48279,1376.93,928.609,0.0,0.0,0.5268,0.355276,0.0,1,0.0180903817,1.3295816101,1.3550976495563332,Test
FIDMIP_clean,5.76709,4.43786,5.76709,2.12603,1177.09,553.657,0.0,0.0,0.5436,0.255688,0.0,1,0.0181154549,1.0895527337,1.0995728302627326,Test
FIHHOV_clean,6.48503,4.23046,4.73284,1.35341,178.981,132.245,677.871,500.863,0.475,0.350966,0.0,1,0.0225564303,1.250698147,1.3257530834477977,Test
FIHHUB_SL,15.61182,13.11587,15.60898,0.621293,2170.48,3493.49,0.0,0.0,0.7232,1.16402,0.0,0,0.0213720344,1.9655815787,1.8834445106517823,Test
FIJFOU_clean,6.85299,4.5996,6.84418,1.41253,1137.63,805.384,0.0,0.0,0.4974,0.352134,0.0,1,0.029495376,1.7118550306,1.7545915120686346,Test
FIPJEV_clean,5.48611,3.75413,5.4744,1.70121,1138.25,669.081,0.0,0.0,0.4918,0.289089,0.0,1,0.0882630406,2.7009437906,2.7069183872567963,Train
FISGOF_clean,15.80637,8.55438,15.80637,0.434111,2007.26,4623.85,0.0,0.0,0.8372,1.92854,0.0,1,0.0207730836,1.9168489448,1.9936100437032,Train
FISXEM_clean,15.69953,15.64725,15.69953,0.982352,1496.09,1522.96,0.0,0.0,0.7144,0.727234,0.0,0,0.0498594761,3.1272152038,3.0923891319533303,Train
FIWKUT_clean,10.75705,6.21115,10.75089,1.13958,2252.0,1976.17,0.0,0.0,0.6778,0.594779,0.0,1,0.0350288856,2.6859680907,2.32407335000688,Test
FOFHEO_clean,6.41067,5.52308,6.4074,2.22496,990.681,445.257,0.0,0.0,0.446,0.200453,0.0,0,0.0631584279,2.2182396532,2.1226821761084222,Train
FOFTOL_clean,6.86591,4.62367,6.86591,1.13764,1540.19,1353.85,0.0,0.0,0.5824,0.511939,0.0,1,0.0468585944,2.6990461458,2.782040191931363,Train
FOPFAS_clean,20.99168,6.62083,20.99168,0.583055,2159.7,3704.11,0.0,0.0,0.7806,1.33881,0.0,1,0.0345500373,2.9815250695,2.8474469524775707,Train
FOPTOU_clean,5.99188,4.04402,5.19077,1.42676,820.695,575.214,0.0,0.0,0.3986,0.279373,0.0,1,0.0081375738,0.6132819136,0.6517290393950432,Train
FOQNIK_clean,5.46061,4.28764,5.45105,1.39446,1294.07,928.009,0.0,0.0,0.546,0.391549,0.0,1,0.0452767566,2.1034376901,2.2753398140423564,Test
FOQNOQ01_clean,5.8632,5.042,5.82773,1.375,1086.49,790.181,181.915,132.302,0.54,0.392729,0.0,1,0.0490263569,1.951039624,2.0976613002771884,Train
FOQNOQ02_clean,5.77332,4.6821,5.75387,1.37197,1078.45,786.062,190.643,138.956,0.5392,0.393013,0.0,1,0.0472701826,1.9674652692,2.2575306200376146,Test
FOQNOQ_clean,5.74039,4.59611,5.66519,1.31962,1294.45,980.929,0.224512,0.170134,0.5432,0.411634,0.0,1,0.0344220866,1.697493339,1.9766812713090154,Train
FOQNUW01_clean,6.20702,4.77029,6.1269,1.35255,1350.08,998.172,0.0,0.0,0.5374,0.397323,0.0,1,0.0403898865,1.8739442072,2.12151661161438,Train
FOQNUW02_clean,6.26085,4.86283,6.24492,1.35147,1329.33,983.622,0.0525445,0.0388796,0.5542,0.410073,0.0,1,0.0412308115,1.8805548127,2.1541187776048547,Test
FOQNUW_clean,6.24181,4.91804,6.10517,1.36057,1316.22,967.403,0.0,0.0,0.552,0.405711,0.0,1,0.0432057114,1.8943472581,2.1269812302894877,Train
FOQPAE01_clean,6.12529,4.88917,6.10135,1.39855,1351.73,966.526,0.0,0.0,0.5504,0.393551,0.0,1,0.0509439684,2.1245774829,2.3522672935391,Train
FORWAL_clean,6.09772,3.45398,5.95541,1.14086,1067.63,935.814,0.0,0.0,0.5034,0.441246,0.0,1,0.0322770348,2.2028938503,1.9222432009055022,Test
FUTZIF_clean,5.6655,4.98419,5.65746,1.25322,1742.86,1390.71,0.0,0.0,0.5754,0.459137,0.0,1,0.0645956051,3.5711683426,3.291289666588585,Test
FUVDEH01_clean,7.23867,5.86079,7.23867,1.59448,533.217,334.414,0.0,0.0,0.397,0.248984,0.0,0,0.0203784849,1.267926273,1.2243570526751455,Train
FUVDEH02_clean,7.02003,5.91062,7.02003,1.6404,493.979,301.134,0.0,0.0,0.3806,0.232017,0.0,0,0.0196337285,1.2073006076,1.2153218387718687,Test
FUVDEH03_clean,6.89105,5.80728,6.89105,1.67548,498.219,297.36,0.0,0.0,0.3654,0.218087,0.0,0,0.0187610787,1.202996249,1.169404059593416,Train
FUVDEH04_clean,6.74437,6.14599,6.74437,1.73737,495.479,285.189,0.0,0.0,0.3518,0.20249,0.0,0,0.0179562422,1.1578213037,1.1456839258951421,Test
FUVDEH05_clean,7.30465,6.40041,7.2683,1.88786,438.985,232.53,0.0,0.0,0.3024,0.160181,0.0,1,0.0211771179,1.0400201222,1.144583359534633,Test
FUVDEH09_clean,7.0294,5.84289,7.0294,1.58635,523.994,330.314,0.0,0.0,0.397,0.25026,0.0,0,0.0196908345,1.2896158146,1.2134216451442572,Train
FUVDEH10_clean,7.04062,5.87984,7.04062,1.60692,511.167,318.104,0.0,0.0,0.3892,0.242203,0.0,0,0.0183684755,1.2154352267,1.178850821430093,Train
FUVDEH11_clean,6.87873,5.8578,6.87873,1.63822,509.358,310.921,0.0,0.0,0.3836,0.234156,0.0,0,0.0205022144,1.2952675159,1.2136454877956862,Test
FUVDEH13_clean,6.5322,6.05224,6.5322,1.69182,540.534,319.498,0.0,0.0,0.3658,0.216217,0.0,0,0.0209251551,1.2769894581,1.2601442092367847,Train
FUVDEH_clean,6.96664,5.8084,6.96664,1.59803,514.864,322.187,0.0,0.0,0.3906,0.244426,0.0,0,0.0217900718,1.3540747147,1.280217650364343,Test
FUVGAG02_clean,6.44753,5.88333,6.44753,1.88939,387.159,204.912,0.0,0.0,0.2574,0.136235,0.0,1,0.0052485625,0.3269851904,0.31909584455349815,Train
FUWFUA_clean,7.25313,6.2676,7.10214,1.05922,1980.57,1869.84,0.0,0.0,0.6472,0.611017,0.0,1,0.0279847561,2.1166194566,2.241875797164296,Train
FUWQIZ_clean,11.3491,4.56532,11.34892,0.820083,2318.22,2826.81,0.0,0.0,0.6918,0.843573,0.0,1,0.0472393227,3.0930068019,3.1886934833624325,Test
FUYCAE_clean,12.12006,7.41697,11.45114,0.805353,2038.6,2531.31,0.0,0.0,0.6952,0.863224,0.0,1,0.0387174379,2.809009082,2.591015185154216,Test
GABYUG_clean,8.28187,3.85233,8.28187,1.39429,1719.71,1233.39,0.0,0.0,0.5774,0.414117,0.0,0,0.0390796575,2.4522287473,2.5849468791600394,Test
GACYER_clean,11.44273,8.46463,11.4041,0.752428,2161.9,2873.23,9.41673,12.5151,0.746,0.991457,0.0,1,0.034750109,2.837360745,2.555518028821871,Test
GAHSEQ_clean,9.12806,8.89551,9.12806,1.04861,1169.01,1114.83,0.0,0.0,0.5662,0.539955,0.0,1,0.0090475587,0.8047480540999999,0.8335345238698959,Train
GALFAB_clean,5.55868,3.43749,5.55868,1.2617,790.625,626.635,0.0,0.0,0.4566,0.361893,0.0,0,0.0688664973,2.3518245162,2.2262688787075793,Test
GANBAZ02_clean,5.94516,4.40671,5.62899,1.06833,1884.21,1763.7,0.0,0.0,0.666,0.623402,0.0,0,0.0745045494,4.9707947517,4.807061886919016,Train
GATQIE_clean,8.12277,6.57853,7.8081,0.814422,2692.15,3305.6,0.0,0.0,0.7176,0.881116,0.000491146,1,0.0278686993,2.3426401653,2.422512067839642,Test
GATQOK_clean,8.0398,4.43833,8.0398,1.04873,1982.28,1890.18,0.0,0.0,0.641,0.611218,0.000572123,1,0.0419044008,2.9686617388,2.904219016834133,Train
GEBPEK_clean,17.98452,9.34908,17.98452,0.462491,1934.3,4182.35,0.0,0.0,0.837,1.80977,0.0,0,0.0216422896,2.1019651569,2.0677293952048887,Train
GEDPAH_clean,6.03167,4.27212,6.03167,1.25052,927.95,742.052,0.0,0.0,0.4286,0.342738,0.0,1,0.0035522871,0.3436546429,0.3773835890694377,Train
GIJXAA_clean,10.59462,7.92596,10.59462,0.990408,1761.1,1778.16,0.0,0.0,0.6526,0.658921,0.0,0,0.0779731983,4.433214123,4.366475985368471,Train
GITSUY_clean,12.38253,7.614,12.38253,0.866035,1866.54,2155.27,0.0,0.0,0.694,0.801354,0.0,0,0.0214954515,1.9178932265,1.8858923909694936,Test
GITVAH01_clean,9.03293,4.92005,8.03384,1.44808,1218.66,841.568,0.0,0.0,0.5302,0.366141,0.0,0,0.0740223851,2.9022020416000003,2.7639827659110585,Train
GITVAH_clean,8.75698,4.92208,6.66017,1.57163,868.704,552.741,0.298339,0.189828,0.4918,0.312924,0.0,0,0.0902203069,2.2940345213,2.2619672208661643,Train
GOPLUS_clean,4.69015,3.69955,4.69015,1.12654,1103.97,979.963,0.0,0.0,0.5668,0.503132,0.0,0,0.0330263616,2.3414993439,2.155111332600272,Test
GOQWOY_clean,8.51298,6.88549,8.50318,0.782047,2084.03,2664.84,0.0,0.0,0.7176,0.917592,0.0,0,0.02378446,2.1146426727,2.145937645028778,Train
GORJEE_clean,6.22352,3.46281,6.21155,1.2742,1383.19,1085.53,43.8432,34.4085,0.5994,0.470413,0.0,1,0.1287356853,4.4512513306,4.390007253514042,Train
GUPBOJ03_clean,20.79847,8.00163,20.79847,0.806562,1676.14,2078.13,0.0,0.0,0.7324,0.908052,0.0,0,0.0151686269,1.3374015613,1.3452641795903597,Train
GUZVOO_clean,7.90362,5.63787,7.44008,1.61009,1067.96,663.297,284.683,176.812,0.5464,0.339361,0.0,1,0.0190736668,1.2418583662,1.2951903983665198,Test
HABCEV_clean,9.92705,7.22424,9.91479,0.991769,2097.63,2115.04,0.0,0.0,0.6876,0.693307,0.0,1,0.0236617618,2.1779594262,2.003164192204462,Train
HABCIZ_clean,9.83189,7.12324,9.82847,0.920871,2079.45,2258.13,0.0,0.0,0.6902,0.749507,0.0,1,0.0199318248,1.8571080445,1.7388665252807267,Train
HABCOF_clean,9.97681,7.2596,9.97191,0.933756,2065.72,2212.27,0.0,0.0,0.6892,0.738095,0.0,1,0.0194687991,1.8312226704,1.730827747625108,Train
HABDAS_clean,9.98388,7.09034,9.97982,0.917953,2085.87,2272.31,0.0,0.0,0.69,0.751673,0.0,1,0.0206150648,1.8968598846,1.8151773051779734,Train
HABRUZ_clean,5.62999,4.2146,5.61662,1.21831,1657.43,1360.44,0.0,0.0,0.5722,0.469669,0.0,1,0.0445228184,2.4092018426,2.75533429353582,Test
HAMJUC_clean,10.68848,3.93393,10.67739,1.13553,1897.49,1671.02,0.0,0.0,0.6192,0.545297,0.0,1,0.2472327917,5.757047109,5.657944639459815,Train
HANKIS_clean,10.84256,6.81027,10.84256,0.962348,2445.81,2541.5,9.90677,10.2944,0.7018,0.729258,0.0,1,0.0291472252,2.3276320965,2.315387059880326,Train
HANKOY_clean,11.28133,6.992,11.28091,0.975181,2332.28,2391.64,21.129,21.6668,0.7112,0.7293,0.0,1,0.0279075492,2.3217175795,2.107089281567757,Test
HAWGIY_clean,4.9936,3.76376,4.99295,1.55118,587.725,378.89,0.0,0.0,0.3948,0.254516,0.0,0,0.0278715815,1.1808357125,1.1925551582927425,Test
HAXNOJ_clean,6.09414,4.53148,6.04647,1.2268,2259.24,1841.57,0.0,0.0,0.705,0.574664,0.0,0,0.0075944827,0.7041545798000001,0.7073211613161139,Train
HICGEG_clean,7.22417,4.98345,7.22345,1.05866,1756.83,1659.47,0.0,0.0,0.6354,0.60019,0.0,0,0.0323799186,2.2678346002,2.415239245091021,Train
HICZIE_clean,4.75635,3.88223,4.75635,1.70104,552.032,324.527,36.9511,21.7227,0.4418,0.259724,0.0,0,0.0577674731,1.7937683962,1.7397051321587151,Test
HIDDAB_clean,4.73402,3.99038,4.58029,1.71288,716.864,418.513,0.0,0.0,0.4374,0.255359,0.0,0,0.0703971544,2.1946152661,2.019396823888771,Train
HIQKID_clean,6.24462,3.8099,6.24462,2.75365,1288.14,467.793,0.0,0.0,0.511,0.185572,7.26e-05,0,0.0190425276,0.9463571633,1.0449285671268171,Train
HIZTUG_clean,14.58128,7.2695,14.58128,0.949199,1744.45,1837.81,0.0,0.0,0.6154,0.648336,0.0,1,0.116338261,3.8186054929,3.8828019504773064,Train
HOJJUN_clean,10.20501,4.32102,10.20501,1.07008,1864.88,1742.75,0.0,0.0,0.6276,0.586499,0.0,0,0.0811633623,2.9266633557,3.183846024789383,Train
HOQNOS_clean,5.68928,5.15984,5.68602,1.20112,1133.38,943.601,0.0,0.0,0.508,0.422938,0.0,0,0.0543506113,2.4570463876,2.531515892386226,Train
HOVGEG_clean,5.72288,5.00575,5.71258,1.7362,623.828,359.307,0.0,0.0,0.4442,0.255846,0.0,1,0.0325674151,1.1697826303,1.303321089543115,Train
HOZFIN_clean,11.69529,10.43289,11.69529,0.774366,1771.67,2287.9,0.0,0.0,0.6506,0.840172,0.0,1,0.0187435129,1.6730666752,1.6759277100043026,Test
HUBQEC_clean,8.86857,5.43796,8.86857,1.74467,1156.2,662.705,0.0,0.0,0.545,0.31238,0.0,1,0.0043720638,0.416107185,0.3932538594959225,Train
HUCSEF_clean,13.78845,4.39887,13.78845,0.867071,1791.92,2066.64,0.0,0.0,0.6752,0.778714,0.0,1,0.0635166519,3.3457818664,3.2982946885184226,Train
HUNCIE_clean,23.8524,20.39274,23.77655,0.290995,1592.86,5473.82,0.0,0.0,0.8752,3.00761,0.0,1,0.0226594881,2.1777662716,2.2085374501209243,Test
HUYFAJ_clean,13.01175,6.7865,13.01175,0.928859,1613.49,1737.07,0.0,0.0,0.649,0.698706,0.0,1,0.024114202,2.0351663616,1.9655296581646196,Test
HUZYEI_clean,8.53699,6.27993,8.53699,0.711095,2228.2,3133.48,0.0,0.0,0.6894,0.969491,0.0,0,0.0254244476,2.2054170451,2.2294267843100544,Test
HUZYIM_clean,8.39885,4.78933,7.86209,0.797668,1803.87,2261.43,0.0,0.0,0.6378,0.79958,0.0,0,0.0412339768,2.7756694447,2.9815851650958423,Train
IBAPOS_clean,10.42394,6.6282,10.40124,0.688725,2224.76,3230.26,0.0,0.0,0.7214,1.04744,0.0,1,0.0229433088,2.139788954,2.066051740132888,Test
IBAQAF_clean,10.29518,8.20784,10.21825,0.691719,2146.79,3103.55,0.0,0.0,0.7272,1.05129,0.0,1,0.0240433629,2.2263256685,2.1524049556636715,Test
IBAQEJ_clean,10.47263,8.40011,10.41547,0.683981,2144.01,3134.6,0.0,0.0,0.734,1.07313,0.0,1,0.0225702298,2.1285951229,2.0319446541278725,Test
IBIYUO_clean,5.20433,4.31707,5.18919,2.0196,573.799,284.115,0.0,0.0,0.4548,0.225193,0.0,0,0.0186682475,0.7478112551,0.9166837444152951,Test
IBURAZ_clean,4.88805,3.48372,4.75798,1.89312,918.977,485.428,0.0,0.0,0.536,0.28313,0.0,0,0.1327415059,3.1817846199,3.0857117733699977,Train
ic1010083_si_002_clean,8.73889,4.47796,8.73889,1.29976,1302.13,1001.82,0.0,0.0,0.5268,0.405305,0.0,1,0.0631938333,2.2057393514,2.352460163026373,Test
ic403175w_si_002_clean,5.88584,3.69969,5.83238,2.5678,470.928,183.398,0.0,0.0,0.2652,0.103279,0.0,1,0.0507997856,0.729329398,0.8483403817862396,Test
ic502478u_si_003_clean,6.55769,3.80885,6.25374,1.35422,531.365,392.376,0.404029,0.298347,0.4662,0.344256,0.0,1,0.0055162419,0.4305323278,0.4269189327676737,Train
ic502643m_si_011_clean,13.64098,13.34789,13.63908,0.604316,2269.16,3754.93,0.0,0.0,0.793,1.31223,0.0,1,0.0285699912,2.5736621399,2.488350061718865,Train
ic502643m_si_012_clean,13.38503,12.66061,13.38102,0.629028,2341.28,3722.06,0.0,0.0,0.78,1.24001,0.0,1,0.0322782284,2.8033820588,2.6363195935121637,Test
ic8008859_si_001_clean,6.51934,4.39103,6.27132,0.92999,1351.28,1453.01,0.0,0.0,0.5454,0.586458,0.0,1,0.0272991993,1.9502772285,2.0180661670691813,Train
ICAREL_clean,16.21859,9.18486,11.94903,0.616739,2046.86,3318.84,0.0,0.0,0.7336,1.18948,0.0,1,0.0267009082,2.3232387092,2.2708160572085605,Train
ICIKAH_clean,8.01757,3.70704,7.93302,1.68308,428.741,254.736,345.699,205.397,0.4804,0.285429,0.0,1,0.0051913474,0.4414750900999999,0.4331520259821675,Train
ICIVEW_clean,9.81405,8.96526,9.81405,1.68894,1459.56,864.19,0.0,0.0,0.6214,0.367924,0.0,1,0.0330677819,1.9995236463,1.9831211415899934,Test
IFEPUG01_clean,6.97552,6.67002,6.97552,1.81968,554.5,304.724,0.0,0.0,0.3222,0.177064,0.0,1,0.0155934848,1.1473012378,1.1136649654142734,Train
IFEPUG02_clean,7.03312,5.99915,7.03312,1.58114,529.815,335.085,0.0,0.0,0.3982,0.251844,0.0,0,0.0166273399,1.1571990871,1.1222444332476766,Train
IFEPUG03_clean,6.99241,5.91522,6.99241,1.59971,524.86,328.098,0.0,0.0,0.393,0.24567,0.0,0,0.0156095459,1.0878040942,1.0793313105850015,Train
IFEPUG04_clean,6.86283,5.99318,6.86283,1.62602,537.112,330.322,0.0,0.0,0.3814,0.23456,0.0,0,0.0160199946,1.1138896018,1.0963487470937743,Train
IFEPUG05_clean,6.85642,6.11281,6.85642,1.65571,533.488,322.211,0.0,0.0,0.3698,0.223348,0.0,0,0.0138345036,1.0020024519,0.9973261524124564,Train
IFEPUG06_clean,6.7419,6.18576,6.7419,1.68982,538.529,318.691,0.0,0.0,0.3576,0.21162,0.0,0,0.015787407,1.1216119875,1.1044803587900676,Test
IFEPUG07_clean,6.70506,6.18332,6.70506,1.72629,549.827,318.502,0.0,0.0,0.3412,0.197649,0.0,0,0.0176540567,1.2376738179,1.212234616261888,Train
IFEPUG08_clean,6.7666,6.32311,6.7666,1.76811,569.763,322.245,0.0,0.0,0.3312,0.187319,0.0,1,0.0184696006,1.3057208732,1.2418145088444459,Train
IFEPUG09_clean,6.88857,6.56673,6.88857,1.78418,556.743,312.044,0.0,0.0,0.331,0.185519,0.0,1,0.0161043788,1.1883522351,1.1762094992430627,Train
IFEPUG10_clean,6.80475,6.55642,6.80475,1.8372,603.527,328.504,0.0,0.0,0.3222,0.175376,0.0,1,0.0203898721,1.423820841,1.2286653348730967,Test
IFEQER_clean,7.19047,6.08402,7.19047,1.57527,553.109,351.12,0.0,0.0,0.394,0.250116,0.0,0,0.01695965,1.1793369189,1.1474245723972045,Train
IFUPAC_clean,5.45872,4.0869,5.45872,1.34142,1585.35,1181.84,0.0,0.0,0.5752,0.4288,0.0,1,0.0520056065,2.5846444501,2.9334550220474216,Test
IGORUS_clean,10.22764,5.8145,10.22764,0.798105,2273.51,2848.64,0.0,0.0,0.7076,0.8866,0.0,1,0.0293474917,2.8186488242000003,2.4686221886432724,Test
IGUCEU_clean,4.52933,3.82475,4.49997,1.71915,529.35,307.913,0.0,0.0,0.4484,0.260826,0.0,0,0.0117501,0.6885622862,0.7983133971187406,Test
IJAPIU_clean,10.97896,4.58149,10.97895,0.821497,2292.36,2790.46,0.0,0.0,0.6958,0.84699,0.0,1,0.0536604089,3.1882763532,3.245183121873133,Train
IJAPOA_clean,11.3719,4.56274,10.28688,0.827364,2231.15,2696.69,0.0,0.0,0.6978,0.843401,0.0,1,0.0500058385,2.9206804328,3.1065974200185504,Train
IJEXUS_clean,21.63198,16.25392,21.63198,0.800283,1414.75,1767.81,0.0,0.0,0.7074,0.883938,0.0,1,0.0099134502,0.9095364379,0.9218263437190732,Train
ILITON_clean,10.85959,9.44525,10.85959,0.579291,2065.83,3566.14,0.0,0.0,0.7778,1.34268,0.0,1,0.0234099309,2.1971282989,2.066278310966338,Test
ILOWAI_clean,5.40585,4.42661,5.40585,1.07764,1110.36,1030.36,0.0,0.0,0.5072,0.470657,0.0,0,0.0688700353,3.1770676217,3.0532562116790207,Train
IMULEH_clean,8.24491,4.53271,8.24491,0.809297,1780.75,2200.36,0.0,0.0,0.6282,0.776229,0.0,0,0.0237491761,2.043802325,2.083356719701938,Test
INEPEY_clean,6.95447,5.78801,6.95447,1.44957,1129.68,779.321,87.9996,60.7072,0.5158,0.355829,0.0,1,0.0745275028,2.0365438184,2.2560258851145543,Train
INIROO_clean,8.17605,4.71571,8.17605,2.17241,1103.1,507.776,0.0,0.0,0.5056,0.232737,0.0,1,0.0081857599,0.5999209569,0.6154656967085503,Train
IPIVOT_clean,6.19757,4.01106,6.19757,1.45575,826.006,567.408,0.0,0.0,0.474,0.325604,0.0,1,0.0835031881,2.0866070746000003,2.1113765576067056,Train
IREGOD_clean,5.40281,4.28093,5.40281,1.18436,1608.89,1358.45,0.0,0.0,0.5606,0.473337,0.0,1,0.0373733941,2.5353230375,2.4319167548594733,Test
IVEKEA_clean,22.61279,7.45433,22.60405,0.58506,2033.02,3474.88,0.0,0.0,0.8178,1.3978,0.0,1,0.0301407945,2.6576294729,2.584697588803435,Train
IWEWOY_clean,20.27537,19.97281,20.27537,0.872765,1162.79,1332.3,0.0,0.0,0.6926,0.79357,0.0,1,0.0289157082,1.9795031906,2.0324073264827707,Train
IYIHUU_manual,11.83739,10.43961,11.83739,0.634446,2047.9,3227.86,0.0,0.0,0.7402,1.16669,0.0,1,0.025809329,2.0582510473,2.1576561769115687,Train
IYITOB_clean,9.11454,7.50033,9.11454,1.16801,1732.8,1483.56,0.0,0.0,0.654,0.559929,0.0,0,0.0124883406,1.1004785704,1.095940626880266,Train
IZIHIK_clean,7.14331,5.40483,7.14331,1.44939,1285.98,887.257,42.2152,29.1262,0.5348,0.368983,0.0,1,0.0232820348,1.6526680584,1.6211458668696515,Train
ja0660047si20060818_060256_clean,6.3909,4.01484,6.38663,0.926803,2000.77,2158.79,0.0,0.0,0.5998,0.647171,0.0,0,0.058709608,4.5893616072,4.284146515075342,Train
ja0660047si20060818_060458_clean,6.58402,3.94503,6.58402,1.00815,1971.57,1955.64,0.0,0.0,0.578,0.57333,0.0,0,0.0928512153,5.6475872424,5.610383001031739,Train
ja078060t-file002_clean,16.93112,9.01585,16.93112,0.615402,2165.98,3519.61,0.0,0.0,0.7858,1.27689,0.0,1,0.0387730692,3.2529999892,2.859026023183927,Test
ja101440z_si_001_clean,5.9006,5.23774,5.9006,1.30709,1576.97,1206.47,0.0,0.0,0.571,0.436847,0.0,1,0.0486527886,2.7698946135000004,2.7823166336270013,Test
ja102862j_si_005_clean,16.33925,5.69725,16.33925,0.874313,1862.92,2130.72,0.0,0.0,0.7038,0.804975,0.000228751,0,0.0395610209,2.7822449261,2.7567347589190385,Train
ja111042f_si_002_clean,13.98436,10.86418,13.89482,0.502876,1948.39,3874.49,0.0,0.0,0.797,1.58488,0.0,1,0.0275688959,2.5571879722,2.450041268881941,Train
ja202154j_si_003_clean,11.58737,3.83412,11.58737,0.92986,1525.64,1640.72,0.0,0.0,0.645,0.693653,0.0,0,0.0190179646,1.6815760363,1.5833042176796057,Test
ja4015666_si_002_clean,10.09928,9.13648,10.09928,0.711506,2224.92,3127.06,0.0,0.0,0.7638,1.0735,0.0,0,0.0218489071,1.9991311246,1.9921252973209773,Test
ja4015666_si_003_clean,10.07647,9.04237,10.07647,0.718146,2256.82,3142.56,0.0,0.0,0.7528,1.04825,0.0,0,0.0215676018,2.0042281706,1.9687358422085497,Train
ja403810k_si_003_clean,31.39938,26.2789,31.39936,0.252736,790.748,3128.75,0.0,0.0,0.9088,3.59585,0.0,1,0.0178446241,1.7347464394,1.7320131593795778,Train
ja410368j_si_002_clean,11.55893,3.45239,11.55893,0.94881,1479.04,1558.83,0.0,0.0,0.6372,0.671578,0.0,0,0.0220931762,1.9632907822,1.9264967841471468,Train
ja501810r_si_002_clean,11.13191,5.72159,11.13191,0.767426,2419.7,3153.01,0.0,0.0,0.7292,0.950189,0.0,1,0.0408318291,3.0193383238,3.0115771644027953,Train
ja507971r_si_004_clean,4.53044,3.58227,4.53044,1.46814,606.341,412.999,3.33265,2.26998,0.4518,0.307736,0.0,1,0.1411946538,2.5926057863,2.6756323549001135,Train
ja5109535_si_002_clean,17.4505,7.65306,17.4505,0.65071,2199.17,3379.65,0.0,0.0,0.7686,1.18117,0.0,0,0.0542110983,4.1715031997,3.6761813457720787,Test
jacs.5b11079_ja5b11079_si_002_clean,14.16979,6.91811,12.94276,0.599196,2206.88,3683.06,0.0,0.0,0.7614,1.2707,0.0,1,0.0357134907,2.6919292352,2.675366472926793,Test
jacs.6b01663_ja6b01663_si_002_clean,24.65699,17.09587,24.65699,0.438285,1508.06,3440.83,0.0,0.0,0.8424,1.92204,0.000456324,1,0.0204022489,1.9297232642,1.8158908012927495,Test
jacs.6b02030_ja6b02030_si_004_clean,6.78187,4.96364,6.78187,1.83949,1314.77,714.746,0.0,0.0,0.5076,0.275946,0.0,1,0.0166250136,1.3625984368,1.2602830818118522,Train
jacs.6b04608_ja6b04608_si_002_clean,18.84439,11.02909,18.84439,0.389439,1879.81,4826.98,0.0,0.0,0.8376,2.15079,0.00051356,0,0.0201663013,1.9170337447,1.8735128308631024,Train
jacs.6b08724_ja6b08724_si_012_clean,28.6797,24.93616,28.6797,0.353838,1453.6,4108.09,0.0,0.0,0.8748,2.47232,0.0,1,0.0190255545,1.8542710165,1.8297578559406857,Test
jacs.6b08724_ja6b08724_si_013_clean,28.04628,26.50518,28.04628,0.350938,1434.54,4087.73,0.0,0.0,0.8658,2.4671,0.0,1,0.0219805226,2.0677255927,2.065453192776705,Test
JADBEY_clean,5.1025,4.19518,4.95899,1.35732,1188.64,875.723,0.0,0.0,0.488,0.359531,0.0,0,0.0346453736,2.0504428055,1.963917841378378,Test
JAJZAY_clean,11.43481,6.24659,11.43433,0.715716,2413.07,3371.55,0.0,0.0,0.7402,1.03421,0.0,1,0.0395581252,2.9993592378,2.9753874155435334,Train
JALLIU_clean,13.72158,6.77108,13.72158,0.777101,2196.2,2826.14,0.0,0.0,0.7498,0.964868,0.000514734,0,0.0126118529,1.1999934037,1.1546825602465902,Train
j.inoche.2015.02.023_INC05895-mmc1_clean,5.70413,3.46915,5.53584,1.31977,1259.88,954.616,0.0,0.0,0.503,0.381126,0.0,1,0.1199676655,3.7197077153,3.6512228797179063,Train
JIVQOU_clean,5.16037,3.63851,4.20766,2.2732,284.489,125.149,281.748,123.944,0.4162,0.18309,0.0,1,0.301396442,2.2518875207,2.2261894770818618,Train
j.jssc.2016.06.015_ZJU-10_clean,11.36875,4.57229,11.36875,0.827579,2351.53,2841.46,0.0,0.0,0.6996,0.845357,0.0,1,0.0414109635,2.8272695273000004,2.907408927131234,Train
JOHQUT_clean,5.10814,3.94987,5.09674,1.90453,697.67,366.322,0.0,0.0,0.4102,0.215382,0.0,1,0.0240157698,1.2377065858,1.1450288418720427,Train
JOZWOM_clean,22.16597,8.69473,22.16597,0.48225,1899.59,3939.01,0.0,0.0,0.8054,1.67009,0.000414723,1,0.025684602,2.3277239589,2.276789133425665,Train
JOZWUS_clean,21.40599,8.60608,20.3343,0.48265,1906.91,3950.91,0.0,0.0,0.8026,1.6629,0.000414379,1,0.0261612646,2.3487596255,2.332543711409312,Test
jp302979a_si_002_clean,10.98282,6.54194,10.97083,0.963718,2282.53,2368.46,0.0,0.0,0.7164,0.743371,0.0,1,0.0238973275,2.1977320945,1.8917672176270401,Test
JUKPAI_clean,7.08241,5.52674,6.9259,3.59589,1474.22,409.973,0.0,0.0,0.4916,0.136711,0.0,1,0.0033764867,0.2968467221,0.29908931222833113,Train
JUTCOS_clean,7.04726,4.27705,7.02404,1.31095,1329.11,1013.85,0.0,0.0,0.5362,0.409016,0.0,1,0.031400221,1.7732347616,1.9260636942375768,Train
JUYBEM_clean,5.13731,3.85682,5.13731,1.48243,1119.92,755.465,0.0,0.0,0.4988,0.336475,0.0,0,0.0715709203,2.67471569,2.717825130668489,Train
KACKIL_clean,8.90649,6.59853,8.90649,1.06181,2105.95,1983.36,0.0,0.0,0.6938,0.653414,0.0,1,0.0430379783,2.3314518858,2.5169916916915502,Train
KAHZAW_clean,8.94072,4.22762,8.82545,1.16306,2118.43,1821.42,0.0,0.0,0.6882,0.591713,0.0,1,0.0112560437,1.0449681209,1.0611172041653703,Train
KALFUA_clean,5.64692,4.66493,5.64692,1.02252,1561.82,1527.42,0.0,0.0,0.5924,0.579351,0.0,0,0.083053969,4.2637957214,4.232582742031175,Train
KAVXAI_clean,9.40882,5.41413,9.40882,1.00634,2107.27,2094.0,0.0,0.0,0.6462,0.642132,0.0,0,0.0811042392,5.0379444449,5.0041788850605515,Train
KELJAN_clean,6.72992,4.20356,6.59748,1.50078,1661.97,1107.4,0.0,0.0,0.603,0.401791,0.0,1,0.0209366036,1.6617513885,1.6116205778649968,Test
KEVBOE_clean,5.94177,3.85345,5.94177,1.15836,1692.78,1461.35,3.23237,2.79047,0.5546,0.478779,0.0,0,0.2645954954,7.6815771612,7.483263604313173,Train
KEWJIG_clean,7.66764,4.96521,7.66764,1.12411,2024.36,1800.85,0.0,0.0,0.6074,0.540337,0.0,1,0.063609739,3.8209944379,3.448566691028953,Test
KIFDIM_clean,6.65854,3.7171,6.64815,1.05848,1659.61,1567.91,0.0,0.0,0.5926,0.559858,0.0,1,0.0275029818,2.1249810371,2.141584611266252,Train
KINMUR_clean,5.20086,4.2137,5.19994,1.27394,2724.76,2138.85,0.0,0.0,0.6356,0.498926,0.0,0,0.1983652421,6.570634478400001,6.569612664941196,Train
KOGSOQ_clean,6.70555,5.36137,6.69224,1.02667,1476.42,1438.07,0.0,0.0,0.596,0.580519,0.0,0,0.0410431222,2.6637966082,2.842436618543963,Test
KOJZOZ_clean,9.94395,7.51619,9.94395,1.17869,2115.26,1794.59,0.0,0.0,0.694,0.58879,0.0,1,0.012190074,1.0400928616,1.0655107287508079,Train
KOMHEB_clean,6.83617,4.31178,6.83617,2.04431,589.974,288.593,3.15896,1.54524,0.4406,0.215525,0.0,1,0.0641378754,1.7751027808000002,1.7213248790626297,Train
KOMHIF_clean,6.96433,4.30157,6.96433,2.10755,601.281,285.298,0.506718,0.24043,0.4434,0.210386,0.0,1,0.0952804649,1.8385302179,1.8784518553579017,Train
KOMHOL_clean,7.12004,4.41244,7.12004,2.09673,622.975,297.118,3.20164,1.52697,0.448,0.213666,0.0,1,0.0883937892,1.8793462344,1.8455284680996995,Train
KOVGOT01_clean,9.14865,6.57962,8.64921,1.30232,2344.83,1800.5,0.233416,0.179231,0.6924,0.531667,0.0,1,0.0069590603,0.6622893854999999,0.663477413683657,Train
KOVGOT_clean,9.14342,6.58506,9.14342,1.30232,2351.43,1805.57,0.204239,0.156827,0.6926,0.53182,0.0,1,0.0069175095,0.6601827618,0.6309991949142519,Train
KOZQIB_clean,28.54072,12.23604,28.54072,0.302864,1428.61,4716.99,0.0,0.0,0.8826,2.91418,0.0,1,0.0232321493,2.2734427428,2.2241534299311714,Test
KUGFAU_clean,6.1404,4.28752,6.13565,2.43257,1183.17,486.384,94.0478,38.6618,0.538,0.221165,0.0,1,0.0046232224,0.3608424104,0.3734229517244996,Train
KUKPUD_clean,9.04322,8.10629,9.04322,1.11678,1615.16,1446.26,0.0,0.0,0.65,0.582028,0.0,1,0.0369896439,3.0879563496,2.7876204852796174,Train
KUKQAK_clean,4.64716,3.48929,4.64716,1.79907,353.643,196.57,0.0,0.0,0.3996,0.222114,0.0,1,0.0436688697,1.3066035224,1.1999109129394694,Train
KULMAG_clean,10.24525,8.92291,10.23663,0.907947,1704.68,1877.51,60.6525,66.8018,0.6662,0.733743,0.0,1,0.1017011229,2.6421231954,2.7655785048470634,Train
KUXSAZ_clean,8.81598,3.44204,8.80847,1.03643,1657.94,1599.66,0.0,0.0,0.6052,0.583926,0.0,0,0.0638366339,5.2090394215,5.0099312736999515,Train
KUZYUB_clean,17.79121,17.46158,17.79121,1.09527,1160.5,1059.55,0.0,0.0,0.6994,0.638563,0.0,1,0.0239374873,1.9980326628,1.8961631542038662,Train
LACYEW_clean,9.98958,7.17562,9.98958,0.965678,2132.17,2207.96,0.0,0.0,0.6886,0.713074,0.0,1,0.0241386347,2.2047191149,2.0553753177030387,Train
LACYIA_clean,13.94656,10.8971,13.94656,0.785099,1996.38,2542.84,0.0,0.0,0.6776,0.863076,0.0,1,0.0444072516,3.4763683454,2.892836186165903,Test
LACYOG_clean,9.45292,5.8367,9.45292,1.00526,2164.69,2153.37,0.0,0.0,0.6652,0.661721,0.0,1,0.0457298013,3.3027376169,3.105483500921087,Train
LACYUM_clean,8.19722,5.57863,8.19722,1.03476,2021.86,1953.94,156.073,150.83,0.648,0.626232,0.0,1,0.0520699945,3.5609399022000003,3.4077907719497524,Train
LACZAT_clean,8.2988,5.7298,8.2988,0.945764,1995.72,2110.17,179.673,189.977,0.662,0.699963,0.0,1,0.0327345566,2.7085830098000003,2.6721655152512884,Train
LACZIB_clean,9.35168,6.74694,9.35021,0.752382,2169.18,2883.09,0.0,0.0,0.6922,0.920012,0.0,1,0.0248054793,2.2864667759,2.235268988693896,Test
LAGVEX_clean,6.7023,3.90662,6.7023,1.13087,1228.85,1086.65,0.0,0.0,0.5372,0.475032,0.0,1,0.0311878448,1.9404530431,1.9501509374263153,Test
LAPNUO_clean,7.53441,3.97302,7.25213,1.27166,1671.62,1314.52,0.0,0.0,0.5848,0.459871,0.0,0,0.3219396797,6.145742803099999,6.331861562787676,Train
LAPZEK_clean,15.51079,7.93845,15.33563,0.599908,2098.95,3498.78,0.0,0.0,0.7678,1.27986,0.0,1,0.0495243326,3.1613488788,3.25391701686837,Train
LAQNOJ_clean,14.29494,6.44811,14.29494,0.699724,2201.6,3146.38,0.0,0.0,0.7396,1.05699,0.0,1,0.0582697683,3.5870288477,3.559563764522372,Train
LAQNUP_clean,15.26013,7.80017,15.22984,0.646935,2142.31,3311.48,0.0,0.0,0.755,1.16704,0.0,1,0.057633175,3.4535219797,3.480645537565082,Train
LATBUG_clean,17.59724,12.77954,17.59724,0.373345,1754.11,4698.37,0.0,0.0,0.8458,2.26547,0.0,1,0.0252848987,2.3647915037,2.3388428834914947,Train
LATCAN_clean,17.46459,13.36465,17.46459,0.380351,1759.4,4625.73,0.0,0.0,0.8424,2.21479,0.0,1,0.0259260997,2.3764671199,2.3569419933234452,Train
LATCIS_clean,6.18491,5.22174,6.13,1.03702,2650.66,2556.04,0.0,0.0,0.747,0.720336,0.0,1,0.007716795,0.7458868770999999,0.7075233974098263,Train
LAWGOI_clean,6.79778,4.16971,6.53453,1.58223,946.888,598.451,0.0,0.0,0.4988,0.315251,0.0,1,0.0089293529,0.6928802619,0.7066947389203291,Train
LAWGUO_clean,7.18198,3.98931,7.17216,1.75912,848.078,482.104,0.0,0.0,0.4794,0.272523,0.0,1,0.0130866803,0.8800225685999999,0.908000902178659,Train
LAWHEZ01_clean,7.31724,4.08974,7.31724,1.65797,902.036,544.061,0.0,0.0,0.4878,0.294215,0.0,1,0.0117423569,0.8590950997,0.8349006199043445,Test
LAWHEZ_clean,7.31422,4.06957,7.31422,1.65797,900.714,543.263,0.0,0.0,0.4874,0.293974,0.0,1,0.0118347637,0.868491128,0.836215576941524,Train
LAWHID_clean,7.12473,3.80895,6.25716,1.71371,841.749,491.186,0.0,0.0,0.4802,0.280211,0.0,1,0.0122978942,0.8435572312,0.831145292270415,Train
LAXCUK_clean,8.14792,4.96145,8.14665,0.864341,1801.28,2083.99,0.0118168,0.0136714,0.6332,0.732581,0.0,1,0.0175826356,1.4989348043,1.5355190639831688,Train
LEJCEK_clean,17.20124,11.68232,17.20124,0.334035,1916.36,5737.0,0.0,0.0,0.8616,2.57937,0.0,0,0.0206971309,2.0671116732,1.9387940614478112,Test
LEJZOQ_clean,5.95247,4.56093,5.95247,1.11072,926.808,834.423,0.0,0.0,0.484,0.435754,0.0,1,0.026023385,1.6654926156999998,1.624080040539796,Test
LELDOX_clean,18.13342,6.69424,12.87691,0.621417,2220.07,3572.59,0.0,0.0,0.7588,1.22108,0.0,1,0.0271346233,2.4544092912,2.356888661798584,Train
LEQBUG_clean,14.22812,6.68064,13.72074,0.73218,2183.07,2981.61,0.0,0.0,0.7302,0.997295,0.0,1,0.0581911117,3.6719722375,3.539212692368647,Train
LEQCAN_clean,13.67194,6.45338,13.67194,0.778071,2218.0,2850.64,0.0,0.0,0.719,0.92408,0.0,1,0.0642529704,3.8143305157,3.568377528172263,Test
LEWZET_clean,5.98081,4.39548,5.97981,1.17803,1312.3,1113.97,0.0,0.0,0.5222,0.443281,0.0,0,0.0915617931,3.5248264554000004,3.419298744039521,Train
LIDSAU_clean,5.52729,4.59222,5.52557,1.12251,2012.74,1793.07,0.0,0.0,0.5812,0.517767,0.0,1,0.0902380031,4.4003346088,4.399247792778533,Train
LIDSEY_clean,5.38035,4.73063,5.37764,1.08774,2028.26,1864.66,0.0,0.0,0.5984,0.550133,0.0,1,0.0904321187,4.5035558731,4.419553498205852,Train
LIDSIC_clean,5.88988,4.79787,5.74819,0.995436,2128.35,2138.11,0.0,0.0,0.6234,0.626258,0.0,1,0.0663997975,4.1366634075,3.9268839607802493,Test
LIHKAQ_clean,4.20661,3.40597,4.15918,2.43906,861.502,353.21,0.0,0.0,0.4506,0.184743,0.0,0,0.7176778549,4.0873063045,4.085674269564656,Train
LIRTUC_clean,5.83831,3.6143,5.8313,1.27726,1032.08,808.039,0.0,0.0,0.5346,0.418551,0.0,0,0.0148761313,1.1919293899,1.091296988087205,Train
LOCRUR_clean,5.043,4.16027,5.043,1.07174,1871.72,1746.44,0.0,0.0,0.587,0.547708,0.0,0,0.0316126015,2.4526000506,2.446538352902117,Train
LODTAB_clean,4.98387,4.62619,4.98387,1.23288,2036.05,1651.46,0.0,0.0,0.5874,0.476445,0.0,0,0.0457836546,3.230343276,3.0194333786860694,Test
LOFJAT_clean,11.75384,5.77917,10.9055,0.7403,2339.25,3159.86,0.0,0.0,0.728,0.983385,0.0,1,0.0563451905,3.1963716517000003,3.3367318878865984,Test
LORNEL_clean,6.96325,5.60613,6.9631,1.05672,2615.87,2475.46,0.0,0.0,0.7412,0.701416,0.0,0,0.0081535214,0.7602098205,0.7831606558019175,Train
LOSYAV_clean,4.55984,3.67657,4.54982,1.22852,1180.85,961.195,0.0,0.0,0.5162,0.42018,0.0,1,0.0753702166,3.7067113416,3.4675787168211674,Train
LUDVAH_clean,5.76222,3.92954,5.75675,1.87163,1115.45,595.979,0.0,0.0,0.5392,0.288092,0.0,1,0.0239249288,1.2723587926,1.4142730633926028,Train
LUKLIN_clean,20.05813,9.81608,20.05813,0.466068,1922.41,4124.74,0.0,0.0,0.817,1.75296,0.0,1,0.0245363771,2.3338625575,2.2454020766203326,Train
LURRIA_clean,22.37295,9.74126,15.85817,0.406542,1874.4,4610.6,0.0,0.0,0.8348,2.05341,0.0,1,0.0264176765,2.354844799,2.3770338284993726,Test
LUTZEH_clean,27.97153,12.56634,27.97011,0.560816,1424.55,2540.14,0.0,0.0,0.8216,1.46501,0.0,1,0.013201475,1.2637604972,1.2079381353642824,Train
LUWMUN_clean,10.57457,7.88389,10.57457,0.724012,2075.47,2866.63,0.0,0.0,0.7454,1.02954,0.0,1,0.0236064632,2.0831598176,2.0713413177456963,Train
LUWNAU_clean,10.46973,7.87545,10.46973,0.738468,2086.61,2825.59,0.0,0.0,0.7458,1.00993,0.0,1,0.0240680084,2.0720194899,2.1200477974112393,Train
LUYBIS_clean,8.64392,7.56813,8.64392,1.32804,1594.81,1200.87,0.0,0.0,0.5826,0.438691,0.0,1,0.0858471158,3.1843424877999995,3.4495354208265177,Train
MAJJUF_clean,9.38886,6.3118,6.70875,0.66218,2520.92,3807.0,0.0,0.0,0.7062,1.06648,0.0,1,0.0186864123,1.7932362001,1.7626001746782167,Train
MAQMEZ_clean,6.07852,4.93483,6.07852,1.10025,1440.15,1308.92,0.0,0.0,0.5372,0.488252,0.0,1,0.0678596116,3.0807080017,3.0659396327535573,Train
MIMSIM_clean,10.75813,9.26028,10.75813,1.01792,1232.26,1210.56,0.0,0.0,0.595,0.584524,0.0,1,0.0457751909,1.8095219815,2.1872732835864213,Test
MIZPUI_clean,11.48015,5.54799,11.48015,0.751265,2238.05,2979.04,0.0,0.0,0.6966,0.927235,0.0,1,0.0461398111,2.7876191278,3.133169128455034,Test
MOKVOZ_clean,13.24903,6.01162,13.24903,0.724616,2572.52,3550.19,0.0,0.0,0.738,1.01847,0.0,1,0.0544307264,3.7408941039,3.4656509339067734,Test
MOXBOS_clean,8.77455,8.32709,8.77455,1.39055,1211.67,871.361,0.0,0.0,0.542,0.389775,0.0,1,0.0085672119,0.7887318129,0.7254315912999996,Train
MOXPAR_clean,4.2596,3.69956,3.91407,1.28668,325.715,253.143,152.721,118.694,0.493,0.383155,0.0,1,0.2077155416,3.0298736511,3.09612773686925,Train
MOYZIK_clean,11.27166,9.72629,11.27166,0.630203,2036.29,3231.16,0.0,0.0,0.7776,1.23389,0.0,1,0.0367077829,3.2324298276,2.4509070856553814,Test
MUGXIX_clean,6.18311,3.84627,6.03204,1.11722,1799.74,1610.9,0.0,0.0,0.5848,0.523441,0.0,1,0.0582868437,3.4925077374,3.438884128499716,Train
MUKQUG_clean,11.37507,4.46993,11.2947,0.820023,2214.4,2700.41,0.0,0.0,0.683,0.832903,0.0,1,0.0655014735,3.6776449988,3.572927864868319,Train
MUKRAN_clean,10.80355,3.74031,10.80323,0.902018,2107.1,2335.99,0.0,0.0,0.6572,0.728588,0.0,1,0.0653398052,3.2446999399000003,3.3303014243722595,Train
MULXUO_clean,5.63973,4.20214,5.63973,1.33333,1496.0,1122.0,0.0,0.0,0.5418,0.40635,0.0,1,0.0375859503,2.3971298272,2.281485852415936,Train
MUTCEL_clean,5.85951,3.93163,5.85747,0.998165,1648.55,1651.58,0.0,0.0,0.5924,0.593489,0.0,1,0.0323899278,2.373057796,2.406599949709442,Test
MUVJAP_clean,5.84101,5.24434,5.82161,1.88151,1162.86,618.045,0.0,0.0,0.4892,0.260004,0.0,1,0.0324459115,1.8222966477,1.7116848680468704,Train
MUZKEZ_clean,17.52243,13.2696,17.52243,0.353615,1734.78,4905.83,0.0,0.0,0.8448,2.38904,0.0,1,0.0316421899,2.8694350288,2.7406662462616556,Test
NAHHOW_clean,11.20913,5.76802,11.20913,0.762768,2433.01,3189.71,0.0,0.0,0.7328,0.960711,0.0,1,0.0437279592,3.0977628306,3.1728672208006357,Train
NANPUN_clean,6.54289,4.24913,6.41069,1.18041,2725.22,2308.7,0.0,0.0,0.7086,0.600298,0.0,1,0.007689785,0.7337504484,0.7123026997196644,Train
NATXOW_clean,6.27753,3.98136,5.70385,2.37062,1034.62,436.436,0.0,0.0,0.5084,0.214459,0.0,1,0.008221455,0.6406921768,0.6313375132155161,Train
NAYHAY_clean,9.43032,7.54222,9.43032,1.04574,1938.97,1854.15,0.0,0.0,0.6636,0.634572,0.0,1,0.0133258744,1.2711795928,1.1692546133768498,Test
NEBYOK_clean,5.47437,4.15922,5.45635,1.58777,611.158,384.916,0.0,0.0,0.467,0.294124,0.0,1,0.0151839306,0.8937977855,0.8884005938357247,Train
NEDLOZ_clean,5.19157,3.5955,4.37454,1.44817,1020.62,704.764,0.0,0.0,0.4738,0.327171,0.0,0,0.3473348484,4.3646606158,4.393256025655029,Train
NIKHAS_clean,5.15286,4.051,5.1389,1.29378,835.081,645.456,0.0,0.0,0.4744,0.366676,0.0,0,0.0459764701,2.0616766598,1.896000201266743,Test
NIRFIE_clean,4.91681,4.19541,4.74683,1.50398,326.541,217.118,372.303,247.545,0.4758,0.316361,0.0,1,0.0725577316,1.7325852304,1.8416992549918665,Train
NODKEX_clean,5.07245,4.30959,5.07245,1.09741,1894.95,1726.75,0.0,0.0,0.5778,0.526513,0.0,0,0.0382229049,2.7988411813,2.7448046565144946,Train
NODKIB_clean,5.63153,3.9554,5.61978,1.17451,1015.77,864.844,0.0,0.0,0.5246,0.446654,0.0,0,0.0594311389,2.3583364102,2.5455634251075048,Train
NOMPOW_clean,10.08543,5.68643,10.01287,0.89499,1881.89,2102.69,0.0,0.0,0.632,0.706153,0.0,1,0.0245953676,2.1366775259,2.0701868773712047,Train
NUCPIM_clean,6.80799,4.4618,6.75728,1.08855,2111.95,1940.16,0.0,0.0,0.652,0.598964,0.0,1,0.0779799973,4.6456217272,4.581337520318108,Train
NUDLAB_clean,6.59183,6.26977,6.57302,1.22444,1079.67,881.768,0.0,0.0,0.531,0.433667,0.0,1,0.0231435493,1.6188906534999998,1.6433718135652091,Train
NUDLEF_clean,8.75721,7.78778,8.74627,1.19678,1224.87,1023.47,99.9871,83.5467,0.567,0.473771,0.0,1,0.0202964782,1.5115509056,1.3435935396249066,Test
NUSXEG_clean,23.63664,14.31993,19.5758,0.701228,1663.19,2371.82,0.0,0.0,0.827,1.17936,0.0,1,0.0141170584,1.2676023185,1.3023695031126676,Test
NUVXUZ_clean,23.89274,9.6738,23.89274,0.500285,1776.43,3550.84,0.0,0.0,0.8514,1.70183,0.0,1,0.0111860633,1.0618670456,1.1239292804958843,Test
NUZCIV_clean,7.57732,5.39606,7.57711,1.85198,785.332,424.05,0.0,0.0,0.38,0.205186,0.0,0,0.0235530519,1.1742694279,1.282425260850942,Test
OCILEU_clean,4.58414,3.42916,4.57221,1.15745,652.399,563.652,0.0,0.0,0.5004,0.43233,0.0,1,0.0570771595,2.4534825728,2.3776186299154385,Train
OCIZAD_clean,5.25446,4.2672,5.25048,1.11639,1457.42,1305.47,0.0,0.0,0.522,0.467577,0.0,1,0.0302087733,2.0400425988,2.0386345593928996,Test
OCUMUX_clean,5.1192,3.7079,5.1192,1.29581,1317.84,1017.0,0.689155,0.531833,0.5164,0.398515,0.0,1,0.0222020717,1.6737458553,1.616219139644727,Train
OCUPOS_clean,4.38921,3.97026,4.38921,1.66698,711.745,426.966,0.0,0.0,0.445,0.266949,0.0,1,0.0839762356,2.4766491085,2.410660228074924,Train
OCUTAI_clean,4.9495,3.52882,4.91814,1.71859,1100.33,640.251,0.0,0.0,0.4958,0.288493,0.0,1,0.0369302395,1.8854137057,1.8714519935513159,Test
ODIXIK_clean,6.81688,4.29892,6.81439,1.49389,849.77,568.828,302.861,202.732,0.5408,0.362007,0.0,1,0.0356509717,2.1807498537,1.8860443761209467,Test
OFAMUF_clean,5.59939,4.02992,5.59939,1.54548,471.321,304.968,0.0,0.0,0.3828,0.247691,0.0,1,0.0156354079,0.7119561581999999,0.8370315156805801,Test
OJIWEK_clean,5.59427,3.7203,5.58851,1.22195,1633.54,1336.83,0.0,0.0,0.5402,0.442081,0.0,0,0.1004188448,3.9832478962,4.06440630324117,Train
OLODEA_clean,10.40329,4.10605,10.37784,1.07199,1355.57,1264.53,0.0,0.0,0.5958,0.555788,0.0,0,0.020384336,1.7466244966,1.6083350716588443,Train
OMUMEQ_clean,6.91715,4.85787,6.80515,1.20639,1419.32,1176.5,0.0,0.0,0.5452,0.451927,0.0,1,0.0429169149,2.2706573087,2.4304249628913253,Test
OMUMIU_clean,6.8237,5.05077,6.8237,1.16475,1401.88,1203.6,0.0,0.0,0.5646,0.484741,0.0,1,0.0492854773,2.4798188028,2.638924182535777,Test
ONUJUE_clean,9.03257,8.2459,9.03257,1.20375,1198.02,995.242,19.6744,16.3443,0.5232,0.434643,0.0,1,0.0426829436,2.8954151693,2.708109754454819,Train
OPAHIY_clean,10.04486,7.28733,8.32739,1.10725,1597.55,1442.8,0.0,0.0,0.6074,0.548566,0.0,1,0.0489636508,2.5854265657,2.9313919489646914,Test
OQUFAJ01_clean,11.08356,10.07272,11.08356,1.04241,2157.14,2069.38,0.0,0.0,0.6704,0.643125,0.000575589,1,0.0215933836,1.8178105157,1.8234435796928274,Train
OQUFAJ03_clean,11.0199,9.96279,11.0199,1.02397,2131.01,2081.12,2.80083,2.73525,0.6704,0.654704,0.000390635,1,0.0202112246,1.7046103241,1.706362172935782,Train
OQUFIR_clean,11.25706,10.64391,11.25706,1.25158,1683.65,1345.22,0.0,0.0,0.6192,0.494733,0.000319595,1,0.0363896119,2.0177515653,2.2145675085103487,Test
OSOTIB_clean,11.1654,5.76413,11.16529,0.768695,2412.13,3137.96,0.0,0.0,0.7286,0.947841,0.0,1,0.0415198328,3.1202720148000003,3.040399730234048,Test
OTOZAA_clean,6.85219,5.8161,6.82993,0.945875,2241.09,2369.33,0.0,0.0,0.6656,0.703687,0.0,0,0.1020627043,4.6369866223,4.7253111926342495,Train
OVADAR_clean,5.1368,3.79878,5.1368,1.2109,986.179,814.421,0.0,0.0,0.4988,0.411926,0.0,1,0.0960335219,3.2953498587,3.219634773193599,Train
OVIWOG_clean,6.17675,3.66385,6.16217,3.86628,1048.57,271.209,3.67271,0.949935,0.4996,0.12922,0.0,1,0.0042265545,0.3540310794,0.3332379433932142,Train
OVUVIL_clean,7.08548,5.40816,7.07157,1.2293,1842.78,1499.05,0.0,0.0,0.602,0.48971,0.0,1,0.082465816,4.3608242469,4.105689379774093,Train
OXAMEG_clean,5.69878,4.15176,5.69426,1.30487,1528.5,1171.39,0.0,0.0,0.5762,0.441578,0.0,1,0.0370249514,2.2029287779,2.3201494327609473,Test
OXANOR_clean,6.07888,4.64465,6.07888,1.08032,1892.14,1751.47,0.0,0.0,0.5974,0.552986,0.0,1,0.0502981297,3.2474694636000003,3.1228803490983066,Train
OYAKAC02_clean,10.84931,8.93162,10.8375,1.42421,1898.38,1332.94,0.0,0.0,0.6618,0.464679,0.000140429,1,0.0288941151,2.2822460911,2.026830829172827,Test
OZASOZ_clean,12.0686,4.7874,12.0686,0.713789,1872.2,2622.9,0.0,0.0,0.6712,0.940333,0.0,1,0.0334007483,2.5134438193,2.558299777398801,Train
PALTIH_clean,11.04439,8.71548,11.04439,0.72332,1810.35,2502.84,0.0,0.0,0.6956,0.961677,0.0,1,0.0167914877,1.4758220203,1.5464656566898924,Train
PAQMAY_clean,16.51036,13.08019,16.51036,0.865049,1760.16,2034.75,0.0,0.0,0.7388,0.854055,0.0,1,0.0185317677,1.5873322128,1.5901439250568314,Test
PAQTIM_clean,5.2151,3.68936,5.21444,1.57762,664.94,421.484,0.0,0.0,0.4366,0.276747,0.0,1,0.0382593536,1.2921565356,1.4320269145397742,Train
PAQTOS_clean,5.12845,3.67184,5.12666,1.49187,656.885,440.311,0.0,0.0,0.4242,0.284342,0.0,1,0.0432928011,1.3962084296,1.5477985364229832,Test
PEKVUY_clean,5.42809,3.78005,5.42809,2.82711,1122.0,396.872,0.0,0.0,0.4876,0.172473,0.0,1,0.0373264991,1.4508468169,1.5538237315854335,Test
PEMGEV_clean,5.81147,5.44043,5.81147,1.41497,1048.95,741.327,0.0,0.0,0.4866,0.343895,0.0,1,0.0579710845,2.3699105131,2.3864446523114196,Test
PENNIH_clean,6.3502,4.1996,4.94284,1.08381,1502.1,1385.95,0.0,0.0,0.547,0.504702,0.0,0,0.0313730865,2.1472372812,2.174213193212403,Train
PETWUI_clean,10.45034,5.06084,10.45034,1.57916,2084.61,1320.07,0.0,0.0,0.6474,0.409964,0.000253299,0,0.126232635,4.3785289662,4.390946184035184,Train
PETXAP_clean,13.99523,6.27881,13.98885,1.13186,2079.02,1836.82,0.0,0.0,0.712,0.629056,0.00123691,0,0.0278749129,2.3488527469,1.9653865147183542,Test
PIBPAS_clean,10.02705,9.63343,10.02705,0.905218,1687.34,1864.01,0.0,0.0,0.6458,0.71342,0.0,1,0.0173446618,1.5193991972,1.5423771231352519,Test
PIDNEX_clean,15.32333,11.13291,15.32333,0.488773,1874.4,3834.91,0.0,0.0,0.8254,1.68872,0.0,0,0.0222781478,2.1757065708,2.081121087999684,Train
PIVBEC_clean,13.77076,8.56536,13.77076,0.777047,2136.37,2749.35,0.0,0.0,0.75,0.965193,0.0,1,0.0433369492,3.1600012673,2.9837384700191283,Train
POBGAQ01_clean,13.29282,10.46232,13.28611,0.466279,1667.35,3575.87,0.0,0.0,0.769,1.64923,0.0,0,0.0191713457,1.7746128229,1.742807792215543,Train
POBGAQ_clean,12.10195,9.86984,11.94213,0.53152,1907.5,3588.78,0.0,0.0,0.7308,1.37493,0.0,0,0.0219949078,2.0068632216,1.9884484506441233,Test
POBJIB_clean,4.44888,3.51511,4.44772,1.47992,991.094,669.692,0.0,0.0,0.5136,0.347045,0.0,1,0.2365977224,4.4688680391,4.385978020603671,Train
POCRAB_clean,5.23607,3.48613,5.20368,1.30167,934.815,718.167,0.0,0.0,0.481,0.369526,0.0,1,0.01753662,1.1947093174,1.2042839267375145,Train
PUBROU_clean,10.98616,5.10232,10.98616,0.916508,2445.22,2667.98,0.0,0.0,0.701,0.76486,0.0,0,0.0844859215,4.5635974439,4.513472461856562,Train
PUBSAH_clean,11.33641,4.82375,11.33641,0.84337,2328.1,2760.47,0.0,0.0,0.7052,0.836169,0.0,1,0.040743806,2.5599603892,2.7526681274242315,Train
PUBSEL_clean,11.39413,4.45603,11.39395,0.823222,2176.06,2643.34,0.0,0.0,0.6782,0.823836,0.0,1,0.0590292505,3.2485475203,3.3480878125899785,Train
PUBSIP_clean,11.35974,4.90438,11.35974,0.939411,2072.64,2206.31,0.0,0.0,0.6858,0.730032,0.0,1,0.040584814,2.3547386841,2.5145345167719713,Train
PUBSOV_clean,12.29772,4.40701,12.29772,1.06558,1807.75,1696.49,0.0,0.0,0.6366,0.597423,0.0,1,0.1365833848,4.0720504662,4.07618823246352,Train
PUCKUV_clean,5.10039,3.48814,5.04421,1.9845,773.41,389.725,0.0,0.0,0.4536,0.228571,0.0,0,0.0448664202,1.9557099636,1.7332480509889228,Train
PUMGIP_clean,5.7453,3.83462,5.73601,1.16695,456.507,391.195,576.227,493.787,0.5048,0.432579,0.0,1,0.0497487433,2.2354069453,2.2861531336710055,Test
PUSSEC_clean,6.42822,3.88531,6.41292,2.06161,780.57,378.621,69.1973,33.5646,0.4744,0.230111,0.0,1,0.0105679416,0.6098356248,0.6596944225037342,Train
PUWCIT_clean,9.4503,8.03208,9.44131,0.783125,2001.73,2556.08,0.0,0.0,0.6954,0.88798,0.0,1,0.0217608441,1.9810736206,1.9467091046590381,Train
QAMHAQ_clean,7.11373,6.811,7.11373,1.26887,1254.11,988.366,0.0,0.0,0.5466,0.430777,0.0,0,0.1366090469,3.220754963,3.518430030683197,Train
QAMLEY_clean,11.14892,6.14756,10.82233,0.696915,2278.27,3269.08,0.0,0.0,0.7598,1.09023,0.0,0,0.0299992533,2.4743680296,2.444221691402703,Test
QAPPON_clean,4.75518,3.45443,4.66797,1.42132,625.227,439.891,255.697,179.901,0.5156,0.362761,0.0,1,0.0456053264,2.2293400527,2.2709577728572805,Test
QAVPOU_clean,8.34511,7.17292,8.34511,2.09717,1140.47,543.814,47.5156,22.657,0.5374,0.25625,0.0,1,0.4831337764,3.7051788559,3.726996765864427,Train
QILBUK_clean,12.94588,7.66866,12.94473,0.72242,1683.33,2330.13,0.0,0.0,0.6926,0.958722,0.0,1,0.0292140853,2.2895095771,2.264986875378309,Train
QIWHEL_clean,6.23289,3.57497,6.23289,1.40383,1318.74,939.391,0.0,0.0,0.5748,0.409452,0.0,1,0.0471098497,2.0430352279,2.237891302963811,Train
QIWQES_clean,6.44452,4.39633,6.26218,0.848839,2656.63,3129.72,0.0,0.0,0.6752,0.795439,0.0,1,0.0356524809,3.1310391266,3.053279339702793,Train
QIYDAF01_clean,22.00141,13.57926,22.00141,0.303251,1702.79,5615.12,0.0,0.0,0.8664,2.85704,0.0,1,0.020405154,1.9640738314,1.95511223290075,Test
QOGPIM_clean,12.64784,4.86083,12.64784,0.990851,1164.4,1175.15,1.09776,1.1079,0.5774,0.582731,0.0,0,0.0291799657,1.2506338743,1.8024399177990316,Test
QOTHOY_clean,6.37058,3.75017,6.31599,1.47166,1046.29,710.962,0.0,0.0,0.4758,0.323309,0.0,1,0.0729814228,2.4888396889,2.6082847404354155,Train
QUQGEP_neutral,5.04832,3.46231,5.04832,1.78813,230.047,128.652,0.0,0.0,0.3434,0.192044,0.0,0,0.0024483899,0.1944353094,0.22573782667388453,Train
QUQQOJ_clean,4.48385,3.90246,4.48385,1.73709,680.126,391.531,0.0,0.0,0.355,0.204365,0.0,0,0.0521906095,1.6486183618,1.6916120002433523,Test
QUQZOS_clean,6.02265,4.01043,6.02265,1.66025,709.739,427.49,0.0,0.0,0.3766,0.226834,0.0,0,0.4830597979,2.6444631008,2.6554986416178217,Train
QUSSAA_clean,4.78,3.54213,4.78,1.57799,239.569,151.819,1.50875,0.956125,0.405,0.256656,0.0,1,0.0193599457,0.7471146194,0.7801608772136677,Train
QUSSOO_clean,4.55358,3.93395,4.55358,1.57579,234.822,149.019,76.9833,48.8538,0.4096,0.259933,0.0,1,0.052175524,1.1606135847,1.190746351718146,Train
QUTDAM_clean,11.27758,5.77514,11.27758,0.754326,2377.38,3151.67,0.0,0.0,0.7286,0.965895,0.0,1,0.0396144518,2.7961174856,2.95212285029992,Test
RAHPAT_clean,17.3936,6.5256,17.3936,0.714443,2314.93,3240.19,0.0,0.0,0.7448,1.04249,0.0,1,0.0375036116,3.2393422187,2.831129064515554,Test
RANCEQ_clean,14.1625,12.23837,14.01017,0.445038,1622.66,3646.11,0.0,0.0,0.8192,1.84074,0.0,0,0.0172169003,1.626402299,1.6209995833057913,Train
RAXBOJ_clean,5.29579,3.70027,5.04153,2.43966,1096.49,449.444,0.0,0.0,0.4662,0.191092,0.0,1,0.0070301022,0.5706905043,0.5730614783173975,Train
RAZXIA01_clean,4.8504,3.67082,4.8504,1.69205,830.274,490.692,0.0,0.0,0.422,0.249402,0.0,1,0.0045101663,0.4117704540999999,0.43262051708834903,Train
REHHET_clean,8.42834,7.30081,8.42834,1.12746,2081.49,1846.18,0.0,0.0,0.6604,0.585741,0.0,1,0.05485771,2.7564658733,2.8755600321932437,Train
REHHIX_clean,9.35675,7.76923,9.35675,1.01818,2023.43,1987.3,0.0,0.0,0.682,0.669824,0.0,1,0.0307515077,2.119344886,2.3169854495658253,Test
REHHUJ_clean,8.23485,7.33998,8.22968,1.08218,2034.99,1880.45,0.0,0.0,0.6656,0.615052,0.0,1,0.0395235086,2.3907193239,2.821575738289255,Test
REJLOI_clean,6.4215,4.94372,6.4215,1.82045,781.409,429.241,62.0655,34.0935,0.4872,0.267627,0.0,0,1.2400920312,3.2771394012,3.342571215892894,Train
REKZIR_clean,4.70593,3.52651,4.70593,1.57273,262.668,167.014,0.0,0.0,0.3982,0.25319,0.0,0,0.008612573,0.4500941513,0.4584639353556459,Train
RESDUQ_clean,9.24485,8.42275,9.24485,0.921133,2004.83,2176.48,0.0,0.0,0.7082,0.768836,0.0,1,0.0212621444,1.7918892222999998,1.8260500311585122,Train
RESZIA_clean,7.48231,5.79274,7.48231,1.22218,1603.95,1312.37,0.0,0.0,0.5772,0.472271,0.0,0,0.0646031037,3.4118887589999995,3.491159435095206,Test
RETVIW_clean,4.7226,4.53264,4.7226,2.05578,528.256,256.961,0.0,0.0,0.3428,0.166749,0.0,0,0.0330593975,1.0525255012,1.032629109388967,Train
REXGAE_clean,16.86752,8.38436,16.86674,0.654639,2227.03,3401.91,0.0,0.0,0.7522,1.14903,0.0,0,0.047864537,3.7511084098,3.6266944628945734,Train
RIRDIH_clean,8.39897,4.41455,7.24132,1.53561,1235.4,804.498,0.0,0.0,0.537,0.349697,0.0,1,0.0306400966,1.8186123147,1.7933925199845833,Train
RITGEI_clean,7.34363,6.78558,7.34363,2.03979,1347.27,660.495,0.0,0.0,0.5606,0.274833,0.0,1,0.0062533158,0.5358403772,0.5543292878180379,Train
RITGUY_clean,7.95322,7.17933,7.95063,2.27911,1239.6,543.896,0.0,0.0,0.5128,0.225,0.0,1,0.0074357163,0.5841915991,0.6362937023344897,Train
RIWNAO_clean,9.73357,7.77994,9.73357,1.04203,1469.46,1410.19,0.0,0.0,0.5926,0.568698,0.0,1,0.0163913996,1.3121209377,1.4144224772776774,Train
ROBYOY_clean,6.03272,4.74397,6.03272,1.27285,1432.72,1125.6,0.0,0.0,0.533,0.418745,0.0,1,0.1948718435,4.3166643512,4.217344899060867,Train
ROMMAJ_clean,10.96057,3.9466,10.96057,0.96925,2139.32,2207.19,0.0,0.0,0.6522,0.672892,0.0,1,0.0651399919,3.1702746885,3.311007071785938,Test
RONSOE_clean,5.16012,4.53444,5.16012,1.3403,741.014,552.871,0.0,0.0,0.4724,0.352458,0.0,1,0.0537647058,1.6820129627,1.870998814582878,Test
RUBTAK04_clean,8.73929,3.8669,8.73929,1.62446,1658.83,1021.16,0.0,0.0,0.5686,0.350023,0.000123118,0,0.0636998385,2.9739253326,2.973942247084043,Train
RUBTAK06_clean,8.7342,3.8432,8.7342,1.62392,1647.74,1014.66,0.0,0.0,0.5664,0.348785,0.000123158,0,0.0649863492,3.0146758272000005,3.0136002603508514,Train
RUBTAK07_clean,8.72079,3.85677,8.72079,1.62392,1649.19,1015.56,0.0,0.0,0.5662,0.348662,0.000123158,0,0.0651504778,3.0034362392,3.012737383896969,Train
RUBTAK08_clean,8.7506,3.87613,8.7506,1.62628,1652.91,1016.38,0.0,0.0,0.5644,0.347051,0.00012298,0,0.0636109653,3.0033444992,2.959414163436663,Test
RUBTAK09_clean,8.7392,3.86679,8.7392,1.61914,1660.3,1025.42,0.0,0.0,0.5678,0.35068,0.000123522,0,0.0656794165,3.0238433805,3.022976507849378,Train
RUFPUF_clean,20.40507,9.35997,20.29085,0.359492,1749.6,4866.88,0.0,0.0,0.8282,2.30381,0.0,1,0.0163430197,1.7250384961,1.6394189030198283,Test
RUFZOJ_clean,11.51038,11.00419,11.51038,0.791669,2046.48,2585.02,0.0,0.0,0.7196,0.908965,0.0,1,0.0222991944,1.7747380018,1.8786758502329868,Train
SABFUX_clean,6.52911,4.84223,6.42802,0.711336,2529.9,3556.55,0.0,0.0,0.724,1.0178,0.0,0,0.0172603848,1.6073427857,1.5381539454744304,Train
SAJHUJ_clean,6.4139,3.72776,6.34123,1.44908,755.301,521.226,133.822,92.3491,0.5074,0.350152,0.0,0,0.0859455265,2.5497510541,2.53512207334368,Train
SAJRAW11_clean,6.97897,5.6407,6.97897,1.04077,2621.69,2519.0,0.0,0.0,0.728,0.699485,0.0,0,0.0083313686,0.7835006622,0.7844114947475376,Train
SAKNOJ_clean,15.48179,8.59456,15.48179,0.827341,1070.73,1294.18,649.279,784.778,0.7024,0.848985,0.0,1,0.0311203592,2.5850506835,2.5202581769590595,Train
SALROO_clean,8.67978,6.03579,8.67978,1.44387,1169.53,809.996,0.0,0.0,0.528,0.365683,0.0,0,0.0856705718,2.6320861954,2.7577562233482418,Train
SALRUU_clean,5.91203,3.84839,5.91203,1.89218,897.906,474.535,26.6841,14.1023,0.5394,0.285068,0.0,1,0.0281463006,1.724564279,1.6448282021094403,Train
SAMVIO_clean,7.6401,7.16451,7.6401,1.03687,1572.96,1517.02,0.0,0.0,0.6052,0.583678,0.0,0,0.0244790216,2.069091945,2.1060439234013373,Train
SAPHOI_clean,7.22635,3.6325,7.22635,1.12288,1450.11,1291.42,116.271,103.547,0.6152,0.547876,0.0,1,0.0735858875,3.416669691,3.3818237065186967,Train
SARPIL_clean,6.09702,4.59857,6.00864,0.925107,3214.55,3474.79,0.0,0.0,0.7256,0.784342,0.0,1,0.0418826819,3.549301809,3.4938290283105147,Train
SEHMUO_clean,5.30907,3.99675,5.30907,1.52316,1317.75,865.142,3.37005,2.21254,0.567,0.372253,0.0,1,0.0056941601,0.4977750432,0.4947351897516361,Train
SEHNEZ_clean,5.25288,3.93402,5.25288,1.60089,1259.27,786.607,0.906546,0.566275,0.553,0.345433,0.0,1,0.0073256646,0.6200603476,0.6260349309476911,Train
SENQAE_clean,3.72532,3.51549,3.72532,2.76591,299.271,108.2,0.0,0.0,0.4234,0.153078,0.0,1,0.6959135709,2.4678327286000004,2.4423019781968973,Train
SERWIX_clean,5.07507,4.00874,5.06633,0.83188,1576.83,1895.5,14.3781,17.2839,0.6032,0.725105,0.0,1,0.0670286223,4.0734655891000005,4.06285659024846,Train
SESLUZ_clean,5.3028,4.79056,5.23858,2.17471,1211.49,557.081,0.0,0.0,0.5374,0.247113,0.0,1,0.0379332729,1.8125843044,1.7297893362198125,Test
SEZPIY_clean,4.97649,3.71436,4.80086,1.82817,1160.84,634.973,0.0,0.0,0.5496,0.300629,0.0,0,0.0925591938,2.843355889,2.92695017793275,Train
SINLAE_clean,6.69716,5.18096,6.69716,1.19378,889.708,745.285,0.0,0.0,0.5462,0.457538,0.0,1,0.0198755767,1.2576222214,1.3494019424533596,Test
SIVGAH_clean,5.64759,3.74556,5.63124,1.14128,1695.81,1485.89,0.0,0.0,0.6038,0.529056,0.0,0,0.0504632249,3.2174346824,3.1896304012984373,Train
SOKXOH_clean,22.96741,14.74434,21.68942,0.423627,1862.02,4395.43,0.0,0.0,0.8094,1.91064,0.0,1,0.0245444018,2.1556879605000003,2.2459994672429473,Test
SOPLIU_clean,8.00418,6.00384,7.95536,0.793634,2093.66,2638.07,0.0,0.0,0.6836,0.861354,0.0,1,0.0276550705,2.4255530086,2.4080332340615795,Train
SUNLAP_clean,15.71173,14.36824,15.70209,0.304225,1659.94,5456.29,0.0,0.0,0.8758,2.87879,0.0,1,0.0234102342,2.2052929788,2.2142121526798157,Train
SUPQAW_clean,12.03938,6.80096,12.03938,0.533609,2437.56,4568.06,0.0,0.0,0.7952,1.49023,0.0,1,0.0221133384,2.2029479075,2.10716894973229,Train
SURHEU01_clean,8.7439,3.85039,8.7439,1.61905,1664.15,1027.86,0.0,0.0,0.5698,0.351935,0.000123529,0,0.0672461643,3.0437624362,3.0456611061431573,Train
SURHEU02_clean,8.70584,3.84457,8.70584,1.62392,1646.48,1013.89,0.0,0.0,0.566,0.348539,0.000123158,0,0.0659159338,3.0133900333,3.0252638553251,Test
SURHEU_clean,8.75392,3.85708,8.75392,1.61914,1667.04,1029.58,0.0,0.0,0.569,0.351421,0.000123522,0,0.0670024798,3.1074264387,3.0479738215308734,Test
SURKUN_clean,8.75193,3.87567,8.75193,1.61914,1674.22,1034.02,0.0,0.0,0.5708,0.352533,0.000123522,0,0.0655496903,3.0089779108,3.041269960362307,Train
TAPLED_clean,7.07448,3.50364,7.07448,0.974588,1203.79,1235.18,0.0,0.0,0.5756,0.590608,0.0,1,0.0216035478,1.7254580993000002,1.7831111433899323,Test
TATSAK_clean,6.11386,4.64051,6.10962,1.23527,1692.68,1370.29,0.0,0.0,0.5696,0.461113,0.0,1,0.0396759864,2.6610202646000003,2.555872522909124,Train
TAZLAJ_clean,11.18983,6.92715,11.18534,1.0698,2252.1,2105.17,0.0,0.0,0.7314,0.683682,0.0,1,0.0243171934,1.6525352926,1.7656000301189714,Train
TAZLEN_clean,11.08754,7.14784,11.07704,1.04748,2269.71,2166.83,0.0,0.0,0.7294,0.696338,0.0,1,0.0246694888,1.7088253848,1.7952730203613954,Train
TEPJAB_clean,6.67857,6.1782,6.67857,1.3299,1357.69,1020.89,0.0,0.0,0.5186,0.389953,0.0,1,0.3104179719,5.373045651699999,5.255998999544866,Train
TEQLIM_clean,10.57747,9.21067,10.57747,0.779734,1974.44,2532.19,79.8475,102.404,0.7166,0.919031,0.0,1,0.0346921028,2.1106785153,2.4282675441339436,Test
TEQPEM_SL,17.25569,8.09715,17.25569,0.556792,2001.58,3594.84,0.0,0.0,0.8118,1.45799,0.0,0,0.0177622192,1.6373498381,1.6661533025341282,Test
TEQVOC_clean,5.38838,3.99776,5.38838,1.49315,564.33,377.946,0.0,0.0,0.462,0.309413,0.0,1,0.0096327828,0.6164966088,0.62152351846067,Train
TERFED_clean,4.51281,3.91001,4.51281,1.28172,1102.17,859.911,0.0,0.0,0.5092,0.397278,0.0,1,0.0561265689,2.8295034432,2.861009348542313,Train
TILWEQ_clean,6.50092,5.08477,6.48929,1.07548,2661.96,2475.15,0.0,0.0,0.732,0.680628,0.0,1,0.0089315157,0.8229170525,0.8390201953018452,Train
TIMMEI_clean,4.14172,3.70815,4.13635,1.81907,447.316,245.904,0.0,0.0,0.3944,0.216814,0.0,1,0.0566027826,1.6943595013,1.6851797885595845,Train
TIPZOJ_clean,4.94343,3.60013,4.89104,2.53459,858.107,338.559,0.0,0.0,0.4532,0.178806,0.0,1,0.0068244526,0.5057346425,0.4923308018227177,Train
TIPZUP_clean,4.42426,3.78879,4.41806,2.68502,271.798,101.228,0.0,0.0,0.3626,0.135046,0.0,1,0.0081569417,0.3845819361,0.3885635676336008,Train
TIVYAZ_clean,7.74101,6.53754,7.72929,0.889175,2037.11,2291.01,0.0,0.0,0.6704,0.753957,0.0,1,0.021289071,1.9158580737,1.846278277312328,Test
TOFLIL_clean,6.43035,3.58774,6.40263,1.17796,1255.08,1065.47,0.0,0.0,0.5356,0.454684,0.0,1,0.0366147897,2.3335554974,2.1624510633302556,Test
TOHDAX_clean,7.20792,4.54762,7.18428,2.94358,462.695,157.188,0.0,0.0,0.3644,0.123795,0.0,0,0.1771889321,1.0153317561,1.0271944782534868,Train
TORXEE_clean,7.86941,5.48239,7.69217,1.35028,2044.61,1514.21,0.0,0.0,0.6322,0.468199,0.0,0,0.3981799857,7.3372801089,7.296000788054043,Train
TOTVEF_clean,6.00697,5.10202,6.00697,2.05406,380.973,185.473,0.0,0.0,0.3726,0.181397,0.0,0,0.0112688711,0.4347910547,0.4688686900315575,Train
TUWFUN_clean,8.62108,7.43537,8.53874,2.06451,1144.69,554.462,53.991,26.152,0.5416,0.262339,0.0,1,0.5075726674,3.6623111314,3.6166408072513905,Train
UBACUX_clean,7.27569,3.40268,7.27569,1.19506,1324.35,1108.19,0.0,0.0,0.5504,0.460564,0.0,1,0.0221969301,1.6955569529,1.533229850326743,Test
UCAJUF_clean,14.57882,8.27004,14.57002,0.828014,1665.84,2011.86,0.0,0.0,0.6674,0.806025,0.0,1,0.0226431203,1.8420400358,1.9159585224511404,Test
UDAMET_clean,11.69192,5.63198,11.69192,1.6473,2524.33,1532.4,0.0,0.0,0.7696,0.467189,0.0,0,0.0027924103,0.2635751105,0.28855983775452954,Train
UDANIY_clean,23.87987,23.45836,23.87987,0.417441,1745.24,4180.81,0.0,0.0,0.8514,2.03957,0.0,1,0.0224869156,2.059794568,2.1217214554085833,Train
UDIQII_clean,5.3997,3.7276,5.38981,1.60552,1283.87,799.661,0.0,0.0,0.5344,0.332851,0.0,1,0.0168221393,1.1878427429,1.2652312027195574,Train
UFEXOT_clean,5.24877,5.07012,5.24877,2.41392,1168.03,483.873,0.0,0.0,0.46,0.190561,0.0,1,0.0194824249,1.1885313801,1.1498406030902242,Train
UGEMOK_clean,14.34298,9.58261,14.33743,0.489073,1953.45,3994.18,0.0,0.0,0.8062,1.64842,0.0,1,0.0237246548,2.3348175242,2.2323843683607008,Train
UJEGUL_clean,6.0532,4.88486,6.0532,1.5961,1140.46,714.525,0.0,0.0,0.4812,0.301484,0.0,1,0.0721807307,2.6511658915000003,2.624203858302415,Train
UKIQUB_clean,13.62192,8.69235,13.61731,0.709108,2139.96,3017.82,0.0,0.0,0.7494,1.05682,0.0,1,0.0418318166,3.231616384,2.9155553981616324,Test
UKOLOV_clean,5.31372,3.9852,5.29181,1.76596,1661.67,940.942,0.0,0.0,0.5196,0.29423,0.0,0,0.0967605398,3.0311073712,3.1091989903065462,Train
ULOKEN_clean,8.69136,6.12819,8.69136,1.41245,1732.73,1226.76,0.0,0.0,0.648,0.458778,0.0,0,0.0114379993,1.0273648989,1.0194246486107523,Train
ULOKOX_clean,8.64627,5.79102,8.63931,1.45123,1704.6,1174.59,0.0,0.0,0.6308,0.434666,0.0,0,0.0126209254,1.0675971838,1.058121037608405,Test
ULOKUD_clean,8.99985,5.9392,8.99985,1.59852,1738.06,1087.3,0.0,0.0,0.6478,0.40525,0.0,0,0.0131620911,1.1344821467,1.071095246053241,Train
UMIZIB_clean,6.17523,5.02799,6.17017,1.45638,1635.51,1123.0,0.0,0.0,0.5482,0.376414,0.0,1,0.0281072405,1.8778709572,1.9766379299439085,Test
UMOYOM01_clean,8.8085,5.25892,8.77749,0.621878,2962.67,4764.07,0.0,0.0,0.7408,1.19123,0.0,1,0.0304487277,2.8503842791000005,2.663092282836062,Test
UMOYOM02_clean,8.68301,5.26839,8.68301,0.613738,2959.15,4821.52,0.0,0.0,0.7366,1.20019,0.0,1,0.029924058,2.7689293118,2.6620369292978703,Test
UMOYOM04_clean,9.1769,5.34749,9.1769,0.570426,2833.6,4967.52,0.0,0.0,0.7508,1.31621,0.0,1,0.0264931525,2.4717303413,2.458323130382848,Train
UMOYOM09_clean,9.17279,5.31913,9.17279,0.580043,2871.76,4950.95,0.0,0.0,0.7526,1.29749,0.0,1,0.0271388045,2.5243372109,2.5521441748890186,Train
UMOYOM12_clean,10.19907,5.488,10.19907,0.599366,2923.9,4878.33,0.0,0.0,0.7518,1.25433,0.0,1,0.0317957059,2.8579506759,2.8303491964745167,Train
UMOYOM14_clean,7.70148,5.09259,6.16713,0.70962,2883.03,4062.77,0.0,0.0,0.6922,0.975452,0.0,1,0.0409484137,3.4306459859,3.4217317285013595,Test
UMOYOM15_clean,7.15478,5.03775,6.09393,0.736061,2757.31,3746.04,0.0,0.0,0.6812,0.925467,0.0,1,0.042224418,3.4550338844,3.3970339252311934,Test
UMOYOM18_clean,7.82903,4.99743,6.01083,0.808894,2359.81,2917.33,0.0,0.0,0.6612,0.817412,0.0,1,0.0479565971,3.6249487564,3.6359648781367317,Train
UMOYOM_clean,8.83339,5.23908,8.83268,0.625162,2968.14,4747.79,0.0,0.0,0.7388,1.18177,0.0,1,0.031343051,2.8714306877,2.7914293939599393,Test
UNACES01_clean,10.38875,3.81692,9.82399,1.06757,1652.24,1547.67,0.38238,0.358178,0.625,0.585442,0.0,0,0.114025859,4.6985823409,4.775674003463702,Train
UNIFII_clean,17.37115,8.63776,17.37115,0.586277,2129.19,3631.71,0.0,0.0,0.7812,1.33248,0.0,0,0.048981468,4.0332763805,3.6330053990135935,Test
UQETOB_clean,15.46668,6.67243,15.45862,0.75459,2172.96,2879.66,0.0,0.0,0.7356,0.974835,0.0,1,0.0343056825,2.6252419447,2.625328633666673,Train
USAHAZ_clean,10.72389,9.68617,10.71468,0.687876,2071.59,3011.58,0.0,0.0,0.7326,1.06502,0.0,0,0.0268052863,2.4861572906,2.291863719451118,Test
UTULEB_clean,5.58337,4.79072,5.5596,1.57279,1503.83,956.154,0.0,0.0,0.6132,0.38988,0.0,0,0.0463610884,2.3799148785,2.4670416949902494,Test
UVUDEW_clean,6.20906,3.77817,6.20895,1.42467,471.884,331.225,0.0,0.0,0.4216,0.295929,0.0,1,0.0078747941,0.4831832642999999,0.5196015730248076,Train
UXACAY_clean,5.42504,4.97343,5.42504,1.96219,875.799,446.337,0.0,0.0,0.4652,0.237082,0.0,1,0.0045590889,0.4115727139,0.3867448888563918,Train
UYAMOY_clean,5.8975,3.62321,5.8791,1.25938,1494.83,1186.95,0.0,0.0,0.5682,0.451174,0.0,1,0.0510871812,2.8757671208,2.80245222409894,Train
VABKAN_clean,25.15545,13.83989,25.12929,0.397099,1646.09,4145.29,0.0,0.0,0.8436,2.12441,0.0,1,0.0310404601,2.7913537955,2.642461593113843,Test
VABKER_clean,25.48776,13.70158,25.4679,0.386827,1629.94,4213.63,0.0,0.0,0.8474,2.19064,0.0,1,0.0313918501,2.8978323048,2.6856173615767003,Test
VAJVEJ_clean,4.35318,3.61073,4.35318,1.60792,480.24,298.672,0.0,0.0,0.4216,0.262203,0.0,0,0.0966935351,2.0676443198,2.1525428771302675,Train
VAKLIF_clean,8.6135,7.01422,8.60784,0.699177,2542.49,3636.41,0.0,0.0,0.7356,1.05209,0.0,0,0.0303938106,2.6598644384,2.6185792151245666,Train
VAKNAZ_clean,6.16822,4.1914,6.16041,0.853713,2759.78,3232.68,0.668484,0.783032,0.701,0.821119,0.0,1,0.025844193,2.2999898014,2.2132888275753504,Test
VAMYEQ_clean,10.0339,6.95835,10.02217,0.642755,2514.17,3911.56,0.0,0.0,0.7686,1.19579,0.0,1,0.0215980947,2.0309231171,2.041054519502329,Train
VAMYUG_clean,10.04314,6.94027,10.02007,0.640476,2529.62,3949.59,0.0,0.0,0.7656,1.19536,0.0,1,0.021891762,2.0850225331,2.060763297045447,Test
VARHON_clean,6.75056,3.96368,6.747,0.886506,2055.95,2319.17,0.0,0.0,0.618,0.697119,0.0,0,0.0369506444,3.2073200529,3.051131562847618,Train
VARJAB_clean,6.78948,3.75665,6.78948,0.974046,1905.16,1955.93,0.0,0.0,0.5918,0.607569,0.0,0,0.0929873899,5.634857265599999,5.645611499911562,Train
VEJZIU_clean,12.34505,7.48961,12.34505,0.843457,1880.34,2229.33,0.0,0.0,0.7078,0.839165,0.0,0,0.0185481328,1.7288603502000002,1.606660841617857,Train
VELBAQ_clean,8.45052,7.3406,8.18626,0.767479,2121.67,2764.47,0.0,0.0,0.657,0.856049,0.0,1,0.027578247,2.2447237154,2.3862034622010246,Train
VELVOY_clean,11.39286,3.40894,11.39286,0.949095,1469.34,1548.15,0.0,0.0,0.625,0.658522,0.0,0,0.0218209744,1.9377176831,1.9452933505693715,Test
VEYREY_clean,13.03513,6.48008,13.03513,0.965562,1553.99,1609.42,0.0,0.0,0.6024,0.623886,0.0,1,0.0217336568,1.8125336967,1.751619110803583,Test
VIDJID_clean,10.67429,9.81504,10.67429,0.700095,2177.13,3109.76,0.0,0.0,0.7556,1.07928,0.0,1,0.0524053121,3.4249137234,3.3225651160203746,Train
VIDWIQ_clean,4.24829,3.73039,4.24829,1.1789,1222.26,1036.79,0.0,0.0,0.5174,0.438885,0.0,1,0.1048814956,4.0980535363,4.026002109433344,Train
VIGDIY_clean,4.82892,4.12995,4.82892,1.46465,383.946,262.141,174.084,118.857,0.4494,0.30683,0.0,1,0.0127140041,0.8447432173,0.8227684009672296,Train
VIJNIN_clean,13.61846,3.80879,13.61846,1.36353,1619.99,1188.09,0.0,0.0,0.651,0.477438,0.0,1,0.1774238622,5.4344122036,5.380938669113099,Train
VIWRAW_clean,18.47685,6.99909,18.46157,1.33324,1894.12,1420.69,0.0,0.0,0.773,0.579791,0.0,1,0.007840579,0.7120965923999999,0.6896492731700554,Train
VIXPUP_clean,10.93218,6.45029,10.92123,0.719071,2360.22,3282.31,0.0,0.0,0.7418,1.03161,0.0,1,0.0280075748,2.2209826773,2.3733550410780744,Test
VOLRAQ01_clean,16.89388,11.18221,11.76527,0.561351,1860.71,3314.7,0.0,0.0,0.8394,1.49532,0.0,1,0.0149064496,1.4105035224,1.4452619513084755,Train
VONROH_clean,4.19663,3.48452,4.18843,1.78125,717.81,402.982,0.0,0.0,0.4498,0.25252,0.0,0,0.0159353653,1.2513677182,1.1130782514149353,Test
VONRUN_clean,4.1199,3.4264,4.1125,1.98175,599.261,302.39,0.0,0.0,0.3996,0.20164,0.0,0,0.03603347,1.9334268907,1.7939607765550876,Train
VORHER_clean,12.85349,6.70722,12.85349,1.05413,1269.54,1204.35,279.236,264.897,0.6238,0.591768,0.0,1,0.0557079022,2.6628092569,2.067517674071368,Test
VOSVEG_clean,10.99131,5.30484,10.99131,1.00093,1319.63,1318.4,0.0,0.0,0.5658,0.565276,0.0,1,0.0469031348,2.3716700077,2.3652120023617873,Test
VOSWIL_clean,8.9893,8.47778,8.9893,1.37751,1084.84,787.534,0.0,0.0,0.5664,0.411177,0.0,1,0.0112861217,1.0033386669,0.9036797092474322,Train
VOXTUZ_clean,5.52627,4.64994,5.48747,1.37374,1663.89,1211.21,0.0,0.0,0.5974,0.434871,0.0,0,0.1546944286,5.5635664564,5.327246373709713,Train
VOXVAH_clean,5.92871,5.26453,5.92106,1.32162,1764.11,1334.81,0.0,0.0,0.577,0.436585,0.0,0,0.085335153,4.318510282,4.219485597309955,Train
VUJBIM_clean,18.70668,6.62188,18.70668,0.560742,2180.91,3889.33,0.0,0.0,0.7898,1.40849,0.0,1,0.0249380296,2.1888509655,2.2918014156967286,Test
VUKSIF_clean,5.75842,4.01754,5.72554,1.25557,1414.52,1126.59,0.0,0.0,0.5766,0.459233,0.0,1,0.0467201326,2.7693317824,2.6168046738014525,Test
VUMBOW_clean,6.23579,5.49714,6.23579,1.58729,766.396,482.833,0.0,0.0,0.4186,0.26372,0.0,1,0.0134516392,0.8794336417,0.8839257216286702,Train
VUWROW_clean,7.68342,6.19716,7.66529,1.06352,2246.75,2112.57,0.0,0.0,0.6738,0.633558,0.0,1,0.0491177858,3.7078139095,3.5032680834449104,Train
WAGQAY_clean,23.95302,15.31723,23.95302,0.391691,1362.13,3477.56,0.0,0.0,0.858,2.1905,0.0,1,0.0216424839,2.0394516576,1.9903109247450876,Test
WAHDIT_clean,5.64465,5.55803,5.64465,1.60299,480.063,299.48,0.0,0.0,0.2714,0.169309,0.0,1,0.0070596519,0.4525611999,0.44682126364645414,Train
WAHROP_clean,5.95888,4.93789,5.95575,1.04375,1513.2,1449.77,0.0,0.0,0.5402,0.517556,0.0,1,0.06329786,2.6804713192,2.9999021102971,Train
WAKTOS_clean,5.69222,4.43155,5.69222,2.83189,703.861,248.548,0.0,0.0,0.4318,0.152478,0.0,1,0.0035754759,0.265243095,0.2486368873827658,Train
WAMRIN02_clean,7.24883,5.55813,7.22701,0.963729,1535.75,1593.55,0.0,0.0,0.587,0.609093,0.0,1,0.056672985,3.7632523735,3.1458961214735544,Test
WANBIY_clean,8.87322,5.80038,8.86083,3.31848,884.025,266.395,0.0,0.0,0.4252,0.128131,0.0,1,0.0016676202,0.1559498919,0.1308271763436888,Train
WANHAX_clean,11.35423,3.67445,11.35423,1.10812,1929.78,1741.49,0.0,0.0,0.6346,0.572682,0.0,1,0.0703076269,3.0223598034,3.083198956252734,Train
WANHEB_clean,11.27878,4.48127,11.27878,0.837758,2209.49,2637.39,0.0,0.0,0.6896,0.82315,0.0,1,0.0548074665,3.1820752507,3.193935047677047,Train
WANHOL_clean,11.33875,4.69312,11.33857,0.842421,2322.16,2756.54,0.0,0.0,0.7046,0.836399,0.0,1,0.0431852437,2.7163292271,2.9317646820270875,Test
WANHUR_clean,11.34841,4.3749,11.34841,0.826694,2186.19,2644.5,0.0,0.0,0.6798,0.822311,0.0,1,0.066295293,3.6721024689,3.554034651598851,Train
WANKOO_clean,5.43736,3.9967,5.34183,2.07196,667.58,322.197,0.0,0.0,0.439,0.211877,0.0,1,0.0073434274,0.5088002606,0.48943943336891915,Train
WANNEH_clean,4.79977,4.11571,4.78874,1.39327,642.346,461.037,0.0,0.0,0.4326,0.310494,0.0,0,0.1262395213,2.1072627267,2.303898670580671,Train
WANNIL_clean,4.60008,4.02922,4.60008,1.40928,601.135,426.556,0.0,0.0,0.4274,0.303276,0.0,0,0.1121157789,2.1141833874,2.2327080927232243,Train
WAPTAL_clean,6.59501,4.67756,6.50224,3.15641,1845.41,584.655,0.0,0.0,0.5866,0.185844,0.0,1,0.0023012456,0.2216061818,0.21744833041570466,Train
WAPTEP_clean,6.48524,4.68827,6.48524,3.20545,1822.68,568.619,0.0,0.0,0.5808,0.181191,0.0,1,0.0024721844,0.2263055785,0.24542782871817415,Train
WAPTIT_clean,6.42774,4.61196,6.42774,3.24584,1787.43,550.682,0.0,0.0,0.5752,0.177211,0.0,1,0.0024128604,0.2261667664,0.22060240293724132,Train
WARFAY05_clean,7.95711,5.4342,7.9468,1.06291,2099.4,1975.14,0.0,0.0,0.6506,0.612092,0.0,1,0.0816415868,5.1576998891,5.069343408182215,Train
WARFAY06_clean,8.02332,5.50953,8.02332,1.05728,2113.47,1998.98,0.0,0.0,0.6526,0.617247,0.0,1,0.0808169243,5.1929064612,5.12274529836283,Train
WASMUB01_clean,9.01624,7.94736,9.01599,1.23478,1409.74,1141.69,0.0,0.0,0.5354,0.4336,0.0,0,0.186780755,4.1993290731,4.191910395943124,Train
WAVQIV_ion_b,9.9978,7.95845,9.98195,0.747982,2000.14,2674.04,0.0,0.0,0.7406,0.990131,0.0,0,0.0111764301,1.0920639314,1.0969901334228906,Train
WAVRES_clean,14.9385,4.22033,14.9385,1.02521,1957.71,1909.57,0.0,0.0,0.681,0.664253,0.0,1,0.0561485247,3.348794688,3.246986689892096,Train
WAVRIW_clean,14.37017,4.23835,14.37017,0.932664,1895.07,2031.89,0.0,0.0,0.6684,0.716657,0.0,1,0.0865983733,4.436466558,4.372285645828754,Train
WAZQIZ_clean,5.13597,3.56044,4.95178,1.22527,1000.27,816.366,27.2269,22.2211,0.4862,0.396809,0.0,1,0.0262691189,1.7301144431,1.7556739935488266,Test
WEBJIY_clean,16.85961,16.29058,16.85961,0.987245,2036.71,2063.02,0.0,0.0,0.69,0.698915,0.0,1,0.0405659919,2.823591825,2.77248860433435,Train
WEBJUK_clean,18.31229,16.60062,18.31229,0.879226,2151.59,2447.14,0.0,0.0,0.7156,0.813897,0.0,1,0.037580395,2.7985038872000003,2.698579067954957,Train
WEBKAR_clean,6.58265,5.73847,6.58265,0.935373,2650.07,2833.17,0.0,0.0,0.714,0.763331,0.0,1,0.0216677157,1.974479013,1.991292413499521,Train
WETPES_clean,11.77316,5.55523,10.53677,0.739178,2326.74,3147.73,0.0,0.0,0.723,0.978114,0.0,1,0.0528819738,3.1795943431,3.296445243463512,Train
WEXSEZ_clean,10.86576,4.1334,10.86576,1.02008,1886.77,1849.62,0.0,0.0,0.6346,0.622107,0.0,1,0.047312217,3.1579761178,3.0086049702506834,Train
WIKGII_clean,9.6009,5.08261,9.6009,1.17729,1491.03,1266.49,0.448003,0.380537,0.5982,0.508115,0.0,1,0.010101394,0.9101411627,0.9295209968598177,Train
WIKLOT_clean,7.19858,6.30301,7.18221,1.72847,1512.87,875.263,0.0,0.0,0.6126,0.354417,0.0,1,0.0119720401,1.0488177477,1.0212213098806369,Train
WIRMUH_clean,6.40693,3.94167,6.40005,1.39129,1423.49,1023.14,0.0,0.0,0.589,0.423347,0.0,1,0.0316949012,1.8806391045,2.009614561403988,Test
WIRNAO_clean,4.60036,4.13679,4.36405,1.42758,1221.11,855.37,0.0,0.0,0.5356,0.375181,0.0,1,0.05374772,2.7188003548000004,2.836780004810924,Test
WIWKIX_clean,4.99549,4.15902,4.98439,1.15851,933.473,805.753,15.0963,13.0308,0.5306,0.458002,0.0,0,0.0813814477,3.3367146742,3.23768030662423,Train
WODREO_clean,5.44215,4.30539,5.37431,1.11963,1253.26,1119.35,133.185,118.955,0.53,0.473371,0.0,1,0.0895335041,3.1850607763,3.2055833113156766,Train
WOLROF_clean,12.0686,6.65136,12.0686,0.914878,2088.61,2282.94,0.0,0.0,0.7304,0.798358,0.000218608,1,0.0212441907,1.7851710433,1.7467258127294232,Train
WONBAD_clean,5.26924,4.23427,4.80256,1.90066,2151.09,1131.76,0.0,0.0,0.5702,0.300001,0.0,1,0.0908539079,3.6433232531,3.6314447957027225,Train
WOYWIS_clean,7.51192,4.80683,7.51192,1.08065,1227.66,1136.03,0.0,0.0,0.5226,0.483596,0.0,1,0.0622875471,2.5812574059,2.4459763456842842,Test
WOYWOY_clean,5.91166,4.30758,5.61164,1.12104,1432.33,1277.68,0.0,0.0,0.5304,0.473134,0.0,1,0.121122706,3.1466342336,3.446942338141238,Train
WUGPUL_clean,11.44375,6.32835,11.44375,0.724468,2369.18,3270.23,0.0,0.0,0.743,1.02558,0.0,1,0.040487036,3.1385105624,2.9406419993369775,Train
WUJPIC_clean,6.8358,6.48385,6.8358,1.24403,1197.74,962.797,0.0,0.0,0.5018,0.403368,0.0,0,0.0490550592,2.7506643775,2.6384975204533636,Test
WUTCET_clean,6.18745,5.18464,6.17096,1.11984,1387.44,1238.96,0.0,0.0,0.5566,0.497034,0.0,0,0.0496103495,2.5625140096,2.6992781228243334,Train
XAKLIH_clean,6.02466,3.88519,6.02146,1.3674,1040.09,760.632,0.0,0.0,0.5138,0.375749,0.0,1,0.1189377729,3.2021727401,3.228489613582634,Train
XAKZEP_clean,11.84752,7.82774,11.74488,0.869535,1611.99,1853.86,0.0,0.0,0.6302,0.724755,0.0,1,0.0323968586,2.0405752832,2.161154433852712,Train
XANMUX01_clean,7.00841,6.87174,7.00841,1.1901,1390.91,1168.73,0.0,0.0,0.6142,0.516091,0.0,0,0.0166755673,1.4659592199,1.5173536006048542,Test
XANMUX02_clean,7.02628,6.85841,7.02628,1.18485,1425.51,1203.11,0.0,0.0,0.615,0.519053,0.0,0,0.0164897084,1.4713165549,1.5073289725433394,Train
XANMUX03_clean,7.92851,7.20939,7.92851,0.942982,1648.65,1748.33,0.0,0.0,0.6634,0.703513,0.0,1,0.0202371276,1.8807874528,1.8576104939343019,Train
XANMUX04_clean,8.11715,7.85164,8.1162,1.15587,1357.98,1174.85,0.0,0.0,0.6136,0.530856,0.0,0,0.0181950117,1.5571814518,1.5101527731882076,Test
XANMUX05_clean,7.96785,7.76541,7.96785,1.15351,1457.83,1263.82,0.0,0.0,0.6284,0.544772,0.0,0,0.0189997616,1.6452459984,1.6116218857947502,Test
XANMUX06_clean,7.89402,7.78212,7.89402,1.16156,1545.11,1330.2,0.0,0.0,0.6286,0.541169,0.0,0,0.0249894001,2.1954228393,2.1158055607589703,Train
XANMUX07_clean,8.08658,7.93125,8.08658,1.12874,1428.77,1265.81,0.0,0.0,0.627,0.555487,0.0,0,0.0188158188,1.6431153273,1.581793022826729,Train
XANMUX08_clean,7.80034,7.66637,7.80034,1.1623,1830.3,1574.73,0.0,0.0,0.6326,0.544267,0.0,0,0.0809712512,4.206038699,4.383785903765418,Train
XANMUX_clean,7.22549,7.05144,7.22549,1.16648,1435.38,1230.52,0.0,0.0,0.6128,0.525341,0.0,0,0.016397737,1.4956314978999998,1.506533592822195,Train
XANZAQ01_clean,7.80283,7.09635,7.80283,0.978047,1597.51,1633.37,0.0,0.0,0.6454,0.659886,0.0,1,0.0197144384,1.7941314623,1.7612461345836778,Test
XANZAQ02_clean,7.78654,7.07621,7.78654,0.976673,1600.7,1638.93,0.0,0.0,0.6466,0.662043,0.0,1,0.0192664191,1.7792769213,1.7213130578451439,Test
XANZAQ03_clean,8.31524,7.66858,8.31524,0.918646,1605.96,1748.18,3.17356,3.45461,0.6742,0.733906,0.0,1,0.017764326,1.6737679363999998,1.631632877244578,Test
XANZAQ04_clean,8.34862,7.90874,8.34862,0.946048,1600.25,1691.51,0.0,0.0,0.6642,0.702079,0.0,1,0.0254107974,2.290174631,2.2040918739086117,Test
XANZAQ05_clean,8.47885,8.09304,8.47885,0.942478,1573.71,1669.76,0.0,0.0,0.6686,0.709407,0.0,1,0.0243384108,2.190571359,2.1225998982034726,Train
XANZAQ06_clean,8.35756,7.91059,8.35756,0.939122,1667.31,1775.39,0.0,0.0,0.6656,0.708747,0.0,1,0.0261614681,2.366309317,2.2670539380680395,Train
XANZAQ07_clean,8.40037,8.01066,8.40037,0.935791,1631.15,1743.07,0.0,0.0,0.6708,0.716827,0.0,1,0.0244361171,2.2689366092,2.152655486563271,Train
XANZAQ08_clean,8.39367,7.99618,8.39367,0.933711,1580.24,1692.42,0.0,0.0,0.662,0.708999,0.0,1,0.0225058212,2.0809376972,2.0254228080294436,Train
XANZAQ_clean,8.11701,7.49064,8.11701,0.931625,1637.23,1757.39,0.0,0.0,0.6638,0.712518,0.0,1,0.0209186889,1.9323001413,1.9178118912181816,Train
XEKJIH_clean,6.20826,5.78382,6.20814,1.47662,347.482,235.322,860.221,582.56,0.5432,0.367867,0.0,1,0.3080857427,3.5786306985,3.5665515785085127,Train
XEKJON_clean,6.22254,5.56439,6.21747,1.67319,360.472,215.439,737.24,440.618,0.5436,0.324888,0.0,1,0.5974075995,3.7071309708,3.7356771260962143,Train
XEKJUT_clean,6.56629,6.19348,6.55947,1.65134,406.62,246.236,825.001,499.594,0.5444,0.329671,0.0,1,0.8959579581,4.2445411564,4.233458914271646,Train
XEMHOM_clean,4.79162,4.0639,4.76831,2.00034,450.789,225.357,0.0,0.0,0.3928,0.196367,0.0,1,0.0116196163,0.6025952419,0.6198663909323903,Train
XENZEX_clean,4.03588,3.72621,4.02671,3.30835,180.903,54.6807,0.0,0.0,0.268,0.0810071,0.0,1,0.5092964829,0.84665605,0.9565817964764192,Train
XIDMED_clean,11.48793,10.50283,11.48793,1.21119,1624.17,1340.97,0.0,0.0,0.653,0.53914,0.0,1,0.0329772628,2.2333977299,2.2454216025959695,Test
XILDUT_clean,5.33112,3.97403,5.33043,1.32579,1407.65,1061.75,0.0,0.0,0.5238,0.395087,0.0,1,0.0244647696,1.6652828294,1.699220489478964,Train
XISDOU_clean,6.57708,4.78728,6.57708,1.06399,2038.67,1916.06,0.0,0.0,0.598,0.562035,0.0,1,0.0549325953,3.4746461848,3.2289801117567,Test
XISDUA_clean,6.54816,4.77769,6.53027,1.05483,2022.76,1917.62,0.0,0.0,0.5918,0.561039,0.0,1,0.0540705742,3.4984949926,3.285403336369357,Test
XIVVEF_clean,7.94651,5.43115,7.90631,1.14535,2097.38,1831.21,0.0,0.0,0.648,0.565766,0.0,0,0.1122152328,5.8683248173,5.760326018063841,Train
XIZJEW_clean,5.72446,3.86989,5.72446,1.71463,866.46,505.333,0.0,0.0,0.4918,0.286825,0.0,1,0.0494194428,1.5396173083000002,1.8025615909031976,Test
XOCQUD_clean,6.93402,4.62894,6.60917,2.15591,497.721,230.864,0.0,0.0,0.4174,0.193607,0.0,1,0.0051667377,0.3633822311,0.3426686657384599,Train
XODNUB_clean,4.71915,3.55393,4.43069,2.13543,453.661,212.445,0.0,0.0,0.405,0.189657,0.0,1,0.0095251911,0.5730748856,0.5608798540735116,Train
XOFGEG_clean,20.28017,4.1755,10.09474,0.997235,1823.44,1828.5,0.0,0.0,0.6744,0.67627,0.0,1,0.0271380542,2.1691716974,2.1952794805171454,Train
XOMCUZ_clean,5.38174,3.9098,5.38174,1.47361,430.645,292.238,0.0,0.0,0.4026,0.273206,0.0,1,0.0163997859,0.7053609961,0.8664055711528396,Test
XOMHEO_clean,6.80967,5.57312,6.80967,1.28307,2168.4,1690.01,0.0,0.0,0.6202,0.483373,0.0,1,0.0957591406,4.2972541549,4.315917749462898,Train
XOMHIS_clean,8.65147,5.97828,8.65147,0.851979,2400.52,2817.58,0.0,0.0,0.7112,0.834762,0.0,1,0.0475318316,3.9754494487,3.6718633051296634,Train
XOMNEU_clean,4.40246,3.57141,4.39113,1.21453,547.741,450.992,0.0,0.0,0.4748,0.390935,0.0,1,0.1209181915,2.9721936755,3.003417601149111,Train
XONLES_clean,15.50229,14.17026,15.50229,0.301134,1628.27,5407.15,0.0,0.0,0.8756,2.90768,0.0,1,0.0231736068,2.2230559169,2.2119697818200086,Train
XOPJAO_clean,5.14318,3.48639,5.12605,1.24253,772.666,621.85,0.0,0.0,0.4474,0.360072,0.0,0,0.1204894536,2.7700324741,2.702031616641496,Train
XUDPOD_clean,11.07776,6.90892,11.06925,0.552172,2378.06,4306.74,0.0,0.0,0.786,1.42347,0.0,1,0.0230319969,2.180076171,2.162281099970259,Test
XUDVAV_clean,5.42467,3.9439,5.412,1.23408,1178.81,955.215,0.0,0.0,0.5312,0.430443,0.0,1,0.0826231588,3.0474645322,3.1653957535251416,Train
XUFYEE_clean,16.79092,3.56449,16.79092,0.69015,1946.61,2820.56,0.0,0.0,0.6888,0.998044,0.0,1,0.0435699661,3.4172900367000003,3.36069658713001,Train
XUMNAW_clean,8.02798,7.30674,8.02798,0.898114,1523.34,1696.15,0.715304,0.796451,0.6172,0.687218,0.0,1,0.050013065,2.657588962,2.873726515418782,Train
YABHIV_clean,17.95239,10.63646,17.95239,0.600011,2087.15,3478.52,0.0,0.0,0.8014,1.33564,0.0,1,0.0265189631,2.1518910839,2.3577393928129045,Test
YAGHUM_clean,10.9533,4.13648,10.9533,0.807681,2413.25,2987.87,0.0,0.0,0.7156,0.885993,0.0,0,0.024733512,2.1192899487,2.197064832555745,Train
YAHWAI_clean,8.53821,5.48688,8.53821,1.65002,1657.02,1004.24,0.0,0.0,0.6194,0.375389,0.0,1,0.0155976519,1.2103028467,1.2765300392326446,Train
YARBIE_clean,4.91122,3.52707,4.65913,1.29542,529.055,408.404,0.0,0.0,0.4438,0.342591,0.0,0,0.1277234621,2.1390872017,2.253114348924341,Train
YARGOP_clean,8.11383,5.17636,8.11364,0.914073,1890.45,2068.16,0.0,0.0,0.6398,0.699944,0.0,0,0.036037421,2.8402347088,2.805962309713281,Test
YARZEZ01_clean,5.61977,4.05885,5.24298,1.02873,1985.67,1930.22,0.0,0.0,0.6746,0.655761,0.0,0,0.0177575272,1.6073669728,1.53881404571755,Train
YASVUM_clean,7.50043,5.49919,7.38492,0.881793,2738.41,3105.5,0.0,0.0,0.7254,0.822642,0.0,1,0.0524845898,4.2124666074,4.135426524543348,Train
YATVUN_clean,10.83921,9.14744,10.55157,0.903963,1890.69,2091.55,0.0,0.0,0.6694,0.740517,0.0,0,0.0852881128,5.24395372,5.1808216479939695,Train
YATWAU_clean,10.70688,9.04659,10.70688,0.923872,1892.37,2048.31,0.0,0.0,0.6612,0.715683,0.0,0,0.0868959832,5.390086768400001,5.23129011174219,Train
YEFNIG_clean,7.00427,5.66417,7.00427,1.03301,2659.19,2574.21,0.0,0.0,0.7456,0.721774,0.0,0,0.0084597655,0.7785710887999999,0.7939382987197277,Train
YEFPAA_clean,6.99143,5.65004,6.99143,1.03721,2660.09,2564.66,0.0,0.0,0.745,0.718274,0.0,0,0.0083097287,0.7848062706000001,0.7928731685897634,Train
YEGHEZ_clean,5.88391,4.37273,5.87003,1.21357,1253.26,1032.7,0.0,0.0,0.5114,0.4214,0.0,0,0.0725350382,3.1758630117,3.0834153610843815,Train
YIDSOT_clean,4.9292,4.14717,4.92841,1.4991,1150.12,767.207,0.0,0.0,0.5208,0.347408,0.0,1,0.0444623314,2.3312386195,2.2291167426769527,Test
YINTEW_clean,6.69295,5.30296,6.37064,1.01854,1974.65,1938.7,0.0,0.0,0.6366,0.62501,0.0,0,0.0676186381,3.3964779427,3.5455884190817666,Train
YIWBIR_clean,4.82964,4.23812,4.82964,1.13369,1456.59,1284.82,0.0,0.0,0.5224,0.460795,0.0,0,0.0779750229,3.6966734583,3.5705395565449116,Train
YIWNEX_clean,6.05222,4.44321,5.98107,1.39413,1611.64,1156.02,0.0,0.0,0.6292,0.451321,0.0,1,0.0066146761,0.6069638719,0.5922545484360442,Train
YIWNUN_clean,6.72761,5.04686,6.72761,1.27847,2081.66,1628.24,0.0,0.0,0.6874,0.537673,0.0,0,0.0076047031,0.6939563394,0.6898075381670776,Train
YIXBIQ_clean,16.14545,8.60739,16.14545,1.16801,1743.0,1492.28,0.0,0.0,0.7494,0.641603,0.0,1,0.01609925,1.5179918266,1.4510030447948608,Train
YIZJEY_clean,6.38909,5.16549,5.85719,1.3913,1198.42,861.362,0.0,0.0,0.5582,0.401206,0.0,0,0.022225445,1.3487102374000002,1.4492578720886524,Train
YOGKEM_clean,9.34542,5.57292,9.34542,0.967443,2138.01,2209.96,0.0,0.0,0.6476,0.669394,0.0,1,0.1097972912,5.1736374431,5.068587270127132,Train
YOGKIQ_clean,6.91924,4.32242,6.91924,1.0538,1682.56,1596.67,112.281,106.549,0.5988,0.56823,0.0,1,0.1359250706,4.8215366667,4.67845374096758,Train
YORCIT_clean,17.04599,8.24613,17.00411,0.824323,1373.69,1666.44,0.0,0.0,0.6834,0.829044,0.0,0,0.0094154211,0.8688243689,0.8241790986686848,Train
YORRII_clean,6.34779,5.30766,6.27636,1.13523,1975.78,1740.43,0.0,0.0,0.6154,0.542095,0.0,0,0.0615495325,3.665608819,3.559019214204259,Train
YOZBIZ_clean,8.26642,3.87936,8.26616,1.4767,1152.52,780.471,0.0,0.0,0.5144,0.348345,0.0,1,0.0873027839,2.9818382998,2.9959022611091397,Train
YOZBOF01_clean,8.1742,4.93831,8.1651,1.13095,1262.79,1116.57,0.0,0.0,0.5572,0.492684,0.0,0,0.0526563272,2.7555559971,2.6892501702365323,Train
YOZCEW_clean,14.22468,12.71779,14.22468,1.07415,1394.66,1298.38,0.0,0.0,0.625,0.581853,0.0,1,0.0292698784,2.0421072667,1.9779191678447374,Test
YUDDEH_clean,9.23238,6.19771,8.9716,0.865828,1917.28,2214.39,0.0,0.0,0.6654,0.768513,0.0,1,0.0399216454,3.189908159,2.9295438942748824,Train
ZARLOV_clean,7.59087,4.25441,7.5897,1.05116,2258.39,2148.48,0.0,0.0,0.646,0.614561,0.0,1,0.0693017578,4.209381817300001,4.217932779603201,Train
ZAXTAV_clean,5.36171,4.58528,5.11307,1.17092,1043.66,891.322,0.132673,0.113307,0.5204,0.444438,0.0,1,0.2289255167,4.0362460139,4.079554961840371,Train
ZEBMEA_clean,6.61101,4.67195,6.5886,1.53404,1279.24,833.903,0.0,0.0,0.5336,0.347839,0.0,1,0.0213672697,1.5582579858,1.4934317804639372,Train
ZEXSOM_clean,10.33904,5.80354,10.2816,1.15853,1627.88,1405.12,5.62491,4.8552,0.626,0.540338,0.0,1,0.0390030691,2.3911313942,2.39657481670567,Train
ZEZPIF_clean,4.9314,3.8688,4.91047,1.33575,1333.04,997.967,0.0,0.0,0.5954,0.445741,0.0,1,0.0353246291,2.2412524135,2.12896879365987,Test
ZIQVAY_clean,8.56153,4.50798,8.56153,2.05613,1364.45,663.603,0.0,0.0,0.4994,0.242884,0.0,1,0.0436246175,1.5267757448,1.6606311515286323,Train
ZISNEW_clean,10.937,5.73353,10.937,0.756384,2253.97,2979.93,0.0,0.0,0.706,0.933388,0.0,1,0.0713797708,3.2945802188,3.3833487614600726,Train
ZISXEG_clean,5.13371,3.48538,5.13371,1.96189,431.041,219.707,0.0,0.0,0.3706,0.1889,0.0,1,0.6830570152,2.0640404233000003,2.0841000830594325,Train
ZIVCOY_clean,21.35428,13.61239,21.35428,0.516145,2019.82,3913.28,0.0,0.0,0.8142,1.57746,0.0,1,0.0270206923,2.3791595212,2.405703141683513,Train
ZIZTEJ_clean,4.9754,4.00901,4.96475,2.66219,1407.31,528.628,0.0,0.0,0.5208,0.195628,0.0,1,0.011493025,0.8741968168,0.8595142027309117,Train
ZOGBAA_clean,8.29052,7.70457,8.2843,0.849869,2437.69,2868.31,0.0,0.0,0.7226,0.850249,0.0,0,0.0593647346,4.8196861059,4.585073317237805,Train
ZUQBUK_clean,6.60273,3.87772,6.60273,0.987073,2004.83,2031.09,0.0,0.0,0.58,0.587596,0.0,0,0.0988086103,5.99561679,5.961888087899834,Train
ZUSNOS_clean,13.06588,6.72307,12.14953,0.80175,2346.37,2926.56,0.0,0.0,0.7098,0.885314,0.0,1,0.0531228244,3.6440195137,3.4255748249962217,Train
ABAYIO_clean,11.39486,4.3226,11.27409,0.949126,1428.73,1505.31,409.494,431.444,0.6636,0.69917,0.0,0,0.0389828998,2.25474138,2.3462188294382558,Train
ABAYOU_clean,11.27344,4.5108,11.27344,0.979267,1463.42,1494.4,419.062,427.935,0.6638,0.677854,0.0,0,0.0397989407,2.3148701507,2.5575434329262494,Test
ABESUX_clean,5.87931,4.42492,5.57015,3.74291,1747.69,466.934,0.0,0.0,0.5646,0.150845,0.0,1,0.0095964191,0.7509644706999999,0.7494642308398538,Train
ABETAE_clean,5.88295,4.42033,5.88295,3.69928,1821.75,492.461,0.0,0.0,0.572,0.154625,0.0,1,0.0094716869,0.7457469486,0.7293367279667586,Train
ABETIN_clean,9.47418,7.83744,9.45292,0.597233,2275.99,3810.89,0.0,0.0,0.7302,1.22264,0.0,0,0.022805813,2.2612000083000003,2.0484533402280545,Test
ABEXEM_clean,4.82084,4.14331,4.80387,1.76082,968.791,550.193,3.54724,2.01454,0.494,0.280551,0.0,1,0.0170354682,1.1324581925,1.1015690573827137,Test
ABEXEN_clean,18.8079,13.71867,18.7996,0.674371,1650.25,2447.09,10.9626,16.2561,0.753,1.1166,0.0,0,0.0429244098,2.6333721752,2.7611079155242493,Test
ABEXOW_clean,4.7727,4.04921,4.7549,1.81243,948.305,523.222,8.72645,4.81477,0.5026,0.277307,0.0,1,0.0170945913,1.1019289691,1.1124815264696042,Train
ABEXUC_clean,4.74458,4.0168,4.72731,1.84813,905.952,490.198,6.39745,3.46157,0.4864,0.263185,0.0,1,0.0174112341,1.0957347803,1.119335381275087,Test
ABEYAJ_clean,4.73097,3.9715,4.71386,1.90641,913.695,479.276,5.68199,2.98047,0.4682,0.245593,0.0,1,0.0171026109,1.0615794307,1.0896008194478224,Test
ABEYEN_clean,4.70447,3.94356,4.68752,1.9293,894.021,463.392,4.63057,2.40013,0.4642,0.240606,0.0,1,0.0171642639,1.0494876197,1.0816409164031657,Train
ABEYIR_clean,4.69665,3.92183,4.69665,1.96962,879.845,446.707,3.91969,1.99007,0.464,0.235578,0.0,1,0.0169427185,1.0303658753,1.062771769505483,Test
ABIXOZ_clean,6.22728,4.0515,6.20206,1.91751,1873.93,977.272,0.0,0.0,0.5866,0.305918,0.0,1,0.0066831136,0.5974632029,0.5869662243542975,Train
ABIYIV_clean,4.33176,3.82431,4.32093,1.34661,564.007,418.836,0.0,0.0,0.4458,0.331055,0.0,0,0.0178211488,1.0323637566,1.1467138156603118,Test
ABULOB_clean,4.86958,4.16445,4.86236,1.31921,1184.81,898.121,0.0,0.0,0.5364,0.406607,0.0,0,0.1381043017,4.3182592186,4.08976165953764,Train
ABUWOJ_clean,5.07969,4.03039,4.98773,1.15833,1745.23,1506.68,0.0,0.0,0.621,0.536118,0.0,1,0.0459889257,3.1065912895,3.061638484005263,Train
ac403674p_si_001_clean,8.50423,8.27985,8.50423,1.12072,1220.76,1089.26,0.0,0.0,0.5906,0.526983,0.0,0,0.0087897575,0.8233464353,0.8098742852040512,Train
ACAJIY_clean,4.94766,3.4178,4.77873,1.0939,822.742,752.116,0.0,0.0,0.5292,0.483772,0.0,0,0.04676935,2.9727014868,2.514689825900542,Test
ACAJIZ_clean,6.1865,5.74044,6.1865,1.30148,981.157,753.879,0.0,0.0,0.4824,0.370656,0.0,0,0.0156160467,1.128522737,1.117710689743641,Test
ACAJOF_clean,6.86398,6.10482,6.86398,1.21871,1121.27,920.046,0.0,0.0,0.513,0.420936,0.0,0,0.0134096631,1.1274897369,1.09771398047532,Train
ACIBOE_clean,8.25776,7.03071,8.25776,1.10094,2063.01,1873.86,0.0,0.0,0.6554,0.595309,0.0,1,0.0301595791,2.5049909904,2.343130339698404,Test
ACODON_clean,7.1439,4.65537,7.12384,1.14924,1729.7,1505.09,0.0,0.0,0.598,0.520346,0.0,0,0.0318414396,2.3054769906,2.353694716104206,Train
ACOGAB_clean,5.20085,3.89327,4.84433,1.15458,1432.82,1240.99,0.0,0.0,0.5566,0.482082,0.0,0,0.0513982514,2.7857406296,2.8802914074729578,Train
ACOGEF_clean,5.20115,3.94888,4.8971,1.25952,1433.77,1138.35,0.0,0.0,0.5544,0.440168,0.0,0,0.0465215252,2.5335389941,2.6235102962293513,Test
ACOLIP_clean,4.91034,3.57647,4.78103,1.04949,1065.44,1015.2,0.0,0.0,0.5434,0.517777,0.0,0,0.0553127424,2.9941198038,2.9439979204755473,Train
ACOLOV_clean,8.42183,5.53552,8.41851,0.863411,2226.99,2579.3,0.0,0.0,0.6794,0.786879,0.0,1,0.0230042498,2.0490546612,2.038511502852402,Test
acs.cgd.5b01686_WAHFUJ1434675_clean,5.00451,3.93435,5.00451,1.28464,1087.15,846.274,0.0,0.0,0.4874,0.379407,0.0,1,0.02815777,1.7936154063,1.7069148255642916,Test
acs.cgd.6b00463_OLOMUZ1451936_clean,10.32513,7.87202,10.32103,1.07611,1950.06,1812.15,0.0,0.0,0.6638,0.616853,0.0,1,0.0078495882,0.7344250875,0.7061867131387443,Train
acs.chemmater.6b02817_cm6b02817_si_004_clean,10.39878,5.64581,7.91914,0.897688,1488.72,1658.39,589.747,656.962,0.6776,0.754828,0.0,1,0.0336104614,2.8419052141,2.635082024442771,Test
acs.chemrev.6b00346_cr6b00346_si_001_clean,9.19439,3.959,7.03116,0.906382,2290.66,2527.25,0.0,0.0,0.6912,0.762592,0.0,1,0.0286842942,2.5225328982,2.48075827226738,Test
acscombsci.5b00188_24205_clean,5.32506,4.91361,5.32498,1.2624,1666.29,1319.94,0.0,0.0,0.5558,0.440273,0.0,0,0.096664127,4.0119928603,4.1264961883462,Train
acscombsci.5b00188_3001288_clean,29.41365,23.60037,29.35162,0.156124,881.282,5644.76,0.0,0.0,0.9382,6.00933,0.0,0,0.0194478455,2.0609319614,1.9285946389604343,Test
acscombsci.5b00188_5020072_clean,14.46967,11.94118,14.45544,0.429595,1931.96,4497.16,0.0,0.0,0.8224,1.91436,0.0,0,0.0168629892,1.5938024047,1.636746548450452,Test
acscombsci.5b00188_5024922_clean,20.5205,15.85622,20.5205,0.295002,1403.53,4757.71,0.0,0.0,0.8866,3.00541,0.0,0,0.0181407052,1.7204030103,1.7595723393266476,Train
acscombsci.5b00188_5036495_clean,10.8747,9.02496,10.86921,0.338372,2296.38,6786.58,0.0,0.0,0.8498,2.51144,0.0,0,0.0188986999,1.8222691189,1.807058278197836,Train
acscombsci.5b00188_5040209_clean,7.3732,5.53143,7.30173,1.04632,1848.9,1767.06,0.0,0.0,0.6162,0.588923,0.0,0,0.066181394,2.8054018549,3.161455503379307,Train
acscombsci.5b00188_8372_clean,5.7583,4.46842,5.7583,0.958855,3178.07,3314.45,0.0,0.0,0.7062,0.736503,0.0,0,0.0211354673,1.9013141691,1.8908386214548436,Train
acs.inorgchem.5b02108_ic5b02108_si_002_clean,7.194,7.0599,7.194,1.21033,1596.38,1318.96,0.0,0.0,0.591,0.488296,0.0,0,0.066397261,4.5278324863,4.374767449068963,Train
acs.inorgchem.5b02973_ic5b02973_si_002_clean,11.38761,10.4443,11.38761,1.02785,1047.76,1019.37,62.4425,60.7507,0.593,0.576933,0.0,0,0.0660047071,1.9276698753,1.9435309889754362,Train
acs.inorgchem.6b00081_ic6b00081_si_001_clean,7.28268,5.80535,7.28268,1.16215,782.38,673.218,0.0,0.0,0.4952,0.426107,0.0,0,0.0116779324,0.9520544479,0.9325143852382485,Test
acs.inorgchem.6b00433_ic6b00433_si_002_clean,5.96211,4.62167,5.8482,1.10398,1177.53,1066.62,0.0,0.0,0.5062,0.458523,0.0,1,0.0262438506,1.8639443965,1.8289049605761591,Train
acs.inorgchem.6b00894_ic6b00894_si_002_clean,6.64699,4.59021,5.67003,1.10689,1216.8,1099.29,0.0,0.0,0.5272,0.476289,0.0,1,0.0658150271,3.0646001987,2.9513102386117698,Train
acs.inorgchem.6b01569_ic6b01569_si_002_clean,6.29847,5.43889,6.29847,1.11326,868.696,780.315,0.0,0.0,0.5092,0.457394,0.0,1,0.0085272465,0.7019592346,0.7262336823771829,Train
acs.inorgchem.6b01740_ic6b01740_si_002_clean,15.68052,8.0633,15.68052,0.473321,2336.0,4935.34,0.0,0.0,0.7938,1.67709,0.0,0,0.0252626219,2.3530549237,2.3509276381732103,Test
acs.inorgchem.6b02407_ic6b02407_si_002_clean,6.36153,3.76503,6.36153,0.960789,1995.17,2076.59,0.0,0.0,0.6214,0.64676,0.0,1,0.0730952222,4.7307925651,4.683609799815086,Train
acs.inorgchem.6b02407_ic6b02407_si_003_clean,6.24791,4.32537,6.22758,1.12188,1617.2,1441.52,0.0,0.0,0.5614,0.500411,0.0,0,0.0912366638,4.2466798695,4.339916823573688,Train
acs.inorgchem.6b02413_ic6b02413_si_002_clean,13.37732,6.88163,13.37732,0.804279,2195.74,2730.07,0.0,0.0,0.74,0.920079,0.00124335,0,0.0167512171,1.5371663318000002,1.52433412186957,Test
acs.inorgchem.6b02514_ic6b02514_si_002_clean,6.09101,5.53211,6.09101,1.35156,1494.27,1105.59,0.0,0.0,0.6002,0.44408,0.0,1,0.0108909849,0.9193204171,0.9004362448849137,Train
acs.inorgchem.6b02696_ic6b02696_si_002_clean,12.13124,5.0609,12.1281,0.908718,2183.39,2402.71,0.0,0.0,0.6878,0.75689,0.0,0,0.0353687885,2.7619525076,2.6536587145500925,Train
acs.jpcc.6b08594_UiO66_Ce2Zr4_opt_clean,8.49751,4.07254,8.49751,1.27238,1692.83,1330.45,0.0,0.0,0.6072,0.477217,0.000157186,0,0.0251423272,1.6449112587,1.9484802687040332,Test
acs.jpcc.6b08594_Zn2Cd6MOF5_opt_clean,14.70209,8.11021,14.70209,0.628556,2151.09,3422.27,0.0,0.0,0.8094,1.28771,0.0,0,0.0122691803,1.1517112663,1.1645610569128753,Train
ACUBAB_clean,6.48174,4.30295,6.47204,2.30944,1238.98,536.484,0.0,0.0,0.5252,0.227414,0.0,1,0.0322648231,1.4013294963999998,1.5420341877141313,Train
ACUFEK_clean,15.55627,9.00897,15.55627,0.559431,2205.12,3941.72,0.0,0.0,0.787,1.40679,0.0,1,0.0223357097,2.0694361464,2.069966269029008,Train
ACUJOZ_manual,11.50806,7.82539,10.51641,0.694288,2343.63,3375.59,0.0,0.0,0.739,1.0644,0.0,1,0.0217401036,1.999548084,1.9875935354855454,Train
ACUTOI_clean,5.192,4.5372,5.18708,1.71994,820.91,477.29,0.0,0.0,0.4076,0.236985,0.0,1,0.0239286434,1.1877220202,1.2512188857717028,Test
ADARAA_clean,12.29205,5.40077,12.29205,0.881935,2191.85,2485.27,7.83761,8.88684,0.6948,0.787813,0.0,1,0.0282394279,2.3648088127,2.3229189666793477,Train
ADASEF_clean,21.62414,10.92309,17.5655,0.435607,1820.41,4179.02,0.0,0.0,0.8462,1.94258,0.0,1,0.0217589279,1.9218980537,2.055509766608733,Test
ADASIJ_clean,18.23438,6.60024,18.20695,0.629251,2196.94,3491.36,0.0,0.0,0.765,1.21573,0.0,1,0.0246523771,2.2579258997,2.262823282499735,Train
ADASOP_clean,18.07263,6.71346,18.07263,0.63164,2223.07,3519.51,0.0,0.0,0.7846,1.24216,0.0,1,0.0295119581,2.5177660185,2.5093009713082868,Train
ADASUV_clean,17.16775,6.7332,17.16775,0.625693,2275.03,3636.01,0.0,0.0,0.7672,1.22616,0.0,1,0.023715392,2.156208601,2.174891957004079,Train
ADATAC_clean,26.33515,10.27637,16.37091,0.33727,1729.95,5129.28,0.0,0.0,0.871,2.5825,0.0,1,0.0248647249,2.2759525871,2.3369744570479103,Test
ADATEG_manual,27.33782,13.33904,27.33782,0.238777,1473.42,6170.7,0.0,0.0,0.896,3.75246,0.0,1,0.0218614786,2.0758453917,2.1384388926408575,Test
ADATIK_clean,24.55082,12.17426,18.62931,0.377577,1712.52,4535.57,0.0,0.0,0.8764,2.32112,0.0,1,0.0199791355,1.8301302456,1.905303328272836,Test
ADATOQ_clean,10.5421,9.07611,10.5421,0.632077,2324.74,3677.95,0.0,0.0,0.7278,1.15144,0.0,1,0.0196742685,1.8341112084,1.8341734907154439,Test
ADATUW_clean,10.34629,8.86044,10.34629,0.640612,2322.12,3624.84,0.0,0.0,0.73,1.13953,0.0,1,0.0184238017,1.7633111564,1.717956669977876,Train
ADAVAE_clean,10.21446,8.80719,10.21446,0.655338,2331.18,3557.22,0.0,0.0,0.7302,1.11423,0.0,1,0.020378443,1.8871906645,1.8581740242930787,Train
ADAVEI_clean,10.15021,8.70819,10.15021,0.656268,2410.23,3672.63,0.0,0.0,0.719,1.09559,0.0,1,0.0207542611,1.9395630403,1.9628068569037593,Train
ADAXEK_clean,5.76724,4.10445,5.76724,1.26343,1305.6,1033.38,0.0,0.0,0.5042,0.399073,0.0,0,0.0557675167,2.6201908318,2.6869923135072318,Train
ADAXIO_clean,5.72682,5.00855,5.71823,1.28062,1140.41,890.52,0.0,0.0,0.4934,0.385283,0.0,0,0.0398351918,2.0538772616,2.0708594806291085,Train
ADIQEL_clean,4.43355,3.91364,4.43149,1.23763,785.544,634.715,0.0,0.0,0.4682,0.378303,0.0,0,0.1872144758,4.4502562809,4.216143412278825,Train
ADOCEC_clean,5.40135,3.83278,5.40061,1.53544,942.082,613.56,194.67,126.785,0.4904,0.319388,0.0,1,0.0204461408,1.4006461663999998,1.2907470408228412,Test
ADODOO_clean,5.9443,5.31331,5.61744,1.28796,1054.79,818.961,0.0,0.0,0.5256,0.408086,0.0,0,0.0405481186,1.9323541689,2.109880117732261,Test
ADODUU_clean,5.93338,5.29096,5.57799,1.31573,1050.53,798.439,0.0,0.0,0.521,0.395977,0.0,0,0.0423923425,1.9394004882,2.14061401942732,Test
ADOGEH_clean,12.71447,5.05258,12.69973,1.01991,1997.13,1958.14,0.0,0.0,0.677,0.663783,0.0,1,0.0909923778,3.0533269075,3.275841671071472,Train
ADUROI_clean,25.68553,17.12424,25.68553,0.402567,1285.84,3194.1,0.0,0.0,0.8358,2.07617,0.0,1,0.0148754302,1.4594076991999998,1.4497949129427883,Train
ADUWIH_clean,9.28386,6.55138,8.99777,0.722123,2053.82,2844.14,0.0,0.0,0.7098,0.982935,0.0,1,0.0256518244,2.3113733189,2.2058071145803817,Test
ADUWON_clean,16.37935,5.99724,16.37935,0.521247,2391.39,4587.82,0.0,0.0,0.7844,1.50485,0.0,1,0.0301691047,2.7554625727,2.6786240468868345,Test
AFEJOK_ion_b,5.99825,5.12689,5.98721,1.10129,1640.7,1489.79,0.0,0.0,0.5808,0.52738,0.0,1,0.0324137585,2.3965953304,2.2902224140039,Test
AFENEE_clean,4.49346,3.41581,4.45719,1.24906,796.3,637.522,0.0,0.0,0.4856,0.388774,0.0,1,0.031275173,2.0759770615,1.9422841356200637,Train
AFIPAH_clean,4.37538,3.90569,4.37538,1.83885,841.292,457.509,0.0,0.0,0.5032,0.273649,0.0,1,0.0244512671,1.5469369268000002,1.4923485723364553,Train
AFITEP_clean,4.64022,4.09997,4.63375,1.06928,1521.04,1422.49,0.0,0.0,0.5262,0.492105,0.0,0,0.0854910095,3.9148820493,3.9434387013223384,Train
AFITUF_clean,7.14066,5.08524,7.12439,1.32285,1391.46,1051.86,0.0,0.0,0.5322,0.402312,0.0,1,0.0265019245,1.698235879,1.8121551147434851,Train
AFIXAO_clean,6.3306,4.52097,6.32879,1.12223,1320.24,1176.44,0.0,0.0,0.5702,0.508096,0.0,0,0.0213920552,1.3685250353,1.562057086029787,Test
AFIXES_clean,6.43864,4.7481,6.42659,1.12574,1304.99,1159.23,0.0,0.0,0.5758,0.511486,0.0,0,0.0210597095,1.35690049,1.5542987384101536,Test
AFOTOF_clean,8.7931,6.77287,8.7931,1.07439,1647.74,1533.66,0.0,0.0,0.6144,0.571859,0.0,0,0.0383110458,2.3763849036,2.6885789007625385,Test
AFOTUL_clean,8.80212,6.81408,8.79682,1.05969,1683.28,1588.47,0.0,0.0,0.614,0.579417,0.0,0,0.0390979263,2.383101014,2.6708993878505423,Test
AFOVAT_clean,8.32882,6.54754,8.28902,1.04077,1670.63,1605.18,0.0,0.0,0.61,0.586104,0.0,0,0.0391546255,2.4579360524,2.7246560587928945,Train
AFOVEX_clean,8.81515,6.86051,8.81515,1.02206,1673.56,1637.43,0.0,0.0,0.619,0.605638,0.0,0,0.0382897655,2.3957653361,2.71291805332736,Train
AFOVIB_clean,8.79334,6.74118,8.79334,1.0948,1657.47,1513.94,0.0,0.0,0.6104,0.557543,0.0,0,0.0394210499,2.423039075,2.6411887806575023,Train
AFOVOH_clean,8.78847,6.84598,8.77538,1.04816,1663.77,1587.32,0.0,0.0,0.6228,0.594182,0.0,0,0.0380761719,2.4262756926,2.6422366600155605,Test
AFOYAW_clean,5.94533,4.22739,5.94533,0.978122,1810.39,1850.89,0.0,0.0,0.6112,0.624871,0.0,1,0.0308222363,2.3566308261,2.385542392419587,Test
AFOYEB_clean,5.92566,5.81418,5.92369,1.68224,585.772,348.21,0.0,0.0,0.4054,0.240988,0.0,0,0.0121008162,0.6572709514,0.6762401438072219,Train
AFOYIE_clean,9.08566,8.61929,9.08005,0.761887,2055.27,2697.6,0.0,0.0,0.71,0.931897,0.0,1,0.0190356582,1.8042681924,1.7479878487240632,Train
AFOYOK_clean,7.73482,5.71785,7.72321,0.979448,1633.89,1668.18,0.0,0.0,0.588,0.600338,0.0,0,0.0192361824,1.7312028981999998,1.6277169813324224,Test
AFUKET_clean,5.96671,4.7743,5.96671,0.9597,1662.19,1731.99,97.0966,101.174,0.5958,0.620819,0.0,1,0.0590718701,2.7081489994,2.847134379773706,Train
AFUKIX_clean,8.69504,5.47442,8.69504,0.784292,2017.86,2572.85,0.0,0.0,0.6382,0.813728,0.0,1,0.0271953435,2.2459928791,2.3237083214796286,Train
AFUPEX_clean,5.43312,4.58891,5.43311,1.38641,2204.93,1590.39,0.0,0.0,0.6146,0.443303,0.0,1,0.0292827382,2.2682257193,2.1941608146880327,Test
AGABIU_clean,12.57098,10.82742,12.57098,0.647122,1792.07,2769.29,2.83534,4.38145,0.7402,1.14383,0.0,1,0.011723797,1.1469542123999998,1.1416852685201562,Train
AGARUW_clean,6.77693,6.25183,6.7733,1.77195,1346.33,759.804,0.0,0.0,0.5056,0.285336,0.0,0,0.0135718962,1.0141624199,1.1234013077312461,Test
AGIREP_clean,10.92956,6.85619,7.97786,0.99837,2250.02,2253.69,0.0,0.0,0.6896,0.690726,0.0,1,0.0304595529,2.5031255518,2.3692186812175193,Test
AGOFEJ_clean,12.6138,8.71559,12.59801,0.583675,1959.85,3357.77,0.0,0.0,0.767,1.31409,0.0,1,0.0195041356,1.6840178071,1.8057264990054267,Test
AGONAM_clean,5.63222,4.90729,5.59904,1.43768,1370.35,953.171,0.0,0.0,0.568,0.395082,0.0,0,0.0317725291,1.9457246409,1.96372659136414,Test
AGONEQ_clean,6.16099,5.90611,6.12795,1.08253,2263.15,2090.61,0.0,0.0,0.6752,0.623722,0.0,0,0.0256243139,2.1570645884,2.1374043820612223,Test
AGOVOJ_clean,13.91201,9.20691,13.91201,0.616035,2114.14,3431.85,0.0,0.0,0.7722,1.2535,0.0,1,0.0204530296,1.891051178,1.8530071746364818,Test
AHAMAY_clean,4.44036,3.90831,4.43859,2.24993,500.113,222.279,0.0,0.0,0.401,0.178228,0.0,1,0.0462518873,1.0488833567,1.1233242345768875,Train
AHEQAH_clean,9.26829,6.21673,9.2669,0.759287,2415.98,3181.91,0.0,0.0,0.7146,0.941146,0.0,1,0.0267558314,2.4807029059,2.365763070921504,Test
AHOKIR01_clean,4.30721,3.46839,4.30721,1.92701,892.53,463.167,0.0,0.0,0.4868,0.252619,0.0,1,0.0598674549,2.2028051972,2.2314218932729437,Train
AHOKIR_clean,4.49939,3.47861,4.49939,1.88207,939.705,499.294,0.0,0.0,0.4884,0.259502,0.0,1,0.028416684,1.7044692048,1.678661342109493,Test
AHOKOX_clean,4.49188,3.54288,4.49188,1.73966,1360.22,781.89,0.0,0.0,0.5116,0.29408,0.0,1,0.0296744782,2.0265920645,2.0275164146339235,Train
AJAKON_clean,5.2765,4.32303,5.27104,1.36723,1066.44,780.005,8.76449,6.41042,0.5024,0.367459,0.0,1,0.0287241272,1.7436876001,1.7475070541361049,Test
AJAYIT_clean,7.12611,4.89301,7.12611,1.98392,840.751,423.782,0.0,0.0,0.4314,0.217448,0.0,0,0.0150771664,0.905756616,0.9011146690075993,Train
AJIGIL_clean,6.71352,5.54656,6.70452,1.08988,996.607,914.419,0.0,0.0,0.4838,0.443902,0.0,1,0.0108354551,0.8960177834999999,0.8690305460789349,Train
AJOTEY_clean,5.91075,5.20074,5.90935,1.2556,1942.39,1546.98,0.0,0.0,0.6358,0.506371,0.0,1,0.022513477,1.8062352381,1.7932527443410613,Test
AJOVEB_clean,5.15455,4.85632,5.13093,1.95651,774.474,395.845,0.0,0.0,0.4138,0.211499,0.0,1,0.0213649569,1.2099773428,1.1078802038330349,Train
AJOXAA_clean,6.60857,4.38157,6.58169,1.52914,1380.73,902.948,0.0,0.0,0.5468,0.357587,0.0,1,0.0346974323,2.0508345631,2.0604488850939826,Train
AKEDIF_clean,5.94406,5.31262,5.94406,0.925851,1673.96,1808.02,0.0,0.0,0.5828,0.629475,0.0,0,0.0520550381,3.3295326707,3.3481157218553763,Train
AKOBAF_clean,4.84557,3.80044,4.84557,1.15061,997.702,867.108,0.0,0.0,0.498,0.432814,0.0,1,0.0396250324,2.1678640606,2.166275677054183,Test
AKOHEO_clean,5.56086,3.46237,5.08522,2.37535,1051.21,442.55,0.0,0.0,0.4804,0.202244,0.0,1,0.0084398654,0.6986958884000001,0.6812058665507985,Train
AKUKUO_clean,5.04792,4.38484,5.0448,1.30477,1062.64,814.426,0.0,0.0,0.5004,0.383515,0.0,0,0.0380566397,1.9187314096,2.0177971855073644,Train
ALAHUS_clean,7.1812,5.45466,7.18023,1.36604,1533.73,1122.76,0.0,0.0,0.5724,0.41902,0.0,1,0.0188950356,1.5070743427000002,1.4743800762793258,Train
ALAMUW_clean,11.92678,5.98269,11.92678,0.64997,2447.93,3766.22,0.0,0.0,0.761,1.17082,0.0,1,0.0314946687,2.5292653667,2.657214487271908,Test
ALANAD_clean,8.58065,5.8094,8.54388,0.697286,2813.81,4035.37,0.0,0.0,0.7542,1.08162,0.0,1,0.0287093492,2.6032502696,2.577936374162379,Train
ALEJAE_clean,19.86541,14.56862,19.86541,0.274675,1427.0,5195.22,0.0,0.0,0.8942,3.25548,0.0,1,0.0226838511,2.1500486855000003,2.1643381923841454,Test
ALEJEI_clean,18.06508,7.13825,11.29555,0.600782,2223.57,3701.13,0.0,0.0,0.783,1.3033,0.0,1,0.0247668171,2.2257680238,2.2353768291509,Train
ALEJIM_clean,18.20917,7.10984,11.84134,0.592075,2208.62,3730.3,0.0,0.0,0.783,1.32247,0.0,1,0.0267583572,2.3490320619,2.3405831414967166,Train
ALEQIT_clean,5.78407,3.96262,5.7827,1.90553,677.8,355.702,0.0,0.0,0.434,0.227759,0.0,1,0.0212134179,1.0097881792,1.0622454085563136,Test
ALIBUT_clean,13.10382,3.67767,13.10382,1.322,940.809,711.658,184.278,139.394,0.5642,0.426778,0.0,0,0.0140777841,0.9878261542,0.9638298209442703,Train
ALICAA_clean,12.98786,3.46699,12.98786,1.43218,894.164,624.337,203.647,142.194,0.5692,0.397436,0.0,0,0.0118844936,0.850448607,0.8495284265392198,Train
ALIXAU_clean_h,6.17139,3.91412,6.17139,1.43262,670.443,467.985,13.6022,9.49467,0.4726,0.329886,0.0,1,0.0272973532,1.6639509012,1.5023088934767834,Train
ALIXOJ_clean,7.8603,5.01976,7.84665,0.979833,2007.79,2049.12,0.0,0.0,0.6394,0.65256,0.0,1,0.0235076386,2.0046777238,1.9853100967619421,Train
ALIXUP_clean,6.38387,5.75713,6.38387,1.33865,1367.26,1021.37,0.0,0.0,0.5492,0.410264,0.0,1,0.0056149906,0.5271687888000001,0.5405130978750698,Train
ALOLES_ion_b,5.85254,4.25768,5.80032,2.20818,502.012,227.343,0.475191,0.215196,0.4238,0.191923,0.0,1,0.0036475426,0.2700697823999999,0.2578128571668228,Train
ALOLIY_clean,6.86569,5.12412,6.86243,1.19169,992.554,832.898,0.0,0.0,0.537,0.450621,0.0,1,0.0048033936,0.4448919624,0.45615114145893876,Train
ALONEV_clean,5.59976,4.84057,5.59976,1.49156,1651.89,1107.49,0.0,0.0,0.571,0.382821,0.0,1,0.0069976819,0.5661921041,0.6417800957274413,Train
ALUJEX_clean,5.99288,4.42191,5.93648,1.43356,1311.29,914.712,0.0,0.0,0.5364,0.374173,0.0,1,0.0329977169,2.0357654048,1.9539960172688229,Test
ALUJIB_clean,6.08943,4.42337,5.91878,1.4324,1320.62,921.959,0.0,0.0,0.5424,0.378664,0.0,1,0.0332923461,2.0299393951,1.92670089633128,Test
ALUJOH_clean,6.14197,4.45081,6.02384,1.41539,1356.59,958.46,0.0,0.0,0.5526,0.390423,0.0,1,0.0296359403,1.9623916088,1.8080283100253958,Test
ALUKIC_clean,8.54387,6.77342,8.52787,0.56692,2883.21,5085.74,0.0,0.0,0.7934,1.39949,0.0,1,0.0197684174,1.8844604682,1.8807911093949858,Train
ALUKOI_clean,8.54787,6.76817,8.5436,0.579939,2887.58,4979.11,0.0,0.0,0.7926,1.3667,0.0,1,0.0192547812,1.8436163272,1.8289673938214355,Train
ALUKUO_clean,8.54799,6.78315,8.52991,0.582411,2894.93,4970.58,0.0,0.0,0.7922,1.36021,0.0,1,0.0195093456,1.8670734071,1.8756225127157855,Test
ALULAV_clean,8.53005,6.74275,8.5229,0.590909,2900.24,4908.1,0.0,0.0,0.7924,1.34099,0.0,1,0.0194059697,1.852030354,1.8291183158577602,Train
ALULEZ_clean,18.75501,13.37911,18.68884,0.425946,1475.35,3463.71,0.0,0.0,0.8336,1.95706,0.0,0,0.01382596,1.3593104991,1.3648841331408574,Test
ALULID_clean,7.81513,5.26988,7.81513,0.929552,2122.82,2283.71,0.0,0.0,0.6652,0.715614,0.0,1,0.0229340142,2.0013081473,1.9968963510608682,Test
ALURAB_clean,6.8318,3.73291,6.33433,1.05182,1255.59,1193.73,0.0,0.0,0.5338,0.507503,0.0,0,0.0280460664,2.0914781885,2.01453014614067,Test
ALUREF_clean,6.8305,3.71719,6.1852,1.05415,1260.09,1195.37,0.0,0.0,0.5302,0.502967,0.0,0,0.0287006607,2.1374444075,2.066147860696782,Test
ALURIJ_clean,6.87946,3.53974,6.12375,1.07753,1201.6,1115.15,0.0,0.0,0.5294,0.49131,0.0,0,0.0300763078,2.1368088414,2.0125014384944087,Test
AMAFOK_clean,6.60314,5.66314,6.60314,1.49249,870.16,583.026,0.0,0.0,0.4392,0.294274,0.0,1,0.0396019756,1.6579556777000002,1.755343575148437,Test
AMAGAX_clean,6.93247,6.0951,6.93247,1.45916,960.382,658.174,0.0,0.0,0.4598,0.315113,0.0,1,0.0343844482,1.807009325,1.8640559905861307,Test
AMILOY_clean,11.03089,9.17864,11.01877,1.00746,1259.05,1249.73,0.0,0.0,0.6048,0.60032,0.0,1,0.0401338693,1.814198351,1.8294977962399888,Train
AMILUE_clean,11.39418,11.07263,11.39418,0.982365,1253.76,1276.27,0.0,0.0,0.6124,0.623394,0.0,1,0.038793343,1.7615499234999998,1.8286993608153241,Train
AMIMAL_clean,11.07211,9.50667,11.06415,0.988926,1269.07,1283.28,0.0,0.0,0.6132,0.620066,0.0,1,0.039132943,1.7745187712,1.8415202682417933,Test
AMIMEP_clean,11.21563,10.87494,11.21563,0.985981,1260.64,1278.57,0.0,0.0,0.6026,0.611168,0.0,1,0.0395529746,1.7506737864,1.8116394986616868,Train
AMODUC_clean,8.56321,6.70069,8.56321,0.575734,2862.5,4971.91,0.0,0.0,0.7896,1.37147,0.000694765,1,0.0213287542,1.9964816568,1.9956241574987543,Train
AMOFAK_clean,8.38842,6.72694,8.33928,0.577283,2917.64,5054.09,0.0,0.0,0.7804,1.35185,0.0,1,0.0207705099,1.9905454553,2.021039194617234,Train
AMOYOR_clean,4.82905,4.48972,4.82035,1.16972,759.125,648.979,0.0,0.0,0.4596,0.392914,0.0,0,0.035793209,1.6472656949000002,1.7287461640972435,Train
AMUFOF_clean,5.11388,4.36379,5.09892,1.34461,989.368,735.801,0.0,0.0,0.4928,0.366499,0.0,1,0.0200669184,1.3109692404,1.2611267261566173,Test
AMUPOP_clean,4.74814,3.78436,4.74702,1.30283,544.632,418.038,0.0,0.0,0.4486,0.344328,0.0,1,0.0590407885,1.8733226928,1.8814824049564849,Train
AMUWUB_clean,10.40349,8.69532,10.40349,0.914151,1431.03,1565.42,0.0,0.0,0.6498,0.710823,0.0,1,0.0103650046,0.9563208676,0.9624847193182638,Train
AMUXAI_clean,8.64297,7.79614,8.57936,1.02442,1402.26,1368.83,0.421846,0.411789,0.5964,0.582182,0.0,1,0.0098265254,0.8591933794,0.909302033172269,Train
ANAWIX_clean,5.45667,5.01969,5.45432,1.52823,1486.52,972.705,0.0,0.0,0.5628,0.368269,0.0,1,0.0313531281,1.763441099,2.0003700496752135,Test
ANAWOD_clean,6.92762,6.10595,6.92762,1.43826,1562.19,1086.17,0.0,0.0,0.5924,0.411885,0.0,0,0.035090059,2.4642074146,2.4456166411355627,Test
ANEHEI_clean,6.80985,3.50032,6.5431,1.23995,1316.98,1062.12,0.0,0.0,0.5484,0.442274,0.0,1,0.0322456075,1.9975508805,2.002517056165796,Test
ANENEN_clean,6.01479,4.21811,6.00446,1.32355,832.511,628.996,0.0,0.0,0.48,0.36266,0.0,1,0.0222503707,1.3726755222999998,1.2842409768662217,Train
ANENIR_clean,6.14773,4.26664,6.04871,1.32991,783.463,589.11,0.0,0.0,0.4684,0.352204,0.0,1,0.0230447392,1.3055187911,1.2890263761335192,Train
ANIDIL_clean,5.09322,4.44244,5.09322,1.49981,585.282,390.237,0.0,0.0,0.4068,0.271234,0.0,0,0.0115697946,0.7396955369,0.7000598910960023,Train
ANOMUM_clean,7.28969,4.98752,7.24267,0.833729,2493.01,2990.19,0.0,0.0,0.6952,0.833844,0.0,1,0.0359175463,3.0128026906,3.018021655901168,Test
ANONAT_manual,7.80429,5.88473,7.80429,0.800823,2311.14,2885.95,0.0,0.0,0.6928,0.86511,0.0,1,0.0313617961,2.6747335045,2.7065246665160774,Train
ANUGEW_clean,14.4419,10.2051,14.4419,0.443469,2088.1,4708.57,0.0,0.0,0.8326,1.87747,0.0,1,0.0200782159,1.9226764848,1.8742008839582296,Test
ANUGIA_clean,13.85309,6.75838,13.85309,0.567973,2306.32,4060.62,0.0,0.0,0.7948,1.39936,0.0,1,0.0226259628,2.1579202377,2.115214390869072,Test
ANUGOG_clean,11.39005,7.08849,11.39005,0.58467,2472.03,4228.07,0.0,0.0,0.7898,1.35085,0.0,1,0.0251316437,2.3050044791,2.2821705483459263,Test
APACAX_clean,5.65344,4.07573,5.64183,1.00727,1776.16,1763.34,0.75218,0.746751,0.6264,0.621879,0.0,1,0.0722030141,4.2219027026,4.2191534764005,Train
APARAM_clean,12.00094,11.06312,12.00094,0.965457,1025.27,1061.95,99.7383,103.307,0.6016,0.623124,0.0,0,0.0541340288,1.8527688624,1.8227053610955548,Train
APAYIB_clean,5.96805,4.21212,5.96805,1.10941,2139.9,1928.86,0.0,0.0,0.6164,0.555611,0.0,1,0.0501688331,3.1040484955000003,3.1922324985143558,Train
APAYOH_clean,6.13125,4.32559,6.13125,1.11146,2186.88,1967.56,0.0,0.0,0.6078,0.546846,0.0,1,0.0474849313,3.0330162327,3.035523887910258,Train
APAYUN_clean,6.02417,4.10555,6.02138,1.04671,2066.79,1974.55,0.0,0.0,0.6206,0.592904,0.0,1,0.0434384359,2.9051042987,2.991569625109954,Test
APAZAU_clean,6.57194,4.51844,6.57194,0.970314,2263.88,2333.14,0.0,0.0,0.6264,0.645564,0.0,1,0.0436532928,3.0035895048000003,3.149645331834395,Train
APAZEY_clean,6.61049,4.70522,6.61049,0.97171,2250.82,2316.35,0.0,0.0,0.6362,0.654722,0.0,1,0.0404937257,2.8703065399,2.945772891284374,Test
APAZIC_clean,7.1095,4.86225,7.1095,0.893607,2183.36,2443.31,0.0,0.0,0.6554,0.733432,0.0,1,0.0369899846,2.7315364201,2.848080373070376,Test
APAZOI_clean,6.38612,4.28228,6.36726,1.14648,2047.77,1786.13,0.0,0.0,0.6026,0.525607,0.0,1,0.042116431,2.6289665048,2.758005556374312,Train
APEBED_clean,4.58202,3.62787,4.5574,1.65192,481.079,291.224,0.0,0.0,0.4828,0.292266,0.0,1,0.0611198789,1.8425189886,1.9783753979035088,Train
APEBEE_clean,5.40727,4.06272,5.33928,1.31041,1192.91,910.333,0.0,0.0,0.513,0.391481,0.0,1,0.0474934765,2.3089336368,2.3492855713386804,Train
APEBUU_clean,4.93858,3.80274,4.91529,1.49581,927.0,619.731,0.0,0.0,0.4876,0.325977,0.0,1,0.0235594693,1.3972208011000002,1.409857809193888,Train
AQEQES_clean,5.6853,5.37606,5.64875,1.07587,1742.46,1619.58,0.0,0.0,0.6052,0.56252,0.0,0,0.0356803869,2.6289360302,2.543808700163967,Train
AQEQIW_clean,6.30636,5.13016,6.19765,1.10057,1724.95,1567.33,0.0,0.0,0.6202,0.563526,0.0,0,0.0444824291,3.0419744167,2.938107939374433,Train
AQIQAU_clean,7.60741,6.30843,7.59214,0.861714,1966.86,2282.5,0.0,0.0,0.658,0.763595,0.0,1,0.0249486273,2.244705361,2.1685436049672924,Train
AQIXUV_clean,8.64919,5.459,8.64919,0.934501,1104.45,1181.86,0.0,0.0,0.5626,0.602032,0.0,1,0.011668496,0.9979212524,1.0165144733404259,Train
AQOLEZ_clean,15.56875,9.80847,15.56875,0.777237,1278.3,1644.67,443.796,570.991,0.7198,0.926101,0.0,1,0.0349914001,2.4990024816,2.4827490439431674,Train
AQOLID_clean,15.46142,7.44821,15.40352,1.15975,1222.53,1054.13,396.899,342.228,0.6494,0.559948,0.0,1,0.0313577419,1.9793697718,2.034701514444482,Train
AQOLUP_clean,15.5822,9.65924,15.5822,0.788284,1287.18,1632.89,417.804,530.017,0.712,0.903228,0.0,1,0.0339822706,2.4294832546,2.401724065445629,Train
AQOMAW_clean,15.65949,6.23259,15.65949,1.14479,1297.32,1133.23,389.885,340.573,0.648,0.566042,0.0,1,0.0301826144,2.002244135,1.9363552428658952,Test
AQOMEA01_clean,15.71951,9.72839,15.71951,0.76692,1281.45,1670.9,425.267,554.513,0.7184,0.936734,0.0,1,0.0320639333,2.3751806652000003,2.3797542235365694,Test
AQOMEA_clean,15.83521,9.82464,15.8304,0.749306,1274.9,1701.44,431.482,575.842,0.7222,0.963826,0.0,1,0.0308401664,2.3214713548,2.3342536485589296,Test
AQUCOF_clean,9.38154,5.59471,9.38154,1.04219,1955.75,1876.59,0.0,0.0,0.6824,0.654777,0.0,1,0.0153614224,1.367031429,1.3414729624056538,Test
AQUCOG_clean,11.41407,10.59979,11.41389,1.19971,1576.67,1314.22,0.0,0.0,0.6588,0.549134,0.0,1,0.0172569449,1.5932705566999998,1.6147169556862715,Test
AQUCUM_clean,11.51533,10.7235,11.51515,1.1988,1578.94,1317.1,0.0,0.0,0.662,0.55222,0.0,1,0.0174754324,1.6178918678999998,1.6422787972110922,Test
AQUDAS_clean,9.38408,5.62446,8.32943,1.03958,1962.23,1887.52,0.0,0.0,0.6752,0.649493,0.0,1,0.0151008468,1.3756596881,1.342747571585476,Train
AQUDAT_clean,3.98099,3.46811,3.98099,1.656,229.295,138.463,0.0,0.0,0.3916,0.236474,0.0,1,0.022347615,1.0959744146,1.0773070756498613,Train
AQUDEX_clean,4.02336,3.48999,4.02336,1.64794,245.164,148.77,0.0,0.0,0.3954,0.239936,0.0,1,0.0235832246,1.122960187,1.1066710865163345,Train
AQUDIB_clean,11.3608,10.54479,11.3608,1.19943,1577.62,1315.3,0.0,0.0,0.659,0.549427,0.0,1,0.0168716935,1.569596322,1.6014073611087583,Train
AQUDOH_clean,4.03231,3.46877,4.03231,1.63524,245.521,150.143,0.0,0.0,0.397,0.242778,0.0,1,0.0229931464,1.1143308255,1.1216390558767184,Train
ARADEE_clean,5.98273,5.3868,5.98273,1.18176,2613.25,2211.32,0.0,0.0,0.645,0.545797,0.0,1,0.0304934837,2.5333752872,2.4079151519828885,Train
ARAFEF_clean,8.89536,8.62816,8.89536,0.837745,1861.72,2222.3,0.0,0.0,0.6918,0.825789,0.0,1,0.0248444757,2.2676788596,2.1587842356383717,Test
ARAFIJ_clean,7.45121,6.98768,7.45121,0.945343,1746.6,1847.59,0.0,0.0,0.6538,0.691601,0.0,1,0.0271260727,2.4079498553,2.4079432675791717,Train
ARAFOP_clean,5.6675,5.04419,5.6675,1.1688,1345.58,1151.25,0.0,0.0,0.5694,0.487165,0.0,1,0.0320911904,1.9799147071,2.0899430585739722,Test
ARAGOR_clean,6.01834,3.95176,6.01834,1.15627,1427.45,1234.53,0.0,0.0,0.5724,0.49504,0.0,1,0.0341696454,2.2824966426,2.223086832272018,Train
ARINOF_clean,4.65727,3.54074,4.65727,1.16089,773.093,665.951,0.0,0.0,0.4696,0.404519,0.0,0,0.0334025246,1.7759393927,1.7905863422764292,Train
ARINUL_clean,4.74057,3.91438,4.73173,1.12547,612.424,544.15,0.0,0.0,0.4952,0.439995,0.0,0,0.0303952976,1.7634913665,1.5229615795627183,Test
AROFAP_clean,6.18036,4.30595,6.18036,1.16997,1430.3,1222.5,0.0,0.0,0.575,0.491464,0.0,1,0.0616520362,3.0787379856,3.0497430857039545,Test
AROFET_clean,8.28593,5.15676,8.15353,0.856166,2227.42,2601.62,0.0,0.0,0.6884,0.804049,0.0,1,0.0251036742,2.0811169794,2.1825410208466467,Test
ARUYES_clean,5.37817,4.58095,5.37264,1.47856,1357.43,918.075,0.0,0.0,0.5162,0.349122,0.0,1,0.0454273569,2.4759373841,2.3482559708410027,Train
ARUYUH01_clean,4.94052,4.11721,4.9348,1.67517,1504.56,898.154,0.0,0.0,0.6094,0.363784,0.0,0,0.0630070612,2.983076577,3.0157048762915073,Test
ARUYUH_clean,4.6223,3.84632,4.60163,1.67938,1300.59,774.446,0.0,0.0,0.5928,0.352987,0.0,0,0.0533995943,2.637742584,2.7073880280440767,Train
ASACON_clean,6.42024,5.0837,6.41252,1.7783,988.209,555.703,0.0,0.0,0.4528,0.254625,0.0,1,0.0303523406,1.4301985627,1.530303250407693,Train
ASADAA_clean,5.76705,4.61254,5.76705,1.521,1240.97,815.894,0.0,0.0,0.5144,0.338199,0.0,0,0.0227914177,1.5163597430000002,1.5003228531900126,Test
ASAHEJ_clean,7.58274,6.68199,7.16375,2.10294,1485.76,706.516,0.0,0.0,0.5748,0.273331,0.0,1,0.0047245346,0.4339509922999999,0.45604268794351643,Train
ASECUY_clean,6.38635,5.15151,6.24805,1.43745,1124.79,782.485,0.0,0.0,0.5026,0.349646,0.0,1,0.0149423901,1.1313998455,1.1299739783391491,Train
ASEJOZ01_clean,4.14952,3.66327,4.14952,1.74866,569.673,325.777,0.0,0.0,0.506,0.289365,0.0,1,0.0114382235,0.7624558723999999,0.824878406907207,Test
ASEJOZ_clean,4.13262,3.6686,4.1292,1.75655,575.771,327.784,0.0,0.0,0.5006,0.28499,0.0,1,0.0113518006,0.7626265468000001,0.8245166496081262,Train
ASINAT_clean,9.7655,7.73483,9.74652,0.727417,1863.77,2562.17,0.0,0.0,0.6748,0.927666,0.0,1,0.0268875492,2.2407726731,2.2949839421761298,Test
ASINEX_clean,12.53569,7.27061,12.47881,0.659976,1848.81,2801.34,0.0,0.0,0.7014,1.06277,0.0,1,0.0237715056,2.1099941343,2.1266534589555564,Test
ASINIB_clean,12.40052,7.22634,12.40052,0.666065,1847.56,2773.85,0.0,0.0,0.713,1.07047,0.0,1,0.0233135116,2.0906737161,2.0475224727400323,Train
ASIQEA_clean,8.85063,6.25728,8.83155,0.902561,1517.6,1681.44,0.0,0.0,0.6232,0.69048,0.0,1,0.0214722242,1.8860105296,1.774611935840024,Train
ASIQIE_clean,9.00205,6.2555,8.99942,0.893575,1516.45,1697.06,0.0,0.0,0.6152,0.688471,0.0,1,0.0213735434,1.8871727709,1.7510788064786453,Test
ASIVAB_clean,12.32132,7.27063,11.94622,0.538243,2328.12,4325.4,0.0,0.0,0.795,1.47703,0.0,1,0.0209700535,1.9608414039,1.983539174107443,Train
ASOHUL_clean,6.56282,6.27917,6.55848,1.03902,1614.33,1553.7,0.0,0.0,0.6152,0.592095,0.0,0,0.019026958,1.5945901247999998,1.5883108501605723,Train
ASOSUY_clean,9.00116,4.32918,8.7971,0.897328,2289.34,2551.28,0.0,0.0,0.6734,0.75045,0.0,1,0.0468042043,3.2670805088,3.35090584937762,Train
ASOVEL_clean,5.72633,5.3133,5.71091,1.03379,949.896,918.849,0.0,0.0,0.495,0.478821,0.0,1,0.0258182808,1.7844022085,1.7158865498035516,Train
ASOYOY_clean,9.52144,5.9183,9.51707,0.828676,2119.74,2557.99,0.0,0.0,0.6796,0.820103,0.0,1,0.0272524165,2.2096905443,2.2820174278529777,Test
ASUBIB_clean,6.13583,4.25508,6.12102,1.52116,1472.07,967.73,0.0,0.0,0.532,0.349733,0.0,1,0.0383857529,2.2518577514,2.2196049658510337,Train
ASUKEE01_clean,4.79531,3.45398,4.78239,1.18884,601.717,506.139,0.156486,0.131629,0.504,0.423944,0.0,1,0.0442220233,2.141166465,2.013450448763163,Test
ASUKEE_clean,4.78914,3.45844,4.64139,1.18597,613.731,517.491,0.198684,0.167528,0.5058,0.426485,0.0,1,0.0438495279,2.1582291148,2.0906326282062793,Train
ASUWUI_clean,7.16113,4.73321,7.10699,1.15085,1085.85,943.517,0.0,0.0,0.5382,0.467654,0.0,1,0.0267017412,1.8050381018,1.761636606892077,Train
ATAFIK_clean,6.40025,5.70377,6.3929,1.21508,2093.15,1722.65,0.0,0.0,0.6392,0.526057,0.0,1,0.0325705466,2.5992313438,2.499238766332263,Test
ATAYAX_clean,10.41989,5.8507,10.41891,0.781859,2402.26,3072.5,0.0,0.0,0.7182,0.91858,0.0,1,0.0373550062,2.9390047506,2.894814384555766,Train
ATAYEB_clean,10.54748,5.75428,10.54661,0.825883,2349.73,2845.11,0.0,0.0,0.7048,0.853389,0.0,1,0.03341753,2.7886133286000003,2.6231489577737523,Test
ATEYED_clean,7.47545,6.2198,7.47545,0.467817,3303.45,7061.42,0.0,0.0,0.7762,1.6592,0.0,1,0.0249100654,2.3681991037,2.4529978368261776,Test
ATEYOP_clean,10.52737,8.16815,10.52737,0.722386,2397.76,3319.23,0.0,0.0,0.744,1.02992,0.0,1,0.0319306453,2.6738033906,2.6106152605629243,Train
ATEYUV_clean,10.25531,8.1108,10.25531,0.751133,2430.54,3235.83,0.0,0.0,0.7324,0.975061,0.0,1,0.0347275668,2.8231159167,2.7893252839592173,Train
ATEZAC_clean,10.53968,7.74023,10.53968,0.687634,2293.89,3335.91,0.0,0.0,0.7586,1.1032,0.0,1,0.024932983,2.1878524212,2.213433979524821,Test
ATIBAG_clean,4.88713,3.88543,4.88713,1.64828,882.041,535.129,0.0,0.0,0.4606,0.279443,0.0,0,0.0133757329,0.9066134682,0.8968703519415384,Test
ATIBOU01_clean,5.12784,4.01813,5.11026,1.59271,1003.99,630.367,0.0,0.0,0.4816,0.302377,0.0,0,0.0127019166,0.9029857178,0.8926202577981703,Train
ATIBOU02_clean,5.13844,4.03284,5.13064,1.58929,1001.62,630.232,0.0,0.0,0.4764,0.299756,0.0,0,0.0130388248,0.9084401172,0.9378769918845219,Train
ATIBOU_clean,4.75824,3.95303,4.75824,1.66268,883.495,531.369,0.0,0.0,0.4562,0.274376,0.0,0,0.0136008706,0.9328300324,0.9132278061865986,Test
ATIBUA_clean,4.92972,3.79229,4.92858,1.6758,825.852,492.811,0.0,0.0,0.4524,0.269961,0.0,0,0.0134571657,0.9195692634,0.8665834292120336,Test
ATICAH_clean,5.2478,3.97372,5.19698,1.59515,971.718,609.171,0.0,0.0,0.4788,0.30016,0.0,0,0.0126125002,0.8825460906,0.8559269595331824,Train
ATICEL_clean,4.9438,3.91943,4.9438,1.60993,940.703,584.311,0.0,0.0,0.4708,0.292434,0.0,0,0.0123889593,0.8587693162000001,0.8499776866375164,Test
ATIJUJ_manual,17.44029,16.95439,17.44029,0.753394,1262.36,1675.56,0.0,0.0,0.7098,0.942136,0.0,1,0.0070139415,0.6730362287,0.6649560044614831,Train
ATIRUS_clean,4.46122,3.66446,4.46122,2.04969,327.839,159.946,0.0,0.0,0.4254,0.207544,0.0,1,0.0033484756,0.2704022867,0.2496666308685176,Train
ATIXAE_clean,6.03489,5.11879,6.02804,1.08037,1988.86,1840.92,0.0,0.0,0.5946,0.550369,0.0,1,0.0261962335,2.0077840776,2.05157585219657,Test
ATIXUX_clean,4.75983,4.08689,4.75983,1.55048,933.775,602.248,10.5817,6.82478,0.5034,0.324673,0.0,0,0.0527256433,2.5072473363,2.3122328348468186,Test
ATOGEV_clean,5.55487,4.3075,5.55487,1.61783,1414.83,874.522,0.0,0.0,0.6026,0.372475,0.0,0,0.0414994939,2.2118747899,2.2400416745057683,Test
ATOWIQ_clean,9.54888,7.69493,9.54888,0.866747,1781.33,2055.19,0.0,0.0,0.6812,0.785928,0.0,1,0.0247412316,2.2120402606,2.138207819862505,Test
ATOWOW_clean,9.60606,7.73922,9.60387,0.865497,1776.39,2052.45,0.0,0.0,0.6816,0.787524,0.0,1,0.0234990183,2.1462926978,2.032091485075318,Train
ATULIM_clean,4.7399,4.20115,4.72096,1.75805,590.761,336.032,0.0,0.0,0.3948,0.224567,0.0,0,0.0566178352,1.3047069948,1.4649443157713251,Train
ATUXIY_clean,5.42434,3.78722,5.41357,1.56042,1520.84,974.637,0.0,0.0,0.5342,0.342345,0.0,1,0.0440272799,2.577169206,2.4395244700314684,Train
AVAGIP_clean,4.84155,4.68679,4.83529,1.40449,799.444,569.206,0.0,0.0,0.4578,0.325955,0.0,1,0.0152925012,1.0378593777,1.025850257855873,Test
AVAGOV_clean,4.8139,4.57423,4.8139,1.40471,790.723,562.91,0.0,0.0,0.4598,0.327328,0.0,1,0.0170246306,1.0888547973,1.1036749024227814,Test
AVAGUB_clean,4.77305,4.26622,4.76857,1.33788,1125.79,841.477,0.0,0.0,0.484,0.361768,0.0,1,0.014320212,1.1033903293,1.1179501454201581,Test
AVAJUE_clean,37.52571,19.54108,37.52571,0.164116,999.284,6088.87,0.0,0.0,0.9304,5.66915,0.0,1,0.0257076637,2.5055378989,2.3211732006970323,Test
AVAKAL_clean,26.25291,12.57512,26.25291,0.207415,1259.45,6072.13,0.0,0.0,0.913,4.40181,0.0,1,0.0228442916,2.3120464807,2.1746187554756764,Test
AVAKEP_clean,25.17564,12.49369,25.17564,0.244994,1420.93,5799.87,0.0,0.0,0.8902,3.63356,0.0,1,0.0236669681,2.3044812558000003,2.2201685087007528,Train
AVAQIX01_clean,5.36267,3.61603,5.3498,1.32796,1049.23,790.108,0.0,0.0,0.535,0.402873,0.0,1,0.0862581302,3.1579317468,3.2097176335437956,Train
AVAQIX_clean,5.44587,3.64311,5.44587,1.30707,1099.34,841.068,0.0,0.0,0.5528,0.42293,0.0,1,0.081334811,3.1363588164,3.1360729866427746,Train
AVEHAM_clean,4.51878,3.91316,4.51878,1.20992,526.263,434.955,0.0,0.0,0.4704,0.388785,0.0,0,0.029133998,1.4544848141,1.4749698107126723,Train
AVELOD_clean,8.08398,4.98141,8.08398,0.915242,1686.35,1842.51,0.0,0.0,0.6036,0.659498,0.0,1,0.0200689778,1.7597545484,1.6841589471261775,Train
AVELUJ_clean,8.10638,4.88927,8.10638,0.902679,1696.47,1879.38,0.0,0.0,0.605,0.670227,0.0,1,0.0212699698,1.8397952227,1.7768397197919532,Test
AVEMAQ_clean,7.89565,4.97897,7.87662,0.907269,1685.58,1857.86,0.0,0.0,0.6116,0.674111,0.0,1,0.0194110176,1.6710720234999998,1.6364502739566327,Train
AVEQID_clean,7.54994,6.22752,7.22874,0.801255,2259.4,2819.83,0.0,0.0,0.702,0.876126,0.0,1,0.0310899811,2.8135633242,2.67165204624124,Test
AVESOL_clean,5.87217,4.28231,5.84929,0.954537,2386.36,2500.02,0.0,0.0,0.6616,0.693111,0.0,1,0.0692371347,4.7590070576,4.400569886417456,Test
AVESUR_clean,6.33732,4.06042,6.33561,1.18458,2288.74,1932.12,0.0,0.0,0.6222,0.525251,0.0,1,0.0384421607,2.8951045969,2.8064864114766066,Test
AVETEC_clean,5.69318,3.49916,5.67679,1.19478,1755.51,1469.31,2.63176,2.20271,0.6268,0.524615,0.0,0,0.0671616073,3.9938081344,4.004259932932434,Train
AVEVEE_clean,4.17515,3.43562,4.17515,1.60472,795.582,495.775,0.0,0.0,0.4962,0.309212,0.0,0,0.0334027701,1.8540056,1.888100176698271,Train
AVIHIY_clean,6.88379,6.45442,6.88379,1.62124,1571.08,969.06,0.0,0.0,0.5722,0.35294,0.0,0,0.0276547948,1.9339000244,1.9870137670871952,Test
AVIHOE_clean,6.82367,6.45553,6.82367,1.66276,1569.85,944.123,0.0,0.0,0.5622,0.338112,0.0,0,0.0284942076,1.9435062464,1.998920117650866,Train
AVILEY_clean,25.42698,10.76844,22.57889,0.654082,1604.18,2452.57,0.0,0.0,0.8422,1.28761,0.0,1,0.011748019,1.0977427419,1.088741730316748,Train
AVIMIC_clean,5.83174,5.68454,5.8285,1.51867,600.182,395.202,0.0,0.0,0.4036,0.265759,0.0,0,0.0160492801,0.7739479033,0.8796640346917621,Train
AVIMOI_clean,5.73292,4.38571,5.54624,1.22616,1137.64,927.807,0.0,0.0,0.5176,0.422132,0.0,1,0.0640220245,2.4684093916,2.6734231558096413,Train
AVIMUO_clean,5.70679,3.6399,5.68672,1.24095,795.076,640.701,0.0545715,0.0439757,0.4934,0.397599,0.0,1,0.0321833931,1.7349613983,1.648573666710274,Train
AVIPAX_clean,7.26399,5.25081,7.26386,0.96381,1855.66,1925.33,0.0,0.0,0.5882,0.610286,0.0,1,0.0452994426,2.869994546,2.9596895143839825,Train
AVIPOL_clean,6.57451,5.5873,6.57451,0.939158,1727.44,1839.35,0.0,0.0,0.604,0.64313,0.0,1,0.0395859884,2.9465456666,2.885441741637544,Test
AVITUU_clean,11.69294,6.93274,11.69294,0.710904,1782.6,2507.52,25.4741,35.8333,0.6994,0.983817,0.0,0,0.0356667686,2.923450098,2.7917182554128175,Train
AVIVAC_clean,11.84006,7.39815,11.84006,0.73653,1721.91,2337.87,62.4247,84.7552,0.713,0.968053,0.0,1,0.0322605872,2.6653325251,2.302107349386392,Test
AVIVEG_clean,11.84801,7.36492,11.84801,0.733043,1723.96,2351.79,66.007,90.0452,0.716,0.97675,0.0,1,0.0333489,2.7103171588,2.2667316634712136,Test
AVIVIK_clean,11.79938,6.70311,11.79938,0.734288,1705.89,2323.19,141.576,192.807,0.7142,0.972643,0.0,1,0.0333988656,2.6678948223,2.573976484704897,Train
AVIVOQ_clean,11.94166,7.13512,11.94166,0.709142,1885.38,2658.68,0.0,0.0,0.7218,1.01785,0.0,1,0.0332645831,2.6590930736,2.4892121724217855,Test
AVIVUW_clean,12.04076,6.91892,12.04076,0.729779,1690.09,2315.89,127.81,175.136,0.7162,0.981393,0.0,1,0.0330303694,2.6306236245,2.3708063194500766,Test
AVUCEA_clean,10.64181,4.52481,5.22943,0.89363,2280.68,2552.15,0.0,0.0,0.6776,0.758256,0.0,1,0.0379288463,2.8817100742000004,2.90597826022621,Train
AVUDAX_clean,5.88567,3.71625,5.47513,0.998153,1603.89,1606.86,0.0,0.0,0.5746,0.575663,0.0,1,0.0245539741,1.8497656531,1.9147087491423316,Test
AWAGEL_clean,8.54501,7.28684,8.54501,0.99094,1266.94,1278.53,0.0,0.0,0.599,0.604476,0.0,1,0.0166729596,1.4967607021,1.4421012500861088,Train
AWAGOV_clean,8.03493,4.40002,8.02722,1.14872,740.321,644.475,67.7082,58.9423,0.4848,0.422035,0.0,1,0.0270251789,1.5085641022999998,1.4883177824255451,Train
AWAHEM_clean,7.6574,4.85724,7.65488,2.1582,1774.85,822.374,0.0,0.0,0.6144,0.284682,0.0,1,0.0067249605,0.5879166598,0.5826826008438029,Train
AWAKEQ_clean,5.66517,3.68033,5.65855,1.19573,631.039,527.745,0.0,0.0,0.5032,0.420832,0.0,1,0.0160591503,0.9424408575,1.0049917543258613,Train
AWASAU_clean,4.69319,4.39635,4.67513,2.36864,953.131,402.396,0.0,0.0,0.479,0.202226,0.0,1,0.0120061151,0.7836480351999999,0.8043201040263159,Test
AWASEY_clean,12.05091,7.26209,12.03698,1.15771,1906.22,1646.54,0.0,0.0,0.7186,0.620707,0.0,1,0.0072765177,0.6972274190000001,0.6807304597329609,Train
AWASOI_clean,5.09655,4.11557,4.6794,2.36169,945.621,400.401,0.0,0.0,0.4824,0.204261,0.0,1,0.011339998,0.756017102,0.781479307374664,Train
AWAWUR_clean,9.42427,4.27216,9.42427,0.982453,1582.3,1610.56,0.0,0.0,0.6066,0.617434,0.0,1,0.0304226007,2.0253555754,2.223043646185566,Test
AWEGEP_clean,6.08144,3.63724,6.07038,2.1577,1410.66,653.78,0.0,0.0,0.573,0.265561,0.0,1,0.0071611701,0.6091124401,0.6016433527133522,Train
AWEJIW_clean,10.88001,10.50387,10.88001,1.19375,1315.8,1102.24,0.0,0.0,0.6004,0.502953,0.0,1,0.0301592612,1.7152036497999998,1.7695835782311637,Train
AWEVIJ_clean,10.6197,8.65931,10.61387,0.747212,1607.37,2151.16,0.0,0.0,0.6408,0.857588,0.0,1,0.0418411658,2.2234911115,2.705158198840246,Test
AWEZOS01_clean,5.84706,3.42755,5.84706,1.53516,287.064,186.993,30.7793,20.0495,0.4222,0.27502,0.0,1,0.0108382994,0.354330176,0.41588116421997934,Train
AWEZOS_clean,5.8274,3.41984,5.8274,1.53516,283.608,184.741,30.6343,19.9551,0.4216,0.274629,0.0,1,0.0097664293,0.3475424174,0.3633937951719386,Train
AWIBAK_clean,5.84822,3.40416,5.84822,1.53516,287.757,187.444,30.381,19.7901,0.4208,0.274108,0.0,1,0.0098266044,0.3495868686,0.35084414006793985,Train
AWIBAL_clean,4.9496,4.4506,4.9496,1.68807,1040.45,616.352,0.0,0.0,0.482,0.285533,0.0,1,0.0477722123,2.1569908969,2.043886700754196,Train
AWIBEO_clean,5.87793,3.52185,5.87695,1.56801,309.299,197.256,17.3334,11.0544,0.4132,0.263519,0.0,1,0.0063450894,0.330762824,0.34785961901052964,Train
AWIBIS_clean,5.87895,3.53481,5.87895,1.56101,324.784,208.06,18.8769,12.0927,0.4176,0.267519,0.0,1,0.0067582272,0.3262337735,0.34085401209545263,Train
AWOFOI_clean,5.44554,4.19244,5.4181,1.31908,2093.99,1587.46,0.0,0.0,0.5974,0.452892,0.0,1,0.0336923262,2.5354602121000003,2.381599822155057,Test
AWUPAL_clean,18.42063,9.23563,18.42063,0.348553,1743.14,5001.08,0.0,0.0,0.8538,2.44956,0.0,1,0.0221773798,2.1782758876,2.121084366810181,Test
AXAFAG_clean,6.59817,6.13172,6.59498,2.82524,1689.3,597.93,0.0,0.0,0.606,0.214495,0.0,1,0.0062111005,0.5492029283,0.5312105621697132,Train
AXIMUP_clean,8.06476,5.62993,7.88344,0.749362,2380.21,3176.31,0.0,0.0,0.7064,0.942669,0.0,1,0.0219115698,1.9319663858,2.00638089856951,Train
AXINAX01_clean,19.47488,13.27772,19.47462,0.402001,1509.07,3753.89,0.0,0.0,0.8346,2.07611,0.0,1,0.0227481996,2.0700478292,2.0907836497336856,Test
AXINEA_clean,5.37744,3.53202,5.37744,1.38918,653.213,470.214,0.0,0.0,0.4478,0.322348,0.0,0,0.0307800708,1.2264721012,1.3401491172907667,Test
AXINIF_clean,9.6188,8.65235,9.60052,0.750661,2213.56,2948.81,0.0,0.0,0.6692,0.891481,0.0,1,0.0348444863,2.8577076938,2.811768792190259,Train
AXIPEE01_clean,6.81111,4.3641,6.75959,1.50078,1988.24,1324.81,0.0,0.0,0.6082,0.405257,0.0,1,0.015472249,1.2993794528,1.3387043743929112,Test
AXIPEE02_clean,6.48792,4.04495,6.46524,1.63435,1656.81,1013.74,0.0,0.0,0.5904,0.361245,0.0,1,0.0168547855,1.3441546028,1.3462501692227953,Train
AXIPEE03_clean,6.5428,4.0805,6.53621,1.61298,1706.94,1058.25,0.0,0.0,0.59,0.365782,0.0,1,0.0169453244,1.3353954541,1.3515410833135202,Test
AXIPEE_clean,6.41608,3.94175,6.40902,1.68088,1551.99,923.32,0.0,0.0,0.574,0.341488,0.0,1,0.0178533575,1.3404392011,1.3515356321291407,Test
AXUBAW_manual,14.24572,5.52422,14.23389,0.741721,1799.0,2425.44,0.0,0.0,0.7126,0.960739,0.0,0,0.0164359828,1.5297653576,1.4681094362377993,Test
AXUBOL_clean,7.85983,4.2994,7.19513,1.05112,1083.88,1031.17,529.841,504.074,0.6054,0.575959,0.0,0,0.0396480079,2.6112231121,2.627012326287993,Train
AXUHAD_clean,9.91084,4.94321,9.90364,0.792408,1603.43,2023.49,0.0,0.0,0.6302,0.795297,0.0,1,0.0208840761,1.8386969492,1.7872696834427104,Train
AXUHEH_clean,7.21454,5.63203,7.19196,1.06453,1024.66,962.545,0.0,0.0,0.4958,0.465746,0.0,1,0.0343691869,1.3927649141999998,1.7715600301412155,Train
AYOQEM_clean,12.16451,6.87343,12.16451,0.774775,2322.28,2997.35,0.0,0.0,0.7066,0.912006,0.0,1,0.0243706941,2.1633687133,2.1475950008970286,Test
AYOXUJ_clean,6.31092,5.4451,6.31092,1.11362,828.348,743.833,0.0,0.0,0.4926,0.442341,0.0,1,0.0084064004,0.7096219528000001,0.7043018289917624,Train
AYUJIP_clean,12.69936,7.89199,12.69936,1.08786,1666.19,1531.63,0.0,0.0,0.6204,0.570296,0.0,1,0.0252533957,1.6213853183000002,1.919708679740646,Test
AZAFIS_clean,4.56554,4.01347,4.56554,1.5219,1198.03,787.192,0.0,0.0,0.5324,0.349826,0.0,1,0.0449182871,2.1634503358000003,2.4750773516170037,Test
AZAVOO_clean,5.27678,3.99297,4.86471,1.01321,1059.99,1046.17,0.0,0.0,0.5368,0.529802,0.0,1,0.0735630021,3.1985824749,3.2062126666135495,Train
AZAVUU_clean,5.48228,4.93668,5.47166,1.18498,1132.58,955.777,0.0,0.0,0.5306,0.44777,0.0,1,0.0593027522,2.6161833621,2.6735013525094073,Train
AZAWAB_clean,5.65614,4.89759,5.3467,1.11309,1245.12,1118.62,0.0,0.0,0.5586,0.501848,0.0,1,0.0482128423,2.5656831962,2.584463493476599,Test
AZEBUE_clean,5.44142,4.51467,5.32983,1.81828,1092.81,601.015,0.0,0.0,0.5076,0.279165,0.0,1,0.0453279202,1.8038504003,1.8581051369704895,Train
AZEWEH_clean,4.13891,3.52594,4.05476,2.44574,369.977,151.274,133.125,54.4315,0.4542,0.185711,0.0,1,0.0321950774,1.0511096107,1.5535831112689342,Test
AZIVAI_clean,7.0547,5.80911,7.0547,0.682418,2610.44,3825.28,0.0,0.0,0.715,1.04774,0.0,1,0.0313233342,2.8469444985,2.812411359145073,Train
AZIXUD_clean,5.99991,4.88169,5.99991,1.10463,1885.15,1706.59,0.0,0.0,0.6184,0.559825,0.0,1,0.0369656188,2.7641194014,2.559668164703175,Test
BACGAQ_clean,5.16583,4.20229,5.16583,1.16624,909.575,779.923,0.0,0.0,0.5142,0.440905,0.0,0,0.0351081895,1.8248741515,1.9280094419447023,Test
BADYAJ_clean,8.60576,7.13629,8.60576,0.984728,1990.18,2021.04,0.0,0.0,0.6528,0.662924,0.0,0,0.0188690347,1.6670063603,1.659045450602341,Test
BAEDTA01_clean,5.34617,4.27166,5.33175,2.14248,360.006,168.032,116.013,54.1487,0.3902,0.182125,0.0,1,0.0295370796,0.9047884626,1.0788331250318013,Test
BAFHAU_clean,9.02635,7.37185,9.02635,0.858551,2348.05,2734.89,0.0,0.0,0.738,0.859588,0.0,0,0.0077195342,0.7569774827,0.7789614506390192,Train
BAKGIF_manual,7.54763,6.30914,7.54763,1.01674,1528.77,1503.6,0.0,0.0,0.6098,0.599757,0.0,0,0.0185266832,1.638295417,1.6080799272495634,Train
BAKJEE_clean,6.44764,5.41267,6.44764,0.918977,2207.44,2402.06,0.0,0.0,0.6406,0.69708,0.0,1,0.0377775644,2.9440183709,2.884900640239974,Test
BAKJII_clean,6.19215,5.21845,6.19129,0.959339,2059.17,2146.44,0.0,0.0,0.6236,0.650031,0.0,0,0.0490261585,3.6222453463,3.4789522683662115,Test
BAKJOO_clean,7.70901,5.72948,7.70901,1.0049,1743.18,1734.69,0.0,0.0,0.6112,0.608223,0.0,1,0.0299096125,2.4451779213,2.345845338651242,Train
BAKYOE_clean,7.11646,6.19226,7.11412,1.03097,1502.21,1457.08,0.0,0.0,0.5848,0.56723,0.0,0,0.0377890733,2.8017782309,2.8013043681154057,Train
BAMKIM_clean,6.79615,5.75134,6.79615,1.10764,1482.92,1338.8,0.0,0.0,0.5666,0.511536,0.0,1,0.0136429918,1.2121954473999998,1.152234130718601,Test
BAMKOS_clean,6.76349,5.81846,6.76349,1.11335,1511.81,1357.89,0.0,0.0,0.5736,0.515203,0.0,1,0.0146511747,1.3104408878,1.2398150823392706,Test
BANMAG_clean,8.68497,7.44113,8.68497,1.37401,1122.97,817.297,0.0,0.0,0.5786,0.421103,0.0,1,0.0045767987,0.4357284668,0.4279849862704477,Train
BAPDAA_clean,12.36039,11.54677,12.35976,1.38142,1564.69,1132.67,0.0,0.0,0.6892,0.498906,0.0,1,0.013634555,1.2874467961,1.2220143776045416,Train
BAQWIC_clean,8.02487,5.97028,8.01109,1.63849,1438.26,877.793,0.0,0.0,0.5894,0.359721,0.0,1,0.0062997537,0.5627419912,0.581983696425511,Train
BARZUR_clean,5.4946,5.30289,5.4946,0.925783,1729.65,1868.31,0.0,0.0,0.6062,0.654797,0.0,1,0.0573933696,3.3446749195,3.4577952889950843,Test
BASJUB_clean,5.47244,4.59142,5.38091,1.03022,1558.36,1512.66,0.0,0.0,0.5602,0.54377,0.0,0,0.0409586448,2.6016459266,2.7016546482334025,Train
BAWROI_clean,13.54985,9.13066,13.54893,0.629882,1979.75,3143.05,0.0,0.0,0.7794,1.23737,0.0,1,0.0207203645,1.878955068,1.8766242279819523,Train
BAWRUO_clean,7.29901,5.68693,7.29887,2.71918,1447.8,532.44,20.7388,7.62687,0.5782,0.212638,0.0,1,0.0092747761,0.7565647951000001,0.737216062605742,Train
BAXFIR01_clean,4.08461,3.48945,4.06863,1.30493,544.936,417.597,0.0,0.0,0.4766,0.36523,0.0,0,0.0368444148,2.3083485417,1.9029619020821642,Test
BAXFIR02_clean,4.03285,3.42273,4.0125,1.31623,519.268,394.513,0.0,0.0,0.474,0.360121,0.0,0,0.0398583748,2.4222334806,1.986796366921942,Test
BAXSIE_clean,5.31376,5.06628,5.30265,1.49933,912.911,608.879,0.0,0.0,0.437,0.291463,0.0,1,0.0361027439,1.7298915882,1.6573980344972779,Train
BAZFUF01_clean,20.14565,8.54605,20.14565,0.342062,1831.33,5353.8,0.0,0.0,0.863,2.52293,0.0,1,0.0199977236,1.9440819746,1.9221068865284585,Train
BAZFUF_clean,20.24597,8.58384,20.24597,0.340053,1825.41,5368.02,0.0,0.0,0.8648,2.54313,0.0,1,0.019878488,1.948767492,1.9193476552555206,Train
BAZGAM_clean,42.79818,24.24061,42.79818,0.126526,810.47,6405.57,0.0,0.0,0.9392,7.42299,0.0,1,0.030409558,2.9756160112,2.4236009501600355,Test
BAZGEQ_clean,27.24034,13.9632,26.75245,0.334895,1602.49,4785.05,0.0,0.0,0.8624,2.57514,0.0,1,0.0228435347,2.0732701902,2.1654422084911262,Test
BAZJET_clean,13.37019,12.10117,13.37019,0.621294,2143.77,3450.5,0.0,0.0,0.742,1.19428,0.0,1,0.028313841,2.4516978409,2.4110650747154176,Test
BAZJIX_clean,8.75902,7.46421,8.75317,0.770453,2094.53,2718.57,0.0,0.0,0.676,0.877405,0.0,1,0.0308094823,2.3648150656,2.493103777847407,Train
BEDYEQ_clean,33.05863,31.49051,33.05863,0.462445,1416.09,3062.18,0.0,0.0,0.8292,1.79308,0.000432484,1,0.022122534,2.0044272272,1.9146123825000925,Test
BEFGEA_manual,9.2615,6.75088,8.75247,0.652591,2421.36,3710.38,0.0,0.0,0.722,1.10636,0.0,0,0.0332037895,2.7921038884,2.8063999483689663,Train
BEFLUV_clean,5.75316,3.83896,5.75316,1.56773,551.699,351.91,132.515,84.5269,0.4868,0.310514,0.0,1,0.654765141,4.1935710051,4.115131406768624,Train
BEFMAC_clean,5.39704,3.47321,5.39704,1.51705,1003.1,661.215,0.0,0.0,0.5144,0.339079,0.0,0,0.6112587684,5.873439300199999,5.768462679365013,Train
BEJZAS_clean,4.75514,3.65279,4.718,1.35569,1756.76,1295.84,0.0,0.0,0.628,0.463233,0.0,0,0.0350211907,2.4655025766,2.5166514298469074,Test
BELJIL_clean,7.21036,5.21436,7.21036,1.28754,867.89,674.07,0.0,0.0,0.459,0.356494,0.0,1,0.0112746166,0.9305943062,0.8597442046358863,Train
BELTOD_clean,5.92256,4.27878,5.89247,1.03427,1509.77,1459.74,0.0802539,0.0775946,0.5748,0.555753,0.0,1,0.037554642,2.5194348988,2.484603677069453,Test
BELTUJ_clean,5.64744,4.1969,5.5822,1.08566,1393.43,1283.49,0.0,0.0,0.5582,0.51416,0.0,1,0.0405952327,2.5296399877,2.5224222668619367,Train
BENXUP_clean,4.10218,3.42336,4.09595,1.4733,653.043,443.252,0.0,0.0,0.4814,0.32675,0.0,1,0.0431049632,2.0274062077,2.1112246484464374,Train
BENZOL_clean,5.62502,3.68781,5.62502,1.15041,1146.89,996.943,0.0,0.0,0.4858,0.422284,0.0,1,0.0447572893,2.3487068092,2.3685196334229546,Test
BENZUR_clean,5.75474,3.70828,5.75474,1.24694,1151.54,923.496,0.0,0.0,0.5016,0.402265,0.0,1,0.0380400765,2.0435815066,2.0754340848437183,Train
BEPBAB_clean,5.3188,3.97632,5.3188,1.04154,1135.05,1089.78,0.0,0.0,0.473,0.454133,0.0,1,0.049056682,2.4424713361,2.524244095702186,Train
BEPLUF_clean,10.54661,10.45745,10.54661,0.882268,1351.9,1532.3,0.0,0.0,0.655,0.742405,0.0,1,0.0102404365,0.9647246384,0.9775272718492216,Test
BEPMAM_clean,10.35764,10.23297,10.35764,0.893987,1370.16,1532.64,0.0,0.0,0.63,0.704708,0.0,1,0.0103539983,0.9747209171,0.9716785011628044,Train
BEPMIU_clean,10.07029,9.95473,10.07029,1.02149,1143.41,1119.35,0.0,0.0,0.6036,0.590899,0.0,0,0.0074860524,0.7227102973999999,0.690459095415938,Train
BEPNIV_clean,10.32219,10.19883,10.32219,0.893387,1335.35,1494.71,0.0,0.0,0.6494,0.726897,0.0,1,0.0099321613,0.9575441614,0.952722039045904,Train
BEPNOB_clean,10.36311,10.23127,10.36311,0.890303,1334.01,1498.37,0.0,0.0,0.6478,0.727618,0.0,1,0.0095130948,0.9391993112,0.9052623173397634,Train
BEPNUH_clean,10.32563,10.2098,10.32563,1.16569,1103.61,946.742,0.0,0.0,0.6056,0.519521,0.0,0,0.0073851014,0.7142469516,0.7045886172561022,Train
BEPPAP_clean,9.9082,9.78954,9.90791,1.03173,1157.48,1121.89,0.0,0.0,0.5902,0.57205,0.0,0,0.0074166223,0.7151994485,0.6985829128286447,Train
BEPPIX_clean,9.77409,9.63706,9.77409,0.990438,1290.67,1303.13,0.0,0.0,0.592,0.597716,0.0,1,0.0094287786,0.9151187406,0.8517147718355169,Train
BEPPOD_clean,10.03622,9.89092,10.03622,0.960732,1283.35,1335.81,0.0,0.0,0.613,0.638055,0.0,1,0.0097730869,0.931677093,0.8871590778363014,Train
BEPREV01_clean,6.64209,5.02845,6.632,0.808218,2539.09,3141.59,0.0,0.0,0.6368,0.787906,0.0,0,0.0576426716,4.3284615175,4.3149552509872136,Train
BEPREV02_clean,7.19383,5.44633,7.19383,0.766283,2502.2,3265.37,0.0,0.0,0.6548,0.854514,0.0,0,0.0491443635,3.9344579888,3.9919682625992956,Test
BEPREV03_clean,6.75186,5.16957,6.7451,0.798706,2519.19,3154.09,0.0,0.0,0.64,0.801296,0.0,0,0.0551300889,4.237925341,4.194672761264554,Train
BEPREV_clean,6.75364,5.16047,6.74991,0.798706,2521.08,3156.46,0.0,0.0,0.6402,0.801547,0.0,0,0.0552632059,4.2389388452,4.225971627105496,Train
BEPRIZ_clean,10.21454,6.03558,10.21454,0.764371,2087.31,2730.76,0.0,0.0,0.673,0.880463,0.0,0,0.0304641417,2.5724741365,2.4950017347862867,Test
BEPROF_clean,8.00306,5.96794,8.00133,0.730038,2383.55,3264.96,0.0,0.0,0.687,0.941046,0.0,0,0.0351784871,3.0643073177,3.072666057129669,Train
BEPVEZ_clean,5.76875,4.44638,5.76422,1.26954,947.431,746.277,0.0,0.0,0.5084,0.400459,0.0,1,0.0160210355,1.0153840086,1.1015307146906292,Test
BEPVID_clean,5.29029,4.21546,5.29029,1.30564,829.286,635.159,0.0,0.0,0.5122,0.392299,0.0,1,0.0175755355,1.0495879344,1.1093206458718246,Train
BEPVOJ01_clean,5.12362,3.97858,5.12362,1.3287,794.481,597.937,0.0,0.0,0.5126,0.38579,0.0,1,0.0188559052,1.0582960895,1.127307826986642,Train
BEPVOJ_clean,4.87498,3.77095,4.87498,1.35072,712.934,527.818,0.0,0.0,0.5034,0.37269,0.0,1,0.0188296412,1.0373489139,1.1286545607554381,Test
BEPWEA_clean,4.94352,3.50226,4.94123,1.37749,785.436,570.193,0.160637,0.116616,0.4914,0.356735,0.0,1,0.0058625782,0.5077478404,0.5254837472009011,Train
BETDAH_clean,6.20265,4.35013,6.20265,1.16306,2339.54,2011.54,0.0,0.0,0.6178,0.531186,0.0,1,0.040059809,2.7416089688,2.8014057489321043,Test
BETDEL_clean,6.19335,4.27368,6.19335,1.1646,2251.25,1933.07,0.0,0.0,0.6174,0.530141,0.0,1,0.0396943202,2.7934796867,2.735813798903135,Test
BETDIP_clean,6.11094,3.88458,6.10684,1.1806,2108.93,1786.32,0.0,0.0,0.6132,0.519398,0.0,1,0.0415810729,2.8316160016,2.810390437545102,Train
BETDUB_clean,6.03659,3.7841,6.03659,1.16905,1945.06,1663.8,0.0,0.0,0.6102,0.521964,0.0,1,0.0400775551,2.7247892017,2.671060244026756,Train
BETFAJ_clean,6.19267,4.31969,6.19,1.11108,2308.45,2077.66,0.0,0.0,0.6196,0.557654,0.0,1,0.041478528,2.8472755867000004,2.8648231716162753,Test
BETFEN_clean,6.20622,4.32109,6.20622,1.07862,2315.47,2146.71,0.0,0.0,0.6288,0.582969,0.0,1,0.0415792887,2.8622126665,2.895669376766915,Train
BETFUD_clean,6.14614,4.2626,6.11668,1.06295,2329.37,2191.42,0.0,0.0,0.6258,0.58874,0.0,1,0.0405167236,2.8162742743,2.8382719014041844,Train
BETGAK_clean,6.1095,4.21478,5.89063,1.06153,2331.97,2196.8,0.0,0.0,0.6284,0.591977,0.0,1,0.0417344913,2.8513412665,2.996641521632184,Test
BETGEO_clean,15.21578,5.06222,15.21578,1.31768,1287.77,977.304,381.116,289.233,0.6412,0.486614,0.0,1,0.0293248718,1.5773576115,1.815461781363331,Test
BETGIS_clean,14.00278,4.06192,14.00278,1.35807,1041.82,767.136,450.295,331.571,0.6224,0.458298,0.0,1,0.0187306847,1.3568993484,1.3802451942189287,Train
BETGOY_clean,15.16495,5.42937,15.16495,1.28137,1222.88,954.353,401.433,313.284,0.472,0.368356,0.11956,1,0.0206888335,1.4781434283,1.4635027956981879,Train
BETGUE_clean,15.53135,9.65919,15.53135,0.735216,1298.07,1765.57,466.651,634.712,0.7352,0.999978,0.0,1,0.0219518945,1.9228512124,1.9447646310870195,Test
BETHEP_clean,15.93969,5.38602,15.93969,1.55026,1210.88,781.08,479.733,309.453,0.6876,0.443538,0.0,1,0.0137249398,1.1502694388,1.0535037539932386,Test
BETHIT_clean,16.17666,10.50859,16.17666,0.819587,1287.14,1570.48,480.797,586.633,0.7656,0.934129,0.0,1,0.0176131738,1.5893429508,1.5837593971524433,Train
BETZOR_clean,7.75357,4.72091,7.64098,1.06732,1559.59,1461.22,0.0,0.0,0.5544,0.519432,0.0,1,0.0470526517,2.4640080584,2.791795045127664,Test
BEWVOQ_clean,10.23635,8.28637,9.99929,0.717556,2413.7,3363.78,0.0,0.0,0.7708,1.0742,0.0,0,0.0105657196,1.0223253274,1.044760386980676,Train
BEWWEH_clean,9.01955,7.89385,9.01955,0.713962,2373.05,3323.78,0.0,0.0,0.7674,1.07485,0.0,0,0.0096363406,0.9382586445,0.9611615765377004,Train
BEXPAX_clean,6.17717,5.82599,6.17717,0.749009,3226.03,4307.06,0.0,0.0,0.7082,0.945516,0.0,1,0.0493741185,4.215610316499999,4.242869732573707,Train
BEXQIF_clean,8.04962,5.28644,8.01765,0.683962,2466.36,3605.99,0.0,0.0,0.7172,1.0486,0.0,0,0.0159201123,1.4912816048,1.4960340516957178,Train
BEXQOL_clean,8.04915,5.31359,8.00625,0.699237,2471.17,3534.09,0.0,0.0,0.7174,1.02598,0.0,0,0.0137979594,1.2789816831,1.304324113872551,Train
BEXQUR_clean,8.07729,5.36514,8.07375,0.705667,2478.07,3511.67,0.0,0.0,0.72,1.02031,0.0,0,0.0144740093,1.3187653751,1.3513862279998872,Train
BEXRAY_clean,8.11263,5.64009,8.11263,0.639388,2590.56,4051.63,0.0,0.0,0.7392,1.15611,0.0,0,0.0134137905,1.2807468683,1.2438358292210308,Train
BEXREC_clean,8.13134,5.54983,8.13134,0.665352,2617.27,3933.67,0.0,0.0,0.7388,1.11039,0.0,0,0.0143571718,1.3185378594,1.3401580283340562,Test
BEXRIG_clean,8.16514,5.60091,8.16514,0.67222,2617.75,3894.19,0.0,0.0,0.7394,1.09994,0.0,0,0.0146717416,1.3797703734,1.3658248906144992,Train
BEXRUT_clean,6.49399,4.71424,6.45917,1.07075,1422.45,1328.47,0.0,0.0,0.585,0.546348,0.0,1,0.0227443529,1.761465974,1.7712067592595364,Test
BEXSAA_clean,6.21678,4.72062,6.15067,0.992771,1456.96,1467.57,0.0,0.0,0.5884,0.592684,0.0,1,0.0227767259,1.77120603,1.806688656037101,Train
BEXSEE_clean,6.49176,4.26641,6.49176,1.04973,1376.89,1311.66,0.0,0.0,0.5628,0.536136,0.0,1,0.0214166435,1.703275989,1.6462699227616036,Train
BEXSII_clean,6.27069,4.79422,6.26455,0.943025,2150.91,2280.86,0.0,0.0,0.668,0.708359,0.0,1,0.03833003,2.8447978528,2.894019368091497,Train
BEXVEH_clean,9.97626,6.15688,9.95158,0.782835,2372.61,3030.79,0.0,0.0,0.7306,0.933274,0.0,1,0.0278698477,2.4065097731,2.3992674646482284,Test
BEYKEX_clean,5.23694,3.82822,5.23519,1.91723,1689.31,881.121,0.0,0.0,0.5532,0.288542,0.0,1,0.0117313961,0.9787193895,0.9729617760506162,Train
BEYSEF_clean,5.61731,4.74798,5.61731,1.17978,1409.15,1194.41,0.0,0.0,0.5534,0.469069,0.0,0,0.0165258874,1.3691924742,1.3160955622623827,Train
BIBXIV_clean,18.4936,4.06846,18.4936,0.9977,1657.17,1660.99,0.0,0.0,0.7322,0.733888,0.0,0,0.0244715174,2.0833183626,2.036335077225309,Train
BIBXOB_clean,19.69299,7.98654,19.69299,0.409554,1997.19,4876.5,0.0,0.0,0.826,2.01683,0.000488336,0,0.018327763,1.7567183076,1.7680610207508045,Train
BIBXUH_clean,14.73899,5.12647,14.73899,0.739806,2068.95,2796.6,0.0,0.0,0.7088,0.958089,0.00108136,0,0.0215517726,1.9758365829,1.845333061231345,Test
BICPOT_clean,7.30922,6.53578,7.30892,1.59286,1232.22,773.59,12.3074,7.72661,0.5162,0.324071,0.0,0,0.3417063198,5.2669589768,5.250157695245558,Train
BICPUA_clean,13.79678,9.90606,13.29085,0.543859,2105.6,3871.6,0.0,0.0,0.815,1.49855,0.0,1,0.0185439586,1.7741692389,1.744531942669184,Train
BIFGOO_clean,10.87246,9.01928,10.87246,1.75205,1220.8,696.781,0.0,0.0,0.5534,0.315858,0.0,1,0.0065010989,0.5539981909,0.5490004376250288,Train
BIFKEI_clean,5.92703,4.3432,5.92703,1.02128,2025.04,1982.84,0.0,0.0,0.6088,0.596113,0.0,1,0.0384398168,2.7305728294,2.8747303582681,Test
BIGZUO_clean,21.72315,20.98793,21.52659,0.308304,1399.52,4539.4,0.0,0.0,0.9064,2.93995,0.0,1,0.0149914215,1.4363810548,1.5380149423673386,Test
BIHBAX_clean,18.57439,17.55669,18.57439,0.321672,1460.76,4541.16,0.0,0.0,0.8984,2.79291,0.0,1,0.0143438797,1.4101884733,1.4429215464751697,Train
BIJDUV_clean,8.61386,5.69718,8.42708,0.896671,1704.44,1900.85,0.0,0.0,0.6122,0.682747,0.0,1,0.0222859917,1.7514272412,1.8694947480359516,Test
BIMDEF_clean,4.67684,3.43732,4.67684,1.38964,1289.29,927.79,0.0,0.0,0.5428,0.390606,0.0,1,0.047334464,2.6375988723,2.578884252488633,Test
BIMDIL_clean,5.20728,3.51213,5.20728,1.39622,1478.14,1058.67,0.0,0.0,0.539,0.386042,0.0,1,0.0574775635,3.0048878249,2.882436312731927,Train
BINCUY_manual,13.3117,8.62623,13.3117,0.583969,2196.14,3760.71,0.0,0.0,0.7246,1.24082,0.0,0,0.0237741461,2.1222971868,2.134732738841933,Train
BINDAF_manual,13.14316,8.49712,13.14316,0.600599,2185.42,3638.73,0.0,0.0,0.7212,1.2008,0.0,0,0.0247660706,2.1939748931,2.1980885016130025,Test
BINROH_clean,21.31368,10.23686,21.31368,0.503862,1906.53,3783.82,0.0,0.0,0.7964,1.58059,0.0,1,0.0293131845,2.4725788126,2.522421057673869,Train
BINRUN_clean,21.10286,10.09364,21.09225,0.511736,1907.73,3727.96,0.0,0.0,0.7778,1.51992,0.0,1,0.0321872337,2.6233555299,2.6725406283970474,Train
BINSAU_clean,21.88013,9.52705,21.05522,0.471575,1883.78,3994.65,0.0,0.0,0.7874,1.66972,0.0,1,0.0276903906,2.4082780377,2.4488469648316307,Train
BIPLIX_clean,7.36646,5.75458,7.16866,1.07595,1632.15,1516.94,0.0,0.0,0.6014,0.558949,0.0,1,0.0162101144,1.3600707706,1.4306163339644533,Train
BIPSUQ_clean,18.61448,16.92881,18.61448,0.43749,1960.32,4480.84,0.0,0.0,0.8374,1.9141,0.0,1,0.0192602238,1.7952835065,1.8230846495463404,Test
BIQHEQ_clean,4.74191,3.53352,4.74191,1.13318,1109.52,979.12,0.0,0.0,0.542,0.478299,0.0,1,0.0649449391,3.0026365841,3.1013224494701106,Train
BIQVII_clean,5.22147,4.62031,5.22147,1.62242,863.635,532.315,0.0,0.0,0.4264,0.262818,0.0,1,0.0212063949,1.2667804591,1.2020143763952182,Test
BIRMUM_clean,5.54904,4.6855,5.54904,1.2621,494.559,391.853,0.0,0.0,0.4238,0.335789,0.0,1,0.0121961123,0.7995766893,0.6915542019136487,Test
BIRSEC_clean,6.48832,4.86094,6.48832,1.33798,1247.05,932.038,0.0,0.0,0.5134,0.383713,0.0,1,0.0245098991,1.611434626,1.650702417712945,Train
BIRSIG_clean,6.37536,4.74657,6.37536,1.3786,1214.29,880.813,0.0,0.0,0.4994,0.362252,0.0,1,0.027163366,1.7038463247,1.7374326067247263,Train
BIWSEG_ion_b,29.73511,11.96997,29.73511,0.466941,1434.98,3073.15,0.0,0.0,0.843,1.80537,0.0,1,0.0219714987,1.6629800758000002,1.8093980077086373,Train
BIWSIK_ion_b,18.63687,3.90699,18.63687,0.676975,1941.67,2868.16,0.0,0.0,0.7214,1.06562,0.0,0,0.0229073278,2.0177491374,2.0448690810912096,Train
BIWYAH10_clean,7.2461,5.52874,7.11386,0.722295,2876.07,3981.85,0.0,0.0,0.7574,1.0486,0.0,1,0.0097576132,0.9483840194,0.961129033308729,Train
BIXXIR_clean,6.61997,3.93876,6.61997,3.35504,1248.51,372.13,0.0,0.0,0.4698,0.140028,0.0,1,0.0050665983,0.4307779122,0.40876568299770155,Train
BIXYEO_clean,6.67369,4.00375,6.66785,3.33858,1267.68,379.707,0.0,0.0,0.4688,0.140419,0.0,1,0.0050348294,0.4308912216,0.41699649009096595,Train
BIYSUZ_clean,8.31867,7.50799,8.23674,1.3283,1507.88,1135.19,0.0,0.0,0.5826,0.438604,0.0,1,0.0137490642,1.1304103486,1.1774021573872715,Train
BIYTAG_clean,8.33704,7.53322,8.33704,1.33737,1512.13,1130.67,0.0,0.0,0.5802,0.433835,0.0,1,0.0138350942,1.1227318946,1.2016486967737459,Train
BIYTOU_clean,7.95789,5.70379,7.949,1.02105,1875.01,1836.36,0.0,0.0,0.6212,0.608393,0.0,1,0.0257106568,1.965095794,2.091691495269527,Test
BIYVEM_clean,7.9618,7.16704,7.94594,1.42154,1501.18,1056.02,0.0,0.0,0.5718,0.402241,0.0,1,0.0134591574,1.1091645127,1.1154274601085403,Train
BIYVIQ_clean,8.9412,8.20862,8.9412,1.41865,1440.37,1015.31,0.0,0.0,0.5976,0.421246,0.0,1,0.012665664,1.0270323045,1.016750330494503,Test
BIZLUT_clean,8.11197,6.3971,8.1065,0.849879,2006.01,2360.34,0.0,0.0,0.6572,0.773287,0.0,0,0.0331778838,2.5176148837,2.6343685511098953,Test
BIZMAA_clean,8.82584,6.80117,8.82584,0.838203,2031.61,2423.76,0.0,0.0,0.6668,0.795512,0.0,0,0.0322288547,2.5155886158,2.551116571194465,Test
BIZMEE_clean,8.33004,6.47185,8.30636,0.855248,2017.93,2359.47,0.0,0.0,0.661,0.772875,0.0,0,0.0325158043,2.5296546573,2.576403115055377,Train
BIZMII_clean,8.09188,6.36998,8.09188,0.865187,2004.99,2317.41,0.0,0.0,0.6566,0.758911,0.0,0,0.0333121291,2.549619396,2.6515514600627874,Test
BOCKOT_clean,4.81526,3.42101,4.526,1.37869,1402.34,1017.16,0.0,0.0,0.5962,0.43244,0.0,1,0.0159586104,1.3091741658,1.3268888675012618,Train
BOHJOZ_auto,7.4485,3.57263,7.4485,1.57117,1415.9,901.179,0.0,0.0,0.557,0.354513,0.000254588,0,0.0021838443,0.2067445187,0.226805311792327,Train
BOJCIN_clean,5.54889,5.25047,5.54889,1.10605,695.341,628.668,98.2069,88.7903,0.5312,0.480266,0.0,0,0.0166928988,1.1298846417,1.178423105600554,Test
BOKQEZ_clean,7.07757,4.49353,7.07641,1.32957,1554.46,1169.14,0.0,0.0,0.5416,0.407349,0.0,1,0.0141945117,1.2255442262,1.1734791959873192,Train
BOLPAU_clean,7.91374,5.10301,7.55666,0.900168,2008.9,2231.69,0.0,0.0,0.6468,0.718533,0.0,1,0.0424275038,2.9615619651,3.017089214515856,Test
BOLZIN_clean,18.71247,7.75585,17.49896,0.466942,1971.58,4222.32,0.0,0.0,0.8076,1.72955,0.0,0,0.0209741771,1.8790787338,1.9654333084458981,Test
BOMCOX_clean,5.96735,4.28567,5.96735,1.1236,1334.13,1187.38,0.0,0.0,0.5368,0.477752,0.0,1,0.0392647578,2.4640463251,2.354495431036207,Test
BOPHIZ_clean,6.90751,5.24121,6.77761,1.23618,1521.62,1230.9,0.0,0.0,0.572,0.462715,0.0,1,0.0408289836,2.5504047724000003,2.482939336499147,Test
BOVHEB_clean,5.76843,4.22597,5.76235,1.21128,1167.42,963.79,0.0,0.0,0.531,0.43838,0.0,1,0.1129186807,3.3054392514,3.3991792972681707,Train
BOWDIC_clean,7.01096,4.61744,6.88238,1.0069,1455.4,1445.42,181.324,180.081,0.5804,0.57642,0.0,1,0.0457579827,2.6931446889,2.684330683012915,Train
BOWNUY_clean,15.52711,9.99848,15.50545,0.770284,1323.45,1718.13,449.917,584.092,0.7344,0.953414,0.0,1,0.0230357392,1.9198577073,1.965945526238075,Train
BOWRAH_clean,4.51959,4.0875,4.51959,2.30989,576.12,249.414,0.0,0.0,0.3594,0.155592,0.0,1,0.2196677655,1.7000880350999998,1.8016171984272227,Train
BOWZUK_clean,8.36121,7.81351,8.30025,0.894084,1398.32,1563.97,0.0,0.0,0.6136,0.686289,0.0,1,0.0207263947,1.7693086997999998,1.7326938517113384,Test
BOXFOK_clean,18.0621,10.42327,18.0621,0.790526,1355.07,1714.14,197.917,250.36,0.69,0.872836,0.0,1,0.0503299021,1.7922377661000002,1.9061361189995207,Train
BOXYIY_clean,4.39053,3.85775,4.38747,1.58321,405.121,255.886,388.713,245.521,0.5092,0.321625,0.0,0,0.0245827023,1.5584277441,1.5467483801549944,Test
BOYCEY_auto,12.37213,6.12785,11.76706,0.613909,2396.05,3902.93,0.0,0.0,0.7532,1.22689,0.0,1,0.0345368648,2.5830790539,2.750029652511818,Test
BOYTEQ_clean,4.92609,4.59373,4.92609,1.2701,571.535,449.993,0.0,0.0,0.42,0.330683,0.0,0,0.0368560377,1.3633981699000002,1.4223060801210932,Test
BOYYOF_clean,9.47252,6.48081,9.47252,1.142,1531.96,1341.47,0.0,0.0,0.5924,0.518737,0.0,1,0.0131465757,1.1078443848,1.2077276558317858,Test
BOZFIH_clean,5.87158,4.75385,5.8575,1.05542,1850.88,1753.69,0.0,0.0,0.6,0.568494,0.0,1,0.0537397269,3.1271424114,3.2122689337050208,Train
BOZFON_clean,6.15469,4.01567,6.15002,1.24414,1139.51,915.903,0.0,0.0,0.502,0.403491,0.0,1,0.0390884442,2.0123558643,2.062432240105036,Test
BUBQOE_clean,4.52128,3.65213,4.52128,2.72539,937.142,343.857,0.0,0.0,0.5338,0.195862,0.0,1,0.0139549248,0.8746424215999999,0.9401961800800547,Train
BUBTUP_clean,7.20698,3.66387,7.20698,1.23952,885.576,714.451,0.0,0.0,0.5112,0.412418,0.0,1,0.0216917186,1.5452467734,1.442617473954567,Train
BUCSEY_clean,4.71556,3.52125,4.69979,1.38457,757.197,546.884,0.91517,0.66098,0.4988,0.360257,0.0,1,0.0359103547,1.8546750775,1.8153930239084797,Train
BUCVAY_clean,5.36914,3.4206,5.36914,1.22099,548.684,449.375,0.0,0.0,0.4634,0.379527,0.0,1,0.0437983877,1.4256341313999998,1.649303922818131,Test
BUCWAZ_clean,8.06989,6.31772,7.96603,0.986571,2261.23,2292.01,0.0,0.0,0.6822,0.691486,0.0,1,0.0254703159,1.9637059233,2.1419886721714416,Test
BUGSAY_clean,4.67913,4.1432,4.67313,1.68326,1087.13,645.849,0.0,0.0,0.5314,0.315696,0.0,1,0.0101116003,0.8006621553000001,0.8086717033663682,Train
BUGSEC_clean,4.72085,4.19082,4.71595,1.60879,1101.18,684.479,0.0,0.0,0.538,0.334413,0.0,1,0.0099126537,0.7949662752,0.7917815209723127,Train
BUGSIG_clean,4.72751,4.18275,4.72118,1.638,1097.7,670.147,0.0,0.0,0.5356,0.326984,0.0,1,0.0099660565,0.7928820493000001,0.7963911101074173,Train
BUGSOM_clean,4.69508,4.16375,4.68969,1.65941,1093.22,658.798,0.0,0.0,0.5332,0.321319,0.0,1,0.0099971772,0.7952464093000001,0.7935801969311971,Train
BUKMUQ01_clean,5.90111,4.73838,5.90111,0.853512,2933.47,3436.94,0.0,0.0,0.7038,0.824593,0.0,1,0.030755807,2.7330581952,2.6629056739986017,Test
BUKRUW01_clean,10.63994,5.17607,10.63994,0.946218,2406.2,2542.96,0.0,0.0,0.7374,0.779313,0.0,1,0.0157668836,1.513349195,1.5025993935034652,Train
BUKRUW02_clean,10.18784,5.8011,10.17435,0.90051,2432.65,2701.41,0.0,0.0,0.7394,0.821091,0.0,1,0.015080416,1.4650838528,1.466354042312209,Train
BUKRUW03_clean,10.56885,5.12331,10.56885,0.827757,2720.18,3286.2,0.0,0.0,0.764,0.922976,0.0,1,0.0136001328,1.3088535829,1.3019027201170226,Test
BUKYAJ_clean,5.10209,3.53964,5.09477,0.92244,1064.13,1153.61,0.0,0.0,0.5144,0.557651,0.0,0,0.0735085454,3.3420170133,3.3459556856893355,Train
BULBER_clean,7.8305,4.27284,7.79516,1.49467,1437.06,961.456,0.0,0.0,0.5544,0.370918,0.0,1,0.0142773212,1.1663627846,1.1291233521793815,Test
BUNKUS_clean,39.11063,37.47642,39.11063,0.375289,1307.21,3483.2,0.0,0.0,0.8658,2.30702,0.0,1,0.0212145762,1.8838847536,1.902570809193029,Train
BUNLAZ_clean,38.39638,36.09316,38.39638,0.330751,1417.57,4285.91,0.0,0.0,0.8776,2.65335,0.0,1,0.020817022,2.0581267753,2.0153408891284332,Train
BUPVEP_clean,8.00881,3.79594,6.88527,1.70124,1586.52,932.564,97.3647,57.2315,0.582,0.342103,0.00105805,0,0.0120063176,0.9440922998,0.8409194229459609,Test
BUQWER_clean,5.03897,4.14527,5.03897,1.26322,872.21,690.465,0.0,0.0,0.5016,0.39708,0.0,1,0.0704682852,2.5891344418,2.529181975659064,Test
BURJOO_clean,5.25312,4.62411,5.25312,1.36621,795.034,581.927,0.0,0.0,0.4348,0.318253,0.0,0,0.0238168594,1.3562222399,1.3252525382588423,Train
BURQIQ_clean,8.30102,5.43995,8.30102,0.998622,1908.3,1910.93,0.0,0.0,0.629,0.629868,0.0,1,0.037657348,2.5395232816,2.667703283066911,Train
BUSNAF_clean,7.07895,5.43293,7.07895,1.23597,749.429,606.348,0.0,0.0,0.4656,0.376708,0.0,0,0.0122936846,0.8923723634999999,0.9210244861765273,Train
BUSQEM_clean,5.28773,3.7404,5.27624,0.951333,772.872,812.409,527.0,553.959,0.565,0.593903,0.0,0,0.1108694905,3.9657231152,3.9979530506109557,Train
BUSQIQ_clean,4.44057,3.72721,4.4272,1.56982,999.031,636.398,0.0,0.0,0.4302,0.274044,0.0,0,0.4629732698,3.7682311716,3.8963269185713485,Train
BUSRUE_clean,6.9387,5.51917,6.92321,1.06823,1491.74,1396.46,0.0,0.0,0.5618,0.525916,0.0,0,0.0445019184,2.7313214130000003,2.8512968689865783,Train
BUVHEH_clean,4.88072,3.66399,4.88072,1.23567,2100.31,1699.73,0.0,0.0,0.5996,0.485242,0.0,1,0.0291448736,2.2200871977000003,2.2065514020613226,Test
BUVWOF02_clean,7.02744,5.38791,7.02744,1.22872,811.616,660.538,0.0,0.0,0.4574,0.372258,0.0,0,0.0113418765,0.9417449748,0.9047384889401215,Train
BUVWOF03_clean,7.08217,5.70931,7.08217,1.19421,800.187,670.058,0.0,0.0,0.4798,0.401773,0.0,0,0.0139292291,1.1083210648,1.07051636449761,Train
BUVXOG_clean,6.82532,5.20998,6.82532,1.26745,776.672,612.785,0.0,0.0,0.469,0.370036,0.0,0,0.0117555198,0.9386995609,0.8744047655532114,Train
BUVYEX_clean,7.01349,5.55881,7.01349,1.21167,786.339,648.971,0.0,0.0,0.4712,0.388885,0.0,0,0.0145038878,1.1262770695,1.0726006430644133,Test
BUVYIB01_clean,10.81747,8.62628,10.81747,0.682989,2289.3,3351.88,0.0,0.0,0.7066,1.03457,0.0,0,0.0427163025,3.3173135701,3.1559685959110464,Test
BUVYIB_clean,10.88811,8.55613,10.38381,0.702067,2220.12,3162.26,0.0,0.0,0.6958,0.991073,0.0,0,0.0458144628,3.4011054826,3.3510428161837575,Test
BUWLUC_clean,5.18793,3.64341,5.18793,1.32106,1477.38,1118.33,1.23611,0.935694,0.6038,0.457058,0.0,1,0.0112722698,0.9655456218,0.9514701690912697,Test
BUWMAJ_clean,5.16551,3.78381,5.16551,1.21126,1971.74,1627.85,16.6796,13.7705,0.662,0.54654,0.0,1,0.0119059705,1.1355559318,1.1128450118406614,Train
BUWMEN_clean,5.23161,3.83405,5.2282,1.19035,2065.33,1735.06,0.0,0.0,0.6496,0.545721,0.0,1,0.0132580915,1.2105562712,1.2199964347434822,Train
BUWMIR_clean,5.20646,3.81875,5.20646,1.17377,2092.97,1783.12,2.40975,2.053,0.6684,0.569448,0.0,1,0.0124739659,1.1707576313,1.131344523800435,Train
BUXNOZ_clean,11.48655,6.30332,11.4793,0.804674,2171.28,2698.33,0.0,0.0,0.7258,0.90198,0.0,1,0.0263755721,2.1520737803,2.151709381902402,Train
BUXTOF_clean,5.10112,3.76343,4.43149,1.37664,488.999,355.212,519.913,377.668,0.5386,0.391242,0.0,1,0.0649165379,3.1117768275,3.050818254242226,Train
BUXZAX_clean,33.37685,31.81617,33.36969,0.55548,1448.92,2608.41,0.0,0.0,0.8332,1.49996,0.000360049,1,0.0172354321,1.6015546559,1.5552981684974654,Train
c4ce00408f_c4ce00408f2_clean,12.62762,5.23882,12.62762,1.04827,1808.67,1725.39,210.803,201.096,0.6818,0.650406,0.0,1,0.0504931985,2.070054862,2.1144235627224255,Train
c4dt03702b_c4dt03702b2_clean,8.83143,6.21194,8.83143,0.592358,2322.31,3920.45,0.0,0.0,0.7494,1.26511,0.0,0,0.0199541508,1.8273900135,1.778063267477179,Test
c5cc04223b_c5cc04223b2_clean,12.29704,9.67035,12.2571,0.522428,2226.93,4262.65,0.0,0.0,0.794,1.51983,0.0,1,0.0196841403,1.8279340667,1.8443687592681874,Test
c5cc09432a_c5cc09432a2_clean,7.04652,4.99124,7.03394,1.10591,1252.19,1132.28,0.0,0.0,0.53,0.479244,0.0,1,0.0286405814,2.1140066582,1.9484005360431456,Test
c5cc10203k_c5cc10203k2_clean,16.11055,7.03802,16.11055,0.497,2186.45,4399.29,0.0,0.0,0.7782,1.5658,0.0,1,0.027002721,2.5796439028,2.496172117250572,Train
c5ce00862j_c5ce00862j2_clean,7.29772,5.9904,7.16104,1.02623,1329.56,1295.58,0.0,0.0,0.5566,0.542374,0.0,0,0.0356490685,2.3323628182,2.465654690271862,Test
c5ce01948f_c5ce01948f2_clean,5.17559,4.77124,5.17559,1.89554,519.58,274.107,0.0,0.0,0.3868,0.204058,0.0,0,0.0083747681,0.5139676636,0.5090188340333885,Train
c5ce02194d_c5ce02194d2_clean,6.92785,5.95944,6.79754,0.95198,1569.85,1649.04,0.0,0.0,0.5884,0.61808,0.0,1,0.0376134857,2.450120068,2.7408899816004,Test
c5cp03920g_c5cp03920g2_clean,8.5781,4.08235,8.5781,1.22102,1656.3,1356.48,0.0,0.0,0.5914,0.484347,0.000163797,0,0.0266742103,1.7229341444,2.0507740182722256,Test
c5dt03091a_c5dt03091a2_clean,12.70758,7.22422,12.62907,0.840959,1997.99,2375.84,0.0,0.0,0.7324,0.87091,0.0,0,0.0127778893,1.2119345104,1.1356280328390798,Train
c5gc02393a_c5gc02393a2_clean,5.4044,4.48945,5.38726,1.33709,1164.94,871.248,14.4818,10.8309,0.513,0.383669,0.0,1,0.0309699779,1.975388073,1.958520368115095,Train
c5nj01930c_c5nj01930c2_clean,5.64911,4.27538,5.64911,1.35969,1108.37,815.17,0.0,0.0,0.4986,0.366702,0.0,1,0.0400016504,2.0154000032,1.9850185176052892,Train
c5nj02634b_c5nj02634b2_clean,6.56089,5.15548,6.36711,0.972386,1739.81,1789.21,0.0,0.0,0.6012,0.618273,0.0,1,0.0409766364,2.8015850298,2.8944275521051086,Test
c5sc03494a_c5sc03494a2_clean,6.21978,5.55178,6.21978,0.911359,2530.42,2776.54,0.0,0.0,0.701,0.769181,0.0,0,0.042865711,3.5691612428,3.570518980402199,Test
c5ta04989j_c5ta04989j2_clean,7.09855,5.91102,7.08643,1.4765,1374.61,930.993,0.0,0.0,0.5276,0.357332,0.0,1,0.0277657963,2.0489801521,1.9225812829641102,Train
c6cc00862c_c6cc00862c2_clean,8.00553,6.19741,8.00553,0.932782,1633.12,1750.81,0.0,0.0,0.6212,0.665964,0.0,1,0.0384036433,3.0381000603,2.8650652057308865,Train
c6cc02494g_c6cc02494g1_clean,11.72847,10.48758,11.72847,1.03086,1570.44,1523.42,0.0,0.0,0.6508,0.631316,0.0,1,0.0148453089,1.367534979,1.3719748138760002,Train
c6cc02494g_c6cc02494g3_clean,11.9944,10.81728,11.9944,1.03032,1587.16,1540.45,0.0,0.0,0.6594,0.639995,0.0,1,0.0162699213,1.5068174481,1.5081393902545455,Test
c6cc02494g_c6cc02494g4_clean,11.99779,10.81941,11.9905,1.02929,1587.08,1541.92,0.0,0.0,0.6598,0.641025,0.0,1,0.0166108366,1.501750208,1.517047403146922,Test
c6cc02494g_c6cc02494g5_clean,11.54428,10.77033,11.54428,1.02257,1607.9,1572.4,0.0,0.0,0.664,0.649342,0.0,1,0.0154233606,1.4362453759,1.4418906358655694,Train
c6cc02494g_c6cc02494g6_clean,11.73822,10.49789,11.73822,1.02922,1570.21,1525.64,0.0,0.0,0.6512,0.632715,0.0,1,0.0145663782,1.3638375983000002,1.3441729673756806,Train
c6ce00126b_c6ce00126b2_clean,5.67441,4.44258,5.66536,1.13028,1138.37,1007.16,0.0,0.0,0.5446,0.481828,0.0,1,0.090629825,3.1175234303,3.2179925476795717,Train
c6ce00141f_c6ce00141f2_clean,9.56221,8.33336,9.07575,0.705297,1946.55,2759.91,0.0,0.0,0.6886,0.976327,0.0,0,0.026406429,2.3085140531,2.319092045567728,Test
c6ce00407e_c6ce00407e1_clean,15.77585,8.21654,15.76128,0.595584,2156.28,3620.44,0.0,0.0,0.7746,1.30057,0.0,1,0.0235676009,2.0192577597,2.0975707704007247,Train
c6ce00407e_c6ce00407e2_clean,12.56279,7.41464,12.35901,0.699904,2125.04,3036.19,0.0,0.0,0.7334,1.04786,0.0,1,0.0226698072,1.8473663824,2.020611537621847,Train
c6ce00407e_c6ce00407e3_clean,12.83222,6.18664,12.83222,0.918215,2210.46,2407.34,0.0,0.0,0.7204,0.784565,0.0,1,0.0444308975,2.5117354648,2.624881967055889,Train
c6ce00407e_c6ce00407e4_clean,54.27623,28.17362,54.19829,0.0636525,512.685,8054.44,0.0,0.0,0.9694,15.2296,0.0,0,0.0461680129,4.5448827862,2.8709043386851754,Test
c6ce00407e_c6ce00407e7_clean,33.68342,15.87888,33.68342,0.207465,1336.6,6442.53,0.0,0.0,0.9124,4.39786,0.0,1,0.0258850379,2.4393063944,2.3604797889081404,Test
c6ce00407e_c6ce00407e8_clean,6.42415,4.65473,6.4148,0.850252,2400.69,2823.5,0.0,0.0,0.6736,0.792235,0.0,1,0.0304798093,2.6754186761,2.578262720764475,Train
c6ce00407e_c6ce00407e9_clean,13.32178,10.04301,13.32178,0.313342,1952.24,6230.37,0.0,0.0,0.8528,2.72162,0.0,1,0.0160876375,1.6208513129,1.6366684523881956,Train
c6dt03852b_c6dt03852b2_clean,13.14811,11.57992,13.14609,0.737977,1944.6,2635.04,0.0,0.0,0.7482,1.01385,0.000271011,1,0.0254306068,1.8530924935,2.0193347330934155,Train
c6ta00429f_c6ta00429f2_clean,15.86893,5.53957,7.79231,0.722489,2062.25,2854.37,0.0,0.0,0.6916,0.957247,0.000276821,0,0.0216035444,1.9166889694,1.9390754950538416,Train
CABJOH_clean,4.53725,3.92462,4.47478,1.06179,1786.16,1682.21,0.0,0.0,0.5552,0.522889,0.0,1,0.076368591,4.297773938500001,4.353933862943542,Train
CACBUG_clean,4.28617,3.67636,4.28617,1.29935,625.637,481.501,0.0,0.0,0.4628,0.356178,0.0,1,0.0115462711,0.90228357,0.8856942830313821,Train
CADPII_clean,5.83331,5.05627,5.83331,2.03698,286.725,140.76,0.0,0.0,0.351,0.172314,0.0,1,0.018639427,0.5428409661,0.6036896086940964,Train
CADQAB_clean,6.63883,4.78268,6.63883,1.11548,2206.23,1977.84,0.0,0.0,0.6348,0.569083,0.0,1,0.0284388688,2.2718512644,2.2334065136214676,Test
CADQOP_clean,6.71582,4.81933,6.71582,1.09675,2218.01,2022.35,0.0,0.0,0.6388,0.58245,0.0,1,0.024992897,2.0416613623,2.057765986915369,Train
CADZIT_clean,4.17501,3.53659,4.16494,1.26214,543.593,430.693,0.0,0.0,0.4638,0.367472,0.0,0,0.0219945598,1.6288529008,1.364503478678287,Test
CAGSAG_clean,9.02799,5.29308,7.06322,0.961699,2031.62,2112.53,9.03866,9.39864,0.6624,0.688781,0.0,1,0.0370470227,2.6683008973,2.765081099578983,Train
CAGXIU_clean,5.87273,4.76439,5.85793,1.68022,875.321,520.957,0.0,0.0,0.4288,0.255205,0.0,0,0.0438814311,1.7506490231,1.6565250419292452,Train
CAJQEL_clean,13.93661,8.23046,13.93661,0.705662,2053.08,2909.44,0.0,0.0,0.7554,1.07048,0.0,1,0.0437211287,2.4858986106,2.98885094822999,Test
CAJQIP_clean,13.27741,7.61293,13.27741,0.545408,2173.64,3985.35,0.0,0.0,0.787,1.44296,0.0,1,0.0315458463,2.3830748947,2.623568621502802,Test
CAJWIV_ion_b,6.19996,3.79741,6.11559,1.07892,1261.13,1168.88,0.0,0.0,0.546,0.50606,0.0,1,0.0457007139,2.6436778283,2.6366792684110325,Train
CANRIU_clean,6.98874,4.43531,6.97328,0.861557,1846.01,2142.64,0.0,0.0,0.6044,0.70152,0.0,1,0.0478527583,3.0131736027,3.239638691638543,Test
CANROA_clean,6.93935,4.21694,6.93935,0.944373,1810.25,1916.88,0.0,0.0,0.5966,0.631742,0.0,1,0.0400728155,2.6063053445,2.8430918060469863,Train
CANRUG_clean,6.57321,4.9271,6.57235,0.884567,1797.13,2031.65,0.0,0.0,0.588,0.664732,0.0,1,0.0473794028,3.4573029645,3.2930082251967883,Train
CANYIB_clean,8.93125,8.46949,8.93125,1.07172,1754.82,1637.38,0.0,0.0,0.614,0.572909,0.0,1,0.0229475655,1.8849147839,1.8760339228348557,Test
CAPLOX_clean,6.59085,5.37966,6.59085,1.11008,2109.4,1900.22,0.0,0.0,0.6376,0.574371,0.0,1,0.0336810501,2.5197273347,2.5053687026247893,Train
CAQCAZ_clean,6.29148,5.67839,6.29148,1.73371,1423.23,820.916,0.0,0.0,0.5114,0.294974,0.0,0,0.0726192627,3.0216281342,2.989293066372608,Train
CARGEI_clean,4.10808,3.65886,4.09677,3.44333,235.863,68.4985,0.0,0.0,0.3342,0.0970573,0.0,1,0.0006560858,0.0643720862,0.07973176627485845,Train
CASTEW_clean,6.08438,5.45003,6.05599,1.74666,1447.28,828.595,0.0,0.0,0.5044,0.288779,0.0,0,0.0783451082,3.0172984017,3.0260802406436014,Train
CAVMOD_clean,10.28847,9.36955,10.28847,0.959454,1312.84,1368.32,0.0,0.0,0.585,0.609722,0.0,1,0.0273145927,1.7517046230000002,1.9192628710072592,Test
CAVNOE_clean,5.24143,4.75286,5.24143,1.73091,867.69,501.29,0.0,0.0,0.4214,0.243455,0.0,0,0.0396751064,1.5826209109,1.5302247079788105,Test
CAVPEW_manual,20.25907,7.7782,20.25907,0.40269,1930.55,4794.14,0.0,0.0,0.8198,2.03581,0.0,0,0.0198547654,1.9440032499,1.900615084556925,Train
CAVPIA_manual,19.92035,7.75151,19.86628,0.416148,1969.69,4733.15,0.0,0.0,0.8146,1.95748,0.0,0,0.0197488318,1.9209570621,1.8935212103141448,Train
CAVPUM_manual,20.42812,7.78019,20.42812,0.407456,1942.56,4767.53,0.0,0.0,0.8202,2.01298,0.0,1,0.0209559908,2.0159367768000003,1.9964861073457232,Train
CAVRAU_clean,8.06449,6.42877,8.06449,0.994088,1841.55,1852.5,0.0,0.0,0.6396,0.643404,0.0,1,0.056202433,2.6945187898,2.9578737982004535,Train
CAVREY_clean,7.18071,5.30054,7.16429,1.02665,1966.55,1915.49,0.0,0.0,0.6398,0.62319,0.0,1,0.055230507,2.7387658983,2.9770609868314457,Train
CAVSUP_clean,6.03054,5.46806,6.0217,1.37834,1107.72,803.663,0.0,0.0,0.5324,0.386261,0.0,0,0.0128666748,1.0147354456,1.0031062628597973,Test
CAVVUS_clean,8.70352,6.17686,8.67533,1.10684,1589.76,1436.3,0.0,0.0,0.6378,0.576233,0.0,1,0.0311767729,2.3997706577,2.2988615074086978,Test
CAWDOU02_clean,6.97816,4.93144,6.97816,0.905214,1990.01,2198.39,0.0,0.0,0.6108,0.674758,0.0,1,0.0346507959,2.4653234601,2.6048151877968166,Train
CAWVIH_SL,6.49654,4.73872,6.48371,1.24069,901.093,726.283,0.0,0.0,0.4956,0.399454,0.0,0,0.0378806952,2.0621201088,1.858529856751973,Test
CAXTAY_clean,10.46003,5.71128,10.46003,0.724219,2006.33,2770.34,0.0,0.0,0.6846,0.945294,0.0,0,0.0155335094,1.4620495144,1.4745129954739074,Train
CAXTEC_clean,10.87616,5.2726,10.87615,0.837152,1928.01,2303.05,0.0,0.0,0.6672,0.796988,0.0,0,0.0246008695,2.0476813556,2.100256851038981,Test
CAXVII_clean,11.59355,10.81405,11.59355,1.12398,1567.91,1394.96,0.0,0.0,0.6396,0.569048,0.0,1,0.0200447193,1.8255883006,1.7607083103768097,Train
CAXVOO_clean,11.60689,10.81841,11.60689,1.12075,1577.05,1407.14,0.0,0.0,0.6396,0.57069,0.0,1,0.0193815885,1.7900935412,1.7165748992659369,Test
CAXVUU_clean,11.30625,10.52946,11.30625,1.14718,1579.61,1376.96,0.0,0.0,0.6282,0.547605,0.0,1,0.0196486576,1.7917559103,1.7549141465601474,Train
CAXWAB_clean,11.47981,10.7455,11.47981,1.14506,1582.63,1382.13,0.0,0.0,0.6306,0.550713,0.0,1,0.0205025521,1.8497317136,1.791006568251197,Test
CAXWEF_clean,11.4766,10.80771,11.4766,1.14451,1589.9,1389.16,0.0,0.0,0.6324,0.552552,0.0,1,0.0202482006,1.8506092265,1.7976527178679147,Train
CAXWIJ_clean,11.51419,10.74209,11.51419,1.143,1585.27,1386.93,0.0,0.0,0.6362,0.556603,0.0,1,0.020691499,1.8635139343,1.8471155965049104,Test
CAXXEG_clean,6.07325,3.85926,6.03932,1.21319,1423.03,1172.97,0.0,0.0,0.5422,0.446922,0.0,0,0.0266297362,1.9160962756,1.904033127489487,Train
CAXZOS_clean,9.21896,5.54947,8.26542,0.933786,1488.97,1594.55,0.0,0.0,0.591,0.632907,0.0,0,0.039669982,3.0831780043,2.994039394378662,Train
CAXZUY_clean,9.32301,5.43687,8.01925,0.950981,1467.16,1542.78,0.0,0.0,0.579,0.608845,0.0,0,0.0406359306,3.1386247959,2.990933618390335,Train
CAYCAI_clean,6.80768,3.74439,6.80768,1.98488,984.427,495.962,6.49147,3.27046,0.4704,0.236991,0.0,1,0.0036273538,0.322478265,0.34644061833891127,Train
CAYDEN_clean,5.0519,4.88565,5.0519,1.50882,682.819,452.551,0.0,0.0,0.463,0.306862,0.0,0,0.0113101155,0.6807933056000001,0.7051567470567981,Train
CAYDIR_clean,5.11017,4.94322,5.11017,1.49623,706.715,472.33,0.0,0.0,0.4642,0.310247,0.0,0,0.0109063197,0.6826193315000001,0.7181228347728099,Train
CAYDUD_clean,5.16273,4.98367,5.16273,1.48699,695.762,467.899,0.0,0.0,0.4646,0.312443,0.0,0,0.0105510817,0.6754302331,0.6731622335031389,Train
CAYKEU_clean,6.90917,5.51195,6.89676,1.65926,1248.25,752.294,0.0,0.0,0.5378,0.32412,0.0,1,0.0215272322,1.4607262961,1.5230087464705218,Train
CAYMIZ_clean,5.09274,4.35949,5.06741,1.47774,1017.51,688.557,0.0,0.0,0.4866,0.329286,0.0,0,0.0333032097,1.7563258135,1.6934003452537552,Train
CAYQAV_clean,5.97925,4.27197,5.97925,1.3965,1570.86,1124.85,0.0,0.0,0.5832,0.417615,0.0,1,0.0130030698,1.1107559624,1.08340622223441,Train
CAYSIE_clean,7.01369,4.99057,7.01369,1.16777,715.513,612.717,0.0,0.0,0.471,0.403332,0.0,0,0.0070137563,0.6444329912,0.642818093595519,Train
CAYSOK_clean,7.10061,5.08651,7.10061,1.15597,734.4,635.313,0.0,0.0,0.476,0.411777,0.0,0,0.007827357,0.7155279684999999,0.6879081179538868,Train
CAYYEG_clean,7.23384,5.22809,7.23384,1.1195,757.877,676.976,0.0,0.0,0.4822,0.430726,0.0,0,0.0070601313,0.644488241,0.6482625316014241,Train
CAZGIT_clean,5.03658,3.98397,5.03257,1.74975,597.309,341.369,0.0,0.0,0.4322,0.247007,0.0,1,0.0281422579,1.2044982566,1.2214145991813292,Train
CAZNEY_clean,6.26427,5.09264,6.24536,0.832059,2251.27,2705.66,0.0,0.0,0.6506,0.781916,0.0,1,0.0327224065,2.7500544719,2.7312582347138377,Test
CEBDOD_clean,5.66465,5.15984,5.65666,2.39766,855.034,356.611,0.0,0.0,0.4118,0.171751,0.0,1,0.012254724,0.8585371086,0.7406717289558757,Train
CECVAI_clean,8.49795,6.03194,7.93874,0.769652,2649.07,3441.9,0.0,0.0,0.7384,0.959394,0.0,1,0.0187779775,1.7214540192,1.7547450922718444,Train
CEDFIC_clean,5.4924,4.94828,5.32905,1.21421,1932.36,1591.46,0.0,0.0,0.6236,0.513586,0.0,1,0.0339936427,2.2464545139,2.3617823608089,Train
CEGDUO_clean,4.82541,3.97638,4.82307,1.91831,724.949,377.909,0.0,0.0,0.4724,0.246258,0.0,1,0.0111913097,0.7216846689,0.7434065012210223,Train
CEGFAW_clean,4.76954,3.53933,4.76954,1.84478,851.951,461.818,0.0,0.0,0.4894,0.265289,0.0,1,0.0100713519,0.7197433473999999,0.7568843179308902,Train
CEGWER_clean,4.43901,3.87534,4.42525,1.46079,690.461,472.661,0.0,0.0,0.4246,0.290664,0.0,1,0.045689707,1.742367073,1.8377659508729232,Test
CEHLAD_clean,10.21413,5.8901,10.08749,0.853623,2217.93,2598.26,0.0,0.0,0.735,0.861036,0.0,1,0.0247593372,2.1363957813,2.09337760760375,Test
CEJBEA_clean,7.33038,5.85474,7.33038,1.57516,776.239,492.799,0.0,0.0,0.4492,0.285177,0.0,0,0.0082530256,0.5560528176,0.6980198857792863,Train
CEJCAW_clean,5.5108,4.81672,5.5108,1.18356,1317.21,1112.92,29.3634,24.8094,0.5646,0.477037,0.0,1,0.0224897409,1.617204532,1.6763076177684564,Train
CEJZAU_clean,7.19009,4.36372,6.93205,1.03983,1483.83,1427.0,0.0,0.0,0.5552,0.533934,0.0,0,0.04382551,2.9046935318,2.8321633087471705,Test
CEKHIL_clean,8.90548,6.79186,8.80947,0.613586,2659.69,4334.67,0.0,0.0,0.7608,1.23992,0.0,1,0.025186531,2.3337731721,2.318419537993166,Train
CEKROB_clean,5.35179,3.54558,5.35179,1.20403,773.46,642.39,0.0,0.0,0.4936,0.409955,0.0,0,0.0248833436,1.4541465226,1.4178555479196155,Test
CELZEA_clean,5.3255,4.52273,5.32364,1.62985,1218.16,747.41,0.0,0.0,0.5184,0.318067,0.0,1,0.0195452233,1.4914870081,1.3423752198047145,Train
CEMYUQ_clean,6.77494,3.84893,6.77491,1.21968,1760.79,1443.65,0.0,0.0,0.6118,0.501606,0.0,1,0.0583542641,3.780483992,3.594416508649564,Train
CENJIQ_clean,8.5056,4.03981,8.49212,1.2776,1268.59,992.946,62.8816,49.2184,0.584,0.457106,0.0,1,0.0186395285,1.405039045,1.3719313854456023,Test
CENKAJ_clean,8.21931,4.12189,8.21931,1.27633,1215.32,952.199,71.8847,56.3212,0.5908,0.462888,0.0,1,0.015418837,1.2625725626,1.2028116267297757,Test
CENPUI_clean,6.19698,4.05893,5.0808,0.999903,1127.63,1127.74,0.0,0.0,0.537,0.537052,0.0,1,0.1036988664,3.5347328276,3.5655213476989482,Train
CETFOX_clean,5.89862,5.05783,5.89274,1.36113,1575.61,1157.57,0.0,0.0,0.5628,0.413479,0.0,1,0.014839274,1.1742968198,1.2274362723387138,Test
CETFUD_clean,4.78644,4.1075,4.78644,1.42835,1079.17,755.535,0.0,0.0,0.4914,0.344034,0.0,1,0.0325131701,1.8634661907,1.868634129434871,Train
CETGOY_clean,10.22503,9.4107,10.22503,0.619603,1948.44,3144.66,0.0,0.0,0.6924,1.11749,0.0,1,0.018583517,1.7440379872,1.7756457113850437,Train
CETHEQ_clean,9.71439,7.35018,9.71439,1.06464,1786.46,1678.0,0.0,0.0,0.68,0.638714,0.0,1,0.0095694938,0.8999532215,0.8804302519997784,Train
CETJAN_clean_h,5.90298,3.79569,5.88477,1.04758,1099.93,1049.97,0.0,0.0,0.521,0.497338,0.0,0,0.0225019935,1.4358106306,1.6011623699464133,Train
CETNUL_clean,4.58077,3.60286,4.56313,1.13657,1013.54,891.755,16.0108,14.0869,0.5734,0.504499,0.0,0,0.0435966034,2.419878282,2.5043322124394427,Test
CEXHET_clean,5.56032,3.64308,4.81937,1.07672,1426.07,1324.45,4.06218,3.77273,0.5636,0.523441,0.0,1,0.0323518758,2.0685414896000003,2.162840483538867,Train
CEXHOD_clean,6.20263,3.99405,6.1987,0.988457,1905.85,1928.11,0.0,0.0,0.5896,0.596485,0.0,1,0.0239222473,2.000256095,2.0302057529669177,Train
CEYPUT01_clean,5.3037,3.76464,5.15402,1.22825,976.383,794.936,0.0,0.0,0.5114,0.416364,0.0,0,0.1138595686,2.9537346042,3.0478023846605202,Train
CEYPUT_clean,5.36995,3.83237,5.24339,1.20669,1059.79,878.268,0.0,0.0,0.5054,0.418833,0.0,0,0.1083871545,2.9881250432,3.188282146570571,Train
CEZFIY_clean,5.34194,3.72114,5.30915,1.18992,1017.05,854.72,0.0,0.0,0.4786,0.40221,0.0,0,0.0341837041,1.9789799527,1.8887699477442677,Train
cg034025wsi20030214_115651_clean,4.98405,3.48688,4.91647,1.80625,1199.75,664.222,0.0,0.0,0.5452,0.30184,0.0,1,0.0174453349,1.1785450458,1.2377882616312017,Train
cg060732osi20070605_042406_clean,6.23351,5.51273,6.19042,0.921282,2509.58,2724.01,0.0,0.0,0.696,0.755469,0.0,0,0.0444376402,3.6925337092,3.6404878736730684,Train
cg200332y_si_002_clean,5.21581,3.97485,5.21581,1.32224,2143.79,1621.34,0.0,0.0,0.6406,0.484482,0.0,0,0.0602944729,4.1103759361000005,4.022893119603361,Train
cg200606r_si_001_clean,4.89412,3.61697,4.88387,1.24739,1030.7,826.282,0.0,0.0,0.5586,0.447815,0.0,1,0.1310834828,4.0884572817,3.9597987212044057,Train
cg300302n_si_004_clean,4.26728,3.40774,4.26728,1.22723,425.532,346.741,0.0,0.0,0.4466,0.363908,0.0,0,0.0115977509,0.8119990042,0.7936035721387262,Train
cg300827e_si_003_clean,6.49481,4.26763,6.39496,1.12226,1820.26,1621.96,0.0,0.0,0.6138,0.546932,0.0,0,0.0387856218,2.5858633254,2.67916423272245,Train
cg301577a_si_002_clean,13.79617,7.99146,13.47475,0.563648,2128.96,3777.11,0.0,0.0,0.7834,1.38987,0.0,1,0.0372748896,2.4625281748,2.8203400110602903,Test
cg301725z_si_004_clean,4.69664,4.11195,4.68637,1.09749,1702.36,1551.13,0.0,0.0,0.5844,0.532487,0.0,0,0.0602330802,3.7179547453,3.705292157780083,Train
cg400449c_si_001_clean,12.65792,7.41339,12.43712,0.667569,2346.54,3515.05,0.0,0.0,0.7554,1.13157,0.0,1,0.0294947533,2.4028600523,2.4419076736111154,Train
cg401858s_si_002_clean,5.76822,4.62513,5.72988,1.11065,1442.06,1298.4,0.0,0.0,0.5672,0.510693,0.0,1,0.0271519899,1.9951430829,1.9779279636718672,Train
cg401887b_si_003_clean,8.26997,6.53639,8.26997,0.770939,2356.88,3057.16,0.0,0.0,0.7266,0.942487,0.0,1,0.0318451444,2.9070484911000003,2.769881762450091,Train
cg401887b_si_004_clean,8.20931,6.61957,8.1877,0.786825,2323.24,2952.68,0.0,0.0,0.7066,0.898039,0.0,1,0.0300648784,2.7549471649,2.5886589113557306,Train
cg500033b_si_002_clean,6.04182,4.78062,6.04182,1.0885,1374.83,1263.05,0.0,0.0,0.5536,0.508589,0.0,1,0.0359889315,2.4183446417,2.328817841385775,Train
cg500033b_si_003_clean,4.83661,3.74279,4.83563,1.15821,667.849,576.623,201.392,173.883,0.5058,0.436709,0.0,0,0.0707365949,2.2534843771,2.372533222882247,Train
cg500091k_si_002_clean,7.03754,5.53828,7.03754,0.930114,2289.08,2461.07,0.0,0.0,0.6592,0.70873,0.0,1,0.0261058146,2.1851925023,2.2228861400610227,Train
cg500121f_si_004_clean,4.92521,3.49647,4.87249,1.18083,1031.61,873.629,0.0,0.0,0.5556,0.470517,0.0,0,0.0618774046,2.6663584321,2.831111844585446,Test
cg500149s_si_002_clean,5.58191,4.61814,5.576,1.28231,662.205,516.417,0.0,0.0,0.4432,0.345627,0.0,0,0.0132167372,0.802478609,0.830637672424775,Test
cg500192d_si_003_clean,11.24994,9.49767,11.24883,0.554498,2069.35,3731.94,0.0,0.0,0.7928,1.42976,0.0,0,0.0205630117,1.9724592,1.8909057675002938,Train
cg501012e_si_002_clean,10.40468,5.07098,10.12255,0.834367,2007.02,2405.44,0.0,0.0,0.668,0.800607,0.0,1,0.0361322465,2.4625936078,2.604584860322992,Train
cg5010616_si_003_clean,4.68057,3.6532,4.67686,1.10074,1075.03,976.65,11.638,10.5729,0.4874,0.442795,0.0,1,0.0741452023,3.6465748298,3.578238894377568,Train
cg5010616_si_007_clean,4.62764,3.59212,4.62764,1.09202,987.897,904.65,4.23835,3.8812,0.4894,0.44816,0.0,1,0.0701473799,3.5257607251,3.4245208030763505,Train
cg501141m_si_002_clean,7.16379,4.82619,7.11311,0.994067,1469.53,1478.3,195.255,196.42,0.5926,0.596137,0.0,1,0.0467290565,2.8002079079000004,2.660023745254479,Test
cg501231v_si_001_clean,17.06774,7.18297,17.06774,0.779609,1749.67,2244.29,0.0,0.0,0.6902,0.885316,0.0,0,0.0274207246,2.1267008493,2.2670995143332933,Test
cg5012617_si_002_clean,6.32079,5.69332,6.32079,1.49326,566.795,379.568,60.4946,40.5117,0.4478,0.29988,0.0,1,0.0136653497,0.8582940508,0.8794351251814438,Train
cg501279y_si_002_clean,6.41301,4.86183,6.41301,1.15346,875.131,758.698,0.0,0.0,0.4984,0.43209,0.0,0,0.0634988243,2.2585768144,2.2116086552095418,Train
cg501332u_si_002_clean,6.1572,4.57393,6.1572,1.23684,1051.25,849.954,0.0,0.0,0.5146,0.416062,0.0,0,0.0125853286,0.9538446366,0.9190593659633075,Train
cg501560z_si_002_clean,9.02632,7.52711,9.02632,0.738263,2435.69,3299.23,0.0,0.0,0.7636,1.03432,0.0,0,0.009886936,0.972694453,0.9751674635019327,Train
cg501560z_si_003_clean,10.58889,8.21137,10.57587,0.621509,2301.94,3703.79,0.0,0.0,0.8104,1.30392,0.0,1,0.0093373108,0.9320253472,0.9380166496043238,Train
cg501730q_si_002_clean,15.26084,10.84338,15.26084,0.834696,1931.13,2313.57,0.0,0.0,0.7224,0.865465,0.0,1,0.0280787817,2.201398837,2.2223303060603676,Train
cg800424t_si_002_clean,11.07723,9.2554,11.07723,0.942046,1274.04,1352.42,0.0,0.0,0.6274,0.665997,0.0,1,0.0181252421,1.644496434,1.5255011893579908,Train
cg8013317_si_003_clean,5.86482,4.33377,5.84465,0.919505,1402.89,1525.7,0.0,0.0,0.564,0.613373,0.0,1,0.0611964687,3.4611720702999995,3.3545314870370393,Train
cg900153m_si_001_clean,16.94263,7.25585,10.11151,0.592421,2320.63,3917.2,0.0,0.0,0.7834,1.32237,0.0,1,0.0229808536,2.1651097576,2.1366558655916217,Train
cg901114e_si_002_clean,4.97956,4.41476,4.97764,1.61977,1113.96,687.724,0.0,0.0,0.4738,0.29251,0.0,1,0.0170660226,1.1442000349,1.169050480560614,Train
cg901128k_si_004_clean,5.1054,4.19275,5.1054,1.86722,389.052,208.359,0.0,0.0,0.4158,0.222684,0.0,0,0.0090636837,0.5382200904,0.51355239903414,Train
cg901312t_si_002_clean,15.54833,7.92817,14.85181,0.630454,2258.1,3581.71,0.0,0.0,0.764,1.21183,0.0,1,0.0256977128,2.2678745148,2.2492313194506717,Test
CIDKUX_clean,9.17673,8.30352,9.17673,1.04661,1668.34,1594.05,0.0,0.0,0.6532,0.624113,0.0,1,0.028555957,1.8549521029,2.107779904608062,Train
CIFDOM_clean,5.56405,4.03207,5.56103,0.979977,1797.6,1834.33,0.0,0.0,0.591,0.603075,0.0,1,0.0360823008,2.6918679759,2.650034078320448,Test
CIFDUS_clean,6.0819,4.13005,6.0819,0.982136,1846.77,1880.36,0.0,0.0,0.6008,0.611728,0.0,1,0.0347456007,2.5836382769,2.6561858499773283,Train
CIFJAE_clean,5.80851,5.16856,5.80851,1.17303,1403.54,1196.51,0.0,0.0,0.544,0.463755,0.0,1,0.0473988279,2.6718127706,2.6392624443107073,Train
CIFLUA_clean,9.37773,7.98095,9.37773,0.746179,1903.8,2551.39,0.0,0.0,0.6868,0.920422,0.0,1,0.02893826,2.5184523212,2.3797933701477483,Test
CIFMAH_clean,10.24439,9.01949,10.24042,0.733938,2150.52,2930.12,0.0,0.0,0.6824,0.929779,0.0,1,0.0335605333,2.7616829942,2.688971653944188,Train
CIFMEL_clean,8.24371,5.76486,8.24371,0.761139,2746.38,3608.25,0.0,0.0,0.7488,0.983788,0.0,1,0.014661055,1.4697555944,1.418022761040854,Train
CIFMIP_clean,7.90061,6.44934,7.90061,1.08801,1993.5,1832.24,0.0,0.0,0.6246,0.574075,0.0,1,0.0244609644,2.1049718588,2.01774550257872,Test
CIGDUT_clean,5.04549,3.73361,5.01118,1.73625,237.061,136.536,547.429,315.294,0.5092,0.293276,0.0,1,0.0327310137,1.9018154809,1.7055816035778104,Test
CIGFAB_clean,5.06435,3.71465,5.06435,1.72692,240.436,139.228,509.807,295.211,0.5158,0.298682,0.0,1,0.0323090786,1.8286879324,1.7074654876149928,Test
CIGFEF_clean,5.08065,3.70225,5.00391,1.56415,1026.35,656.171,0.0,0.0,0.547,0.349712,0.0,1,0.0358809167,2.1954030689,1.903929354645785,Test
CIGXIA_manual,28.48677,11.8329,28.48274,0.684425,1325.74,1937.02,47.85,69.9127,0.7628,1.11451,0.0,1,0.0876236678,1.7902572565,1.7725552385507228,Train
CIJVOH01_clean,5.72943,4.43683,5.71847,1.42641,2600.15,1822.87,0.0,0.0,0.6914,0.484714,0.0,1,0.0134631001,1.2583550033,1.1599025490638608,Test
CIJVOH_clean,5.67314,4.40026,5.67231,1.44318,2399.39,1662.57,0.0,0.0,0.687,0.476032,0.0,1,0.0129700537,1.1944419419,1.163906004048878,Train
CIPCUB_clean,4.79005,3.99723,4.76699,1.72886,1140.31,659.571,0.0,0.0,0.5,0.289207,0.0,1,0.0393588064,1.8263737638,1.979648570579052,Train
CIRTUU_clean,15.60203,7.15132,15.60203,0.583758,2414.48,4136.1,0.0,0.0,0.7788,1.33412,0.0,1,0.0337099465,2.7160949118,2.8368473617779806,Test
CISLUN_clean,5.76312,4.73452,5.67518,0.963118,2174.12,2257.37,0.0,0.0,0.655,0.680083,0.0,1,0.029266664,2.2964899004,2.3268665482000945,Train
CISXEJ_clean,8.40281,5.25443,8.32688,0.998279,1037.93,1039.71,82.5858,82.7282,0.5322,0.533117,0.0,1,0.0462571092,2.1707812722,2.212620328977896,Test
CITZIP_manual,6.91567,6.30981,6.88477,1.43035,1426.63,997.402,0.0,0.0,0.5266,0.368162,0.0,0,0.0214438083,1.6181150308,1.604115880985495,Test
CIVTEH_clean,5.3881,4.01709,5.3881,1.06088,1244.8,1173.37,0.0,0.0,0.5492,0.517684,0.0,1,0.0315795234,2.1805297218,2.1472926972215896,Test
CIWREG_clean,8.13471,7.32788,8.13207,1.23149,2046.97,1662.19,0.793114,0.644029,0.6562,0.532851,0.0,0,0.0194026653,1.5963246153,1.5987888627948903,Train
CIWRIK_clean,8.18288,7.41537,8.15939,1.23146,2070.3,1681.17,0.299565,0.243259,0.6662,0.540982,0.0,0,0.0199681622,1.649508313,1.6360761646446287,Train
CIWROQ_clean,8.21788,7.67164,8.21788,1.21042,2075.04,1714.31,0.0,0.0,0.6722,0.555343,0.0,0,0.0202591396,1.6431173425,1.7026898351131,Train
CIWRUW_clean,8.32352,7.79985,8.25756,1.23467,2023.32,1638.75,0.0,0.0,0.6682,0.541198,0.0,0,0.0189319665,1.5827072661,1.6009314707961835,Train
CIWSAD_clean,8.30771,7.62763,8.30771,1.22175,2054.23,1681.39,0.0,0.0,0.6672,0.546104,0.0,0,0.0190155732,1.5820515794,1.6042735018928667,Train
CIWYUD_clean,7.106,4.57125,7.10384,1.41213,1333.92,944.617,0.0,0.0,0.5334,0.377728,0.0,1,0.0260029889,1.8233958252,1.7814506468918596,Train
CIWZEP_clean,6.72158,5.37996,6.72158,1.16391,939.134,806.877,0.0,0.0,0.5184,0.445394,0.0,0,0.0148770653,0.9177011944,1.1087390315037726,Test
CIWZIT_clean,6.79559,5.48299,6.79559,1.25271,971.679,775.661,0.13923,0.111143,0.5152,0.411268,0.0,0,0.0127922523,0.8141591959000001,0.9417269768171349,Train
CIXBUH_clean,8.16009,7.52386,8.14429,1.22695,2058.62,1677.84,0.0,0.0,0.6684,0.544765,0.0,0,0.0195580288,1.6210978552000002,1.6596658886364462,Train
CIXCAO_clean,8.41278,7.79803,8.41278,1.20596,2061.81,1709.68,0.0,0.0,0.6754,0.560051,0.0,0,0.0191248543,1.5997386628,1.601762553972266,Test
CIYZUG_clean,4.43409,3.66305,4.43409,1.41147,330.488,234.144,0.0,0.0,0.4122,0.292036,0.0,1,0.0084868519,0.5704571584,0.5686538239242294,Train
CIZMIJ_clean,6.80411,4.91458,6.62402,0.777083,2425.06,3120.72,0.0,0.0,0.6814,0.876869,0.0,1,0.0441322082,3.4356483585000004,3.460752344903171,Train
CIZPOS_clean,10.90949,3.96313,10.90949,0.997777,2106.31,2111.0,0.0,0.0,0.6492,0.650646,0.0,1,0.0690743453,3.2159005597,3.3361229850139384,Train
cm1008587_si_003_clean,6.03686,5.8505,6.03686,1.12119,1527.32,1362.24,0.0,0.0,0.5816,0.518737,0.0,0,0.035891233,2.3847751284,2.433533049812411,Train
cm202876r_si_002_clean,4.47913,3.53194,4.47073,1.51151,750.121,496.273,0.0,0.0,0.4498,0.297584,0.0,1,0.0886469354,2.4371381609,2.4680546512898514,Train
cm301726k_si_004_clean,7.25727,6.70407,7.25727,1.2275,1056.33,860.551,0.0,0.0,0.4792,0.390387,0.0,1,0.0322604595,1.9776126919,1.9632543438869507,Test
cm303749m_si_001_clean,11.62501,8.78986,11.62501,0.556141,2268.15,4078.37,0.0,0.0,0.7584,1.36368,0.0,1,0.0274970327,2.2802203208000003,2.3460967466834344,Train
cm303749m_si_002_clean,11.94079,10.66908,11.94079,0.51806,2178.92,4205.92,0.0,0.0,0.7776,1.50099,0.0,1,0.0258236836,2.1788643166,2.2085486961463827,Train
cm500700z_si_002_clean,6.28804,4.63482,6.27649,0.925761,2471.95,2670.19,0.0,0.0,0.6686,0.722217,0.0,1,0.0481072252,3.5870192288,3.6799778552735343,Test
cm500700z_si_003_clean,7.09965,5.06719,7.09965,1.05656,1959.47,1854.58,0.0,0.0,0.6212,0.587946,0.0,0,0.0343681274,2.7397554083,2.6171157544945216,Test
cm501138g_si_002_clean,13.2781,6.68961,13.2781,0.886331,2090.67,2358.79,0.0,0.0,0.7192,0.811435,0.0,1,0.0371049658,2.17693057,2.159336497684116,Train
cm501138g_si_005_clean,13.193,6.5701,13.193,0.888496,2142.98,2411.92,0.0,0.0,0.7196,0.809908,0.0,1,0.0391250217,2.3089729976,2.3206566172256067,Test
cm501138g_si_006_clean,13.20287,6.64275,13.20287,0.881027,2105.19,2389.47,0.0,0.0,0.7198,0.817001,0.0,1,0.0376526024,2.2204108529,2.228431047035186,Test
cm501138g_si_008_clean,13.18132,6.60546,13.18132,0.885001,2136.53,2414.16,0.0,0.0,0.72,0.813558,0.0,1,0.0377740124,2.2789459771,2.239302933013065,Train
cm501138g_si_009_clean,13.19195,6.68183,13.19195,0.878773,2116.69,2408.69,0.0,0.0,0.7208,0.820234,0.0,1,0.0369835558,2.2065442798,2.196642406500892,Train
cm501138g_si_010_clean,13.19966,6.69993,13.19966,0.880672,2105.24,2390.49,0.0,0.0,0.7198,0.81733,0.0,1,0.0372754564,2.2047205464,2.216005670930624,Test
cm501138g_si_011_clean,13.25601,6.66924,13.25601,0.875822,2120.67,2421.34,0.0,0.0,0.7216,0.823911,0.0,1,0.0373917001,2.224117733,2.2306839582021345,Test
cm501138g_si_012_clean,13.22876,6.69209,13.22876,0.883303,2102.85,2380.67,0.0,0.0,0.72,0.815122,0.0,1,0.0370016381,2.200995584,2.216005670930624,Test
cm503311x_alf100K_clean,7.0434,6.64625,7.0434,0.965639,1593.91,1650.63,0.0,0.0,0.608,0.629635,0.0,0,0.03765426,3.088195265,2.9717414700256315,Test
cm503311x_alf11K_clean,7.06313,6.65574,7.06313,0.967105,1569.67,1623.06,0.0,0.0,0.6028,0.623304,0.0,0,0.0370577608,3.0206109032,2.9705142411104157,Train
cm503311x_alf125K_clean,7.14687,6.82418,7.14687,0.9646,1570.17,1627.8,0.0,0.0,0.6102,0.632594,0.0,0,0.0381253932,3.0605197277,3.1223480272643713,Test
cm503311x_alf150K_clean,7.24848,7.00179,7.24848,0.962828,1577.69,1638.6,0.0,0.0,0.6114,0.635005,0.0,0,0.0369970999,3.0443131498,3.0620420123044454,Train
cm503311x_alf175K_clean,7.34601,7.12573,7.34601,0.962415,1571.81,1633.19,0.0,0.0,0.6104,0.634238,0.0,0,0.0377594056,3.052370943,3.060173358288238,Train
cm503311x_alf200K_clean,7.35028,7.12879,7.35028,0.963076,1569.66,1629.84,0.0,0.0,0.6114,0.634841,0.0,0,0.0381577457,3.0634779589,3.133743648170678,Test
cm503311x_alf225K_clean,7.37407,7.1534,7.3737,0.963767,1557.96,1616.53,0.0,0.0,0.6114,0.634385,0.0,0,0.0378867935,3.0226551765,3.028746425663857,Train
cm503311x_alf250K_clean,7.38381,7.16186,7.38381,0.96386,1556.21,1614.56,0.0,0.0,0.6126,0.635569,0.0,0,0.0382709794,3.0645172828,3.0890901462256792,Train
cm503311x_alf275K_clean,7.36182,7.1382,7.36181,0.964358,1561.39,1619.1,0.0,0.0,0.612,0.634619,0.0,0,0.0383437725,3.0803821375,3.1035059863031913,Train
cm503311x_alf290K_clean,7.33152,7.10769,7.33152,0.964679,1559.29,1616.38,0.0,0.0,0.6126,0.63503,0.0,0,0.0388229938,3.1045656274,3.1155052599509894,Test
cm503311x_alf300K_clean,7.31824,7.09159,7.31824,0.964626,1573.17,1630.86,0.0,0.0,0.6112,0.633614,0.0,0,0.0386490992,3.0756323868,3.16342301330644,Train
cm503311x_alf325K_clean,7.35887,7.1334,7.35887,0.964937,1562.46,1619.23,0.0,0.0,0.6116,0.633824,0.0,0,0.0377695157,3.0165789736,3.022302493207015,Train
cm503311x_alf350K_clean,7.39937,7.12527,7.39534,0.965163,1550.6,1606.57,0.0,0.0,0.6104,0.632432,0.0,0,0.0379656527,2.945284185,2.9925721619788543,Train
cm503311x_alf375K_clean,7.39622,7.0927,7.39622,0.96527,1537.67,1593.0,0.0,0.0,0.6086,0.630497,0.0,0,0.0377169429,2.8788665351,2.950915163630509,Test
cm503311x_alf400K_clean,7.38658,7.1188,7.38658,0.965403,1554.96,1610.69,0.0,0.0,0.6116,0.633518,0.0,0,0.037134598,2.9309419197000004,2.9991556296561455,Test
cm503311x_alf40K_clean,7.05984,6.6215,7.05984,0.967154,1574.94,1628.43,0.0,0.0,0.6042,0.62472,0.0,0,0.0376279736,3.0342980306,2.9853712004494195,Test
cm503311x_alf425K_clean,7.36621,7.1125,7.36621,0.965299,1563.1,1619.29,0.0,0.0,0.6096,0.631514,0.0,0,0.0374945195,2.9816443452,3.021099650081483,Test
cm503311x_alf475K_clean,7.39406,7.16617,7.39402,0.965634,1544.09,1599.05,0.0,0.0,0.61,0.63171,0.0,0,0.0378867935,3.0071643976,2.972846576312883,Test
cm503311x_alf500K_clean,7.43156,7.13669,7.43156,0.965551,1537.41,1592.26,0.0,0.0,0.6112,0.633006,0.0,0,0.0373731977,2.8922766442000003,2.9217022195374165,Test
cm503311x_alf70K_clean,7.062,6.64337,7.062,0.967007,1580.84,1634.77,0.0,0.0,0.6034,0.623987,0.0,0,0.0376077532,3.0572157291,2.990679799468616,Test
cm503311x_aloh150K_clean,7.13232,6.79915,7.13232,0.950095,1594.31,1678.06,0.0,0.0,0.6096,0.64162,0.0,0,0.0392383632,3.1816068672,3.170483285423256,Train
cm503311x_aloh175K_clean,7.12797,6.78403,7.12797,0.949982,1591.61,1675.41,0.0,0.0,0.6094,0.641486,0.0,0,0.0392568303,3.1533420315,3.170483285423256,Train
cm503311x_aloh200K_clean,7.15467,6.82431,7.15467,0.949754,1589.94,1674.05,0.0,0.0,0.609,0.641219,0.0,0,0.039262986,3.1375896435,3.1864058826281756,Test
cm503311x_aloh225K_clean,7.13993,6.81973,7.13993,0.949535,1597.17,1682.06,0.0,0.0,0.609,0.641367,0.0,0,0.0393676325,3.1742036347000004,3.1989342061264274,Train
cm503311x_aloh250K_clean,7.13817,6.81007,7.13817,0.949354,1600.74,1686.14,0.0,0.0,0.6102,0.642753,0.0,0,0.0389449424,3.2072822131,3.184095795791891,Test
cm503311x_aloh275K_clean,7.13108,6.79826,7.13108,0.949161,1601.41,1687.19,0.0,0.0,0.6114,0.644148,0.0,0,0.0395830814,3.2024069136,3.201107261932896,Test
cm503311x_aloh300K_clean,7.16075,6.82592,7.16075,0.948967,1591.48,1677.07,0.0,0.0,0.6092,0.641961,0.0,0,0.0389223716,3.1613156904000004,3.1773095365402955,Test
cm503311x_aloh325K_clean,7.17072,6.86808,7.17072,0.948742,1590.12,1676.03,0.0,0.0,0.6094,0.642324,0.0,0,0.0391501318,3.1478819423,3.2056349354030376,Train
cm503311x_aloh350K_clean,7.17066,6.85243,7.17066,0.948507,1596.68,1683.36,0.0,0.0,0.6094,0.642483,0.0,0,0.0389634095,3.1637471844,3.2041679060741863,Test
cm503311x_aloh375K_clean,7.15773,6.843,7.15773,0.948289,1598.4,1685.56,0.0,0.0,0.6106,0.643896,0.0,0,0.038817725,3.1839562855000003,3.2002843904517704,Test
cm503311x_aloh400K_clean,7.13585,6.82109,7.13585,0.948063,1604.12,1692.0,0.0,0.0,0.6108,0.644261,0.0,0,0.0391337167,3.2101651237,3.1930087816755104,Test
cm503311x_aloh425K_clean,7.16028,6.84144,7.16028,0.947823,1600.53,1688.64,0.0,0.0,0.611,0.644635,0.0,0,0.0390967826,3.1847544721,3.209741353857094,Train
cm503311x_aloh450K_clean,7.14422,6.83019,7.14422,0.947615,1603.14,1691.76,0.0,0.0,0.6106,0.644355,0.0,0,0.0391603913,3.2101220339,3.1921588787658948,Train
cm503311x_aloh475K_clean,7.15171,6.83611,7.15171,0.947452,1603.8,1692.75,0.0,0.0,0.6108,0.644676,0.0,0,0.0390926788,3.2085728542000003,3.2118014126741787,Test
cm503311x_aloh500K_clean,7.13372,6.81979,7.13372,0.947313,1605.9,1695.22,0.0,0.0,0.6114,0.645405,0.0,0,0.0395687181,3.2119400118,3.223393798059137,Train
cm503311x_F-mil-53-Al-lp-mono_clean,7.00775,6.5216,7.00775,0.971998,1645.39,1692.79,0.0,0.0,0.6046,0.622018,0.0,0,0.0493988994,3.8352155195,3.7578384302799877,Train
cm503311x_F-mil-53-Al-lp-ortho_clean,7.02034,6.52714,7.01966,0.96948,1649.91,1701.85,0.0,0.0,0.609,0.628172,0.0,0,0.049395594,3.8526464392,3.7445915931106417,Train
cm503311x_OH-mil-53-Al-lp-ortho_clean,7.10725,6.52666,7.10725,0.948868,1614.15,1701.13,0.0,0.0,0.6014,0.633808,0.0,0,0.0469983677,3.5581224808,3.609230315936464,Train
cm504350q_si_002_clean,5.76264,4.30885,5.7542,1.44577,991.836,686.024,142.148,98.3197,0.5294,0.366171,0.0,1,0.0314923884,1.5453180546,1.8225448072919648,Test
cm901983a_si_001_clean,27.79726,11.16103,27.79599,0.630774,1349.52,2139.47,28.0221,44.4249,0.749,1.18743,0.0,1,0.1945760285,2.6870131186000004,2.690519832235,Train
COBWEV_clean,5.55668,4.21092,5.49797,1.63609,377.557,230.768,91.8579,56.1447,0.4574,0.279569,0.0,1,0.0059135122,0.4789276979,0.4147687157841058,Train
COCMAJ_clean,8.89284,8.27815,8.8249,0.8398,2517.0,2997.14,0.0,0.0,0.7562,0.900452,0.0,1,0.0171447469,1.5498303744,1.5860518557769119,Train
COCMOY_clean,15.71318,6.14739,15.71318,0.538882,2078.74,3857.5,0.0,0.0,0.7762,1.44039,0.0,1,0.0212665755,1.975250032,1.9479588629763152,Test
COCMUE_clean,10.55498,6.2941,10.55218,0.575823,2408.0,4181.84,0.0,0.0,0.7504,1.30318,0.0,1,0.0225450137,2.0974473007,2.125117723460424,Train
COCNAL_clean,10.84171,6.54754,10.84171,0.653951,2390.98,3656.2,0.0,0.0,0.7696,1.17685,0.0,1,0.0203926887,1.87608215,1.8569358179854432,Test
COCNEP_clean,10.13832,6.56369,10.13026,0.615207,2370.03,3852.42,0.0,0.0,0.7534,1.22463,0.0,1,0.0236915687,2.1169061547,2.193355618575959,Train
CODFEH_clean,3.78989,3.49285,3.78989,1.48867,302.667,203.313,0.0,0.0,0.4624,0.310612,0.0,1,0.0110288352,0.8745532089,0.8486499297543064,Train
CODMUF_clean,4.26772,3.45383,4.24866,1.74897,903.437,516.555,0.0,0.0,0.5768,0.329795,0.0,1,0.0434540851,2.1257718668,2.1428008228262962,Train
CODNAM_clean,4.57469,3.97634,4.52445,1.63521,1494.85,914.162,0.0,0.0,0.5962,0.364602,0.0,0,0.0632557998,3.2041512406,3.1363809333777013,Test
CODROD_clean,4.34102,3.83565,4.34102,1.88869,770.385,407.893,0.0,0.0,0.4956,0.262404,0.0,1,0.0251049861,1.5732696052,1.536208963302017,Train
CODRUJ_clean,4.3292,3.79384,4.32865,1.92319,755.058,392.607,0.0,0.0,0.4878,0.253641,0.0,1,0.0255375385,1.5748671363999998,1.527685803898333,Test
CODSUL_clean,6.55692,3.55923,6.55642,1.27214,782.617,615.2,0.966661,0.759873,0.4932,0.387695,0.0,1,0.0169669099,1.1036188306,1.1010260158436762,Test
COGNAO_clean,5.98836,4.70156,5.95362,1.13574,1753.04,1543.53,0.0,0.0,0.578,0.508922,0.0,1,0.0420203011,2.6197881367,2.6524410123092896,Test
COJGEO_clean,6.41217,5.04769,5.92617,0.978354,2161.34,2209.16,0.0,0.0,0.6438,0.658044,0.0,1,0.0472580526,3.0125639767,3.3019511526271277,Test
COJHIT_clean,10.09171,9.35609,10.09171,0.716453,1773.43,2475.29,0.0,0.0,0.707,0.986805,0.0,0,0.0215839221,2.0347958332,1.9615465889690111,Train
COKFAK_clean,5.25617,3.49649,5.25539,1.05876,800.714,756.272,0.071455,0.0674891,0.4738,0.447503,0.0,1,0.0385495681,1.8880799876,2.027762776828654,Test
COKMEW_clean,11.49614,10.90273,11.4945,1.13639,1559.35,1372.2,0.0,0.0,0.646,0.568466,0.0,1,0.0215226835,1.9744684413,1.9059771712247224,Test
COKMIA_clean,11.457,10.75448,11.457,1.17248,1560.69,1331.1,0.0,0.0,0.6422,0.547727,0.0,1,0.0170354093,1.5758946747999998,1.5788909371620468,Test
COKMOG_clean,11.40307,10.64671,11.37943,1.32388,1550.85,1171.45,0.0,0.0,0.6382,0.482069,0.0,1,0.0161577812,1.4783206566,1.4934540669837015,Test
COKMUM_clean,11.78987,10.95857,11.78969,1.07449,1572.51,1463.5,0.0,0.0,0.6544,0.609034,0.0,1,0.0157519719,1.4685429738999998,1.455694929175971,Test
COKNAT_clean,11.6018,10.75702,11.60156,1.22798,1610.43,1311.45,0.0,0.0,0.6686,0.544469,0.0,1,0.0217064881,1.9384688928,1.947421914038963,Test
COKPEZ_clean,11.53314,10.69952,11.53296,0.910755,1588.72,1744.4,0.0,0.0,0.66,0.724674,0.0,1,0.0272526502,2.4685657032,2.2006401342937245,Train
COKPID_clean,11.40668,10.82581,11.40502,1.13771,1560.01,1371.18,0.0,0.0,0.6426,0.564817,0.0,1,0.0215354011,1.9542520347,1.9187546215370368,Test
COKPOJ_clean,11.55541,10.79186,11.54889,1.17423,1558.36,1327.14,0.0,0.0,0.6464,0.550488,0.0,1,0.0173060953,1.6332151051,1.5965907226324738,Train
COKPUP_clean,11.57951,10.81874,11.57907,1.23248,1594.31,1293.59,0.0,0.0,0.671,0.544433,0.0,1,0.0219296229,1.9829300042,1.9469075182500428,Train
COKQAW_clean,11.31709,10.61593,11.31663,1.308,1523.61,1164.84,0.0,0.0,0.6476,0.495108,0.0,1,0.0137063695,1.293248924,1.250626241292918,Train
COKQEA_clean,11.43729,10.88858,11.43526,1.1695,1547.4,1323.13,0.0,0.0,0.6482,0.554254,0.0,1,0.0170915054,1.5931918659,1.5793521487834572,Test
COKQIE_clean,11.52097,11.05538,11.51936,1.12778,1536.06,1362.02,0.0,0.0,0.646,0.572806,0.0,1,0.0210212476,1.9582589801,1.8107786623319428,Test
COKQOK_clean,11.69077,10.88298,11.69034,1.22651,1596.45,1301.62,0.0,0.0,0.6696,0.545941,0.0,1,0.0217056332,1.9474891825,1.9357302911158796,Train
COKROL_clean,5.12764,4.65835,5.12764,1.20027,1190.29,991.679,0.0,0.0,0.5368,0.447232,0.0,1,0.1079725069,3.4467590724,3.422724525466793,Train
COKRUR_clean,8.84098,5.5446,8.84098,0.885689,1897.06,2141.9,0.0,0.0,0.6258,0.706568,0.0,1,0.0507962533,3.0181863077,3.1183590619829222,Train
COMDOY_clean,6.1206,5.53928,6.10847,1.22694,1491.89,1215.95,0.0,0.0,0.5716,0.465876,0.0,0,0.0594754775,3.098367409,3.1041240926041405,Train
COPXOV_clean,5.47401,3.72166,5.47401,1.25742,393.122,312.642,0.0,0.0,0.4288,0.341015,0.0,0,0.0363003865,1.0789992869,1.303906712676579,Test
COQGAS_clean,7.55288,6.66056,7.53462,1.14065,1084.94,951.161,0.0,0.0,0.5048,0.442555,0.0,0,0.0229356622,1.7778273049000002,1.7095441521549077,Train
COQHUN_clean,7.65838,4.8543,7.65838,0.97068,1543.72,1590.34,0.0,0.0,0.5742,0.591544,0.0,1,0.0483995773,2.5320928237,3.0506167476927066,Test
COQLAX_clean,6.51206,3.51527,6.51206,1.25751,617.251,490.851,2.6328,2.09366,0.4496,0.357531,0.0,1,0.0217378015,1.1597198157,1.2094227084807851,Test
COQNIF_clean,8.23055,5.78857,8.23055,1.332,1912.43,1435.75,0.0,0.0,0.608,0.456455,0.0,0,0.1061913866,5.2178412687,5.16782755013017,Train
COQTEJ_clean,7.76168,6.6264,7.46116,0.69781,2656.93,3807.52,0.0,0.0,0.7034,1.00801,0.0,1,0.0392627267,3.4816254697000004,3.365885162584074,Test
CORZIU_clean,12.15536,11.69752,12.13047,0.719622,2150.19,2987.95,0.0,0.0,0.7504,1.04277,0.0,1,0.0304981805,2.633907775,2.3484006007704314,Test
COSMII_clean,8.75515,7.45633,8.75515,0.883978,2550.25,2884.97,0.0,0.0,0.6928,0.78373,0.0,1,0.0503143386,3.3858013531,3.4698222761904733,Train
COTVOY_clean,5.88006,4.17812,5.70456,1.30534,1614.08,1236.52,0.0,0.0,0.5814,0.445402,0.0,1,0.0340839716,2.1801578722,2.290395102297496,Test
COTVUE_clean,5.96406,4.24876,5.86955,1.32545,1637.27,1235.25,0.0,0.0,0.5874,0.443169,0.0,1,0.0316503652,2.0698248088,2.170408863921657,Train
COTXEQ_clean,5.14726,4.24065,5.13338,1.08125,1135.23,1049.92,0.0,0.0,0.5266,0.487029,0.0,0,0.0563539788,2.8433029371,2.887133249107404,Train
COTXIU_clean,5.20924,4.31105,5.19843,1.08343,1119.32,1033.13,0.0,0.0,0.5218,0.481618,0.0,0,0.0577095668,2.9012906181,2.8616741056494837,Train
COTXOA_clean,5.06649,4.15335,5.05658,1.08454,1114.76,1027.86,0.0,0.0,0.52,0.479465,0.0,0,0.0564484327,2.9847493599,2.973033877529531,Train
COTYIV_clean,9.63817,7.84231,9.63817,0.968257,1898.84,1961.09,0.0,0.0,0.697,0.71985,0.0,1,0.0163886753,1.420862178,1.4776975268415682,Train
COVPAG_clean,5.03463,4.22302,4.98223,1.34292,669.782,498.75,0.0,0.0,0.3872,0.288327,0.0,1,0.0405021556,2.0285670789,1.4745959117816254,Test
COWBEX_clean,5.58641,4.95411,5.5297,1.71799,525.99,306.165,0.0,0.0,0.4268,0.24843,0.0,1,0.0114219504,0.6055830079,0.6890062009309335,Train
COWMAD_clean,6.73617,5.57745,6.73408,1.22293,2145.79,1754.63,0.0,0.0,0.651,0.532328,0.0,1,0.0153857206,1.3898853278,1.3805337253755607,Train
COWMEH_clean,6.75649,5.53249,6.75411,1.20645,2145.39,1778.27,0.0,0.0,0.6618,0.548553,0.0,1,0.0154887165,1.379018341,1.4250092628791924,Test
COWMIL_clean,6.74228,5.52931,6.73491,1.23822,2114.95,1708.06,0.0,0.0,0.6464,0.522042,0.0,1,0.0154980221,1.3925793888999998,1.4049979933471861,Train
COWMOR_clean,6.72492,5.5633,6.71793,1.24692,2127.23,1705.98,0.0,0.0,0.644,0.516471,0.0,1,0.0152899734,1.3650810141,1.3547033364291707,Test
COWMUX_clean,6.71015,5.5309,6.7037,1.25989,2128.6,1689.51,0.0,0.0,0.6534,0.518616,0.0,1,0.0151538785,1.3766366284,1.328072235413484,Test
COXHED_clean,8.70899,8.38156,8.70899,0.6876,2308.5,3357.33,0.0,0.0,0.7964,1.15823,0.0,0,0.0093114157,0.9130424019,0.9236077055323482,Train
COXHIH_clean,8.57279,8.24745,8.57279,0.705939,2310.51,3272.96,0.0,0.0,0.7916,1.12134,0.0,0,0.009319029,0.9287733475,0.9330021298829207,Train
COXHON_clean,8.79766,8.47314,8.79766,0.659131,2297.83,3486.15,0.0,0.0,0.8002,1.21402,0.0,0,0.0115311792,1.1512383297,1.104805343532829,Train
COXXIX_clean,5.00194,3.89763,4.98595,1.444,837.163,579.754,22.0465,15.2677,0.5136,0.355679,0.0,1,0.0064658578,0.5804135959000001,0.5818909302203716,Train
COYCEZ_clean,6.30223,4.25857,6.12676,1.16488,1753.9,1505.65,0.0,0.0,0.5836,0.500994,0.0,1,0.0228290961,1.8201564767,1.7697541549882256,Test
COYCID_clean,9.57313,6.95581,9.57313,0.931123,1860.71,1998.35,0.0,0.0,0.6788,0.729012,0.0,1,0.0138467374,1.2818714307,1.2908748151069456,Train
COZMUA_clean,10.13386,5.37207,10.11324,0.637133,2279.97,3578.48,0.0,0.0,0.7374,1.15737,0.0,1,0.0247694285,2.1586452329,2.265261174903206,Test
CUBHOY_clean,7.59167,4.35736,7.59084,1.4363,1409.0,980.994,0.0,0.0,0.55,0.382928,0.0,1,0.0151349873,1.2281087655,1.1905104909126683,Train
CUCSAU_clean,5.5757,4.21323,5.5757,0.840322,1200.85,1429.04,0.0,0.0,0.5078,0.604292,0.0,1,0.0201057941,1.5333863515,1.5886484473608098,Test
CUCTAX_clean,4.38086,4.0721,4.38086,1.35437,330.655,244.139,49.7338,36.721,0.4262,0.314685,0.0,0,0.0497940168,1.5797206267,1.6300117783856383,Train
CUFDUD_clean,6.88574,5.43307,6.8031,0.934938,2543.4,2720.39,0.0,0.0,0.6874,0.735236,0.0,0,0.0469305246,3.8399833357,3.759729611205144,Train
CUFFAL_clean,6.84864,5.58095,6.83586,0.914088,2542.3,2781.24,0.0,0.0,0.6982,0.763822,0.0,0,0.0432982135,3.6408722993,3.6000195863536466,Train
CUFFEP_clean,6.24407,5.54414,6.24407,0.899727,2546.22,2829.99,0.0,0.0,0.6998,0.777791,0.0,0,0.0365553131,3.2351761693000003,3.183736535492414,Train
CUFGIV_clean,7.21934,5.21879,7.21721,0.929294,2597.37,2794.99,0.0,0.0,0.6854,0.737549,0.0,1,0.0282885649,2.4035953247,2.463736202593546,Train
CUFGOB_clean,4.05624,3.53975,4.04542,2.04456,175.907,86.0365,0.0,0.0,0.427,0.208847,0.0,1,0.0013439187,0.1216720438,0.13303958420750184,Train
CUFGUH_clean,4.02229,3.4972,4.01473,2.06043,171.814,83.3874,0.0,0.0,0.4234,0.205491,0.0,1,0.0013243521,0.1178806687,0.1411199067120974,Train
CUGVUW_clean,6.46234,4.56978,6.46234,1.32198,676.004,511.358,0.0,0.0,0.4376,0.331019,0.0,0,0.0125278758,0.9065388774,0.8190656761516486,Train
CUGXAF_clean,8.60996,4.08035,8.60996,0.892149,1793.87,2010.73,0.236744,0.265364,0.6424,0.720059,0.0,1,0.0469380697,3.0530698214,3.1620878228032487,Train
CUGYUA_clean,4.81001,4.60953,4.81001,2.60117,548.977,211.05,0.0,0.0,0.4254,0.163542,0.0,1,0.0018404823,0.1569011139,0.1737591965406402,Train
CUIMDZ01_clean_h,4.5789,3.79593,4.57845,1.66764,167.634,100.522,0.0,0.0,0.381,0.228466,0.0,1,0.0057740126,0.354778007,0.316570019751524,Train
CUKXIR_clean,4.25316,3.64523,4.25225,1.37123,1248.02,910.151,0.0,0.0,0.5164,0.376597,0.0,1,0.0390696798,2.3580816621,2.3609207685154927,Test
CUKXOW_clean,4.70734,4.27142,4.70734,1.65503,1163.02,702.72,14.5035,8.7633,0.5338,0.322532,0.0,1,0.0215045074,1.4743731933000002,1.52662116937854,Test
CUKXUC_clean,4.71812,4.30637,4.71207,1.61022,1190.26,739.19,16.3088,10.1283,0.5368,0.33337,0.0,1,0.0216134234,1.4964575378,1.543478989422207,Test
CUKYAJ_clean,4.71891,4.29348,4.71891,1.65805,1181.97,712.869,13.2923,8.01679,0.5418,0.326769,0.0,1,0.0214350393,1.4853240901,1.475458965495707,Test
CUKZOY_clean,4.8322,4.10064,4.8322,1.27011,1172.94,923.5,0.0,0.0,0.5356,0.421697,0.0,1,0.0312194673,2.2125219217,1.9820658501980746,Test
CUMDEU_clean,5.19472,4.72553,5.19472,1.64523,654.329,397.714,0.0,0.0,0.462,0.280812,0.0,0,0.0044976665,0.3645829702,0.35449486614071524,Train
CUMDIY_clean,5.05781,4.25829,5.05781,2.01174,699.865,347.89,0.0,0.0,0.3956,0.196645,0.0,0,0.0336709404,1.0941883617,1.1704724476058943,Train
CUMDOE_clean,5.65665,4.97039,5.61572,1.60054,1129.91,705.955,0.0,0.0,0.5292,0.330638,0.0,0,0.0121001842,0.9180136163,0.8797963650262126,Train
CUMDUK_clean,6.0834,3.52201,5.92291,1.54452,1012.49,655.538,0.0,0.0,0.489,0.316603,0.0,1,0.0118177487,0.8070300278,0.8698610392164752,Train
CUMJEB_clean,5.10711,4.11246,5.10711,2.00854,711.044,354.01,0.0,0.0,0.4216,0.209904,0.0,0,0.0130081759,0.7250589248999999,0.7476872262301639,Test
CUMLUT_clean,5.66406,3.97439,5.65405,1.2172,2284.73,1877.03,0.0,0.0,0.6392,0.525138,0.0,1,0.0440217599,3.3213007357,3.150217338464337,Train
CUMQOQ_clean,7.03622,3.75437,6.89995,0.977205,1831.45,1874.17,0.0,0.0,0.6154,0.629756,0.0,1,0.0237569324,1.9188893371,2.1250340044200726,Test
CUNFOH01_clean,8.64942,5.76711,8.00067,1.65261,1750.49,1059.23,0.0,0.0,0.639,0.38666,0.0,1,0.0044614305,0.4310256593,0.4284037239018583,Train
CUNFOH_clean,9.05758,5.6508,9.05758,1.63668,1779.69,1087.38,0.0,0.0,0.6298,0.384804,0.0,1,0.0044101586,0.4167883376,0.43242473550303107,Train
CUNQOT_clean,4.94603,4.45617,4.94603,1.56048,1158.67,742.507,0.0,0.0,0.5224,0.334768,0.0,1,0.0261814654,1.5457502958000002,1.6168175434922083,Test
CUNQUZ_clean,5.05516,4.50865,5.05476,1.94091,1202.57,619.589,0.0,0.0,0.5384,0.277396,0.0,1,0.0235967647,1.3500472778,1.4066298450565067,Train
CUNWEO_clean,7.09668,6.48549,7.07965,1.23144,1193.32,969.043,0.0,0.0,0.53,0.430389,0.0,0,0.0230686891,1.7349804095,1.749620685046705,Train
CUPHUS_clean,7.45968,5.41366,5.85768,0.680928,2377.88,3492.12,0.0,0.0,0.7016,1.03036,0.0,1,0.0318306985,2.8715463171,2.8239103255828164,Test
CUQKOQ_clean,5.93389,5.13786,5.93375,1.75724,1823.79,1037.87,0.0,0.0,0.6128,0.348728,0.0,1,0.0224637506,1.7017920466999998,1.6874874863858,Train
CUQRIR_clean,5.69204,4.57463,5.69204,1.10643,1361.29,1230.35,0.0,0.0,0.5686,0.513906,0.0,0,0.0393695674,2.6038570889,2.4627773249453,Train
CUQROX_clean,5.44132,4.56825,5.41816,1.11997,1366.06,1219.73,0.0,0.0,0.5636,0.503227,0.0,0,0.0383547604,2.5140549443,2.4214018615073,Train
CUQSAK_clean,18.30047,4.50008,17.86541,0.672661,1852.6,2754.14,0.138515,0.205922,0.7088,1.05373,0.0,1,0.0232539014,1.8354019981,1.9423355808750629,Train
CUQTAL_clean,8.5131,5.3048,8.50413,0.597247,2569.07,4301.52,0.0,0.0,0.7222,1.20921,0.0,1,0.0350378444,2.8640569887000003,2.9813076647550165,Train
CUQXUI_clean,8.23055,4.00763,8.23055,0.791399,1552.16,1961.29,0.863838,1.09153,0.6424,0.811727,0.0,1,0.018011836,1.6621842128,1.6050180258986508,Test
CURBOH_clean,9.52504,4.72038,9.52504,1.26402,1793.73,1419.06,0.0,0.0,0.654,0.517396,0.0,0,0.0121025549,1.0832102588,1.0573210419929633,Test
CURQEN_clean,5.22355,3.40082,5.03486,1.27256,737.628,579.643,0.0,0.0,0.5026,0.394953,0.0,1,0.0685174415,1.8211889276,1.9247599467905803,Train
CURYOE01_clean,11.02009,9.16908,10.48925,1.0226,1239.44,1212.05,0.0,0.0,0.5864,0.57344,0.0,0,0.0202186533,1.7418878041,1.556694325281314,Test
CURZEV_clean,5.59049,4.15781,5.59049,1.21714,1921.05,1578.33,0.0,0.0,0.5986,0.491808,0.0,1,0.0410979941,2.1631007687,2.649419737821587,Test
CUSYAR_clean,28.01343,12.17996,27.60124,0.247232,1408.41,5696.7,0.0,0.0,0.9076,3.67105,0.0,0,0.0214553154,2.069621676,2.042086159973067,Train
CUSYIA_clean,5.815,4.76876,5.815,0.737304,2684.86,3641.46,0.0,0.0,0.6944,0.941809,0.0,0,0.0373214017,3.236231437,3.251049531684873,Train
CUSZEX_clean,4.67101,3.44264,4.47333,0.835534,2247.71,2690.15,0.0,0.0,0.666,0.797095,0.0,0,0.0379555835,3.140248223,3.0604351302204567,Test
CUSZIB_clean,5.49146,4.83933,5.49049,0.750845,2776.04,3697.22,0.0,0.0,0.7042,0.937877,0.0,0,0.0409818884,3.4022593124,3.454766369345313,Train
CUTBEA_clean,7.42434,5.85197,7.17817,1.04694,2086.66,1993.1,0.0,0.0,0.646,0.617036,0.0,1,0.0197914454,1.6489505472,1.6749262687687236,Test
CUTBIE_clean,7.59116,5.99994,7.59116,0.996691,2065.1,2071.96,0.0,0.0,0.6486,0.650753,0.0,1,0.0192893816,1.632595315,1.686098050801763,Test
CUTGEF_clean,4.94868,3.68158,4.94702,1.57089,1320.93,840.881,0.0,0.0,0.546,0.347574,0.0,1,0.1022740906,3.3882638665,3.392553958872557,Train
CUVGIK_clean,6.25146,5.06086,6.0647,1.02515,1494.68,1458.01,0.0,0.0,0.5362,0.523046,0.0,0,0.0568368978,3.2959898372000005,3.250139639903084,Train
CUVGOQ_clean,5.59653,4.5385,5.59247,1.00212,1543.11,1539.84,0.0,0.0,0.5404,0.539255,0.0,0,0.0618245019,3.4753340980000003,3.3515963611646775,Train
CUVHEH_clean,12.77883,12.02741,12.74392,1.65471,1447.16,874.57,0.0,0.0,0.651,0.393423,0.0,1,0.0123963659,0.8467498006,0.9790018205740522,Test
CUVHIL01_clean,12.86501,12.02225,12.84969,1.66038,1437.07,865.505,0.0,0.0,0.642,0.386658,0.0,1,0.0134043599,0.8664693213,1.055832884651815,Train
CUVHIL02_clean_h,12.81562,12.03113,12.80804,1.65786,1432.65,864.159,0.0,0.0,0.6442,0.388573,0.0,1,0.0134673153,0.8676310170999999,1.0496927818047728,Test
CUVHIL_clean_h,12.87614,12.03249,12.87614,1.65921,1433.06,863.702,0.0,0.0,0.643,0.387534,0.0,1,0.0139827437,0.8780141504000001,1.1336847927178653,Test
CUVTUJ_clean,11.49174,10.88335,11.49174,1.17569,1542.4,1311.91,0.0,0.0,0.635,0.540109,0.0,1,0.0170639026,1.5706732844,1.5904679884848152,Train
CUVXAT_clean,6.50652,4.77619,6.38844,1.06179,1622.41,1527.99,0.0,0.0,0.5708,0.537581,0.0,0,0.029704732,2.1183634592,2.1532751437865767,Train
CUWNIT_clean,7.16308,4.76212,7.16308,1.01279,1797.12,1774.42,0.0,0.0,0.5942,0.586695,0.0,1,0.0269938337,2.1437212805000003,2.1777335832090525,Train
CUWNOZ_clean,5.62994,3.54616,5.59519,1.08751,1437.05,1321.41,0.0,0.0,0.5562,0.511443,0.0,0,0.0577550003,2.7516770187,2.9628959364449656,Train
CUWTUL_clean,6.09533,3.90326,6.09533,1.40599,1180.08,839.321,0.0,0.0,0.5142,0.365721,0.0,1,0.0580591344,2.4239023071,2.5213812493746177,Train
CUWVAT_clean,6.58776,4.88581,6.58776,1.3301,1313.65,987.633,75.7547,56.9541,0.5658,0.425382,0.0,1,0.0387033435,2.1653498385,2.1258079657606923,Test
CUWVIB_clean,5.59458,3.68098,5.59458,1.45813,1146.31,786.151,0.0,0.0,0.4962,0.340299,0.0,1,0.0575075876,2.3327056827,2.480677407440325,Test
CUWWEY_clean,6.3126,4.22285,6.24291,1.35207,1327.35,981.718,0.0,0.0,0.5216,0.38578,0.0,0,0.0309492748,1.9826144477,1.8968859307097883,Train
CUWXID_clean,6.81153,5.91204,6.80774,1.05332,2229.66,2116.79,0.0,0.0,0.6498,0.616908,0.0,1,0.0278253126,2.2328909072,2.256817049039088,Train
CUWXOJ_clean,5.20089,3.52692,5.18895,1.36291,1137.88,834.888,0.0,0.0,0.5102,0.374345,0.0,1,0.0737584435,2.7557681411000003,2.8752823127040306,Train
CUWXUP_clean,5.81508,3.73125,5.78204,1.39886,1150.61,822.535,0.0,0.0,0.5122,0.366154,0.0,1,0.0692941904,2.8285253993,2.7922795960941516,Train
CUWYAW_clean,6.66043,3.94178,6.66043,1.12925,2112.73,1870.91,0.0,0.0,0.6192,0.548327,0.0,1,0.0360163869,2.5910839151,2.627565819715066,Train
CUWZAX_clean,6.33115,4.3932,6.33115,1.11728,2292.11,2051.51,0.0,0.0,0.638,0.571029,0.0,1,0.0383672783,2.7485083176,2.8258474319725764,Test
CUWZIF_clean,6.90107,4.04842,6.50474,1.24221,1455.33,1171.56,0.0,0.0,0.5514,0.443886,0.0,1,0.0550138697,2.5663369814,2.6854183216105456,Train
CUXFIL_clean,5.39541,4.09689,5.37407,1.23338,1385.07,1122.99,0.0,0.0,0.496,0.402148,0.0,1,0.0496591825,2.6475917208,2.6748336535080517,Train
CUXJAI_clean,5.59834,5.04687,5.59211,1.08566,2410.48,2220.29,0.0,0.0,0.6696,0.616766,0.0,1,0.0191673768,1.6571869535,1.6380290181620594,Test
CUXJEM_clean,5.2963,3.43417,5.2963,1.4085,970.687,689.164,0.0,0.0,0.509,0.361378,0.0,1,0.0527454595,2.1941957504,2.259139409188125,Test
CUXLEO_clean,4.56916,3.40748,4.56916,1.05387,1849.74,1755.19,0.0,0.0,0.6276,0.59552,0.0,0,0.030313625,2.5051832269,2.4113411828648528,Test
CUYWUP_clean,7.47672,4.58604,7.47672,0.942864,1947.64,2065.66,0.0,0.0,0.6222,0.659904,0.0,1,0.0579836808,3.9182115657,3.297035470947284,Test
CUYYAX_clean,5.04944,3.83367,4.87007,1.16048,1383.0,1191.75,0.0,0.0,0.5718,0.492727,0.0,1,0.0507600933,2.8072408795,2.9352527138602267,Test
CUYYEB_clean,5.05464,3.82141,5.04976,1.16139,1360.51,1171.44,0.0,0.0,0.5758,0.495783,0.0,1,0.0496777821,2.8009349346,2.8027735144083024,Train
DABFIX_clean,5.93116,3.4012,5.93116,1.19033,685.642,576.011,28.078,23.5885,0.47,0.394849,0.0,1,0.0409333476,2.2440073616,1.7160978076793194,Test
DABMUR_clean,5.77537,4.11633,5.61896,0.856547,2860.27,3339.3,0.0,0.0,0.6996,0.816768,0.0,1,0.0304500831,2.6861871989,2.572272576726065,Test
DACFAR_clean,7.28891,6.40353,7.28891,0.848239,1646.33,1940.88,0.0,0.0,0.624,0.735642,0.0,1,0.0596673552,2.7855562981,3.491366213669858,Test
DACYUE_clean,6.8959,6.15645,6.8959,0.724543,2828.29,3903.55,0.0,0.0,0.6932,0.956741,0.0,1,0.0403228701,3.5999244616,3.4259207596033425,Test
DACZUF_clean,5.17797,3.83142,5.17477,1.30054,1151.53,885.425,0.0,0.0,0.514,0.395219,0.0,1,0.0487079641,2.4969353225,2.424185484444808,Test
DADLEC_clean,6.0526,4.95704,6.0412,1.09523,933.141,852.004,0.0,0.0,0.4902,0.447577,0.0,1,0.0217568025,1.4090230463999998,1.4784448942957509,Test
DADLIG_clean,8.09916,4.69208,7.74628,1.04866,1110.94,1059.38,0.0,0.0,0.5094,0.485762,0.0,1,0.021014457,1.4334275703,1.4884998181030322,Train
DADLOM_clean,18.71129,17.36648,18.69765,0.589373,1296.58,2199.93,0.0,0.0,0.7274,1.23419,0.0,1,0.0258222574,2.0981064783,2.0982386161694153,Train
DADNII_clean,4.74177,3.59689,4.70677,1.8394,1364.57,741.854,0.0,0.0,0.5562,0.302381,0.0,0,0.0135556823,1.2337473153,1.1572414296309477,Test
DADNOO_clean,4.73082,3.55854,4.7198,1.89726,1369.77,721.97,0.0,0.0,0.558,0.294108,0.0,0,0.0143591596,1.295832984,1.2278626283414389,Train
DADNUU_clean,4.77214,3.58642,4.71473,1.86251,1387.29,744.847,0.0,0.0,0.5582,0.299703,0.0,0,0.0138059357,1.2629661215,1.1948929019456216,Train
DADPAC_clean,4.72724,3.56217,4.71894,1.83384,1319.23,719.379,0.0,0.0,0.5554,0.302862,0.0,0,0.0134682877,1.2076944369,1.1345979045540244,Train
DADPEG_clean,4.6964,3.56133,4.68951,1.91805,1368.69,713.581,0.0,0.0,0.56,0.291963,0.0,0,0.0148103486,1.296631874,1.2559727764252746,Test
DAFJOM_clean,8.83929,3.81491,8.83929,0.983115,1714.88,1744.33,0.0,0.0,0.601,0.611322,0.0,0,0.0670435316,4.582300165,4.366522827734818,Train
DAFSOV_clean,3.83746,3.40945,3.83746,1.6077,380.608,236.741,0.0,0.0,0.4436,0.275923,0.0,1,0.0153252679,1.0776532531999998,1.03776785631272,Train
DAFYAN_clean,9.66168,8.17907,9.66128,0.727331,2334.02,3209.02,0.0,0.0,0.7244,0.99597,0.0,1,0.029652856,2.6447809606,2.526553549963517,Train
DAFYOB_clean,10.04293,8.51588,10.03567,0.702304,2308.4,3286.89,0.0,0.0,0.7318,1.042,0.0,1,0.0288028219,2.5761774104,2.464750844221268,Train
DAGDIZ_clean,6.53637,3.58733,6.4961,1.65009,1230.44,745.682,0.0,0.0,0.5248,0.318042,0.0,1,0.0206583399,1.4553509179,1.441081607798938,Train
DAGDUL_clean,5.27377,3.53794,5.26479,1.49897,1060.75,707.651,0.047289,0.0315476,0.5304,0.353842,0.0,1,0.0317989206,1.7429880061,1.8045927295812167,Train
DAGJED_clean,5.20512,3.82408,5.11079,1.13589,1063.56,936.32,0.0,0.0,0.5332,0.469412,0.0,1,0.0392134003,2.1429636035,2.23132989678887,Test
DAHNOQ_clean,4.37827,3.40648,4.37827,1.74065,715.841,411.25,0.0,0.0,0.5478,0.314711,0.0,0,0.0079082598,0.6362286927,0.6597213973262541,Train
DAHNUW_clean,5.84798,3.71152,5.7374,1.67689,1727.89,1030.41,0.0,0.0,0.5894,0.351484,0.0,1,0.0135503835,1.1036752418,1.0789414429953175,Test
DAHPAE_clean,5.00613,3.59286,5.00613,1.85953,1943.24,1045.01,0.0,0.0,0.5872,0.315779,0.0,0,0.016712654,1.3397214812,1.3319303253835328,Test
DAKVIW_clean,10.56447,5.75649,10.52532,0.937929,2177.49,2321.59,0.0,0.0,0.7172,0.764663,0.0,1,0.0369878115,2.1125961907,2.3549187631031585,Train
DAKVOC_clean,10.83342,6.67267,9.96393,0.814427,2128.52,2613.52,0.0,0.0,0.7096,0.871288,0.0,1,0.0534872988,2.8290966589,2.8523864859294448,Train
DAKVUI_clean,10.79495,6.61419,10.65384,0.825495,2120.6,2568.89,0.0,0.0,0.704,0.852822,0.0,1,0.0467338282,2.5661276131,2.681037498812766,Test
DAKZUN_clean,8.9514,8.55667,8.9514,1.07791,1424.0,1321.08,0.0,0.0,0.6034,0.559789,0.0,1,0.0133298475,1.1647675952,1.1650330789839671,Train
DALSUH_clean,5.91398,4.13588,5.88727,1.34754,1386.92,1029.23,0.0,0.0,0.5694,0.422549,0.0,1,0.0336912551,1.9688106988,2.0978063969881484,Test
DALTAO_clean,5.94592,4.16513,5.91791,1.30338,1417.2,1087.33,0.0,0.0,0.5806,0.445458,0.0,1,0.0329740896,1.9766751867,2.0750972629568163,Test
DALVAQ_clean,4.44925,3.63681,4.42486,1.58343,818.36,516.827,0.0,0.0,0.5166,0.326254,0.0,1,0.0324017766,1.795527205,1.8050743172110986,Train
DALVIY_clean,8.33476,5.09032,8.29465,1.08397,2205.78,2034.91,0.0,0.0,0.6634,0.612008,0.0,1,0.0238484809,1.7930219068000002,1.984261258521533,Train
DAMDUT_clean,8.31671,7.58192,8.27853,1.19599,2079.9,1739.06,0.0,0.0,0.676,0.565222,0.0,0,0.0185547492,1.6004740063,1.5794156809438036,Test
DAMYOI_clean,10.02859,8.74362,10.02158,0.833317,2083.55,2500.31,0.0,0.0,0.7206,0.864737,0.0,1,0.0245379837,2.0804619581,2.0347121191014996,Test
DAMYUO_clean,10.07569,8.829,10.07569,0.816116,2083.89,2553.43,0.0,0.0,0.7258,0.889335,0.0,1,0.0242058126,2.0480399246000003,2.0407799876826545,Train
DAMZEZ_clean,5.14628,4.13045,5.14063,1.48117,701.768,473.794,0.0,0.0,0.4344,0.293282,0.0,0,0.0318112614,1.2965110485,1.3941945493284489,Test
DANFUW_clean,4.81728,3.69845,4.80154,1.21376,550.063,453.189,0.0,0.0,0.4588,0.377999,0.0,1,0.019951916,1.1899562744,1.1189084879764322,Train
DAPBED_clean,11.8768,6.79638,11.8768,0.823875,2185.0,2652.11,0.0,0.0,0.7074,0.858625,0.0,1,0.0481183099,2.7537721185,2.755817203263377,Train
DAPBIH_neutral,11.12385,5.1267,11.12385,0.988754,1494.17,1511.16,320.813,324.462,0.6592,0.666697,0.0,0,0.0396202813,2.1699569325,2.2812635893778457,Test
DAPHOU_clean,10.96282,6.06241,10.06318,0.785626,2401.47,3056.76,0.0,0.0,0.737,0.938106,0.0,1,0.0283621719,2.4686400064,2.474193294268431,Train
DAPXID_ion_b,14.13138,12.09179,14.13138,0.764894,1790.29,2340.57,0.0191816,0.0250774,0.7044,0.920911,0.0,1,0.0118576928,1.1033069152,1.0999460491679813,Train
DAPYAW_clean,10.03517,4.39114,9.81197,1.07113,1518.35,1417.52,0.0,0.0,0.6004,0.560529,0.0,1,0.0225006895,1.6976347697,1.7883512990449582,Train
DARBUU_clean,5.36181,3.52881,5.36181,1.3326,1639.41,1230.24,0.0,0.0,0.6492,0.487169,0.0,1,0.0047881961,0.4473174499,0.45714386506797666,Train
DARSEV_SL,9.02256,7.15114,9.02256,0.917569,1768.62,1927.51,0.0,0.0,0.6346,0.69161,0.0,0,0.0266709772,1.9236407194,2.2199754569035424,Test
DATHAJ_clean,5.55335,3.71297,5.5372,1.88262,726.028,385.647,0.0,0.0,0.4308,0.22883,0.0,1,0.009542193,0.6709567736,0.6357770341339999,Train
DATPIY_clean,5.0065,3.44702,5.0065,2.43277,611.699,251.441,0.0,0.0,0.401,0.164832,0.0,1,0.0145640623,0.6699558311,0.6886467822698705,Train
DAWBIO_clean,5.36745,4.59869,5.35848,1.40464,933.9,664.867,0.0,0.0,0.4578,0.325919,0.0,0,0.0401104824,1.7547471980000002,1.7577184275524995,Test
DAWBOU_clean,5.38914,4.65491,5.38091,1.40413,956.091,680.914,0.0,0.0,0.473,0.336864,0.0,0,0.0389327808,1.7748868785,1.781231375139708,Train
DAWBUA_clean,5.52672,4.41246,5.51306,1.33702,1014.57,758.83,0.0,0.0,0.4726,0.353472,0.0,0,0.0408951199,1.9197694708,1.9646757689546681,Train
DAWCAH_clean,5.49841,4.3714,5.48581,1.35332,991.393,732.566,0.0,0.0,0.483,0.356901,0.0,0,0.0439152077,1.9668716977,1.9937691954019803,Test
DAWCIP_clean,7.07962,5.54367,6.68431,0.995326,1963.72,1972.94,0.0,0.0,0.6428,0.645818,0.0,1,0.0424326928,2.7538919839,2.9696833829678817,Test
DAWCOV_clean,6.44243,4.38111,6.43204,0.976829,1852.41,1896.35,0.0,0.0,0.5892,0.603176,0.0,1,0.0492556567,3.4733146331,3.2851719486575224,Train
DAWDAI_clean,5.05189,3.47503,5.00056,1.41655,729.858,515.235,3.30907,2.336,0.487,0.343792,0.0,0,0.0353177587,1.5027026497999998,1.683142642437138,Test
DAWWAB_clean,9.11595,5.71973,9.11595,1.61188,1283.24,796.112,0.0,0.0,0.5532,0.343202,0.0,1,0.0113340572,0.9351260723,0.9442336698309419,Train
DAWWEF_clean,7.03379,5.33899,6.88955,1.07778,2082.97,1932.65,0.0,0.0,0.6328,0.587134,0.0,1,0.016406874,1.5040187109999998,1.4535848619269947,Train
DAXHIV01_clean,7.67683,6.96811,7.64287,0.883035,2122.43,2403.56,0.0,0.0,0.652,0.738362,0.0,1,0.0294239202,2.5921157598,2.50781512783339,Test
DAXHIV_clean,7.62222,6.92477,7.62222,0.882059,2131.41,2416.4,0.0,0.0,0.65,0.736913,0.0,1,0.0287264151,2.5598021756,2.4601602770881956,Train
DAXHUH01_clean,7.57949,6.81104,7.57786,0.890235,2156.64,2422.55,0.0,0.0,0.6646,0.746545,0.0,1,0.02992629,2.6435339254,2.4825276736569153,Train
DAXHUH_clean,7.50015,6.78537,7.50015,0.876532,2176.78,2483.4,0.0,0.0,0.6518,0.743612,0.0,1,0.0286932006,2.5503090482,2.431819081976462,Test
DEBGIA_clean,4.22344,3.46939,4.21901,1.31115,709.801,541.36,0.0,0.0,0.5062,0.386075,0.0,1,0.0310850592,1.3990813986,1.5724509024101314,Train
DEBWAK_clean,9.51714,7.06696,9.49794,1.05415,1137.31,1078.89,0.0,0.0,0.5474,0.519279,0.0,1,0.0155461415,1.3488529775,1.311753976524531,Train
DEFKUU_clean,5.40643,4.54366,5.40121,1.71115,1533.38,896.109,0.0,0.0,0.5346,0.312421,0.0,1,0.0226948878,1.5731763019,1.5614838746025712,Train
DEFRIR_clean,4.8082,3.42715,4.52912,1.36761,1390.79,1016.96,0.0,0.0,0.6218,0.454663,0.0,1,0.0161138507,1.3079227188,1.3459183653303803,Test
DEGJIK_clean,4.49857,3.8442,4.48892,1.5866,672.4,423.8,0.0,0.0,0.4622,0.291315,0.0,1,0.0424673605,1.6421517556,1.8566356050210897,Test
DEJCIF_clean,5.07924,4.58071,5.07255,1.37299,1275.41,928.928,0.0,0.0,0.5384,0.392137,0.0,1,0.0549923238,2.5893566864,2.6020807459174997,Train
DEJJIN_clean,9.02838,5.92782,8.88373,1.15645,1730.76,1496.61,0.0,0.0,0.6316,0.546154,0.0,1,0.013477175,1.2326825901,1.2018956500719442,Train
DEJRUH_clean,4.98345,3.78027,4.98096,1.03045,1372.42,1331.87,0.0,0.0,0.5442,0.52812,0.0,1,0.0341786217,2.3149729647,2.46798550908343,Test
DEKHEH_clean,5.43686,4.14383,5.43686,1.07065,1502.42,1403.28,0.0,0.0,0.5314,0.496335,0.0,0,0.0390186758,2.449878903,2.475691258398932,Train
DEKHUX_clean,6.73498,5.41814,6.73498,1.052,1333.52,1267.6,0.0,0.0,0.5288,0.50266,0.0,0,0.0374962253,2.6352831706,2.488151965949607,Train
DELGEI_manual,11.23796,5.9406,11.23796,0.599562,2425.76,4045.89,0.0,0.0,0.7354,1.22656,0.0,1,0.0187302752,1.720475238,1.8116747713697294,Test
DEPSEW_clean,5.82661,3.6907,5.82661,2.13899,1066.33,498.522,0.0,0.0,0.4968,0.232259,0.0,0,0.3056891925,3.7429161176,3.621699226620264,Train
DEPTOH_clean,5.8241,3.64846,5.79204,2.13649,1058.19,495.294,0.0,0.0,0.4966,0.232438,0.0,0,0.3072759377,3.7015611258,3.618619794838423,Train
DEPXAY_clean,5.29628,3.94728,5.28006,1.07008,2144.58,2004.14,0.0,0.0,0.6404,0.598462,0.0,1,0.0442577915,3.2985857175,3.16537503281475,Train
DEPXIG_clean,5.45833,4.42032,5.43874,1.21453,1418.68,1168.08,0.0,0.0,0.5298,0.436217,0.0,1,0.0449477822,2.6912276847000003,2.5554546377690155,Train
DEPXOM_clean,5.87443,4.69467,5.85064,1.07984,2256.84,2089.97,0.0,0.0,0.6052,0.560452,0.0,1,0.0273167535,2.3253474102,2.2060155262677648,Train
DEQFOU_clean,4.43033,3.99236,4.42996,1.33979,549.564,410.186,188.414,140.63,0.5546,0.413945,0.0,1,0.0186984602,1.4849656478,1.4251602745227605,Train
DEQVIF_clean,6.28134,5.12336,6.25197,1.10154,1366.18,1240.24,0.0,0.0,0.5242,0.475878,0.0,0,0.0332967944,2.4216777205,2.2758320750529437,Train
DEWQUS_clean,6.85928,3.77665,6.81852,1.76082,1527.11,867.274,0.0,0.0,0.5524,0.313718,0.0,1,0.0123608277,1.049407883,0.9706532941541935,Test
DEWRIH_clean,5.32446,3.88819,5.25315,2.34041,1006.15,429.901,0.0,0.0,0.4786,0.204494,0.0,1,0.0073051265,0.5880120711,0.5665224199234087,Train
DEYJIC_clean,5.18714,3.79158,5.1767,1.26241,1435.68,1137.26,0.0,0.0,0.5344,0.423318,0.0,1,0.0312240927,2.0550791138,2.0799058010152347,Train
DEYJOI_clean,5.20142,3.64055,5.19254,1.24367,1493.92,1201.22,0.0,0.0,0.5352,0.430338,0.0,1,0.0317119958,2.1069976624,2.1532891109543137,Test
DEYLUQ_clean,7.28064,4.66536,7.28064,1.6199,977.704,603.558,0.0,0.0,0.4976,0.307179,0.0,1,0.0174541592,1.2230338443000002,1.1682766481074363,Train
DEYNIG_clean,4.67091,3.76726,4.63755,2.4194,389.97,161.184,0.0,0.0,0.4246,0.175498,0.0,1,0.0086074474,0.4530091963,0.48011556409194767,Train
DEZKAW_clean,8.13146,3.74741,8.1255,0.911325,1740.68,1910.06,27.7822,30.4855,0.6372,0.699202,0.0,1,0.0174086501,1.5160585688,1.5851584167545298,Train
DIBJEF_clean,5.60649,4.70814,5.13464,1.76959,946.581,534.916,0.0,0.0,0.4236,0.239378,0.000565104,1,0.0266239698,1.3225424555,1.3698318815166328,Train
DIBJIJ_clean,6.10817,4.16928,5.9554,1.53541,899.273,585.691,0.0598489,0.0389792,0.5054,0.329164,0.0,1,0.0210066522,1.2534536415000002,1.2594054051333863,Test
DIBPAH_clean,5.70136,3.62358,5.70136,1.16448,1493.52,1282.56,0.0,0.0,0.5674,0.487255,0.0,1,0.0552667269,2.7454374631,3.0250507044099377,Test
DIBQEM_clean,16.82847,3.4822,16.82847,0.80886,1885.97,2331.64,0.0,0.0,0.6836,0.84514,0.0,1,0.0297647039,2.3392338148,2.393435706537771,Train
DIBQIQ_clean,8.63632,7.63034,8.63632,0.777557,2368.36,3045.9,0.0,0.0,0.6702,0.86193,0.0,1,0.0389446154,3.1132187467000003,3.0832308250899527,Test
DIBQOW_clean,9.37426,8.42221,9.36118,0.760114,2220.47,2921.23,0.0,0.0,0.6854,0.901706,0.0,1,0.0356201467,2.9504637488,2.8599622810123533,Train
DIBQUC_clean,9.44546,8.47192,9.44155,0.754531,2221.93,2944.78,0.0,0.0,0.6746,0.894065,0.0,1,0.0356921304,2.9194623071,2.8478243664815928,Test
DICKEH_clean,12.83987,7.4101,12.68863,0.522471,2354.64,4506.73,0.0,0.0,0.796,1.52353,0.0,1,0.0270696373,2.2498249168,2.41371166492456,Train
DICVAO_clean,6.28011,3.53464,6.28011,1.12464,1454.75,1293.53,0.0,0.0,0.5698,0.506652,0.0,1,0.043466717,2.7652979537,2.6209228671395093,Test
DICVES_clean,6.33441,3.59662,6.33441,1.11373,1441.4,1294.21,0.0,0.0,0.581,0.521669,0.0,1,0.042990704,2.7310040523000003,2.5677321387514604,Test
DICVIW_clean,6.26495,3.45129,6.22166,1.15151,1468.87,1275.6,0.0,0.0,0.5682,0.493438,0.0,1,0.0454063221,2.7819904262,2.719493455394727,Train
DIDBAV_clean,9.28847,5.74363,7.91915,0.92545,1489.11,1609.07,0.0,0.0,0.5874,0.634718,0.0,0,0.0392836427,3.0943895649,3.0214549795473307,Train
DIDBEZ_clean,9.17575,5.94989,7.9915,0.929043,1495.06,1609.25,0.0,0.0,0.5892,0.634201,0.0,0,0.0389931018,3.1115063115,2.984493459128574,Test
DIDDOK_clean,9.60031,8.17399,9.60031,0.525842,2599.96,4944.37,0.0,0.0,0.7878,1.49817,0.0,1,0.0249822582,2.3220666359,2.331149276044454,Train
DIHVIB01_clean,13.18363,6.64307,13.17065,0.881735,2096.71,2377.93,0.0,0.0,0.7124,0.807952,0.0,1,0.0324610329,2.1498529086,2.17126483926011,Train
DIHVIB_clean,13.27896,6.89092,13.26587,0.883073,2036.2,2305.8,0.0,0.0,0.7186,0.813749,0.0,1,0.0335020591,2.0605952395,2.169179528545608,Train
DIKJUD_clean,5.51513,4.27188,5.50941,1.06812,1036.17,970.09,0.0,0.0,0.5198,0.486651,0.0,1,0.0540662244,2.4661050583,2.716546537902489,Test
DINNIZ_clean,5.64071,4.66315,5.45064,1.16869,1439.96,1232.11,0.0,0.0,0.5486,0.469413,0.0,1,0.0189428565,1.4627718293,1.4391005927414722,Test
DIPMAS_clean,5.87796,4.78268,5.87796,1.71391,1532.86,894.368,0.0,0.0,0.5492,0.320438,0.0,1,0.0073933866,0.6609709314,0.640167920539642,Train
DIRPIF_clean,8.33531,6.07292,8.1953,0.867063,1783.84,2057.33,0.0,0.0,0.6398,0.737893,0.0,1,0.0345445183,2.4726188566,2.6410483769945685,Test
DITJIB_clean,20.3631,9.01147,20.3631,0.521418,1774.76,3403.71,0.0,0.0,0.8332,1.59795,0.0,1,0.0141783914,1.3397069106,1.3872078515817168,Test
DITJOH_clean,19.43102,8.59079,19.40135,0.448746,1849.48,4121.45,0.0,0.0,0.824,1.83623,0.000445686,1,0.0174638419,1.6546218919,1.6682935557531264,Train
DITTEH_clean,5.93254,5.15214,5.88831,1.0803,2344.41,2170.15,0.0,0.0,0.6392,0.59169,0.0,1,0.0330026728,2.5532914833,2.5795675757489924,Test
DITXOU_clean,5.00365,3.53364,4.98221,1.08104,1844.81,1706.51,0.0,0.0,0.6206,0.574076,0.0,1,0.0422463128,3.0848655937,2.9902487820375256,Train
DITYEM_clean,4.09318,3.46859,4.09318,1.84238,155.54,84.4234,0.0,0.0,0.347,0.188344,0.0,1,0.007088105,0.4913369484,0.47904164767058655,Train
DITYOW_clean,4.93354,4.81445,4.92328,1.42734,510.614,357.738,113.486,79.5089,0.4866,0.340914,0.0,1,0.0223450108,1.3357268941,1.2787022905953882,Train
DIVGIA_clean,5.63742,3.98335,5.62763,1.20442,696.106,577.961,65.1595,54.1004,0.5032,0.417795,0.0,1,0.0209048297,1.341057784,1.2711190375113066,Test
DIVPUU_clean,5.28515,5.1054,5.28515,1.34186,1223.75,911.977,0.0,0.0,0.5794,0.431788,0.0,1,0.0394416116,2.2442272366,2.1026902213484115,Test
DIVSUY_clean,6.25148,4.17859,6.25148,1.23081,1945.11,1580.35,0.0,0.0,0.5978,0.485697,0.0,1,0.0439487891,2.6312388158,2.7375715782011474,Train
DIWMON_clean,9.50738,3.99435,9.49132,0.925424,1888.23,2040.4,0.0,0.0,0.6264,0.676879,0.0,1,0.0305037195,2.3822237678,2.3227613647015275,Test
DIWNAA_clean,6.5178,6.18035,6.5178,0.652513,3119.09,4780.12,0.0,0.0,0.7074,1.08412,0.0,1,0.0655847248,5.2254855224000005,5.145165120977243,Train
DIXKOL_clean,7.1658,4.7152,7.1658,1.41392,1322.21,935.139,0.0,0.0,0.5174,0.365933,0.0,1,0.0250144386,1.7565044336000002,1.7519018006569453,Test
DIYKAZ_clean,4.37543,3.51099,4.3605,1.7281,376.515,217.879,0.0,0.0,0.374,0.216423,0.0,0,0.0556210462,1.2980723883,1.3424986260399367,Train
DIYKED_clean,4.3222,3.9714,4.30868,1.64821,471.45,286.037,0.0806433,0.0489277,0.4054,0.245963,0.0,0,0.0058636806,0.4416186997999999,0.45406295138481956,Train
DIYTEM_clean,5.54342,3.85621,5.5369,1.27196,1497.59,1177.39,0.0,0.0,0.5676,0.446239,0.0,1,0.0350271545,2.2569763359,2.244342142868067,Train
DOCKOW_clean,6.92307,5.14701,6.92307,1.38513,740.657,534.72,0.0,0.0,0.4578,0.330511,0.0,1,0.0111347479,0.8127035937,0.815252797811731,Train
DODMIT_clean,7.01246,4.52059,7.01246,1.55856,1353.3,868.3,0.0,0.0,0.5366,0.344293,0.0,1,0.0345532453,2.1046073331,2.021364848718281,Test
DOGMET_clean,4.99101,3.50509,4.98216,1.8068,621.631,344.051,0.0,0.0,0.4322,0.239208,0.0,0,0.0215480348,0.9629578675,1.151896937868086,Test
DOHNUL_clean,5.10735,4.25399,5.10735,1.35619,773.026,569.999,0.0,0.0,0.4762,0.351131,0.0,1,0.0222914205,1.2861098999,1.2522774046836505,Test
DOKDEN_clean,15.14217,13.44364,15.14217,0.712137,1836.8,2579.28,0.0,0.0,0.7026,0.986608,0.0,0,0.0312577258,2.4195834474,2.535396197671687,Test
DOKHIV_clean,4.6785,3.79643,4.6785,1.49483,851.868,569.877,0.0,0.0,0.5076,0.339571,0.0,1,0.0289180724,1.5641062576,1.647020233224635,Test
DOLRAZ_clean,5.60421,4.00046,5.58702,1.12972,1092.67,967.204,0.0,0.0,0.499,0.441701,0.0,1,0.0763105322,3.0886528056,2.9950424477410986,Train
DOLXOR01_clean,6.62435,5.36027,6.62435,1.08308,2578.79,2380.98,0.0,0.0,0.7368,0.68028,0.0,1,0.0044583046,0.439123947,0.4549512392826809,Train
DOLXOR02_clean,6.63462,5.37244,6.6246,1.07895,2591.9,2402.25,0.0,0.0,0.7454,0.690858,0.0,1,0.0044201994,0.4438431254,0.45608367819125295,Train
DOLXOR_clean,6.62226,5.36537,6.62226,1.08651,2583.31,2377.63,0.0,0.0,0.7438,0.684577,0.0,1,0.0042413982,0.4441596914,0.44239755150444005,Train
DOMCUE_clean,18.25013,13.54682,18.2492,0.68587,1384.82,2019.07,0.0,0.0,0.7758,1.13112,0.0,1,0.0090275302,0.8636000837000001,0.8856124055781576,Train
DOMDAL_clean,18.43381,14.45488,18.43381,0.66329,1341.32,2022.22,0.0,0.0,0.7914,1.19314,0.0,0,0.0100366047,0.9270392361,0.9240568557834412,Train
DOMFUI_clean,8.13637,5.96872,8.13476,1.18044,720.043,609.981,519.992,440.508,0.5282,0.447462,0.0,1,0.0381256379,2.5747718765000003,2.5588788560099878,Train
DOMKEX_clean,5.79906,5.20244,5.74892,1.1266,1080.97,959.499,0.0,0.0,0.4364,0.387361,0.0,1,0.0225727736,1.4979837243,1.5654181493459127,Train
DONKIC_clean,6.48379,4.41641,6.4829,1.03451,1661.2,1605.79,0.0954102,0.0922278,0.5846,0.565101,0.0,1,0.0278900647,2.1350136006,2.1115472886005726,Test
DONKOI_clean,7.04655,4.39343,7.04655,1.0337,1721.47,1665.34,0.466736,0.451519,0.6006,0.581018,0.0,1,0.0282371375,2.1220949837,2.1625895373729915,Train
DONKUO_clean,5.4573,3.6514,5.4573,1.13,941.26,832.97,0.0,0.0,0.5158,0.456458,0.0,1,0.0432369792,2.102748554,2.192621095144256,Test
DONNAW01_SL,6.43543,6.35486,6.43543,1.16514,1539.67,1321.44,0.0,0.0,0.5912,0.507406,0.0,0,0.0459562095,2.9687990365,3.057520435603398,Train
DONNAW_clean,6.49774,6.1972,6.46918,1.18453,1598.35,1349.36,0.0,0.0,0.5994,0.506024,0.0,0,0.056433294,3.4155168009,3.54023130818583,Train
DONNEA_clean,5.83858,5.56044,5.83858,1.23493,1480.59,1198.93,0.0,0.0,0.573,0.463996,0.0,0,0.0592263203,3.0082904479000003,3.0428189656315316,Train
DONNIE_clean,7.12052,6.90641,7.12052,1.14518,1600.5,1397.6,0.0,0.0,0.6142,0.536335,0.0,0,0.0499440823,3.5188138446,3.726074654481536,Train
DONXUB_clean,5.08195,4.10328,5.08195,1.44854,506.69,349.793,246.756,170.348,0.4778,0.329849,0.0,1,0.1357176248,2.7809215158,2.6641882792075955,Train
DOPHOH_clean,12.12577,5.64086,12.12577,0.985409,1409.44,1430.31,390.474,396.256,0.664,0.673832,0.0,1,0.0178971078,1.5931339788,1.5272078654533272,Test
DOPHUN_clean,12.13355,5.61514,12.13355,0.984545,1406.36,1428.44,392.743,398.909,0.6676,0.67808,0.0,1,0.0179076653,1.5982079228,1.5379182234678737,Train
DOPJAV_clean,7.55824,6.21149,7.55824,1.32954,1214.76,913.669,0.0,0.0,0.54,0.406156,0.0,1,0.0129392964,0.9784804479,1.0370397870186614,Train
DORFAS_clean,6.89012,5.94748,6.89012,1.02954,1487.46,1444.77,0.0,0.0,0.5948,0.577731,0.0,0,0.0350810205,2.5945756107,2.6216937164566394,Train
DORFOG_clean,3.83387,3.5005,3.83387,1.28492,358.59,279.076,0.0,0.0,0.476,0.370451,0.0,1,0.0270547142,1.7256564513,1.5843823507416825,Test
DORFUM_clean,5.31241,3.65877,4.34235,1.179,656.388,556.733,287.867,244.163,0.4348,0.368788,0.0,1,0.0719624435,2.3619446125,2.3328121897508285,Train
DORYUG_clean,4.30528,3.70581,4.14603,1.35136,548.483,405.876,0.0,0.0,0.4236,0.313463,0.0,0,0.1335061833,2.6654896902000003,2.7278537876702447,Train
DOTTEM_clean,6.58677,6.27426,6.58677,1.16648,1563.6,1340.44,0.0,0.0,0.6108,0.523628,0.0,0,0.0525356198,3.3560108721,3.4752549717565717,Test
DOTYES_clean,5.96032,3.45239,5.95027,3.11213,1072.19,344.518,4.81821,1.5482,0.4928,0.158348,0.0,1,0.0029601175,0.2578839363,0.26842357899943936,Train
DOYBAV_clean,6.11281,4.48624,6.11281,1.17289,1293.73,1103.03,0.0,0.0,0.5656,0.482229,0.0,1,0.0251364646,1.8459530892,1.7556660428831614,Train
DOYBEA_clean,5.83429,5.37899,5.82078,1.0599,1634.79,1542.4,0.0,0.0,0.5844,0.551373,0.0,0,0.0758027956,3.5364115882,3.8352597050662705,Train
DOYBUQ01_clean,4.47276,3.50575,4.44835,1.90606,879.044,461.183,0.0,0.0,0.519,0.272289,0.0,1,0.0394664459,1.997303111,1.9717758043606937,Train
DOYBUQ_clean,4.65105,3.76809,4.64879,1.78136,1057.62,593.716,0.0,0.0,0.5468,0.306956,0.0,1,0.0328764347,1.8548439477,1.8449252384041734,Train
DOYHOQ_clean,6.82504,4.15814,6.82504,0.987346,2244.54,2273.31,0.0,0.0,0.6424,0.650633,0.0,1,0.048183535,3.2980742496,3.486788893844226,Test
DOYHUW_clean,6.87938,5.20644,6.87938,0.976254,2294.91,2350.74,0.0,0.0,0.6516,0.667449,0.0,1,0.0701049235,4.293224979,4.110559267808684,Test
DOYLEI_clean,6.40369,4.15529,6.40369,1.15157,1694.44,1471.42,0.0,0.0,0.6046,0.525024,0.0,1,0.0118752299,1.0006367269,1.0305950532375885,Test
DOZCEC_clean,19.11403,11.74027,19.11403,0.458248,1880.45,4103.57,0.0,0.0,0.8106,1.76891,0.0,1,0.0196764672,1.784100709,1.8316371583586335,Train
DOZKIO_clean,6.44925,4.72277,6.43616,1.05766,2120.44,2004.84,0.0,0.0,0.6376,0.602839,0.0,1,0.0530833921,3.7451675609,3.505030526622525,Test
DUBBEI_clean,4.93494,3.49142,4.86694,2.00135,1263.38,631.266,0.0,0.0,0.5166,0.258126,0.0,0,0.0270702882,1.6845265216,1.652628731608964,Train
DUBJUH_clean,7.25048,6.08004,7.24863,1.09392,1335.78,1221.09,0.0,0.0,0.5476,0.500583,0.0,0,0.033574208,2.4388925486,2.3003430919410923,Test
DUBKAO_clean,7.17371,5.8712,7.17371,1.10727,1329.12,1200.36,0.0,0.0,0.5452,0.492383,0.0,0,0.034242765,2.4382550094,2.2451691315478906,Test
DUBWON_clean,5.41735,4.7264,5.40719,1.2729,1870.44,1469.44,0.0,0.0,0.6244,0.490534,0.0,1,0.0574698291,3.3959569857,3.350930905278615,Train
DUDKEU_clean,5.16942,3.66649,5.16942,1.65561,855.86,516.946,0.0,0.0,0.4144,0.250301,0.0,1,0.010527193,0.8033361862,0.7733000404309629,Train
DUDKOE_clean,10.92488,6.00637,10.24342,0.779781,2417.09,3099.71,0.0,0.0,0.7388,0.947446,0.0,1,0.0278066685,2.452763776,2.4367839056626384,Train
DUDKUK_clean,8.84791,6.66406,8.84791,0.84398,2430.67,2880.0,0.0,0.0,0.75,0.888646,0.0,1,0.0168675724,1.6200263034,1.6075257220329857,Test
DUFGOB_clean,8.44616,7.81761,8.44616,1.12069,1457.55,1300.59,0.0,0.0,0.5722,0.51058,0.0,1,0.0085442268,0.7568725667,0.8350086402176877,Train
DUFKAS_clean,18.33861,11.31425,18.33733,0.529585,1559.27,2944.33,0.0,0.0,0.811,1.53139,0.0,1,0.0158285121,1.4618733052,1.4889021307131174,Test
DUGMOJ_clean,13.15947,6.68014,13.15947,1.04413,1452.16,1390.78,0.0,0.0,0.5972,0.571957,0.0,1,0.0295766031,1.9614507641,1.9271609329137422,Train
DUHXIP_clean,5.38027,3.4809,5.34205,1.27884,677.396,529.696,4.06005,3.17479,0.4624,0.361578,0.0,1,0.0485845741,1.6744287935,1.7142487169815541,Train
DUJRAD_clean,6.16228,5.32315,6.13437,1.37535,1593.73,1158.79,0.0,0.0,0.5806,0.422148,0.0,1,0.0328115613,2.1755904022,2.2152037594616196,Test
DUKNII_clean,5.28968,3.60886,5.25875,1.23201,362.386,294.143,41.4473,33.6421,0.4702,0.381654,0.0,1,0.0255672306,1.1133216059,1.1426105896115855,Train
DUMXEQ01_clean,4.78039,3.84263,4.78039,1.76597,828.843,469.341,0.0,0.0,0.4496,0.254591,0.0,0,0.045714565,1.7182995577000002,1.7693977626645734,Train
DUMXEQ_clean,4.75958,3.82785,4.75554,1.76954,805.711,455.323,0.0,0.0,0.4502,0.254417,0.0,0,0.0450211005,1.7113385613,1.7483711252781236,Test
DUMXIU_clean,4.39406,3.66786,4.39093,1.82931,560.452,306.373,0.0,0.0,0.4366,0.238669,0.0,0,0.0337869761,1.4647828156,1.5741775922514685,Test
DUNJON_clean,5.13321,3.70024,5.11248,2.82249,688.218,243.833,0.0,0.0,0.4132,0.146395,0.0,1,0.0030184883,0.2570380157999999,0.22583654078279092,Train
DUNXUH01_clean,5.08043,3.95835,5.08043,1.20337,1874.89,1558.04,0.0,0.0,0.6064,0.503919,0.0,1,0.0706944109,4.0511903272000005,4.035750229839104,Train
DUNXUH02_clean,5.05926,3.9622,4.49661,1.21011,1835.42,1516.73,0.0,0.0,0.6046,0.499624,0.0,1,0.0718361437,4.0318033752,4.087440956319991,Train
DUNXUH03_clean,4.97891,3.78832,4.59863,1.23681,1734.27,1402.21,0.0,0.0,0.5936,0.479945,0.0,1,0.0692451155,3.8984666948,3.950909461235437,Train
DUNXUH04_clean,4.99541,3.81551,4.9844,1.23241,1776.81,1441.74,0.0,0.0,0.5952,0.482957,0.0,1,0.0677223051,3.914258914,3.8680231947016916,Train
DUNXUH05_clean,5.01407,3.87283,4.97867,1.22609,1774.32,1447.13,0.0,0.0,0.5944,0.484792,0.0,1,0.0695781834,3.9454547732,3.9824812152830362,Train
DUNXUH06_clean,5.04935,3.8892,5.03687,1.21647,1807.28,1485.67,0.0,0.0,0.6062,0.498328,0.0,1,0.0692571179,3.9983000456,3.9491999160166826,Train
DUNXUH12_clean,4.98043,3.76476,4.96686,1.23681,1716.03,1387.47,0.0,0.0,0.593,0.47946,0.0,1,0.0686975039,3.8909846696,3.911212081440917,Train
DUNXUH13_clean,4.99037,3.79418,4.86577,1.23241,1722.87,1397.97,0.0,0.0,0.5938,0.481821,0.0,1,0.0681138849,3.8967143376,3.8561462178353803,Train
DUNXUH14_clean,5.00423,3.8343,4.58368,1.22609,1739.06,1418.37,0.0,0.0,0.5986,0.488218,0.0,1,0.0693096286,3.9553762957,3.963154212301639,Train
DUNXUH15_clean,5.0496,3.92518,5.02742,1.21011,1811.64,1497.09,0.0,0.0,0.6042,0.499293,0.0,1,0.0699352562,4.0319519055,4.046345644250323,Train
DUNXUH21_clean,5.07683,3.95879,4.81355,1.20337,1860.11,1545.75,0.0,0.0,0.6076,0.504916,0.0,1,0.0698197326,4.0516149137,4.1040635994367065,Train
DUNXUH_clean,5.0284,3.9124,4.82782,1.21944,1796.23,1472.99,0.0,0.0,0.602,0.493667,0.0,1,0.0701753051,4.0027244475,4.019333698201012,Train
DUPJAB_clean,9.76192,5.55983,9.75209,1.11305,1740.01,1563.28,62.6529,56.2895,0.67,0.60195,0.0,1,0.0275066435,1.5044122964,1.955810129758057,Test
DUPKAC_clean,11.8886,6.57125,10.69212,0.647287,2123.23,3280.21,0.0,0.0,0.7376,1.13953,0.0,1,0.0275381233,2.5225153639,2.3285167866982732,Train
DUPVER_clean,9.93002,6.46763,9.91751,0.795967,2168.14,2723.91,0.0,0.0,0.7348,0.923153,0.0,1,0.0236480146,2.2218557246,2.020054033499054,Test
DUQSEO_clean,3.77576,3.47286,3.77576,1.73065,285.313,164.859,0.0,0.0,0.4436,0.25632,0.0,1,0.0028702925,0.2585647837,0.24433446107810597,Train
DUQYEU01_clean,4.86217,4.34562,4.86217,1.66926,2251.32,1348.69,0.0,0.0,0.6184,0.370463,0.0,1,0.0164665202,1.4025944244,1.4135404378013239,Train
DUQYEU_clean,4.86021,4.34715,4.86021,1.66839,2272.53,1362.11,0.0,0.0,0.6004,0.359868,0.0,1,0.0164528448,1.4046265853,1.4008654570053929,Train
DURDAX_clean,8.5072,5.95019,7.5941,0.701061,2581.34,3682.05,0.0,0.0,0.7402,1.05583,0.0,1,0.0290932162,2.6354624246,2.5954394230032736,Test
DURDIF_clean,6.93958,6.05366,6.90375,0.735097,2642.04,3594.14,0.0,0.0,0.7204,0.980006,0.0,1,0.0312191789,2.8141562833,2.8393805633530502,Test
DUTKAG_clean,6.82996,5.62808,6.81318,0.906851,2249.11,2480.13,0.0,0.0,0.6722,0.741246,0.0,1,0.027693842,2.398673354,2.3358988724779937,Train
DUWBEE_clean,7.4726,6.03228,7.03921,0.972318,2397.88,2466.15,0.0,0.0,0.7166,0.737002,0.0,1,0.0208271797,1.9345741974,1.8697983735711394,Train
DUWFOS_clean,4.7722,3.99598,4.7722,1.5688,655.828,418.043,0.0,0.0,0.462,0.294492,0.0,0,0.0258351163,1.2469214176,1.2377135996634903,Test
DUWGEJ_clean,6.48283,5.44672,6.47851,1.23973,1910.17,1540.8,0.0,0.0,0.6142,0.495432,0.0,1,0.0291637845,1.9386923563,2.144167116511406,Train
DUWROE_clean,4.35263,3.47485,4.33203,1.3646,1032.9,756.92,0.0,0.0,0.5148,0.377252,0.0,0,0.0498924906,2.6853926679000004,2.652747360552051,Train
DUWRUK_clean,4.54182,3.68421,4.38679,1.45633,495.592,340.302,181.958,124.943,0.4774,0.32781,0.0,0,0.0526358999,2.3695210669,2.3140485975714262,Test
DUWSAR_clean,5.89224,4.25071,5.89224,0.915526,2178.46,2379.46,0.816322,0.891643,0.6566,0.717184,0.0,1,0.0182389679,1.6374801812,1.5590151624193818,Test
DUXKUD_clean,7.67361,6.90082,7.6375,1.23834,1391.29,1123.51,0.0,0.0,0.5864,0.473535,0.0,1,0.0116585241,1.0117720679,1.0500120962846886,Train
DUXMAL_clean,4.53313,3.88732,4.40894,1.15892,1217.93,1050.91,0.0,0.0,0.5062,0.436785,0.0,1,0.0964324441,3.7197314993,3.734550639859079,Train
DUYJIS_clean,6.08213,4.77192,5.96456,1.01187,1589.69,1571.04,0.0,0.0,0.5968,0.589801,0.0,0,0.0619671055,3.2686407597,3.4402314239540877,Train
DUYRAR_clean,5.40502,3.6653,5.2509,3.43473,596.999,173.813,136.893,39.8556,0.4634,0.134916,0.0,1,0.0029937806,0.2458315516,0.26947379504593183,Train
DUYREV_clean,5.41837,3.69977,5.33563,3.41098,611.073,179.149,152.278,44.6434,0.4568,0.133921,0.0,1,0.0030432548,0.2524461964,0.27360438633563855,Train
DUYRIZ_clean,5.27957,3.6902,5.27957,3.398,604.136,177.792,174.249,51.28,0.4708,0.138552,0.0,1,0.0031641819,0.2614519314,0.2736342743553213,Train
DUYROF_clean,5.30567,3.77956,5.29101,3.36341,632.283,187.989,184.756,54.9313,0.4688,0.139383,0.0,1,0.0031043376,0.2632597417,0.2580010549430045,Train
DUYVEA_clean,4.52649,3.62009,4.52649,1.39154,383.437,275.549,0.0,0.0,0.4574,0.328701,0.0,1,0.0071568642,0.5508458962,0.5392751791911443,Train
DUZPUL_clean,7.06957,4.91595,7.06648,0.920284,2531.68,2750.98,0.0,0.0,0.6946,0.754767,0.0,1,0.0380694437,3.1546265117,3.089443437206333,Train
DUZWOM_clean,5.41107,3.63654,5.41022,1.51085,1084.42,717.756,0.0,0.0,0.4906,0.324718,0.0,0,0.0141552148,0.939807568,1.045553242600949,Train
EBATUY_clean,5.89375,3.67074,5.89375,1.25605,1195.64,951.909,0.0,0.0,0.5408,0.430557,0.0,0,0.0366842711,2.0296889108,2.101274288462077,Train
EBATUZ_clean,12.21806,7.03158,12.21806,0.59675,2360.49,3955.57,0.0,0.0,0.7812,1.30909,0.0,1,0.0354078707,2.7816593502,2.725735047803629,Test
EBAVAH_auto,14.10999,7.45371,14.02692,0.571355,2267.46,3968.58,0.0,0.0,0.776,1.35818,0.0,1,0.0265491822,2.2339558876,2.3767992353341847,Test
EBAVIP_clean,4.98159,3.61041,4.97646,1.20745,1001.48,829.422,0.0,0.0,0.4772,0.395214,0.0,1,0.0678922413,2.8024968975,2.812109858326938,Train
EBAVOV_clean,5.06494,3.47701,5.06494,1.20126,1010.26,841.002,0.0,0.0,0.4938,0.411069,0.0,1,0.0656824094,2.7914983817000003,2.7585858104645244,Train
EBAVUB_clean,5.15491,3.70129,5.14806,1.1957,1007.34,842.47,0.0,0.0,0.4888,0.408797,0.0,1,0.0671964263,2.7683439667000003,2.717687923922722,Train
EBELUU_clean,5.06354,4.01259,5.06354,1.09045,1520.09,1394.01,0.0,0.0,0.5732,0.525654,0.0,1,0.0495897991,3.2430689484,3.0236607583760464,Train
EBEMEE_clean,4.82351,3.61774,4.82351,1.61026,574.177,356.574,0.0,0.0,0.414,0.257101,0.0,0,0.0147013322,0.8360438379999999,0.8892104840485142,Test
EBEMEF_clean,4.2795,3.43566,4.27665,1.23366,1261.3,1022.41,0.0,0.0,0.6368,0.516186,0.0,1,0.0064114691,0.62511732,0.6378274847680483,Train
EBEMII_clean,4.74887,3.57779,4.74887,1.57979,558.843,353.745,0.0,0.0,0.4136,0.261807,0.0,0,0.02027905,0.9613692558,1.0663089034007713,Train
EBEWIT_clean,6.98757,6.64177,6.98757,1.55436,1566.68,1007.93,0.0,0.0,0.573,0.368642,0.0,0,0.0268272001,1.9286366904,1.9923078156039182,Test
EBEXAM_clean,7.13111,6.78821,7.13111,1.50724,1561.7,1036.13,0.0,0.0,0.5636,0.373929,0.0,0,0.0232174589,1.8019946193,1.8314804830755078,Test
EBEXEQ01_clean,7.07406,6.73356,7.07173,1.61064,1512.67,939.176,0.0,0.0,0.556,0.345204,0.0,1,0.0270940236,1.9440038199,1.9928689800341153,Test
EBEXEQ_clean,7.05454,6.70514,7.05454,1.61812,1500.38,927.234,0.0,0.0,0.5486,0.339035,0.0,1,0.0273932472,1.9724319612,1.9720572198020907,Train
EBIDOK_ion_b,10.15108,7.28168,10.14731,0.88059,1949.39,2213.74,0.147124,0.167074,0.6452,0.732691,0.0,1,0.0285583001,2.2147904905,2.226714418816962,Train
EBIHII_clean,6.77782,5.19916,6.76838,1.13174,1870.74,1652.98,0.0,0.0,0.589,0.520437,0.0,1,0.0343341678,2.5872906076,2.438487746765321,Train
EBIJAC_clean,5.69411,4.34501,5.6755,1.35778,616.318,453.917,180.508,132.944,0.4634,0.341293,0.0,0,0.0236595739,1.1728927409,1.2110155435440526,Train
EBIMEJ_clean,4.76005,3.76742,4.75297,1.25917,1007.84,800.402,0.0,0.0,0.5458,0.433462,0.0,1,0.0457754661,2.3750448153,2.435141162059736,Test
EBIPOX_clean,5.78746,4.90776,5.77533,1.02316,2423.56,2368.7,0.0,0.0,0.6678,0.652682,0.0,1,0.023334006,1.9311559876,1.9986173648342425,Train
EBIZUN_clean,10.22426,8.07829,10.22419,0.790487,2342.19,2962.97,0.0,0.0,0.7238,0.915638,0.0,1,0.0268521552,2.3589008624,2.347764990365435,Test
EBOBIJ_clean,6.08923,4.67292,6.06736,0.939565,1692.1,1800.94,0.0,0.0,0.6024,0.641148,0.0,0,0.0605309016,3.7108185903,3.6264175256837836,Train
EBOCOQ_clean,5.90692,5.38954,5.89965,0.987787,1345.25,1361.88,0.0,0.0,0.583,0.590208,0.0,1,0.0439459032,2.6767740519,2.6923655202241252,Train
EBOJOV_clean,5.22472,4.63991,5.22472,2.49061,907.874,364.519,0.0,0.0,0.4464,0.179234,0.0,1,0.0029095312,0.2553157068,0.2697418256436095,Train
EBUQIB_clean,6.03622,4.38011,5.42071,1.1026,1157.92,1050.17,0.0,0.0,0.4992,0.452746,0.0,1,0.0449753993,2.5316587918,2.46003839053389,Train
EBUREA_clean,5.12157,4.43835,5.12005,1.31199,1365.8,1041.01,0.0,0.0,0.4802,0.36601,0.0,1,0.027952275,1.8296913432,1.8406847458512055,Test
ECAFOG_clean,9.52896,9.26877,9.52862,1.12614,1174.7,1043.12,0.0,0.0,0.5574,0.494964,0.0,0,0.0123617603,1.1398934942,1.063984924589887,Train
ECAHAT_clean,12.33039,11.4865,12.33039,0.854274,1047.61,1226.32,88.151,103.188,0.6086,0.712418,0.0,0,0.0828266728,2.2158744269,2.253655903329375,Train
ECAHEX_clean,6.93055,5.1748,6.93055,1.20906,867.96,717.883,0.0,0.0,0.4824,0.398989,0.0,0,0.0174077787,1.2918745338,1.239419737209933,Train
ECAHOH_clean,6.87089,4.98271,6.87089,1.21823,856.833,703.343,0.0,0.0,0.4828,0.396313,0.0,0,0.0169655571,1.2578503204,1.2036446616239782,Train
ECASAD_clean,4.09039,3.62411,4.09039,1.61904,470.381,290.531,0.0,0.0,0.4766,0.294372,0.0,0,0.0095113409,0.6584225726,0.6774682269244015,Train
ECEDAU_clean,5.16051,3.4158,5.15302,1.53177,706.487,461.221,0.0,0.0,0.4352,0.284115,0.0,1,0.0640401244,1.7783407143,1.7140471116212916,Test
ECEDEY_clean,6.39219,4.6444,6.38001,1.02837,1438.77,1399.08,0.0,0.0,0.541,0.526076,0.0,1,0.0288058214,2.0912435126,2.0851196721192724,Train
ECEZAO01_clean,4.88805,4.01037,4.88805,1.43329,945.622,659.759,0.0,0.0,0.4914,0.342849,0.0,1,0.0317770196,1.5960982616,1.6929080945791533,Train
ECIWIW_clean,5.91503,4.28149,5.90688,1.32412,773.007,583.789,0.0,0.0,0.4832,0.364921,0.0,1,0.015169912,0.9272445104,0.971371889090723,Train
ECIWOC_clean,5.05411,4.785,5.05411,1.40153,572.024,408.141,0.0,0.0,0.4148,0.295961,0.0,1,0.0602970297,1.7560355521000002,1.675799536540607,Train
ECODEG_clean,5.33632,3.54871,5.31165,1.34842,1018.67,755.456,0.0,0.0,0.5336,0.395722,0.0,1,0.0906250019,3.1607169054,3.067072602376482,Train
ECODIK_clean,4.79857,4.01377,4.75701,1.19981,1900.99,1584.41,0.0,0.0,0.5936,0.494745,0.0,1,0.0452587258,3.0693129886,2.9788529567125117,Train
ECOGEI_clean,4.77299,3.85637,4.77299,0.998724,1292.16,1293.81,0.0,0.0,0.5602,0.560915,0.0,1,0.0539903912,2.9474420271,3.13208482555016,Train
ECOKAJ_clean,18.9972,17.57546,18.98876,0.325331,1156.9,3556.08,0.0,0.0,0.873,2.68342,0.0,1,0.0155518743,1.5795195515,1.5346103306108636,Train
ECOLEP_clean,11.63969,10.91793,11.63255,0.407232,1818.5,4465.52,0.0,0.0,0.8666,2.12803,0.0,1,0.0133636045,1.3572479664,1.3320199082181101,Train
ECOLOX_clean,5.75377,5.01577,5.75377,3.73963,1778.59,475.605,0.0,0.0,0.5632,0.150603,0.0,1,0.0095141489,0.7193528151999999,0.7232114831112053,Train
ECUDOX_clean,6.82408,6.14054,6.82408,2.34011,1768.65,755.799,0.0,0.0,0.6164,0.263406,0.0,1,0.0107616703,0.7868847186,0.8493408459139966,Train
ECUGEQ_clean,6.02953,4.07384,5.91743,2.29908,1875.55,815.783,0.0,0.0,0.6102,0.26541,0.0,1,0.0086811773,0.7069849067,0.7098654924922514,Train
EDADIX_clean,4.63332,3.88728,4.61559,1.24361,944.143,759.198,93.0933,74.8575,0.5198,0.417978,0.0,1,0.0775678117,2.8477974585,2.963397144774265,Train
EDAFUM_clean,4.92982,3.72004,4.92982,1.77302,851.953,480.51,0.0,0.0,0.4508,0.254256,0.0,0,0.0157798439,0.9861742061,1.00187818662888,Train
EDAGAT_clean,4.66461,3.62215,4.66149,1.84563,725.213,392.936,0.0,0.0,0.435,0.235692,0.0,0,0.0154923726,0.9873831394,1.0126493676678958,Train
EDAGEX_clean,4.90414,3.69066,4.90414,1.79444,798.923,445.222,0.0,0.0,0.4496,0.250552,0.0,0,0.017008978,1.0294844779,1.0271836304836697,Train
EDAPIK_clean_h,7.09885,6.53196,7.09077,0.672755,2256.65,3354.34,0.591427,0.879112,0.6938,1.03128,0.0,1,0.0276407079,2.2513277302000003,2.3667994013009643,Train
EDATOT_clean,9.62468,7.97439,9.62468,0.668028,2323.97,3478.84,0.0,0.0,0.7968,1.19276,0.0,0,0.0099101003,0.9505504539,0.9832551074420129,Train
EDAVOV_clean,5.43148,4.91725,5.43148,1.632,451.699,276.776,0.0,0.0,0.4036,0.247304,0.0,1,0.0073984624,0.4368531838,0.429873774531466,Train
EDECOG_clean,6.30911,4.65211,6.30565,1.66761,3310.63,1985.26,0.0,0.0,0.756,0.453344,0.0,1,0.003522762,0.3361668163,0.3458609913883246,Train
EDEPAG_clean,5.9343,4.39186,5.9343,1.47756,1345.05,910.315,0.0,0.0,0.5408,0.366009,0.0,1,0.0311275942,1.9569935588,1.867570179071559,Test
EDIKIL_clean,4.99635,3.98785,4.76329,1.3412,2179.84,1625.29,0.0,0.0,0.601,0.448105,0.0,0,0.0208833414,1.7632277442,1.7387204054199834,Train
EDOMAM_clean,8.29315,6.04438,8.28681,0.809806,2146.39,2650.49,0.0,0.0,0.6716,0.829334,0.0,0,0.0321379777,2.5251650077,2.665268406753164,Train
EDUSIF_clean,15.05124,7.91583,15.05124,0.593338,2225.74,3751.22,0.0,0.0,0.8098,1.36482,0.0,0,0.0163762343,1.553745458,1.5658519861004159,Train
EDUSUR_clean,14.97276,6.60675,14.97057,0.720686,2039.23,2829.56,0.0,0.0,0.7584,1.05233,0.0,0,0.0163106818,1.5270956006,1.5340251677830161,Test
EDUTIG_clean,15.04959,5.6073,15.03522,0.712902,1939.67,2720.81,0.0,0.0,0.7442,1.0439,0.0,0,0.0221021376,2.0663174866,1.9441319462585938,Train
EDUVOO_clean,20.93415,10.62864,20.9324,0.373403,1788.47,4789.64,0.0,0.0,0.862,2.3085,0.0,0,0.0219658658,2.1097735376,2.101660429021819,Train
EFAYEQ_clean_h,11.33412,8.20992,11.33412,0.445208,2301.41,5169.29,0.0,0.0,0.8028,1.8032,0.0,1,0.0176904207,1.7035786466,1.7273728770294283,Train
EFAYIU_clean,11.56522,8.64377,10.65601,0.433579,2251.34,5192.46,0.0,0.0,0.8194,1.88985,0.0,1,0.0188225403,1.8524902305,1.818393668993896,Test
EFEGOM_clean,6.13983,5.63757,6.13983,1.11988,1513.16,1351.17,0.0,0.0,0.5868,0.523983,0.0,0,0.0366830842,2.4666549803,2.488947079166354,Test
EFESEP_clean,10.28948,6.13196,9.71774,0.910166,1438.69,1580.69,202.393,222.369,0.6216,0.682952,0.0,1,0.0490551784,2.6493955071,2.5404330905558834,Train
EFESOZ_clean,10.40168,6.18945,10.40168,0.9137,1441.31,1577.44,199.174,217.986,0.6294,0.688847,0.0,1,0.0537850462,2.6852035196,2.486681037505338,Test
EFIMOV_clean,6.67559,6.34874,6.67559,1.77157,892.601,503.846,0.0,0.0,0.3714,0.209644,0.0,0,0.0353031655,1.8404827688,1.8134365080591497,Train
EFOSUO_clean,5.23309,4.44144,5.224,2.23497,2650.04,1185.72,0.0,0.0,0.6472,0.289579,0.0,1,0.0044223876,0.4215571133,0.4302429085369259,Train
EFOTAV_clean,5.43531,4.50362,5.41958,2.18747,2824.93,1291.41,0.0,0.0,0.6522,0.298153,0.0,1,0.0044319165,0.4153032607999999,0.44034565185518715,Train
EFOTEZ_clean,5.06643,4.39448,5.0661,2.67676,2557.25,955.354,0.0,0.0,0.6308,0.235658,0.0,1,0.0029894532,0.2883438114,0.3008227755968256,Train
EFOTID_clean,5.17106,4.13348,5.16647,3.01069,2149.74,714.036,0.0,0.0,0.6124,0.203408,0.0,1,0.003043697,0.2758409691,0.2772157430881508,Train
EGATAI_clean,7.25975,4.31318,7.25513,0.959509,2426.34,2528.73,0.0,0.0,0.7032,0.732875,0.0,1,0.0214724771,1.8959430297,1.8745208756867409,Test
EGATEM_clean,10.25144,8.68741,10.25144,0.847968,1429.66,1685.99,106.489,125.581,0.6438,0.759227,0.0,1,0.0493345924,2.4870237402,2.328795004189076,Train
EGATIQ_clean,10.61507,9.35673,10.60597,0.815931,1600.87,1962.02,0.0,0.0,0.6556,0.803499,0.0,1,0.0457625355,2.5192722064,2.639491283090599,Train
EGATOW_clean,5.96917,5.11285,5.74626,1.20816,2033.24,1682.93,0.0,0.0,0.6202,0.513343,0.0,1,0.0308777641,2.4907158988,2.3159582055091597,Train
EGEJIK_manual,10.26084,8.70015,10.25879,0.680562,2082.85,3060.48,75.8285,111.42,0.7408,1.08851,0.0,0,0.0274036951,1.9620970529,2.285305945518559,Test
EGELUY01_manual,7.46224,7.0558,7.4593,0.947391,1658.83,1750.95,0.0,0.0,0.6114,0.645351,0.0,0,0.0494684182,4.0330165594,3.862473065040366,Train
EGELUY_SL,7.32559,6.86607,7.31942,0.950432,1658.89,1745.4,0.0,0.0,0.6086,0.640341,0.0,0,0.0502092332,4.0483974793,3.944200337817059,Train
EGIFUV_clean,9.74551,8.51622,9.74551,1.04544,1332.95,1275.02,6.1078,5.84232,0.6136,0.58693,0.0,1,0.0590269745,1.165480783,2.4431176307496236,Test
EGOXII_clean,5.25614,3.66279,5.25614,1.73248,965.076,557.05,0.0,0.0,0.56,0.323237,0.0,1,0.0484444589,2.189284882,2.0563525304588275,Test
EGOZAB_clean,7.0311,5.28936,7.0311,1.03834,1885.29,1815.68,0.0,0.0,0.6226,0.599612,0.0,1,0.0324141626,2.394759175,2.418289882751488,Train
EHAFEA_clean,5.41079,3.41231,5.40089,2.22058,1080.51,486.589,0.0,0.0,0.5328,0.239937,0.0,1,0.0163939208,1.1298058504,1.14868489853979,Train
EHAFIE_clean,5.56485,3.57227,5.56485,2.06302,1265.0,613.179,0.0,0.0,0.5486,0.265921,0.0,1,0.0140246968,1.0544612566,1.0145717789290385,Test
EHAFOK_clean,5.56183,3.59241,5.55524,2.07064,1253.24,605.245,0.0,0.0,0.547,0.26417,0.0,1,0.0142230097,1.0667543609,1.0027700161361393,Test
EHAFUQ_clean,5.5462,3.57781,5.45874,2.0894,1245.04,595.885,0.0,0.0,0.5448,0.260744,0.0,1,0.0138319908,1.0538290901,0.9823772540194277,Test
EHAGAX_clean,5.47293,3.47311,5.47293,2.13433,1158.89,542.974,0.0,0.0,0.5398,0.252913,0.0,1,0.0138429261,1.0306837416,0.9899313618728917,Train
EHAGEB_clean,5.47507,3.4761,5.45313,2.1363,1116.62,522.688,1.415,0.662358,0.5378,0.251743,0.0,1,0.0137739245,1.0111566462,0.9922833330317664,Train
EHAGIF_clean,5.44616,3.48144,5.44616,2.1778,1155.98,530.802,0.0,0.0,0.5374,0.246762,0.0,1,0.0143582698,1.0468306071,1.0046470373465817,Test
EHAGOL_clean,5.39044,3.4677,5.39044,2.17273,1093.47,503.269,0.185996,0.0856051,0.5364,0.246879,0.0,1,0.0136808792,1.0143166119,0.9958008709096096,Train
EHAGUR_clean,5.37684,3.4053,5.1859,2.19821,1066.99,485.393,0.0,0.0,0.5324,0.242197,0.0,1,0.0134099392,0.9661603476,0.951423216531859,Train
EHALOP_manual,7.57594,7.11735,7.57594,0.939011,1706.06,1816.86,0.0,0.0,0.618,0.658139,0.0,0,0.0502933257,4.1054662584,3.735205747530924,Test
EHEKUY_clean,6.18029,3.5251,6.17561,1.28701,834.589,648.47,1.25956,0.978668,0.5024,0.390361,0.0,0,0.0335824237,1.6195757521,1.6254418250113554,Train
EHIPOC_clean,4.96443,3.71594,4.96443,1.51785,665.78,438.633,0.0,0.0,0.4902,0.322956,0.0,1,0.0046510401,0.3983641528,0.38409579774357305,Train
EHODOV_SL,6.30224,4.66761,6.30224,1.13784,1442.21,1267.5,266.504,234.219,0.5974,0.525029,0.0,0,0.045263522,2.8863611255,2.7064208851733658,Test
EJAXIW_clean,6.39565,4.30182,6.34251,0.942507,1857.91,1971.24,0.0,0.0,0.5942,0.630446,0.0,1,0.0373873018,2.8593389177,2.796146628224489,Train
EJETAQ_clean,12.53345,9.36877,12.53345,0.673241,1975.18,2933.84,0.0,0.0,0.7674,1.13986,0.0,1,0.0145904017,1.4012993538,1.4048711066345132,Train
EJIDUW02_clean,4.29785,3.46947,4.29785,1.53852,788.843,512.727,0.0,0.0,0.4966,0.322777,0.0,1,0.018047297,1.1841304219,1.2145984444345101,Train
EJONOH_clean,4.44167,3.60442,4.4347,1.47939,700.956,473.814,0.0,0.0,0.4646,0.314048,0.0,1,0.0211278988,1.4388363435,1.3178531246454157,Test
EJOQOL_clean,7.54682,4.16239,7.5307,1.29085,1431.56,1109.01,0.0,0.0,0.5368,0.415851,0.0,1,0.0223214988,1.4002476668,1.5883757056749634,Train
EJOQUR_clean,11.95194,5.10518,11.95194,0.926552,1894.67,2044.86,37.9561,40.9649,0.6978,0.753115,0.0,1,0.0269220934,2.0601731816,2.032844945528512,Test
EJORAY_clean,4.91477,3.6019,4.91477,1.33891,1478.66,1104.38,0.0,0.0,0.5598,0.418102,0.0,1,0.0370552927,2.3495797112,2.299724168466872,Train
EJOZOU_clean,6.49751,6.10381,6.49751,1.26256,795.165,629.804,0.0342194,0.0271032,0.4812,0.38113,0.0,1,0.0175054404,1.2071793605,1.2082104592085305,Train
EKEQIV_clean,5.23981,3.45461,5.21199,2.0444,792.887,387.835,0.0,0.0,0.4572,0.223636,0.0,1,0.0095511733,0.6590266783,0.6916949379108095,Train
EKETOF_clean,4.41106,3.42867,4.41106,1.63804,321.449,196.241,0.0,0.0,0.4172,0.254695,0.0,0,0.0428976012,1.2871360798,1.3272988337304665,Test
EKETUL_clean,4.43428,3.43441,4.41751,1.64611,319.015,193.799,0.0,0.0,0.4126,0.250651,0.0,0,0.0383450128,1.2456232072,1.2853719882119852,Test
EKEVAT_clean,4.38581,3.45093,4.3809,1.70718,319.337,187.056,0.0,0.0,0.4042,0.236765,0.0,0,0.0431713654,1.2662395393,1.2844099314952406,Test
EKIDEH_clean,5.83216,5.4959,5.8074,2.41757,833.936,344.948,0.748002,0.309402,0.4456,0.184317,0.0,1,0.1407846763,3.0571167392,2.8924287009720993,Train
EKIDIL_clean,5.81547,5.58073,5.8139,2.56508,834.555,325.352,0.0,0.0,0.4098,0.159761,0.0,1,0.1152985612,2.1669520485,2.1788704833452757,Train
EKOKIA_clean,6.37814,3.95219,6.37814,1.40385,1452.65,1034.76,0.0,0.0,0.5578,0.397337,0.0,1,0.0230827157,1.6693526092,1.6521596036741801,Train
EKOPEA_clean,5.53957,5.19564,5.53023,1.2074,1563.35,1294.8,0.0,0.0,0.5696,0.471756,0.0,1,0.0422640678,2.7171524635,2.5368369090473326,Test
EKOPIE_clean,6.61542,5.14354,6.60525,1.21526,2002.74,1648.0,0.0,0.0,0.6146,0.505737,0.0,1,0.0344296085,2.6249046237,2.481702044299798,Test
EKOPOK_clean,7.61675,7.30447,7.61675,1.24495,1308.01,1050.65,0.0,0.0,0.569,0.457046,0.0,1,0.0423613083,2.2391627386,2.355059839072711,Train
EKOPUQ_clean,11.06416,8.02745,11.06416,0.972371,1585.84,1630.9,0.0,0.0,0.6092,0.62651,0.0,0,0.0212390205,1.6103599557,1.7124163463564932,Train
EKUPEG_clean,12.15079,8.26476,12.15067,0.865202,1608.01,1858.54,0.0,0.0,0.685,0.791723,0.0,1,0.0085098065,0.8297160966,0.8074413556610942,Train
ELELEN_clean,7.0748,4.1882,7.0748,0.915782,1244.35,1358.78,0.0,0.0,0.592,0.646442,0.0,1,0.0204050923,1.6204846646000002,1.6395039248646428,Test
ELERIY_clean,13.06874,6.51652,13.06768,0.765708,2243.35,2929.77,0.0,0.0,0.7112,0.928814,0.0,1,0.0315903288,2.6517363574,2.5691155245818735,Train
ELIJOZ_clean,5.0309,3.85268,5.0309,1.48251,1155.21,779.228,0.0,0.0,0.5,0.337266,0.0,1,0.0400469413,2.1757905479,2.0896313715810297,Test
ELIJUF_clean,4.98722,3.63869,4.98647,1.36019,1078.5,792.905,0.0,0.0,0.4826,0.354803,0.0,1,0.0487322772,2.4830666189,2.4264662582726197,Test
ELIKAM_clean,5.04335,3.82798,5.04275,1.49693,1142.39,763.156,0.0,0.0,0.4918,0.328538,0.0,1,0.0408521689,2.1927710521,2.0798650720025678,Test
ELIKEQ_clean,4.99766,3.80728,4.99701,1.51189,1166.85,771.784,0.0,0.0,0.4966,0.328463,0.0,1,0.040047546,2.1509038481,2.1095911078722636,Train
ELIKIU_clean,4.97124,3.7531,4.97064,1.54816,1122.94,725.337,0.0,0.0,0.505,0.326193,0.0,1,0.0387677675,2.1082047295,2.0373640922103102,Test
ELIKOA_clean,4.97213,3.73339,4.97213,1.55809,1148.96,737.416,0.0,0.0,0.4918,0.315643,0.0,1,0.0395308791,2.0777776678,2.0613720854054733,Train
ELIKUG_clean,4.95561,3.7268,4.95492,1.57969,1129.17,714.803,0.0,0.0,0.4908,0.310694,0.0,1,0.0386142593,2.0855613702,2.029169659791478,Test
ELILAN_clean,4.95628,3.69174,4.9556,1.61177,1116.59,692.775,0.0,0.0,0.4992,0.309722,0.0,1,0.0370616496,2.0186122836,1.9258073730485237,Test
ELILER_clean,4.98078,3.65658,4.98016,1.63697,1110.94,678.659,0.0,0.0,0.487,0.297501,0.0,1,0.0377538817,1.9723261974,1.9072739325512256,Test
ELILIV_clean,4.97952,3.62473,4.97952,1.64354,1091.64,664.203,0.0,0.0,0.4882,0.297042,0.0,1,0.0368014412,1.9551327491,1.8679180707083514,Test
ELOGUJ_clean,5.2439,3.95274,4.46811,3.13806,963.536,307.048,0.0,0.0,0.4846,0.154427,6.37e-05,1,0.0079468843,0.5430651656000001,0.5529841773425772,Train
ELOHOE_clean,5.56549,4.27537,5.53003,1.15001,1036.4,901.217,0.0,0.0,0.5212,0.453215,0.0,1,0.0603687091,2.4354449346,2.619479658342725,Train
ELOZEK_clean,5.94525,5.24436,5.94525,2.80091,275.157,98.2384,0.0,0.0,0.3674,0.131171,0.0,1,0.0005819145,0.0502675054,0.05362581536944133,Train
ELUJAY_clean,4.49095,3.64747,4.47832,1.68009,831.421,494.867,0.0,0.0,0.4708,0.280223,0.0,1,0.02465264,1.4776235882,1.506213229597447,Train
ELUJEC_clean,4.38047,3.64592,4.38047,1.73198,794.119,458.504,0.0,0.0,0.4624,0.266978,0.0,1,0.0239524898,1.4479847781,1.452919640573318,Test
ELUZES_clean,5.83115,4.20879,5.08027,1.7311,2004.82,1158.12,0.0,0.0,0.6554,0.378603,0.0,1,0.0037371689,0.3519060559,0.35739608344823504,Train
EMAGAB_clean,7.29475,4.84283,7.29475,1.35618,833.24,614.402,0.0,0.0,0.4816,0.355115,0.0,0,0.0175835737,1.165930035,1.1675620570364833,Train
EMAMOW_clean,6.67757,5.81943,6.67757,1.11834,959.829,858.263,0.0,0.0,0.5032,0.449953,0.0,1,0.0095278859,0.7883457576,0.7659299651529186,Train
EMAMUC_clean,5.84513,5.03009,5.84513,1.22272,803.232,656.921,0.0,0.0,0.473,0.386841,0.0,1,0.0076319381,0.6321779697,0.6063524114269123,Train
EMAPAK_clean,11.21755,3.61918,11.21755,0.925375,1521.72,1644.44,0.0,0.0,0.637,0.688369,0.0,0,0.0137667919,1.2346542249,1.23190503453427,Test
EMIFOW_clean,7.56186,4.84974,7.24948,1.40224,2851.33,2033.41,0.0,0.0,0.6898,0.491927,0.0,1,0.0293038974,2.3585716673,2.3560148000406955,Train
EMIGOX_clean,6.95421,5.10297,6.95421,1.53443,2307.47,1503.8,0.0,0.0,0.6448,0.420222,0.0,1,0.0396619136,2.6667175673,2.7405117662854863,Test
EMIYUW_clean,10.6209,7.98188,10.6209,0.698012,2320.47,3324.4,0.0,0.0,0.7472,1.07047,0.000573056,1,0.0262032922,2.2071972733000003,2.237828646640053,Train
EMIZAD_clean,35.58882,34.51057,35.58779,0.382184,1428.23,3737.01,0.0,0.0,0.8516,2.22824,0.000523308,1,0.0209228351,1.9870036935,1.9082290979684096,Test
EMOHIZ_clean,4.57808,3.51835,4.56928,1.23803,572.381,462.333,0.0,0.0,0.4556,0.368005,0.0,1,0.0172192624,1.0450215952,1.0752008146559695,Test
EMUBIZ_clean,10.77303,6.68088,10.77303,1.37229,1702.91,1240.92,117.774,85.8232,0.672,0.489692,0.000145742,1,0.0209402167,1.1377410051,1.2088853209438486,Train
EMUBOF_clean,9.89745,6.63764,9.89048,1.19874,1975.94,1648.35,0.0,0.0,0.6738,0.562089,0.0,1,0.0312235051,1.7804127956,2.1951245336912155,Test
ENAFAB_clean,11.6148,4.31195,11.6148,2.54245,1508.6,593.364,0.0,0.0,0.575,0.22616,0.0,1,0.0044352501,0.3869973887,0.39597399012344936,Train
ENAFOP_ion_b,11.60166,8.24635,11.58519,1.18111,1100.84,932.042,0.0,0.0,0.5386,0.456012,0.0,1,0.0056589831,0.5053430218,0.5476488892287685,Train
ENANIS_clean,4.58864,4.1598,4.58113,1.33735,718.625,537.349,0.0,0.0,0.4534,0.339028,0.0,1,0.0812830392,2.4968272207,2.422286045788719,Train
ENESOH_clean,8.38054,5.7847,8.27724,0.639206,2434.82,3809.13,4.9539,7.75009,0.7442,1.16426,0.0,1,0.0244643411,2.250737589,2.252685658939574,Test
ENESUN_clean,8.35126,5.49783,8.35126,0.626692,2424.85,3869.29,2.07427,3.30987,0.7316,1.1674,0.0,1,0.0248312142,2.2752801638,2.288821518446143,Train
ENIHUG01_clean,13.78566,6.83219,13.78098,0.585033,2323.11,3970.91,0.0,0.0,0.7686,1.31377,0.0,1,0.0222799455,2.1539856954,2.0651973499314615,Train
ENIHUG_clean,13.82069,6.83124,13.8201,0.581484,2340.51,4025.06,0.0,0.0,0.7906,1.35962,0.0,1,0.0226383391,2.1631275952,2.126815943131463,Train
ENISOK_clean,6.962,4.5443,6.96157,1.14432,1841.89,1609.59,0.0,0.0,0.6018,0.525903,0.0,1,0.021492478,1.8256693377,1.77222611750379,Train
ENISUQ_clean,6.6554,4.37963,6.6554,0.992256,1823.18,1837.41,0.0,0.0,0.5804,0.58493,0.0,1,0.0244499091,2.0979785843000003,2.034693344240365,Train
ENITAX_clean,10.08149,7.22011,10.08149,0.573061,2335.96,4076.29,0.0,0.0,0.7798,1.36076,0.0,1,0.0247622359,2.1150668594,2.2811807236975645,Test
ENITEB_clean,7.9765,5.25239,7.9026,0.909449,2139.04,2352.02,0.0,0.0,0.6632,0.729233,0.0,1,0.0279659414,2.2822017332,2.2863909861429486,Test
ENITIF_clean,6.04006,4.14792,6.02363,0.993739,1774.39,1785.57,0.0,0.0,0.6108,0.614648,0.0,1,0.0385067596,2.8980363333,2.861490564962137,Train
ENITOL_clean,9.0167,5.78838,9.01452,1.0207,1622.24,1589.34,0.0,0.0,0.589,0.577054,0.0,1,0.030652609,2.3882916984,2.2859412648646225,Test
ENIXUV_clean,6.81302,4.75487,6.75625,1.04896,1506.97,1436.63,0.0,0.0,0.539,0.513843,0.0,0,0.0308889539,2.1577196452000003,2.1749859601677315,Test
ENOSAD_clean,5.57968,5.07062,5.57968,1.63787,1052.89,642.84,0.0,0.0,0.4624,0.282318,0.0,0,0.0234994433,1.355104092,1.355819168791051,Test
ENOVAG_clean,10.23983,9.51593,10.22611,1.29505,1477.19,1140.64,0.0,0.0,0.5948,0.459286,0.0,1,0.0107672103,1.0051831944,0.946614321818132,Train
EPAGEJ_clean,5.19961,3.47948,5.18752,1.66805,743.29,445.603,0.0,0.0,0.4886,0.292916,0.0,1,0.0096357633,0.7187873506,0.7155369174612418,Train
EPECEJ_clean,7.92371,4.89913,7.91993,0.908491,1989.28,2189.65,0.0,0.0,0.6342,0.69808,0.0,1,0.046673128,2.9290215206,3.0399104537553048,Train
EPEWAY_clean,5.86305,5.34538,5.70782,1.27095,1126.31,886.195,0.0,0.0,0.506,0.398129,0.0,0,0.0340279681,2.2211605643,1.9812862383657859,Train
EPEWEC_clean,5.88152,5.35243,5.87056,1.27191,1143.58,899.1,0.0,0.0,0.5064,0.398141,0.0,0,0.0348557543,2.2237158068,2.0360989242199548,Train
EPEXUU_clean,8.78791,3.92519,8.78786,1.21365,1182.3,974.168,0.0,0.0,0.5234,0.431261,0.0,1,0.0323557803,1.7975206639,1.8506956973624873,Train
EPEYAB_clean,8.46111,3.62498,8.46069,1.24571,1153.47,925.96,0.0,0.0,0.5226,0.419521,0.0,1,0.0421794187,1.9882827344,2.015390306218786,Train
EPISOM_clean,12.63938,6.49016,12.62405,0.677616,2253.72,3325.96,0.0,0.0,0.7494,1.10594,0.0,1,0.0398581515,2.7975649279000003,2.808666953956825,Test
EPONAA_clean,9.18286,8.73453,9.17503,0.495184,2583.42,5217.09,0.0,0.0,0.8544,1.72542,0.0,1,0.0073205063,0.7163362602,0.7398537059126791,Train
EPONEE_clean,9.19024,8.74095,9.18226,0.492814,2582.15,5239.6,0.0,0.0,0.8536,1.73209,0.0,1,0.0072288492,0.717595339,0.7398537059126791,Train
EPOPEG_clean,5.47224,4.77054,5.47224,0.955888,1699.64,1778.08,0.0,0.0,0.613,0.641289,0.0,0,0.032408038,2.5220022905,2.518417595992575,Train
EPOTAF_clean,7.63453,6.61136,7.601,0.575241,2982.7,5185.13,0.0,0.0,0.779,1.35421,0.0,1,0.0232717773,2.2379044631,2.232748068932486,Test
EPOXAJ_clean,4.90808,3.54046,4.59353,3.60105,1300.0,361.007,0.0,0.0,0.5304,0.14729,0.0,1,0.00274501,0.2430464176,0.26033677808208955,Train
EQAMUG_clean,4.23795,3.61938,4.23534,1.81883,688.208,378.378,0.0,0.0,0.424,0.233116,0.0,0,0.0193948382,1.3799342948,1.1462646899000997,Test
EQERAU_clean,8.66462,5.10134,8.65703,0.830188,1832.92,2207.84,0.0,0.0,0.646,0.778137,0.0,1,0.0358318034,2.9873864831,2.7904952363747277,Train
EQEREY_clean,6.76077,5.17427,6.21591,1.08432,1568.49,1446.52,0.0,0.0,0.5588,0.515345,0.0,0,0.0480170929,3.0415035056,2.924994208406381,Test
EQERIC_clean,5.65308,5.10575,5.50654,1.08357,1441.7,1330.51,0.0,0.0,0.5522,0.509612,0.0,0,0.0722318054,3.6362089534,3.5107251808469773,Train
EQETAX_clean,6.01885,5.05908,5.99018,0.890782,1989.22,2233.11,0.0,0.0,0.6458,0.724981,0.0,1,0.0588471312,3.7963224597,3.76204254600475,Test
EQOXIT_clean,7.68652,6.98261,7.68519,1.19569,1340.21,1120.87,0.0,0.0,0.551,0.460823,0.0,1,0.0184406885,1.4297389758,1.476152011753096,Train
EQUBIC_clean,4.62524,4.02529,4.62419,2.01313,877.337,435.807,0.0,0.0,0.4672,0.232076,9.93e-05,0,0.0240855081,1.3278447570999998,1.303514642782106,Train
EQUBOI_clean,4.70314,4.11847,4.7011,1.94101,957.405,493.252,0.0,0.0,0.4856,0.250179,0.000103039,0,0.0240931336,1.3485689213999998,1.3354257754184848,Test
EQUBUO_clean,4.678,4.09417,4.67712,1.98147,941.234,475.017,0.0,0.0,0.4712,0.237803,0.000100935,0,0.0234013077,1.3231049914,1.3024965295539743,Train
EQUNEL_clean,11.53586,5.50716,8.36401,1.01632,2227.68,2191.92,0.0,0.0,0.6942,0.683055,0.0,1,0.0412132619,3.4321036444,3.2003855390653215,Train
EQUNIP_clean,12.19685,4.3543,12.19496,0.882362,2411.33,2732.81,0.0,0.0,0.7004,0.793779,0.0,1,0.0439195035,3.6255234357,3.36926149302714,Train
ERAHOV_clean,8.72809,7.46409,8.72809,0.942162,2285.98,2426.31,0.0,0.0,0.718,0.762077,0.0,1,0.0126317611,1.2280457453,1.1335720383305126,Train
ERALUG_clean,10.3431,8.94026,10.3375,1.11121,2058.72,1852.68,0.0,0.0,0.6522,0.586926,0.000719933,1,0.0205282923,1.6126048207,1.636704285773055,Train
ERAMAN_clean,12.01377,10.18099,12.01377,0.963545,2126.75,2207.22,0.0,0.0,0.6966,0.722955,0.0,1,0.0230224447,2.0012453464,1.9643812781557635,Train
ERAMER_clean,12.83976,11.91501,12.83976,0.685959,2103.01,3065.8,0.0,0.0,0.7502,1.09365,0.000291563,1,0.0190310693,1.7739758115000002,1.7259681669972529,Train
EREFEN01_SL,5.00416,3.86566,5.00416,1.13683,1255.14,1104.07,0.0,0.0,0.5352,0.470783,0.0,0,0.0727286053,3.1547204835,3.2525408332687835,Train
EREGOY_clean,7.33047,5.25494,7.19533,0.879553,2401.32,2730.16,0.0,0.0,0.685,0.778805,0.0,1,0.0275083026,2.3665742419,2.4076066986413003,Test
ERELIX_clean,5.64254,3.51162,5.62378,1.23268,1079.22,875.507,0.0,0.0,0.5468,0.443586,0.0,1,0.0336137918,1.9612706112,1.9702121742004919,Train
ERIGER_clean,7.45113,4.52945,7.45095,1.32558,1000.06,754.431,0.0,0.0,0.5014,0.378249,0.0,1,0.0128903221,0.9903914882,0.9805304842407709,Test
ERIRIG_auto,11.67849,9.57613,11.66558,0.426775,2035.73,4770.02,0.0,0.0,0.8318,1.94903,0.0,0,0.0095509569,0.9517868676,1.0035950949372112,Train
ERIWAF_clean,10.65116,5.48487,10.46238,0.840538,2241.03,2666.18,0.0,0.0,0.709,0.843508,0.0,1,0.0381591663,2.7040462864,2.741494109583798,Test
EROCIZ_clean,5.34059,3.74867,5.34025,1.39658,907.085,649.503,0.0,0.0,0.4828,0.345701,0.0,1,0.0638666966,1.5053256294,2.2873064256115376,Test
ERUFUS_clean,4.3604,3.42673,4.35329,1.50899,684.051,453.317,0.0,0.0,0.4548,0.301394,0.0,0,0.0325412552,1.8894145493,1.7779669638105842,Train
ERULEK_clean,8.92635,6.96534,8.92635,0.799593,1925.59,2408.22,0.0,0.0,0.6678,0.835175,0.0,1,0.022894301,2.0902196637,2.030530824308772,Train
ERUNOW_clean,9.74436,7.85759,9.7385,0.884315,1769.89,2001.42,0.0,0.0,0.6546,0.740234,0.0,1,0.0245450799,1.9662626858,2.0540500079325805,Test
ESANET_clean,7.69209,6.08736,7.69209,1.80232,1148.27,637.106,0.0,0.0,0.5264,0.292069,0.0,1,0.0084815218,0.7566682095,0.7222652671192404,Train
ESAROH_clean,4.75347,3.71612,4.73943,1.3675,535.723,391.753,0.0,0.0,0.4534,0.331553,0.0,1,0.0469580412,1.5514858562,1.6730794583067423,Train
ESARUN_clean,6.08793,3.97207,6.06402,1.14221,1213.02,1061.99,0.0,0.0,0.5254,0.459984,0.0,1,0.0481091216,2.5274409586,2.5032540880378313,Train
ESASAU_clean,5.00328,3.89627,5.00219,1.37708,632.788,459.514,0.0,0.0,0.4448,0.323002,0.0,1,0.0399548261,1.4867291159,1.5224019685675203,Train
ESASEY_clean,5.5251,4.77538,5.51126,1.28472,744.013,579.127,0.0,0.0,0.486,0.378294,0.0,1,0.0401106269,1.6047308085,1.6875639454723959,Train
ESEDIQ_clean,5.39674,3.78301,5.31113,0.83454,2154.55,2581.72,0.0,0.0,0.6546,0.784384,0.0,0,0.0484107141,3.6852162979,3.7190241792618055,Train
ESEHIV_clean,5.10587,3.69765,5.10587,1.24278,879.237,707.477,0.0,0.0,0.5044,0.405865,0.0,1,0.0568451732,2.2264412844,2.345932734942137,Train
ESEQUO_clean,5.9241,3.78187,5.9241,1.17049,1289.9,1102.02,0.0,0.0,0.5438,0.464593,0.0,1,0.0275648651,1.9570373779,1.8826861135543005,Train
ESEVIH_clean,6.88268,6.30555,6.87572,1.51625,1264.35,833.868,0.0,0.0,0.5472,0.36089,0.0,1,0.028081198,1.8449187136,1.8505515409555362,Train
ESIDOB_clean,5.0954,4.12899,5.0954,1.32897,1274.07,958.69,0.0,0.0,0.5378,0.404673,0.0,0,0.08703021,3.690873873,3.5086246377048016,Train
ESIFET_clean,8.81259,5.05152,8.81259,1.42533,1454.27,1020.3,0.0,0.0,0.5856,0.410852,0.0,0,0.0257048613,1.7792448506,1.7872487094160516,Test
ESIGES01_clean,5.30554,4.43053,5.27741,1.28243,1799.46,1403.16,0.0,0.0,0.6102,0.475814,0.0,0,0.0494303021,2.9965487974,3.0134590413111875,Test
ESIGES02_clean,5.25592,4.31073,5.18518,1.28541,1797.52,1398.4,0.0,0.0,0.597,0.464442,0.0,0,0.0479787035,2.9234029898,2.956622325180854,Train
ESIGES_clean,5.24833,4.2623,5.18742,1.29046,1800.98,1395.62,0.0,0.0,0.6108,0.473321,0.0,0,0.0491842684,2.9859190735000003,3.0285279256980737,Train
ESURER01_clean,6.75428,5.6916,6.72807,1.40497,1349.29,960.372,0.0,0.0,0.5342,0.380221,0.0,0,0.0317590558,2.0142925134,2.0055088525288434,Test
ESURER02_clean,6.73405,5.67186,6.7278,1.40899,1346.64,955.749,0.0,0.0,0.5328,0.378145,0.0,0,0.0321524939,2.0214043637,2.0238003327580887,Test
ESURER03_clean,6.73192,5.66128,6.64205,1.40989,1345.84,954.57,0.0,0.0,0.5322,0.377477,0.0,0,0.0323557269,2.0249010125,2.0309266504082837,Test
ESURER04_clean,6.9676,6.06182,6.9676,1.36538,1434.64,1050.72,0.0,0.0,0.5472,0.400767,0.0,0,0.0303155808,2.0681570601,2.0394603569346716,Test
ESURER_clean,6.78739,5.78928,6.78739,1.3933,1363.04,978.277,0.0,0.0,0.5382,0.386276,0.0,0,0.0312105874,2.0317939965000003,2.021810499165945,Test
ESUSAO01_clean,6.3973,4.82556,6.3973,1.43147,1333.03,931.231,0.0,0.0,0.5244,0.366336,0.0,1,0.0328646777,1.9895324007,1.9636854995764081,Test
ESUSAO_clean,6.44994,4.84687,6.44994,1.43017,1343.92,939.69,0.0,0.0,0.5242,0.366529,0.0,1,0.0339346905,2.0261473342,2.0207681913222157,Train
ESUSIW_clean,6.7467,5.80608,6.7467,1.39203,1364.88,980.494,0.0,0.0,0.5394,0.387491,0.0,1,0.0304693083,1.9993809475,1.9426573457546061,Test
ESUSOC01_clean,7.22634,6.19526,7.22634,1.36351,1450.27,1063.63,0.0,0.0,0.544,0.398969,0.0,1,0.0307420225,2.1625930689,2.128810774765324,Test
ESUSOC02_clean,7.24893,6.31165,7.23441,1.36801,1456.76,1064.88,0.0,0.0,0.538,0.393273,0.0,0,0.0289963037,2.0985642694,2.070026476001306,Test
ESUSOC_clean,7.05543,5.76553,7.05417,1.36444,1437.77,1053.75,0.0,0.0,0.5426,0.397672,0.0,1,0.0310633738,2.124619775,2.0633993532418193,Train
ESUTAP_clean,7.12445,6.33134,7.12445,1.37347,1444.41,1051.64,0.0,0.0,0.5478,0.398843,0.0,1,0.0314600689,2.1848772572,2.163321004483525,Train
ESUTIX_clean,7.33038,6.15605,7.3245,1.35339,1467.91,1084.62,0.0,0.0,0.5522,0.408012,0.0,1,0.0295567142,2.0973913374,2.058679039506093,Test
ESUVAR01_clean,5.82794,3.93449,5.82794,1.54928,1195.21,771.464,0.0,0.0,0.4896,0.316018,0.0,1,0.0391093139,1.9858099375,2.0101628196676895,Test
ESUVAR_clean,6.28796,4.55194,6.20677,1.47064,1312.34,892.358,0.0,0.0,0.5172,0.351684,0.0,1,0.0357603129,2.0548778717,2.070147149199133,Train
ESUVOF_clean,6.88083,5.87111,6.87535,1.38485,1391.22,1004.61,0.0,0.0,0.5404,0.390224,0.0,0,0.0316887059,2.0984517965,2.061115600868333,Train
ETAXUT_clean,12.89356,7.93773,12.89356,0.721487,1897.63,2630.17,77.994,108.102,0.7242,1.00376,0.0,1,0.0378443874,2.2765955803,2.3642403414462034,Train
ETECIR_clean,4.32284,3.50203,4.32284,1.44521,1297.96,898.111,0.0,0.0,0.6006,0.41558,0.0,0,0.0359954505,2.5407565156,2.2602521356917697,Test
ETECOX_clean,10.32812,8.91862,10.31469,1.07802,2014.96,1869.13,0.0,0.0,0.7346,0.681437,0.0,1,0.0161909368,1.5526976242,1.415484346354249,Test
ETEJIX01_clean,6.69684,4.77946,6.69684,1.08358,2483.86,2292.26,0.0,0.0,0.649,0.598939,0.0,1,0.025215358,2.0653717634,2.0937559342805927,Train
ETEJIX_clean,6.81796,5.05367,6.81796,1.05868,2313.65,2185.42,0.0,0.0,0.6546,0.61832,0.0,1,0.024713152,2.0844617893,2.0872279966600735,Test
ETEJOD01_clean,6.6678,4.96877,6.6678,1.10092,2405.28,2184.79,0.0,0.0,0.6552,0.595139,0.0,1,0.0265052599,2.1861174269,2.193593713733514,Test
ETEJOD_clean,6.80678,5.11467,6.80678,1.12771,2231.39,1978.7,0.0,0.0,0.6388,0.56646,0.0,1,0.0288226901,2.3379368683,2.273041565628625,Test
ETEJUJ_clean,6.80904,5.16362,6.80904,1.11208,2257.09,2029.61,0.0,0.0,0.6478,0.582511,0.0,1,0.0256842075,2.1096376125,2.061538517789346,Test
ETEKAQ01_manual,5.81491,4.70834,5.54365,1.17141,2276.97,1943.78,0.0,0.0,0.6496,0.554545,0.0,1,0.0194815943,1.6001879613,1.6461067407934422,Train
ETEKAQ_clean,6.79458,5.19238,6.79458,1.13284,2254.4,1990.05,0.0,0.0,0.6454,0.569721,0.0,1,0.0253990926,2.0943759921,2.058978846268489,Train
ETEKEU_clean,6.74215,5.18388,6.74215,1.16256,2288.23,1968.27,0.0,0.0,0.6442,0.554124,0.0,1,0.0253097951,2.0641760263,2.0732498479809047,Test
ETEPID_clean,6.17672,3.95395,5.87594,1.10537,1278.33,1156.47,289.636,262.025,0.5518,0.499197,0.0,1,0.1440315769,3.2321347964,3.333721267113403,Train
ETEQUQ_clean,5.92538,4.00393,5.92538,2.21544,1336.48,603.256,0.0,0.0,0.5274,0.238056,0.0,1,0.0075489683,0.6564178936999999,0.6286945788628342,Train
ETESIG_clean,5.84738,4.10522,5.84738,1.34804,1113.36,825.908,0.0,0.0,0.511,0.379069,0.0,1,0.0437525688,1.9363982214,2.189187068187883,Test
ETEXEI01_clean,5.81183,4.79897,5.70377,1.51395,1510.72,997.869,0.0,0.0,0.6306,0.416527,0.0,0,0.0302737964,1.8931260634,1.9079987709904218,Test
ETEXEI_clean,5.78427,4.68209,5.77551,1.52654,1503.21,984.721,0.0,0.0,0.622,0.407458,0.0,0,0.0305186669,1.9028684108,1.8883874418237747,Test
ETIXIQ_clean,6.68041,4.65647,6.65888,0.848377,2297.1,2707.64,0.0,0.0,0.6174,0.727742,0.0,0,0.0482398485,3.1820161415,3.7100356419119045,Test
ETUWEW_clean,4.93842,4.37104,4.93842,1.56386,2303.31,1472.84,0.0,0.0,0.6098,0.389934,0.0,0,0.0158105898,1.3684095944,1.3661056627739383,Test
ETUWIA_clean,4.84869,4.31374,4.84869,1.3172,2256.73,1713.27,0.0,0.0,0.6028,0.457637,0.0,1,0.0253250552,2.0803362977,2.041081043466598,Train
ETUXEW_clean,4.30967,3.74181,4.30967,1.76757,1105.02,625.163,0.0,0.0,0.5662,0.320327,0.0,0,0.05048503,2.3012552103,2.5914944995229674,Test
EVADIQ_clean,7.6272,6.3767,7.6272,1.10873,1926.39,1737.47,0.0,0.0,0.6356,0.573266,0.0,1,0.028197486,2.2157195945,2.2394138741600362,Test
EVAKIV_clean,13.34989,4.00312,13.34989,0.730238,1776.02,2432.11,0.0,0.0,0.6852,0.938325,0.0,0,0.0365241212,2.6566306451,2.8929225951970947,Test
EVEGIV_clean,6.17269,4.02251,6.17269,1.31229,854.868,651.434,42.1748,32.1384,0.5236,0.398999,0.0,1,0.0259966538,1.1247326718,1.3658708259784662,Train
EVEGOB_clean,6.69286,4.9654,6.69286,1.28252,924.55,720.888,100.648,78.477,0.5186,0.404362,0.0,1,0.0255014435,1.5584334622999998,1.5484387805233562,Train
EVEGUH_clean,6.67679,5.04188,6.67679,1.28811,935.874,726.551,97.6899,75.84,0.5222,0.405402,0.0,1,0.0276507487,1.6252259613999998,1.605442310887486,Test
EVIMUT_clean,5.27695,4.27032,5.27695,0.98944,1543.01,1559.48,0.0,0.0,0.5212,0.526762,0.0,1,0.0203968011,1.6625015427,1.6344620328259398,Train
EVUDAA_clean,8.8715,5.37575,8.86492,1.06655,1848.87,1733.49,0.0,0.0,0.6318,0.592375,0.0,1,0.0447364219,2.6319724903,2.6788730318740748,Train
EVUPOC_clean,6.33794,4.33255,6.21155,1.43397,1521.86,1061.29,0.0,0.0,0.5584,0.389408,0.0,1,0.0323616624,2.1169799416,2.0695954135212817,Train
EVUQOC_clean,5.3745,3.92262,5.34265,1.5074,1102.05,731.093,0.0,0.0,0.4832,0.320551,0.0,1,0.0498157721,2.079233782,2.2259354031043626,Test
EVUQUI_clean,4.83999,3.93851,4.82956,1.53551,1049.12,683.243,0.0,0.0,0.4838,0.315075,0.0,1,0.0408217637,2.0143684843000003,2.024370697789545,Test
EVURAP_clean,4.91998,4.00691,4.90722,1.50366,1094.53,727.909,0.0,0.0,0.4888,0.325073,0.0,1,0.0413723317,2.0356645368,2.079521931901197,Train
EWASIG01_clean,6.54739,5.55468,6.37809,0.995743,2287.2,2296.98,0.0,0.0,0.6682,0.671057,0.0,1,0.0271167615,2.3680209605,2.306652986309119,Train
EWASIG_clean,6.45735,5.55117,6.42218,0.997683,2278.25,2283.54,0.0,0.0,0.6672,0.66875,0.0,1,0.0287968475,2.4292903049000003,2.364446354194079,Test
EWECOY_clean,6.36107,5.38638,6.36107,1.35369,1897.91,1402.03,0.0,0.0,0.613,0.452836,0.0,1,0.0203938697,1.7150517573,1.5919827728910514,Test
EWESAC_clean,4.96455,3.52189,4.96455,1.2876,515.857,400.635,170.93,132.751,0.4632,0.35974,0.0,0,0.0644735709,1.9583170061,1.989754343497404,Train
EWETUW_clean,5.62021,4.24917,5.57976,1.31411,662.316,504.004,418.644,318.576,0.5412,0.411838,0.0,1,0.0841408738,2.8623003657,2.882892069847994,Train
EWIPIL_clean,5.07501,3.95522,5.05284,1.20337,1849.05,1536.56,0.0,0.0,0.602,0.500263,0.0,1,0.0711144966,4.0524370813,4.028343290435904,Train
EWUCOP_clean,4.517,3.6203,4.517,1.14036,1567.35,1374.43,0.0,0.0,0.607,0.532288,0.0,0,0.0477227885,3.1420276243000003,3.2177472785890964,Test
EWUGEK_clean,4.25922,3.99552,4.25922,1.59647,254.293,159.284,0.0,0.0,0.3716,0.232763,0.0,0,0.0155151052,0.6498398097,0.7192943733107593,Train
EWUKAK_clean,8.06678,6.82094,8.05126,1.11278,1981.43,1780.62,0.0,0.0,0.6252,0.561838,0.0,1,0.0289964731,2.3893844862,2.3195055318635416,Train
EWUKEO_clean,6.02152,4.9088,6.0177,1.04306,2495.54,2392.52,0.0,0.0,0.6576,0.630455,0.0,1,0.0348605674,2.6797922057,2.829157710827811,Test
EWUKIS_clean,6.09706,5.36823,6.07492,1.05799,2424.88,2291.97,0.0,0.0,0.6762,0.639136,0.0,1,0.0366457418,2.6958913663,2.8360193101066336,Train
EWUSOF_clean,11.18858,8.47337,10.82571,0.877,1675.84,1910.87,0.0,0.0,0.721,0.822121,0.0,1,0.0085162149,0.7985630314,0.7930291278694597,Train
EWUSUL_clean,11.25293,8.38573,11.25293,0.979503,1671.61,1706.59,0.0,0.0,0.7086,0.723428,0.0,1,0.0073496103,0.7124330414,0.6942300661649321,Train
EWUTEW_clean,7.55965,4.88065,7.45386,1.29422,1660.56,1283.06,0.0,0.0,0.5852,0.452164,0.0,1,0.0235209187,1.6045151183000002,1.8134866972370087,Test
EXALAR_clean,8.27068,4.14256,8.27068,0.819136,1552.0,1894.68,19.4699,23.7688,0.6382,0.779114,0.0,1,0.0177028929,1.6225520541,1.5943140059084606,Train
EXALIZ_clean,8.54083,3.87619,8.54083,1.52305,1283.51,842.727,0.0,0.0,0.5696,0.373988,0.0,1,0.0078752761,0.7003757203000001,0.684251573363492,Train
EXAPEA_clean,5.23017,3.49325,5.23017,1.44837,343.252,236.992,0.0,0.0,0.4076,0.281419,0.0,0,0.0325593597,0.9769249117,1.0558277963767342,Test
EXAXAE01_clean,10.9668,6.77359,10.9668,1.34773,1718.01,1274.74,128.947,95.6773,0.6772,0.502475,0.0,1,0.0201237347,1.1081923087,1.164393192372539,Train
EXAXAE_clean,10.76753,6.65722,10.58024,1.36537,1690.78,1238.34,127.443,93.34,0.6754,0.494666,0.0,1,0.0204816446,1.1317621693000002,1.174370382203503,Test
EXEMUR_clean,6.22751,4.77221,6.20611,1.4177,461.655,325.637,178.147,125.659,0.4768,0.33632,0.0,0,0.0118127313,0.7631203295000001,0.7423634991666024,Train
EXENAX_clean,4.98437,3.71955,4.67631,1.89432,1307.11,690.013,0.0,0.0,0.588,0.310402,0.0,1,0.0128780041,0.9472487479,1.008744732721443,Train
EXEQAA_clean,7.25351,7.13068,7.2425,1.02495,1673.9,1633.14,0.0,0.0,0.6088,0.593978,0.0,0,0.0355459473,2.9833912146,2.9358710710579774,Test
EXEQII_SL,7.24683,7.11371,7.24683,1.02502,1683.52,1642.43,0.0,0.0,0.597,0.58243,0.0,0,0.0351679795,2.9638623618,2.9291148639254234,Train
EXEWIO_clean,7.06551,3.91163,7.06551,1.10612,1247.35,1127.68,0.0,0.0,0.5336,0.482408,0.0,1,0.0736564814,2.7144503114,2.84563194673395,Train
EXEXAH_clean,9.58473,9.08126,9.58473,0.865744,1381.13,1595.31,0.0,0.0,0.6118,0.706675,0.0,0,0.0139279836,1.290142622,1.2479119604183193,Test
EXIDOF_clean,5.61373,5.00672,5.60841,1.03591,1864.27,1799.64,0.0,0.0,0.6158,0.594451,0.0,0,0.0444504952,2.9768686752,2.9965298586304376,Test
EXOFIH_clean,4.43208,4.25139,4.42906,1.35435,1660.17,1225.81,0.0,0.0,0.5858,0.432533,0.0,0,0.1182097563,4.5661831247,4.603079098599987,Train
EXOTOB_clean,13.28738,7.77882,13.22247,0.710367,1789.01,2518.43,0.0,0.0,0.7024,0.988785,0.0,1,0.0124175128,1.1925744648,1.1346970637466471,Train
EXOTUH_SL,6.05951,4.4083,6.05951,0.950557,1966.63,2068.92,0.0,0.0,0.6264,0.658982,0.0,0,0.0383757664,2.8310303691,2.920882817596838,Test
EXOZIB_clean,8.81916,5.67239,8.81916,0.860889,2066.43,2400.34,0.0,0.0,0.7104,0.825193,0.0,1,0.018556273,1.674895672,1.665709980916617,Train
EXUHEM_clean,5.5848,3.98697,5.5848,1.1948,1036.21,867.268,0.0,0.0,0.5148,0.430868,0.0,0,0.0350320212,1.7012099072,1.9645348427436016,Train
EXUHUC_clean,6.22107,4.0898,6.22107,1.22274,852.187,696.948,9.45855,7.73552,0.5232,0.427891,0.0,1,0.0103517336,0.6816096147,0.7346950328922002,Train
EYACOX_clean,8.14361,5.87215,7.68514,0.961963,2469.42,2567.06,0.0,0.0,0.6732,0.699819,0.0,1,0.0255614965,2.1781984732,2.186601533116819,Train
EYINOR_clean,8.12774,5.83469,8.12774,0.997324,2427.09,2433.6,0.0,0.0,0.6904,0.692252,0.0,1,0.0276716195,2.2829525179,2.352578597210895,Train
EYIYES_clean,8.23387,5.84668,8.15455,0.958955,2430.13,2534.15,0.0,0.0,0.6902,0.719741,0.0,1,0.0229566496,2.0256744507,2.0510408674382608,Test
EYOCIG_clean,8.27418,5.89212,8.06359,0.922433,2431.08,2635.51,0.0,0.0,0.694,0.752358,0.0,1,0.022833083,2.0245496108000003,2.0292807224952383,Train
EYOCOM_clean,8.18337,5.84697,8.18337,0.974997,2429.97,2492.29,0.0,0.0,0.6902,0.7079,0.0,1,0.0230964196,2.0158693823,2.044310981255575,Test
EYULOA_clean,4.93073,3.99192,4.90572,1.26506,819.807,648.04,0.0,0.0,0.5008,0.395872,0.0,0,0.0651005633,2.1984336517,2.3700929329176725,Train
EYUWAW_clean_h,6.01873,4.52997,6.01625,1.02499,1441.95,1406.78,0.0,0.0,0.5778,0.563711,0.0,1,0.033063488,2.3341388046,2.295224106791371,Test
EZABEN_clean,5.22809,3.75233,5.19001,1.80933,1456.46,804.973,0.0,0.0,0.5686,0.314261,0.0,1,0.0246074157,1.5833846244,1.6636930071627754,Train
EZEQEH_clean,4.87284,4.37059,4.87284,1.23337,902.039,731.365,0.0,0.0,0.4534,0.367612,0.0,0,0.0545515423,2.1510913844,2.1733368084661295,Test
EZEQIL_clean,5.30026,4.78345,5.30026,1.17129,1076.67,919.215,0.0,0.0,0.476,0.406389,0.0,0,0.0518967866,2.375173044,2.345939801139827,Test
EZEQOR_clean,5.6482,4.90134,5.6482,1.14412,1130.85,988.403,0.0,0.0,0.4858,0.424607,0.0,0,0.0508680687,2.4596293029,2.4368080079941246,Train
EZEQUX_clean,5.58794,4.86495,5.58794,1.14902,1119.33,974.163,0.0,0.0,0.4862,0.423145,0.0,0,0.0531522648,2.5081265274,2.526257303597913,Train
EZESAF_clean,5.1372,4.14128,5.1327,1.2462,687.896,551.996,0.0,0.0,0.4534,0.363827,0.0,1,0.0524369536,1.8343077908,1.795653928652711,Train
EZIPEK_clean,8.58626,4.2007,8.58626,1.51602,1671.68,1102.68,0.0,0.0,0.5836,0.384955,0.000527697,0,0.0307612312,2.1053106201,2.0703620689077056,Test
EZITUE_clean,5.18743,4.58908,5.18743,1.41786,514.897,363.149,0.0,0.0,0.4536,0.319918,0.0,1,0.0250285262,1.0739174469,1.1856910282392739,Test
EZIVAM_clean,4.86841,4.201,4.86841,1.36805,410.17,299.821,0.0,0.0,0.4216,0.308176,0.0,1,0.0278551744,1.12558415,1.197948471436498,Test
EZOBUR02_clean,5.4535,4.4976,5.43411,1.36504,878.599,643.645,0.0,0.0,0.4944,0.362188,0.0,1,0.0242039153,1.3326637688,1.4053955999065044,Test
EZOBUR_clean,6.22091,4.91314,6.06649,1.26527,1070.0,845.668,0.0,0.0,0.5366,0.4241,0.0,1,0.0217562788,1.2638726478,1.4664572628428283,Test
EZOFEF_clean,11.22482,4.58247,11.22482,1.02492,1340.94,1308.34,253.285,247.127,0.6156,0.600633,0.0,0,0.0766450021,3.6401541411,3.5362366559130978,Train
EZUCIM_clean,5.27092,4.42324,5.21472,1.00292,1781.29,1776.11,0.0,0.0,0.602,0.600249,0.0,0,0.0571153704,3.5288722895,3.5046081393711996,Train
EZULAO_clean,5.09593,4.42786,5.07986,1.44576,1054.74,729.539,0.0,0.0,0.5038,0.348468,0.0,1,0.036631109,1.9441003707,1.8782646569423447,Train
FABCUI_clean,5.29132,3.67742,5.0134,1.09277,1448.77,1325.78,0.0139318,0.0127491,0.5368,0.49123,0.0,1,0.0263410225,1.7310257976,1.8213759344433686,Train
FABGUM_clean,4.49645,4.20268,4.49184,1.20151,964.988,803.144,198.183,164.944,0.618,0.514351,0.0,0,0.0169999709,1.3851953638,1.3775454564003136,Train
FAFDEX_clean,4.84612,4.0465,4.84612,1.4121,763.799,540.896,0.0,0.0,0.426,0.301679,0.0,1,0.0365883288,1.8224046034,1.6013588112981092,Test
FAFMAC_clean,6.81612,5.39086,6.79864,1.26269,1165.02,922.651,0.0,0.0,0.5508,0.436212,0.0,1,0.0127815313,1.0602163062,0.9299700171739218,Test
FAFQEJ01_clean,6.37389,4.22376,5.90055,1.46265,2225.33,1521.44,0.0,0.0,0.6474,0.442621,0.0,1,0.008503535,0.7668534946,0.8100651802604761,Train
FAGMAE_clean,5.46748,4.37557,5.46748,1.06062,1170.19,1103.31,0.885384,0.834777,0.5442,0.513094,0.0,1,0.0211762778,1.6050596225,1.5564693764222604,Test
FAGMEI_clean,4.74677,3.86448,4.45761,1.13696,582.955,512.733,152.586,134.206,0.5114,0.449797,0.0,1,0.037581768,2.1479531741,2.073005656836057,Test
FAGMOS_clean,4.83565,3.90897,4.83387,1.11657,661.618,592.547,152.346,136.441,0.5228,0.468221,0.0,1,0.0369843798,2.1612976168,2.122337877954776,Train
FAGQAI_clean,13.61199,8.61498,13.60121,0.481098,2019.32,4197.32,0.0,0.0,0.7864,1.63459,0.0,1,0.0187798959,1.7916746464,1.7858244872271616,Train
FAGREM_clean,7.38233,6.89343,7.38233,1.46524,1454.62,992.751,0.0,0.0,0.557,0.380143,0.0,1,0.0211272973,1.7110484218000002,1.6666162486238367,Train
FAGXIX_clean,5.2216,3.54475,5.2216,1.24357,1161.81,934.26,0.0,0.0,0.5266,0.42346,0.0,1,0.1112552282,3.4765328826,3.5691650469450007,Train
FAHGAY_clean,5.42928,5.0549,5.42928,0.789805,2259.65,2861.02,0.0,0.0,0.6494,0.822229,0.0,0,0.0470848153,3.5099410265,3.693740683526457,Test
FAHPOV_clean,15.83326,12.70856,15.77354,0.465056,1930.74,4151.64,0.0,0.0,0.8222,1.76796,0.0,1,0.0232842239,1.9673694751,2.1490346883499547,Test
FAHQIQ_clean,9.85392,4.35513,9.85392,0.853176,2077.29,2434.78,0.0,0.0,0.6662,0.780847,0.0,0,0.0586304031,3.4773823212,3.5427997519502155,Train
FAHQIR_clean,5.4668,3.66161,5.45525,1.24631,646.137,518.44,0.0,0.0,0.4704,0.377434,0.0,1,0.0491714279,1.7899939922,1.7731080632239102,Train
FAJYAS_clean,8.56248,6.70705,8.55013,0.843378,1917.39,2273.46,0.0,0.0,0.6388,0.75743,0.0,1,0.020961658,1.8052922547,1.807409843624259,Test
FAJZOI_clean,5.7048,3.67896,5.62232,1.15456,806.025,698.125,0.0,0.0,0.4918,0.425964,0.0,0,0.1029149857,2.9855175838,2.9278505922156635,Train
FAKLIO_clean,9.35143,8.40739,9.35026,0.753404,1654.42,2195.93,0.0,0.0,0.6524,0.865937,0.0,0,0.0245516285,2.2352260954,2.1729658914227676,Train
FAKLOU_clean,9.12795,8.03305,9.12795,0.879649,1631.51,1854.72,0.0,0.0,0.6538,0.743251,0.0,0,0.0223867027,2.0045420255,1.958590497244084,Train
FAKLUA_clean,9.01677,8.0299,9.01677,0.819291,1611.05,1966.39,0.0,0.0,0.6454,0.787754,0.0,0,0.0299607629,2.6864319179,2.513894970221875,Train
FAKMAH_clean,8.51474,7.6757,8.51474,0.756909,1726.74,2281.31,0.0,0.0,0.6586,0.870118,0.0,0,0.0285280029,2.4928426066,2.4362130221823186,Test
FAKNIR_clean,7.731,5.84497,7.731,0.960238,2118.84,2206.58,0.0,0.0,0.6484,0.675249,0.0,1,0.0293510022,2.3031051139,2.3856624121872545,Train
FALBAX_manual,16.15249,9.49143,16.1486,0.447193,2181.58,4878.38,0.0,0.0,0.8038,1.79743,0.0,0,0.0229557744,2.1879198592,2.1872821288916318,Train
FALDAA_clean,6.52279,5.33991,6.32184,1.08899,1435.02,1317.76,0.0,0.0,0.579,0.531688,0.0,1,0.0293815117,2.1007723608,2.056571220746933,Train
FALLOT_clean,5.47116,3.44168,5.42276,1.84097,1146.35,622.691,0.0,0.0,0.5828,0.316572,0.0,1,0.0125660416,0.879411611,0.8770595032994419,Train
FALPOY_clean,5.64075,4.31698,5.64026,1.89914,1788.53,941.762,0.0,0.0,0.5702,0.300242,0.0,1,0.137026719,3.654282048,3.6312121664289165,Train
FALVOF_clean,6.65756,4.5203,6.48608,1.39374,1687.85,1211.03,0.0,0.0,0.5882,0.422031,0.0,1,0.0109998088,0.9596625586,0.955335068058261,Train
FAMPUH_clean,14.29727,6.50644,14.29727,0.67257,2359.31,3507.91,0.0,0.0,0.7568,1.12524,0.0,1,0.0327328156,2.6671141658,2.664079997391932,Test
FAMQAO_clean,14.19972,6.54893,14.18609,0.666736,2302.24,3453.0,0.0,0.0,0.7576,1.13628,0.0,1,0.0320436769,2.5886744182,2.6014439161567564,Train
FAMQES_clean,13.92314,6.55268,13.92314,0.674226,2354.83,3492.63,0.0,0.0,0.7532,1.11713,0.0,1,0.0334931568,2.706649365,2.7098864418092283,Train
FANCIJ_clean,8.52966,7.16955,8.46063,1.09037,1242.28,1139.32,72.6595,66.6376,0.5784,0.530463,0.0,0,0.03656568,2.4453139466,2.3092923667384717,Train
FANCOP_clean,8.31522,6.68432,8.30333,1.04032,1268.68,1219.51,89.2086,85.7514,0.5834,0.560791,0.0,0,0.0520264927,2.7444000923000003,2.7437562246290153,Train
FANDEG_clean,8.58478,6.98003,8.57286,1.05217,1307.67,1242.83,85.7897,81.5358,0.5892,0.559985,0.0,0,0.0472112896,2.5782062851,2.5205085581459308,Test
FANQER_clean,5.21362,4.0339,5.21362,1.50842,1029.25,682.337,0.211472,0.140194,0.5204,0.344996,0.0,1,0.0052217049,0.4775450601,0.46578326749303,Train
FAPXEC_clean,7.23633,7.07944,7.22228,1.10849,1601.62,1444.86,0.0,0.0,0.5964,0.538029,0.0,0,0.0377771642,3.0587015075,3.0112553597165572,Train
FAPXIG_clean,7.25163,7.0872,7.25163,1.12925,1578.62,1397.94,0.0,0.0,0.5966,0.528317,0.0,0,0.0389909228,3.0951280687,3.0992424312211977,Train
FAPXOM_clean,7.22558,7.07954,7.22145,1.12985,1598.05,1414.39,0.0,0.0,0.5978,0.529098,0.0,0,0.0400414273,3.1209944775,3.116005573193605,Test
FAQGEL_clean,5.35554,3.64691,5.34801,1.44151,1313.99,911.54,0.0,0.0,0.536,0.371832,0.0,1,0.0434075651,2.2055722018,2.2954550603597763,Test
FAQGIP_clean,5.30496,3.71196,5.30496,1.22203,1264.33,1034.61,0.0,0.0,0.5172,0.423229,0.0,1,0.0483867511,2.5226482489,2.5959122294999455,Test
FAQLUH_clean,7.25665,7.09719,7.24714,1.10687,1602.27,1447.57,0.0,0.0,0.5958,0.538276,0.0,0,0.0370152643,3.0042211517000004,2.9916650212556997,Test
FARBIL_clean,6.5257,5.85477,6.5257,1.16183,1319.81,1135.97,0.0,0.0,0.544,0.468226,0.0,0,0.0340847049,2.1710426162,2.1836181467991196,Train
FARFIO_clean,9.12316,6.55123,9.12316,1.31137,1730.77,1319.82,0.0,0.0,0.6458,0.492464,0.0,0,0.0110459513,0.9793609374,1.0049483425391865,Train
FARFOU_clean,8.96134,6.03917,8.96134,1.3138,1736.65,1321.85,0.0,0.0,0.6496,0.494443,0.0,0,0.0117944611,1.0161623419,1.0282396820688273,Train
FARFUA_clean,8.43305,5.99885,8.43305,1.37514,1658.2,1205.84,0.0,0.0,0.6292,0.457553,0.0,0,0.0118774094,1.0045397023,1.0382020604042563,Train
FARHIR_ion_b,6.8791,5.35126,6.8791,1.62906,838.805,514.901,0.0,0.0,0.3778,0.231913,0.0,1,0.035524338,1.4812909884,1.6036729201979947,Test
FARHOX_ion_b,6.26684,3.62781,6.26416,1.63231,1189.76,728.882,0.0,0.0,0.5338,0.327022,0.0,1,0.0362660312,1.8243212803,1.9551606964749857,Train
FASHAK_clean,5.67537,4.91896,5.66915,1.31877,1672.64,1268.34,0.0,0.0,0.5816,0.441018,0.0,1,0.016102681,1.2853608618,1.3321763342013497,Test
FASHOX_clean,5.79545,4.39914,5.79038,3.73156,1762.91,472.433,0.0,0.0,0.572,0.153287,0.0,1,0.009211607,0.7157705236,0.7258290988346658,Train
FASVIH_clean,7.36263,6.76595,7.35007,1.28937,1714.12,1329.42,0.0,0.0,0.6144,0.476511,0.0,1,0.0188079744,1.6299829548,1.5811455754203947,Train
FATKAO_clean,4.65609,3.80909,4.65088,1.95034,1014.02,519.916,0.0,0.0,0.465,0.238419,0.0,1,0.0117618044,0.8820403887999999,0.8678285355498743,Train
FATKES_clean,4.81739,3.70783,4.8165,1.82727,1025.9,561.439,0.0,0.0,0.4878,0.266955,0.0,1,0.0122177192,0.8981714157999999,0.8784507317252774,Train
FATKIV_clean,14.84172,10.48506,14.13115,0.799535,924.965,1156.88,197.216,246.664,0.6364,0.795963,0.0,1,0.0222726873,1.2984922048999998,1.578991116027797,Test
FATKIW_clean,4.92999,3.7145,4.92517,1.89194,1016.62,537.341,0.0,0.0,0.477,0.252122,0.0,1,0.0125283619,0.8978129323999999,0.8746628074683793,Train
FATKOC_clean,4.67985,3.79401,4.65705,1.90793,1011.46,530.135,0.0,0.0,0.4774,0.250219,0.0,1,0.0121109685,0.8929548048,0.8823382651585474,Test
FATKUI_clean,4.71614,3.90797,4.71614,1.76449,1087.25,616.182,0.0,0.0,0.4914,0.278494,0.0,1,0.0117100297,0.9008422674,0.9036327891227383,Train
FATLUJ_clean,5.42171,4.28978,5.42171,1.20951,1168.02,965.69,4.12251,3.4084,0.5226,0.432074,0.0,1,0.0175939983,1.2367407364,1.3385681640629001,Train
FATQID_clean,11.53016,8.55287,11.53016,0.606791,2204.88,3633.67,0.0,0.0,0.8008,1.31973,0.0,1,0.0169417925,1.6765758996,1.6294459945294828,Train
FATVOM_clean,4.53669,4.03212,4.53669,1.59797,796.91,498.701,0.0,0.0,0.4212,0.263584,0.0,1,0.0398291465,1.7059183431,1.6538202455840914,Test
FAVFUG_clean,6.83841,4.77149,6.83841,1.02578,1903.53,1855.69,0.0,0.0,0.6082,0.592913,0.0,0,0.0373649924,2.5773632186,2.7818121663320197,Test
FAVGAN_clean,5.57142,4.50196,5.49969,1.52705,956.016,626.056,0.0,0.0,0.4838,0.316821,0.0,1,0.0137953935,0.9979213179,0.9714671420106752,Train
FAVGER_clean,5.35311,4.52327,5.34725,1.54964,901.531,581.768,0.0,0.0,0.481,0.310395,0.0,0,0.0127541276,0.9184303547,0.8320110700366099,Test
FAVGIV_clean,4.89361,4.27611,4.89361,1.63035,784.518,481.195,0.0,0.0,0.4718,0.289385,0.0,1,0.0143371048,0.9307762911,0.9115944620710472,Test
FAVGOB_clean,4.8913,4.26213,4.88425,1.63875,774.721,472.75,0.0,0.0,0.4632,0.282654,0.0,1,0.0149878656,0.934757236,0.9267423245182613,Train
FAVGUH_clean,4.86763,4.2119,4.84866,1.64912,773.676,469.146,0.0,0.0,0.4688,0.284274,0.0,1,0.0145405921,0.9165292041,0.9372422124264896,Train
FAVHAO_clean,4.95666,4.40143,4.92219,1.63957,784.566,478.52,0.0,0.0,0.4652,0.283733,0.0,1,0.0149252156,0.9455494981,0.929509937703453,Train
FAVHES_clean,4.81694,4.18094,4.81252,1.69685,756.814,446.011,0.0,0.0,0.4616,0.272033,0.0,1,0.014547961,0.9022244759,0.9127018538593505,Train
FAVHIW_clean,4.93663,4.37848,4.91876,1.68898,774.259,458.419,0.0,0.0,0.459,0.271762,0.0,1,0.0157844477,0.9483673215,0.9614071624782656,Train
FAVKAP_clean,6.87609,5.10388,6.87609,1.0919,2445.17,2239.37,0.0,0.0,0.6468,0.592361,0.0,1,0.0256740094,2.1212649114,2.0838983429930376,Test
FAWCEN02_SL,11.41573,3.43573,11.41573,0.924186,1463.4,1583.45,0.0,0.0,0.6478,0.700941,0.0,0,0.0137728942,1.2692318985,1.2329810805594068,Train
FAYPAY_clean,12.90794,5.24047,12.8925,0.673936,2011.51,2984.72,0.0,0.0,0.742,1.10099,0.0,1,0.0232382521,2.0150277609,2.0648873817809084,Test
FAYPEC_clean,11.32938,4.75784,11.28719,0.745804,1782.19,2389.63,0.0,0.0,0.6898,0.924908,0.0,1,0.0233128014,1.9338649962,1.987133501497525,Train
FAYPIG_clean,11.51198,6.01308,11.45567,0.74228,1782.59,2401.5,0.0,0.0,0.7098,0.956244,0.0,1,0.0224755415,1.8918218841,1.9648996030419108,Test
FAYPOM_clean,8.33734,7.34032,8.33734,0.888945,1770.92,1992.16,0.0,0.0,0.637,0.71658,0.0,0,0.0225682847,1.8796071253,1.9913782741653712,Train
FAYQAZ_clean,13.25092,5.37829,12.95797,0.797039,1583.25,1986.41,0.0,0.0,0.6806,0.85391,0.0,1,0.0193440587,1.6198467635,1.630144430973505,Train
FAYQED_clean,12.559,10.1499,12.53561,0.533674,1990.43,3729.68,0.0,0.0,0.7818,1.46494,0.0,1,0.0327756928,2.3972723983,2.5885280852742056,Test
FAYQUT_clean,11.36736,8.26719,11.16554,0.777904,1704.81,2191.54,0.0,0.0,0.681,0.875429,0.0,1,0.028390704,2.1395916268,2.2258124331940126,Train
FAZFET_clean,6.57316,4.4573,6.55727,1.65256,1476.29,893.337,1.47172,0.89057,0.5356,0.324103,0.0,1,0.0134144659,0.7236737205,0.9385087559813458,Train
FAZPED_clean,7.63868,5.99081,7.63868,1.64589,749.747,455.527,0.0,0.0,0.4048,0.245946,0.0,1,0.0131776231,0.9443808756,0.9458783882018438,Train
FAZZEM_clean,5.74693,4.41081,5.68235,2.16525,873.054,403.211,0.0,0.0,0.4638,0.214201,0.0,1,0.0060700632,0.4962270693,0.4767200372957703,Train
FEBPUY_clean,5.08924,4.38524,5.07804,1.23823,1158.3,935.44,0.0,0.0,0.5392,0.435459,0.0,1,0.0412137315,2.195860076,2.2554193567422396,Train
FEBXIV_clean,17.28638,15.74639,17.27933,0.293688,1491.04,5076.95,0.0,0.0,0.8788,2.99229,0.0,1,0.0231524186,2.1899183794,2.225242209672051,Test
FECCIZ_clean,4.99663,3.47947,4.98801,1.68897,855.07,506.267,0.0,0.0,0.478,0.283012,0.0,0,0.8731397696,5.1110608623000005,5.08682849454128,Train
FECKAA_clean,5.54178,3.96898,5.52138,0.97764,1036.11,1059.8,74.179,75.8756,0.5832,0.596539,0.0,1,0.0547900012,2.6997416984,2.7446394796326032,Train
FECXAO_clean,5.79137,4.59346,5.79018,0.989543,1846.09,1865.6,0.0,0.0,0.6174,0.623924,0.0,0,0.0495539555,3.3481322926,3.3106764345978683,Train
FECXES_clean,10.76463,6.58995,10.58338,0.833076,2133.05,2560.44,0.0,0.0,0.7044,0.845541,0.0,1,0.0507782368,2.6312362736000003,2.7414797646883557,Train
FECXUI_clean,10.09798,5.67724,10.08611,0.924829,2051.69,2218.46,0.0,0.0,0.69,0.746084,0.0,1,0.0315268494,2.3421258341,2.38095698246499,Test
FECYUJ_clean,9.54146,5.39642,9.54146,0.925869,2090.23,2257.59,1.94532,2.10107,0.6792,0.733581,0.0,1,0.0344438652,2.4862836466,2.4642064786063713,Test
FECZAQ_manual,8.47974,5.36674,8.47974,0.984083,2012.57,2045.13,0.0,0.0,0.6646,0.67535,0.0,0,0.0238121253,2.050468869,2.0765037637404307,Test
FEDBEX_clean,5.54956,5.03901,5.54956,1.56747,1415.29,902.91,0.0,0.0,0.5562,0.354839,0.0,0,0.0110680244,0.9049388976,0.912836242089851,Train
FEFCUQ_clean,8.87571,6.35025,8.74283,0.77796,2120.63,2725.88,0.0,0.0,0.673,0.865083,0.0,0,0.0297626942,2.4886849015,2.4630191710115947,Test
FEFDAX_clean,7.78612,6.37885,7.6796,0.828568,2134.58,2576.23,0.0,0.0,0.6746,0.814176,0.0,0,0.0291848309,2.4263759557,2.462833183387204,Test
FEFDEB_manual,13.10906,11.59751,13.10906,0.53928,2135.2,3959.36,0.0,0.0,0.77,1.42783,0.0,0,0.0181431514,1.7482006330000002,1.6612822125434723,Train
FEFZOF_clean,4.86334,3.89341,4.85268,1.78217,1115.48,625.914,0.0,0.0,0.5442,0.305359,0.0,1,0.0194255741,1.3430219313,1.3024897826590291,Train
FEGNIQ_clean,7.13681,4.81158,7.13681,1.15152,1310.71,1138.24,0.0,0.0,0.528,0.458524,0.0,0,0.0235237159,1.709142765,1.72694435823463,Train
FEHCIG_manual,7.75569,7.04294,7.74271,0.956692,1636.76,1710.86,0.0,0.0,0.6308,0.659355,0.0,0,0.0267206553,2.3363344463,2.3808815272280928,Test
FEJDII01_clean,5.11637,4.26776,5.11637,1.65956,1220.45,735.403,0.0,0.0,0.5874,0.353949,0.0,0,0.0391564062,2.0486161348,2.0735665902039186,Train
FEJDII_clean,5.18964,4.3206,5.16791,1.64976,1282.11,777.148,0.0,0.0,0.607,0.367932,0.0,0,0.0392805232,2.0829171762,2.121388385691498,Test
FENROG_clean,5.38209,4.56613,5.38209,1.67781,1972.59,1175.69,0.0,0.0,0.6206,0.369888,0.0,1,0.008890992,0.7548862716,0.7827811206540642,Train
FEQSIF_clean,9.23636,5.60978,9.22645,0.773392,2340.66,3026.49,0.0,0.0,0.7012,0.906656,0.0,1,0.0429739922,2.6215200252,3.1831457659533364,Test
FERHAN_clean,10.23981,6.40536,10.23981,0.784123,1831.24,2335.4,115.057,146.734,0.6978,0.889911,0.0,1,0.0421908553,2.2794226104,2.3206958151177712,Train
FERVEF_clean,4.50859,3.42442,4.50859,2.0439,895.257,438.014,0.0,0.0,0.5236,0.256177,0.0,1,0.0174859419,1.2118645327,1.1961022071988565,Train
FERVIJ_clean,4.83126,3.6773,4.83126,1.86686,1302.53,697.711,13.494,7.22817,0.5356,0.286899,0.0,1,0.0183868783,1.2644687682,1.3555797509327605,Train
FERVUV_clean,4.63344,3.59285,4.63329,1.52979,1125.91,735.991,2.57897,1.68584,0.5188,0.339132,0.0,1,0.0247978051,1.6686185647999998,1.7583498530362984,Test
FERWAC_clean,4.92077,3.87767,4.92014,1.42345,1457.89,1024.2,0.0,0.0,0.5614,0.394393,0.0,1,0.0279187413,1.8063100544,1.8927715306509116,Test
FESTUT_clean,4.58957,3.56818,4.49102,1.91412,810.164,423.257,0.0,0.0,0.5446,0.284517,0.0,0,0.0664399571,2.1329232288,2.2377887632935494,Train
FEVSAC_clean,4.70494,3.78141,4.69575,1.30344,385.722,295.926,85.5055,65.5998,0.4704,0.36089,0.0,1,0.0124326706,0.9250085292,0.7763942825115364,Test
FEWGUL_clean,4.38967,3.93713,4.357,1.63655,694.151,424.154,0.0,0.0,0.3828,0.233906,0.0,0,0.0402599897,1.4782903749,1.5182295039411202,Train
FEWQIJ_manual,5.32147,5.14959,5.31527,2.34625,1158.3,493.681,0.0,0.0,0.4776,0.203559,0.0,1,0.0188972226,1.15830919,1.151504701843413,Train
FEWQOP_clean,5.35536,5.19712,5.35116,2.28568,1163.85,509.19,0.0,0.0,0.467,0.204315,0.0,1,0.0184987169,1.1777239555,1.1526724597416198,Train
FEWWOV_clean,6.50134,3.77167,6.50134,0.923858,1579.47,1709.64,0.0,0.0,0.5876,0.636029,0.0,0,0.0612265511,3.5639244776,3.7682112776834717,Train
FEWWUB_clean,13.46293,4.10343,6.99036,0.839472,1304.99,1554.54,374.213,445.771,0.6142,0.731651,0.0,0,0.0489978969,2.5825716884,2.6449587174590934,Train
FEXCES_clean,6.14892,5.48137,6.14892,1.01825,1528.57,1501.17,0.0,0.0,0.5802,0.569801,0.0,1,0.0543895274,3.1892963785000004,3.115711638295264,Train
FEYDET_clean,5.39172,4.60807,5.33792,1.74589,895.254,512.778,0.0,0.0,0.456,0.261185,0.0,0,0.0748373257,2.0113080334,1.9837708388289799,Train
FEYJOJ_clean,6.25646,4.72399,6.2395,0.913381,2517.97,2756.76,0.0586414,0.0642026,0.6538,0.715802,0.0,1,0.0340098391,2.8870128849000003,2.862093350776114,Test
FEYQIK_clean,5.731,4.17822,5.71686,1.30044,1433.54,1102.35,0.0,0.0,0.5822,0.447694,0.0,1,0.0209483043,1.4893754291,1.5278619800046653,Test
FEZQEI_clean,5.828,5.10591,5.828,1.19338,806.933,676.177,0.0,0.0,0.487,0.408086,0.0,0,0.0134119995,0.9711397075,0.9376828591479351,Train
FEZREJ_clean,6.80795,5.29768,6.78405,1.3201,2032.7,1539.8,0.0,0.0,0.6256,0.473902,0.0,1,0.0284920516,2.2092069365,2.1642560719401716,Test
FEZTIP_clean,5.60935,4.76331,5.55768,1.11089,1381.78,1243.85,0.0,0.0,0.563,0.5068,0.0,1,0.0369601599,2.3419704489,2.359466257619771,Train
FIBHIJ_clean,5.3367,3.42361,5.26159,1.29192,845.674,654.588,0.0,0.0,0.5226,0.404515,0.0,1,0.0178808544,1.098841128,1.143793839305347,Test
FIBKEI_clean,12.33456,6.95883,12.32864,0.708252,2274.88,3211.97,0.0,0.0,0.7362,1.03946,0.0,1,0.0329029668,2.4926099885,2.5832802589082062,Test
FIDRIV_clean,15.99327,15.90265,15.99327,0.698397,1517.46,2172.77,0.0,0.0,0.7102,1.0169,0.0,1,0.0128630909,1.1882708716,1.2064798265539687,Test
FIFGAE_clean,7.43152,6.20566,7.41957,0.862729,2447.09,2836.45,0.0,0.0,0.7008,0.812306,0.0,1,0.0288377935,2.6735527378,2.5467039932015836,Train
FIFGEI_clean,16.15291,14.69313,16.15291,0.412792,1738.34,4211.18,0.0,0.0,0.8636,2.09209,0.0,1,0.0224686842,2.0711079815,2.1415982043400508,Test
FIFGIM_clean,12.64493,7.03976,9.83966,0.68535,2218.22,3236.63,0.0,0.0,0.7642,1.11505,0.0,1,0.0271331828,2.3595235942,2.37289141903995,Train
FIFMIS01_clean,4.81383,4.49281,4.81367,1.28928,625.276,484.979,115.997,89.97,0.4752,0.368577,0.0,1,0.0504531974,2.2406664958,2.089399962020938,Test
FIFMIS_clean,4.83064,4.51142,4.83037,1.28879,636.461,493.845,117.284,91.0034,0.48,0.372443,0.0,1,0.0489575086,2.2320354108,2.11581509961701,Train
FIFMOX_clean,6.04512,4.24356,6.04078,0.977861,1901.41,1944.46,0.0,0.0,0.5916,0.604994,0.0,1,0.0259551033,2.1905037298,2.096274690752552,Train
FIFMOY_clean,4.8407,4.42587,4.8407,1.29544,593.069,457.813,123.778,95.5491,0.468,0.361267,0.0,1,0.0504417625,2.2147446534,2.039396387665016,Test
FIFMUD_clean,5.99897,3.96607,5.98731,0.985465,1849.24,1876.51,1.01814,1.03316,0.5914,0.600123,0.0,1,0.0252032812,2.0933644726,2.065817073860801,Train
FIFNUE01_clean,4.79076,3.93215,4.75885,1.01704,1531.07,1505.43,0.0,0.0,0.567,0.557502,0.0,1,0.0208492193,1.8338957323,1.777328380893531,Test
FIFNUE_clean,4.8017,3.95118,4.74576,1.02025,1565.01,1533.95,0.0,0.0,0.5802,0.568687,0.0,1,0.0220451797,1.9142199526,1.8472478226222868,Test
FIFPAM01_clean,4.73813,3.78761,4.73813,1.03017,1649.03,1600.74,0.0,0.0,0.5794,0.562433,0.0,1,0.0215257764,1.9049136425,1.8672231949780043,Train
FIFPAM_clean,4.72449,3.84654,4.62424,1.03535,1611.82,1556.78,0.0,0.0,0.5846,0.564637,0.0,1,0.0187014535,1.6383504622999998,1.6108206823321556,Test
FIHFAF_clean,6.24558,4.36754,6.24558,1.21214,1512.33,1247.65,0.0,0.0,0.5622,0.463807,0.0,1,0.0329870962,2.1641801341,2.1946128223655337,Train
FIHRIZ_clean,6.70189,5.92513,6.34809,1.0601,1583.25,1493.5,0.0,0.0,0.594,0.560326,0.0,0,0.0398655559,2.6540200952,2.768724876986581,Train
FIJCUX01_clean,7.34002,6.13056,7.33722,1.22326,1581.46,1292.83,0.0,0.0,0.608,0.497033,0.0,1,0.0273085448,2.2274379356,2.1581548379847866,Test
FIJDIM01_clean,5.82926,5.08135,5.82926,1.24507,1266.69,1017.36,0.0,0.0,0.5318,0.427125,0.0,1,0.0400051997,2.2779476098,2.209100986940183,Test
FIJDIM02_clean,5.85717,5.09946,5.85717,1.24136,1271.74,1024.47,0.0,0.0,0.5328,0.429205,0.0,1,0.0388864687,2.2765386287,2.2310151413346357,Test
FIJDIM03_clean,5.87678,5.11703,5.87678,1.23925,1279.62,1032.57,0.0,0.0,0.5332,0.430259,0.0,1,0.0386187623,2.2967236916,2.253934678827397,Train
FIJDIM04_clean,5.91316,5.13983,5.91316,1.23456,1288.47,1043.66,0.0,0.0,0.5342,0.432705,0.0,1,0.0388963316,2.2987709411000004,2.259716548249399,Test
FIJDIM05_clean,5.94737,5.16221,5.94737,1.2314,1299.48,1055.29,0.0,0.0,0.534,0.433654,0.0,1,0.0386610317,2.2957374048,2.2657677870361197,Test
FIJDIM06_clean,5.98426,5.17875,5.98426,1.22798,1308.75,1065.77,0.0,0.0,0.5354,0.436,0.0,1,0.0385426773,2.2949793730000003,2.2874507227923466,Train
FIJDIM07_clean,6.01552,5.19329,6.01552,1.22701,1316.88,1073.24,0.0,0.0,0.5354,0.436345,0.0,1,0.038339784,2.2978255148,2.286373634996634,Test
FIJDIM08_clean,6.03525,5.21694,6.03525,1.22274,1324.94,1083.58,0.0,0.0,0.5378,0.43983,0.0,1,0.0382876517,2.3092918028,2.2664021271445156,Test
FIJDIM09_clean,6.04424,5.23566,6.03957,1.22037,1336.43,1095.1,0.0,0.0,0.5392,0.441833,0.0,1,0.0383116044,2.3150305827,2.2947479401914066,Train
FIJDIM10_clean,5.79441,4.98095,5.78067,1.23638,1249.85,1010.9,0.0,0.0,0.5298,0.428511,0.0,1,0.0359881946,2.1219931305,2.1062587402714374,Test
FIJDIM11_clean,5.83014,5.0814,5.83014,1.23386,1262.75,1023.41,0.0,0.0,0.5344,0.433111,0.0,1,0.0377973263,2.2237384719,2.191673342142175,Train
FIJDIM12_clean,5.8948,5.11958,5.8948,1.23559,1318.02,1066.71,0.0,0.0,0.5368,0.434449,0.0,1,0.0386948473,2.2761243882,2.2636758328025715,Train
FIJDIM_clean,5.85157,5.09863,5.85157,1.24567,1280.47,1027.93,0.0,0.0,0.5282,0.424028,0.0,1,0.0389526908,2.2503513064,2.221670706077013,Test
FIJDOS_clean,11.71715,10.90932,11.71715,1.21946,1612.88,1322.61,0.0,0.0,0.6614,0.54237,0.0,1,0.0202924459,1.8452925745,1.781462822625376,Test
FIJDUY_clean,5.11347,3.64709,5.11347,1.4525,1805.45,1242.99,0.0,0.0,0.5992,0.412529,0.0,1,0.0176934869,1.4642745482,1.4082656369992261,Test
FIJFEK_manual,6.92559,6.57184,6.92559,1.58281,1548.76,978.488,0.0,0.0,0.5618,0.354939,0.0,0,0.0274122142,1.9367054679,1.9734660430074353,Train
FIJFUA_clean,6.58892,4.46794,6.58892,1.28412,1352.77,1053.46,0.0,0.0,0.5288,0.4118,0.0,1,0.0270540075,1.8978080102,1.8295140405513322,Test
FIJXUR_clean,7.39108,4.72102,7.39108,1.5002,1093.27,728.749,0.0,0.0,0.506,0.337289,0.0,1,0.0051047247,0.4442895429999999,0.47381813829085284,Train
FIJYED_clean,4.73259,3.98746,4.61177,1.90177,745.293,391.895,0.0,0.0,0.4318,0.227052,0.0,0,0.7556403809,3.4418355375,3.457374935793455,Train
FIJZEE_clean,7.37726,6.47542,7.37726,1.82096,874.8,480.405,0.0,0.0,0.4718,0.259093,0.0,0,0.1066641545,2.6684937241,2.7050835197852647,Train
FILYEG_clean,7.61133,5.3287,7.60971,1.06942,1916.91,1792.48,0.0,0.0,0.6258,0.585176,0.0,1,0.0177109556,1.5643762023,1.5100629984402103,Train
FIMNIA_clean,8.67616,3.56541,8.61027,1.50156,1522.94,1014.24,0.0,0.0,0.6126,0.407975,0.0,1,0.0068259418,0.6445791269,0.6393950155509129,Train
FIMXUW_clean,4.96245,3.57593,4.95367,2.04735,760.785,371.594,0.0,0.0,0.4152,0.202798,0.0,1,0.010771148,0.7004189184999999,0.7056254866364069,Train
FIMZAE_clean,8.7496,5.24839,8.73677,1.17241,1659.79,1415.71,0.0,0.0,0.6,0.511765,0.0,1,0.0202936072,1.6155226898,1.6514694649678543,Test
FINQOK_clean,8.7337,4.60012,8.08289,1.3997,1628.14,1163.2,0.0,0.0,0.614,0.438665,0.0,1,0.0081787576,0.7458374385,0.7843633310158014,Train
FINQUQ_clean,8.681,4.51126,8.681,1.41696,1585.78,1119.14,0.0,0.0,0.6192,0.436992,0.0,1,0.0078394172,0.7303651998,0.7160856096245964,Train
FIPJAR_clean,5.38201,3.65359,5.35586,1.48851,1135.66,762.952,0.0,0.0,0.5586,0.375274,0.0,1,0.0301488988,1.7340881125,1.7558279857089052,Test
FIPKOG01_clean,6.5379,4.8064,6.53406,1.09146,1614.42,1479.13,0.0,0.0,0.5916,0.542026,0.0,0,0.0372946094,2.5702024434,2.6202925734881775,Test
FIPKOG_clean,6.55849,4.8515,6.50444,1.08595,1635.33,1505.9,0.0,0.0,0.5862,0.539805,0.0,0,0.0372876739,2.563717731,2.6031550441022135,Train
FIPKUM_clean,6.35636,4.74684,6.35358,1.04617,1413.94,1351.54,0.0,0.0,0.5724,0.547139,0.0,0,0.0406456986,2.8113124387,2.6417394427384524,Train
FIPWOS_clean,5.20561,3.82141,5.20561,1.29023,881.425,683.154,0.0,0.0,0.5118,0.396674,0.0,0,0.0766057074,2.5446567709,2.566724241397109,Train
FIPXAF_clean,4.65881,3.97386,4.65881,1.34738,766.026,568.53,0.0,0.0,0.4744,0.35209,0.0,0,0.1059247126,2.8156279486,2.822363908814558,Train
FIPXEJ_clean,4.43579,3.68809,4.4295,1.35731,462.184,340.514,181.053,133.391,0.4954,0.364986,0.0,0,0.0414112122,1.9537737282,2.0667631431107436,Test
FIQYOU_clean,4.72303,3.65899,4.72303,1.75011,750.863,429.037,0.0,0.0,0.4464,0.255069,0.0,0,0.0299713372,1.4197238985,1.4064801016963053,Test
FIQYUA_clean,4.6258,3.62649,4.60025,1.85684,696.0,374.831,0.0,0.0,0.4364,0.235023,0.0,0,0.0168178485,1.0180089341,1.0352454826620878,Test
FIQZAH_clean,4.65627,3.68934,4.65627,1.93416,700.399,362.121,0.0,0.0,0.45,0.23266,0.0,0,0.0347735163,1.4512131585,1.5073899149945658,Train
FIRMUQ_clean,6.37918,5.90394,6.37918,0.804259,2580.98,3209.14,0.0,0.0,0.675,0.839282,0.0,1,0.0311110593,2.7735398389,2.724519578923846,Train
FIRNAX01_clean,7.03668,6.10812,7.03668,0.718413,2358.57,3283.03,0.0,0.0,0.7048,0.981051,0.0,1,0.0279617102,2.5748630130000003,2.5202698643553285,Test
FIRNAX_clean,6.70534,6.02432,6.70378,0.728308,2391.07,3283.04,0.0,0.0,0.6994,0.960308,0.0,1,0.0279057771,2.543129463,2.5293399035340047,Train
FIRNIF_clean,6.7853,6.06191,6.78493,0.71467,2582.63,3613.74,0.0,0.0,0.693,0.969679,0.0,1,0.0279763015,2.594062674,2.5405759271656887,Train
FIRNOL_clean,6.1215,5.54396,6.11958,0.794887,2656.05,3341.42,0.0,0.0,0.6666,0.838609,0.0,1,0.0382874374,3.2559407446,3.2388568666972635,Test
FIRNUR_clean,6.62054,6.03585,6.61701,0.714161,2609.57,3654.03,0.0,0.0,0.6944,0.97233,0.0,1,0.0342745505,3.0329131184,3.0177824886323115,Train
FIRPAZ_clean,7.15818,6.15135,7.14286,0.673811,2389.65,3546.47,0.0,0.0,0.7144,1.06024,0.0,1,0.0275137035,2.5465527487,2.5246017106223126,Train
FIRZOX_clean,8.47321,7.4886,8.47321,1.47389,1193.71,809.905,0.0,0.0,0.5488,0.372348,0.0,1,0.0051609888,0.4762807379,0.49484583092004564,Train
FITGEW_clean,9.86717,4.17287,8.68985,1.08823,1175.78,1080.45,0.0,0.0,0.5382,0.494564,0.0,1,0.0125197606,1.0029277832,0.9978032131404823,Test
FITHIA_clean,4.35737,3.84524,4.35737,1.27732,941.275,736.915,0.0,0.0,0.4314,0.337739,0.0,1,0.0211934674,1.6091430662,1.5632823131528308,Train
FIVNAZ_clean,4.57167,3.52743,4.40749,2.12433,1354.32,637.526,0.0,0.0,0.5842,0.275004,0.0,1,0.0061535243,0.5476967000999999,0.5338629194174549,Train
FIVQOR_clean,4.63823,4.0753,4.63823,2.18775,1209.41,552.809,0.0,0.0,0.4796,0.219221,0.0,1,0.3116609836,3.2870250514,3.337254861722272,Train
FIVYEP01_clean,5.69673,4.73568,5.69673,2.0333,1245.18,612.394,0.0,0.0,0.4572,0.224856,0.0,1,0.0114551275,0.8274973797,0.8516132011853748,Train
FIVYEP_clean,5.69894,4.7333,5.69894,2.0333,1248.63,614.092,0.0,0.0,0.458,0.22525,0.0,1,0.0113732458,0.8278118528,0.8524852311473765,Train
FIVYUF_clean,4.68091,3.50866,4.67789,1.41648,465.948,328.948,0.0,0.0,0.4326,0.305405,0.0,0,0.0296416067,1.4395341338999998,1.3823179110127741,Train
FIXVUE_clean,10.80219,6.73703,10.80219,1.60539,1740.78,1084.34,0.0,0.0,0.6236,0.388442,0.0,1,0.0030450769,0.3088485455,0.30286762519149235,Train
FIYDOH_clean,4.62011,3.85906,4.62011,1.58881,555.753,349.792,0.0,0.0,0.3874,0.24383,0.0,1,0.016032616,0.8889804965000001,0.9151474008721978,Train
FIZPOV_clean,6.69877,5.40684,6.69877,0.878608,2365.02,2691.78,0.0,0.0,0.6734,0.766439,0.0,1,0.0481198449,3.807251647,3.568411542806816,Test
FOBNAN_clean,8.70901,6.58612,8.70709,0.867344,2020.64,2329.69,0.0,0.0,0.6644,0.766017,0.0,1,0.0289576751,2.2056980289,2.2665275284162685,Train
FOCZAA_clean,4.86095,4.4492,4.8459,1.39709,775.702,555.227,0.0,0.0,0.452,0.32353,0.0,0,0.0693881478,2.1363308442,2.184592549081306,Train
FOFCOU_clean,4.8597,4.4269,4.8597,1.38069,783.577,567.528,0.0,0.0,0.4546,0.329257,0.0,0,0.0680980509,2.1440753279,2.1440259984476344,Train
FOFHAK_clean,4.16875,3.58203,4.16875,2.15496,1011.75,469.5,0.0,0.0,0.4808,0.223114,0.0,1,0.1366963722,2.99362813,3.061410514871857,Train
FOFTIF_clean,6.9711,4.44534,6.9711,1.09535,1552.88,1417.7,0.0,0.0,0.5846,0.533709,0.0,1,0.052779324,2.8843816978,2.925938246474128,Train
FOFTUR_clean,6.77119,4.51348,6.77119,1.0583,1552.58,1467.05,0.0,0.0,0.588,0.555606,0.0,1,0.0441596791,2.6650251723,2.7635732644623454,Test
FOHCIP_clean,4.96285,4.14038,4.9303,1.87592,1245.59,663.988,0.0,0.0,0.5966,0.318031,0.0,1,0.0179962395,1.2469308135,1.2443661343083214,Train
FOHQUO_clean,4.34506,3.45753,4.34017,1.59314,531.012,333.311,0.0,0.0,0.4696,0.294764,0.0,1,0.0073743866,0.5903634608,0.643187548625481,Train
FOJKIA_clean,5.14315,4.1527,5.13924,1.07093,1386.95,1295.08,0.0,0.0,0.5272,0.492281,0.0,0,0.0713628224,3.7274606912,3.604063583851632,Train
FOJLOH_clean,7.23927,6.67302,7.23927,0.822249,1870.22,2274.52,0.0,0.0,0.6338,0.770813,0.0,1,0.0340088608,2.5612129993,2.6427428101313897,Train
FOKWIN_clean,4.14624,3.73304,4.14504,1.37748,413.35,300.078,0.0,0.0,0.4306,0.312601,0.0,0,0.0254625427,1.3729370335,1.4217224512118927,Test
FOKYEL_clean,8.8968,8.56106,8.8968,1.19075,983.087,825.606,363.949,305.648,0.581,0.48793,0.0,1,0.0435166486,2.1327174682,2.250722968829447,Test
FOKYIP_clean,5.79638,3.84056,5.66635,1.22762,1981.83,1614.37,0.0,0.0,0.5912,0.481583,0.0,1,0.0463716589,2.794679984,2.865221050532864,Train
FOLLEZ_clean,4.11323,3.75301,4.10779,1.67795,655.16,390.454,0.0,0.0,0.4424,0.263656,0.0,1,0.087753369,2.536440279,2.5481571196573256,Train
FOMWOV_clean,7.41662,4.5384,7.41662,0.990309,1837.3,1855.28,0.0,0.0,0.6302,0.636367,0.0,0,0.0339947331,2.6473198753,2.676432965234281,Train
FONKEA_clean,4.68396,3.93383,4.68242,1.69201,643.159,380.115,0.0,0.0,0.4636,0.273994,0.0,1,0.0236344222,1.1635754731,1.199298653736081,Test
FONPUV_clean,5.63348,5.082,5.6238,1.54253,959.017,621.718,0.0,0.0,0.4556,0.29536,0.0,1,0.0239581626,1.372584636,1.3941502086718591,Test
FONQIJ_clean,4.70842,3.66843,4.69527,1.05376,821.167,779.27,0.0,0.0,0.51,0.483979,0.0,1,0.0383044472,2.2385673395,2.2708365327916114,Train
FOPBAP_clean,5.87537,3.57797,5.87537,1.84319,650.747,353.054,0.0,0.0,0.4432,0.240452,0.0,1,0.0156679883,0.9544309927,0.9021049896202291,Train
FOQPAE_clean,6.29792,5.29972,6.23782,1.24637,1399.4,1122.77,0.0,0.0,0.5656,0.453796,0.0,1,0.0316930528,1.6317617247999998,2.082908795244729,Test
FORKUU_clean,13.26482,11.33443,13.26482,0.597503,2329.13,3898.11,0.0,0.0,0.7474,1.25087,0.0,0,0.0497590287,3.5596472103,3.547811558456977,Train
FORPIM_clean,9.59156,4.26108,9.59156,1.02718,2184.13,2126.33,0.0,0.0,0.709,0.690238,0.0,1,0.0110322688,1.0266049071,1.0766489148823584,Train
FORPOS_clean,9.45347,4.25355,9.45336,1.03837,2182.11,2101.49,0.0,0.0,0.7034,0.677411,0.0,1,0.0109526881,1.0296576242,1.0626884213258665,Train
FORPUY_clean,9.42246,3.59342,9.42246,1.13071,1908.86,1688.19,0.0,0.0,0.6696,0.592195,0.0,1,0.0109232618,1.039759923,1.0435354246224136,Train
FORQAF_clean,9.35233,4.33657,9.35233,1.04043,2153.98,2070.28,0.0,0.0,0.6962,0.669144,0.0,1,0.0102659917,0.9813062414,0.970335036383586,Train
FORQEJ_clean,9.63063,4.26523,9.63063,1.03635,2192.11,2115.22,0.0,0.0,0.6976,0.67313,0.0,1,0.0106941647,1.0295014863,0.9894631506597777,Train
FORQIN_clean,9.58088,4.20865,9.58088,1.06074,2156.73,2033.24,0.0,0.0,0.7006,0.660485,0.0,1,0.0108194258,1.0107778362,1.0290729654648523,Train
FORTIR_clean,7.46367,6.87207,7.46367,0.921652,1895.01,2056.1,0.0,0.0,0.6264,0.679649,0.0,1,0.0208397917,1.6242109202,1.8490872787771853,Test
FORTUD_clean,17.46562,10.38181,17.46523,0.786041,1513.55,1925.54,116.509,148.223,0.691,0.879089,0.0,1,0.0170083216,1.3399247733,1.366737840624177,Train
FOSTUE_clean,13.09568,7.43748,13.09568,0.582855,2174.14,3730.15,0.0,0.0,0.7556,1.29638,0.0,0,0.0315284949,2.8245556679000003,2.6399896900920767,Train
FOTNIN_clean,33.62157,29.92948,33.55545,0.240324,765.124,3183.71,0.0,0.0,0.9206,3.83066,0.0,1,0.0250873652,2.1421549434,2.181275676272307,Train
FOVPEN_clean,6.90856,3.45436,6.49799,1.14952,1115.5,970.402,0.0,0.0,0.525,0.45671,0.0,1,0.0178897324,1.2596828111,1.3289294203286959,Train
FOVPOX_clean,5.86564,3.51663,5.02799,1.32713,811.807,611.702,0.0,0.0,0.504,0.379767,0.0,1,0.019914356,1.2067181493,1.1910304945033663,Train
FOVPUD_clean,5.92888,3.43151,5.75387,1.33896,878.863,656.376,0.0,0.0,0.4994,0.372975,0.0,1,0.0202343941,1.2602465624,1.2590393848652,Test
FOWTOC_clean,5.29743,3.61946,5.29013,1.16444,1132.68,972.722,0.0,0.0,0.4982,0.427845,0.0,0,0.0321129041,1.8732339901,1.9271249369182901,Test
FOXHUX_clean,5.2601,3.59083,5.25053,1.14964,1141.44,992.863,0.0,0.0,0.4984,0.433527,0.0,0,0.0317727615,1.860441012,1.9060989153850738,Train
FOXNIQ_clean,5.68172,4.34787,5.68172,1.93205,592.227,306.527,51.4334,26.6211,0.4372,0.226288,0.0,1,0.0130629666,0.6700499858,0.7667093272702628,Test
FUBDAI_clean,8.13737,7.41793,8.13713,1.22976,2049.34,1666.45,0.0,0.0,0.6726,0.546935,0.0,0,0.0191709367,1.6048426178,1.6049983149858145,Test
FUBDEM_clean,8.59245,7.9025,8.57984,1.19129,2067.73,1735.7,0.0,0.0,0.6832,0.573495,0.0,0,0.0184790424,1.5992594059,1.5688384579263603,Train
FUBDIQ_clean,8.11684,7.23133,8.11684,1.24691,2021.29,1621.04,0.0,0.0,0.6644,0.532838,0.0,0,0.0189240667,1.5883503852,1.5842316496402782,Train
FUBNOH_clean,4.81179,3.53828,4.81179,1.32608,706.882,533.061,0.0,0.0,0.4668,0.352014,0.0,0,0.1049051388,2.2680487338,2.363492152693917,Train
FUDGES_clean,7.76038,5.54861,7.76038,0.846504,2469.98,2917.86,0.0,0.0,0.7118,0.84087,0.0,1,0.0280900943,2.5278706618,2.455278487071648,Train
FUDHAP_clean,7.29309,6.51816,7.28407,0.803706,2501.45,3112.39,0.0,0.0,0.7112,0.8849,0.0,1,0.0293019404,2.4936807073,2.605445285235308,Test
FUDHET_clean,7.05179,4.74765,7.05179,0.905742,2494.35,2753.93,0.0,0.0,0.6642,0.733321,0.0,1,0.035681599,2.9458944148,2.987994461208791,Test
FUHMOM_clean,5.53443,4.01054,5.50524,1.19557,1378.79,1153.25,0.0,0.0,0.5554,0.464549,0.0,1,0.0667484454,3.2474269627,3.2315073463013753,Train
FUHNED_clean,6.48528,4.12203,6.4155,1.3617,1522.72,1118.25,0.0,0.0,0.5858,0.430197,0.0,1,0.0476789687,2.7904716962,2.7022290366850155,Train
FUHNIH_clean,5.52821,3.42388,5.52134,1.16361,1148.32,986.858,0.0,0.0,0.5352,0.459948,0.0,1,0.0547022333,3.1548788705,2.764722604859643,Test
FULQOT_clean,5.67142,3.50634,5.66877,1.72182,1110.34,644.862,0.0,0.0,0.4972,0.288764,0.0,1,0.0389638454,1.8015306861,1.911844483262459,Test
FULQUZ_clean,5.87633,5.25314,5.79727,1.51981,1332.09,876.486,0.0,0.0,0.5216,0.3432,0.0,1,0.0323102462,1.9323964388,1.936911468330235,Test
FUMHOL_clean,4.68606,3.56586,4.60097,1.64124,1221.33,744.153,0.0,0.0,0.5528,0.336819,0.0,1,0.0039315811,0.366342632,0.3667993146868369,Train
FUMJAA_clean,6.69521,5.2041,6.68616,1.12957,2214.41,1960.41,0.0,0.0,0.6298,0.557558,0.0,1,0.0290691692,2.5074914996,2.263376772824892,Test
FUNBAS_clean,6.30412,4.59254,6.30412,1.11042,1258.26,1133.14,0.0,0.0,0.5296,0.476938,0.0,0,0.0415649174,2.3159029197,2.4451277072096507,Test
FUNCAT_clean,9.48772,8.77545,9.48772,0.930198,1473.55,1584.13,0.0,0.0,0.6084,0.654055,0.0,0,0.0346199935,2.0900515524000003,2.275275517391706,Train
FUNCEX_clean,13.21557,12.47689,13.21557,0.543761,1970.91,3624.58,0.0,0.0,0.7842,1.44218,0.0,1,0.0252275054,2.049488714,2.154466824610412,Train
FUNFOL_clean,9.5586,7.20173,9.50846,0.864162,1603.61,1855.68,0.0,0.0,0.6396,0.740139,0.0,1,0.0247787141,1.9676713653,2.107482295187706,Test
FUNGAY_clean,5.61963,3.40645,5.61963,1.09956,890.548,809.916,0.30381,0.276303,0.5202,0.4731,0.0,1,0.0263003509,1.7973532916,1.6044493673281277,Test
FUNLAD_clean,6.24379,4.83507,6.24379,1.06947,1236.73,1156.4,0.0,0.0,0.53,0.495574,0.0,0,0.0562837558,2.9896556755000003,2.882001867125507,Train
FUQJUX_clean,12.69722,8.47633,12.65144,0.718278,2115.98,2945.9,0.0,0.0,0.7464,1.03915,0.0,1,0.0141406473,1.3815042991,1.3814882623112474,Train
FURFIJ01_clean,4.13712,3.42264,4.1139,1.63785,320.686,195.797,0.0,0.0,0.4366,0.266569,0.0,1,0.0324655765,1.3874430833000002,1.4533276917098226,Test
FURFIJ_clean,4.1371,3.42264,4.11394,1.63785,321.866,196.518,0.0,0.0,0.4366,0.266569,0.0,1,0.0318287825,1.3636015167,1.4363364452232816,Test
FURFOP_clean,4.93892,3.56519,4.93892,1.22098,496.28,406.459,457.279,374.517,0.5202,0.42605,0.0,0,0.064990291,2.4352524934,2.4881962378114926,Train
FURQOZ01_ion_b,9.28425,8.43309,9.28425,1.37609,1096.56,796.865,0.0,0.0,0.5274,0.383259,0.0,1,0.006992822,0.605644563,0.6496110730106799,Train
FURQUF_ion_b,8.81158,7.98715,8.81158,1.41389,1094.82,774.331,0.0,0.0,0.5082,0.359435,0.0,1,0.0069568208,0.6269916137,0.6428904094565975,Train
FURRAM_clean,10.403,9.40744,10.403,1.04916,1635.25,1558.63,0.0,0.0,0.6366,0.606772,0.0,1,0.0095822309,0.8662883619,0.8778910005852483,Train
FURREQ_clean,10.33776,9.35961,10.33776,1.05489,1621.43,1537.05,0.0,0.0,0.6312,0.598353,0.0,1,0.0099460228,0.885096165,0.910676807355288,Train
FURRIU_clean,11.05152,9.97547,11.05152,0.995058,1664.82,1673.09,0.0,0.0,0.6552,0.658454,0.0,1,0.0102789043,0.9187885253,0.9711581428891545,Train
FURROA_clean,11.58923,10.47029,11.58875,1.00075,1596.28,1595.09,0.0,0.0,0.6602,0.659706,0.0,1,0.0101005749,0.9231421393,0.974017881563473,Train
FURRUG01_ion_b,7.84736,6.96591,7.84736,1.57752,739.057,468.494,0.0,0.0,0.4582,0.290456,0.0,1,0.0021363501,0.2151182516,0.22922927253491188,Train
FURRUG_ion_b,8.32809,6.43068,8.32781,1.55213,780.748,503.018,0.0,0.0,0.4718,0.30397,0.0,1,0.0046801328,0.4245721235,0.4196695755009221,Train
FURSES_clean,5.13622,4.08548,4.9972,1.59979,1236.67,773.017,0.0,0.0,0.4932,0.30829,0.0,1,0.029764313,1.7555614812,1.761577020662764,Test
FUSGOR_clean,5.22313,4.14656,5.21824,1.4906,1212.59,813.493,0.0,0.0,0.5048,0.338655,0.0,1,0.0298224056,1.8557571705,1.778838616883675,Train
FUSMEM_clean,10.20459,9.2057,10.20459,1.06882,1617.37,1513.23,0.0,0.0,0.6304,0.589811,0.0,1,0.0095013883,0.8694935348999999,0.874233435830867,Train
FUSMIQ_clean,10.44819,9.48819,10.44819,1.0407,1643.53,1579.26,0.0,0.0,0.6404,0.615354,0.0,1,0.0095964973,0.8819242801,0.8698600689124472,Train
FUSMOW_clean,10.54817,9.56428,10.54817,1.03431,1651.72,1596.94,0.0,0.0,0.643,0.621671,0.0,1,0.0100672868,0.8954535342000001,0.9073026347685182,Train
FUSMUC_clean,10.39839,9.40181,10.39839,1.04415,1643.14,1573.66,0.0,0.0,0.6396,0.612553,0.0,1,0.0102479939,0.9001352743000001,0.931853152152267,Train
FUSNAJ_clean,10.8347,9.87565,10.8347,1.0024,1663.43,1659.45,0.0,0.0,0.6588,0.657225,0.0,1,0.0109018682,0.958023362,1.0269419210818955,Train
FUSNEN_clean,10.85037,9.87705,10.85037,0.997622,1665.26,1669.23,0.0,0.0,0.6604,0.661974,0.0,1,0.0102028171,0.9466697262,0.9446285619500184,Train
FUSNIR_clean,11.70294,10.66498,11.70294,1.01253,1536.34,1517.33,0.0,0.0,0.6416,0.633661,0.0,1,0.0101148413,0.8870173666,0.956326280193015,Train
FUSQUH_clean,6.74859,4.59542,6.74676,1.05193,1186.33,1127.76,0.0,0.0,0.5202,0.49452,0.0,0,0.0324461748,1.934616611,2.1358586649728952,Test
FUTCAZ_clean,6.78768,5.03504,6.78768,0.817663,2795.18,3418.5,0.0,0.0,0.708,0.865883,0.0,1,0.0160751621,1.4815660249,1.5284736348957573,Train
FUTDII_clean,10.10622,8.60837,10.10622,0.871632,1521.24,1745.28,0.0,0.0,0.6404,0.734713,0.0,1,0.0225571636,1.8363982781,1.8820333172455705,Test
FUTKEL_manual,6.71846,5.39444,6.71589,0.983709,1614.06,1640.79,0.0,0.0,0.5708,0.580253,0.0,1,0.03011776,1.9692954576,2.1784187441739427,Train
FUTYEA_clean,5.60643,4.51803,5.59058,1.0369,2090.75,2016.34,0.0,0.0,0.6318,0.609316,0.0,1,0.0494168657,3.5392214958,3.3244765936243343,Test
FUTYOK_clean,6.0154,4.82285,5.99433,1.02626,1867.85,1820.05,0.0,0.0,0.6442,0.627713,0.0,0,0.0406613172,3.0286119782,2.9687615710483435,Train
FUTYUQ_clean,7.46662,4.79581,7.42523,1.0101,2335.64,2312.29,0.0,0.0,0.6514,0.644887,0.0,1,0.0416510708,3.2496258124,3.157200005184216,Train
FUTZAX_clean,6.70042,6.11185,6.67865,0.956816,2069.71,2163.12,0.0,0.0,0.6692,0.699403,0.0,1,0.0317834562,2.7641414139,2.6134323998419187,Train
FUTZEB_clean,5.24587,4.08263,5.23555,1.0782,1939.66,1798.98,0.0,0.0,0.611,0.566685,0.0,1,0.0568333452,3.731507201,3.4829270295431765,Test
FUTZOK_clean,4.72075,4.28777,4.72075,1.63519,1202.62,735.465,19.983,12.2206,0.5424,0.331705,0.0,1,0.0211546456,1.505194816,1.486192121114225,Test
FUTZOL_clean,9.30232,6.36524,9.14367,0.891296,2041.5,2290.48,0.0,0.0,0.6794,0.762261,0.0,1,0.0294803078,2.3538747197,2.2606491589374973,Test
FUVBAB_clean,5.41797,4.41204,5.39267,1.02127,2112.61,2068.61,0.0,0.0,0.6324,0.619229,0.0,1,0.0470699914,3.5777346968,3.2632818316371663,Test
FUVDEH06_clean,6.60161,5.99656,6.60161,1.76662,404.855,229.169,0.0,0.0,0.3004,0.170042,0.0,1,0.0050546214,0.3521565163,0.3549997064473316,Train
FUVDEH07_clean,6.60769,6.00286,6.60769,1.79524,402.026,223.94,0.0,0.0,0.2898,0.161427,0.0,1,0.0051153862,0.3460537015,0.35194598454608106,Train
FUVDEH08_clean,6.59075,5.99281,6.59075,1.83217,393.9,214.991,0.0,0.0,0.278,0.151733,0.0,1,0.0051594407,0.3287812976,0.35338920074933533,Train
FUVFUZ_clean,6.56118,5.97328,6.56118,1.8467,394.83,213.803,0.0,0.0,0.2718,0.147181,0.0,1,0.0051184245,0.3323284447,0.3452261259980831,Train
FUVGAG01_clean,6.51649,5.95918,6.51649,1.88251,388.784,206.525,0.0,0.0,0.2612,0.138751,0.0,1,0.0051493133,0.3247500572,0.329542617143729,Train
FUVGAG_clean,6.54806,5.98797,6.54806,1.86856,393.33,210.499,0.0,0.0,0.2642,0.141392,0.0,1,0.0052591963,0.3356988675,0.34860894519550034,Train
FUWFIO_clean,7.45171,4.92598,7.05573,1.06861,2012.96,1883.72,0.0,0.0,0.6538,0.611823,0.0,1,0.0223141685,1.9063513555,1.8442073753471284,Test
FUWXOL_SL,4.76594,4.4337,4.74254,1.49774,1245.43,831.539,0.0,0.0,0.5154,0.344119,0.0,0,0.1532392244,3.3703051541000004,3.473747000538091,Train
FUWYAY_clean,4.00169,3.86741,4.00169,1.98354,581.815,293.322,0.0,0.0,0.4022,0.202769,0.0,1,0.0175413931,1.0536877536,1.0533028731286778,Train
FUXCOS_clean,4.8198,4.16045,4.8198,1.4521,612.494,421.799,0.0,0.0,0.4284,0.295021,0.0,0,0.0280047493,1.2113380763,1.2948087799676777,Test
FUXXIH_clean,10.16266,8.68185,10.16266,0.899748,1582.07,1758.35,0.0,0.0,0.6434,0.715089,0.0,1,0.0168829899,1.3630590486,1.5193268450711215,Train
FUYCEJ_clean,4.90132,3.779,4.87424,0.834486,2400.21,2876.28,0.217355,0.260466,0.6646,0.796418,0.0,0,0.0611122338,4.3285292889,4.406903145218736,Train
FUYCIN_clean,11.38543,11.12419,11.3774,0.437316,1877.39,4292.99,0.0,0.0,0.832,1.90251,0.0,0,0.0205481402,1.970289428,1.9454437306369843,Test
FUYKER_clean,6.42799,4.66248,6.41167,1.2058,1179.26,977.987,0.0,0.0,0.5038,0.417814,0.0,1,0.0408337103,2.3720251602,2.1647689746705105,Test
FUZPUN_clean,4.74703,3.54387,4.71052,1.02013,1169.51,1146.44,0.0,0.0,0.5838,0.572282,0.0,0,0.04915479,2.9830798493,3.0042192476186345,Test
GACBOE_clean,6.66763,4.36115,6.66763,1.04515,2329.85,2229.2,0.0,0.0,0.6722,0.64316,0.0,1,0.0382649577,3.0077730345,3.0045725717057556,Train
GACPUX_clean,5.9525,3.77259,5.85811,1.02185,1638.86,1603.82,0.0,0.0,0.614,0.600871,0.0,1,0.0388848961,2.6627905697,2.797213236034934,Test
GACQAE_clean,8.56972,8.26373,8.56972,0.874357,2020.35,2310.67,0.0,0.0,0.694,0.793726,0.0,1,0.0298179095,2.3422680044,2.3139438798476406,Test
GACVIS_clean,7.02111,6.32962,7.02111,1.11473,2097.73,1881.83,0.0,0.0,0.6286,0.563903,0.0,1,0.0305374804,2.5516972973,2.3666943917525316,Test
GADDOH_clean,8.41895,4.83802,8.38301,1.2132,1718.46,1416.47,0.0,0.0,0.6166,0.508243,0.0,1,0.019537018,1.5696625824,1.614374351182171,Train
GADFAV_clean,5.86066,4.67676,5.86066,1.79494,889.419,495.515,0.0,0.0,0.4512,0.251373,0.0,1,0.0351870442,1.625772939,1.544856033680027,Train
GADMAA01_clean,8.25017,6.95114,8.25017,1.49914,1053.4,702.671,0.37233,0.248363,0.576,0.38422,0.0,1,0.0051573323,0.4673716468,0.45370425670166536,Train
GADMAA_clean,8.30223,7.00364,8.30223,1.50475,1042.04,692.502,0.0,0.0,0.5772,0.383584,0.0,1,0.0055026465,0.4838843824,0.45411238954095645,Train
GADNUX_clean,15.43787,6.70397,14.77017,0.729552,2339.56,3206.84,0.0,0.0,0.7494,1.02721,0.0,1,0.0336661201,2.6604227054,2.684612721885426,Train
GADRAH_clean,6.6659,5.14076,6.6659,1.16041,1633.36,1407.57,0.0,0.0,0.5642,0.486207,0.0,1,0.0273077186,2.1073967499,2.0599000371115066,Test
GAFROX_clean,10.38317,5.82029,10.02176,0.765244,2450.36,3202.06,0.0,0.0,0.7244,0.946626,0.0,1,0.0376365487,3.0044721873,2.955230210297678,Train
GAFRUD_clean,10.59453,5.69918,10.59344,0.768776,2454.62,3192.89,0.0,0.0,0.7144,0.929269,0.0,1,0.0329920628,2.6736447780000003,2.7455625447253302,Test
GAGQAI_clean,15.6839,9.81587,15.64212,0.743275,1280.66,1723.0,458.409,616.743,0.721,0.970032,0.0,1,0.0293324229,2.2615823366,2.2831838506561692,Test
GAGSUF_clean,13.27563,13.09101,13.27563,1.53244,1385.3,903.983,0.0,0.0,0.652,0.425465,0.0,1,0.0110207933,0.9478632204,0.9260487335719829,Train
GAGZEV_clean,28.66522,11.53771,28.66522,0.279149,1594.77,5712.98,0.0,0.0,0.8816,3.15817,0.0,1,0.0246348955,2.2714936931,2.3743966406202417,Test
GAHWIX_clean,10.08038,7.17794,10.08038,0.589363,2617.83,4441.79,0.0,0.0,0.7728,1.31125,0.0,1,0.0278576329,2.5004374998,2.494110893622178,Train
GAHXUL_clean,5.28974,3.50395,5.28106,1.05699,1056.2,999.25,0.0,0.0,0.5634,0.533021,0.0,1,0.027097541,2.0744056659,1.9483510636098964,Train
GAJYUN_clean,4.85568,4.28663,4.65881,1.5312,1091.56,712.879,0.0,0.0,0.5342,0.348877,0.0,1,0.0101501975,0.8181549590999999,0.8198160683550288,Train
GAJZAU_clean,4.80108,4.30234,4.80108,1.51624,1143.74,754.324,0.0,0.0,0.5456,0.359838,0.0,1,0.0099617509,0.8182945934999999,0.8027565878445488,Train
GAJZEY_clean,4.80464,4.28777,4.80464,1.53408,1142.39,744.678,0.0,0.0,0.5448,0.355132,0.0,1,0.0103306334,0.8235833261,0.8436373700121524,Train
GAJZIC_clean,4.74189,4.18269,4.74189,1.58149,1144.61,723.756,0.0,0.0,0.5442,0.344106,0.0,1,0.0104305458,0.8373704042,0.8538964740230399,Train
GAJZOI_clean,4.76043,4.22431,4.76043,1.6231,1140.51,702.673,0.0,0.0,0.5414,0.333559,0.0,1,0.0103386796,0.8385361935,0.8270280335774323,Train
GAJZUO_clean,4.67022,4.137,4.66388,1.35819,1115.52,821.33,0.0,0.0,0.5302,0.390373,0.0,1,0.0149575528,1.1216670341,1.16045559465856,Train
GAKBAX_clean,4.75047,4.21764,4.75047,1.60269,1138.62,710.445,0.0,0.0,0.5414,0.337808,0.0,1,0.0107468731,0.8569896459999999,0.8413014500822078,Test
GALCAZ_clean,7.51924,6.97754,7.50411,1.17363,1179.25,1004.78,0.0,0.0,0.5068,0.431822,0.0,1,0.025044189,1.9796983664,1.8912384168127168,Train
GALHOS_ion_b,10.40242,4.28813,10.40242,0.962357,1197.69,1244.54,67.8044,70.4566,0.5764,0.598946,0.0,0,0.0378542825,1.6455552836000005,1.7850040316100972,Train
GALJAG_clean,7.13587,6.98688,7.13339,0.8258,2198.4,2662.15,0.0,0.0,0.6726,0.814482,0.0,0,0.0379818158,2.9702780933,3.0877870345464418,Train
GAMFEI_clean,7.53059,4.20216,7.34521,1.13363,1510.82,1332.73,0.0,0.0,0.5782,0.510042,0.0,1,0.0243145284,1.5919805829,1.8683292606465685,Test
GAMXAV_clean,12.82817,4.31562,12.82817,0.868866,1783.25,2052.39,0.0,0.0,0.6754,0.777335,0.0,1,0.0314085435,2.3034722515,2.322034080663842,Train
GAPNOD_clean,6.6565,4.84778,6.65444,1.74449,1900.25,1089.29,0.0,0.0,0.644,0.369162,0.0,1,0.0130047255,1.0757580055,1.0623678980414468,Train
GAQYIH_clean,20.25844,8.96976,15.7736,0.559917,2127.26,3799.24,0.0,0.0,0.8486,1.51558,0.0,1,0.0090267658,0.8805397548999999,0.9347811286898747,Train
GARLAP_clean,5.58892,4.38006,5.58663,1.1363,1527.33,1344.12,0.0,0.0,0.5756,0.506555,0.0,1,0.052703379,2.960545725,2.9971230760849386,Test
GARLET_clean,5.53835,4.38226,5.51111,1.15379,1524.15,1321.0,0.0,0.0,0.573,0.496625,0.0,1,0.053964314,2.9637358307,2.9606367382323917,Test
GARLIX_clean,5.51894,4.34952,5.51894,1.16479,1506.37,1293.26,0.0,0.0,0.5712,0.49039,0.0,1,0.0551631292,2.957363129,2.9812893752369045,Train
GARLOD_clean,5.48563,4.3317,5.48563,1.18591,1487.56,1254.36,0.0,0.0,0.5682,0.479126,0.0,1,0.0564524191,2.9824890417,2.970791499415517,Test
GARLUJ_clean,5.47258,4.30508,5.46713,1.19194,1490.51,1250.49,0.0,0.0,0.5688,0.477205,0.0,1,0.0571628502,2.9857666814,2.9922895605271678,Train
GARMAQ_clean,5.4678,4.29561,5.44556,1.2061,1479.57,1226.74,0.0,0.0,0.5666,0.469779,0.0,1,0.0571953942,2.9884364452,2.9833963760753166,Train
GARQAU_clean,7.22233,4.73121,7.22233,1.05141,1110.85,1056.54,0.0,0.0,0.5324,0.50637,0.0,0,0.0483311298,2.5972226328,2.5757457371031682,Test
GARSUQ_clean,4.38052,3.88796,4.36788,1.61033,1121.78,696.613,0.0,0.0,0.4852,0.301304,0.0,1,0.0383121466,2.0040413222,2.0965972365922756,Test
GARTAX_clean,4.45838,3.94557,4.41836,1.61624,1125.98,696.667,0.0,0.0,0.4868,0.301193,0.0,1,0.0453268333,2.1976307317,2.2642071088573177,Train
GARTEB_clean,4.30272,3.79858,4.29463,1.63832,1104.37,674.089,0.0,0.0,0.4846,0.295792,0.0,1,0.0345797677,1.8475612637,1.9296403618850382,Train
GARTIF_clean,4.43647,3.87557,4.43647,1.65372,1132.95,685.091,0.0,0.0,0.471,0.284812,0.0,1,0.0402034878,2.0388703183000003,2.104973766625126,Test
GARTUR_clean,11.12255,10.84777,11.12255,1.34756,1641.0,1217.75,0.0,0.0,0.6774,0.502685,0.0,1,0.017235237,1.2648050473,1.5489213641097905,Test
GASSEB_clean,5.64924,4.02494,5.64854,0.918331,1776.39,1934.36,0.0,0.0,0.633,0.689294,0.0,1,0.0287889901,2.2355991342,2.294526799895379,Train
GASSUR_clean,7.13166,6.36797,7.11779,1.0643,1692.45,1590.2,0.0,0.0,0.616,0.578785,0.0,1,0.0401797881,3.0512957148,2.7867673430888926,Test
GAVYAG_clean,5.30344,3.91416,5.17667,1.18769,1076.26,906.183,0.0,0.0,0.5266,0.443383,0.0,1,0.1041925554,4.1903682974,3.7083216984290663,Train
GAWCUF_clean,5.14591,3.62459,5.10569,1.20211,1101.2,916.058,0.0,0.0,0.5036,0.418931,0.0,0,0.042749777,2.4143125158000003,2.2343081627428187,Test
GAWLIB_clean,7.30469,6.9637,7.3003,1.77656,565.048,318.057,10.6196,5.97759,0.4542,0.255662,0.0,1,0.0047100248,0.3888362722999999,0.4062505683040716,Train
GAWMOJ_clean,9.85959,7.82076,9.85959,0.707147,2014.24,2848.41,0.0,0.0,0.7242,1.02411,0.0,1,0.0214063216,1.936044562,1.9111967909202006,Train
GAXDIS10_clean,5.63603,3.80534,5.63603,1.31969,1996.73,1513.03,0.0,0.0,0.6636,0.502846,0.0,1,0.0075476561,0.6920313381000001,0.6963306374646268,Train
GAXKOH_clean,9.78617,8.86105,9.78617,0.959935,1692.37,1763.0,0.0,0.0,0.6186,0.644419,0.0,1,0.0190571642,1.5587410888,1.624190045145258,Train
GAXQIH_clean,5.17093,4.52481,5.06299,1.36553,783.142,573.505,0.0,0.0,0.4372,0.320168,0.0,0,0.0223799074,1.2950579289,1.2248278380475726,Train
GAYFUJ_clean,5.68191,5.17685,5.68191,1.29989,1899.11,1460.97,0.0,0.0,0.6252,0.480962,0.0,1,0.0325874205,2.3285209992,2.310320070541287,Train
GAYGAQ_clean_h,5.42545,4.61164,5.42545,1.32331,1222.55,923.858,0.0,0.0,0.5596,0.42288,0.0,1,0.0570079355,2.6092569616,2.560366582436524,Train
GAYPED_clean,9.58074,6.82289,7.89267,0.900136,2106.29,2339.97,0.0,0.0,0.6514,0.723668,0.0,1,0.0352162137,2.8196607733,2.6341122976128553,Test
GAYTEH_ion_b,7.25944,3.65684,7.23718,1.37181,1135.72,827.897,0.0,0.0,0.497,0.362294,0.0,1,0.0127067334,1.0000840917,0.9706262365707049,Test
GAZLAW_clean,5.89078,3.42545,5.89078,1.13599,1083.97,954.205,0.0,0.0,0.5156,0.453877,0.0,0,0.028424923,1.8992154167,1.842482357402598,Test
GEBCAT_clean,7.82822,4.28279,7.82194,1.50818,1191.52,790.035,0.0,0.0,0.4616,0.306064,0.0,1,0.0072390345,0.6505031735,0.6731328154503771,Train
GEDDAW_clean,10.55388,8.11262,10.55388,0.996818,2113.88,2120.63,0.0,0.0,0.7028,0.705043,0.0,1,0.0118462818,1.0966971218,1.0835534181929818,Train
GEDDEA_clean,10.13591,3.81582,10.13591,1.29721,1601.1,1234.26,0.0,0.0,0.591,0.455593,0.0,1,0.0214161053,1.4564884822,1.6263019977531594,Train
GEDQIR_clean,6.54643,4.98654,6.54643,1.05474,2262.59,2145.17,0.0,0.0,0.6334,0.600529,0.0,1,0.0332099016,2.4984300669,2.5150404297669384,Train
GEDQOX_clean,6.45005,4.67913,6.43264,1.07947,2326.66,2155.37,0.0,0.0,0.632,0.585473,0.0,1,0.0395878407,2.7841629626,2.830660195800532,Train
GEDRAK_clean,5.77362,3.92842,5.19693,1.15636,2398.21,2073.93,0.0,0.0,0.6018,0.520425,0.0,1,0.0478620478,3.1281423034,3.183737809151618,Train
GEDROY_clean,5.0096,3.45081,4.98262,1.23925,1556.79,1256.24,20.5089,16.5495,0.5694,0.459473,0.0,1,0.0335139768,2.5006334661,2.464236109489602,Train
GEDRUE_clean,6.04452,4.23776,6.03554,1.11864,2304.55,2060.12,0.0,0.0,0.6118,0.546912,0.0,1,0.0455539795,2.9914077841,3.0474256449506787,Test
GEDSAL_clean,5.44628,3.82645,5.44628,1.17011,2237.72,1912.41,0.0,0.0,0.5966,0.509868,0.0,1,0.0491868377,3.1691527271,3.1930864028145898,Train
GEDSEP_clean,4.82283,3.73359,4.81042,1.38544,1023.08,738.448,0.0,0.0,0.5156,0.372155,0.0,1,0.0794521704,3.0672568246,2.9756995887222946,Train
GEDSOZ_clean,6.10424,4.23086,6.10424,1.10708,2330.43,2105.02,0.0,0.0,0.618,0.558223,0.0,1,0.0442841981,2.9813664264,3.0163753596091594,Train
GEDSUF_clean,6.8646,4.02613,6.8646,1.20789,1460.83,1209.4,0.0,0.0,0.5606,0.464115,0.0,1,0.0548033281,2.590144442,2.742595560523721,Train
GEDTAM_clean,6.16288,4.28316,6.16288,1.08963,2317.05,2126.45,0.0,0.0,0.629,0.577258,0.0,1,0.0412610183,2.863808509,2.8643847195260084,Test
GEFYUN_clean,6.73786,6.27962,6.66229,1.04811,1399.46,1335.23,0.0,0.0,0.5478,0.522657,0.0,0,0.0156969814,1.1616953181,1.3384097425554786,Test
GEFZAU_clean,6.43441,5.83045,6.43102,0.991134,1373.29,1385.58,0.0,0.0,0.5466,0.55149,0.0,0,0.0151478739,1.1339487921,1.264579863088851,Train
GEGDED_clean,10.73095,6.57358,10.72652,0.838883,2111.23,2516.71,0.0,0.0,0.6964,0.830152,0.0,1,0.0506268097,2.6008034277000003,2.7928676338720844,Test
GEGGEG01_clean,4.4734,3.53731,4.46972,1.51151,780.594,516.434,0.0,0.0,0.4522,0.299171,0.0,1,0.0869282344,2.4409327871,2.4793996518220833,Train
GEGGIK01_clean,4.44976,3.51616,4.44506,1.53378,754.006,491.601,0.0,0.0,0.45,0.293393,0.0,1,0.0904974572,2.4636029365,2.483792513854108,Train
GEGGIK_clean,4.4635,3.52722,4.4561,1.51854,764.891,503.702,0.0,0.0,0.4512,0.297128,0.0,1,0.0892617635,2.4504812379,2.496964917453277,Train
GEGGUW_clean,4.63719,3.51738,4.44195,1.53214,779.383,508.688,0.0,0.0,0.4588,0.29945,0.0,1,0.0915846729,2.4637582828,2.5432141762017073,Train
GEGHAD_clean,4.65392,3.51526,4.65392,1.53055,804.048,525.333,0.0,0.0,0.4664,0.304727,0.0,1,0.0890789218,2.4721294563,2.447884689875627,Train
GEJJEL01_clean,4.95342,3.83497,4.95342,1.99384,910.263,456.538,0.0,0.0,0.4388,0.220078,0.0,1,0.0089668057,0.6534725653,0.6814939555380184,Train
GEKVEZ_clean,4.60932,3.49419,4.2137,1.75988,1163.32,661.023,0.0,0.0,0.526,0.298883,0.0,1,0.004815214,0.4376090687,0.43443917774865937,Train
GEPDEM_clean,4.09249,3.45067,4.09249,1.44433,525.305,363.701,0.0,0.0,0.487,0.33718,0.0,1,0.0198662361,1.2002581322,1.2702447495017255,Test
GERNOI_clean,6.93892,3.80818,6.45255,1.05982,1273.96,1202.05,0.0,0.0,0.5412,0.510651,0.0,0,0.0299310692,2.2277978308,2.1229538195620354,Train
GERPUP_clean,8.51519,7.38328,8.51519,1.47529,1095.68,742.686,1.06498,0.721878,0.5678,0.384873,0.0,1,0.0043766511,0.4061344014,0.40075409524082506,Train
GERWEH_clean,9.16485,6.64251,9.16485,1.11428,1571.66,1410.47,39.9079,35.815,0.625,0.560902,0.0,1,0.0599842185,2.6153390075,2.670401290528344,Train
GESDUF_clean,7.63383,7.44692,7.63383,1.05439,936.707,888.384,0.0,0.0,0.5408,0.512901,0.0,1,0.0074224431,0.6743929269,0.6530787886431861,Train
GESFAN_clean,7.57798,7.34904,7.57798,1.05603,938.983,889.166,0.0,0.0,0.5286,0.500556,0.0,1,0.0071731288,0.6631386282,0.6606129406775558,Train
GESNOI_clean,6.41874,3.48818,6.41739,1.68473,668.393,396.736,0.0,0.0,0.4826,0.286455,0.0,1,0.022896399,1.3617870396,1.2850386968656342,Train
GEVXIQ_clean,5.46888,4.61181,5.39982,1.67855,1326.24,790.111,0.0,0.0,0.5498,0.327545,0.0,1,0.0082888447,0.6850715344,0.7019225122486388,Train
GEWXAJ_clean,4.82967,4.48576,4.82967,1.6967,607.999,358.342,0.0,0.0,0.4016,0.236695,0.0,1,0.0318742523,1.1339011076,1.2118676404457434,Train
GEZRAG_clean,7.97174,5.12774,7.97032,1.15353,2068.35,1793.06,0.0,0.0,0.6172,0.535054,0.0,1,0.0152382299,1.4038783685,1.373425801977567,Train
GEZYOB_clean,5.97203,4.53159,5.97203,1.47469,1908.41,1294.11,0.0,0.0,0.5414,0.367128,0.0,0,0.0160070336,1.3224684047,1.2899063101621082,Test
GIDKOU_clean,4.78674,3.41448,4.67256,1.74547,701.395,401.837,0.0,0.0,0.4798,0.274883,0.0,1,0.1097360049,2.3019430899,2.354944632376153,Train
GIFKEL_clean,4.63167,4.31957,4.63167,1.28045,1230.74,961.183,0.0,0.0,0.5428,0.423914,0.0,1,0.0341335341,2.0800695893,2.153202667636436,Test
GIKQIC_clean,3.78387,3.47181,3.77533,1.63861,422.447,257.809,0.0,0.0,0.4372,0.266812,0.0,1,0.0189062223,1.2103489320999998,1.115049396683248,Test
GIMSIG_clean,8.71143,5.70228,8.71143,1.44846,1502.61,1037.38,0.0,0.0,0.5786,0.399459,0.0,1,0.0254614152,1.9451855963,1.83576608266115,Train
GINLIA_clean,6.39385,4.60431,6.39349,0.877136,2189.88,2496.63,0.0,0.0,0.6554,0.747205,0.0,1,0.0545818125,3.6190647614,3.7689247006828905,Test
GIQXEK_clean,5.02308,3.9389,5.02308,1.70666,1611.03,943.967,0.0,0.0,0.591,0.34629,0.0,1,0.0185076293,1.3957198080000002,1.399018245402099,Train
GIQXIO_clean,4.89641,3.86855,4.89641,1.80531,1632.56,904.31,0.0,0.0,0.5842,0.323601,0.0,1,0.0200412632,1.5117538096,1.4369168140029713,Test
GIQXOU_clean,4.81089,3.81392,4.81089,1.85808,1583.35,852.141,0.0,0.0,0.5814,0.312903,0.0,1,0.0214749374,1.6055559722,1.5367508512227248,Train
GIQXUA_clean,4.89316,3.86869,4.89316,1.79298,1637.93,913.522,0.0,0.0,0.5838,0.325603,0.0,1,0.0201844825,1.5437472112,1.4691969459661935,Train
GIQYAH_clean,4.79715,3.78414,4.66858,1.84797,1560.79,844.598,0.0,0.0,0.5808,0.31429,0.0,1,0.0206427554,1.5870676297,1.5461446231315776,Train
GIQYEL_clean,5.04966,3.95603,5.04926,1.69109,1647.45,974.192,0.0,0.0,0.5932,0.35078,0.0,1,0.0177994675,1.3955132997,1.3600872040040501,Test
GIQYIP_clean,4.93593,3.90727,4.93593,1.7362,1686.39,971.31,0.0,0.0,0.5894,0.339477,0.0,1,0.0197386944,1.5378153257,1.4727593126505174,Train
GIQYOV_clean,4.65103,4.01588,4.65103,1.69435,1544.77,911.715,0.0,0.0,0.5744,0.339009,0.0,1,0.0130861048,1.0781155367,1.0823750233444605,Train
GIQYUB_clean,4.85877,3.85756,4.85723,1.80735,1636.84,905.654,0.0,0.0,0.586,0.324231,0.0,1,0.0199860261,1.562105189,1.4556381605969038,Test
GIRDUI_clean,4.42025,3.76528,4.4179,1.33231,513.764,385.618,0.0,0.0,0.4442,0.333405,0.0,1,0.0242250851,1.3149745879,1.348598196310899,Train
GIRXUC_clean,9.02646,6.62876,9.00319,0.768463,2450.96,3189.43,0.0,0.0,0.7778,1.01215,0.0,1,0.015156421,1.543162242,1.4484797496855,Train
GIRYAJ_clean,11.11776,6.67504,11.11673,0.856122,2399.62,2802.89,0.0,0.0,0.7336,0.856887,0.0,1,0.0202921258,1.8706435863,1.7944377057980423,Train
GIRYEN_clean,4.46145,3.72288,4.46145,1.49644,287.06,191.829,0.0,0.0,0.4038,0.269841,0.0,1,0.0369562339,1.0124235148,1.068439233275909,Test
GIRYUD_clean,4.50395,3.69554,4.50367,1.50379,303.721,201.971,0.0,0.0,0.4016,0.267059,0.0,1,0.040152471,1.0210105738,1.0725646773368074,Train
GIRZAK_clean,4.21373,3.61145,4.21373,1.53199,237.412,154.969,0.0,0.0,0.4018,0.262273,0.0,1,0.0316221757,0.9537625194,1.0143184773970657,Train
GISMAY_clean,7.56113,5.5145,7.12706,1.15475,978.763,847.594,187.52,162.389,0.5516,0.477677,0.0,1,0.0304287909,2.0963804501,1.9468550392632473,Train
GISNED_clean,16.88394,10.60987,16.88394,0.446812,2036.44,4557.7,0.0,0.0,0.8226,1.84104,0.0,0,0.0203311338,1.9702829311,1.8800938202353676,Test
GISZUD_clean,6.49431,5.39638,6.48428,1.08851,2690.71,2471.91,0.0,0.0,0.726,0.666964,0.0,1,0.0086960013,0.8154797732,0.7942253538552757,Train
GISZUF_clean,5.98913,5.07662,5.983,1.31215,1025.01,781.164,0.0,0.0,0.5226,0.398277,0.0,1,0.0237955247,1.6000708394999998,1.553552546448835,Test
GITPIK_clean,6.71051,5.85889,6.69498,1.05932,1949.1,1839.96,0.0,0.0,0.6024,0.568668,0.0,1,0.0366598752,2.4001176453,2.6345935763303765,Test
GITTUZ_clean,10.85901,8.03964,10.85901,1.03314,1392.4,1347.74,0.0,0.0,0.6084,0.588883,0.0,0,0.0234027077,1.6596369363,1.767846661732654,Train
GITVEL01_clean,15.27666,13.37931,15.27666,0.777112,1815.11,2335.71,0.0,0.0,0.723,0.930368,0.0,0,0.0180529564,1.5136476866,1.5489980100549468,Train
GITVEL_clean,15.24588,13.37948,15.24588,0.777112,1827.71,2351.93,0.0,0.0,0.724,0.931654,0.0,0,0.0184693015,1.51292524,1.5824711275423302,Train
GITWIQ_clean,5.04878,3.9878,4.84113,1.55276,984.517,634.043,0.0,0.0,0.443,0.285298,0.0,0,0.0329700887,1.6217913383000002,1.6823705799457036,Test
GIVHIC_clean,5.68256,4.14915,5.67478,1.01525,1315.17,1295.41,0.0,0.0,0.5352,0.527158,0.0,0,0.0833287039,4.0571376541,3.7972226148739705,Train
GIVNIK_clean,7.21449,5.67473,7.21449,0.867445,2262.97,2608.78,0.0,0.0,0.6652,0.76685,0.0,1,0.0185708677,1.7021732425,1.6635839766949336,Train
GIVNOQ_clean,7.18513,5.72761,7.17339,0.897407,2341.84,2609.57,0.0,0.0,0.648,0.72208,0.0,1,0.0231359058,1.9469917091,2.0480939689217705,Train
GIWCAR_ion_b,6.05356,4.17814,6.05356,1.07197,1658.11,1546.78,2.02848,1.89228,0.5834,0.544229,0.0,1,0.0296971095,2.2593208281,2.1449824968986744,Train
GIWCIZ_ion_b,5.12494,3.68789,4.86231,1.25758,738.946,587.595,101.966,81.0816,0.492,0.391229,0.0,1,0.0429828368,1.9399686867,1.9991906963569097,Test
GIWCOF_ion_b,6.18603,4.18536,6.1755,1.09485,1872.24,1710.03,0.0,0.0,0.5864,0.535596,0.0,1,0.0319772662,2.2551640361,2.293500245830745,Train
GIXGOK_clean,17.36935,5.40179,17.36935,1.04037,1505.92,1447.48,0.0,0.0,0.6542,0.628815,0.0,0,0.0132404796,0.9191225471,0.9964007105558549,Train
GIXNAE_clean,7.22845,6.88703,7.22003,0.852646,2024.04,2373.83,0.0,0.0,0.6572,0.770777,0.0,0,0.0231962276,2.0261091211,2.1169836296390083,Test
GIYSEN_clean,5.42608,5.04414,5.4195,1.45199,958.497,660.129,0.0,0.0,0.4968,0.342152,0.0,0,0.0261956955,1.3205339533,1.4527516783928376,Test
GIYSIR_clean,5.35034,4.96809,5.33586,1.46578,931.664,635.609,0.0,0.0,0.4966,0.338795,0.0,0,0.0263575175,1.331365543,1.4356447027865116,Train
GIYSOX_clean,5.41931,4.91867,5.41931,1.46994,924.604,629.008,0.0,0.0,0.4898,0.333211,0.0,0,0.0264024681,1.2864029834,1.4265051888110194,Train
GIYSUD_clean,5.72746,4.12193,5.64984,1.21514,2074.82,1707.48,0.0,0.0,0.605,0.497886,0.0,1,0.0301441269,2.0202392003,2.182820965089573,Train
GIYTAK_clean,5.85565,4.3241,5.81433,1.11314,2290.27,2057.49,0.0,0.0,0.6456,0.579983,0.0,1,0.0287723851,1.9874257352,2.252986440335442,Train
GIYTIS_SL,6.15959,5.08946,6.15959,0.966844,2140.02,2213.41,0.0,0.0,0.6424,0.66443,0.0,1,0.0325226017,2.3445842729,2.5497801750761133,Train
GIZXET_clean,4.75858,3.81827,4.66708,0.984908,1381.16,1402.32,0.0,0.0,0.5818,0.590715,0.0,0,0.0835679938,4.2415246053,4.195476546674445,Train
GOBGAG_clean,17.26438,5.3381,17.26438,1.05121,1516.89,1443.0,0.0,0.0,0.6532,0.621382,0.0,0,0.013477228,0.9279032974,1.000777138654116,Train
GOBSUM_clean,5.27749,3.98975,5.17779,1.10089,1767.3,1605.34,0.0,0.0,0.5602,0.508863,0.0,1,0.0376420326,2.4675969569,2.49826268786784,Test
GOGSIF_clean,8.22407,5.82511,8.22407,0.843093,1913.32,2269.41,1.31012,1.55395,0.6484,0.769073,0.0,1,0.0201535123,1.6077895096,1.701993699371321,Test
GOGWAB_clean,4.95936,4.07145,4.95936,1.0628,2097.01,1973.11,0.0,0.0,0.6348,0.597292,0.0,1,0.078228355,4.7193825876,4.795349936584746,Train
GOGWEF_clean,4.59875,4.17002,4.59043,0.999501,2126.38,2127.44,0.0,0.0,0.617,0.617308,0.0,1,0.0624805505,4.1835772243000005,4.2222421867139595,Train
GOJDOZ_clean,4.79892,4.35574,4.79892,2.78878,865.091,310.204,296.77,106.416,0.5306,0.190263,0.0,1,0.0096354476,0.742379958,0.7588417682229771,Train
GOKBUE_clean,6.09249,4.54759,6.09249,1.63047,1317.37,807.969,0.0,0.0,0.5592,0.342968,0.0,1,0.009532211,0.761220621,0.7670857216008133,Train
GOMFOF_clean,14.8276,14.77034,14.8276,0.887088,1281.1,1444.16,0.0,0.0,0.6208,0.699818,0.0,1,0.0125431903,1.1184342343,1.067269640635455,Train
GOMREG_clean,5.38381,3.63961,5.38381,1.86675,886.646,474.968,0.0,0.0,0.4612,0.247061,0.0,0,0.2268499644,2.5037503326,2.8022041136957636,Train
GONNAA_clean,7.09205,5.80307,7.09205,0.944258,2774.42,2938.2,0.0,0.0,0.7154,0.757632,0.0,1,0.0190226727,1.6429795123,1.7465131932194533,Test
GOPTIQ_clean,6.68622,4.50914,6.67956,0.770633,1838.89,2386.21,0.0,0.0,0.6402,0.830746,0.0,1,0.0379851189,2.7757841135000003,2.952694948274182,Test
GOQSIQ_clean,8.1775,6.04263,8.04141,1.00533,1638.23,1629.55,0.0,0.0,0.6412,0.637802,0.0,0,0.0383805667,2.1506564425,2.9338859737261056,Test
GOQXAN_clean,6.22843,5.8492,6.22773,1.32869,1398.1,1052.24,0.0,0.0,0.556,0.418457,0.0,1,0.0293617205,2.2335733636,2.022273900057141,Train
GORQAF_clean,6.72825,5.09275,6.72825,1.1538,2875.75,2492.42,0.0,0.0,0.7648,0.662854,0.0,0,0.006298669,0.5924250650999999,0.6048682378188639,Train
GOSBOH_clean,10.37122,8.95436,10.37122,0.787001,1611.54,2047.69,0.0,0.0,0.6654,0.845489,0.0,1,0.0138182565,1.3286329695,1.302394676668889,Train
GOSDID_clean,7.82021,4.59261,7.82021,1.06883,1472.28,1377.47,0.0,0.0,0.5676,0.531048,0.0,1,0.0374860272,2.3234411426,2.4286674373467045,Train
GOSKEG_clean,7.10002,5.21425,6.59335,0.943193,1754.71,1860.4,1.38955,1.47324,0.6182,0.655433,0.0,1,0.0532474042,3.1951905794,3.082829861291885,Test
GOTDIE_clean,4.73101,4.56435,4.72097,1.48128,186.327,125.788,8.43694,5.69572,0.3958,0.267202,0.0,0,0.0071180451,0.3951191601,0.40759801912432625,Train
GOTNEK_clean,6.68492,5.17244,6.67225,1.16398,1342.18,1153.1,0.0,0.0,0.5428,0.466332,0.0,1,0.0771172874,2.3865339933,2.5880503722432824,Train
GOVHOQ_clean,5.0786,4.57892,5.0786,2.10255,403.599,191.957,0.0,0.0,0.3698,0.175882,0.0,0,0.0043471016,0.3064694832999999,0.2689085280133414,Train
GOVWOF_clean,15.42527,11.20267,15.42527,0.794433,1878.77,2364.92,0.0,0.0,0.6966,0.876851,0.0,1,0.0406072261,2.5486424259,2.581646691727226,Test
GOVXIA_clean,6.67259,5.28318,6.67068,1.1406,1107.96,971.384,0.0,0.0,0.4988,0.437316,0.0,1,0.0277391122,1.8534781342,1.7675231405545884,Test
GOZNAM_clean,6.30239,4.60575,6.30081,0.99242,2117.8,2133.98,0.0,0.0,0.6346,0.639447,0.0,1,0.0172264234,1.5175542869,1.5331787810837887,Train
GOZNEQ_clean,6.09971,4.27883,6.09943,0.947205,2272.9,2399.59,0.0,0.0,0.644,0.679895,0.0,1,0.0190770232,1.6899428432,1.6705787838957078,Test
GUANZS_clean,5.10287,4.04623,5.10287,1.31647,2066.97,1570.09,0.0,0.0,0.6518,0.495113,0.0,0,0.0218418151,1.7467169169,1.790892367464537,Test
GUBBAG_clean,6.17269,4.47662,6.08707,1.25773,1864.63,1482.53,0.0,0.0,0.6658,0.529365,0.0,1,0.0062889483,0.5688963194,0.5864227622491063,Train
GUBKUL_clean,8.78437,8.58193,8.78437,1.65394,1300.1,786.066,0.0,0.0,0.597,0.360957,0.0,1,0.0195863626,1.1970586343,1.4233585466863796,Test
GUBVUU_clean,6.86464,4.18996,6.61474,0.930991,1654.01,1776.62,0.0,0.0,0.6014,0.645979,0.0,1,0.0372926024,2.7689749983,2.7770915592197634,Train
GUBZAF_clean,8.48171,3.92126,8.48171,0.891092,1361.54,1527.95,0.0,0.0,0.6076,0.68186,0.0,1,0.0156305125,1.416602306,1.4298951215786073,Train
GUCHUJ_clean,4.84299,3.46778,4.84299,1.43835,1253.58,871.544,0.0,0.0,0.5374,0.373624,0.0,1,0.0542608948,2.7819891076,2.7589212270842705,Test
GUCJAQ_clean,5.76197,4.68972,5.75144,1.29019,1221.31,946.616,0.0,0.0,0.4888,0.37886,0.0,0,0.0399021927,1.8466676279,2.0830924529706905,Train
GUDJOG_clean,7.68451,4.9879,7.6811,1.00363,1922.96,1916.01,0.0,0.0,0.6122,0.609987,0.0,1,0.03125589,2.4158369904,2.4005909829630347,Test
GUFBOA_clean,5.81423,4.04124,5.79708,1.35939,665.654,489.672,0.0,0.0,0.4506,0.331473,0.0,1,0.0366564512,1.5584122063,1.5155078691708974,Train
GUFBUG_clean,6.13698,5.34529,5.96708,1.2615,1111.92,881.432,0.0,0.0,0.517,0.40983,0.0,0,0.0622823483,2.5169656814,2.5439965885579943,Train
GUFREF_clean,4.21553,3.44252,4.2138,1.21319,638.089,525.958,0.0,0.0,0.4724,0.389386,0.0,0,0.0305613744,1.4336240123,1.5103229269341427,Train
GUFXEM_clean,6.06791,4.72083,6.0579,1.2094,1573.94,1301.42,0.0,0.0,0.5582,0.461552,0.0,1,0.0381720552,2.5096978331,2.494759024854259,Train
GUGNON_clean,5.28957,4.33779,5.28957,0.956875,1608.61,1681.11,0.0,0.0,0.5938,0.620562,0.0,1,0.0408959102,2.7077862881,2.8376898109374133,Test
GUHMIH_clean,13.3149,6.32995,13.3149,0.498432,2835.47,5688.77,0.0,0.0,0.778,1.5609,0.0,1,0.0234431811,2.2673397815,2.2728731723472357,Train
GUHNUU_clean,8.22186,5.12827,8.22186,0.946932,1929.01,2037.11,0.0,0.0,0.6218,0.656647,0.0,1,0.028478631,2.3364474457,2.2597050831224728,Test
GUHPAC_clean,8.2386,5.1093,8.2386,0.972915,1925.54,1979.14,0.0,0.0,0.6264,0.643838,0.0,1,0.0285841665,2.3385301319,2.242206745983462,Test
GUHPEG_clean,5.72092,4.53231,5.72092,1.21796,1067.45,876.424,0.0,0.0,0.5332,0.437781,0.0,1,0.0308792285,1.8635283351,1.8517986181893888,Test
GUJREK01_clean,6.68707,6.10275,6.68707,1.23624,984.626,796.47,83.5539,67.5873,0.5306,0.429206,0.0,1,0.0193743575,1.5179549388999998,1.3816472432595948,Test
GUJREK_clean,6.69718,6.09535,6.69718,1.23624,986.103,797.665,80.349,64.9948,0.5296,0.428397,0.0,1,0.0190456322,1.4951008616,1.4043680609009375,Train
GUKFEY_clean,5.44718,4.31032,5.44265,0.953017,1818.67,1908.33,0.0,0.0,0.6068,0.636715,0.0,1,0.0510904806,3.527443399,3.3638182918223087,Train
GUKYUI_clean,4.85912,4.51007,4.85912,1.20599,627.214,520.082,14.592,12.0996,0.4608,0.382092,0.0,0,0.0120668152,0.8075008263,0.8186784437939376,Test
GUKZAO_clean,6.06489,4.97271,6.06019,1.23962,1992.38,1607.25,0.0,0.0,0.6032,0.486602,0.0,1,0.0337455268,2.4041252798,2.399694869936827,Test
GULBAR_clean,4.47722,3.75995,4.47722,1.44705,840.737,581.002,0.0,0.0,0.4724,0.326458,0.0,1,0.0770863216,2.4770309756,2.625633416897205,Train
GULCAS_clean,4.32787,3.5712,4.32787,1.83607,854.103,465.181,0.0,0.0,0.4892,0.266439,0.0,1,0.0689750189,2.5826490292,2.527814586417794,Train
GULPIN_clean,4.25802,3.49743,4.22359,1.39734,591.978,423.648,0.0,0.0,0.4574,0.327337,0.0,1,0.036390564,1.6296104441,1.717195933412809,Train
GULVUF_clean,16.10036,15.32514,16.09835,0.674334,1617.68,2398.93,0.0,0.0,0.7312,1.08433,0.0,0,0.0226706276,1.8444140669,1.953855274022409,Train
GULWAM_clean,8.69308,7.48414,8.68762,0.756867,2252.53,2976.13,0.0,0.0,0.7044,0.930679,0.0,0,0.0269681642,2.1992216843,2.3879375210829368,Test
GULWEQ_clean,15.98104,7.52003,15.97479,0.734572,1758.78,2394.29,252.635,343.921,0.7614,1.03652,0.0,1,0.0210057207,1.8498824448,1.8458806715361447,Train
GULWIU_clean,11.05938,6.30446,11.02908,0.918977,2242.53,2440.24,0.0,0.0,0.738,0.803067,0.0,1,0.0178919984,1.5556983015,1.5618519790039995,Train
GULWOA_clean,7.6136,7.16835,7.6136,1.27683,1846.33,1446.03,0.0,0.0,0.6334,0.496073,0.0,1,0.0109830286,0.9741176964,1.0165803035752994,Train
GUMDEZ_clean,5.27869,4.82624,5.26972,1.35338,1171.24,865.416,0.0,0.0,0.5066,0.374323,0.0,0,0.1678268012,3.339898238,3.5017906579748592,Train
GUNFAW01_neutral,9.61074,7.33598,9.61074,0.662989,2371.82,3577.46,0.0,0.0,0.7958,1.20032,0.0,0,0.0094889315,0.9507462974,0.9278781817166497,Train
GUNZIA_clean,5.83475,4.30482,5.82509,1.2153,836.856,688.601,251.586,207.016,0.5296,0.435778,0.0,0,0.04946671,2.410310592,2.249018777755898,Test
GUPBEZ02_clean,23.87093,10.84779,23.87093,0.911245,1630.75,1789.58,0.0,0.0,0.8024,0.880553,0.0,1,0.0055328927,0.5380945240999999,0.5429459752134955,Train
GUPBUP_SL,12.69031,3.67391,12.69031,0.919646,1552.86,1688.54,0.0,0.0,0.6966,0.757465,0.0,0,0.0080520089,0.7748490645999999,0.7922877761889546,Train
GUPCAW_clean,13.64672,8.62891,13.57643,0.814725,1868.84,2293.83,0.829839,1.01855,0.7426,0.911474,0.0,0,0.0093120656,0.8801953828,0.8675380778115054,Train
GUPDEB_clean,20.68684,7.65386,20.68684,0.945467,1548.81,1638.15,1.11326,1.17747,0.7196,0.761105,0.0,0,0.0095385485,0.8652516655,0.8237106243988959,Train
GUPREQ_clean,6.00262,3.86824,5.65571,1.31,1012.28,772.734,0.0,0.0,0.4954,0.378168,0.0,1,0.029782484,1.7566076293,1.7077297880285398,Test
GUQWOG_clean,7.33297,4.64507,7.06229,0.957966,1896.24,1979.44,0.0,0.0,0.6126,0.63948,0.0,0,0.0356410032,2.6494973946,2.7273286198422233,Train
GURPIT_clean,9.17432,7.72525,9.0966,0.709696,2365.23,3332.74,0.0,0.0,0.7732,1.08948,0.0,0,0.0096283229,0.9664569484,0.9422729723357909,Train
GURPUF_clean,9.46604,8.41122,9.46604,0.69659,2357.29,3384.04,0.0,0.0,0.789,1.13266,0.0,0,0.0099206295,0.967885759,0.9736182769730786,Train
GUSJOU_clean,6.46175,4.9377,6.46175,1.4824,1450.9,978.754,0.0,0.0,0.5424,0.365894,0.0,1,0.0251129372,1.7253727554,1.7668287407213286,Test
GUSMAJ_clean,4.67375,3.80751,4.66389,1.32281,575.521,435.074,0.0,0.0,0.4708,0.355908,0.0,0,0.0527703704,1.8417975768,2.0440004452661356,Test
GUTYIE_clean,5.62453,4.16158,5.60554,1.07616,1629.52,1514.21,0.0,0.0,0.6326,0.587833,0.0,0,0.0532684297,3.0301357651,3.2318338303640184,Train
GUVBOQ_clean,8.83128,4.93156,8.81323,1.43518,1000.0,696.779,0.0,0.0,0.4548,0.316894,0.0,1,0.0272269794,1.2503198079,1.5485903934666398,Test
GUVCOP_clean,5.74545,3.94509,5.74323,1.37815,1848.48,1341.28,0.0,0.0,0.614,0.445526,0.0,1,0.014511094,1.1734583182,1.216814516524606,Test
GUVKUE_clean,8.21847,7.49363,8.20971,1.22679,2052.71,1673.24,0.0,0.0,0.664,0.54125,0.0,0,0.0184237435,1.5945780924,1.556396486019885,Test
GUVLAL_clean,8.46005,7.97124,8.46005,1.21092,2060.95,1701.98,0.0,0.0,0.6704,0.55363,0.0,1,0.0195231379,1.6272373475,1.6837051156326222,Test
GUVZII_clean,11.49557,10.72535,11.49539,1.14498,1547.17,1351.26,0.0,0.0,0.6402,0.559135,0.0,1,0.0201073988,1.8363074019,1.7418743855994376,Test
GUWDUY_clean,6.18049,4.11372,6.17321,0.97822,1677.34,1714.69,0.0,0.0,0.6008,0.614177,0.0,0,0.0356548301,2.383280699,2.697696807825204,Test
GUXJUF_clean,4.84037,3.9654,4.82716,1.41449,886.753,626.908,0.0,0.0,0.4542,0.321106,0.0,1,0.0112949686,0.8206967039,0.8650354290207825,Test
GUXPOF_clean,5.62972,5.12114,5.55282,1.20445,928.209,770.649,0.0,0.0,0.499,0.414297,0.0,1,0.0143082398,1.0574591034999998,1.0405126920454006,Test
GUXSEY_clean,6.24254,3.72061,6.24254,1.49869,1194.16,796.807,0.0,0.0,0.5316,0.354711,0.0,0,0.0693826452,3.2219834726,3.1146556538988683,Train
GUXSIC_clean,6.13867,3.70141,6.13867,1.60239,1120.27,699.126,0.0,0.0,0.517,0.322643,0.0,0,0.0728787728,3.1643766546,2.912500657390525,Train
GUXZIJ_clean,5.81008,4.95296,5.55484,2.37336,1506.6,634.795,0.0,0.0,0.5624,0.236964,0.0,1,0.0202617548,1.3594067865,1.347194943503529,Test
GUXZUV_clean,6.58785,4.88173,6.58785,1.68165,1430.07,850.397,0.0,0.0,0.5722,0.340261,0.0,1,0.0339239435,2.1350680355,2.0641551915026772,Train
GUYBAE_clean,5.86532,5.19351,5.73822,2.36156,1533.32,649.284,0.0,0.0,0.5552,0.235099,0.0,1,0.0202320894,1.3347989052,1.3684842903119432,Test
HABQUY_clean,25.71531,12.0883,18.82078,0.289452,1646.58,5688.62,0.0,0.0,0.8738,3.01881,0.0,1,0.0240528379,2.2411102857,2.2878024188397723,Train
HABRAF_manual,24.30948,9.03515,24.30948,0.38234,1867.98,4885.64,0.0,0.0,0.8462,2.21321,0.0,1,0.0240252216,2.2152118928,2.262298107990317,Train
HABREJ_clean,7.22153,5.5004,7.20678,0.929467,1805.81,1942.84,0.0,0.0,0.6346,0.682757,0.0,1,0.0488923531,3.0989092611,3.1403395152226876,Train
HADLOQ01_clean,10.03253,9.59417,10.02623,0.699735,1785.38,2551.51,0.0,0.0,0.7038,1.00581,0.0,0,0.0231349461,2.1844302042,2.060943902926594,Test
HADPOU_clean,4.62887,4.08311,4.62887,1.93861,903.412,466.011,0.0,0.0,0.5016,0.258742,0.0,1,0.0437542161,1.9118579019,1.8799547468861781,Train
HADQUA_clean,4.81461,3.51016,4.81159,1.02272,1546.56,1512.21,0.0,0.0,0.5746,0.561836,0.0,0,0.1668565673,4.4140978101,4.514341613278408,Train
HADXIW_clean,4.67426,4.35266,4.67426,2.30119,853.786,371.02,0.0,0.0,0.5434,0.236139,0.0,1,0.0059368514,0.5231431752000001,0.4794326830143465,Train
HAFGUQ_clean,5.00398,3.75819,5.00288,1.4388,1552.49,1079.02,0.0,0.0,0.603,0.4191,0.0,0,0.0666901586,3.2703845704,3.308036010901202,Train
HAFTOZ_clean,15.37241,7.5238,15.37241,0.554007,2040.18,3682.59,0.0,0.0,0.7832,1.4137,0.0,0,0.017731698,1.6475041022,1.6604157245765576,Train
HAFVOB_clean,5.59823,4.10574,5.59823,0.989877,1624.62,1641.23,0.0,0.0,0.559,0.564717,0.0,1,0.0507220163,3.0607052267,3.071076843300403,Train
HAFVUH_SL,7.26111,7.14037,7.26111,0.948615,1661.34,1751.34,0.0,0.0,0.5896,0.621538,0.0,0,0.0453601469,3.7055723493,3.6082469419987686,Train
HAFWIW_clean,5.35067,4.98225,5.35067,1.31519,1804.28,1371.88,0.0,0.0,0.6304,0.479324,0.0,1,0.0156868538,1.2264949455,1.2894722148099995,Train
HAHCUR_clean,7.19827,5.98763,7.19827,1.10603,1324.83,1197.82,0.0,0.0,0.546,0.493657,0.0,0,0.0340847172,2.4326628674,2.2859713286666254,Test
HAHPOW_clean,9.6196,8.46967,9.6196,1.47235,624.294,424.013,93.3885,63.4283,0.498,0.338235,0.0,1,0.0066950671,0.5845890350999999,0.565588711267327,Train
HAJDII_clean,7.11031,6.37447,7.11031,1.26291,989.015,783.122,12.4903,9.89007,0.5394,0.427108,0.0,0,0.0130055684,1.0687209178,1.073263123848384,Train
HAJLEK_clean,5.87742,3.45437,5.87742,1.36069,369.973,271.901,0.0,0.0,0.367,0.269716,0.0,0,0.0220680296,0.8180555554000001,0.8627386508828991,Train
HAJLIO_clean,5.88281,3.51824,5.88281,1.36262,373.489,274.096,0.0,0.0,0.3676,0.269774,0.0,0,0.0214429252,0.805437831,0.8973910842781421,Test
HAJLOU_clean,5.886,3.5289,5.886,1.35798,373.139,274.776,0.0,0.0,0.3686,0.271433,0.0,0,0.0219138483,0.8097498784,0.8971852959751032,Test
HAJLUA_clean,5.93833,3.59787,5.73261,1.34629,399.566,296.791,0.0,0.0,0.3782,0.28092,0.0,0,0.0209049667,0.8011861154000001,0.943272008225542,Test
HAJMEL_clean,5.95786,3.62462,5.74689,1.33025,394.105,296.264,0.0,0.0,0.3816,0.286863,0.0,0,0.0192843625,0.7901004311,0.8793893006886968,Test
HAJMIQ_clean,13.26244,6.64572,13.26244,0.873197,2121.07,2429.08,0.0,0.0,0.7212,0.825931,0.0,1,0.036401046,2.2211147726,2.213904395654617,Test
HAJPEQ_clean,6.11767,3.57208,6.10936,1.00677,852.908,847.173,0.0,0.0,0.5204,0.516901,0.0,1,0.0681673549,2.4255205725,2.499886981666085,Train
HAJRES_clean,5.28648,3.63417,5.2773,0.904106,536.331,593.217,509.7,563.762,0.5196,0.574711,0.0,0,0.0924592627,2.7201626738,2.779569996230288,Train
HAJYEZ_clean,5.05238,3.74879,4.99149,1.49581,731.65,489.133,0.0,0.0,0.4222,0.282255,0.0,1,0.0708013422,2.0095741539,1.9973634262383564,Test
HAKCAZ_clean,7.25791,5.03113,6.91895,1.17911,1594.01,1351.88,0.0,0.0,0.5908,0.501055,0.0,1,0.0413951139,2.8036777686,2.645172200162187,Train
HAKSAQ_clean,8.06664,3.9387,8.06075,1.15948,1831.32,1579.42,0.0,0.0,0.63,0.543345,0.0,0,0.0573861593,3.7339202284,3.654381365191127,Train
HAKSEU_clean,8.08706,3.61748,7.36025,1.26635,1637.77,1293.3,0.0,0.0,0.6148,0.485489,0.0,1,0.04799192,3.2350426159,3.060542153575516,Train
HAKSIY_clean,8.0725,3.53077,8.06497,1.03469,1587.07,1533.85,0.0,0.0,0.6072,0.58684,0.0,1,0.0447058408,3.3805524278,3.12108781504036,Test
HAKVOH_clean,9.12551,3.7795,9.11836,1.17123,1785.15,1524.17,0.0,0.0,0.6208,0.530041,0.0,1,0.0262631414,2.2152393165,2.044238910851767,Test
HAKVUN_clean,8.02196,4.1722,8.01469,1.33184,2031.27,1525.15,0.0,0.0,0.6558,0.4924,0.0,1,0.0478326475,3.5053373177,3.336322956287301,Train
HAKWAU_clean,7.77196,4.02298,7.7515,0.967928,1840.06,1901.03,0.0,0.0,0.6374,0.65852,0.0,1,0.0386796805,3.0540052047,2.9555263660287956,Train
HALQUJ_clean,5.83271,4.11171,5.82021,0.775057,2252.16,2905.8,0.0,0.0,0.6658,0.859034,0.0,0,0.034496561,2.8581637381,2.9568223069887267,Test
HALVAU_clean,7.2529,4.09487,7.24788,1.02599,1723.2,1679.54,0.0,0.0,0.6096,0.594156,0.0,1,0.0286685955,2.2224172109,2.2805566859842425,Train
HAMJOW_clean,5.97637,5.66826,5.96867,0.916107,2203.56,2405.35,0.0,0.0,0.6442,0.703193,0.0,1,0.0519738122,3.8727594133,3.5393053945639723,Test
HAMLIT_clean,7.60143,4.74827,7.04866,1.03116,1778.09,1724.35,0.0,0.0,0.6042,0.58594,0.0,1,0.051912476,3.1443327429,3.1705327680585675,Train
HAMREU_clean,7.3712,5.08597,7.3712,1.79786,881.924,490.542,0.0,0.0,0.4552,0.25319,0.0,0,0.014950485,0.9887909436,0.9958672834084719,Train
HAMRIY_clean,7.12952,5.0191,7.12952,1.96935,853.811,433.551,0.0,0.0,0.434,0.220378,0.0,0,0.0153434207,0.9274805041,0.9291443160719426,Train
HANKUE_clean,11.04769,6.93986,11.04769,1.01875,2416.33,2371.86,7.87226,7.72737,0.7184,0.705177,0.0,1,0.027994983,2.2880110707,2.131042853074828,Test
HANWAW_clean,11.32674,4.96034,11.30095,0.840493,2065.42,2457.39,0.0,0.0,0.7018,0.834987,0.0,1,0.0383373327,2.8055677373,2.6687513507257847,Train
HAPBAE_clean,7.19899,4.51752,7.19899,1.177,1685.21,1431.79,101.434,86.1807,0.6014,0.510961,0.0,1,0.016662919,1.3358393113,1.3276916404241552,Train
HAPBEI_clean,7.40345,4.51665,7.18933,1.1831,1645.32,1390.68,107.302,90.6958,0.5974,0.504945,0.0,1,0.0165763122,1.31723378,1.3022756271403182,Test
HAPBIM_clean,7.3635,4.07388,7.35928,1.22764,1566.0,1275.62,0.0,0.0,0.6092,0.496238,0.0,1,0.0120036858,1.047163876,1.0446084102823905,Train
HAPGIR_clean,6.12679,5.53694,6.11946,1.24903,1460.77,1169.52,0.0,0.0,0.5518,0.441784,0.0,1,0.0285195684,1.9469002046,2.010681466253346,Train
HAPHUD_clean,8.47502,6.8337,8.46296,0.827108,1882.02,2275.42,0.0,0.0,0.6618,0.800137,0.0,1,0.0253316415,2.2058771294,2.1794703360192678,Test
HAPNEU_clean,7.1275,4.47989,7.11656,1.12613,1773.48,1574.85,0.0,0.0,0.6,0.5328,0.0,1,0.0185347761,1.450281112,1.524048370858742,Test
HAPNOE_clean,5.80604,3.7042,5.80604,1.49141,1358.54,910.909,0.0,0.0,0.535,0.358721,0.0,1,0.0170577944,1.3027515766,1.3005950052473119,Train
HAPNUK_clean,5.80307,3.70444,5.7954,1.49676,1370.95,915.947,0.0,0.0,0.5352,0.357572,0.0,1,0.017260429,1.2913130539,1.312631333320955,Test
HAPPAS_clean,5.66478,3.61524,5.6614,1.54511,1255.98,812.875,0.0,0.0,0.5282,0.341853,0.0,1,0.0180141323,1.3155079952,1.3050571147387675,Test
HAPVEB_clean,4.76596,4.34263,4.75951,2.7741,1216.03,438.349,0.0,0.0,0.4794,0.172813,0.0,1,0.0136786131,0.8317831922,0.8563418042076576,Test
HAQJIV_clean,10.92187,6.16089,10.13253,0.730979,2352.02,3217.63,0.0,0.0,0.744,1.01781,0.0,1,0.0364844076,2.6739247519,2.8114353211768894,Test
HAQKES_clean,7.18365,5.84135,6.93817,1.26274,1917.74,1518.71,0.0,0.0,0.6256,0.495429,0.00158385,1,0.011492014,1.0264216685,0.9933983998677473,Train
HAQRID_clean,8.35999,7.36684,8.31122,1.01133,1835.07,1814.52,0.0,0.0,0.6542,0.646874,0.0,1,0.0312494986,2.6754150143,2.49948285172374,Test
HASMIZ_clean,9.9371,5.9051,9.93469,0.740129,2096.9,2833.15,0.0,0.0,0.687,0.928217,0.0,0,0.0213856832,1.8951324501,1.9001799841281817,Train
HASNIB_clean,5.40755,4.36097,5.2762,1.74872,1493.17,853.86,0.0,0.0,0.5666,0.324008,0.0,1,0.0128524152,1.0052354415,0.9927601025882321,Train
HASNOH_clean,5.38898,4.39397,5.38845,1.86317,1402.69,752.852,0.0,0.0,0.5556,0.298201,0.0,1,0.0161986685,1.1719838098,1.2066284747208413,Test
HASNUN_clean,5.53374,4.52225,5.53374,1.71424,1549.27,903.767,0.0,0.0,0.5698,0.332393,0.0,1,0.0118679208,0.9497941175,0.9183272464418453,Test
HASTAY_clean,6.39369,3.9398,5.95965,1.27695,1466.95,1148.79,0.116669,0.0913651,0.5758,0.450916,0.0,1,0.0435862142,2.5506388683,2.5299059813619404,Train
HATZOS02_clean,4.8576,4.0805,4.8576,1.31729,1109.65,842.374,1.31609,0.999089,0.544,0.41297,0.0,1,0.0172480156,1.1907241542,1.2363025265761383,Test
HATZOS_clean,4.85832,4.07746,4.85832,1.31771,1115.31,846.4,1.47769,1.12141,0.531,0.402973,0.0,1,0.0174786549,1.2014358044,1.2578664369098727,Train
HAVVUX_clean,8.34589,6.74867,8.34589,2.21863,955.771,430.794,0.0,0.0,0.5032,0.226807,0.0,1,0.0079553858,0.6483841668,0.6259431309322787,Train
HAVZIP_clean,12.95456,9.6087,12.76631,0.416845,1954.8,4689.52,0.0,0.0,0.815,1.95516,0.0,1,0.018677578,1.848806847,1.8215997234221506,Test
HAWREE_clean,5.95677,4.26157,5.93982,1.29463,1394.9,1077.46,0.0,0.0,0.5154,0.398107,0.0,0,0.0351170555,2.0756385431,2.1456662189655784,Train
HAWVAE_clean,5.43472,3.75459,5.43472,1.57273,1218.49,774.765,0.0,0.0,0.5248,0.333688,0.0,0,0.0517311618,2.3427839041,2.351605209983757,Train
HAWVEI_clean,5.44774,3.7649,5.44192,1.50867,1222.23,810.136,0.0,0.0,0.526,0.348652,0.0,0,0.0492238179,2.323592379,2.386204506432149,Test
HAWVIM_clean,5.41474,3.72498,5.39995,1.55868,1201.98,771.152,0.0,0.0,0.522,0.334898,0.0,0,0.0530049333,2.371224476,2.4249915747431863,Train
HAWVOS_clean,5.41179,3.71334,5.38603,1.62695,1198.02,736.358,0.0,0.0,0.519,0.319002,0.0,0,0.0545286085,2.3648460802,2.445788893901013,Test
HAWVUY_clean,5.4288,3.7248,5.42521,1.58725,1209.7,762.135,0.0,0.0,0.523,0.3295,0.0,0,0.0530921388,2.3492276794,2.4132236887284213,Train
HAWWAF_clean,5.36818,3.69998,5.3038,1.61776,1179.03,728.804,0.0,0.0,0.5186,0.320567,0.0,0,0.0564177121,2.3873047063,2.4418141121280987,Test
HAWWEK_clean,6.09263,4.09444,6.07646,0.818977,2614.48,3192.37,0.0,0.0,0.6796,0.829816,0.0,0,0.0247865919,2.2853228416,2.253656218306391,Train
HAWWIN_clean,6.94632,6.00048,6.94632,1.03663,2578.05,2486.94,0.0,0.0,0.6936,0.669088,0.0,1,0.0202869997,1.7089714321,1.7595406598958432,Train
HAWWOT_clean,7.05521,6.39517,7.05449,1.0177,2567.24,2522.59,0.0,0.0,0.6952,0.683108,0.0,1,0.0194955473,1.6408817469,1.7357489528939414,Train
HAWWUZ_clean,6.85987,6.20916,6.70163,1.02767,2542.94,2474.47,0.0,0.0,0.6868,0.668309,0.0,1,0.0197093828,1.6722347384,1.7453346849115814,Test
HAWZEM_clean,4.83947,3.74089,4.83947,1.28408,1060.99,826.263,0.0,0.0,0.5012,0.390319,0.0,1,0.1284233838,3.2893629119,3.5290222465197196,Train
HAXMUP_clean,8.05193,5.7692,8.05193,1.0871,1247.11,1147.19,0.0,0.0,0.6042,0.555788,0.0,1,0.0053403006,0.5139209517000001,0.5405439663198008,Train
HAYLIE_clean,7.09546,5.16312,7.09546,0.822497,1782.71,2167.43,0.0,0.0,0.6384,0.776173,0.0,1,0.023493008,1.9759598543,1.980833619945008,Test
HAZSIL_clean,7.68408,4.67009,7.68408,1.19851,1999.16,1668.03,0.0,0.0,0.6332,0.528321,0.0,1,0.0184216769,1.6676175857,1.55375596594964,Train
HAZWIP_clean,6.08536,5.42004,6.08536,0.76282,3171.25,4157.27,0.0,0.0,0.7336,0.961695,0.0,1,0.0210713019,1.9865600123,1.968731734196228,Test
HEBJAB_clean,4.69189,4.1551,4.68505,1.19151,652.957,548.006,0.0,0.0,0.4618,0.387574,0.0,1,0.012247166,0.8677867543000001,0.8381377214254822,Train
HEBKEG_clean,5.17721,3.88044,5.16559,1.56809,1108.64,706.999,0.0,0.0,0.4678,0.298324,0.0,0,0.0375025416,1.8215377048,1.8919121982342906,Test
HEBNIN_clean,5.00989,4.14842,5.00989,2.07402,1561.26,752.77,0.0,0.0,0.5908,0.284857,0.0,1,0.0102962899,0.8763256376,0.8430336550807531,Train
HEBNOT_clean,6.16705,5.25559,6.16705,2.0588,1791.16,870.001,0.0,0.0,0.601,0.291917,0.0,1,0.0098920441,0.7864791406999999,0.8307134211640905,Train
HEDBEZ_clean,5.55376,3.62598,5.46848,2.06178,1285.48,623.479,0.0,0.0,0.5464,0.265014,0.0,1,0.01415313,1.0655266818,1.03570443621165,Test
HEDBID_clean,5.55564,3.58661,5.41937,2.08307,1276.82,612.952,0.0,0.0,0.5458,0.262017,0.0,1,0.0141901245,1.0529606951,1.0237222978335438,Test
HEDBOJ_clean,6.12669,4.55303,6.11551,2.25914,1566.11,693.232,0.0,0.0,0.5588,0.247351,0.0,1,0.0070573495,0.6101835894,0.590217636623819,Train
HEDBUP_clean,6.082,4.53553,6.07141,2.27942,1559.62,684.218,0.0,0.0,0.5574,0.244536,0.0,1,0.0069575487,0.6089727023,0.5882239238476168,Train
HEDCAW_clean,8.17736,6.62352,8.16605,0.938004,1961.34,2090.97,0.0,0.0,0.6256,0.666948,0.0,1,0.0266084934,2.0731046255,2.1807750406795634,Test
HEDCIE_clean,6.94357,6.25435,6.88861,1.02856,1661.58,1615.44,0.0,0.0,0.5918,0.575367,0.0,1,0.028843738,2.0842523857,2.2941392816085164,Train
HEFDED_clean,6.92505,4.2277,6.91906,1.17857,874.958,742.388,0.0119262,0.0101192,0.491,0.416606,0.0,0,0.0065500544,0.5195810814999999,0.5737842116866951,Train
HEFDON_clean,9.34267,6.30544,9.30322,1.26616,1290.92,1019.56,0.0,0.0,0.564,0.445443,0.0,1,0.029864841,1.860643502,1.826119620982229,Test
HEFFEF_clean,9.54316,8.35297,9.54316,1.17123,1191.49,1017.3,0.0,0.0,0.5608,0.478813,0.0,1,0.0270502978,1.5968726614,1.7590901879389775,Train
HEFVAR_clean,4.22955,3.7824,4.22684,1.70241,256.239,150.515,0.0,0.0,0.3872,0.227442,0.0,1,0.0097690424,0.5012022112,0.4930785834052043,Train
HEGCEB_clean,5.1693,4.46656,5.1693,1.06371,1875.59,1763.26,0.0,0.0,0.6372,0.599038,0.0,1,0.009438014,0.8365692131999999,0.863446976990623,Train
HEGJUZ_clean,6.22529,4.73915,6.22421,1.09032,1314.16,1205.3,0.0,0.0,0.551,0.505357,0.0,1,0.0476578998,2.4483497913,2.5825946479053603,Train
HEGNAJ_clean,6.01939,4.81592,6.01939,1.89872,712.25,375.122,0.0,0.0,0.4102,0.216041,0.0,0,0.0126914588,0.6941205305,0.6806898300589779,Train
HEGNEN_clean,5.92457,4.79042,5.92457,1.92239,717.079,373.015,0.0,0.0,0.4062,0.2113,0.0,0,0.0159987676,0.8594666716,0.8333092851913146,Test
HEGNIR_clean,6.01675,4.74609,6.01675,1.93131,685.918,355.156,0.0,0.0,0.4034,0.208873,0.0,0,0.0152931662,0.7494729468000001,0.7997072683513293,Train
HEGNOX_clean,6.0763,4.7602,6.0763,1.95362,711.305,364.096,0.0,0.0,0.416,0.212938,0.0,0,0.0172536252,0.8191185462,0.8883627286684708,Test
HEGNUD_clean,5.94961,4.80382,5.94961,1.93345,716.335,370.496,0.0,0.0,0.4134,0.213815,0.0,0,0.0155997641,0.8139265567,0.8408647860913543,Test
HEGPAL_clean,5.89979,4.82106,5.89979,1.93984,705.302,363.588,0.0,0.0,0.4094,0.211048,0.0,0,0.0151945538,0.7560475923000001,0.7800073983063469,Train
HEKTAU_clean,4.87289,4.04271,4.86475,1.11842,1707.65,1526.84,0.0,0.0,0.5666,0.506605,0.0,1,0.0543651323,3.2047121532,3.3215361975551794,Train
HELDEJ_SL,5.22361,3.40377,5.22361,1.39671,578.501,414.189,0.0,0.0,0.4356,0.311876,0.0,1,0.036295172,1.2144216419,1.390667133971464,Test
HELDOT_clean,9.05788,8.40599,9.04804,0.706681,2105.01,2978.73,0.0,0.0,0.7028,0.994508,0.0,1,0.0208079368,1.9503301046,1.9443660855873137,Train
HEMTEZ_clean,6.9282,3.87493,6.90819,1.74491,1526.38,874.763,0.0,0.0,0.561,0.321507,0.0,1,0.0122571588,1.0248675486,0.9720946798419602,Train
HETZOW_clean,5.51262,3.86354,5.23725,1.5527,956.041,615.728,190.025,122.384,0.5024,0.323565,0.0,1,0.0223607787,1.4703388527,1.414096099921756,Test
HEWFUL_ion_b,5.58258,4.94247,5.58258,1.66592,467.165,280.425,0.0,0.0,0.3124,0.187524,0.0,1,0.0075602222,0.4369232040999999,0.4569034133671146,Train
HEXVEM_clean,28.43131,15.91754,28.43131,0.251734,1350.35,5364.2,0.0,0.0,0.895,3.55533,0.0,1,0.0214585329,2.120431356,2.0519436004553473,Test
HEZPIL01_clean,4.55228,3.8726,4.49338,1.6515,1184.67,717.327,0.0,0.0,0.5308,0.321405,0.0,1,0.0271902468,2.0715774897,1.8612928133392195,Train
HGCNCO_clean,5.31956,3.48582,5.3054,1.56034,1406.04,901.106,0.0,0.0,0.6028,0.386325,0.0,1,0.0110914787,0.9224225136,0.890414051797231,Train
HIBGEF_clean,4.68206,3.60956,4.68206,1.41956,703.501,495.576,0.0,0.0,0.4404,0.310237,0.0,0,0.0281891504,1.5672005546,1.5013120113078668,Train
HIBGIJ_clean,4.81263,3.80435,4.77754,1.65937,798.009,480.911,0.0,0.0,0.4498,0.271067,0.0,0,0.0126013232,0.8626413649,0.8213619156591001,Test
HICVOG_clean,4.78823,4.34338,4.74662,1.25646,1202.69,957.206,0.0,0.0,0.553,0.440126,0.0,1,0.1356111503,3.9888571888,3.954236268603294,Train
HICVUM_clean,5.70734,4.18424,5.69729,1.38731,1533.97,1105.72,0.0,0.0,0.5594,0.403228,0.0,1,0.0517132799,2.6043242114,2.681219483045861,Train
HICZAW_clean,4.79099,4.0094,4.67667,1.66988,586.788,351.395,42.4437,25.4172,0.4496,0.26924,0.0,0,0.054734189,1.8225375924,1.7753481659693957,Test
HICZEA_clean,4.83695,4.09471,4.83695,1.59649,796.791,499.09,0.0,0.0,0.4516,0.282871,0.0,0,0.0622616949,2.1370151758,2.0233199520061578,Train
HIDCUU_clean,4.77714,4.04915,4.77714,1.67198,561.972,336.111,24.6403,14.7372,0.4404,0.2634,0.0,0,0.0564217298,1.7268506234999998,1.734795559519177,Train
HIFGEK_clean,6.30554,5.14447,6.30011,1.31758,1695.15,1286.57,0.0,0.0,0.5682,0.431246,0.0,1,0.0185687464,1.289952094,1.4601538222586172,Test
HIFGIO_SL,12.5848,12.05657,12.5848,0.73279,1666.47,2274.15,0.0,0.0,0.7016,0.957436,0.0,0,0.02910619,2.2199216846,2.272304547796763,Train
HIFTOG01_clean,15.08334,7.94194,15.08334,0.584242,2219.37,3798.71,0.0,0.0,0.8024,1.3734,0.0,0,0.0162138925,1.5321661672,1.5695592825602311,Train
HIFTOG02_clean,7.88297,4.15104,7.88297,1.15793,1890.02,1632.24,0.0,0.0,0.6168,0.532675,0.0,0,0.0424503651,2.6035188991,2.851155163708525,Train
HIFTOG_clean,7.95891,4.14066,7.95891,1.16582,1897.92,1627.97,0.0,0.0,0.6126,0.525468,0.0,0,0.0437490999,2.6513772771,2.9198214183096134,Test
HIFTUM_clean,6.30533,4.49793,6.29978,1.16773,1014.53,868.802,0.0,0.0,0.5164,0.442225,0.0,1,0.0088529533,0.7044828351000001,0.7800055112974376,Train
HIFVOI_clean,9.00136,6.57223,9.00136,0.85431,2140.93,2506.03,0.0,0.0,0.7094,0.830378,0.0,0,0.0278364033,1.9635137254,2.1981072017960153,Train
HIFWAV_clean,6.82644,4.81311,6.7091,1.14185,1358.99,1190.16,0.0,0.0,0.5914,0.517932,0.0,0,0.0315494898,1.7448343079,2.15809197770642,Test
HIGRIA_clean,11.33189,6.86002,11.33189,0.649596,2356.83,3628.15,0.0,0.0,0.774,1.19151,0.0,1,0.0216687655,1.9272740578,2.0073313942125233,Test
HIHFOV_clean,4.86314,3.46095,4.86114,1.09882,730.753,665.036,0.0,0.0,0.4806,0.437379,0.0,0,0.0807724585,2.7381620686000003,2.683276963026931,Train
HIHFUB_clean,7.23376,3.90094,7.22167,1.02876,1762.4,1713.12,0.0,0.0,0.6028,0.585946,0.0,1,0.0303956972,2.4562011775,2.371978147155813,Train
HIHGAI_clean,10.55614,5.67197,10.5437,1.00791,1714.99,1701.54,0.0538795,0.0534569,0.6458,0.640735,0.0,1,0.0287732604,2.0020977434,2.211347946155846,Test
HIHGEM_manual,9.93245,5.52954,9.93245,1.05018,1644.99,1566.39,0.0,0.0,0.6486,0.617608,0.0,1,0.02598469,2.0467528564,2.0314633356974356,Test
HIHGIQ_clean,7.45404,4.653,7.45404,0.903111,1947.01,2155.89,0.0,0.0,0.6178,0.68408,0.0,0,0.0514774947,3.2564604562,3.3518830312962056,Train
HIHGUC_clean,8.04408,6.54623,8.01999,0.696864,2211.4,3173.36,0.0,0.0,0.7326,1.05128,0.0,0,0.0236385126,2.1604543052,2.094745519927255,Test
HIJSOK_clean,4.65728,3.47175,4.65433,1.22153,961.191,786.878,69.3358,56.7617,0.5406,0.442561,0.0,1,0.025460663,1.7700945302000002,1.7898509812762318,Test
HILJUJ_clean,4.42922,3.63352,4.42922,1.96256,310.567,158.245,0.0,0.0,0.4212,0.214617,0.0,1,0.0036470842,0.2888898835,0.26136107172611966,Train
HIMSAY_clean,5.16871,3.64786,5.16485,0.985668,753.397,764.352,500.835,508.117,0.5382,0.546026,0.0,0,0.1239172618,4.1276446163,4.067635260256405,Train
HIQNAY_clean,6.18436,4.94333,5.98081,1.31558,928.05,705.433,194.939,148.177,0.529,0.402105,0.0,1,0.045486947,2.2007130234,2.1524454578132532,Train
HIQWOV_clean,6.76103,5.10334,6.76103,1.07696,1941.39,1802.66,0.0,0.0,0.6212,0.57681,0.0,0,0.0298243304,2.2201067081,2.261930471336016,Train
HISGAT_clean,5.66636,4.82954,5.66636,1.37462,738.511,537.249,0.0,0.0,0.318,0.231337,0.0,1,0.0304888769,1.5123423084999998,1.445376254425887,Train
HISGIB_clean,6.02888,4.81928,6.02888,1.46684,832.757,567.721,0.0,0.0,0.4806,0.327643,0.0,1,0.0240709121,1.3355645583,1.368923575825129,Train
HISJIE_clean,6.27871,5.58535,6.27871,1.41351,623.69,441.235,0.0,0.0,0.4354,0.308027,0.0,1,0.010945816,0.8047074237,0.7707707004042306,Train
HISSIN_clean,6.52902,4.63625,6.52902,1.20846,1900.2,1572.41,0.0,0.0,0.613,0.507257,0.0,1,0.0339452863,2.4235317869,2.3941220427599403,Test
HIWKEE_clean,5.33619,3.90302,5.22967,1.1804,712.798,603.863,412.05,349.077,0.5362,0.454254,0.0,1,0.014108417,1.0625671744,1.1127290125738258,Train
HIWKII_clean,4.49598,3.52102,4.49598,1.26918,746.378,588.079,0.0,0.0,0.5282,0.416174,0.0,1,0.0068248254,0.6448282683,0.604676339502245,Train
HIWLIK_clean,4.58174,3.69427,4.58174,1.68973,1137.53,673.202,0.0,0.0,0.5902,0.349287,0.0,1,0.0422926321,2.1858593183,2.2670815454190447,Train
HIWLOQ_clean,5.62306,3.85048,5.61686,1.5787,1548.3,980.742,0.0,0.0,0.6176,0.391207,0.0,1,0.0359273448,2.0872505094,2.1657475091548477,Train
HIWLUW_clean,5.19394,3.96476,5.19394,1.59085,1442.83,906.957,0.0,0.0,0.6148,0.386461,0.0,0,0.0448193727,2.4736679182,2.413091923959042,Train
HIYBUN_clean,10.15365,9.81645,10.15365,1.11827,1552.73,1388.51,0.0,0.0,0.6486,0.580004,0.0,0,0.0090324972,0.8305004329000001,0.8817761114160845,Train
HIYGIH_clean,17.06952,6.66429,17.06948,0.730619,2158.98,2955.01,0.0,0.0,0.7424,1.01613,0.0,1,0.030854961,2.4934006374,2.52802419912223,Train
HIYYEU_clean,4.58192,3.82938,4.58192,1.15929,890.249,767.928,0.0,0.0,0.475,0.409735,0.0,0,0.0080772776,0.6578542950999999,0.6890914211230177,Train
HIZQEN01_clean,5.09985,3.87591,5.09025,1.50728,1179.77,782.72,0.0,0.0,0.547,0.362907,0.0,1,0.0363738073,2.0144651488,2.028269459585156,Train
HIZQEN_clean,5.11247,3.90242,5.06469,1.50181,1156.11,769.817,0.0,0.0,0.5508,0.366759,0.0,1,0.0358370149,2.0305237176,1.997961416784246,Train
HIZQUD_clean,6.30539,5.26051,6.30539,1.49546,1378.73,921.943,0.0,0.0,0.5664,0.378747,0.0,1,0.0321347168,1.9284903972,1.9705718828604515,Train
HOBGAH_clean,4.98965,4.17051,4.98965,1.41285,672.875,476.256,0.0,0.0,0.4416,0.312561,0.0,0,0.0148686024,0.8846069297,0.9161330397017069,Test
HOBGEL_clean,4.92633,4.45881,4.92633,1.33002,1110.7,835.1,0.0,0.0,0.469,0.352627,0.0,0,0.0652873654,2.7349303263,2.688821233387194,Train
HOBGIP_clean,4.56618,4.05009,4.56618,1.4926,751.203,503.284,0.0,0.0,0.4242,0.284201,0.0,0,0.047328568,1.747127142,1.8529089259035336,Train
HOBGOV_clean,4.53296,4.00605,4.52467,1.46371,719.363,491.465,0.0,0.0,0.4314,0.29473,0.0,0,0.0488478821,1.8937507411,1.9022968872381203,Train
HOCDOU_clean,5.08767,3.82439,5.07588,1.48605,1252.4,842.773,0.0,0.0,0.5402,0.363514,0.0,1,0.0167138557,1.2413176353,1.2300455593396604,Train
HOFJIX_clean,9.75671,8.56589,9.45457,1.06294,1335.32,1256.25,0.0,0.0,0.5826,0.548103,0.0,1,0.0176764485,1.5353923945,1.4766945499776198,Train
HOFSOL_clean,6.47441,4.48765,6.46774,0.782233,2543.82,3252.0,0.0,0.0,0.7104,0.90817,0.0,0,0.0242736481,2.2142161072,2.1725857423387462,Test
HOFSUS_clean,4.7504,3.70252,4.74887,1.26142,1014.67,804.388,0.0,0.0,0.555,0.439981,0.0,1,0.0375012408,2.3242971915,2.14705665702927,Train
HOGJIX_clean,10.87652,5.94063,10.87549,0.784217,2419.27,3084.95,0.0,0.0,0.7452,0.950247,0.0,1,0.0281910826,2.452847531,2.4081741079735512,Train
HOGJOD_clean,4.75742,3.71555,4.75742,1.43501,995.445,693.686,0.0,0.0,0.5006,0.348848,0.0,0,0.0392836284,2.0216325926,2.0251122714610776,Train
HOGJUK_clean,4.62158,3.54405,4.62158,1.37822,778.037,564.523,55.153,40.0175,0.5524,0.400807,0.0,0,0.009646408,0.7952364699,0.8153787026349264,Train
HOGLEV01_clean,9.50106,5.60478,9.50106,0.851383,2390.76,2808.08,0.0,0.0,0.7012,0.823601,0.0,1,0.0436073446,2.8193427713,3.0453794118831325,Train
HOGLEV_clean,14.03402,9.0463,14.02308,0.76193,2112.49,2772.55,0.0,0.0,0.7494,0.983555,0.0,1,0.0326096632,2.6092099352,2.487705655885382,Test
HOGSIG_clean,5.41082,3.95109,5.41082,1.19816,1084.16,904.86,0.0,0.0,0.5322,0.444182,0.0,1,0.0209900565,1.4343064383000002,1.469377860225658,Train
HOGTOM_clean,7.72626,5.11822,7.71236,1.77252,921.698,519.992,0.0,0.0,0.4714,0.265948,0.0,0,0.0076026574,0.6117460331,0.624700618942579,Train
HOHMEX_manual,18.78417,14.89456,18.78417,0.315898,1578.36,4996.42,0.0,0.0,0.8756,2.77178,0.0,0,0.020189832,1.9382639028,1.9330959802785943,Train
HOJLID_clean,8.3495,5.13588,8.1646,0.608298,3093.18,5084.98,0.0,0.0,0.7326,1.20434,0.0,0,0.0444382636,3.6624151982,3.708014378465577,Train
HOJLUP_clean,6.04405,4.68216,6.04405,0.897215,1739.4,1938.66,0.0,0.0,0.5916,0.659373,0.0,1,0.0387652741,2.8427607453,2.8252973046010212,Test
HOKGUJ_clean,9.34177,3.71993,9.34177,1.22332,1337.41,1093.26,0.0,0.0,0.5774,0.471995,0.0,1,0.0185994501,1.5967091315000002,1.5042473754869468,Train
HOKLIE_clean,5.61648,4.05301,5.61199,1.31362,1114.73,848.591,0.0,0.0,0.4902,0.373167,0.0,1,0.0515978956,2.3597906041,2.307481170692887,Test
HOLQIK_clean,12.10808,3.4458,10.16044,0.913109,1657.88,1815.64,0.0,0.0,0.663,0.726091,0.0,1,0.032234785,2.406706444,2.4373863079469253,Train
HOMRIL_clean,8.32537,4.10495,8.32349,0.82756,1557.76,1882.35,17.9805,21.7271,0.651,0.78665,0.0,1,0.0174413761,1.6017163654,1.587833882619705,Train
HOMXIR_manual,23.70226,22.8547,23.70226,0.394433,1769.36,4485.82,0.0,0.0,0.844,2.13978,0.0,0,0.0193003527,1.8228863009,1.8229483061895413,Train
HOMZEP_clean,8.52957,6.78202,7.76045,1.30479,1180.46,904.71,435.839,334.03,0.602,0.461377,0.0,1,0.0842142466,4.4234238459,4.3480274711861195,Train
HOQMIL01_clean,5.56977,4.83187,5.56337,1.16042,1122.88,967.652,0.0,0.0,0.4848,0.417781,0.0,0,0.0511353879,2.3824201583,2.4261833865828377,Train
HOQMIL02_clean,5.63983,4.88733,5.62365,1.14617,1146.47,1000.26,0.0,0.0,0.486,0.424021,0.0,0,0.0499075634,2.4152801343,2.4414059887683965,Train
HOQMIL03_clean,5.60791,4.87769,5.56878,1.15397,1143.32,990.77,0.0,0.0,0.4896,0.424274,0.0,0,0.0519189095,2.4348294602,2.430311081294814,Train
HOQMIL04_clean,5.70711,4.91694,5.69105,1.1407,1134.98,994.985,0.0,0.0,0.4988,0.437277,0.0,0,0.047356253,2.3377221433,2.3814291227640796,Train
HOQMIL_clean,5.74994,5.00317,5.74994,1.13423,1163.97,1026.22,0.0,0.0,0.491,0.432891,0.0,0,0.050392425,2.4646917746,2.4631747272846525,Train
HOQMUX_clean,4.86191,4.39042,4.86191,1.23808,888.924,717.986,0.0,0.0,0.4546,0.367182,0.0,0,0.0525623191,2.0749422984,2.1799492885978045,Test
HOQNEI_clean,5.27742,4.83558,5.27742,1.18109,1071.17,906.928,0.0,0.0,0.4762,0.403186,0.0,0,0.0513990199,2.3117206958,2.339279765801808,Train
HOVGIK_clean,5.93161,4.23353,5.92922,1.12874,1308.17,1158.97,0.0,0.0,0.541,0.479296,0.0,0,0.0547663445,2.7970925908,2.821522853286436,Test
HOVQAM_clean,8.83543,4.89469,8.82746,0.624336,3070.63,4918.23,0.0,0.0,0.7,1.12119,0.0,0,0.0452451412,3.924528914,3.7144870176341915,Test
HOWJEK_clean,3.99229,3.40619,3.99097,1.96697,432.183,219.72,0.0,0.0,0.4482,0.227863,0.0,1,0.0240392551,1.4576718435,1.3391202136508868,Test
HOWPEQ_clean,5.50159,4.45937,5.49668,1.2167,2188.23,1798.5,0.0,0.0,0.652,0.535877,0.0,1,0.0153827267,1.3424912222999998,1.333835767421029,Test
HOWPOZ_clean,7.21513,5.98736,7.21361,1.27988,1504.5,1175.5,0.0,0.0,0.585,0.457073,0.0,1,0.022514978,1.8726907869,1.7870182148776104,Train
HOWPUF_clean,7.93406,5.48339,7.91016,0.971712,2041.64,2101.08,0.0,0.0,0.6486,0.667482,0.0,1,0.026067949,2.2361807613,2.2167154666115545,Train
HOWQAM_clean,6.8261,5.31039,6.2759,1.01498,2208.17,2175.58,0.0,0.0,0.6538,0.644149,0.0,1,0.0341142053,2.6835941818,2.665311361518037,Train
HOWQEQ_clean,5.03956,3.43426,5.01641,1.51423,609.631,402.601,6.8807,4.54403,0.48,0.316993,0.0,1,0.0477374785,1.7272744043,1.7791291924895722,Train
HOWSAP_clean,6.71751,4.61596,6.71751,1.15559,1670.87,1445.9,0.0,0.0,0.5844,0.505717,0.0,1,0.0275256681,2.0299945568,2.0742825727840413,Train
HOWSET_clean,7.27272,4.03268,6.91947,1.23503,1647.39,1333.89,0.0,0.0,0.572,0.463147,0.0,1,0.0467397221,2.6960960144,2.8175533006313582,Train
HOWSIX_clean,7.29706,4.00765,6.07294,1.2292,1638.5,1332.99,0.0,0.0,0.575,0.467785,0.0,1,0.0450267087,2.6587321039,2.748024055817968,Test
HOXGEH_clean,7.22422,5.56347,7.22422,1.76045,532.184,302.3,0.0,0.0,0.428,0.24312,0.0,1,0.0052326988,0.4061824215,0.4190896927712733,Train
HOXKIP_clean,5.63987,3.43131,5.63987,1.70238,1080.26,634.558,0.0,0.0,0.5028,0.295352,0.0,1,0.0381742966,1.8276296244,1.8934564889330117,Train
HOXKUB_clean,6.32021,4.20706,6.31633,1.716,1292.29,753.082,0.0,0.0,0.5408,0.315151,0.0,1,0.0431514581,2.1193421307,2.1376885185675527,Test
HOXSUK_clean,6.8634,6.5073,6.8549,1.07828,1271.94,1179.6,0.0,0.0,0.553,0.512854,0.0,1,0.0396447403,2.2627375825,2.5000855270272626,Test
HOYREU_clean,6.42466,5.8923,6.42466,1.33156,1407.54,1057.05,0.0,0.0,0.5312,0.398929,0.0,1,0.0269255721,2.0883803868,1.9240947940037283,Test
HOYRIY_clean,6.33252,5.73011,6.33252,1.22757,1418.96,1155.91,0.0,0.0,0.5282,0.430281,0.0,1,0.0354030161,2.5782208964,2.302236077552066,Test
HOYROE_clean,6.155,5.22739,6.12328,1.60811,1166.91,725.638,0.0,0.0,0.4436,0.275852,0.0,1,0.0265400788,1.6881537007,1.6922557182344096,Test
HOYTUL_clean,5.4823,3.49814,5.47353,1.38751,591.329,426.179,114.439,82.4776,0.4482,0.323024,0.0,1,0.0113983635,0.8374738941,0.7600886705170533,Test
HOZBUV_clean,7.91812,7.59324,7.91812,1.47122,1126.87,765.945,0.0,0.0,0.5294,0.359837,0.0,1,0.0078002176,0.6984253495999999,0.698091165615703,Train
HOZFEJ_clean,8.96888,8.2985,8.96888,1.10337,952.541,863.301,0.0,0.0,0.4856,0.440106,0.0,0,0.0086401941,0.7988561819,0.7995137807578447,Train
HOZTOG_clean,8.69843,6.41352,8.68476,1.38534,1756.27,1267.75,0.0,0.0,0.642,0.463424,0.0,0,0.0087956155,0.8244729115999999,0.7983256869883268,Train
HOZXEB_clean,5.47734,4.35167,5.29891,2.01178,1095.39,544.49,0.870043,0.432475,0.5328,0.264841,0.0,1,0.0217811473,1.0885658067,1.2958965063821108,Test
HUCBEN_manual,5.37435,4.22886,5.37435,1.12816,1186.89,1052.06,0.0,0.0,0.5522,0.48947,0.0,0,0.0673437451,3.4624035959,3.1625856558805703,Train
HUCWOT_clean,6.74016,3.64875,6.72751,1.24419,1425.52,1145.74,0.0,0.0,0.5586,0.448968,0.0,0,0.027187378,1.9359451377,1.9253193532183015,Train
HUCWUZ_clean,6.73347,3.6531,6.72302,1.2549,1424.07,1134.81,0.0,0.0,0.5568,0.443702,0.0,0,0.0274895446,1.9689470886,1.897339236188808,Test
HUCXAG_clean,6.73203,3.67524,6.71149,1.26793,1413.13,1114.52,0.0,0.0,0.5564,0.438826,0.0,0,0.0274741063,1.9513400546,1.9039545081492764,Train
HUCXEK_clean,6.73085,3.71981,6.7271,1.26713,1437.51,1134.46,0.0,0.0,0.5568,0.439419,0.0,0,0.0266475073,1.9313304289,1.867111867946936,Test
HUCXIO_clean,6.71014,3.72796,6.70426,1.27761,1431.04,1120.09,0.0,0.0,0.554,0.433623,0.0,0,0.0269657561,1.9262493287,1.8812133843850143,Test
HUCXOU_clean,6.73345,3.74488,6.72117,1.28647,1439.37,1118.85,0.0,0.0,0.5556,0.43188,0.0,0,0.0274231243,1.9496681736,1.8966389769995242,Test
HUCXUA_clean,6.72319,3.76747,6.7027,1.29306,1441.14,1114.52,0.0,0.0,0.5554,0.429523,0.0,0,0.0273151215,1.9355510203,1.8943027787533502,Test
HUDMAW_clean,5.85435,3.49017,5.85435,1.41425,459.28,324.752,4.50371,3.18452,0.4168,0.294714,0.0,0,0.0217452912,1.0309022531999998,1.0332812488060505,Train
HUDWUA_clean,5.86312,3.92573,5.85006,1.18848,1521.84,1280.49,0.0,0.0,0.5574,0.469003,0.0,1,0.0454348798,2.6535539588,2.697254562238249,Test
HUFHEX_clean,11.02675,7.87011,11.02675,0.803859,2205.78,2743.99,0.0,0.0,0.7232,0.89966,0.0,1,0.0129909946,1.2269683155,1.2286623165617816,Train
HUFHIB_clean,9.90019,7.46213,9.90004,0.9042,1987.19,2197.73,0.0,0.0,0.6998,0.773944,0.0,1,0.0160252849,1.4176541622,1.4714627779059584,Test
HUFHOH_clean,11.37997,7.84586,11.37913,0.791329,2050.25,2590.9,0.0,0.0,0.7294,0.921741,0.0,1,0.0125347352,1.1676769105,1.108961904180486,Train
HUFHUN_clean,11.46361,8.17134,11.46361,0.780594,2181.16,2794.23,0.0,0.0,0.7478,0.957988,0.0,1,0.0127703039,1.2049290028,1.1727138826894108,Train
HUFJAV_clean,10.82518,7.21362,10.82516,0.846584,2017.74,2383.39,0.0,0.0,0.7126,0.841735,0.0,1,0.0122446137,1.1480329595999998,1.1042000528260383,Train
HUFJEZ_clean,8.97021,6.86873,8.96999,1.02124,1801.67,1764.2,0.0,0.0,0.6662,0.652342,0.0,1,0.0155839035,1.4422442295,1.4470812692495065,Train
HUFKUQ_clean,12.94916,9.87431,12.94916,0.591794,2246.92,3796.8,0.0,0.0,0.7696,1.30045,0.0,1,0.0208581281,1.8610766051,1.930820091775025,Train
HUFLUR_clean,4.58854,4.14721,4.58854,1.14854,1287.04,1120.59,0.0,0.0,0.5678,0.494365,0.0,1,0.0131628909,1.1386262709,1.1180380237148,Test
HUFMUS_clean,4.79853,3.61328,4.79853,1.52895,747.86,489.132,0.0,0.0,0.4994,0.326629,0.0,1,0.0105348591,0.8044451590999999,0.7785966380189515,Train
HUFYIS_clean,4.3139,3.55368,4.30056,2.21162,511.056,231.077,0.0,0.0,0.5152,0.232951,0.0,1,0.0131486214,0.8880937762000001,0.9073368667257282,Train
HUHBET_clean,5.15548,4.03539,5.14476,1.3667,952.931,697.251,1.82887,1.33817,0.456,0.333651,0.0,1,0.0065000268,0.5435894951,0.551526891954534,Train
HUHNIJ_clean,6.23729,5.3405,6.23046,1.03071,1170.03,1135.17,0.0,0.0,0.5464,0.530122,0.0,1,0.0172061484,1.3106928184,1.3454593350295359,Train
HUJGEA_clean,12.53944,4.7914,12.4029,0.822662,2143.27,2605.28,0.0,0.0,0.7056,0.857703,0.0,1,0.0450796757,3.1412260098,2.9570458933525887,Train
HUJVOX_clean,5.27825,3.53087,5.19969,0.862596,1941.73,2251.03,0.0,0.0,0.6554,0.7598,0.0,1,0.0330371133,2.6263728145,2.5791217336616983,Test
HULCOI_clean,19.48655,7.36184,19.24065,0.593799,2227.14,3750.66,0.0,0.0,0.7806,1.31459,0.0,1,0.0244242693,2.1838275174,2.2167896634253523,Test
HULRIR_clean,9.43814,4.59805,9.43814,1.24517,1642.64,1319.2,2.40063,1.92795,0.6318,0.5074,0.0,1,0.0226194543,1.9455273214,1.8121220983210875,Test
HULTEN_clean,5.18269,3.6406,5.1729,1.69201,1269.56,750.33,0.0,0.0,0.571,0.337469,0.0,0,0.1399823439,3.4030764186,3.514152955603241,Train
HULTEP_clean,7.49376,5.16023,7.49376,0.72122,2310.7,3203.88,0.0,0.0,0.6912,0.958376,0.0,0,0.0360351088,3.2102822516,3.123885754366012,Train
HUMWIX_clean,14.98566,9.18322,14.98566,0.727734,1500.13,2061.37,168.676,231.782,0.6626,0.910497,0.0,1,0.0302390827,2.2008752978,2.3082933665466636,Test
HUPQIU_clean,11.12952,5.24741,11.12952,1.02735,1615.52,1572.51,0.0,0.0,0.5816,0.566115,0.0,1,0.0165813893,1.337262675,1.446738065490115,Test
HUQGOR_clean,10.27351,7.23414,10.27351,0.702938,1802.86,2564.75,0.0,0.0,0.6908,0.982733,0.0,1,0.0271797016,2.29406429,2.3163417305517497,Test
HUQGUX_clean,10.2361,7.27261,10.14502,0.69251,1823.51,2633.19,0.0,0.0,0.6952,1.00388,0.0,1,0.0247154844,2.1236444837,2.198379510690211,Test
HUQHAE_clean,10.11008,7.63969,10.07674,0.70182,1853.59,2641.12,0.0,0.0,0.6866,0.978314,0.0,1,0.0268718728,2.2964223373,2.307507845297402,Train
HUQHEI_clean,10.39855,7.33583,10.39855,0.70723,1815.66,2567.28,0.0,0.0,0.6916,0.9779,0.0,1,0.0267536403,2.2300671747,2.2633432392761064,Test
HUQHIM_clean,10.2269,8.71112,10.19864,0.711062,1763.31,2479.82,0.0,0.0,0.6842,0.962223,0.0,1,0.0260283245,2.306790518,2.213685581894273,Test
HUQHOS_clean,9.73841,7.14116,9.73841,0.752041,1815.26,2413.78,0.0,0.0,0.677,0.900216,0.0,1,0.0271425057,2.2698830759,2.28527647234449,Test
HUQHUY_clean,12.11698,9.08074,12.11414,0.619951,1818.86,2933.88,0.0,0.0,0.7208,1.16267,0.0,1,0.0246942356,2.17549521,2.135289625715206,Test
HURFEH_clean,7.40163,5.27423,7.39913,1.02718,1852.44,1803.42,0.0,0.0,0.6308,0.61411,0.0,1,0.0554795225,2.6906332846,2.860544417384606,Train
HURGEH_clean,7.76009,5.17265,7.74555,1.0195,2020.5,1981.85,0.0,0.0,0.6252,0.613242,0.0,1,0.0212189852,1.8280413195,1.7889607902133773,Test
HURGUX01_clean,4.95927,3.84058,4.95343,1.32588,650.018,490.253,0.0,0.0,0.4448,0.335474,0.0,1,0.052962315,1.8610872499,1.807276124425176,Train
HURGUX_clean,4.97475,3.84254,4.97057,1.32525,657.853,496.398,0.0,0.0,0.4546,0.343029,0.0,1,0.052606217,1.8734819049,1.8700567805683943,Train
HUVHOX_clean,5.48842,3.66587,5.4468,1.48531,1066.45,718.001,0.0,0.0,0.5288,0.356021,0.0,1,0.0750374448,3.0641087716000004,2.8529913142078023,Train
HUWDEJ_clean,4.9355,3.41269,4.9355,1.26902,576.242,454.085,0.0,0.0,0.4542,0.357915,0.0,0,0.0422157103,1.5011550391,1.630430590398166,Test
HUWHOY_clean,6.08119,4.05672,5.74775,0.950744,2154.5,2266.13,0.0,0.0,0.64,0.673157,0.0,1,0.0511083536,3.4617612912,3.553134158830929,Train
HUWLUI_clean,8.75473,4.69687,8.74085,1.19037,1892.69,1590.0,0.0,0.0,0.6324,0.531265,0.0,0,0.0191634375,1.6723182932,1.532655232044565,Test
HUWPIA_clean,6.29862,4.63989,6.29862,1.01225,1229.62,1214.75,0.0,0.0,0.5338,0.527343,0.0,0,0.0642148597,2.9623538656,3.0207096843188106,Train
HUWSUN_clean,6.32885,4.07784,6.32149,0.837909,1976.96,2359.4,0.0,0.0,0.6126,0.731105,0.0,0,0.0485018167,3.7374494365,3.643816099213571,Train
HUXWAY_clean,8.32795,7.15006,8.32795,1.52785,1060.51,694.117,0.0,0.0,0.5724,0.374644,0.0,1,0.0044679946,0.4183260061,0.4081522285185688,Train
HUYJOA_clean,6.60468,3.67142,6.60468,0.952542,1431.54,1502.86,0.0,0.0,0.5926,0.622125,0.0,1,0.0344820985,2.5035867088,2.508151746870972,Test
HUYJUG_clean,9.25957,5.86045,9.25957,0.936428,1023.97,1093.48,181.933,194.284,0.5896,0.629627,0.0,1,0.0247944208,1.6449019097,1.7080004251541347,Train
HUYKAN_clean,9.77773,6.64666,9.77773,0.912205,1093.16,1198.37,132.875,145.663,0.5876,0.644153,0.0,1,0.0261936453,1.6082718719,1.6379659067374788,Train
HUYKER_clean,10.78123,7.93542,10.78123,0.823199,1422.11,1727.54,11.597,14.0878,0.6292,0.764335,0.0,0,0.014887059,1.236378838,1.2744218312542048,Train
HUYKIV_clean,13.89985,13.68041,13.89985,0.580343,1228.9,2117.55,17.6299,30.3783,0.7586,1.30716,0.0,1,0.0200968689,1.3520414738,1.4977414831566276,Train
HUYKOB_clean,12.11737,9.13356,12.10852,0.81232,1278.02,1573.3,19.6901,24.2393,0.6314,0.77728,0.0,0,0.0277200138,1.4548794273,1.9398450659858288,Test
HUYKUH_clean,11.74767,8.70516,11.74078,0.798853,1389.42,1739.27,15.3936,19.2696,0.6548,0.819675,0.0,0,0.0183102564,1.1815817531,1.486726265687057,Test
HUZFEO_clean,5.36799,3.75589,5.36799,1.02114,1113.68,1090.63,0.0,0.0,0.58,0.567992,0.0,0,0.0795593405,3.4300256684,3.5063757134764737,Train
HUZSOL_clean,9.96894,8.00393,9.95333,0.905605,1288.39,1422.68,0.0,0.0,0.602,0.664749,0.0,1,0.0306715691,1.8263527493,1.874094843150798,Train
HUZSUR_clean,9.15011,7.4108,9.12328,0.889985,1539.75,1730.09,0.0,0.0,0.5804,0.652146,0.0,1,0.0316011497,1.8730528396,2.2861382166722444,Test
HUZXAD_clean,11.46912,7.77199,11.4651,0.64457,2049.85,3180.18,0.0,0.0,0.7146,1.10865,0.0,1,0.024836864,2.2130838226,2.165085221964998,Train
HUZXEH_clean,10.51647,6.32242,10.51647,0.652816,2155.36,3301.64,0.0,0.0,0.7166,1.09771,0.0,0,0.0279146594,2.328866177,2.3500218724991533,Train
HUZXIL_clean,10.514,7.06946,10.514,0.669354,2073.02,3097.05,0.0,0.0,0.7026,1.04967,0.0,1,0.0289426231,2.4365696221,2.454343353475246,Train
HUZXOR_clean,11.426,7.94889,11.41586,0.669497,1905.96,2846.85,0.0,0.0,0.7086,1.05841,0.0,1,0.0274022528,2.2359287398,2.287813689799126,Train
HUZXUX_clean,9.29118,6.23555,9.29118,0.722566,1940.52,2685.59,0.0,0.0,0.6812,0.942751,0.0,1,0.0294246233,2.2760658718,2.4501839360681057,Test
HUZYAE_clean,9.33073,8.38879,9.32654,0.70416,2028.32,2880.48,0.0,0.0,0.6852,0.973074,0.0,0,0.0402844479,2.8293545918,2.9420225278034016,Train
IBABOF01_clean,5.88201,4.55805,5.8327,1.10239,1625.66,1474.66,0.0,0.0,0.5558,0.504176,0.0,0,0.0413102282,2.5102842786000004,2.6171717909927423,Train
IBABOF_clean,5.93645,4.5492,5.93645,1.10165,1649.71,1497.5,0.0,0.0,0.558,0.506515,0.0,0,0.0412078939,2.5419687612,2.636151861456843,Test
IBABUL_clean,6.15206,4.47904,5.79334,1.09763,1721.78,1568.64,0.0,0.0,0.559,0.50928,0.0,0,0.0423234646,2.6299762998,2.666199081739578,Train
IBACAS_clean,6.00206,4.65234,5.82846,1.09941,1650.0,1500.81,0.0,0.0,0.5576,0.507182,0.0,0,0.0428363997,2.6277565289,2.670041538789485,Train
IBARUA_clean,7.1268,5.0269,7.1268,1.98004,834.649,421.532,0.0,0.0,0.4306,0.217471,0.0,0,0.0148399808,0.9029230956,0.9029218521832687,Train
IBASAH_clean,7.16916,5.08713,7.16916,1.9547,862.063,441.02,0.0,0.0,0.4422,0.226224,0.0,0,0.0141978976,0.8918226452,0.9122251341591392,Train
IBASEL_clean,7.42906,5.13218,7.42906,1.77226,891.565,503.068,0.0,0.0,0.4602,0.259669,0.0,0,0.014318615,0.9889871156,0.9879824841012561,Train
IBASOV_clean,7.32486,5.10994,7.32486,1.82355,868.952,476.517,0.0,0.0,0.451,0.24732,0.0,0,0.0145886687,0.9686584098,0.9688464524168351,Train
IBASUB_clean,7.25865,5.07987,7.25865,1.86882,874.187,467.775,0.0,0.0,0.4444,0.237797,0.0,0,0.0143715342,0.9501885001,0.9583242278185506,Train
IBATEM_clean,7.23101,5.08834,7.23101,1.90327,884.824,464.897,0.0,0.0,0.4492,0.236015,0.0,0,0.0141795971,0.9125770219,0.952253374845385,Test
IBEYOE_clean,6.06432,4.11134,6.06432,2.34842,1354.27,576.674,0.0,0.0,0.5366,0.228494,0.0,1,0.007719925,0.6620231782,0.6226174704749998,Train
IBICAZ_clean,9.97802,9.8426,9.97802,1.0723,1065.95,994.074,0.0,0.0,0.5548,0.517392,0.0,0,0.0087720886,0.8339727453,0.8172890155193857,Train
IBICED_clean,10.07018,9.94208,10.07018,1.22593,1035.72,844.843,0.0,0.0,0.5562,0.453697,0.0,0,0.0078611147,0.7456654299,0.7160861936728042,Train
IBICIH_clean,9.99905,9.84285,9.99905,1.06849,1087.54,1017.83,0.0,0.0,0.5632,0.527098,0.0,0,0.0089230984,0.8247881971,0.8289339799718587,Train
IBICON_clean,10.09823,9.93982,10.09823,1.22363,1026.52,838.914,0.0,0.0,0.5488,0.448503,0.0,0,0.0081092982,0.7435322334000001,0.7407064647715786,Train
IBIRES_clean,6.08051,3.77232,6.05891,1.56855,1166.99,743.994,0.0,0.0,0.5416,0.345287,0.0,1,0.0205532568,1.2486445952,1.393861666503132,Train
IBITUK_clean,5.114,4.10664,5.114,1.17728,905.001,768.724,0.0,0.0,0.527,0.447643,0.0,1,0.0183064698,1.3062890995,1.2692055613408844,Train
IBIYOI_ion_b,5.57969,4.82285,5.52558,1.97565,709.524,359.134,0.0,0.0,0.437,0.221193,0.0,1,0.0173516548,0.8384224286,0.9429690685173862,Train
IBOTEY_clean,8.07557,7.19713,7.70521,0.981503,1333.18,1358.3,51.1851,52.1497,0.584,0.595006,0.0,0,0.0251415833,1.9406298699,1.9771882321351402,Train
IBOTIC_clean,6.31717,4.2524,6.31717,0.893807,2347.07,2625.93,0.0,0.0,0.6358,0.711339,0.0,0,0.0384716479,3.1396855477,3.221428403220778,Train
IBOTOI_clean,9.5634,6.50142,9.5634,0.680526,2284.07,3356.33,0.0,0.0,0.7158,1.05183,0.0,0,0.0182622723,1.6723834699000002,1.6599493142223645,Train
IBOZIK_clean,6.1387,4.49344,6.1387,0.940059,2165.41,2303.48,0.0,0.0,0.6574,0.699317,0.0,1,0.0266155807,2.1334656708,2.2105136234639398,Train
IBUBAL_clean,8.56175,6.50064,8.56175,1.3766,1598.36,1161.09,0.0,0.0,0.5934,0.431061,0.0,1,0.0137072524,1.1533373676,1.1915223829548272,Train
IBUBIT_clean,11.26336,10.79912,11.26336,0.878987,1904.31,2166.48,0.0,0.0,0.7036,0.800467,0.0,1,0.0140235092,1.2663087589,1.2988083248550566,Train
IBUDOZ_clean,5.08668,4.25333,5.08214,1.48919,879.713,590.733,0.0,0.0,0.5098,0.342334,0.0,1,0.0384244114,1.6376895082,1.7602774368006109,Train
IBUYAH_clean,4.28353,4.03476,4.28353,1.49492,252.024,168.587,0.0,0.0,0.3994,0.267172,0.0,1,0.0088298628,0.5132957099000001,0.48799401840075984,Train
ic025743v_s1_clean,5.43084,3.59671,5.41371,0.985749,2031.66,2061.03,0.0,0.0,0.67,0.679686,0.0,1,0.0080124148,0.7636624773,0.7700418270938896,Train
ic034943jsi20030807_040506_clean,5.2265,4.77382,5.2265,1.35803,835.979,615.584,0.0,0.0,0.4602,0.338874,0.0,1,0.0342046254,1.605081458,1.6226841151746307,Test
ic050064gsi20050115_040515_clean,7.09944,5.34059,6.92965,0.893388,2231.12,2497.37,0.0,0.0,0.6764,0.757118,0.0,1,0.0329528922,2.6206981406,2.6373305015775284,Train
ic051810ksi20060220_094504_clean,6.9462,5.87305,6.9462,1.26346,2180.21,1725.6,0.0,0.0,0.6444,0.51003,0.0,1,0.0258417094,2.0904992298,2.0777732126506065,Train
ic0520162si20051122_054836_clean,6.8306,5.22442,6.80585,1.96079,794.081,404.98,10.1093,5.15573,0.4932,0.251531,0.0,1,0.0096990873,0.6785143711,0.6844638534812924,Train
ic060030osi20060309_091447_clean,7.66338,4.13517,7.08387,1.45852,1622.05,1112.12,0.0,0.0,0.6038,0.41398,0.0,1,0.0190895771,1.5225867982,1.4986787697192365,Train
ic060608urom20060410_101638_clean,4.58785,3.57723,4.32835,1.52818,688.664,450.644,0.0,0.0,0.5224,0.341845,0.0,0,0.0711684396,2.5365630293,2.4904858334669746,Train
ic060771psi20060614_113937_clean,5.26056,3.44551,5.26056,1.3794,1193.29,865.074,0.0,0.0,0.5622,0.407567,0.0,1,0.0335202154,2.0210932127000003,1.9368277090153196,Train
ic070274o-file006_clean,9.5696,5.43482,9.51118,0.6688,2216.08,3313.52,0.0,0.0,0.6986,1.04456,0.0,0,0.0254991974,2.3653156796,2.259229425400774,Test
ic100188w_si_002_clean,7.49679,5.33186,7.49523,1.88994,791.307,418.693,0.0,0.0,0.3762,0.199054,0.0,0,0.0256441928,1.1704650429,1.3389526379720702,Test
ic101789u_si_002_clean,5.93071,5.35547,5.91488,0.866561,2600.04,3000.42,0.0,0.0,0.6794,0.784019,0.0,0,0.050538522,3.8917583233,3.907050130653231,Train
ic101935f_si_002_auto,13.52781,8.78691,13.51433,0.408029,2079.05,5095.35,0.0,0.0,0.8498,2.08269,0.0,0,0.0179846915,1.7505832094,1.7383117468348752,Train
ic102347b_si_001_clean,7.286,6.24859,7.286,0.867522,2138.17,2464.68,0.0,0.0,0.647,0.745803,0.0,1,0.0297754264,2.6215105878,2.48467850049773,Test
ic2017598_si_001_clean_h,14.86745,7.89388,14.86745,0.609156,2262.99,3714.96,0.0,0.0,0.7982,1.31034,0.0,0,0.0164979907,1.5550563684,1.5812294279111696,Test
ic202626c_si_002_clean,4.17676,3.4851,4.17082,1.22883,636.577,518.037,0.0,0.0,0.5146,0.418774,0.0,0,0.0341582139,2.2918280505,1.8402820241545008,Test
ic202769e_si_002_clean,5.53082,4.05182,5.47464,1.47192,707.209,480.467,0.0,0.0,0.4518,0.306946,0.0,0,0.0274129185,1.1879722763,1.3055918682116467,Test
ic300665a_si_002_clean,6.76851,6.40962,6.75925,1.06856,1310.99,1226.88,0.0,0.0,0.5662,0.529874,0.0,1,0.030502378,1.8857867435,2.0922648822771253,Test
ic3019502_si_002_clean,8.03478,4.99407,8.03478,0.817121,2079.34,2544.72,0.0,0.0,0.6862,0.839778,0.0,1,0.0353539274,3.0811923994,2.869191655612429,Train
ic400607w_si_001_clean,8.03748,6.22623,7.97705,1.08776,1912.85,1758.52,0.0,0.0,0.6308,0.579905,0.0,0,0.0228990271,1.8756828147,1.925448446030894,Test
ic400777c_si_002_clean,6.92734,4.01933,6.90734,1.34581,1520.73,1129.98,0.0,0.0,0.5638,0.418931,0.0,1,0.0707899139,3.0981460444,3.1523967224124583,Train
ic401157n_si_002_clean,8.07184,5.576,8.06069,0.920261,2034.27,2210.53,0.0,0.0,0.6426,0.69828,0.0,0,0.0275231473,2.2619562095,2.3206456263237834,Test
ic401157n_si_003_clean,8.36266,5.62116,8.35172,0.801466,2331.72,2909.32,0.0,0.0,0.6656,0.830478,0.0,1,0.049123939,3.5984827782,3.6838637199632003,Test
ic402058f_si_002_clean,5.68988,4.36716,5.68491,1.37492,565.476,411.28,350.976,255.27,0.5054,0.367586,0.0,1,0.0529986802,2.0425931639,2.068098059942911,Train
ic402058f_si_003_clean,5.34889,4.37091,5.2699,1.32744,1070.91,806.748,0.0,0.0,0.5284,0.398059,0.0,1,0.06762468,2.7736295506,2.7234391734226304,Test
ic402058f_si_004_clean,5.82311,4.37702,5.76138,1.28628,1179.38,916.891,0.0,0.0,0.5444,0.423237,0.0,1,0.0547304753,2.5639273813,2.5234674704145497,Train
ic402058f_si_005_clean,5.71457,4.11763,5.69455,1.40487,535.949,381.495,295.743,210.514,0.4902,0.34893,0.0,1,0.0545419589,1.9490087321,2.0144652120877016,Train
ic402692p_si_002_clean,7.57252,6.20483,7.53216,1.12902,2001.22,1772.53,0.0,0.0,0.6518,0.577314,0.0,0,0.043861859,2.848530401,3.0316780411763347,Train
ic402692p_si_003_clean,5.22305,3.60975,4.94835,1.24721,1324.38,1061.87,0.0,0.0,0.5356,0.429439,0.0,1,0.0651220648,3.2764963244,3.109921812029076,Train
ic402692p_si_004_clean,14.06271,4.49755,14.06271,0.931261,2158.03,2317.32,0.0,0.0,0.6974,0.748877,0.0,1,0.0289211582,2.3596057846000003,2.3519829273596806,Train
ic402692p_si_005_clean,8.36657,7.12488,8.36657,1.09017,2068.01,1896.96,0.0,0.0,0.651,0.597155,0.0,1,0.0313634349,2.5582832228,2.39980614239972,Test
ic403134c_si_002_clean,5.082,3.77684,5.05347,1.04512,1065.89,1019.88,0.0,0.0,0.4842,0.463297,0.0,0,0.1082355161,3.3216896356,3.3252801809370567,Train
ic500323r_si_001_clean,5.40217,4.39968,5.38357,1.7244,1051.83,609.969,0.0,0.0,0.4942,0.286592,0.0,1,0.0115839512,0.8665004925,0.8483994320199975,Test
ic500323r_si_002_clean,5.13222,4.08543,5.13222,1.68431,1029.92,611.476,0.0,0.0,0.4906,0.291276,0.0,1,0.0146586559,1.0242011947,0.9882497606731357,Train
ic5008457_si_002_clean,5.97545,4.80817,5.79843,0.950435,2209.73,2324.97,0.0,0.0,0.6536,0.687685,0.0,1,0.0288374843,2.2884785451,2.328722808269494,Test
ic5011133_si_002_clean,5.81331,3.76182,5.80948,1.18896,1513.31,1272.8,0.0419839,0.0353114,0.5602,0.471167,0.0,1,0.0389434169,2.7511869265,2.4755354954928723,Test
ic5011133_si_003_clean,6.22091,5.02145,6.15779,1.0165,1852.81,1822.74,0.0,0.0,0.6262,0.616036,0.0,0,0.0318444653,2.5061959629,2.4771074501608137,Test
ic5011133_si_004_clean,5.76939,3.85425,5.57935,1.03783,2096.3,2019.88,0.0,0.0,0.6036,0.581597,0.0,1,0.0264088192,2.2055850802,2.1645195717732113,Train
ic501477u_si_002_clean,8.32761,5.8376,8.32761,0.662866,2535.19,3824.58,0.0,0.0,0.725,1.09373,0.0,0,0.023564363,2.1420780568,2.175711458034976,Test
ic501801f_si_002_clean,7.62911,3.95603,7.62911,0.921866,1772.69,1922.93,0.0,0.0,0.5984,0.649118,0.0,1,0.0205278371,1.6934630494,1.759539833552666,Train
ic501801f_si_003_clean,7.15079,6.5153,7.14534,0.88298,1302.1,1474.67,43.0565,48.7627,0.5668,0.641917,0.0,1,0.0157421325,1.3618047764,1.3296107908468648,Train
ic501849g_si_002_clean,6.90703,4.72819,6.90703,1.13022,1690.08,1495.36,0.0,0.0,0.5888,0.520963,0.0,1,0.0255668736,1.9506568633,1.9753593107728395,Train
ic5021302_si_002_clean,7.40462,5.14931,5.97305,1.03321,929.837,899.95,920.441,890.857,0.6068,0.587296,0.0,0,0.0358985683,2.6122158916,2.437263746892592,Test
ic502254c_si_002_clean,12.68207,7.60887,12.68207,0.711281,1866.25,2623.79,0.0,0.0,0.7144,1.00439,0.0,1,0.01778767,1.6480905048,1.5985741862498057,Train
ic502643m_si_003_clean,9.70753,8.64872,9.70205,0.819549,2343.2,2859.13,0.0,0.0,0.7048,0.859985,0.0,1,0.0287625317,2.4980054051,2.448299367850607,Train
ic502643m_si_006_clean,9.0043,8.36575,9.0043,0.810849,2358.37,2908.52,0.0,0.0,0.7174,0.884751,0.0,1,0.0304224451,2.5323836008,2.484597752581198,Test
ic502643m_si_007_clean,13.1918,11.62964,13.1918,0.690929,2270.17,3285.68,0.0,0.0,0.7542,1.09157,0.0,1,0.0250987741,2.2006894947,2.1671213292506764,Test
ic502643m_si_008_clean,9.64298,8.71131,9.6207,0.809539,2189.42,2704.52,0.0,0.0,0.7184,0.887419,0.0,1,0.0355385614,2.6506334007,2.6265952404880575,Train
ic502643m_si_009_clean,12.65736,11.14997,12.63796,0.678305,2348.61,3462.47,0.0,0.0,0.757,1.11602,0.0,1,0.0264012837,2.2836186438,2.247679550421273,Train
ic502643m_si_010_clean,12.46942,12.09962,12.4634,0.660845,2360.76,3572.33,0.0,0.0,0.7614,1.15216,0.0,1,0.0252765531,2.1883956424,2.184763836312601,Train
ic502725y_si_004_clean,9.62394,4.35849,9.62394,1.57097,2049.09,1304.34,0.0,0.0,0.6364,0.405099,0.000509239,0,0.0142065134,1.2094632142,1.2297777084544306,Train
ic502730y_si_002_clean,6.89356,6.68644,6.89356,1.03024,1630.4,1582.54,0.0,0.0,0.626,0.607627,0.0,0,0.0266673825,2.1658139951,2.2796662335022937,Test
ic502921j_si_002_clean,10.79969,7.20507,10.77322,1.03513,1844.88,1782.26,0.0,0.0,0.6792,0.656147,0.0,1,0.0209235067,1.7437085305000002,1.7618770990341994,Train
ic502921j_si_003_clean,7.7085,4.09601,7.43001,1.34893,1247.81,925.035,50.2931,37.2837,0.56,0.415144,0.0,1,0.0224688144,1.5871999981,1.5295596566349738,Train
ic5029383_si_002_clean,13.89608,6.70448,13.87452,0.615292,2325.45,3779.43,0.0,0.0,0.7826,1.27192,0.0,1,0.0249484233,2.2696798692,2.274790368797971,Train
ic5b00096_auto,12.59507,5.60823,12.59507,0.755193,2269.89,3005.71,0.0,0.0,0.7192,0.952339,0.000264833,0,0.01124146,1.0620729815,1.0946913274917833,Train
ic5b00130_si_002_clean,5.93683,5.18128,5.93683,1.3408,561.854,419.044,0.0,0.0,0.4314,0.321748,0.0,0,0.0231358378,0.9972060977,1.0792875409156188,Train
ic5b00194_si_002_clean,8.53834,6.535,8.52358,0.823713,2522.95,3062.9,0.0,0.0,0.705,0.85588,0.0,1,0.0480331665,3.4724036803,3.504703294810491,Test
ic5b00535_si_002_clean,17.88281,5.61829,17.88281,0.59819,1804.02,3015.8,0.0,0.0,0.749,1.25211,0.000668684,0,0.0271038499,2.1841043848,2.3609634218302733,Test
ic5b01023_si_002_clean,12.81278,3.94057,12.81278,0.929822,1555.72,1673.14,0.0,0.0,0.6134,0.659696,0.0,1,0.056612221,3.1520342949,3.065442449673486,Test
ic700893w-file001_clean,4.64861,4.20723,4.64861,1.96566,477.402,242.871,0.0,0.0,0.3902,0.198508,0.0,1,0.0127810286,0.6841015491,0.6887682035995051,Train
ic7014034-file001_clean,6.72718,4.71693,5.67099,0.945137,1965.67,2079.78,0.0,0.0,0.6212,0.657259,0.0,1,0.0434427635,3.0296475541000003,3.006463523901963,Train
ic7025158-file001_clean,6.29254,4.20047,6.29254,1.82522,2184.33,1196.75,0.0,0.0,0.6642,0.363901,0.0,1,0.0096417961,0.8174754812999999,0.8583687473552462,Train
ic800131r-file003_clean,12.9498,9.58722,12.94902,0.417413,1982.69,4749.95,0.0,0.0,0.8202,1.96496,0.0,1,0.0187934151,1.8117992023,1.8320218620253166,Train
ic8004536-file004_clean,6.6968,4.95321,6.255,1.67243,1875.63,1121.5,0.0,0.0,0.609,0.364141,0.000119587,1,0.0060345006,0.5626480956000001,0.5603905021452043,Train
ic9002115_si_001_clean,5.30738,5.07102,5.30738,1.24196,982.107,790.77,0.0,0.0,0.4718,0.379883,0.0,0,0.0483655804,2.2498588535,2.1897558980816387,Train
ICAGOK_clean,8.74413,5.00268,8.74413,0.838204,1937.33,2311.28,0.0,0.0,0.645,0.769503,0.0,1,0.026038741,2.2352214236,2.1785756811471773,Test
ICAQIO_clean,20.39112,7.95732,20.39112,0.40349,1914.78,4745.53,0.0,0.0,0.8268,2.04912,0.0,0,0.0218757121,2.1224487004,2.1012383067505196,Train
ICAQOU_clean,20.29966,7.90669,20.29476,0.413296,1915.83,4635.5,0.0,0.0,0.824,1.99373,0.0,0,0.0212381038,2.0903698898,1.9749709218757974,Test
ICAROV_clean,20.33339,7.92146,20.31568,0.406521,1928.4,4743.67,0.0,0.0,0.8236,2.02597,0.0,0,0.0215562692,2.1146364723,2.049973882403779,Train
ICAWUF_clean,8.09105,7.71087,8.06629,1.03438,1360.39,1315.18,0.0,0.0,0.5716,0.552602,0.0,1,0.018427499,1.5055376837,1.5210910197951983,Test
ICEGED_clean,7.44329,6.41787,7.44329,0.943252,2339.38,2480.12,0.0,0.0,0.7078,0.750383,0.0,1,0.0206932286,1.8353568245,1.850031491831764,Test
ICISAP_clean,8.79152,6.71431,8.77922,0.851648,2192.52,2574.44,0.0,0.0,0.6926,0.813247,0.0,1,0.0317611336,2.4990896173,2.4730633307307537,Test
ICIVAS_clean,5.79063,4.60472,5.70801,1.33492,507.517,380.187,462.251,346.277,0.4564,0.341894,0.0,1,0.0246736243,1.6169297806,1.5059131302302036,Test
ICODIP01_clean,12.6239,9.97272,12.61095,0.806244,1575.25,1953.81,0.0,0.0,0.686,0.850859,0.0,0,0.0199278687,1.7634404519,1.655757313815104,Test
ICODIP_clean,12.5506,9.93166,12.1307,0.813948,1593.28,1957.47,0.0,0.0,0.685,0.841577,0.0,0,0.0209394356,1.8183157591,1.7879852434638877,Train
ICORAV_ion_b,4.97918,4.38997,4.82512,1.76091,1048.99,595.709,0.0,0.0,0.479,0.272019,0.0,1,0.0081021119,0.6278548638,0.6398086097048015,Train
ICOWON_clean,5.79599,4.2449,5.79493,1.26187,1474.68,1168.65,0.0,0.0,0.5752,0.45583,0.0,1,0.0201101014,1.463883567,1.4646271738294179,Train
IDEYOF_clean,10.03153,6.17304,10.03153,0.42881,2478.11,5779.04,0.0,0.0,0.8074,1.88288,0.0,1,0.0214881581,2.0368272583,2.1083805391933237,Test
IDIWIB_clean,6.62997,6.29787,6.59524,1.04722,1606.71,1534.25,0.0,0.0,0.612,0.584403,0.0,0,0.0282633329,2.2525026952,2.2869639983172863,Test
IDIWUN_clean,10.73827,9.8398,10.73827,0.874765,1685.19,1926.45,0.0,0.0,0.684,0.781924,0.0,0,0.0207244629,1.8555759792,1.7681290246719463,Test
IDIXAU_clean,9.41711,9.09464,9.41711,0.965845,1677.36,1736.68,0.0,0.0,0.6676,0.691208,0.0,0,0.0249475875,2.1848965212,2.1809100008313274,Train
IDORAW_clean,10.66058,7.94571,10.64148,0.758358,1989.66,2623.65,0.0,0.0,0.7566,0.997682,0.0,1,0.0161789113,1.3929749609,1.5068606554542552,Train
IDUDIW_clean,4.41225,3.49442,4.39662,1.09369,1435.22,1312.27,0.0,0.0,0.577,0.527571,0.0,0,0.0491198726,3.248059526,3.255870144939675,Test
IDUTUW_clean,4.95983,4.34552,4.92681,3.2621,618.922,189.731,0.0,0.0,0.4194,0.128567,0.0,1,0.0039432045,0.2730838482,0.26128743254622977,Train
IFAGON_clean,7.26408,5.9349,7.24141,0.928559,1699.23,1829.96,0.0,0.0,0.6226,0.670501,0.0,1,0.0311228447,2.5431166227,2.4423333342661775,Train
IFAHEC_clean,8.64157,7.39543,8.63925,1.95986,1143.21,583.31,50.6979,25.8681,0.5464,0.278795,0.0,1,0.2879695755,3.4700955280000003,3.55577774451186,Train
IFASOZ_clean,9.64796,7.3234,9.64796,0.745691,1847.95,2478.17,0.0,0.0,0.6678,0.895545,0.0,1,0.0134080931,1.3068963569,1.2632125434028838,Train
IFEHUY_clean,11.31643,10.12794,11.31643,1.037,1594.72,1537.82,0.0,0.0,0.6458,0.622755,0.0,1,0.0157730116,1.4280257387000002,1.4003275524037222,Train
IFENOY01_SL,7.2447,5.77835,7.2447,1.33475,547.742,410.371,0.0,0.0,0.456,0.341638,0.0,0,0.0044855112,0.416414346,0.41953803589581007,Train
IFENOY02_SL,7.2725,5.76,7.2725,1.32744,548.221,412.992,0.0,0.0,0.4566,0.343971,0.0,0,0.0047926222,0.4224516129999999,0.4211954125295103,Train
IFENOY03_SL,7.28997,5.75367,7.27102,1.31871,593.793,450.282,0.0,0.0,0.4674,0.354437,0.0,0,0.0056498563,0.5127084377000001,0.4894723122582705,Train
IFENOY_clean,7.29661,5.78947,7.29661,1.34939,546.821,405.234,0.0,0.0,0.4514,0.33452,0.0,0,0.0042432034,0.3881573161,0.3920671271334861,Train
IFEPUG_SL,8.50919,8.20364,8.50919,1.3525,636.298,470.459,0.0,0.0,0.441,0.326062,0.0,0,0.0115997798,0.9891094519,0.9381690937604882,Test
IFEQIV_SL,8.23002,7.90173,8.23002,1.32672,694.39,523.389,0.0,0.0,0.4528,0.341293,0.0,0,0.0078820462,0.7247115309000001,0.7261393026243832,Train
IFEYIB_clean,5.67304,3.77404,5.54772,1.56953,1870.34,1191.66,0.0,0.0,0.6516,0.415157,0.0,1,0.0116928281,1.0006737216,0.9974788028321807,Train
IFOSIG_clean,4.26001,3.61738,4.26001,1.58988,662.885,416.939,121.875,76.6569,0.5738,0.360907,0.0,0,0.0073177162,0.6697589557,0.675419049567201,Train
IFUNUU_clean,5.50748,4.0974,5.50748,1.36844,1548.79,1131.79,0.0,0.0,0.5726,0.418432,0.0,1,0.0505009532,2.5194311075,2.7199268813681794,Train
IGAGAA_clean,6.32999,3.64698,6.28248,1.49391,1433.42,959.509,0.0,0.0,0.5336,0.357182,0.0,1,0.0439014666,2.2235229623,2.433420179048317,Test
IGAGUU_clean,16.24786,12.96845,16.24786,0.632439,2294.44,3627.92,0.0,0.0,0.7656,1.21055,0.0,1,0.0208301338,1.8230553909,1.9198159392920722,Test
IGAHAB_clean,8.07676,5.90613,8.07676,1.09695,1250.92,1140.36,257.39,234.642,0.6018,0.548613,0.0,1,0.0465049413,2.0065043397,2.2390217344390897,Train
IGETUL_clean,7.73199,5.01492,7.73199,1.17458,1427.74,1215.53,0.0,0.0,0.5802,0.493962,0.0,1,0.0634135828,2.9359462611,2.870156574979858,Train
IGEXOH_clean,5.20725,4.43194,5.19154,1.26433,2211.95,1749.5,0.0,0.0,0.6598,0.521856,0.0,0,0.0330553807,2.5457103226,2.526656094918625,Test
IGINIX01_clean,5.76124,3.82869,5.74335,1.27239,1739.17,1366.85,0.0,0.0,0.5698,0.447817,0.0,1,0.0481197782,2.9533460225,2.903907259299787,Test
IGINIX_clean,5.75448,3.84672,5.66179,1.27352,1748.75,1373.16,0.0,0.0,0.5668,0.445064,0.0,1,0.0482350108,2.9421255305000003,2.902760898875412,Test
IGITOJ_clean,9.86619,7.72074,9.86533,2.03715,1524.44,748.321,0.0,0.0,0.6278,0.308175,0.0,0,0.0034403927,0.3224089266,0.3179662005973689,Train
IGIZAA_clean,4.5862,3.48961,4.56741,3.31108,485.403,146.6,0.0,0.0,0.374,0.112954,0.0,1,0.0014693673,0.1316053977,0.14943068543486326,Train
IGIZEF_clean,4.69926,3.5008,4.58086,1.87274,282.887,151.055,108.889,58.1444,0.4116,0.219785,0.0,1,0.0478795535,1.5140591819,1.2684400984926105,Test
IGOJEV_clean,6.84915,5.33678,6.8307,1.1268,1367.78,1213.86,0.0,0.0,0.5334,0.473376,0.0,0,0.0316435305,2.2995413453,2.1670599103314983,Test
IGUCIY_clean,4.91096,3.9591,4.91096,1.65468,587.51,355.059,0.0,0.0,0.4326,0.26144,0.0,0,0.0154411539,0.8816668812,0.9121267893578253,Train
IGUVIR01_clean,6.10337,3.92459,6.10337,1.30886,926.034,707.513,0.0,0.0,0.4778,0.365051,0.0,0,0.0475478805,1.9683102835,2.008631355862945,Train
IGUVIR_clean,5.80337,3.48765,5.78397,1.34417,868.475,646.107,0.0,0.0,0.4594,0.341773,0.0,0,0.0496606647,1.8117411012,1.880692531345752,Train
IHAJEH_clean,6.78044,6.29448,6.78044,1.39086,1751.0,1258.94,0.0,0.0,0.6318,0.454253,0.0,0,0.0121263573,1.0473774182,1.0655387465064716,Train
IHAJIL_clean,5.45406,4.34442,5.40178,1.56119,1403.37,898.914,0.0,0.0,0.5862,0.375483,0.0,0,0.0424596047,2.1947343528,2.217562839383983,Train
IHILUI_clean,4.87031,3.7868,4.87031,2.14625,806.195,375.629,0.0,0.0,0.4228,0.196995,0.0,1,0.0090252881,0.6088742516,0.6394862205434719,Train
IHIMAP01_clean,5.07944,3.8505,5.07201,1.90767,927.816,486.36,0.0,0.0,0.4506,0.236204,0.0,1,0.0091506465,0.6833007479000001,0.6810423433696999,Train
IHIMAP_clean,4.88033,3.6251,4.88017,1.94507,780.03,401.03,0.0,0.0,0.4326,0.222409,0.0,1,0.0089208841,0.6438444545,0.6476150888524501,Train
IHUTIQ_clean,4.64256,3.74008,4.5445,1.27422,518.012,406.533,0.0,0.0,0.439,0.344525,0.0,0,0.0117899388,0.8456284708,0.8255799273988389,Train
IJASOC_clean,6.30976,5.8805,6.27431,1.0194,1983.73,1945.99,0.0,0.0,0.653,0.640576,0.0,1,0.0294042281,2.0896957169,2.3447427577392776,Test
IJEVEA_clean,6.16235,3.65442,6.15987,1.71122,898.254,524.922,0.0,0.0,0.4748,0.277464,0.0,1,0.0387794646,1.6919655285,1.672208942135602,Test
IJEVIE_clean,6.39858,3.56516,6.38456,1.47483,1314.49,891.28,0.423263,0.286991,0.5748,0.389739,0.0,1,0.0421985306,2.4786388875,2.1875017272920587,Test
IJEXIF01_clean,6.79743,4.32524,6.79743,1.08441,2203.63,2032.1,0.0,0.0,0.6682,0.616187,0.0,1,0.0464341942,3.5224222185,3.289592130190284,Test
IJEXIF_clean,6.7342,4.37179,6.7342,1.07253,2222.65,2072.34,0.0,0.0,0.6664,0.621333,0.0,1,0.044656213,3.4159973464,3.2657108180538765,Test
IJIGOX_clean,6.16574,5.62335,6.16574,2.01565,1416.67,702.835,0.0,0.0,0.5266,0.261256,0.0,0,0.0832163365,2.6817301278,2.748449501848412,Train
IJUTEM_clean,7.42822,3.46008,7.42822,1.4496,1196.69,825.529,190.636,131.509,0.5614,0.38728,0.0,0,0.3532233618,5.5686894581,5.6080834843483585,Train
IKAYAU_clean,4.59122,3.56678,4.59122,1.61867,325.484,201.081,0.0,0.0,0.3984,0.246128,0.0,1,0.0063633658,0.4253368825,0.40271148022262016,Train
IKEBUV01_clean,4.90885,3.89845,4.88149,1.28693,1923.5,1494.65,0.0,0.0,0.6236,0.484565,0.0,1,0.0251843014,2.0817984511,1.9767806320592745,Test
IKEBUV_clean,4.87862,3.88747,4.8574,1.29691,1916.47,1477.73,0.0,0.0,0.6176,0.47621,0.0,1,0.0260932889,2.0977686385,2.0273387592007346,Train
IKETAU_clean,5.60593,4.335,5.59414,1.55077,1730.4,1115.83,0.0,0.0,0.5626,0.362788,0.0,1,0.022502119,1.5766268326,1.6420797123575348,Train
IKETEY_clean,5.5138,4.26379,5.5027,1.61573,1676.6,1037.67,0.0,0.0,0.5562,0.34424,0.0,1,0.0236221204,1.5958501607,1.655741620606431,Test
IKETIB_clean,13.18345,6.57771,10.98623,0.873765,2179.56,2494.44,0.0,0.0,0.722,0.826309,0.0,1,0.0290438943,2.0151690295,2.08171175590841,Train
IKETIC_clean,5.48661,4.24072,5.47557,1.63135,1674.67,1026.56,0.0,0.0,0.5538,0.339473,0.0,1,0.0237495566,1.5941418031,1.6955439285863874,Test
IKETOH_manual,13.20001,6.4144,13.20001,0.879595,2120.61,2410.89,0.0,0.0,0.713,0.810601,0.0,1,0.0354878878,2.115125125,2.2560778876031637,Train
IKETOI_clean,5.47175,4.23311,5.43757,1.66186,1666.92,1003.04,0.0,0.0,0.5532,0.33288,0.0,1,0.0243120686,1.5936745459,1.6648901144854806,Train
IKETUN_clean,13.22557,6.52759,13.22557,0.869317,2182.06,2510.09,0.0,0.0,0.7238,0.832608,0.0,1,0.0278488441,1.9917526995,2.049655024547142,Test
IKETUO_clean,5.44662,4.20794,5.39592,1.67888,1662.67,990.343,0.0,0.0,0.552,0.328791,0.0,1,0.02388117,1.5758621472,1.6677581774919017,Train
IKEVAW_clean,5.40684,4.19271,5.39701,1.71304,1637.64,955.985,0.0,0.0,0.5474,0.319548,0.0,1,0.0240501961,1.5788066582,1.668547350818618,Test
IKOPEF_clean,7.2534,4.34633,7.2534,1.24385,1606.2,1291.31,0.0,0.0,0.5726,0.460344,0.0,1,0.0329274734,2.1455984956,2.2305826461020137,Train
IKOPIJ_clean,5.93474,4.94123,5.93474,1.12209,2241.63,1997.73,0.0,0.0,0.5918,0.527408,0.0,1,0.0245581383,1.9331959867,1.9528407149109157,Test
IKOSOQ_clean,5.18747,4.15785,5.187,1.04558,711.454,680.438,252.551,241.541,0.5228,0.500009,0.0,1,0.0438093171,2.2845189953,2.176505372893524,Test
IKOTUZ_clean,16.05073,15.64664,16.05073,1.00283,1515.79,1511.5,0.0,0.0,0.658,0.656142,0.0,1,0.0286597963,1.8990429022,2.172422071982678,Test
IKOVAH_clean,16.06628,15.68836,16.05839,1.01053,1521.53,1505.68,0.0,0.0,0.6416,0.634917,0.0,1,0.0288153841,1.8974734846,2.169799983891776,Test
IKOVEL_clean,15.9244,15.48384,15.9244,0.975432,1532.92,1571.53,0.0,0.0,0.643,0.659195,0.0,1,0.0285725732,1.9068118987,2.203164341603665,Test
IKUBUL01_clean,4.97225,4.13588,4.96966,1.70618,1252.65,734.185,0.0,0.0,0.581,0.340527,0.0,0,0.0685348107,2.7388596337,2.762001502448684,Test
IKUBUL_clean,5.00176,4.50394,4.98274,1.67146,1332.86,797.421,0.0,0.0,0.5778,0.345685,0.0,0,0.0622583226,2.6733278501,2.617658567644116,Train
IKUTIT_clean,6.70756,4.84545,6.68635,1.15517,2264.75,1960.54,0.0,0.0,0.6434,0.556977,0.0,1,0.0297155014,2.3384146572,2.3245415785556895,Test
IKUTOZ_clean,6.60931,5.74465,6.60446,1.16881,1703.33,1457.32,0.0,0.0,0.5968,0.510603,0.0,1,0.0221014677,1.7826549206,1.7845048176590632,Train
ILEHUD_clean,5.02137,3.75623,4.99615,1.79998,1015.1,563.953,0.0,0.0,0.5264,0.292448,0.0,1,0.0622411326,2.144800029,2.2847529727160762,Train
ILENOC_clean,4.95574,3.57203,4.9334,2.30558,814.836,353.419,0.0,0.0,0.4958,0.215043,0.0,1,0.1462273013,2.7544473526,2.6383278303836306,Train
ILIFOY_clean,5.51379,4.36093,5.51127,1.7785,832.969,468.356,0.0,0.0,0.4352,0.244701,0.0,0,0.0325565758,1.3741674333000002,1.3858157812176222,Test
ILIFUE_clean,5.46839,4.30835,5.46382,1.80799,845.912,467.873,0.0,0.0,0.4296,0.237611,0.0,0,0.0349916064,1.3896386415000002,1.4155628949394337,Train
ILIGAL_clean,5.39984,4.21783,5.39803,1.8431,801.718,434.983,0.0,0.0,0.424,0.230047,0.0,0,0.0381125597,1.4257648414,1.4306440913694085,Train
ILIGEP_clean,5.40466,4.22337,5.40056,1.85928,816.766,439.291,0.0,0.0,0.4238,0.227938,0.0,0,0.0386670012,1.4266765791,1.442289074543813,Train
ILIMOH_clean,7.40414,5.70962,7.40414,1.17288,870.384,742.093,0.0,0.0,0.5052,0.430735,0.0,0,0.0109514834,0.9312450652,0.907471276487483,Train
ILIMUN_clean,6.19427,4.05594,6.18143,1.18958,950.094,798.68,0.0,0.0,0.473,0.397619,0.0,0,0.0300443485,1.6429592169,1.634736153121127,Test
ILINIC_clean,4.81641,3.7003,4.81641,3.15291,1757.15,557.309,0.0,0.0,0.577,0.183005,0.0,1,0.0036659171,0.333523785,0.35355301229294,Train
ILITUT_manual,12.63372,9.84913,12.63125,0.49196,2089.33,4246.95,0.0,0.0,0.786,1.59769,0.0,1,0.0205103129,1.9637151799,1.8736045625863575,Test
ILOJOJ_clean,6.13171,4.84213,6.13171,1.27844,834.445,652.704,0.0,0.0,0.4692,0.367009,0.0,1,0.0253296858,1.4208738738,1.4016247438758,Test
IMACND_clean,4.34425,3.82182,4.33967,1.80066,838.501,465.663,0.0,0.0,0.5398,0.299779,0.0,1,0.0071308255,0.5887801517,0.5890897656682581,Train
IMAGAG_clean,5.63215,4.41962,5.58123,0.709614,2844.3,4008.23,0.0,0.0,0.7052,0.99378,0.0,1,0.0337858393,2.8479522889,2.983623856461767,Test
IMAXUR_clean,9.35814,4.03338,9.35814,0.94009,1810.27,1925.64,0.0,0.0,0.6284,0.668447,0.0,1,0.0333190329,2.5893527024000003,2.5055149674858868,Test
IMEDOV_clean,8.12382,4.26401,8.12382,1.06775,893.804,837.087,12.2034,11.4291,0.5044,0.472393,0.0,1,0.0138964695,1.0940954906,1.0348157173584949,Test
IMISIH_clean,5.27982,3.88793,5.27982,1.92173,1036.22,539.212,0.0,0.0,0.5212,0.271214,0.0,1,0.0256737481,1.4303619077,1.3966422126918592,Test
IMUTUG_ion_b,8.41076,5.98943,8.40503,1.06348,2136.59,2009.05,13.7433,12.9229,0.6802,0.639596,0.0,1,0.0550557665,3.0472375546,3.0822374920671916,Train
INAMUG_clean,5.65697,3.6533,5.65697,1.24473,444.163,356.836,0.0,0.0,0.424,0.340637,0.0,1,0.0103910639,0.596912268,0.6333397359976467,Train
INARUM_clean,4.27147,3.60968,4.26595,1.49233,736.38,493.444,0.0,0.0,0.5148,0.344964,0.0,1,0.0323414696,1.7977180069999998,1.8141804515941002,Train
INIDAL_clean,4.50397,3.74534,4.50292,2.3554,849.004,360.45,0.0,0.0,0.4596,0.195126,0.0,0,0.5118354845,4.0642637644,4.003870905099019,Train
INIGET_clean,5.272,3.4615,5.24671,1.60135,599.11,374.128,0.0,0.0,0.458,0.286009,0.0,1,0.0194904523,1.0224634141,1.0637173521415821,Train
INIQUR_clean,6.2915,4.5306,6.2915,1.16326,1032.52,887.604,0.0,0.0,0.5158,0.443408,0.0,1,0.0084308837,0.7107106924,0.7370847361051083,Train
INIRAA_clean,5.29891,3.4654,5.27682,1.58723,589.473,371.386,0.0,0.0,0.45,0.283514,0.0,1,0.0184954725,0.9969350839,1.005302814240443,Test
INIRAY01_clean,6.20577,4.3891,6.20321,1.19479,1004.19,840.475,0.0,0.0,0.5078,0.42501,0.0,1,0.0081986754,0.6483725561,0.7141697868277601,Train
INIRAY_clean,6.42335,4.78031,6.35158,1.15007,1090.31,948.038,0.0,0.0,0.529,0.459971,0.0,1,0.0083766657,0.7093425566,0.7756282628855056,Train
INIRII_clean,7.50885,6.39264,7.49963,2.36792,800.533,338.074,0.947654,0.400205,0.4536,0.19156,0.0,1,0.0044727614,0.3782271395,0.3790072456143041,Train
INOMIJ_clean,7.95221,7.58337,7.95221,0.978026,1630.8,1667.44,0.0,0.0,0.607,0.620638,0.0,1,0.0287171204,2.5322379587,2.369809329006852,Test
INOMOP01_clean,5.44312,5.07173,5.44201,1.06786,1357.09,1270.86,0.0,0.0,0.5604,0.52479,0.0,1,0.0306404136,2.1874627098,2.0593922859320646,Test
INOMOP_clean,5.26106,4.80157,5.24412,1.1048,1287.23,1165.13,0.0,0.0,0.553,0.500544,0.0,1,0.0320278442,2.1774613172,2.0846120419902374,Train
INOVEN_clean,6.5916,4.86656,6.58623,1.1112,2296.52,2066.7,0.0,0.0,0.6394,0.575413,0.0,1,0.0333926685,2.4878538635,2.518885093241612,Train
IPICOA_clean,5.44441,4.81551,5.37454,1.57966,1489.86,943.154,0.0,0.0,0.6242,0.395149,0.0,0,0.0450756794,2.3263349268,2.4133602138914987,Train
IPIDUH_clean,5.17469,3.85894,5.16774,1.5676,1161.37,740.859,0.0,0.0,0.5352,0.341413,0.0,1,0.023748019,1.4117238204,1.5796738532948666,Test
IPIFAP_clean,7.07203,5.90208,7.07203,1.44306,1593.23,1104.06,0.0,0.0,0.6048,0.419109,0.0,1,0.0100782515,0.8590000087,0.8921499616237782,Test
IPIHIA_clean,4.19682,3.6848,4.18995,1.35995,968.941,712.483,0.0,0.0,0.4832,0.355307,0.0,1,0.0216843483,1.5233827071,1.517560373585673,Train
IPIJEY_clean,5.9118,5.17695,5.9118,1.3358,1030.18,771.213,0.0,0.0,0.4974,0.372363,0.0,1,0.0285705477,1.6941086626,1.6879271160377884,Test
IPIJUM_clean,5.58529,4.21049,5.58529,1.73559,1483.34,854.658,0.0,0.0,0.546,0.314591,0.0,1,0.0110375918,0.9276769729,0.9026123192954658,Test
IQABEJ_clean,5.1026,4.0827,5.09122,1.64165,725.772,442.098,0.0,0.0,0.4456,0.271434,0.0,1,0.0138051257,0.9564247745,0.8688167382690459,Train
IQECIS_clean,8.1309,7.21043,8.08032,0.715898,2174.72,3037.76,0.0,0.0,0.7158,0.999863,0.0,0,0.0194226874,1.8433284248,1.7625411880977568,Test
IQEKOG_clean,6.56789,4.70003,6.53165,0.994726,2095.71,2106.82,0.0,0.0,0.6568,0.660283,0.0,1,0.0419557644,2.9799880528,3.0381509433517855,Train
IQEKUM_clean,5.23045,4.40009,5.21843,1.19945,1749.75,1458.79,0.0,0.0,0.58,0.483556,0.0,1,0.0617026655,3.4824442893,3.431335091775809,Train
IQEWOQ_clean,5.16976,4.01341,5.16976,1.5881,979.709,616.905,0.0,0.0,0.4814,0.303129,0.0,0,0.0132016903,0.8979209183,0.9229445958402054,Train
IQILIF_clean,7.54585,4.55729,7.31598,0.9871,1707.16,1729.47,0.0,0.0,0.5864,0.594063,0.0,1,0.045807765,3.1933762101,3.0684671017554948,Test
IQOHUT_clean,6.95469,5.55862,6.9488,0.866054,1696.91,1959.36,0.0,0.0,0.6176,0.71312,0.0,1,0.0252433358,2.1563920175,2.0715082576370603,Test
IQOJAB_clean,5.87643,3.82611,5.87109,1.02895,1467.53,1426.23,25.3077,24.5957,0.5682,0.552213,0.0,1,0.0707735706,3.5153868787,3.535650227083165,Train
IQOJEF_clean,6.3031,3.72946,5.90938,1.09859,1022.71,930.932,0.0,0.0,0.506,0.460592,0.0,1,0.0444595049,2.4891776425,2.346578719528167,Train
IQOKEG_clean,7.17756,4.14343,7.15508,0.93657,1757.51,1876.54,0.0,0.0,0.5934,0.633589,0.0,0,0.0262085493,2.2593913055000003,2.1937397492955246,Test
IQOKIK_clean,6.46497,4.73774,6.45982,0.941841,1852.78,1967.19,0.0,0.0,0.5902,0.626645,0.0,1,0.0342018748,2.6753403814,2.6061872188050867,Train
IQUCOO_clean,6.46968,5.45118,6.44712,1.037,1366.21,1317.47,0.0,0.0,0.5412,0.521892,0.0,1,0.0409890657,2.5784328013,2.582699922136829,Train
IRAHUF_clean,4.40761,3.65968,4.40667,2.37748,766.685,322.478,0.0,0.0,0.4662,0.19609,0.0,0,0.4949775136,3.8343201401,3.849708116710807,Train
IRAJER_clean,5.44662,5.0231,5.44662,2.01995,992.271,491.236,0.0,0.0,0.4872,0.241195,0.0,0,0.372015502,3.1639395644,3.173045633014481,Train
IRAYOQ_clean,5.78238,3.66955,5.46102,1.63677,1152.51,704.133,59.8933,36.5923,0.516,0.315255,0.0,1,0.026826307,1.8520741377,1.7518779309139758,Train
IRELAU_clean,6.04901,3.48029,6.04818,1.13995,1676.5,1470.68,0.0,0.0,0.5904,0.517916,0.0,1,0.0815215754,3.6924918474,3.856698591386709,Train
IROVAO_clean,6.12408,5.59581,6.1197,2.89163,1515.71,524.173,0.0,0.0,0.544,0.188129,0.0,1,0.0113130952,0.8752695124,0.8590512812832272,Train
IROVES_clean,4.99754,4.47196,4.99754,2.88324,1161.14,402.721,0.0,0.0,0.4772,0.165508,0.0,1,0.0079345932,0.5704969468,0.5793817511894075,Train
ISUCUV_clean,5.63872,3.87203,5.63872,1.06793,1382.56,1294.62,0.0,0.0,0.5686,0.532434,0.0,1,0.0480504167,2.9739547381,2.8355080361276466,Test
ITAPAU_clean,4.795,4.07473,4.77797,1.13588,2690.44,2368.6,0.0,0.0,0.6968,0.613446,0.0,1,0.0057807069,0.5431776975,0.5812001499828205,Train
ITAPIC_clean,5.53493,4.56275,5.50447,0.932577,3320.52,3560.59,0.0,0.0,0.7606,0.815589,0.0,1,0.0062557562,0.6167691543,0.6342218441348833,Train
ITIBOD_clean,4.51038,3.48306,4.50833,2.426,458.262,188.896,79.7243,32.8625,0.4254,0.17535,0.0,1,0.0332813942,1.3139938737,1.1775297768850517,Test
ITIPAE_clean,5.03819,3.84363,5.03819,1.81693,898.58,494.56,0.0,0.0,0.4852,0.267044,0.0,0,0.0310029479,1.3898088859,1.47736025645275,Train
ITIPOS_clean,9.85225,8.07125,9.85225,1.06602,1798.13,1686.76,17.9557,16.8436,0.664,0.622875,0.0,1,0.0127068752,1.0715014897,1.057528714661005,Train
ITIWAK_clean,5.0332,4.12661,5.01239,1.10257,950.216,861.818,65.1005,59.0442,0.5042,0.457294,0.0,0,0.057856495,2.9954628778,2.9048469102515537,Test
ITIWEO_clean,5.00227,4.2399,4.99534,1.10398,955.442,865.452,106.221,96.2163,0.515,0.466494,0.0,0,0.0665410039,3.3517971075,3.172943007460446,Train
ITOSEQ_clean,5.53585,3.92423,5.52778,1.23909,1879.29,1516.67,0.0,0.0,0.6304,0.508762,0.0,0,0.0538471411,3.2502544305,3.3712462315363725,Test
IVEHEW_manual,8.08882,6.64746,8.02924,0.857961,1988.29,2317.45,0.0,0.0,0.6604,0.769732,0.0,0,0.0234020405,2.0826572343,2.027759196980078,Train
IVEQAC_clean,4.74809,3.58509,4.40546,1.51827,638.51,420.551,0.0,0.0,0.4406,0.290199,0.0,0,0.0306335858,1.6399553894,1.4903951610323165,Train
IVETOT_clean,10.10291,7.15637,9.84044,0.681717,1733.15,2542.34,0.0,0.0,0.6842,1.00364,0.0,1,0.0190575734,1.8145861236,1.715986273856908,Test
IVILEG_clean,14.1452,13.26623,14.13413,0.718024,1541.13,2146.34,0.0,0.0,0.7232,1.00721,0.0,1,0.0215943454,1.6680162641,1.8117169177081518,Train
IVOCON_clean,5.24294,3.86797,5.24294,1.46762,1975.27,1345.9,0.0,0.0,0.64,0.436082,0.0,0,0.0492714411,3.2391778118,3.1795215285709197,Train
IVOGUX_clean,5.27459,4.52668,5.27459,1.48634,1223.66,823.275,0.0,0.0,0.5418,0.36452,0.0,1,0.0439576417,2.237028129,2.182989423269405,Test
IVUVIG_clean,6.23822,4.28609,6.22408,1.47829,1492.88,1009.86,0.0,0.0,0.5414,0.366233,0.0,1,0.0340197115,2.1416711192,2.0846111858702523,Train
IWAXUZ_clean,9.16743,4.27442,9.16743,1.02656,1732.45,1687.62,0.0,0.0,0.6018,0.586228,0.0,1,0.0150081769,1.4441576413,1.378559610166289,Train
IWAYAG_clean,7.52525,4.29732,7.52525,1.3181,1385.19,1050.9,0.0,0.0,0.4828,0.366286,0.0,1,0.0108719916,0.9479108417,0.9361945679570917,Train
IWAYEK_clean,9.36738,4.35185,9.36738,1.20213,1638.24,1362.78,0.0,0.0,0.576,0.479148,0.0,1,0.0095478702,0.9081259243,0.9045272134383984,Train
IWAYIO_clean,9.10068,4.24338,9.10068,1.22219,1678.76,1373.57,0.0,0.0,0.5934,0.485524,0.0,1,0.0153644194,1.4137128341,1.3563384062955657,Train
IWAYOU_clean,9.03723,4.17928,9.03723,1.25701,1700.75,1353.01,0.0,0.0,0.594,0.47255,0.0,1,0.0098890684,0.9475155101,0.9332482145889782,Train
IWAYUA_clean,9.10772,4.29795,9.10772,1.27221,1742.4,1369.58,0.0,0.0,0.6022,0.473349,0.0,1,0.010783257,1.0142751261,0.9796061660783162,Train
IWAZEL_clean,9.02688,4.19715,9.02563,1.29051,1705.91,1321.89,0.0,0.0,0.6062,0.469736,0.0,1,0.0152926832,1.3781638102,1.3449021753924488,Train
IWAZIP_clean,9.36232,4.34831,9.36232,1.51484,1601.89,1057.47,0.0,0.0,0.5888,0.388687,0.0,1,0.0079793356,0.7656617747,0.7222004278860303,Train
IWELIG01_clean,4.6866,4.49829,4.6866,1.86798,511.71,273.938,140.313,75.1146,0.3994,0.213814,0.0,0,0.1675620781,2.4740464382,2.4473417454734294,Train
IWELIG_clean,4.69268,4.51959,4.68546,1.86097,534.218,287.064,156.241,83.9569,0.4064,0.218381,0.0,0,0.162275311,2.4719656718,2.479406989667186,Train
IWEVAJ_clean,13.76426,6.67603,13.76426,0.642349,2372.68,3693.76,0.0,0.0,0.7784,1.2118,0.0,1,0.0172368091,1.5916047784,1.6452310760638527,Train
IWIPIO_clean,5.10392,4.12276,5.06017,1.12645,2627.06,2332.16,0.0,0.0,0.6972,0.618936,0.0,1,0.0058015959,0.5610964776,0.5454611575561599,Train
IWOKUC_clean,6.55692,5.28768,6.53155,0.964561,1220.6,1265.44,0.0,0.0,0.5288,0.548229,0.0,0,0.024624355,1.8350785527,1.897470027093923,Test
IWOSAP_clean,4.764,3.76645,4.764,2.24785,751.282,334.223,0.0,0.0,0.4204,0.187023,0.0,1,0.0089314996,0.5851376545,0.6277911200330981,Train
IXAKAU_clean,6.35523,5.9549,6.33797,0.780645,2644.49,3387.58,0.0,0.0,0.7136,0.914116,0.0,1,0.029705455,2.5016894731,2.6954820493337257,Test
IXAZEO_clean,4.95392,4.38313,4.95392,1.49539,968.887,647.917,0.0,0.0,0.4732,0.31644,0.0,1,0.0075903603,0.6259920976,0.6429844382190828,Train
IXEBEU_clean,4.63531,3.53624,4.63082,1.05655,1090.22,1031.87,0.0,0.0,0.503,0.476077,0.0,1,0.0326309602,2.2511040363,2.2465211418578974,Test
IXECET_clean,8.30942,3.60945,8.30942,1.54442,1337.53,866.043,0.0,0.0,0.5456,0.353273,0.0,0,0.180896121,5.2116753661,5.098586598863013,Train
IXEJIG_clean,11.25458,10.39011,10.80502,0.837465,1965.46,2346.92,0.0,0.0,0.6976,0.83299,0.000955264,1,0.0195917684,1.6957210542,1.6857254645232986,Train
IXEJOL_clean,5.47758,4.11939,5.46905,1.8094,1349.53,745.844,0.0,0.0,0.534,0.295125,0.000331601,1,0.0234301891,1.5142495532,1.4744744535699565,Train
IXEJOM_clean,15.02825,14.15107,15.02825,0.818993,2120.95,2589.7,0.0,0.0,0.749,0.914537,0.000244202,1,0.0184504218,1.6763796409,1.6199513892199753,Train
IXIPAG_clean,7.26036,3.75863,5.90499,3.37203,985.803,292.347,369.675,109.63,0.5588,0.165716,0.0,1,0.0033236283,0.281649489,0.2875945261873676,Train
IXIPEK_clean,7.04096,3.63154,5.75307,3.49876,924.617,264.27,341.824,97.6986,0.5428,0.155141,0.0,1,0.0035754355,0.2975724064,0.30136688483133245,Train
IXIPIO_clean,7.45471,4.20487,6.02758,3.27069,1181.85,361.346,334.28,102.205,0.5696,0.174153,0.0,1,0.00313848,0.2751099408,0.2654744923527299,Train
IXISAJ_clean,5.70852,4.41794,5.70852,1.67395,1266.62,756.664,0.0,0.0,0.5296,0.316377,0.0,0,0.0632269216,2.0504762713,2.3292956046480127,Train
IXISOX_clean,5.5699,4.33438,5.5699,1.93342,1150.89,595.258,0.0,0.0,0.516,0.266884,0.0,0,0.0551424806,1.6966578499,1.8818267518458416,Train
IXISOZ02_clean,4.74076,3.59919,4.72141,1.46415,983.567,671.767,0.0,0.0,0.4992,0.340949,0.0,0,0.0393921939,2.1514243091,2.075179139114404,Train
IXISUD_clean,7.1533,3.82815,7.1533,2.06709,831.561,402.286,84.7168,40.9836,0.496,0.239951,0.0,0,0.0223161487,1.0963413170999998,1.099020138219052,Train
IXODUV_clean,6.94577,6.48704,6.94195,1.01181,1784.75,1763.93,0.0,0.0,0.629,0.621659,0.0,0,0.0290189213,2.468260142,2.456020450377386,Train
IXOFAD_clean,7.25204,6.74283,7.23817,1.01031,1741.08,1723.31,0.0,0.0,0.638,0.631491,0.0,0,0.0284779272,2.477819507,2.447565054283204,Train
IXOFEH_clean,7.08623,6.6722,7.07786,1.02717,1639.04,1595.68,0.0,0.0,0.6198,0.603404,0.0,0,0.0275095478,2.3498870356,2.3207359737382207,Train
IXOFIL_clean,7.14051,6.67398,7.10365,1.01557,1692.36,1666.42,0.0,0.0,0.624,0.614435,0.0,0,0.0275113511,2.3913037373,2.3536800326487124,Train
IXOFOR_clean,6.58573,6.10481,6.58573,1.02216,1741.26,1703.51,0.0,0.0,0.611,0.597752,0.0,0,0.0299223813,2.4198970766,2.4325362014872876,Test
IXOFUX01_clean,6.87071,6.41176,6.84188,1.00146,1800.87,1798.25,0.0,0.0,0.6308,0.629881,0.0,0,0.0283516953,2.4158829007,2.418956897332352,Train
IXOFUX_clean,7.08508,6.6128,7.06755,1.00152,1792.17,1789.44,0.0,0.0,0.6318,0.63084,0.0,0,0.0280198856,2.4314418898,2.3825122416690463,Test
IXUQOJ_clean,5.21271,3.78909,5.02943,1.47771,847.063,573.227,0.228953,0.154938,0.4794,0.324421,0.0,1,0.0311326082,1.5256251588999998,1.5292734908174996,Train
IXUQUO_clean,6.17038,3.88626,6.17038,1.0897,1053.12,966.424,109.804,100.765,0.5652,0.518674,0.0,1,0.0752730434,2.5106227676,2.638432463299147,Train
IXURID_clean,5.42414,4.17526,5.42124,1.15055,1597.74,1388.68,0.0,0.0,0.5668,0.492633,0.0,1,0.0624883294,3.5098538677,3.403279221149268,Train
IXUWII_clean,7.47721,5.13969,7.4691,0.925259,1534.87,1658.86,0.0,0.0,0.5898,0.637443,0.0,0,0.044607092,3.1471432019,3.0936146268454587,Train
IYAJID_clean,7.03999,4.83767,7.03999,1.19258,1520.7,1275.13,0.0,0.0,0.565,0.473761,0.0,0,0.0410998681,2.7179587878,2.629605438167026,Train
IYAJOJ_clean,6.96485,4.61788,6.92434,1.17533,1527.18,1299.36,0.0,0.0,0.552,0.469655,0.0,1,0.0414466627,2.7033192068000003,2.5457042661316844,Train
IYAJUP_clean,6.42992,4.57524,6.40815,1.20914,1470.44,1216.1,0.0,0.0,0.515,0.425922,0.0,1,0.0426326498,2.6088882246,2.510691923810384,Train
IYAKAW_clean,7.04175,4.93619,7.01576,1.16871,1555.91,1331.31,0.0,0.0,0.5758,0.492679,0.0,0,0.041847211,2.7790191729,2.671675611544255,Test
IYAKIE_clean,7.40162,5.12822,7.38112,0.935395,2309.49,2469.0,0.0,0.0,0.6746,0.721193,0.0,1,0.0255108006,2.0272853054,2.1573809140573696,Test
IYASOS_clean,5.79357,5.23786,5.68144,1.42202,1531.27,1076.83,0.0,0.0,0.5756,0.404777,0.0,1,0.0411394549,2.4764165465,2.3839706230743567,Test
IYAYUE_clean,6.14666,4.14311,6.14666,1.13268,1552.87,1370.97,0.0,0.0,0.598,0.527951,0.0,1,0.0389677385,2.6668308774,2.516907923363138,Train
IYEHAX_clean,8.64445,5.92674,8.64445,0.762449,2402.32,3150.79,0.0,0.0,0.7046,0.924127,0.0,1,0.0347797522,2.6610554057,2.918266759942247,Test
IYEPUZ_clean,9.24057,8.58239,9.23056,0.696077,2043.12,2935.2,0.0,0.0,0.7082,1.01742,0.0,1,0.024255531,2.1110021249,2.168715460096676,Train
IYESUC_clean,9.19521,5.52341,9.19263,0.879294,1974.29,2245.31,0.0,0.0,0.637,0.724444,0.0,1,0.0409763703,3.0473599698,2.7998938282110606,Test
IYEXOZ_clean,5.1071,3.62688,5.0939,2.43583,1067.8,438.373,0.0,0.0,0.4574,0.18778,0.0,1,0.0068602264,0.5808476184,0.5581089130978862,Train
IYICUP_clean,7.48898,5.2438,6.05899,1.02061,1910.86,1872.27,0.0,0.0,0.6306,0.617866,0.0,0,0.0355466616,2.6215400955000003,2.686777969617342,Test
IYOBAA_clean,7.42959,4.86526,7.42403,1.59483,1008.69,632.478,0.0,0.0,0.5194,0.325678,0.0,1,0.0084099318,0.7192146032,0.6694044081599604,Train
IYOCIK_clean,8.71773,6.01818,8.7094,1.33605,1729.76,1294.69,0.0,0.0,0.6404,0.479325,0.0,0,0.0116167147,1.0109148732,1.0339234759795075,Train
IYOCOQ_clean,8.6676,5.83377,8.6676,1.34426,1726.36,1284.24,0.0,0.0,0.6354,0.472675,0.0,0,0.0118398852,1.0177126855,1.0409584346009515,Test
IYODAD_clean,9.11936,6.31963,9.11936,1.11347,1733.11,1556.5,0.0,0.0,0.6578,0.590765,0.0,0,0.0140832358,1.2593729356,1.21283637260528,Train
IYOQAQ_clean,5.30249,4.25008,5.30179,1.48751,1231.76,828.073,0.0,0.0,0.5432,0.365175,0.0,1,0.0508373768,2.4311565745,2.373349882117768,Train
IYOSUM_clean,6.18145,3.97754,6.17448,0.943184,2480.99,2630.44,0.0,0.0,0.6618,0.701666,0.0,1,0.0436139191,3.4150818544,3.418778832125181,Test
IYOTAT_clean,6.12724,4.05651,6.12724,0.946965,2470.71,2609.08,0.0,0.0,0.6612,0.698231,0.000211201,1,0.0457357182,3.5153929234,3.4960087140775133,Train
IYOWID_manual,20.51668,7.7477,20.51668,0.405068,1929.7,4763.89,0.0,0.0,0.822,2.02929,0.0,0,0.0209211702,2.0494702043,1.9765586238955357,Test
IYUCEM_clean,9.38043,8.88789,9.38043,1.09901,1267.7,1153.49,0.0,0.0,0.5774,0.525384,0.0,1,0.0129877232,1.1066712331,1.160129912138443,Test
IYUCIQ_clean,9.96651,8.62113,9.96126,0.918137,1921.78,2093.13,0.0,0.0,0.6824,0.743244,0.0,0,0.0161064919,1.4100435234,1.4928998719758568,Test
IYUHOA_clean,7.25841,4.65632,7.2501,1.15015,1882.43,1636.69,0.0,0.0,0.5978,0.519759,0.0,0,0.0586867471,3.495548409,3.399752683456642,Train
IYUHUG_ion_b,9.1569,7.01562,9.1569,0.894019,1922.0,2149.85,0.0,0.0,0.6824,0.763294,0.0,0,0.0160289602,1.4113008932,1.4749008557457854,Train
IYUJAO_clean,6.23359,4.26512,6.23359,1.39701,1111.0,795.271,29.8587,21.3733,0.5102,0.365209,0.0,1,0.0391627589,1.8192390816,2.076915025469408,Test
IYUQEZ_clean,14.23268,4.75487,14.22709,0.637403,1240.77,1946.61,289.582,454.315,0.6812,1.06871,0.0,1,0.018480395,1.7068031914,1.5420586172831894,Test
IYUQID_clean,15.09176,9.842,15.04915,0.561619,1319.58,2349.59,286.013,509.264,0.7206,1.28308,0.0,1,0.0176076294,1.7069179812000002,1.6495540154388144,Train
IZEBAR_clean,6.51824,4.42782,6.29573,1.10634,2352.12,2126.04,0.0,0.0,0.625,0.564928,0.0,1,0.0358871874,2.6234159647,2.670460186114177,Test
IZEBEV_clean,3.9737,3.59297,3.9737,1.83936,288.006,156.579,0.0,0.0,0.4124,0.224208,0.0,1,0.0110458219,0.6332475246,0.6580789111010112,Train
IZENIM_clean,10.57534,5.75707,6.51584,1.38426,1059.32,765.262,606.777,438.341,0.6424,0.464076,0.0,0,0.0411176347,2.7421762413,2.710601626347089,Test
IZENUY_clean,10.28405,5.66029,7.85884,0.907624,1488.62,1640.12,573.454,631.819,0.6758,0.744581,0.0,1,0.0337503456,2.8412385784,2.6397112953867348,Test
IZEPAF_clean,24.1004,7.53546,24.1004,0.570649,1958.05,3431.26,0.0,0.0,0.7816,1.36967,0.0,1,0.0211552846,1.8077639131,1.8753257923924997,Train
IZEPEJ_clean,23.87439,6.75259,21.66541,0.54542,1808.89,3316.52,0.0,0.0,0.7792,1.42862,0.0,1,0.0222027001,1.7353926754,1.8950492114487834,Train
IZEQUB_clean,6.84955,5.26119,6.84595,0.91964,1931.75,2100.55,0.9049,0.983971,0.6246,0.679179,0.0,1,0.0554223647,3.2093317633,3.0714894657852163,Test
IZERAI_clean,21.81992,21.11699,21.81992,0.624269,1355.09,2170.68,0.0,0.0,0.7802,1.24978,0.0,1,0.0601909657,3.0926903828,2.9742080317217883,Train
IZEWAN_clean,9.04728,8.48639,9.03641,0.87931,1735.67,1973.9,0.0,0.0,0.6642,0.755365,0.0,1,0.0513764064,3.080138252,3.111644886669893,Train
IZIGUV_clean,8.5642,7.08912,8.42042,0.715311,2209.59,3088.99,0.0,0.0,0.7258,1.01466,0.0,1,0.0351094769,2.9418780646,2.8383391863650624,Train
IZIHAC_clean,7.3243,5.53893,7.31909,1.3207,1515.57,1147.55,0.0,0.0,0.5694,0.431134,0.0,1,0.0185988137,1.5112512105000002,1.4908261750814682,Test
IZIHEG_clean,7.25076,5.4614,7.24597,1.35223,1495.67,1106.08,0.0,0.0,0.5682,0.420196,0.0,1,0.0188775973,1.5220575976,1.44891809909474,Train
IZIHOQ_clean,7.0561,5.32108,7.05322,1.40869,1409.46,1000.55,0.0,0.0,0.555,0.393983,0.0,1,0.0186814643,1.4254785737,1.3816392043373833,Test
IZISEQ_clean,4.08842,3.70736,4.08842,1.02254,520.647,509.17,0.0,0.0,0.4678,0.457489,0.0,1,0.0540420732,2.8474915191,2.773207938117359,Train
IZOWAW_clean,18.94727,10.51321,18.93676,1.00603,1791.25,1780.51,0.0981256,0.0975376,0.7888,0.784073,0.0,1,0.0050640507,0.4969563274,0.4990924446063052,Train
IZOWEA_clean,9.72623,7.72143,9.71631,1.42425,2106.67,1479.15,0.0,0.0,0.696,0.488679,0.0,1,0.0042625277,0.4140249832,0.44231171112703627,Train
IZUMUM_clean,5.57902,4.64149,5.57902,1.29431,1246.48,963.048,0.0,0.0,0.5324,0.411338,0.0,0,0.0147844875,1.1708453814,1.1585258125367002,Train
IZUVUV_clean,10.56188,10.34053,10.56188,0.902736,1518.51,1682.12,0.0,0.0,0.6572,0.728009,0.0,1,0.0105033244,0.9713718741,0.9998662781998218,Train
ja074366osi20070816_031204_clean,15.02646,7.9821,15.02646,0.595037,2203.3,3702.8,0.0,0.0,0.8104,1.36193,0.0,0,0.0166197471,1.6159305045,1.5876493673447378,Train
ja0752540-file002_clean,8.14433,7.67619,8.14433,1.22499,2017.42,1646.89,0.0,0.0,0.654,0.533883,0.0,0,0.0188108356,1.5664342541,1.5980404715485101,Train
ja076167asi20070815_063752_clean,6.41846,5.04294,5.80487,0.848014,2489.2,2935.33,0.0,0.0,0.6344,0.748101,0.0,1,0.0252992118,2.1971648398,2.2046604116705515,Test
ja109659k_si_002_clean,11.09415,6.65734,11.09415,1.14966,1274.48,1108.58,493.769,429.493,0.6432,0.559472,0.0,1,0.0331819479,2.4579484618,2.3932128496001264,Train
ja110042b_si_003_clean,18.775,6.41603,18.72266,0.610707,2220.68,3636.25,0.0,0.0,0.7614,1.24675,0.0,1,0.0257692411,2.2995057468,2.292567286440379,Test
ja203898s_si_004_clean,9.14668,4.74188,9.0851,0.980647,1250.92,1275.61,461.53,470.638,0.6076,0.619591,0.0,0,0.0494242536,3.342114452,3.1810724645187287,Test
ja205976v_si_004_clean,8.87098,7.69354,8.87098,1.40672,1456.52,1035.4,0.0,0.0,0.5566,0.395672,0.0,0,0.0131727801,1.1553600865,1.1145491967185528,Test
ja205976v_si_006_clean,11.60788,10.85998,11.60788,1.12671,1551.48,1377.0,0.0,0.0,0.6348,0.563411,0.0,1,0.0210948279,1.8957657114,1.8410101430025634,Train
ja206917z_si_001_clean,5.82674,4.72231,5.76849,1.30832,751.163,574.141,0.193696,0.148049,0.5654,0.432156,0.0,0,0.0077217786,0.6201969473,0.5988201678327638,Train
ja300034j_si_002_clean,16.78888,16.71746,16.78888,0.713223,1373.37,1925.59,0.0,0.0,0.772,1.08241,0.0,1,0.0200139564,1.8275063394,1.7114330719012367,Test
ja302110d_si_001_clean,8.24333,6.47099,8.10297,0.864634,1943.01,2247.2,0.0,0.0,0.666,0.770268,0.0,1,0.0204262655,1.8929612406,1.7871925851845603,Train
ja302340b_si_002_clean,8.31134,7.66102,8.31134,1.03479,1409.77,1362.37,116.194,112.287,0.5924,0.572482,0.0,1,0.032471845,2.0094320364,2.1431950042447814,Test
ja302380x_si_003_clean,6.15862,4.38483,5.85392,1.07794,1748.54,1622.12,0.0,0.0,0.6004,0.556988,0.0,1,0.0430913958,2.7772892608,2.7917735012068667,Train
ja3082523_si_004_clean,15.27185,8.36501,15.01039,0.495502,2200.94,4441.83,0.0,0.0,0.774,1.56205,0.0,0,0.0213586252,1.9452957187,1.9709621622339293,Train
ja308995t_si_002_clean,6.91507,6.43648,6.89159,1.15816,1047.86,904.763,0.0,0.0,0.5248,0.453131,0.0,0,0.0342280753,1.9333985309,2.1152099081349487,Test
ja4012707_si_003_clean,5.77734,4.61223,5.7686,1.06481,2227.7,2092.11,0.0,0.0,0.671,0.630159,0.0,0,0.0368945643,2.9362348309,2.8683181631048122,Train
ja4012707_si_004_clean,6.17779,4.90836,6.17779,0.978371,2446.9,2500.99,0.0,0.0,0.6772,0.692171,0.0,0,0.0263924787,2.2857497963,2.2433393855955828,Train
ja403810k_si_002_clean,24.11444,19.56277,24.11444,0.396669,1099.67,2772.25,0.0,0.0,0.86,2.16806,0.0,1,0.0165051109,1.539221238,1.5512915737849924,Train
ja4050828_auto,29.28345,28.74884,29.27587,0.488759,1535.79,3142.23,0.0,0.0,0.8256,1.68918,0.0,0,0.015805897,1.5297776381,1.476579258341466,Test
ja406030p_si_002_manual,11.77864,6.5918,11.60527,0.794772,2268.81,2854.67,0.0,0.0,0.7438,0.935866,0.0,1,0.035252606,2.1575207382,2.472288984985716,Train
ja406030p_si_003_clean,14.29207,10.12824,14.29207,0.648977,1825.21,2812.44,0.0,0.0,0.775,1.19419,0.0,1,0.0380961995,2.0974797928,2.3656401583665034,Train
ja406030p_si_004_clean,12.47571,8.72571,12.47571,0.678618,1920.17,2829.53,0.0,0.0,0.7566,1.11491,0.0,1,0.0390737657,2.3071819191,2.4980785514835913,Test
ja406030p_si_005_manual,11.30323,7.62193,11.30323,0.677748,2157.76,3183.72,0.0,0.0,0.75,1.10661,0.0,1,0.0397073776,2.2886200747,2.522130909244849,Train
ja406030p_si_006_manual,12.36076,7.19983,11.84038,0.687816,2106.83,3063.07,0.0,0.0,0.751,1.09186,0.0,1,0.0380138996,2.3418601702,2.513515779932784,Test
ja406030p_si_007_manual,11.02963,8.4918,11.02963,0.735801,2134.61,2901.07,0.0,0.0,0.738,1.00299,0.0,1,0.0396104227,2.356558075,2.5123325361608373,Train
ja406030p_si_008_manual,11.82924,9.14708,11.82924,0.688549,2055.52,2985.28,0.0,0.0,0.7528,1.09331,0.0,1,0.0398263516,2.3204054246,2.4425049914660475,Train
ja406030p_si_009_manual,11.54376,6.59467,10.51794,0.708658,2222.43,3136.11,0.0,0.0,0.7352,1.03745,0.0,1,0.0404108931,2.46787989,2.7933374981380847,Test
ja406844r_si_002_clean,11.4181,8.43938,10.92264,0.695103,2221.97,3196.61,0.0,0.0,0.7474,1.07524,0.0,0,0.0354300187,2.5290197594,2.578514820811823,Train
ja407778a_si_003_clean,5.65215,4.4572,5.65215,0.864214,1953.72,2260.69,0.0,0.0,0.6454,0.746806,0.0,1,0.0339599227,2.7314785934,2.6435640693098037,Train
ja408959g_si_002_clean,31.07244,30.38497,31.07244,0.440944,1502.5,3407.47,0.0,0.0,0.8264,1.87416,0.000453572,0,0.0186134685,1.7773710613,1.7189085866587213,Test
ja408959g_si_003_clean,17.33749,14.32817,17.33749,0.750299,1914.17,2551.21,1.3371,1.78209,0.7272,0.969213,0.00026656,0,0.0171987164,1.5545304611,1.5362067735906133,Train
ja411887c_si_002_clean,11.91912,9.14993,11.89973,0.619221,2306.85,3725.41,0.0,0.0,0.7606,1.22832,0.0,1,0.0262433591,2.3399910549,2.2414826095276474,Test
ja500330a_si_005_clean,6.34772,3.79741,5.91821,1.34881,2067.47,1532.8,0.0,0.0,0.5966,0.442315,0.000444835,1,0.0201443054,1.4974315793,1.534943988350581,Train
ja500330a_si_006_auto,12.20585,6.15217,12.20585,0.793444,2143.73,2701.8,0.0,0.0,0.7068,0.8908,0.000252066,0,0.0105379191,1.0095126529,1.0176266905374844,Train
ja500330a_si_007_auto,19.46238,14.48757,19.44715,0.798895,1320.38,1652.76,18.6426,23.3354,0.7758,0.971091,0.000500691,0,0.0043153578,0.4155145284,0.43324111169581037,Train
ja500330a_si_009_auto,10.23354,4.21372,10.21937,1.02655,1874.68,1826.19,0.0,0.0,0.6604,0.643319,0.0,0,0.0098386658,0.8934083083,0.9463340845661634,Train
ja5063423_si_002_clean,10.81396,5.19047,10.74347,0.995074,2374.31,2386.06,0.0,0.0,0.7264,0.729996,0.0,1,0.0188095442,1.7730188969,1.7129994222758058,Train
ja506357n_si_002_clean,4.6846,4.2919,4.67468,1.31892,765.522,580.418,0.0,0.0,0.4712,0.357263,0.0,1,0.075301191,2.4512300343,2.4354346325133864,Train
ja507269n_si_002_clean,27.33946,23.18439,27.33946,0.358752,1494.97,4167.13,0.0,0.0,0.865,2.41113,0.0,1,0.0207358901,1.9268740193,1.9497071282769904,Train
ja507269n_si_003_clean,27.20941,25.54914,27.20941,0.339031,1450.85,4279.41,0.0,0.0,0.869,2.56319,0.0,1,0.0239988699,2.2001365112,2.249962739429213,Train
ja507947d_si_001_auto,17.5271,9.15991,17.51275,0.493165,2044.36,4145.4,0.0,0.0,0.8062,1.63475,0.000405544,0,0.0138958158,1.3413609155,1.3151779406208686,Train
ja5103103_si_002_auto,16.95031,14.45168,16.94349,0.50204,1609.85,3206.61,0.0,0.0,0.8216,1.63652,0.0,1,0.0143314885,1.3497977097,1.3873241793591031,Test
ja510525s_si_002_clean,11.55111,8.31224,11.55111,1.02928,1660.34,1613.11,402.375,390.929,0.6934,0.673676,0.000194311,1,0.0227034199,1.9801194816,1.9402195739816874,Train
ja510525s_si_003-1_clean,10.94267,8.40951,10.74622,0.792307,2099.13,2649.38,0.0,0.0,0.6954,0.87769,0.000252427,1,0.026793069,2.3868119988,2.257788781022651,Train
ja5111317_ja5111317_si_002_auto,21.37941,8.74134,21.37941,0.420413,1892.53,4501.6,0.0,0.0,0.8218,1.95474,0.000475722,1,0.0198924905,1.8685979545,1.89207855866993,Train
ja512137t_si_002_clean,8.83209,4.60356,8.83209,0.894333,2156.88,2411.72,0.0,0.0,0.6544,0.731719,0.0,0,0.0451496798,3.5308140635000003,3.2326818968074558,Test
ja512311a_si_003_auto,11.88887,9.00529,11.09267,0.491487,2207.95,4492.38,0.0,0.0,0.8056,1.63911,0.0,0,0.0100952033,0.9919407563,1.0028102884587025,Train
ja512311a_si_007_auto,11.3746,9.04299,10.93292,0.509598,2105.05,4130.81,0.0,0.0,0.8058,1.58125,0.0,0,0.0067112218,0.6599383227000001,0.719187718024175,Train
ja512437u_si_002_clean,5.46454,4.64589,5.42464,1.16038,1353.66,1166.57,0.0,0.0,0.522,0.449854,0.0,1,0.0420633714,2.4901710859,2.4396561244437636,Train
ja512437u_si_003_clean,5.66684,4.62581,5.62433,1.17377,1371.36,1168.34,0.0,0.0,0.5236,0.446085,0.0,1,0.0415446921,2.4577433414,2.4571232464858577,Test
ja512437u_si_004_clean,5.66299,4.65074,5.65798,1.30634,1428.94,1093.85,0.0,0.0,0.5386,0.412296,0.0,1,0.0419579398,2.3625669766,2.3849146701628197,Test
ja512762r_si_002_auto,13.2428,11.09142,13.2428,0.709182,2154.21,3037.6,0.0,0.0,0.7414,1.04543,0.0,0,0.0093858236,0.8642238631999999,0.9318171601986476,Train
ja512973b_si_002_auto,17.75046,8.47189,17.75013,0.458587,2258.74,4925.43,0.0,0.0,0.7852,1.71222,0.000436122,0,0.0143486698,1.3576477177,1.3955603317350085,Test
ja512973b_si_003_auto,21.33814,8.58252,20.92518,0.403686,1883.32,4665.31,0.0,0.0,0.8204,2.03227,0.000495434,0,0.0141847285,1.3518405215,1.4084530507817807,Train
ja512973b_si_004_auto,23.13451,12.211,23.13368,0.298536,1643.34,5504.68,0.0,0.0,0.864,2.89413,0.0,0,0.0139674071,1.3922487343,1.4501042653157707,Test
ja512973b_si_005_auto,25.24149,10.49588,25.24149,0.291153,1600.36,5496.62,0.0,0.0,0.8684,2.98262,0.000686924,0,0.0153736884,1.5281375535,1.5468079982898109,Test
ja5131269_si_002_clean,10.86981,8.81904,10.86239,0.665683,2359.22,3544.05,0.0,0.0,0.7502,1.12696,0.0,0,0.0327974084,2.3020262101,2.5360377618784287,Train
ja5131269_si_003_clean,10.97224,8.95533,10.97224,0.663582,2332.5,3515.02,0.0,0.0,0.7592,1.14409,0.0,0,0.0352004639,2.387417676,2.5524085656295634,Train
ja5b00365_si_002_clean,21.77625,7.63115,21.77625,0.452533,2037.74,4502.96,0.0,0.0,0.826,1.82528,0.0,0,0.0219633482,2.0999609841,2.0938024493317764,Test
ja5b02556_si_002_clean,4.73869,3.95041,4.3237,1.15657,768.798,664.724,0.0,0.0,0.4702,0.406548,0.0,0,0.0805796932,2.566835596,2.66161942369323,Train
ja5b02897_si_003_clean,11.87679,10.79351,11.87679,1.06888,1595.23,1492.43,0.0,0.0,0.6484,0.606614,0.0,1,0.0225768925,1.9900196986,1.944913811233936,Test
ja5b02999_si_002_clean,17.68621,16.73879,17.68621,0.597274,1774.03,2970.22,0.0,0.0,0.8228,1.37759,0.0,1,0.0145391278,1.382001173,1.4045853016586871,Test
ja5b02999_si_003_clean,14.70244,11.79351,14.69456,0.775127,1933.94,2495.0,0.0,0.0,0.7872,1.01557,0.0,1,0.014471608,1.3277902897,1.3109729310623848,Train
ja5b02999_si_004_clean,14.69185,13.06998,14.68941,0.678878,1913.08,2818.01,0.0,0.0,0.7962,1.17282,0.0,1,0.0166601434,1.5194567041999998,1.570933089446532,Train
ja5b02999_si_006_clean,15.81495,13.61984,15.81495,0.591093,1861.23,3148.79,0.0,0.0,0.7794,1.31858,0.0,1,0.0164709254,1.5164865347999998,1.570433039273289,Test
ja5b02999_si_007_clean,19.24151,15.81933,18.17294,0.414726,1795.61,4329.62,0.0,0.0,0.8236,1.98589,0.0,1,0.0223668107,2.0666540105,2.139471729883058,Test
ja808995d_si_002_clean,17.63143,10.03888,17.62334,0.751788,1337.16,1778.64,192.928,256.625,0.6832,0.908766,0.0,1,0.0630354608,2.0501601330000003,2.015076413352069,Train
ja809985t_si_002_clean,22.77836,8.92569,22.41884,0.406231,1793.65,4415.34,0.0,0.0,0.8602,2.11751,0.0,0,0.0202639866,1.9428144521,1.9332220503309163,Train
ja903726m_si_002_clean,12.24865,4.72993,12.24865,0.820334,2060.46,2511.73,0.0,0.0,0.6832,0.832831,0.0,0,0.015361663,1.4048494586000002,1.394103800867271,Train
ja905009e_si_002_clean,7.4254,5.9743,7.38064,1.40157,2795.33,1994.43,0.066678,0.0475737,0.7066,0.504148,0.0,1,0.0067359503,0.6349586557,0.633695160121051,Train
ja907023c_si_001_clean,9.61179,5.4202,9.50068,0.666698,1801.22,2701.7,393.55,590.296,0.69,1.03495,0.0,0,0.0258703132,2.3597068727,2.352711171302551,Train
ja907023c_si_002_clean,9.7447,5.39631,9.52834,0.66078,1783.63,2699.29,403.357,610.425,0.6912,1.04604,0.0,0,0.0260332087,2.3728588056,2.402848417636174,Train
ja907023c_si_003_clean,9.71412,5.38216,9.47423,0.667627,1783.85,2671.92,384.965,576.618,0.6968,1.0437,0.0,0,0.0265344256,2.4264664651,2.426164399381031,Test
ja907023c_si_004_clean,9.71962,5.45923,9.49261,0.665822,1776.52,2668.16,388.062,582.832,0.695,1.04382,0.0,0,0.0264066153,2.3902535401,2.3918941830564724,Test
JABMEF_clean,4.29453,3.62408,4.28019,1.76637,1054.03,596.719,0.0,0.0,0.558,0.315902,0.0,0,0.0538911438,2.8984998083,2.5554780205772007,Test
jacs.5b12516_ja5b12516_si_002_clean,8.05832,6.63779,8.05832,1.47307,1756.87,1192.66,0.0,0.0,0.6028,0.409213,0.000135771,1,0.007426464,0.6953888806,0.7121415486738136,Train
jacs.5b12516_ja5b12516_si_003_clean,8.53606,6.74383,8.51304,1.39796,1816.6,1299.47,0.0,0.0,0.6282,0.44937,0.0,1,0.0072242238,0.6811324146,0.6741282186742166,Train
jacs.5b12516_ja5b12516_si_004_clean,8.49651,6.78307,8.47146,1.40015,1810.97,1293.41,0.0,0.0,0.6308,0.450522,0.0,1,0.0071062504,0.6789151004,0.6692868709064699,Train
jacs.5b13491_ja5b13491_si_002_clean,10.00499,6.00632,8.35178,0.770104,1492.72,1938.34,566.054,735.036,0.688,0.893386,0.0,1,0.0336214147,2.9487175971,2.940833648021588,Train
jacs.6b01345_ja6b01345_si_001_clean,20.28746,11.03087,20.28746,0.706861,1313.51,1858.23,15.0052,21.228,0.6976,0.986898,0.0,1,0.1100286563,2.1354480092,2.1163700946731603,Train
jacs.6b01663_ja6b01663_si_003_clean,27.62636,19.6462,27.62636,0.319125,1432.79,4489.74,0.0,0.0,0.874,2.73874,0.0,1,0.0186596145,1.7781122725999998,1.8174220680410036,Train
jacs.6b02030_ja6b02030_si_002_clean,9.27827,8.57062,9.27827,1.61278,1536.21,952.52,0.0,0.0,0.6184,0.383437,0.0,1,0.017098492,1.5082754064,1.4169298562101607,Train
jacs.6b02030_ja6b02030_si_003_clean,9.33807,8.65245,9.33807,1.33968,1588.12,1185.45,0.0,0.0,0.6278,0.468619,0.0,1,0.0249893914,2.1029656437,1.9743043602757515,Test
jacs.6b04608_ja6b04608_si_003_clean,17.74549,10.18366,17.61731,0.472151,1971.53,4175.64,0.0,0.0,0.8228,1.74266,0.000423593,0,0.0170458368,1.58143295,1.5996406786928483,Train
jacs.6b06759_ja6b06759_si_002_clean,14.81093,8.19624,14.81093,0.576281,2199.59,3816.87,0.0,0.0,0.7704,1.33685,0.000347053,0,0.0232742658,2.0954029388,2.0768538810592982,Test
jacs.6b06759_ja6b06759_si_003_clean,15.38405,7.99425,15.37857,0.667947,2168.98,3247.23,0.0,0.0,0.7722,1.15608,0.000299425,0,0.0151462418,1.4223691693,1.4362433571307236,Test
jacs.6b06759_ja6b06759_si_004_clean,15.4905,7.85668,15.48477,0.558595,2165.23,3876.2,0.0,0.0,0.7746,1.38669,0.000358041,0,0.0176282835,1.6937752987,1.654065156040819,Train
jacs.6b08724_ja6b08724_si_009_clean,28.38912,26.8915,28.38912,0.324235,1424.57,4393.62,0.0,0.0,0.8668,2.67337,0.0,1,0.02302353,2.1593216791,2.1628672423370183,Test
jacs.6b08724_ja6b08724_si_014_clean,28.056,26.5894,28.056,0.284192,1417.0,4986.05,0.0,0.0,0.8798,3.09579,0.0,1,0.0277475642,2.5974852362000003,2.4683208511013146,Test
jacs.6b08724_ja6b08724_si_016_clean,28.19813,26.70296,28.19813,0.327356,1415.91,4325.28,0.0,0.0,0.8786,2.68393,0.0,1,0.0236437852,2.1508855199,2.1896350241550615,Test
jacs.6b09113_ja6b09113_si_002_clean,13.34579,11.70118,13.34579,0.574767,1929.82,3357.56,0.0,0.0,0.7742,1.34698,0.000347967,1,0.0178732243,1.6515681916999998,1.6590373787549137,Train
jacs.6b09155_ja6b09155_si_009_clean,8.83227,8.6768,8.83227,0.846692,1685.24,1990.38,0.0,0.0,0.6728,0.794622,0.0,0,0.0201252228,1.8574048756,1.7469437542675366,Test
JADBIC_clean,6.8732,4.88929,6.87248,1.16013,1658.2,1429.33,0.0,0.0,0.5776,0.497877,0.0,1,0.0266007571,1.9746877606,2.027852974028165,Test
JADJOQ_clean,5.63389,5.12978,5.62594,1.03186,2420.1,2345.38,0.0,0.0,0.6734,0.65261,0.0,1,0.0273556724,2.3228731878,2.3101923009421497,Train
JADMAF_clean,5.40649,3.68585,5.39971,1.18993,400.217,336.338,47.5494,39.9599,0.4748,0.399016,0.0,1,0.0215162013,1.0804389539,1.1707415655558369,Test
JAFPIQ_clean,7.18163,6.66781,7.16788,1.29779,1736.11,1337.74,0.0,0.0,0.6626,0.51056,0.0,1,0.0073555639,0.6907978231,0.7241875260578645,Train
JAKBIJ_clean,5.97609,4.07891,5.95911,0.794839,2068.46,2602.36,0.0,0.0,0.6772,0.851997,0.0,0,0.0154907756,1.4387706166999998,1.4395109142293014,Test
JAKBOP01_clean,5.57699,4.27379,5.57277,0.833702,1977.55,2372.01,0.0,0.0,0.6608,0.792609,0.0,0,0.0153974742,1.3977948396000002,1.3668186805300375,Test
JAKBOP_clean,5.76914,4.18918,5.68942,0.806983,2029.2,2514.56,0.0,0.0,0.6692,0.829261,0.0,0,0.0161960244,1.4712010837,1.485201275954297,Test
JAKBUV_clean,5.57167,3.71325,5.56165,0.804799,1950.58,2423.69,0.0,0.0,0.669,0.831263,0.0,0,0.0139211169,1.258687949,1.326555819384235,Test
JALCAD_clean,10.23917,5.38907,7.72274,0.840589,1476.7,1756.74,567.482,675.1,0.661,0.786353,0.0,1,0.0607642643,4.5751063081,3.270819084449754,Test
JALLEQ_clean,20.72686,7.8738,20.45456,0.987929,1836.17,1858.6,0.0,0.0,0.7646,0.773942,0.000202444,1,0.007081187,0.6633896437,0.6657369425344826,Train
JALLOA_clean,21.13684,18.33831,21.13684,0.755302,1118.2,1480.46,7.09089,9.38816,0.8308,1.09996,0.00158877,1,0.0086245984,0.6636968927,0.6798442461450211,Train
JALTUL_clean,4.54107,3.68666,4.49534,0.520686,2635.05,5060.73,0.0,0.0,0.6792,1.30443,0.0,0,0.0154115432,1.4877464842,1.4612482346251825,Train
JASNAT_clean,4.78374,3.98828,4.76573,1.2488,1042.64,834.91,0.0,0.0,0.5318,0.425847,0.0,0,0.0687296865,2.9393256703,2.8938360817220916,Train
JAVNIE_clean,7.27986,4.97275,7.26799,0.939534,2385.4,2538.91,0.0,0.0,0.669,0.712055,0.0,1,0.0262416502,2.1695001762,2.2532554425014384,Train
JAVSUV_clean,5.63959,3.43313,5.63872,1.69188,1126.3,665.708,0.0,0.0,0.4934,0.291628,0.0,0,0.4019206242,4.7707178086,4.765101426685071,Train
JAVTEG_clean,6.01685,3.69212,6.01685,1.47606,1556.57,1054.55,0.0,0.0,0.549,0.371936,0.0,0,0.2076150446,4.6536157586,4.847930370577476,Train
JAVWUY_clean,5.48014,3.89264,5.47915,1.114,1459.0,1309.69,0.0,0.0,0.5932,0.532494,0.0,1,0.0337900926,2.3303786989,2.2866323514946405,Test
JEBCOJ_clean,7.20433,5.04936,7.20433,1.89362,858.504,453.367,0.0,0.0,0.4412,0.232993,0.0,0,0.015227979,0.9691270151,0.9737127668815613,Train
JEDJUY_clean,5.0551,4.14906,5.0551,1.66961,1339.59,802.333,0.0,0.0,0.4474,0.267966,0.0,1,0.0283955268,1.9267266195,1.8410756834062052,Train
JEDKEJ_clean,11.82785,6.92938,11.82019,0.805938,1577.17,1956.93,0.028495,0.0353563,0.6606,0.819666,0.0,0,0.0091602276,0.8489100160999999,0.8660288572096257,Train
JEJWOL_clean,9.81493,7.51137,9.63023,0.647443,2248.07,3472.22,0.0,0.0,0.754,1.16458,0.0,1,0.0206497032,1.8975012282,1.8904983677200373,Test
JELPAS_clean,6.6136,5.51475,6.6136,2.20984,1180.92,534.391,0.0,0.0,0.4712,0.213228,0.0,1,0.0261513652,1.4877280612,1.5160191934844836,Test
JENKET_SL,12.8466,11.09496,12.83423,0.704786,1452.89,2061.46,0.0,0.0,0.6858,0.973062,0.0,1,0.0210480989,1.7154317601,1.7652147479428921,Train
JENKIX_SL,9.92059,7.48583,9.85803,1.01231,1221.66,1206.81,0.0,0.0,0.5698,0.56287,0.0,1,0.022900734,1.5598338048,1.7317038784001721,Test
JETZAK_clean,6.92889,6.03574,6.92889,0.751805,1979.79,2633.39,0.0,0.0,0.6492,0.863522,0.0,1,0.0393835265,2.9748879360000005,3.0649461434550993,Train
j.ica.2016.05.002_2_clean,7.92311,7.02117,7.40406,1.04215,1506.32,1445.4,0.0,0.0,0.5762,0.552895,0.0,1,0.0212420477,1.7126219396,1.7435502365810611,Train
j.ica.2016.08.030_3_clean,5.42105,4.17711,5.42004,0.867442,2120.17,2444.17,0.0,0.0,0.6348,0.731807,0.0,1,0.0378614791,2.941954707,2.951563312957809,Train
JILWIL_clean,8.24655,3.54646,8.24655,1.48902,1339.88,899.835,0.0,0.0,0.545,0.366011,0.0,0,0.2757339677,5.9849741165,5.932591252827384,Train
JILWOR_clean,10.37997,3.63188,10.37997,1.43849,1318.22,916.388,0.0,0.0,0.5592,0.38874,0.0,0,0.2159655563,5.9196138386,5.7618875515615136,Train
JILXOS_clean,4.50507,4.05314,4.50324,1.57483,481.643,305.838,0.0,0.0,0.4424,0.280919,0.0,1,0.0302085166,1.2169267795999998,1.3994077928729736,Test
j.inoche.2015.01.025_INC05862-mmc2_clean,4.92906,3.897,4.88525,1.27844,1610.15,1259.46,0.0,0.0,0.5778,0.451957,0.0,0,0.0678459625,3.3403903388,3.615664473143181,Test
j.inoche.2015.03.028_inc05925-mmc2_clean,5.98483,4.5721,5.97294,0.945356,2162.97,2287.99,0.0,0.0,0.6338,0.670435,0.0,0,0.0566945099,3.952975045,3.945249602591656,Train
j.inoche.2015.03.054_CIFs_clean,12.69533,7.85866,12.69533,0.704617,2272.11,3224.61,0.0,0.0,0.79,1.12118,0.0,1,0.0167450517,1.5403497981999998,1.5963721182562691,Test
j.inoche.2015.12.019_1_clean,6.46265,4.53541,6.46076,1.0284,1784.75,1735.46,0.0,0.0,0.5772,0.561258,0.0,0,0.0484049046,3.4590477557,3.2707179849315358,Train
JISVAJ_clean,8.23303,6.49522,8.23303,0.862534,2413.26,2797.87,0.0,0.0,0.71,0.823156,0.0,1,0.0183749113,1.7536440249,1.6804507496216918,Test
JITPOS_SL,5.87095,4.85353,5.87048,1.43918,1047.46,727.817,0.0,0.0,0.485,0.336998,0.0,1,0.0172543854,1.1894486817,1.189051381090449,Train
JITQEI_clean,4.74821,3.43684,4.74019,0.96574,1149.8,1190.59,1.38371,1.4328,0.5672,0.587322,0.0,1,0.0260668412,2.0056398109,2.0022873119653894,Train
JIVFUQ_clean,6.2294,5.27198,6.22457,1.14554,1736.51,1515.89,0.0,0.0,0.6318,0.55153,0.0,0,0.0355361177,2.6335878503,2.543646364935366,Test
JIVHIG_clean,5.86134,3.79303,5.86134,0.999234,920.272,920.978,0.0,0.0,0.4348,0.435133,0.0,1,0.0276778089,1.6138604527,1.6734756633662466,Train
JIVSEN_clean,4.65844,4.22522,4.64209,1.94999,466.538,239.251,0.0,0.0,0.392,0.201026,0.0,1,0.0127560462,0.688843845,0.676364155394177,Train
JIXWUJ01_clean,4.91458,3.91959,4.91458,1.63925,888.533,542.037,0.0,0.0,0.4672,0.285009,0.0,0,0.0131266444,0.9054622322,0.8920080005231326,Train
JIXWUJ02_clean,4.89442,3.8959,4.88243,1.64878,881.814,534.829,0.0,0.0,0.4588,0.278267,0.0,0,0.0131537887,0.8886663227,0.9001501756917576,Test
JIXWUJ_clean,4.9428,3.96901,4.93448,1.63196,890.669,545.765,0.0,0.0,0.469,0.287384,0.0,0,0.0131601756,0.9050646487,0.8885425767093817,Train
JIYXUL_clean,6.59669,5.39005,6.562,2.75496,1188.02,431.228,0.0,0.0,0.4754,0.172562,0.0,1,0.0013258027,0.1311042391,0.1521688322247743,Train
JIZJAF_clean,10.25461,9.82723,10.24056,1.07189,1137.99,1061.67,0.0,0.0,0.5772,0.538489,0.0,0,0.0117690087,0.9855418745,1.0113684758697468,Train
JIZJEJ_clean,10.34811,9.92334,10.34811,1.06947,1137.02,1063.16,0.0,0.0,0.5768,0.53933,0.0,0,0.0112164241,0.9679905375,0.9848388605926924,Train
JIZJOT_clean,10.25508,9.65715,10.24861,1.06872,1112.51,1040.98,4.63217,4.33432,0.5712,0.534472,0.0,0,0.0113248558,0.9574142774,0.9675585509264166,Train
JIZJUZ_clean,10.30863,9.86894,10.26273,1.07331,1114.06,1037.97,0.0,0.0,0.5706,0.531626,0.0,0,0.0113936682,0.9735935365,1.0003173332661741,Train
JIZWEW_clean,6.00475,5.39741,6.00471,1.02738,1409.26,1371.7,0.0,0.0,0.5578,0.542934,0.0,0,0.0458885507,2.7799363639,2.8512834838224186,Train
JIZWIA_clean,5.73459,5.3907,5.73388,1.0417,1399.8,1343.76,0.0,0.0,0.5588,0.536429,0.0,0,0.0516830985,2.8491077525,2.925137171034816,Train
JIZWOG_clean,5.77811,5.24857,5.77811,1.0286,1416.31,1376.93,0.0,0.0,0.5656,0.549873,0.0,0,0.051384548,3.0105025293,2.9972522709232043,Test
j.jssc.2014.11.015_mmc2_clean,5.22329,3.73672,5.11659,0.962226,1097.58,1140.67,0.0,0.0,0.5588,0.580737,0.0,0,0.0890739043,3.7696720474,3.7341773551102975,Train
j.jssc.2015.05.012_mmc6_clean,5.19284,3.47327,4.97212,1.17487,1114.95,948.996,0.0,0.0,0.5544,0.471883,0.0,1,0.0348618017,1.948509742,2.1199424571881935,Test
j.jssc.2016.09.008_mmc8_clean,4.48976,3.77657,4.48976,1.63203,829.111,508.026,0.0,0.0,0.4792,0.293623,0.0,1,0.0224755114,1.4056728124000002,1.4101990840147787,Train
JOCWIJ_clean,13.89765,5.51402,13.89722,0.824207,1875.6,2275.65,13.4154,16.2767,0.735,0.891766,0.0,1,0.0111068782,1.0678096655,1.038996831933955,Train
JOFGOC_clean,5.75292,4.66172,5.55476,1.28873,519.931,403.445,222.923,172.979,0.4708,0.365321,0.0,1,0.0203724922,0.975509236,1.1722086766970867,Test
JOFKIA01_clean,6.88318,5.09054,6.88318,1.58969,1147.61,721.91,0.0,0.0,0.53,0.333399,0.0,1,0.0130991321,1.0205237412,0.9905376832328703,Test
JOFKIA_clean,6.957,5.13094,6.957,1.57886,1125.97,713.155,0.0,0.0,0.5264,0.333406,0.0,1,0.0129389064,0.9838366494,0.998785265258602,Train
JOGHEU_clean,4.6871,3.79057,4.64785,1.04241,1656.32,1588.93,0.0,0.0,0.5686,0.545465,0.0,1,0.0203106762,1.7490929132,1.7210090057668797,Test
JOGHIY_clean,4.7279,3.83843,4.69154,1.03019,1565.61,1519.72,0.0,0.0,0.5608,0.544364,0.0,1,0.0213250674,1.8199706695,1.795662502969157,Train
JOGSAA_clean,12.97631,9.4474,12.86758,0.420776,1989.54,4728.27,0.0,0.0,0.8226,1.95496,0.0,1,0.0187562472,1.8082129131,1.8187595477120364,Test
JOHFIW_manual,6.80122,6.39579,6.80122,1.29813,1554.38,1197.39,0.0,0.0,0.5754,0.443252,0.0,0,0.0379475373,2.6142442245,2.6021487510943824,Test
JOJKUQ_clean,18.63152,8.76045,18.62188,0.609363,1817.58,2982.76,0.0,0.0,0.7992,1.31153,0.0,0,0.0199768212,1.7961397288999998,1.763035394129241,Train
JOKXAI10_clean,4.67354,3.99704,4.67354,1.55632,737.434,473.833,0.0,0.0,0.5056,0.32487,0.0,1,0.0064670368,0.51117458,0.5139956511156976,Train
JOKXAI_clean,4.68166,4.00596,4.68147,1.55341,734.6,472.896,0.0,0.0,0.502,0.323161,0.0,1,0.0062540023,0.5171222732,0.5057456247408691,Train
JOKXEM10_clean,4.65592,3.94576,4.65486,1.57353,726.043,461.41,0.0,0.0,0.5,0.317757,0.0,1,0.0061192724,0.4982558602,0.499661507176524,Train
JOKXEM_clean,4.6554,3.9457,4.65434,1.57353,726.052,461.416,0.0,0.0,0.5004,0.318011,0.0,1,0.0062559215,0.5020252276,0.5068072835054513,Train
JOKXOW10_clean,4.65545,3.95436,4.6545,1.5749,721.126,457.885,0.0,0.0,0.5016,0.318495,0.0,1,0.0063541861,0.5030320556,0.5151205127725731,Train
JOKXOW_clean,4.65344,3.95436,4.65249,1.5749,718.186,456.019,0.0,0.0,0.5018,0.318622,0.0,1,0.0061837585,0.5088899288000001,0.5061139194414581,Train
JOKXUC10_clean,4.62045,3.87167,4.62045,1.57557,703.325,446.394,0.0,0.0,0.499,0.31671,0.0,1,0.0064424707,0.5195800389,0.5089728071408779,Train
JOKXUC_clean,4.54485,3.93734,4.54439,1.57557,692.186,439.324,0.0,0.0,0.4938,0.31341,0.0,1,0.00614998,0.4857478556,0.4853240554450189,Train
JOKYAJ_clean,4.98975,3.80682,4.92018,1.55283,739.05,475.936,0.0,0.0,0.512,0.32972,0.0,1,0.0063207915,0.4994738035,0.5082821680881051,Train
JOKYEN_clean,5.04569,3.84468,4.80961,1.54631,723.173,467.677,0.0,0.0,0.5112,0.330594,0.0,1,0.0062563054,0.4890305063,0.4911061162934842,Train
JOKYIR10_clean,5.00078,3.76275,4.99703,1.55706,710.679,456.424,0.0,0.0,0.5092,0.327027,0.0,1,0.00622982,0.4874252625,0.4895497127179558,Train
JOKYIR_clean,5.00078,3.76275,4.99703,1.55706,710.679,456.424,0.0,0.0,0.5092,0.327027,0.0,1,0.0061860616,0.4878778169,0.4895497127179558,Train
JOKYOX10_clean,4.99892,3.69875,4.99892,1.57161,677.229,430.914,0.0,0.0,0.5068,0.322472,0.0,1,0.0061572731,0.4782544146999999,0.4687569623244119,Train
JOKYOX_clean,4.99892,3.69875,4.99892,1.57161,690.001,439.041,0.0,0.0,0.5096,0.324253,0.0,1,0.00624479,0.4912172768,0.4809760107236114,Train
JOLYEQ_clean,10.48054,10.40031,10.48054,1.12044,787.1,702.494,0.0,0.0,0.5464,0.487667,0.0,0,0.005823248,0.5068076654,0.5466540307507528,Train
JOQSOZ_clean,6.10079,4.1274,6.09895,1.15948,1782.04,1536.94,0.0,0.0,0.5942,0.512473,0.0,1,0.0182385313,1.4410861074,1.451314833258104,Test
JOQZUM_clean,5.68246,5.15937,5.6766,1.419,1065.4,750.809,34.7517,24.4903,0.522,0.367865,0.0,1,0.0064989902,0.578511906,0.6116259182420769,Train
JORBAV_clean,5.6025,5.15328,5.59565,1.72417,1077.57,624.98,31.7982,18.4426,0.5402,0.31331,0.0,1,0.0056189418,0.4907778029999999,0.4888836360882849,Train
JORLEJ_clean,9.51377,6.43314,9.51377,0.798695,1989.75,2491.25,0.0,0.0,0.6678,0.836114,0.0,1,0.0248350829,2.0490979036000003,2.1407724956768313,Test
JORRAL_clean,6.90146,4.37137,6.90002,0.999683,1472.23,1472.69,0.0,0.0,0.5752,0.575382,0.0,1,0.0498775963,2.8476274652,2.9576729679481675,Train
JORSEQ_clean,4.96868,3.55075,4.83089,1.43147,797.865,557.376,0.0,0.0,0.4912,0.343145,0.0,1,0.0714076433,2.2041473196,2.305600726235519,Train
JORVET_clean,10.62231,4.72909,10.62231,0.840025,2012.33,2395.56,0.0,0.0,0.6632,0.789501,0.0,1,0.0386505806,2.9561142027,2.7743748738603604,Train
JOSNAG01_clean,4.34391,3.48794,4.33354,1.48639,790.023,531.506,0.0,0.0,0.5002,0.336521,0.0,1,0.0166065278,1.1484318978,1.1940072287840546,Test
JOSNAG_clean,4.31831,3.47722,4.26587,1.49368,756.727,506.618,0.0,0.0,0.503,0.336751,0.0,1,0.01646572,1.1268530922,1.12106489167836,Train
JOVXEZ_clean,4.48882,3.73021,4.48882,1.13994,1278.34,1121.41,0.0,0.0,0.558,0.4895,0.0,1,0.0305365415,2.0594085146000003,2.130438839248162,Train
JOWFOQ_clean,6.87554,6.2746,6.85501,1.0117,2308.98,2282.27,0.0,0.0,0.7136,0.705344,0.0,1,0.0089068719,0.843173342,0.8873399452174731,Train
JOXPIX_clean,5.23239,4.07998,5.23239,2.19565,717.149,326.623,0.211459,0.0963082,0.4132,0.188191,0.0,1,0.0060066666,0.4489988571,0.45819970761466466,Train
JOYKUF_clean,15.8468,15.75155,15.8468,0.656923,1385.91,2109.7,0.0,0.0,0.7706,1.17304,0.0,1,0.0177571238,1.6604486669,1.6275115088659469,Train
jp102463p_si_002_clean,7.50467,7.0978,7.502,1.02131,1655.17,1620.62,0.0,0.0,0.6276,0.614502,0.0,0,0.0265917054,2.3264511004,2.378473093509563,Test
jp102463p_si_004_clean,7.69309,7.15133,7.69309,1.0015,1823.95,1821.21,0.0,0.0,0.6478,0.646828,0.0,0,0.0301508292,2.6941203217000003,2.525060655171654,Test
jp2064408_si_002_clean,12.93309,6.73336,12.93309,0.876804,2105.23,2401.03,0.0,0.0,0.7182,0.819111,0.0,1,0.0447331774,2.5436814742,2.489427410025397,Test
jp209895d_si_002_clean,5.49532,3.6076,5.46456,1.0177,1748.28,1717.87,0.0,0.0,0.5898,0.57954,0.0,1,0.0645561678,3.5695460205,3.6197187459187976,Train
JUCGUL_clean,6.1601,4.88151,6.1601,0.959179,1807.63,1884.57,0.0,0.0,0.5894,0.614484,0.0,1,0.0518500889,3.2648568652,3.233058247491276,Train
JUCXEK_clean,7.06758,6.25925,7.06758,2.58085,1392.56,539.574,0.0,0.0,0.5948,0.230467,0.0,1,0.0036885027,0.3412860418,0.3498945523862369,Train
JUFREJ_clean,6.336,6.00289,6.33424,2.30777,537.799,233.038,0.0,0.0,0.3782,0.163881,0.0,1,0.004520621,0.3439168046999999,0.33547595028192245,Train
JUGQIN_clean,6.60597,5.16054,6.59079,1.12408,2425.27,2157.56,0.0,0.0,0.675,0.600491,0.0,1,0.0195811252,1.6606974242,1.6750746591709962,Test
JUGQOT_clean,6.35365,5.03774,6.35365,1.16137,2402.86,2068.99,0.0,0.0,0.662,0.570019,0.0,1,0.020266612,1.6745531375999998,1.7179228739247296,Train
JUJMOS_clean,10.00436,3.46125,9.10166,1.00404,871.243,867.739,634.245,631.694,0.6146,0.612128,0.0,0,0.0326418032,2.237941493,2.2171315386509574,Test
JUJTAL_clean,5.88047,3.45324,5.88047,1.10464,953.649,863.311,0.0,0.0,0.5102,0.461869,0.0,1,0.0697269416,3.1914378585,3.096751438654624,Train
JUMCOL_clean,7.85155,7.4129,7.84422,0.988066,1824.14,1846.18,0.0,0.0,0.6392,0.646921,0.0,0,0.0277584051,2.5174374035,2.3946829374734144,Test
JUMCUR_clean,6.66565,6.12054,6.47961,1.03261,1670.88,1618.12,0.0,0.0,0.6176,0.598098,0.0,0,0.0295815551,2.3845070486,2.368980120037247,Test
JUMDAY_clean,6.08117,5.71486,6.04254,1.0654,1666.94,1564.61,0.0,0.0,0.599,0.562229,0.0,0,0.0324217739,2.4631405349,2.385567525742205,Train
JUMDEC_clean,6.63074,6.11727,6.62182,1.03639,1700.67,1640.96,0.0,0.0,0.617,0.595335,0.0,0,0.0307555122,2.460765571,2.4445434849750214,Test
JUNBOL_clean,4.23505,3.57437,4.22469,1.56146,719.857,461.015,0.0,0.0,0.4554,0.29165,0.0,0,0.022991695,1.3252014656,1.3700232351089001,Test
JUNBUR_clean,6.68812,5.2162,6.6842,1.12906,2243.68,1987.2,0.0,0.0,0.6588,0.583492,0.0,1,0.029374886,2.5217602121,2.2918093773279895,Test
JUQVAU_clean,7.11924,4.2578,6.73222,1.25075,1718.51,1373.98,0.35167,0.281167,0.5804,0.464042,0.0,1,0.0273415237,1.980644076,2.0366104515069217,Test
JURKIS_clean,7.21804,4.89996,7.21804,1.05199,1093.71,1039.66,0.0,0.0,0.5258,0.499814,0.0,1,0.0128555858,1.072058508,1.0564659978624387,Train
JUSBAC_clean,5.9515,3.58022,5.94467,1.69538,782.353,461.462,0.0,0.0,0.4474,0.263894,0.0,1,0.0349655266,1.3818303582,1.546785910944787,Test
JUSKAL_clean,5.98148,5.50358,5.98148,1.39089,683.78,491.614,0.0,0.0,0.4456,0.320371,0.0,1,0.012687648,0.8375119209,0.8076965554506381,Test
JUTCIM_clean,15.74073,14.87864,15.74073,0.734143,2013.05,2742.03,0.0,0.0,0.7486,1.01969,0.0,1,0.0393474868,2.7672727399,2.7016263575178994,Train
JUTCUW_SL,6.94384,5.61196,6.94384,1.08226,2751.52,2542.38,0.0,0.0,0.7548,0.697429,0.0,0,0.0085609186,0.8005123973999999,0.7924419456193834,Train
JUVROJ_clean,5.07744,3.63748,5.07744,1.35621,1447.17,1067.07,0.0,0.0,0.563,0.415127,0.0,0,0.0386900997,2.3717418281,2.3557449258189695,Test
JUXFAL_clean,5.68774,4.91257,5.68774,1.89851,1234.68,650.342,0.0,0.0,0.4776,0.251566,0.0,0,0.0212049686,1.4243542983000002,1.2755340356571172,Test
JUXFOZ_clean,6.56163,5.01898,6.56163,0.789798,2685.32,3400.01,0.0,0.0,0.699,0.885037,0.0,1,0.0389947858,3.1386542079,3.2675837260614524,Test
JUYJIY_clean,8.93591,6.40725,8.93528,0.861374,1865.56,2165.8,0.0,0.0,0.6744,0.782935,0.0,0,0.0279155333,2.100911017,2.2517316411316197,Test
JUYROM_clean,6.54798,4.58648,6.32354,0.991599,1825.87,1841.34,0.0,0.0,0.6014,0.606495,0.0,0,0.0458009925,3.4650212432,3.1713867134538756,Test
jz4002345_si_002_clean,8.57756,4.11023,8.57756,1.21659,1656.78,1361.82,0.0,0.0,0.594,0.488251,0.000328789,0,0.0267952329,1.7189178641999998,2.028227225581027,Test
jz4002345_si_003_clean,8.23229,4.10889,8.23229,1.21659,1653.43,1359.07,0.0,0.0,0.5956,0.489565,0.000164394,0,0.0268887124,1.7202499471,2.078637864913418,Test
jz4002345_si_005_clean,8.17701,3.85924,8.17701,1.11826,1495.8,1337.62,0.0,0.0,0.578,0.516876,0.00017885,0,0.0384043967,2.0192026644,2.5729533542565663,Test
jz4002345_si_006_clean,8.7001,4.17817,8.7001,1.56011,1731.24,1109.69,0.0,0.0,0.5976,0.383051,0.000256393,0,0.01959377,1.3102278225,1.4743696308338525,Test
KABNIL_clean,4.822,3.60721,4.822,1.40695,1317.06,936.108,0.0,0.0,0.5446,0.387078,0.0,1,0.0435216966,2.5182294128,2.3901812182629705,Test
KABXES_clean,5.52619,4.96961,5.37117,1.18279,1951.27,1649.71,0.0,0.0,0.6294,0.53213,0.0,1,0.0340042149,2.2448393832,2.3762660276541068,Train
KABXIW_clean,5.62028,4.9456,5.38973,1.141,1960.49,1718.22,0.0,0.0,0.6228,0.545837,0.0,1,0.0331031254,2.2496116532,2.393973723427138,Test
KABXOC_clean,5.507,4.94994,5.35679,1.19591,1938.76,1621.16,0.0,0.0,0.616,0.51509,0.0,1,0.0343006317,2.2602847109,2.3672943858381172,Test
KACZEV_clean,9.80506,5.54909,9.77983,0.780304,2624.36,3363.25,0.0,0.0,0.7202,0.922973,0.0,1,0.0398242757,2.9820774759,3.111561808438179,Test
KACZIZ_clean,8.95718,5.39384,8.83819,0.804507,2612.7,3247.58,0.0,0.0,0.7218,0.897196,0.0,1,0.0414110017,3.0330023198,3.157009708264918,Train
KADLOT_clean,9.00309,8.54299,8.9671,0.97843,1897.63,1939.47,0.0,0.0,0.6736,0.68845,0.0,1,0.0239799342,2.0412787263,2.0396943727252577,Train
KADLUZ_clean,14.27976,9.75466,14.27887,0.875377,1931.83,2206.85,0.0,0.0,0.6958,0.794857,0.0,1,0.0271233952,2.1312367452000003,2.1826599150150154,Test
KAGVUL_clean,6.24779,5.74251,6.24779,3.24848,1430.81,440.455,0.0,0.0,0.5524,0.170049,0.0,1,0.0100952804,0.7665664040000001,0.7692328833522759,Train
KAGWEW_clean,10.78843,9.81151,10.76706,1.6648,1720.66,1033.55,0.0,0.0,0.7082,0.425396,0.0,1,0.0056678825,0.5389436338,0.5415760120544382,Train
KAHMOW_clean,5.20373,4.91346,5.20373,1.50927,221.957,147.062,328.828,217.872,0.4508,0.298686,0.0,1,0.0817114848,1.2282819093,1.21108759766909,Train
KAHNOX_clean,6.67271,5.40663,6.66794,1.08519,2578.11,2375.72,0.0,0.0,0.741,0.682828,0.0,1,0.0045608954,0.4483805715,0.46483516032461036,Train
KAHPUE_clean,5.5467,4.52994,5.5467,1.10879,1597.49,1440.76,0.0,0.0,0.5904,0.532473,0.0,1,0.0146140261,1.2156690798,1.1953583286838159,Test
KAHYEY_clean,3.89651,3.5765,3.89651,1.95338,467.631,239.396,0.0,0.0,0.401,0.205285,0.0,1,0.0156199239,0.9801127295,0.9717280324599419,Test
KAHYID_clean,8.93039,4.11514,8.89727,1.11173,2249.06,2023.03,0.0,0.0,0.7014,0.630911,0.0,1,0.0106443069,1.0260656199,0.9843798058980688,Train
KAHYOJ_clean,8.86827,4.20402,8.86827,1.11868,2254.43,2015.26,0.0,0.0,0.7004,0.626094,0.0,1,0.0110787852,1.0309683670999998,1.0629521450267017,Train
KAHYUP_clean,8.96058,4.23716,8.87271,1.11708,2278.94,2040.08,0.0,0.0,0.7126,0.637912,0.0,1,0.0103593449,0.991861963,0.9654483644687543,Train
KAJZIH_clean,8.4847,6.59254,8.46458,1.73964,1004.17,577.227,0.0,0.0,0.4824,0.277298,0.0,1,0.0141369267,1.1271475752,1.0688930656665891,Train
KAKCAD_clean,9.06904,5.14285,6.93826,0.88724,1840.24,2074.12,0.0,0.0,0.6138,0.691809,0.0,1,0.0290799532,2.383082316,2.273594605592196,Test
KAKCEH01_clean,8.87027,8.43287,8.86098,1.05825,1407.83,1330.34,0.0,0.0,0.5852,0.55299,0.0,0,0.0192962095,1.5309331093,1.5563013732925612,Train
KAKCEH02_clean,9.05571,8.66764,9.05571,1.03977,1417.11,1362.9,0.0,0.0,0.5874,0.564931,0.0,0,0.0186005311,1.4950783894,1.5445236261154989,Test
KAKCEH_clean,9.06296,8.67891,9.0551,1.03141,1421.05,1377.78,0.0,0.0,0.5742,0.556714,0.0,1,0.0189674674,1.4929927182,1.5704070404615502,Train
KALFEK_clean,6.54196,4.56831,6.52391,0.938074,1723.71,1837.5,0.0,0.0,0.6008,0.640461,0.0,0,0.049818053,3.3037886602999995,3.3737128568413524,Train
KALFOU_clean,6.46523,4.80891,6.4631,0.94279,1718.26,1822.53,0.0,0.0,0.5936,0.629621,0.0,0,0.0533390168,3.3932052913,3.452109346021907,Train
KALGAH_clean,6.33471,4.78818,6.33036,0.937811,1809.34,1929.33,0.0,0.0,0.5982,0.637868,0.0,0,0.0513330386,3.3075283564,3.3692643250146936,Test
KALGEL_clean,6.46285,4.62415,6.46285,0.930333,1709.53,1837.55,0.0,0.0,0.6066,0.652024,0.0,0,0.0471021684,3.1924336194,3.285262922112367,Train
KANDIO_clean,6.34814,4.18035,6.34814,1.16715,1258.72,1078.45,0.0,0.0,0.5426,0.464892,0.0,1,0.0499749112,2.7033447947000004,2.597491141010229,Train
KANMIX_clean,9.77148,3.95127,9.76981,1.08328,1654.63,1527.42,0.0,0.0,0.6392,0.590057,0.0,1,0.0374648778,2.2904128987,2.3571047945959136,Train
KARLUM_clean,12.53415,7.4934,12.53415,0.637007,2138.43,3357.0,0.0,0.0,0.7386,1.15949,0.0,0,0.0246009643,2.2351070455,2.186609046769712,Test
KARNAU_clean,15.53234,10.48172,15.53234,0.459782,1976.67,4299.13,0.0,0.0,0.8028,1.74604,0.0,0,0.0282512778,2.4698141704,2.5376118725175885,Test
KARNID_clean,13.04357,6.77607,13.04357,0.899644,2279.39,2533.66,0.0,0.0,0.69,0.76697,0.0,1,0.0371802106,2.7247293669,2.576020089317254,Train
KARTAA_clean,6.20188,4.23592,5.30961,1.89212,1747.42,923.525,0.0,0.0,0.5718,0.3022,0.0,0,0.019834583,1.3910567247,1.3783510569581008,Train
KASRAZ_clean,6.01546,4.14091,6.00986,0.986437,2302.7,2334.36,0.0,0.0,0.6452,0.654071,0.0,1,0.0363992536,2.8512758157,2.8474665424708627,Test
KASRED_clean,7.65199,6.36839,7.38295,0.889824,2356.91,2648.74,0.0,0.0,0.6808,0.765095,0.0,1,0.0325726397,2.5760095851,2.75276442189989,Test
KATDAM_clean,6.25403,6.06717,6.25403,1.40557,375.411,267.088,0.0,0.0,0.4372,0.311048,0.0,0,0.0036909931,0.2798449085,0.2906896252058544,Train
KAVGAQ_clean,5.26252,4.91537,5.26252,1.15534,1485.59,1285.85,0.0,0.0,0.5246,0.454067,0.0,0,0.0609176037,2.8103178441,2.9016743329260497,Test
KAVJEX01_clean,9.52843,6.46475,9.52268,1.03139,1993.36,1932.71,0.0,0.0,0.6454,0.62576,0.0,0,0.0104121905,0.9890274879,0.9696754549784271,Train
KAVJEX_clean,8.73636,5.24821,8.73636,1.1563,1804.89,1560.92,0.0,0.0,0.605,0.523221,0.0,0,0.0130343845,1.1897300248,1.1519231614856207,Test
KAVKIC_clean,5.02071,3.4738,5.02071,2.5731,618.391,240.329,0.0,0.0,0.3932,0.152812,0.0,1,0.0154951707,0.6638872348,0.7272539478725044,Test
KAVNIH_clean,8.43697,7.72021,8.43697,1.03874,1070.95,1031.01,0.0,0.0,0.5158,0.496565,0.0,0,0.0282297236,1.7184775813,1.9606477295570302,Test
KAVTEI_clean,5.69693,3.84932,5.6869,1.19116,1393.16,1169.59,0.886343,0.744103,0.5548,0.465766,0.0,0,0.032856316,2.2289621472,2.1742332756185787,Test
KAVTUY_clean,5.22962,4.08985,5.19903,2.0701,676.869,326.975,0.0,0.0,0.424,0.204821,0.0,1,0.012775053,0.7203328494,0.7222999664283523,Train
KAWBOB_clean,7.62136,6.38807,7.35051,1.08418,1533.97,1414.86,0.0,0.0,0.5764,0.531645,0.0,1,0.0203535476,1.7362008499,1.6530768115912213,Test
KAWHEY_clean,18.21481,15.58526,18.21481,0.462868,1507.18,3256.18,0.0,0.0,0.8126,1.75558,0.0,1,0.0181323268,1.7039945081,1.6855245834266672,Train
KAXQIL_clean,5.12409,3.76819,5.12409,1.55224,467.005,300.859,0.0,0.0,0.3454,0.222517,0.0,0,0.1307786454,1.4924100289,1.4725596470679818,Train
KAYBIX_clean,5.6946,5.49039,5.6894,1.21439,1338.7,1102.37,0.0,0.0,0.5044,0.415354,0.0,1,0.0661772397,3.0921430993,3.026953751532897,Train
KAYBUJ_clean,5.49315,5.23582,5.46639,1.19412,1383.3,1158.42,0.0,0.0,0.511,0.427931,0.0,1,0.0610740298,3.0682739673,3.032698964733193,Train
KAYCIY_clean,5.92381,4.85823,5.92381,0.977102,1893.89,1938.27,0.0,0.0,0.5954,0.609353,0.0,1,0.0380873602,2.778283395,2.7319536905297177,Test
KEBFII_clean,5.16866,4.1674,5.16866,1.42464,1443.53,1013.26,0.0,0.0,0.5604,0.393361,0.0,1,0.0145503681,1.0695333351,1.1220756960277187,Train
KECRAL10_clean,7.14324,5.71599,7.14324,1.04513,2666.2,2551.06,0.0,0.0,0.762,0.729094,0.0,1,0.0065011884,0.6493988296000001,0.6059814678397846,Train
KECRAL12_clean,6.84524,5.44973,6.84445,1.04937,2682.68,2556.47,0.0,0.0,0.7656,0.729579,0.0,1,0.007029517,0.6483119531,0.6464090601609138,Train
KECRAL_clean,7.14304,5.71829,7.14304,1.04514,2648.0,2533.63,0.0,0.0,0.759,0.726219,0.0,1,0.0065117457,0.6442415861,0.6072138386505812,Train
KEDJAG01_clean,5.62745,4.42901,5.626,1.06272,3032.17,2853.21,0.0,0.0,0.6922,0.651347,0.0,0,0.0147082564,1.362670824,1.3788183083383783,Test
KEDJAG02_clean,5.64435,4.47405,5.63077,1.05807,3043.38,2876.34,0.0,0.0,0.6944,0.656287,0.0,0,0.0144625862,1.3673465476,1.355643780761582,Train
KEDJAG03_clean,5.73609,4.60094,5.73609,1.03985,3094.03,2975.45,0.0,0.0,0.6998,0.672979,0.0,0,0.0145284977,1.3704623651,1.3432874041527314,Train
KEDJAG04_clean,5.58759,4.3837,5.56019,1.07026,3013.15,2815.34,0.0,0.0,0.6894,0.644141,0.0,0,0.0146882832,1.3520530767,1.3602577903554667,Train
KEDJAG06_clean,5.60157,4.39581,5.5618,1.06802,3018.73,2826.48,0.0,0.0,0.6908,0.646807,0.0,0,0.0147282296,1.3592733846,1.3724231184816473,Train
KEDJAG08_clean,5.61357,4.40385,5.61357,1.06606,3021.96,2834.71,0.0,0.0,0.6918,0.648934,0.0,0,0.0141869562,1.3556861997999998,1.3221608064717505,Train
KEDJAG10_clean,5.6275,4.42824,5.62604,1.06272,3031.79,2852.86,0.0,0.0,0.692,0.651159,0.0,0,0.0148880151,1.3641448453999998,1.3788036768396779,Test
KEDJAG12_clean,5.63489,4.44582,5.40576,1.06079,3035.28,2861.33,0.0,0.0,0.6926,0.652908,0.0,0,0.0147342216,1.3507308516,1.385064373053396,Test
KEDJAG14_clean,5.64072,4.46761,5.621,1.05911,3041.81,2872.03,0.0,0.0,0.6942,0.655454,0.0,0,0.0141470098,1.3544518567,1.3305381721278573,Train
KEDJAG16_clean,5.644,4.47445,5.6433,1.05807,3043.8,2876.74,0.0,0.0,0.6942,0.656098,0.0,0,0.0143067953,1.3529418837,1.3331734574792065,Test
KEDJAG18_clean,5.65854,4.50803,5.65314,1.0548,3060.96,2901.94,0.0,0.0,0.6954,0.659272,0.0,0,0.0146503342,1.3625449930000002,1.3525258591397546,Train
KEDJAG20_clean,5.67593,4.5303,5.67504,1.05131,3067.91,2918.19,0.0,0.0,0.6962,0.662224,0.0,0,0.0146683101,1.3635935854,1.353527423253298,Test
KEDJAG22_clean,5.70452,4.56197,5.70452,1.04697,3123.81,2983.66,0.0,0.0,0.6974,0.666112,0.0,0,0.0147022645,1.368163451,1.381130926682869,Train
KEDJAG24_clean,5.73555,4.60029,5.7012,1.03985,3093.95,2975.36,0.0,0.0,0.6996,0.672786,0.0,0,0.0147482028,1.3697373383000002,1.3751334616185236,Train
KEDJAG26_clean,5.76062,4.63585,5.58828,1.03565,3107.22,3000.25,0.0,0.0,0.7004,0.676287,0.0,0,0.0146263664,1.3616501941,1.3546464540913563,Train
KEDJAG28_clean,5.787,4.68615,5.787,1.03012,3120.56,3029.31,0.0,0.0,0.7,0.67953,0.0,0,0.0146882832,1.3615523255000002,1.396318009681076,Test
KEDJAG_clean,5.61338,4.40406,5.55816,1.06606,3021.98,2834.73,0.0,0.0,0.6918,0.648934,0.0,0,0.0143527337,1.3498819911000002,1.3257601008400226,Test
KEDNOY_clean,4.98967,3.63243,4.9802,1.21306,941.075,775.788,0.0,0.0,0.514,0.423723,0.0,1,0.1088199683,3.3963018935000004,3.324664636898514,Train
KEDQAN_clean,6.47084,4.69781,6.47084,1.24227,903.446,727.254,0.0,0.0,0.4856,0.390897,0.0,0,0.0386746768,2.0301276477,1.867690598514398,Test
KEFBEE_clean,11.08232,7.03865,11.08232,0.706119,2334.22,3305.7,0.0,0.0,0.7482,1.05959,0.0,1,0.0263917237,2.2944212763,2.244942911374252,Test
KEFBII_clean,11.60551,5.69321,11.58639,0.756483,2453.14,3242.83,0.0,0.0,0.7332,0.969223,0.0,1,0.0347771807,2.769136668,2.820956776133883,Test
KEFBOO_clean,11.98728,8.05488,11.98728,0.72084,2302.73,3194.5,0.0,0.0,0.7462,1.03518,0.0,1,0.0265866084,2.344294445,2.2764203296124794,Test
KEFWAV_clean,4.19377,3.55017,4.10153,1.43831,578.428,402.157,0.568123,0.394992,0.4896,0.340399,0.0,1,0.0314519136,1.9962791041,1.9011103756481804,Train
KEFWID_clean,5.1885,3.70567,5.1885,1.78935,815.911,455.982,0.0,0.0,0.4748,0.265348,0.0,1,0.024452103,1.2435883527,1.281113401808367,Train
KEGYAX_clean,4.05397,3.78362,4.05397,2.49857,460.926,184.476,0.0,0.0,0.3628,0.145203,0.0,1,0.0084940993,0.5522111546,0.5252373420813969,Train
KEGZOL01_clean,6.43501,4.94371,6.43501,0.973544,2580.97,2651.11,0.0,0.0,0.724,0.743675,0.0,0,0.0132437181,1.2260591574,1.193930929901002,Test
KEGZOL02_clean,5.90632,4.48545,5.90632,0.991222,2611.36,2634.48,0.0,0.0,0.7042,0.710436,0.0,0,0.0130827908,1.2168108064,1.1928570235688143,Train
KEGZOL03_clean,6.38762,4.90333,6.38762,0.985223,2558.92,2597.3,0.0,0.0,0.7104,0.721055,0.0,0,0.0134821289,1.2401929423,1.186496419884353,Train
KEGZOL_clean,6.39792,4.91247,6.39792,0.989226,2580.25,2608.35,0.0,0.0,0.72,0.727842,0.0,0,0.0141556393,1.2467293709,1.2965835135282218,Test
KEHFUA_clean,4.97412,3.92327,4.96359,1.11198,578.781,520.497,332.856,299.337,0.5476,0.492456,0.0,1,0.034606281,2.0629684661,2.0536070840986542,Train
KEHGIP_clean,4.93159,3.98659,4.92634,1.07028,1453.04,1357.62,0.0,0.0,0.5542,0.517807,0.0,1,0.0747541402,3.9471702575,3.8398901470610785,Train
KEJBOQ_clean_h,5.17871,3.9347,5.17066,1.30921,1037.24,792.266,0.0,0.0,0.5384,0.411242,0.0,1,0.0874557338,3.286443377,3.174773372775762,Train
KEJHIQ_clean_h,5.28754,3.98518,5.28525,1.29873,1052.26,810.224,0.0,0.0,0.5454,0.41995,0.0,1,0.0809842928,3.1024622528,3.031044318472966,Train
KENJEU_clean,6.20454,3.65645,6.19551,1.18024,913.968,774.393,4.05812,3.43839,0.5244,0.444317,0.0,1,0.0192840466,1.4321888322,1.3181816206114885,Train
KEPPIF_clean,7.58494,5.23607,7.09943,1.25981,2380.78,1889.8,0.0,0.0,0.6804,0.540084,0.0,1,0.0150875185,1.3161795283,1.342716120203629,Train
KEQDER_clean,13.61666,6.49901,13.37179,0.543402,2314.06,4258.46,0.0,0.0,0.7794,1.4343,0.0,1,0.0313257275,2.5737383972,2.716530133400345,Test
KESBOA_clean,6.05718,4.26017,6.04665,0.970091,1926.33,1985.72,0.0,0.0,0.5956,0.613963,0.0,1,0.0274286489,2.2893211493,2.243015136748554,Train
KESBUG_clean,6.02545,4.0393,5.99647,0.986984,1894.92,1919.91,0.0,0.0,0.59,0.597781,0.0,1,0.0242217039,2.0484976116,2.0333167388930646,Train
KESGAS_clean,5.62194,5.11595,5.6016,1.12689,1067.74,947.506,0.0,0.0,0.5322,0.472273,0.0,1,0.0335024606,1.9895986624,2.038450100072098,Train
KESHAT_clean,4.71415,3.88542,4.71415,1.78814,1095.1,612.422,0.0,0.0,0.4878,0.272797,0.0,1,0.0118322793,0.9044139882,0.8968865364265048,Train
KETHEY01_clean,5.27207,3.57986,5.2523,1.48689,974.284,655.251,0.0,0.0,0.4998,0.336139,0.0,1,0.0621563384,2.2036380926,2.2835478491826273,Test
KETHEY02_clean,5.25403,3.55446,5.25403,1.49143,984.672,660.22,0.0,0.0,0.4862,0.325996,0.0,1,0.0633891549,2.2034068474,2.317697277260171,Train
KETHEY_clean,5.2876,3.58603,5.2765,1.48195,986.779,665.865,0.0,0.0,0.491,0.33132,0.0,1,0.0609323593,2.1883243615,2.2977377071415477,Train
KEVVIS_clean,6.50043,5.82364,6.50043,1.16086,1001.29,862.542,0.0,0.0,0.5192,0.447255,0.0,1,0.0199855222,1.3442691559,1.3713650836481832,Test
KEVWUF_clean,9.52723,4.19884,9.52723,1.04193,2188.13,2100.07,0.0,0.0,0.7092,0.680658,0.0,1,0.0110939446,1.0411835376,1.0612471778482433,Train
KEWBUL_clean,5.54329,4.14541,5.54329,1.48949,971.772,652.421,0.0,0.0,0.4996,0.335418,0.0,1,0.0227915009,1.3259478631,1.3906247642414984,Test
KEWNUX_clean,10.50155,5.22557,10.50155,1.81291,2313.92,1276.36,0.0,0.0,0.6966,0.384245,0.0,1,0.0046056027,0.4245148415999999,0.4578119827653675,Train
KEWZET_clean,6.38285,4.89652,6.37584,1.09177,1385.23,1268.79,0.0,0.0,0.5274,0.483068,0.0,1,0.0280246418,1.973381433,2.0585332607276294,Test
KEXFAU_clean,4.63469,3.96609,4.63178,0.913347,1885.16,2064.02,0.0,0.0,0.6022,0.659333,0.0,1,0.0379835845,2.8040599017,2.920315008795945,Train
KEXFIC10_clean,4.89247,3.74563,4.89153,1.59304,659.951,414.272,0.0,0.0,0.4988,0.313112,0.0,1,0.0057776495,0.4631615914,0.439118458875553,Train
KEXFIC_clean,4.90739,3.75202,4.9029,1.59304,664.487,417.119,0.0,0.0,0.5,0.313865,0.0,1,0.0059250463,0.4633604236,0.46036477449758606,Train
KEYFUR_clean,5.43827,4.92439,5.43827,1.64151,456.158,277.889,0.0,0.0,0.4004,0.243921,0.0,1,0.0075773365,0.4450161886,0.44093070490970576,Train
KEYMUY_clean,6.53351,5.26079,6.50691,1.20658,1362.71,1129.4,0.0,0.0,0.5562,0.460973,0.0,1,0.0370529598,2.2913630205,2.267004938522742,Test
KEYROX_clean,11.21887,3.60068,11.21229,0.939946,1552.8,1652.01,0.0,0.0,0.65,0.691529,0.0,0,0.0128705623,1.1820092283,1.1859792692964843,Train
KEYYET_clean,4.99758,4.16066,4.97856,2.73182,2341.44,857.098,0.0,0.0,0.6236,0.228273,0.0,1,0.0030274514,0.2839569536,0.2999093117640539,Train
KIBDEF_clean,4.31904,3.92279,4.31686,2.00589,798.722,398.188,0.0,0.0,0.4762,0.2374,0.0,1,0.0298861859,1.6844460825,1.607031738032008,Test
KIBDIJ_clean,4.30909,3.88512,4.30289,2.07432,740.264,356.871,0.0,0.0,0.4854,0.234004,0.0,0,0.0289760481,1.6535612225,1.6184478057773588,Train
KICXAX_clean,5.16268,4.57333,5.16268,3.58491,368.423,102.77,1.6771,0.467821,0.3658,0.102039,0.0,1,0.0024352386,0.1724148937,0.1629476766428799,Train
KICXEB_clean,5.19321,4.51034,5.19321,3.50049,366.788,104.782,3.53238,1.00911,0.3962,0.113184,0.0,1,0.0025199321,0.1801873084,0.19938680551702315,Train
KIDDIM_clean,5.26498,3.54235,5.26498,1.46293,1254.88,857.787,0.054983,0.0375841,0.5414,0.370079,0.0,1,0.0481556932,2.3315758649,2.341053762354924,Train
KIDDOS_clean,5.1988,3.52628,5.1988,1.34479,1175.14,873.846,0.0,0.0,0.5262,0.391287,0.0,1,0.0721365322,2.9399761269,2.9357632876509925,Train
KIDVIE_clean,6.06928,4.27938,6.0515,1.59401,1653.86,1037.55,0.0,0.0,0.5994,0.376033,0.0,1,0.0115585056,0.9373208602,0.9382708285202285,Test
KIFWUT_clean,5.20547,3.53873,4.99626,1.38567,317.914,229.429,0.0,0.0,0.4078,0.294297,0.0,1,0.0180074075,0.6852162381,0.7648087035344471,Train
KIGCEK_clean,10.39364,10.27787,10.39364,0.990795,1293.94,1305.96,0.0,0.0,0.603,0.608602,0.0,1,0.0121627876,1.1035668933,1.0539545152801244,Train
KIJPUQ_clean,4.83597,4.0538,4.82906,1.04226,1795.93,1723.11,0.0,0.0,0.619,0.593902,0.0,1,0.0355796598,2.8823379619,2.783639008267499,Train
KIJRUS_clean,12.14192,7.10734,11.60914,0.697914,2309.15,3308.64,0.0,0.0,0.7064,1.01216,0.0,1,0.0390206659,3.0450760939,2.9493969733606917,Train
KIKDAL_clean,6.22689,3.75929,6.04304,1.41993,422.344,297.441,0.0,0.0,0.4098,0.288607,0.0,0,0.0120562422,0.6270827016,0.6558766434011323,Train
KIKFIV_clean,6.97244,5.06027,6.95895,1.05179,1573.15,1495.68,0.0,0.0,0.5538,0.52653,0.0,1,0.0246857806,1.7651396899,1.8937925527931567,Train
KINDOC_clean,6.25246,5.98089,6.23061,1.0194,1977.32,1939.7,0.0,0.0,0.6526,0.640183,0.0,1,0.0317706611,2.1852005758,2.5584428960251397,Test
KINFAQ_clean,7.6173,5.59807,7.60335,1.3531,1646.54,1216.86,0.0,0.0,0.602,0.444903,0.0,1,0.0279763799,2.2682130653,2.0925796378433583,Train
KINFEU_clean,7.75525,5.37339,7.72099,1.46024,1528.12,1046.49,0.0,0.0,0.5768,0.395004,0.0,1,0.0324439349,2.2357758221,2.1375831510497636,Train
KINNIG_clean,5.23856,4.20025,5.23856,0.934994,2808.15,3003.39,0.0,0.0,0.672,0.718721,0.0,0,0.0424992801,3.4742757760000003,3.5323937226042945,Test
KINPUU_clean,5.05147,4.16271,5.05147,1.13092,540.779,478.177,0.321066,0.283899,0.472,0.41736,0.0,1,0.0233485779,1.2364754072,1.243385902585699,Train
KINQAB_clean,5.083,4.08701,5.083,1.12522,554.857,493.112,3.99845,3.5535,0.4816,0.428007,0.0,1,0.0223496093,1.1755915262,1.2502295336105584,Test
KINRIK_clean,9.88966,4.92572,9.88966,1.29557,1990.08,1536.07,0.0,0.0,0.6774,0.52286,0.0,1,0.0064690357,0.5821943184,0.6107476887316079,Train
KINROQ_clean,9.89689,4.84005,9.89689,1.30206,1987.71,1526.59,0.0,0.0,0.6598,0.506735,0.0,1,0.0063406862,0.5840634762,0.6154537795177994,Train
KIPJIE_clean,6.98996,5.50834,6.97989,1.65051,1046.06,633.782,0.0,0.0,0.4498,0.272521,0.0,0,0.0124104363,0.9035789726,0.9579066404953518,Train
KIPJOK_clean,7.22312,5.53705,7.21754,1.64475,1067.63,649.113,0.0,0.0,0.4574,0.278097,0.0,1,0.0127077927,0.9282471217,0.9517777719097877,Train
KIPJUQ_clean,7.29399,6.9774,7.2828,1.83817,548.504,298.397,9.18351,4.99601,0.453,0.246441,0.0,1,0.0047156221,0.3584997482,0.40626337159571824,Train
KIPKAX_clean,7.3989,7.10265,7.38802,1.86184,543.943,292.153,8.42327,4.52417,0.4534,0.243523,0.0,1,0.0060912714,0.476119649,0.4964087489481599,Train
KIPKEB_clean,7.31365,7.00422,7.30257,1.55565,545.263,350.505,9.24741,5.9444,0.4558,0.292997,0.0,1,0.0061752689,0.480960802,0.5004509757463056,Train
KIPZEQ_clean,4.90958,4.0897,4.90138,1.27414,1102.16,865.023,0.0,0.0,0.4878,0.382847,0.0,1,0.0416847879,2.2685249139,2.1893076457354175,Train
KIRFIA_clean,5.7578,4.65199,5.7578,1.02515,3140.54,3063.5,0.0,0.0,0.6918,0.674829,0.0,0,0.0144366211,1.3578040236000002,1.3655236854557373,Test
KIRTUC_clean,4.85053,4.15268,4.83508,1.33238,1171.73,879.427,0.0,0.0,0.5362,0.402437,0.0,0,0.1477176665,4.3637650806,4.255977492983334,Train
KISVEO_clean,12.37009,6.46344,11.80655,2.21622,1903.3,858.806,0.0,0.0,0.6734,0.303851,0.0,1,0.0079567194,0.6786744734000001,0.6417957910429444,Train
KITVEQ_clean,6.53651,4.25527,6.53589,1.13006,897.316,794.041,0.0,0.0,0.4944,0.437498,0.0,0,0.0259932838,1.6733958185,1.5608753194718867,Train
KIVDUQ_clean,6.26762,4.30044,6.26762,1.44826,1375.59,949.827,0.0,0.0,0.529,0.365266,0.0,1,0.0134697843,1.0266293118,1.065114126925788,Test
KIVFAY_clean,6.23242,4.28797,6.23242,1.46353,1355.07,925.895,0.0,0.0,0.5256,0.359132,0.0,1,0.0133165198,1.0005126006,1.019571233397088,Train
KIVFEC_clean,6.2609,4.2583,5.97896,1.47095,1347.56,916.116,0.0,0.0,0.5236,0.355961,0.0,1,0.0133990515,1.0002320086,1.0871348858877141,Test
KIYMIQ_clean,7.09051,6.95471,7.08404,1.0379,1177.89,1134.87,0.0,0.0,0.482,0.464398,0.0,1,0.0420404628,2.4762791587,2.4850025424264848,Test
KIYQEQ_clean,5.83028,3.92148,5.83028,1.25472,1762.89,1405.01,0.0,0.0,0.5742,0.457633,0.0,1,0.0485980312,2.9600061655000003,2.944782616479545,Train
KIYQIU_clean,5.86454,4.0944,5.8642,1.28277,1638.51,1277.32,0.0,0.0,0.564,0.439672,0.0,1,0.0541457654,3.2604424087,3.0364864737148856,Train
KIYQOA_clean,4.76031,3.94678,4.76031,1.3892,1043.7,751.292,0.0,0.0,0.5312,0.382377,0.0,1,0.0669358309,2.8537330881,2.842378804220065,Train
KIYTOD_clean,14.38752,6.75209,13.57035,0.794229,1901.95,2394.72,0.0,0.0,0.7144,0.899489,0.0,1,0.0239613006,2.1106988588,2.0376242131525877,Test
KIYXUN_clean,17.29009,12.6482,17.27598,0.96734,1415.77,1463.57,0.0532371,0.0550346,0.6946,0.718052,0.0,1,0.0071653028,0.6732136234999999,0.6669739790495104,Train
KOBFIR_clean,7.61968,5.81939,7.61968,0.929894,1834.94,1973.28,0.0,0.0,0.6418,0.690186,0.0,0,0.032130436,2.4865361603,2.593898785384059,Train
KOBRAV01_clean,6.38674,3.78902,6.38674,1.36238,822.472,603.704,0.0,0.0,0.4712,0.345866,0.0,1,0.017668982,1.1683274573,1.1616157977463344,Train
KOBRAV_clean,6.35889,3.80128,6.35889,1.36336,826.663,606.343,0.0,0.0,0.4722,0.34635,0.0,1,0.0178395791,1.16250841,1.1531054492575499,Train
KOCCUC_clean,9.17407,6.81795,9.17407,1.04186,1636.71,1570.96,6.29699,6.044,0.6142,0.589525,0.0,1,0.0194480379,1.6893466854,1.5975002454919314,Train
KOCWEF_clean,8.13442,3.87575,8.10204,1.046,828.231,791.809,624.804,597.328,0.5872,0.561377,0.0,1,0.0263509031,2.1153206646,2.0443704556857023,Train
KOFPEB01_clean,7.3154,5.12362,7.3154,1.77872,899.08,505.464,0.0,0.0,0.461,0.259175,0.0,0,0.0145266765,1.0082980998,1.0020435863086063,Train
KOFPEB02_clean,7.34058,5.07386,7.34058,1.77151,892.32,503.707,0.0,0.0,0.46,0.259666,0.0,0,0.0143628834,1.0204420296,0.9815255631435548,Train
KOFPEB03_clean,7.32397,5.11399,7.32397,1.7716,886.883,500.612,0.0,0.0,0.461,0.260217,0.0,0,0.0145288899,1.004885006,0.9981998580147868,Train
KOFPEB04_clean,7.23942,4.91036,7.23942,1.7997,891.039,495.105,0.0,0.0,0.4576,0.254265,0.0,0,0.0162675315,1.0626287111,1.09139620334479,Train
KOFPEB_clean,7.31754,5.12695,7.31754,1.78125,881.099,494.651,0.0,0.0,0.4574,0.256786,0.0,0,0.0147679393,0.9982458522,1.0139835466056273,Test
KOFVOS_clean,5.23992,4.30833,5.23699,1.25499,1442.74,1149.6,0.0,0.0,0.543,0.432672,0.0,1,0.0423342913,2.4798522661,2.441842996680374,Train
KOGYIP_clean,5.27845,4.86254,5.27845,1.3895,794.839,572.034,0.0,0.0,0.4714,0.33926,0.0,1,0.011630405,0.7915568092,0.8061414429401625,Test
KOHDIW_clean,6.97684,4.55031,6.84951,0.806536,2130.46,2641.49,0.0,0.0,0.6532,0.809883,0.0,1,0.032412477,2.8801312381,2.7457509351813667,Train
KOHKIC_clean,9.61717,7.1473,9.61717,0.879264,1566.05,1781.09,99.4285,113.081,0.6478,0.736752,0.0,1,0.027589909,2.0983641847,2.0471143004190426,Test
KOHKOI_clean,9.75224,7.03631,9.74499,0.882485,1556.94,1764.27,99.8155,113.107,0.639,0.724092,0.0,1,0.0276775759,2.1122772882,2.0302090921121607,Train
KOHLIE_clean,6.85522,4.84816,6.83832,0.971676,1685.5,1734.63,0.0,0.0,0.5992,0.616666,0.0,1,0.0303901078,2.3014706361000004,2.2905787962078654,Test
KOJTOU_clean,6.48228,4.55814,6.48011,1.0623,1935.66,1822.14,0.0,0.0,0.6082,0.57253,0.0,1,0.027588448,2.0807722268,2.138711921317988,Test
KOJZEP_manual,15.61444,13.71841,15.61444,0.514247,2543.27,4945.62,0.0,0.0,0.7936,1.54323,0.0,1,0.0259717501,2.2370547373,2.3572875963328865,Train
KOJZIT_clean,16.19567,14.7503,16.19567,0.506406,2424.91,4788.47,0.0,0.0,0.7912,1.56238,0.0,1,0.0287889417,2.5059160753,2.5654806168817514,Test
KOJZUF_clean,5.27662,4.93416,5.27372,1.16508,1131.52,971.191,0.0,0.0,0.5138,0.440998,0.0,1,0.029003429,1.8441179408,1.8539635484172647,Train
KOKKOL_clean,5.52004,3.68761,5.13882,1.35428,964.882,712.469,2.40449,1.77548,0.5008,0.369791,0.0,1,0.0569586397,2.4251140533,2.3385656858508734,Test
KOMCOG_clean,8.14869,7.69355,8.14119,0.987789,1275.19,1290.95,0.0,0.0,0.5856,0.592839,0.0,0,0.0236542714,1.978451183,1.899949386014899,Test
KOMDAT_clean,8.28379,7.41139,8.23195,0.998413,1202.66,1204.57,0.0,0.0,0.5776,0.578518,0.0,0,0.0197603252,1.6576407575,1.593275448042255,Test
KOMGUP_clean,4.68805,3.52352,4.66923,1.59631,799.407,500.784,0.0,0.0,0.5144,0.322243,0.0,0,0.0454032852,1.8670498519,2.078926831453229,Test
KOMVIT_clean,5.90535,4.58324,5.82203,1.08467,916.631,845.08,0.0,0.0,0.4426,0.408051,0.0,1,0.0145685756,1.180048967,1.1249652592208617,Train
KONCIA_clean,4.36737,3.44948,4.36567,1.89084,688.357,364.048,0.0,0.0,0.4706,0.248884,0.0,0,0.0296288343,1.7474224713,1.685123806684175,Test
KONSAJ_clean,18.94329,3.74567,18.94329,1.10475,1183.2,1071.01,0.0,0.0,0.647,0.585652,0.0,1,0.0070979848,0.6530940026,0.6384372111049865,Train
KONYOB_clean,4.69642,3.80022,4.68366,1.36629,635.393,465.049,0.0,0.0,0.4666,0.341508,0.0,1,0.0090681343,0.6570567444,0.6928978553725975,Train
KOQLUZ_clean,5.1448,3.57576,5.11859,3.8283,1063.95,277.916,0.0,0.0,0.4726,0.123449,5.22e-05,1,0.0037558266,0.3023324166,0.32394883729695834,Train
KORNAI_clean,6.27152,3.95758,6.27152,1.38102,999.488,723.73,0.0,0.0,0.4722,0.34192,0.0,1,0.0185011039,1.2957116109,1.2775212137986491,Train
KOSJAF_clean,10.99192,9.84925,10.99026,1.18883,1563.88,1315.47,0.0,0.0,0.6324,0.53195,0.0,1,0.0168181482,1.5075642697999998,1.5223945988607857,Train
KOSJEJ_clean,11.06598,9.80954,11.06598,1.1867,1573.29,1325.77,0.0,0.0,0.637,0.536783,0.0,1,0.0172028072,1.5412272785,1.553068626529811,Train
KOSJIN_clean,11.01144,9.80964,11.01144,1.18637,1561.55,1316.25,0.0,0.0,0.6378,0.537607,0.0,1,0.0168270523,1.4950468234,1.5220764390246622,Train
KOSJOT_clean,11.15761,9.87899,11.15761,1.18127,1568.08,1327.45,0.0,0.0,0.6374,0.539589,0.0,1,0.0172562321,1.5184860934,1.5598633699769557,Train
KOSJUZ_clean,11.10045,9.86004,11.10045,1.1813,1571.58,1330.38,0.0,0.0,0.6394,0.541269,0.0,1,0.0165278731,1.5137704585,1.5200926676961009,Test
KOSKAG_clean,11.20025,9.92421,11.20025,1.17831,1553.45,1318.38,0.0,0.0,0.64,0.543152,0.0,1,0.0171048616,1.5276217457,1.5501150577311678,Train
KOSKEK_clean,11.20845,9.89743,11.20845,1.17889,1581.37,1341.4,0.0,0.0,0.6412,0.543901,0.0,1,0.0172384238,1.5212125425,1.5796055422030713,Train
KOSKIO01_clean,11.01399,9.78872,11.01003,1.18277,1548.2,1308.96,0.0,0.0,0.6322,0.534508,0.0,1,0.0157603358,1.4049707166,1.4350127221976736,Train
KOSKIO_clean,11.01742,9.84741,11.01742,1.18828,1532.31,1289.52,0.0,0.0,0.6324,0.5322,0.0,1,0.0163996534,1.4885788528,1.4950290442202248,Train
KOSKUA_clean,11.38797,10.70957,11.38797,1.17105,1531.31,1307.64,0.0,0.0,0.6356,0.542761,0.0,1,0.0173969176,1.5768848156,1.5926047181526874,Train
KOSLAH_clean,11.4975,10.81891,11.4975,1.16812,1568.04,1342.37,0.0,0.0,0.638,0.546177,0.0,1,0.0167629425,1.5279209249,1.58387939093728,Train
KOSLIP_clean,11.047,9.74411,11.047,1.19777,1578.73,1318.05,0.0,0.0,0.6514,0.543843,0.0,1,0.0170759124,1.5104923336000002,1.5532567180938148,Train
KOSLOV_clean,11.06557,9.9584,11.06504,1.19415,1597.55,1337.81,0.0,0.0,0.6546,0.54817,0.0,1,0.0174504624,1.5648876936000002,1.6130492719227898,Test
KOSLUB_clean,10.96072,9.79504,10.96072,1.20031,1612.87,1343.71,0.0,0.0,0.6478,0.539695,0.0,1,0.0171722253,1.5327209837,1.5515504965356373,Train
KOSMAI_clean,11.0184,9.87166,11.0184,1.18797,1537.56,1294.27,0.0,0.0,0.6322,0.532166,0.0,1,0.0162091047,1.473370574,1.4915569934426287,Train
KOTSIX_clean,5.60667,4.32453,5.60667,1.2413,1001.47,806.796,0.0,0.0,0.493,0.397165,0.0,1,0.0133380769,0.9921274026,0.9934910199832272,Train
KOVJAI01_clean,4.82969,3.81832,4.82273,1.56913,1845.61,1176.2,0.0,0.0,0.5908,0.376513,0.0,1,0.0224969077,1.7364764288,1.7465039765291681,Train
KOVJAI_clean,5.14485,3.87668,5.14485,1.59025,1739.3,1093.73,0.0,0.0,0.5728,0.360194,0.0,1,0.0224361034,1.6834013265,1.615711532981027,Test
KOXFUA_clean,4.69443,3.97759,4.69443,1.13804,1028.96,904.147,0.0,0.0,0.5206,0.457451,0.0,0,0.0306536712,2.0085834854,1.8942191274272298,Train
KOXGAH_clean,5.583,3.66466,5.55273,1.2752,1155.67,906.265,0.0,0.0,0.5562,0.436166,0.0,1,0.0309950417,1.803285702,1.8531846076861245,Train
KOXGIP_clean,6.17141,3.90334,6.16279,1.0195,1425.23,1397.97,0.0,0.0,0.5534,0.542815,0.0,0,0.0227803248,1.7610333025999998,1.8178425380459806,Test
KOZNIY_clean,6.57194,5.24744,6.52017,1.04618,2076.22,1984.58,0.0,0.0,0.6344,0.606399,0.0,1,0.0231038358,1.8282119543,1.8972142901261162,Train
KOZQEX_clean,22.4236,6.86083,22.4236,0.430914,1919.0,4453.33,0.0,0.0,0.8428,1.95584,0.0,1,0.0209156615,2.0326383152000003,1.9996351558291654,Train
KOZSID_clean,5.70928,3.86868,5.70928,1.21403,346.494,285.408,0.0,0.0,0.432,0.35584,0.0,0,0.0032778287,0.2467357835,0.23662255219432038,Train
KOZSOJ_clean,5.58117,3.74612,5.58117,1.23312,326.732,264.964,0.0,0.0,0.4264,0.34579,0.0,0,0.0029848826,0.2284134601,0.2215392290355962,Train
KUCDIW_clean,15.32957,4.28733,15.14716,0.82417,1410.27,1711.14,0.0,0.0,0.6424,0.779451,0.0,0,0.018116906,1.3417247337,1.38527854630306,Train
KUCDOD_clean,4.90891,3.62196,4.90891,1.35907,1386.6,1020.26,0.0,0.0,0.5556,0.40881,0.0,1,0.0399689818,2.4439721213,2.3513742390080026,Test
KUDLUR_clean,7.15013,5.00794,7.15013,1.94765,848.423,435.613,0.0,0.0,0.4292,0.220368,0.0,0,0.0152801802,0.9312729066,0.9320121971019386,Test
KUDMAY_clean,7.16272,5.01285,7.16272,1.93261,861.664,445.855,0.0,0.0,0.439,0.227154,0.0,0,0.0155779502,0.9495256646,0.9782863417318992,Test
KUDWAJ_clean,7.33926,6.28305,7.32227,0.91185,1922.64,2108.5,0.0,0.0,0.6474,0.709985,0.0,1,0.0219605605,1.8577021928,1.9320867857324573,Test
KUFBEU_clean,5.14306,4.53772,5.14306,2.05503,811.697,394.98,0.0,0.0,0.4976,0.242137,0.0,1,0.008885156,0.6013865231000001,0.6358709094999371,Train
KUFTAI_clean,6.13135,4.37055,6.10622,0.966131,1917.87,1985.1,0.0,0.0,0.596,0.616894,0.0,1,0.052028978,3.2766124081,3.358266181652843,Train
KUFVAK_clean,6.38663,4.81205,6.34996,0.850503,2611.85,3070.95,0.0,0.0,0.6758,0.794589,0.0,1,0.0319051521,2.7649945472,2.745204686938039,Test
KUGZIW_clean,10.78109,9.76034,10.78096,0.954298,1397.44,1464.37,0.0,0.0,0.6244,0.654303,0.0,1,0.0219656056,1.9451312773,1.771849725565843,Test
KUHNEI_clean,4.79446,3.77144,4.77823,1.53468,1318.31,859.009,0.0,0.0,0.5006,0.326191,0.0,1,0.0575799262,2.697001454,2.710647172911373,Train
KUJMEJ_clean,4.61683,4.05372,4.60817,1.34015,2066.31,1541.85,0.0,0.0,0.6314,0.47114,0.0,1,0.0329040964,2.5009016948,2.5355792557728494,Test
KUJMIN_clean,6.57892,5.89807,6.49701,1.10785,2422.79,2186.93,0.0,0.0,0.699,0.630954,0.0,1,0.0252287758,2.1651785135,2.134126594294295,Test
KUJNEJ_clean,12.51834,7.61249,12.51295,0.637007,2148.52,3372.84,0.0,0.0,0.739,1.16011,0.0,0,0.0253681579,2.2756484306,2.189177636201745,Test
KUJNOT_clean,8.23736,6.10049,8.23736,1.05875,1568.61,1481.57,0.0,0.0,0.6114,0.577473,0.0,1,0.0291187724,2.1123751118,2.212882818678352,Train
KUJNUZ_clean,8.0106,6.50203,7.98579,1.08206,1519.03,1403.83,0.0,0.0,0.6028,0.557085,0.0,1,0.0298006828,2.1449228364,2.2465479607390746,Test
KUJPAH_clean,10.82391,6.6625,10.80154,0.808261,1985.69,2456.74,0.0,0.0,0.6988,0.864572,0.0,1,0.0257370209,1.9570306552,2.0620189116707492,Train
KUJTUG_clean,6.64483,3.87362,6.64483,1.33823,656.021,490.215,0.0,0.0,0.462,0.345232,0.0,0,0.0322962811,1.3673664132,1.4092345737253742,Train
KUKMUA_clean,7.32298,5.66775,7.31573,1.18063,2218.14,1878.78,0.0,0.0,0.6574,0.556822,0.0,1,0.0271229567,2.3391052257,2.266994014235774,Train
KUKPOX_clean,5.10165,4.15013,5.10165,1.44975,1410.84,973.163,0.0,0.0,0.5516,0.38048,0.0,1,0.030592228,1.9412216881,1.9168215356737375,Test
KUKZOH_clean,7.44729,5.70388,7.44729,0.883784,2165.19,2449.91,57.8203,65.4236,0.6614,0.748373,0.0,1,0.0401679872,2.7117421735,2.7681726463351235,Train
KULLAG_clean,8.67819,7.37101,8.67819,0.808147,1895.46,2345.44,0.0,0.0,0.644,0.796885,0.0,1,0.0207046173,1.7556606259999998,1.8167349182059174,Test
KULLEK_clean,9.57077,7.08727,9.56435,0.806267,1675.18,2077.7,0.0,0.0,0.6472,0.802712,0.0,1,0.0150514507,1.3619146093,1.4178793968953398,Test
KULMEK_clean,13.21045,7.45311,13.20856,0.659951,2268.86,3437.92,0.0,0.0,0.7544,1.14311,0.0,0,0.0193994794,1.7259938394999998,1.725799733951067,Train
KULRIT_clean,5.77631,3.79148,5.77631,1.4748,1923.58,1304.31,0.0,0.0,0.5954,0.403717,0.000135612,1,0.0293927949,2.1868441704,2.0777323085826676,Train
KULZEY_clean,5.33789,3.67614,4.8281,1.21787,366.738,301.132,43.558,35.7659,0.4728,0.38822,0.0,1,0.0260355727,1.1550507431,1.1938548002384965,Train
KUMGIK_clean,4.46757,3.79797,4.46575,1.34004,1684.26,1256.87,0.0,0.0,0.5592,0.417301,0.0,0,0.0628820357,3.3786406776,3.489688233437211,Train
KUMGOQ_clean,5.8077,3.86323,5.63808,1.72243,1551.26,900.621,0.0,0.0,0.5892,0.342074,0.0,1,0.008080813,0.6919753458,0.6821230546041686,Train
KUNMUD_clean,4.95062,4.13329,4.94762,1.10605,938.168,848.212,43.6274,39.4442,0.5178,0.468151,0.0,0,0.0533524447,2.7241301366000004,2.878036580267289,Test
KUNSUJ_clean,17.88791,6.52688,17.88791,0.635531,1938.63,3050.41,0.0,0.0,0.7634,1.2012,0.0,1,0.0295160774,2.4847426529,2.4374831572985003,Train
KUNWEW_clean,5.28786,3.80654,5.2803,1.47108,725.981,493.502,0.0,0.0,0.4468,0.303722,0.0,1,0.0163817898,1.0485139979,1.0266916340393069,Test
KUQWIE_clean,4.08788,3.51453,4.08434,2.15741,347.669,161.151,0.0,0.0,0.4,0.185408,0.0,1,0.0236874784,0.8920759204,1.1708171330473711,Test
KUQXIE_clean,4.66467,3.81788,4.64797,2.25323,873.463,387.649,0.0,0.0,0.4358,0.193411,0.0,1,0.0247618462,1.2091369173,1.2819361812217611,Train
KUSZED_clean,6.91176,5.48765,6.90468,1.05966,2714.41,2561.59,0.0,0.0,0.7606,0.717779,0.0,1,0.0071864084,0.6694855475,0.6744916125924616,Train
KUTDAG_clean,8.09572,7.27616,7.85826,1.05444,1387.54,1315.9,115.306,109.353,0.5816,0.551571,0.0,1,0.0317551729,2.0135456431,2.0625370931505658,Train
KUTRUO_clean,6.83473,3.59668,6.83473,1.18846,813.826,684.776,8.77654,7.38483,0.5106,0.429633,0.0,0,0.0159414611,1.1439768909,1.090878760760838,Train
KUVJIW_clean,5.68037,4.76623,5.68037,2.51192,1254.16,499.284,0.0,0.0,0.5368,0.213701,0.0,1,0.0168665047,1.062377224,1.0694866605953484,Train
KUVMIZ_clean,15.75075,11.00764,15.73688,0.361001,1774.59,4915.74,0.0,0.0,0.8214,2.27534,0.0,1,0.0191320312,1.8550019176,1.8512378800599034,Test
KUVMUL_clean,6.75392,4.07419,6.69615,0.89776,1801.49,2006.65,0.0,0.0,0.591,0.658305,0.0,1,0.0243128275,1.9782899617,2.051241788291578,Train
KUVYAD_clean,7.7679,4.64075,7.76059,0.97417,2004.06,2057.19,0.0,0.0,0.6464,0.663539,0.0,1,0.0248678596,2.1205571968,2.137164155808713,Train
KUXLUL_clean,5.74302,5.27685,5.74302,1.21834,2265.85,1859.79,0.0,0.0,0.629,0.516277,0.0,1,0.0318970887,2.5702045765,2.425578553726263,Test
KUXREC_clean,9.08968,8.2956,9.08968,0.720728,2297.66,3187.98,0.0,0.0,0.7352,1.02008,0.0,1,0.023870092,2.0890460915,2.142634671336158,Test
KUYPIF_clean,5.29478,4.2566,5.29396,1.44591,1143.68,790.98,0.0,0.0,0.5108,0.353273,0.0,1,0.1308938196,3.2698792999,3.2097196248112825,Train
KUZPEC_clean,5.17179,3.98335,5.17179,1.18882,918.246,772.405,0.0,0.0,0.4884,0.410829,0.0,0,0.0311093974,1.5078785702000002,1.6802730447633596,Train
KUZZAI_clean,6.29773,3.71971,6.29294,1.09675,1370.58,1249.67,0.0,0.0,0.5312,0.48434,0.0,1,0.0442826803,2.5873120708,2.6386323027807763,Train
la304204k_si_003_clean,7.26398,5.93484,7.26398,0.928582,1704.47,1835.57,0.0,0.0,0.6226,0.670485,0.0,1,0.0312174922,2.5385810138,2.476339753658077,Test
la4012839_si_002_auto,13.36908,6.74856,13.36908,0.867921,2110.92,2432.16,0.0,0.0,0.7182,0.827495,0.0,1,0.0403934679,2.427313656,2.487421553683778,Test
LABJUV_clean,5.11712,3.55603,5.11324,2.35598,595.818,252.896,0.0,0.0,0.4426,0.187862,0.0,1,0.0054945452,0.3771222995,0.3772974729826597,Train
LABNAG_clean,10.27364,5.56329,10.24469,1.27911,1762.02,1377.54,0.0,0.0,0.6464,0.505353,0.0,0,0.0115099249,1.0042987214,1.0282968592243078,Test
LABNIO_clean,10.05627,4.99033,10.05627,1.27605,1802.46,1412.53,0.0,0.0,0.6588,0.51628,0.0,0,0.0128293401,1.1230945759,1.1404475933765523,Train
LABPOV_clean,5.38943,3.83465,5.38943,1.71242,444.245,259.426,0.0,0.0,0.4352,0.254144,0.0,1,0.0043224856,0.304210276,0.2954314889786467,Train
LABPUB_clean,5.35903,3.85156,5.35903,1.74047,449.583,258.311,0.0,0.0,0.4336,0.249128,0.0,1,0.0041443984,0.2947368713,0.2763802135933944,Train
LABQAI_clean,5.3891,3.9099,5.3891,1.74433,460.911,264.234,0.0,0.0,0.4348,0.249265,0.0,1,0.0041814771,0.3004570128,0.28057865678640703,Train
LABRUE_clean,7.57658,5.24596,7.57658,1.02746,1360.51,1324.14,0.363733,0.354011,0.5524,0.537636,0.0,1,0.0294582384,2.0285649317,2.0861563745573957,Test
LACBID_clean,10.30601,6.64118,10.28692,0.805914,2114.88,2624.2,0.0,0.0,0.7002,0.868827,0.0,1,0.0198618226,1.7187309169,1.7148087186202563,Test
LACGED_clean,5.2733,3.44165,5.13632,1.92322,520.432,270.604,0.0,0.0,0.4068,0.21152,0.0,1,0.0500665861,1.1670504072,1.200866677012622,Train
LACNUB_clean,10.94579,5.16973,10.93074,0.864094,1771.17,2049.74,0.852229,0.986269,0.6286,0.727467,0.0,1,0.0363579914,2.2222511583,2.3773106646111444,Test
LACQIS_clean,6.42465,5.40382,6.41795,0.966783,2295.27,2374.13,0.0,0.0,0.6476,0.669851,0.0,1,0.0249163157,2.0940700246,2.1303725320713687,Train
LACZEX_clean,9.30565,6.85906,9.27959,0.706361,2166.56,3067.21,0.0,0.0,0.6788,0.960982,0.0,1,0.0260203503,2.4092692643,2.3106906381569785,Train
LADHEF_clean,6.83841,4.27158,6.82898,1.16057,1697.89,1462.98,0.0,0.0,0.622,0.535943,0.0,1,0.0284394723,2.2204481474,2.169178857274298,Train
LADHIJ_clean,6.31369,5.23329,6.31062,1.05952,1841.47,1738.01,0.0,0.0,0.633,0.597438,0.0,1,0.0373944305,2.7338816419,2.6506248542756667,Train
LADKEJ_clean,5.28453,4.80173,5.27514,1.43501,1453.93,1013.18,0.0,0.0,0.553,0.385362,0.0,0,0.032932047,1.9348287734,2.0337947385437007,Test
LADQEP_clean,6.40577,5.56715,6.25288,1.14819,702.645,611.957,670.065,583.581,0.5642,0.49138,0.0,1,0.0322266919,2.072656016,2.1020182887277823,Train
LADQIT_clean,6.45056,5.56339,6.34518,1.15416,710.115,615.268,669.203,579.82,0.57,0.493867,0.0,1,0.0318078775,2.0365649073,2.1201607196102135,Test
LADQOZ_clean,6.39416,5.57332,6.29797,1.14467,684.064,597.606,672.069,587.128,0.5646,0.493241,0.0,1,0.0315297387,2.0612175837,2.0695696450407888,Train
LADQUF_clean,6.36601,5.5234,6.1979,1.16657,696.584,597.122,678.849,581.92,0.5602,0.480212,0.0,1,0.0319497548,2.0481346312,2.076389537267395,Train
LAFFEG02_clean,5.85231,3.84033,5.85188,1.01925,1457.17,1429.65,0.0,0.0,0.5954,0.584153,0.0,1,0.0365620808,2.5150627722,2.54887376285964,Train
LAFQOA_clean,12.74838,4.90662,12.74647,0.732143,1873.63,2559.11,0.0,0.0,0.6698,0.914849,0.0,0,0.0452071679,2.9501973762,3.0150573605347195,Train
LAFQUG_clean,12.86913,4.98724,12.65799,0.728838,1735.49,2381.17,147.1,201.828,0.6744,0.925308,0.0,0,0.0460964488,2.9868921006,3.0326714283609,Train
LAFRAN_manual,12.74626,5.01226,12.74368,0.72706,1886.16,2594.23,0.0,0.0,0.6866,0.944351,0.0,0,0.0456069041,2.9686592003,3.0734305898035985,Train
LAFRER_manual,13.05445,5.12975,13.05445,0.705732,1930.45,2735.39,0.0,0.0,0.696,0.986211,0.0,0,0.0422012223,2.892223304,2.9983465766341917,Test
LAFRIV_manual,12.37219,5.304,12.36122,0.722154,1902.53,2634.52,0.0,0.0,0.6808,0.942735,0.0,0,0.046901204,3.0419253824,3.180345212753174,Test
LAFROB_manual,12.50276,5.7361,12.50276,0.712849,1639.29,2299.63,251.853,353.304,0.6904,0.968508,0.0,0,0.0468166783,2.9841573416000005,2.9152475193758183,Train
LAGBUS_clean,7.74875,6.13477,7.74875,1.18661,1504.44,1267.85,0.0,0.0,0.5684,0.479013,0.0,1,0.0185706626,1.4721080665,1.5286400713055919,Test
LAGDII_ion_b,7.42765,5.89687,7.42765,1.85675,752.998,405.546,104.015,56.0201,0.501,0.269826,0.0,1,0.0108401621,0.8025821345,0.7795614700105471,Train
LAGHIL_clean,4.99697,4.10291,4.99697,1.2735,911.527,715.766,0.0,0.0,0.5088,0.399529,0.0,1,0.0794223667,2.6951986658,2.7166068053698975,Train
LAGMUD_clean,4.81496,3.82583,4.65063,1.13347,1702.63,1502.14,0.0,0.0,0.5906,0.521054,0.0,1,0.049794817,3.2932584223,3.3045746283369763,Train
LAGNAK_clean,5.49382,4.32281,5.47087,1.02346,1865.76,1823.0,0.0,0.0,0.633,0.618491,0.0,1,0.0326954647,2.5795842941,2.5022656712392153,Test
LAGNEO_clean,5.27906,4.62985,5.27848,1.04928,1875.68,1787.59,0.0,0.0,0.62,0.590882,0.0,1,0.0372694309,2.7720183262,2.660814720814676,Test
LAGNIS_clean,5.10607,4.02699,5.08197,1.11842,1698.05,1518.26,0.0,0.0,0.5914,0.528783,0.0,1,0.0385212096,2.800382305,2.6633232435054164,Test
LAGNOY_clean,7.14061,4.94756,7.14061,1.20532,1458.34,1209.92,0.0,0.0,0.5588,0.463613,0.0,1,0.0449417566,3.0207948345,2.5920109294885774,Test
LAGNUE_clean,5.28866,4.84747,5.2531,1.29946,1308.25,1006.77,0.0,0.0,0.533,0.410171,0.0,1,0.0548357823,2.7714048717,2.667639512280892,Train
LAGPAM_clean,5.52911,4.43587,5.49964,1.29684,1347.35,1038.95,0.0,0.0,0.5314,0.409766,0.0,1,0.0423725707,2.3354017859,2.3000943562695797,Train
LAGQER_clean,4.88781,3.95017,4.78327,1.29203,1761.41,1363.29,0.0,0.0,0.6026,0.466399,0.0,1,0.0344788621,2.4166772879,2.4540474311707863,Train
LAGQOB_clean,4.89671,3.9272,4.87864,1.32887,1753.02,1319.17,0.0,0.0,0.599,0.450758,0.0,1,0.0354212403,2.4332783157,2.4310282591081256,Train
LAGTIY_clean,8.49333,5.93464,8.49333,1.13024,2517.32,2227.25,0.0,0.0,0.7308,0.646591,0.0,1,0.0126744485,1.2008739353,1.123827160668443,Train
LAGVOG_clean,7.38705,6.71212,7.38296,0.935187,2320.11,2480.9,0.0,0.0,0.6728,0.719428,0.0,1,0.0207096089,1.9149421148,1.8735451657632343,Test
LAGWEX_clean_h,6.67772,5.77243,6.67772,1.37946,1565.15,1134.61,0.0,0.0,0.5916,0.428865,0.0,1,0.0257928231,1.9349528337,1.9158005070026212,Test
LAGWUN_clean,7.27418,6.60927,7.27418,1.47237,1426.73,969.005,0.0,0.0,0.5734,0.38944,0.0,1,0.0203869376,1.6710593274,1.5618220142696684,Train
LAHTUM_clean,7.00326,4.86289,7.00219,1.1818,1642.93,1390.19,0.0,0.0,0.5612,0.474868,0.0,1,0.0362387305,2.5644111379,2.4594581132489903,Test
LAHVAU_clean,7.77112,5.22128,7.77112,1.02459,1747.86,1705.92,54.8522,53.5358,0.6324,0.617222,0.0,1,0.0343826123,2.502968569,2.4847755024148985,Test
LAHYOL_clean,4.91604,3.64149,4.71388,1.41984,853.074,600.823,0.0,0.0,0.4516,0.318063,0.0,1,0.0650854351,2.3014489066,2.246883963241322,Train
LAJJAK_clean,5.2622,3.52522,5.24789,1.1695,1542.33,1318.79,0.0,0.0,0.5992,0.512354,0.0,0,0.0454480559,2.7596136869,2.784417407230719,Test
LAJTIC_clean,3.75555,3.44484,3.75041,1.857,465.817,250.843,0.0,0.0,0.5076,0.273344,0.0,1,0.0013951047,0.1377066107,0.1862159571968649,Train
LAKFIN_clean,8.38907,7.72449,8.38907,1.20127,2069.83,1723.03,0.0,0.0,0.6742,0.561239,0.0,0,0.018778578,1.5976596883,1.5918330861943453,Train
LALFEL_clean,6.13469,4.34629,6.1328,1.17934,2824.52,2395.0,0.0,0.0,0.6914,0.58626,0.0,1,0.0144768797,1.3279595227,1.3116847666616303,Train
LALFUB_clean,4.98066,4.11701,4.97309,1.72073,1391.23,808.509,0.0,0.0,0.5092,0.29592,0.0,0,0.0213755873,1.4326013886000002,1.460783579077407,Train
LAMFEK_clean,4.48925,3.88031,4.48925,1.58556,679.109,428.309,0.0,0.0,0.4966,0.313202,0.0,1,0.0061108278,0.492677043,0.5065271411672552,Train
LAMFIO_clean,4.66583,3.98613,4.66523,1.50136,697.933,464.867,0.0,0.0,0.541,0.360339,0.0,1,0.004580637,0.4062811345,0.4344703788455695,Train
LAMFOU_clean,4.69194,4.00507,4.69151,1.56242,721.999,462.102,0.0,0.0,0.5042,0.322704,0.0,1,0.0061618793,0.50965455,0.4950044491376988,Train
LAMHAI_clean,5.00396,3.88434,5.00066,1.56799,698.006,445.161,0.0,0.0,0.506,0.322707,0.0,1,0.0059476932,0.4709064514,0.45697389413486,Train
LAPZIO_clean,15.30437,8.24294,15.30437,0.552463,2030.06,3674.57,0.0,0.0,0.7882,1.4267,0.0,1,0.0502597208,3.1866402042,3.4564512810606516,Test
LAQNID_clean,13.51443,6.53331,13.51443,0.653619,2236.32,3421.44,0.0,0.0,0.7516,1.1499,0.0,1,0.0370059898,2.7109512755000003,2.7591758994046414,Train
LAQZOV_clean,6.50752,5.08332,6.49522,1.09349,2330.32,2131.09,0.0,0.0,0.645,0.589856,0.0,1,0.0242247724,1.9458754756,2.028425509798662,Test
LARNIE_clean,4.62596,4.14329,4.62016,1.44887,799.885,552.077,0.0,0.0,0.4668,0.322183,0.0,0,0.0390072089,2.1324361653,1.8679257987554245,Train
LARPEC_clean,7.01725,4.86799,6.99499,1.23133,2027.11,1646.27,0.0,0.0,0.6304,0.511965,0.0,1,0.0333050998,2.5593152652,2.4312266250755408,Train
LARVIM_clean,10.82294,9.52295,10.82294,1.0693,1503.49,1406.04,81.7206,76.4241,0.6418,0.600203,0.0,1,0.0186070547,1.682942179,1.396159719055047,Test
LARXUA_clean,21.8367,11.13953,21.8367,0.43704,1909.12,4368.3,0.0,0.0,0.8068,1.84605,0.0,1,0.0221734396,2.0526702395,2.0818790675690497,Train
LASDEQ_clean,13.8531,8.72821,13.84085,0.762381,2268.77,2975.9,0.0,0.0,0.7444,0.976415,0.0,1,0.0300547265,2.4609109232,2.477728657589208,Test
LASMAV_neutral,8.35947,4.46891,5.6634,1.04829,1752.03,1671.32,0.0,0.0,0.5968,0.569309,0.0,1,0.0305488453,2.0306274968,2.156266438621085,Train
LASRAB_clean,10.22208,8.47748,10.22208,0.840267,2115.15,2517.24,0.0,0.0,0.7808,0.929228,0.0,1,0.0078298652,0.7722282678,0.7550975857595457,Train
LASREF_clean,11.04017,10.09881,11.0096,0.804882,1997.85,2482.17,0.0,0.0,0.781,0.970328,0.0,1,0.0088677723,0.850667747,0.8586716803075161,Train
LASRIJ_clean,11.13693,10.31061,11.1274,0.748964,1958.48,2614.92,0.0,0.0,0.808,1.07882,0.0,1,0.0088472794,0.8676861518000001,0.8825495925662838,Train
LASWEJ_clean,7.10977,4.83707,7.10977,1.05149,1683.85,1601.39,0.0,0.0,0.578,0.549695,0.0,1,0.0433460356,2.6962478916,2.775028924087471,Train
LASWIN_clean,4.48241,3.82945,4.48241,1.26627,817.741,645.786,0.0,0.0,0.4948,0.390753,0.0,1,0.0827888658,3.09243008,3.00451702789561,Train
LASYOU_clean,10.05429,4.94116,10.05429,0.926612,2320.72,2504.52,0.0,0.0,0.6828,0.736878,0.0,1,0.0328450642,2.8931735456,2.530389484235702,Test
LATCEO_clean,5.87388,4.8832,5.87388,1.09727,2738.31,2495.57,0.0,0.0,0.732,0.667111,0.0,1,0.0086628922,0.8095784376,0.7894912466519068,Train
LATPIG_clean,6.7326,6.29437,6.73188,1.53602,1420.36,924.703,0.0,0.0,0.5822,0.379031,0.0,0,0.0197192109,1.4542933186000002,1.4674646509639158,Train
LATYOX_clean,8.43825,7.66991,8.43825,0.899517,1548.12,1721.06,0.0,0.0,0.606,0.673695,0.0,0,0.0173013937,1.6224001743,1.54837151914949,Train
LAVCOD_clean,3.77854,3.49065,3.77854,2.38895,513.1,214.781,0.0,0.0,0.4702,0.196823,0.0,1,0.041011429,2.1588690547,1.8350310933169725,Test
LAVCUJ_clean,4.43208,3.98772,4.43094,2.2011,1075.88,488.794,0.0,0.0,0.5356,0.243333,0.0,1,0.0020811921,0.2093785262999999,0.21734274224902772,Train
LAVDOE_clean,6.06535,4.45301,6.06535,1.35673,1212.79,893.908,0.0,0.0,0.533,0.392855,0.0,1,0.030526175,1.7551743080000002,1.7916498595674206,Train
LAVSUY_clean,6.88683,6.50841,6.88683,1.28067,1607.28,1255.03,0.0,0.0,0.5652,0.441333,0.0,0,0.0372648758,2.6080252012000003,2.651416835596079,Train
LAVTAF_clean,6.94207,6.59487,6.94207,1.57026,1544.58,983.644,0.0,0.0,0.5696,0.362742,0.0,0,0.0262264827,1.922895965,1.9004340981608216,Train
LAVTEJ_clean,6.93182,6.57314,6.93182,1.58977,1549.61,974.742,0.0,0.0,0.5672,0.356782,0.0,0,0.0264989487,1.9122268151,1.8886028698568313,Train
LAVTIN_clean,6.87869,6.48693,6.87869,1.63046,1549.18,950.153,0.0,0.0,0.5698,0.349473,0.0,0,0.0275940683,1.9271885743,1.9630051533241153,Train
LAVTOT_clean,6.86565,6.50199,6.86565,1.63118,1543.92,946.504,0.0,0.0,0.5648,0.346252,0.0,0,0.0272917133,1.9167100255,1.9606462058374783,Test
LAVTUZ_clean,6.84748,6.45021,6.84748,1.66996,1548.02,926.977,0.0,0.0,0.5682,0.340247,0.0,0,0.033979234,2.2447101043,2.2353699779158327,Test
LAVZOA_clean,4.97897,3.76472,4.96668,2.4043,872.519,362.9,0.0,0.0,0.4822,0.200558,0.0,1,0.0177497153,0.9738997793,1.0087287630713313,Test
LAVZUG_clean,9.32038,5.88413,9.23158,1.53681,2188.0,1423.72,0.0,0.0,0.709,0.461344,0.0,1,0.0108423932,0.962211471,0.9412172466457414,Train
LAWFOF_clean,15.10116,7.95608,15.10116,0.589497,2232.85,3787.72,0.0,0.0,0.8124,1.37812,0.0,0,0.0161946144,1.5722909853,1.5718049856917324,Test
LAWFUL_clean,15.1002,7.9585,15.1002,0.589907,2229.21,3778.92,0.0,0.0,0.8122,1.37683,0.0,0,0.016299122,1.5702130096,1.5726424381684683,Train
LAWFUN_clean,6.89842,3.95926,6.89842,1.2173,1168.89,960.232,0.0,0.0,0.5192,0.426519,0.0,1,0.0450507582,2.4595927942,2.295101461729406,Test
LAWGAS_clean,15.0923,7.9386,15.0599,0.589907,2234.12,3787.24,0.0,0.0,0.812,1.37649,0.0,0,0.0160596677,1.5776107249000002,1.5732659233475699,Train
LAWGEW_clean,15.06244,7.93691,15.06244,0.591684,2230.24,3769.3,0.0,0.0,0.803,1.35714,0.0,0,0.0164249369,1.5817129005,1.589827628120782,Test
LAWGIA_clean,15.0745,7.93652,15.0745,0.590588,2230.11,3776.08,0.0,0.0,0.8028,1.35932,0.0,0,0.0162341852,1.5587983481,1.5751980904540097,Train
LAWGOG_clean,15.0805,7.93827,15.0805,0.589428,2230.89,3784.84,0.0,0.0,0.8032,1.36268,0.0,0,0.0157999208,1.5504702111000002,1.5141878186285038,Train
LAWGUM_clean,15.09972,7.93483,15.09787,0.58881,2231.62,3790.06,0.0,0.0,0.8032,1.36411,0.0,0,0.0160637263,1.5556935602000002,1.5743335376170118,Test
LAWHOJ_clean,10.27348,3.66364,10.27348,1.54552,1337.51,865.414,0.0,0.0,0.5444,0.352244,0.0,1,0.018958783,1.576854147,1.4617871093222818,Train
LAWHUP_clean,10.46029,3.75562,10.46029,1.55256,1336.79,861.022,0.0,0.0,0.5416,0.348844,0.0,0,0.019488039,1.5909230189,1.4002137092375717,Test
LAXJAX_clean,12.82983,5.12034,12.75758,0.7175,1929.2,2688.78,0.0,0.0,0.678,0.944947,0.0,0,0.0463817231,3.0654323348,3.163888231057353,Test
LAYGAV_clean,6.45802,4.57521,6.44061,1.03521,1472.0,1421.94,0.0,0.0,0.5658,0.546558,0.0,0,0.038934052,2.6262810007,2.632834757016149,Train
LAZGOK_manual,4.94973,3.64755,4.74405,1.28266,1115.13,869.385,0.0,0.0,0.5616,0.43784,0.0,1,0.0073775311,0.6461105003000001,0.6641677534614305,Train
LAZJIH_clean,5.57744,4.95549,5.57327,1.06968,1869.94,1748.13,0.0,0.0,0.6238,0.583165,0.0,0,0.0574039244,3.4650339887,3.4006007205743867,Test
LAZKUU_clean,6.24874,4.05552,6.23411,0.996458,1522.19,1527.6,0.0,0.0,0.5832,0.585273,0.0,0,0.0325953079,2.3745666696,2.4218650364262695,Train
LAZXOB_clean,9.34691,6.36719,9.34691,1.04439,1784.83,1708.97,0.0,0.0,0.6322,0.605329,0.0,1,0.0223640076,1.6635777417,1.7901100595415178,Train
LECFAC_clean,9.81867,4.43769,9.81443,0.838672,2179.96,2599.3,0.0,0.0,0.7164,0.854207,0.0,1,0.0364480878,2.5035653019,2.590207077584152,Train
LECFEG_clean,9.36969,4.36946,9.36969,0.882661,2218.78,2513.74,0.0,0.0,0.708,0.80212,0.0,1,0.034533867,2.3589923724,2.6451573057413214,Test
LECGIL_clean,10.08545,7.23049,10.05263,0.936646,2086.42,2227.54,0.0,0.0,0.727,0.776173,0.0,1,0.0092502836,0.8969434286,0.8952289743398454,Train
LEDHEJ_clean,5.17343,4.21878,5.16848,1.58915,678.436,426.917,0.0,0.0,0.4584,0.288456,0.0,1,0.0422132945,1.4279408669999998,1.532782749599564,Test
LEDHIN_clean,5.14094,4.21977,5.13595,1.60723,671.365,417.716,0.0,0.0,0.4556,0.28347,0.0,1,0.0432363646,1.4303826572,1.550158755986864,Test
LEDLAJ_clean,6.91296,3.51033,6.91296,1.15045,885.224,769.461,0.0,0.0,0.496,0.431137,0.0,1,0.0256525605,1.5176849122999998,1.5463893144850003,Train
LEDLEN_clean,8.11845,6.60905,8.11698,0.914085,1985.25,2171.84,0.0,0.0,0.6552,0.716782,0.0,1,0.0222418322,1.8235924318,1.9017932454321083,Test
LEGGEK_clean,4.38053,3.59011,4.38053,1.51154,471.927,312.216,0.0,0.0,0.4872,0.32232,0.0,1,0.0861144801,2.9479742097000003,2.785760074455909,Train
LEGGIO_clean,5.18429,3.8135,5.15632,1.17196,1806.33,1541.29,0.0,0.0,0.5938,0.506672,0.0,1,0.047089728,2.8710145888,2.94319086501919,Train
LEHXUT_clean,24.94881,9.11981,13.96328,0.407171,1936.47,4755.92,0.0,0.0,0.8288,2.03551,0.0,1,0.0242996917,2.2135754972,2.2484622930657494,Test
LEJBUX_clean,6.30676,4.81909,6.30369,1.04776,2668.26,2546.63,0.0,0.0,0.7428,0.70894,0.0,1,0.0078049776,0.7257850157,0.7143405285569862,Train
LEJCAE_clean,5.15076,4.65327,5.14771,1.13486,3020.72,2661.76,0.0,0.0,0.7162,0.631093,0.0,1,0.0089248434,0.8230413017,0.8612411648172984,Train
LEJKIW_clean,6.1081,4.29761,6.1081,1.82473,1754.35,961.429,0.0,0.0,0.562,0.307991,0.0,1,0.0520650522,2.4174750135,2.5461263283833695,Train
LEJRIC_clean,11.60038,10.84699,11.60038,1.19087,1547.76,1299.69,0.0,0.0,0.637,0.534904,0.0,1,0.0169564131,1.6001613847999998,1.5880230526064714,Train
LELDUD_clean,16.5482,9.24625,16.5482,0.458126,1992.46,4349.15,0.0,0.0,0.829,1.80955,0.0,1,0.0215372222,2.0409602166,2.0659101052267226,Train
LELMIA01_clean,5.7573,4.86083,5.74121,1.47804,1284.35,868.952,0.0,0.0,0.5138,0.347622,0.0,1,0.048307333,2.4130081863,2.373128357236046,Test
LELMIA_clean,5.90205,5.05463,5.89889,1.44105,1311.25,909.93,0.0,0.0,0.5386,0.373756,0.0,1,0.0440979804,2.359088383,2.271440393992583,Train
LELROL_clean,9.52458,5.89518,9.49645,0.725604,2342.81,3228.77,0.0,0.0,0.6884,0.948726,0.0,1,0.0258480058,2.2999336857,2.2893093793494685,Train
LELRUR_clean,7.75367,5.31169,7.43322,1.04806,1544.2,1473.39,0.0,0.0,0.5926,0.565427,0.0,1,0.0207111284,1.7898191465,1.6709364242403628,Test
LEMVOP_clean,5.28106,3.76828,5.22671,1.49221,559.092,374.674,165.129,110.661,0.47,0.314969,0.0,0,0.017654594,1.0269576119,1.023570914282568,Train
LENGAO_clean,9.03703,6.62918,8.94738,0.968421,1920.56,1983.18,0.0,0.0,0.6764,0.698457,0.0,1,0.0248000704,1.6349553903999998,2.093458682259457,Test
LENKIA_clean,11.49386,10.72802,11.47361,1.31034,1534.89,1171.37,0.0,0.0,0.6288,0.479875,0.0,1,0.0161794021,1.4517631902,1.4901196381624242,Test
LEQQAA_clean,5.52925,4.85253,5.5277,0.807375,2409.06,2983.81,0.0,0.0,0.6688,0.828364,0.0,1,0.0334297721,2.7744203579000004,2.783624000091789,Train
LEQQII_clean,8.74289,7.28376,8.74289,0.770513,1869.68,2426.54,0.0,0.0,0.6812,0.884086,0.0,1,0.0179187948,1.7113202858,1.6250974178965132,Test
LEQVUZ_clean,9.63173,5.48027,9.50266,0.666563,1780.56,2671.25,394.567,591.942,0.7036,1.05556,0.0,0,0.0252876485,2.3733086478,2.348288298349707,Train
LESWAI_clean,5.70322,4.2936,5.70044,1.41973,1194.97,841.693,0.0,0.0,0.5074,0.357393,0.0,0,0.0473152146,2.2199643639,2.200242673229138,Test
LETDEU_clean,8.60977,8.56919,8.60977,1.61724,1284.5,794.25,0.0,0.0,0.6168,0.38139,0.0,1,0.0024865874,0.2459043648,0.2557612052023497,Train
LETDUK_clean,7.09435,6.39708,7.09435,1.10433,2376.79,2152.25,0.0,0.0,0.6948,0.62916,0.0,1,0.0115561767,1.0964199691,1.0582597778450005,Test
LETPOR_clean,11.06769,10.6456,11.06769,1.31092,1583.35,1207.82,0.0,0.0,0.6774,0.516738,0.0,1,0.0149977586,1.1741995526,1.387009775016712,Test
LETPUX01_clean,17.65528,16.43472,17.65528,1.06966,1485.27,1388.55,0.0,0.0,0.7452,0.696673,0.0,1,0.0163963157,1.2574898104,1.353373997826697,Test
LETPUX_clean,17.65528,16.43472,17.65528,1.06966,1482.59,1386.05,0.0,0.0,0.7454,0.69686,0.0,1,0.0167155809,1.2485868386,1.3717131771409765,Train
LETQAE01_ion_b,17.89295,17.20825,17.88663,1.0366,1281.21,1235.97,0.0,0.0,0.718,0.692649,0.0,0,0.013973599,0.8954339371,1.12425864325765,Test
LETQAE_clean,18.31927,17.55519,18.31927,0.940384,1367.76,1454.47,0.0,0.0,0.7778,0.827109,0.0,1,0.0166790292,1.2713528144,1.419122176733807,Test
LETQEI_clean,25.68935,25.43895,25.68935,0.814849,1230.83,1510.5,0.0,0.0,0.8076,0.991104,0.0,1,0.0165505315,1.2331414790000002,1.3228580397842151,Train
LETRAF_clean,26.75898,26.49317,26.74189,0.733819,1149.99,1567.13,0.0,0.0,0.828,1.12834,0.0,1,0.0136282585,1.1010834390000002,1.1258208881564937,Train
LEVBAQ_clean,5.71097,4.52955,5.6806,2.00382,1507.28,752.202,0.0,0.0,0.5374,0.268188,0.0,1,0.071254248,2.9029728695,2.6700381647896987,Test
LEVDIB_clean,12.81022,4.05785,12.67653,0.771367,2135.54,2768.51,0.0,0.0,0.6982,0.905146,0.0,1,0.0364827557,2.7106236912,2.8197602996283675,Test
LEVLEF_clean,20.18098,6.8654,20.18098,0.883011,1005.98,1139.26,176.505,199.889,0.6154,0.696933,0.0,1,0.0653662781,2.623057024,2.5367545037353825,Train
LEVNOQ01_clean,5.76478,3.88293,5.76079,0.975082,1366.72,1401.64,0.0,0.0,0.5706,0.585182,0.0,1,0.0603360465,3.4492611348000004,3.391872931573028,Train
LEVNOQ_clean,5.91307,3.93225,5.91307,0.947393,1555.93,1642.33,0.0,0.0,0.5826,0.614951,0.0,1,0.0572804179,3.4699322488,3.4130545418601868,Train
LEVPAF_clean,9.99333,8.10197,9.99333,0.81142,1805.64,2225.28,0.0,0.0,0.6764,0.833601,0.0,1,0.0206064072,1.741772078,1.8216018211872325,Train
LEVYOC_clean,4.43687,3.53475,4.41654,1.7513,543.427,310.299,0.0,0.0,0.4316,0.246445,0.0,1,0.0420617614,1.6706371803,1.6436103231590748,Train
LEWMUX_clean,9.4187,3.8157,9.4187,1.15388,1572.68,1362.95,0.0,0.0,0.5946,0.515306,0.0,1,0.054001082,2.5868189681,2.8135569816596084,Train
LEYFUS_clean,6.97561,3.5531,6.28921,2.99567,1378.54,460.178,5.73766,1.91532,0.5416,0.180795,0.0,1,0.0030646556,0.2735614311,0.27788805695657803,Train
LEYPAI_clean,5.73576,4.86589,5.73576,1.67394,1567.04,936.138,0.0,0.0,0.5778,0.345174,0.0,1,0.0111994174,0.8779006224,0.9083554356323789,Test
LEYQUD_clean,9.49015,4.11988,9.48875,1.0718,2134.49,1991.5,0.0,0.0,0.699,0.652175,0.0,1,0.0105239373,1.0121239505,0.9738391377508762,Train
LEYRAK_clean,9.5213,4.16248,9.5213,1.04525,2148.73,2055.7,0.0,0.0,0.7006,0.670268,0.0,1,0.0108733393,1.0224522452,1.04036922481577,Test
LEYREO_clean,9.51379,4.14819,9.5125,1.05388,2143.29,2033.7,0.0,0.0,0.7,0.66421,0.0,1,0.0106537242,1.0152925108,1.0005479360782834,Train
LEZLAF_clean,5.67349,3.43363,5.66285,1.39295,953.777,684.72,0.0,0.0,0.529,0.379771,0.0,1,0.0157521491,1.0811058481,1.0965891146705251,Test
LEZMIN_clean,4.88856,4.07448,4.86623,1.80949,1151.84,636.557,0.0,0.0,0.5686,0.314232,0.0,0,0.0469303716,2.4602158501,2.278180177359025,Train
LEZWUK_clean,6.90304,3.45469,6.90294,3.02612,1351.11,446.482,2.10866,0.696819,0.5404,0.178579,0.0,1,0.0032310953,0.2848166035,0.2968812343922842,Train
LEZXAR_clean,6.92017,3.56103,6.91993,3.0017,1355.71,451.646,4.12818,1.37528,0.5278,0.175834,0.0,1,0.0037372693,0.334876596,0.33273916542707194,Train
LIBQIY_clean,9.48211,4.09783,9.48211,1.10251,2123.81,1926.34,0.0,0.0,0.703,0.637636,0.0,1,0.0104977414,0.9959828108,0.970599268056725,Train
LIBZIG_clean,5.90138,4.68963,5.90138,1.54375,1825.0,1182.18,0.0,0.0,0.5888,0.381408,0.0,1,0.0174461597,1.3647888318,1.4039678514407843,Train
LICKAL_clean,4.46919,3.89223,4.46919,1.80004,671.763,373.194,1.29095,0.717177,0.4414,0.245217,0.0,1,0.0305781599,1.314040849,1.391715455146725,Train
LIDWIG_clean,6.16997,4.49229,6.14357,1.15777,1073.38,927.108,0.0,0.0,0.4856,0.419428,0.0,0,0.0389095999,2.1708268516,2.0724019714668303,Test
LIDZOP_clean,5.56488,4.14994,5.56158,1.64984,557.624,337.986,0.0,0.0,0.3922,0.23772,0.0,0,0.0883673158,1.4277403638,1.4887984411513682,Train
LIDZUV_clean,5.12552,3.77339,4.88815,1.54716,456.013,294.742,0.0,0.0,0.3458,0.223506,0.0,0,0.1300617213,1.4865959865,1.4904400785467353,Train
LIFSAW_clean,5.78145,3.73909,5.7809,1.26392,1211.1,958.208,0.0,0.0,0.5322,0.421072,0.0,0,0.0333911302,2.008844538,1.9796506033828205,Test
LIFSEA_clean,5.51731,3.61848,5.51731,1.29733,1177.02,907.264,0.0,0.0,0.5102,0.393268,0.0,0,0.0430934136,2.2791245678,2.257116625359191,Test
LIFWOO_clean,4.98366,4.55513,4.98366,1.07707,1107.59,1028.34,0.0,0.0,0.5242,0.486692,0.0,0,0.0717302993,3.0806107624,3.196360694100185,Test
LIGHAM_clean,5.55777,4.9763,5.55645,1.04913,1135.92,1082.72,0.164681,0.156969,0.531,0.506133,0.0,1,0.0251364907,1.735998806,1.7599082604121385,Train
LIJNOJ01_clean,4.91078,3.67872,4.91078,1.2863,552.942,429.872,0.0,0.0,0.425,0.330406,0.0,0,0.0450089561,1.6763334874,1.5920960669905455,Train
LIJNOJ_clean,4.87208,3.58717,4.87208,1.2994,528.572,406.782,0.0,0.0,0.416,0.320148,0.0,0,0.0468749531,1.63358173,1.5790631136478392,Train
LIKDOA_clean,18.48324,9.41931,18.48324,0.536397,1957.94,3650.16,0.0,0.0,0.8154,1.52014,0.0,1,0.020470041,1.8560671833,1.8530739388344024,Test
LIPQOR_clean,9.96385,4.33568,9.96385,0.897942,1931.52,2151.05,198.042,220.551,0.6648,0.74036,0.0,1,0.0272987269,2.2583192343,2.1148594152052005,Test
LIQDAS_clean,12.80393,5.86346,12.80393,0.732254,1996.94,2727.12,0.0,0.0,0.725,0.990093,0.0,1,0.0189140254,1.7977643721,1.7273040241515818,Test
LIQFEY_clean,5.32747,3.70757,5.32747,1.44986,1251.71,863.334,0.0,0.0,0.5234,0.361001,0.0,0,0.0449513206,2.3454813521,2.2661322833405766,Test
LIQJEC_clean,8.59986,6.07561,8.59986,1.33584,1720.59,1288.03,0.0,0.0,0.6236,0.466823,0.0,0,0.0114271185,1.0247079938,1.03054889379585,Train
LIRFIB_clean,9.16234,8.82724,9.16234,0.554774,2252.81,4060.77,0.0,0.0,0.8042,1.4496,0.0,0,0.0101019582,1.0106290242,0.9843637815540097,Train
LIRNOR_clean,5.98787,3.62357,5.98787,1.13373,1270.63,1120.75,0.0,0.0,0.5214,0.459897,0.0,0,0.0385412511,2.3902720488,2.340746792018163,Train
LITCIC_clean,7.20254,4.1628,7.20254,0.886931,1974.54,2226.26,0.0,0.0,0.6382,0.71956,0.0,1,0.0355516618,2.6746207279,2.698070163661894,Train
LITCOI_clean,7.36237,3.74541,7.3233,1.05285,1772.71,1683.72,0.106276,0.100941,0.6258,0.594384,0.0,1,0.0443856311,3.0419757319,3.0673790871541327,Test
LITDAV_clean,6.01025,4.24331,5.99992,1.01002,1613.71,1597.7,0.0,0.0,0.5946,0.588704,0.0,1,0.048827734,2.8863408861,3.0461887565893235,Train
LITHUR_clean,5.86756,4.66068,5.8615,1.85218,2577.81,1391.77,0.0,0.0,0.691,0.373074,0.0,0,0.0038276337,0.3569400422,0.35068508676028753,Train
LIVLUZ_clean,5.91163,5.00426,5.91034,1.15595,1292.96,1118.53,0.0,0.0,0.5702,0.493275,0.0,0,0.0471542978,2.3069543674,2.518362533191888,Train
LIVTIT_clean,5.03218,4.49412,5.03218,0.873833,1850.2,2117.34,0.0,0.0,0.6576,0.752547,0.0,1,0.033401711,2.5061974605,2.599921096725307,Train
LIVWAQ_clean,5.90832,4.03567,5.90832,1.60342,1467.86,915.456,0.0,0.0,0.615,0.383556,0.0,0,0.0405449026,2.1331765083,2.2274774351207207,Train
LIWFOM_clean,5.43362,4.03441,5.43362,2.15039,700.892,325.936,0.0,0.0,0.4398,0.204521,0.0,1,0.0094025387,0.6367893416,0.5958736961186573,Train
LIWVIY_clean,5.89138,4.8352,5.89138,1.26516,1787.77,1413.07,0.0,0.0,0.6376,0.503967,0.0,1,0.017543223,1.4306100858000002,1.4218960499182924,Test
LIWXIZ_clean,4.12479,3.66059,4.10123,1.63001,136.604,83.8054,0.0,0.0,0.3614,0.221716,0.0,1,0.0049577764,0.2997054578999999,0.29931422516947737,Train
LIWXOG_clean,5.30986,3.68842,5.30986,1.40965,1545.05,1096.05,0.0,0.0,0.589,0.417834,0.0,1,0.0236738821,1.7605890754,1.67022105731481,Train
LIXWAR01_clean,5.58762,3.9288,5.58762,1.07311,1360.46,1267.78,0.0,0.0,0.5636,0.525205,0.0,1,0.0405637728,2.658847871,2.4813684485313394,Test
LIXWAR_clean,5.63611,3.90043,5.63611,1.06263,1387.85,1306.06,0.0,0.0,0.5696,0.536029,0.0,1,0.0401216468,2.6748194587,2.516263017722753,Test
LIXXAS_clean,6.60705,5.3683,6.60705,1.11648,2145.98,1922.1,0.0,0.0,0.6524,0.584335,0.0,1,0.0272243129,2.1737662043,2.1856057298231675,Train
LOBHAM_clean,7.0104,5.91491,7.0104,1.01758,1770.03,1739.45,0.0,0.0,0.6232,0.612433,0.0,0,0.0257706873,2.214032867,2.176745596280737,Test
LOCZIO_clean,7.2178,3.83248,7.2178,1.09612,1264.7,1153.8,0.0,0.0,0.5608,0.511625,0.0,1,0.0349764556,2.3752706267,2.2634131554562136,Train
LODKIA_clean,6.01281,4.49425,5.60772,1.02042,1998.25,1958.27,0.0,0.0,0.6138,0.601518,0.0,1,0.0416304506,3.0191441587,2.9670754882040526,Test
LODPUQ_clean,6.04771,4.78066,6.04165,1.07351,1496.3,1393.84,0.0,0.0,0.5402,0.50321,0.0,1,0.0693786194,2.9510644706,3.1330771950512615,Train
LOFVUY01_clean,8.11285,4.66596,8.11285,1.07811,1882.69,1746.29,0.0,0.0,0.6276,0.582131,0.0,1,0.0200967447,1.7166680997,1.6299471514249233,Test
LOFVUY_clean,8.04365,4.63845,8.04358,1.07811,1889.15,1752.28,0.0,0.0,0.626,0.580647,0.0,1,0.0196630175,1.7104792557,1.63785839659321,Train
LOFZUB_clean,8.36948,3.5655,8.36948,1.45872,1389.79,952.749,0.0,0.0,0.549,0.376358,0.0,0,0.2517407606,6.0004243525,5.978373819101083,Train
LOGBAK_clean,8.33905,3.64261,8.33905,1.46617,1378.61,940.283,0.0,0.0,0.5464,0.372672,0.0,0,0.2529493896,5.9314356964,5.819233311108437,Train
LOGBEO_clean,8.32475,3.5444,8.32475,1.47637,1351.58,915.479,0.0,0.0,0.5444,0.368742,0.0,0,0.2607492461,5.8880830717,6.0012916943901375,Train
LOGXEM_clean,11.7072,8.5205,11.7072,1.40177,1826.91,1303.29,0.0,0.0,0.6678,0.476399,0.0,0,0.0043004374,0.3968201339,0.4424218268023683,Train
LOJFOF_clean,5.76837,5.02994,5.76476,1.16037,1095.67,944.242,0.0,0.0,0.472,0.406768,0.0,1,0.0383462344,2.265055165,2.106726715405404,Train
LOJFUL_clean,11.50657,8.6404,11.49116,0.609882,1949.87,3197.13,64.2093,105.281,0.7292,1.19564,0.0,1,0.0415506726,2.6225917498,2.6082570624703854,Train
LOJLAZ01_clean,6.41625,5.33783,6.41625,1.67137,1436.49,859.47,0.0,0.0,0.5874,0.351448,0.0,1,0.0152568819,1.206503992,1.2006763367368625,Train
LOJLAZ_clean,6.04161,4.90341,6.00485,1.78682,1392.9,779.539,0.0,0.0,0.5636,0.31542,0.0,1,0.0190816499,1.3551320215,1.3279351056836237,Train
LOLREL_clean,8.50343,6.96426,8.50343,1.36486,1470.9,1077.7,0.0,0.0,0.5994,0.439167,0.0,1,0.0168950943,1.3822916792,1.3808034384865882,Test
LOLVAJ_clean,4.04776,3.6459,4.03742,2.02495,342.226,169.005,0.0,0.0,0.431,0.212845,0.0,0,0.0065886375,0.4353729804999999,0.480391137906955,Train
LOMLOQ_clean,6.7486,3.80235,6.29526,1.47019,2203.5,1498.78,0.0,0.0,0.646,0.439399,0.0,0,0.0355337422,2.8507204608,2.64688899601356,Test
LOMLUW_clean,5.44799,3.79422,5.44799,1.50469,1945.11,1292.7,0.0,0.0,0.6428,0.427199,0.0,0,0.0457981137,2.9400092703,2.9228280890444704,Train
LONVAN_clean,10.90817,9.80221,10.908,1.08454,1586.63,1462.95,0.0,0.0,0.6414,0.591401,0.0,1,0.0153672115,1.4275144646,1.3731304766529986,Test
LONVIV_clean,10.81251,9.68892,10.81235,1.16864,1579.98,1351.99,0.0,0.0,0.6292,0.538405,0.0,1,0.0177964173,1.6413153154,1.6018967079327324,Train
LONWIW_clean,6.32722,5.3124,6.00348,0.832586,2332.25,2801.21,0.0,0.0,0.6626,0.795834,0.0,1,0.0305919705,2.6656176411000003,2.580765652325963,Train
LOPZAS_clean,6.31996,4.58953,6.31996,0.918625,1348.48,1467.93,0.0,0.0,0.5474,0.595891,0.0,1,0.0243348803,1.8081189151,1.8784878765243302,Test
LOQLEJ_manual,14.69858,14.40453,14.61633,0.993806,1433.78,1442.72,0.0,0.0,0.6928,0.697118,0.0,0,0.0431040744,2.3593285787,2.4640288880457466,Train
LOQLIN_SL,14.25248,13.92666,14.25248,0.952578,1304.34,1369.28,0.0,0.0,0.6736,0.707133,0.0,0,0.0555367714,2.6961464198,2.638958529059667,Train
LORMOW_clean,5.15517,3.73399,5.14768,1.63871,712.948,435.067,0.0,0.0,0.4168,0.254347,0.0,1,0.0243264116,1.1524057098,1.165496283218935,Train
LORROB_clean,6.37003,3.61495,6.36168,1.37197,938.703,684.2,0.0,0.0,0.4942,0.360212,0.0,1,0.0200097946,1.2227237714,1.2647107263685156,Train
LOSBOM_clean,6.43284,5.09662,6.26908,0.76383,2342.39,3066.64,0.0,0.0,0.6748,0.883443,0.0,1,0.0588183459,4.6409193707,4.494448069430465,Train
LOSXIC_clean,6.03462,5.83771,6.03429,1.10745,2163.31,1953.42,0.0,0.0,0.6146,0.554971,0.0,0,0.096805727,3.3998456354,3.5602503438898623,Train
LOTDIJ_clean,5.46612,4.37573,5.12432,0.961023,1171.92,1219.45,0.0,0.0,0.527,0.548374,0.0,0,0.0555974019,2.7291668604000003,2.8404415268895966,Train
LOVLEP_clean,10.42908,4.04603,10.42903,1.5407,1428.2,926.981,0.0,0.0,0.5884,0.381905,0.0,1,0.0075281217,0.6466743767,0.6783785220218812,Train
LOXBEH_clean,11.66545,8.26406,11.65056,1.01014,1491.41,1476.44,0.0,0.0,0.6388,0.632385,0.0,1,0.0199852439,1.41623181,1.5993276297696417,Train
LOXKAM_clean,14.55985,13.78223,14.55985,0.784824,1498.1,1908.83,0.0,0.0,0.661,0.842227,0.0,1,0.0331802007,2.1986781894,2.316997104063885,Test
LOXWAY_clean,5.69577,5.32518,5.69577,1.3733,890.048,648.107,0.0,0.0,0.4566,0.332483,0.0,0,0.020940213,1.259146603,1.2794640738196166,Test
LOXWEC_clean,7.26238,6.47995,7.26238,1.2744,1043.86,819.095,0.0,0.0,0.5004,0.392655,0.0,0,0.012351877,0.9909731511,1.0105086472639844,Train
LUBMAW_clean,13.15917,12.3614,13.15917,0.992617,1200.54,1209.47,0.0,0.0,0.628,0.632671,0.0,1,0.0118059413,1.0110436954000002,1.0479003901216317,Train
LUBNAZ_clean,8.26904,7.02568,8.25431,1.05459,2068.88,1961.78,0.0,0.0,0.642,0.608768,0.0,1,0.0239945148,2.0559098618,2.0419494753640732,Test
LUCDAO_clean,8.53408,6.05824,8.194,0.856034,2292.36,2677.89,0.0,0.0,0.7178,0.838519,0.0,1,0.019699323,1.8621730098,1.7652972264656461,Test
LUCDES_clean,8.51481,6.04534,8.51481,0.866707,2299.09,2652.67,0.0,0.0,0.7194,0.830038,0.0,1,0.0195005255,1.8296903645,1.7612476314644703,Train
LUCDIW_clean,8.52461,6.17272,8.52461,0.822543,2288.73,2782.5,0.0,0.0,0.7208,0.876306,0.0,1,0.0207490856,1.8975087961,1.9005002382724223,Train
LUDCUK_clean,6.13722,3.87042,6.049,1.49949,788.964,526.155,0.0,0.0,0.4632,0.308905,0.0,1,0.0871037203,1.9714492517,2.0945043436487767,Train
LUDKOM_clean,6.72845,4.30181,6.72845,1.47246,871.523,591.883,0.0,0.0,0.4702,0.31933,0.0,1,0.0954614069,2.3732215392,2.275837839992714,Train
LUDKUS_clean,6.94763,4.22525,6.94763,1.5606,819.909,525.382,0.0,0.0,0.4464,0.286044,0.0,1,0.1412521317,2.4777023524,2.442947947334253,Train
LUDLED_clean,13.17739,6.65728,13.17739,0.881906,2096.4,2377.12,0.0,0.0,0.7118,0.807115,0.0,1,0.0372819144,2.2113147891,2.244614016204492,Test
LUDLIH_clean,13.23241,6.67449,13.22045,0.876399,2107.58,2404.81,0.0,0.0,0.7124,0.812871,0.0,1,0.037896714,2.2169538966,2.261287477123643,Test
LUDVIP_clean,6.92788,4.09866,6.92788,1.5951,1191.16,746.758,0.0,0.0,0.5576,0.34957,0.0,1,0.0153151564,1.109611524,1.136164683367513,Train
LUFBUL_clean,4.96727,4.63026,4.96727,1.29284,870.275,673.148,0.0,0.0,0.4736,0.366324,0.0,1,0.0731998873,2.419333159,2.424581565344417,Train
LUFCAS_clean,4.96103,4.24915,4.96103,1.44232,901.376,624.947,0.0,0.0,0.4662,0.323228,0.0,0,0.0335350356,1.6589204562,1.6467586040249258,Train
LUFNAC01_clean,7.70412,5.87256,7.69288,1.02639,1471.97,1434.12,0.0,0.0,0.566,0.551448,0.0,1,0.0433415426,3.0816808469,2.949185668964101,Train
LUFNAC02_clean,7.66591,5.85542,7.65462,1.02962,1488.42,1445.6,0.0,0.0,0.5648,0.548553,0.0,1,0.0431813743,3.1071390646,2.962277725864848,Test
LUFNAC03_clean,7.68055,5.84066,7.66172,1.02599,1463.18,1426.13,0.0,0.0,0.565,0.55069,0.0,1,0.0442171293,3.1037029206,2.9904097007175885,Train
LUFNAC04_clean,7.6755,5.87796,7.66911,1.02659,1461.4,1423.54,0.0,0.0,0.5658,0.551143,0.0,1,0.0441594687,3.1034359735000003,2.9935559531328653,Train
LUFNAC05_clean,7.61946,5.80686,7.57494,1.03101,1474.3,1429.95,0.0,0.0,0.564,0.547035,0.0,1,0.0446015332,3.0888884205,3.0013669362460185,Test
LUFNAC_clean,7.52412,5.6534,7.51131,1.03145,1483.45,1438.22,0.0,0.0,0.562,0.544864,0.0,1,0.0451674612,3.1165270627,2.961973477442009,Train
LUFNEG_clean,4.76594,3.97544,4.75053,1.17247,1466.56,1250.83,0.0,0.0,0.5002,0.426622,0.0,1,0.0926125157,4.0565257314,3.9762411724666915,Train
LUFQUZ01_clean,4.13433,3.66293,4.13433,1.49707,741.631,495.388,0.0,0.0,0.4688,0.313145,0.0,1,0.0863502301,3.4097627682,3.2359203113678765,Train
LUFQUZ02_clean,4.33985,4.02318,4.33985,1.29652,936.621,722.414,0.0,0.0,0.5262,0.405857,0.0,1,0.0560168556,2.8526721702999995,2.7888281401086266,Train
LUFQUZ_clean,4.20915,3.71253,4.20915,1.48805,761.664,511.852,0.0,0.0,0.4716,0.316924,0.0,1,0.092421613,3.3928216516000003,3.2615304488004093,Train
LUJBAV_clean,4.98599,3.44797,4.98599,1.46601,380.372,259.461,0.0,0.0,0.3928,0.267938,0.0,1,0.0271030989,0.9211996749,1.010936340683062,Train
LUJPUC_clean,7.07474,4.6808,7.07474,1.16372,1382.44,1187.95,0.0,0.0,0.5842,0.50201,0.0,1,0.0115207314,0.9849629803,1.001391324625724,Test
LUJSOA_clean,4.74098,3.40425,4.68235,1.23774,661.744,534.639,0.0,0.0,0.5006,0.404447,0.0,1,0.0034905411,0.3114373135,0.31097771130443297,Train
LUKREO_clean,4.04002,3.66815,4.04002,1.33832,308.401,230.438,0.0,0.0,0.4326,0.323241,0.0,1,0.0251397185,1.4647496974,1.373631326475585,Train
LUKRIS_clean,5.16354,4.10534,5.03617,1.38895,415.25,298.967,0.0,0.0,0.404,0.290867,0.0,1,0.0153233434,0.7439971061,0.7923020134649934,Train
LULVOF_clean,5.17234,3.93529,5.17234,1.20763,463.383,383.712,171.595,142.093,0.474,0.392504,0.0,0,0.0646883644,1.9256898441,1.992214240066037,Test
LULXAS_clean,4.15152,3.42748,4.13309,1.37462,547.083,397.99,0.0,0.0,0.3992,0.290408,0.0,1,0.0435784084,2.4591378726,1.7883356047572154,Test
LUMDEC_clean,7.82073,4.889,7.82073,1.29296,1273.82,985.194,0.0,0.0,0.5548,0.429093,0.0,0,0.0118022745,0.9840118572,0.9411579592060384,Train
LUMLIQ_clean,4.75675,3.55253,4.75675,2.1629,785.103,362.986,0.0,0.0,0.4638,0.214434,0.0,1,0.0767395072,1.9477196971,1.9940414621126872,Train
LUMYEZ_clean,6.00702,4.53801,6.00702,1.30429,1992.95,1527.99,0.0,0.0,0.6142,0.470906,0.0,1,0.0298937555,2.2770136114,2.1844894803462793,Train
LUMYID_clean,5.94433,4.56717,5.90149,1.30513,1995.48,1528.95,0.0,0.0,0.6194,0.474589,0.0,1,0.029944845,2.3090259854,2.1789577996489253,Test
LUMYOJ_clean,5.98976,4.51852,5.98976,1.3118,1973.17,1504.17,0.0,0.0,0.6186,0.471565,0.0,1,0.0303088578,2.3080201605,2.1456015543801006,Test
LUMYUP_clean,6.15923,4.54415,6.13245,1.2924,1996.56,1544.85,0.0,0.0,0.6166,0.477097,0.0,1,0.0287681895,2.2264860761,2.156260760276713,Train
LUMZAW_clean,5.8494,4.60336,5.8494,1.30478,1964.07,1505.29,0.0,0.0,0.6278,0.481155,0.0,1,0.0294335506,2.2915122585,2.1510521887585266,Test
LUMZUO_clean,5.98461,4.76477,5.96493,1.86922,2708.01,1448.74,0.0,0.0,0.6802,0.363895,0.0,1,0.0033695575,0.3282256423,0.3426963110503898,Train
LUNBAX_clean,5.92168,4.6498,5.91414,1.91328,2588.47,1352.9,0.0,0.0,0.676,0.353321,0.0,1,0.0034639521,0.330245507,0.3479998364636234,Train
LUNBEB_clean,5.83182,4.56735,5.65089,1.97905,2446.69,1236.29,0.0,0.0,0.6622,0.334605,0.0,1,0.0033662112,0.3290032428,0.33803526864780786,Train
LUNBIF_clean,8.36527,6.6245,8.36354,1.86674,2385.2,1277.73,8.72646,4.67469,0.7178,0.38452,0.0,1,0.0037630531,0.3755726947999999,0.35921921863190787,Train
LUPTAS_clean,4.91554,3.81154,4.8497,1.42961,733.471,513.055,0.0,0.0,0.4568,0.319527,0.0,1,0.0445192503,1.6885569722999998,1.823529605948541,Test
LUPYAX_clean,7.54991,6.34934,7.53102,1.01424,2199.81,2168.93,0.0,0.0,0.6806,0.671046,0.0,1,0.027614263,2.1468947330000003,2.2917951254241307,Test
LUQGAG_clean,6.95292,4.98162,6.95292,1.09152,1536.81,1407.96,0.0,0.0,0.5428,0.497289,0.0,0,0.0344548232,2.236034781,2.3193606687143777,Train
LURLOB_clean,7.37662,6.99185,7.37662,1.00469,1747.18,1739.02,0.0,0.0,0.6396,0.636613,0.0,0,0.0276520227,2.5236240483000003,2.4678443303994944,Train
LUSHIR_clean,5.64907,5.07129,5.64636,1.2313,1163.45,944.9,0.0,0.0,0.5004,0.406401,0.0,0,0.0388575924,2.0673886136,2.1565465659227576,Test
LUSHOX01_clean,5.25442,4.88912,5.25442,1.20931,1317.3,1089.3,0.0,0.0,0.5332,0.440913,0.0,1,0.0383436587,2.2101846023,2.2577533886760857,Train
LUSHOX02_clean,5.40311,4.9355,5.40311,1.1935,1329.97,1114.34,0.0,0.0,0.5516,0.462169,0.0,1,0.0384451054,2.2748219614,2.2865265120829292,Train
LUSHOX03_clean,5.24171,4.88245,5.22892,1.21123,1320.66,1090.34,0.0,0.0,0.5276,0.435589,0.0,1,0.0385100946,2.2147734775,2.26421175207993,Train
LUSHOX04_clean,5.42751,4.95925,5.42646,1.17969,1336.79,1133.18,0.0,0.0,0.5422,0.459613,0.0,1,0.0361340242,2.249032324,2.2029873798241786,Train
LUSHOX_clean,5.30336,4.92542,5.30336,1.19355,1298.68,1088.08,0.0,0.0,0.5398,0.452264,0.0,1,0.0368584166,2.200459991,2.149527578852661,Test
LUSHUD_clean,5.21289,4.69215,5.21289,1.27198,1075.64,845.64,0.0,0.0,0.4926,0.38727,0.0,0,0.044514068,2.0814884066,2.1896788370428166,Test
LUSJEP_clean,6.10412,5.49511,6.10412,1.18923,1245.03,1046.92,0.0,0.0,0.5248,0.441293,0.0,0,0.0391636276,2.2442148314,2.2766837218832823,Train
LUSJIT_clean,6.09975,5.42401,6.09669,1.18953,1257.58,1057.21,0.0,0.0,0.5236,0.440174,0.0,0,0.0362732957,2.1487776986,2.2131927635427577,Test
LUSJOZ_clean,6.14785,5.47386,6.14779,1.1794,1250.19,1060.02,0.0,0.0,0.5326,0.451584,0.0,0,0.0375979695,2.1954946283,2.2096680276553116,Train
LUSYEF_clean,11.6475,5.80016,11.64729,0.734641,2294.6,3123.44,0.0,0.0,0.7226,0.98361,0.0,1,0.0371297641,2.892303404,2.776425967614241,Test
LUTSEA_clean,4.56432,3.41314,4.56432,1.75016,669.342,382.447,0.0,0.0,0.5022,0.286946,0.0,1,0.0054395594,0.4792750007,0.47301055753851484,Train
LUVTAY_clean,10.30257,9.44256,10.2197,1.08662,1146.97,1055.54,0.0,0.0,0.5838,0.537262,0.0,1,0.0132693729,1.1226507359,1.1002588773364708,Train
LUVWUU_clean,5.95531,3.72974,5.95531,1.11029,1552.29,1398.09,0.0,0.0,0.5716,0.514821,0.0,1,0.0215653964,1.6625047791,1.6872004397255314,Train
LUWMEX_clean,5.64862,4.46205,5.64805,1.16543,1755.8,1506.57,0.0,0.0,0.5904,0.506596,0.0,1,0.0428042191,2.4874550341,2.6985929502637536,Test
LUWMIB_clean,6.46125,4.54999,6.46125,1.13178,2301.96,2033.92,0.0,0.0,0.6152,0.543567,0.0,1,0.0403941353,2.6243331022,2.8033022335922,Test
LUWMOH_clean,6.36296,4.2806,6.36272,1.20693,1999.45,1656.65,0.0,0.0,0.5984,0.495805,0.0,1,0.042510716,2.6015323343,2.703163721706,Train
LUXDUE_clean,13.68943,4.23916,13.68943,1.04302,1835.8,1760.08,13.4841,12.9279,0.692,0.663456,0.0,1,0.0218146505,1.8060152182,1.7947585730216398,Train
LUXFOA_clean,13.73946,4.3179,13.73946,0.952497,1834.04,1925.51,15.1519,15.9076,0.6722,0.705724,0.0,1,0.0160632644,1.4210511856,1.429394561854683,Train
LUXFUG_clean,13.71044,4.29007,13.71044,1.01438,1788.77,1763.41,11.1798,11.0213,0.6608,0.651434,0.0,1,0.0156153942,1.3944406709,1.3806711282187893,Train
LUYBOY_clean,7.89316,7.4198,7.87816,1.34135,1580.28,1178.13,0.0,0.0,0.5778,0.43076,0.0,1,0.0179467862,1.4553736183,1.500160417809738,Test
LUYHAP_clean,12.05622,6.74493,12.05603,0.618537,2287.3,3697.93,0.0,0.0,0.7716,1.24746,0.0,1,0.0245129972,2.0814854824,2.143082656467173,Train
LUYSEF_clean,4.81614,3.46612,4.554,1.34495,1416.38,1053.11,0.0,0.0,0.6156,0.457711,0.0,1,0.016420489,1.3397383305,1.3391073380037903,Train
LUYSOP_clean,15.21554,13.85225,15.21554,0.826153,1716.72,2077.96,0.0,0.0,0.7048,0.853111,0.0,0,0.0476973415,2.902253336,2.9928905618783173,Train
LUZBOY_clean,6.14636,4.66385,6.14509,0.864953,1863.69,2154.67,0.0,0.0,0.6302,0.728594,0.0,0,0.0252706783,2.0806002092,2.1030545044933184,Train
LUZJAT_clean,8.19723,7.01697,8.18474,1.37403,1823.93,1327.44,0.0,0.0,0.6136,0.44657,0.0,1,0.0354563953,2.4771561284,2.520929008203479,Train
MABCUQ_clean,5.37255,3.56877,5.37255,1.53414,1466.89,956.165,0.0,0.0,0.6184,0.403092,0.0,1,0.0114204933,0.9167659128,0.9182796296101641,Train
MABJUV01_clean,4.71712,3.63905,4.71712,1.54053,563.034,365.48,0.0,0.0,0.4068,0.264064,0.0,0,0.0212968791,1.1040911869,1.1051728455467695,Test
MABJUV_clean,4.72309,3.67608,4.72309,1.52978,599.848,392.114,0.0,0.0,0.4106,0.268405,0.0,0,0.0211371557,1.0949320083,1.115983903415462,Train
MABKEG_clean,4.96705,4.29241,4.96705,1.47907,598.033,404.332,0.0,0.0,0.4092,0.276661,0.0,0,0.0247885907,1.1399641158,1.145424161992653,Train
MABKIK01_clean,5.51433,5.20447,5.51433,1.39065,845.278,607.831,0.0,0.0,0.4446,0.319707,0.0,0,0.018956267,1.137698015,1.1542349661380322,Train
MABKIK_clean,4.95272,4.26488,4.95272,1.45304,582.257,400.715,0.0,0.0,0.4264,0.293453,0.0,0,0.0236309352,1.1195728541,1.122756629624972,Train
MABLAD_clean,5.34449,3.90767,5.34449,1.19766,953.889,796.46,0.0,0.0,0.4728,0.394769,0.0,0,0.0657217183,2.5584526068,2.5194290410694364,Train
MACHIJ_clean,13.29616,4.97277,13.29616,0.983012,1612.04,1639.9,0.0,0.0,0.67,0.681578,0.0,1,0.0139234746,1.272922805,1.2413493825201254,Train
MACKAE_clean,9.52684,4.31294,9.52684,2.70363,1850.45,684.433,0.0,0.0,0.6186,0.228804,0.0,1,0.0058490259,0.4656533653999999,0.4725709703832146,Train
MADVUJ_clean,5.32382,4.69426,5.32382,1.65668,675.478,407.729,0.0,0.0,0.418,0.252311,0.0,0,0.0247331152,1.0731984605,1.1599764020627525,Test
MADWAQ_clean,5.18677,4.51055,5.17631,1.52314,635.031,416.921,0.0,0.0,0.412,0.270493,0.0,0,0.028512721,1.2703784181,1.2002238795762146,Test
MAFDII_SL,6.17503,4.57934,6.17321,1.14403,1406.65,1229.55,266.817,233.224,0.5936,0.518866,0.0,0,0.0451633022,2.8167015951,2.722329406257086,Train
MAFJIO_clean,10.24604,5.19927,9.76441,0.774705,2445.7,3156.94,0.0,0.0,0.7196,0.92887,0.0,1,0.0282269064,2.4663632303,2.4796647035790054,Test
MAFLUD_clean,5.38373,3.98212,5.36788,1.15006,1774.93,1543.34,0.0,0.0,0.592,0.514756,0.0,1,0.043382038,2.867303982,2.7512940100063217,Test
MAFMAK01_clean,5.76423,4.1915,5.74643,1.09839,2062.25,1877.52,0.0,0.0,0.6384,0.581215,0.0,0,0.0383338011,2.6780802492,2.799116597827093,Train
MAGBAZ_clean,7.74379,4.25931,7.73545,0.9596,2206.02,2298.89,0.0,0.0,0.666,0.694039,0.0,0,0.0283615373,2.5315438628,2.4290149298576855,Train
MAGBON_clean,6.77313,5.2032,6.75742,1.14435,2195.85,1918.86,0.0,0.0,0.6464,0.564863,0.0,0,0.0470287644,3.48143642,3.308672252171144,Test
MAGNEQ01_clean,5.36278,4.15643,5.36278,1.09674,2370.15,2161.08,0.0,0.0,0.672,0.612723,0.0,1,0.0143540783,1.2863732077,1.2681203933821457,Train
MAGNEQ_clean,5.32617,4.14354,5.3111,1.10004,2360.03,2145.41,0.0,0.0,0.6692,0.608342,0.0,1,0.014159646,1.2750961337,1.268667979569901,Train
MAHCEG_clean,18.51843,7.97271,18.51843,0.531149,2149.05,4046.05,0.0,0.0,0.8144,1.53328,0.0,1,0.019934155,1.924200696,1.8424366493388993,Test
MAHCIK_clean,18.77734,7.81499,18.77734,0.539574,2171.35,4024.19,0.0,0.0,0.8044,1.49081,0.0,1,0.0203036718,1.9309258372,1.8642986899544283,Test
MAHCOQ_clean,18.83938,7.96401,18.83938,0.527426,2147.45,4071.57,0.0,0.0,0.8002,1.51718,0.0,1,0.0206488584,1.9349221375,1.9252758191203132,Train
MAHTAR01_clean,5.34764,4.14932,5.34428,1.34276,985.458,733.903,0.0,0.0,0.4968,0.369983,0.0,1,0.0430049204,2.0367864089,2.022516017557103,Train
MAHTAR_clean,5.34824,4.13773,5.34698,1.34089,993.502,740.929,0.0,0.0,0.4942,0.368562,0.0,1,0.0428442965,2.0136340319,1.9955447954605394,Train
MAJHUC_clean,5.75252,3.69157,5.65377,1.18631,467.138,393.774,0.0,0.0,0.4432,0.373595,0.0,1,0.0094101849,0.5766891225,0.5761335297445769,Train
MAKFIQ_clean,8.56724,6.92833,8.56724,1.27671,1511.52,1183.92,0.0,0.0,0.5678,0.444738,0.0,0,0.020265314,1.6197944575,1.634667605364825,Train
MAKFOW_clean,8.33236,6.80185,8.33236,1.32055,1504.03,1138.94,0.0,0.0,0.578,0.437696,0.0,0,0.0219588662,1.6975628962,1.7421345984320935,Train
MAKGAJ_clean,8.49976,6.89727,8.49976,1.31953,1515.96,1148.87,0.0,0.0,0.5704,0.432276,0.0,0,0.021051711,1.64954544,1.7014589620272544,Test
MAKHAJ_clean,5.36353,4.34017,5.23294,1.65348,1412.13,854.037,0.0,0.0,0.5972,0.361179,0.0,0,0.0529781346,2.4097691652,2.5025119223019057,Test
MAKRAU_clean,7.29081,6.46944,7.28567,1.08372,1133.62,1046.04,0.0,0.0,0.4976,0.459157,0.0,1,0.0242836908,1.7631778387,1.710585123836585,Test
MAKRIC_clean,4.96992,3.99417,4.90348,1.09301,509.103,465.783,515.606,471.733,0.491,0.44922,0.0,1,0.0751465813,2.9354712179000004,2.940947055751545,Train
MAKXAZ_clean,5.08726,4.83873,5.06957,1.27292,905.072,711.021,0.0,0.0,0.4628,0.363574,0.0,0,0.0505838495,2.1549059317,2.073064657229461,Train
MALFUD_clean,7.43512,5.15007,7.43277,0.84804,2258.38,2663.06,0.0,0.0,0.6712,0.791472,0.0,1,0.0180048283,1.67799966,1.6310749344465947,Train
MALROJ_clean,16.84369,16.76415,16.84369,0.692416,1360.98,1965.54,0.0,0.0,0.7588,1.09587,0.0,1,0.0186332501,1.7367855534,1.6514675647999038,Test
MALRUM_clean,5.9367,4.07723,5.9367,0.815854,1158.61,1420.12,12.5333,15.3622,0.5888,0.721698,0.0,0,0.0186041053,1.3405093533,1.4822504147504143,Test
MALRUP_clean,16.92414,16.84411,16.92414,0.675419,1334.6,1975.96,0.0,0.0,0.764,1.13115,0.0,1,0.0218565116,1.9569935538,1.9270673257699644,Test
MALSAW_clean,16.91027,16.82951,16.91027,0.672455,1349.27,2006.49,0.0,0.0,0.7654,1.13822,0.0,1,0.0210360195,1.9186595543,1.875303567242204,Train
MALSEA_clean,16.90358,16.82254,16.90358,0.671459,1350.93,2011.93,0.0,0.0,0.767,1.14229,0.0,1,0.0214266261,1.9190785289,1.8841999828860727,Train
MALSIE_clean,16.8944,16.81333,16.8944,0.672143,1349.09,2007.15,0.0,0.0,0.767,1.14113,0.0,1,0.0211080308,1.9388969033,1.8784537485217758,Train
MALSOK_clean,16.92569,16.84467,16.92569,0.669653,1353.12,2020.63,0.0,0.0,0.7686,1.14776,0.0,1,0.0212236853,1.9542396682,1.8866611407997398,Train
MANDUD_clean,8.1447,5.93208,8.1447,0.901348,2323.1,2577.36,0.0,0.0,0.6668,0.739781,0.0,1,0.0276908344,2.2220772655000003,2.3635237023607965,Test
MANLAP_ion_b,4.72532,3.67633,4.72532,0.949147,1391.99,1466.57,0.0,0.0,0.5776,0.608546,0.0,0,0.0245424375,2.0152835123,2.0157881553078174,Train
MANLOD_manual,8.55642,5.36069,8.35991,0.706783,1873.58,2650.85,92.9946,131.574,0.6674,0.944278,0.0,0,0.0211417955,1.9122223701,1.8130780810775968,Test
MAPCIP_clean,9.53742,5.44759,9.32696,1.58248,1828.68,1155.58,0.0,0.0,0.6098,0.385344,0.0,0,0.0258049641,2.0378360069,1.9258664480874654,Train
MAPCUE_clean,5.3952,3.72256,5.3952,1.47049,1163.8,791.435,0.0,0.0,0.504,0.342742,0.0,0,0.0380751495,2.3606055371,2.0974455489113,Train
MAPFIS_clean,5.59771,4.30891,5.54289,1.06696,1494.67,1400.87,0.0,0.0,0.5474,0.513047,0.0,1,0.0429891057,2.7437148292,2.604585092527377,Train
MAPLEX_clean,5.48812,3.7418,5.48733,1.43983,1166.77,810.351,0.0,0.0,0.499,0.346569,0.0,0,0.0385918687,2.4400129468,2.112263026922472,Test
MAQBEO_clean,9.00352,4.63709,9.00352,0.93614,1838.21,1963.61,22.2471,23.7647,0.63,0.672976,0.0,1,0.0463305119,2.9815278465,2.9025743068319163,Train
MAQBIS_clean,11.35798,8.5918,11.35555,0.674777,2143.5,3176.61,0.0,0.0,0.7262,1.07621,0.0,1,0.043874878,3.1561625614,2.911913251854597,Test
MAQRAA_clean,6.97366,6.05295,6.96579,1.20561,1541.67,1278.75,0.0,0.0,0.5886,0.488218,0.0,1,0.0304393495,2.2184797697,2.1866796365351595,Test
MARJAQ_clean,10.63499,10.4191,10.6339,1.83144,1181.22,644.965,1.00954,0.551229,0.5826,0.31811,0.0,1,0.0911324234,3.4618158971,3.4174990610825295,Train
MARNOL_clean,5.81104,3.45148,5.7898,1.22228,1232.48,1008.35,0.0,0.0,0.5482,0.448508,0.0,1,0.0341493584,2.2844354088,2.0709936216252793,Test
MARPOL_clean,5.59699,4.85089,5.59699,1.22385,769.975,629.142,0.0,0.0,0.4788,0.391224,0.0,0,0.0086040059,0.6524822746,0.668983707716861,Train
MARXEK_clean,6.80849,6.42208,6.80849,1.6895,1568.88,928.61,0.0,0.0,0.5668,0.335485,0.0,0,0.0306670091,2.0496532605,2.0063898411655474,Test
MASMIC_clean,9.31006,7.53558,9.30278,0.580679,2625.75,4521.86,0.0,0.0,0.7606,1.30985,0.0,1,0.0219775175,2.1103164232,2.0791997518501724,Test
MASZOX_clean,6.20608,3.81259,6.16409,1.48643,1158.39,779.31,0.0,0.0,0.5192,0.349294,0.0,1,0.0197366168,1.2574151709,1.3629606086370452,Train
MASZUD_clean,6.16395,3.77069,6.1156,1.46962,1165.3,792.926,0.0,0.0,0.5354,0.364312,0.0,1,0.0183392574,1.2014843415,1.2926034005220997,Test
MATBAM_clean,7.54049,4.88112,7.54049,1.17286,1649.01,1405.98,0.0,0.0,0.5866,0.500147,0.0,1,0.0254504512,1.7663723342,1.984309618658781,Test
MATBEQ_clean,6.25491,3.91181,5.95608,1.39707,1185.59,848.625,0.0,0.0,0.547,0.391533,0.0,1,0.0225812549,1.3908025563,1.4643162102749137,Train
MATFIY_clean,8.97967,4.54894,7.97865,1.40065,1635.25,1167.49,0.0,0.0,0.6194,0.442222,0.0,1,0.0085891444,0.7806230994,0.7988197159761679,Train
MATPOP_clean,9.20624,4.84305,9.20624,1.16023,1655.06,1426.49,0.0,0.0,0.6112,0.526791,0.0,1,0.0247912296,1.7100030634,2.0018463608326353,Test
MATPUV_clean,8.96945,4.59437,8.96945,1.16708,1604.04,1374.41,0.0,0.0,0.584,0.500396,0.0,1,0.0243647703,1.6426219219999998,1.8976226050248273,Test
MATTOR_clean,5.58364,3.90943,5.58364,1.24007,952.192,767.854,70.05,56.4887,0.5222,0.421105,0.0,1,0.07467595,2.8475807382,2.8141354459850514,Train
MATTUX_clean,6.25712,5.16476,6.25712,1.06941,1603.09,1499.04,0.0,0.0,0.5648,0.528144,0.0,1,0.0507871094,3.0147094574,2.96292171985578,Train
MATWUC_clean,6.79171,5.36307,6.77355,0.962581,2073.83,2154.45,0.0,0.0,0.6394,0.664256,0.0,1,0.0566453937,3.7483872392,3.6875244663200197,Train
MATXAJ_clean,12.50004,9.04853,12.40632,0.6224,2078.93,3340.18,0.0,0.0,0.775,1.24518,0.0,1,0.0266138679,2.4136459748,2.257139732397004,Train
MAVFEV01_clean,4.92643,4.38387,4.92643,1.57725,2265.97,1436.66,0.0,0.0,0.6254,0.396513,0.0,1,0.0160342022,1.375950501,1.3671813812079097,Train
MAVFEV_clean,4.93313,4.38082,4.93313,1.57553,2293.93,1455.98,0.0,0.0,0.6088,0.38641,0.0,0,0.0159833896,1.3646178769,1.39261133703899,Test
MAVNUU_manual,7.52328,6.25675,7.49475,1.00896,1346.7,1334.73,0.0,0.0,0.5494,0.544519,0.0,1,0.046952843,2.8334712851,2.8603061873257563,Train
MAWFEY_clean,8.76979,6.5651,8.76979,1.23234,2527.32,2050.83,0.36923,0.299617,0.7208,0.584904,0.0,1,0.0074874019,0.7010003422,0.6750566130600726,Train
MAWFIC_clean,9.46149,6.72598,9.46149,1.3222,2511.12,1899.19,0.278339,0.210512,0.7294,0.551655,0.0,1,0.0049162203,0.4744420559,0.4618941116100377,Train
MAWTUC_clean,5.33465,4.95075,5.33465,1.06578,1588.39,1490.35,0.0,0.0,0.586,0.549831,0.0,1,0.043566097,2.6784272897,2.7273906538834387,Train
MAWVAK_clean,5.70954,5.40047,5.70954,0.993165,1765.23,1777.38,0.0,0.0,0.616,0.620239,0.0,1,0.0358457864,2.4533515611000003,2.6814408201156756,Test
MAXHOJ01_clean,7.81574,7.80243,7.81574,2.30216,801.005,347.937,0.0,0.0,0.4866,0.211367,0.0,1,0.0023160976,0.2157404506,0.2072802804111924,Train
MAYJOM_clean,6.51956,6.14293,6.51763,1.25239,1627.1,1299.19,0.0,0.0,0.6236,0.497928,0.0,0,0.0359781395,2.5273503443000003,2.591629952593,Train
MAYKOO_clean,12.58218,11.50288,12.56968,0.603307,2027.92,3361.34,0.0,0.0,0.7608,1.26105,0.0,1,0.0215567945,2.0595702901,1.9679426072693622,Test
MAZSUD_clean,5.33307,3.93087,5.33307,1.15662,1798.05,1554.58,0.0,0.0,0.618,0.534316,0.0,0,0.0449904934,2.9635064319,2.9542145825968396,Train
MECWIB_clean,7.68734,5.08903,7.68734,1.09108,1654.78,1516.65,0.0,0.0,0.567,0.51967,0.0,0,0.0320807038,2.2913133857,2.3358413463823884,Test
MEFJUE_clean,13.6466,4.52582,13.6466,0.969419,2198.16,2267.5,0.0,0.0,0.6876,0.709291,0.0,1,0.0322880182,2.6046279183000003,2.563557503116153,Train
MEFYUT_clean,5.77585,4.33422,5.56399,1.19211,1979.16,1660.22,0.0,0.0,0.6036,0.506331,0.0,1,0.0353660966,2.4209722209,2.431007615624093,Train
MEFZUU_manual,9.38956,5.60914,9.2442,0.843227,2246.05,2663.63,0.0,0.0,0.685,0.812356,0.0,1,0.0203055727,1.7835367488,1.8095387262211486,Train
MEGBAD_clean,9.5163,5.76215,9.5163,0.851407,2206.78,2591.93,0.0,0.0,0.6808,0.799618,0.0,1,0.022745054,1.9266198062,1.9909804331156216,Train
MEGBEH_manual,9.9497,6.81571,9.9489,0.994874,2116.8,2127.71,0.0,0.0,0.683,0.686519,0.0,1,0.0176664749,1.5715201766999998,1.568604046514033,Train
MEGFIN_clean,12.26016,8.11803,12.26013,0.845073,1643.38,1944.66,0.0,0.0,0.644,0.762064,0.0,1,0.0305947749,2.0332721018,2.0888383169192903,Train
MEHMET_clean,21.82341,9.06966,13.94061,0.408796,1899.79,4647.28,0.0,0.0,0.8328,2.0372,0.0,1,0.0225414418,2.084468225,2.161515285323305,Test
MEJMOE_clean,13.36085,7.20564,12.38159,0.61631,2232.14,3621.79,0.0,0.0,0.8056,1.30713,0.0,0,0.0162382438,1.5746236347999998,1.5679969352998655,Train
MEJQEZ_clean,4.70786,3.58668,4.69647,1.26931,973.305,766.801,0.0,0.0,0.5298,0.417393,0.0,0,0.0810667161,2.5913301875,2.861541368675498,Train
MEJQID_clean,4.95338,3.66569,4.91383,1.21757,1152.17,946.288,0.0,0.0,0.5426,0.445643,0.0,0,0.0746297653,2.7469878043,3.0014651026991337,Train
MEJQOJ_clean,5.07328,3.68023,5.06179,1.21005,1189.89,983.336,0.0,0.0,0.5496,0.454196,0.0,0,0.0751495794,2.783242007,3.0523435306821973,Train
MEJZEI_clean,5.32267,3.53615,5.32267,1.67671,498.537,297.33,52.5885,31.3641,0.4392,0.261941,0.0,1,0.0145526015,0.8195442773999999,0.833515586703703,Test
MEJZIM_clean,5.3333,3.56234,5.2261,1.69384,503.361,297.172,49.7521,29.3724,0.4348,0.256695,0.0,1,0.0150474571,0.8327144216,0.8583361258101578,Test
MEJZOS_clean,5.26465,3.41703,5.25331,1.72957,398.344,230.313,32.6666,18.8871,0.43,0.248616,0.0,1,0.0132215768,0.7499628853,0.730650958225044,Train
MEJZUY_clean,5.25291,3.40149,5.01155,1.7873,394.206,220.559,29.004,16.2278,0.4246,0.237565,0.0,1,0.0135581475,0.6929979556,0.6783133558553567,Train
MEKBAH_clean,5.23285,3.40673,4.67793,1.83571,402.852,219.453,27.5563,15.0113,0.421,0.229339,0.0,1,0.0140527975,0.7110046329999999,0.7565299606168385,Train
MEKDUC_clean,4.94918,3.68888,4.93711,1.45476,795.928,547.119,0.0,0.0,0.4866,0.334488,0.0,0,0.0531120534,1.7105476416999998,2.043931643729742,Test
MEMGAN_clean,4.41097,3.81053,4.41097,1.23944,1320.34,1065.27,0.0,0.0,0.561,0.452623,0.0,1,0.0753508744,3.3677485437,3.4310544327191366,Train
MEQHUL01_clean,6.0116,4.19513,6.00621,2.27118,1170.18,515.23,0.0,0.0,0.5276,0.232302,0.0,1,0.0048683191,0.4283991871,0.4122728234588777,Train
MEQHUL_clean,6.03972,4.19838,6.03396,2.27118,1173.84,516.843,0.0,0.0,0.5134,0.22605,0.0,1,0.0048657405,0.4268408781,0.4193712896593982,Train
METYIU_clean,7.46107,4.86322,7.46107,1.31027,1231.65,939.995,0.0,0.0,0.5398,0.411977,0.0,0,0.0120649514,0.9956565255,0.9473881597157539,Train
MEWNEH_clean,5.42515,3.64983,5.42515,2.53736,330.635,130.307,105.197,41.4594,0.4166,0.164187,0.0,1,0.013788376,0.7339986156999999,0.6451475823365274,Test
MEXDEY_clean,5.3901,4.95385,5.37594,2.70285,794.745,294.04,0.0,0.0,0.4526,0.167453,0.0,1,0.0224952621,0.9706419198,1.0200375498158916,Train
MEXJAC_clean,6.51326,4.65771,6.51326,1.72938,2369.14,1369.94,0.0,0.0,0.6388,0.369382,0.0,1,0.0113706258,0.9716762922,1.0196094195053336,Train
MIBMER_clean,8.80758,7.78405,8.80758,0.713822,2198.53,3079.94,0.0,0.0,0.7072,0.990723,0.0,1,0.0217585799,1.9503626517,1.9833938292183977,Train
MICDEJ_clean,5.47717,4.50209,5.38717,1.18044,1256.75,1064.65,0.0,0.0,0.5258,0.445429,0.0,1,0.0395917461,2.2652239975,2.2361633947965367,Train
MIDCAF_clean,11.10741,9.8382,11.10741,0.853326,1614.16,1891.61,0.0,0.0,0.6702,0.785397,0.0,1,0.0131586285,1.1946324089,1.2134392075110834,Train
MIDSUP01_clean,10.88215,9.55664,10.87435,0.67542,1854.05,2745.03,0.0,0.0,0.7122,1.05446,0.0,0,0.0188507865,1.7530123154,1.7154925038821967,Test
MIDSUP_clean,10.07574,8.87881,10.05297,0.69045,1869.43,2707.55,0.0,0.0,0.7086,1.02629,0.0,0,0.0179688876,1.7356553737,1.6649621407750406,Train
MIFGEP01_clean,5.99775,4.93271,5.97758,1.0207,1831.3,1794.17,0.0,0.0,0.5916,0.579605,0.0,1,0.0428904093,2.9152358086000003,2.8834940805232914,Train
MIFGEP_clean,5.99664,4.9389,5.9821,1.0207,1811.65,1774.92,0.0,0.0,0.5912,0.579213,0.0,1,0.0431043266,2.9249305385000004,2.91330741008151,Test
MIFKUJ_clean,6.05079,4.58023,5.97678,0.91647,1939.38,2116.14,0.0,0.0,0.5864,0.639846,0.0,1,0.0451642262,3.2660483426,3.1664233813195635,Test
MIFLIY_clean,9.88279,8.82764,9.86175,0.758162,1549.91,2044.3,0.0,0.0,0.642,0.846785,0.0,1,0.0279741465,2.3754772759,2.2263066716696427,Test
MIFNUM_clean,6.11585,5.67624,6.11585,1.55309,529.015,340.62,76.1683,49.0429,0.441,0.283949,0.0,1,0.0138274664,0.8948918137999999,0.8601820068394392,Train
MIFPUO_clean,6.70296,5.88092,6.70296,1.13456,971.753,856.498,0.0,0.0,0.5046,0.444752,0.0,0,0.0585711542,2.17547701,2.19581439243606,Train
MIFQOJ_clean,7.14805,6.39591,7.14805,1.06573,1037.76,973.749,0.0,0.0,0.5254,0.492994,0.0,0,0.0477402023,2.0295368872,2.6672134116313067,Test
MIFROK_clean,6.3068,5.74769,6.3068,1.44498,561.702,388.727,79.3873,54.9401,0.4722,0.326787,0.0,1,0.0153007201,0.9435045131,0.9687664972413308,Train
MIFSAX_clean,6.24449,5.77613,6.24449,1.46696,557.647,380.138,84.3149,57.4759,0.4544,0.309756,0.0,1,0.0153525694,0.9449593953,0.9734641600062541,Test
MIFSUR_clean,6.18293,5.67653,6.18293,1.48492,554.322,373.301,73.2038,49.2981,0.4504,0.303316,0.0,1,0.0143125189,0.9103170433,0.9045307677425052,Train
MIFTEC_clean,6.21252,5.76844,6.21252,1.49343,549.45,367.91,94.3906,63.2038,0.457,0.306006,0.0,1,0.0163415188,0.9522149668,1.0104944499044768,Train
MIFTIG_clean,6.1695,5.71241,6.1695,1.51351,547.592,361.803,81.859,54.0857,0.4488,0.29653,0.0,1,0.0150991812,0.9383160947,0.9300739485421718,Train
MIFTUS_clean,6.04963,5.68051,6.04963,1.61833,495.105,305.936,63.5383,39.2616,0.4414,0.27275,0.0,1,0.0143764073,0.8893349219,0.8686651318446541,Train
MIFVEE_clean,6.09339,5.6432,6.09339,1.54719,534.667,345.572,82.6577,53.4242,0.4374,0.282705,0.0,1,0.0150033381,0.9141058593,0.9033048911909667,Train
MIHLAR_clean,5.77868,4.92206,5.77868,1.33529,705.816,528.586,0.0,0.0,0.4442,0.332662,0.0,0,0.014097404,0.9805041499,0.8943756127475482,Test
MIHLEV_clean,5.70252,3.69982,5.70252,1.38172,844.284,611.037,0.0,0.0,0.4754,0.344063,0.0,1,0.0224320002,1.1873370066,1.2897082043834192,Train
MIHLIZ_clean,5.21862,3.52165,5.21802,1.34387,724.016,538.756,0.0,0.0,0.4324,0.321758,0.0,1,0.0180307699,1.083453946,1.0713857731498584,Test
MIHLOF_clean,5.26092,3.78569,5.21082,1.36197,739.196,542.742,0.0,0.0,0.4512,0.331286,0.0,1,0.0177477644,1.0932913969,1.0737640570597349,Train
MIJHOD_clean,4.18455,3.46938,4.126,1.22946,1127.43,917.014,0.0,0.0,0.5064,0.411887,0.0,1,0.0536325044,3.0501646748,2.8962838042809516,Test
MIJMAU_clean,6.68967,5.56749,6.68967,1.09709,1295.9,1181.22,0.0,0.0,0.5546,0.50552,0.0,0,0.0108210616,0.9129780444,0.9306276242816569,Train
MIKDUH_clean,5.90493,5.239,5.89411,2.24827,1626.7,723.534,0.0,0.0,0.5828,0.259221,0.0,1,0.0135642497,1.0739888845,1.0219721113793678,Test
MIKJAR_clean,5.99502,4.85131,5.99502,1.96036,716.905,365.7,0.0,0.0,0.4012,0.204656,0.0,0,0.0174694048,0.8518288131,0.8833727638544426,Test
MILQIJ_clean,4.63559,4.00457,4.63559,1.27465,706.955,554.628,0.0,0.0,0.4642,0.364179,0.0,0,0.1703625783,3.1958736841000004,3.303519877954665,Train
MILROQ_clean,19.71713,10.83562,19.26567,0.59986,1609.68,2683.42,0.0,0.0,0.7756,1.29297,0.0,1,0.0138486341,1.250618325,1.3071614101133096,Train
MIMFOF_clean,5.18488,4.28306,5.18488,1.821,982.945,539.783,0.0,0.0,0.4352,0.23899,0.0,0,0.3140333792,3.4284624957,3.30048566587723,Train
MIMKIE_clean,5.77879,3.6694,5.74168,1.1744,1435.84,1222.62,0.0,0.0,0.5446,0.463725,0.0,1,0.0332661268,2.2335541848,2.169171434464567,Train
MIMSOS_clean,11.1144,9.75442,11.1107,0.986032,1267.43,1285.39,0.0,0.0,0.613,0.621683,0.0,1,0.036891285,1.7603404708,1.8971942095966785,Test
MIMSUY_clean,11.16343,10.81199,11.16343,0.974993,1274.86,1307.56,0.0,0.0,0.613,0.628722,0.0,1,0.0352886113,1.7831204819,1.907485491992467,Test
MIMVEJ_clean,4.71676,4.28533,4.60921,1.30405,891.701,683.791,0.0,0.0,0.494,0.378819,0.0,0,0.2741535198,4.36048834,4.444344338009897,Train
MINCIX_clean,10.4943,7.36608,10.44985,0.729721,2144.38,2938.63,0.0,0.0,0.7612,1.04314,0.0,1,0.0217063202,1.9830661681,1.9742230770206735,Train
MINCUJ_clean,12.01283,7.57315,11.94291,0.692877,2023.51,2920.44,0.0,0.0,0.7558,1.09081,0.0,1,0.0193635631,1.8309039958,1.7404152244770548,Test
MINVOU01_clean,6.55615,6.26734,6.55615,1.05162,1586.57,1508.69,0.0,0.0,0.6118,0.581771,0.0,0,0.0199674927,1.6848435164,1.6168566283450532,Train
MINVOU_clean,6.55346,6.27139,6.55346,1.05162,1583.28,1505.56,0.0,0.0,0.6148,0.584624,0.0,0,0.0199802807,1.6771086249,1.6216897993961008,Test
MINVUA01_SL,6.89591,6.55778,6.89591,1.0419,1703.36,1634.86,0.0,0.0,0.5962,0.572226,0.0,0,0.0272786582,2.2778841388,2.270232165173996,Test
MINVUA_SL,6.89591,6.55778,6.89591,1.0419,1723.91,1654.59,0.0,0.0,0.5992,0.575105,0.0,0,0.0269015257,2.2659696102,2.249792312072993,Train
MIQLII_clean,6.49396,4.19114,6.49396,1.29248,1977.91,1530.32,0.0,0.0,0.6424,0.497028,0.0,0,0.0320492678,2.4375963678,2.3375363656650823,Test
MIRLAB_clean,3.58512,3.47285,3.58424,2.09979,267.635,127.458,11.6012,5.52495,0.4148,0.197544,0.0,0,0.0028864251,0.2886151607,0.292559680204437,Train
MISQIQ01_clean,4.23793,4.07504,4.23793,2.08281,569.533,273.444,0.0,0.0,0.3922,0.188303,0.0,0,0.9229305713,2.9145978573,2.948378008419162,Train
MISQIQ02_clean,4.23621,4.07274,4.23621,2.08336,549.107,263.568,0.0,0.0,0.3918,0.188062,0.0,0,0.9335892864,2.9260285058,2.892410467905918,Train
MISQIQ03_clean,4.25302,4.08852,4.25302,2.07032,582.277,281.249,0.0,0.0,0.3888,0.187797,0.0,0,0.9103219073,2.9313116605,2.964874851851942,Train
MISQIQ04_clean,4.23963,4.07761,4.23963,2.08195,575.722,276.53,0.0,0.0,0.3888,0.186748,0.0,0,0.9364544919,2.9173888868,2.9290338596696284,Train
MISQIQ05_clean,4.23899,4.07961,4.23899,2.08153,552.922,265.632,0.0,0.0,0.3806,0.182846,0.0,0,0.9195511627,2.9324617029000004,2.8730663191563846,Train
MISQIQ06_clean,4.2381,4.07519,4.2381,2.08503,537.998,258.029,0.0,0.0,0.3768,0.180717,0.0,0,0.9476022657,2.9272392091,2.8471542029853563,Train
MISQIQ07_clean,4.23855,4.07782,4.23855,2.08216,622.195,298.822,0.0,0.0,0.3756,0.18039,0.0,0,0.9188194604,2.9144117887,2.977942670172422,Train
MISQIQ_clean,4.24107,4.07806,4.24107,2.08195,577.159,277.221,0.0,0.0,0.3898,0.187228,0.0,0,0.9308007715,2.9352703334,2.9647001027462663,Train
MITGOL_clean,4.76638,3.82621,4.60043,2.19605,897.1,408.507,0.0,0.0,0.447,0.203547,9.11e-05,1,0.0150807947,0.9671409299,0.9567137282656933,Train
MITSAK_clean,6.11636,4.97088,6.11301,1.14225,2249.13,1969.04,0.0,0.0,0.6532,0.571855,0.0,1,0.0333621529,2.7462003005,2.534285652377196,Test
MITSUE_clean,6.56785,5.33808,6.55603,1.09158,2281.03,2089.65,0.0,0.0,0.6788,0.621849,0.0,0,0.0277253196,2.3923601737,2.246526447991072,Test
MIVFOO_clean,15.59545,7.18908,15.59545,1.05942,1203.53,1136.02,437.579,413.035,0.6586,0.621658,0.0,1,0.0172298071,1.4023048053,1.4427709178583483,Train
MIXBAY_clean,11.02015,7.37075,10.14135,0.640306,2311.05,3609.3,0.0,0.0,0.7544,1.17819,0.0,1,0.0251820406,2.2265194196,2.231155159930076,Test
MIXBEC_clean,12.4058,6.44619,12.40529,0.643237,2322.53,3610.7,0.0,0.0,0.758,1.17841,0.0,1,0.0318951582,2.5213423992,2.5587300118356513,Test
MIXBIG_auto,10.49302,6.38821,9.82708,0.743714,2384.9,3206.74,0.0,0.0,0.733,0.985594,0.0,1,0.026039852,2.1710392972,2.2703141184693325,Train
MIXYID_clean,6.97459,5.00942,6.97459,0.914112,2019.19,2208.91,0.0,0.0,0.6354,0.695101,0.0,0,0.0643090718,3.590987423,3.6842135199554815,Train
MIXZOK_clean,13.18784,9.81049,13.17941,0.452893,2109.4,4657.62,0.0,0.0,0.8114,1.79159,0.0,1,0.0233112686,2.2004894734,2.1714681615746323,Train
MIYWIB_clean,7.04459,5.28876,6.99806,2.24046,1871.0,835.095,0.0,0.0,0.6028,0.269052,0.0,1,0.0041584869,0.3822070174,0.3794592637466574,Train
MIZKOW_clean,3.8316,3.43471,3.8316,1.99445,193.651,97.0949,0.0,0.0,0.3706,0.185815,0.0,1,0.0090407509,0.6517883636999999,0.6103623710826798,Train
MOCKAR_clean,10.84435,6.73283,10.55041,0.748614,2330.25,3112.76,0.0,0.0,0.7394,0.987692,0.0,1,0.0286328762,2.4237764444,2.4174048457609807,Train
MOCKEV_clean,10.91306,6.61562,10.91306,0.767829,2301.91,2997.95,0.0,0.0,0.734,0.955943,0.0,1,0.023840681,2.0936688651,2.0910900225890923,Train
MODJOG_clean,5.59367,4.45075,5.58718,1.92976,2690.17,1394.04,0.0,0.0,0.6586,0.341285,0.0,1,0.0145052012,1.2441738774,1.2320983843987572,Train
MODMIB_clean,4.79205,3.60409,4.64994,1.39523,1791.62,1284.1,0.0,0.0,0.6494,0.465443,0.0,0,0.0060780589,0.5617919484,0.5991281093028955,Train
MODNOI_ion_b,4.69367,3.76314,4.57829,1.59692,967.946,606.132,0.0371682,0.0232749,0.536,0.335646,0.0,1,0.0063476773,0.5553823679,0.5474125227233846,Train
MODNUO_ion_b,4.66372,3.69734,4.59177,1.60534,930.362,579.543,0.167447,0.104306,0.5352,0.333388,0.0,1,0.006256405,0.5460385778,0.5424824929302916,Train
MOFBIU_clean,4.73204,4.05435,4.73204,1.35155,598.778,443.031,0.0,0.0,0.4396,0.325256,0.0,1,0.0272146657,1.286417998,1.3372821753900648,Test
MOFKUO_clean,10.06674,5.89372,10.02896,0.775285,1690.92,2181.03,0.0,0.0,0.666,0.859039,0.0,1,0.0144100815,1.3752606017,1.3616607040517374,Test
MOFLAV_clean,10.54329,3.57347,9.99148,0.796722,1428.62,1793.12,0.0,0.0,0.6376,0.800279,0.0,1,0.0123040336,1.1633396178,1.1710124695738688,Train
MOGNAY_clean,5.98746,4.8264,5.9716,1.48355,1468.56,989.896,0.0,0.0,0.5258,0.35442,0.0,0,0.0248194792,1.7414370865,1.752027194254559,Train
MOGXUB_clean,4.66693,3.601,4.66693,2.8376,304.361,107.26,28.0112,9.87147,0.401,0.141317,0.0,1,0.0100808624,0.6134529311,0.5984357121793173,Train
MOJNAC_clean,4.66481,4.27217,4.66481,1.62429,1132.96,697.513,6.84199,4.21231,0.5378,0.331099,0.0,1,0.0217971628,1.5298961549,1.501343268448407,Test
MOLKAB_clean,6.21836,5.45282,6.15162,1.19004,1495.35,1256.55,0.0,0.0,0.585,0.491579,0.0,1,0.0327454703,2.175936422,2.248431034009679,Train
MOLQEL_clean,7.00282,4.91398,6.98169,0.922936,2510.46,2720.08,0.0,0.0,0.6774,0.733962,0.0,1,0.0380534893,3.119538259,3.0604029454163513,Test
MOLRIP_clean,5.54234,3.55384,5.35331,2.01055,805.607,400.69,0.0,0.0,0.4136,0.205715,0.0,1,0.008078055,0.5981925762,0.588333681305768,Train
MOMRIR_clean,4.41914,3.78485,4.34144,1.40491,222.323,158.247,290.552,206.812,0.4588,0.326569,0.0,1,0.0615371349,1.8129576615,1.993703848475018,Test
MOMSIS_clean,6.17338,4.21228,5.94323,1.84008,1775.64,964.98,0.0,0.0,0.577,0.313573,0.0,0,0.0195061363,1.3918412854,1.3875028143636443,Test
MOPQIT_clean,5.0132,3.85656,5.0132,1.33687,942.288,704.846,0.0,0.0,0.476,0.356055,0.0,0,0.0268327348,1.5402483743000002,1.5703882090036942,Train
MORFEG_clean,4.79928,3.48721,4.69113,1.33806,713.958,533.579,0.0,0.0,0.4706,0.351704,0.0,1,0.0453846675,2.0370385102,1.9828818296918511,Train
MORZID_clean,4.19947,3.9712,4.19947,1.83218,696.283,380.03,0.0,0.0,0.4348,0.237313,0.0,0,1.0457822408,3.6581878714,3.6973501600364127,Train
MOSBIG_clean,7.9749,7.17885,7.94814,1.43251,1497.34,1045.25,0.0,0.0,0.5716,0.399019,0.0,1,0.0136321145,1.1164394821,1.1384420767564312,Test
MOSDUT_clean,5.00847,4.17233,5.00847,1.12183,1419.6,1265.43,13.3609,11.9099,0.5596,0.498828,0.0,1,0.031482738,2.1614379411,2.2181133447510746,Test
MOTMAK_clean,5.72133,5.32598,5.72133,0.997473,1372.13,1375.6,0.0,0.0,0.5098,0.511092,0.0,1,0.0630010233,3.2775903934,3.2505679274132575,Train
MOTVOI_clean,9.87335,7.01536,9.87051,1.00037,1639.71,1639.11,0.0,0.0,0.6506,0.650361,0.0,1,0.0306311475,2.2276287627,2.1718680047141157,Test
MOVGUB_clean,4.79892,3.66567,4.79892,1.29583,1695.99,1308.8,0.0,0.0,0.5686,0.438791,0.0,1,0.0394111014,2.6504885330000003,2.625176182720926,Test
MOVHEM_clean,4.78648,3.65733,4.78648,1.31907,1696.72,1286.3,0.0,0.0,0.5664,0.429393,0.0,1,0.0393475286,2.6170963734,2.6220748307222186,Train
MOVKOZ_clean,5.21247,3.83096,5.21247,1.25573,2044.79,1628.37,0.0,0.0,0.592,0.47144,0.0,1,0.0449706154,3.0147629289,2.898363400643286,Train
MOXKAN_clean,5.24035,3.78554,5.21637,1.49263,550.2,368.611,159.888,107.118,0.4678,0.313407,0.0,0,0.0183671356,1.0529482862,1.0574638106514032,Train
MOXNIY_clean,5.20828,4.58005,5.18499,1.11938,1150.31,1027.63,0.0,0.0,0.506,0.452034,0.0,0,0.0275860344,1.7912460456,1.8098346028825416,Train
MOXNUJ_clean,7.33692,7.13556,7.33692,0.746109,2128.73,2853.11,0.0,0.0,0.7,0.9382,0.0,1,0.0149367847,1.4304650354,1.4868584873388973,Test
MOXNUK_clean,5.04646,4.16361,5.04099,1.19416,1034.92,866.655,0.0,0.0,0.4922,0.412174,0.0,0,0.0297003336,1.8173355693,1.7540473203147255,Train
MOXPUL_clean,12.29446,11.95813,12.29446,0.744524,1605.86,2156.89,0.0,0.0,0.6934,0.931333,0.0,0,0.0215065301,1.6344391582,1.8999081914317053,Test
MOYMET_clean,9.12886,8.44595,9.12886,1.00188,1110.93,1108.85,0.0,0.0,0.56,0.558951,0.0,1,0.0132631266,1.2052672374,1.1314357512712534,Train
MOYNIY_clean,4.76569,4.12526,4.76569,1.26221,800.094,633.883,4.17361,3.30659,0.4918,0.389634,0.0,1,0.0383748831,1.9032048057,1.9355282650827517,Test
MOYYEF_clean,7.68803,7.36383,7.68803,0.950247,1850.19,1947.06,0.0,0.0,0.627,0.659828,0.0,1,0.0259633898,2.023112754,2.227437114553334,Test
MOYYIJ_clean,12.42053,9.37645,12.42053,0.730593,2207.0,3020.84,0.0,0.0,0.7162,0.980299,0.0,1,0.0335416971,2.4502070874,2.610527112755043,Test
MUBQIJ_clean,7.7972,3.97712,7.7972,1.1623,1447.09,1245.01,77.4656,66.6483,0.573,0.492986,0.0,1,0.0675582406,3.1292000989,3.0305619583615258,Train
MUBZOA_auto,18.72717,7.12,18.72717,0.441638,1990.25,4506.52,0.0,0.0,0.8132,1.84133,0.00045286,0,0.0107866979,1.0256871026,1.0590358660052548,Train
MUBZUG_auto,18.63539,7.90997,18.63539,0.469492,1954.88,4163.83,0.0,0.0,0.8032,1.71078,0.000425992,0,0.0115363352,1.0716327358,1.1074541090352379,Train
MUDLON_clean,10.7008,8.31199,10.7008,0.628411,1977.63,3147.04,0.0,0.0,0.7012,1.11583,0.0,1,0.041092024,2.7227429551,2.8490550860400314,Test
MUDTAH_clean,18.89368,6.63386,18.89368,0.562193,2169.18,3858.42,0.0,0.0,0.7916,1.40806,0.0,1,0.0263130969,2.3383886111,2.341611958780809,Test
MUDTEL_clean,19.09514,6.59272,18.85083,0.559282,2154.91,3853.0,0.0,0.0,0.789,1.41074,0.0,1,0.0235514291,2.1257946447,2.147979588952864,Train
MUFXUI_clean,6.32175,3.7026,6.31403,1.91517,995.288,519.687,0.0,0.0,0.5032,0.262744,0.0,1,0.0143485144,1.0788452987,1.0031175243353498,Train
MUFYAP_clean,6.26363,3.70776,6.26313,1.90371,978.115,513.793,0.0,0.0,0.5022,0.2638,0.0,1,0.0142659445,1.08181006,0.9974824846414816,Train
MUGFOK_clean,5.96918,4.1656,5.96918,1.0315,1325.72,1285.24,0.0,0.0,0.5408,0.524287,0.0,0,0.0222031029,1.6254605063999998,1.739130914281507,Test
MUGHED_clean,6.89695,5.88693,6.88053,1.44086,1384.56,960.922,0.0,0.0,0.5716,0.396706,0.0,0,0.0432760865,2.4179490453,2.4749785867057987,Test
MUGQAI_clean,4.49067,3.71104,4.4722,1.86928,279.265,149.397,0.0,0.0,0.3624,0.193872,0.0,1,0.0577875364,1.131217514,1.1249286150852182,Train
MUHNAG_clean,5.2054,3.59701,5.17347,1.40338,910.102,648.507,0.0,0.0,0.4596,0.327495,0.0,0,0.0672982011,2.0619311632,2.2422579518892447,Test
MUHNUA_clean,6.00569,3.96893,5.96297,1.13245,277.836,245.342,598.929,528.881,0.5278,0.466071,0.0,1,0.0334057913,1.8850217758,1.8559686012264356,Train
MUHPAI_clean,5.12215,3.79398,5.11629,1.52223,483.947,317.921,0.0,0.0,0.445,0.292335,0.0,1,0.0300023109,1.0879118031,1.2787518528644506,Test
MUJRIT_clean,6.24948,5.12409,6.24249,1.30647,1092.9,836.531,0.0,0.0,0.5376,0.411492,0.0,1,0.0132208542,1.0589329171,0.995737969906409,Train
MULQOA_clean,5.82935,5.12372,5.78502,1.29204,2093.52,1620.33,0.0,0.0,0.6306,0.488067,0.0,1,0.0272954035,2.1428559818,2.0902736631067538,Test
MULSER_clean,6.43873,5.71769,6.32596,3.20394,1423.73,444.368,0.0,0.0,0.5564,0.173661,0.0,1,0.0096286501,0.7526468381999999,0.7262484144592756,Train
MULXOH_clean,5.40379,4.11586,5.39113,1.20876,1724.57,1426.72,0.0,0.0,0.5842,0.483303,0.0,1,0.0261269091,2.0087926629,1.9600612090113212,Train
MUMYAW_clean,5.93329,4.12111,5.93329,1.25624,296.676,236.162,0.0,0.0,0.4254,0.338629,0.0,0,0.0028827634,0.2179499657999999,0.19165389893549412,Train
MUNDAC_clean,10.7777,6.68804,10.76442,1.37281,1712.63,1247.54,119.227,86.849,0.6828,0.497375,0.0,1,0.020885536,1.1349659603,1.2272593448117597,Train
MUNDEG_clean,13.44844,12.65122,13.43461,0.869875,2175.3,2500.7,0.0,0.0,0.7658,0.880357,0.0,1,0.0144692201,1.321228326,1.3063902455635015,Train
MUNDOQ_clean,14.169,13.34985,14.06749,0.845802,2182.1,2579.91,0.0,0.0,0.7752,0.916526,0.0,1,0.0134711248,1.2618798766,1.1999487408522151,Test
MUNLUE_clean,8.36355,6.76783,8.36355,1.33052,1528.86,1149.07,0.0,0.0,0.5564,0.418184,0.0,0,0.0220775556,1.6948349215,1.7380805609322956,Test
MUNNUF_clean,7.33223,5.00492,7.33223,0.937356,1880.0,2005.64,0.0,0.0,0.6136,0.654607,0.0,1,0.0403745521,2.9292074329,2.7936821874033804,Test
MUNPAN_clean,7.42883,6.43303,7.42883,0.851362,1993.43,2341.47,0.0,0.0,0.6496,0.763013,0.0,0,0.0283120782,2.4283016737,2.4034670945561296,Test
MUNPER_clean,7.09681,5.52234,7.09517,0.917986,1955.18,2129.86,0.0,0.0,0.6202,0.675609,0.0,0,0.0344491701,2.6481835352000003,2.6991400666826495,Train
MUPTAU_clean,4.1653,3.49014,4.1653,1.2541,633.589,505.216,0.0,0.0,0.52,0.414641,0.0,0,0.0339941414,2.2477689334,1.837846267683533,Test
MUQSAU_clean,6.10574,5.26029,6.08367,1.19181,1276.39,1070.97,0.0,0.0,0.5272,0.442354,0.0,1,0.0215615992,1.7113183159999998,1.6402524391944902,Train
MURBEI_clean,7.16636,5.68293,7.16636,0.873364,2436.63,2789.93,0.0,0.0,0.6948,0.795545,0.0,0,0.047580084,3.9823337545,3.886211293637686,Train
MURCAD_clean,4.60111,3.76823,4.60111,1.18753,1551.89,1306.82,0.0,0.0,0.5832,0.491102,0.0,1,0.036512898,2.6557375281,2.541396838187356,Test
MURCIL_clean,8.29917,7.10888,8.29917,1.5444,1055.62,683.511,0.0,0.0,0.5688,0.368297,0.0,1,0.0045263976,0.4154379335,0.41648120126052657,Train
MURCOR_clean,8.10583,6.88134,8.10583,1.58436,1015.28,640.812,0.0,0.0,0.5632,0.355475,0.0,1,0.0045984964,0.4310336671999999,0.4315215580100529,Train
MURFIQ_clean,7.24055,5.2237,7.22777,1.12426,739.654,657.9,0.0,0.0,0.487,0.433172,0.0,0,0.0065514048,0.6247905988,0.6107912550656236,Train
MURTUO_clean,5.36071,4.16389,5.36071,1.95193,861.496,441.357,0.0,0.0,0.5124,0.26251,0.0,1,0.0081606996,0.5589120559,0.6141914912722009,Train
MUSCAG_clean,5.66812,5.1578,5.66812,1.35058,1261.14,933.776,0.0,0.0,0.5436,0.402493,0.0,1,0.0224017213,1.5118154469,1.5189943782453317,Test
MUSCIN_clean,9.38658,7.66741,9.38512,0.993168,1809.71,1822.16,0.0,0.0,0.6586,0.663131,0.0,1,0.0250419343,2.1395808138,2.1109185671586554,Test
MUSSIE_clean,8.74352,7.39002,8.74352,1.23265,727.688,590.344,539.668,437.811,0.5772,0.468259,0.0,0,0.0801137352,3.5871428585,3.6166951227321618,Train
MUTDIQ_clean,8.28155,3.70267,8.27208,0.907108,1694.67,1868.21,61.3387,67.62,0.6404,0.70598,0.0,1,0.020301774,1.7096292538,1.693481483371108,Train
MUTVUT_clean,4.81469,3.76296,4.81469,1.36731,413.706,302.568,0.0,0.0,0.4354,0.318435,0.0,0,0.0170534503,0.8574703853,0.9622914838900668,Test
MUVGOA_clean,5.03839,3.5374,4.60238,0.993755,720.941,725.471,502.862,506.022,0.5306,0.533934,0.0,0,0.1118526026,3.9243951513,3.8806900764578565,Train
MUVGUG_clean,5.3049,3.8372,5.3049,0.980252,740.547,755.465,511.645,521.952,0.5644,0.57577,0.0,0,0.1304806481,4.2541303515,4.250205879258743,Train
MUVHER_clean,5.24679,3.7317,5.24381,0.97664,759.504,777.67,505.736,517.833,0.5526,0.565818,0.0,0,0.1314396918,4.3296544898,4.332894575148715,Train
MUVJIX_clean,5.57567,4.9751,5.5219,1.4259,1132.91,794.523,0.0,0.0,0.4782,0.335368,0.0,1,0.0250831743,1.7335063508000002,1.6376841424292046,Train
MUVLUM_clean,8.4023,7.67137,8.36811,1.09338,1571.87,1437.62,0.0,0.0,0.597,0.546011,0.0,1,0.024768846,2.0277235846,2.049544454449985,Test
MUVMOG_clean,4.22005,3.96612,4.21245,1.88412,1523.37,808.528,0.0,0.0,0.519,0.27546,0.0,1,0.2470900315,4.5276865685,4.487243280489087,Train
MUVNAT_clean,5.6328,3.44137,5.05356,2.33052,1152.05,494.331,0.0,0.0,0.4892,0.209911,0.0,1,0.007972599,0.6697723446,0.6692941318950296,Train
MUVNEX_clean,5.38689,3.95895,5.38689,2.21744,1372.1,618.775,0.0,0.0,0.5208,0.234865,0.0,1,0.0061511281,0.5514956017,0.558843647092804,Train
MUVROM_clean,6.53947,4.17251,6.17765,1.42791,635.748,445.228,276.909,193.926,0.462,0.323549,0.0,1,0.0691891267,2.2006075552,2.165888738011055,Train
MUWQEB_clean,15.66484,9.57746,15.5128,0.72296,1280.06,1770.59,458.981,634.865,0.7258,1.00393,0.0,1,0.0270663046,2.2088192371,2.2208540578759184,Train
MUZGAQ_clean,8.01686,3.8968,7.05023,1.88749,1060.89,562.066,12.103,6.41222,0.5204,0.27571,0.000105961,1,0.0084026554,0.5180159834,0.6603813021888174,Test
MUZKAV_clean,17.45826,13.87931,17.45826,0.40339,1714.83,4251.06,45.6222,113.097,0.8208,2.03476,0.0,1,0.0448421508,3.5164971941000003,3.4544001650803113,Train
MUZVUA_clean,6.29282,4.92678,6.2328,1.05196,1843.91,1752.83,0.0,0.0,0.6012,0.571503,0.0,1,0.0285473788,2.1521351882,2.1783988412176294,Test
NABMUA01_clean,6.23732,6.06718,6.23732,1.12213,1424.12,1269.12,0.0,0.0,0.5374,0.47891,0.0,1,0.0793088552,4.0776146729,3.9249584083008164,Train
NABMUA_clean,6.23863,6.07222,6.23863,1.11938,1449.31,1294.74,0.0,0.0,0.536,0.478835,0.0,1,0.0791621997,4.0505298445,3.9794874789529633,Train
NACVUI_clean,4.77526,3.80831,4.76074,1.15827,1072.88,926.279,0.0,0.0,0.5544,0.478644,0.0,0,0.0532542602,2.6997417886000004,2.8044255325645744,Test
NACYAU_clean,9.59326,6.44061,9.30682,0.587991,2547.85,4333.14,0.0,0.0,0.7478,1.27179,0.0,1,0.0283877461,2.4832468967,2.5329439520698074,Train
NACYOG_clean,5.74941,4.06197,5.74941,1.46194,999.211,683.482,0.0,0.0,0.4946,0.338317,0.0,1,0.0297704785,1.6977077187,1.6256060935148426,Train
NACYUM_clean,5.55428,3.97006,5.53082,1.38654,927.307,668.791,0.0,0.0,0.4542,0.327578,0.0,1,0.0325014668,1.7522537591999998,1.6453245889595194,Test
NADKEK_clean,5.31129,3.4955,5.31129,1.49762,283.2,189.1,22.2509,14.8575,0.4336,0.289526,0.0,0,0.001698909,0.1603322491,0.16329177613515755,Train
NADNEM_clean,6.17658,3.63409,6.12044,1.11816,999.382,893.777,0.0,0.0,0.5212,0.466125,0.0,0,0.0646293367,2.4070566698,2.5279786148492915,Train
NADZEZ_clean,4.52715,3.99796,4.52715,1.63451,828.325,506.772,0.0,0.0,0.4522,0.276657,0.0,0,0.109316167,2.7008742108,2.6183545145983107,Train
NADZID_clean,5.01289,4.70268,4.9859,1.56754,1059.53,675.918,0.0,0.0,0.4664,0.297536,0.0,0,0.1010174891,2.6846756608,2.7091147552244577,Train
NAFSOF_clean,10.41333,8.31604,10.41316,0.437831,2285.29,5219.56,0.0,0.0,0.8158,1.86328,0.0,1,0.0217876727,2.082581457,2.0924097328414097,Train
NAGBUU_clean,4.53887,4.18445,4.52808,1.74664,609.414,348.906,0.0,0.0,0.3514,0.201186,0.0,1,0.0181576812,0.9077769401,0.9796425139711318,Test
NAGCAB_clean,7.89572,6.99253,7.70374,1.77084,1845.07,1041.92,0.0,0.0,0.6216,0.35102,0.0,1,0.0047347898,0.4690271999,0.45445250153590044,Train
NAGQET_clean,6.32737,4.10631,6.32737,1.16822,1034.31,885.371,0.0,0.0,0.4844,0.414648,0.0,0,0.0374361451,1.7845190179,2.0034536610136726,Test
NAGQOD_clean,7.52321,5.78841,7.52321,1.16388,884.56,760.01,0.0,0.0,0.503,0.432176,0.0,0,0.0110428339,0.9472989356,0.9256529275605083,Train
NAHFIO_clean,5.2589,3.87482,5.25696,1.10135,1180.95,1072.27,0.0,0.0,0.523,0.474873,0.0,0,0.0190390862,1.4614357184,1.4344894730654039,Train
NAHHAI_clean,6.03251,4.99461,5.9659,1.6794,1408.86,838.909,0.0,0.0,0.5636,0.335597,0.0,1,0.0258551292,1.6610331422,1.6798285140804907,Test
NAHNES_clean,12.52913,11.45257,12.52913,0.578749,2093.33,3616.99,0.0,0.0,0.7668,1.32493,0.0,1,0.0215562509,2.0304554332,1.9636306070594984,Test
NAJQUN_clean,5.34756,3.50411,5.30221,1.22931,1132.44,921.195,0.0,0.0,0.5072,0.412588,0.0,1,0.0413718177,2.4848899068,2.2581159819795404,Train
NAJSUP_clean,6.289,4.7993,6.289,1.17213,2075.39,1770.61,0.0,0.0,0.6006,0.512401,0.0,1,0.0500572317,3.0233425885000003,3.1962124600737756,Test
NAJTAW_clean,6.34991,4.99732,6.34991,1.15815,2148.84,1855.41,0.0,0.0,0.6062,0.523422,0.0,1,0.0443165847,2.8157030944,2.881408522533231,Train
NAKLIW_clean,5.07535,4.01579,4.60929,1.15907,1720.4,1484.3,0.0,0.0,0.6208,0.535603,0.0,1,0.0470715779,3.1203266963,3.1435597549123706,Test
NALWOO_clean,9.16164,8.79623,9.14564,1.02635,1440.32,1403.34,0.0,0.0,0.5862,0.571148,0.0,1,0.0192187364,1.5477482713,1.5792907842214303,Train
NALYEG_clean,13.12266,12.88152,13.12266,1.5741,1371.05,871.007,0.0,0.0,0.6462,0.41052,0.0,1,0.0108881035,0.9410540228,0.8721133556122567,Test
NAMDUD_clean,16.03482,3.9849,16.03053,0.771409,1799.33,2332.52,0.0,0.0,0.674,0.873726,0.0,1,0.0398616253,3.1527311589,2.910456556391246,Test
NANTII_clean,10.0936,8.00204,10.0936,0.620421,2302.26,3710.81,0.0,0.0,0.7974,1.28526,0.0,1,0.0114427423,1.1365392487,1.1514394944805442,Train
NANYUX03_clean,5.54429,4.75767,5.52159,1.04137,1912.89,1836.9,0.0,0.0,0.6486,0.622835,0.0,0,0.0412321097,3.0504345965,2.997626970730523,Train
NAPNEA_clean,6.09623,3.46864,4.58597,0.972297,496.247,510.387,355.216,365.337,0.5562,0.572048,0.0,0,0.0589557414,2.4370114576,2.43007413291899,Train
NAPZOV_clean,5.15523,4.10902,5.14793,1.47553,1007.23,682.626,0.0,0.0,0.5412,0.366783,0.0,1,0.0422505467,2.0763983677,2.0338353636904927,Test
NAQLAT_clean,6.1178,3.53855,6.08833,1.24225,1087.35,875.308,0.0,0.0,0.5306,0.427128,0.0,1,0.0914395245,3.4609493723,3.30682431683699,Train
NAQQED_clean,8.84631,4.18602,8.84631,1.16199,2235.29,1923.68,0.0,0.0,0.7052,0.606892,0.0,1,0.0107842492,0.9982727602,1.0033080936251626,Train
NAQQIH_clean,8.86151,4.15241,8.85959,0.875522,2235.36,2553.18,0.0,0.0,0.7024,0.802264,0.0,1,0.0152953401,1.4639513534,1.474624649695115,Train
NAQQON_clean,9.07609,4.33235,9.07609,1.01182,2282.57,2255.9,0.0,0.0,0.7134,0.705063,0.0,1,0.0113672914,1.0742671162,1.1114174295682568,Train
NAQQUT_clean,9.01357,4.32605,9.01322,1.00423,2256.36,2246.85,0.0,0.0,0.7102,0.707207,0.0,1,0.0116515972,1.0891146723,1.1145697864522726,Test
NAQRAA_clean,8.82176,4.19423,8.82039,1.0822,2240.28,2070.12,0.0,0.0,0.7116,0.657551,0.0,1,0.0112666842,1.0607325033,1.0706054789870079,Test
NAQREE_clean,8.85655,4.22407,8.85397,1.08196,2247.94,2077.65,0.0,0.0,0.7126,0.658619,0.0,1,0.0108895821,1.0471443784,1.0233375550290629,Train
NARMUR_clean,3.85567,3.41897,3.84405,2.08835,240.166,115.003,0.0,0.0,0.399,0.19106,0.0,1,0.0071851424,0.5043246292,0.5123973700676443,Train
NARPOO_clean,4.62788,3.52973,4.62788,1.93637,626.775,323.686,0.0,0.0,0.4208,0.217314,0.0,1,0.0229176908,1.1669651957,1.1814276330326245,Test
NARPUU_clean,4.57962,3.51552,4.57962,1.96606,599.01,304.676,0.0,0.0,0.431,0.219221,0.0,1,0.0231147366,1.1695699279,1.1964416174077352,Test
NASREH_clean,7.10434,4.41446,7.10434,0.83655,2601.4,3109.67,0.0,0.0,0.663,0.79254,0.0,1,0.0392963283,3.0827915337,3.2807340623581878,Test
NASRIL_clean,7.12232,4.94837,7.12232,0.851796,2450.87,2877.3,0.0,0.0,0.6816,0.800191,0.0,1,0.0377200045,3.0195822526,3.095774942982441,Test
NASROR_clean,13.45228,4.98216,13.45228,0.776126,1903.68,2452.8,0.0,0.0,0.7,0.901915,0.0,1,0.0403900453,2.9189262447,2.8377659695145683,Train
NATFAS_clean,6.53453,3.93626,6.37422,1.34798,1587.17,1177.44,0.0,0.0,0.564,0.418403,0.0,0,0.0593433681,3.2319504546,3.239068231888389,Train
NATHOH_ion_b,5.49353,3.97352,5.49353,2.17321,1195.36,550.044,0.0,0.0,0.4624,0.212773,0.0,1,0.0080471751,0.6497121425,0.6396224019630319,Train
NATHUO_clean,7.56745,6.68911,7.56745,1.07613,1712.53,1591.37,0.0,0.0,0.6018,0.559224,0.0,1,0.0241811373,1.8015089992,2.0180032103257393,Test
NATKIF_clean,17.00981,12.93858,16.43746,0.345463,1901.41,5503.94,0.0,0.0,0.8556,2.47668,0.0,1,0.0265679463,2.3324454877000003,2.4617143804830017,Test
NATKOL_clean,7.96067,5.75072,7.91611,0.695846,2746.18,3946.53,0.0,0.0,0.699,1.00453,0.0,1,0.0297031475,2.6598511898,2.6643665535708267,Test
NAVJAW01_clean,11.39615,10.64646,11.39615,1.17113,1550.28,1323.75,0.0,0.0,0.633,0.540502,0.0,1,0.0158547197,1.4395472906,1.4829460046968839,Test
NAVJAW_clean,11.35149,10.97665,11.35149,1.17524,1535.17,1306.26,0.0,0.0,0.6334,0.538952,0.0,1,0.0171743139,1.5827134686000002,1.578931184034048,Train
NAVLIG_clean,4.05904,3.742,4.05904,1.16225,487.528,419.471,0.0,0.0,0.474,0.407831,0.0,0,0.0449595029,2.2689452956,2.2378639067011363,Train
NAWDUN_clean,7.40097,5.49968,7.39892,0.842634,2070.76,2457.48,0.0,0.0,0.6368,0.755726,0.0,1,0.0415136892,3.0421003327,3.055281539702752,Test
NAWKII_clean,5.87047,3.9227,5.87047,0.947947,1478.21,1559.38,0.0,0.0,0.5784,0.610161,0.0,1,0.0569508798,3.4250883753,3.3431534710324216,Test
NAWWUG_clean,5.71546,4.10727,5.46236,1.11201,1652.38,1485.94,0.0,0.0,0.5826,0.523916,0.0,1,0.051972834,2.6323501491,3.062084495282443,Test
NAWXER_clean,9.09863,5.59872,6.09599,0.664973,2891.83,4348.79,0.0,0.0,0.734,1.1038,0.0,1,0.0313304767,2.814723237,2.831856474548861,Train
NAXKOO_clean,7.154,7.00039,7.154,1.18269,1555.75,1315.44,0.0,0.0,0.5548,0.469101,0.0,0,0.0795826397,5.0466950014,4.822083053464057,Train
NAXLII_clean,5.86925,5.28522,5.86925,1.2305,998.395,811.372,0.0,0.0,0.5042,0.409751,0.0,1,0.0191853041,1.3947835132,1.315785219706517,Test
NAYGUR_clean,7.6924,7.0244,7.6924,0.745846,2238.41,3001.16,0.0,0.0,0.7254,0.972586,0.0,1,0.016945709,1.5547712683,1.6255975301861632,Train
NAYMOQ_clean,4.042,3.49537,4.03529,1.20973,330.783,273.436,0.0,0.0,0.4026,0.332802,0.0,1,0.0063144061,0.511164025,0.5156745543862467,Train
NAYNIK_clean,5.90297,3.81726,5.80437,1.72086,950.582,552.388,0.0,0.0,0.5262,0.305777,0.0,0,0.0026211674,0.2451986985,0.25152374175009706,Train
NAYPIM_clean,5.76963,3.48376,5.76943,1.68342,1111.0,659.968,0.0,0.0,0.502,0.298203,0.0,0,0.3826084675,4.7504850586,4.820501538627891,Train
NAYXOC_clean,8.15867,4.39162,7.93074,1.10978,1802.12,1623.85,0.0,0.0,0.6112,0.550741,0.0,1,0.0270592189,2.1591632199,2.131119350690605,Test
NAYZOE_clean,15.82314,6.52553,15.81665,0.498918,2302.42,4614.84,0.0,0.0,0.813,1.62953,0.0,1,0.0194246641,1.8926945521,1.8761663372097375,Train
NAYZUK_SL,9.49894,7.59757,9.49894,1.33539,970.819,726.992,135.046,101.128,0.563,0.421599,0.0,0,0.0251411562,1.9279470031,1.4805655431762519,Test
NAZZEV_clean,9.68562,8.04863,9.67315,1.02009,1679.74,1646.65,0.0,0.0,0.6478,0.635039,0.0,1,0.0270218093,2.124261602,2.091328590673984,Test
nchem.2258-s3_clean,11.60468,9.32321,11.60031,0.548188,2435.64,4443.09,11.1166,20.2788,0.7802,1.42324,0.0,1,0.0365281549,3.0741838452,3.0228051385892405,Train
ncomms11831_ncomms11831-s2_clean,4.88753,3.53737,4.88616,1.57042,403.532,256.959,0.0,0.0,0.3336,0.212428,0.0,0,0.139211326,1.4326058572,1.4417776054884548,Train
ncomms11831_ncomms11831-s3_clean,4.53044,4.08038,4.52326,1.56068,421.065,269.795,0.0,0.0,0.3414,0.21875,0.0,0,0.1078269921,1.6249068721000002,1.6628914049077426,Train
ncomms7350-s2_clean,6.32642,5.9567,6.32642,1.52435,1274.9,836.355,0.0,0.0,0.531,0.348344,0.0,1,0.0137276389,1.0401405652,1.1035587939207163,Test
NDAIAH_clean,6.63827,3.41985,6.40814,1.54439,1188.39,769.486,0.0,0.0,0.551,0.356774,0.0,1,0.0112754991,0.8666172098999999,0.8673543182376553,Train
NEBNOZ_clean,6.01321,5.05928,6.00094,1.13873,1248.11,1096.06,0.0,0.0,0.5186,0.45542,0.0,1,0.0309598496,2.0612215926,2.0086688764009653,Test
NEDVUP_clean,7.10231,5.27516,7.10043,0.883179,2108.77,2387.7,0.0,0.0,0.6378,0.722164,0.0,1,0.0252467454,2.1371309038,2.1259397739278807,Train
NEDWAW_clean,8.21752,5.99671,8.17631,0.756185,2155.93,2851.06,0.0,0.0,0.6702,0.886291,0.0,0,0.0229364743,2.0725657230000003,2.0928828815049827,Test
NEDWEA_clean,7.23193,5.49922,7.23193,0.857312,2138.95,2494.95,0.0,0.0,0.6398,0.746286,0.0,1,0.0245799094,2.1473871446,2.154421343822593,Test
NEDWIE_clean,8.99031,6.43493,8.98641,0.682799,2139.49,3133.41,0.0,0.0,0.724,1.06034,0.0,1,0.0182637648,1.7116087845,1.6786550929184025,Test
NEDXOL_clean,5.99531,3.70069,5.99531,1.19863,1096.35,914.669,0.0,0.0,0.5274,0.440003,0.0,0,0.0493646501,2.3113697676,2.456824174787446,Test
NEFZOO_clean,4.9876,4.51456,4.96943,1.17458,1752.87,1492.33,0.0,0.0,0.5624,0.478808,0.0,1,0.1441164224,5.4002774818,5.39085400432284,Train
NEGMUI_clean,6.43529,3.57476,6.40936,1.70833,1135.33,664.583,0.0,0.0,0.5116,0.299474,0.0,1,0.0063206805,0.5471721838,0.5798569744648705,Train
NEGZUW_clean,6.52732,5.75532,6.52732,1.40591,2132.81,1517.03,0.0,0.0,0.6336,0.450668,0.0,1,0.0110137949,0.8738767145999999,1.0028952044956285,Test
NEHGEO_clean,5.2858,4.45812,5.28563,1.33637,1775.08,1328.28,0.0,0.0,0.5648,0.422636,0.0,1,0.0455815721,2.6052714105000003,2.7261349449889485,Train
NEHGIS_clean,5.25791,4.32138,5.25791,1.34435,1760.82,1309.79,0.0,0.0,0.5618,0.417897,0.0,1,0.0485533864,2.6512668993,2.842311793349945,Test
NEHMET_clean,4.71483,3.76667,4.71105,1.33401,1622.86,1216.53,0.0,0.0,0.597,0.447522,0.0,0,0.0511642662,3.074397169,3.1285754346601964,Train
NEHZIK_clean,7.34019,4.77821,7.34019,1.20148,1239.75,1031.85,0.0,0.0,0.5382,0.447947,0.0,1,0.0159152234,1.2578179002,1.2639134312339495,Train
NEJRUR_clean,4.68942,3.81829,4.68942,1.2394,1057.89,853.554,15.7348,12.6955,0.5034,0.406165,0.0,0,0.0517096909,2.5145395849,2.607630461689865,Train
NEJSAY_clean,4.50943,3.7344,4.50943,1.24034,1046.3,843.559,44.3105,35.7246,0.5234,0.421982,0.0,0,0.0496246777,2.5884167367,2.792558034353885,Test
NEJSEC_clean,5.81645,3.98304,5.23805,1.24255,1038.8,836.024,5.34967,4.30539,0.5324,0.428473,0.0,0,0.0541115444,2.338333822,2.6295021979203526,Test
NEJSOM_clean,5.41485,4.53855,5.40953,1.12052,1544.19,1378.11,0.0,0.0,0.5672,0.506195,0.0,0,0.055943828,3.3281283929,3.1484432675058445,Train
NEKBEL_clean,4.90746,3.89074,4.89557,1.60125,914.813,571.31,2.67246,1.66898,0.5046,0.315128,0.0,1,0.0045860014,0.4275853856,0.41799416476955953,Train
NEKMUN_clean,5.69957,3.6274,5.51939,1.30616,1011.9,774.717,0.0,0.0,0.4788,0.366572,0.0,0,0.0822355526,2.9146569694,2.8614529146389738,Train
NEKREB_clean,7.13295,5.12512,7.13295,1.3542,1081.87,798.902,136.454,100.763,0.5622,0.415152,0.0,1,0.0299797636,1.4079942268,1.554878586434171,Train
NELVAC_clean,4.82648,4.29457,4.79942,1.65303,931.318,563.4,0.0,0.0,0.5062,0.306225,0.0,0,0.0941032181,2.2223444315000003,2.420152102497052,Train
NELVEG_clean,4.88877,3.9894,4.88281,1.93052,846.514,438.489,0.0,0.0,0.4838,0.250606,0.0,0,0.1047381394,2.0340662653,2.1794733169530076,Train
NENFAN_clean,7.3527,6.48023,7.3527,2.08229,1229.05,590.24,0.0,0.0,0.526,0.252607,0.0,0,0.186131071,3.9832170606,3.8300880778592243,Train
NENHAQ_clean,10.30187,9.48231,10.30187,0.81249,1810.52,2228.36,0.0,0.0,0.7266,0.894287,0.0,1,0.0125838265,1.1978091542,1.1439879282088394,Test
NEPWIQ_clean,4.3412,3.92268,4.32302,2.14557,765.165,356.625,0.0,0.0,0.4758,0.221759,0.0,1,0.0294561148,1.6420955477,1.5912645027937824,Test
NERMON_clean,5.21245,4.69214,4.9752,1.84917,802.953,434.223,0.0,0.0,0.4356,0.235565,0.0,1,0.0040401144,0.3579375067,0.3307061782242373,Train
NERTAH_clean,4.54882,3.46995,4.4502,1.3343,589.598,441.88,43.1614,32.3477,0.4772,0.357642,0.0,1,0.0277220466,1.4099024528,1.502089244890735,Train
NERVAJ_clean,12.53445,5.46518,12.53445,1.01277,1389.34,1371.82,0.0,0.0,0.569,0.561827,0.0,1,0.0171598637,1.3289333299,1.4229919152615613,Test
NERVEN_clean,12.25139,5.76203,12.25139,1.08035,1360.26,1259.1,0.0,0.0,0.5706,0.528164,0.0,1,0.0136939892,1.067460469,1.1387118969207612,Train
NETHOJ_clean_h,4.97649,4.04567,4.52041,1.68332,1607.37,954.88,0.0,0.0,0.565,0.335646,0.0,1,0.0182578774,1.3688181499,1.4028602794885736,Train
NETYIV01_clean,8.07265,7.09602,8.06746,0.782971,2020.36,2580.37,0.0,0.0,0.686,0.87615,0.0,1,0.0203276197,1.8685690108,1.8299063402546636,Test
NETYIV_clean,8.05298,7.05859,8.05298,0.781018,1992.35,2550.96,0.0,0.0,0.686,0.878341,0.0,1,0.0191715197,1.7784601402000002,1.7450824555667757,Train
NEVJEF_clean,6.93106,3.47964,6.92655,1.61189,1003.29,622.432,0.0,0.0,0.4932,0.305976,0.0,1,0.0178215213,1.2794261205,1.2293407276976198,Train
NEVPOU_clean,6.31655,5.18077,6.31594,1.2374,1037.41,838.376,200.543,162.068,0.5652,0.456764,0.0,1,0.0251575562,1.8910143805,1.7933116682797308,Train
NEVVAM01_clean,6.94552,5.78544,6.80825,1.42342,1408.53,989.544,0.0,0.0,0.5446,0.3826,0.0,0,0.0253205728,1.7163482244,1.8004290100488463,Test
NEVVAM02_clean,6.83817,5.86962,6.83673,1.42399,1416.84,994.976,0.0,0.0,0.5302,0.372334,0.0,0,0.0242408668,1.6906310247999998,1.766789364759124,Test
NEVVAM_clean,6.98127,5.93133,6.98127,1.4203,1415.91,996.914,0.0,0.0,0.523,0.368233,0.0,0,0.0253344783,1.7497870231,1.8108060338356868,Train
NEVVEQ_clean,4.80581,3.79614,4.80581,1.56913,728.185,464.069,0.0,0.0,0.453,0.288695,0.0,0,0.1022073961,2.4505156678,2.331269828310398,Train
NEXVET_clean,15.05129,7.94511,15.02301,0.572296,2220.51,3880.01,0.0,0.0,0.8096,1.41465,0.0,0,0.0138846861,1.3734989645,1.3359289177345057,Train
NEXVUI_clean,9.07531,8.9508,9.07531,1.35917,693.606,510.314,30.665,22.5615,0.5322,0.391561,0.0,1,0.0111125825,0.8511834537,0.8514887834047056,Train
NEXXEV_clean,10.14339,9.60102,10.14163,0.701942,1675.6,2387.1,0.0,0.0,0.6396,0.911186,0.0,1,0.0346814441,2.6537013089,2.5707760639862642,Test
NEXXIZ_clean,9.73301,9.22346,9.73301,0.709285,1668.91,2352.94,0.0,0.0,0.6328,0.892166,0.0,1,0.0348299969,2.6585387295,2.5770328555274333,Train
NEYVEU_clean,20.18169,6.42425,20.08436,0.514184,2007.78,3904.79,0.0,0.0,0.7952,1.54653,0.0,0,0.0226459053,2.2130686118000003,2.090509331893649,Test
NEYYUN_clean,4.68454,4.06012,4.68454,1.064,2087.99,1962.4,0.0,0.0,0.6166,0.579512,0.0,1,0.0950573486,5.1955527298,5.206880778791531,Train
NEYZAU_clean,4.66904,4.09054,4.65339,0.942406,2112.21,2241.29,0.0,0.0,0.6186,0.656405,0.0,1,0.1152132282,6.0274472959,5.924020948209288,Train
NEZWOG01_clean,6.15081,4.94067,6.15081,1.68632,1580.27,937.116,0.0,0.0,0.5538,0.328408,0.0,1,0.0084992107,0.7298870689,0.7201373619585358,Train
NEZWOG_clean,6.42146,5.18119,6.41863,1.71364,1489.36,869.12,0.0,0.0,0.552,0.322122,0.0,1,0.0098102881,0.828779182,0.8104967705197061,Train
NIBHUC_clean,18.86769,11.8721,18.86769,0.449382,1927.35,4288.89,0.0,0.0,0.8286,1.84387,0.0,1,0.0198912079,1.905520784,1.8773755455507024,Test
NIBJAK_clean,32.00355,17.55175,32.00033,0.223433,1188.94,5321.22,0.0,0.0,0.9102,4.0737,0.0,1,0.0216141471,2.187483525,2.1095283062280723,Train
NIBXUT_clean,6.21117,5.18074,6.19848,1.9388,1406.45,725.426,0.0,0.0,0.5234,0.269961,0.0,1,0.0112465771,0.9210499362,0.8978810497418603,Train
NIFTIH_clean,4.90975,3.65701,4.90975,1.37616,1012.21,735.536,0.0,0.0,0.5236,0.380479,0.0,1,0.0504050688,2.4720808148,2.4190537778399768,Train
NIGBOW_clean,11.80846,11.56903,11.80846,0.664854,1743.47,2622.33,0.0,0.0,0.7086,1.0658,0.0,0,0.0217929332,2.0056416913,1.9306778781973688,Test
NIGDEO_clean,13.9402,7.42068,13.92619,0.633535,2119.03,3344.77,0.0,0.0,0.7538,1.18983,0.0,1,0.0304991745,2.5933997917,2.4451565171394485,Test
NIGDIS_clean,14.03164,7.36423,14.03164,0.622681,2210.2,3549.5,0.0,0.0,0.7674,1.23241,0.0,1,0.0306192921,2.6965847736,2.481396452982042,Test
NIGFIT_clean,7.4378,4.64365,7.4378,1.2326,2395.77,1943.66,0.0,0.0,0.659,0.53464,0.0,1,0.0214931749,1.8831875731,1.8725016484627917,Test
NIGFOZ_clean,7.49823,4.6446,7.49513,1.19407,2411.1,2019.23,0.0,0.0,0.6618,0.554241,0.0,1,0.0216163588,1.8904486607,1.8890565296231014,Test
NIGFUF_clean,7.45855,4.62821,7.45855,1.23037,2420.25,1967.09,0.0,0.0,0.6578,0.534636,0.0,1,0.022746935,1.9623651407,1.9443573233793492,Train
NIGGAM_clean,7.44488,4.63983,7.44488,1.22204,2431.75,1989.92,0.0,0.0,0.6646,0.543847,0.0,1,0.0214839827,1.8927239463,1.880515456197446,Test
NIGGEQ_clean,7.37601,4.62938,6.94846,1.24921,2427.77,1943.44,0.0,0.0,0.6582,0.526892,0.0,1,0.0219089617,1.8968425956,1.860337313213055,Train
NIGGIU_clean,7.3331,4.59835,7.3331,1.27304,2426.84,1906.33,0.0,0.0,0.656,0.5153,0.0,1,0.0281811539,2.371314308,2.269392946540743,Test
NIGNUO_clean,16.88905,3.72632,16.88905,0.773731,1979.77,2558.73,0.0,0.0,0.6948,0.897987,0.0,1,0.0289387182,2.39516329,2.512038523192114,Test
NIGPEA_clean,10.42385,9.24875,10.42385,0.730648,2142.0,2931.64,0.0,0.0,0.6842,0.936428,0.0,1,0.0324734336,2.7356719282,2.6501295167677745,Train
NIHBAI01_clean,4.75768,3.68765,4.75768,1.76453,773.951,438.616,0.0,0.0,0.4424,0.250719,0.0,0,0.0322325165,1.4918690074,1.4447249853499256,Train
NIHBAI02_clean,4.7992,3.7527,4.7992,1.74298,825.866,473.823,0.0,0.0,0.449,0.257604,0.0,0,0.0321642844,1.4904202658,1.4802133649014275,Train
NIHBAI_clean,4.7247,3.65018,4.71583,1.7748,745.205,419.881,0.0,0.0,0.4386,0.247126,0.0,0,0.0318056693,1.4628751344,1.4370594807866688,Train
NIHBEM01_clean,4.87963,3.68372,4.87963,1.74048,783.372,450.089,0.0,0.0,0.4496,0.258319,0.0,0,0.031066224,1.4432369901,1.4218930310496745,Train
NIHBEM02_clean,5.01891,3.78432,5.01891,1.70287,870.252,511.052,0.0,0.0,0.4636,0.272247,0.0,0,0.0310186202,1.4504918055,1.4436165540711894,Test
NIHBEM_clean,4.82471,3.66332,4.81898,1.76393,749.866,425.111,0.0,0.0,0.4434,0.25137,0.0,0,0.0329053165,1.4662216797999998,1.442552792275152,Train
NIHBIQ01_clean,5.30133,3.89271,5.30133,1.65496,952.5,575.542,0.0,0.0,0.4798,0.289916,0.0,0,0.0276339918,1.400485626,1.4330634557686417,Train
NIHBIQ02_clean,5.38184,3.95166,5.35574,1.6285,1006.66,618.147,0.0,0.0,0.4894,0.300521,0.0,0,0.0267406276,1.3943018955000002,1.4743964063899455,Test
NIHBIQ_clean,5.25122,3.88968,5.21988,1.66955,927.396,555.476,0.0,0.0,0.4762,0.285226,0.0,0,0.0291842881,1.4257045195,1.436708450068422,Test
NIHVUX_clean,7.06296,5.57011,7.05951,3.18911,938.163,294.177,124.289,38.973,0.4932,0.154651,0.0,1,0.0041549166,0.3042419656,0.2997727068972589,Train
NIJTOR_clean,5.13346,3.60858,4.57199,1.35089,285.546,211.376,191.611,141.84,0.4084,0.302318,0.0,1,0.0428806015,1.5152154463,1.3435782174352813,Test
NIJZIP01_clean,8.50827,7.36867,8.50827,1.45663,1110.96,762.692,3.7965,2.60636,0.5674,0.38953,0.0,1,0.0045089654,0.4185555269,0.4228698294517077,Train
NIJZIP_clean,9.04941,7.56212,9.04941,1.42787,1214.86,850.82,0.0,0.0,0.5802,0.406339,0.0,1,0.0044477619,0.4346046286,0.4246905773045424,Train
NIJZOV_clean,8.62609,7.08161,8.6236,1.5406,1133.11,735.501,0.0,0.0,0.5798,0.376347,0.0,1,0.0040639137,0.3772046376,0.36204215726418987,Train
NIKDAM_clean,7.96983,7.14498,7.96983,0.958363,1366.23,1425.59,0.0,0.0,0.6056,0.631911,0.0,1,0.0170044087,1.3874126428,1.5394748281202149,Test
NIKJIB_clean,7.23675,3.61132,7.23452,1.15081,1184.22,1029.04,0.0,0.0,0.5324,0.462633,0.0,1,0.0228819644,1.6855195064,1.6268487504558524,Test
NIKKIC_clean,5.94413,4.27315,5.93398,1.24613,1177.42,944.864,0.0,0.0,0.498,0.399638,0.0,1,0.0348622053,2.0568799112,1.9976066440982196,Train
NIKYOW01_clean,4.61161,3.58405,4.59865,1.78633,690.02,386.278,0.0,0.0,0.436,0.244076,0.0,0,0.0301680994,1.4199285947,1.4198749948664267,Train
NIKYOW02_clean,4.72463,3.68194,4.72463,1.75151,766.584,437.671,0.0,0.0,0.4498,0.256808,0.0,0,0.0310265542,1.4486701677,1.4341238387123831,Test
NIKYOW_clean,4.56807,3.54686,4.56807,1.80221,654.259,363.032,0.0,0.0,0.4324,0.239928,0.0,0,0.0300300485,1.411972417,1.4279051278907602,Train
NIKYUC01_clean,4.94759,3.68791,4.94354,1.71164,846.153,494.351,0.0,0.0,0.4572,0.267112,0.0,0,0.0306584183,1.4319152255,1.4243009980765922,Train
NIKYUC02_clean,5.06856,3.78234,5.06856,1.67303,915.135,546.992,0.0,0.0,0.4718,0.282003,0.0,0,0.028649539,1.3966535219999998,1.4463595072637787,Test
NIKYUC_clean,4.9018,3.64376,4.89963,1.7317,810.432,467.997,0.0,0.0,0.4504,0.260091,0.0,0,0.0318072561,1.4356981388,1.4483491829900015,Test
NIKZAJ01_clean,4.60883,3.61545,4.57384,1.79637,691.539,384.965,0.0,0.0,0.4298,0.23926,0.0,0,0.0309472146,1.4404934258000002,1.4252508754833304,Train
NIKZAJ02_clean,4.67382,3.68928,4.66396,1.76633,754.073,426.914,0.0,0.0,0.4402,0.249217,0.0,0,0.0311995146,1.4493445545,1.4546819134093734,Test
NIKZAJ_clean,4.56098,3.58427,4.53545,1.81346,655.548,361.491,0.0,0.0,0.426,0.234911,0.0,0,0.0306615919,1.4443175958,1.4373309512567143,Train
NIKZEN01_clean,4.86464,3.71164,4.85271,1.72603,830.972,481.435,0.0,0.0,0.4544,0.263263,0.0,0,0.0306012938,1.4382258993,1.4381412202418318,Train
NIKZEN02_clean,4.94738,3.78699,4.94738,1.70037,871.961,512.806,0.0,0.0,0.4662,0.274175,0.0,0,0.0302347447,1.4354553596,1.4222839794755766,Test
NIKZEN_clean,4.82301,3.70763,4.82301,1.74152,807.966,463.944,0.0,0.0,0.4514,0.259199,0.0,0,0.0323673939,1.4734733216,1.492644041284084,Test
NIMPEG01_clean,8.44,5.51406,8.10508,0.6075,2688.56,4425.61,0.0,0.0,0.7444,1.22535,0.0,1,0.0290457078,2.6164452247,2.6375476855774163,Test
NIMPEG_clean,5.8871,5.25211,5.8871,0.735505,2646.72,3598.51,0.0,0.0,0.6844,0.930517,0.0,1,0.0344290531,2.9598321155,2.9969429853288965,Test
NIMPOQ_clean,9.48433,7.47639,9.46555,0.558554,2612.29,4676.87,0.0,0.0,0.765,1.36961,0.0,1,0.0287104759,2.5921930704,2.5617516756916703,Train
NIMTAE_clean,4.79937,4.4136,4.79752,1.0571,1265.99,1197.61,0.0,0.0,0.5494,0.519725,0.0,0,0.0415002475,2.7149591151,2.6712898821923736,Train
NIMXIS_clean,10.63837,6.01154,10.63837,1.05177,1918.06,1823.65,0.0,0.0,0.667,0.634168,0.0,1,0.0127759847,1.1919686162,1.0859189750650555,Train
NINHOH_clean,6.49972,5.39746,6.49972,1.04902,2642.26,2518.78,0.0,0.0,0.76,0.724483,0.0,1,0.0063518025,0.6408883222,0.6071284013579537,Train
NINVAI_clean,11.85606,6.40748,11.85606,0.818223,2181.06,2665.61,0.0,0.0,0.7028,0.858935,0.0,1,0.0442481109,2.6052374546,2.6868530680877725,Train
NIRGAY_clean,8.4539,5.80719,8.43976,0.806367,1866.49,2314.69,0.0,0.0,0.644,0.798644,0.0,1,0.0247270877,2.037941372,2.1616431887545104,Test
NISBEX_clean,4.31898,3.41744,4.31844,1.44504,366.268,253.467,91.9485,63.6306,0.472,0.326636,0.0,1,0.0150774098,1.074375493,1.0130871116450302,Test
NIVZOJ_clean,9.94924,7.55081,9.94924,0.836734,2096.15,2505.16,0.0,0.0,0.7358,0.879372,0.0,1,0.0077318324,0.7459684301999999,0.7556602457850481,Train
NIYJAI_clean,5.86863,4.46882,5.70658,1.13108,1072.3,948.033,0.0,0.0,0.5246,0.463806,0.0,0,0.0304299438,1.8351251619,1.8610515912031806,Test
NIYZIG_clean,9.1257,4.85174,9.11367,0.956862,1879.49,1964.22,0.0,0.0,0.637,0.665718,0.0,1,0.0337523821,2.6939643807,2.494303606009301,Test
NIZNAN_clean,5.62761,3.49058,5.62761,1.17342,1545.25,1316.88,0.0,0.0,0.567,0.483203,0.0,1,0.0502618666,2.6378567096000003,2.8020262170508303,Train
NIZZAY_clean,8.39896,7.78516,8.38426,1.2112,2073.27,1711.74,0.0,0.0,0.6754,0.557627,0.0,0,0.019548154,1.6618807791,1.6518755850416875,Train
NIZZEC_clean,8.3208,7.63206,8.31922,1.20763,2065.46,1710.34,0.0,0.0,0.6766,0.560269,0.0,0,0.0185185416,1.5908987419,1.5700137310749815,Test
NIZZIG_clean,8.38921,7.68868,8.37589,1.19762,2072.68,1730.66,0.0,0.0,0.6836,0.570798,0.0,0,0.0187048461,1.6037326903,1.5863029537768871,Train
NIZZOM_clean,8.52507,7.77175,8.50752,1.1812,2086.39,1766.33,0.0,0.0,0.685,0.579917,0.0,0,0.0187285456,1.6156989729,1.5752462397739684,Test
NOBVOR_clean,5.28259,5.11208,5.27848,1.1717,1472.77,1256.95,0.0,0.0,0.5292,0.451653,0.0,0,0.0619877582,2.7758633208,2.871456989019843,Train
NOCKOG_clean,5.62673,5.01808,5.62673,1.04593,1347.49,1288.32,0.0,0.0,0.553,0.528716,0.0,1,0.0547332004,2.8837804907,2.874441467716167,Train
NOCKUM_clean,6.00758,5.1022,6.00758,1.07326,1338.2,1246.86,0.0,0.0,0.5502,0.512645,0.0,1,0.0336207099,2.2023582876,2.2077000192030116,Train
NOCLOH01_clean,5.48382,4.82541,5.46744,1.30816,1237.43,945.928,0.0,0.0,0.5374,0.410806,0.0,1,0.0434048616,2.3380730049,2.292564826803766,Test
NOCLOH02_clean,5.50015,4.83636,5.44966,1.30452,1262.04,967.436,0.0,0.0,0.5462,0.418699,0.0,1,0.0431841683,2.3278034084,2.2659444193515936,Train
NOCLOH03_clean,5.53774,4.87922,5.44835,1.29563,1278.59,986.85,0.0,0.0,0.5392,0.416168,0.0,1,0.0432614109,2.3385364609,2.306949725204471,Train
NOCLOH_clean,5.4394,4.78188,5.37771,1.31451,1235.22,939.686,0.0,0.0,0.5324,0.405018,0.0,1,0.0435630252,2.331820027,2.2457826095283893,Train
NOCLUN_clean,6.26764,5.77209,6.22951,1.07441,1685.14,1568.43,0.0,0.0,0.6158,0.57315,0.0,1,0.0239043985,1.9719738435,1.9715593491027497,Train
NOCYUB_clean,4.54438,4.10807,4.54438,1.72564,433.752,251.357,0.0,0.0,0.3964,0.229712,0.0,1,0.0119318259,0.7981094068000001,0.6826294799947215,Test
NOCZAI_clean,4.42954,4.04745,4.42954,1.74484,414.324,237.458,0.705302,0.404222,0.3944,0.226039,0.0,1,0.0103294865,0.7202176616,0.6436556272301479,Train
NODKAT_clean,4.87174,3.58316,4.87174,1.20089,870.838,725.159,0.0,0.0,0.5258,0.437841,0.0,0,0.0607646922,2.6567488865,2.555114016363529,Train
NODKOH_clean,5.43236,4.66054,5.43106,1.05473,1385.41,1313.52,0.0,0.0,0.5884,0.557866,0.0,0,0.0406102508,2.459206183,2.6066538000197,Train
NODKUN_clean,8.11946,6.79716,8.07056,0.764763,2379.51,3111.44,0.0,0.0,0.6852,0.895963,0.0,0,0.045838231,3.3928362033,3.561099079950397,Train
NOFDUI_clean,4.93531,4.06199,4.92703,1.21153,1000.68,825.958,0.0,0.0,0.4872,0.402135,0.0,0,0.0312640191,1.8353948644,1.805672152482165,Train
NOFHOG_clean,6.65675,5.09348,6.63927,0.822826,2730.97,3319.01,0.0,0.0,0.6932,0.842462,0.0,1,0.0337499389,2.8958126385000003,2.885939582380605,Train
NOFQAB_clean,21.07333,4.609,21.07333,0.947534,1218.66,1286.14,157.272,165.98,0.655,0.691268,0.0,0,0.0488722531,2.0185665817,2.4676451085386915,Test
NOFQIK_clean,4.9549,4.61383,4.95259,1.45912,792.567,543.181,0.0,0.0,0.5256,0.360216,0.0,1,0.0123211875,0.868987112,0.8155913503669254,Train
NOFQOQ_clean,5.26068,4.9317,5.26068,1.52336,805.604,528.834,0.0,0.0,0.5044,0.331111,0.0,1,0.0194107271,1.1185356218,1.1148050010891628,Test
NOGDAP_clean,6.90613,3.48821,6.90608,1.43733,1400.84,974.616,0.0,0.0,0.5538,0.385299,0.0,0,0.2496308402,5.6447266309,5.719975287008763,Train
NOHFOG_clean,5.40858,4.54107,5.33613,1.66638,1542.3,925.536,0.0,0.0,0.5474,0.328496,0.0,1,0.0249006911,1.512286042,1.6591450967239294,Test
NOHLAZ_clean,4.58304,3.41283,4.57147,1.83959,742.915,403.849,0.0,0.0,0.415,0.225594,0.0,1,0.0127218045,0.9929574069,0.892964760037352,Train
NOHSIM01_clean,4.97938,3.79602,4.89937,1.44217,1518.59,1052.99,0.0,0.0,0.5942,0.412019,0.0,0,0.0470756834,2.8202755704,2.7184999255417384,Test
NOHSIM_clean,4.94525,3.77888,4.76061,1.43422,1498.07,1044.52,0.0,0.0,0.608,0.423923,0.0,0,0.0316230776,2.1998571611,2.101190915510108,Train
NOHSUA_clean,8.36544,4.75817,8.32279,0.872139,1620.2,1857.73,0.0,0.0,0.5908,0.677415,0.0,1,0.0299643969,2.2859618378,2.3048286687217194,Train
NOKJON_clean,7.47331,5.41094,7.47331,2.39941,2004.26,835.312,0.0,0.0,0.6598,0.274984,0.0,1,0.0071749655,0.6480246076,0.6056014934400504,Train
NOKLIJ_clean,11.48526,10.66621,11.48526,1.19832,1550.1,1293.56,0.0,0.0,0.646,0.539086,0.0,1,0.017314911,1.589923685,1.5930209800339448,Train
NOKPEJ_clean,4.49218,3.71025,4.45459,1.6407,696.202,424.332,0.828968,0.505252,0.5208,0.317425,0.0,1,0.00959138,0.7058927592,0.7294977788302488,Train
NOMQAJ01_clean,4.90223,3.68918,4.90223,1.31657,708.381,538.05,0.0,0.0,0.45,0.341797,0.0,0,0.1033740942,2.2511521249,2.270712980721722,Train
NOPJOT_clean,6.1592,4.69936,6.14418,1.00061,2117.03,2115.74,0.0,0.0,0.6142,0.613825,0.0,1,0.0356191647,2.7000325885,2.7179709620159276,Train
NOQKOV_clean,5.57218,4.25994,5.56937,1.06467,1684.1,1581.8,0.0,0.0,0.536,0.503441,0.0,0,0.0454248937,2.6332499843,2.7556317247865088,Train
NOQKUB_clean,5.39399,4.39499,5.39187,1.00245,1858.17,1853.63,0.0,0.0,0.55,0.548657,0.0,0,0.055878107,3.1292450096,3.396117423328224,Test
NORBUT_clean,5.08002,3.51252,5.07961,1.76418,163.887,92.8971,0.0,0.0,0.4354,0.246801,0.0,1,0.0063543689,0.3644847836,0.34971424332017365,Train
NORGOS_clean,4.94677,3.43492,4.94677,1.7289,141.415,81.7948,0.0,0.0,0.4202,0.243045,0.0,1,0.0028028604,0.2507784362999999,0.22339127994210806,Train
NOSHEK_clean,5.7194,3.87373,5.09672,1.68613,1874.51,1111.72,0.0,0.0,0.614,0.364148,0.0,1,0.0239557965,1.7636687838,1.752162422108311,Train
NOSTUM01_clean,6.02005,5.48184,6.00511,0.946326,1720.55,1818.13,0.0,0.0,0.6136,0.648402,0.0,1,0.0442480874,3.2422999135,3.0884732888827235,Train
NOSTUM_clean,5.81524,5.30062,5.7997,0.959933,1717.62,1789.31,0.0,0.0,0.6084,0.633794,0.0,1,0.0463605402,3.2633732443,3.1242954224049218,Test
NOWGIR_clean,9.36325,6.59726,9.2981,1.43951,1651.33,1147.14,0.0,0.0,0.634,0.440427,0.0,1,0.0095914087,0.8775636098,0.8756930129020637,Train
NUBBAP_clean,14.05418,6.66438,11.10621,0.762781,2298.42,3013.21,0.0,0.0,0.7708,1.01051,0.0,1,0.0193947116,1.8117333056,1.7346632956962709,Test
NUBPIL_clean,11.57277,9.78079,11.57277,0.608967,2225.04,3653.8,0.0,0.0,0.7688,1.26247,0.0,1,0.0224595261,2.0556796721,2.052240942010474,Train
NUCBIY_clean,5.06822,3.86536,5.06061,1.18684,700.396,590.137,0.0,0.0,0.4806,0.404942,0.0,0,0.0342992442,1.9030644939,1.621706476020559,Test
NUCCEV_clean,6.52615,3.99784,6.52615,1.00465,1502.03,1495.08,0.0,0.0,0.556,0.553427,0.0,1,0.053709839,2.7863696207,2.949461672008533,Train
NUCPEI_clean,6.7664,4.45805,6.7664,1.03972,2105.55,2025.11,0.0,0.0,0.6338,0.609585,0.0,1,0.0731714326,4.499126429,4.417727420663642,Train
NUCYAN_clean,4.98599,4.20846,4.98599,1.48214,662.288,446.845,0.0,0.0,0.4874,0.328848,0.0,1,0.0175906622,0.9966512676,1.0303285829897466,Train
NUCYER_clean,4.96656,4.20041,4.96656,1.49997,657.943,438.637,0.0,0.0,0.4852,0.323473,0.0,1,0.0172625444,0.9921278452,1.0003502244027116,Test
NUCYIV_clean,4.97799,4.21601,4.96375,1.53207,652.698,426.025,0.0,0.0,0.477,0.311344,0.0,1,0.0178185607,1.0084759661,1.011223030229607,Test
NUDLIJ_clean,6.93743,5.78938,6.89446,1.14165,1419.26,1243.17,0.0,0.0,0.5428,0.475454,0.0,0,0.0356582033,2.4106389463,2.362310247477726,Train
NUDMAC_clean,6.47898,5.73918,6.47898,1.16985,1365.51,1167.25,0.0,0.0,0.54,0.461596,0.0,0,0.037200755,2.3509631655,2.3523193212034372,Train
NUDMEG_clean,6.29424,5.40754,6.23822,1.19809,1344.33,1122.06,0.0,0.0,0.5334,0.445207,0.0,0,0.0381936435,2.3041274198,2.3805581785709173,Test
NUDMOQ_clean,6.59897,5.83765,6.59897,1.15867,1384.65,1195.03,0.0,0.0,0.5454,0.470712,0.0,0,0.0366018446,2.3555463392,2.394318852617485,Train
NUDMUW_clean,6.32198,5.70328,6.32198,1.18747,1340.68,1129.02,0.0,0.0,0.5322,0.448181,0.0,0,0.0383652147,2.3460781537,2.377568183749002,Train
NUDNEH_clean,6.40452,5.65537,6.40452,1.17792,1346.46,1143.08,0.0,0.0,0.5262,0.44672,0.0,0,0.0370990832,2.3261187103,2.368623642311121,Train
NUFBEX_clean,8.49623,5.29107,8.49623,1.23125,1460.16,1185.92,0.0,0.0,0.5628,0.457098,0.0,1,0.0129676475,1.1363226096,1.1307820240658297,Train
NUFBOH_clean,6.20415,3.43588,6.19684,1.14211,1512.51,1324.31,0.0,0.0,0.5816,0.509231,0.0,0,0.0636087722,3.8266790181,3.7463117467719766,Train
NUFBUN_clean,7.53238,5.74054,7.52156,1.07363,1972.83,1837.54,0.0,0.0,0.6478,0.603375,0.0,1,0.0266683464,2.2042258439,2.1363754578644474,Test
NUFCAU_clean,9.94144,7.33631,9.94144,0.845072,2116.0,2503.93,0.0,0.0,0.7364,0.871405,0.0,1,0.0173095113,1.6313839399,1.5532759289183746,Train
NUGRIR_clean,8.70402,6.3995,8.695,1.28478,1827.49,1422.42,0.0,0.0,0.645,0.502033,0.0,0,0.010247847,0.9678881654,0.9348965653487752,Train
NUGROX_clean,7.91316,6.30977,7.91316,1.24187,1907.41,1535.92,0.0,0.0,0.6464,0.520505,0.0,0,0.0117455103,1.0843522987,1.0230937061193985,Train
NUHNUA_clean,5.91571,3.87698,4.38862,0.866172,1483.02,1712.15,0.0,0.0,0.5628,0.649756,0.0,1,0.0369975221,2.6026137381,2.599304735016273,Train
NUHPAI_clean,5.92167,3.93075,4.42412,0.871868,1496.53,1716.46,0.0,0.0,0.5834,0.669138,0.0,1,0.0378775172,2.6773621863,2.6432710281434795,Test
NUHQAK_clean,6.11993,4.14765,6.11993,1.236,1832.14,1482.32,0.0,0.0,0.5934,0.480098,0.0,1,0.0440217958,2.5724194157,2.743628273688668,Train
NUHQIS_clean,6.54623,4.66095,6.54623,1.20529,1894.68,1571.97,0.0,0.0,0.5972,0.495483,0.0,1,0.0339356788,2.4087069724,2.3689997443233284,Train
NUHQOY_clean,6.53062,4.6635,6.53062,1.21249,1899.32,1566.47,0.0,0.0,0.5942,0.490068,0.0,1,0.034925853,2.4194497614,2.4378466449949885,Test
NUHQUE_clean,6.55171,4.68685,6.54808,1.21067,1893.64,1564.13,0.0,0.0,0.5964,0.492619,0.0,1,0.0341069294,2.3953243426,2.3821747699745397,Train
NUHRAL_clean,6.51247,4.65457,6.51247,1.22333,1897.36,1550.98,0.0,0.0,0.5928,0.484579,0.0,1,0.034416847,2.4301713474,2.3969080373662974,Train
NUHZAS_clean,4.59282,3.63902,4.53366,1.44559,429.681,297.236,0.0,0.0,0.4222,0.292061,0.0,1,0.0514057577,1.5130942834,1.6058661982601514,Train
NUJCEA_clean,4.83502,3.79811,4.83328,1.60555,436.405,271.811,21.0341,13.1009,0.487,0.303323,0.0,1,0.0033171968,0.2761088468,0.28057656487029403,Train
NUJCIE_clean,5.03148,3.82553,5.03043,1.58392,461.015,291.061,23.0849,14.5746,0.4906,0.309739,0.0,1,0.0034891598,0.2839400722,0.2722577280552434,Train
NULMAJ_clean,5.03229,4.40705,5.03229,0.892035,1713.32,1920.69,0.0,0.0,0.6184,0.693246,0.0,0,0.013806339,1.1825520806,1.2490008135267896,Test
NUNCEG_clean,6.32724,4.08141,6.24551,0.841857,1844.22,2190.65,0.0,0.0,0.5678,0.674462,0.0,1,0.0301275949,2.5684219216,2.432620697365911,Train
NUNNUH_clean,6.00836,4.32228,5.9546,0.799722,2197.7,2748.08,0.0,0.0,0.6854,0.857048,0.0,1,0.0312464408,2.5969696248,2.6377167356206592,Test
NUNPAP_clean,6.01151,4.33549,6.00656,0.794607,2195.03,2762.41,0.0,0.0,0.6796,0.855265,0.0,1,0.0285573728,2.4198027022,2.451470733915125,Train
NUNSIA_clean,4.82032,4.25115,4.82032,1.27602,836.789,655.783,0.0,0.0,0.4866,0.381343,0.0,0,0.0242495111,1.4143299435,1.412373432433895,Test
NUNSOG_clean,4.99291,4.35876,4.99291,1.27773,873.941,683.982,0.0,0.0,0.4864,0.380677,0.0,0,0.0256888231,1.4442991646,1.4197969309788325,Test
NURMUJ_clean,4.39424,3.64857,4.38802,1.20073,1518.88,1264.97,0.0,0.0,0.6332,0.527347,0.0,1,0.0293517306,2.372635009,2.298558941096053,Train
NUTQAV_clean,10.89201,6.87272,10.20477,0.722737,2294.74,3175.06,0.0,0.0,0.7432,1.02831,0.0,1,0.0238087402,2.0905426917,2.1312941228654907,Train
NUTYEI_clean,13.08518,12.35732,13.03987,0.787627,1749.9,2221.74,0.0,0.0,0.7456,0.946641,0.0,0,0.0192223861,1.6639927331,1.652317941930587,Train
NUTYIM_clean,13.08434,12.35689,13.08434,0.80193,1745.22,2176.28,0.0,0.0,0.7446,0.92851,0.0,0,0.0188016636,1.6388960581,1.631563547483543,Train
NUVBIQ_clean,4.60795,3.59775,4.60795,2.15646,840.114,389.58,0.0,0.0,0.4404,0.204223,0.0,1,0.0184930709,1.0957699439,1.0990369981585943,Test
NUVWEH_clean,5.84014,3.85397,5.84014,1.503,1203.66,800.838,0.0,0.0,0.5116,0.340385,0.0,1,0.0126949024,0.9665045487,0.9689888351363156,Train
NUVXOT_clean,9.16707,5.75569,9.14121,0.884237,2287.82,2587.34,0.0,0.0,0.7176,0.811547,0.0,1,0.0201866123,1.8646576566,1.7864805624860238,Test
NUVYOT_clean,4.99931,3.59386,4.8252,1.15218,688.171,597.279,170.523,148.001,0.5094,0.44212,0.0,1,0.039537222,2.0526084668,2.045889581698139,Train
NUWBOX_clean,5.68496,3.45366,5.08673,2.30898,1203.77,521.344,0.0,0.0,0.4886,0.211609,0.0,1,0.0079435147,0.6612982633,0.6627761492901862,Train
NUWPOM_clean,8.32687,8.01604,8.32687,1.25431,1381.61,1101.49,0.0,0.0,0.5552,0.442633,0.0,1,0.0071546841,0.6693475474,0.6974763350526256,Train
NUWVIM_clean,4.95462,3.8636,4.94993,1.17037,724.517,619.05,9.52012,8.13429,0.4914,0.419868,0.0,0,0.0464764999,2.2328571621,2.1422295254405794,Train
NUYNEC_clean,8.26029,6.82395,8.26029,1.01384,1779.3,1755.01,0.0,0.0,0.6224,0.613905,0.0,1,0.0164209449,1.504277939,1.5328071700774974,Test
NUYQUU_clean,3.95153,3.47099,3.94298,2.33033,494.395,212.157,0.0,0.0,0.4774,0.204864,0.0,0,0.0466845989,1.8520620825,1.9917788577832685,Test
OBAFEF_clean,4.96935,4.01792,4.92296,2.37845,904.645,380.351,0.0,0.0,0.4776,0.200803,0.0,1,0.0087665329,0.62523675,0.605420660987104,Train
OBAFOP_clean,5.00648,4.01028,4.65887,2.41546,964.282,399.213,0.0,0.0,0.4784,0.198058,0.0,1,0.0106770163,0.7290430534000001,0.731500449757142,Train
OBAHIL_clean,8.44223,7.37969,8.44223,0.972998,1553.57,1596.68,0.0,0.0,0.603,0.619734,0.0,0,0.0383149551,2.4908140714,2.848689474181721,Test
OBAHOR_clean,8.04827,7.09842,8.046,0.982079,1580.94,1609.79,0.0,0.0,0.5956,0.606469,0.0,0,0.044360857,2.6714483490000003,3.250595155379839,Test
OBAHUX_clean,8.31415,7.49178,8.31031,0.960232,1571.77,1636.87,0.0,0.0,0.605,0.630056,0.0,0,0.0369949771,2.4051516735,2.881507836398595,Test
OBAJAF_clean,9.08651,7.73882,9.08617,0.939446,1595.74,1698.6,0.0,0.0,0.6188,0.658686,0.0,1,0.035944256,2.3913932621,2.522893212736242,Train
OBEDEE_clean,5.83756,4.97252,5.83756,0.932431,2005.16,2150.46,0.0,0.0,0.6298,0.675439,0.0,1,0.026087079,2.1445036092,2.148939756661038,Test
OBIBAF_clean,6.94508,5.04977,5.92375,0.848313,1610.41,1898.37,0.0,0.0,0.6028,0.710587,0.0,1,0.0376244486,2.6344171938,2.6678124492443525,Train
OBIBEJ_clean,8.27924,5.80407,6.33414,0.828843,1754.26,2116.52,0.0,0.0,0.601,0.725107,0.0,1,0.0278451337,2.211335794,2.2949942101846457,Test
OBIBOT_clean,6.67176,5.057,6.67176,1.21046,1489.16,1230.24,0.0,0.0,0.5556,0.458998,0.0,1,0.0310950898,2.1322335776,2.1069359675170607,Test
OBODEQ_clean,5.13358,4.46715,5.12837,1.36036,1938.87,1425.26,0.0,0.0,0.5966,0.43856,0.0,1,0.0290602798,2.1578567165,2.110325039359557,Test
OBOGUK_clean,8.65239,7.8304,8.65239,0.77452,2430.14,3137.61,0.0,0.0,0.7298,0.942262,0.0,1,0.0232455356,2.0823444357,2.094633576155721,Train
OBUBOC_manual,8.45577,7.46863,8.45577,1.46042,1170.56,801.525,0.571901,0.391601,0.5536,0.37907,0.0,1,0.0048473136,0.4585092543,0.45539947531883596,Train
OBUFEX_clean,5.14759,4.35938,5.14759,1.09987,1567.25,1424.95,0.0,0.0,0.565,0.513698,0.0,0,0.0341317529,2.525827529,2.3866860961632175,Train
OBUFIB_SL,4.69226,3.94966,4.47162,1.56841,881.672,562.145,0.0,0.0,0.426,0.271613,0.0,0,0.0234591852,1.392468561,1.3719533200766199,Train
OCACUR_clean,5.50745,4.89061,5.44518,1.25128,1937.07,1548.08,0.0,0.0,0.5884,0.47024,0.0,1,0.0359238804,2.5873591707,2.412331528737619,Test
OCAQOY_clean,4.53686,3.80641,4.53372,1.60935,541.33,336.366,0.0,0.0,0.3906,0.242707,0.0,1,0.0164375187,0.9116534531,0.9578558049572552,Test
OCOKUP_clean,5.00304,3.71484,4.99284,1.15999,792.721,683.386,0.0,0.0,0.474,0.408624,0.0,1,0.0395710388,1.7615469598,1.8667456589994427,Train
OCUGEZ01_clean,5.7662,4.18465,5.76016,1.3013,1459.07,1121.24,0.0,0.0,0.5724,0.439868,0.0,1,0.0202866512,1.4741549687,1.476739791653428,Test
OCUGEZ_clean,5.71674,4.14737,5.66007,1.32226,1442.09,1090.62,0.0,0.0,0.5748,0.43471,0.0,1,0.0212654354,1.5031177325,1.5151445878189072,Train
OCUMIL_clean,5.22769,3.7877,5.2092,1.25606,1523.79,1213.15,0.0455347,0.036252,0.5456,0.434374,0.0,1,0.0204230354,1.6211676623,1.5174907246467961,Test
OCUMOR_clean,5.32208,3.84167,5.31587,1.29298,1290.04,997.724,16.7653,12.9664,0.525,0.406038,0.0,1,0.0262483732,1.9080942905,1.8335932137701492,Test
OCUNAC_manual,36.1506,14.04664,36.1506,0.427517,1422.73,3327.89,0.0,0.0,0.8368,1.95735,0.0,1,0.023928224,1.9002799597,1.966740081499454,Train
OCUNAE_clean,5.43724,3.65933,5.43724,1.22157,1397.41,1143.94,27.2256,22.2874,0.5506,0.450731,0.0,1,0.0206596492,1.6471625065,1.6428889427834545,Train
OCUPUY_clean,4.6531,4.04819,4.6531,1.52024,995.727,654.982,0.0,0.0,0.479,0.315083,0.0,1,0.0701079532,2.8920598381,2.7512166962955686,Train
OCURAG_clean,5.43063,3.42226,5.42822,1.47361,1201.66,815.454,0.0,0.0,0.519,0.352197,0.0,1,0.0351093774,1.9303151384,1.9858847029036142,Train
OCUSIP_clean,5.39686,4.96775,5.37929,1.58503,1157.95,730.556,0.0,0.0,0.5014,0.316334,0.0,1,0.0239408037,1.5197931287,1.5161333487096587,Test
OCUSOV_clean,4.91031,3.4317,4.90721,1.52702,1101.56,721.382,0.0,0.0,0.5004,0.327698,0.0,1,0.0420567814,2.1553447228,2.12511251903348,Test
OCUSUB_clean,5.00781,3.40979,5.00781,1.50787,1123.4,745.023,0.0,0.0,0.5152,0.341674,0.0,1,0.0352387154,1.9729961629,2.00144819718664,Train
OCUTEM_clean,5.16189,3.4562,5.16189,1.4963,1173.27,784.115,0.0,0.0,0.5098,0.340707,0.0,1,0.0395156059,2.0667122443,2.065577532920685,Test
OCUVUF_clean,7.8514,5.72034,7.7546,3.13958,1789.03,569.831,0.0,0.0,0.5542,0.176521,0.0,1,0.0019703682,0.1826517887,0.19124643381712625,Train
ODERIZ_clean,5.75405,4.36229,5.74596,1.52699,807.66,528.922,146.001,95.6134,0.5294,0.346694,0.0,1,0.0338594993,1.4174678211000002,1.778052835720379,Test
ODEZAB_clean,11.63192,4.40592,11.61962,0.799101,2103.64,2632.5,6.44431,8.06445,0.6938,0.868225,0.0,1,0.0471191302,3.4378222498000004,3.087761459175728,Test
ODIMAQ_clean,8.52073,7.26741,8.52073,1.44329,1085.87,752.358,0.0,0.0,0.5848,0.405186,0.0,1,0.0048650294,0.4696474122,0.43948699713333594,Train
ODIVUU_clean,8.59093,6.84892,8.59093,1.01269,1735.08,1713.33,0.0,0.0,0.6294,0.621511,0.0,1,0.036238485,3.019038092,2.6076819528885133,Test
ODIXEG_clean,10.36031,7.47097,10.26209,0.552173,2299.01,4163.57,0.0,0.0,0.7816,1.4155,0.0,1,0.0261799206,2.1791117891,2.316152498286585,Test
ODODES_clean,6.13875,4.52515,6.13614,0.993468,1787.67,1799.42,0.0,0.0,0.5926,0.596497,0.0,1,0.0396863322,2.8509506739,2.797019138049874,Test
ODODIW_clean,7.22618,4.59373,7.22618,0.965963,1948.86,2017.54,0.0,0.0,0.634,0.65634,0.0,1,0.0373494663,2.7958522593,2.709684275897004,Test
ODODOC_clean,7.00262,4.84122,6.9907,1.05423,1743.61,1653.92,0.0,0.0,0.6044,0.57331,0.0,0,0.0258841914,2.1845305832,2.0451240440047207,Test
ODODUI_clean,11.00214,7.6444,10.86092,0.618366,2208.53,3571.55,0.0,0.0,0.7646,1.23648,0.0,1,0.023934527,2.1565258217,2.1253881167084567,Test
ODOMIF_clean,4.61212,3.63133,4.60194,1.07759,1653.01,1533.99,0.0,0.0,0.5582,0.51801,0.0,0,0.0764476014,4.2291561708,4.179973554694085,Train
ODOXEK_clean,5.23174,4.24381,5.21951,1.86723,267.21,143.105,283.845,152.014,0.425,0.22761,0.0,0,0.0613121418,1.5733635332,1.5179286827828848,Train
ODUNEH_clean,6.66002,5.04848,6.62254,0.964914,2093.57,2169.69,0.0,0.0,0.6352,0.658297,0.0,1,0.0342989897,2.5664262487,2.600115679361522,Train
OFAWAV_clean,11.42925,8.90439,11.4135,0.968512,2176.57,2247.34,0.0,0.0,0.7636,0.788426,0.000206502,1,0.0107936779,1.0542291638,0.992144309356086,Train
OFAWEZ_clean,10.66695,9.07717,10.66695,0.975199,2204.12,2260.18,0.0,0.0,0.7702,0.789787,0.0,1,0.0110936712,1.0447874827,1.03124078872025,Train
OFEHAK_clean,6.57238,4.30728,6.57238,1.26099,1569.04,1244.3,0.0,0.0,0.577,0.457578,0.0,1,0.0298729076,1.9716973393,2.059572829690263,Test
OFEREX_clean,6.99117,6.70761,6.99117,1.56791,1544.85,985.293,0.0,0.0,0.5694,0.363159,0.0,1,0.0282549798,2.0482887726,2.0130597536118366,Test
OFERUN06_clean,11.42842,3.43062,11.4146,0.893311,1495.78,1674.42,0.0,0.0,0.6708,0.750915,0.0,0,0.010260056,0.9735852814,0.9976649436333455,Train
OFERUN_clean,11.51766,3.43919,11.48105,0.924676,1442.14,1559.62,0.0,0.0,0.6416,0.693865,0.0,0,0.0131809709,1.204746846,1.2008775200548805,Train
OFESAU_clean,7.18693,4.9999,7.18693,1.91678,854.706,445.907,0.0,0.0,0.4402,0.229656,0.0,0,0.0154226103,0.9658104575,0.9839775795544489,Train
OFESEY_clean,7.30457,5.07688,7.30457,1.8342,871.652,475.221,0.0,0.0,0.451,0.245883,0.0,0,0.0150232341,1.0091333509,0.9774997370673033,Test
OFESIC_clean,7.36476,5.0904,7.36476,1.82236,878.112,481.855,0.0,0.0,0.4554,0.249896,0.0,0,0.0142313294,0.97450914,0.9625029603617881,Test
OFOCUI_clean,11.39371,7.77962,11.39371,0.789274,2336.11,2959.83,0.0,0.0,0.7236,0.916792,0.0,1,0.0247528857,2.2555630173,2.1691737250077114,Test
OFODET_clean,6.29959,4.57313,6.27845,1.15382,1340.43,1161.73,0.0,0.0,0.519,0.449811,0.0,1,0.0311939461,2.0680454726,2.0633035855631663,Test
OFUCAV_clean,4.37268,3.46007,4.37113,1.87575,696.078,371.093,0.0,0.0,0.4774,0.254512,0.0,1,0.0290173457,1.7102862617,1.692836786949538,Train
OFUCEZ_clean,5.30083,4.49138,5.29823,1.50666,1791.35,1188.95,0.0,0.0,0.5642,0.374471,0.0,1,0.0176396086,1.4028854875,1.3819307915813592,Test
OFUYUL_SL,6.56154,4.20373,6.56131,1.08955,1752.35,1608.33,0.0,0.0,0.6302,0.578404,0.0,0,0.045212368,3.1633511384,3.0186203749794718,Train
OGAGAF_clean,4.92581,3.9125,4.92581,1.40546,832.759,592.516,0.0,0.0,0.5084,0.361731,0.0,0,0.0269262574,1.3059206459,1.429731492991157,Train
OGAGEJ_clean,5.64492,5.21899,5.64485,1.05864,1853.73,1751.06,0.0,0.0,0.6242,0.589626,0.0,0,0.0287552322,2.2870420689,2.212077725174384,Test
OGAGIN_clean,5.17696,3.68155,5.09885,1.45357,798.238,549.157,0.0,0.0,0.4912,0.337926,0.0,0,0.0323450212,1.3944129205000002,1.5160720267735677,Train
OGAXUR_clean,6.21326,5.95602,6.21326,1.24359,1052.97,846.718,0.0,0.0,0.4942,0.397397,0.0,1,0.0364844021,1.9982710904,2.044169831544816,Test
OGEBAF01_clean,14.74547,10.54801,14.74547,0.504959,2054.21,4068.08,0.0,0.0,0.8166,1.61716,0.0,1,0.0217983402,1.9594958618,2.038767221620019,Train
OGECOU_clean,6.21029,5.96321,6.17894,1.2702,1037.22,816.577,0.0,0.0,0.4898,0.385607,0.0,1,0.040911011,1.9803188564,2.162130666081989,Test
OGIBOV_clean,4.29925,3.68277,4.29768,2.42877,736.158,303.099,0.0,0.0,0.457,0.188161,0.0,0,0.7694883291,2.9822738452,3.1634441735884327,Train
OGIBUD_clean,6.49659,4.27127,6.49659,1.11792,1777.29,1589.82,0.0,0.0,0.603,0.539397,0.0,0,0.0448565825,3.1320111142,2.9131286781202927,Test
OGIKAR_clean,10.46212,5.43474,8.12198,0.950984,1724.97,1813.88,0.0,0.0,0.622,0.654059,0.0,1,0.0330707355,2.6439593405,2.5344168230440833,Train
OGIYUZ_clean,9.8373,8.87116,9.8373,1.07364,1299.27,1210.15,0.0,0.0,0.577,0.537422,0.0,0,0.0418291837,1.894822742,2.106972692945304,Train
OGOWAJ_clean,7.34237,6.24854,7.34237,0.908904,1684.85,1853.71,0.0,0.0,0.611,0.672238,0.0,0,0.0342419757,2.4336819597,2.784646756259494,Test
OGUJIL_clean,4.11991,3.42248,4.10899,1.27165,539.273,424.075,0.0,0.0,0.4916,0.386586,0.0,0,0.0255132252,1.7882051631,1.5319169542044035,Test
OGUPIQ_clean,5.83455,3.53797,5.83455,1.63754,706.847,431.65,0.0,0.0,0.4298,0.262466,0.0,1,0.0371459893,1.5966646203,1.4288434918291548,Test
OHAKEO_clean,5.91842,4.8868,5.91143,1.15127,1254.68,1089.81,0.0,0.0,0.543,0.471652,0.0,0,0.0549838925,2.4786230908,2.6234957552785847,Train
OHAKIS_clean,5.22451,4.43244,5.1107,1.2284,1098.1,893.932,0.0,0.0,0.5162,0.420223,0.0,0,0.08629733,2.8498646772000003,2.9629461377400323,Train
OHIHET_clean,4.30684,3.71246,4.30684,1.30435,366.699,281.135,0.0,0.0,0.4222,0.323685,0.0,0,0.0379368811,1.5869535282,1.5656950792305342,Test
OHOMIH_clean,4.60907,4.30122,4.60907,1.97594,752.524,380.843,0.0,0.0,0.396,0.200411,0.0,1,0.036146471,1.4118341209999998,1.3590361194681546,Test
OHUMEL_clean,14.09837,12.86508,14.09837,0.808879,1803.58,2229.73,0.123257,0.15238,0.8014,0.990754,0.0,1,0.0074406881,0.7090622634,0.6951062457566703,Train
OJAZOP_clean,4.82674,3.80884,4.82333,2.14546,1510.62,704.1,0.00634264,0.00295631,0.5202,0.242465,0.0,1,0.0106936379,0.7948524211,0.8990240381265391,Test
OJICUG_clean,8.60682,7.88912,8.60682,0.689805,2294.5,3326.3,0.0,0.0,0.734,1.06407,0.0,1,0.0221641215,1.9296065417,1.9783973171706823,Train
OJIDAN_clean,19.79872,19.3368,19.78262,0.704653,1186.45,1683.74,21.5807,30.626,0.6956,0.987152,0.0,1,0.0180075497,1.5017798911000002,1.465011961245737,Train
OJIWAG_clean,5.38643,4.20657,5.38643,1.10966,1491.09,1343.75,0.0,0.0,0.561,0.505563,0.0,1,0.0551691919,3.3441598712,3.110210288286323,Train
OJIWIO_clean,4.64307,3.99735,4.61496,1.33375,842.543,631.712,0.0,0.0,0.4524,0.339195,0.0,1,0.0405473098,1.8158858603,1.9214675150617222,Train
OJONOQ_clean,6.43933,5.37715,5.61608,1.49915,1863.16,1242.81,0.0,0.0,0.6578,0.438781,0.0,1,0.005852437,0.5711877616,0.5501931241062119,Train
OJORUC_clean,8.31671,3.81807,7.2234,0.868373,1910.02,2199.54,0.0,0.0,0.6578,0.757508,0.0,1,0.0550151423,3.6506079632,3.596051968731775,Test
OKABAE_clean,14.07417,9.53484,14.07417,0.650845,2097.18,3222.24,0.0,0.0,0.77,1.18308,0.0,1,0.0228833241,2.0445684731,2.079051321460292,Test
OKABEI_clean,13.86987,9.42284,13.86987,0.653017,2127.67,3258.22,0.0,0.0,0.7686,1.177,0.0,1,0.0251236928,2.1804620443,2.2106427287277115,Test
OKAYAC_clean,4.90891,3.57241,4.90749,1.56645,415.712,265.385,0.0,0.0,0.3406,0.217434,0.0,0,0.1354583143,1.4460207063,1.3764742417007796,Train
OKAYEG_clean,4.8581,3.49488,4.85158,1.57533,393.933,250.064,0.0,0.0,0.3384,0.214812,0.0,0,0.1417886227,1.4367934601,1.464422999775767,Train
OKAYOQ_clean,4.43848,3.73339,4.16809,1.19153,558.623,468.829,0.0,0.0,0.4514,0.378841,0.0,0,0.0713141809,2.4051663735,2.4452756360079975,Train
OKAYUW_clean,4.44294,3.73093,4.20318,1.19551,569.391,476.274,0.0,0.0,0.4482,0.374902,0.0,0,0.0746246227,2.4518757303,2.4475186460947267,Train
OKAZAD_clean,4.45701,3.77862,4.21772,1.1891,589.131,495.442,0.0,0.0,0.453,0.38096,0.0,0,0.0774461808,2.4734331786,2.4368540420817513,Train
OKELOH_clean,4.42328,3.40802,4.39617,0.903668,1931.69,2137.61,0.0,0.0,0.6342,0.701806,0.0,1,0.0370614708,3.1893465744,2.9036121093733755,Test
OKILEA_clean,6.35409,4.27067,6.35409,1.16036,1077.85,928.894,0.0,0.0,0.549,0.473129,0.0,1,0.0134196839,0.9533302462,1.0258920020129207,Test
OKIQEG_clean,5.32479,3.99481,5.32479,1.53026,921.294,602.05,0.0,0.0,0.486,0.317592,0.0,0,0.0351924861,1.9815516689,1.7218407595959957,Train
OKITAE_clean,4.44244,4.08974,4.44244,2.43122,732.513,301.295,0.0,0.0,0.4692,0.19299,0.0,1,0.0218854813,1.0300280696,1.2466682561631852,Test
OKIVUA_clean,5.10253,4.2044,5.09658,1.08974,982.283,901.395,83.5631,76.6819,0.5216,0.478648,0.0,0,0.0602773128,3.0730042595,3.0668788780277705,Train
OKIWUB02_clean,5.03837,4.11286,5.03612,1.09856,959.969,873.844,73.9627,67.327,0.5172,0.470799,0.0,0,0.0565621272,2.9320108654,3.0269873412290265,Train
OKIYAJ01_clean,5.18521,4.2274,5.17492,1.07871,1159.33,1074.74,0.0,0.0,0.5252,0.486877,0.0,0,0.057508415,3.0830793392,2.934159986824869,Test
OKOSUE_clean,8.8545,8.04507,8.8545,0.943263,2011.47,2132.46,0.0,0.0,0.6862,0.727475,0.0,1,0.0225927602,1.8564044865,1.961654374066949,Train
OKUKOW_clean,10.73228,5.84434,10.36712,0.736536,2434.56,3305.42,0.0,0.0,0.7384,1.00253,0.0,1,0.0314204747,2.4817001419,2.6844726229271387,Test
OKUSUK_clean,24.78598,13.19796,24.78598,0.313235,1548.59,4943.87,0.0,0.0,0.8766,2.79854,0.0,1,0.0227768931,2.1443030559,2.15928175614544,Test
OKUTAR_clean,10.98199,6.35591,10.98199,0.660572,2299.33,3480.81,0.0,0.0,0.7416,1.12266,0.0,1,0.0282930057,2.4803685632,2.402590258925998,Test
OKUTEV_clean,23.06458,12.98274,23.06458,0.330655,1597.33,4830.79,0.0,0.0,0.865,2.61602,0.0,1,0.02279816,2.1662478799,2.168021712561608,Train
OLAGIR_clean,5.85131,3.81671,5.85131,1.37856,1640.47,1189.99,0.0,0.0,0.6336,0.459611,0.0,0,0.0446938331,2.9706813205,2.8165890277816708,Test
OLANAS_clean,8.02314,6.05017,8.02314,1.20795,1391.88,1152.26,0.0,0.0,0.562,0.46525,0.0,1,0.0140609493,1.1754186825,1.2083360807225798,Train
OLANEW_clean,6.98637,4.05835,6.98637,1.31839,1367.83,1037.5,0.0,0.0,0.5798,0.439778,0.0,1,0.0132830042,1.1099339623,1.0752096062645213,Train
OLAQOI_clean,9.42311,9.23332,9.42311,1.32858,853.13,642.139,2.75819,2.07605,0.5142,0.387031,0.0,1,0.0038138448,0.3644765299,0.37631673536555277,Train
OLEKUM_manual,6.88265,5.7276,6.86806,1.02354,1835.21,1793.0,0.0,0.0,0.6172,0.603003,0.0,1,0.025546505,2.1464926326,2.095254905484516,Test
OLICIX_clean,16.1602,9.89287,16.13331,0.719139,1270.58,1766.81,424.686,590.547,0.722,1.00398,0.0,1,0.0363251513,2.5982581059,2.449885326445908,Test
OLOGEC_clean,13.04043,10.53518,13.0319,0.526318,2030.14,3857.25,0.0,0.0,0.8106,1.54013,0.0,1,0.0221870378,1.9871872898,2.008499114980246,Train
OLOPEM_clean,4.92877,3.82035,4.91547,1.17415,717.6,611.164,177.099,150.831,0.512,0.436059,0.0,0,0.0831014963,2.3947070547,2.448895242140569,Train
OLOYOF_clean,10.67083,6.6024,10.66881,0.812728,2368.58,2914.35,0.0,0.0,0.7332,0.902146,0.0,1,0.0322406974,2.6632892552,2.5450352318331166,Train
OLUCAZ_clean,5.7945,5.1746,5.79081,1.16161,989.952,852.226,0.0,0.0,0.5026,0.432676,0.0,1,0.0166660275,1.1339348249,1.2170215465365324,Train
OLUROC_clean,5.45136,3.48672,5.44746,1.49162,882.297,591.504,0.0,0.0,0.5148,0.345129,0.0,0,0.1471520708,3.424919822,3.3441184660921226,Train
om701262m-file004_clean,7.38904,5.39567,7.38902,1.09901,1620.41,1474.43,0.0,0.0,0.5644,0.513555,0.0,1,0.0270434604,2.1872898914,2.044752066488492,Test
OMAMEU_clean,5.49135,3.67927,5.48307,2.05035,939.573,458.25,0.0,0.0,0.5336,0.260248,0.0,1,0.0581618771,2.1147420571,2.086149964563185,Train
OMIMEE_clean,16.54568,6.7257,16.54568,0.768319,2276.49,2962.95,0.0,0.0,0.7618,0.991516,0.0,1,0.0188688437,1.6414493176,1.7089193039626782,Train
OMIPAD_clean,5.24341,3.62169,5.16602,1.1791,539.772,457.781,0.0,0.0,0.4566,0.387243,0.0,0,0.0770900151,2.0318915657,2.0037339905789704,Train
OMIPEH_clean,21.73136,7.72557,21.69935,0.65885,2065.52,3135.04,0.0,0.0,0.8104,1.23002,0.0,1,0.0184025725,1.6457925174,1.6768154823135393,Test
OMITUB_clean,21.96656,7.7864,21.95556,0.652675,2053.5,3146.28,0.0,0.0,0.8126,1.24503,0.0,1,0.0188925056,1.6567902248,1.7161761699591591,Train
OMOVET_clean,6.41327,4.65956,6.41327,1.12783,2048.27,1816.12,0.0,0.0,0.6196,0.549375,0.0,1,0.0491697611,3.0727193234,3.1698591415017567,Train
OMUSAS_clean,18.71438,16.17316,18.71102,0.318003,1216.14,3824.31,0.0,0.0,0.8696,2.73457,0.0,1,0.0139133229,1.3450630633,1.382694232062488,Train
ONEJUN_clean,5.6787,4.73551,5.6787,3.33073,1808.25,542.898,0.0,0.0,0.5352,0.160685,0.0,1,0.0023614906,0.2155649284,0.21269373308506556,Train
ONEYOW_clean,8.70869,7.89064,8.69934,0.794155,1863.49,2346.5,0.0,0.0,0.6608,0.83208,0.0,1,0.0221080405,1.8296718668,1.9273218947982604,Train
ONUKAL_clean,5.66391,3.7745,5.54501,1.39723,1126.09,805.946,11.0536,7.91109,0.5124,0.366727,0.0,1,0.0952055661,3.3244715941000003,3.3136497735776205,Train
ONUQOE_clean,5.78941,4.64204,5.78941,1.32315,1185.02,895.611,0.0,0.0,0.5286,0.399503,0.0,0,0.0473076699,2.5436699451,2.3693830333366743,Train
OPAGIX_clean,11.70127,10.88776,11.68193,0.905898,1551.84,1713.04,0.0,0.0,0.6624,0.731208,0.0,1,0.0268864127,2.4840689956,2.132580363307489,Test
OPAMOI_clean,4.34496,3.46478,4.34496,1.66467,999.374,600.345,0.0,0.0,0.5336,0.320544,0.0,1,0.0260187346,1.8676391879,1.690868529044245,Test
OPENUT_clean,7.63636,6.82671,7.63251,1.41267,1546.48,1094.72,0.0,0.0,0.5554,0.393156,0.0,1,0.0155548579,1.1970117584,1.297009859899978,Train
OPIFUQ_clean,17.9991,10.13495,17.99088,0.790446,1197.42,1514.86,384.276,486.151,0.722,0.913408,0.0,1,0.0376060065,2.5861716503,2.1825346411940933,Test
OPINIL_clean,4.65675,3.54009,4.3607,1.69641,1183.53,697.671,0.0,0.0,0.533,0.314194,0.0,1,0.0039220238,0.3577721400999999,0.3635859790496614,Train
OPIPUZ_clean,4.1797,3.40347,4.03039,1.43766,625.591,435.146,0.0,0.0,0.4234,0.294507,0.0,0,0.0298556372,1.4478505406,1.6108910782290744,Test
OPIWEQ_clean,4.3926,3.70955,4.3926,1.4951,548.278,366.717,0.0,0.0,0.4282,0.286403,0.0,0,0.0603501754,2.1768291256,2.0904011410552106,Train
OPIXUI_clean,8.41938,5.49258,8.39031,1.03412,1914.8,1851.63,0.0,0.0,0.6428,0.621591,0.0,1,0.0173334689,1.4949433058,1.510625812360059,Train
OPIYAP_clean,5.9608,4.59988,5.87453,1.18841,1751.48,1473.8,0.0,0.0,0.5816,0.489391,0.0,1,0.0325278037,2.1619376083,2.29050449251686,Train
OPOBIF_clean,6.22483,5.35278,6.22483,1.6905,347.831,205.756,0.0,0.0,0.3994,0.236261,0.0,1,0.0107063124,0.4519833197999999,0.5225612295113617,Train
OPOZEZ_clean,7.29162,6.03013,7.28839,1.13101,1136.3,1004.68,0.0,0.0,0.5256,0.464718,0.0,0,0.0189182839,1.4311370799,1.422335617991123,Train
OPUDOT_clean,4.54754,3.94914,4.54754,2.40444,540.357,224.733,0.0,0.0,0.4012,0.166858,0.0,1,0.0628485208,1.0799067144,1.154976101345604,Train
OQANIE_clean,7.73235,4.1602,7.73235,1.08482,1352.95,1247.16,189.787,174.948,0.5938,0.547371,0.0,1,0.0737593176,2.6644250493,2.7747264526069606,Train
OQEPUW_clean,5.11656,4.82152,5.08524,1.96915,768.393,390.215,0.0,0.0,0.4116,0.209024,0.0,1,0.0207542748,1.2014968858,1.092084571609493,Test
OQEROS_clean,5.47906,4.59982,5.42309,1.16864,1289.46,1103.39,0.0,0.0,0.5586,0.477993,0.0,1,0.0585600233,2.7685452193,2.784620199569469,Train
OQERUY_clean,5.44049,4.47163,5.40893,1.18349,1270.62,1073.62,0.0,0.0,0.5504,0.465066,0.0,1,0.0600870669,2.7843734446,2.7778360673025824,Train
OQESAF_clean,5.40051,4.82483,5.39518,1.19788,1160.82,969.063,0.0,0.0,0.5318,0.443952,0.0,1,0.0620447753,2.7057677951,2.719208614806281,Train
OQESEJ_clean,5.44129,4.56082,5.37025,1.17091,1266.4,1081.56,0.0,0.0,0.5586,0.477065,0.0,1,0.0573811435,2.7238951473000004,2.718663335271968,Train
OQETEK_clean,9.22928,8.86311,9.22928,0.986231,2193.64,2224.27,0.0,0.0,0.7092,0.719101,0.0,1,0.0250342055,1.9877159155,2.0563233516364674,Train
OQIQEM_clean,5.45055,4.49489,5.37157,1.84745,1087.67,588.74,0.0,0.0,0.4966,0.268803,0.0,1,0.046706348,1.7821377102,1.847876026598717,Train
OQIQIQ_clean,5.6202,4.58328,5.56734,1.81543,1128.03,621.358,0.0,0.0,0.505,0.278171,0.0,1,0.0451002546,1.8614497359,1.9064617940138373,Train
OQIQOW_clean,5.63723,4.61311,5.63723,1.46954,1129.77,768.793,0.0,0.0,0.507,0.345006,0.0,1,0.0622860053,2.4052798974000003,2.421024234150016,Train
OQIZUL_clean,13.227,6.74608,13.21397,0.868865,2105.53,2423.31,0.0,0.0,0.7146,0.822452,0.0,1,0.036110437,2.2035581101,2.205819651313347,Train
OQOJUB_clean,5.19109,4.86993,5.18739,1.04071,742.936,713.872,0.0,0.0,0.4654,0.447194,0.0,0,0.0259744188,1.6139636674000002,1.5803480522212987,Test
OQUCOU_clean,8.09828,4.42359,8.09828,0.85933,2801.31,3259.88,0.0,0.0,0.697,0.811097,0.0,1,0.0217335919,1.9700408878,2.0080561059870217,Train
OQUFAJ04_clean,10.98593,10.0178,10.98593,1.04962,2124.9,2024.45,7.18544,6.84576,0.6738,0.641947,0.000381091,1,0.020310439,1.7510609024,1.6405504358449114,Test
OQUFAJ_clean,11.24927,10.05552,11.24927,1.02086,2177.77,2133.26,0.0,0.0,0.6808,0.666886,0.000195912,1,0.0197938399,1.7273600684,1.7026322207923883,Test
OQUWUU_clean,7.2326,3.56865,7.1357,2.62668,817.31,311.158,0.924344,0.351906,0.4758,0.181141,0.0,1,0.0042090548,0.3499295089999999,0.34855118283013975,Train
OQUXAB_clean,5.25424,3.9856,4.37611,3.15937,963.013,304.812,0.0,0.0,0.479,0.151613,6.33e-05,1,0.0085135657,0.5732580175,0.5643108616022454,Train
OQUXEF_clean,5.15601,3.95885,4.51563,3.15796,940.396,297.786,0.0,0.0,0.4776,0.151237,0.0,1,0.008615966,0.5551142908,0.573485320131119,Train
OQUXIJ_clean,5.10257,3.94634,4.56846,3.16115,912.504,288.662,0.0,0.0,0.4752,0.150325,0.0,1,0.0083864425,0.555266752,0.558270590265944,Train
OQUZIL_clean,5.18347,3.94031,4.38977,3.26699,933.452,285.723,0.0,0.0,0.4852,0.148516,6.12e-05,1,0.0085642938,0.5654331986,0.561876179341062,Train
ORAGEU_clean,5.42971,4.14733,5.42971,3.26052,599.199,183.774,0.0,0.0,0.4338,0.133046,0.0,1,0.0012548548,0.115073684,0.127866893886718,Train
ORAGOF_clean,11.1071,8.37381,11.01802,1.02581,1703.75,1660.88,0.0,0.0,0.6588,0.642222,0.0,1,0.0134217378,1.2217766877,1.1924403623419242,Train
ORAQUU_clean,8.39177,4.98086,8.38728,0.858283,1785.46,2080.27,0.0,0.0,0.5764,0.671573,0.0,1,0.0410053361,2.8694701673000003,2.8834630907816674,Train
OREZES_clean,6.24665,4.6565,6.24665,1.39534,1020.81,731.587,0.0,0.0,0.5102,0.365646,0.0,1,0.0035695696,0.3551618538,0.3423442403498467,Train
ORIBAU_clean,6.79191,5.8597,6.78824,0.948194,2192.57,2312.36,0.0,0.0,0.6432,0.678343,0.0,0,0.0337731287,2.5076041052,2.7132182848068815,Train
ORIVOC_clean,11.63735,10.86073,11.63667,1.22977,1588.45,1291.67,0.0,0.0,0.669,0.544005,0.0,1,0.0179978333,1.6587099636000002,1.6595442009606929,Test
ORIVUI_clean,11.75163,10.98212,11.75156,1.19791,1581.46,1320.18,0.0,0.0,0.6576,0.548955,0.0,1,0.0181139509,1.6703324336,1.6579879792914516,Test
ORIWAP_clean,11.38312,11.03917,11.38312,1.17282,1538.11,1311.46,0.0,0.0,0.6442,0.549274,0.0,1,0.0172918487,1.5806227755000002,1.595962109372133,Train
ORIWET_clean,11.42805,11.05994,11.42805,1.09099,1549.25,1420.05,0.0,0.0,0.6484,0.594324,0.0,1,0.0151621011,1.4076830203,1.3917604541975939,Train
OROKEN_clean,5.0644,3.74541,5.02547,1.65088,1835.83,1112.03,0.0,0.0,0.5786,0.350479,0.0,1,0.0116065076,0.9686673654,1.002281310590015,Train
OROLUD_clean,4.90586,4.18695,4.898,1.66342,1280.2,769.617,0.0,0.0,0.5884,0.353728,0.0,0,0.0394900759,2.3224607258,2.2015836003731284,Train
ORUKET_clean,11.72853,7.7572,11.72853,0.760878,1856.28,2439.65,0.0,0.0,0.6772,0.890024,0.0,1,0.0256887509,2.0674826669,2.1128151396003148,Test
ORUKOD_clean,4.98278,3.59875,4.86135,1.67769,666.045,397.001,0.0,0.0,0.4328,0.257974,0.0,1,0.0386971618,1.453782582,1.4628850783443312,Test
ORULEU_clean,5.09262,3.5697,5.08241,1.45149,909.467,626.575,0.0,0.0,0.458,0.315538,0.0,1,0.053203983,2.2803626333,2.145142305266011,Train
OSAVEK_clean,5.46185,5.06196,5.40742,0.991485,1397.48,1409.49,0.0,0.0,0.5638,0.568642,0.0,1,0.029624708,2.147436274,2.13983616982035,Train
OSAVUA_clean,5.76863,5.59566,5.76863,0.884314,1778.32,2010.97,0.0,0.0,0.631,0.713547,0.0,1,0.02941344,2.4001384645,2.3547265901686742,Train
OSAWEL_clean,5.275,4.57502,5.23103,1.20581,1256.21,1041.8,0.0,0.0,0.5198,0.43108,0.0,1,0.0736732579,2.9699804962000003,3.0354068733735238,Train
OSIKIL_clean,8.13936,7.62995,8.13936,1.21532,2049.41,1686.32,0.0,0.0,0.6656,0.547676,0.0,0,0.0189510578,1.5929257091999998,1.61288794429259,Train
OSIKUX_clean_h,7.70472,6.98844,7.7017,1.09814,1952.99,1778.44,0.770215,0.701379,0.6478,0.589904,0.0,1,0.021118445,1.8311491057,1.7578940512928574,Test
OSIWUJ_clean,4.71118,4.05137,4.70087,1.96063,444.374,226.648,0.0,0.0,0.4546,0.231864,0.0,1,0.0130062959,0.6903198499,0.7324187951801371,Train
OSIXEU_clean,4.48519,3.90629,4.42091,1.97236,391.928,198.71,0.0,0.0,0.4512,0.228762,0.0,1,0.012649959,0.6914024784999999,0.7042735367896005,Train
OSIXIY_clean,4.45544,3.93912,4.44865,1.99203,383.618,192.577,0.0,0.0,0.4342,0.217969,0.0,1,0.0126851388,0.6818815318000001,0.6689220122369008,Train
OSOTUN_clean,6.5088,4.06646,6.48701,1.06518,1477.94,1387.5,25.9444,24.3569,0.587,0.551081,0.0,1,0.0739802692,3.4995555554,3.5083645009861586,Train
OSUVIJ_clean,5.66016,4.49241,5.58709,1.27175,1400.18,1100.98,0.0,0.0,0.5626,0.442381,0.0,1,0.024041266,1.6232809653,1.7026935876349678,Test
OSUWEF_clean,5.4068,4.18826,5.4054,1.41887,599.478,422.503,0.0,0.0,0.4032,0.28417,0.0,1,0.1038179161,2.0698664471,1.9143767804867438,Train
OTABES_clean,7.63161,5.91717,6.56997,0.849248,2347.96,2764.75,0.0,0.0,0.6812,0.802122,0.0,0,0.0552010624,3.8086103824,4.025513974937745,Test
OTALUS_clean,12.67704,9.31362,12.67704,0.655199,1619.49,2471.76,0.0,0.0,0.7266,1.10898,0.0,1,0.0143398624,1.2616367679,1.3141534323715478,Train
OTAQAD_clean,7.25379,5.92825,6.48374,0.846977,2257.66,2665.55,0.0,0.0,0.6554,0.773811,0.0,0,0.0630054873,3.8123496953,3.969362278784345,Train
OTATOT_clean,5.58723,4.86765,5.58723,1.11303,1703.16,1530.2,0.0,0.0,0.5774,0.518764,0.0,0,0.0144954857,1.1996821702,1.182322270299947,Train
OTAVAH_clean,5.59343,4.88116,5.59343,1.10464,1681.99,1522.66,0.0,0.0,0.5666,0.512927,0.0,0,0.0143400039,1.2225429446,1.1555802054789672,Train
OTAVOV_clean,5.7034,4.97261,5.54406,1.0469,1728.96,1651.5,0.0,0.0,0.5858,0.559554,0.0,0,0.014436186,1.2452518633,1.2043297724565996,Train
OTAVUB_clean,5.619,4.89691,5.42117,1.09458,1697.03,1550.39,0.0,0.0,0.5796,0.529517,0.0,0,0.0144129691,1.2124440706,1.1847925856758912,Train
OTAWIR_clean,8.76686,5.54904,8.76285,0.758956,2118.77,2791.7,0.0,0.0,0.6858,0.90361,0.0,1,0.0503378995,3.8999355068,3.6636476816888526,Train
OTECAT_clean,10.77761,8.01894,10.77717,0.584808,2035.46,3480.57,0.0,0.0,0.7422,1.26913,0.0,1,0.0281382359,2.5629945483000003,2.369430910397297,Test
OTEGUR_clean,7.28809,7.1769,7.28809,1.35972,1613.99,1187.0,0.0,0.0,0.5986,0.440239,0.0,0,0.0584932053,3.9652823393,3.969251826466941,Train
OTEHAY_clean,7.22049,7.09442,7.20844,1.32207,1634.16,1236.06,0.0,0.0,0.6156,0.465632,0.0,0,0.0492714706,3.6065882939,3.6401233207450097,Train
OTIBUQ_clean,7.49622,5.20769,7.4368,0.82052,1944.83,2370.25,0.0,0.0,0.6366,0.775849,0.0,0,0.1319408625,5.1411797453,5.085302104615255,Train
OTIJAE_clean,7.04903,4.97186,7.04895,1.01719,2261.56,2223.34,0.0,0.0,0.6676,0.65632,0.0,0,0.0138497426,1.2819037431,1.2524853509678078,Train
OTIPAK_clean,5.73499,5.10341,5.72616,1.20537,1243.12,1031.31,0.0,0.0,0.5414,0.449155,0.0,0,0.0765148664,2.9511776605,3.0334665686380373,Train
OTIPEO_clean,5.44422,3.64653,5.43023,1.30852,1112.97,850.554,0.0,0.0,0.552,0.421851,0.0,1,0.0816751056,3.1419335151,3.1406521472639075,Train
OTIPUE_clean,4.56896,3.82437,4.54982,1.42368,625.25,439.178,0.0,0.0,0.419,0.294307,0.0,0,0.0652709481,1.9573160366,1.9711099068214806,Train
OTIQAL_clean,5.97222,5.38811,5.95841,1.10964,1272.64,1146.9,0.0,0.0,0.5134,0.462673,0.0,0,0.0471397762,2.5026612201,2.5843154569120994,Train
OTODEI_clean,4.84074,4.45864,4.84074,1.17554,1203.72,1023.97,0.0,0.0,0.5354,0.45545,0.0,1,0.0181366978,1.4503522715,1.3966002341460149,Test
OTODOS_clean,5.33134,5.0692,5.30094,1.13572,1496.22,1317.43,0.0,0.0,0.5556,0.489207,0.0,1,0.0216018813,1.654873492,1.651244252485336,Test
OTOLIU_clean,6.25402,4.56727,6.25402,0.748874,3565.69,4761.4,0.0,0.0,0.7372,0.984411,0.0,0,0.0288128732,2.6676415853,2.65987110754999,Test
OTOVAW_clean,4.51109,3.41338,4.48101,1.61175,574.481,356.434,0.0,0.0,0.423,0.262448,0.0,0,0.0557515167,1.6970909486,1.774246520856665,Train
OTOVIE_clean,5.10968,4.35413,5.09224,1.37878,906.647,657.571,0.0,0.0,0.4582,0.332323,0.0,0,0.0570547947,2.0753431235,2.131225529551335,Train
OTUDEO_clean,11.1719,10.22736,11.1719,0.861706,1688.22,1959.16,0.0,0.0,0.6512,0.75571,0.0,1,0.021355845,1.6670627597999998,1.793882038394306,Train
OTUDIS_clean,11.15528,10.21239,11.15528,0.865137,1694.91,1959.13,0.0,0.0,0.6454,0.746009,0.0,1,0.0218913348,1.6812128665,1.8893966374050903,Test
OTUXUX_clean,4.86145,3.74941,4.84403,1.24376,901.8,725.062,0.0,0.0,0.4716,0.379174,0.0,0,0.1319274213,3.1635922557,3.1549100548380347,Train
OTUYEJ_clean,6.23847,3.92545,6.16497,1.66734,1557.5,934.127,0.0,0.0,0.5496,0.329627,0.000239904,1,0.0116035855,0.9954899691,0.9429790819251304,Test
OVEHUT_clean,6.55703,4.29128,6.55703,1.17548,2147.07,1826.55,0.0,0.0,0.6548,0.557051,0.0,1,0.0313613203,2.6319167589,2.458144942532598,Train
OVEJIJ_clean,6.31656,4.24661,6.2524,1.60097,1225.59,765.53,134.792,84.1937,0.5422,0.33867,0.0,1,0.0265453036,1.7096715821,1.57689943058109,Test
OVEXOD_clean,5.7329,3.62145,5.72476,1.46061,416.232,284.972,0.0,0.0,0.379,0.259481,0.0,1,0.011687121,0.6379803176,0.6454590224687893,Train
OVICUS_clean,5.87924,5.2518,5.87924,1.52853,828.26,541.866,0.0,0.0,0.4388,0.287073,0.0,1,0.0537283719,1.7121428708000002,1.8241680239669658,Train
OVIWIA_clean,4.70586,3.71228,4.70586,2.66834,1137.35,426.241,0.0,0.0,0.5094,0.190905,0.0,1,0.0131863666,0.9391815388,0.9159563476213735,Train
OVIZID_clean,5.3844,4.07127,5.3844,1.26325,906.56,717.64,0.0,0.0,0.4818,0.381397,0.0,1,0.0298327351,1.8317299341,1.6177819729489518,Test
OVUCOY_clean,6.51812,4.71987,6.51261,2.41124,1158.77,480.568,0.0,0.0,0.5524,0.229094,0.0,1,0.0113700342,0.8052110638,0.80760003080993,Train
OVUDAL_clean,7.09169,4.92914,7.08099,2.29972,1368.63,595.127,0.0,0.0,0.5708,0.248204,0.0,1,0.0099764224,0.7926937062999999,0.7627397837203027,Train
OWAVIS_clean,9.58182,5.9765,9.29598,0.840674,2344.57,2788.91,0.0,0.0,0.7226,0.859548,0.0,1,0.0238620609,2.1806594844,2.158855984375697,Train
OWAVOY_clean,8.02011,4.26959,8.02011,1.00925,2055.28,2036.44,0.0,0.0,0.642,0.636114,0.0,1,0.0446288968,3.1393697814,3.201402663054071,Train
OWETIU_clean,6.92899,4.15657,6.92674,3.31737,1014.79,305.901,78.2458,23.5867,0.4912,0.148069,0.0,1,0.0029686647,0.2381224615,0.23674852761640386,Train
OWEYOF_clean,6.37079,4.45129,6.36918,1.04803,1419.15,1354.11,0.0,0.0,0.5498,0.524602,0.0,0,0.0916003731,4.2742502047,4.1287605338148365,Train
OWIHEJ_clean,7.35052,7.17386,7.35052,1.33314,1629.69,1222.45,0.0,0.0,0.6108,0.458167,0.0,0,0.0536209789,3.775809421,3.848004542533017,Test
OWIHIN_clean,7.33344,7.17038,7.33344,1.33826,1633.23,1220.41,0.0,0.0,0.6104,0.456115,0.0,0,0.0552368133,3.8292644016,3.839494905768655,Test
OWIHOT_clean,7.42387,7.28396,7.42387,1.32488,1634.57,1233.75,0.0,0.0,0.6134,0.462986,0.0,0,0.0542620149,3.834134862,3.7979865616635484,Train
OWIHUZ_clean,7.37728,7.20219,7.37728,1.32559,1638.53,1236.07,0.0,0.0,0.613,0.462436,0.0,0,0.0524360337,3.766103819,3.8022793498537646,Train
OWIJAH_clean,7.38305,7.21509,7.38305,1.32603,1628.6,1228.17,0.0,0.0,0.6114,0.461074,0.0,0,0.0534585125,3.7740876302,3.8345017116495512,Test
OWIJEL_clean,7.46814,7.33893,7.46814,1.32685,1640.34,1236.26,0.0,0.0,0.612,0.461241,0.0,0,0.0526267551,3.7714952314,3.7389771268141176,Train
OWIJIP_clean,7.46558,7.33479,7.46558,1.3287,1650.48,1242.18,0.0,0.0,0.6126,0.461053,0.0,0,0.0530435168,3.7754385738,3.779680357561262,Test
OWIJOV_clean,7.41619,7.28781,7.41619,1.32565,1655.33,1248.7,0.0,0.0,0.6148,0.463773,0.0,0,0.0545798839,3.8077340705,3.7956335607302485,Train
OWILAJ_clean,8.92733,6.71409,8.92733,0.968913,1708.71,1763.53,0.0,0.0,0.6184,0.638241,0.000412834,1,0.0230837782,1.6983897850999998,1.9186798114092873,Test
OWIYUP_clean,8.24396,6.91953,8.2349,0.925347,1653.05,1786.41,0.0,0.0,0.6152,0.664832,0.0,1,0.037191726,2.3102149366,2.7805648979219493,Test
OWIZAW_clean,14.23644,11.75665,14.23644,0.378656,1891.92,4996.41,0.0,0.0,0.8398,2.21785,0.0,1,0.0216115977,2.0163308184,2.0675537258401544,Train
OWUWOU_clean,5.606,4.2786,5.606,1.14741,1253.9,1092.81,0.0,0.0,0.529,0.461039,0.0,1,0.0279790777,1.8753623782,1.8639581027953238,Test
OWUWUA_clean,5.57616,4.37097,5.56477,1.14473,1062.1,927.816,0.0,0.0,0.5102,0.445693,0.0,1,0.0356921997,2.0465476397,2.034524158177536,Test
OXALAB_clean,7.26534,5.19998,7.26225,0.828762,2095.62,2528.62,0.0,0.0,0.6488,0.782855,0.0,0,0.0282151874,2.4279714172,2.394406745864346,Test
OXALEF_clean,7.18754,5.18545,7.18754,0.839237,2049.14,2441.67,0.0,0.0,0.6438,0.767126,0.0,0,0.0295047419,2.4995570771,2.486552787087959,Test
OXALIJ_ion_b,7.03961,4.95922,7.03961,0.942672,1903.34,2019.09,0.0,0.0,0.627,0.66513,0.0,0,0.0205534344,1.7225101545,1.7299653434905249,Test
OXALOP_clean,5.88824,4.43891,5.88824,1.02509,1694.61,1653.14,0.780383,0.761286,0.599,0.584341,0.0,1,0.0490920426,2.9444873262,3.0020719837250276,Train
OXALUV_SL,9.15018,6.54946,9.15011,0.800859,2321.96,2899.33,0.0,0.0,0.7128,0.890045,0.0,0,0.03084025,2.6646090134,2.5781476399591323,Test
OXEVOE_clean,5.9996,4.29075,5.9996,1.32095,787.004,595.785,77.213,58.4525,0.5,0.378515,0.0,1,0.0364084911,1.9317918271,1.7837570144660575,Train
OXITOF_clean,6.28705,5.508,6.2848,1.24834,1230.37,985.608,0.0,0.0,0.5144,0.412068,0.0,1,0.0133757704,1.1388027618,1.092476119076348,Train
OXOLAP_SL,19.10077,13.85784,19.10077,0.601751,1192.03,1980.93,80.0846,133.086,0.7556,1.25567,0.000332363,0,0.0642106187,1.8331729231,1.8761502575853672,Train
OXOZUY_clean,8.19821,4.66417,8.1974,0.956716,1690.02,1766.48,0.0,0.0,0.6112,0.638852,0.0,1,0.0524688774,2.8605997085,3.168326253197414,Train
OXUPUT_clean,9.06209,8.39643,9.06209,1.93215,1090.05,564.166,13.9927,7.24204,0.573,0.296561,0.0,1,0.0148088303,1.0651446517,1.1114360858965449,Train
OYEJOS_clean,9.55583,4.63693,9.55583,0.834794,1714.96,2054.35,0.0,0.0,0.6424,0.769531,0.0,1,0.0176341691,1.6041761968,1.590212198444344,Test
OYERER_clean,14.32515,11.45272,14.00664,0.462369,2190.15,4736.81,0.0,0.0,0.8394,1.81543,0.0,1,0.0140694553,1.3480027618,1.3951632322568726,Test
OYERIV_clean,14.68028,11.95217,14.68028,0.792697,1463.31,1845.99,123.823,156.204,0.696,0.878015,0.0,1,0.0513023989,1.9856181985,2.145801909166351,Test
OYEROB_clean,9.45168,7.14174,9.44893,0.790347,2325.92,2942.91,0.982216,1.24277,0.7298,0.923392,0.0,1,0.019851155,1.7300041577,1.762642063930034,Train
OYERUH_clean,7.57942,6.42809,7.56103,1.08661,1656.01,1524.01,185.649,170.851,0.6376,0.586778,0.0,1,0.0543429873,2.0081196195,2.12821850308761,Train
OYEWEW_clean,9.10111,6.40889,9.10064,0.579676,2406.76,4151.9,0.0,0.0,0.7488,1.29176,0.0,1,0.0367232552,3.109784119,2.9776955391394755,Test
OYEWIA_clean,10.37041,7.95909,10.26711,0.677921,2034.96,3001.77,0.0,0.0,0.7108,1.0485,0.0,1,0.0395101883,3.0779923782,2.711880344114789,Test
OYIVEY_clean,8.41834,4.77784,8.41834,1.02358,1872.15,1829.01,0.0951624,0.0929698,0.626,0.611576,0.0,1,0.0286462389,2.3173188707,2.2563015476084574,Test
OYIVIC_clean,5.5413,4.80567,5.5333,1.19582,1382.4,1156.02,0.0,0.0,0.5784,0.483684,0.0,1,0.0294773765,1.9878612734,1.9948122755518178,Test
OYIVOI_clean,5.54513,4.92009,5.54513,1.34386,1289.96,959.889,0.0,0.0,0.5594,0.416262,0.0,1,0.0277295044,1.7582673,1.7597522709541527,Test
OYOSAX_clean,5.10436,4.21189,5.06572,1.19023,1067.87,897.196,0.0,0.0,0.5162,0.433699,0.0,1,0.0408925718,2.1776121835,2.22478137591904,Test
OZAVES_clean,5.64539,5.08904,5.62805,1.07782,1464.13,1358.41,0.0,0.0,0.5738,0.532369,0.0,1,0.0346609892,2.3135504198,2.3534532864375572,Test
OZAVOC_clean,6.46772,5.63481,6.46128,1.35316,1406.83,1039.66,0.0,0.0,0.5486,0.40542,0.0,1,0.0372957699,2.3868872455,2.232992786879742,Train
OZAVUI_clean,5.43678,4.75451,5.43678,1.24526,1365.54,1096.59,0.0,0.0,0.5928,0.476044,0.0,1,0.0276129656,1.9020777995,1.8509352771100374,Test
OZUKOL_clean,11.66314,11.04095,11.6623,1.07501,1570.69,1461.09,0.0,0.0,0.6578,0.611902,0.0,1,0.0162500038,1.5162832141999998,1.5193473151450285,Train
OZUKUR01_clean,12.00308,11.20848,12.00308,1.04914,1577.91,1504.01,0.0,0.0,0.6712,0.639764,0.0,1,0.0145266972,1.348143731,1.330960121775977,Train
OZUKUR_clean,11.77684,11.08852,11.77544,1.07383,1569.26,1461.37,0.0,0.0,0.6592,0.613879,0.0,1,0.015723415,1.5018094480000002,1.457884919644976,Train
OZULAY_clean,11.76704,10.98127,11.76502,1.07223,1568.4,1462.75,0.0,0.0,0.6546,0.610504,0.0,1,0.0159198863,1.472971574,1.4771795642832113,Train
OZULUS_clean,11.30509,10.53212,11.30463,1.32172,1536.26,1162.31,0.0,0.0,0.6386,0.483157,0.0,1,0.015483207,1.4470359819,1.4328006497015722,Train
OZUMAZ01_clean,11.42001,10.68224,11.42001,1.32181,1528.59,1156.43,0.0,0.0,0.6378,0.482518,0.0,1,0.0156553099,1.4490795957,1.4338093365924078,Test
OZUMAZ_clean,11.32593,10.60044,11.32547,1.32216,1533.89,1160.14,0.0,0.0,0.6396,0.483754,0.0,1,0.0152592138,1.4255611725,1.4004337615302562,Test
OZUMIH_clean,11.34307,10.585,11.34288,1.32207,1537.23,1162.75,0.0,0.0,0.6412,0.484999,0.0,1,0.0160989721,1.4963983796,1.4861516049364139,Train
PACGIM_clean,5.65368,4.16479,5.64778,1.04531,2243.67,2146.41,0.0,0.0,0.631,0.603646,0.0,0,0.0398223686,2.8835747817,2.9840804298300956,Test
PACZOK_clean,14.42262,6.94223,14.41025,1.08844,2172.35,1995.84,0.0,0.0,0.7086,0.651024,0.0,1,0.0081727119,0.7834585933,0.7484037678955473,Train
PACZUQ_clean,6.93068,4.23947,6.93068,1.54491,905.644,586.213,0.0,0.0,0.4772,0.308886,0.0,0,0.0039174745,0.3369302329999999,0.37019691656070264,Train
PAFMUH_clean,4.1569,3.45207,4.13312,1.53558,373.555,243.267,0.0,0.0,0.4318,0.281197,0.0,1,0.0283320491,1.2373636420999998,1.4874290742956198,Test
PAHPOG_clean,7.73062,5.40152,7.60787,0.954052,1660.24,1740.2,0.0,0.0,0.5924,0.620931,0.0,1,0.0357107712,2.8002890656,2.681875472759951,Test
PAJSAX_clean,11.72543,11.19673,11.71838,0.847503,1673.18,1974.24,0.0,0.0,0.6882,0.812032,0.0,0,0.0207552817,1.6984477845,1.7941165071357776,Train
PAKFAL_clean,4.75354,4.10738,4.75354,2.43205,513.87,211.291,0.0,0.0,0.3964,0.16299,0.0,1,0.0041852126,0.2982075509,0.28810923722737236,Train
PAKFEP_clean,4.86901,4.27875,4.86901,1.90484,508.538,266.971,0.0,0.0,0.3924,0.206001,0.0,1,0.0050268181,0.3679732885,0.34990710722659135,Train
PAKXIK_clean,5.56128,3.90775,5.56038,1.25158,1486.65,1187.82,19.61,15.6682,0.5744,0.458939,0.0,1,0.0275568765,1.9000101122,2.0190844047405716,Test
PALTON_clean,12.85281,10.88454,12.85281,0.723595,1862.94,2574.56,0.0,0.0,0.677,0.935606,0.0,1,0.0517334968,3.1962275572000003,3.142640232809404,Train
PAMHIW_clean,9.2687,4.50421,9.2687,0.952087,1296.4,1361.64,427.264,448.766,0.6164,0.64742,0.0,0,0.0464883231,3.3215222657,3.2119904394896355,Train
PAMTII_clean,12.14001,5.49468,12.1397,0.953828,2043.58,2142.5,0.0,0.0,0.7082,0.742482,0.0,1,0.0356964606,1.8740316617,2.394846642168739,Test
PAMTOO_clean,12.35154,5.62136,12.35154,0.923606,1995.9,2160.98,0.0,0.0,0.7096,0.768293,0.0,1,0.0338246017,1.8331804291,2.387684802998088,Test
PAMTUU_clean,12.40087,5.62514,12.40087,0.908425,2011.92,2214.73,0.0,0.0,0.6952,0.76528,0.0,1,0.0330989042,1.8377315552,2.374349886959454,Test
PAMVEG_clean,4.06328,3.71255,4.05877,1.30742,297.768,227.753,0.0,0.0,0.4276,0.327056,0.0,1,0.0070851534,0.5437292394,0.5545295139971438,Train
PAPROO_clean,7.19025,5.05276,7.19025,1.91608,861.592,449.664,0.0,0.0,0.4326,0.225774,0.0,0,0.0149473247,0.9312868611,0.9389522819185466,Test
PAPRUU_clean,7.39284,4.83476,7.39284,1.80811,810.66,448.345,0.0,0.0,0.438,0.242241,0.0,0,0.0137801349,0.819312832,0.8950657777652007,Train
PAPVAF_clean,10.09597,6.84011,9.58875,0.817097,2396.15,2932.52,0.0,0.0,0.7324,0.896344,0.0,1,0.0209275835,1.876844759,1.894840098423898,Train
PAPXUB_clean,4.14867,3.74838,4.12901,1.41027,380.17,269.572,0.0,0.0,0.4056,0.287604,0.0,0,0.0496089047,1.5400847102000002,1.7460720841237616,Test
PAQMEB_clean,5.66983,3.45515,5.06855,2.32316,1166.36,502.057,0.0,0.0,0.4938,0.212555,0.0,1,0.0078668382,0.6660072614,0.668224945315673,Train
PAQVEK_clean,5.27989,4.58936,5.26433,1.11804,1118.78,1000.66,0.0,0.0,0.502,0.449,0.0,1,0.0678957062,2.8264095813,2.8659984552049393,Train
PARHAS_clean,6.90619,6.37667,6.76731,0.69817,2236.54,3203.43,0.0,0.0,0.6838,0.979418,0.0,1,0.0156713496,1.4839135152,1.5097948745097205,Train
PARHEW_clean,7.38605,6.67234,7.38605,0.632325,2400.53,3796.35,0.0,0.0,0.7148,1.13043,0.0,1,0.0162778456,1.5596067697,1.5814915791156685,Train
PARKUQ01_clean,6.67552,5.18428,6.65544,1.17133,2054.42,1753.92,0.0,0.0,0.6446,0.550316,0.0,0,0.0295357133,2.4227087167,2.342416933610319,Train
PARMIG_clean,4.62483,4.28304,4.62483,1.33462,793.109,594.261,0.0,0.0,0.4652,0.348565,0.0,0,0.4093611821,4.5818262103,4.42610176838452,Train
PARNIH_clean,8.32489,6.77668,8.32489,0.861017,1951.67,2266.71,0.0,0.0,0.6712,0.779544,0.0,1,0.0182236977,1.5417169944,1.6451541812796902,Train
PARNON_clean,7.81335,6.23608,7.8124,0.973393,1971.82,2025.72,0.0,0.0,0.6118,0.628523,0.0,1,0.0263285958,2.0571829787,2.131742518511162,Train
PASMUT_clean,5.21671,3.87145,5.2007,1.45236,1664.76,1146.24,0.0,0.0,0.5822,0.400864,0.0,1,0.021462949,1.5136048264,1.593667799027723,Test
PASNAA01_clean,4.83008,3.80459,4.83008,1.46381,1335.98,912.674,0.0,0.0,0.51,0.348405,0.0,1,0.0229677767,1.6756273404,1.7002942376003678,Train
PASNAA_clean,4.89594,3.826,4.89193,1.4497,1354.61,934.408,0.0,0.0,0.5164,0.356212,0.0,1,0.0226405893,1.6424727857,1.6767488585044572,Test
PASTOU_clean,6.66976,4.5166,6.66976,1.58721,797.598,502.516,0.0,0.0,0.4778,0.301032,0.0,1,0.0138031819,0.8779481878000001,0.9133390064019447,Test
PATNAB_clean,9.14224,6.89364,9.14224,1.35956,1803.58,1326.59,0.0,0.0,0.6728,0.494866,0.0,1,0.0079364615,0.7558426398,0.7212637533408579,Train
PATWOY_clean,7.80785,6.68696,7.80785,0.911859,1500.87,1645.94,0.0,0.0,0.5982,0.656023,0.0,1,0.0433023992,2.6106306809,2.885823524710902,Test
PAVLOO_clean,4.63098,4.29599,4.63098,1.36764,915.445,669.362,13.6565,9.98545,0.5494,0.401715,0.0,1,0.1185211914,3.4093697104,3.387615106180834,Train
PAVMAB_clean,4.70831,4.3739,4.70531,1.34518,952.077,707.768,16.532,12.2898,0.553,0.411097,0.0,1,0.1101547777,3.3363073731,3.4139523863560663,Train
PEBNEP_clean,4.70974,3.99855,4.70974,1.47945,319.51,215.966,0.0,0.0,0.4064,0.274697,0.0,1,0.0226862028,0.9293465991,0.9683486245238652,Test
PECLEP_clean,5.39206,3.58035,5.25926,1.26009,1193.65,947.27,0.0,0.0,0.492,0.390447,0.0,0,0.0637873738,2.635129417,2.732676361384012,Test
PEDMER_clean,4.87431,3.86596,4.87431,1.94999,1030.99,528.717,0.0,0.0,0.5166,0.264924,0.0,1,0.0335408067,1.6242830258,1.6639403832586124,Test
PEDMOB_clean,6.13543,5.59613,6.13543,1.47554,899.4,609.538,0.0,0.0,0.4724,0.320153,0.0,1,0.0157951257,1.1378766415,1.0838331473803215,Train
PEDRIA_clean,15.09269,7.93434,15.07573,0.589901,2245.43,3806.46,0.0,0.0,0.8114,1.37549,0.0,0,0.0158810917,1.5284150558,1.533273272682806,Train
PEFJUF_clean,6.61682,6.0615,6.61682,1.19245,2068.35,1734.53,0.0,0.0,0.6212,0.520944,0.0,0,0.1414736372,5.2826520845,5.342979497726111,Train
PEFRID01_clean,6.55951,5.47634,6.55951,1.31717,1348.3,1023.64,0.0,0.0,0.552,0.419081,0.0,1,0.0408769634,2.2454039554,2.253898349204627,Train
PEFRID_clean,9.83364,8.16227,9.74315,1.01836,1671.9,1641.77,0.0,0.0,0.6476,0.635927,0.0,1,0.0256331505,2.0767779892,2.039142430230294,Test
PEFRUP01_clean,6.70842,5.60789,6.69161,1.32053,1380.71,1045.57,0.0,0.0,0.5546,0.419982,0.0,1,0.0400090421,2.2317202952,2.2960322749494924,Train
PEFRUP_clean,9.50189,8.00757,9.50189,1.0519,1670.24,1587.83,0.0,0.0,0.6432,0.611463,0.0,1,0.0260565065,2.0517251321,2.0252198172649356,Test
PEFSUQ_clean,6.71056,3.90525,6.68671,1.19472,875.451,732.768,0.0,0.0,0.5094,0.426377,0.0,1,0.0063015191,0.5528424679999999,0.5571993264825066,Train
PEGBAG_clean,4.42914,3.59275,4.42914,1.43063,530.361,370.719,0.0,0.0,0.4708,0.329086,0.0,1,0.0139355924,0.9063366657,0.9951383322961559,Test
PEGBUA_clean,4.24178,3.44241,4.23659,1.42808,542.261,379.715,0.0,0.0,0.474,0.331915,0.0,1,0.018672774,1.0445571609,1.1691537148566724,Test
PEGCAH_clean,4.41751,3.55963,4.41517,1.40923,648.294,460.035,0.0,0.0,0.4816,0.341747,0.0,1,0.0260458752,1.3482843746000002,1.5652737491030408,Test
PEGCEL_clean,4.60881,3.89017,4.60881,1.36646,760.056,556.224,0.0,0.0,0.4938,0.361373,0.0,1,0.0269024772,1.4689244071,1.5395749037619992,Train
PEGCIP_clean,5.4738,4.63859,5.45736,1.20371,1399.17,1162.38,0.0,0.0,0.5244,0.435652,0.0,1,0.0496212713,2.6572871069,2.6677756896979576,Train
PEGPOI_clean,4.98627,3.51233,4.9807,1.99017,618.984,311.02,0.0,0.0,0.3962,0.199078,0.0,1,0.0275963961,1.0289541059,1.1806349932712852,Test
PEGQID_clean,5.05756,3.46018,5.04486,2.49056,625.358,251.092,0.0,0.0,0.3982,0.159884,0.0,1,0.0148999648,0.6674194838,0.6824135936519773,Train
PEGQOJ_clean,5.06893,3.45218,5.06893,2.53315,611.744,241.495,0.0,0.0,0.3936,0.15538,0.0,1,0.0150366552,0.6754275215000001,0.6901338656001892,Test
PEGQUP_clean,4.99244,3.49069,4.98026,2.64253,618.757,234.153,0.0,0.0,0.3906,0.147813,0.0,1,0.016235611,0.6712645941,0.7611143212294547,Train
PEHQID_neutral,5.14211,3.77935,5.14211,1.46568,1144.37,780.78,0.0,0.0,0.5232,0.356968,0.0,0,0.0199454643,1.2753759422,1.342748287035155,Test
PEHTON_clean,5.79765,4.80371,5.79765,1.25943,995.966,790.809,0.0,0.0,0.488,0.387478,0.0,1,0.0098412805,0.786778695,0.7926398317758929,Train
PEJFOA_clean,4.64383,3.88697,4.63782,2.21077,775.822,350.929,123.298,55.7717,0.4612,0.208615,0.0,1,0.4025519998,2.9079790227,2.9548454482009605,Train
PEJFUG_clean,5.6094,5.1902,5.6094,2.02674,953.383,470.404,0.0,0.0,0.4916,0.242558,0.0,0,0.2419887361,3.0049606131,2.961418873750056,Train
PEJMOI_clean,7.77261,4.72411,7.77261,1.78918,1087.16,607.629,0.0,0.0,0.4986,0.278675,0.0,1,0.0145038445,0.9327822969,1.0102255015032469,Train
PEJNUP_clean,9.7414,9.14394,9.67281,0.771129,2269.17,2942.66,0.0,0.0,0.7412,0.961188,0.0,0,0.0248702423,2.2845407056,2.212723895390547,Test
PEKCUF_clean,8.20333,5.43297,8.20152,0.769862,2179.49,2831.01,0.0,0.0,0.6652,0.864051,0.0,1,0.0269201047,2.3306463346,2.4058924386452176,Test
PEKDAM_clean,6.66878,5.26481,6.65683,0.823111,2211.99,2687.35,0.0,0.0,0.6464,0.785313,0.0,1,0.0296894813,2.5009167472,2.512439032464475,Train
PEKZIP_clean,4.53518,4.08657,4.53518,1.41548,619.125,437.397,0.0,0.0,0.4398,0.310708,0.0,1,0.0253628005,1.2437934912000002,1.3310257494693838,Train
PELGOE_clean,4.61976,3.65124,4.60921,1.18989,1005.69,845.196,0.0,0.0,0.5078,0.426764,0.0,1,0.0432611057,2.4230098715,2.3741111445837526,Test
PELQII_clean,9.06577,7.1819,8.76719,0.671525,2063.21,3072.43,0.0,0.0,0.712,1.06027,0.0,1,0.0293133305,2.2072266184,2.4916623694369746,Test
PELRIJ_clean,21.55746,10.38341,21.54289,0.51708,1832.88,3544.68,0.0,0.0,0.8016,1.55024,0.0,1,0.02499815,2.1724093356,2.232978518851087,Test
PELXIP_clean,5.04305,3.66818,5.03506,1.84132,581.447,315.776,13.9718,7.58794,0.4556,0.247431,0.0,1,0.0278079465,1.2898289781,1.3107613140945298,Train
PEMREG_clean,9.06566,7.46673,9.06566,0.753022,2058.76,2734.0,0.0,0.0,0.7058,0.93729,0.0,1,0.0197583274,1.761000641,1.8088462763239548,Test
PEMRIK_clean,6.31603,3.45605,6.31603,1.18528,1197.81,1010.57,0.0,0.0,0.5532,0.466723,0.0,1,0.059243604,2.8151338001,2.9479974751319324,Test
PENNAZ_clean,8.96214,8.00387,8.96214,0.962495,1990.53,2068.1,0.0,0.0,0.7004,0.727692,0.0,1,0.022072613,1.7947442406999998,1.8893557319546284,Test
PENNON_clean,7.9329,6.23525,7.71711,0.684898,2586.98,3777.17,0.0,0.0,0.7318,1.06848,0.0,1,0.0215143899,2.0100270232,2.0244198544289937,Test
PENNUT_clean,5.51848,4.07497,5.51848,1.34514,1276.26,948.789,0.0,0.0,0.5072,0.377061,0.0,1,0.026408791,1.7475043419,1.7476989992179464,Test
PENYIR_clean,5.70014,3.65365,5.70014,1.6367,929.089,567.66,64.7109,39.5375,0.5088,0.31087,0.0,1,0.0330247617,1.4613395591,1.6939083117159721,Test
PENZIS_clean,5.20436,4.63461,5.20306,1.48152,1841.93,1243.27,0.0,0.0,0.653,0.440764,0.0,0,0.0246801202,1.7741361587,1.8974840996350832,Test
PEPBAO_clean,5.10254,3.95909,5.10254,1.42412,833.906,585.559,0.0,0.0,0.4934,0.34646,0.0,0,0.0289597139,1.3773841430000002,1.4625683923828077,Train
PEPFAT_clean,10.91726,6.85852,7.70966,1.0029,2251.01,2244.49,0.0,0.0,0.6862,0.684214,0.0,1,0.031129501,2.5166565601,2.474522115826873,Train
PEPKOL_clean,4.51864,3.40095,4.50908,1.52523,488.244,320.112,0.0,0.0,0.42,0.275368,0.0,0,0.0539774118,1.8459950532,1.7940483608130928,Train
PEPKUR_clean,4.38796,3.85266,4.37809,1.51141,576.087,381.159,0.0,0.0,0.4116,0.272329,0.0,0,0.0646996317,2.1919374278,2.079306319523923,Train
PEPLAY_clean,6.74837,6.3776,6.72825,1.05651,1615.67,1529.25,0.0,0.0,0.6178,0.584755,0.0,0,0.0294625364,2.3519446163,2.360565928556055,Train
PEPLEC_clean,7.22831,6.81306,7.22831,1.03011,1642.0,1594.0,0.0,0.0,0.618,0.599935,0.0,0,0.027096589,2.2925524853,2.3871003849550108,Test
PEPLIG_clean,6.77242,6.39006,6.75097,1.04905,1614.89,1539.38,0.0,0.0,0.6148,0.586054,0.0,0,0.0275113511,2.2357084364,2.2273926984540404,Train
PEPLOM_clean,5.48105,5.23227,5.47438,1.20095,1296.27,1079.37,0.0,0.0,0.5572,0.463966,0.0,0,0.0382050004,2.2243259214,2.25446496983311,Test
PEQRUZ_clean,5.68699,4.77458,5.65626,1.19715,1015.07,847.906,0.0,0.0,0.4752,0.396942,0.0,1,0.1020958926,3.2229356195,3.109293187360389,Train
PEQWAK_clean,5.99001,5.4678,5.99001,1.06078,1335.71,1259.17,0.0,0.0,0.5666,0.534134,0.0,1,0.033950376,2.2601850253,2.24672476827093,Test
PESTUD_clean,4.29451,3.77014,4.29451,1.52203,554.299,364.183,0.0,0.0,0.4078,0.267931,0.0,0,0.0658020687,2.1279214236,2.0858953805882146,Train
PETWOC_clean,9.15829,4.1058,9.15829,1.69456,1870.12,1103.6,0.0,0.0,0.6222,0.367174,0.000472098,0,0.0148309346,1.1527307323,1.1751994676785344,Train
PEVFON_clean,11.13773,3.47627,11.13633,0.923906,1490.46,1613.21,0.0,0.0,0.6306,0.682537,0.0,0,0.0137461966,1.2800416169,1.28429381085898,Test
PEVLIN_clean,4.23888,3.58587,4.23888,1.92889,451.698,234.175,0.0,0.0,0.4172,0.21629,0.0,1,0.017308532,1.0823615591,0.9921519724527954,Train
PEVQIS_clean_h,14.89727,7.78421,14.89178,0.605776,2230.04,3681.29,0.0,0.0,0.8056,1.32986,0.0,0,0.015994731,1.5571444905,1.5338702039537282,Test
PEVQOY_clean_h,14.80942,7.88362,14.80084,0.613708,2232.3,3637.4,0.0,0.0,0.8108,1.32115,0.0,0,0.0168693477,1.6561760643,1.6095106319946835,Train
PEVXAQ_clean,4.99995,3.63805,4.93929,1.21492,686.301,564.895,0.0,0.0,0.4752,0.391137,0.0,1,0.0215356193,1.2802746481,1.2701260811062274,Test
PEWGEF_clean,9.8037,7.11476,9.8037,1.04146,1816.14,1743.84,0.0,0.0,0.6896,0.662146,0.0,1,0.0097609727,0.9260032627,0.9204206435751536,Train
PEWLUA_clean,17.77125,7.51947,12.45937,0.588936,2255.4,3829.62,0.0,0.0,0.7974,1.35397,0.0,1,0.0243085391,2.2035341007,2.1838895139478574,Train
PEWXUL01_clean,5.54275,4.60824,5.54275,1.0598,1055.66,996.092,0.0,0.0,0.5124,0.483488,0.0,0,0.0448591891,2.649240654,2.5558404293601797,Train
PEWXUL_clean,5.34544,4.38509,5.34544,1.05997,1077.55,1016.58,0.0,0.0,0.5136,0.48454,0.0,0,0.0554629102,2.9216356189,2.8555982614870263,Train
PEXFAA_clean,6.38992,4.78581,6.38785,0.722856,2527.72,3496.86,0.0,0.0,0.6962,0.963124,0.0,1,0.0260109663,2.3670608077,2.3628710694032002,Test
PEXTUI_clean,5.13294,4.08127,4.81094,1.41697,1690.94,1193.35,0.0,0.0,0.6078,0.428944,0.0,1,0.0354382471,2.2665036335,2.3846640316761967,Test
PEYPAM_SL,6.47723,4.9888,6.46954,1.38224,1403.34,1015.27,0.0,0.0,0.5238,0.378951,0.0,0,0.083914335,3.2106960664,3.2435342995820187,Train
PEYPIU_clean,4.73554,3.50341,4.73554,1.41341,845.394,598.124,0.0,0.0,0.4704,0.332812,0.0,0,0.1005620074,2.6456505643,2.6465260207903603,Train
PEYSIW_clean,5.69089,4.7197,5.69089,1.0552,1032.59,978.576,0.0,0.0,0.5102,0.483511,0.0,0,0.0418502724,2.5561163004,2.438748696864578,Train
PEYVEV_clean,8.8911,6.60199,8.13016,1.41868,1212.67,854.793,531.685,374.776,0.6316,0.445204,0.0,1,0.0627465106,3.7076625114,3.6680499708644865,Train
PEZCII_clean,12.50562,10.18861,12.50562,0.9535,1419.23,1488.44,0.0,0.0,0.6362,0.667226,0.0,1,0.0127689267,1.1686985887,1.1470866000706978,Train
PIBGAK_clean,6.08784,5.5601,6.06673,1.08232,1652.36,1526.68,0.0,0.0,0.6232,0.575798,0.0,1,0.0199558085,1.6554516746,1.600994746572838,Test
PIBNUK01_clean,15.37191,14.18335,15.35887,0.42304,1389.84,3285.35,0.0,0.0,0.8366,1.97759,0.0,1,0.0142930433,1.4103629488999998,1.4199026642862156,Train
PIBNUK_clean,15.38411,14.18619,15.38378,0.422713,1393.02,3295.43,0.0,0.0,0.8378,1.98196,0.0,1,0.0146017672,1.4125866347999998,1.4391797942062268,Train
PIBPAS01_clean,10.22467,9.87308,10.22467,0.904434,1674.99,1851.98,0.0,0.0,0.6484,0.716913,0.0,1,0.0166268575,1.4879331695,1.5092330940225755,Test
PIBPIA_clean,15.49369,14.25357,15.47411,0.458724,1374.44,2996.23,0.0,0.0,0.8362,1.82288,0.0,1,0.012251862,1.1987814391,1.1867042669355685,Train
PICTIG_clean,7.17773,5.19524,7.1746,0.956819,2131.67,2227.87,0.0,0.0,0.65,0.679334,0.0,1,0.0286251881,2.2911853691,2.320385651503099,Test
PIDMEV01_clean,7.72003,4.28453,7.71744,1.05835,1674.28,1581.97,0.0,0.0,0.5974,0.564462,0.0,1,0.039286546,2.8740959308,2.750471121398363,Train
PIDMEV_clean,7.7619,4.42953,7.71379,1.03258,1688.46,1635.19,0.0,0.0,0.5902,0.57158,0.0,1,0.0382149745,2.8366151812,2.7619789916602175,Train
PIGXUZ_clean,4.56718,3.56694,4.54309,1.41248,518.542,367.114,0.0,0.0,0.408,0.288854,0.0,0,0.0364550505,1.2088715508,1.5203181102001762,Test
PIHNUQ_clean,4.36505,3.62057,4.36492,1.46153,400.036,273.71,0.0,0.0,0.4114,0.281486,0.0,1,0.0422812094,1.346187263,1.51221118654138,Test
PIHWAG_clean,8.27361,7.69473,8.27361,1.26901,1392.1,1096.99,0.0,0.0,0.5476,0.431516,0.0,0,0.0205416786,1.5949799268,1.6302565580058386,Train
PIHWOU_clean,4.6487,3.54073,4.5523,1.74456,1048.04,600.749,0.0,0.0,0.5644,0.32352,0.0,0,0.1004083184,3.4272524691000004,3.2783723555075337,Train
PIJDIX_clean,5.30724,3.52085,5.26545,1.71921,1128.44,656.369,0.0,0.0,0.5814,0.338178,0.0,1,0.0480591976,1.982047688,2.1449835019464754,Train
PIJJEZ_clean,14.75395,5.96588,14.75395,0.935418,1803.08,1927.56,0.0,0.0,0.656,0.70129,0.0,0,0.0678813231,2.9567053965,3.1259461444422936,Train
PIJJOI_clean,6.12931,4.00789,6.08289,1.09199,859.144,786.767,2.75763,2.52532,0.5414,0.495791,0.0,0,0.0482221676,2.4434419874,2.3839264255235637,Test
PIJROR_clean,8.28575,7.67913,8.28575,1.27602,1385.29,1085.63,0.0,0.0,0.5522,0.432752,0.0,0,0.020529629,1.5901732219,1.6086534162298154,Train
PIQFIG_clean,9.19593,7.79711,9.19593,0.691873,2332.15,3370.77,0.0,0.0,0.7756,1.12101,0.0,0,0.0093681373,0.9377735894,0.9209279745364516,Train
PIQMOT_clean,6.47127,5.32823,6.30186,1.23035,1074.68,873.471,0.0,0.0,0.4866,0.395496,0.0,0,0.0401194936,2.1707649755,2.095696453908533,Train
PIQMUZ_clean,5.76653,4.2611,5.71921,1.16552,750.166,643.631,0.0,0.0,0.4826,0.414063,0.0,1,0.0231301701,1.2838520025,1.3405390631855991,Train
PITPEP_clean,11.41966,9.93708,11.41966,0.952882,1649.81,1731.39,0.565272,0.593223,0.622,0.652757,0.0,1,0.0250731772,1.8133136178,2.0318159680212213,Test
PIWSEV_clean,8.52736,7.61097,8.52736,0.846818,2044.34,2414.14,0.0,0.0,0.6702,0.791433,0.0,1,0.0281878504,2.2335239532,2.308852507559535,Test
PIYZAZ_clean,7.00061,5.66568,7.00061,1.03548,2663.91,2572.62,0.0,0.0,0.7414,0.715993,0.0,0,0.0082310135,0.8077105014,0.7930031909437574,Train
PIYZED01_clean,6.96517,5.63588,6.96517,1.04478,2626.41,2513.83,0.0,0.0,0.7254,0.694307,0.0,0,0.0083991737,0.7939974654,0.7825801781912542,Train
PIYZED02_clean,6.95041,5.62583,6.95041,1.04842,2625.12,2503.87,0.0,0.0,0.7248,0.691323,0.0,0,0.0083962884,0.7913112301,0.787057388151847,Train
PIYZED03_clean,6.91935,5.60013,6.91935,1.05779,2618.81,2475.74,0.0,0.0,0.7212,0.681798,0.0,0,0.0088305294,0.7970284966,0.7904246597125042,Train
PIYZED_clean,7.00442,5.67284,7.00442,1.03221,2628.22,2546.21,0.0,0.0,0.7278,0.705091,0.0,0,0.0084381256,0.7812703079000001,0.8086289505138724,Train
PIZHOX_clean,6.00527,4.8111,5.6775,0.960875,2065.34,2149.44,0.0,0.0,0.6412,0.667309,0.0,1,0.0301613947,2.2926175837,2.357752084142382,Test
PIZNOB_clean_h,5.81424,4.85489,5.81424,1.50508,1940.53,1289.33,0.0,0.0,0.5884,0.390944,0.0,1,0.0158289952,1.310822341,1.2938121500682387,Train
PIZPAP_clean_h,5.02301,4.09369,4.55915,1.6437,1625.99,989.228,0.0,0.0,0.5662,0.344467,0.0,1,0.0179658374,1.3575570524,1.3626249193777977,Train
PIZPET_clean_h,5.00612,4.07229,4.54032,1.30745,1650.65,1262.5,0.0,0.0,0.5638,0.431222,0.0,1,0.0277338843,1.9709973804,2.047993552858794,Test
PIZPIX02_clean,4.8742,3.92497,4.87073,1.75108,1636.83,934.755,0.0,0.0,0.5514,0.314892,0.0,1,0.0206878641,1.4814445654,1.5136635995321992,Test
PIZPIX_clean_h,4.99576,3.97323,4.53163,1.71361,1574.79,918.993,0.0,0.0,0.5616,0.32773,0.0,1,0.0187505776,1.3543364075,1.4339313304495245,Test
PIZPOD_clean_h,4.95479,3.97477,4.74982,1.78246,1546.28,867.502,0.0,0.0,0.5566,0.312266,0.0,1,0.021548913,1.499422805,1.55590318866836,Test
PIZQUM_clean,5.38703,4.44024,5.38703,1.21672,1189.38,977.523,0.0,0.0,0.5254,0.431815,0.0,1,0.0495492483,2.4997246685,2.4464344757650074,Test
PIZRAT_clean,5.69309,4.64481,5.67801,1.18335,1207.09,1020.06,0.0,0.0,0.5368,0.453627,0.0,1,0.0387662595,2.0774399667,2.2046009603821703,Train
PIZRUN_clean,5.3818,4.43333,5.37307,1.2127,1196.95,987.011,0.0,0.0,0.5248,0.432754,0.0,1,0.0496330249,2.4848831653,2.4581444765634424,Train
PIZSAU_clean,5.7096,4.51588,5.7096,1.18019,1218.01,1032.05,0.0,0.0,0.5404,0.457893,0.0,1,0.0374523429,2.0726191109,2.1597008798253943,Test
POBMOJ01_clean,16.09028,3.85233,16.09028,1.0369,1784.32,1720.83,0.0,0.0,0.67,0.64616,0.0,1,0.0311700551,2.3816052966,2.4504312156398447,Train
POBNEA_clean,12.6133,10.84896,12.6133,0.646582,1753.98,2712.69,2.26513,3.50323,0.7374,1.14046,0.0,1,0.0114841419,1.1318283768,1.1291114750821274,Train
POBVIN_clean,9.76079,6.4479,9.73092,0.869183,2049.78,2358.28,0.0,0.0,0.696,0.800752,0.0,1,0.0262490912,2.2804766843,2.1330319788696004,Train
POCPAZ_clean,6.39676,5.12111,6.38825,0.921688,1695.17,1839.2,6.74347,7.31643,0.6078,0.659442,0.0,1,0.0287939512,2.3325817473,2.3129169019827653,Train
PODKOK_clean,18.51885,8.56409,12.59731,0.489414,2180.69,4455.72,0.0,0.0,0.8128,1.66076,0.0,1,0.0245737528,2.2124973034,2.2774254961461735,Train
PODKUQ_clean,22.31857,8.92625,14.18285,0.425765,2028.03,4763.26,0.0,0.0,0.8332,1.95695,0.0,1,0.026335275,2.3295875093,2.368537080467591,Train
PODVIP_clean,4.42056,3.62761,4.42056,2.28386,243.746,106.725,0.0,0.0,0.3946,0.172778,0.0,1,0.0127232391,0.5081274763,0.5746031371787217,Test
PODXEN_clean,5.34783,4.01094,5.34783,1.28087,710.366,554.597,0.0,0.0,0.4518,0.352729,0.0,1,0.0261007867,1.253085183,1.3131972640813687,Test
POFGUO_clean,5.1465,3.74676,5.14199,0.93374,1597.91,1711.3,0.0,0.0,0.5678,0.608092,0.0,0,0.0606637802,3.7352973531,3.699913264933119,Train
POFSIN01_clean,6.99195,5.64457,6.99195,1.04057,2621.47,2519.27,0.0,0.0,0.7274,0.699041,0.0,0,0.0084265843,0.7884994834000001,0.7865702535508159,Train
POFSIN02_clean,6.98557,5.64932,6.97231,1.04143,2630.55,2525.91,0.0,0.0,0.7252,0.69635,0.0,0,0.0085867197,0.7895035756000001,0.7915521574397271,Train
POFSIN03_clean,6.95953,5.63255,6.95953,1.04557,2624.93,2510.51,0.0,0.0,0.7258,0.694164,0.0,0,0.00832127,0.7913674939,0.7826541742002575,Train
POFSIN04_clean,6.97392,5.62462,6.97392,1.04699,2616.52,2499.1,0.0,0.0,0.7262,0.69361,0.0,0,0.008683378,0.7906649179,0.7881258371100779,Train
POFSIN_clean,6.96628,5.64795,6.96628,1.04283,2632.71,2524.58,0.0,0.0,0.7246,0.694838,0.0,0,0.0084395682,0.7915709092000001,0.7861105737171217,Train
POHCOG_clean,6.03433,4.98914,5.98921,1.54389,1290.39,835.809,0.0,0.0,0.5212,0.33759,0.0,1,0.021057522,1.4455126656,1.4751091981738806,Train
POHWIU_clean,15.94965,10.39364,15.94872,0.460887,1949.35,4229.57,0.0,0.0,0.8104,1.75835,0.0,1,0.0215841016,2.0112437453,2.0297264206231915,Train
POKGEC_clean,4.44927,3.87743,4.29992,1.20216,336.435,279.858,237.315,197.407,0.504,0.419245,0.0,1,0.0167483067,1.0372612291,1.0931228816364793,Train
POKSAL_clean,5.16886,3.80347,5.16886,2.04384,546.746,267.509,0.0,0.0,0.4218,0.206376,0.0,1,0.0110910744,0.6790547943999999,0.6648736230733363,Train
POKSEP_clean,5.24976,3.94365,5.24501,1.70126,572.314,336.407,0.0,0.0,0.4264,0.250638,0.0,1,0.0105311812,0.7039210443,0.656277670277593,Train
POKSIT_clean,5.21903,3.84136,5.20793,2.02039,562.699,278.51,0.0,0.0,0.4168,0.206297,0.0,1,0.0082545197,0.5796710453,0.5472272761268702,Train
POKSOZ_clean,5.23291,4.00143,5.18374,1.95789,573.341,292.837,0.0,0.0,0.4166,0.21278,0.0,1,0.0079678739,0.562796142,0.5153324508735324,Train
POKTIU_clean,5.25513,3.88718,5.24992,2.03578,584.018,286.877,0.0,0.0,0.4004,0.196682,0.0,1,0.0085873528,0.5692323989,0.533764385968271,Train
POKVAO_clean,5.22916,3.84535,5.22916,1.97617,548.634,277.625,0.0,0.0,0.4172,0.211116,0.0,1,0.0088008726,0.5998279518,0.5471026149652889,Train
POLBEX_clean,8.55331,7.31354,8.46863,1.98623,1149.15,578.559,46.9518,23.6386,0.5414,0.272577,0.0,1,0.3869728774,3.6501386841,3.59247517386508,Train
POLBIB_clean,4.50015,3.80804,4.49155,1.64999,1209.33,732.928,0.0,0.0,0.534,0.323637,0.0,1,0.0236689377,1.827819848,1.6944783395394838,Train
POLBUN_clean,4.31477,3.58843,4.31278,2.39943,670.094,279.272,0.0,0.0,0.4488,0.187045,0.0,0,0.4618371428,3.5224672547000004,3.509111029261934,Train
POLDOK_clean,5.06326,4.95206,5.06326,1.44271,500.914,347.204,76.3428,52.9162,0.4724,0.327439,0.0,1,0.0291228461,1.3663463837999998,1.3649318013612564,Train
POLDUQ_clean,5.0902,4.98067,5.0902,1.44184,520.517,361.01,59.0453,40.9514,0.471,0.326666,0.0,1,0.0270715697,1.2526436464,1.3174010065363682,Train
POLYEW_clean,5.14291,3.60228,5.14291,1.21883,774.169,635.173,0.0,0.0,0.4678,0.38381,0.0,1,0.0765806361,2.4579078706,2.4265217461470194,Train
POMMAH_clean,14.83525,11.96507,14.83525,1.26278,1468.55,1162.95,199.616,158.076,0.7018,0.555756,0.00015838,1,0.0284298423,1.3920447241999998,1.4647929407768772,Train
POMSER_clean,7.01968,3.83495,7.01968,1.10319,1326.02,1201.98,0.0,0.0,0.5236,0.474622,0.0,1,0.0321658732,2.2173621888,2.152967350831734,Train
POMSOB_clean,5.67937,4.56222,5.67937,1.11643,1180.95,1057.79,0.0,0.0,0.5376,0.481534,0.0,1,0.0352697768,2.1036598968,2.12691328411991,Test
PONPOX_clean,4.5617,3.77666,4.56065,2.3716,853.999,360.095,0.0,0.0,0.4606,0.194215,0.0,0,0.5457100021,4.0080770536,3.950483630773822,Train
PONSOC_clean,7.4772,6.20805,7.45867,0.784087,1906.95,2432.06,0.0,0.0,0.6546,0.834856,0.0,1,0.0283693904,2.4250693669,2.400938012548788,Test
PORGAE_clean,5.87412,3.87625,5.87412,2.28472,891.425,390.167,0.0,0.0,0.4496,0.196785,0.0,0,0.1612018728,2.0222864008,2.1865331998461452,Train
PORLAL_clean,9.41867,8.86897,9.41275,1.10001,1269.94,1154.48,0.0,0.0,0.5682,0.516538,0.0,1,0.0125866937,1.062706856,1.073456750021386,Train
PORLEP_clean,7.93943,4.67024,7.92199,1.76214,638.871,362.555,235.766,133.795,0.4966,0.281817,0.0,1,0.0156542125,0.7448740912999999,0.8647988586322337,Train
PORVID_clean,7.37109,6.82741,7.37109,1.40599,1511.82,1075.27,0.0,0.0,0.5614,0.399292,0.0,1,0.0259585706,2.0498498157,2.0090855573424258,Train
PORVUO_clean,4.67797,3.97904,4.67797,1.06036,1507.72,1421.89,0.0,0.0,0.5284,0.498321,0.0,0,0.0839129575,3.8590249309,3.9030479265424507,Train
POSFIO_clean,6.80619,3.42889,6.79194,1.15852,1000.28,863.415,0.0,0.0,0.5272,0.455065,0.0,1,0.0358786063,1.8147828499,2.000014740185401,Test
POSGAH_clean,6.19197,4.53531,6.16887,1.09324,1845.26,1687.87,0.0,0.0,0.5814,0.531812,0.0,0,0.0453592771,2.9271628045,2.922794053123522,Train
POTNET_clean,4.90891,3.62196,4.89268,1.35117,1395.4,1032.74,0.298007,0.220556,0.5558,0.411349,0.0,1,0.0363025998,2.2718393651,2.228651907161189,Test
POTREX_clean,14.70007,10.79864,14.70007,0.483438,2025.11,4188.97,0.0,0.0,0.7802,1.61386,0.0,1,0.0243132632,2.340944851,2.220248317449779,Test
POYPAW_clean,7.97392,4.92371,7.96142,0.954107,1622.71,1700.76,0.0,0.0,0.5818,0.609785,0.0,0,0.0657760719,3.473807504,3.649023342762214,Train
POZHUI_ion_b,9.39252,3.7857,9.39207,1.30542,878.942,673.301,73.4571,56.2708,0.5296,0.405693,0.0,0,0.0331020266,1.1386233311,1.3152512989048795,Train
PUDSIR01_clean,6.99715,5.84689,6.98056,1.03177,2165.84,2099.14,0.0,0.0,0.6538,0.633665,0.0,1,0.0302096405,2.2591049971,2.386286662730243,Test
PUDSIR_clean,6.84685,5.37896,6.83632,1.0569,2169.92,2053.1,0.0,0.0,0.647,0.61217,0.0,1,0.031453749,2.331428487,2.4633575506948175,Train
PUDSOX_clean,7.03254,5.77219,7.03254,1.04422,2164.07,2072.42,0.0,0.0,0.654,0.626304,0.0,1,0.0301118071,2.257067754,2.3371472203358605,Train
PUDSUD_clean,7.08521,6.02588,7.08155,0.996555,2169.83,2177.33,0.0,0.0,0.6624,0.66469,0.0,1,0.0286054232,2.2521208351,2.3624994495635314,Test
PUFRIR_clean,5.81593,4.39318,5.8122,0.99503,2005.1,2015.11,0.0,0.0,0.6314,0.634554,0.0,1,0.023297109,1.9201542936,1.9528549811153089,Test
PUGGOP_clean,8.14998,6.76772,8.12163,0.920168,2113.5,2296.86,0.0,0.0,0.6298,0.68444,0.0,1,0.057489669,2.6877761434,3.324706713661396,Test
PUGPEO_clean,9.53093,8.66388,9.24995,1.0567,1899.67,1797.75,0.0,0.0,0.6656,0.629888,0.0,1,0.0244342043,1.8121720689,1.941673010533001,Train
PUGSER_clean,9.40538,8.82837,9.39896,0.800645,2377.49,2969.47,0.0,0.0,0.7256,0.906269,0.0,1,0.0250870739,2.2768255447,2.2186486207445526,Train
PUGSOB_clean,9.50607,8.86576,9.50607,0.864037,2169.58,2510.98,0.0,0.0,0.6944,0.803669,0.0,1,0.0386093791,2.7647151722000003,2.6918172846382173,Train
PUGSUH_clean,9.30915,8.71365,9.30507,0.821567,2358.23,2870.4,0.0,0.0,0.708,0.861767,0.0,1,0.0301696994,2.5664527042,2.525420893806312,Train
PUJJEL_clean,9.07645,8.51256,9.07645,1.13917,1399.12,1228.2,0.0,0.0,0.572,0.502121,0.0,0,0.0162522188,1.3595321195,1.4283061114506723,Test
PUJQEQ_clean,7.62791,6.18953,7.62791,0.66886,2115.6,3163.0,0.0,0.0,0.6814,1.01875,0.0,1,0.0237727108,2.2070229578,2.2086208959954425,Test
PUKSUL_clean,6.59798,4.14111,6.57182,1.5702,2804.07,1785.8,0.0,0.0,0.6962,0.443383,0.0,1,0.0049706532,0.4637224977,0.4666648372105049,Train
PUKVAU_clean,6.34308,4.86227,6.34308,1.0986,1347.83,1226.86,0.0,0.0,0.5706,0.519389,0.0,1,0.015707507,1.3088116059,1.3060390229248022,Train
PULMIU_clean,7.09135,4.01215,7.09135,1.0722,1770.87,1651.63,0.0,0.0,0.6158,0.574336,0.0,1,0.0402784795,2.6230429116,2.7236732733976643,Train
PUMDIM_clean,7.80071,4.22996,5.62381,1.22507,393.72,321.387,874.299,713.674,0.564,0.460383,0.0,1,0.0523717583,2.8087421593,2.527832218537114,Test
PUMGIP01_clean,5.45506,3.48614,5.2674,1.17898,397.642,337.276,548.508,465.24,0.493,0.418158,0.0,1,0.0481449539,2.1839814454,2.178709741880544,Train
PUMNIV_clean,5.71977,3.98662,5.71104,1.66821,1567.24,939.473,0.0,0.0,0.6384,0.382685,0.0,1,0.0119292061,0.9743354901,0.9262196691695863,Test
PUMNOB_clean,5.46311,3.57221,5.46311,1.50782,1496.51,992.504,0.0,0.0,0.6142,0.407344,0.0,1,0.0107483382,0.9128945358,0.8625476675792099,Train
PUNSIB_clean,5.01625,3.57988,5.00209,1.32619,942.101,710.383,0.0,0.0,0.5344,0.402959,0.0,0,0.0165160966,1.1785966971,1.1703010685079709,Train
PUPHUE_clean,7.11215,6.70655,7.11215,0.937093,954.53,1018.61,0.0,0.0,0.5324,0.56814,0.0,1,0.0238421102,1.7436980365,1.7236588115992049,Test
PUQDOW_clean,5.15222,4.10448,5.15222,1.41779,682.397,481.312,0.0,0.0,0.4322,0.304841,0.0,0,0.0287904196,1.3171774031,1.3335756982025617,Test
PUQXUV_clean,5.37589,5.08075,5.29758,1.50363,233.241,155.118,324.657,215.915,0.4578,0.304462,0.0,1,0.0827459665,1.2308355361,1.237976817955137,Train
PUQYAC_clean,5.36415,5.07421,5.36415,1.50028,235.559,157.01,320.725,213.777,0.4614,0.307543,0.0,1,0.0820509777,1.2258197284,1.2358816472558902,Train
PURJES_clean,6.1741,5.21501,6.1741,1.07844,1412.21,1309.49,0.0,0.0,0.5678,0.526503,0.0,1,0.0784898459,3.550422568,3.439427019581162,Train
PURJIW_clean,8.03037,6.16762,8.02661,0.894418,1849.84,2068.21,0.0,0.0,0.6498,0.726506,0.0,1,0.0303424379,2.3187323069,2.3806408262325234,Train
PURNEX_clean,5.09479,3.51841,5.0825,3.89183,1036.85,266.417,0.0,0.0,0.4494,0.115473,0.0,1,0.0041080993,0.3255063372,0.31787582024757,Train
PURNIB_clean,4.73361,3.41508,4.65301,3.6233,403.306,111.309,0.0,0.0,0.3372,0.0930644,5.52e-05,1,0.0038315822,0.2542695219999999,0.26074396735837535,Train
PURSOK_clean,4.44828,3.48673,4.44828,1.3532,940.252,694.837,0.0,0.0,0.521,0.385014,0.0,1,0.0352137793,2.2284807659,2.088367825421852,Test
PUTYEI_clean,6.07481,4.74641,6.03797,1.15301,1967.9,1706.74,0.0,0.0,0.6112,0.530089,0.0,0,0.0418039585,2.9222569242,2.8097351388921252,Train
PUVJOG_clean,5.99071,5.7142,5.99071,1.16612,1343.68,1152.27,0.0,0.0,0.5688,0.487772,0.0,0,0.0232500727,1.6118992056,1.700377764090623,Test
PUWCUF_clean,5.62914,3.92719,5.62914,1.20596,1932.54,1602.49,0.0,0.0,0.6014,0.49869,0.0,1,0.0416818946,2.7190421034,2.6717702053598273,Train
PUWDAM_clean,9.00542,5.91155,9.00542,0.805702,2374.94,2947.67,0.0,0.0,0.7118,0.883453,0.0,0,0.0594340733,3.7082800705,3.878236656441577,Train
PUWDIU_clean,8.22754,6.95777,8.22754,1.0931,2055.27,1880.23,0.0,0.0,0.6384,0.584028,0.0,1,0.0295360351,2.4776697838,2.3693557983140554,Train
PUWDOA_clean,10.50578,8.82117,10.50578,0.768678,1898.43,2469.74,0.0,0.0,0.689,0.896344,0.0,1,0.0362208926,2.8213012412,2.7096819911219883,Train
PUWVAG_clean,4.80954,3.64569,4.72725,1.26832,891.081,702.566,0.0,0.0,0.4874,0.384287,0.0,1,0.0965718388,2.9472699508,3.0516976520733676,Train
PUWXAH_clean,4.52797,3.58309,4.52797,1.5745,738.046,468.749,0.0,0.0,0.4104,0.260654,0.0,0,0.0147691279,0.9530398909,1.014426472403523,Test
PUYHOI_clean,8.13748,6.87673,8.13748,1.50852,1009.54,669.222,0.0,0.0,0.5634,0.373478,0.0,1,0.0047008425,0.4265263594,0.42982472443390196,Train
PUYZUF_clean,5.69776,3.92558,5.6607,1.26995,1498.86,1180.25,0.0,0.0,0.59,0.464585,0.0,0,0.0505099122,2.4572217011,2.8468737724027022,Test
PUZJOL_clean,4.83061,4.03981,4.83061,1.24259,1148.92,924.616,0.0,0.0,0.519,0.417676,0.0,0,0.0722542884,3.0473225856,3.0583341284537315,Train
PUZKOM_clean,5.73239,3.68789,5.71092,1.28608,1004.7,781.21,0.0,0.0,0.5098,0.396397,0.0,1,0.0635992643,2.367158831,2.638257419932215,Test
PUZKUS_clean,5.50979,4.91819,5.49321,1.14051,1329.3,1165.53,0.0,0.0,0.5506,0.482765,0.0,1,0.0648596099,3.0392232481,2.944844198912482,Train
PUZLAZ_clean,6.70975,6.33216,6.70975,1.05033,2275.23,2166.2,0.0,0.0,0.6682,0.636179,0.0,0,0.048897608,3.7550890984,3.7798647895805884,Test
PUZLUS_clean,15.09144,8.39804,15.08737,0.46153,2323.48,5034.3,0.0,0.0,0.8014,1.7364,0.0,0,0.024227182,2.3340542482,2.278252283321773,Train
PUZMAZ_manual,16.4214,9.23775,16.40927,0.447552,2179.79,4870.46,0.0,0.0,0.7972,1.78124,0.0,0,0.0227286116,2.1571560223,2.166722312911293,Train
PUZTOV_clean,7.33778,6.60028,7.33778,1.18441,1668.47,1408.69,0.0,0.0,0.6108,0.5157,0.0,1,0.0298843878,2.5144080291,2.3370853292674743,Train
PYDCUT_clean,5.31645,4.73242,5.31645,1.56466,1273.49,813.911,0.0,0.0,0.5466,0.349342,0.0,0,0.0302415893,1.7155710674000002,1.741886024114916,Test
QADBII_clean,4.90485,4.23271,4.90165,1.42586,539.675,378.491,0.0,0.0,0.4884,0.34253,0.0,0,0.0320545047,1.2897472564,1.3957546340147502,Train
QADWEA_clean,4.644,4.03482,4.644,1.80951,763.808,422.108,0.0,0.0,0.4542,0.251007,0.0,0,0.0443045778,1.8219253879,1.7391228056610735,Train
QADWIE_clean,4.58512,3.92708,4.57664,1.84741,722.607,391.146,0.0,0.0,0.4522,0.244775,0.0,0,0.0434787632,1.7743399137,1.7097206706411228,Train
QADWOK_clean,4.58729,3.99418,4.55638,1.86546,733.177,393.026,0.0,0.0,0.4474,0.239833,0.0,0,0.0442453555,1.7778067338,1.7040370405152645,Test
QADWUQ_clean,4.54229,3.95239,4.49763,1.89145,716.655,378.892,0.0,0.0,0.4464,0.236009,0.0,0,0.0439386479,1.7504370767,1.7104672704115003,Train
QADXAX_clean,4.50897,3.9304,4.4621,1.90926,707.48,370.552,0.0,0.0,0.4456,0.233389,0.0,0,0.0431800305,1.7349290341,1.7119581068111331,Train
QAGDIO_clean,12.81046,10.08472,12.79582,0.728225,1959.77,2691.16,0.0,0.0,0.7164,0.983763,0.0,1,0.0261260674,2.3155990203,2.157568846471855,Test
QAGQEW_clean,16.48295,9.14033,16.48295,0.959417,1239.84,1292.29,398.029,414.866,0.701,0.730652,0.0,1,0.0356306298,2.4702151245,2.213311400958597,Test
QAGTOH_clean,4.99286,4.09874,4.71178,1.12214,865.652,771.429,0.0,0.0,0.4996,0.44522,0.0,0,0.0504020225,2.2650584191,2.341711950190432,Train
QAJKIV_clean,4.24125,3.62097,4.24125,2.37718,709.122,298.303,0.258537,0.108758,0.4518,0.190057,0.0,0,0.485640843,3.8054031765,3.720710505124239,Train
QALGUH_SL,7.81866,7.32218,7.81866,0.998911,1796.0,1797.96,0.0,0.0,0.6356,0.636293,0.0,0,0.0264296631,2.3820960485,2.320467765956135,Test
QALHAO_clean,7.68357,4.14824,7.68357,1.41986,1680.89,1183.84,0.0,0.0,0.6244,0.439761,0.0,1,0.0151072475,1.3297248853,1.2908847532846695,Train
QALHES_clean,7.67318,4.16213,7.67318,1.424,1678.65,1178.83,0.0,0.0,0.625,0.438904,0.0,1,0.0152264339,1.3483160450999998,1.2929550368197331,Test
QALHIX_clean,10.92504,5.92348,10.86207,0.740473,2226.36,3006.67,0.00873198,0.0117924,0.7394,0.998552,0.0,1,0.0235717594,2.1777376402,2.086640173647251,Test
QALWUV_clean,7.07527,5.39947,6.79315,0.842522,2364.13,2806.02,0.0,0.0,0.7084,0.840809,0.0,0,0.0104277219,0.9767482902,0.9892968466498527,Train
QAMVEH01_clean,5.82556,4.59087,5.81673,0.990751,1901.06,1918.81,0.0,0.0,0.6228,0.628614,0.0,1,0.0498063086,3.4434968298000004,3.3126683817704876,Train
QAPQEE_clean,4.84641,3.70884,4.84641,1.26705,1206.55,952.253,0.0,0.0,0.5406,0.426661,0.0,1,0.0261427429,1.9418988317,1.7894576945401535,Test
QAQHOG_clean,4.07536,3.5864,4.07536,2.36311,463.12,195.979,0.0,0.0,0.3764,0.159282,0.0,1,0.0822542228,1.7181704778,1.6823762502056476,Train
QAQMON_clean,13.97996,12.87565,13.97503,0.607595,2338.25,3848.36,0.0,0.0,0.7644,1.25807,0.0,1,0.0298065756,2.5916854447,2.482488870774432,Test
QAQNOO_clean,9.00524,7.79992,9.00524,0.836247,1935.23,2314.19,0.0,0.0,0.674,0.805982,0.0,1,0.0146287257,1.3158971126,1.3417032849568264,Train
QAQRUW_clean,6.65732,4.64818,6.52021,0.851853,2010.6,2360.27,0.0,0.0,0.621,0.728999,0.0,1,0.0425380776,3.2156822056,3.0499650160663547,Test
QAQSAD_clean,5.24683,3.85843,5.23776,1.22144,1138.43,932.039,0.0,0.0,0.537,0.439646,0.0,1,0.0385406676,2.0204463656,2.1645237681899605,Test
QARCET_clean,5.6311,3.58556,5.5035,1.43101,772.342,539.717,0.0,0.0,0.4414,0.308453,0.0,0,0.0418532482,1.5649064004,1.6202821277739266,Train
QASSUZ_clean,8.20384,7.94678,8.20384,1.22317,850.148,695.037,0.0,0.0,0.3894,0.318353,0.0,1,0.0015836667,0.1529331822,0.20776060343227032,Train
QATHOK_clean,9.29834,6.48945,9.29621,1.21668,1222.78,1005.01,0.0,0.0,0.5554,0.456489,0.0,0,0.0137031758,1.1088924326,1.1287840760867949,Train
QATKII_clean,5.10915,3.79672,5.10915,1.21674,1321.26,1085.9,0.0,0.0,0.55,0.452026,0.0,0,0.0602459472,3.09342222,2.950339584635451,Train
QATKOO_clean,5.44759,3.80722,5.43097,1.23164,1414.07,1148.12,0.0581087,0.0471799,0.5662,0.459712,0.0,0,0.0612481403,3.0192047717,3.1317358623815874,Test
QATLEE_clean,5.57595,4.31452,5.57595,1.46536,813.962,555.469,0.0,0.0,0.467,0.318693,0.0,1,0.0961663647,2.0535173980000003,2.186372608731483,Train
QATPOR_clean,4.01523,3.48616,4.00077,2.44828,405.938,165.805,0.0,0.0,0.3718,0.151862,0.0,1,0.0866591251,1.4841219923,1.5531628318535804,Train
QATVUE_clean,6.38161,3.71559,6.38161,1.03389,1164.63,1126.45,0.0,0.0,0.5572,0.538935,0.0,0,0.1041797512,4.393769144,4.240582426471725,Train
QATXIU_clean,7.14794,6.36836,7.14653,1.22477,1332.85,1088.25,75.8051,61.8933,0.5956,0.486296,0.0,0,0.0178257402,1.385917267,1.343919314029875,Test
QAVBUL_clean,12.14778,9.97355,12.14778,1.03126,1437.46,1393.89,0.0,0.0,0.626,0.607023,0.0,1,0.0127384175,1.1882739865,1.1286231908509052,Train
QAVPIO_clean,5.30738,4.3707,5.28519,1.74559,1115.19,638.858,0.0,0.0,0.453,0.25951,0.0,0,0.199649048,3.4491977574,3.4495276337120675,Train
QAVWAN_clean,6.3577,4.74176,6.3577,1.14455,1283.39,1121.31,0.0,0.0,0.5318,0.464638,0.0,1,0.0558131418,2.7274629769,2.6940199346776463,Train
QAWDID_clean,8.86764,6.4582,8.76206,0.663333,2493.74,3759.41,0.0,0.0,0.781,1.17739,0.0,1,0.0163000379,1.6334977941,1.5697015164431756,Train
QAWPIO_clean,5.34571,3.76875,5.30515,1.53902,932.084,605.634,189.024,122.821,0.49,0.318384,0.0,1,0.020110387,1.3947530533,1.2823856762159398,Test
QAWREM_clean,4.54212,3.52572,4.54212,1.85502,694.124,374.186,0.0,0.0,0.4334,0.233636,0.0,1,0.0488213975,1.6088257858,1.72084222895723,Test
QAWRIQ_clean,4.49398,3.4919,4.49398,1.89418,683.645,360.919,0.0,0.0,0.429,0.226483,0.0,1,0.056838493,1.6511813730000002,1.7781741971897935,Test
QEBGAH_clean,5.50168,5.08562,5.49191,1.08026,1235.17,1143.4,0.0,0.0,0.5322,0.492658,0.0,0,0.0689987184,3.0732453786,3.1102362701735458,Train
QEBGEL_clean,6.08453,4.84553,6.08453,1.01993,1460.11,1431.58,0.0,0.0,0.5522,0.54141,0.0,0,0.0437123004,2.856455858,2.800680944932613,Train
QEBKUF_SL,9.81772,5.95471,9.68668,0.686123,2457.39,3581.56,0.0,0.0,0.7136,1.04005,0.0,0,0.0322538666,2.8478771713,2.789845436763856,Train
QEFNAQ_clean,6.2895,4.867,6.2895,1.2915,870.104,673.714,94.8179,73.4166,0.5222,0.404335,0.0,1,0.0531456732,2.04852469,2.1712295635209826,Test
QEFWUV_clean,32.36037,28.26773,32.35632,0.473548,1565.06,3304.96,0.0,0.0,0.826,1.74428,0.000422344,1,0.0213278783,1.8804323997,1.8593204322028463,Train
QEGHEP_clean,5.21452,3.49325,5.21452,1.29869,492.691,379.376,29.3469,22.5974,0.4466,0.343886,0.0,0,0.0138247682,0.8184718604000001,0.8258802365070312,Train
QEJYIP_clean,5.79435,3.44834,5.51643,1.42081,1141.45,803.374,0.0,0.0,0.5468,0.38485,0.0,0,0.0520842244,2.4681694294,2.5669947844133927,Test
QEPZOB_clean,6.00756,3.91744,6.00756,0.930353,1597.61,1717.21,0.801378,0.86137,0.6088,0.654376,0.0,1,0.0203832722,1.7311677113,1.6735929261708444,Test
QEQZUH_clean,7.20474,5.54936,7.20474,2.98733,1121.05,375.269,0.0,0.0,0.4558,0.152577,0.0,0,0.0894868955,2.0158235330000003,2.0384578857365314,Train
QERWAL_clean,6.23685,3.59052,6.23393,0.96089,1663.57,1731.28,0.0,0.0,0.5974,0.621716,0.0,0,0.0425630507,2.7233173541,2.946363856478304,Train
QERZUI01_clean,4.40066,3.54145,4.40066,1.45403,577.348,397.068,0.0,0.0,0.4282,0.294492,0.0,1,0.1066118076,2.6449082323,2.5380186087627647,Train
QESLOQ_clean,6.6747,4.69389,6.6747,2.0556,1217.11,592.095,0.0,0.0,0.5328,0.259195,0.0,1,0.0383797424,2.2207241326,1.8338107038015388,Test
QESYOD_clean,7.06657,4.49673,7.06657,1.70049,1062.54,624.842,0.0,0.0,0.5092,0.299443,0.0,0,0.0094627189,0.8052199417,0.7622422937997766,Train
QETCUO_clean,6.89128,4.79138,6.89128,1.23174,1603.73,1302.0,0.0,0.0,0.5742,0.46617,0.0,1,0.0267353975,1.9463725129,1.9873731238455359,Test
QETHUT_clean,5.64185,3.41958,5.64104,1.68813,1127.74,668.04,0.0,0.0,0.4972,0.294527,0.0,0,0.3953323439,4.7884547056,4.783464058259249,Train
QEVKOS_clean,4.71244,3.94029,4.71244,1.86641,753.543,403.738,0.0,0.0,0.4654,0.249355,0.0,0,0.0223202145,1.0977455638,1.1863113585549119,Test
QEWDON_clean,6.85219,4.97206,6.85219,1.41693,1021.65,721.035,55.4121,39.1073,0.5212,0.367839,0.0,1,0.1074151596,2.7237021899,2.645246114666749,Train
QEZZOL_clean,6.25588,3.45747,6.04611,1.73068,941.451,543.977,0.0,0.0,0.483,0.279081,0.0,1,0.0112953551,0.7654863517,0.8330141385621201,Test
QIGBIR_clean,5.14127,4.23557,5.11201,2.30609,2556.32,1108.51,0.0,0.0,0.6426,0.278653,0.0,1,0.0044938547,0.4296776879,0.41495038993054223,Train
QIHXIQ_clean,9.72743,8.74819,9.72743,0.867164,1773.91,2045.64,0.0,0.0,0.6572,0.757873,0.0,1,0.0150627306,1.3555566262999998,1.3847582735209334,Test
QIJLAW_clean,8.05446,5.26641,8.05325,0.671267,2454.25,3656.15,0.0,0.0,0.7174,1.06873,0.0,0,0.0132913325,1.2306069734,1.2330723266279278,Test
QIPROY_clean,5.10002,3.64368,4.72082,0.794412,2326.28,2928.3,0.0,0.0,0.6568,0.826775,0.0,1,0.0379680528,3.2804200765,3.152517624903491,Test
QIQTAN_clean,5.97055,4.70307,5.97055,1.22492,943.091,769.92,0.0,0.0,0.5008,0.408843,0.0,1,0.0258246314,1.5071763141,1.562710879874813,Test
QIQZIB_clean,8.62906,4.33786,8.62906,1.28033,1914.7,1495.48,0.0,0.0,0.6336,0.494873,0.0,1,0.0239384361,2.0162581879,1.903823571151838,Test
QIRWAR_clean,5.03603,3.89356,5.03603,1.34872,1809.31,1341.5,0.0,0.0,0.6038,0.447684,0.0,1,0.0398522093,2.5663162643,2.6221487531260133,Train
QIRYAS_clean,6.80431,4.28089,6.76896,1.43909,1279.9,889.381,0.0,0.0,0.5066,0.352029,0.0,1,0.0276982395,1.8987542662,1.7661034735825356,Test
QISNAJ_clean,6.86275,5.39635,6.82883,1.05954,2863.52,2702.61,0.0,0.0,0.7298,0.688789,0.0,1,0.0139359015,1.3166941976,1.3327589035886414,Test
QISNEN_clean,6.73584,5.39558,6.7159,1.14249,2865.04,2507.71,0.0,0.0,0.739,0.646833,0.0,1,0.0131733787,1.2389142371,1.2288578955892508,Train
QISNIR_clean,6.57248,5.45743,6.53468,1.21872,2929.79,2404.0,0.0,0.0,0.7294,0.598499,0.0,1,0.012031896,1.0989715728,1.1029029155892163,Train
QITDOO_clean,4.51149,3.70593,4.5073,1.60486,623.741,388.657,0.0,0.0,0.4184,0.260708,0.0,1,0.0281555639,1.2594623435,1.3389234615848147,Train
QITXAU_clean,5.33833,4.09777,5.32992,1.02323,1464.2,1430.95,0.0,0.0,0.5698,0.556862,0.0,0,0.0358914038,2.2811164763,2.5184901487022837,Test
QITYOI_clean,5.05446,3.86932,5.05446,1.38238,1280.1,926.009,0.0,0.0,0.5378,0.389038,0.0,1,0.0171794764,1.2331787566,1.2571399373565462,Train
QIVJAG_clean,6.03486,4.47657,5.9683,0.924756,2925.59,3163.63,0.0,0.0,0.7036,0.760849,0.0,1,0.0132359294,1.2708850746,1.271179535332525,Test
QIVQAP_clean,5.96532,3.96258,5.96532,1.08722,942.027,866.452,0.0,0.0,0.4728,0.434869,0.00073582,1,0.0256612815,1.6428631193,1.5460363915088005,Test
QIVYUR_clean,4.21696,3.7868,4.20902,1.26329,745.535,590.155,0.0,0.0,0.457,0.361755,0.0,0,0.0444178524,1.9662052812,2.0561491303130346,Train
QIWCOQ_clean,7.90536,6.37424,7.89587,0.88756,1705.8,1921.9,0.0,0.0,0.6366,0.717248,0.0,1,0.0347037236,2.9171656422,2.6466593305770187,Test
QIWDOR_clean,4.59203,4.06699,4.58575,1.55074,682.335,440.007,0.0,0.0,0.3988,0.257168,0.0,1,0.0364153899,1.3430072672,1.4332718958337298,Train
QIWGOU_clean,4.95412,3.59777,4.40809,1.51133,204.724,135.46,222.59,147.281,0.4446,0.294179,0.0,1,0.0133495493,0.7957322165,0.813119703091971,Train
QIWPET_clean,6.87756,5.53647,6.83784,1.18214,1480.3,1252.22,0.0,0.0,0.543,0.459336,0.0,1,0.034986068,2.7398164042000004,2.2962759217892437,Test
QIXNES_clean,5.40564,4.53621,5.32703,1.33406,1524.22,1142.54,0.0,0.0,0.5456,0.408976,0.0,1,0.0358833018,2.0343645098,2.2427136291816376,Test
QIXNIW_clean,5.3327,4.51343,5.26398,1.68575,1489.56,883.622,0.0,0.0,0.5396,0.320096,0.0,1,0.0260333451,1.524104579,1.6563868076344874,Train
QIXSOG01_clean,7.54214,5.04155,7.54214,0.607311,2915.58,4800.8,0.0,0.0,0.7764,1.27842,0.0,1,0.0113825974,1.1902654303,1.1679688309689025,Train
QIXSOG_clean,7.51562,5.04263,7.51562,0.608086,2919.24,4800.71,0.0,0.0,0.776,1.27614,0.0,1,0.0122319366,1.1871802237,1.191733862074656,Train
QIYDAF_clean,22.97967,8.76388,22.97967,0.403152,1832.34,4545.03,0.0,0.0,0.8334,2.06721,0.0,1,0.02014335,1.866423557,1.9119828149519884,Test
QIYDEJ_clean,22.48969,11.55679,22.48969,0.431427,1897.73,4398.73,0.0,0.0,0.814,1.88676,0.0,1,0.0240886498,2.2069341698,2.2455696398732004,Train
QIYDIN01_clean,21.60142,10.45655,21.53105,0.395741,1819.65,4598.09,0.0,0.0,0.8328,2.10441,0.0,1,0.0199774545,1.8345223592,1.9092502214518912,Test
QIYDIN_clean,29.975,15.02249,29.83505,0.197643,1310.13,6628.79,0.0,0.0,0.9182,4.64576,0.0,1,0.0207887874,2.2165927958,2.031937535830762,Test
QIYDOT_clean,19.81856,17.06364,19.63981,0.211978,1346.05,6349.95,0.0,0.0,0.9118,4.30139,0.0,1,0.0214521659,2.1841674136,2.01137533102878,Test
QIZLIW_clean,6.45845,5.65073,6.45505,1.52092,1546.0,1016.49,0.0,0.0,0.5696,0.374511,0.0,1,0.0181247373,1.4128974443,1.387546730244468,Train
QOBGEV_clean,7.79609,3.48851,7.69085,1.10244,1557.79,1413.04,0.0,0.0,0.6186,0.56112,0.0,0,0.0471581757,3.3284384486,3.1937353037665206,Test
QOBPEE_clean,5.93943,5.1846,5.93943,1.67865,1062.24,632.793,0.0,0.0,0.4286,0.255324,0.0,0,0.0626153571,2.4151408883000003,2.3235073174735046,Train
QOCBUH_clean,5.62714,5.2779,5.62443,1.65942,1085.12,653.917,0.0,0.0,0.4334,0.261175,0.0,0,0.0533593524,2.2968071919,2.223227929201518,Train
QOCRUW_clean,5.79604,4.18591,5.79604,1.38102,1479.67,1071.43,0.0,0.0,0.5506,0.398692,0.0,1,0.0330235818,2.2026276985,2.0795134040170944,Test
QOCSAD_clean,5.79442,4.21505,5.67699,1.39648,1468.21,1051.36,0.0,0.0,0.5488,0.392987,0.0,1,0.0330207895,2.2007435732,2.067566940664455,Train
QOCSEH_clean,5.70812,4.12503,5.70669,1.44217,1397.59,969.093,0.0,0.0,0.5398,0.374298,0.0,1,0.0343538079,2.1907602367,2.1077299402840834,Train
QODHUO01_clean,7.02176,3.66753,6.99115,1.3176,1021.05,774.937,0.0,0.0,0.496,0.376443,0.0,1,0.0194161205,1.3124436631,1.3109769720856463,Train
QODHUO02_clean,7.03734,3.63732,6.65847,1.31371,1014.75,772.431,0.0,0.0,0.5018,0.381972,0.0,1,0.0191855738,1.306757155,1.3156544695367827,Train
QODHUO03_clean,7.01529,3.79079,6.96918,1.33247,1014.37,761.274,0.0,0.0,0.4906,0.368189,0.0,1,0.0202109488,1.3179182171,1.337126671903234,Test
QODHUO04_clean,7.0665,3.70053,7.05456,1.31094,1039.62,793.032,0.0,0.0,0.501,0.382168,0.0,1,0.0193129323,1.2960265086,1.3331145534026911,Test
QODHUO05_clean,7.05009,3.74248,7.03715,1.31954,1023.92,775.964,0.0,0.0,0.4934,0.373918,0.0,1,0.0193575542,1.3088627526,1.3119160795864535,Train
QODHUO06_clean,7.04216,3.76029,6.51395,1.3253,1016.32,766.86,0.0,0.0,0.4928,0.37184,0.0,1,0.0196708374,1.3036354786,1.3143400051555691,Train
QODHUO07_clean,7.03774,3.77448,6.9742,1.32931,1016.48,764.667,0.0,0.0,0.4848,0.364699,0.0,1,0.0197228963,1.3167626948,1.3204342268574791,Test
QODHUO08_clean,7.07082,3.72352,7.02334,1.31235,1023.45,779.863,0.0,0.0,0.497,0.378709,0.0,1,0.0196029749,1.312446452,1.3329063405033068,Test
QODHUO09_clean,7.01869,3.81528,6.63722,1.33794,1007.41,752.957,0.0,0.0,0.4858,0.363096,0.0,1,0.0204266215,1.3390690154,1.3391420815352357,Test
QODHUO10_clean,7.01033,3.79821,6.75812,1.33845,1014.35,757.851,0.0,0.0,0.488,0.364601,0.0,1,0.0201151975,1.3267682346,1.310843842917888,Test
QODHUO11_clean,7.01042,3.80896,6.9255,1.3366,1007.71,753.939,0.0,0.0,0.4868,0.364209,0.0,1,0.0201746934,1.3161500728,1.3369914790247759,Train
QODHUO12_clean,7.0091,3.78553,6.9949,1.33735,1014.06,758.26,0.0,0.0,0.4828,0.361012,0.0,1,0.0200120093,1.3304077114,1.3214386816852588,Train
QODHUO13_clean,7.01938,3.75717,6.78624,1.32807,1011.93,761.958,0.0,0.0,0.4912,0.36986,0.0,1,0.0199562319,1.3164308191,1.3160806907955225,Train
QODHUO_clean,7.01702,3.80696,7.00767,1.33459,1022.86,766.423,0.0,0.0,0.4802,0.35981,0.0,1,0.0202467909,1.319678098,1.343339408571579,Train
QODPOQ_clean,7.05519,3.79599,6.7273,1.31521,1027.79,781.463,0.0,0.0,0.4944,0.37591,0.0,1,0.0201449455,1.3155532544,1.327894794663063,Test
QODQEH_clean,7.07208,3.67099,6.65977,1.31088,1023.42,780.716,0.0,0.0,0.4996,0.381118,0.0,1,0.0194356426,1.3058730828,1.3460260854713573,Train
QODSUZ_clean,7.02333,3.67551,6.68721,1.32015,1014.75,768.665,0.0,0.0,0.4954,0.375261,0.0,1,0.0193566246,1.3136512443,1.3002009132348,Train
QOFBIY01_clean,7.02313,3.82948,7.02313,1.33462,1010.65,757.254,0.0,0.0,0.4866,0.364598,0.0,1,0.0206515904,1.326955089,1.381903865318408,Test
QOFBIY02_clean,7.03275,3.83288,6.70379,1.33192,1017.39,763.856,0.0,0.0,0.4894,0.36744,0.0,1,0.0202881075,1.3299336033,1.336230458666905,Test
QOFBIY_clean,7.01606,3.82362,7.01606,1.3363,1014.56,759.23,0.0,0.0,0.4868,0.364289,0.0,1,0.0202797409,1.3297086344,1.3371712715024047,Test
QOFCAR_clean,7.04297,3.82338,7.04297,1.33044,1025.08,770.483,0.0,0.0,0.4874,0.366345,0.0,1,0.0205772205,1.3164020008,1.3795120843258428,Train
QOFCIZ_clean,7.04341,3.83129,7.04341,1.32486,1021.89,771.322,0.0,0.0,0.4928,0.371964,0.0,1,0.0201021828,1.3225245025,1.328929106181032,Test
QOFCOF_clean,7.02932,3.80353,7.02932,1.32333,1025.15,774.676,0.0,0.0,0.4948,0.373906,0.0,1,0.0200380388,1.3142266814,1.3295680003442616,Train
QOFDAS_clean,7.03553,3.81631,6.66267,1.32324,1033.46,781.008,0.0,0.0,0.4904,0.370605,0.0,1,0.0199404283,1.3320559342,1.3339208657518933,Test
QOFDEW_clean,7.03046,3.79465,6.68948,1.32008,1029.49,779.869,0.0,0.0,0.4982,0.377401,0.0,1,0.0202490633,1.3144367763,1.3609552304340635,Test
QOFDIA01_clean,7.07034,3.75403,6.76838,1.31589,1019.32,774.626,0.0,0.0,0.4958,0.37678,0.0,1,0.0197870404,1.3251674226,1.328474168512677,Test
QOFDIA02_clean,7.01083,3.77871,6.95045,1.33425,1016.66,761.974,0.0,0.0,0.4834,0.362301,0.0,1,0.0202806705,1.3183607179,1.344087613590569,Train
QOFDIA05_clean,7.02958,3.74465,6.95589,1.32702,1017.45,766.718,0.0,0.0,0.49,0.36925,0.0,1,0.0200454757,1.3156397094,1.3141740113925215,Train
QOFDIA06_clean,7.01624,3.71089,6.8329,1.32411,1025.99,774.855,0.0,0.0,0.4912,0.370967,0.0,1,0.0198614103,1.3159474148,1.3324989462636108,Train
QOFDIA07_clean,7.02954,3.71586,6.33543,1.32374,1036.28,782.845,0.0,0.0,0.4912,0.371071,0.0,1,0.0199051026,1.3204309899,1.3512399078210642,Test
QOFDIA08_clean,7.02793,3.71306,6.40493,1.32259,1024.02,774.255,0.0,0.0,0.4926,0.372451,0.0,1,0.0199859798,1.3181171565,1.3346107089229613,Test
QOFDIA_clean,7.0591,3.80398,6.95726,1.31482,1028.35,782.123,0.0,0.0,0.4968,0.377845,0.0,1,0.0199859798,1.3079284808,1.3275194798593266,Test
QOFDOG_clean,7.06378,3.79902,6.95616,1.31604,1025.34,779.109,0.0,0.0,0.4946,0.375823,0.0,1,0.0193798652,1.313427205,1.3035999264649916,Train
QOFKUT_clean,5.30234,4.62006,5.27677,1.31152,1132.35,863.381,0.0,0.0,0.538,0.410209,0.0,1,0.0628715335,2.5671862387,2.6420998773312947,Train
QOFLAA_clean,9.67197,6.44372,9.67197,0.77122,2332.16,3023.99,0.0,0.0,0.771,0.999714,0.0,1,0.0139525202,1.3150887778,1.3667649282030951,Train
QOFPAE_clean,5.80282,4.70685,5.79577,3.42955,1940.39,565.785,0.0,0.0,0.5998,0.174892,0.0,1,0.0069221958,0.5800773517,0.5484763634463634,Train
QOHTUD_clean,6.67584,5.81143,6.66422,1.12235,912.162,812.727,0.0,0.0,0.4922,0.438545,0.0,1,0.0088816346,0.740600096,0.7591887236752954,Train
QOHYET_clean,5.66796,4.25652,5.66268,1.43346,1155.57,806.137,0.0,0.0,0.5024,0.350479,0.0,0,0.0491508353,2.261499799,2.2525869513903256,Test
QOJTUE_clean,4.99075,4.07072,4.98875,1.39072,1473.66,1059.64,0.0,0.0,0.5964,0.428841,0.0,1,0.0583948027,2.8880314458,3.012088981469491,Train
QOJVAM_clean,5.27687,4.07489,5.26218,1.3881,1464.38,1054.95,0.0,0.0,0.585,0.421438,0.0,1,0.0559128993,2.8643385858,2.825111877364752,Train
QOKCID_clean,4.30865,3.85554,4.26496,1.71497,435.499,253.939,0.0,0.0,0.3688,0.215047,0.0,1,0.0487625738,1.1164021055,1.2389138068968324,Train
QOKKAE_clean,4.41255,3.41758,4.32307,1.9759,693.219,350.838,235.178,119.024,0.5434,0.275014,0.0,1,0.0153928882,1.140974021,1.1793008562837866,Test
QOLVET_clean,4.18106,3.97053,4.18106,1.83396,707.407,385.727,0.0,0.0,0.4316,0.235338,0.0,0,1.0569300281,3.6671725117,3.6696152689330095,Train
QOMDUS_clean,5.73732,4.27265,5.65548,1.56934,1252.52,798.122,0.0,0.0,0.5388,0.343329,0.0,1,0.0314813005,1.7580959541,1.8345487533851812,Train
QOMFEE_clean,6.23329,4.79223,6.23329,0.956504,2173.22,2272.05,0.0,0.0,0.6332,0.661994,0.0,1,0.0496672585,3.3688763095,3.4105089906552357,Train
QOMRUH_clean,5.91598,4.8393,5.90444,0.946458,2296.32,2426.22,0.0,0.0,0.6568,0.693956,0.0,1,0.0292157444,2.4015783195,2.380914035508835,Test
QOMSAO_clean,6.28295,5.19194,6.16876,0.913349,2335.71,2557.31,0.0,0.0,0.6626,0.725462,0.0,1,0.026507305,2.2037701021,2.2858380175314106,Train
QOMSES_clean,5.8822,4.848,5.86939,0.949674,2240.73,2359.47,0.0,0.0,0.658,0.692869,0.0,1,0.0287041233,2.3066980740000003,2.324877817728466,Test
QOMTET_clean,4.76534,3.95054,4.76534,1.34356,1133.18,843.42,0.0,0.0,0.5016,0.373337,0.0,1,0.0625040483,2.7387760793,2.7508449542111575,Test
QONKUB_clean,6.24349,5.12734,6.13649,0.9162,2335.91,2549.56,0.0,0.0,0.6696,0.730845,0.0,1,0.0267109835,2.2116286984,2.284588953906157,Test
QONLAI_clean,6.10211,4.91381,6.0286,0.939951,2318.74,2466.88,0.0,0.0,0.6558,0.697696,0.0,1,0.0283573849,2.2872395008,2.35510656211964,Test
QONLEM_clean,5.90984,4.72024,5.82362,0.936419,2363.81,2524.31,0.0,0.0,0.6642,0.709298,0.0,1,0.0284301272,2.3016764285,2.3854863722949906,Test
QONLIQ_clean,6.00653,4.86996,6.00653,0.931336,2311.78,2482.22,0.0,0.0,0.6534,0.701573,0.0,1,0.0275911657,2.2899818866,2.3084805630679734,Test
QONQAM_clean,6.95521,6.65822,6.95521,0.957388,1627.93,1700.38,0.0,0.0,0.609,0.636106,0.0,0,0.0424495769,3.3412277819,3.325118063920426,Train
QONQEQ_manual,7.41052,7.00984,7.40327,0.944282,1611.38,1706.46,0.0,0.0,0.6124,0.648535,0.0,0,0.04928822,3.918846966,3.875635155638791,Train
QOPCEE_clean,5.00224,4.42588,5.00224,2.00794,611.459,304.521,0.0,0.0,0.4062,0.202297,0.0,1,0.025835527,0.9304273203,1.1189072634157835,Test
QOPDEE_clean,5.73867,3.59336,5.72178,2.09497,1040.44,496.637,0.0,0.0,0.5118,0.244299,0.0,0,0.1373675258,2.6555098051,2.6922764989797767,Train
QOPPES_clean,7.05411,5.65156,7.03914,0.967554,1983.39,2049.91,0.0,0.0,0.6408,0.662289,0.0,1,0.0256793995,2.0438885168,2.1132382152663007,Train
QOPPOC_clean,4.21204,3.56876,4.20993,1.51146,562.274,372.007,0.0,0.0,0.4702,0.31109,0.0,1,0.0714575451,2.6391635494,2.658205757673948,Train
QOPZIF_clean,6.77563,4.15655,6.73512,1.06978,1861.11,1739.71,0.0,0.0,0.6378,0.596196,0.0,1,0.0398023247,2.9073071854,2.816340559088884,Test
QOQWOK01_clean,8.63633,6.73186,8.63063,0.935461,1473.57,1575.23,0.0,0.0,0.5784,0.618305,0.0,0,0.0305321888,2.4619159272,2.268463965298219,Test
QOQWOK_clean,8.39175,6.59132,8.39175,0.957359,1460.22,1525.26,0.0,0.0,0.566,0.59121,0.0,0,0.0308876168,2.4740512548,2.359433645895759,Train
QOSJEP_clean,5.95986,5.08733,5.90424,1.45523,1476.39,1014.54,0.0,0.0,0.5466,0.37561,0.0,1,0.023103879,1.662470191,1.6496865970685268,Train
QOSJIT_clean,8.05472,3.98,7.82448,1.13518,1829.79,1611.9,0.0,0.0,0.6248,0.550399,0.0,1,0.0220118238,1.7790048047999998,1.820073305352362,Test
QOSJOZ_clean,8.08316,3.97327,8.04054,1.14357,1840.46,1609.4,0.0,0.0,0.6224,0.54426,0.0,1,0.0218659432,1.7734632341999998,1.8150372832707964,Train
QOSJUF_clean,6.12081,5.11749,6.09552,1.41231,1533.09,1085.52,0.0,0.0,0.5616,0.397647,0.0,1,0.0220353073,1.6337020215,1.588275947598244,Train
QOSKAM_clean,8.09283,3.98695,8.04748,1.17505,1628.38,1385.79,0.0,0.0,0.6158,0.524061,0.0,1,0.0216612826,1.7412311555000002,1.779439073414478,Train
QOSXOM_clean,11.03802,8.53557,11.03802,1.03996,1270.59,1221.78,36.3048,34.91,0.5972,0.574255,0.0,1,0.0408082715,1.6268457741999998,1.8738354113025344,Test
QOTZEG_clean,6.98929,6.77562,6.98929,1.52277,1495.88,982.34,0.0,0.0,0.5546,0.364204,0.0,1,0.0287968464,2.0586928769,2.066976560725971,Train
QOVDAH_clean,9.81819,9.19443,9.81819,1.3396,1377.74,1028.47,0.0,0.0,0.5818,0.434308,0.0,1,0.0064818284,0.6219551131000001,0.6222277426520706,Train
QOVDEL_clean,9.82811,9.16141,9.82811,1.34846,1344.96,997.404,0.0,0.0,0.5734,0.425224,0.0,1,0.0059557348,0.5668654911,0.5723026980375208,Train
QOVSOL_clean,6.4221,3.84022,6.40906,1.13898,1211.49,1063.66,0.0,0.0,0.5446,0.478145,0.0,0,0.0535195309,2.5460405289,2.75413716592164,Test
QOWLEU_clean_h,7.55178,5.63017,7.55178,1.41332,1270.28,898.791,0.0,0.0,0.5304,0.375286,0.0,0,0.005999478,0.5525165302,0.5837782503178122,Train
QOWQUO_manual,16.36508,5.22924,16.36508,0.720668,2111.4,2929.78,0.0,0.0,0.7092,0.984087,0.0,1,0.0343324923,2.657671705,2.716333921929722,Test
QOWRAV02_clean,16.40599,5.24588,16.39933,0.71711,2129.23,2969.18,0.0,0.0,0.7138,0.995384,0.0,1,0.0342927471,2.6627804352,2.683278908234646,Train
QOWRAV04_clean,16.39644,5.24663,16.39644,0.717349,2130.73,2970.28,0.0,0.0,0.7132,0.994216,0.0,1,0.0340439716,2.6569224344,2.683441461937593,Test
QOWRAV05_clean,16.38928,5.24682,16.38928,0.717588,2130.87,2969.49,0.0,0.0,0.7132,0.993885,0.0,1,0.0346901991,2.662574349,2.7260704833545915,Test
QOWRAV06_clean,16.3778,5.24265,16.37247,0.717908,2134.21,2972.83,0.0,0.0,0.7136,0.994,0.0,1,0.0338349412,2.6699713723,2.683441461937593,Test
QOWRAV07_clean,16.36646,5.23896,16.35136,0.718227,2134.13,2971.38,0.0,0.0,0.7136,0.993558,0.0,1,0.0342794987,2.6837070189,2.683278908234646,Test
QOWRAV08_clean,16.35712,5.2326,16.35248,0.718547,2136.57,2973.47,0.0,0.0,0.7128,0.992003,0.0,1,0.0337657552,2.6817815848,2.682432069752815,Train
QOWRAV09_clean,16.34087,5.22933,16.33846,0.718946,2138.82,2974.94,0.0,0.0,0.7138,0.992842,0.0,1,0.0347917701,2.70302613,2.734243263670005,Train
QOWRAV10_clean,16.32287,5.22574,16.32052,0.719907,2137.74,2969.47,0.0,0.0,0.7132,0.990684,0.0,1,0.0348131148,2.6958064881,2.734243263670005,Test
QOWRAV11_clean,16.31009,5.22559,16.30705,0.720949,2138.54,2966.28,0.0,0.0,0.7124,0.988141,0.0,1,0.0342728745,2.692756412,2.6918382500954072,Test
QOWRAV12_clean,16.28739,5.21999,16.28739,0.722396,2138.93,2960.89,0.0,0.0,0.713,0.986993,0.0,1,0.0344627682,2.7139693083,2.720823941478204,Test
QOXFIU_clean,5.39147,3.92821,5.39147,2.22853,612.028,274.634,150.125,67.3652,0.4354,0.195376,0.0,1,0.0055812355,0.4260877332,0.4477151128722383,Train
QOXNIB_clean,4.25979,3.61253,4.24685,2.02207,509.832,252.133,0.0,0.0,0.4388,0.217005,0.0,1,0.0238879742,1.1468015102,1.2179513760560445,Train
QOYLOG_clean,5.80261,4.54109,5.79964,1.48289,1070.97,722.217,0.0,0.0,0.498,0.335831,0.0,1,0.0621828923,2.2126736109,2.307466803310608,Train
QOZDOY_clean,5.27343,4.6547,5.27343,1.1624,1108.39,953.534,0.0,0.0,0.534,0.459394,0.0,1,0.1460952906,3.6754429371,3.6616002144616235,Train
QOZGAP_clean,4.8362,3.81563,4.76917,1.19541,1260.2,1054.2,0.0,0.0,0.5442,0.455241,0.0,1,0.0795887342,3.42007783,3.3633848354526794,Train
QOZPIG_clean,4.54942,3.60193,4.54942,1.23234,1331.25,1080.26,0.0,0.0,0.5634,0.457179,0.0,0,0.0445482906,2.7677363665,2.7588954985690735,Train
QOZPOM_clean,4.94177,4.05577,4.93292,1.11879,802.645,717.419,483.544,432.201,0.5788,0.517342,0.0,0,0.0590522215,3.2605920828,3.2659663367761538,Train
QOZWAF_clean,8.11802,4.72444,8.10878,2.64249,1840.83,696.627,0.0,0.0,0.5864,0.221912,0.0,1,0.0026117535,0.2436028376,0.22715422377672945,Train
QUBWIU_clean,10.48256,4.17052,10.46235,1.23045,1614.41,1312.05,0.0,0.0,0.6222,0.505669,0.0,1,0.0123593982,1.0709780321,1.0893864671601685,Test
QUBZAP_clean,7.14967,3.85025,7.14967,1.8852,994.903,527.743,2.6105,1.38473,0.4918,0.260874,0.0,1,0.0094936816,0.7342345565,0.7088374521572505,Train
QUDGED_clean,9.12367,7.3846,9.12367,0.60089,2399.82,3993.78,0.0,0.0,0.7754,1.29042,0.0,1,0.0312033957,2.3944336092,2.5929688474071586,Train
QUDJIJ_clean,5.71523,4.47901,5.71444,1.04798,1842.24,1757.9,0.0,0.0,0.5918,0.564707,0.0,1,0.0532615511,3.245140412,3.242230709461201,Test
QUDJOP_clean,6.19638,4.53832,6.17045,1.05792,1773.86,1676.75,0.0,0.0,0.5902,0.557888,0.0,1,0.0608834267,3.458985348,3.382619392044103,Train
QUFTAM_clean,4.97686,4.54571,4.97686,1.56592,814.078,519.872,0.0,0.0,0.4264,0.2723,0.0,1,0.0347868835,1.4695767671000002,1.5037710040521874,Test
QUJJUC_clean,6.37183,4.25289,6.36461,1.09976,2598.54,2362.82,0.0821372,0.0746863,0.689,0.626499,0.0,0,0.0244060391,2.1584319408000003,2.0557370678807736,Test
QULLEP_clean,4.84676,3.51441,4.84676,1.2958,520.065,401.348,0.0,0.0,0.4678,0.361013,0.0,1,0.0286963866,1.0797643481,1.2954060590342977,Train
QULMIU_clean,10.29771,9.60437,10.29648,1.52872,1059.92,693.336,0.0,0.0,0.525,0.343424,0.0,0,0.0132488209,1.1358460345,1.048493947104772,Test
QUMFUB_clean,6.17873,3.70632,6.16879,1.24989,1414.19,1131.45,0.0,0.0,0.5442,0.435399,0.0,0,0.0324769656,2.1923480945,2.1390017591251693,Train
QUNVIG_clean,7.99116,6.98056,7.99116,0.854766,1939.43,2268.96,0.0,0.0,0.6666,0.779862,0.0,0,0.015613948,1.5068326032,1.4968319538898338,Test
QUNWAZ_clean,6.68191,4.62372,6.68191,0.987311,1445.66,1464.24,0.0,0.0,0.5434,0.550384,0.0,1,0.0547405552,2.7391142310000003,2.7759152164449308,Train
QUPDEL01_clean,4.31787,3.88877,4.31787,2.05035,791.695,386.128,0.0,0.0,0.4768,0.232546,0.0,1,0.0288993865,1.6578347115,1.623201491174554,Test
QUPDEL_clean,4.30346,3.89395,4.29928,2.06117,790.339,383.442,0.0,0.0,0.481,0.233363,0.0,1,0.0335590326,1.7822865761000002,1.7279492728456993,Test
QUPHUF_clean,5.02709,3.72665,4.99488,1.27657,629.658,493.241,0.0,0.0,0.4654,0.36457,0.0,1,0.0548127047,1.7455455353,1.8554137920294274,Train
QUPJAN_clean,5.93426,3.61461,5.81162,1.33898,708.592,529.204,195.452,145.971,0.4828,0.360574,0.0,0,0.0597925785,1.97719786,2.1415715341726425,Test
QUQBAH_clean,9.66456,8.22981,9.66456,0.719522,1817.4,2525.84,0.0,0.0,0.7038,0.978149,0.0,0,0.0273384051,2.4556793712,2.333578382659625,Test
QUQFIS_clean,7.94677,5.42884,7.94677,0.862455,2489.26,2886.25,0.0,0.0,0.7028,0.814884,0.0,1,0.051819272,3.7250797033,3.7636249091156433,Train
QUQFOY_clean,8.20803,5.81249,8.20591,0.948677,2479.72,2613.87,0.0,0.0,0.7154,0.754103,0.0,1,0.0326573278,2.660793261,2.716135056526494,Test
QUQGAL_clean,5.24917,3.7405,5.24587,0.948381,1199.28,1264.55,0.0,0.0,0.5468,0.576561,0.0,1,0.045017712,2.8255679993,2.753698401022314,Train
QUQHAM_clean,4.11745,3.56035,4.11745,2.20732,218.405,98.9459,0.0,0.0,0.3616,0.163818,0.0,1,0.01730327,0.800026316,0.839247944839675,Train
QUQPOI_SL,6.67917,4.16594,6.67917,0.777338,2276.92,2929.12,0.0,0.0,0.6518,0.838503,0.0,0,0.0640191717,4.620502102900001,4.551301554185407,Train
QUQWOQ_clean,10.06165,6.49649,10.06165,0.726621,2197.25,3023.92,0.0,0.0,0.7314,1.00658,0.0,1,0.0287004691,2.5008485833000003,2.415284793631402,Train
QUQWUW_clean,9.102,7.19033,9.102,0.965103,1741.04,1804.0,0.0,0.0,0.668,0.692154,0.0,1,0.03462284,2.9038375394,2.550862617172562,Test
QUQYUY_clean,5.26261,4.12424,5.26261,2.16673,1285.57,593.325,0.0,0.0,0.5212,0.240547,0.0,1,0.0190545574,1.1841172848,1.1915626028131683,Train
QURSEC_clean,6.73488,4.98598,6.69979,1.11309,1471.92,1322.37,0.0,0.0,0.585,0.525564,0.0,1,0.0345963741,2.0690215222,2.2768349908854786,Train
QUSBIP_clean,10.66909,7.4091,8.27581,0.565023,2406.95,4259.92,0.0,0.0,0.764,1.35216,0.0,1,0.0207077079,1.9971474419,1.9378103178502128,Test
QUSCAJ_clean,5.41421,3.75067,5.4093,1.171,1325.63,1132.04,0.0,0.0,0.5476,0.467633,0.0,1,0.0203175452,1.4698674372999998,1.5163784721554903,Train
QUSCEN_clean,5.44405,4.31312,5.4378,1.17461,1160.52,988.008,0.0,0.0,0.5346,0.455132,0.0,0,0.1115441653,3.3309970719,3.4036674229628323,Train
QUSHUJ_clean,7.15336,4.82289,7.11748,0.903996,1600.62,1770.61,0.0,0.0,0.599,0.662614,0.0,1,0.0268052231,2.0487993876,2.1626015526117013,Test
QUSQIG_clean,4.53831,3.95004,4.53831,1.42878,1037.77,726.335,0.0,0.0,0.4826,0.337771,0.0,0,0.0163506638,1.1249528713,1.2275904975474172,Train
QUSRIH_clean,4.38791,3.69157,4.27847,1.86379,1077.12,577.916,0.0,0.0,0.549,0.294561,0.0,1,0.0240382979,1.4975609747,1.5861326311034154,Test
QUSRUT_clean,5.91349,3.768,5.90805,2.1648,1012.46,467.691,0.0,0.0,0.5258,0.242886,0.0,1,0.0062346336,0.5243525101,0.5360306556794958,Train
QUSSII_clean,5.07067,4.28847,5.07067,1.30387,1013.74,777.485,0.0,0.0,0.5214,0.399886,0.0,1,0.063281385,2.531968736,2.5916000082522888,Train
QUTTII01_clean,5.86223,4.35313,5.84737,1.55825,1478.82,949.028,0.0,0.0,0.4966,0.31869,0.0,1,0.0325896489,2.038717128,2.0332513477447285,Test
QUTTII_clean,5.89004,4.39215,5.87319,1.54457,1464.98,948.466,0.0,0.0,0.5138,0.332648,0.0,1,0.0327648661,2.023395416,2.0260482058419034,Test
QUWYEO_clean,4.99055,3.64708,4.98531,1.56862,445.43,283.963,0.0,0.0,0.3404,0.217006,0.0,0,0.1383310522,1.472010464,1.5481181942292515,Train
QUXQUX_clean,5.17149,3.8322,5.17149,1.55185,476.457,307.026,0.0,0.0,0.3482,0.224378,0.0,0,0.1307090705,1.5365648878,1.477316499492367,Train
QUXRAE_clean,5.03286,3.68439,5.03149,1.56261,456.108,291.888,0.0,0.0,0.3404,0.21784,0.0,0,0.1362266633,1.4844976475999998,1.4390038790856738,Train
QUXREI_clean,5.01673,3.67388,5.01071,1.5629,457.79,292.911,0.0,0.0,0.336,0.214985,0.0,0,0.1342160492,1.4784073222,1.4500429973527567,Train
QUXRIM_clean,4.75182,4.31251,4.74788,1.55891,477.005,305.985,0.0,0.0,0.3332,0.213739,0.0,0,0.1161981645,1.7013686886,1.6117321666788524,Train
QUXROS_clean,5.0019,3.66108,4.98081,1.56447,446.305,285.275,0.0,0.0,0.341,0.217965,0.0,0,0.1357456889,1.4746008689,1.4564383256672122,Train
QUXRUY_clean,4.90652,3.5734,4.90652,1.57471,420.432,266.99,0.0,0.0,0.3326,0.211213,0.0,0,0.1415214147,1.4640890077000002,1.4569842651173746,Train
QUZVEO_clean,9.48553,8.8403,9.48103,1.4036,1600.03,1139.94,0.0,0.0,0.619,0.441008,0.0,1,0.012452668,1.0354153294,1.0476320685126295,Test
QUZZES_clean,5.06119,3.42679,5.05316,1.0324,1234.19,1195.46,0.0,0.0,0.5416,0.524604,0.0,0,0.0734908738,3.9067510509,3.8028730437174465,Train
RABHAZ_clean,6.83344,4.71663,6.83296,1.06807,1813.41,1697.83,0.0,0.0,0.6246,0.584793,0.0,1,0.0108955255,0.9612313076,0.9652969504141478,Train
RABHIH_clean,6.97329,4.88825,6.97329,0.93136,2191.25,2352.75,0.0,0.0,0.6512,0.699193,0.0,1,0.016495803,1.4614639077,1.491111206132735,Train
RACHUA_clean,10.9643,9.26908,10.9643,0.761133,2031.27,2668.75,0.0,0.0,0.7024,0.922834,0.0,1,0.0174099683,1.6074548284,1.6406560467331526,Test
RACZEC_clean,5.79552,5.04854,5.77825,1.51587,900.967,594.354,0.0,0.0,0.4678,0.308601,0.0,0,0.0194884444,1.1281256575,1.167539724235536,Test
RAFNIV_clean,5.08011,4.95466,5.07716,1.28742,668.968,519.62,0.0,0.0,0.4346,0.337575,0.0,0,0.02809169,1.3255689802,1.3525356624667948,Test
RAFNUH01_clean,5.42763,5.00502,5.42763,1.15566,1031.44,892.51,0.0,0.0,0.5104,0.441654,0.0,0,0.0157816783,1.1663532818,1.1699017681143327,Train
RAFNUH_clean,4.89776,4.80325,4.89776,1.32249,640.157,484.055,0.0,0.0,0.4324,0.326959,0.0,0,0.0341550017,1.4233663611,1.4373518661580658,Train
RAGMOE_clean,5.90739,4.56726,5.89705,1.28251,410.79,320.302,304.548,237.463,0.4784,0.373019,0.0,0,0.1369389612,2.4553671912,2.4816851416311687,Train
RAHBUZ_clean,6.80616,5.48586,6.79539,1.14478,1985.3,1734.22,0.0,0.0,0.6386,0.557835,0.0,1,0.0301260305,2.3004048324,2.2703578995939195,Train
RAHMAP_clean,5.60258,3.44233,5.60258,1.27525,1106.44,867.624,0.0,0.0,0.5354,0.419839,0.0,1,0.0466469907,2.3229609376,2.3787075820086634,Test
RAHNOF_clean,19.03849,6.57368,19.03849,0.594852,2177.49,3660.55,0.0,0.0,0.7766,1.30553,0.0,1,0.0244060932,2.2498107496,2.2030367942080846,Train
RAJFAM_clean,5.76966,4.83521,5.76966,1.51984,1227.59,807.709,0.0,0.0,0.4906,0.322798,0.0,1,0.0378742829,1.9540782399,2.0056324803226464,Train
RAJFEQ_clean,6.16839,5.15091,6.14553,1.469,1288.74,877.291,0.0,0.0,0.5068,0.344997,0.0,1,0.0341327123,1.9641070041,1.9959846480511616,Test
RAKCUC_clean,8.57661,7.89234,8.55843,1.19439,2063.73,1727.86,0.0,0.0,0.673,0.563469,0.0,0,0.0186238728,1.5655257725,1.580076474859074,Train
RAKDAJ_clean,8.45824,7.8928,8.45069,1.20511,2057.23,1707.09,0.0,0.0,0.6724,0.557956,0.0,1,0.018760145,1.5764538844999998,1.6000822428933503,Train
RAKDEN_clean,8.39033,7.40998,8.36675,1.20923,2036.82,1684.4,0.0,0.0,0.668,0.55242,0.0,0,0.0176640422,1.5380488124,1.530274313605256,Test
RAKMOF_clean,6.63021,4.74893,6.28969,1.14411,2264.35,1979.14,0.0,0.0,0.7132,0.623366,0.0,1,0.006472973,0.6008802028,0.6185157678137483,Train
RANNOM_clean,5.69914,3.57907,5.69914,1.37889,1612.66,1169.53,0.0,0.0,0.555,0.402497,0.0,1,0.0249791644,1.8566173192,1.831199941379574,Train
RANNUS_clean,5.60983,3.56003,5.60983,1.35998,1546.68,1137.28,0.0,0.0,0.565,0.415449,0.0,1,0.0241915404,1.8099011197,1.7239238845319795,Test
RANPAA_clean,6.05316,4.94809,6.0477,1.2743,1610.55,1263.87,0.0,0.0,0.5832,0.457663,0.0,1,0.0353573803,2.4921545869,2.3637912782195776,Train
RANWAH_clean,16.74527,9.32901,16.72649,0.807635,1226.12,1518.16,378.27,468.367,0.6974,0.863509,0.0,1,0.0414156633,2.7767983761000004,2.1075168021325097,Test
RAPBOZ_clean,6.26431,4.41375,6.26263,1.54927,1120.19,723.042,0.0,0.0,0.4916,0.31731,0.0,1,0.0594232979,2.6543471069,2.443202782139402,Train
RAPYUE_clean,8.10283,5.74584,7.78942,0.857006,2630.83,3069.79,0.0,0.0,0.7212,0.841534,0.0,1,0.021425667,1.9464683666,1.9319819986147724,Train
RASGAT_clean,7.32111,5.46808,7.222,1.5718,2726.03,1734.34,0.0,0.0,0.7354,0.467871,0.0,1,0.0050281911,0.4733127928,0.47367260613987505,Train
RASKIH_clean,5.34593,4.56791,5.34593,1.18507,1106.86,934.001,0.0,0.0,0.485,0.409257,0.0,1,0.1089119466,3.2668112031,3.249504964822714,Train
RASKON_clean,4.83097,3.827,4.78914,1.13652,871.617,766.914,0.0,0.0,0.4996,0.439586,0.0,1,0.0646431236,3.0199788752,2.756491190161404,Train
RASXEP01_clean,5.09989,3.45083,5.0749,2.38949,628.019,262.825,0.0,0.0,0.4048,0.169408,0.0,1,0.0135890165,0.6687003616,0.6896958257000512,Train
RASXIT_clean,5.08501,3.51139,5.08501,2.43093,644.893,265.287,0.0,0.0,0.4018,0.165287,0.0,1,0.014488508,0.6777097568000001,0.6817573351880362,Test
RATRUB_clean,5.58846,4.62948,5.58392,1.75407,1139.55,649.659,0.0,0.0,0.5118,0.291778,0.0,1,0.0423581707,1.8450837334,1.8982678711980123,Train
RATSAI_clean,5.60614,4.62847,5.47098,1.77494,1148.07,646.824,0.0,0.0,0.5046,0.284292,0.0,1,0.0434059447,1.8503411078,1.9119137736926328,Train
RAVJOP_clean,6.06205,4.36461,6.04226,1.22934,1821.97,1482.08,0.0,0.0,0.617,0.501897,0.0,1,0.0307736549,2.2122751228,2.206547146115147,Train
RAVVIU01_clean,4.59869,3.5679,4.59657,1.86048,691.944,371.917,0.0,0.0,0.4344,0.233488,0.0,0,0.0163874184,1.0105346801,1.0436085846723042,Test
RAVVIU_clean,4.57827,3.5768,4.571,1.86654,688.219,368.714,0.0,0.0,0.4312,0.231016,0.0,0,0.0161745343,1.0030681956,1.0416160358736142,Test
RAVVUH_clean,17.18258,16.37707,17.18252,0.61117,1430.17,2340.05,0.0,0.0,0.7478,1.22355,0.0,1,0.0274515172,2.3958911545,2.241964719557129,Test
RAVWAO_clean,17.92516,17.51395,17.92516,0.536552,1469.43,2738.65,0.0,0.0,0.7562,1.40937,0.0,1,0.0286260517,2.3326045293,2.368904563874423,Test
RAVWES_clean,24.44059,23.62721,24.44059,0.439059,1246.56,2839.17,0.0,0.0,0.7912,1.80203,0.0,1,0.0303134758,2.4812308791,2.418414254310046,Train
RAVWIW_clean,30.70055,30.14408,30.70055,0.362219,1156.23,3192.07,0.0,0.0,0.82,2.26383,0.0,1,0.025842793,2.1480989966,2.1204097321615785,Test
RAVWOC_clean,28.21772,27.5597,28.21772,0.383766,1182.94,3082.47,0.0,0.0,0.7968,2.07627,0.0,1,0.0215660401,1.8035960795,1.8647485027478674,Train
RAVWUI_clean,36.78756,36.43313,36.78756,0.334728,1010.86,3019.95,0.0,0.0,0.8506,2.54117,0.0,1,0.0224190158,1.9769258573,1.9398933323576226,Test
RAVXAP_clean,34.85961,34.35542,34.85961,0.286106,1008.2,3523.86,0.0,0.0,0.8406,2.93808,0.0,1,0.023926219,2.1497808117,2.183089920704366,Test
RAVXET_clean,38.22812,38.06649,38.22812,0.326773,945.437,2893.25,0.0,0.0,0.8304,2.54121,0.0,1,0.0170589342,1.5170947736000002,1.626495548568295,Test
RAVXIX_clean,53.57674,53.26429,53.57674,0.23463,734.576,3130.78,0.0,0.0,0.8668,3.69432,0.0,0,0.02278806,2.0570704049,2.055226683143723,Train
RAVXOD_clean,71.64119,71.50197,71.64119,0.179103,619.991,3461.66,0.0,0.0,0.8986,5.01724,0.0,1,0.0231071515,2.1594801735,2.1305212587661866,Train
RAWZIA_clean,5.39589,4.8012,5.39589,1.33412,1219.23,913.881,0.0,0.0,0.473,0.35454,0.0,0,0.0918672909,3.5520967177,3.323456915401507,Train
RAXQEO_clean,8.85312,4.24768,8.85312,0.848051,1428.37,1684.3,0.0,0.0,0.631,0.744059,0.0,1,0.0179426225,1.5440140144,1.5235785639355726,Train
RAYFAA_clean,15.81778,9.45289,13.62877,0.959285,1554.88,1620.88,0.0,0.0,0.6988,0.728459,0.0,1,0.0135707086,1.2499333687,1.1571487155253548,Test
RAYFEE_clean,13.87561,10.03609,13.87561,0.965847,1665.9,1724.8,0.0,0.0,0.7062,0.731172,0.0,1,0.0206268695,1.5938889352,1.7195760102976565,Train
RAYKIN_clean,9.49471,7.12348,9.49471,1.03474,1089.85,1053.26,0.0,0.0,0.5584,0.539655,0.0,1,0.0220553788,1.6764258166,1.6361774663465585,Train
RAYLAG_clean,8.06325,5.70271,8.06325,1.05948,1118.14,1055.37,0.0,0.0,0.5424,0.511951,0.0,1,0.0264099031,1.7451468308000002,1.789259485694283,Train
RAYLOU_clean,6.83933,5.19617,6.83933,1.09861,1246.82,1134.91,0.0,0.0,0.5274,0.480063,0.0,1,0.026666568,1.7828948132,1.8930568186670584,Test
RAYMAG_clean,6.11234,4.00379,6.11037,0.853384,2274.69,2665.5,0.0,0.0,0.6316,0.740112,0.0,1,0.0434221345,3.3140251983,3.3655394579383167,Train
RAYMIP_clean,13.47425,9.8037,13.46784,0.502799,2109.81,4196.14,0.0,0.0,0.8088,1.6086,0.0,1,0.0247115158,2.3714323309,2.3111180845461474,Train
RAYMOV_clean,13.90455,9.65699,13.67506,0.424006,2112.55,4982.37,0.0,0.0,0.8122,1.91554,0.0,1,0.0223154696,2.1596132428,2.1326879225294806,Test
RAZGOQ_clean,5.22922,5.1443,5.20974,1.6171,770.443,476.435,163.357,101.019,0.5102,0.315503,0.0,1,0.0139136215,1.0645775315,1.011876664869735,Train
RAZXIA02_clean,7.82014,4.3293,7.82014,1.54095,1272.68,825.908,0.0,0.0,0.459,0.297868,0.0,1,0.0085796593,0.7569030604000001,0.7678080839061767,Train
RAZXIA_clean,7.67887,4.23308,7.64737,1.56136,1212.02,776.259,0.0,0.0,0.456,0.292053,0.0,1,0.0084881743,0.7441338531,0.7598312161875931,Train
RAZYIC_clean,7.88308,6.20532,7.88308,1.40501,1615.19,1149.59,0.0,0.0,0.5966,0.424622,0.0,0,0.0272235294,2.1007213052,2.103000111740764,Test
RAZYOI_clean,7.72531,5.99694,7.71841,1.07668,1740.27,1616.34,0.0,0.0,0.608,0.564701,0.0,0,0.0351910006,2.7739250295,2.6687456019632374,Train
REDROI_clean,5.11492,3.52421,4.97096,1.62315,751.494,462.985,0.0,0.0,0.4856,0.299172,0.0,0,0.0750026341,1.9841983681,2.131255518362528,Train
REDYEG_clean,6.00247,5.30071,6.00247,1.71779,1047.72,609.926,0.0,0.0,0.4804,0.279662,0.0,0,0.0237423717,1.2318224495,1.4395405121333709,Test
REFJET_clean,6.27741,5.87074,6.27741,1.48318,1233.99,831.987,0.0,0.0,0.4452,0.300165,0.000134845,1,0.0312739734,1.8920118956,1.8916446597541596,Train
REFTON_SL,6.52014,5.78584,6.51985,1.60919,731.041,454.292,0.0,0.0,0.4398,0.273306,0.0,1,0.0102501715,0.7478184770999999,0.7647039490374836,Train
REFTUT_clean,6.62287,5.81813,6.60232,1.44048,711.488,493.924,0.0,0.0,0.4434,0.307814,0.0,1,0.0109015776,0.7893472056,0.8109320782839113,Test
REGJIW01_clean,4.19061,3.96956,4.19061,2.19605,565.019,257.289,0.0,0.0,0.3638,0.165661,0.0,0,0.0668635392,1.9353348494,1.9185904594285121,Train
REGJIW02_clean,4.15601,3.75321,4.15601,2.20306,528.853,240.053,0.0,0.0,0.3622,0.164407,0.0,0,0.0564850858,1.8249419258,1.7994817892728068,Train
REGJIW_clean,4.22072,4.03217,4.22072,2.18549,633.476,289.856,0.0,0.0,0.367,0.167926,0.0,0,0.0692551584,1.9904798141,1.913995804177976,Train
REGMOH_clean,5.75637,3.63199,5.752,1.21306,695.864,573.642,0.0,0.0,0.461,0.380029,0.0,0,0.0286483878,1.3645079131,1.3652866843453064,Test
REGMUN_clean,5.53731,3.62481,5.51122,1.21407,657.252,541.362,0.0,0.0,0.452,0.372301,0.0,0,0.0276166386,1.3255641368000002,1.313989015113283,Test
REGQUR_clean,6.37556,5.47534,6.06532,1.03259,2464.11,2386.34,0.0,0.0,0.6836,0.662025,0.0,1,0.0350348989,2.7111700804,2.886888998425947,Test
REGRAY_clean,9.45537,5.54963,9.26082,0.925798,2318.33,2504.14,0.0,0.0,0.7126,0.769715,0.0,1,0.0271176431,2.3626481461,2.290934697143242,Train
REGREC_clean,7.78665,6.48187,7.78665,0.899667,2411.03,2679.92,0.0,0.0,0.7204,0.800741,0.0,1,0.0264156475,2.3573585036,2.2752755913971145,Train
REGRIG_clean,9.2158,6.6287,9.19553,0.813635,2298.6,2825.1,0.0,0.0,0.7402,0.909744,0.0,1,0.0236365499,2.0788850682,2.0549711541290234,Train
REHHOD_clean,9.5023,7.30426,9.5023,0.978772,2065.68,2110.48,0.0,0.0,0.6764,0.69107,0.0,1,0.0235659493,1.8885065724,2.0030097064840753,Test
REHVAD_clean,5.39014,4.09776,5.39014,1.21945,848.775,696.033,0.0,0.0,0.4626,0.379352,0.0,0,0.0588562857,2.1200129551,2.1452386595579247,Train
REHVEH_clean,5.09966,4.72276,5.09966,1.21463,819.918,675.033,0.0,0.0,0.4664,0.383984,0.0,0,0.0562166866,2.0444890939,2.0999442965610204,Train
REJLAU_clean,4.47497,3.84758,4.42236,1.74913,1220.58,697.821,0.0,0.0,0.5078,0.290316,0.0,1,0.0028276754,0.2672832583,0.2891197936789931,Train
REJLEY_clean,5.1864,4.84916,5.1864,1.17199,1483.96,1266.19,0.0,0.0,0.5272,0.449833,0.0,0,0.0633445766,2.8646512864,2.9691851431436387,Train
REJLIC_clean,7.01256,4.27999,7.01256,1.09096,1719.24,1575.89,0.0,0.0,0.5716,0.523941,0.0,0,0.058791417,2.9708676637,3.2117887488353776,Train
REJVOS_clean,4.89378,3.67275,4.89056,1.38833,813.018,585.609,0.0,0.0,0.4646,0.334647,0.0,0,0.0297743346,1.5885225980000002,1.4901847088693805,Test
RESQAJ_clean,5.3045,3.72656,5.30006,1.51504,527.124,347.927,0.0,0.0,0.4244,0.280124,0.0,1,0.0310459469,1.1740612858,1.290516232474991,Test
RESSAK_clean,5.33635,3.74229,5.33635,1.17983,1069.98,906.899,0.0,0.0,0.5116,0.433623,0.0,1,0.0271667383,1.9651012749,1.7753722757893202,Test
RETBEZ_clean,5.70035,3.74465,5.68395,1.36188,872.92,640.965,0.0,0.0,0.4694,0.344669,0.0,1,0.0398127282,1.8388588997,1.781900496340754,Train
REVYUO_clean,4.59119,3.58129,4.35696,1.13884,1005.06,882.529,15.2393,13.3814,0.5666,0.497524,0.0,0,0.0436494462,2.402074123,2.47107043836314,Train
REWLEM_clean_h,12.46985,5.92009,12.2403,0.703058,2170.85,3087.73,0.0,0.0,0.7184,1.02182,0.0,1,0.0356251135,2.8024912310000003,2.691716706058489,Test
REWNEO01_clean,18.51106,6.94262,11.7916,0.597667,2260.57,3782.32,0.0,0.0,0.7806,1.30608,0.0,1,0.0256844325,2.3025428655,2.2317489819870784,Test
REWNEO_clean,19.37323,6.76945,10.17378,0.57834,2196.18,3797.39,0.0,0.0,0.79,1.36598,0.0,1,0.0255994604,2.2763682097,2.244812166779082,Test
REWSUJ_clean,7.20015,5.05884,7.19749,1.17107,1370.13,1169.98,0.0,0.0,0.5526,0.471877,0.0,1,0.0223652733,1.6646232802,1.6661345809639423,Train
REXCII_clean,8.08493,5.70512,8.08493,1.37969,1708.34,1238.2,0.0,0.0,0.6152,0.445897,0.0,0,0.0121183545,1.0423325368,1.0380082109779047,Test
REXCOO_clean,8.77219,5.8473,8.77219,1.32352,1734.33,1310.39,0.0,0.0,0.6516,0.492323,0.0,0,0.0112315975,1.0024146454,0.9972065537064773,Train
REXCUU_clean,8.63785,5.56771,8.63785,1.36162,1719.14,1262.57,0.0,0.0,0.6254,0.459305,0.0,0,0.0119682576,1.0426939545,1.0531790229367464,Test
REXDEF_clean,8.48446,5.31586,8.48446,1.36884,1680.23,1227.48,0.0,0.0,0.6354,0.464188,0.0,0,0.0122961009,1.0508742388,1.0343271140614951,Train
REXDIJ_clean,8.90631,7.09895,8.90631,1.2857,1723.1,1340.2,0.0,0.0,0.6524,0.507429,0.0,0,0.0109452283,0.9872173282,1.033898116104824,Train
REXDOP_clean,10.39698,6.23971,7.4603,1.26275,1736.17,1374.91,0.0,0.0,0.6598,0.522512,0.0,0,0.0115436412,1.0073638951,1.0167608299448738,Train
REXDUV_clean,8.6384,5.67843,8.6331,1.35953,1719.61,1264.86,0.0,0.0,0.6318,0.464721,0.0,0,0.0121697035,1.0704362176,1.0503045238233573,Test
REXFAD_clean,8.37909,6.69323,8.37909,1.32806,1739.82,1310.04,0.0,0.0,0.6402,0.482057,0.0,1,0.0112888713,0.996211296,1.0092287355339855,Train
REXFEH_clean,9.20954,5.96123,9.20203,1.33437,1715.88,1285.91,0.0,0.0,0.627,0.469885,0.0,0,0.0113619449,1.0019209054,1.0403454587428496,Train
REXFIL_clean,8.77344,5.77864,8.77344,1.35848,1719.23,1265.56,0.0,0.0,0.6372,0.469054,0.0,1,0.0122072277,1.0356038481,1.0461722323670313,Train
REXFOR_clean,8.55578,6.22037,8.55578,1.35087,1711.36,1266.85,0.0,0.0,0.6414,0.474804,0.0,0,0.0118458101,1.0178766072,1.0367989902074817,Train
REYBAA_clean,4.19945,3.50951,4.19839,1.29344,533.841,412.731,0.0,0.0,0.4586,0.35456,0.0,0,0.0185096575,1.1020144081,1.1427914181052334,Train
REYJEM_clean,10.02209,6.26863,9.82831,0.811705,2149.78,2648.47,0.0,0.0,0.7198,0.886775,0.0,0,0.0677421726,3.3277571939,3.5548771749827837,Test
REYMOZ_clean,13.17296,6.59717,13.17189,0.883255,2124.84,2405.69,0.0,0.0,0.7188,0.813808,0.0,1,0.0385018267,2.2947777133,2.3032489759582764,Train
REYPES_clean,6.75417,5.73604,6.69554,1.53002,424.431,277.402,27.8439,18.1983,0.422,0.275813,0.0,1,0.0109530589,0.7675044053,0.7411585389138313,Train
REYPIW_clean,5.40721,5.27542,5.40721,1.18423,1439.71,1215.73,0.0,0.0,0.5374,0.453797,0.0,0,0.0713445187,2.9986301839,3.127603665065413,Train
REZVAU_clean,5.17319,4.55903,5.17319,1.10092,1367.69,1242.32,0.0,0.0,0.552,0.5014,0.0,1,0.0367263156,2.1903152208,2.369988091746865,Test
REZXEA_clean,10.58306,9.90235,10.58306,0.641816,2266.19,3530.9,0.0,0.0,0.7602,1.18445,0.0,1,0.0145748105,1.4189438862,1.409218382533975,Train
REZXIE01_clean,8.61957,8.10066,8.61957,0.817919,2366.84,2893.73,0.0,0.0,0.7116,0.870012,0.0,1,0.0139568683,1.3127563416,1.3699667437846714,Test
REZXIE_clean,8.61965,8.10074,8.61965,0.817908,2366.92,2893.87,0.0,0.0,0.7116,0.870025,0.0,1,0.0140798128,1.3185169129,1.3699667437846714,Train
REZXOK_clean,14.21059,13.62195,14.20905,0.470058,1999.64,4254.04,0.0,0.0,0.8176,1.73936,0.0,1,0.0154603361,1.5267865206,1.5226346892793372,Train
REZXUQ_clean,15.26291,13.95995,15.26291,0.361934,1754.08,4846.42,0.0,0.0,0.8582,2.37115,0.0,1,0.0157071961,1.5407985727000002,1.5832457463712237,Test
RIBDAJ_clean,5.97505,5.0342,5.95251,0.92739,2392.13,2579.42,0.0,0.0,0.666,0.718144,0.0,0,0.0315466293,2.6435004169,2.675616121134514,Test
RIBDEN_clean,6.08901,5.09508,6.08573,0.93229,2330.9,2500.19,0.0,0.0,0.6512,0.698495,0.0,0,0.0307795029,2.6015518651,2.563401256620777,Train
RIBTAZ_clean,7.94342,5.01622,7.94342,0.877067,2617.13,2983.95,0.0,0.0,0.7178,0.818409,0.0,1,0.0284887931,2.5564966357,2.508751483271579,Test
RICBEM_clean,11.37522,8.59238,11.37522,0.399184,2277.32,5704.93,0.0,0.0,0.821,2.0567,0.0,1,0.0213306786,2.0743716823,1.9870125102253247,Test
RICHIV_clean,4.32733,3.40584,4.32733,1.68108,513.916,305.705,0.0,0.0,0.4398,0.261617,0.0,0,0.0076148426,0.5263015564,0.5866378915060246,Train
RIFDUG01_clean,13.00544,6.82625,13.00544,0.86753,2060.89,2375.58,0.0,0.0,0.7198,0.829712,0.0,1,0.04359162,2.4830560786,2.462357883685806,Train
RIFGAQ_clean,13.18615,6.52783,13.17424,0.879718,2150.81,2444.89,0.0,0.0,0.7148,0.812533,0.0,1,0.0375951264,2.3327997122,2.279078145637621,Test
RIFMIE_clean,5.81313,3.54807,5.80072,1.27517,844.386,662.176,100.563,78.8628,0.5018,0.393516,0.0,1,0.0261508391,1.4689041701,1.5026985332460725,Train
RIFQUT_clean,5.6172,4.23676,5.6163,1.93171,1255.63,650.01,0.0,0.0,0.475,0.245896,0.0,1,0.011639038,0.8948465220999999,0.8820240717751056,Train
RIFSOQ_clean,12.93918,4.8446,12.92898,0.716983,1922.33,2681.14,0.0,0.0,0.6812,0.950093,0.0,0,0.0421043699,2.9354916634,2.9618240009122303,Test
RIGPEE01_clean,4.32886,3.44721,4.31075,1.25081,566.106,452.592,0.0,0.0,0.462,0.369361,0.0,1,0.0173425965,1.3747511074,1.1248994739562646,Test
RIGPEE_clean,4.3699,3.50423,4.34774,1.23163,597.681,485.277,0.0,0.0,0.468,0.379984,0.0,1,0.0179322912,1.3438780353,1.1876144520701228,Test
RIGTIL_clean,6.02864,4.29629,6.02864,1.13222,1723.76,1522.46,0.0,0.0,0.6098,0.538588,0.0,0,0.0494322576,3.1731415697000003,3.0721869785696216,Train
RIGVOU_clean,4.93156,4.16902,4.92505,2.31703,753.709,325.291,0.0,0.0,0.3776,0.162967,0.0,0,0.0263868461,1.0165346274,1.066874852303564,Train
RIGWIP_clean,5.39694,5.17369,5.38654,2.25257,825.556,366.496,0.0,0.0,0.3946,0.175178,0.0,0,0.0222502591,0.941144566,0.9303767658868354,Test
RINSEM_clean,5.77452,4.19628,5.77452,1.18323,2019.49,1706.76,0.0,0.0,0.6626,0.559992,0.0,0,0.0264196861,2.0461922057,2.0965905511981693,Test
RIPKIM01_clean,7.23442,6.64943,7.23442,1.25736,958.585,762.382,0.0,0.0,0.4932,0.392252,0.0,0,0.008953383,0.7687820527,0.8235332246846054,Train
RIPKIM_clean,7.16555,6.65101,7.16555,1.28891,929.295,720.995,0.0,0.0,0.4824,0.374271,0.0,0,0.0096593964,0.8023509945,0.8614413490578443,Train
RIPNIP_clean,5.40468,4.16071,5.24069,1.54847,1362.91,880.165,0.0,0.0,0.5192,0.335298,0.0,1,0.02152994,1.4665558483,1.5418059112340068,Test
RIPTEQ_clean,5.96,4.10144,5.96,2.02284,1713.13,846.891,0.0,0.0,0.5442,0.269027,0.0,1,0.007891271,0.6859310349,0.6708756911555518,Train
RIRDED_clean,8.69638,4.93276,7.75095,1.22642,1303.46,1062.82,0.0,0.0,0.5456,0.444872,0.0,1,0.0310784293,1.969204029,1.9459310861256633,Test
RITGIM_clean,5.22026,3.78444,5.12438,2.19337,1554.84,708.882,0.0,0.0,0.5434,0.247747,0.0,1,0.0080191415,0.6994935003,0.6880015807020208,Train
RIVDEF_clean,4.74355,4.40879,4.74355,1.30487,1087.67,833.549,0.0,0.0,0.5116,0.392069,0.0,0,0.0108680976,0.8453393162999999,0.896344765066408,Train
RIWMUH_clean,10.50032,10.04767,10.50032,0.982459,1440.31,1466.03,0.0,0.0,0.6132,0.624148,0.0,1,0.0255508011,2.0430187247,1.9385961274062813,Train
RIWSUM_clean,5.96762,4.61739,5.59799,1.1098,1315.0,1184.9,1.14823,1.03463,0.578,0.520815,0.0,1,0.0154416206,1.2581305282,1.2438110901547135,Train
RIXBEG_clean,6.00946,4.04752,5.99904,1.21211,664.521,548.234,0.0,0.0,0.4704,0.388083,0.0,1,0.0317102977,1.4379265099,1.4820670662039228,Test
RIXBIK_clean,6.35159,4.65776,6.34133,1.14836,1013.62,882.673,0.0,0.0,0.5162,0.449512,0.0,1,0.0411335396,2.1023444623,2.1402158130825577,Train
RIXPIZ_clean,9.94535,8.42715,9.94535,0.56995,2088.86,3665.0,0.0,0.0,0.7428,1.30327,0.0,0,0.0391766572,2.9321221593,2.924937265655047,Train
RIYBAE_clean,8.18384,7.49831,8.16337,1.22176,2051.61,1679.23,0.0,0.0,0.667,0.545934,0.0,0,0.018776603,1.5837362203,1.6018098933943112,Test
RIYBEI_clean,8.30815,7.80553,8.30815,1.20426,2064.05,1713.96,0.0,0.0,0.6688,0.555362,0.0,0,0.0188595513,1.5996122654,1.5977727842469327,Test
RIYBIM_clean,8.35741,7.50788,8.28491,1.24126,2090.26,1683.99,0.0,0.0,0.6636,0.534619,0.0,0,0.0200537438,1.7107103484,1.6469152389375807,Test
RIYBOS_clean,8.27117,7.50835,8.18647,1.23809,2073.81,1675.0,0.0,0.0,0.6628,0.535339,0.0,1,0.0192940425,1.671167041,1.6251373073853987,Test
RIYWED_clean,4.63321,3.54746,4.62492,1.48698,355.273,238.923,0.0,0.0,0.3958,0.266178,0.0,1,0.018876062,1.1088707984,0.9858284117004362,Train
RIYWIH_clean,4.61736,3.75355,4.61736,1.46943,261.851,178.199,75.8401,51.612,0.4096,0.278748,0.0,1,0.0185809382,1.1263141708,1.0394943463439685,Train
RIYXIG_clean,5.32542,4.68558,5.29552,1.52248,1574.19,1033.97,0.0,0.0,0.575,0.377674,0.0,1,0.0130634008,1.111378345,1.066010841168853,Train
ROBWAH_clean,5.06604,4.01581,5.06032,1.4577,413.629,283.754,105.001,72.0315,0.443,0.303902,0.0,1,0.0283125763,1.5422443202,1.332427928923769,Test
ROCZAM_clean,5.6803,4.28854,5.40999,1.1313,2335.01,2064.0,0.0,0.0,0.6432,0.568548,0.0,1,0.0239186242,1.9685397202,1.9826487559017927,Train
ROCZEQ_clean,5.8918,4.42295,5.82087,1.11408,2330.31,2091.69,0.0,0.0,0.6462,0.580029,0.0,1,0.0229888117,1.9432561496,1.9138141491472738,Train
ROCZIU_clean,6.78863,5.28492,6.57422,1.08447,2132.05,1965.99,0.0,0.0,0.649,0.598451,0.0,1,0.0222536644,1.8291678543,1.8487145946147034,Test
ROCZOA_clean,6.50104,5.23642,6.50104,0.958325,2491.0,2599.32,0.0,0.0,0.685,0.714789,0.0,1,0.0198040124,1.7809401827000002,1.7352377697123398,Test
ROCZUG_clean,6.74711,5.16908,6.7416,0.926118,2487.32,2685.75,0.0,0.0,0.688,0.742886,0.0,1,0.0183810068,1.6766796488,1.6449767013189327,Test
RODBAP_clean,7.01898,5.1049,7.00748,0.913193,2450.75,2683.71,0.0,0.0,0.7006,0.767198,0.0,1,0.0176436124,1.6331464484,1.6398105435540093,Train
ROGLOP_clean,5.33017,3.84032,5.33017,1.2463,995.82,799.02,0.0,0.0,0.527,0.422851,0.0,1,0.0240903499,1.5552086355,1.564950395582983,Train
ROGSAI_clean,7.26111,4.49108,7.2508,1.17019,1831.91,1565.48,0.0,0.0,0.6072,0.51889,0.0,1,0.0187510623,1.5943816237,1.5469419387839154,Test
ROLZEZ_clean,6.54271,5.20454,6.54271,1.10411,1262.09,1143.08,86.4297,78.2797,0.5632,0.510092,0.0,0,0.0458166272,2.3506377544,2.4346817837654755,Train
ROMQAN_clean,4.67601,3.58614,4.53668,1.50157,646.168,430.33,0.0,0.0,0.452,0.301019,0.0,1,0.0205035437,1.1276278399,1.1529258794000876,Train
RONCIG_clean,9.09448,7.62606,9.09448,1.45289,1203.19,828.136,0.0,0.0,0.5812,0.400029,0.0,1,0.0043404749,0.4241509434,0.4068158031207598,Train
RONSIY_clean,5.08447,4.36113,5.07274,1.22435,722.372,590.005,0.0,0.0,0.469,0.38306,0.0,1,0.0740394536,1.9751507358,2.175848311127561,Train
RONSOC_clean,9.61015,5.51941,9.61015,1.44392,1795.25,1243.32,0.0,0.0,0.604,0.418306,0.0,0,0.0130195124,1.1656965358,1.1612334882962068,Test
RONWIA_clean,5.83208,4.50922,5.82484,1.11758,1988.36,1779.17,0.0,0.0,0.6574,0.588235,0.0,1,0.0077421771,0.6989933259000001,0.7092197254965766,Train
RONZID_clean,6.44623,4.93162,6.4436,1.11083,2786.39,2508.38,0.0,0.0,0.7422,0.668147,0.0,1,0.0070755058,0.6821972087999999,0.6622762916200315,Train
ROQVIE_clean,8.20229,7.33404,8.17219,0.896085,1741.45,1943.4,0.0,0.0,0.6732,0.751268,0.0,0,0.0260025527,2.3307363856,2.309150005337605,Train
RORLIV_clean,5.0614,3.45442,5.0614,1.30915,1167.77,892.008,0.0,0.0,0.6106,0.466408,0.0,0,0.0126321049,0.9915539584,0.9498624289628859,Train
RORRIB_clean,5.56844,4.5608,5.56844,2.09957,1607.82,765.783,0.0,0.0,0.5896,0.280819,0.0,1,0.0122433417,0.9411123588,0.9193975130607384,Train
RORTAV_clean,9.60382,5.42977,9.56238,0.669195,1791.93,2677.74,407.039,608.252,0.711,1.06247,0.0,0,0.0258519668,2.3610691875,2.377103963394392,Test
RORVAX_clean,6.42929,6.08998,6.42929,0.7293,3122.65,4281.71,0.0,0.0,0.7,0.959824,0.0,1,0.0516549796,4.3418556812,4.375915921038656,Train
ROTQIC_clean,4.94875,3.6681,4.74718,1.32167,723.976,547.773,0.0,0.0,0.481,0.363934,0.0,1,0.0199524902,1.2808490741,1.1651242639138624,Test
ROTTOL_clean,6.50353,4.02235,6.48646,1.01612,1524.25,1500.07,0.0,0.0,0.5582,0.549344,0.0,0,0.0483258816,3.0672276173000004,3.048020201743727,Train
ROYJUM_clean,8.75922,3.76722,8.42147,1.05929,1657.4,1564.64,0.0,0.0,0.5928,0.559622,0.0,0,0.0623523833,3.9800936459,3.8487821950862084,Train
ROYREE_clean,6.65259,5.04516,6.56274,1.17392,1308.03,1114.24,0.0,0.0,0.5524,0.47056,0.0,1,0.0789894968,2.3769468581,2.565888595806252,Train
ROYRII_clean,6.60108,5.14039,6.60108,1.17875,1322.43,1121.89,0.0,0.0,0.5472,0.464219,0.0,1,0.0783958605,2.3579120612,2.514441452206231,Train
ROYROO_clean,6.57261,5.08535,6.54322,1.19171,1317.71,1105.73,1.69583,1.42302,0.5486,0.460348,0.0,1,0.0873984913,2.4759611592,2.5262234162729946,Train
RUBDUP_clean,21.09518,19.24681,20.98484,0.298857,1270.61,4251.56,0.0,0.0,0.868,2.9044,0.0,1,0.0201884747,1.9029940119,1.9063305909765453,Test
RUBGUS_clean,4.4617,3.54667,4.45263,1.35931,320.757,235.971,161.359,118.706,0.4638,0.341202,0.0,1,0.0575698298,2.2343195379,2.1660703946770967,Train
RUBTAK01_SL,8.70379,4.00842,8.70379,1.20121,1712.27,1425.46,0.0,0.0,0.5914,0.492338,0.000832496,0,0.0295161543,1.9280548908,2.075291367625684,Test
RUBTAK02_SL,8.49537,3.88559,8.49537,1.23841,1654.63,1336.08,0.0,0.0,0.5866,0.47367,0.000322994,0,0.0283459912,1.8082892805,2.1299575154343957,Test
RUBTAK03_auto,8.46299,3.95011,8.46299,1.23778,1637.26,1322.74,0.0,0.0,0.6028,0.487,0.000161579,0,0.006626299,0.5957687885,0.6472228044401862,Train
RUCGOM_clean,4.40498,3.818,4.39366,2.16054,906.666,419.648,0.0,0.0,0.5218,0.241514,0.0,1,0.011494574,0.8113907415999999,0.846223375616586,Train
RUFDUT_clean,4.69173,3.85639,4.65615,1.66558,994.805,597.274,0.0,0.0,0.4696,0.281944,0.0,1,0.0443325181,2.1269064236,2.054023634664942,Test
RUFRIV_clean,7.49731,4.21343,7.49731,1.44845,1008.29,696.116,0.0,0.0,0.4786,0.330421,0.0,1,0.0208046278,1.3712236281,1.36717949115605,Test
RUFTET_clean,5.41592,3.76809,5.41592,1.32563,1019.52,769.082,0.0,0.0,0.4806,0.362546,0.0,0,0.0211379939,1.5218348319,1.3634265255168891,Train
RUFZID_clean,10.67067,8.77989,10.67019,0.799166,1949.96,2439.99,0.0,0.0,0.71,0.888426,0.0,1,0.0195036635,1.6659879997999998,1.7204594609398516,Train
RUGKOV_clean,6.88401,5.43231,6.88401,0.929347,2753.28,2962.6,0.0,0.0,0.6968,0.749773,0.0,1,0.0298508335,2.5580381889,2.5900723706244837,Train
RUGXOI01_clean,6.51947,4.18889,6.51947,1.08279,1782.29,1646.02,0.0,0.0,0.638,0.589221,0.0,0,0.0430925941,3.0868702263,2.9295759281343066,Test
RUGXOI_clean,5.21341,3.72816,5.20196,1.19066,1517.77,1274.73,0.0,0.0,0.586,0.492165,0.0,0,0.0620742953,3.5106100445,3.338844080586402,Test
RUGYOJ_clean,5.31747,4.41438,5.22074,1.35237,1132.24,837.223,13.731,10.1533,0.5218,0.385841,0.0,1,0.032833427,2.0284387088,1.9821789574504098,Train
RUGZAW_clean,9.17489,7.98957,9.06653,0.92991,1617.71,1739.64,0.0,0.0,0.6164,0.66286,0.0,1,0.0351454619,2.5019436346,2.4847105112876746,Test
RUHCED_SL,6.00951,5.54585,6.00744,1.22913,1471.94,1197.55,0.0,0.0,0.5726,0.465859,0.0,0,0.0541651077,2.9517583472,2.925642230024755,Train
RUHFEH_clean,9.84183,8.46338,9.78525,0.895692,2177.87,2431.49,0.0,0.0,0.7858,0.87731,0.0,1,0.0082019304,0.7998507841,0.8286400365749982,Train
RUHFIL_clean,10.02499,8.76011,10.02499,0.882826,2167.55,2455.24,0.0,0.0,0.7844,0.88851,0.0,1,0.0081495783,0.7881465541,0.8225327237965772,Train
RUHFOR_clean,10.01133,8.72369,10.0082,0.889531,2175.51,2445.69,0.0,0.0,0.787,0.884736,0.0,1,0.0080913189,0.7803591778,0.7815326785807681,Train
RUHFUX_clean,9.94292,8.65457,9.91903,0.903529,2165.07,2396.24,0.0,0.0,0.7826,0.86616,0.0,1,0.0079518697,0.7775688803,0.7696125813527985,Train
RULBOQ_clean,7.47442,6.27169,7.47442,1.39226,1576.48,1132.32,0.0,0.0,0.6106,0.438569,0.0,1,0.0089533782,0.7923239584,0.8526078003560329,Train
RULQIY_clean,8.44935,6.89767,8.44935,1.57222,1115.58,709.56,0.0,0.0,0.577,0.366998,0.0,1,0.0040917811,0.3821145624,0.35697077382766973,Train
RULVUP_clean,5.01128,4.18788,4.96894,1.11888,878.165,784.859,0.0,0.0,0.5036,0.450092,0.0,1,0.0628080111,2.4714930226,2.5667478532610857,Train
RULXOM_clean,15.36971,3.55595,15.36971,0.839199,1628.5,1940.54,0.0,0.0,0.652,0.776931,0.0,0,0.0476631781,3.5276512377,3.4978304442268864,Train
RUMRUO_clean,3.89523,3.56149,3.89523,2.03382,242.444,119.206,0.0,0.0,0.4326,0.212703,0.0,1,0.0328130018,1.2668707496,1.307504428701365,Test
RUNXUV_clean,5.8356,4.62926,5.8296,1.09463,1307.34,1194.33,0.0,0.0,0.5502,0.502636,0.0,0,0.0654121085,3.0428656788,3.0582507861477355,Train
RUPTED_clean,4.59148,3.67658,4.57699,2.43056,359.515,147.915,0.0,0.0,0.433,0.178148,0.0,1,0.0078506617,0.425509256,0.4570486366537898,Train
RUPVAB_clean,13.61739,4.61754,13.61739,0.953237,2216.88,2325.64,0.0,0.0,0.6886,0.722381,0.0,1,0.0331672397,2.7254827426,2.597907896851304,Test
RURPAW_clean,4.26453,3.57847,4.26352,2.09861,723.866,344.926,0.0,0.0,0.4906,0.233773,0.0,1,0.0649735601,2.4362384391,2.337348481912813,Test
RURPEA_clean,4.37304,3.99561,4.36427,1.79681,1037.11,577.197,0.0,0.0,0.5372,0.298975,0.0,1,0.033368441,1.8740645145,1.8886522653730995,Train
RUSHIY_clean,9.32937,5.73491,9.31763,2.81322,981.321,348.825,12.3418,4.38706,0.4998,0.177661,0.0,1,0.0024446074,0.2129508807,0.1959475691821151,Train
RUSWIN_clean,6.48006,3.76789,6.3774,1.27344,1499.33,1177.39,0.0,0.0,0.5498,0.431746,0.0,1,0.0287114673,2.0245005841,1.999907295715314,Test
RUSWOT_clean,6.47922,3.93218,6.4245,1.19886,1481.92,1236.11,0.0,0.0,0.5554,0.463273,0.0,1,0.0289174644,2.0738470054,2.0335689266671126,Train
RUSWUZ_clean,6.54942,3.9072,6.54694,1.21025,1492.0,1232.81,0.0,0.0,0.5598,0.46255,0.0,1,0.0298270555,2.1363187477000003,2.0362088622504158,Train
RUSXAG_clean,6.44133,3.78742,6.3358,1.2672,1503.0,1186.08,0.0,0.0,0.5486,0.432924,0.0,1,0.0295087911,2.083593615,2.038164351367232,Train
RUSXEK_clean,6.54291,3.90146,6.54291,1.24418,1488.27,1196.19,0.0,0.0,0.5602,0.450258,0.0,1,0.0290847021,2.0682788307,2.0003948366119757,Test
RUTNOK_manual,24.61263,14.64846,24.61263,0.240823,1468.58,6098.18,0.0,0.0,0.9018,3.74465,0.0,0,0.0213242569,2.0081199199,1.9993590947371318,Train
RUVBOB_clean,6.09913,3.98908,5.99424,1.3777,1258.08,913.177,14.3931,10.4472,0.545,0.395586,0.0,0,0.027705052,1.7838795794,1.817164751531362,Test
RUVCES_clean,5.62432,4.09519,5.62432,1.21847,2083.62,1710.03,0.0,0.0,0.6886,0.565136,0.0,0,0.0223912297,1.799554221,1.8236936054365311,Test
RUVKAV_clean,11.95152,7.15447,11.95152,0.601684,2230.0,3706.27,0.0,0.0,0.7794,1.29537,0.0,1,0.0231375434,2.0083620358000003,2.0997235585575695,Train
RUVMAX_clean,5.22433,4.41387,5.22043,1.2008,1767.14,1471.63,0.0,0.0,0.5696,0.474351,0.0,1,0.0644006823,3.6070594999,3.4758274711488886,Train
RUVMUR_clean,3.8115,3.49015,3.80241,1.48235,185.395,125.068,39.5872,26.7057,0.4088,0.275779,0.0,1,0.008175576,0.6499702883,0.6584993758063822,Train
RUWWOW01_clean,5.03981,3.90859,5.01601,1.48698,1131.86,761.178,0.0,0.0,0.4928,0.331409,0.0,1,0.041787013,2.173717207,2.0996492997321243,Train
RUWWUC_clean,5.12851,4.00559,5.12851,1.54997,877.489,566.133,0.0,0.0,0.4642,0.29949,0.0,1,0.0400483042,1.9633991353,1.6768728111971916,Test
RUWXAJ_clean,5.17293,4.0299,5.17293,1.53238,836.842,546.106,0.0,0.0,0.4794,0.312847,0.0,1,0.0334839652,1.4956928968,1.5884009593152488,Test
RUWXEN_clean,5.03811,3.94141,5.03811,1.46802,1178.02,802.454,0.0,0.0,0.5092,0.346863,0.0,1,0.0422810243,2.2347273344,2.1759320349267584,Test
RUWZIU_clean,6.72021,5.65873,6.72021,1.01181,1054.68,1042.37,0.0,0.0,0.5302,0.52401,0.0,0,0.0071954927,0.6582661943,0.7072554738058889,Train
RUWZOA_clean,6.55761,6.38772,6.55761,1.0684,1052.58,985.194,0.0,0.0,0.5174,0.484275,0.0,0,0.0094695407,0.8190503047,0.8674838165058341,Train
RUWZUG_clean,6.65442,5.67424,6.65442,1.10163,1013.24,919.768,0.0,0.0,0.4878,0.442798,0.0,0,0.0104988723,0.8907750121,0.8307139034030127,Test
RUYNIK_clean,5.71975,3.68772,5.7164,1.35451,1400.63,1034.05,0.0,0.0,0.5398,0.398522,0.0,1,0.0256155664,1.6951167963,1.723370349335871,Train
RUYQIN01_clean,9.71547,7.35837,9.71529,1.15099,1450.59,1260.3,0.0,0.0,0.5838,0.507215,0.0,1,0.0159438869,1.4600667397999998,1.4299476725762397,Train
RUYQIN02_clean,9.7478,7.37011,9.74761,1.14404,1452.85,1269.93,0.0,0.0,0.5842,0.510647,0.0,1,0.0158960778,1.4297133678,1.4280732181587474,Test
RUYQIN03_clean,9.69288,7.37414,9.69288,1.14102,1457.05,1276.97,0.0,0.0,0.586,0.513575,0.0,0,0.0154946617,1.4165108372,1.407084709774774,Train
RUYQIN_clean,9.76179,7.44687,9.76179,1.1629,1436.26,1235.07,0.0,0.0,0.573,0.492735,0.0,1,0.0160250722,1.4479205199,1.405014252282009,Train
RUYQOT_clean,9.68542,7.26317,9.68542,1.1664,1438.72,1233.47,0.0,0.0,0.575,0.49297,0.0,1,0.0157715937,1.4380763537,1.396585688990874,Train
RUYTIQ_clean,9.62315,7.47258,9.62297,1.13645,1456.84,1281.92,0.0,0.0,0.5872,0.516695,0.0,0,0.0147188912,1.3918936563,1.3426061606430015,Train
RUYTUC_clean,9.67783,7.26872,9.67783,1.16505,1440.32,1236.27,0.0,0.0,0.5776,0.495773,0.0,1,0.0154820328,1.4186081236,1.3990253284354246,Train
RUYVAK_clean,9.67948,7.48497,9.67948,1.15401,1452.68,1258.81,0.0,0.0,0.5806,0.503115,0.0,1,0.0166947216,1.5207576558000002,1.472828085996812,Train
RUYVEO_clean,12.21297,10.12216,12.21297,0.962787,1461.82,1518.32,0.0,0.0,0.6354,0.659959,0.0,1,0.0178071712,1.5647223363999998,1.5551173526803042,Test
RUYVIS_clean,15.8929,13.20205,15.79897,0.679059,1536.4,2262.54,0.0,0.0,0.7374,1.08592,0.0,0,0.0148612251,1.3409026139,1.3473136049948349,Train
RUYZUH_clean,5.57075,3.47029,5.07859,2.36782,1042.81,440.408,0.0,0.0,0.4718,0.199255,0.0,1,0.0069281095,0.5755213767,0.5754619589940033,Train
RUZCOF_clean,5.55577,4.78031,5.52738,1.59859,1464.21,915.939,0.0,0.0,0.603,0.377208,0.0,0,0.0453185317,2.2713958102,2.359549018901234,Test
RUZDAS_clean,5.2699,4.49334,5.2699,1.45263,1149.42,791.271,0.0,0.0,0.5294,0.364442,0.0,1,0.0197170167,1.2822022312,1.3283018463284377,Train
S2052520616005515_bm5080sup1_clean,4.47894,3.61798,4.46305,1.15409,1529.36,1325.16,0.0,0.0,0.5662,0.490602,0.0,0,0.0549801259,3.4881325322000003,3.4717679357396336,Train
S2056989016007027_zl2661sup1_clean,6.51796,4.57602,6.50954,1.14323,1545.49,1351.86,0.0,0.0,0.5984,0.523428,0.0,0,0.0483440816,2.9113370641000005,2.9332961067966057,Train
SABKIS_clean,6.81493,5.97974,6.81375,1.3839,1674.07,1209.68,0.0,0.0,0.6086,0.439772,0.0,1,0.0247977263,1.9033857115,1.9626639704507953,Test
SABVOH01_clean,6.48998,6.20475,6.48998,1.00596,1532.58,1523.5,0.0,0.0,0.5966,0.593066,0.0,0,0.0635218779,3.9386006963,3.786296304628044,Train
SABVOH_manual,6.26548,5.9824,6.25328,0.999416,1586.53,1587.46,0.0,0.0,0.5914,0.591745,0.0,0,0.0602342613,3.7716190064,3.6948473562839053,Train
SABVUN_clean_h_min,7.01984,6.76477,7.01984,0.978971,1612.66,1647.3,0.0,0.0,0.5868,0.599405,0.0,0,0.0541245402,3.9788131824,3.913509718522949,Test
SACDOR_clean,8.1061,7.63768,8.07477,1.2392,2030.48,1638.54,0.0,0.0,0.6692,0.540025,0.0,1,0.0190787719,1.5994127944,1.6127310756517077,Train
SADLEQ_clean,7.11187,6.8054,7.11187,1.50504,1508.7,1002.44,0.0,0.0,0.5702,0.378862,0.0,1,0.0273446896,2.0195501030000003,2.07679447693596,Test
SADLIU_clean,6.85652,6.48147,6.85652,1.67165,1571.6,940.146,0.0,0.0,0.549,0.328417,0.0,0,0.0340979723,2.2775110895,2.2900306427175687,Train
SADMUH_SL,7.87003,7.35,7.87003,0.987944,1759.25,1780.72,0.0,0.0,0.6412,0.649025,0.0,0,0.0272136174,2.4608806364,2.4078663083986185,Train
SADVEB_clean,5.28527,4.25585,5.28527,2.60318,983.265,377.718,0.0,0.0,0.4638,0.178167,0.0,1,0.0085004324,0.6036566675,0.6001848670228453,Test
SAHXAD_clean,7.24131,5.09073,7.23502,0.88875,2564.25,2885.23,0.0,0.0,0.6954,0.782447,0.0,1,0.0271283685,2.4335515281,2.423228775999493,Train
SAJDIT_clean,7.44507,6.67773,7.44507,1.18884,1185.58,997.26,0.0,0.0,0.5216,0.438748,0.0,1,0.019546072,1.5765257776,1.5366370412949824,Train
SAJRAW10_clean,6.98873,5.65739,6.98873,1.03716,2658.72,2563.46,0.0,0.0,0.7434,0.716765,0.0,0,0.0085795064,0.7935040752,0.7962098756842382,Train
SAJRAW_clean,6.95776,5.62966,6.95776,1.0485,2631.43,2509.71,0.0,0.0,0.7242,0.690701,0.0,0,0.0086126876,0.7943826559,0.7906351437242132,Train
SAJRUT_clean,6.75939,5.98836,6.75562,0.832145,2447.69,2941.42,0.0,0.0,0.6812,0.818608,0.0,1,0.0299080314,2.6986699711,2.576310163782836,Test
SAJSAA_clean,6.806,6.26285,6.79743,1.09035,1505.97,1381.18,0.0,0.0,0.546,0.500758,0.0,1,0.0502572405,3.0776201697000003,3.0232445156354215,Train
SAKRAZ_clean,5.58245,5.12904,5.58245,1.03675,2394.2,2309.33,0.0,0.0,0.6546,0.631396,0.0,1,0.0273194085,2.3548633865,2.286237049416498,Train
SAKRED_clean,5.5169,5.02553,5.5169,1.03225,2416.65,2341.14,0.0,0.0,0.6696,0.648678,0.0,1,0.0265542402,2.2710393833,2.2582178142901372,Train
SALXEL_clean,17.7233,14.92578,17.7233,0.954529,1589.06,1664.76,49.7541,52.1243,0.7288,0.763518,0.000419055,1,0.0135257789,1.2009385483,1.1409571865047996,Train
SALXIP_clean,18.35498,16.34268,18.35498,1.06535,1653.8,1552.35,0.0,0.0,0.7432,0.697612,0.00112639,1,0.00942889,0.8649213134999999,0.827534957920071,Train
SALZAH_clean,5.2131,3.75496,5.20977,1.33753,1363.66,1019.54,0.0,0.0,0.5834,0.436178,0.0,1,0.0101873186,0.9103405634,0.845878076024323,Train
SAMLAV_manual,5.80959,3.99095,5.75161,1.19097,1685.7,1415.4,0.0,0.0,0.5904,0.495731,0.0,0,0.027113355,1.9964770554,2.030693997466796,Test
SAMVEK_clean,7.83578,6.98017,7.83578,0.980713,1609.04,1640.69,0.0,0.0,0.611,0.623016,0.0,0,0.0215498861,1.9617122135,1.9248761865178532,Test
SANGEW_clean,6.64431,4.85626,6.63808,1.45126,1299.25,895.255,0.0,0.0,0.529,0.36451,0.0,1,0.0559078003,2.8532359998000003,2.385476621594569,Test
SANGUM_clean,6.61883,4.82903,6.58035,1.50455,1309.82,870.575,0.0,0.0,0.5346,0.355323,0.0,1,0.0377740787,2.2987064576,2.1652412169133664,Train
SANHIB_clean,6.11189,4.81167,6.1084,1.59136,1228.71,772.117,0.0,0.0,0.5088,0.319727,0.0,1,0.0562011945,2.5470980326,2.4516694392034424,Train
SANHOH_clean,6.60456,4.91636,6.49799,1.53725,1315.89,856.008,0.0,0.0,0.5322,0.346204,0.0,1,0.0361888608,2.2006498724,2.0638537574857874,Test
SANHUN_clean,6.50583,4.8025,6.36295,1.599,1277.92,799.196,0.0,0.0,0.517,0.323327,0.0,1,0.0554940013,2.6788400257,2.568364408596208,Train
SANJAV_clean,6.50945,4.91174,6.48422,1.32827,1290.56,971.607,0.0,0.0,0.515,0.387722,0.0,1,0.068820953,3.3456791896,3.0272441158733487,Train
SAQQAD_clean,10.6229,9.13911,10.59086,0.899459,1701.71,1891.92,0.0,0.0,0.6748,0.750228,0.0,1,0.0257857591,2.0994765637,2.0950552522255457,Test
SAQQEH_clean,10.62623,9.13273,10.62623,0.914395,1723.95,1885.35,0.0,0.0,0.6746,0.737756,0.0,1,0.026154337,2.1182990144,2.124433352362072,Test
SAQQIL_clean,10.65559,9.10715,10.62918,0.918282,1715.69,1868.37,0.0,0.0,0.6836,0.744434,0.0,1,0.0256242582,2.0785591471,2.098777152752343,Test
SAQQOR_clean_h,10.68647,9.07282,10.64358,0.778283,1708.0,2194.57,0.0,0.0,0.6882,0.884254,0.0,1,0.0297701518,2.4186587448,2.3314720779669704,Test
SAQSOU_clean,6.47651,3.98462,6.43461,1.44924,1500.2,1035.16,0.0,0.0,0.568,0.391929,0.0,1,0.0132607989,1.0064671017,1.0676932030781052,Train
SARGID_clean,11.28011,10.79695,11.27845,1.13003,1551.23,1372.74,0.0,0.0,0.643,0.569013,0.0,1,0.0204980101,1.8534897578,1.7755442959377228,Train
SARGOJ_clean,11.21149,10.84114,11.20988,1.13101,1553.18,1373.27,0.0,0.0,0.6422,0.56781,0.0,1,0.0200301849,1.8391915668,1.7519027051019804,Test
SARGUP_clean,11.61678,10.99568,11.61678,1.13145,1593.32,1408.21,0.0,0.0,0.6444,0.569535,0.0,1,0.0213400955,1.9434729792,1.8454670558974569,Test
SARHAW_clean,11.26396,10.8267,11.26396,1.13289,1578.11,1393.0,0.0,0.0,0.6352,0.560691,0.0,1,0.0198975588,1.8232191976,1.7673050171798648,Test
SARHEA_clean,11.57288,10.94497,11.57288,1.13911,1582.39,1389.14,0.0,0.0,0.6384,0.560437,0.0,1,0.0212801412,1.9336713603,1.8421556031810142,Test
SARMEE_clean,4.34974,3.44315,4.3363,1.72993,254.091,146.879,149.818,86.6033,0.429,0.247987,0.0,1,0.0236756175,1.1598600997,1.1831302027837833,Test
SARNOQ_clean,9.2766,6.16862,9.2766,1.10826,1838.17,1658.6,0.0,0.0,0.6536,0.589751,0.0,0,0.0150560651,1.2305285944,1.2725390491860453,Test
SARTIR_clean,8.84902,7.39282,8.55302,0.84182,1819.29,2161.13,0.0,0.0,0.6546,0.7776,0.0,0,0.022185923,2.0007243941,1.9610313766714735,Test
SATRIP_clean,5.64735,4.63209,5.64735,1.5207,2001.22,1315.99,0.0,0.0,0.609,0.400475,0.0,1,0.014100868,1.1726617485,1.1912207722332204,Train
SATROV_clean,5.68214,4.67755,5.6433,1.62598,1989.31,1223.46,0.0,0.0,0.6086,0.374297,0.0,1,0.0144991372,1.1888343193000002,1.1885014029353065,Test
SAXLEK_clean,9.25038,8.58806,9.25038,1.08002,1714.03,1587.03,0.0,0.0,0.6988,0.647023,0.0,1,0.0053539927,0.5277401837,0.5345092943904577,Train
SAXRIS_clean,6.95604,5.1283,5.82931,1.88243,2109.8,1120.78,0.0,0.0,0.5242,0.27847,0.000106246,1,0.0048794344,0.4602232203,0.515160773577128,Train
SAYTOD_clean,6.38142,4.3971,6.36474,1.32305,2428.66,1835.65,0.0,0.0,0.7024,0.530895,0.0,1,0.0044319477,0.4305715643,0.4664432504589122,Train
SAYTUJ_clean,5.53716,4.24775,5.50087,1.26647,2678.26,2114.75,0.0,0.0,0.7138,0.563615,0.0,1,0.0050239786,0.4741149157,0.4918309663635261,Train
science.1056698_manual,16.36523,5.22927,16.36523,0.720658,2117.08,2937.7,0.0,0.0,0.7092,0.9841,0.0,1,0.0344267031,2.6600917461,2.716333921929722,Train
SEFSOM_clean,7.74471,4.63206,7.74435,1.3092,888.245,678.465,0.0,0.0,0.4856,0.370914,0.0,0,0.0165535205,1.2116198336,1.1293549420417497,Train
SEFVAC_clean,11.52297,3.67055,11.52297,0.903784,1536.01,1699.54,0.0,0.0,0.6434,0.711896,0.0,0,0.0131512222,1.2228783089,1.1770523388854377,Test
SEFVEG02_clean,11.61381,3.82654,11.61381,0.901728,1567.52,1738.35,0.0,0.0,0.642,0.711966,0.0,0,0.0119315247,1.0969885946,1.10869146569119,Train
SEFVEG_clean,11.61384,3.82499,11.61384,0.903214,1567.68,1735.67,0.0,0.0,0.6424,0.711238,0.0,0,0.011794223,1.1012655451,1.1000263274000148,Train
SEFVUW_clean,11.26795,3.60856,11.26795,0.928704,1552.88,1672.09,0.0,0.0,0.6514,0.701407,0.0,0,0.0129245363,1.184204173,1.1851226694234054,Test
SEFWEH_clean,11.26494,3.61002,11.26494,0.914157,1525.26,1668.49,0.0,0.0,0.6436,0.704037,0.0,0,0.014107758,1.2995041443000002,1.2640885043397532,Test
SEFWIL_clean,11.33313,3.69478,11.33313,0.92841,1562.33,1682.8,0.0,0.0,0.6504,0.700552,0.0,0,0.012213878,1.1267308043000002,1.1233377953432533,Test
SEFWOR_clean,11.5954,3.6311,11.5954,0.926162,1578.03,1703.84,0.0,0.0,0.6492,0.700957,0.0,0,0.0102955502,0.9618693144,0.9757791777601119,Train
SEGBIR_clean,10.04679,9.57778,10.04679,1.2245,885.139,722.858,0.0,0.0,0.519,0.423847,0.0,1,0.0073616339,0.7154176240000001,0.6783382115715981,Train
SEGMEW_clean,4.54304,3.58735,4.3932,1.55869,710.369,455.747,0.0,0.0,0.505,0.32399,0.0,1,0.0049132283,0.4047371648,0.41410910446740656,Train
SEHNID_clean,5.75155,4.35756,5.66689,1.44623,1469.69,1016.22,4.17576,2.88733,0.5848,0.404361,0.0,1,0.005608369,0.5002608588,0.526215902686284,Train
SEHSII_clean,5.51627,4.61799,5.4977,1.32529,2244.33,1693.46,0.0,0.0,0.6396,0.482611,0.0,1,0.0284063314,2.2765873278,2.23567803228388,Train
SEHSUU_clean,5.44704,4.60331,5.44667,1.3755,2258.75,1642.13,0.0,0.0,0.6246,0.454089,0.0,1,0.0287682445,2.2770188857,2.198173730772936,Test
SEHTAB_clean,5.41612,4.59352,5.36104,1.41024,2230.71,1581.8,0.0,0.0,0.6402,0.453966,0.0,1,0.0373568806,2.7849947217,2.6690395662817377,Train
SEHTEF_clean,5.47631,4.61623,5.47631,1.08146,2270.04,2099.06,0.0,0.0,0.6446,0.596049,0.0,1,0.0412881217,3.138357049,3.0651542411407675,Test
SEHVOQ_clean,4.8676,3.87877,4.8676,1.74504,1289.65,739.04,0.0,0.0,0.497,0.284807,0.0,1,0.0530124183,2.849432306,2.5910102778982544,Train
SEHXIN_clean,7.02055,6.72566,7.02055,1.5497,1564.27,1009.4,0.0,0.0,0.5642,0.364069,0.0,0,0.027094611,1.9959155277,1.9906131373453024,Test
SEHZUB_clean,5.72411,4.04304,5.72411,1.14687,1108.91,966.904,0.0,0.0,0.5276,0.460036,0.0,1,0.0219665697,1.6133588649,1.5683443056290556,Train
SEJBAL_clean,5.28042,3.84303,5.01194,1.17037,1017.74,869.583,0.0,0.0,0.5124,0.437809,0.0,1,0.0196737086,1.5036308704,1.389883175066068,Train
SENVIR_clean,15.37344,3.88956,15.37344,0.850165,1726.79,2031.12,0.0,0.0,0.6596,0.77585,0.0,1,0.0473864358,3.4776165281,3.3649007253472787,Train
SEQSIS_clean,5.53296,4.93164,5.53296,1.1424,1232.92,1079.24,0.0,0.0,0.546,0.477942,0.0,1,0.0693570382,2.8194260234,2.9364806171945252,Train
SEQSOY_clean,6.18995,5.53555,6.17075,1.00925,1555.89,1541.63,0.0,0.0,0.5934,0.587963,0.0,1,0.0526217906,3.213307365,3.0914454272272303,Test
SEQTEP_clean,7.6925,5.22397,7.6925,0.967552,1457.91,1506.8,0.0,0.0,0.5822,0.601725,0.0,1,0.0348913101,2.3312363861,2.505642904432381,Test
SERCEZ_clean,10.07441,8.56931,10.07441,0.708098,2363.51,3337.82,0.0,0.0,0.7424,1.04844,0.0,1,0.0313063744,2.5507174729,2.606005076709163,Test
SERJOP_clean,8.8151,8.02852,8.80673,1.47492,1445.52,980.069,0.0,0.0,0.5668,0.384292,0.0,1,0.0127972673,1.0218127895,1.1093252430233502,Train
SERJUV_clean,8.81658,8.12377,8.8037,1.17608,1441.79,1225.93,0.0,0.0,0.577,0.490611,0.0,1,0.0164276599,1.2845051221,1.4335017189540176,Test
SERLEI_clean,11.28347,6.23061,11.2833,0.73908,2383.12,3224.44,0.0,0.0,0.7306,0.988527,0.0,1,0.0354627208,2.7559077865,2.74355562751798,Test
SERWAP_clean,5.42763,4.05857,5.33801,0.873598,1883.71,2156.27,0.0,0.0,0.6098,0.698033,0.0,0,0.071812764,4.1536986146,4.240632661635038,Train
SETDUS_clean,4.71148,4.0993,4.71148,1.05303,1402.23,1331.61,0.0,0.0,0.6032,0.572822,0.0,1,0.0397156846,2.8509102942,2.7948663541116257,Train
SETPEO_clean,14.47047,3.66339,14.46844,0.794221,1742.27,2193.69,0.0,0.0,0.7298,0.918888,0.0,1,0.0253723601,2.273122332,2.236807490793427,Train
SETQAL_clean,4.42679,4.26632,4.42679,1.31307,1092.38,831.931,0.0,0.0,0.5278,0.40196,0.0,0,0.06604011,2.5617642713,2.9382149604501375,Test
SETQEP_clean,4.49444,4.34625,4.49444,1.29869,1133.37,872.699,0.0,0.0,0.5334,0.410721,0.0,0,0.0643952325,2.6069308594,2.9866509503875074,Test
SETQIT_clean,4.41727,4.22902,4.41727,1.31505,1081.66,822.523,0.0,0.0,0.5234,0.398009,0.0,0,0.0632907012,2.5034889897,2.8846827756462057,Test
SETQOZ_SL,7.85539,7.34267,7.85421,0.993925,1777.54,1788.41,0.0,0.0,0.6354,0.639284,0.0,0,0.0277411154,2.4693601654,2.3966525039567412,Test
SETQUF_SL,7.76352,7.22608,7.76352,0.996606,1737.41,1743.32,0.0,0.0,0.6204,0.622513,0.0,0,0.0282484902,2.455221463,2.424126065021031,Train
SETRAM_clean,8.05582,7.60574,8.05085,0.990751,1790.54,1807.25,0.0,0.0,0.6356,0.641533,0.0,0,0.0308580079,2.7572305478,2.591234960168703,Test
SETSIV_clean,10.19056,8.58608,10.19056,0.702208,2298.35,3273.03,0.0,0.0,0.7264,1.03445,0.0,1,0.0264140072,2.249452004,2.2821266895341745,Train
SETSOB_clean,6.38657,4.98443,6.37723,0.814512,2668.09,3275.69,0.0,0.0,0.6874,0.843941,0.0,0,0.0349850001,2.6975935312,2.9766090923996513,Train
SETXEW_clean,4.58511,3.92335,4.57028,2.3001,529.435,230.179,0.0,0.0,0.417,0.181296,0.0,1,0.0049666206,0.3674926888,0.3406107529384754,Train
SEVLEM_clean,9.1752,7.37433,9.1752,0.963135,2062.24,2141.17,0.0,0.0,0.6686,0.694191,0.0,1,0.015403112,1.2591230892,1.3807042084146257,Train
SEWCED_clean,12.17369,9.5104,12.17369,0.810307,1760.05,2172.08,0.0,0.0,0.6728,0.830303,0.0,1,0.0180846804,1.5502810325,1.5814035671606521,Train
SEYQIW_clean,5.89707,5.20358,5.89707,1.03265,2825.78,2736.42,0.0,0.0,0.6948,0.672829,0.0,0,0.02071332,1.9349121564,1.8728370485865957,Train
SEZPOE_clean,4.80607,4.08896,4.78655,1.66902,1314.15,787.374,0.0,0.0,0.5938,0.355777,0.0,0,0.0377975095,2.2827203977,2.22225776717573,Train
SICZOV_clean,18.76086,11.86635,18.76086,0.419881,1773.06,4222.76,0.0,0.0,0.8408,2.00247,0.0,1,0.0243211393,2.2301080839,2.235229029281712,Train
SIDCAL_clean,9.18075,7.95829,9.18075,1.0779,1545.97,1434.24,0.0,0.0,0.5948,0.551815,0.0,0,0.0214298526,1.5482204819,1.7485651061797107,Test
SIFVAG_clean,5.52904,3.49181,5.49354,1.16245,673.998,579.808,0.0,0.0,0.4796,0.412577,0.0,1,0.015161864,1.0315533137,0.9776732614201766,Train
SIKGAW_clean,4.92676,4.21433,4.92676,0.888887,2386.29,2684.58,0.0,0.0,0.6492,0.730352,0.0,0,0.0235736855,2.0434260051,2.083134958874588,Test
SIKYER_clean,6.53029,4.26393,6.50771,1.2109,2088.91,1725.09,0.0,0.0,0.6104,0.504089,0.0,1,0.0256774454,2.0371277239,2.035081161147589,Test
SINQEL_clean,5.80887,4.60559,5.80549,1.29073,2087.2,1617.07,0.0,0.0,0.6484,0.502351,0.0,0,0.035437441,2.6470303811,2.5770888709574358,Test
SIPCID_clean,5.31594,4.0774,5.2787,1.47588,738.038,500.065,0.0,0.0,0.506,0.342845,0.0,0,0.0094267643,0.6894992959,0.6605174836109042,Train
SIQCOM_clean,4.78607,3.41332,4.77151,1.37032,965.525,704.599,0.103074,0.0752192,0.535,0.39042,0.0,1,0.0308164298,1.9217495915,1.880871772115764,Train
SIQQEO_clean,5.38066,4.73377,5.38066,1.02212,1743.14,1705.42,0.0,0.0,0.596,0.583103,0.0,1,0.0300774537,2.348811151,2.236768100947083,Test
SISFEH_clean,4.41588,3.6646,4.35167,1.61069,592.834,368.062,0.0,0.0,0.4254,0.26411,0.0,1,0.0179211151,0.9901974976,1.05668069002878,Train
SISPUH_clean,5.99511,5.1936,5.99511,1.69632,1257.02,741.025,0.0,0.0,0.5152,0.303716,0.0,1,0.0376126181,1.8758955999,2.001253146678559,Test
SISQAO_clean,5.99338,5.23289,5.99338,1.66873,1254.35,751.683,0.0,0.0,0.5178,0.310297,0.0,1,0.0371962136,1.9058299412,1.9844272235412161,Test
SISQES_clean,5.97003,5.21528,5.97003,1.65966,1234.67,743.931,0.0,0.0,0.5184,0.312353,0.0,1,0.0371684316,1.9093498882,1.9841278558532374,Test
SISQIW_clean,6.00511,5.20372,6.00511,1.61583,1236.89,765.482,0.0,0.0,0.521,0.322434,0.0,1,0.0369924022,1.9364325408,1.982443837158834,Train
SITTUM_clean,6.67296,3.57209,6.58264,1.4371,626.277,435.791,0.0,0.0,0.4524,0.3148,0.0,1,0.021805028,1.2592874017,1.191166104479161,Train
SIVGIP_clean,5.24448,3.98805,5.17797,1.10666,1685.18,1522.76,0.0,0.0,0.6024,0.544339,0.0,1,0.0302831513,2.1892761508,2.200931614301424,Test
SIVGOV_clean,5.24396,4.0676,5.24396,1.11955,1644.75,1469.11,0.0,0.0,0.6106,0.545397,0.0,1,0.0312083657,2.1975985816,2.272007692331242,Train
SIVGUB_clean,8.31266,6.47199,8.20556,0.679186,2443.34,3597.46,0.0,0.0,0.7546,1.11104,0.0,1,0.0271640058,2.5190783963,2.465789891113543,Test
SIVJIS_clean,6.47513,4.62269,6.40533,1.38853,1236.89,890.797,0.0,0.0,0.5274,0.379827,0.0,0,0.0384694602,1.8920008269,2.134985695401995,Test
SIVKAK_clean,4.30972,3.83052,4.30972,1.95562,167.191,85.4925,0.0,0.0,0.4122,0.210777,0.0,1,0.0013661097,0.1258430668,0.14110379397246953,Train
SIVQAR_clean,8.43693,5.95196,8.03277,1.35381,1577.05,1164.9,0.0,0.0,0.616,0.455013,0.0,1,0.0238113962,1.884580579,1.8751650521536847,Test
SIVWUR_clean,4.87776,4.03318,4.87776,1.72206,462.742,268.715,0.0,0.0,0.3598,0.208936,0.0,0,0.0807817499,1.2970470495,1.3684344240246114,Train
SIWSUO_clean,4.95346,3.52092,4.93971,1.30798,969.125,740.933,0.0,0.0,0.499,0.381505,0.0,1,0.0878847789,3.0007294902,2.965192024898588,Train
SIWTEZ_clean,6.78942,4.98966,6.77665,1.39975,1050.66,750.605,0.0,0.0,0.4732,0.33806,0.0,1,0.024025843,1.5388081229,1.5469779201031457,Train
SIWTOJ_clean,4.72876,3.487,4.72876,1.43464,1201.3,837.352,0.0,0.0,0.525,0.365944,0.0,1,0.0935779337,3.2559893116,3.3151560224704615,Train
SIZJUH_clean,6.46611,5.64692,6.46611,1.69172,651.341,385.016,66.1469,39.1003,0.474,0.280188,0.0,1,0.0021056623,0.2034916647,0.21080460740454043,Train
SIZPUN_clean,19.22538,6.71018,19.22499,0.693763,2153.01,3103.37,0.0,0.0,0.757,1.09115,0.0,1,0.0327308555,2.7729643446,2.5692993149979766,Test
SOBTUY_clean,5.30158,4.93345,5.25562,1.24028,1722.57,1388.85,0.0,0.0,0.5708,0.460217,0.0,1,0.0143592915,1.1503870868,1.1727160865954618,Train
SOBZEQ_clean,7.06044,5.44324,7.04565,0.861876,2509.51,2911.69,0.0,0.0,0.7062,0.819376,0.0,1,0.0244649149,2.2471404064,2.1884382579912445,Test
SOCLAZ_clean,3.66826,3.40979,3.66826,1.5968,132.944,83.257,0.0,0.0,0.3902,0.244364,0.0,0,0.0038069589,0.3361271296999999,0.34966176560157125,Train
SODNAA_clean,4.92821,3.76656,4.9265,1.39799,1007.61,720.756,0.0,0.0,0.501,0.358372,0.0,1,0.0382761001,1.7557622497999998,2.011795558336761,Test
SODQOT_clean,6.38354,5.71555,6.35379,1.16333,2168.31,1863.88,0.0,0.0,0.653,0.561321,0.0,1,0.0255402124,2.1393986173,2.1042195824851055,Train
SODXUG_clean,4.72864,4.01613,4.71178,1.34536,905.757,673.244,0.0,0.0,0.4682,0.34801,0.0,1,0.0783404018,2.7165846759,2.615791259442058,Train
SODZIV_clean,6.23207,5.25681,6.23207,1.2688,1153.66,909.256,0.0,0.0,0.5338,0.420714,0.0,1,0.0189201807,1.3439304607,1.3344805985438117,Test
SOHBUO_clean,4.82292,4.04207,4.82292,1.2506,823.12,658.177,0.0,0.0,0.481,0.384614,0.0,1,0.029830756,1.5638960015,1.6122635554734945,Test
SOHGUS_clean,9.69532,8.17838,9.6883,0.723839,1841.74,2544.41,0.0,0.0,0.707,0.976737,0.0,0,0.0235196621,2.1325026479,2.0648899300314816,Test
SOHMEI_clean,8.65383,8.02301,8.62464,1.19399,2084.79,1746.06,0.0,0.0,0.6688,0.560138,0.0,0,0.018941183,1.6083731878999998,1.6129413137296764,Test
SOHMIM_clean,8.13654,7.41946,8.10265,1.23579,2022.73,1636.78,0.0,0.0,0.6656,0.538601,0.0,0,0.0187575117,1.5910027563999998,1.5813959834558646,Test
SOHMUY_clean,8.20693,7.56134,7.97833,1.2172,2055.43,1688.66,0.0,0.0,0.6606,0.542722,0.0,0,0.0181683153,1.5479433619999998,1.5438694254441139,Test
SOHNAF_clean,8.77466,8.24178,8.76382,1.17605,2072.16,1761.97,0.0,0.0,0.686,0.583311,0.0,0,0.0185211748,1.5922008988,1.5666134389473352,Test
SOHNEJ_clean,8.72478,7.97366,8.7184,1.18471,2089.45,1763.69,0.0,0.0,0.6672,0.563178,0.0,0,0.0188727177,1.5995069342,1.6038491410950355,Test
SOHNIN_clean,8.46136,7.91648,8.46136,1.21276,2069.15,1706.15,0.0,0.0,0.6704,0.552789,0.0,0,0.0191511871,1.6121986854,1.6057547541760777,Train
SOJGOO_clean,6.25393,4.92061,6.24311,1.24524,1162.74,933.744,0.0,0.0,0.513,0.411967,0.0,1,0.0428154815,2.2669616238,2.201492695064581,Train
SOJSUH_clean,8.78676,6.77563,8.78676,0.847279,2062.57,2434.34,0.0,0.0,0.6744,0.79596,0.0,1,0.0289963749,2.1506708605,2.2989704374914766,Train
SOKKOT_ion_b,6.1792,5.66918,6.17838,1.21138,852.75,703.947,80.7869,66.6897,0.5432,0.448412,0.0,0,0.0350129628,2.1767227255,2.0433916555466825,Train
SOKKUZ_clean,6.70484,6.32665,6.70484,1.05966,2286.47,2157.74,0.0,0.0,0.6502,0.613593,0.0,0,0.0493965788,3.7917001238,3.770908952092179,Train
SOKWAS01_clean,5.31439,4.17423,5.31439,1.94035,1774.06,914.299,0.0,0.0,0.5988,0.308604,0.0,1,0.0180411588,1.3539648053,1.304183694807399,Test
SOKWAS_clean,6.00629,4.14523,5.99555,1.89659,1733.95,914.246,0.0,0.0,0.6016,0.317201,0.0,1,0.0196310742,1.4069841027,1.4185270597320843,Test
SOKWUM_clean,5.85854,4.29712,5.84922,1.62759,2447.15,1503.54,0.0,0.0,0.6492,0.398872,0.0,1,0.0116683893,1.0262213789,1.0271429450061411,Train
SOMCON_clean,8.11347,7.39172,8.11088,1.23046,2025.07,1645.79,0.0,0.0,0.6712,0.545487,0.0,0,0.01793922,1.5588536993000002,1.525105294792549,Test
SOMFAC_clean,6.70637,6.34214,6.70637,1.04875,2285.42,2179.2,0.0,0.0,0.6702,0.639049,0.0,0,0.0490059472,3.7618320702,3.7659467947532397,Train
SOMFEG_clean,6.71551,6.34258,6.71551,1.05531,2284.15,2164.44,0.0,0.0,0.6512,0.61707,0.0,0,0.0494713481,3.7346618156,3.754886334808875,Test
SOMFIK_clean,6.73279,6.35537,6.73279,1.03071,2266.62,2199.08,0.0,0.0,0.6584,0.63878,0.0,0,0.0476768844,3.7014123577,3.718137957983746,Train
SOMSIY_clean,6.00203,5.70916,6.00203,1.30077,1538.34,1182.64,0.0,0.0,0.5758,0.442662,0.0,0,0.0671222973,3.3404957404,3.235102239884222,Test
SONTAR_manual,6.97799,5.28288,6.97799,1.00094,2334.34,2332.14,0.0,0.0,0.674,0.673365,0.0,1,0.0195672984,1.6726649332,1.711579280177336,Train
SONTIZ_clean,6.62072,5.41763,6.62072,1.09079,2319.93,2126.83,0.0,0.0,0.6638,0.608548,0.0,1,0.0194761694,1.6418640641,1.6684909166437338,Train
SONTOF_clean,6.50923,5.39354,6.50923,1.11456,2282.12,2047.56,0.0,0.0,0.6604,0.592523,0.0,1,0.0199836824,1.6441056471000002,1.6591614805079877,Train
SONTUL_neutral_b,11.07564,6.55104,11.07564,0.882976,2163.69,2450.45,0.0,0.0,0.717,0.812027,0.0,1,0.0365702451,2.2347863148,2.250555493249623,Train
SONVAT_neutral_b,13.18133,6.56576,13.18133,0.88151,2137.18,2424.45,0.0,0.0,0.7168,0.81315,0.0,1,0.037727515,2.2417531828,2.2514766429523525,Test
SONVEX_neutral_b,13.20026,6.62162,13.20026,0.879921,2126.12,2416.26,0.0,0.0,0.7172,0.815073,0.0,1,0.037296122,2.2524760116,2.2317798663853803,Test
SONVIB_neutral_b,13.19327,6.63983,13.19327,0.881013,2113.29,2398.7,0.0,0.0,0.7204,0.817695,0.0,1,0.0370300532,2.2133871546,2.230113299088671,Test
SOPLAM_clean,7.99336,6.43639,7.96868,0.786263,2208.41,2808.75,0.0,0.0,0.6702,0.852386,0.0,1,0.0285374067,2.4455373823,2.4502588993125496,Test
SOPLEQ_clean,8.78838,7.50509,8.78838,0.73171,2217.3,3030.3,0.0,0.0,0.6802,0.929603,0.0,0,0.0259472543,2.3060890045,2.267922290631411,Test
SOPLOA_clean,8.29809,6.85068,8.29809,0.790491,2059.77,2605.68,0.0,0.0,0.6598,0.834671,0.0,1,0.0283228054,2.4703930516,2.420291823184409,Train
SOSSEA_clean,4.66034,3.46037,4.63504,1.16769,974.945,834.933,0.0,0.0,0.5088,0.435731,0.0,0,0.0726403926,2.3768690992,2.6839507546631722,Train
SOTWOP_clean,6.21348,5.18247,6.21348,1.16378,2263.81,1945.21,0.0,0.0,0.6514,0.559726,0.0,1,0.0185762341,1.6203141642,1.5862568309807448,Train
SOTWUV_clean,6.18672,5.12197,6.18672,1.20466,2258.56,1874.85,0.0,0.0,0.6516,0.540898,0.0,1,0.0187214104,1.6212737925999998,1.6082258105723826,Test
SOTXAC_clean,6.12649,5.14189,6.12133,1.25484,2251.96,1794.63,0.0,0.0,0.645,0.514011,0.0,1,0.0194226388,1.6569039274,1.6126199188322787,Train
SOTXEG_neutral,5.04075,3.40746,5.04075,1.50786,630.779,418.326,0.0,0.0,0.472,0.313026,0.0,0,0.0256883359,1.230072485,1.2416487126379694,Train
SOVHAM_clean,4.88485,4.19849,4.88485,1.17469,1409.46,1199.86,0.0,0.0,0.5526,0.470422,0.0,1,0.023844931,1.7055607875,1.8286807491693475,Train
SOVHOA_clean,4.19176,3.82361,4.19176,1.2075,1328.47,1100.17,0.0,0.0,0.5406,0.4477,0.0,1,0.0199575092,1.5277537845,1.583539918354996,Train
SOVLEW_clean,16.78989,6.64048,16.78989,0.755158,2186.99,2896.07,0.0,0.0,0.742,0.982576,0.0,1,0.03012707,2.5268735863,2.492087395246181,Train
SOXDAM_clean,7.87287,4.28499,7.87287,1.75813,1069.27,608.188,0.0,0.0,0.4738,0.26949,0.0,1,0.0262180293,1.5923042261000002,1.4973404404446087,Test
SOXDEQ_clean,7.82825,4.19616,7.82511,1.75226,1007.81,575.152,0.0,0.0,0.4478,0.255556,0.0,1,0.0263021795,1.6797709418,1.5572232236145271,Train
SOYFUJ_clean,4.60508,3.53241,4.56134,1.47456,918.914,623.177,0.0,0.0,0.5152,0.349392,0.0,1,0.0328751057,1.95147884,1.9033772130585238,Train
SOYWOT_neutral_b,13.17245,6.57882,13.17245,0.881994,2147.64,2434.99,0.0,0.0,0.7166,0.812478,0.0,1,0.0379057552,2.228591821,2.2955115135015123,Test
SOYWUZ_clean,13.18202,6.56101,13.18202,0.874244,2168.24,2480.14,0.0,0.0,0.7172,0.820366,0.0,1,0.0298762546,2.040935016,2.0800683568797824,Train
SOZBIS_clean,7.02326,5.68654,7.02326,1.02671,2667.76,2598.37,0.0,0.0,0.7458,0.7264,0.0,0,0.0082938595,0.7724383358,0.8104574537182634,Train
SOZGIZ_clean,8.59808,3.83664,8.57584,1.027,1782.17,1735.31,0.0,0.0,0.6252,0.608761,0.0,1,0.0411051444,3.148372867,3.0980771878178466,Train
SOZGOF_clean,8.62412,3.75854,8.61676,1.03974,1771.69,1703.98,0.0,0.0,0.6218,0.598036,0.0,1,0.0467570992,3.4531238833999995,3.2017946338656147,Test
SOZRUW_clean,8.81736,4.01112,8.59398,0.978332,1794.66,1834.4,0.0,0.0,0.6308,0.644771,0.0,1,0.0389971819,3.0923017323,2.9477016501599262,Train
SOZSAD_clean,8.8027,3.99777,8.80075,0.979603,1802.77,1840.31,0.0,0.0,0.6322,0.645363,0.0,1,0.0398348141,3.1170025822000005,2.952763301879013,Test
SOZSEH_clean,8.87095,4.01926,8.85196,0.99882,1779.57,1781.67,0.0,0.0,0.63,0.630744,0.0,1,0.0393438515,3.1463020963,2.941986346776229,Test
SOZSIL_clean,8.7376,3.97317,8.68094,0.99936,1793.88,1795.03,0.0,0.0,0.631,0.631404,0.0,1,0.0397521935,3.1470166219,2.97223781888415,Test
SOZSOR_clean,8.74499,3.992,8.31175,1.01024,1785.62,1767.53,0.0,0.0,0.6274,0.621043,0.0,1,0.0401055437,3.1448960781,3.0133880411707903,Train
SOZSUX_clean,8.70746,3.96873,8.68609,1.0202,1783.95,1748.63,0.0,0.0,0.6284,0.615958,0.0,1,0.0408747778,3.1636847459,3.0730764264381487,Train
SUBMIN_clean,9.97573,6.14945,9.9755,0.833875,1650.14,1978.89,0.0,0.0,0.635,0.761505,0.0,0,0.0304404855,2.3954252973,2.3245861158794754,Train
SUCLOT_clean,5.75412,5.30597,5.75185,0.900285,1657.72,1841.33,0.0,0.0,0.6148,0.682895,0.0,1,0.0223569435,1.867980219,1.8751933605312703,Train
SUFBAY_clean,6.49481,4.4278,6.49481,0.863231,1967.74,2279.51,0.0,0.0,0.608,0.704331,0.0,0,0.066747833,3.3763669158,3.5997477245855825,Train
SUFHIM_clean,10.78647,9.46825,10.78641,1.0639,1328.84,1249.03,0.0,0.0,0.569,0.534826,0.0,1,0.0116181336,1.0632421241,1.0344154806671555,Test
SUFJOU_clean,6.30332,3.54841,6.29414,1.24899,1424.61,1140.61,0.0,0.0,0.571,0.457169,0.0,1,0.0936703452,3.7284924192,3.742604395771277,Train
SUFROA_clean,5.45181,5.00801,5.45026,0.91452,1466.61,1603.69,0.0,0.0,0.6234,0.681669,0.0,0,0.0333590343,2.613478199,2.4346387229011985,Test
SUGDIJ_auto,12.99556,11.59411,12.53696,0.409914,1974.15,4816.02,0.0,0.0,0.8394,2.04775,0.0,0,0.0190169539,1.7953700044999998,1.8101173823500591,Test
SUGVUM_clean,5.79435,4.06776,5.78784,1.1064,1279.06,1156.05,0.0,0.0,0.5442,0.491863,0.0,1,0.0663732014,3.5633169887,3.2358357426815507,Train
SUHBAA_clean,11.92534,10.15941,10.7957,0.715863,1973.75,2757.16,0.0,0.0,0.807,1.12731,0.000279383,1,0.0142913595,1.4093062522,1.3479058649972524,Test
SUHMEP_clean,8.35438,6.74513,8.35438,1.25512,1629.48,1298.27,0.0,0.0,0.6082,0.484574,0.0,0,0.0241258452,1.8892358377,1.9413758272995352,Train
SUJNUH_clean,7.55155,6.59808,7.55155,1.24948,986.433,789.474,0.0,0.0,0.5334,0.426897,0.0,1,0.0139225141,1.18285446,1.1173652369522258,Test
SUKKUF_clean,5.04,3.85862,5.04,2.47267,613.367,248.059,0.0,0.0,0.3764,0.152224,0.0,1,0.0131020958,0.7396650461,0.6718021528704277,Train
SUKREX_clean,5.76528,3.44001,5.76528,2.05587,771.787,375.407,0.0,0.0,0.4332,0.210714,0.0,1,0.0174262861,0.9661070922,1.0151467311091138,Test
SUKRIB_clean,5.67492,3.40868,5.64201,2.09272,780.987,373.192,0.0,0.0,0.4274,0.204232,0.0,1,0.0182561952,0.9561774942,1.045541572934225,Test
SUKYIH_clean,9.64677,7.09331,9.64677,0.59954,2372.38,3957.0,0.0,0.0,0.7742,1.29132,0.0,1,0.0276869506,2.2703882369,2.417192865422077,Test
SUKYON_clean,10.7978,7.28862,10.07334,0.52652,2852.06,5416.81,0.601169,1.14178,0.7786,1.47877,0.0,1,0.0288041993,2.7051831064,2.561704189642585,Test
SUNHUF_clean,6.56646,4.08998,6.54784,1.26553,1485.95,1174.18,0.0,0.0,0.5694,0.449931,0.0,0,0.0294222694,2.0642086547,2.004030367712019,Test
SUNJER_clean,4.80272,3.79637,4.63139,1.43298,1698.73,1185.45,0.0,0.0,0.5816,0.405867,0.0,1,0.0485259499,2.9599415845,3.0310535559251695,Test
SUNJIV_clean,4.89155,3.90131,4.73471,1.36084,1754.51,1289.29,0.0,0.0,0.5968,0.438553,0.0,1,0.0353991797,2.4360476561,2.41266911689531,Train
SUNJOB01_clean,4.89634,3.8976,4.73512,1.37366,1723.73,1254.84,0.0,0.0,0.596,0.433877,0.0,1,0.0352078824,2.428265037,2.403728983075846,Test
SUNJOB_clean,4.89048,3.89627,4.72752,1.37509,1744.51,1268.65,0.0,0.0,0.5894,0.428626,0.0,1,0.035685369,2.4229000692,2.423694642709737,Train
SUPLOF_clean,9.82615,5.81764,9.823,0.800346,2153.22,2690.36,0.0,0.0,0.6784,0.847633,0.0,0,0.0235362291,2.0823596434,2.0711213194952767,Train
SUQHUJ_clean,7.25953,5.23411,7.25953,1.08539,2701.3,2488.77,0.0,0.0,0.709,0.653219,0.0,1,0.0406246265,3.2949549004,3.121395653146475,Test
SUQJEV_clean,6.37976,3.41068,6.37976,1.61288,1257.56,779.698,0.0,0.0,0.5318,0.329721,0.0,1,0.0835704561,3.5066859737,3.418378238580286,Train
SURDOA_clean,4.38797,3.72635,4.38797,1.29817,708.567,545.82,0.0,0.0,0.448,0.345101,0.0,0,0.0235341002,1.3574418748,1.3980759370069493,Train
SUSZIQ_clean,6.2853,5.33445,6.2853,1.91818,700.301,365.087,0.0,0.0,0.4294,0.223858,0.0,0,0.1184186808,1.8736098124,1.8526699811005423,Train
SUSZOW_clean,6.37118,5.41681,6.36973,1.91863,721.465,376.031,0.0,0.0,0.4268,0.22245,0.0,0,0.1100097942,1.884320913,1.9444775707148396,Train
SUVNEE_clean,15.6562,6.95834,15.6562,0.815704,1584.31,1942.26,314.611,385.692,0.6944,0.851289,0.0,1,0.0293231807,2.4001904702,2.205057957276791,Test
SUWBET_clean,4.90044,3.63709,4.9004,1.39724,1278.69,915.152,0.0,0.0,0.5378,0.384902,0.0,1,0.030723951,2.0206867713,1.9227437958564197,Test
SUWQEI_clean,9.47366,7.57886,8.89706,0.818244,1562.75,1909.88,0.0,0.0,0.6376,0.779229,0.0,1,0.0202949452,1.7293487961000005,1.7199002391292466,Test
TACFIN_clean,4.11781,3.54093,4.10826,2.15064,560.827,260.772,0.0,0.0,0.499,0.232024,0.0,0,0.0718931685,2.3801643944,2.3921401707388577,Train
TACPAP_clean,6.18933,6.06319,6.18525,1.70548,627.561,367.968,0.0,0.0,0.428,0.250956,0.0,0,0.0182758548,0.8553212851,1.0830590260480983,Test
TACPET_clean,6.03338,5.92233,6.03037,1.73347,616.775,355.803,0.0,0.0,0.4186,0.241481,0.0,0,0.0199896119,0.8617343504,0.999459987367775,Train
TACPIX_clean,6.11363,6.00668,6.11363,1.71163,630.3,368.246,0.0,0.0,0.4286,0.250405,0.0,0,0.017749873,0.8422108712,0.9964301604431618,Test
TACWOM_clean,6.848,5.25293,6.59533,0.694132,2524.62,3637.09,0.0,0.0,0.711,1.0243,0.0,1,0.0375337811,3.2246518077999995,3.224013359718002,Train
TACWUS_clean,6.83932,5.17767,6.83932,0.667047,2492.87,3737.18,0.0,0.0,0.6944,1.04101,0.0,1,0.0356125056,3.1046396957,3.133252042047995,Test
TADCOS_clean,5.56445,4.67968,5.55486,1.27739,2127.97,1665.87,0.0,0.0,0.6456,0.505404,0.0,0,0.0311648312,2.4418941811000003,2.332520611980346,Test
TADWEC_manual,12.9835,12.22348,12.9835,0.782876,1609.55,2055.94,0.0,0.0,0.6462,0.825418,0.0,1,0.0410001965,2.4932031041,2.647527856537412,Test
TADWIG_manual,12.20204,12.01283,12.20204,0.782648,1673.73,2138.55,0.0,0.0,0.6702,0.856323,0.0,1,0.0469414521,2.70878152,2.8373229894995964,Test
TADYEE_clean,6.41454,5.84385,6.41454,1.06115,1369.43,1290.51,0.0,0.0,0.545,0.513592,0.0,0,0.0165591867,1.3242766072,1.351932168772903,Train
TADYII_clean,4.96323,4.04573,4.95818,1.11527,1604.24,1438.44,0.0,0.0,0.5578,0.500149,0.0,0,0.0142274882,1.1620455305,1.2017116444394882,Test
TAGBUZ_clean,4.64533,3.41141,4.64533,1.22769,600.487,489.118,0.0,0.0,0.4834,0.393746,0.0,1,0.0684260643,2.4620228942,2.4137649344051186,Train
TAGSEB_clean,5.65756,4.12237,5.64659,1.3278,950.233,715.647,0.0,0.0,0.4958,0.373401,0.0,1,0.012768297,0.9512385497,0.8896197646376085,Test
TAGTED_clean,7.12719,5.34262,7.10815,0.804618,2476.05,3077.29,0.0,0.0,0.6892,0.856555,0.0,1,0.0280366177,2.4656002134,2.4295594456945517,Train
TAGTIH_clean,7.18408,5.4183,7.18408,0.735724,2753.27,3742.25,0.0,0.0,0.7098,0.964764,0.0,1,0.0289195127,2.6133779368,2.6059098157908984,Test
TAGTUT_clean,8.9985,5.11189,8.9985,0.769828,1964.88,2552.36,0.0,0.0,0.6538,0.849281,0.0,1,0.0361833153,2.9833448173000003,2.8702692515507433,Train
TAGVAB_clean,7.19373,5.47476,7.19162,0.743514,2474.93,3328.7,0.0,0.0,0.678,0.911886,0.0,1,0.0320998491,2.7451516745,2.779578594254263,Train
TAHNEY_clean,10.9331,7.2387,10.84031,1.02563,2322.37,2264.33,0.0472135,0.0460334,0.7992,0.779225,0.0,1,0.0041020636,0.4147005008,0.4190303188556159,Train
TAJXIO01_clean,3.69381,3.48019,3.69381,2.30789,102.259,44.3085,0.0,0.0,0.3224,0.139695,0.0,1,0.0009851835,0.1037168941999999,0.08587638713838808,Train
TAJXIO02_clean,3.66669,3.45698,3.66669,2.31975,96.8188,41.7367,0.0,0.0,0.3178,0.136997,0.0,1,0.0009078976,0.0906606646,0.08246605066178647,Train
TAJXIO03_clean,3.62936,3.42106,3.62936,2.33614,88.0182,37.6767,0.0,0.0,0.3106,0.132954,0.0,1,0.0007448327,0.0794728865,0.08878428584659193,Train
TAJXIO04_clean,3.63081,3.41863,3.61802,2.33825,87.153,37.2728,0.0,0.0,0.3114,0.133177,0.0,1,0.0007524764,0.0735592375,0.09356712820065405,Train
TAJXIO_clean,3.69262,3.45097,3.69262,2.33323,96.1718,41.2184,0.0,0.0,0.319,0.136721,0.0,1,0.0011295639,0.10034349,0.09012622015408955,Train
TAKGOE_clean,10.5248,9.55919,10.5248,1.53175,1232.21,804.446,0.0,0.0,0.5862,0.3827,0.0,1,0.0130283124,0.9047244087,0.9995768666534,Train
TAKGUK_clean,10.52986,9.57688,10.52986,1.52454,1236.56,811.103,0.0,0.0,0.5926,0.388707,0.0,1,0.0121950292,0.8952961168000001,0.8905136810289851,Test
TAKHAR_clean,10.31674,9.51664,10.31674,1.55109,1234.33,795.781,0.0,0.0,0.5892,0.379861,0.0,1,0.0124445311,0.8913005222,0.9057129684774052,Train
TAKHEV_clean,10.20812,9.46941,10.20812,1.57295,1231.54,782.951,0.0,0.0,0.5872,0.373312,0.0,1,0.0128850586,0.9168794334,1.009161656277561,Train
TAKTIL_clean,7.09237,6.9712,7.09237,1.23349,1578.28,1279.52,0.0,0.0,0.5866,0.47556,0.0,0,0.0706937996,4.632273189,4.574055899503877,Train
TAKTOR_clean,7.05969,6.99995,7.05969,1.17586,1580.48,1344.1,0.0,0.0,0.5726,0.486963,0.0,0,0.0501321227,3.7691268721,3.6950293236493814,Test
TAKVAF_clean,7.05263,6.93916,7.05263,1.17979,1573.47,1333.69,0.0,0.0,0.5826,0.493819,0.0,0,0.0512335637,3.8220997857,3.712035813149072,Train
TAMHUM_clean,11.15594,7.259,10.84071,0.82433,2033.72,2467.12,0.0,0.0,0.7282,0.883384,0.0,1,0.0122334552,1.1455942035,1.1044004459241026,Train
TANBOZ_clean,6.76714,4.26504,6.76714,1.06143,2653.84,2500.25,0.0,0.0,0.7164,0.674939,0.0,1,0.0058156868,0.5628369529999999,0.5615312543729936,Train
TAPXIT01_clean,5.69893,5.36843,5.69893,1.57809,498.722,316.029,0.0,0.0,0.4096,0.259554,0.0,1,0.0178264965,0.8173486870000001,0.9278845142676575,Train
TAQGEZ_clean,8.38886,8.25863,8.38886,0.927218,1939.79,2092.05,0.0,0.0,0.7086,0.764222,0.0,0,0.0143388532,1.3492563847,1.3516215992527176,Train
TAQGOK_clean,4.98254,4.66211,4.92513,1.2855,367.973,286.249,0.0,0.0,0.4142,0.32221,0.0,1,0.0223346677,0.8877162744,0.9895712573739746,Test
TARVOX_clean,4.82249,4.38256,4.82249,1.56156,717.335,459.371,0.0,0.0,0.4084,0.261533,0.0,1,0.0065282641,0.5485431773,0.5033275384232445,Train
TARVUD_clean,5.52201,5.05683,5.52201,1.5754,822.863,522.32,0.0,0.0,0.431,0.273582,0.0,1,0.0073574588,0.5897311907,0.5860072326584815,Train
TARWAK_clean,5.7222,5.11854,5.62643,1.61442,844.237,522.933,0.0,0.0,0.433,0.268207,0.0,1,0.0065986818,0.5262110381,0.5433248410935274,Train
TARWEO_clean,5.90162,5.41792,5.90162,1.76228,855.544,485.476,0.0,0.0,0.4612,0.261707,0.0,1,0.0066079879,0.5439079547,0.5288784903589128,Train
TASFAU_clean,11.93851,7.45098,11.93851,0.561345,2465.98,4393.0,0.0,0.0,0.7892,1.40591,0.0,1,0.015501587,1.5052699582,1.5721278059659005,Test
TASVUG_clean,7.60995,6.84404,7.60152,1.19319,1872.8,1569.57,0.0,0.0,0.6146,0.515088,0.0,1,0.0179829385,1.3848614203999998,1.5197410109606087,Train
TASWAN_clean,7.61281,6.7795,7.61281,1.23616,1858.69,1503.6,0.0,0.0,0.6202,0.501716,0.0,1,0.0190161222,1.4812080346,1.578314122091541,Train
TASWER_clean,7.18775,6.56186,7.17833,1.27687,1841.49,1442.19,0.0,0.0,0.6088,0.47679,0.0,1,0.0198220688,1.5413655312,1.631741314867126,Train
TASWIV_clean,7.31506,6.71653,7.31506,1.25001,1853.82,1483.05,0.0,0.0,0.6122,0.489757,0.0,1,0.0195064152,1.5281977706999998,1.6318312530817163,Test
TASWOB_clean,7.28953,6.56977,7.27292,1.26788,1836.09,1448.15,0.0,0.0,0.6064,0.478278,0.0,1,0.0191542438,1.4788310193,1.5876933787015044,Test
TASXIW_clean,7.39302,4.84143,7.39302,1.10616,2095.82,1894.67,0.0,0.0,0.6304,0.569897,0.0,1,0.0402090033,2.9561458988,2.7506513436852904,Test
TATPOV_clean,8.94506,6.39643,8.9366,0.932619,2044.77,2192.51,0.0,0.0,0.6812,0.730416,0.0,1,0.0279754118,2.4771195097,2.2011542111406612,Test
TAWHOO_clean,4.38999,3.64477,4.35876,1.86492,695.401,372.886,0.0,0.0,0.4262,0.228535,0.0,0,0.6889409699,4.2667159443000005,4.119400207437508,Train
TAWTAP_clean,4.72389,3.94843,4.7043,1.63068,1518.12,930.97,0.0,0.0,0.6006,0.368312,0.0,0,0.0601029241,3.1006436765,3.044688650909284,Train
TAWYUO_clean,7.27421,6.44823,7.26586,0.918654,1410.21,1535.08,0.0,0.0,0.5716,0.622215,0.0,1,0.0317452439,2.2480678573,2.376495054570433,Train
TAYNEN_clean,5.31191,3.45332,5.31191,1.3024,757.68,581.756,0.0,0.0,0.4834,0.371161,0.0,0,0.0148106876,1.0083397826,0.9894785515942061,Train
TAZLIR_clean,11.03662,6.77118,11.03522,0.972357,2245.68,2309.52,0.0,0.0,0.737,0.757952,0.0,1,0.0254901794,1.7344371329,1.857827984965022,Test
TAZLOX_clean,11.11165,6.76913,11.10718,0.977004,2218.73,2270.96,0.0,0.0,0.7358,0.753118,0.0,1,0.0260109954,1.7305961007,1.8639500703404002,Train
TAZLUD_clean,11.12433,6.7889,11.12433,0.98349,2237.28,2274.84,0.0,0.0,0.7358,0.748152,0.0,1,0.0257998226,1.7260409588,1.8414158194670909,Train
TAZSAP02_clean,4.8997,3.82043,4.80699,1.96517,851.036,433.06,0.0,0.0,0.4368,0.222271,0.0,1,0.0091237444,0.6655821819,0.6513182571565037,Train
TAZYAV_clean,6.36917,5.18527,6.3624,0.882052,2917.95,3308.15,0.0,0.0,0.7278,0.825122,0.0,0,0.0150042751,1.416441931,1.385351610021949,Test
TEBSAW_clean,5.155,3.94411,5.14164,1.22508,1226.81,1001.4,0.0,0.0,0.5714,0.466417,0.0,1,0.0340634843,2.1396489712,2.025497440181161,Test
TECTUS_clean,5.16992,3.60905,5.14467,1.12529,1198.87,1065.39,0.0,0.0,0.54,0.479875,0.0,1,0.0343877892,2.0003250701,2.078244627348766,Train
TECVEE_clean,6.29319,4.18887,6.28108,1.16711,1136.4,973.681,0.0,0.0,0.5084,0.435605,0.0,1,0.0372851929,2.0741308658,2.094021003626244,Train
TEDXOR_clean,4.80997,3.90285,4.79195,1.24859,706.426,565.776,0.0,0.0,0.4748,0.380268,0.0,1,0.0391003272,1.9072653482,1.7978597684471271,Test
TEFWIL_clean,18.12979,5.71178,18.12979,1.1222,1588.21,1415.26,0.0,0.0,0.6436,0.573515,0.0,0,0.0241827504,1.4194968992,1.970892361604671,Test
TEFWOR_clean,8.09113,4.61719,8.09113,1.43313,1313.7,916.666,0.0,0.0,0.5436,0.379311,0.0,0,0.0598670198,1.8061361781,2.191830175176822,Train
TEHRUU_clean,4.78045,3.65221,4.45538,1.55312,875.885,563.951,207.395,133.534,0.5568,0.358503,0.0,1,0.0106492097,0.7707410128,0.8814478410893787,Test
TEHWEK_clean,5.04484,3.57491,5.04484,1.22875,1458.35,1186.85,0.0,0.0,0.6306,0.513203,0.0,0,0.0310667189,2.0011764967,2.129395232219631,Train
TEJBAN_clean,4.03108,3.48324,4.03108,1.38569,387.305,279.502,0.0,0.0,0.442,0.318974,0.0,0,0.0154673644,1.0236166267,1.0306009359619241,Train
TEJBOB_clean,7.12468,6.03948,7.12468,1.31037,1062.37,810.735,0.0,0.0,0.4896,0.373634,0.0,1,0.0144897347,1.0892438027,1.127507022384406,Test
TEJGAS_clean,4.74057,3.77757,4.73232,1.91081,991.998,519.151,0.0,0.0,0.479,0.250679,0.0,1,0.0121621367,0.8987040675,0.8700596613028528,Train
TEJGEW_clean,4.65952,3.80073,4.61652,1.92155,1014.2,527.802,0.0,0.0,0.4756,0.247508,0.0,1,0.0115681558,0.8548346357,0.8569756778418516,Train
TEJGIA01_clean,4.64544,3.84764,4.60599,1.88324,1040.62,552.567,0.0,0.0,0.4686,0.248826,0.0,1,0.0114430623,0.8776577781,0.8752938050518007,Train
TEJGIA_clean,4.64155,3.86357,4.62359,1.88003,1035.3,550.681,0.0,0.0,0.4662,0.247975,0.0,1,0.0113233249,0.8740560776,0.8471199687622477,Train
TEJLOL_clean,6.35231,4.97084,6.35231,1.25899,1757.24,1395.75,0.0,0.0,0.6298,0.500244,0.0,1,0.0224026094,1.7231247294,1.741485306103212,Train
TEMPAE_clean,9.74723,4.32378,9.74723,0.807529,2116.71,2621.22,0.0,0.0,0.6822,0.844799,0.0,0,0.027838929,2.1323829394,2.3433989353634117,Test
TEMPEI_clean,15.71457,10.86579,15.71457,0.592467,1916.3,3234.44,0.0,0.0,0.745,1.25745,0.0,1,0.021611176,1.8790781506,1.9816738267735345,Test
TENLIJ_clean,5.37557,4.41973,5.36241,1.14422,1308.35,1143.45,0.0,0.0,0.5684,0.496758,0.0,0,0.0478835466,2.5589535323,2.604459021621446,Train
TENQOS_clean,6.34819,4.3477,6.32525,1.05624,2172.8,2057.11,0.0,0.0,0.6388,0.604787,0.0,1,0.0167942606,1.4921519242,1.4797609840431145,Train
TEQPAI_clean,6.00734,3.70386,5.68806,1.19067,1432.59,1203.18,0.0,0.0,0.596,0.500558,0.0,1,0.0541741679,3.0537246345,3.010939916315933,Train
TEQVAO_manual,4.70544,3.52951,4.70544,1.19795,706.636,589.87,0.0,0.0,0.5124,0.42773,0.0,1,0.0310388006,1.6484745665,1.690980220148383,Train
TEQWER01_clean,4.21874,3.59841,4.17878,1.6409,883.632,538.504,0.0,0.0,0.5372,0.327381,0.0,1,0.0204752951,1.390182936,1.3421419052969608,Train
TEQWER_clean,4.21138,3.62218,4.19081,1.63762,863.669,527.392,0.0,0.0,0.5414,0.330601,0.0,1,0.0205483026,1.3764276526,1.3786809342757498,Test
TERFUT_clean,8.54041,6.58905,8.49644,0.900361,2024.24,2248.26,0.0,0.0,0.6654,0.739037,0.0,1,0.0258845059,2.1919768597,2.129482709263513,Test
TERNUA_clean,7.01847,4.73004,6.9462,1.44294,1426.15,988.361,0.0,0.0,0.5566,0.385739,0.0,1,0.0336689427,2.2878153838,2.066383073622305,Test
TESGOO_clean,4.76391,3.62987,4.72184,1.92126,733.455,381.758,0.0,0.0,0.4574,0.238073,0.0,0,0.0340110633,1.4499950207,1.5078952186163959,Train
TESGUU_clean,4.82436,3.58268,4.81961,1.92111,719.303,374.421,0.0,0.0,0.4562,0.237467,0.0,0,0.0340036175,1.4266731913,1.4865804010689183,Train
TESHAB_clean,5.24315,3.84947,5.24293,1.8144,918.907,506.452,0.0,0.0,0.4908,0.270503,0.0,0,0.030788508,1.3847740155,1.4309668124537653,Train
TETVIZ_clean,5.51517,3.41736,5.00993,2.38206,1155.9,485.251,0.0,0.0,0.4816,0.202178,0.0,1,0.0078964263,0.6843838366,0.674101658589666,Train
TETWEW_clean,6.01008,3.97081,5.72262,2.0273,1705.36,841.198,0.0,0.0,0.5372,0.264983,0.0,1,0.0083401,0.7080514104000001,0.7293191237568164,Train
TETZEX_clean,9.38994,9.11674,9.38994,1.90854,1244.92,652.292,0.0,0.0,0.5738,0.300649,0.0,0,0.0943215121,3.8703879891,3.922140003481646,Train
TETZEZ_clean,10.62365,6.73057,10.03707,0.736025,1901.4,2583.34,0.0,0.0,0.6844,0.92986,0.0,1,0.0246843418,2.1182982034,2.1495504315682163,Train
TETZID_clean,5.13889,3.8044,5.11428,1.3464,751.257,557.976,64.4982,47.9043,0.4882,0.362598,0.0,0,0.0304577148,1.6152938176,1.527346537244958,Train
TEVZEA_clean,4.59329,3.52297,4.53885,1.97043,629.425,319.434,0.0,0.0,0.444,0.225331,0.0,0,0.0314407627,1.394976292,1.4153151306356682,Train
TEVZIE_clean,4.89772,3.64059,4.89772,1.88802,794.062,420.579,0.0,0.0,0.468,0.247879,0.0,0,0.0340780758,1.4376736609,1.4720325053917922,Train
TEVZOK_clean,4.56897,3.54471,4.54551,1.97903,632.114,319.407,0.0,0.0,0.4392,0.221927,0.0,0,0.0326067797,1.4053840734999998,1.48668884197726,Test
TEVZUQ_clean,4.84681,3.6521,4.84681,1.89478,778.542,410.888,0.0,0.0,0.4634,0.244567,0.0,0,0.0329760929,1.4127241730000002,1.458668631230474,Train
TEWFOS_clean,5.12439,3.80032,5.11789,1.20574,872.156,723.339,0.0,0.0,0.4772,0.395775,0.0,1,0.0586592883,2.4393216393,2.4126643224655475,Train
TEWFUY_clean,5.12402,3.76853,5.12402,1.20256,906.265,753.612,0.0,0.0,0.4818,0.400645,0.0,1,0.0597495694,2.4576243023,2.4742255866790805,Train
TEWGEJ_clean,5.1192,3.89364,5.10203,1.1805,1020.25,864.259,0.0,0.0,0.4966,0.420671,0.0,1,0.0588660299,2.6083052321,2.6129253207574967,Train
TEXTOH_clean,7.36714,6.73872,7.36371,1.14671,1020.81,890.209,164.756,143.677,0.5422,0.472831,0.0,0,0.0275435093,1.4026631946,1.5629116329623618,Train
TEZKAM_clean,6.18548,4.52304,6.11894,1.1169,1248.24,1117.59,0.0,0.0,0.5306,0.475064,0.0,1,0.0556944041,2.5277480274,2.6635198239035973,Test
TIDKAS_clean,5.39311,4.19786,5.39311,1.06903,921.952,862.419,0.0,0.0,0.508,0.475197,0.0,1,0.0292833909,1.8931154016,1.8236007220429036,Train
TIDLEZ_clean,7.0595,6.90616,7.0592,1.03857,2192.07,2110.66,0.0,0.0,0.6778,0.652626,0.0,0,0.0141060959,1.3440099918,1.316958033786036,Train
TIDLID_clean,4.2096,4.02928,4.2096,1.31378,1082.38,823.864,182.179,138.667,0.5798,0.44132,0.0,0,0.0137121735,1.0595629293000002,1.0639575690292005,Train
TIDMEA_clean,6.05011,4.95275,5.94474,1.747,1488.92,852.276,0.0,0.0,0.5394,0.308759,0.0,1,0.0077965429,0.6717833276999999,0.6555942950212903,Train
TIFBOA_clean,4.67398,3.53239,4.41116,1.37462,661.997,481.587,0.0,0.0,0.4932,0.358791,0.0,1,0.009968802,0.7951806396,0.7474612509345997,Train
TIFZIR_clean,5.07264,3.5666,4.83614,1.48604,1551.78,1044.24,0.0,0.0,0.6264,0.421523,0.0,0,0.0441841557,2.4969035379,2.5928201100186468,Test
TIGSOT_clean,4.31733,3.92478,4.29293,1.79014,708.62,395.847,0.0,0.0,0.4326,0.241658,0.0,1,0.0308392445,1.4080533841999998,1.4465530956433037,Train
TIGVUC_clean,4.87344,3.46442,4.87344,1.07454,850.662,791.651,5.08913,4.73609,0.5344,0.497328,0.0,1,0.0316154838,1.8584471267,1.963764796542327,Train
TIJPOT_clean,4.06689,3.45193,4.06689,1.44348,706.681,489.567,0.0,0.0,0.526,0.364397,0.0,1,0.0118491332,0.9083042747,0.8847859964899485,Train
TIKMEH_clean,5.55473,4.01932,4.70025,1.57489,444.086,281.979,505.527,320.992,0.4674,0.296782,0.0,1,0.0505502746,2.0274890514,2.0660880753120607,Train
TILHAZ_clean,7.88517,4.63235,7.88517,1.00373,1853.27,1846.38,0.563729,0.561634,0.6258,0.623475,0.0,1,0.0136223913,1.2098868805,1.2230879596287831,Test
TILVOZ_clean,6.92662,5.60326,6.92662,1.05598,2650.36,2509.85,0.0,0.0,0.7402,0.700958,0.0,0,0.0084164857,0.8080792817,0.7787030921759064,Train
TILVUF_clean,5.76983,4.47642,5.76568,1.10794,2807.97,2534.4,0.0,0.0,0.7218,0.651478,0.0,0,0.008499619,0.7870465431999999,0.796907222161251,Train
TILWAM_clean,5.60602,4.41216,5.60244,1.12946,2808.42,2486.52,0.0,0.0,0.7174,0.635172,0.0,1,0.0088615467,0.8186072823999999,0.8377742596056097,Test
TIQGOQ_clean,4.96613,3.45527,4.96613,1.61722,430.124,265.965,0.0,0.0,0.3844,0.237692,0.0,0,0.0158562098,0.9955762247,0.9308428738533367,Train
TIQGUW_clean,4.96978,3.43779,4.70211,1.57704,459.833,291.579,0.0,0.0,0.3926,0.248947,0.0,1,0.014701888,0.9272239046,0.8506374889467041,Train
TIQHAD_clean,4.94141,3.41905,4.94141,1.59594,416.437,260.936,0.0,0.0,0.3934,0.246501,0.0,0,0.014298205,0.9307806824,0.8581590362896556,Train
TIQHEH_clean,4.93102,3.44222,4.63541,1.5902,461.876,290.452,0.0,0.0,0.3816,0.23997,0.0,0,0.0142348798,0.9018389921,0.9037460223643443,Train
TIQHIL_clean,4.95366,3.41712,4.75042,1.6098,421.45,261.803,0.0,0.0,0.389,0.241646,0.0,0,0.0153330123,0.949254547,0.9303118476951429,Train
TIRHIL_clean,9.31104,7.31301,9.26469,0.758181,2378.0,3136.45,0.0,0.0,0.7986,1.05331,0.0,0,0.0085253095,0.8443226238,0.8696828202503963,Train
TIRLIQ_clean,5.16708,4.02438,5.14791,1.34501,828.176,615.737,0.0,0.0,0.4914,0.365349,0.0,1,0.0301795564,1.5759392083,1.5223391313414423,Train
TIRQOB_clean,6.9378,5.1125,6.91934,1.1916,1497.46,1256.68,0.0,0.0,0.5672,0.475998,0.0,1,0.0831151904,3.0205265997,3.169555867619952,Train
TIRRIW_clean,6.09614,5.02444,6.09614,1.07096,1529.04,1427.73,0.0,0.0,0.5558,0.518974,0.0,0,0.0537285728,3.0187316495,2.9967997255658876,Train
TISGUY_clean,5.93335,3.50712,5.93065,1.25359,678.031,540.871,0.0,0.0,0.466,0.371732,0.0,1,0.006277602,0.5454889823,0.48683059528713724,Train
TISHAF_clean,10.6324,4.41521,10.62231,0.802555,2137.19,2662.99,0.0,0.0,0.6594,0.821626,0.0,1,0.0502470188,3.7674821405,3.4661280376317447,Train
TISPAO_clean,11.19601,4.56022,11.19601,1.01627,1481.21,1457.5,344.513,338.997,0.6604,0.649826,0.0,0,0.0443565438,2.3671577696,2.3758745073831022,Train
TIVYAZ01_clean,8.9528,6.92043,8.9528,0.77854,2139.65,2748.28,0.0,0.0,0.7276,0.934569,0.0,1,0.0172830618,1.62892727,1.6121299878809434,Test
TIXCIO_clean,8.51649,4.04507,8.50623,0.818285,2218.52,2711.18,0.0,0.0,0.665,0.812676,0.0,0,0.0452534433,3.7684957595,3.527345449127419,Test
TIXMET_clean,7.38507,6.83905,7.38507,1.43185,1792.23,1251.69,0.0,0.0,0.6648,0.464295,0.0,0,0.0178372765,1.459507673,1.550708678032065,Train
TIXMIX_clean,5.48641,4.37851,5.43408,1.55041,1423.25,917.982,0.0,0.0,0.5816,0.375127,0.0,0,0.0272115465,1.6972676834,1.7174057115951213,Train
TIXVON_clean,5.07339,3.91911,5.00348,0.938456,1558.9,1661.14,0.0,0.0,0.5776,0.615479,0.0,1,0.063549823,3.8553963656,3.775391632047321,Test
TOBJUR_clean,10.64745,9.47902,10.64745,1.06964,1632.11,1525.85,0.0,0.0,0.6686,0.625069,0.0,1,0.0204691798,1.7758014077000002,1.6901969060905608,Train
TOBKAY_clean,10.72174,9.5428,10.71607,1.08933,1630.18,1496.5,0.0,0.0,0.666,0.611383,0.0,1,0.0202953318,1.7593104547999998,1.695313742611027,Train
TOBKEC_clean,10.11718,8.98959,10.11479,1.13998,1639.27,1437.98,0.0,0.0,0.6544,0.574044,0.0,1,0.0210153044,1.781598624,1.78542879870861,Test
TOFQEM_clean,4.70069,3.85298,4.60227,1.25512,1271.42,1012.99,0.0,0.0,0.5644,0.449677,0.0,1,0.0582677971,2.7121655734,2.943713971653949,Train
TOFTIT_clean,20.17115,6.28286,20.17115,0.598403,2258.24,3773.78,0.0,0.0,0.7822,1.30715,0.0,1,0.0257921976,2.2179047171,2.315334544032084,Test
TOHJIL_clean,5.54681,3.74513,5.54681,2.48482,1379.64,555.227,0.0,0.0,0.5704,0.229553,0.0,1,0.012878752,0.9371236094,0.9330715195325532,Train
TOHQEO_clean,5.89344,4.18847,5.89146,0.984353,1685.69,1712.48,0.0,0.0,0.5842,0.593486,0.0,0,0.0634659502,3.5106006871,3.6627846791723524,Train
TOHSAL_clean,9.79069,6.17903,9.78331,0.576207,2737.54,4750.96,0.0,0.0,0.7668,1.33077,0.0,1,0.0288361854,2.7113381523,2.618722122372594,Test
TOHYUL_clean,7.14824,6.33455,7.14824,1.33984,1522.29,1136.17,0.0,0.0,0.5742,0.428558,0.0,1,0.0179355755,1.5098314705000002,1.4762942808977153,Train
TOHYUM_clean,6.18172,4.54627,6.18172,1.23378,1539.69,1247.95,0.0,0.0,0.5958,0.482905,0.0,1,0.041677212,2.5332431405,2.5478793382031917,Train
TOJLOT_clean,9.35136,7.4656,9.35136,0.787935,1703.38,2161.83,0.0,0.0,0.6612,0.839156,0.0,0,0.0201417145,1.8716407713,1.7448072572105808,Test
TOKDON_clean,5.68269,4.05076,5.58356,1.1925,2235.99,1875.04,0.0,0.0,0.6214,0.52109,0.0,1,0.0427928561,3.2234988436000003,2.8940866493068467,Test
TOLGOR_clean,5.98694,4.00719,5.95033,1.17836,1406.99,1194.02,0.0,0.0,0.5528,0.469125,0.0,1,0.0398294831,2.2731399102000003,2.4177986007332293,Train
TOLYOJ_clean,5.56011,4.7997,5.54043,0.908517,1594.37,1754.91,0.0,0.0,0.5744,0.632239,0.0,1,0.0327641749,2.4109196411,2.453809806382268,Test
TONBOO_clean,4.69422,3.90104,4.69422,1.33698,611.28,457.21,0.0,0.0,0.4482,0.335234,0.0,1,0.051251285,1.848544867,1.8299978859648105,Test
TONLOY_clean,7.42094,6.92579,7.42094,1.50963,792.043,524.661,0.0,0.0,0.4632,0.30683,0.0,1,0.0087825477,0.702975467,0.6961703411645264,Train
TONLOZ_clean,5.96623,4.0883,5.95565,1.23552,1555.44,1258.93,0.0,0.0,0.5706,0.461828,0.0,1,0.0442591022,2.8495427529,2.621455217508031,Test
TONTIB_clean,8.17686,3.88128,8.17686,0.785515,2106.51,2681.7,0.0,0.0,0.6434,0.819081,0.0,0,0.0432399835,3.7317887973,3.62764248437784,Train
TONTOH_clean,8.07783,3.80615,8.07783,0.808912,2062.02,2549.12,0.0,0.0,0.628,0.776351,0.0,0,0.0377150454,3.3368662723,3.3029942479074403,Train
TONTUN_clean,8.01411,3.79872,8.01411,0.818446,2057.67,2514.12,0.0,0.0,0.6292,0.768774,0.0,0,0.0390869561,3.4215192058,3.3888617338587625,Train
TONVAV_clean,8.13737,3.84778,8.13737,0.811081,2093.45,2581.06,0.0,0.0,0.6356,0.783646,0.0,0,0.0421074894,3.6307004023,3.4625971702988476,Test
TONWUO01_clean,5.10073,4.40085,5.10073,1.20939,753.801,623.288,0.0,0.0,0.4534,0.374898,0.0,0,0.0406732404,1.983524074,1.785824955529182,Test
TONWUO_clean,4.69191,4.1146,4.69191,1.30005,589.458,453.412,0.0,0.0,0.4408,0.339064,0.0,0,0.1564060487,2.9022114377,2.7754468720772865,Train
TOPKIT_clean,8.32819,5.0756,8.31268,0.957644,2418.19,2525.15,0.0,0.0,0.6634,0.692742,0.0,1,0.0464441813,3.4806532161000003,3.4214519509912256,Train
TORJAN_clean,5.41891,3.81819,5.4137,1.12525,1554.01,1381.04,0.0,0.0,0.5844,0.519353,0.0,1,0.0238151977,1.7338751114,1.8308008219030987,Test
TORJER_clean,5.04936,3.67231,5.03861,1.16476,1436.77,1233.53,0.0,0.0,0.5708,0.490058,0.0,1,0.0261005205,1.8021594559,1.878795442120845,Test
TORJIV_clean,5.15558,3.73306,5.14713,1.14909,1453.8,1265.17,0.0,0.0,0.5738,0.499351,0.0,1,0.0257391366,1.7574270151,1.8261805794137245,Train
TORJOB_clean,5.4126,3.81862,5.4126,1.10851,1564.49,1411.34,0.0,0.0,0.5858,0.528458,0.0,1,0.0242384894,1.7643506813999998,1.8697951621925624,Test
TORJUH_clean,5.30819,3.79107,5.29306,1.12185,1513.8,1349.38,0.0,0.0,0.5828,0.519498,0.0,1,0.0250514876,1.7933035161000002,1.897962488816561,Test
TORKAO_clean,5.01927,3.67935,4.85274,1.1494,1435.4,1248.83,0.0,0.0,0.5704,0.496261,0.0,1,0.0260437981,1.8339429828,1.8851061174998116,Train
TORKES_clean,5.31982,3.78089,5.2376,1.14355,1498.22,1310.14,0.0,0.0,0.5788,0.506141,0.0,1,0.0252056652,1.7674752078,1.8441308410883614,Train
TORPUN_clean,8.7872,8.28484,8.78484,1.1627,1327.18,1141.46,0.0,0.0,0.5712,0.49127,0.0,0,0.0206241534,1.5710035375,1.6334452973104931,Test
TORXAB_clean,5.19491,4.25541,5.19491,1.88967,495.266,262.092,0.0,0.0,0.436,0.230728,0.0,0,0.006156147,0.4249683729999999,0.3950388776984599,Train
TOVHUJ_clean,8.92456,5.42795,8.42869,0.747114,2560.53,3427.22,0.0,0.0,0.6974,0.933458,0.0,1,0.0291621762,2.5673674807,2.5605319832066358,Train
TOVJEV_clean,13.68087,10.37066,13.68087,0.399582,1892.74,4736.79,0.0,0.0,0.837,2.09469,0.0,1,0.0222190212,2.1001816532,2.1079336983169648,Test
TOVJIZ_clean,12.65101,8.2906,12.63941,0.451159,2031.86,4503.64,0.0,0.0,0.8026,1.77897,0.0,1,0.0231424062,2.1113037204,2.1667952375173067,Test
TOVJOF_clean,12.42499,8.36781,12.422,0.470537,2039.96,4335.39,0.0,0.0,0.8052,1.71124,0.0,1,0.0245698739,2.2478081119,2.2277306197220823,Test
TOVJUL_clean,7.14215,5.30329,7.13909,0.862488,2071.68,2401.98,0.0,0.0,0.6594,0.764532,0.0,1,0.0381904031,2.7316249236,2.9312565116976756,Test
TOVKEW_clean,13.15242,8.94797,13.15242,0.566631,2049.64,3617.24,0.0,0.0,0.7342,1.29573,0.0,1,0.0318175904,2.6343081385,2.533506653823406,Train
TOVKIA_clean,11.37766,5.00759,10.17753,0.697273,2365.25,3392.15,0.0,0.0,0.715,1.02542,0.0,1,0.0365267491,3.0819693502,2.889667301218393,Test
TOVKOG_clean,22.84213,13.1462,21.49189,0.3316,1563.99,4716.49,0.0,0.0,0.8634,2.60374,0.0,1,0.0251965616,2.2658479758000003,2.333994848124024,Test
TOWNEA_clean,8.82467,7.77952,8.82467,0.718839,2198.94,3059.02,0.0,0.0,0.7032,0.978244,0.0,1,0.0216773589,1.9229963685,1.9867032556829751,Test
TOWNOK_clean,6.93499,4.73179,6.92745,1.00825,1925.88,1910.13,0.0,0.0,0.619,0.613938,0.0,1,0.11323208,3.8210024627,4.103629701332473,Train
TOWNUQ_clean,8.86609,7.97255,8.86609,0.87729,1618.53,1844.92,0.0,0.0,0.6006,0.684609,0.0,1,0.053952526,3.1870074077,3.1490402482037405,Test
TOWPEC_clean,10.15584,5.70866,7.95557,0.889254,1486.62,1671.76,593.787,667.736,0.6774,0.761762,0.0,1,0.0323307394,2.749551032,2.5909173940180814,Test
TOWXEK_clean,6.06928,5.16457,6.05534,0.997154,1436.69,1440.79,3.8223,3.83321,0.5782,0.57985,0.0,1,0.033085214,2.1883103655,2.323184726565733,Test
TOXHAR_clean,4.88487,4.27765,4.88487,1.14926,1012.18,880.723,0.0,0.0,0.4974,0.4328,0.0,1,0.0330780794,1.8959318362,1.8947011532971092,Train
TOXMUQ_clean,6.89787,6.74832,6.89787,1.06186,1595.8,1502.83,0.0,0.0,0.5884,0.55412,0.0,0,0.0961660509,5.916618921,5.779766642383434,Train
TOXNEB_clean,7.00092,6.86576,7.00092,1.06886,1568.91,1467.83,0.0,0.0,0.5846,0.546936,0.0,0,0.0928966365,5.7523006704,5.784177817434307,Train
TOXNIF_clean,6.95996,6.82273,6.95996,1.06718,1555.99,1458.03,0.0,0.0,0.5754,0.539176,0.0,0,0.0918342166,5.7234580087,5.54508574643652,Train
TOZFOF_clean,13.77283,9.32974,13.77283,0.843356,2144.73,2543.09,0.0,0.0,0.7158,0.848752,0.0,1,0.0140882076,1.1709604236,1.287280853107481,Train
TOZHAR_clean,4.71595,3.81365,4.64425,1.35498,1755.8,1295.81,0.0,0.0,0.6366,0.469823,0.0,1,0.0113183715,1.0240617727,1.0249636135514288,Train
TUBCEA_clean,5.6085,3.84866,5.6085,1.73795,888.172,511.045,0.0,0.0,0.4598,0.264564,0.0,1,0.032317781,1.5274339038,1.468656176022886,Test
TUBJAD_clean,4.85188,4.35004,4.85188,1.22218,733.491,600.149,0.0,0.0,0.4892,0.400268,0.0,1,0.0142223359,0.9246258823,0.9613710531668959,Train
TUBLIN_clean,5.27232,3.84215,5.27232,1.23985,960.484,774.675,0.0,0.0,0.4788,0.386175,0.0,0,0.0321397418,1.9529928643,1.7342329627048099,Test
TUCJAD_clean,5.76369,4.27387,5.76369,1.22067,1421.06,1164.17,0.0,0.0,0.5556,0.455161,0.0,1,0.0381236637,2.3269658148,2.3731357011282204,Test
TUDQOZ_clean,4.7672,3.81876,4.49087,1.57647,290.479,184.259,229.56,145.616,0.4148,0.263119,0.0,0,0.0407602075,1.3152259684,1.3291431690085296,Train
TUGTAR_clean,4.77865,3.86046,4.77243,1.14723,1098.41,957.446,0.0,0.0,0.5416,0.472093,0.0,1,0.062445267,3.1368151498000003,3.050982912736119,Train
TUJGIQ_clean,5.65806,4.28444,5.64037,1.20241,974.646,810.578,0.0,0.0,0.5012,0.41683,0.0,1,0.0312158431,1.8546158747,1.7638003050907256,Train
TUKCOT_clean,5.03348,3.75359,4.98119,1.1597,1353.77,1167.35,0.0,0.0,0.5642,0.486504,0.0,1,0.0477372595,2.6785604101,2.7767512572870605,Test
TUMDAI_clean,4.50033,3.69451,4.50033,1.24564,1071.02,859.815,0.0,0.0,0.5156,0.413924,0.0,0,0.0839127911,3.4648380298,3.3586249621169717,Train
TUMQID_clean,4.78803,3.71858,4.78803,1.19719,1092.19,912.297,0.0,0.0,0.5342,0.446213,0.0,1,0.0573960952,2.9567384869,2.8878492805381217,Train
TUMRIE_clean,4.83008,3.62775,4.83008,1.3408,1128.82,841.902,0.0,0.0,0.5312,0.396182,0.0,1,0.0563652575,2.7153718122000003,2.725810644968293,Test
TUMROK_clean,4.44242,3.69598,4.44242,1.23691,1067.61,863.126,0.0,0.0,0.5056,0.40876,0.0,0,0.0719706231,3.2605018012,3.120769072693627,Train
TUNJET_clean,6.14578,4.61369,6.05606,1.50948,1150.01,761.861,0.0,0.0,0.5096,0.3376,0.0,1,0.0293828856,1.5785055280000002,1.718556454335706,Train
TUPDOZ_clean,4.88368,4.4419,4.87874,1.30126,809.227,621.881,0.0,0.0,0.487,0.374254,0.0,1,0.0775508964,2.4886430294,2.415288686744926,Train
TUPGIU_clean,4.86654,3.68424,4.60956,0.816785,1409.59,1725.78,0.0,0.0,0.5472,0.669943,0.0,1,0.0140105769,1.2191431593000002,1.2771391440685553,Train
TUQWIL01_clean,5.38124,3.40475,5.38124,1.42901,1463.26,1023.97,0.0,0.0,0.6194,0.433446,0.0,0,0.0642274661,2.9501476111,2.9630406664677484,Train
TURDIV_clean,6.92653,4.99633,6.92653,1.00914,1370.8,1358.39,0.0,0.0,0.5476,0.542641,0.0,0,0.0369188393,2.618251013,2.539817834331854,Train
TURDOB_clean,6.98892,4.35902,6.87374,1.03033,1344.35,1304.78,0.0,0.0,0.5432,0.52721,0.0,0,0.0364777293,2.5423750075,2.4553357051138978,Train
TURDUH_clean,6.62446,4.36886,6.61015,1.02982,1359.58,1320.21,0.0,0.0,0.5506,0.534658,0.0,0,0.0363276971,2.5486247827,2.4928393263537463,Train
TURFAP_clean,6.01435,4.39558,5.97493,1.05478,1276.17,1209.89,0.0,0.0,0.5208,0.493754,0.0,0,0.0375174049,2.4865275075,2.4220704975236047,Train
TURFET_clean,6.77386,4.80527,6.75967,1.02251,1388.25,1357.69,0.0,0.0,0.5348,0.523025,0.0,0,0.0391380643,2.6841213613,2.734186076466137,Test
TUTHIA_clean,7.74765,6.0396,7.74488,1.02371,1471.87,1437.78,0.0,0.0,0.5658,0.552697,0.0,1,0.0409795495,3.0033305457,2.8283364786844465,Test
TUTHOG_clean,7.58539,5.94334,7.58539,1.03555,1488.56,1437.45,0.0,0.0,0.5586,0.539422,0.0,1,0.043505982,3.1113290674000003,2.8834947231184422,Test
TUTJAU_clean,6.55313,5.09154,6.45158,1.05742,1473.03,1393.05,0.0,0.0,0.5626,0.532052,0.0,1,0.0482649634,3.0136380929000004,2.845811071924726,Train
TUYFIE_clean,5.48587,4.03732,5.48587,1.18223,1310.67,1108.64,0.0,0.0,0.5692,0.481463,0.0,1,0.0806713449,3.0948139639,3.203111645275254,Train
TUYHOL_clean,5.84321,4.88702,5.4789,3.20354,994.943,310.576,0.0,0.0,0.468,0.146088,0.0,1,0.0031588197,0.2843702632,0.2654291084838063,Train
TUYHUR_clean,9.01467,4.33972,9.01467,1.00323,2258.33,2251.06,0.0,0.0,0.7092,0.706918,0.0,1,0.0111830554,1.0716190386,1.0796121878344498,Train
TUYJAZ_clean,9.06373,3.5335,9.05923,1.06444,1888.19,1773.89,0.0,0.0,0.6828,0.641464,0.0,1,0.010159131,0.9508582705,0.9798251028484687,Train
TUYJED_clean,8.921,4.25748,8.91848,1.03154,2274.68,2205.14,0.0,0.0,0.7106,0.688873,0.0,1,0.0111275421,1.0576557009999998,1.0886661793019154,Train
TUYLIJ_clean,4.51754,3.71437,4.51754,1.86429,822.472,441.171,0.0,0.0,0.4454,0.238911,0.0,0,0.653294099,4.8656008825,4.732576099566339,Train
TUYNEI_clean,4.98882,3.8643,4.98882,1.23289,1157.26,938.66,0.0,0.0,0.5728,0.4646,0.0,1,0.0437143386,2.3564809516,2.4152531932180628,Train
TUZVUH_clean,8.88409,8.01315,8.88409,1.36955,1074.66,784.684,0.0,0.0,0.5192,0.379103,0.0,1,0.0092033922,0.8080826999999999,0.7924733726649249,Train
UBECEM_clean,4.8768,4.71272,4.8768,2.40571,1479.77,615.106,0.0,0.0,0.5964,0.24791,0.0,1,0.0123826991,0.9219006134,0.9013091041801276,Test
UBIBUF_clean,11.65323,7.63405,11.12586,0.757644,2339.26,3087.55,0.0,0.0,0.745,0.983311,0.0,1,0.025988397,2.3340063083,2.211240106660655,Test
UBIPAY_clean,4.38835,3.9606,4.38835,1.21218,1031.09,850.605,0.0,0.0,0.4942,0.407694,0.0,1,0.0376493902,2.3665444115,2.2598362881293728,Train
UBULIO_SL,24.23226,22.89921,24.21499,0.438068,1818.16,4150.4,0.0,0.0,0.8258,1.8851,0.0,1,0.0200570161,1.8891222413,1.8241920150176558,Test
UBULUA_clean,8.25861,7.55924,8.25861,1.22262,2063.77,1688.0,0.0,0.0,0.67,0.548005,0.0,1,0.0190603389,1.62316498,1.6315339024541347,Train
UBUMAH_clean,7.09336,6.41082,6.96082,0.845931,2610.44,3085.88,0.0,0.0,0.7132,0.843094,0.0,1,0.0248406378,2.2537583536000003,2.249839723511473,Train
UBUROY_clean,6.6651,5.3887,6.6651,1.08106,2567.3,2374.8,0.0,0.0,0.7436,0.687844,0.0,1,0.0046685829,0.4636933507999999,0.45363364260061667,Train
UCABAE_clean,5.42772,4.56824,5.1729,1.09568,662.018,604.208,511.165,466.528,0.544,0.496495,0.0,0,0.0566757265,2.6281293243,2.724411761512447,Test
UCAXEC_clean,4.65972,3.79898,4.65972,1.24715,773.765,620.428,0.335064,0.268664,0.4924,0.394821,0.0,1,0.0361363578,1.7745311846,1.868012778721002,Train
UCEGAM_clean,4.6913,3.56585,4.6913,1.64579,1244.17,755.971,0.0,0.0,0.5386,0.32726,0.0,1,0.0038573486,0.3602751622,0.38763177042868,Train
UCEGEQ_clean,4.6624,3.53865,4.56509,1.68077,1210.21,720.033,0.0,0.0,0.5348,0.318188,0.0,1,0.0039030602,0.360470542,0.38725903782717097,Train
UCEXAC_clean,6.32023,4.85158,6.32023,1.4352,1385.63,965.467,0.0,0.0,0.5604,0.390469,0.0,1,0.0268510535,1.841873698,1.825821195508184,Train
UCEXEG_clean,6.31608,4.83612,6.30774,1.45624,1389.21,953.967,0.0,0.0,0.5674,0.389633,0.0,1,0.0273616355,1.8347056776,1.851099075599717,Test
UCEXIK_clean,6.33067,4.85437,6.2578,1.46159,1391.18,951.831,0.0,0.0,0.5718,0.391219,0.0,1,0.0268203342,1.8199831013,1.8313395263241343,Train
UCEXOQ_clean,6.32321,4.82644,6.31444,1.48289,1385.85,934.555,0.0,0.0,0.5694,0.383979,0.0,1,0.027678206,1.8176441509,1.8181758446150456,Test
UCOCUM_neutral,13.17014,6.56871,13.16847,0.882705,2115.68,2396.81,0.0,0.0,0.7142,0.809104,0.0,1,0.0373736177,2.2183468827,2.247153835665262,Train
UCOHUR_clean,8.1734,7.22847,8.12249,1.21949,2095.07,1717.98,0.0,0.0,0.6692,0.548752,0.0,0,0.0203493295,1.6592316994,1.7197736844184865,Test
UCOJAZ_clean,8.09472,7.35206,8.09472,1.24694,2013.79,1614.99,0.0,0.0,0.6576,0.527372,0.0,1,0.0187206458,1.5673875015,1.5790575515896164,Train
UCOJED_clean,7.99802,7.49345,7.99418,1.22768,2022.24,1647.21,0.0,0.0,0.665,0.541674,0.0,0,0.019305234,1.591386557,1.6066157080520163,Test
UCOJIH_clean,8.11816,7.11073,8.05724,1.22088,2052.56,1681.21,0.0,0.0,0.6616,0.541903,0.0,0,0.0187713364,1.57683966,1.6055213171346154,Train
UCOXOZ_clean,6.74707,6.10487,6.74209,1.02439,1598.25,1560.2,14.8613,14.5075,0.5836,0.569706,0.0,1,0.0247670165,2.0075803765,2.0619790483497007,Test
UCUJOU_clean,7.86092,6.25774,7.86092,1.30122,2380.04,1829.08,0.0681927,0.0524066,0.6862,0.52735,0.0,1,0.0110568839,0.9378121864,1.0199579893317163,Test
UCUTIW_clean,6.35635,5.83008,6.34586,1.00359,1563.59,1558.0,0.0,0.0,0.6334,0.631134,0.0,1,0.0247932643,2.0842437442,2.0652064414279394,Train
UDANEV_clean,13.79937,11.17997,13.79937,0.783809,1782.29,2273.88,0.0,0.0,0.7968,1.01657,0.0,1,0.0330680213,2.3429021022,2.4024653923575565,Test
UDEMEW_manual,28.23748,11.69499,28.22828,0.681201,1337.39,1963.29,46.9906,68.9819,0.7606,1.11656,0.0,1,0.0645536893,1.6878279818000002,1.7377612949987542,Train
UDICAN_clean,4.58421,3.93064,4.58097,3.59569,711.428,197.856,0.0,0.0,0.4032,0.112134,0.0,1,0.0549028465,1.1121975736,1.0710847435416115,Train
UDOVOA_clean,11.10402,3.55246,11.07204,1.28591,1551.09,1206.21,48.2971,37.5586,0.5878,0.457107,0.0,1,0.1194729033,3.4378081722000005,3.515594253777876,Train
UDUMIP02_clean,7.11427,6.32764,7.10696,1.42622,1719.35,1205.53,0.0,0.0,0.5884,0.412559,0.0,1,0.0117305648,1.0555776532,1.069104275247416,Test
UDUMIP03_clean,7.09807,6.30763,7.09096,1.42891,1721.24,1204.58,0.0,0.0,0.5872,0.410943,0.0,1,0.011812929,1.0587296683,1.0691756199291267,Train
UDUMIP_clean,7.19202,6.41478,7.18204,1.40092,1718.44,1226.65,0.0,0.0,0.5958,0.425293,0.0,1,0.0113356389,1.01248533,1.050758294814877,Train
UFASEA_ion_b,3.8787,3.48972,3.87221,1.84634,417.315,226.022,88.8958,48.1469,0.4466,0.241883,0.0,1,0.029789558,1.3132302941,1.5087647293112108,Test
UFEMIC_clean,5.26486,4.19267,5.24985,1.20943,1737.26,1436.43,0.0,0.0,0.6508,0.538107,0.0,0,0.007120052,0.663870614,0.6604725392996755,Train
UFENAW_clean,7.28617,5.35852,7.10503,0.754992,3088.35,4090.58,0.0,0.0,0.7422,0.983057,0.0,1,0.0223708122,2.0700700505,2.0775377575093232,Train
UFEVIL_clean,6.75773,4.04783,6.73846,1.05377,1465.81,1391.02,0.0,0.0,0.5784,0.548886,0.0,1,0.023069806,1.8448913027,1.8282165071572163,Train
UFEXEJ_clean,5.30731,5.14101,5.30608,2.3365,1189.34,509.026,0.0,0.0,0.4796,0.205264,0.0,1,0.018506357,1.1730767818,1.1405065584287009,Train
UFEXIN_clean,5.2808,5.11213,5.27438,2.36936,1181.21,498.534,0.0,0.0,0.4788,0.20208,0.0,1,0.018297162,1.1574013699,1.1124664810527474,Test
UFOFIF_clean,4.79304,3.6453,4.79304,1.31843,760.934,577.154,0.0,0.0,0.5036,0.381971,0.0,1,0.0093323777,0.7629722642,0.7184519486793315,Train
UFUNIS_clean,4.49854,3.78199,4.40172,1.42532,684.322,480.117,0.0,0.0,0.4402,0.308843,0.0,1,0.112212504,2.6959771671,2.618310454519038,Train
UFUQIV_clean,7.38156,5.81733,6.18024,0.675677,2389.77,3536.85,0.0,0.0,0.7014,1.03807,0.0,1,0.0314004977,2.8508530379000003,2.800009162906746,Test
UGAQEY_clean,4.89575,4.03861,4.89307,1.29414,1150.64,889.116,1.22671,0.947894,0.5042,0.389602,0.0,1,0.0278377125,1.676683947,1.7157915779351292,Train
UGELIB_clean,9.36087,9.10832,9.36087,1.90193,1244.67,654.425,0.0,0.0,0.572,0.300747,0.0,0,0.1139977402,4.0584173225,3.9290295976464655,Train
UGOFED_clean,5.38504,4.20309,4.96349,1.22232,1169.34,956.656,0.0,0.0,0.5274,0.431476,0.0,1,0.0711890368,2.7164271276,3.0503130241184735,Test
UGUGUZ_clean,4.77323,4.07807,4.77323,1.79667,684.632,381.056,127.779,71.1197,0.5662,0.315138,0.0,1,0.0091614724,0.8049862711,0.7667042629380323,Train
UGUHAG_clean,4.84717,4.36591,4.84717,1.73201,1080.53,623.859,0.0,0.0,0.576,0.332562,0.0,1,0.0094384132,0.7767412059000001,0.7318737237783857,Train
UGUHEK_clean,4.77594,4.10655,4.77594,1.75746,691.545,393.492,145.139,82.5845,0.5694,0.323991,0.0,1,0.0061221636,0.5557845864000001,0.5899994642983746,Train
UHASED_clean,4.93212,3.89765,4.93212,1.32119,1664.14,1259.57,0.0,0.0,0.5574,0.421891,0.0,0,0.0572273095,3.4197713649,3.2739707356679597,Train
UHAXUW_clean,5.09262,3.57011,5.0696,1.51761,748.067,492.925,0.0,0.0,0.446,0.293883,0.0,0,0.0266815252,1.3252560371,1.3627836806992122,Train
UHUPET_clean,13.55212,8.93511,12.0856,0.540431,2097.88,3881.87,0.0,0.0,0.7682,1.42146,0.0,1,0.0186035931,1.7383162802,1.7633024678506537,Train
UHUPOD01_clean,33.07784,21.40391,33.07784,0.19136,873.381,4564.06,0.0,0.0,0.937,4.89652,0.0,0,0.0246371608,2.3779145299,2.3400770638913766,Train
UJAQEC_clean,4.46683,3.5414,4.46683,1.21484,1347.94,1109.56,67.5496,55.6038,0.5582,0.459485,0.0,1,0.0513397183,3.4191864531,3.2984957882039647,Train
UJAQUS_clean,7.15939,6.10118,7.07981,0.989707,2008.92,2029.81,0.0,0.0,0.6442,0.6509,0.0,1,0.0312301408,2.6413857897,2.565584676789391,Test
UJEDIX_clean,4.86939,3.4331,4.86939,1.44888,987.806,681.772,2.33073,1.60864,0.5456,0.376567,0.0,0,0.0162749428,1.0958678875,1.1696723631130874,Train
UJILAA_clean,19.23413,9.51535,19.23413,0.420332,1982.45,4716.4,0.0,0.0,0.8898,2.1169,0.0,1,0.0074906587,0.7603966453000001,0.8464765350772319,Train
UJIZET_clean,7.09242,5.53096,7.08797,1.15967,2195.41,1893.13,0.0,0.0,0.6436,0.554986,0.0,1,0.0144561973,1.3389285515,1.3171728652382986,Test
UJOWEW_clean,5.75366,4.18708,5.75366,1.11983,1989.69,1776.77,0.0,0.0,0.6036,0.539008,0.0,1,0.0132135615,1.1237262546,1.1449534213187365,Train
UJULIW_clean,7.01875,6.807,7.01875,2.47032,548.528,222.047,0.0,0.0,0.3284,0.132938,0.0,1,0.0246565039,1.0327236198,1.2901105983821182,Test
UJUPUM_clean,6.77742,5.67068,6.76869,0.861722,2505.7,2907.78,0.0,0.0,0.7082,0.821843,0.0,1,0.0167149131,1.5527737514,1.5864291117528615,Train
UJUQIB_clean,10.2017,5.3119,10.02065,0.774012,2238.72,2892.35,0.0,0.0,0.6914,0.893268,0.0,0,0.0291751544,2.628235571,2.514575499101182,Test
UKAJOH_clean,5.01926,3.81172,4.98641,1.35653,485.975,358.247,0.0,0.0,0.4304,0.317279,0.0,1,0.0703565821,1.6003680447,1.824767962232052,Test
UKAPUS_clean,6.98994,4.84446,6.98994,1.13705,1711.16,1504.91,0.0,0.0,0.5842,0.513788,0.0,0,0.0353681691,2.3004822434,2.551859555916642,Test
UKAQAZ_clean,7.03658,4.81444,7.03658,1.1542,1709.08,1480.75,0.0,0.0,0.5836,0.505632,0.0,0,0.0350358265,2.3164740083,2.549041077428856,Test
UKAQED_clean,6.96134,4.79708,6.96134,1.16653,1696.68,1454.47,0.0,0.0,0.581,0.49806,0.0,0,0.0358612189,2.3141628663,2.547575547628356,Test
UKAQIH_clean,7.0082,4.78738,7.0082,1.16844,1713.29,1466.3,0.0,0.0,0.5844,0.500152,0.000171168,0,0.0352711061,2.3004781426,2.5255824621702305,Test
UKAZEM_clean,10.77132,8.65206,10.76899,0.789293,2030.11,2572.07,0.0,0.0,0.7756,0.982652,0.0,1,0.0074696505,0.7644173103,0.7150564010562115,Train
UKEXEP_clean,4.56996,3.476,4.56996,1.58485,612.499,386.472,21.3828,13.492,0.4954,0.312585,0.0,1,0.0192382348,1.2110656717,1.1999300960189299,Train
UKIQIP_clean,10.57455,7.52574,10.57455,0.823179,2075.57,2521.41,0.0,0.0,0.6786,0.824365,0.0,1,0.0205130942,1.7444363839,1.74298938709095,Train
UKIQOV_clean,13.66711,9.63813,13.66009,0.628902,2104.6,3346.47,0.0,0.0,0.7776,1.23644,0.0,1,0.0253338627,2.2662123112,2.224797797809792,Train
UKOZOK_clean,5.16699,3.99697,5.16538,2.08607,1456.61,698.257,0.0,0.0,0.5214,0.249944,0.0,1,0.0239163626,1.4601293528,1.5782063353182534,Test
UKUBOS_clean,7.20509,4.51731,7.20509,1.01682,1332.64,1310.6,0.0,0.0,0.5496,0.540507,0.0,0,0.0853126292,3.3201592806,3.4459037009945748,Train
UKUBUY_clean,7.24877,4.48545,6.9378,1.0306,1336.85,1297.17,0.0,0.0,0.5312,0.51543,0.0,0,0.1017735719,3.5985371667000003,3.621803626540989,Train
UKUCAF_clean,7.2141,4.4286,6.87747,1.05667,1313.72,1243.26,0.0,0.0,0.5246,0.496466,0.0,0,0.1017192345,3.5337798796,3.5170361166004005,Train
UKUPIB_clean,7.9794,5.83185,7.9636,0.893496,2137.53,2392.33,0.0,0.0,0.6356,0.711363,0.0,1,0.0199743072,1.825502341,1.739190048078284,Train
UKUPUL_clean,6.90717,5.2805,6.90717,1.43379,1465.65,1022.22,1.90531,1.32886,0.5222,0.364209,0.0138095,1,0.0599931555,1.6635024601,1.694306471945028,Train
ULAQAB_clean,5.27643,3.51743,4.89733,1.04387,1032.19,988.815,0.0,0.0,0.5466,0.523628,0.0,0,0.0495160421,2.5552096654,2.5846525286959054,Train
ULAQEF_clean,5.27064,3.49026,5.03731,1.02909,1016.13,987.412,0.0,0.0,0.5346,0.51949,0.0,0,0.0393764365,2.2709108436000003,2.3246673119492796,Train
ULASAD_clean,8.38485,6.51445,8.17533,0.647842,2428.58,3748.72,0.0,0.0,0.7298,1.12651,0.0,1,0.0109995265,1.0643634154,1.0996128860418892,Train
ULEGOH_clean,6.13177,4.39371,6.11357,1.30509,966.034,740.207,0.0,0.0,0.4766,0.365187,0.0,1,0.0371254788,1.4822465056999998,1.792329857442401,Train
ULIMIN_clean,5.00183,3.7748,4.85322,1.2693,515.601,406.208,162.351,127.906,0.476,0.375009,0.0,0,0.0769688029,2.4191721653,2.322243538302404,Train
ULOGAE_clean,6.57121,5.40028,5.95167,1.35328,2211.75,1634.36,0.0,0.0,0.6272,0.463465,0.0,1,0.0253087819,1.9571376133,1.9947832863197708,Train
ULOKAJ_clean,8.7673,6.34979,8.7673,1.30492,1735.79,1330.19,0.0,0.0,0.637,0.488152,0.0,0,0.0115574659,1.0188482875,1.0239342669953677,Train
ULOLEO_clean,8.29808,5.90829,8.29808,1.34322,1731.11,1288.78,0.0,0.0,0.6394,0.47602,0.0,0,0.0117391622,1.0513640289,1.0345066810802077,Train
ULOLIS_clean,8.54677,6.10924,8.54677,1.32937,1733.05,1303.66,0.0,0.0,0.6388,0.480529,0.0,0,0.0113579949,1.0345077453,1.0255203508618655,Test
ULOMAL_clean,8.86217,6.43433,8.86217,1.31015,1733.6,1323.21,0.0,0.0,0.6522,0.497807,0.0,0,0.0116483141,1.013195952,1.0305950661536065,Test
ULUVUT_clean,5.14269,4.75945,5.14269,1.14921,1898.67,1652.16,0.0,0.0,0.6398,0.556733,0.0,0,0.0343194357,2.3687569822,2.478108356602485,Train
UMABIV_clean,5.68466,5.22417,5.68466,1.23934,1941.33,1566.43,0.0,0.0,0.6118,0.493651,0.0,1,0.0342409864,2.4988441167,2.3662573981822903,Test
UMABOB_clean,5.41853,4.65091,5.41146,1.04463,1738.12,1663.87,0.0,0.0,0.574,0.549478,0.0,1,0.0371374341,2.663027507,2.553501334910469,Test
UMALUQ_clean,8.90326,5.05379,8.67673,1.06985,1916.16,1791.07,0.0,0.0,0.5972,0.558212,0.0,1,0.0176343568,1.5009999341999998,1.5095353848859752,Train
UMEDEX_clean,8.31991,5.90244,8.31991,1.33036,1734.05,1303.45,0.0,0.0,0.6334,0.476113,0.0,0,0.0123869676,1.0619004149,1.0582420284966805,Train
UMEDIB_clean,8.20629,5.26943,8.19367,1.3504,1744.84,1292.1,0.0,0.0,0.632,0.46801,0.0,0,0.0121045298,1.0403378272,1.036256309867239,Train
UMEDOH_clean,8.3593,5.89473,8.3593,1.33036,1732.85,1302.55,0.0,0.0,0.6328,0.475662,0.0,0,0.012467838,1.0674429912,1.055665224749449,Test
UMEHOL_clean,7.1388,4.96773,6.18362,1.60251,1384.6,864.024,0.0,0.0,0.5636,0.351699,0.0,1,0.0347127858,2.1134425781,2.104020565991757,Train
UMEKEE_clean,8.30632,6.09762,8.27233,0.751545,2616.23,3481.13,0.0,0.0,0.734,0.976654,0.0,0,0.0255858746,2.2895136481,2.2934698882820626,Train
UMEKII_clean,6.2978,4.37155,6.14715,1.16372,1476.0,1268.34,0.0,0.0,0.5854,0.50304,0.0,0,0.0556260415,2.7840917353,3.054095152640943,Test
UMELAB_clean,6.29398,5.39006,6.2901,1.61584,1305.01,807.638,0.0,0.0,0.54,0.334192,0.0,1,0.035102691,1.9419769637,2.014223952003705,Test
UMELEF_clean,6.19405,5.34016,6.17707,1.64272,1285.83,782.746,0.0,0.0,0.5076,0.309,0.0,1,0.0353354432,1.9045368143,1.9841075766556047,Test
UMEPOT_clean,6.2957,5.33563,6.29133,1.57681,1311.07,831.473,0.0,0.0,0.541,0.343098,0.0,1,0.0343320164,1.9537439188,1.9679030972039604,Test
UMEQAG_clean,7.17863,4.94429,6.16873,1.58166,1384.15,875.123,0.0,0.0,0.5566,0.351908,0.0,1,0.0343835512,2.1157768546,2.0764223631739185,Test
UMESIQ_clean,7.11235,5.04643,6.16421,1.65932,1412.73,851.388,0.0,0.0,0.558,0.336282,0.0,1,0.0446133124,2.446690471,2.3055597906110057,Train
UMESOW_clean,7.17498,4.93769,6.17391,1.56952,1391.65,886.672,0.0,0.0,0.5498,0.350298,0.0,1,0.0351127275,2.1098573366,2.1052482585660783,Test
UMEXUF01_clean,5.93545,4.3172,5.83035,1.61863,1574.22,972.568,0.0,0.0,0.547,0.337941,0.0,1,0.0454312103,2.4507201776,2.4434554633610297,Train
UMEXUF_clean,5.96732,4.46538,5.94889,1.62337,1487.02,916.008,0.0,0.0,0.5378,0.331286,0.0,1,0.044761797,2.4248978781,2.3119170081112057,Test
UMIGAA_clean,8.23557,7.15317,8.23557,1.10058,2014.92,1830.78,0.0,0.0,0.622,0.565157,0.0,1,0.0290872013,2.4338891769,2.325235646380191,Test
UMIZEX_clean,6.27903,5.11829,6.27347,1.43647,1654.12,1151.52,0.0,0.0,0.554,0.385668,0.0,1,0.0270553354,1.8643896246,1.9756606327929267,Train
UMOBEF01_clean,11.72616,5.98085,11.72563,0.505624,2624.2,5190.03,0.0,0.0,0.792,1.56638,0.0,1,0.0246205973,2.3571232687,2.3747937049893393,Train
UMOBEF02_clean,11.74556,6.09657,11.74553,0.512375,2648.86,5169.77,0.0,0.0,0.7876,1.53716,0.0,1,0.0257008057,2.4232945209,2.362890109921753,Train
UMOBEF03_clean,11.19548,6.07261,11.19529,0.54262,2779.47,5122.32,0.0,0.0,0.775,1.42826,0.0,1,0.0278917942,2.5783417814,2.536649199389634,Train
UMOBEF04_clean,9.82687,5.92931,9.82687,0.641251,2696.95,4205.76,1.10178,1.71818,0.73,1.1384,0.0,1,0.0363602199,3.1352740958,3.051840867440886,Test
UMOBEF05_clean,9.81532,6.14212,9.81476,0.699468,2487.48,3556.24,0.0,0.0,0.705,1.00791,0.0,1,0.0405044154,3.1867979948,3.113930005322562,Test
UMOBEF06_clean,9.73892,6.12776,9.73892,0.704912,2451.84,3478.22,0.0,0.0,0.7064,1.00211,0.0,1,0.039712942,3.1559848825,3.1308815532918066,Train
UMOBEF07_clean,9.64899,6.11183,9.64836,0.717947,2412.56,3360.35,0.0,0.0,0.7028,0.978902,0.0,1,0.0415948143,3.1772187889,3.1767242342738387,Train
UMOBEF08_clean,9.5277,6.07844,9.52714,0.722374,2381.06,3296.16,0.0,0.0,0.701,0.970411,0.0,1,0.0411600135,3.1753708854,3.1390781992984715,Test
UMOBEF09_clean,9.30813,6.0393,8.12664,0.731985,2350.62,3211.3,0.0,0.0,0.696,0.95084,0.0,1,0.0424678129,3.1748817344,3.3490952353808883,Test
UMOBEF_clean,12.498,6.04018,12.42609,0.48038,2503.44,5211.38,0.0,0.0,0.7972,1.65952,0.0,1,0.0232176853,2.1734165186000003,2.2640962399797724,Test
UMODEH01_clean,11.30468,5.41503,11.30468,0.512269,2642.07,5157.57,0.0,0.0,0.7812,1.52498,0.0,1,0.0251603663,2.3586012449,2.392182010177952,Train
UMODEH03_clean,11.61852,5.42066,11.35102,0.51003,2634.97,5166.3,0.0,0.0,0.785,1.53913,0.0,1,0.0248023869,2.3382719579,2.3882615317274256,Train
UMODEH04_clean,11.36787,5.34922,11.36787,0.533932,2752.39,5154.94,0.0,0.0,0.771,1.444,0.0,1,0.027285253,2.4850172244,2.542857255770131,Test
UMODEH06_clean,11.16649,5.2519,11.16649,0.555198,2855.76,5143.68,0.0,0.0,0.7652,1.37825,0.0,1,0.0289372128,2.6493625958,2.6394508332283046,Train
UMODEH07_clean,11.33302,5.24933,11.33302,0.558087,2863.98,5131.77,0.0,0.0,0.7612,1.36394,0.0,1,0.0290521603,2.6790978727000003,2.6379732886704597,Test
UMODEH08_clean,7.50813,5.20054,6.29758,0.647965,2827.66,4363.91,0.0,0.0,0.7222,1.11457,0.0,1,0.0382906553,3.3276743792000003,3.3689829820691823,Test
UMODEH09_clean,7.58377,5.1021,6.14779,0.720299,2563.17,3558.48,0.0,0.0,0.6962,0.966543,0.0,1,0.0422152915,3.3555606434,3.365205437174266,Test
UMODEH10_clean,8.26869,5.10695,6.12476,0.739009,2428.99,3286.83,0.0,0.0,0.6872,0.929894,0.0,1,0.0437194617,3.3155063649,3.46506794702725,Test
UMODEH11_clean,7.88398,5.10678,6.00855,0.750929,2393.61,3187.54,0.0,0.0,0.6846,0.911671,0.0,1,0.0439624936,3.2976730809,3.3965563402827446,Train
UMODEH12_clean,7.73054,5.09547,6.08288,0.751192,2382.98,3172.27,0.0,0.0,0.6794,0.90443,0.0,1,0.044336894,3.3038572566,3.391509105822011,Train
UMODEH13_clean,8.08,5.10727,6.08981,0.75692,2343.08,3095.55,0.0,0.0,0.6792,0.89732,0.0,1,0.0439395041,3.3034861402999995,3.3979510908472355,Test
UMODEH14_clean,11.13019,5.34376,11.13003,0.540267,2804.02,5190.06,0.0,0.0,0.7704,1.42596,0.0,1,0.0272195687,2.5518641237,2.544316566938726,Test
UMODEH15_clean,11.39121,5.37416,11.39121,0.528259,2720.83,5150.56,0.0,0.0,0.7764,1.46973,0.0,1,0.0264149362,2.4819957472,2.454559891708636,Test
UMODEH16_clean,13.02556,5.98917,13.02556,0.473838,2451.04,5172.75,0.0,0.0,0.8008,1.69003,0.0,1,0.022444321,2.143153498,2.2228290135077815,Test
UMODEH17_clean,11.09362,5.25928,11.09362,0.56801,2915.72,5133.22,0.0,0.0,0.7592,1.3366,0.0,1,0.0298009612,2.7542899607,2.6941033508939,Train
UMODEH18_clean,12.07339,5.35338,12.07339,0.527677,2756.54,5223.93,0.0,0.0,0.7746,1.46794,0.0,1,0.0262474412,2.491368895,2.4511900285733397,Test
UMODEH19_clean,9.53314,6.14559,9.53308,0.644874,2729.74,4232.98,0.0,0.0,0.7296,1.13138,0.0,1,0.0363649438,3.116580229,3.0756544845640237,Train
UMODEH20_clean,9.81757,5.20485,6.37863,0.582326,2920.59,5015.39,0.0,0.0,0.7482,1.28485,0.0,1,0.0306876991,2.8298071859,2.80151885815291,Train
UMODEH21_clean,9.91334,5.23079,9.91334,0.575954,2919.56,5069.08,0.0,0.0,0.75,1.30219,0.0,1,0.0299454666,2.7574657960000004,2.7121634409401354,Test
UMODEH22_clean,10.42971,5.27481,10.42971,0.557764,2866.15,5138.64,0.0,0.0,0.7608,1.36402,0.0,1,0.0295612135,2.6693109138,2.6965200367210023,Test
UMODEH23_clean,11.15907,5.34276,11.15907,0.535598,2770.05,5171.89,0.0,0.0,0.7696,1.4369,0.0,1,0.0268123261,2.506903229,2.498777602210619,Test
UMODEH24_clean,11.42851,5.36939,11.42851,0.532371,2746.88,5159.71,0.0,0.0,0.7732,1.45237,0.0,1,0.0265857153,2.5073991454,2.4971329153237445,Train
UMODEH25_clean,9.75422,5.20239,6.39739,0.581306,2933.81,5046.92,0.0,0.0,0.7442,1.28022,0.0,1,0.030901173,2.7994873188,2.807192790669428,Train
UMODEH_clean,10.95537,5.36113,10.95537,0.533113,2747.45,5153.6,0.0,0.0,0.7742,1.45222,0.0,1,0.0265265995,2.491214537,2.475117815806795,Test
UMOKIS_clean,10.47066,8.24292,10.42077,0.843112,1761.07,2088.78,0.0,0.0,0.6618,0.784949,0.0,1,0.0207722412,1.820802032,1.8269436652524471,Train
UMOVEZ01_clean,10.36799,5.68179,9.99869,0.557538,2889.19,5182.06,0.0,0.0,0.7634,1.36923,0.0,1,0.0293830252,2.6902894091000005,2.6820298548269266,Test
UMOVEZ02_clean,10.40783,5.7016,10.40783,0.554264,2884.62,5204.42,0.0,0.0,0.768,1.38562,0.0,1,0.0284692641,2.6661749471,2.6399806523743585,Train
UMOVEZ03_clean,10.92239,5.82104,10.1736,0.537309,2802.84,5216.45,0.0,0.0,0.7724,1.43754,0.0,1,0.0275758843,2.5257886273,2.5661403283775175,Test
UMOVEZ04_clean,11.43321,6.00494,11.43286,0.521066,2715.35,5211.14,0.0,0.0,0.7844,1.50538,0.0,1,0.0261288127,2.446916435,2.448796600351306,Train
UMOVEZ05_clean,10.32083,5.66439,10.32083,0.556946,2888.61,5186.51,0.0,0.0,0.7674,1.37787,0.0,1,0.0288531117,2.6782270828,2.666480516590844,Train
UMOVEZ_clean,11.7936,5.96806,11.76218,0.502437,2621.26,5217.08,0.0,0.0,0.7922,1.57671,0.0,1,0.0245832316,2.3451424675,2.3869098586373907,Train
UMOVID_clean,12.08323,6.02223,11.77524,0.495095,2551.4,5153.36,0.0,0.0,0.7958,1.60737,0.0,1,0.0244337688,2.2865666424,2.323337421569578,Test
UMOVOJ_clean,12.44931,6.04966,11.64464,0.481059,2488.51,5172.97,0.0,0.0,0.8008,1.66466,0.0,1,0.0230580318,2.1968006511,2.2589767022297136,Test
UMOYOM03_clean,9.53653,5.34452,9.53653,0.572297,2816.69,4921.73,0.0,0.0,0.7558,1.32064,0.0,1,0.0263217946,2.4417243522,2.455777173574711,Test
UMOYOM06_clean,9.27242,5.3599,9.27242,0.544667,2828.76,5193.56,0.0,0.0,0.7628,1.40049,0.0,1,0.0263110715,2.4397831536,2.447522391001562,Train
UMOYOM07_clean,9.75529,5.37054,9.54348,0.541661,2791.87,5154.28,0.0,0.0,0.7712,1.42377,0.0,1,0.0266615459,2.463131123,2.5070655330267977,Train
UMOYOM08_clean,9.66223,5.42293,9.66221,0.547658,2688.94,4909.89,0.0,0.0,0.7644,1.39576,0.0,1,0.024510297,2.2520281175,2.3472356929017986,Test
UMOYOM10_clean,9.29709,5.30741,9.29709,0.582563,2853.3,4897.84,0.0,0.0,0.748,1.28398,0.0,1,0.0265604716,2.4978073389,2.4996505673140765,Test
UMOYOM11_clean,8.68074,5.21106,8.68074,0.619321,2929.2,4729.69,0.0,0.0,0.724,1.16902,0.0,1,0.0309423375,2.7750276715,2.744039907928873,Test
UMOYOM13_clean,8.08915,5.1527,6.21939,0.677127,2892.06,4271.07,0.0,0.0,0.7078,1.0453,0.0,1,0.0369337434,3.2763014941,3.2647414176995033,Train
UMOYOM16_clean,7.63035,5.01799,6.05656,0.779987,2424.82,3108.79,0.0,0.0,0.664,0.851297,0.0,1,0.0431454666,3.3038197339,3.345710639249972,Train
UMOYOM17_clean,7.20985,4.99864,5.97659,0.754372,2435.06,3227.93,0.0,0.0,0.675,0.894784,0.0,1,0.0397342906,2.9798617818,3.2381839600063147,Test
UMOZUT_clean,10.2026,5.23269,10.2026,0.576016,2921.2,5071.38,0.0,0.0,0.7524,1.30621,0.0,1,0.0303559934,2.7911881091,2.710098719069157,Test
UMUBAH_clean,10.24236,5.23581,10.24236,0.576725,2914.77,5054.0,0.0,0.0,0.7536,1.30669,0.0,1,0.0304840778,2.8044005035,2.71289147628268,Test
UMUBEL_clean,10.43104,5.29557,10.43104,0.565681,2914.18,5151.62,0.0,0.0,0.7596,1.34281,0.0,1,0.0294101397,2.7147217459,2.6754735483443897,Train
UMUBIP_clean,11.2434,5.32116,11.2434,0.544527,2831.33,5199.61,0.0,0.0,0.7672,1.40893,0.0,1,0.0278534221,2.5696579972,2.5720415779231485,Train
UMUBOV_clean,10.36323,5.21129,10.36305,0.581505,2938.31,5052.94,0.0,0.0,0.7516,1.29251,0.0,1,0.0317156582,2.8528689392,2.8514909869518528,Test
UMUXEG_clean,9.49806,8.4757,9.49806,2.20878,1092.16,494.464,0.0,0.0,0.5272,0.238684,0.0,1,0.0052495387,0.4664455434,0.5058307759701484,Train
UNADIX_clean,6.75931,3.87519,6.75562,1.24165,1862.26,1499.83,0.0,0.0,0.6188,0.498371,0.0,0,0.0553690462,3.5233446428,3.4883265836816415,Test
UNAGOH_clean,6.96079,6.02919,6.95596,0.981792,1984.33,2021.13,0.0,0.0,0.6686,0.681,0.0,1,0.0322293878,2.7926581026,2.602030697567821,Train
UNAGUN_clean,6.99295,6.04603,6.99295,0.980411,1997.43,2037.34,0.0,0.0,0.6572,0.670331,0.0,1,0.0326593932,2.8452563717,2.6711586191786987,Train
UNECOH_clean,8.18788,6.9765,8.18788,1.09192,2032.27,1861.19,0.0,0.0,0.6216,0.569271,0.0,1,0.0257522505,2.1980665804,2.1357261252506916,Train
UNECUN_clean,8.22196,7.00638,8.21981,1.18297,2033.93,1719.35,0.0,0.0,0.6502,0.549636,0.0,1,0.0280871384,2.3064294535,2.27122816106795,Test
UNIMAG_clean,7.62122,4.89032,7.61772,1.27361,1516.85,1190.98,7.98461,6.26926,0.5702,0.447703,0.0,1,0.0094496427,0.860195872,0.8442168924547664,Train
UNUNEY_clean,34.00674,17.63763,34.00674,0.237838,1109.56,4665.2,0.0,0.0,0.9182,3.86062,0.0,1,0.0185572991,1.8247188052,1.8355868219701437,Train
UPIBOM_clean,6.9638,6.58355,6.9638,1.56774,1538.59,981.409,0.0,0.0,0.5776,0.368429,0.0,0,0.0264901894,1.9013080637,1.9210697277748663,Train
UQEGII_clean,7.86584,3.91024,7.82641,1.73651,1232.93,710.003,0.0,0.0,0.5438,0.313156,0.0,1,0.003130812,0.2973266423,0.2851935903259626,Train
UQERIT_clean,4.88677,3.80399,4.88677,1.1967,1362.48,1138.53,0.0,0.0,0.5566,0.465112,0.0,0,0.068503708,3.3346982199,3.305369135096041,Train
UQOWUU_clean,5.90125,3.62484,5.90125,1.49858,1462.39,975.848,0.0,0.0,0.5542,0.369817,0.0,1,0.0238337898,1.6651340599000002,1.6935182526570902,Train
UQOYOP_clean,5.62402,4.63088,5.62402,1.0296,1173.78,1140.03,0.0,0.0,0.5218,0.506796,0.0,0,0.0591103863,3.0997064619,2.946150885002357,Test
UQULAU_clean,7.2826,3.59407,7.2826,0.863333,1569.2,1817.6,0.0,0.0,0.6162,0.713745,0.0,1,0.0268812044,2.1386347059,2.2197195357113997,Train
URENEM_clean,8.53899,7.85329,8.41522,0.74811,2058.38,2751.44,0.0,0.0,0.7178,0.959485,0.0,1,0.0295102207,2.6090649995,2.4811689653144717,Test
UREVIY_clean,4.97933,3.80174,4.64142,1.58439,1154.53,728.69,0.0,0.0,0.5098,0.321764,0.0,1,0.0308039706,1.7394371273,1.8300616493377595,Test
UREVOE_clean,4.98141,3.80725,4.69195,1.62966,1156.15,709.443,0.0,0.0,0.5054,0.310125,0.0,1,0.0298390129,1.7111783422,1.728182827802482,Train
URUVUA_clean,9.76128,4.51984,9.76128,1.07567,2198.26,2043.62,0.0,0.0,0.6792,0.631422,0.0,1,0.0246645082,1.7135151941,2.04540949832382,Test
URUWEL_clean,9.27008,8.60913,9.21935,1.12073,1091.29,973.727,41.1176,36.688,0.5796,0.517161,0.0,1,0.0088343183,0.8176341547,0.7806870268020687,Train
URUWIP_clean,8.03408,7.13721,8.03408,1.22198,1033.12,845.441,0.0,0.0,0.5468,0.447469,0.0,1,0.0102193266,0.8991774947,0.8619266277134405,Train
USAWIW_clean,8.66526,5.94328,8.64173,1.00954,1665.76,1650.02,0.0,0.0,0.6018,0.596112,0.0,0,0.0198307572,1.6645895033000002,1.6520412916540084,Train
USEVOF_clean,9.78266,6.59544,9.77545,1.19807,1982.01,1654.33,0.0,0.0,0.6746,0.563072,0.0,1,0.0323065825,1.8120234587,2.22491283272249,Test
USIRUL_clean,4.36706,3.58238,4.17257,1.44082,204.986,142.27,0.0,0.0,0.3816,0.264849,0.0,0,0.0349238765,0.960985387,1.0502052360201661,Train
USISEW_clean,4.41857,3.83614,4.34351,1.41445,243.314,172.02,0.0,0.0,0.4008,0.28336,0.0,1,0.0439778539,1.0361951758,1.1703842914274034,Test
USORUR_clean,6.75938,5.44409,6.68952,0.77718,2490.53,3204.57,0.0,0.0,0.705,0.907126,0.0,1,0.0354935304,2.9551314444,3.0484754891652885,Train
USOXEH_clean,5.26933,4.60511,5.26933,1.1789,1588.69,1347.6,0.0,0.0,0.5772,0.489609,0.0,1,0.0253083947,1.8856006913,1.888736900974443,Train
USUBUG_clean,5.38089,5.04943,5.38089,1.1373,1931.44,1698.26,0.0,0.0,0.635,0.558338,0.0,0,0.0350398138,2.4253233878,2.5501818111212167,Train
USUPUV_clean,5.56088,3.62011,5.55354,1.39664,1062.12,760.484,0.0,0.0,0.503,0.36015,0.0,1,0.0055647156,0.4804338099,0.5195626175263268,Train
USUVIP_clean,7.94489,4.42991,7.94489,1.30315,1252.83,961.391,0.0,0.0,0.5286,0.405634,0.0,1,0.0220968625,1.5701481393,1.5321878629896395,Train
USUWUC_clean,6.42663,5.71174,6.42663,1.58208,1915.35,1210.65,0.0,0.0,0.6074,0.383924,0.0,0,0.0409328764,2.798958285,2.6582777395656385,Test
UTACOJ_clean,10.00482,8.08324,10.00482,1.1027,1897.31,1720.61,0.0,0.0,0.673,0.610321,0.0,1,0.0119839979,0.9919457714,1.0481684764645594,Train
UTACUP_clean,7.57859,3.49654,7.57859,1.1652,1628.8,1397.88,0.0,0.0,0.6024,0.516994,0.0,1,0.0140901481,1.2328163937,1.2766419280811683,Test
UTADIE_clean,5.9737,4.97659,5.79418,1.5664,1976.27,1261.66,0.0,0.0,0.6122,0.390833,0.000127682,1,0.0141227305,1.2262385483,1.182165785495115,Test
UTELIQ_clean,6.45449,5.48487,6.42215,0.86074,1771.9,2058.57,0.0,0.0,0.608,0.706369,0.0,1,0.0631951056,3.9872917541,3.5238574048781537,Test
UTEMAJ_clean,8.09581,6.09927,8.09581,0.734825,2275.05,3096.04,0.0,0.0,0.6682,0.909332,0.0,1,0.0361264108,2.9937822232,3.016933841537857,Train
UTEWOG_clean,14.59149,9.55269,14.59149,0.752086,1312.92,1745.71,424.373,564.261,0.7204,0.957869,0.0,1,0.0369983309,2.907113957,2.499734055943528,Test
UTEXIB_clean,6.29693,3.9636,6.29186,1.00241,1350.02,1346.77,59.1211,58.9791,0.5926,0.591177,0.0,0,0.0373136245,2.5598909067,2.542444961042576,Train
UTOCAJ_clean,6.32412,4.71832,6.32412,1.02969,1479.29,1436.63,0.0,0.0,0.5216,0.506558,0.0,1,0.0485712178,3.1283310443,3.019686202126419,Train
UTOCEN_clean,6.30527,4.82361,6.30527,1.02298,1494.45,1460.88,0.0,0.0,0.5268,0.514966,0.0,1,0.0482544672,3.1175817642,3.0107727181813813,Train
UTULIF_clean,4.41246,3.54295,4.40979,1.75943,1064.28,604.898,0.0,0.0,0.5628,0.319876,0.0,0,0.055495457,2.6252138257,2.616812262489768,Train
UTULUR_SL_part,7.64843,6.25721,7.64843,1.71749,808.319,470.64,196.079,114.166,0.5024,0.29252,0.0,0,0.0918515562,2.818370222,2.7635949499031827,Train
UVANOW_clean,7.79568,5.2994,7.79517,0.823227,2568.33,3119.83,0.0,0.0,0.6984,0.848369,0.0,1,0.0292116271,2.3513895957,2.511388099745368,Train
UVANUC_clean,4.85728,3.61043,4.47871,1.46742,436.6,297.529,393.627,268.244,0.5082,0.346323,0.0,1,0.0449749065,2.5801796668,2.4700253483950174,Train
UVEVAT_clean,5.06012,3.86427,5.04389,0.990442,2050.94,2070.73,0.0,0.0,0.6266,0.632647,0.0,0,0.046679748,3.4678035607,3.4873748698154765,Train
UVEVUN_clean,13.08634,6.53433,13.08634,0.765991,2243.91,2929.42,0.0,0.0,0.7048,0.920115,0.0,1,0.0310068568,2.678236613,2.565150600968149,Train
UVINAP_clean,4.33279,3.86236,4.33279,1.23597,436.504,353.166,0.0,0.0,0.445,0.36004,0.0,0,0.0205985233,1.1690600652,1.2453908291774765,Test
UVIPIZ_clean,13.16154,6.50431,13.16154,0.868575,2146.52,2471.31,0.0,0.0,0.7192,0.828023,0.0,1,0.0283720048,1.9823958219,2.066973242222791,Train
UVIPOF_clean,13.17946,6.58449,13.17946,0.87003,2145.41,2465.9,0.0,0.0,0.7218,0.829627,0.0,1,0.0287920988,2.0039934838,2.0737787252882396,Train
UVOBUE_clean,6.22291,4.39102,6.19993,2.12393,1051.93,495.275,0.0,0.0,0.5032,0.236919,0.0,1,0.0051338398,0.4497464804,0.4244933551843424,Train
UVOTOQ_clean,11.52321,9.17095,11.02494,1.0394,1689.27,1625.24,0.0,0.0,0.6776,0.651916,0.0,1,0.0233849762,1.9082890899,1.8777027988948625,Test
UVUDUM_clean,7.11279,4.8596,7.11279,1.37449,836.385,608.506,0.0,0.0,0.489,0.355769,0.0,1,0.0077909562,0.6673670792,0.627916623179418,Train
UVUFUN_clean,5.451,3.54467,5.41568,1.01248,1767.35,1745.57,0.0,0.0,0.5884,0.581148,0.0,1,0.0589876104,3.4110921264,3.4920953359704185,Train
UVUQAE_clean,5.89761,4.70396,5.31275,1.14377,1514.01,1323.7,0.0,0.0,0.5466,0.477894,0.0,1,0.0543657586,2.8585599623,2.8881840800505643,Test
UVUWAL_clean,5.70984,4.07494,5.63813,1.12706,1693.32,1502.42,0.0,0.0,0.5456,0.484089,0.0,0,0.0689101421,3.8194525263,3.753272082982849,Train
UWALEL_clean,8.57419,8.06777,8.57419,0.978062,1809.81,1850.4,0.0,0.0,0.611,0.624705,0.0,1,0.0354418207,2.4040862597,2.587390686061726,Test
UWELIS_clean,5.99371,4.57547,5.83222,0.952092,2140.18,2247.87,0.0,0.0,0.6406,0.672834,0.0,1,0.0665419986,4.3638709569,4.274114860228369,Train
UWODAN_clean,6.59983,5.06853,6.59196,1.38828,1109.99,799.546,13.7879,9.93166,0.5174,0.372693,0.0,1,0.0198751926,1.4018563112,1.3969944491043345,Test
UWOWAF_clean,5.4452,4.14635,5.44512,1.16308,1303.91,1121.08,0.0,0.0,0.5534,0.475804,0.0,1,0.0581709527,2.8642307129000004,2.904809787988711,Test
UWUKII_clean,9.32796,8.05126,9.01112,0.931594,1638.77,1759.1,0.0,0.0,0.6392,0.686136,0.0,1,0.0259185068,1.9925374497,2.135168232112019,Test
UWUTIQ_clean,6.1259,4.66623,6.123,1.0094,1933.04,1915.04,0.0,0.0,0.5992,0.59362,0.0,0,0.0623738721,3.5881204296,3.592735513061391,Train
UXABOL_clean,5.3893,5.04349,5.3893,1.74291,842.153,483.187,0.0,0.0,0.4972,0.28527,0.0,1,0.003946964,0.3579813578,0.33089168141258285,Train
UXABUR_clean,5.25063,5.01707,5.2326,1.46007,406.574,278.462,0.0,0.0,0.4604,0.315327,0.0,1,0.0027334311,0.2223659328,0.2174102661285695,Train
UXAXEY_clean,6.18002,3.46612,6.18002,1.398,1132.15,809.836,0.0,0.0,0.5144,0.367953,0.0,1,0.0444472166,2.0698798976,2.1492149009804224,Train
UXINAR_clean,5.3735,3.82354,5.35038,1.67875,1280.4,762.706,0.0,0.0,0.585,0.348473,0.0,1,0.0327790099,1.8021477621,1.9178248274761975,Test
UXIQOJ_clean,7.1779,7.04787,7.1779,1.13503,1629.42,1435.57,0.0,0.0,0.592,0.521571,0.0,0,0.0346732949,2.8333454543000003,2.919043295913967,Test
UXISUR_clean,13.20708,6.69761,13.19407,0.878357,2102.35,2393.51,0.0,0.0,0.7182,0.817663,0.0,1,0.0373284119,2.2302663751,2.2194422097443356,Train
UXUNUX_clean,7.36512,5.79316,6.13107,0.678518,2356.29,3472.7,0.0,0.0,0.6988,1.02989,0.0,1,0.0316083242,2.8252924633,2.814812314588403,Train
UXUPEJ_clean,7.33818,5.78241,6.14442,0.675641,2374.29,3514.13,0.0,0.0,0.7026,1.0399,0.0,1,0.0322837601,2.8506909332,2.8360600573568813,Test
UXUPIN_clean,7.3374,5.72246,6.07377,0.669934,2447.15,3652.82,0.0,0.0,0.7066,1.05473,0.0,1,0.0310908363,2.8440591913,2.7490671126445108,Test
UXUZAP_clean,4.84101,3.60752,4.82729,1.24118,1063.95,857.212,0.0,0.0,0.542,0.436681,0.0,0,0.0800044168,2.6786217185,2.9254639475484527,Train
UYAQAN_clean,7.19018,5.3716,7.19018,1.13147,742.019,655.8,0.0,0.0,0.4556,0.402661,0.0,0,0.0132008875,0.9680576269,0.9761243604802075,Train
UYOFIY_clean,4.54158,3.74063,4.4159,1.84541,1216.19,659.037,0.0,0.0,0.4962,0.268884,0.0,1,0.0448842809,2.1448757493,2.2260069780461924,Train
UZANOZ_clean,5.69712,4.77135,5.69535,1.53417,1383.93,902.072,0.0,0.0,0.5298,0.345334,0.0,1,0.0215145608,1.5052369118,1.5359980194194809,Test
UZATAR_clean,4.70366,3.77441,4.70214,2.20784,876.761,397.113,0.0,0.0,0.4486,0.203185,0.0,1,0.0150899275,0.9569278958,0.922594311342191,Test
UZEKEQ_clean,4.76828,3.67807,4.76182,1.66742,847.636,508.351,0.0,0.0,0.4118,0.246968,0.0,1,0.0127004431,0.8449652625,0.8403260836938673,Train
UZIJUJ_clean,6.64538,5.8584,6.63953,1.01975,1889.57,1852.97,0.0,0.0,0.5996,0.587987,0.0,0,0.0383868795,2.752741779,2.915370937769902,Test
UZOBAN_clean,6.16935,4.44214,6.16935,0.864572,2160.34,2498.74,0.0,0.0,0.6496,0.751355,0.0,1,0.0392267565,3.069980691,3.0082331529293933,Train
UZOBER_clean,4.15957,3.7187,4.14785,1.30213,762.369,585.479,74.3878,57.1279,0.576,0.442353,0.0,0,0.0133067599,1.0165965357,0.9866364765429488,Test
UZUNAF01_clean,7.28303,6.53777,7.28303,1.26957,1027.84,809.6,0.0,0.0,0.5124,0.403601,0.0,0,0.0124483398,1.0111443195,1.003682056415441,Test
UZUNAF_clean,7.30425,6.5808,7.30425,1.26614,1045.59,825.812,0.0,0.0,0.4964,0.392058,0.0,0,0.0121636004,1.0041583266,1.0133442270424822,Test
UZUZUL_clean,4.89079,3.61553,4.62488,1.24739,1059.33,849.24,0.0,0.0,0.5482,0.439477,0.0,1,0.1314568336,4.095136113500001,4.019529003746349,Train
VABJIS_clean,4.14214,4.05323,4.14214,1.37391,738.742,537.692,0.0,0.0,0.5042,0.366981,0.0,0,0.0304753642,1.8062097799,1.7579803472677091,Train
VACFOV_clean_h,7.04016,6.80377,7.04016,0.930569,2533.92,2722.98,0.0,0.0,0.6628,0.712252,0.0,0,0.0688955395,3.8811369867,4.056852951419424,Train
VACFUB01_clean,8.53124,8.3704,8.53124,1.18192,1047.12,885.95,0.0,0.0,0.5384,0.455532,0.0,0,0.0159787749,1.4033204275,1.273782744237784,Test
VACFUB_clean_h,8.50715,8.34107,8.50715,1.18054,1091.35,924.448,0.0,0.0,0.5186,0.439291,0.0,0,0.0142131247,1.2636707799,1.1783153574746024,Test
VACLIX_clean,25.84424,11.11801,22.64252,0.527457,1593.04,3020.23,0.0,0.0,0.8434,1.59899,0.000379178,1,0.0147105488,1.3647350753999998,1.411447284375046,Train
VADWON_clean,4.24405,3.53009,4.22084,1.10757,515.209,465.173,34.0376,30.7319,0.4648,0.419659,0.0,0,0.0244020925,1.4350778119999998,1.4416799802439564,Train
VAFWAB_clean,5.22912,3.96499,5.18849,1.68714,1215.2,720.275,0.0,0.0,0.594,0.352075,0.0,1,0.0421271427,2.1504607324,2.1027205800162196,Test
VAGBEN_clean,6.05449,4.8127,6.05449,1.78797,959.833,536.829,0.0,0.0,0.4822,0.269692,0.0,1,0.0138296534,0.9454044163,0.9276445349362725,Test
VAGBOX_clean,5.4847,3.8221,5.12718,1.96889,508.317,258.175,0.0,0.0,0.435,0.220937,0.0,1,0.0111228376,0.6869763329999999,0.6432231922523959,Test
VAGBUD_clean,10.23495,9.48231,10.23335,1.57268,1211.54,770.363,0.0,0.0,0.5868,0.37312,0.0,1,0.0127933219,0.9127742701,0.9266620183667265,Train
VAGJET_clean,4.15802,3.46053,4.1496,2.48318,463.195,186.533,0.0,0.0,0.361,0.145378,0.0,1,0.0140144291,0.7472383428,0.7926452069619958,Test
VAGMAT_clean,14.92091,13.26042,14.92091,0.364732,1875.05,5140.9,0.0,0.0,0.86,2.3579,0.0,1,0.0205636236,1.9864942076,1.9562963876676316,Test
VAGMEX_clean,15.28058,14.48863,15.28058,0.352218,1827.73,5189.2,0.0,0.0,0.863,2.45019,0.0,1,0.0215941738,1.9989555739,2.0518540563560146,Test
VAGTAA01_clean,5.66319,4.40941,5.66319,0.999593,1775.32,1776.04,0.0,0.0,0.611,0.611249,0.0,1,0.0454974593,3.2263847486,3.1068875583142805,Train
VAGTAA_clean,5.69119,4.40372,5.677,0.872253,1821.29,2088.03,0.0,0.0,0.638,0.731439,0.0,1,0.0327501064,2.6137168352,2.5530244441346075,Train
VAGTUU_clean,6.4105,3.89316,6.4105,1.19065,828.698,696.007,460.809,387.025,0.5728,0.481084,0.0,1,0.0660145782,3.0380511379,3.072489817450077,Train
VAHJEW_clean,5.94599,4.30466,5.94599,1.08689,1479.94,1361.63,0.0,0.0,0.5432,0.499775,0.0,0,0.0492980642,2.6322778049,2.744334601255498,Train
VAHJIA_clean,4.59496,3.72145,4.53376,1.21451,948.028,780.582,0.0,0.0,0.4972,0.409382,0.0,0,0.0582496493,2.0174440932,2.6827390847884858,Test
VAHPUR_clean,5.81668,4.4159,5.81214,1.29937,901.437,693.751,0.0,0.0,0.489,0.376337,0.0,1,0.0277016225,1.3943855431,1.5070294389968324,Test
VAHQAY_clean,5.75711,4.40654,5.75688,1.31802,917.051,695.781,0.0,0.0,0.4754,0.360693,0.0,1,0.0283681092,1.3866531443,1.5095044402508586,Train
VAHSON_clean,5.15227,4.26145,5.12644,2.34175,976.447,416.973,0.0,0.0,0.4326,0.184733,0.0,0,0.2977214848,2.6822156024,2.7240914411325727,Train
VAHTOQ_clean,6.66297,4.23051,6.65497,1.06844,1185.87,1109.9,0.0,0.0,0.5198,0.486502,0.0,1,0.0379337505,2.1372291119,2.261461418765518,Test
VAHTUW_clean,9.85702,7.76622,8.65886,1.09206,1071.39,981.073,0.0,0.0,0.5342,0.489167,0.0,1,0.0173484746,1.1979282522,1.3465709467435367,Test
VAHVOR_clean,6.3986,4.82003,6.3986,1.14511,2295.95,2005.01,0.0,0.0,0.6334,0.553137,0.0,1,0.0350501541,2.5307134759,2.6110199331397372,Test
VALVAI_clean,6.23826,4.86854,6.23826,1.64521,1240.0,753.701,0.0,0.0,0.5196,0.315826,0.0,1,0.0407164084,1.9796160708,2.011492964965549,Train
VALVIQ_clean,5.21348,4.28071,5.21348,1.82071,1261.82,693.039,0.0,0.0,0.5078,0.278902,0.0,1,0.021259729,1.3540818391,1.3541646383469792,Test
VALWUD_clean,10.17237,6.1037,8.0425,0.867774,1499.07,1727.49,576.042,663.816,0.6792,0.782692,0.0,1,0.0248775329,2.2334185773,2.254301594001128,Train
VALXAK_clean,9.98876,6.23965,8.39165,0.742505,1487.88,2003.86,574.813,774.154,0.69,0.929286,0.0,1,0.031077105,2.8089997295,2.81980810662089,Test
VALXEO_clean,9.6783,6.73158,8.21464,0.83384,1503.01,1802.51,543.478,651.776,0.6804,0.815983,0.0,1,0.024258435,2.1503836132,2.193878465955095,Train
VALXIS_clean,10.17011,5.92824,8.44426,0.888503,1485.32,1671.71,572.74,644.613,0.6916,0.778388,0.0,1,0.0261420448,2.3078013999,2.332118216202511,Train
VALXOY_clean,10.47061,5.58858,8.23634,0.777087,1484.63,1910.51,601.467,774.002,0.6808,0.876093,0.0,1,0.0353268579,3.1029821144,2.902600802989722,Test
VAMPUX_clean,11.37157,10.81985,11.3699,1.17979,1541.06,1306.22,0.0,0.0,0.6462,0.547726,0.0,1,0.0181119204,1.6646155707,1.6383171238451997,Train
VAMQAE_clean,7.70786,5.78406,7.70755,1.38137,1401.32,1014.44,0.0,0.0,0.5594,0.404959,0.0,0,0.0073492055,0.6651415989,0.7000871929577284,Train
VAMQIM_clean,11.48256,10.83475,11.48089,1.17217,1544.63,1317.75,0.0,0.0,0.6478,0.55265,0.0,1,0.0173621914,1.6174512075999998,1.59278221059387,Test
VAMQOS_clean,11.49062,10.84702,11.48896,1.17541,1553.24,1321.44,0.0,0.0,0.6476,0.550957,0.0,1,0.0175910279,1.6200423137,1.6263187322624002,Test
VANHEA_clean,8.56369,6.00066,8.56369,0.853114,2214.19,2595.42,0.0,0.0,0.6496,0.761445,0.0,1,0.0338994447,2.6503478296000003,2.652463771391684,Test
VANNEG_clean,11.28278,7.20114,10.99968,0.910221,2188.91,2404.81,0.0,0.0,0.7194,0.790358,0.0,1,0.0150053176,1.4007341321,1.3472294687986,Train
VANNIK_clean,12.11733,10.70076,12.11733,0.488133,1807.7,3703.29,0.0,0.0,0.8496,1.74051,0.0,1,0.0127036675,1.241007852,1.1991115773952938,Train
VAPBEV_clean,6.2413,3.63671,6.2413,1.10537,871.132,788.092,165.749,149.949,0.5168,0.467536,0.0,0,0.083275182,2.3075099639,2.370415196237682,Train
VAPBIZ_clean,6.25794,3.6162,5.25123,1.10539,876.554,792.979,162.666,147.157,0.5196,0.470059,0.0,0,0.0883780727,2.32889838,2.37455229684385,Train
VAPFUP_clean,5.15651,3.56832,5.15424,2.0755,483.988,233.191,0.0,0.0,0.4372,0.210648,0.0,1,0.0151247008,0.7044896633,0.7924319569402465,Train
VAPHOM_clean,4.23153,3.44235,4.23153,1.69156,935.756,553.19,0.0,0.0,0.5808,0.343351,0.0,0,0.0501493422,2.4782799261000004,2.437128539481742,Train
VAQTUF_clean,10.13522,6.68232,9.92269,0.858555,1863.51,2170.52,0.0,0.0,0.6104,0.710962,0.0,0,0.036218747,2.7260245461,2.5713698314957987,Train
VARHIH_clean,6.67359,4.11194,6.66829,0.964951,2096.06,2172.19,0.0,0.0,0.6192,0.641691,0.0,0,0.0435802434,3.6053608773,3.2756626803367963,Test
VARJEF_clean,7.50874,4.26843,7.47113,0.807576,2145.36,2656.54,0.0,0.0,0.6264,0.775655,0.0,0,0.0459627452,3.8245088449,3.5588259836616487,Test
VARWOC_clean,8.41083,6.51113,8.31612,1.24989,2285.05,1828.2,0.0,0.0,0.6966,0.55733,0.0,1,0.006035259,0.5821557246,0.6075125950208422,Train
VARWUI_clean,8.3742,6.48381,8.29614,1.28778,2247.33,1745.13,0.0,0.0,0.6946,0.53938,0.0,1,0.0059813849,0.5762537492,0.5901245583513826,Train
VASFAZ_clean,5.87532,4.55866,5.87532,1.54574,1464.11,947.192,0.0,0.0,0.5206,0.336796,0.0,1,0.0154598224,1.2109842164,1.2449093212494615,Train
VASFED_clean,5.86586,4.56127,5.86586,1.56054,1486.93,952.828,0.0,0.0,0.5192,0.332705,0.0,0,0.0156591764,1.2265718638,1.2342104351129621,Train
VASFIH_clean,5.55628,5.01575,5.54452,1.55799,1392.72,893.922,0.0,0.0,0.5596,0.359181,0.0,0,0.0110138196,0.905481402,0.8948131578293026,Train
VASFON_clean,5.84482,4.53722,5.84482,1.58678,1481.54,933.678,0.0,0.0,0.517,0.325818,0.0,0,0.0154461779,1.2320166342,1.2191971293990473,Train
VASFUT_clean,5.82317,4.52383,5.82317,1.64203,1481.82,902.431,0.0,0.0,0.511,0.311201,0.0,0,0.0160419414,1.231951017,1.220787673758596,Test
VASGUU_clean,6.24288,4.56068,6.2408,1.07396,2025.67,1886.18,0.0,0.0,0.6304,0.586989,0.0,1,0.050409184,3.3252682028,3.264347034900741,Train
VASKOR_clean,4.41725,4.15949,4.41175,1.15817,1130.8,976.371,0.0,0.0,0.53,0.45762,0.0,0,0.0323449559,2.0003333661,2.189416915931517,Test
VATVIY_clean,6.85041,4.79302,6.73681,1.28666,1128.63,877.177,0.0,0.0,0.517,0.401816,0.0,1,0.0123854843,1.0100206197,0.943734308148128,Train
VATVOE_clean,6.86024,4.81417,6.53187,1.27918,1131.8,884.793,0.0,0.0,0.5156,0.403072,0.0,1,0.0120589696,0.9836286968,0.9401709769497194,Test
VATVUK_clean,4.75369,3.54535,4.74028,1.35574,615.159,453.744,0.0,0.0,0.4098,0.30227,0.0,0,0.0211491115,1.2361156013,1.170841015699701,Train
VATXEU_clean,7.38612,5.95802,7.38612,2.25172,1314.88,583.946,0.0,0.0,0.537,0.238485,0.0,0,0.0113313462,0.8562257501999999,0.9299776692313735,Train
VATYAR_clean,5.8425,4.85588,5.8425,1.4789,2001.31,1353.25,0.0,0.0,0.6196,0.418961,0.0,1,0.013102375,1.1131635986,1.1437644885812586,Train
VATYEV_clean,5.69723,4.67285,5.69723,1.60096,1965.06,1227.43,0.0,0.0,0.61,0.381022,0.0,1,0.0137080195,1.1605627011,1.1147516604320689,Train
VATYIZ_clean,5.77973,4.6993,5.77973,1.51124,2028.88,1342.53,0.0,0.0,0.6162,0.407745,0.0,1,0.0137796915,1.1826556228,1.160381626187599,Train
VATYOF_clean,5.86599,4.67382,5.86599,1.53817,2040.49,1326.58,0.0,0.0,0.622,0.404378,0.0,1,0.0121644609,1.0637943504,1.0223639444785628,Train
VAXMUF_clean,6.97885,4.73882,6.97885,0.91747,1247.84,1360.09,0.0,0.0,0.5948,0.648304,0.0,1,0.019874255,1.5845475299,1.5740557001594184,Test
VAXTEV_clean,6.86582,3.53622,6.72322,1.11335,919.514,825.896,6.20036,5.56908,0.527,0.473345,0.0,1,0.016103536,1.2558061921,1.2382607142388333,Test
VAZROF_clean,5.03461,4.5915,5.03461,1.23766,828.566,669.464,0.0,0.0,0.453,0.366014,0.0,0,0.0648188942,2.278969118,2.228598827261575,Train
VAZTOG_clean,15.08014,7.93969,15.07583,0.589901,2233.7,3786.57,0.0,0.0,0.8002,1.3565,0.0,0,0.0155604665,1.5273040288,1.5133503661517682,Train
VAZTUM_clean,15.07409,7.93508,15.07409,0.591689,2246.58,3796.89,0.0,0.0,0.8116,1.37167,0.0,0,0.015790789,1.5438385464,1.5086189620491866,Test
VEBHUG_SL,17.30249,9.82354,17.30249,0.511068,1917.15,3751.27,0.0,0.0,0.8468,1.65692,0.0,0,0.0183483069,1.7649077941999998,1.6941612772219012,Train
VECWUX_clean,5.40728,3.62986,4.72861,1.2151,591.936,487.152,249.544,205.37,0.5232,0.430584,0.0,1,0.041409959,1.8452505175,2.0035659475499012,Test
VECZAG_clean,9.10711,7.36025,9.10711,1.61302,1710.75,1060.59,0.0,0.0,0.6522,0.404334,0.0,1,0.0069576,0.6436283679,0.6175599678683248,Train
VECZEI_clean,5.84999,3.52276,5.84999,0.90542,1514.07,1672.22,0.0,0.0,0.6422,0.709284,0.0,0,0.0118609312,1.0387226372,1.0931216184800818,Test
VECZEK_clean,9.28653,7.43469,9.28653,1.34679,1798.64,1335.5,0.0,0.0,0.6836,0.507577,0.0,1,0.0079138934,0.762402445,0.726101942314574,Train
VEDFAN_clean,6.01158,4.07874,6.00756,1.03866,1741.67,1676.84,0.0,0.0,0.5802,0.558605,0.0,0,0.0398765102,2.7091232049,2.7315650604324015,Train
VEDFIV_clean,5.7298,3.89416,5.70244,1.06894,1581.69,1479.68,0.0,0.0,0.5684,0.531742,0.0,0,0.0408609643,2.6094730874,2.711653756901444,Train
VEDFOB_clean,5.93857,4.06358,5.90891,1.05075,1647.57,1567.99,0.0,0.0,0.5592,0.532191,0.0,0,0.041322601,2.6567335597,2.6893264598705713,Test
VEDFUH_clean,5.95596,4.00314,5.95596,1.05093,1663.77,1583.13,0.0,0.0,0.5708,0.543136,0.0,0,0.0376751151,2.5789171886,2.5682488824820755,Train
VEDGAO_clean,5.63762,3.83278,5.54473,1.07445,1555.4,1447.63,0.0,0.0,0.5576,0.518962,0.0,0,0.0392969615,2.5427081871,2.5441752612433963,Train
VEDGES_clean,5.91912,4.12997,5.83809,1.04225,1662.62,1595.23,0.0,0.0,0.5592,0.536534,0.0,0,0.0390544632,2.6322312195,2.6304863749840868,Train
VEDGIW_clean,5.91757,4.12403,5.88473,1.04313,1656.13,1587.65,0.0,0.0,0.5804,0.556402,0.0,0,0.0396306748,2.6121283326,2.666928862365936,Test
VEGBUG_clean,26.2956,9.06734,26.2956,0.576598,1786.71,3098.71,0.0,0.0,0.8298,1.43913,0.000346862,1,0.0161624176,1.5491076944,1.5530286293415019,Test
VEGCAN_clean,26.23164,8.97115,26.23164,0.749461,1794.02,2393.75,0.0,0.0,0.8278,1.10453,0.000266859,1,0.0127639813,1.210835073,1.144137647369405,Train
VEHJID01_clean,8.78437,6.6937,8.25223,0.765372,2471.66,3229.36,0.0,0.0,0.7812,1.02068,0.0,1,0.0156866029,1.4778943838,1.5070027703083697,Train
VEHJOJ_clean,14.09924,6.85678,11.19448,0.748313,2267.56,3030.24,0.0,0.0,0.7708,1.03005,0.0,1,0.0183706683,1.7700421608,1.6893764035823444,Test
VEHJUP_clean,14.28068,6.83408,11.22906,0.743695,2268.42,3050.2,0.0,0.0,0.7746,1.04156,0.0,1,0.0182066303,1.74692713,1.6924932245338564,Test
VEHKIE_SL,13.77124,4.50888,13.77124,0.959384,2184.49,2276.97,0.0,0.0,0.6924,0.721713,0.0,1,0.033496601,2.6745147031,2.6286463521713337,Test
VEHLAW_clean,4.71553,3.44976,4.62826,1.6429,1000.4,608.925,0.0,0.0,0.6102,0.371417,0.0,0,0.0621069603,2.6536558024,2.60612448184931,Train
VEHLIE_clean,5.23023,3.70327,5.22427,1.49837,1455.04,971.08,0.0,0.0,0.63,0.420457,0.0,0,0.0509061535,2.5512804279,2.6523626951390575,Train
VEHPUU_clean,6.28215,5.72913,6.26507,1.2974,1101.09,848.689,0.0,0.0,0.5058,0.389856,0.0,1,0.008348536,0.7309147618,0.7314829013259216,Train
VEHRIL_clean,8.79809,4.02227,8.77595,1.10229,2192.07,1988.65,0.0,0.0,0.6908,0.626694,0.0,1,0.0108456258,1.0318653442,1.0184784069340014,Train
VEHXEN_clean,9.30754,7.04491,9.30754,1.35949,2124.85,1562.97,0.0,0.0,0.7316,0.538142,0.0,1,0.005981485,0.5763076928,0.5538112136943101,Train
VEHYUE_clean,6.12673,3.44814,6.105,1.87284,355.438,189.786,95.0653,50.7601,0.4804,0.256509,0.0,1,0.0039834355,0.3300351124,0.3160163608607818,Train
VEJHEZ_clean,15.05768,6.22214,9.48846,0.685711,2179.67,3178.7,0.0,0.0,0.7706,1.1238,0.0,1,0.0212498565,1.9324908817,1.9268457712424756,Test
VEJHID_clean,17.65342,7.8833,11.58918,0.646039,2104.35,3257.31,0.0,0.0,0.7972,1.23398,0.0,1,0.0155660547,1.5419592031,1.5109066284677237,Train
VEJYIT01_clean,6.55973,5.0687,6.54696,0.921332,2008.21,2179.68,0.0,0.0,0.6708,0.728076,0.0,0,0.0310663657,2.4192483713,2.498907724168151,Test
VEJYIT_clean,6.4229,5.28654,6.4229,0.928973,1988.07,2140.07,0.0,0.0,0.6702,0.721442,0.0,0,0.0317515093,2.4433393233,2.5391030446319056,Train
VEJYOZ_clean,8.47376,5.69683,8.47376,0.880009,2096.08,2381.88,0.0,0.0,0.6858,0.779311,0.0,0,0.0326578563,2.0911637975,2.6691980173985037,Test
VELVEO_clean,3.68255,3.48411,3.67149,1.93689,201.323,103.941,0.0,0.0,0.4778,0.246685,0.0,0,0.03940396,1.7158577852,1.6765550306449784,Train
VEMDAT_clean,5.87539,4.41454,5.87539,1.26001,982.755,779.959,0.0,0.0,0.5246,0.416346,0.0,1,0.0343059089,1.7584846169,1.8471486014041167,Train
VEMMAC_clean,7.0981,6.10195,7.04022,0.882251,2276.97,2580.86,0.0,0.0,0.6758,0.765995,0.0,1,0.0281044544,2.4437910554,2.4014088930248207,Test
VEMMEG_clean,7.14137,6.23055,7.14137,0.816125,2268.41,2779.48,0.0,0.0,0.6764,0.828795,0.0,1,0.0234679887,2.1479460830000003,2.1017098061858985,Train
VEMMIK_clean,14.01468,13.16757,14.01422,0.723032,1733.84,2398.01,0.0,0.0,0.741,1.02485,0.0,1,0.0131827602,1.2517207054,1.2228663878289763,Train
VEMMOQ_clean,8.8382,8.57859,8.83401,0.859762,1844.22,2145.04,0.0,0.0,0.7008,0.815109,0.0,1,0.0202936565,1.8912033103,1.7875847512184049,Test
VEMSUC01_clean,5.11588,3.68593,5.09821,1.26749,1347.57,1063.18,0.0,0.0,0.5488,0.432983,0.0,0,0.0497929663,2.7892685272000004,2.6679397636262205,Train
VEMSUC_clean,5.13248,3.64573,5.11696,1.27033,1309.23,1030.62,0.0,0.0,0.551,0.433745,0.0,0,0.0490099539,2.7597544771,2.610307335999208,Test
VEQBID_clean,6.52238,4.921,6.52175,1.46143,1501.88,1027.68,0.0,0.0,0.5412,0.370323,0.0,0,0.0085477803,0.7770482612999999,0.7705215191183179,Train
VERPOZ_clean,5.42382,3.86113,5.42382,1.28962,856.154,663.88,0.0,0.0,0.4412,0.342116,0.0,0,0.0382103209,1.6287692857,1.6949800834267466,Train
VETMIS_clean,17.23979,11.94779,17.22882,0.311959,1757.5,5633.74,0.0,0.0,0.8662,2.77664,0.0,1,0.0221697211,2.0893647484,2.111875016218632,Test
VETTOE_clean,6.62806,4.69762,5.65255,0.902784,2439.76,2702.49,0.0,0.0,0.6684,0.740376,0.0,1,0.0361627072,2.9613839578,2.982336092271387,Test
VEWKUF_clean,11.97194,10.54967,11.9427,0.470726,2101.15,4463.64,0.0,0.0,0.7866,1.67104,0.0,0,0.0232454958,2.0968400985,2.1155285934841404,Test
VEWLAM_clean,10.25798,6.23412,9.8049,0.70339,1968.06,2797.96,0.0,0.0,0.6656,0.946275,0.0,1,0.0216551822,1.898736597,1.9916490087626089,Test
VEWXAY_clean,5.90319,4.58543,5.60032,0.850194,2471.89,2907.44,0.0,0.0,0.6584,0.774411,0.0,1,0.0405709364,2.9883328432,3.2121433774033243,Train
VEXTUO_manual,8.87752,5.53782,8.86061,0.793323,2105.74,2654.33,0.0,0.0,0.6702,0.844801,0.0,0,0.0209229576,1.8179828497,1.8839829038785663,Test
VEXVAW_clean,9.7712,5.86323,9.7712,0.773292,2071.81,2679.21,0.0,0.0,0.6628,0.857115,0.0,0,0.0305090363,2.5814938299000003,2.537421617650739,Test
VEYVEC_clean,3.81592,3.45137,3.81592,1.45798,155.953,106.965,20.8457,14.2976,0.425,0.291499,0.0,1,0.0585502088,2.227123346,1.694950493101541,Test
VICDOC_clean,4.65057,4.08181,4.52458,1.14596,958.267,836.212,0.0,0.0,0.5148,0.44923,0.0,0,0.0720659789,2.8727225316000005,2.9409796135763355,Train
VICLAW_clean,7.38415,6.2427,7.38415,1.11891,1046.87,935.619,0.0,0.0,0.5352,0.478323,0.0,1,0.0118583347,0.9127445485,0.9692731019964121,Train
VICSIL_clean,5.30875,4.09789,5.30496,1.03603,1478.6,1427.18,0.0,0.0,0.565,0.545353,0.0,0,0.0349175609,2.2059276199,2.475100877583544,Test
VIDXOX_clean,6.16109,5.04479,6.14883,1.68509,1433.05,850.43,0.0,0.0,0.5712,0.338974,0.0,1,0.0092462663,0.8078199463,0.7743553505539023,Train
VIFBOD_clean,5.74056,4.35551,5.71651,1.76429,1367.25,774.956,0.0,0.0,0.5562,0.315255,0.0,1,0.0141438043,1.095913695,1.0740389110102102,Train
VILXOE_clean,5.3607,4.59016,5.36062,1.2053,1282.83,1064.32,0.0,0.0,0.529,0.438894,0.0,1,0.0457955496,2.4087244185,2.4352052462963303,Train
VIMRAM_clean,9.39066,7.30655,9.39066,1.12702,1893.97,1680.51,0.0,0.0,0.6384,0.56645,0.0,1,0.0232678268,1.95635537,1.9092801446853995,Test
VINHOR_clean,9.98256,7.27933,9.98256,0.808976,2165.4,2676.71,0.0,0.0,0.7268,0.898419,0.0,1,0.0093931157,0.9011220915,0.9311943458838017,Train
VIPYOK_clean,4.56016,3.89151,4.55758,1.54463,762.225,493.466,0.0,0.0,0.455,0.294568,0.0,1,0.0361946445,1.7562662700999998,1.7284417091655748,Test
VIQFIL_clean,7.52933,6.88879,7.52933,2.72981,1439.26,527.24,0.0,0.0,0.5772,0.211443,0.0,1,0.0034687034,0.3185488729,0.31245954710428836,Train
VIQQUJ_clean,4.62845,3.89522,4.6169,1.17508,1256.18,1069.02,0.0,0.0,0.532,0.452736,0.0,1,0.1000483271,3.7197755986,3.769107425194848,Train
VIRKIQ_clean,4.98641,4.39323,4.97616,1.53429,1079.28,703.439,0.0,0.0,0.512,0.333704,0.0,1,0.0279030864,1.6039970201,1.6393488704051764,Train
VIRPOC_clean,7.89373,4.43058,7.89373,1.31415,1678.47,1277.23,0.0,0.0,0.6094,0.463722,0.0,1,0.0182077226,1.5544466132,1.4821591492342312,Test
VIRQES_clean,3.96779,3.62056,3.96779,1.9401,482.244,248.567,0.0,0.0,0.419,0.215969,0.0,1,0.0172697002,1.0575535283,1.047668213518484,Train
VIRVEY_clean,7.24501,5.7858,6.68018,1.08742,2630.21,2418.77,0.0,0.0,0.715,0.65752,0.0,1,0.0165790878,1.4977875431999998,1.4882943440810326,Test
VIRXIF_clean,6.07104,5.56303,6.07104,1.4189,1653.8,1165.55,0.0,0.0,0.5644,0.397774,0.0,0,0.0391362191,2.6731293157,2.5562538811077893,Train
VITYOO_clean,8.76574,6.10267,8.74057,1.07917,1888.77,1750.21,0.0,0.0,0.6338,0.587305,0.0,1,0.0241091901,2.0590933305,1.9557071457877901,Test
VITYUU_clean,6.93618,5.76476,6.92128,1.4786,1370.63,926.978,0.0,0.0,0.519,0.351007,0.0,1,0.0271800158,2.004649773,1.960596288690492,Train
VITZAB_clean,6.94119,5.72919,6.85845,1.49624,1369.03,914.98,0.0,0.0,0.526,0.351548,0.0,1,0.0268142018,2.0155960878,1.9160515627295311,Train
VITZEF_clean,6.97691,5.80939,6.97691,1.4748,1347.25,913.518,0.0,0.0,0.5226,0.354354,0.0,1,0.0270911155,2.0170809482,1.9386260932778252,Test
VITZIJ_clean,6.87611,5.69177,6.87611,1.52398,1353.45,888.103,0.0,0.0,0.5184,0.340161,0.0,1,0.0274732048,2.0057927757,1.8891290479140965,Test
VIVXOP_clean,6.49065,4.97595,6.49065,1.07139,1218.54,1137.35,2.44835,2.28522,0.5566,0.519514,0.0,1,0.0215804505,1.6538845159,1.6428012379216403,Train
VIWHUG_clean,4.81929,3.4802,4.68813,1.37889,639.979,464.125,0.0,0.0,0.4514,0.327364,0.0,1,0.018296592,1.0127035943,1.0699494869287118,Train
VIWKIX_clean,6.70111,4.65532,6.60342,1.36906,1688.36,1233.22,0.0,0.0,0.5926,0.432851,0.0,1,0.0108403389,0.9757194814,0.9264080320783561,Train
VIWKOD_clean,6.65159,4.57304,6.53476,1.38205,1680.39,1215.87,0.0,0.0,0.5904,0.427192,0.0,1,0.0108754539,0.9670276912,0.9235870133668695,Train
VIWLAQ_clean,6.55466,4.31565,6.43849,1.43716,1676.29,1166.39,0.0,0.0,0.5778,0.402043,0.0,1,0.0109684883,0.9751426431,0.9635437992419814,Train
VIWLEU_clean,6.5503,4.41913,6.52435,1.44375,1672.31,1158.32,0.0,0.0,0.5838,0.404365,0.0,1,0.0109169557,0.9611144536,0.9611182210139739,Train
VIWLIY_clean,5.6026,3.42365,5.59275,1.55646,1236.19,794.232,0.0,0.0,0.54,0.346941,0.0,1,0.0155501886,1.1742530944,1.1849093457980864,Train
VIWMAR_clean,5.55555,3.41902,5.54549,1.58885,1213.98,764.058,0.0,0.0,0.5354,0.336973,0.0,1,0.0150756668,1.1674464632,1.1366438925394853,Train
VIWMEV_clean,5.54122,3.41506,5.5298,1.61736,1205.53,745.366,0.0,0.0,0.5346,0.330538,0.0,1,0.0151840343,1.1540598001,1.1580389482463946,Test
VIWMIZ_clean,9.56168,4.85659,9.53534,0.901746,1718.7,1905.97,37.8251,41.9466,0.6334,0.702415,0.0,1,0.0453355816,2.3360883659,2.559776246694745,Test
VIWMOF_clean,9.80611,5.23388,9.77319,0.869727,1722.79,1980.84,39.7443,45.6975,0.6458,0.742532,0.0,1,0.0480619422,2.3113382118,2.514647302193859,Train
VIWZOR_clean,6.64322,4.15157,6.64322,1.41271,1889.38,1337.41,0.0,0.0,0.6434,0.455437,0.0,0,0.0270577846,2.0358921232,2.0673470649533736,Train
VIXCUB_clean,5.48718,4.89154,5.42033,1.09462,2414.99,2206.24,0.0,0.0,0.6474,0.59144,0.0,1,0.0172362681,1.4947355397,1.488301069104826,Test
VIXGAM01_clean,5.20749,3.40288,5.20749,1.93235,393.451,203.613,0.0,0.0,0.4654,0.240847,0.0,1,0.009107325,0.5696425829,0.5480079549670647,Train
VIXPUP01_clean,10.93877,6.90793,10.8516,0.690693,2354.05,3408.24,0.0,0.0,0.7722,1.11801,0.0,1,0.0250201796,2.1372409284,2.1904955628118588,Test
VIXWEF_clean,12.63096,6.04016,12.48762,0.859273,2339.33,2722.46,0.0,0.0,0.7402,0.861426,0.0,1,0.0152649361,1.4177682198,1.4573218814708193,Train
VIYMAT_clean,5.60515,5.02913,5.58159,1.46758,1606.87,1094.91,0.0,0.0,0.544,0.37068,0.0,0,0.0292189819,1.9423225627,1.9462031580201355,Test
VIYSON_clean,5.10341,3.76231,5.02058,1.31458,1263.39,961.063,0.0,0.0,0.5412,0.411691,0.0,1,0.0948072798,3.5726681512000003,3.625944287537087,Train
VIYTAA_clean,5.13433,3.87051,5.09927,1.31108,1290.46,984.278,0.0,0.0,0.541,0.412638,0.0,1,0.0976035672,3.6543422638,3.5960418641512697,Train
VIYVIK_clean,5.08356,3.73927,5.05208,1.32275,1249.3,944.47,0.0,0.0,0.538,0.406727,0.0,1,0.0987383469,3.6237682704,3.6335287782857097,Train
VIZSOO_clean,10.55409,4.56253,10.55409,0.761137,2666.36,3503.12,0.0,0.0,0.738,0.969602,0.0,0,0.0286736172,2.6206808557,2.5447994014706334,Test
VIZSUU_clean,10.03238,7.42233,9.74376,0.749914,2221.9,2962.88,0.0,0.0,0.7282,0.971044,0.0,0,0.0174899971,1.61281875,1.6287653440009537,Train
VIZTIJ_clean,8.73473,6.34609,8.6886,1.3133,1742.87,1327.09,0.0,0.0,0.6462,0.492044,0.0,0,0.0121341542,1.0438493061,1.0369352529222042,Train
VOBGAW_clean,4.66285,3.61303,4.65217,1.94112,362.013,186.497,1.69535,0.873387,0.4252,0.219049,0.0,1,0.0114436997,0.7011442298,0.6693765005026726,Train
VOBGEA_clean,4.64455,3.59836,4.63854,1.95569,361.005,184.592,0.902313,0.461378,0.4234,0.216497,0.0,1,0.0112808928,0.7063790255,0.6782560115504395,Train
VOBKAA_clean,5.5254,4.43575,5.51234,1.26722,1839.76,1451.8,0.0,0.0,0.5992,0.472845,0.0,1,0.0297970088,2.0581197088,2.112647219721249,Test
VOBRUB_clean,4.37729,3.47803,4.37729,1.252,989.147,790.053,0.0,0.0,0.4922,0.393131,0.0,1,0.0456264246,2.7825706448000003,2.5260517809941567,Test
VOCPEK_clean,4.62063,3.5641,4.61051,1.96241,341.977,174.264,0.360619,0.183763,0.4222,0.215144,0.0,1,0.0117470538,0.7127970165,0.6885493160067357,Train
VOCQAF_clean,4.95925,3.73408,4.95925,1.25635,976.237,777.039,0.0,0.0,0.4616,0.367412,0.0,0,0.0536778516,2.5078275076,2.33826473732006,Test
VODQIP_clean,7.28777,5.97881,7.28116,1.0447,1818.88,1741.05,0.0,0.0,0.6212,0.594621,0.0,1,0.043562277,2.3773073409,2.9541012118631875,Test
VODSEM_clean,5.2679,4.81357,5.26778,1.72365,582.024,337.669,47.1721,27.3675,0.5448,0.316073,0.0,0,0.002597849,0.2354846245,0.23780817670695176,Train
VOFFED_clean,6.3407,5.90199,6.31652,1.20352,848.809,705.272,0.0,0.0,0.4862,0.403982,0.0,1,0.0103704555,0.8249489501999999,0.8125409410387909,Train
VOGPEO_clean,11.06118,7.00733,10.18392,0.767126,2192.56,2858.15,0.0,0.0,0.7242,0.944043,0.0,1,0.0355942729,2.6726220479,2.652918112701796,Train
VOGTIV_clean_h,11.63962,10.76348,11.63962,0.91487,1549.21,1693.37,0.0,0.0,0.6396,0.699116,0.0,1,0.0247462121,2.2203630955,2.0760159000400407,Train
VOHQIS_clean,5.34997,3.62026,5.34997,2.10583,1170.0,555.601,0.0,0.0,0.5162,0.245129,0.0,0,0.4572565588,3.663559139,3.6831717692424073,Train
VOJGOS_clean,6.19077,5.31352,6.18884,0.976178,2056.2,2106.38,0.0,0.0,0.6384,0.653979,0.0,1,0.0566669022,4.0543357309,3.8718294070493546,Train
VOLPET_clean,9.30216,6.24705,9.30149,0.741977,2463.48,3320.15,0.0,0.0,0.7498,1.01054,0.0,1,0.0206672312,1.8849236445,1.9223904383493486,Test
VOLQOD_clean,11.11495,8.75374,11.11495,0.70291,1891.75,2691.32,0.0,0.0,0.7388,1.05106,0.0,1,0.0276079797,2.2267906334,2.23976661783805,Test
VONCOS_clean,10.3381,9.26479,10.3381,1.24231,1086.56,874.625,129.189,103.991,0.6084,0.489732,0.0,1,0.0252881036,1.4574823522,1.462666990651742,Test
VONDEJ_clean,5.31005,4.78872,5.30922,1.60595,966.902,602.074,0.0,0.0,0.507,0.315701,0.0,0,0.0729632672,2.0700499987,2.225811864676404,Train
VOPCEK_clean,5.95724,5.2412,5.95724,1.32376,1286.35,971.741,0.0,0.0,0.5334,0.402943,0.0,1,0.0429297374,2.2791335061,2.298802254128279,Test
VOPCIO_clean,8.96483,7.98484,8.95338,1.07697,1629.75,1513.27,0.0,0.0,0.6138,0.569932,0.0,1,0.0282998639,2.1077087859,2.1668868934448016,Test
VOSTUU_clean,8.30737,6.78194,8.30193,0.816834,1552.78,1900.97,4.35487,5.33141,0.5892,0.721322,0.0,1,0.0336929092,2.5239158180000003,2.507327310790552,Train
VOTKEW_clean,5.14274,3.67598,5.1312,1.34119,1161.62,866.113,0.0,0.0,0.5308,0.395769,0.0,1,0.0404482966,2.1785152346000003,2.1425655771545733,Train
VOVKUO_clean,8.79938,7.37416,8.78205,2.86501,1668.56,582.391,0.0,0.0,0.6376,0.222547,0.0,1,0.0032459924,0.2990626636,0.27356007433367435,Train
VOXKIE_clean,6.80539,3.65176,6.80539,1.34151,1369.86,1021.14,0.0,0.0,0.6092,0.454115,0.0,1,0.0225331138,1.6645293183,1.6395342261954664,Test
VOXQOQ_clean,5.75088,3.78769,5.73674,1.21298,1196.61,986.497,0.0,0.0,0.5614,0.462825,0.0,1,0.0270259596,1.6812996887,1.767839470027445,Train
VOXVEL_clean,6.58217,4.28987,6.50926,1.3543,1358.41,1003.03,0.0,0.0,0.5474,0.404194,0.0,0,0.0721071642,3.5296723493,3.291637935488806,Train
VOXYUE_clean,4.28545,3.52898,4.277,1.97331,1033.2,523.587,0.0,0.0,0.5514,0.279428,0.0,0,0.0054055007,0.4691192671,0.5000267659662156,Train
VOYGOH_clean,8.28524,6.29263,8.24088,1.28416,2599.39,2024.19,0.195596,0.152314,0.7268,0.565973,0.0,1,0.0067376459,0.6450770818,0.6239235274713155,Train
VOZVAJ01_clean,7.75927,5.99619,7.75927,1.41123,1642.21,1163.68,0.0,0.0,0.619,0.438625,0.0,0,0.0122980759,1.0382660942,1.0463720979562616,Train
VOZVIR01_clean,8.9147,5.57973,8.87661,1.34608,1682.46,1249.9,0.0,0.0,0.6346,0.471444,0.0,1,0.0108168559,0.9693241907,0.962597272743147,Train
VUCTUK_clean,4.04395,3.64101,4.04395,1.92522,503.149,261.347,0.0,0.0,0.4222,0.2193,0.0,1,0.0181252082,1.0848685107,1.0801336584170425,Train
VUDQOB_clean,6.32363,4.82237,6.31689,1.49229,1377.55,923.11,0.0,0.0,0.5686,0.381025,0.0,1,0.0323668307,2.030795542,1.9765843761375115,Train
VUDXID_clean,10.29567,8.38587,10.08643,0.842606,2083.44,2472.62,14.2598,16.9234,0.7296,0.865885,0.0,1,0.0128526388,1.2045401818,1.2109218628786595,Train
VUFBEE_clean,4.39803,3.46666,4.37592,1.64467,1017.25,618.512,0.0,0.0,0.5534,0.33648,0.0,1,0.0257026273,1.8490502084,1.692907466309343,Test
VUGWUR_clean,7.83796,6.35433,7.79579,1.04646,1263.29,1207.21,74.2007,70.9066,0.5712,0.545842,0.0,0,0.0505277795,2.7521618033,2.7051179878336624,Train
VUGXAY_clean,7.74052,6.24667,7.74052,1.0594,1255.22,1184.84,68.8954,65.0324,0.5682,0.536341,0.0,0,0.0470767185,2.7280544198000003,2.6890292845203296,Test
VUGXEC_clean,7.75346,6.26253,7.72478,1.06296,1251.42,1177.3,67.8457,63.8273,0.5624,0.529091,0.0,0,0.0473542156,2.7266237662,2.689827367476301,Train
VUGXIG_clean,7.98476,6.4639,7.95078,1.05743,1260.94,1192.45,76.2558,72.1141,0.574,0.542824,0.0,0,0.049327298,2.7253145516000004,2.695838125147923,Test
VUGXOM_clean,7.85489,6.36686,7.85489,1.08455,1259.8,1161.59,65.0961,60.0213,0.5694,0.525011,0.0,0,0.0444474038,2.6734902248,2.5004984268661294,Test
VUGXUS_clean,7.98273,6.46173,7.98207,1.08037,1258.25,1164.65,72.9124,67.4885,0.5732,0.53056,0.0,0,0.0476315681,2.6102622836,2.5969203407853207,Train
VUGYAZ_clean,7.90027,6.40337,7.90027,1.10679,1245.86,1125.65,61.7559,55.7974,0.5642,0.509764,0.0,0,0.0405472138,2.539803432,2.4554534537436536,Train
VUGYED_clean,7.99474,6.54413,7.99474,1.10841,1223.87,1104.17,67.208,60.6345,0.5792,0.522549,0.0,0,0.0388013225,2.5345591061,2.4148036429229642,Train
VUGYIH_clean,7.72851,6.23818,7.68217,1.11585,1251.2,1121.3,68.7821,61.641,0.5678,0.508849,0.0,0,0.0473413426,2.7529869464,2.68175197727075,Train
VUHJAK_clean,4.48985,4.30755,4.48985,1.91615,471.61,246.123,0.0,0.0,0.4148,0.216475,0.0,1,0.0473210635,1.1771751826,1.2703229027489236,Test
VUHNET_clean,10.15164,5.15951,10.13819,1.26924,1812.62,1428.11,0.0,0.0,0.6596,0.519681,0.0,0,0.0123178255,1.0817013894,1.043991543943188,Train
VUJBEI_clean,18.44776,6.57566,18.44776,0.562611,2173.89,3863.94,0.0,0.0,0.7874,1.39955,0.0,1,0.0267728208,2.3457423177,2.4011405868600355,Train
VUKHOZ_clean,14.72034,13.81107,14.72034,1.23894,1154.41,931.773,0.0,0.0,0.6248,0.504303,0.0,1,0.0065886059,0.6103392411,0.5664197731465026,Train
VUKJOC_clean,4.9896,3.40405,4.97821,1.45464,736.58,506.365,85.4496,58.7426,0.4856,0.333827,0.0,0,0.031502715,1.6332090305000002,1.5514375510182568,Test
VUKJUI_clean,5.49725,3.44726,5.49566,1.4408,839.787,582.86,90.2917,62.6676,0.4968,0.344808,0.0,0,0.0328106979,1.7170731895,1.6544900691436848,Test
VUKRUQ_clean,8.26088,7.40668,8.26088,0.854534,1806.41,2113.91,0.0,0.0,0.6414,0.750584,0.0,0,0.0215188253,1.9973269811,1.9664925350637368,Train
VUKSAX_clean,10.78925,9.42624,10.78325,0.664624,1937.19,2914.72,0.0,0.0,0.7148,1.0755,0.0,0,0.0183757961,1.7588293647,1.6867292929049782,Train
VUKSOL_clean,5.74617,4.59937,5.73998,1.07923,2058.01,1906.93,0.0,0.0,0.6268,0.580787,0.0,1,0.028737207,2.2997765244,2.210931151250455,Test
VUKTAY_clean,5.60355,4.27431,5.58989,1.40562,1023.78,728.344,0.0374766,0.026662,0.486,0.345754,0.0,1,0.0389381105,1.9475016716,1.8897582338711798,Test
VUKTEC_clean,5.61851,4.19073,5.60379,1.41892,799.153,563.212,172.003,121.221,0.487,0.343219,0.0,1,0.0393596384,1.9093984408,1.8955835841395945,Test
VUKTIG_clean,5.58633,4.32231,5.37322,1.41396,1054.33,745.662,0.0,0.0,0.4904,0.346829,0.0,1,0.0361854106,1.9080432566,1.8441676797600022,Test
VUKTOM_clean,6.2708,4.86549,6.2708,1.34321,1213.42,903.374,0.0,0.0,0.5134,0.38222,0.0,1,0.0373941567,1.9185020167,2.064358237330738,Test
VUKTUS_clean,6.57621,5.30461,6.57621,1.34132,1253.69,934.67,0.0,0.0,0.5342,0.398265,0.0,1,0.0376612235,1.899351511,2.073418036873655,Train
VULFIT_clean,4.52056,3.43974,4.50577,1.5127,759.724,502.229,0.0,0.0,0.4534,0.299728,0.0,1,0.0833615366,2.4412678621,2.410862386395525,Train
VULKIX_clean,5.85201,4.46067,5.83515,1.35895,1067.23,785.338,21.156,15.5679,0.497,0.365724,0.0,1,0.0285458966,1.9924346562,1.8568150080889851,Train
VULKOD_clean,5.01507,3.95686,5.01507,1.39517,753.359,539.978,0.0,0.0,0.4446,0.318672,0.0,1,0.044526193,1.8884216405,1.7877710126403372,Train
VUMBIQ_clean,4.87594,3.54867,4.87222,1.55224,358.688,231.077,25.2971,16.2971,0.4518,0.291063,0.0,1,0.0301346013,1.5527780316,1.21561734417917,Test
VUMCEM_clean,5.05124,3.61434,5.04105,1.01673,972.711,956.701,0.0,0.0,0.5318,0.523047,0.0,0,0.1014329953,3.7600565173,3.662366878856738,Train
VUMYUZ_clean,8.61002,3.76636,8.58351,1.65942,1147.35,691.414,0.0,0.0,0.5252,0.316496,0.0,1,0.0079988121,0.7050698817000001,0.6430149072250104,Train
VUNHAO_clean,8.87764,7.99015,8.87736,0.6011,2717.65,4521.13,0.0,0.0,0.7556,1.25703,0.0,1,0.0159393236,1.4969910977,1.554664076178834,Train
VUNNEZ_clean,5.49362,5.42758,5.49362,1.41847,1291.95,910.806,0.0,0.0,0.5748,0.405224,0.0,1,0.0099634375,0.7991380673999999,0.7821158076689891,Train
VUQJUN01_clean,11.32844,10.26466,11.32844,0.790589,1731.69,2190.38,0.0,0.0,0.6654,0.841651,0.0,1,0.0405956002,2.876370768,2.7268209906196064,Train
VUQKAU01_clean,4.81422,4.24964,4.81422,1.04625,1425.24,1362.23,0.0,0.0,0.5584,0.533714,0.0,1,0.0510491462,3.0144077691000004,3.100366724973365,Test
VUQKAU02_clean,4.89363,4.31451,4.87033,1.033,1471.86,1424.84,0.0,0.0,0.5576,0.539787,0.0,1,0.0506993548,3.0446717797,3.116327089095642,Test
VUQKAU_clean,5.04139,4.46098,5.03992,1.00728,1566.78,1555.46,0.0,0.0,0.5754,0.571243,0.0,1,0.0495417493,3.1470288863,3.096152642508806,Test
VUQKOI_clean,6.97233,5.60829,6.97233,1.35846,1074.25,790.79,0.0,0.0,0.5344,0.393388,0.0,1,0.0102362948,0.8495771176000001,0.8307624386416173,Train
VURLIF_clean,5.59171,4.33137,5.56182,0.953551,2657.55,2787.0,0.0,0.0,0.6734,0.706202,0.0,0,0.0519461927,3.874779818,3.9163697823325965,Train
VURYIR_clean,4.29138,3.47068,4.23523,1.58197,597.238,377.529,0.0,0.0,0.4322,0.273204,0.0,1,0.0092585341,0.6940373447,0.6848863432816341,Train
VURYOX_clean,6.57096,5.95893,6.55565,1.3407,1084.43,808.849,0.0,0.0,0.5052,0.376817,0.0,1,0.0081977095,0.7132676381,0.7399055924520934,Train
VUSKAW_clean,14.98828,7.97019,14.98828,0.594675,2204.82,3707.61,0.0,0.0,0.8008,1.34662,0.0,0,0.0164817565,1.5950939277,1.5878977625266937,Test
VUVZAP_clean,4.71954,3.57694,4.71245,1.57661,1081.4,685.901,0.0,0.0,0.5506,0.349231,0.0,0,0.0596939879,2.8196614332,2.657400464797967,Test
VUWRUC_clean,8.86215,6.25992,8.83975,1.16678,1520.16,1302.87,0.0,0.0,0.593,0.508237,0.0,0,0.030336062,2.2794653275,2.1965353757242583,Train
VUWSAJ_clean,5.66843,4.07448,5.66811,1.11008,1893.61,1705.84,0.0,0.0,0.6012,0.541584,0.0,1,0.0371511306,2.5573920507,2.5804371595998856,Test
VUZNOV_clean,7.56763,5.28078,7.56763,0.714751,2308.57,3229.9,0.0,0.0,0.6884,0.963133,0.0,0,0.0357209498,3.1570895322,3.091170873040727,Test
WABTOK_clean,4.92775,3.91462,4.90973,1.78273,1357.93,761.713,0.0,0.0,0.5942,0.333308,0.0,1,0.0085299398,0.7280154154,0.7161007313842118,Train
WABVIF02_clean,5.85197,4.01773,5.50246,1.2803,1937.61,1513.4,0.0,0.0,0.6248,0.488009,0.0,1,0.0165729036,1.420559725,1.3743406833737177,Train
WABVIF03_clean,5.80274,3.92866,4.7438,1.30723,1855.76,1419.61,0.0,0.0,0.6136,0.46939,0.0,1,0.017585834,1.4421447899000002,1.4350111037132125,Test
WABVIF04_clean,5.9528,4.29679,5.9528,1.18253,2130.19,1801.39,0.0,0.0,0.6496,0.549332,0.0,1,0.0142732394,1.2411135682,1.26260202463382,Test
WABVIF_clean,5.93486,4.28251,5.93486,1.19094,2095.13,1759.22,0.0,0.0,0.6604,0.55452,0.0,1,0.0146832351,1.2790743416,1.3098074581040593,Train
WABVOL_clean,5.64639,3.6405,5.64639,1.49122,938.691,629.478,0.0,0.0,0.4216,0.282721,0.0,1,0.0091833786,0.8402253406999999,0.7734098975921753,Train
WABVUR_clean,9.47863,4.42976,9.47863,1.26842,1786.23,1408.23,0.0,0.0,0.615,0.484855,0.0,1,0.0119797763,1.1398442478,1.074660048888107,Train
WABWAY_clean,9.49902,4.44037,9.49902,1.29862,1698.78,1308.14,0.0,0.0,0.5936,0.457099,0.0,1,0.0106698581,1.0285145139,0.9655385008874419,Train
WABWEC_clean,9.48082,4.42797,9.48082,1.193,1861.05,1559.97,0.0,0.0,0.6462,0.54166,0.0,1,0.0102513098,0.988242724,0.9620915404267345,Train
WACLEU_clean,6.11102,5.03298,6.08461,1.15501,1387.0,1200.86,0.0,0.0,0.5472,0.473763,0.0,1,0.0395496173,2.4766273144,2.413508933266816,Train
WAFKAQ_clean,8.03491,5.51639,8.03491,0.911443,2137.62,2345.31,0.0,0.0,0.6604,0.724566,0.0,1,0.0385628428,3.1738153613,2.892248641392403,Test
WAGDAL_clean,4.64816,3.73698,4.61775,2.65265,613.804,231.393,27.6543,10.4252,0.4246,0.160066,0.0,1,0.0186386842,0.9734169506,0.9424974618669331,Train
WAHFUJ01_clean,4.91116,3.78472,4.77837,1.29423,994.219,768.194,0.0,0.0,0.4692,0.362532,0.0,1,0.0262174273,1.6660737844,1.5963780942818404,Test
WAHGIY_clean,5.33673,4.40357,5.33673,1.28737,815.264,633.278,0.0,0.0,0.4692,0.364464,0.0,1,0.0405943758,1.6704122565,1.7587863819213272,Test
WAHKUO_clean,16.20891,7.16155,16.20891,0.580972,2068.66,3560.7,0.0,0.0,0.759,1.30643,0.0,1,0.0267280153,2.4348827352,2.3648718225616574,Test
WAHNEB_clean,15.95836,6.79866,15.95836,0.49512,2275.95,4596.76,0.0,0.0,0.781,1.57739,0.0,1,0.0278867647,2.6505271397,2.536501024565154,Train
WAHNIF_clean,16.02728,6.94786,16.02728,0.608079,2054.1,3378.01,0.0,0.0,0.7564,1.24392,0.0,1,0.0263423313,2.4474785526,2.317925118691325,Test
WAHNOL_clean,16.15521,7.17077,16.15521,0.498613,2156.59,4325.17,0.0,0.0,0.7774,1.55913,0.0,1,0.0287401733,2.657750477,2.5602034059573087,Test
WAJHOG_clean,6.41579,6.06601,6.40923,1.24433,1319.37,1060.3,0.0,0.0,0.541,0.434771,0.0,1,0.0340195369,2.3307110113,2.1556416595083463,Test
WALKAY_clean,4.73309,3.92758,4.72517,1.16625,391.638,335.809,365.08,313.037,0.5,0.428724,0.0,1,0.0713092192,2.4172296009,2.404099101392727,Train
WAMREJ_clean,15.93828,10.49353,15.93828,0.575196,2135.23,3712.18,0.0,0.0,0.7842,1.36336,0.0,1,0.0282697822,2.4524765781,2.4690369779968524,Train
WAMRIN01_clean,7.20791,6.51318,7.17561,0.94264,1559.88,1654.8,0.0,0.0,0.5968,0.633115,0.0,1,0.0534906371,3.6657854135,3.5168213016616807,Train
WAMRIN_clean,7.37329,5.74338,7.35934,0.949012,1570.93,1655.33,0.0,0.0,0.5942,0.626125,0.0,1,0.0541058425,3.6229790019,3.2781004430520584,Test
WANBOE_clean,8.09931,5.5083,8.077,3.37544,1357.32,402.116,0.0,0.0,0.5218,0.154587,0.0,1,0.0020204148,0.1850931305,0.1797915436075721,Train
WANHIF_clean,11.32631,6.15412,11.32631,0.742906,2435.38,3278.19,0.0,0.0,0.7266,0.978051,0.0,1,0.0388753377,2.8221169935000003,2.975062392571719,Test
WANJIF_clean,4.50079,3.43707,4.48085,1.30508,566.366,433.969,0.0,0.0,0.4924,0.377294,0.0,1,0.069909419,2.5251705916,2.5266585185596333,Test
WAPSUE_clean,6.68993,4.69904,6.68534,3.09743,1954.36,630.96,0.0,0.0,0.5988,0.193321,0.0,1,0.0023189304,0.2221073882999999,0.21940212610139165,Train
WAQFAX_clean,9.30669,8.11233,9.29943,0.819886,2162.64,2637.74,0.0,0.0,0.722,0.880611,0.0,1,0.0224468313,1.9894518757,1.9717001827190248,Train
WAQFIG_clean,8.54706,6.43178,8.54706,0.665022,2729.5,4104.38,0.0,0.0,0.7646,1.14974,0.0,1,0.0273076968,2.5114483873,2.4712743649637696,Train
WAQKUX_clean,11.77413,6.99458,11.77413,0.695804,2361.16,3393.43,0.0,0.0,0.7362,1.05806,0.0,1,0.0316182468,2.4405756715,2.569712884929175,Train
WAQTEQ_clean,11.92108,6.99954,11.92108,0.79488,2039.53,2565.84,0.0,0.0,0.7422,0.933726,0.0,1,0.0210714702,1.9009204097,1.8177673820235571,Train
WARFAZ_clean,6.17335,5.62341,6.16091,1.2809,1123.23,876.911,0.0,0.0,0.4772,0.372552,0.0,1,0.0147532943,0.9783293399,1.1119243072784917,Train
WARJAC_clean,6.27516,5.38886,5.82916,1.20156,1848.31,1538.27,0.0,0.0,0.6418,0.534141,0.0,1,0.0136115689,1.2123131056999998,1.1525939555500515,Train
WASMUB_clean,8.9,7.73975,8.81765,1.24649,1402.71,1125.33,0.0,0.0,0.5316,0.426479,0.0,0,0.1755864659,4.1700617785,4.184131998495495,Train
WASPAK_clean,8.92408,8.10678,8.90273,0.931064,1602.41,1721.06,0.0,0.0,0.6094,0.65452,0.0,0,0.0373443202,2.6872874321,2.813694105008308,Test
WASQEP_clean,10.60263,4.61939,9.00037,0.666978,2426.86,3638.59,0.0,0.0,0.7138,1.0702,0.0,0,0.0369425428,3.2311310037,3.1249492276435094,Train
WASQIT_clean,10.8507,4.21913,8.79858,0.655054,2519.15,3845.71,0.0,0.0,0.7108,1.0851,0.0,0,0.0401262531,3.4362045768,3.3834824871595166,Train
WASTUG_clean,10.4656,7.25807,10.12341,1.59439,2004.76,1257.39,0.0,0.0,0.6606,0.414328,0.0,1,0.0040992584,0.3968147867,0.39152562238155264,Train
WASVES_clean,7.24568,4.22882,6.95314,2.14337,1730.17,807.218,0.0,0.0,0.582,0.271535,0.0,1,0.0031170838,0.2955630585,0.2860365189161487,Train
WAVQAN_clean,4.79566,3.75004,4.7947,1.6227,1326.67,817.573,0.0,0.0,0.5394,0.332409,0.0,1,0.0573501145,2.7975162787,2.7584608784324605,Train
WAVQER_clean,4.81498,3.73544,4.8133,1.62849,1353.34,831.04,0.0,0.0,0.533,0.327297,0.000122813,1,0.0547644093,2.7755045918,2.7284990462619065,Train
WAVQOB_clean,10.26547,8.18203,10.23692,0.66377,1981.42,2985.1,0.0,0.0,0.7732,1.16486,0.0,1,0.0159006142,1.5380574817,1.541173482107678,Train
WAVQUH_clean,7.91312,4.47781,7.90396,1.01651,1145.58,1126.98,498.965,490.863,0.6102,0.600292,0.0,0,0.0356825988,2.5208659756,2.5515251253527507,Train
WAVRAO_clean,15.02274,4.23694,15.02053,0.819731,1973.4,2407.37,0.0,0.0,0.6752,0.823685,0.0,1,0.0430039548,3.1809560135000003,3.076468014798935,Test
WAVROC_clean,18.88525,7.91531,18.88525,0.52911,1993.81,3768.23,0.0,0.0,0.7926,1.49799,0.0,1,0.0217774054,2.0483702922,2.0375539193663443,Test
WAWGOQ_clean,10.46531,7.24737,10.06993,0.692819,2068.45,2985.55,0.0,0.0,0.7192,1.03808,0.0,1,0.0293645234,2.3259481636,2.425799727587636,Test
WAYKAK_clean,8.40665,6.61758,8.40665,1.07627,1621.77,1506.84,0.0,0.0,0.6056,0.562685,0.0,0,0.0363089321,2.3333118611000003,2.6658966547086664,Test
WAYMAM_clean,7.05522,6.73992,7.05522,1.02658,1675.75,1632.35,0.0,0.0,0.6178,0.601802,0.0,0,0.0192123272,1.7188774374,1.6821463759513289,Train
WAYMEQ_SL,6.99879,6.49457,6.99879,0.979768,1578.78,1611.38,0.0,0.0,0.5878,0.599938,0.0,0,0.0534748255,3.8161059447,3.8360210128680308,Train
WAYMIU_manual,7.34688,6.90533,7.3455,0.98047,1670.06,1703.32,0.0,0.0,0.606,0.618071,0.0,0,0.0573390764,4.2845592714,4.1939304698598505,Train
WAYMOA_manual,7.07433,6.89369,7.07243,0.955162,1592.82,1667.59,0.0,0.0,0.6076,0.636122,0.0,0,0.048843731,3.7668237313,3.824886572967018,Train
WAZCUX_clean,5.1953,4.60615,5.12813,1.85198,863.616,466.321,0.0,0.0,0.4452,0.240392,0.0,1,0.0260387545,1.2764228567,1.2950279871026749,Test
WEBJOE_clean,19.11149,16.87545,19.11149,0.689845,2240.23,3247.44,0.0,0.0,0.788,1.14229,0.0,1,0.0320609666,2.5309091908,2.5798650600890927,Train
WEBKOD_clean,6.32569,5.26533,6.09075,1.27587,1622.74,1271.87,0.0,0.0,0.5952,0.466504,0.0,1,0.0299717879,2.0206571388,2.0962491697288206,Train
WEBREC_clean,5.39661,3.78553,5.39661,1.22212,951.616,778.662,0.0,0.0,0.476,0.389488,0.0,1,0.0647470155,2.6187452453,2.58205749733239,Train
WECBEN_clean,6.503,4.33861,6.44488,0.992115,3119.1,3143.89,0.0,0.0,0.6996,0.70516,0.0,0,0.0191147118,1.8187993834,1.7013063381786075,Test
WECBOX_clean,4.70975,3.71197,4.69989,1.52733,833.701,545.856,0.0,0.0,0.5236,0.342821,0.0,0,0.0330870923,1.8786383472,1.7536312696797614,Train
WECFAN01_clean,4.19243,3.69787,4.18729,1.32337,513.248,387.834,0.0,0.0,0.4454,0.336565,0.0,1,0.0248078207,1.3212241317,1.503343871251432,Test
WECFAN_clean,5.13884,4.48422,5.13105,1.20369,945.898,785.834,0.0,0.0,0.4976,0.413397,0.0,1,0.0210265006,1.3359703724,1.3930292350911082,Test
WECJIZ_clean,5.92737,4.9743,5.92737,1.01088,914.95,905.103,64.8197,64.122,0.5454,0.53953,0.0,1,0.0331573845,1.7166496742,2.008602218995213,Test
WEDQED_clean,5.20127,4.18257,5.20127,1.3,804.684,618.987,0.0,0.0,0.4758,0.365999,0.0,1,0.0486550297,1.9433218879,1.9240682713564234,Train
WEFCAN_clean,5.5219,5.04903,5.5219,0.826455,2177.69,2634.97,0.0,0.0,0.6214,0.751886,0.0,0,0.0553551157,3.6266209595,3.8807795518014476,Test
WEFXEM_clean,6.73931,4.78997,6.67269,1.07497,1461.44,1359.51,0.0,0.0,0.5704,0.530617,0.0,0,0.0341861617,2.4637843866,2.3373860845211287,Test
WEFZIS_clean,4.30666,3.54798,4.30607,2.06143,662.208,321.237,0.0,0.0,0.4722,0.229064,0.0,1,0.0313295369,1.7238704904,1.6600599128040014,Train
WEGFUL_clean,4.85962,3.90561,4.85655,1.68872,896.439,530.839,0.0,0.0,0.4452,0.263631,0.0,0,0.0428648175,1.7310126925,1.7250846153954007,Train
WEGGAS_clean,4.84334,3.88578,4.83342,1.72479,895.132,518.979,0.0,0.0,0.4484,0.259973,0.0,0,0.0428652805,1.7142829471,1.7037999299040254,Train
WEGKIE_clean,11.12087,6.65331,11.08978,1.1494,1264.36,1100.02,490.634,426.862,0.6338,0.551419,0.0,1,0.033271027,2.4520964628,2.409900592142421,Train
WEHHEY_clean,10.71326,6.70339,10.52268,0.819904,2131.67,2599.9,0.0,0.0,0.7068,0.862052,0.0,1,0.0541613788,2.8418802816000004,2.835371985556887,Test
WEHHIC_clean,10.89625,6.78698,10.2645,0.812812,2126.87,2616.68,0.0,0.0,0.7052,0.867605,0.0,1,0.053779035,2.8624252829000003,2.861420944434554,Test
WEHHOI_clean,10.711,6.72932,10.68633,0.81633,2148.04,2631.34,0.0,0.0,0.7146,0.875382,0.0,1,0.0541822882,2.8872696597000003,2.8898039353939082,Test
WEHHUO_clean,10.86494,6.69089,10.846,0.80874,2143.96,2650.98,0.0,0.0,0.7268,0.898682,0.0,1,0.0520694408,2.886922165,2.900275106256384,Train
WEHJAW_clean,11.37189,6.87066,11.36953,0.813465,2137.05,2627.1,0.0,0.0,0.727,0.893708,0.0,1,0.0541673529,2.8688758397000003,2.8762893734094894,Train
WEHJEA_clean,11.11094,5.77138,11.07598,0.73357,2315.41,3156.35,0.0,0.0,0.7568,1.03167,0.0,1,0.0262771701,2.4409898954,2.3000176568822366,Train
WEHJIE_clean,11.03891,6.32706,11.01433,0.80868,2264.04,2799.67,0.0,0.0,0.7142,0.883167,0.0,1,0.0378174288,2.6355381002,2.64539610226609,Test
WEHJOK_clean,11.74533,5.64839,11.7384,0.778372,2312.59,2971.06,0.0,0.0,0.736,0.945563,0.0,1,0.0247472549,2.3240996615,2.2217803154183358,Test
WEHJUQ_clean,11.40663,8.63285,11.3324,0.700785,2325.03,3317.76,0.0,0.0,0.7666,1.09392,0.0,1,0.0222130302,2.0706194702,2.0052841846817353,Train
WEMBUN_clean,4.83761,4.30379,4.83761,1.70777,2244.04,1314.02,0.0,0.0,0.608,0.356019,0.0,1,0.0168167615,1.4000257417,1.4280764472650758,Test
WEMCAU_clean,4.83981,4.27369,4.83981,1.75476,2235.14,1273.76,0.0,0.0,0.5942,0.338622,0.0,1,0.0241683101,1.8832289915,1.864422746607499,Train
WEMCEY_clean,5.09454,3.5623,5.09454,2.38239,649.886,272.788,0.0,0.0,0.4074,0.171005,0.0,1,0.0137834027,0.6716200176999999,0.7047155751619041,Train
WEMCIC_clean,5.03643,3.47331,4.82197,2.42633,623.511,256.977,0.0,0.0,0.4032,0.166177,0.0,1,0.01442704,0.6826617684999999,0.6816921223791668,Train
WEMCOI_clean,5.04735,3.46352,5.0193,2.47686,626.37,252.888,0.0,0.0,0.3988,0.16101,0.0,1,0.0141925406,0.6679582339,0.6815164093483033,Test
WEMCUO_clean,4.97873,3.46394,4.79411,2.52518,613.235,242.848,0.0,0.0,0.3982,0.157692,0.0,1,0.0150429153,0.6622676312,0.6929326094574915,Train
WEMDAV_clean,5.02432,3.48688,5.02432,2.56501,609.55,237.64,0.0,0.0,0.3952,0.154074,0.0,1,0.0150111787,0.6660175423,0.6771036056042601,Train
WEMDID_clean,5.01302,4.40435,5.01302,1.50314,2329.65,1549.85,0.0,0.0,0.6306,0.419521,0.0,0,0.015594271,1.334693531,1.3688368860729558,Test
WEMDOJ_clean,4.95352,4.39275,4.95352,1.55656,2295.37,1474.65,0.0,0.0,0.629,0.404097,0.0,0,0.0157566916,1.360158926,1.3589235439889933,Train
WEMDUP_clean,4.9238,4.37132,4.9238,1.57984,2315.52,1465.67,0.0,0.0,0.6202,0.392572,0.0,0,0.0159975042,1.3730894686,1.3789661295966509,Train
WEMFAX_clean,4.90097,4.37647,4.90097,1.61335,2291.08,1420.07,0.0,0.0,0.6242,0.386896,0.0,1,0.0158089851,1.3698059872,1.3432239395169372,Train
WEMFEB_clean,4.87971,4.37038,4.87971,1.63348,2285.5,1399.16,0.0,0.0,0.604,0.369763,0.0,1,0.016164004,1.3788123505,1.4023240061260727,Train
WEMFIF_clean,4.85948,4.34946,4.85948,1.66666,2253.59,1352.15,0.0,0.0,0.5992,0.35952,0.0,1,0.0165991714,1.3918619893000002,1.4025683632282493,Train
WEMFOL_clean,4.8612,4.33226,4.8612,1.68559,2254.63,1337.59,0.0,0.0,0.5966,0.353942,0.0,1,0.0163409792,1.4018862942,1.4125937939650566,Test
WEMNAF_clean,4.6267,3.86158,4.59914,1.41831,894.104,630.401,0.0,0.0,0.4764,0.335893,0.0,0,0.0514290796,2.4286295578,2.2762863558165347,Train
WENDIE_clean,4.91533,3.83478,4.91533,1.40969,980.417,695.487,0.0,0.0,0.4986,0.353696,0.0,1,0.0998870543,2.8950514723,2.993255506749489,Train
WENKEH_clean,7.34891,5.7859,7.21721,1.50223,520.443,346.446,27.0727,18.0216,0.4484,0.298489,0.0,1,0.0120459375,0.8191129515000001,0.8281334271217071,Test
WENKOR_clean,7.34523,5.77431,7.33779,1.55847,525.754,337.351,34.2975,22.0071,0.4426,0.283996,0.0,1,0.0130948032,0.8710167455,0.8667092563690122,Test
WENKUX_manual,7.45595,5.7787,7.37267,1.54828,597.632,385.997,35.4694,22.9089,0.4528,0.292453,0.0,1,0.0157865053,1.0666159345,1.008261699745085,Test
WENLAE_manual,7.43383,5.78969,7.30816,1.58521,593.074,374.131,15.956,10.0656,0.4384,0.276557,0.0,1,0.013784156,0.965007886,0.9567217296435483,Test
WENLEI_clean,7.45284,5.80961,7.45284,1.59702,595.668,372.986,17.5491,10.9886,0.4418,0.276639,0.0,1,0.0136530131,0.9812674552,0.9361180304957138,Train
WERHIK_clean,5.75389,3.54583,5.75389,1.67143,1139.75,681.902,0.0,0.0,0.4974,0.297589,0.0,0,0.3722850351,4.7903446113,4.71445790928845,Train
WESYAV_clean,4.87361,4.61034,4.87361,1.39877,1201.03,858.632,0.0,0.0,0.5228,0.373756,0.0,0,0.0662900768,2.4813581005,2.634662419113363,Train
WEVQIX_clean,8.30134,7.08669,8.30134,1.3689,1061.52,775.455,0.0,0.0,0.5704,0.416684,0.0,1,0.0053102666,0.486484306,0.4882558069168417,Train
WEVQOD01_clean,8.03523,6.79991,8.03523,1.55221,1025.68,660.788,0.0,0.0,0.5644,0.363612,0.0,1,0.0044843343,0.4056660789,0.41190354722584566,Train
WEVQOD_clean,8.33119,7.13692,8.33119,1.51454,1062.97,701.84,0.0665577,0.0439457,0.5726,0.378068,0.0,1,0.0044281396,0.4165951385,0.41113848699939104,Train
WEVQUJ_clean,8.44067,7.27418,8.44067,1.48575,1083.43,729.214,0.77233,0.519826,0.5778,0.388896,0.0,1,0.0044386264,0.4179997932,0.39547839918522554,Train
WEVRUK_clean,8.57681,7.4662,8.57681,1.43976,1130.1,784.921,4.16739,2.8945,0.5708,0.396454,0.0,1,0.0042526963,0.4188658765,0.40614228261390983,Train
WEVZUT_clean,5.27812,3.52606,5.27812,1.59275,798.942,501.612,5.51079,3.45992,0.4646,0.291697,0.0,0,0.0136852779,0.972115052,0.8724632843632745,Test
WEXTAV_clean,4.98825,4.19272,4.98346,1.40649,999.163,710.396,0.0,0.0,0.5104,0.36289,0.0,1,0.0174757162,1.2058200832,1.2115289949991364,Train
WEYQAU01_clean,4.51961,3.60555,4.51961,1.13786,1565.68,1375.99,0.0,0.0,0.5718,0.502522,0.0,0,0.042490072,2.9790321931,2.9067449207792997,Test
WEYQAU02_clean,4.51815,3.68584,4.44811,1.14062,1514.82,1328.07,0.0,0.0,0.5714,0.500956,0.0,0,0.0542586646,3.4970941556,3.4678633318151926,Train
WEYQAU03_clean,4.54995,3.78626,4.54995,1.12516,1590.17,1413.29,0.0,0.0,0.5782,0.513884,0.0,0,0.0554452002,3.5503769592000003,3.55188876662874,Train
WEYQAU04_clean,4.4842,3.61074,4.45602,1.15336,1507.95,1307.45,0.0,0.0,0.565,0.489873,0.0,0,0.0542189146,3.4373957121,3.4265833607564193,Train
WEYQAU05_clean,4.49445,3.64175,4.49445,1.14735,1525.05,1329.2,0.0,0.0,0.568,0.495054,0.0,0,0.0549841009,3.4644296446,3.4527021891281304,Train
WEYQAU06_clean,4.52093,3.69835,4.50827,1.13868,1559.53,1369.6,0.0,0.0,0.5718,0.502162,0.0,0,0.0554710376,3.4982926162,3.4608325474943364,Test
WEYQAU07_clean,4.54619,3.75106,4.54619,1.13112,1575.56,1392.92,0.0,0.0,0.576,0.509231,0.0,0,0.0563753487,3.5381796909,3.5437106275970196,Train
WEYQAU08_clean,4.54883,3.77222,4.52816,1.12759,1562.09,1385.34,0.0,0.0,0.5786,0.51313,0.0,0,0.055904312,3.5438798319,3.4901908865258804,Train
WEYQAU09_clean,4.54974,3.80687,4.54906,1.12252,1599.36,1424.8,0.0,0.0,0.5812,0.517765,0.0,0,0.0554650752,3.5426793838,3.5156089491669213,Train
WEYQAU10_clean,4.56818,3.83214,4.56487,1.10391,1656.82,1500.86,0.0,0.0,0.5884,0.533013,0.0,0,0.0436804053,3.063700679,3.0428445867094336,Train
WEYQAU12_clean,4.40257,3.44728,4.36821,1.18614,1438.51,1212.76,0.0,0.0,0.5546,0.467566,0.0,1,0.0530105165,3.386323005,3.2959559041464885,Test
WEZCIO_clean,8.732,7.51715,8.732,1.34422,1127.95,839.11,0.0,0.0,0.5656,0.420764,0.0,1,0.0044622301,0.444931618,0.4211327240024172,Train
WIBSAD_clean,9.62612,6.21746,9.61657,0.927119,1704.27,1838.25,6.32101,6.81791,0.6464,0.697214,0.0,1,0.0158659916,1.2823462063,1.4207336251082672,Test
WICGEV_clean,4.986,4.06891,4.90495,1.61194,943.479,585.307,0.0,0.0,0.463,0.287232,0.0,0,0.0131745461,0.8938460859999999,0.9104969262981557,Train
WIDQEG_clean,7.60111,7.11755,7.60111,1.01218,1727.14,1706.35,0.0,0.0,0.63,0.622417,0.0,0,0.0275906969,2.4744653439,2.411001834717238,Train
WIDWOX_clean,6.98663,4.18313,6.97418,1.49157,1020.42,684.125,118.512,79.4544,0.5482,0.367533,0.0,1,0.0087261436,0.6663315136,0.6423102784892181,Train
WIDZUG_clean,5.41352,3.48109,5.41227,1.38051,840.521,608.85,0.0,0.0,0.4942,0.357985,0.0,0,0.0153804351,1.0702617711,1.0256471524506143,Train
WIFBAQ_clean,6.13409,5.44238,6.13409,1.2726,1015.51,797.983,0.0,0.0,0.5042,0.396197,0.0,0,0.024307005,1.6536685713,1.5540306370435557,Test
WIHDUN_clean,4.94352,3.57815,4.9376,1.23221,1172.12,951.24,0.0,0.0,0.5416,0.439537,0.0,1,0.063233794,3.0018052235000003,2.986116363661005,Train
WIHVAL_clean,4.98172,4.06866,4.90588,1.61186,947.448,587.799,0.0,0.0,0.4852,0.301019,0.0,0,0.0129701657,0.9082884286,0.9257780124770407,Train
WIHVEP_clean,4.98664,4.03769,4.97035,1.60991,948.127,588.931,0.0,0.0,0.473,0.293805,0.0,0,0.0130420182,0.8976063643000001,0.9145583440285832,Train
WIHWAN_clean,9.73279,7.22908,9.72646,0.781161,2141.5,2741.43,0.0,0.0,0.7076,0.905831,0.0,0,0.0255445086,2.2013329885,2.233179071977949,Test
WIJDAV_clean,6.7427,5.50308,6.71088,1.44712,1338.51,924.951,0.0,0.0,0.528,0.364864,0.0,0,0.0325477975,2.053849951,1.9992236766674985,Test
WIJXEU_clean,10.21317,6.80397,9.6529,0.728441,2006.16,2754.05,0.0,0.0,0.7122,0.977705,0.0,1,0.0245672105,2.2551064614,2.1507345196233185,Train
WIJXIY_clean,14.24395,11.55698,14.23198,0.475086,1730.44,3642.38,0.0,0.0,0.8226,1.73148,0.0,1,0.016419964,1.5519151908000002,1.5845977010455297,Test
WIKXAQ_clean,7.61954,3.92787,7.61954,0.877202,2692.33,3069.22,0.0,0.0,0.7338,0.836523,0.0,0,0.0119965326,1.1196596294,1.2000849560080933,Train
WIKYAQ_clean,5.56765,4.22978,5.55876,1.17628,572.115,486.376,3.29466,2.80092,0.4396,0.373721,0.0,1,0.0090214909,0.6901866722,0.641215467286399,Train
WILDUR_clean,4.40563,4.06842,4.39346,1.59545,414.383,259.728,154.011,96.5316,0.4902,0.307249,0.0,1,0.0588923703,2.1178432921,2.1975421154823698,Test
WILFAZ_clean,4.61767,3.60434,4.60806,1.63777,404.45,246.951,107.478,65.6246,0.4794,0.292715,0.0,1,0.0524668897,1.970529383,1.8832447415832931,Test
WILGII_clean,5.04706,4.025,5.04249,1.31109,1273.98,971.693,0.0,0.0,0.578,0.440854,0.0,1,0.0285866411,1.7880916578,1.831019131298161,Train
WILHIK_clean,4.65234,4.0796,4.6262,1.34338,777.291,578.609,0.382682,0.284865,0.4858,0.361625,0.0,0,0.0749649013,2.5328666306,2.549037858309961,Train
WILNEL01_clean,4.81584,3.50149,4.81584,1.10493,799.46,723.542,0.0,0.0,0.5386,0.487453,0.0,0,0.0479979738,3.0460416515,2.80601495708935,Train
WILRAK_clean,6.14662,4.92634,6.07221,1.13056,2856.19,2526.36,0.0,0.0,0.7378,0.652598,0.0,1,0.0073561039,0.7236417803,0.7098716135716119,Train
WILREO_clean,6.22413,4.97143,6.22113,1.10896,2859.64,2578.66,0.0,0.0,0.7412,0.668372,0.0,1,0.0073250352,0.7211204387000001,0.6967572452187658,Train
WILRIS_clean,6.18287,5.26913,6.08331,1.06646,2702.71,2534.28,0.0,0.0,0.743,0.696696,0.0,1,0.0068139226,0.6470650736,0.6485184255181538,Train
WIMWEW_clean,4.85065,3.63556,4.83812,1.14632,1509.08,1316.45,0.0,0.0,0.552,0.481541,0.0,1,0.0467440762,2.8239412547,2.9113193086262603,Train
WIMWIA_clean,4.81894,3.74279,4.79734,1.18861,1454.84,1223.98,0.0,0.0,0.5584,0.469791,0.0,0,0.064936249,3.3459970419,3.416445528584904,Train
WINCEC_clean,4.94527,3.59812,4.94527,1.22278,1150.61,940.978,0.0,0.0,0.5326,0.435564,0.0,1,0.0603332558,2.9788631839,2.9525261829610487,Train
WIPLOY_clean,6.48105,4.74292,6.45525,1.18111,1714.15,1451.31,0.0,0.0,0.5818,0.492588,0.0,1,0.0539217696,3.1649346191000003,3.104390178616518,Train
WIPPIW_clean,6.83572,4.03275,6.83132,1.10561,1802.61,1630.43,0.0,0.0,0.614,0.55535,0.0,0,0.029635558,2.1796471972,2.264664581860238,Train
WIPZEC_clean,5.45688,4.84274,5.44436,1.09301,1433.3,1311.34,0.0,0.0,0.552,0.50503,0.0,0,0.0694456632,3.3607741848000003,3.3976321754380576,Test
WIRKOZ_clean,17.38546,6.83963,17.38546,0.742862,1607.16,2163.48,0.0,0.0,0.6666,0.897341,0.0,1,0.0199964655,1.491996494,1.6685114819821596,Test
WIRMOB_clean,8.09669,7.0815,8.09669,0.92351,1288.54,1395.26,130.958,141.805,0.578,0.625873,0.0,1,0.0748770908,2.6305766947,2.675450560681356,Train
WISTID_clean,5.3857,3.74409,5.37745,1.51731,1051.5,692.999,0.0,0.0,0.4932,0.325048,0.0,1,0.0630638883,2.513292872,2.4319822143904637,Train
WISVEB_clean,8.95121,6.85436,8.94162,0.828799,2404.18,2900.8,0.0,0.0,0.747,0.901304,0.0,1,0.0165626554,1.5975703864,1.5711220717254388,Train
WITJOA_clean,6.21484,4.39834,6.20863,1.03298,1693.59,1639.51,90.392,87.5058,0.5878,0.569032,0.0,1,0.0546923081,2.6728703051,2.788752117015375,Train
WITJUG_clean,5.88607,4.95547,5.85988,1.02366,1929.46,1884.87,0.0,0.0,0.5976,0.583788,0.0,1,0.039906641,2.8183786968,2.788564307252181,Train
WITKIV_clean,20.46084,11.48372,20.46084,0.586943,1702.14,2900.02,0.0,0.0,0.7774,1.32449,0.0,1,0.021852646,1.85260623,1.9500040329969737,Test
WIVKOD_clean,5.94278,4.37421,5.9419,2.24053,1604.96,716.33,0.0,0.0,0.585,0.261099,0.0,1,0.0087249904,0.7506333219,0.7050530252513738,Train
WIVRIE_clean,7.1828,5.28792,5.5333,1.16005,1460.05,1258.61,0.0,0.0,0.5844,0.50377,0.0,1,0.0553711417,2.8969235681,2.893387146335322,Test
WIWQOI_clean,5.87719,4.74286,5.84645,1.30118,2520.95,1937.44,0.0,0.0,0.693,0.532594,0.0,0,0.0066808282,0.6451726203,0.6262267440361562,Train
WIWQUO_clean,5.86317,4.77379,5.86317,1.51311,2502.33,1653.77,0.0,0.0,0.691,0.456676,0.0,0,0.0059964822,0.5746493322999999,0.5605259442809383,Train
WIYFAM_clean,9.09166,6.13483,9.09166,0.794129,2337.82,2943.87,0.0,0.0,0.7296,0.918742,0.0,1,0.028184883,2.333030682,2.4223378869323566,Test
WIYWAE_clean,5.55509,4.14993,5.55509,1.52455,953.655,625.532,0.0,0.0,0.496,0.325342,0.0,1,0.0219947745,1.3080986896,1.3279170306046497,Train
WIYWEI_clean,5.60421,3.86066,5.60127,1.48994,937.281,629.074,0.0,0.0,0.4916,0.329946,0.0,1,0.0207944825,1.2506775183,1.3157068196645487,Test
WIYWOS_clean,5.5468,4.15747,5.5468,1.51166,957.433,633.365,0.0,0.0,0.499,0.330101,0.0,1,0.0224253398,1.3128880334,1.345898872953751,Test
WIYWUY_clean,5.49903,4.14636,5.49903,1.53964,937.998,609.231,0.0,0.0,0.4952,0.321633,0.0,1,0.0218002662,1.2853926822,1.3029245662280742,Train
WIYZOU_clean,6.69801,4.2951,6.69801,1.32919,1592.17,1197.85,0.0,0.0,0.5518,0.41514,0.0,1,0.0089491183,0.8308537418999999,0.827263269042626,Train
WIZDEP_clean,11.388,10.51295,11.388,1.29023,1549.54,1200.97,0.0,0.0,0.6408,0.496654,0.0,1,0.0190716162,1.6867044084,1.653796000186678,Train
WIZKOH_clean,6.09672,4.22892,6.07575,0.908366,2253.73,2481.08,0.0,0.0,0.6284,0.691792,0.0,0,0.0539955441,4.0984172534,4.0147157588956475,Train
WIZMAV02_auto,12.74499,5.77928,12.74499,0.733163,2254.93,3075.61,0.0,0.0,0.725,0.988866,0.00027279,0,0.0112200926,1.0594528968,1.089804457216,Train
WOBHEB_clean,11.82299,11.04159,11.82299,1.21909,1551.12,1272.35,0.0,0.0,0.6516,0.534496,0.0,1,0.0192682485,1.7517383803,1.692963650326758,Test
WOBHOL_clean,11.68121,10.84815,11.68121,1.21577,1583.43,1302.41,0.0,0.0,0.6636,0.545826,0.0,1,0.0213217728,1.931441428,1.8606066289610477,Train
WOBHOM_clean,5.74395,5.29156,5.74395,1.06237,2263.33,2130.44,0.0,0.0,0.6418,0.604119,0.0,1,0.032358996,2.6559333833000003,2.5516026393819606,Train
WOBQEL_clean,6.08333,5.37096,6.07626,1.04043,1389.12,1335.14,0.0,0.0,0.5492,0.52786,0.0,1,0.0738378452,3.498596203,3.41149905708242,Train
WOCWAN_clean,5.80963,5.50482,5.80963,1.36819,906.494,662.552,0.0,0.0,0.4696,0.343228,0.0,0,0.0188806998,1.2045359712,1.1755452435805966,Test
WODFOL_clean,4.42221,3.69918,4.41972,1.50844,549.218,364.098,0.0,0.0,0.4148,0.274987,0.0,0,0.0780106849,2.146530489,2.1767176148078655,Train
WODVOB_clean,6.26224,4.9385,6.26224,0.976988,2134.32,2184.59,0.0,0.0,0.6306,0.645453,0.0,1,0.0358453679,2.684048948,2.696107649561654,Test
WODXEU_clean,5.99818,3.55745,5.99789,1.43122,1129.23,788.996,0.0,0.0,0.5054,0.353125,0.0,1,0.0220136081,1.4240072994,1.494192498101996,Test
WOFWET_clean,5.7179,4.33245,5.7179,1.22921,2521.0,2050.91,0.0,0.0,0.7142,0.581024,0.0,1,0.0080264853,0.7531911431,0.7286490679642832,Train
WOHBIF_clean,4.33773,3.41599,4.33773,1.49576,352.527,235.684,0.0,0.0,0.417,0.278788,0.0,0,0.0230316032,1.0679883812,1.13672588620538,Train
WOHDON_clean,5.72419,4.44331,5.72419,1.42898,2534.05,1773.33,0.0,0.0,0.696,0.487062,0.0,1,0.0134365622,1.2466727366,1.1629244014554156,Test
WOHQAN_clean,6.17426,4.1636,6.17426,1.52633,1173.96,769.14,0.0,0.0,0.515,0.337411,0.0,1,0.0073097173,0.641522429,0.6308103208283453,Train
WOHSIV_clean,4.85776,4.01614,4.85252,1.45202,314.846,216.834,0.0,0.0,0.3664,0.252339,0.0,1,0.0088805401,0.5413887888000001,0.5050567157188603,Train
WOHSOB_clean,4.76467,4.03549,4.66336,1.44804,377.496,260.695,0.0,0.0,0.3538,0.244331,0.0,1,0.0071611784,0.4591803297,0.44219995436840787,Train
WOJJOV_SL,7.82098,6.43142,7.82098,1.16534,871.633,747.963,192.071,164.819,0.4948,0.424596,0.0,0,0.1249368232,3.0273088132,3.002325541795692,Train
WOJZAY_clean,6.27243,4.13122,6.27243,1.17515,1915.59,1630.08,0.0,0.0,0.5984,0.509212,0.0,1,0.042784663,2.6387636216,2.7006339227927616,Train
WOJZEC_clean,6.29331,4.20233,6.29331,1.17761,1945.22,1651.83,0.0,0.0,0.5978,0.507636,0.0,1,0.0422135623,2.6434691443,2.672513603918159,Train
WOJZIG_clean,6.32968,4.348,6.32927,1.20953,2082.36,1721.62,0.0,0.0,0.5984,0.494736,0.0,1,0.0421619222,2.628986382,2.728583172512196,Test
WOJZOM_clean,5.77002,3.85246,5.77002,1.252,1972.92,1575.81,0.0,0.0,0.591,0.472044,0.0,1,0.0470998569,2.7481357842,2.890068167179974,Train
WOLMUG_clean,5.45253,3.7803,5.34777,1.25131,1519.07,1213.99,0.0,0.0,0.5746,0.459198,0.0,1,0.0292651347,1.9645854118,2.017285265736148,Train
WOLREV_clean,9.92256,5.8874,9.91786,0.624717,2477.67,3966.07,0.0,0.0,0.7426,1.1887,0.0,1,0.0262466775,2.3316857411000003,2.373650229346892,Train
WOLRIZ_clean,11.03643,6.52149,11.03643,0.928573,2127.88,2291.56,0.0,0.0,0.7184,0.77366,0.0,1,0.0211350411,1.7345163375,1.7327468240854809,Test
WOLYON_clean,13.08079,12.38023,13.06205,0.690785,1403.08,2031.14,0.0,0.0,0.695,1.0061,0.0,1,0.0128894769,1.1892430638,1.201393616744221,Test
WOPSAX02_clean,11.61446,10.87886,11.61282,1.12308,1562.97,1391.69,0.0,0.0,0.6468,0.575919,0.0,1,0.0210366904,1.9470793209,1.857752139355074,Test
WOPSAX_clean,11.66235,10.95208,11.66071,1.12361,1554.7,1383.67,0.0,0.0,0.6474,0.57618,0.0,1,0.021487256,1.943358521,1.8995837162259275,Train
WOPSOL01_clean,10.90023,10.70959,10.90023,1.18162,1552.96,1314.27,0.0,0.0,0.6334,0.536045,0.0,1,0.0217806687,1.9789968074,1.9112107356195167,Train
WOPSOL_clean,10.90058,10.69127,10.90058,1.17453,1540.78,1311.82,0.0,0.0,0.6378,0.543023,0.0,1,0.0201978565,1.8463253131,1.7568290410194614,Train
WOPWOO_clean,5.25085,4.08598,5.25085,2.1223,863.13,406.696,0.0,0.0,0.445,0.209679,0.0,1,0.0087819083,0.6050565632,0.6023139750202284,Train
WOQTUT_clean,7.74164,5.799,7.74164,1.37569,1208.67,878.591,0.0,0.0,0.519,0.377266,0.0,0,0.007169141,0.6682411491,0.6745377493480524,Train
WORKOF_clean,9.81174,6.0117,9.81174,0.930964,2043.98,2195.55,1.24552,1.33788,0.6752,0.725269,0.0,1,0.0335201094,2.470179051,2.4180658118367724,Test
WORKUL_clean,8.46756,5.64741,8.46756,0.942685,2103.28,2231.16,0.0,0.0,0.6726,0.713494,0.0,1,0.0386873684,2.6435785431,2.83322139054208,Train
WORLAS_clean,9.28052,5.47786,6.88618,0.953453,2042.04,2141.73,5.77107,6.05281,0.6674,0.699982,0.0,1,0.0359585531,2.6101552242,2.7562163319151,Test
WORREC_clean,7.54466,5.76979,7.52984,0.764767,2839.31,3712.64,0.0,0.0,0.7218,0.943817,0.0,1,0.0272491844,2.5157844144,2.5212488800375983,Train
WORSUT_clean,6.27181,5.14016,6.27181,1.1,1232.84,1120.77,0.0,0.0,0.519,0.471819,0.0,0,0.0312733751,1.9643909893,2.095645641478712,Test
WOSHET_clean,5.11803,3.57569,5.1143,1.5953,423.001,265.155,0.0,0.0,0.4296,0.269291,0.0,1,0.0095952928,0.5727170961,0.561919319617219,Train
WOTLOI_clean,8.00513,4.84682,8.00513,0.97425,1418.35,1455.84,0.0,0.0,0.579,0.594304,0.0,1,0.0189853986,1.5409143781,1.5446900196066393,Test
WOTSEF_clean,5.63894,4.87372,5.6352,0.95923,2385.0,2486.37,0.0,0.0,0.6578,0.685758,0.0,1,0.0347347551,2.8444001251,2.8337321046768347,Train
WOVDES_clean,5.23028,4.01485,5.22391,1.22139,660.545,540.814,0.0,0.0,0.4386,0.359099,0.0,0,0.0364639621,1.6437678388,1.534624644395854,Test
WOYHUP_clean,12.04583,5.92239,11.92324,0.785656,2290.99,2916.02,0.0,0.0,0.7288,0.927633,0.0,1,0.0434821505,3.1515659939,3.0399991619365783,Test
WOYJAX_clean,12.27463,5.80964,12.27345,0.829543,2229.7,2687.86,0.0,0.0,0.7142,0.860956,0.0,1,0.0513617064,3.2292726365,3.1679404139910323,Train
WOYJEB_clean,12.32799,5.95231,12.30286,0.80227,2262.64,2820.29,0.0,0.0,0.7248,0.903436,0.0,1,0.0453588741,3.1117739382,3.1118136746256244,Train
WOYJIF_clean,12.3325,5.92345,11.43456,0.799114,2266.72,2836.54,0.0,0.0,0.716,0.895992,0.0,1,0.0395492142,2.9121120938,2.875640251609399,Train
WOYJOL_clean,12.52097,5.76234,12.52097,0.820913,2240.31,2729.05,0.0,0.0,0.7178,0.874392,0.0,1,0.0436905992,2.9256930144,2.9861399631882835,Test
WOZGUP_clean,8.72596,4.78582,5.19905,0.69846,2019.57,2891.46,0.0,0.0,0.6706,0.960112,0.0,0,0.0310960852,2.3556993522,2.622643201946006,Test
WOZWEP_clean,9.13832,7.15944,9.13721,1.55974,883.314,566.32,0.0,0.0,0.468,0.30005,0.0,0,0.0209565757,1.3929948497,1.4070897477671351,Train
WUCRUH_clean,4.31723,3.81301,4.31723,1.71018,546.548,319.586,0.0,0.0,0.3908,0.228514,0.0,1,0.0545187281,1.8584288842,1.7755078117189886,Train
WUDVEY_clean,7.50178,6.81683,7.48998,1.3921,605.922,435.258,0.0,0.0,0.4572,0.328425,0.0,1,0.0104461026,0.7986503836,0.7761964243399608,Train
WUGQAS_clean,11.44556,6.40417,11.33705,0.730607,2384.2,3263.31,0.0,0.0,0.7356,1.00683,0.0,1,0.0392099116,3.00174028,2.8654058897657317,Test
WUHJIT_clean,10.93441,7.53577,10.93441,0.740914,2058.85,2778.79,0.0,0.0,0.6834,0.922374,0.0,1,0.0275869885,2.350961462,2.31884330410856,Test
WUKXEH_clean,20.08743,6.60038,20.08743,0.594513,2262.76,3806.08,0.0,0.0,0.7896,1.32814,0.0,1,0.025796254,2.2584945431,2.300638378005253,Train
WULJUJ_clean,13.2515,6.69559,13.2515,0.880841,2071.01,2351.17,0.0,0.0,0.7102,0.806275,0.0,1,0.0348524226,2.0683945411,2.179948291985076,Train
WULKAQ_clean,13.2528,6.68289,13.24082,0.879538,2081.51,2366.6,0.0,0.0,0.7114,0.808834,0.0,1,0.0347846138,2.0813292278,2.183858889399846,Test
WULQUR_clean,7.08547,5.79444,7.06039,0.976074,2045.35,2095.49,0.0,0.0,0.6658,0.682121,0.0,1,0.0343036067,2.971665239,2.6807057348581935,Test
WUNTEF_clean,5.11473,4.16376,5.10357,1.08866,1006.1,924.169,87.4124,80.2937,0.5292,0.486103,0.0,0,0.0576745839,3.0284237810000003,3.0290401300942036,Train
WUNTIJ_clean,5.10474,4.13393,5.10321,1.0969,978.875,892.401,83.5224,76.1441,0.514,0.468593,0.0,0,0.059871511,3.0728083552,3.0817081714404795,Train
WUNTOP_clean,5.08733,4.17716,5.07679,1.08852,1089.8,1001.18,0.0,0.0,0.5174,0.475323,0.0,0,0.0549616588,2.9599587168,2.932448288342341,Train
WUNTUV_clean,5.04996,4.14711,5.04511,1.09607,962.033,877.707,77.5987,70.7969,0.5244,0.478435,0.0,0,0.0553009931,2.9330865901,2.9914334177403115,Train
WUNVAD_clean,5.07875,4.17789,5.06297,1.09375,995.244,909.941,78.4709,71.7451,0.516,0.471773,0.0,0,0.0553114879,2.9503524081,3.0238887402720347,Test
WUNVOR_clean,5.13748,4.1998,5.12786,1.08542,1130.58,1041.61,0.0,0.0,0.5222,0.481103,0.0,0,0.0579806844,3.0216405936,2.9645043964737603,Test
WUNVUX_clean,5.06256,4.10802,5.0479,1.09653,996.696,908.953,84.6011,77.1534,0.5168,0.471304,0.0,0,0.0573369988,2.983922014,3.051495867353879,Test
WUPZUE_clean,5.06349,3.71152,5.06349,1.47923,1116.55,754.816,0.0,0.0,0.5356,0.362081,0.0,1,0.0502022732,2.3149972626,2.462921073763108,Test
WURKEB_clean,6.32965,4.86396,6.30162,0.999228,1791.69,1793.08,0.0,0.0,0.6306,0.631087,0.0,1,0.0278577796,2.2211888658000003,2.212627734357136,Train
WURNOO_clean,6.92026,6.59227,6.92026,1.32896,1046.66,787.578,0.0,0.0,0.471,0.354412,0.0,0,0.0130544575,1.0350695738,1.0866170586740476,Train
WUSCUJ_clean,5.70656,4.20407,5.70656,1.37248,1878.22,1368.48,0.0,0.0,0.6602,0.481026,0.0,1,0.0060638568,0.566671148,0.5682656782021889,Train
WUSGIC_clean,4.47666,3.4574,4.38159,1.49843,1071.95,715.381,0.0,0.0,0.5224,0.348632,0.0,0,0.0250036606,1.70634107,1.7416532626966523,Test
WUSLED_clean,10.30385,9.54542,10.30385,0.791501,1993.93,2519.18,0.0,0.0,0.7574,0.956916,0.0,1,0.0146112273,1.3095165702,1.34193465774123,Train
WUSSEK_clean,8.48774,6.12459,8.47169,0.953346,1562.83,1639.31,0.0,0.0,0.592,0.62097,0.0,1,0.0225306912,1.8427346684,1.9139275851800361,Train
WUSXEP_clean,10.27954,6.68603,10.27954,0.811613,2141.53,2638.61,0.0,0.0,0.7038,0.867162,0.0,1,0.0480639527,2.5646611498,2.743967901580577,Train
WUTBES_clean,7.39924,5.0967,7.39924,1.7772,885.87,498.464,0.0,0.0,0.459,0.258271,0.0,0,0.0145930791,1.0083113804,0.9953323094072248,Train
WUTBEU_clean,12.65678,12.45148,12.65678,0.754809,1718.63,2276.91,0.0,0.0,0.7462,0.988595,0.0,0,0.0204570177,1.8348730023,1.7360591677996613,Train
WUTBIW_clean,7.26683,5.05082,7.26683,1.84193,854.902,464.133,0.0,0.0,0.4484,0.24344,0.0,0,0.0154468257,0.9846078389,1.0212515157992434,Train
WUTBOC_clean,7.17175,4.98444,7.17175,1.90997,842.378,441.043,0.0,0.0,0.429,0.224611,0.0,0,0.0161689735,0.9892985432,1.0126232367652888,Test
WUTBUI_clean,7.46533,5.15143,7.46533,1.74528,880.071,504.258,0.0,0.0,0.4664,0.267235,0.0,0,0.0136147474,0.9646881891,0.933917121053559,Train
WUTCAP_clean,7.16776,4.98308,7.16776,1.90582,867.573,455.224,0.0,0.0,0.4432,0.232551,0.0,0,0.0159467232,0.9801938739,1.0113527650872147,Test
WUTKIG_clean,4.92252,4.16141,4.92016,1.02848,1305.43,1269.29,149.801,145.653,0.5256,0.511047,0.0,1,0.0251493549,2.0063411838,1.9534720508097938,Test
WUWQEL_clean,6.86556,5.42795,6.77124,1.72448,1373.37,796.394,0.0,0.0,0.5618,0.325779,0.0,0,0.0077262303,0.6562298945,0.6757015849843431,Train
WUYWIY_clean,9.10759,5.82003,9.09622,0.79426,2035.41,2562.65,0.0,0.0,0.6788,0.854632,0.0,0,0.022251482,1.9246376186,1.954367381922544,Train
WUYWOE_clean,9.31132,6.13762,9.25337,0.805528,2027.45,2516.92,0.0,0.0,0.6802,0.844415,0.0,0,0.0217109923,1.9236655657,1.9133856576039043,Train
WUYWUK_clean,8.78773,6.19333,8.65663,0.743413,2043.29,2748.52,0.0,0.0,0.6694,0.900442,0.0,0,0.0256076948,2.2541214286,2.230128871926465,Test
WUYXAR_clean,9.35403,6.16685,9.35403,0.696817,2021.29,2900.75,0.0,0.0,0.689,0.988782,0.0,0,0.0240904354,2.0662393690000003,2.1649954606101547,Test
WUYXEV_clean,9.37986,6.91474,9.3766,0.799877,2024.21,2530.65,0.0,0.0,0.6774,0.84688,0.0,0,0.0243738897,2.0656144229,2.1325847662363304,Test
WUYXIZ_clean,9.29397,7.061,9.29397,0.804304,2026.73,2519.86,0.0,0.0,0.6664,0.828542,0.0,1,0.0252811221,2.1485038166,2.185314070880364,Test
WUYXOF_clean,9.05505,5.17643,9.05505,0.759045,1983.21,2612.77,0.0,0.0,0.6628,0.873203,0.0,0,0.0218426169,1.9191081283,1.9606864427420976,Test
WUYXUL_clean,9.2643,7.0803,9.2643,0.838826,2017.64,2405.31,0.0,0.0,0.6628,0.790152,0.0,1,0.0243789495,2.0671334299,2.1054115476908217,Test
WUYYAS_clean,9.33636,7.09924,9.33362,0.775219,2017.38,2602.33,0.0,0.0,0.6762,0.87227,0.0,1,0.0241625704,2.0991937414,2.1377532679557376,Test
WUYYEW_clean,9.26232,6.95652,9.26232,0.838222,1987.56,2371.16,0.0,0.0,0.6778,0.808616,0.0,1,0.0244550285,2.0724530554,2.0935057943915547,Test
WUYYOG_clean,8.73316,6.23369,8.71341,0.740492,2050.34,2768.88,0.0,0.0,0.675,0.911557,0.0,1,0.031272508,2.5541065645,2.586331708572392,Test
WUZDOL_clean,5.93429,4.20385,5.53783,1.95218,1731.21,886.811,0.0,0.0,0.5688,0.291367,0.0,1,0.0078572743,0.6689924827,0.6818294140791097,Train
WUZGAB_clean,9.3852,6.06112,9.3852,0.741116,2013.56,2716.93,0.0,0.0,0.6778,0.914567,0.0,0,0.0232828915,2.0755957121,2.0724256827598477,Train
WUZQOZ_clean,6.97207,5.82661,6.96816,0.933596,1700.54,1821.49,0.0,0.0,0.6474,0.693448,0.0,1,0.0196250985,1.721699874,1.7252624382816861,Train
XACQAT_clean,5.05389,3.89577,5.05389,2.41939,826.15,341.47,0.0,0.0,0.42,0.173597,0.0,0,0.2885347293,2.6145730864,2.62625221273661,Train
XACSIG_clean,5.90641,4.49569,5.71401,1.1598,896.995,773.404,0.0,0.0,0.4966,0.428177,0.0,0,0.0268191666,1.5734245971,1.5738877214077382,Test
XACZEH_clean,10.60893,7.2431,10.60893,1.18823,994.3,836.792,67.7434,57.0121,0.5998,0.504785,0.0,1,0.0150361478,1.1411459928,1.0762587654802478,Test
XADCEM_clean,8.43446,8.11603,8.43446,1.03711,1659.86,1600.46,0.0,0.0,0.6244,0.602057,0.0,1,0.0460184903,3.450635506,3.1818232003942883,Train
XADDAJ01_clean,6.46856,4.61872,6.46856,1.24305,1893.89,1523.58,0.0,0.0,0.5932,0.477214,0.0,1,0.0348071629,2.4588007016,2.4127755083952307,Test
XADDAJ_clean,6.3423,4.46517,6.3423,1.25711,1867.55,1485.59,0.0,0.0,0.5936,0.472195,0.0,1,0.0342440851,2.420850669,2.3455136527238256,Train
XADDEN_manual,13.23644,6.65907,13.23644,0.875752,2128.62,2430.62,0.0,0.0,0.7182,0.820095,0.0,1,0.0367329862,2.2321411265,2.206382135920703,Train
XADDIR_manual,13.24642,6.64739,13.24642,0.87412,2116.36,2421.13,0.0,0.0,0.718,0.821397,0.0,1,0.0362034319,2.1800381496,2.2129654746909635,Train
XADDOX_clean,5.56472,4.25664,5.46687,1.21878,1831.56,1502.78,0.0,0.0,0.5704,0.46801,0.0,1,0.0198730435,1.6097285973,1.5134021929467212,Train
XADDUD_clean,6.46377,5.36376,6.20996,1.13461,1899.46,1674.11,0.0,0.0,0.5878,0.518062,0.0,1,0.0234172295,1.9023226923,1.8465137317201719,Test
XADGAM_clean,5.02813,3.93675,5.02538,1.19627,575.885,481.401,200.588,167.678,0.4922,0.411446,0.0,1,0.1269424001,2.7589332999,2.7750676193867636,Train
XADGOA_clean,4.96518,4.05764,4.96518,2.7729,1349.87,486.806,0.0,0.0,0.5428,0.195751,0.0,1,0.0187224867,1.1051998106999998,1.1410371634868937,Train
XAFBEN_clean,4.46675,3.68033,4.46518,1.46572,1326.74,905.182,0.0,0.0,0.5588,0.381246,0.0,1,0.0677935646,3.1108706660000003,3.178906392609746,Train
XAFFAN_clean,14.91316,13.24304,14.91316,0.365184,1896.05,5192.05,0.0,0.0,0.8544,2.33964,0.0,1,0.0212546055,1.9926459214,1.9843682838819696,Test
XAFFER_clean,14.21921,13.28886,14.21921,0.359874,1854.43,5152.99,0.0,0.0,0.8504,2.36305,0.0,1,0.0211203576,1.9895305798,1.9767443234545998,Test
XAFFIV_clean,14.22916,13.19368,14.22916,0.358398,1899.33,5299.5,0.0,0.0,0.8506,2.37334,0.0,1,0.0203758521,1.920062787,1.924058406144768,Test
XAFFOB_clean,14.83912,13.174,14.83912,0.366991,1878.61,5118.95,0.0,0.0,0.845,2.30251,0.0,1,0.020121344,1.9236354008,1.8963442911399606,Test
XAFFUH_clean,23.72832,19.63801,23.72795,0.329166,1685.62,5120.87,0.0,0.0,0.8726,2.65094,0.0,1,0.0219898679,2.0794925071,2.1339408297892324,Test
XAFXOT_clean,5.91185,4.82034,5.90988,1.88819,647.785,343.072,0.0,0.0,0.3646,0.193095,0.0,1,0.0140500857,0.8051873152,0.8077208907742239,Test
XAGPUT_clean,5.48557,4.55432,5.48557,1.58071,2319.33,1467.27,0.0,0.0,0.6272,0.396784,0.0,1,0.0258517093,1.9807271842,1.9458017178553386,Test
XAHPAZ_clean,8.5954,7.40656,8.5954,0.71813,2299.0,3201.36,0.0,0.0,0.725,1.00957,0.0,1,0.0223122285,2.0023548652,2.006530685763402,Train
XAHPED_clean,12.36916,10.86748,12.33885,0.374438,1946.72,5199.04,0.0,0.0,0.8398,2.24283,0.0,1,0.0196716662,1.8975488743,1.8897431364681978,Train
XAHPIH_clean,14.31673,13.37952,14.23422,0.356183,1691.25,4748.26,0.0,0.0,0.8698,2.442,0.0,1,0.0194983911,1.8867852198,1.8910432952441116,Train
XAHPON_clean,17.29514,15.33221,17.29514,0.284265,1476.32,5193.45,0.0,0.0,0.8856,3.1154,0.0,1,0.0230140963,2.2316403626,2.2249442130371992,Train
XAHPUT_clean,21.82812,20.58591,21.82812,0.178675,1104.09,6179.32,0.0,0.0,0.9154,5.12326,0.0,1,0.0260460641,2.5292807601,2.3477397269762204,Test
XAHQAA_clean,23.03533,21.60719,23.02579,0.170429,1040.62,6105.88,0.0,0.0,0.9292,5.45213,0.0,1,0.0258331781,2.6074371809,2.3078742133192063,Test
XAHWAG_clean,5.39358,4.37499,5.38893,1.33376,2734.04,2049.88,0.0,0.0,0.6868,0.514937,0.0,0,0.0299046319,2.3597260496,2.374722437922319,Test
XAJQAC_SL,8.58247,7.41664,8.57789,0.88698,2088.4,2354.51,0.0,0.0,0.6722,0.757852,0.0,0,0.0657726117,3.8946455321,3.8502985580585714,Train
XAJSEJ_clean,7.98338,7.19596,7.98212,0.722195,2566.22,3553.36,0.0,0.0,0.733,1.01496,0.0,0,0.0372374912,3.3602458914,3.3399625914175233,Train
XAKQOR_clean,6.07415,4.27878,5.44099,0.965162,1660.14,1720.06,0.0,0.0,0.5906,0.611918,0.0,0,0.0437216045,2.9430670858,2.9890399108223695,Train
XAKVUB_clean,4.10491,3.45919,4.10491,2.87963,383.784,133.276,0.0,0.0,0.3656,0.126961,0.0,1,1.4106752538,2.509798211,2.4118562743207956,Train
XAKYUE_clean,12.06174,7.75873,12.06174,0.881143,1544.96,1753.36,0.0,0.0,0.6152,0.698184,0.0,1,0.0290949158,1.9555729236,1.998710529925973,Train
XAKZAL_clean,8.8329,3.77071,4.46909,1.00158,193.263,192.958,1002.0,1000.42,0.5486,0.547735,0.0,1,0.0303343668,1.7126527393000002,1.6942564747259312,Train
XAKZIT_clean,12.23219,8.02038,12.23219,0.853098,1638.56,1920.72,0.0,0.0,0.6458,0.757006,0.0,1,0.0296734088,2.0399621683,2.0802001733732203,Train
XAKZOZ_clean,12.1779,8.09448,10.99703,0.853016,1612.06,1889.83,0.0,0.0,0.6372,0.746997,0.0,1,0.0319835988,2.0516858746,2.1373082816937745,Train
XAKZUF_clean,12.14685,7.7394,12.14685,0.885336,1547.82,1748.28,0.0,0.0,0.616,0.695781,0.0,1,0.0302806121,1.9821377059,1.9603343801399102,Test
XALBAO_clean,12.08969,7.27048,11.78932,0.880979,1591.93,1807.0,0.0,0.0,0.6308,0.716022,0.0,1,0.0296970758,2.0529222547,2.0684600732407623,Test
XALBES_clean,12.09861,7.46549,12.09861,0.882372,1572.28,1781.87,0.0,0.0,0.6194,0.701971,0.0,1,0.0312635439,2.0212144394,2.1142880127939554,Test
XALBIW_clean,12.14217,7.80534,11.99319,0.869373,1588.95,1827.7,0.0,0.0,0.6226,0.716148,0.0,1,0.0299142751,1.9974837641,2.0341535746231587,Test
XALBUI_clean,12.38727,7.83288,12.25594,0.880388,1559.27,1771.12,0.0,0.0,0.6108,0.693785,0.0,1,0.0301963823,2.0171287074,1.9923676663113832,Train
XALCAP_clean,12.14021,7.5095,12.14021,0.892504,1531.39,1715.83,0.0,0.0,0.6302,0.706103,0.0,1,0.0308540227,1.9911308565,2.0271444274327264,Train
XALCET_clean,12.0955,7.67742,12.0955,0.88783,1530.66,1724.05,0.0,0.0,0.6136,0.691123,0.0,1,0.0299955267,1.9131988563,1.9261916190521862,Train
XALCIX_clean,8.90504,3.86123,4.56441,1.0015,203.674,203.369,1009.04,1007.53,0.5542,0.55337,0.0,1,0.0315332461,1.6867600985,1.783072963775948,Test
XALCOD_clean,8.97205,3.95645,4.60423,0.992163,207.149,208.786,995.754,1003.62,0.5564,0.560795,0.0,1,0.0304475227,1.7097135515000002,1.7111162400754,Train
XALCUJ_clean,8.77917,3.81164,4.50991,0.995838,192.509,193.314,1019.4,1023.66,0.5598,0.562139,0.0,1,0.0300822727,1.714222598,1.6743970975792732,Test
XALDAQ_clean,8.8251,3.77258,4.48452,0.998614,192.623,192.891,1030.53,1031.96,0.5614,0.562179,0.0,1,0.0297614257,1.6937113063999998,1.6966529643616959,Train
XALDAS_clean,11.1437,9.04409,11.1437,0.650684,2284.21,3510.47,0.0,0.0,0.7594,1.16708,0.0,1,0.0325563661,2.3114033826,2.441070874993601,Train
XALDEU_clean,8.28708,3.55494,4.42564,1.01761,177.365,174.295,1049.0,1030.85,0.5566,0.546967,0.0,1,0.0285496553,1.6273360794,1.6414288601587808,Train
XALDIY_clean,8.51371,3.60578,4.41534,1.00994,178.965,177.204,1041.51,1031.26,0.5412,0.535874,0.0,1,0.0284121494,1.6312865083,1.632002444920604,Train
XALDOE_clean,8.72809,3.86749,4.52721,0.991405,208.075,209.879,1052.86,1061.99,0.545,0.549725,0.0,1,0.0292973434,1.6719739209,1.6652307856820454,Test
XALMII_clean,10.30936,8.99249,10.23213,0.734436,2165.04,2947.89,0.0,0.0,0.7052,0.960192,0.0,1,0.0235658781,2.0608574128,2.1133935213174238,Train
XALTIP_clean,18.68299,9.17237,18.68299,0.551216,1809.24,3282.27,0.0,0.0,0.7988,1.44916,0.0,1,0.0185468703,1.6675110906,1.707083725984087,Train
XALXUF01_clean,16.53276,6.69779,16.53276,0.78335,1957.27,2498.59,0.0,0.0,0.7286,0.930107,0.0,1,0.0302778797,2.5382432116,2.3349228886055755,Test
XALXUF_clean,16.29659,6.6292,16.03149,0.78852,1944.95,2466.59,0.0,0.0,0.7412,0.939989,0.0,1,0.0293964814,2.4786437596,2.317989232073741,Test
XAMDUM01_clean,13.18662,6.72456,13.18662,0.882605,2071.54,2347.07,0.0,0.0,0.7186,0.81418,0.0,1,0.038280318,2.1512639771,2.2192632878089733,Train
XAMDUM02_clean,13.17767,6.71826,13.17767,0.884458,2085.56,2358.0,0.0,0.0,0.7192,0.813153,0.0,1,0.039088857,2.2031344667,2.2202138199932886,Train
XAMDUM03_clean,13.16192,6.69067,13.16192,0.887821,2084.01,2347.33,0.0,0.0,0.7178,0.808496,0.0,1,0.0389726134,2.2024370049,2.2233765486057697,Train
XAMDUM04_clean,12.94074,6.40333,12.94074,0.919994,2127.62,2312.64,0.0,0.0,0.711,0.772831,0.0,1,0.0444438134,2.3974318147,2.403583690894583,Test
XAMDUM05_clean,13.11018,6.61787,13.11018,0.895381,2105.3,2351.29,0.0,0.0,0.717,0.800776,0.0,1,0.0409125904,2.2750556904,2.283402012631944,Test
XAMDUM06_clean,13.1663,6.64621,13.1663,0.88326,2088.66,2364.72,0.0,0.0,0.7192,0.814256,0.0,1,0.0378179267,2.1889114131,2.1930049288991116,Test
XAMDUM_clean,13.20706,6.72961,13.20706,0.879722,2074.04,2357.61,0.0,0.0,0.7196,0.817985,0.0,1,0.0368802281,2.1713973733,2.141853996746642,Train
XAMGUQ_clean,8.47788,6.65907,8.47788,0.938367,1761.37,1877.06,0.0,0.0,0.63,0.671379,0.0,1,0.0231254478,1.8711868623,1.9626885669435463,Train
XAMHEA_manual,9.05929,7.3957,8.92663,0.731602,2360.06,3225.88,0.0,0.0,0.7172,0.980315,0.0,0,0.0258131736,2.0973580784,2.2528437982511735,Test
XANKOO_clean,10.98297,5.31916,10.97484,0.745521,2263.49,3036.11,6.87382,9.22015,0.704,0.944306,0.0,1,0.018466907,1.7397116211,1.7121055254275024,Test
XANLAA_clean,6.14583,4.4748,6.13418,0.794677,2426.04,3052.86,0.0,0.0,0.655,0.824234,0.0,1,0.0503537558,3.9388526612,3.9461734488087457,Train
XANLEE_clean,6.11311,4.49275,6.10612,0.785206,2427.23,3091.21,0.0,0.0,0.6562,0.835705,0.0,1,0.0507586791,4.026857893,3.9527787453808436,Train
XANMIJ_clean,6.91782,5.66055,6.91782,1.1601,1892.28,1631.14,0.0,0.0,0.5818,0.50151,0.0,0,0.0188925638,1.6075552482,1.5351943376391146,Test
XAPCOH_clean,8.13608,7.45425,8.13237,1.22623,2069.1,1687.37,0.0,0.0,0.6692,0.545739,0.0,0,0.01966731,1.6227666963999998,1.665536753895855,Test
XAPCOJ01_clean,7.3057,7.1276,7.3057,1.11442,1602.91,1438.33,0.0,0.0,0.599,0.537499,0.0,0,0.0386021802,3.06325262,3.093493301796478,Train
XAPCOJ02_clean,7.30662,7.12733,7.30662,1.1168,1599.91,1432.58,0.0,0.0,0.598,0.535457,0.0,0,0.0378402802,3.0796221985,3.027716777892792,Test
XAPCOJ03_clean,7.31075,7.15837,7.31075,1.119,1594.88,1425.28,0.0,0.0,0.597,0.533514,0.0,0,0.038074711,3.0302204245,3.034076970955156,Train
XAPCOJ04_clean,7.30941,7.11813,7.30941,1.12085,1593.11,1421.33,0.0,0.0,0.597,0.53263,0.0,0,0.038058932,3.0800099109,3.0235240169086346,Train
XAPCOJ05_clean,7.33092,7.2403,7.33092,1.11449,1591.26,1427.79,0.0,0.0,0.599,0.537465,0.0,0,0.0369093196,3.0045006653,2.949573825182385,Test
XAPCOJ06_clean,7.33103,7.26133,7.33103,1.11607,1588.71,1423.49,0.0,0.0,0.5978,0.535629,0.0,0,0.0368304246,2.9820471578,2.9498053242683993,Test
XAPCOJ07_clean,7.31581,7.08591,7.31581,1.1114,1611.64,1450.1,0.0,0.0,0.6012,0.540938,0.0,0,0.0381423352,3.1058897142000004,3.100343136450711,Train
XAPCOJ_clean,7.18852,7.02354,7.18852,1.11226,1622.09,1458.37,0.0,0.0,0.6008,0.540161,0.0,0,0.0393730967,3.160514335,3.1245958122951105,Train
XAPCUN_clean,8.23812,7.71066,8.23292,1.2095,2057.71,1701.29,0.0,0.0,0.6722,0.555769,0.0,0,0.0193618495,1.6045213576,1.6122367426823663,Train
XAPDAU_clean,8.2002,7.60089,8.18046,1.21167,2074.4,1712.02,0.0,0.0,0.6722,0.554773,0.0,0,0.0193730409,1.6008801897,1.611528505723808,Train
XAPDEY_clean,8.43698,7.85452,8.43698,1.19984,2075.29,1729.64,0.0,0.0,0.6726,0.560573,0.0,0,0.0191946362,1.6049308327,1.5997701573996472,Train
XAPGAZ_clean,10.38016,8.73539,10.36807,1.35659,2005.54,1478.37,0.0,0.0,0.7244,0.533985,0.0,1,0.0041013615,0.4115557544,0.4095459620850752,Train
XAPGED_clean,10.47318,8.63887,10.47223,1.31181,2059.34,1569.85,0.148904,0.11351,0.7314,0.557551,0.0,1,0.004354207,0.4217522568999999,0.42323596089324056,Train
XAPGOK_clean,4.30393,3.46273,4.2974,1.65851,453.916,273.69,0.0,0.0,0.4906,0.295808,0.0,1,0.0268632032,1.9347144134,1.697993156946329,Train
XAPGUQ_clean,5.69788,4.67127,5.65245,1.33358,1307.89,980.739,0.0,0.0,0.5882,0.44107,0.0,1,0.0191858588,1.4095234488,1.355527347086061,Train
XAPNIN_clean,6.36937,5.09614,6.24616,0.987749,1999.77,2024.57,0.0,0.0,0.6554,0.663529,0.0,0,0.0360694959,2.886708899,2.818307798047606,Test
XAPSIS_clean,5.46139,4.76389,5.45821,0.955004,2054.51,2151.31,0.0,0.0,0.644,0.674342,0.0,1,0.0321472488,2.5310346459,2.519218080440977,Test
XAPTEQ_clean,5.59461,4.17124,5.5868,1.43565,1333.03,928.52,0.0,0.0,0.5274,0.36736,0.0,1,0.060115849,2.5095966239,2.645954241424152,Train
XAPTUE_clean,7.01351,4.77674,6.96552,1.46731,1437.82,979.906,0.0,0.0,0.555,0.378244,0.0,1,0.0337182298,2.2889355567,2.123031375673873,Test
XARPAK_clean,5.96341,5.54999,5.95022,1.02109,1555.57,1523.45,0.0,0.0,0.5744,0.562538,0.0,1,0.0389669656,2.9107649121,2.6030528408854345,Test
XASFAY_clean,4.84062,3.90347,4.82463,0.992255,1242.53,1252.23,0.0,0.0,0.541,0.545223,0.0,1,0.0295510263,2.0511087033,2.1402559872302884,Test
XASJUZ_clean,5.3717,3.49252,5.3717,1.8286,687.912,376.196,166.963,91.3066,0.5254,0.287324,0.0,1,0.019981076,1.3440491057,1.2670467725808936,Train
XASNUD_clean,13.51875,4.58024,13.51875,0.967914,2185.15,2257.59,0.0,0.0,0.6906,0.713493,0.0,1,0.0334347309,2.731657682,2.6263289036492017,Train
XASPEP_clean,8.21663,6.97386,8.21491,1.11162,2036.98,1832.45,0.0,0.0,0.6426,0.578078,0.0,1,0.0306783678,2.5122153719,2.4458812203518185,Train
XATLIQ_clean,6.68504,4.40867,6.68504,1.13487,1861.75,1640.49,0.0,0.0,0.6014,0.529928,0.0,1,0.023051194,1.9521284607,1.8514542687423123,Train
XATZOK_clean,8.52599,5.82023,8.33095,0.788781,2129.05,2699.16,0.0,0.0,0.69,0.874767,0.0,1,0.0390867918,2.9092534960000003,3.0304424216144277,Test
XATZUQ_clean,7.56959,6.44554,7.50387,0.891969,1666.54,1868.38,0.0,0.0,0.6382,0.715495,0.0,1,0.0315055892,2.5239441191,2.5512583081480456,Test
XAVDEF_clean_h,7.82348,7.29552,7.82348,0.99494,1791.82,1800.93,0.0,0.0,0.636,0.639234,0.0,1,0.0275208185,2.4905630729,2.362192327310579,Train
XAVKIR_clean,15.62831,12.51365,15.62831,0.534545,1877.9,3513.08,0.0,0.0,0.7824,1.46367,0.0,1,0.0358981431,2.7862681183,2.7463925621636087,Train
XAVQIU01_clean,4.21946,3.54584,4.20969,1.16836,1052.94,901.216,0.0,0.0,0.57,0.487865,0.0,1,0.0299780985,2.3618239184,1.997231433269512,Test
XAVQIU_clean,4.2412,3.56279,4.22796,1.15986,1110.01,957.016,0.0,0.0,0.5978,0.515406,0.0,1,0.030384637,2.3787645872,2.034633266745097,Test
XAWVUN_clean,10.78711,9.22291,10.78432,0.464213,2191.63,4721.18,0.0,0.0,0.8104,1.74575,0.0,1,0.0195547284,1.9023242022,1.8733327408534375,Train
XAZFEJ_clean,4.73064,4.15643,4.70239,1.61284,1526.71,946.596,0.0,0.0,0.5556,0.344486,0.0,1,0.0158518602,1.2643752176,1.2746839784959745,Train
XAZGEK_clean,4.67162,3.9585,4.53755,1.49862,1406.73,938.683,116.154,77.5075,0.6196,0.413447,0.0,1,0.0086141491,0.8084452075,0.8492773970238177,Train
XEBHOC_clean,12.08201,9.91355,12.06465,0.465059,2182.46,4692.86,0.0,0.0,0.813,1.74817,0.0,1,0.0194756839,1.8935634379,1.866539853522123,Test
XEDGIY_clean,7.07898,5.31452,7.01634,0.998068,1852.97,1856.56,0.0,0.0,0.6184,0.619597,0.0,1,0.020841642,1.7405940813999998,1.7686933634295594,Test
XEDLUN01_clean,4.9958,3.46915,4.97725,0.885985,1404.66,1585.43,0.0,0.0,0.6048,0.68263,0.0,1,0.0684121619,4.0649980226,4.059274283023256,Train
XEDLUN_clean,5.03615,3.51292,5.0361,0.885985,1404.83,1585.62,0.0,0.0,0.61,0.688499,0.0,1,0.0687945682,4.0579058322,4.033055737930923,Train
XEDPED_clean,10.92065,8.43628,10.92065,1.03509,1442.59,1393.7,0.0,0.0,0.609,0.588357,0.0,0,0.0263392061,1.7842737023,1.8877999869766497,Test
XEDPIH_clean,4.84924,3.94171,4.80226,1.78705,773.954,433.09,0.0,0.0,0.5042,0.282141,0.0,0,0.0520735035,1.5595932231,1.93799458931315,Test
XEDPON_clean,7.48304,4.32366,7.48304,1.13521,1918.18,1689.72,0.0,0.0,0.6406,0.564302,0.0,1,0.0380982804,2.8414808523,2.6957647433369396,Test
XEDPUT_clean,12.14022,5.32775,12.13484,1.5096,998.115,661.177,50.3608,33.3603,0.5416,0.35877,0.0,1,0.241710284,2.5566057302000003,2.645437323608479,Train
XEFGAQ_clean,4.04864,3.84801,4.03945,1.23647,540.504,437.135,0.0,0.0,0.4578,0.370247,0.0,0,0.0432386453,2.0843465136000003,2.070224904343851,Train
XEFKOI_clean,4.24138,4.03203,4.24093,1.2014,660.067,549.414,0.0,0.0,0.487,0.40536,0.0,0,0.0482794762,2.1738190018,2.178601652171702,Train
XEGJIE02_clean,6.83643,4.32814,6.8224,1.14242,1819.25,1592.45,0.0,0.0,0.6186,0.541481,0.0,1,0.0269095055,2.0565171321,2.099527438262721,Test
XEGJIE_clean,6.8392,4.32331,6.8392,1.14242,1823.4,1596.08,0.0,0.0,0.6078,0.532027,0.0,1,0.0268288233,2.0466910954,2.0922263287884495,Test
XEGJOK_clean,8.03848,5.65574,8.03848,1.06612,2083.29,1954.09,0.0,0.0,0.6316,0.59243,0.0,1,0.0243885167,2.0243844445,2.01143781562488,Train
XEGJUQ_clean,7.4125,4.89988,7.38387,1.09762,2034.16,1853.25,0.0,0.0,0.6302,0.574154,0.0,1,0.026228336,2.0643353718,2.1158702717470628,Test
XEGKAX_clean,7.81736,4.94122,7.81736,1.03321,2328.38,2253.55,0.0,0.0,0.6462,0.625431,0.0,1,0.0228542318,1.9305020802,1.9496210590901804,Train
XEGKEB_clean,8.23995,5.69274,8.22914,1.05735,2095.89,1982.22,0.0,0.0,0.65,0.614747,0.0,1,0.0234851404,1.9593003433,1.9452093813689868,Test
XEGKIF_clean,5.20553,3.75045,5.02164,1.3269,1101.02,829.769,0.0,0.0,0.5188,0.390988,0.0,1,0.0411763781,2.1724613078,2.1524577731844885,Test
XEGKOL_clean,8.255,5.9525,8.24564,1.11832,1646.01,1471.86,0.0,0.0,0.6014,0.537769,0.0,0,0.0193351012,1.5772000634,1.5489503456056921,Train
XEGKUR_clean,6.60096,5.85838,6.60096,1.03463,2226.74,2152.21,0.0,0.0,0.653,0.631143,0.0,1,0.0236908139,2.0463081855,1.989645103856793,Train
XEHDEV_clean,10.95452,9.96703,10.95452,0.958795,1688.15,1760.7,0.0,0.0,0.6704,0.699211,0.0,0,0.0220582321,1.9033768438,1.9027661428277933,Train
XEHRUY_clean,4.75094,3.73804,4.73309,1.40294,806.249,574.687,0.0,0.0,0.4558,0.32489,0.0,0,0.0289382157,1.6096381422,1.5259801203264647,Test
XEHSAF_clean,4.88109,3.65952,4.87411,1.39164,808.303,580.827,0.0,0.0,0.4608,0.33112,0.0,0,0.0285697565,1.5903082077,1.4910415947035296,Train
XEHSEJ_clean,5.24127,3.85188,5.21916,1.33454,931.861,698.265,0.0,0.0,0.4838,0.362522,0.0,0,0.027355056,1.5232283953,1.5395249314206425,Test
XEHSIN_clean,4.81303,3.64676,4.81303,1.40908,773.939,549.25,0.0,0.0,0.452,0.320776,0.0,0,0.0299686867,1.6068868455,1.531758911412489,Train
XEHSOT_clean,4.76348,3.63666,4.76348,1.41375,744.384,526.53,0.0,0.0,0.4508,0.318867,0.0,0,0.0290131222,1.5998699254,1.5297992703171275,Train
XEHSUZ_clean,4.73753,3.78928,4.73753,1.38845,832.486,599.579,0.0,0.0,0.4634,0.333753,0.0,0,0.0292965524,1.5934603556,1.5310183271003548,Train
XEJWUG_clean,4.34072,3.48491,4.33485,1.56158,471.476,301.922,0.0,0.0,0.4076,0.261018,0.0,0,0.0711139752,1.8626410402,1.8936557358125938,Train
XEJXAN_clean,4.27901,3.60567,4.27901,1.57867,491.894,311.588,0.0,0.0,0.4078,0.258319,0.0,0,0.0735659968,2.1252962145,2.0660580918972284,Train
XEJXER_clean,4.12173,3.57853,4.12173,1.5597,414.634,265.842,0.0,0.0,0.4006,0.256844,0.0,0,0.012009077,0.7436228892,0.7589185781894705,Train
XEKCAT01_clean,5.91545,4.93297,5.80854,0.930696,2244.72,2411.88,0.0,0.0,0.61,0.655424,0.0,1,0.0420388232,3.3856049646,3.2160085270776406,Test
XEKCAT_clean,5.88115,4.91006,5.87893,0.940943,2247.61,2388.68,0.0,0.0,0.6062,0.644247,0.0,1,0.0436126062,3.4787404164,3.33054725324471,Train
XEKDOI_clean,4.10568,3.45704,3.93638,1.4574,748.354,513.486,0.0,0.0,0.4558,0.312749,0.0,1,0.0083100258,0.6759506524,0.7021638024233419,Train
XEKMIL_clean,4.64233,3.82793,4.64153,1.9066,1018.44,534.165,0.0,0.0,0.4706,0.246827,0.0,1,0.0117104168,0.8793646558,0.8816456485734963,Test
XENCAU_clean,8.29403,6.89914,8.29403,0.556974,2324.09,4172.71,0.0,0.0,0.7312,1.31281,0.0,1,0.0129786415,1.2709005774,1.298995051271474,Train
XENKIM_clean,7.32998,6.03401,7.3267,0.822036,2196.41,2671.92,0.0,0.0,0.6598,0.802641,0.0,1,0.02961283,2.57657563,2.5141552807981857,Test
XENMIO_SL,4.2763,3.43605,4.2763,1.62008,351.871,217.194,309.344,190.944,0.4486,0.2769,0.0,1,0.1191853882,2.1299622456,2.102902114028546,Train
XENMOU_SL,4.28444,3.44611,4.27407,1.60371,375.808,234.337,301.542,188.028,0.4528,0.282345,0.0,1,0.1084015575,2.1284493958,2.186487798751962,Train
XEPBAX_clean,5.14969,3.64809,5.0808,0.940411,1672.05,1778.0,0.0,0.0,0.6138,0.652693,0.0,1,0.0282229623,2.2605707206,2.221043290834618,Train
XEQGAC_clean,5.58663,3.48947,5.56914,1.35723,1328.82,979.066,0.0,0.0,0.5714,0.421003,0.0,1,0.034238367,2.0982487339,1.9889753431849733,Test
XEQRAO_clean,5.51146,4.60933,5.51146,1.37083,876.068,639.08,0.0,0.0,0.4564,0.332938,0.0,1,0.0187616944,1.2942240322,1.1791685455668621,Train
XESKAJ_clean,9.85685,9.29464,9.85685,1.10591,1360.23,1229.96,0.0,0.0,0.5664,0.512158,0.0,1,0.0140297632,1.3070792513,1.2443203568393544,Train
XESKEN_SL,9.9038,9.36477,9.9038,1.10837,1274.59,1149.97,0.0,0.0,0.5552,0.500916,0.0,1,0.0096878399,0.9231144917,0.9108333691527395,Train
XESKIR_clean_h,10.14317,9.85365,10.14317,1.23585,1309.87,1059.89,0.0,0.0,0.5666,0.45847,0.0,1,0.007044163,0.6871383772,0.6697904055242583,Train
XESKUD_clean,9.9638,9.32015,9.9638,1.26973,1375.76,1083.51,0.0,0.0,0.5732,0.451435,0.0,1,0.0081925616,0.7734111781999999,0.7654049721720118,Train
XESLAK_clean,10.31182,9.72546,10.31182,1.3077,1323.78,1012.29,0.0,0.0,0.5742,0.439091,0.0,1,0.0062873311,0.6094617123,0.5905833138738963,Train
XEWDUA_clean,8.87023,8.12641,8.87023,1.28139,1148.81,896.537,0.0,0.0,0.5282,0.41221,0.0,1,0.0080321749,0.7208205018000001,0.7158534627372877,Train
XEWFAI_clean,8.58001,7.48221,8.58001,1.10647,1594.92,1441.46,0.0,0.0,0.5888,0.532145,0.0,1,0.0110195208,0.9604923051,1.0309742878976658,Train
XEXLAP_clean,8.64993,8.01633,8.63141,1.0685,1374.86,1286.72,0.0,0.0,0.5518,0.516424,0.0,0,0.0152518733,1.3809323787,1.3348471490439844,Train
XEXLET_clean,8.01945,7.40132,8.00563,1.23661,1375.89,1112.63,0.0,0.0,0.5666,0.458188,0.0,0,0.0139097831,1.2587240795,1.2138448398822244,Train
XEXLIX_clean,7.04809,6.65056,7.03557,1.241,1207.66,973.134,0.0,0.0,0.527,0.424658,0.0,1,0.0330833587,2.2476657392,2.166021024313607,Train
XEXLOD_clean,7.18877,6.831,7.15894,1.17716,1370.68,1164.39,0.0,0.0,0.5458,0.463657,0.0,1,0.0269026498,2.0173096589,2.0548092250332832,Test
XEXLUJ_clean,8.72919,8.14175,8.68787,1.12133,1390.1,1239.69,0.0,0.0,0.5646,0.50351,0.0,1,0.0234166106,1.8630116814,1.7958161212310186,Test
XEXMAQ_clean,8.3881,8.06353,8.36842,1.12082,1406.28,1254.68,0.0,0.0,0.5662,0.505164,0.0,1,0.0243332681,1.8696656458,1.887511356854444,Test
XEXMEU_clean,9.62722,8.85338,9.62722,1.05458,1424.32,1350.6,0.0,0.0,0.595,0.564206,0.0,1,0.0194597628,1.6622519418,1.5807019285989927,Test
XEYMAR_clean,6.22077,4.79076,5.73209,1.34353,2239.47,1666.86,0.0,0.0,0.6636,0.493924,0.0,1,0.0160329739,1.2905608141,1.3881077186651276,Test
XIBZUF_clean,6.9167,4.63591,6.73101,0.936691,2313.06,2469.39,0.0,0.0,0.6504,0.694359,0.0,1,0.0430411142,3.352892214,3.245653036682132,Train
XICNOO01_clean,19.50435,6.85327,19.46967,0.908856,1908.32,2099.7,0.0,0.0,0.7472,0.822132,0.000220057,1,0.0131807437,1.2369079665,1.2175954749799194,Train
XICNOO02_clean,19.59015,6.72401,19.59015,0.902602,1911.89,2118.2,0.0,0.0,0.7472,0.827829,0.000221582,1,0.0132153146,1.2182242989,1.2067438575863954,Test
XICNOO_clean,19.61611,6.71064,19.54957,0.903297,1911.76,2116.42,0.0,0.0,0.747,0.826971,0.000221411,1,0.0131868896,1.222867559,1.2067438575863954,Train
XICYAL_clean,7.12423,4.20147,7.12423,1.10581,1383.62,1251.23,0.0,0.0,0.5472,0.49484,0.0,1,0.0399230458,2.2596937269,2.436299266169211,Train
XICYEP_SL,6.23549,4.07005,5.99515,1.80747,1927.34,1066.32,0.0,0.0,0.6084,0.336603,0.000442607,1,0.0208206491,1.40711534,1.510750477887387,Test
XICYIT_SL,6.2924,4.02189,6.26235,1.33234,1949.8,1463.44,0.0,0.0,0.6146,0.461294,0.000450336,1,0.0277640275,1.9096765548,2.041674185827078,Test
XICZAM_clean,19.52135,6.64584,19.52135,1.26176,1911.12,1514.64,0.0,0.0,0.7502,0.594564,0.000158508,1,0.0097073827,0.8940845838,0.8722265300738907,Train
XIDBUJ_clean,7.40475,6.25511,7.40475,1.09542,1351.03,1233.34,0.0,0.0,0.5684,0.518888,0.0,0,0.0380902645,2.6309182452,2.5387507958060676,Test
XIDSUZ_clean,16.05314,15.78983,16.05314,0.493271,1893.57,3838.8,0.0,0.0,0.781,1.58331,0.0,1,0.0230823817,2.1371662565,2.1341975978879,Test
XIFHIF_clean,9.50274,8.84024,9.48896,1.39627,1580.72,1132.1,0.0,0.0,0.6078,0.435304,0.0,1,0.012342442,1.0424195808,1.0549488839966497,Train
XIGFOJ_manual,18.90864,18.72951,18.90864,0.692037,1357.79,1962.03,0.0,0.0,0.7528,1.0878,0.0,1,0.0187183503,1.6296795705000002,1.626007588528363,Test
XIGHAX_clean,9.42856,6.02587,9.42856,1.28204,1741.22,1358.17,0.0,0.0,0.657,0.512466,0.0,0,0.011405394,1.0017313092,1.0323282471542572,Train
XIGHEB_clean,9.46287,6.0394,9.46287,1.26391,1742.96,1379.02,0.0,0.0,0.6604,0.522504,0.0,0,0.0109195538,0.9803938414,1.0089987397388411,Train
XIGHIF_clean,9.11851,6.40194,9.11851,1.31172,1721.81,1312.64,0.0,0.0,0.6494,0.495075,0.0,0,0.0113303455,1.0060307971,1.0213375627970531,Train
XIGWUF_clean,7.07949,4.99162,7.07464,0.478412,3315.96,6931.17,0.0,0.0,0.7822,1.63499,0.0,1,0.0094200261,0.9096093971,0.9232994907156351,Train
XIHRIQ_clean,4.88127,3.7293,4.77721,1.106,908.9,821.794,0.0,0.0,0.4886,0.441774,0.0,0,0.0481863133,2.1755579941,2.341409578825986,Train
XIHSAJ01_clean,5.98845,3.99073,5.69816,1.03053,1765.29,1712.99,0.0,0.0,0.576,0.558935,0.0,1,0.037599692,2.649237381,2.634411759052455,Train
XIHSAJ_clean,6.08478,4.0122,6.08478,1.01421,1817.12,1791.66,0.0,0.0,0.6044,0.595933,0.0,1,0.0360019954,2.6039522173,2.6739934580314153,Test
XIHSEN01_clean,5.64298,3.8792,5.64298,1.08478,1405.71,1295.85,0.0,0.0,0.5704,0.525822,0.0,1,0.0406738807,2.6559091417,2.5257810838262937,Test
XIHSEN_clean,5.63541,3.87826,5.63541,1.09092,1426.31,1307.44,0.0,0.0,0.5682,0.520843,0.0,1,0.0430776301,2.7568598353,2.6111475947214986,Test
XILLEL_clean,7.63373,5.31385,7.61296,0.988669,1586.87,1605.06,0.0,0.0,0.5862,0.592918,0.0,0,0.0524670362,3.8490898314,3.5147674468201866,Train
XILLIP_clean,8.02024,6.48918,8.00532,0.699116,2353.41,3366.26,0.0,0.0,0.7058,1.00956,0.0,0,0.0525664942,3.9529606365,4.046680400457191,Train
XILSUI_clean,8.05462,5.1792,8.05462,0.833153,2078.06,2494.21,0.0,0.0,0.6418,0.770326,0.0,1,0.0339762604,2.8944506996,2.7507599971150163,Test
XILTAP_clean,7.46835,4.491,7.46835,0.893159,2015.14,2256.2,0.0,0.0,0.622,0.696404,0.0,1,0.0377119564,3.0179436139,2.788090755749326,Test
XILVIZ_clean,7.75339,4.84522,7.60552,0.848736,2042.74,2406.8,0.0,0.0,0.6436,0.758304,0.0,1,0.035383762,2.9338984416,2.8223677989754172,Test
XINHOT_clean,5.41924,4.10207,5.41262,1.543,726.815,471.04,0.0,0.0,0.4344,0.281529,0.0,0,0.0339485184,1.3867114137,1.4431212994651759,Train
XINRAP_clean,7.72889,5.88361,7.72889,0.997869,1989.71,1993.96,0.0,0.0,0.6604,0.66181,0.0,1,0.013593263,1.2186697169,1.2330375980330168,Test
XINWUO_clean,6.28616,4.28799,6.28616,1.09832,2350.01,2139.64,0.0,0.0,0.6626,0.603282,0.0,1,0.0104210982,0.9557528138,0.9361614368913633,Train
XINZEB_clean,5.58391,4.38224,5.56908,1.48991,1505.54,1010.49,0.0,0.0,0.5618,0.377069,0.0,1,0.0477320983,2.5547228537,2.498196482143985,Train
XIPGUA_clean,6.999,4.80417,6.51629,2.95533,1333.32,451.159,0.0,0.0,0.4992,0.168915,0.0,1,0.0018246128,0.1776124637,0.19881953874502933,Train
XISLAM_clean,4.34393,3.64065,4.34393,1.93617,692.959,357.901,0.0,0.0,0.4122,0.212894,0.0,0,0.6880637944,2.9576800196,3.0742785432906965,Train
XISPEW01_clean,7.58694,5.52656,7.5744,1.14161,1954.46,1712.03,0.0,0.0,0.624,0.546598,0.0,1,0.0287845152,1.9694258001,2.2518949826457364,Test
XISPEW02_clean,7.73943,5.5228,7.73943,1.0858,1985.75,1828.83,0.0,0.0,0.6324,0.582427,0.0,1,0.0251047242,1.867098553,2.037688914335661,Train
XISPEW_clean,7.45128,5.46523,7.15276,1.17603,1960.28,1666.86,0.0,0.0,0.6188,0.526177,0.0,1,0.0297102839,2.0660754958000003,2.2289695789105792,Test
XISPUM01_clean,6.90955,4.49306,6.89631,1.14557,2040.23,1780.98,0.0,0.0,0.6396,0.558325,0.0,1,0.0193598625,1.5874945523,1.6112572985393374,Train
XISPUM_clean,7.32941,4.58436,7.32711,1.21765,2007.19,1648.41,0.0,0.0,0.6216,0.510492,0.0,1,0.033262479,2.2264234813,2.420198292587567,Test
XISVUR_clean,5.04407,3.94718,5.0182,1.1747,1719.75,1463.99,0.0,0.0,0.6072,0.516898,0.0,1,0.0459299492,3.0402131551,3.0206424405788326,Test
XISXEE_clean,10.02626,5.46429,10.02412,0.66541,2246.71,3376.43,0.0,0.0,0.7296,1.09647,0.0,1,0.0258079906,2.2420767948,2.274147877337054,Train
XITYOP_clean,11.26084,5.01855,11.26084,0.828925,2008.18,2422.64,0.0,0.0,0.6806,0.821064,0.0,1,0.0459807588,3.1068451473,2.942312704679837,Train
XIVMEW01_clean,5.52138,3.68821,5.51435,1.34752,969.124,719.188,2.26658,1.68203,0.5016,0.372238,0.0,1,0.0541052815,2.3508849997,2.3293027424415804,Train
XIWLAQ_clean,6.60663,5.9994,6.60453,2.29175,1025.32,447.396,0.0,0.0,0.5236,0.228472,0.0,1,0.0163627683,1.1157286905,1.1385150912664477,Train
XIWYEH_clean,4.26164,3.52891,4.24796,2.34877,351.985,149.859,0.0,0.0,0.3304,0.140669,0.0,0,0.0763068963,1.1923164728,1.2189732666900928,Train
XIYYEL_clean,8.54513,8.23246,8.54513,0.722133,2313.21,3203.31,0.0,0.0,0.7918,1.09647,0.0,0,0.010762907,1.1165882892,1.0439515660011718,Train
XOCWET_clean,5.57167,3.60863,5.43096,2.052,1278.23,622.917,0.0,0.0,0.549,0.267544,0.0,1,0.0139506458,1.0572963254,1.0370708363538181,Train
XOCWIX_clean,5.47886,3.44903,5.47476,2.18371,1125.64,515.471,0.227584,0.104219,0.5372,0.246003,0.0,1,0.0140072975,0.9968712495,1.0209862797340017,Train
XOCWOD_clean,5.38208,3.4319,5.38208,2.211,1054.39,476.883,0.0,0.0,0.5314,0.240344,0.0,1,0.0135098609,0.9807568127,0.9577267890046076,Test
XOCWUJ_clean,5.43529,3.40185,5.40249,2.21366,1083.86,489.625,0.0,0.0,0.5328,0.240687,0.0,1,0.0133203497,0.9720618689,0.9664052246236654,Train
XOFGAC_clean,20.28488,4.16314,9.48492,0.98367,1835.3,1865.77,0.0,0.0,0.6704,0.681529,0.0,1,0.0277074195,2.190577419,2.210331892462368,Train
XOFPEP01_clean,5.97449,3.48385,5.9665,2.03706,967.647,475.021,0.0,0.0,0.5188,0.25468,0.0,1,0.0133738267,0.9075689696,0.9478091579356268,Test
XOFPEP_clean,5.97089,3.4618,5.97089,2.03022,1036.5,510.537,0.0,0.0,0.5304,0.261252,0.0,1,0.0126527615,0.860048045,0.8824583563853408,Test
XOGXAU_clean,5.74983,3.78405,5.68214,1.22917,1255.73,1021.6,0.0,0.0,0.5252,0.427279,0.0,1,0.0345428922,2.0769115730000003,2.057968330801008,Train
XOHLEM_clean,5.52611,4.54089,5.51535,1.339,1839.55,1373.82,0.0,0.0,0.5986,0.44705,0.0,1,0.0452639284,2.7101546287,2.762969204406878,Test
XOHTUJ_clean,6.47036,4.69494,6.47036,1.17962,2196.81,1862.3,0.0,0.0,0.6472,0.548652,0.0,1,0.0153323963,1.3921365668,1.3879656734931027,Train
XOJWEZ_clean,5.26222,4.56445,5.26222,1.41259,749.294,530.438,0.0,0.0,0.5012,0.354809,0.0,1,0.0277740393,1.5191875081,1.4428386784174891,Train
XOJWOJ_clean,7.01927,4.56509,7.01927,1.20631,1535.66,1273.03,0.0,0.0,0.6016,0.498713,0.0,1,0.036328266,2.4577013239,2.3874922316329084,Test
XOKHIP_clean,4.7478,3.45863,4.7478,2.16707,449.011,207.197,0.0,0.0,0.3986,0.183935,0.0,1,0.0185128454,0.7598490590000001,0.911830644039207,Test
XOMCIN_clean,5.94246,4.25779,5.52872,0.995112,2064.21,2074.35,0.0,0.0,0.6074,0.610384,0.0,1,0.0591331582,3.6943055735,3.75042130102259,Train
XOMCOT_clean,4.8748,3.64387,4.86282,1.12809,975.65,864.872,0.0,0.0,0.4934,0.437378,0.0,0,0.1341767905,3.4788213343,3.4608868086159603,Train
XOMDOU_clean,6.08861,4.66373,6.08699,1.18202,859.304,726.977,313.731,265.419,0.5438,0.460059,0.0,1,0.0679824923,2.3433740482,2.4662366775343956,Train
XOMGIQ_clean,5.5226,3.96675,5.5226,1.11957,1446.11,1291.67,0.0,0.0,0.5666,0.506089,0.0,1,0.0266896537,1.9435064682,1.9249061886060823,Test
XOMJOY_clean,6.10947,3.84777,5.97895,1.18998,613.441,515.507,422.204,354.8,0.5142,0.43211,0.0,0,0.0634794589,2.5213446408,2.600309402969042,Test
XOMJUE_clean,6.09418,3.77279,6.07728,1.21681,603.908,496.303,411.544,338.214,0.507,0.416662,0.0,0,0.0652284434,2.5157395076,2.4811706223028844,Train
XONGUD_clean,8.38841,6.91725,8.38841,2.68456,1261.77,470.01,0.0,0.0,0.5318,0.198096,0.0,1,0.0018101737,0.1713074664999999,0.20039567219434318,Train
XONLES01_clean,15.55222,13.97126,15.55222,0.303181,1639.83,5408.75,0.0,0.0,0.871,2.87288,0.0,1,0.0226670018,2.1919576734,2.191333118569587,Test
XOPLOE_clean,7.50726,5.3332,7.50699,0.991241,2013.82,2031.62,0.0,0.0,0.621,0.626488,0.0,1,0.0277261419,2.1371656173,2.23070019005891,Test
XOPMIA_clean,5.53948,4.71058,5.5345,1.05182,1628.72,1548.47,0.0,0.0,0.5582,0.5307,0.0,0,0.0470233066,2.9103919527,2.925048113064974,Test
XOQXIL_clean,5.56779,4.25341,5.54313,1.05181,1608.8,1529.56,0.0,0.0,0.552,0.524811,0.0,1,0.0280295638,2.0071137402000003,2.018337808339745,Test
XORHET_clean,4.71137,3.51837,4.71137,1.22336,1024.9,837.774,81.2251,66.395,0.5446,0.445167,0.0,1,0.0243765576,1.7617919983,1.7654914554992271,Train
XOSPOK_clean,6.02139,4.57668,6.02139,1.94823,1837.76,943.297,0.0,0.0,0.586,0.300786,0.0,1,0.034320706,2.0595370148,2.050957878676957,Train
XOTGUI_clean,5.14072,4.00351,5.14055,1.55556,2014.34,1294.93,0.0,0.0,0.6006,0.386099,0.0,1,0.0154872121,1.3113063256,1.2992460829640249,Test
XOTHAP_clean,5.67034,4.65738,5.67034,1.50505,1984.46,1318.53,0.0,0.0,0.6152,0.408756,0.0,1,0.0131056274,1.1381942249,1.106143282039706,Train
XOTSEG_clean,8.78779,6.45971,8.7759,0.828086,1735.59,2095.91,0.0,0.0,0.6318,0.762964,0.0,1,0.0262395991,2.0793913925,2.1401327058375648,Test
XOTSIK_clean,8.84143,7.37067,8.64635,0.961303,1776.26,1847.76,0.0,0.0,0.6086,0.633099,0.0,1,0.0242455576,1.9610970671,2.034430481656351,Test
XOTXAG_clean,4.5925,3.72441,4.55253,1.45522,1114.56,765.906,0.0,0.0,0.459,0.315416,0.0,1,0.0292214368,1.8702516034,1.8139457534502827,Test
XOTXUB_clean,4.27674,3.47607,4.14843,1.21704,316.782,260.289,0.0,0.0,0.4284,0.352001,0.0,1,0.0093794886,0.7444650187999999,0.7226817414431137,Train
XOTZIR_clean,6.298,3.81619,6.27425,1.33376,798.487,598.675,0.0,0.0,0.4626,0.34684,0.0,1,0.0456563165,1.7465238324,1.8383470142813307,Train
XOVPIH_clean,4.3234,3.46915,4.32329,1.51036,756.835,501.096,0.0,0.0,0.4966,0.328796,0.0,1,0.0168044671,1.154735565,1.1910431418793928,Test
XOVPON_clean,5.74841,4.13919,5.74724,1.29056,1444.67,1119.41,0.0,0.0,0.5696,0.44136,0.0,1,0.0213846687,1.4869809493,1.5266034736428609,Train
XOVPUU_clean,11.45503,9.77333,11.45503,0.404958,2012.2,4968.9,0.0,0.0,0.8444,2.08515,0.0,1,0.0191171165,1.938717155,1.8537182232882596,Train
XOVQAB_clean,9.04253,7.30249,9.03111,0.610216,2352.44,3855.09,0.0,0.0,0.7448,1.22055,0.0,1,0.0221303078,2.0380674078,2.0128374517538927,Test
XOVQEF_SL,13.73802,11.42638,13.39901,0.433642,2002.7,4618.32,0.0,0.0,0.8224,1.89649,0.0,1,0.020295946,1.9800587274,1.8968497529935506,Test
XOVQIJ_clean,7.41561,4.13146,7.41561,0.925084,1684.83,1821.27,0.0,0.0,0.5816,0.6287,0.0,1,0.0312024901,2.3098099299,2.41962126299933,Test
XOVVOU_clean,6.57595,5.59779,6.5535,1.07267,2264.54,2111.12,0.0,0.0,0.6676,0.622371,0.0,1,0.034740093,2.4570727092,2.7454416955625014,Test
XOXMED_clean,15.20268,12.48764,14.68508,0.499,1903.11,3813.84,0.0,0.0,0.7876,1.57836,0.0,1,0.021056458,1.8724376747,1.9223927472561677,Test
XUBGUY_clean,11.92741,6.17876,10.43844,0.841842,2109.15,2505.4,0.0,0.0,0.7154,0.849804,0.0,1,0.022265585,1.9404185907,1.8804544176838263,Test
XUCSOF_clean,5.25566,4.59264,5.25566,1.60312,661.505,412.637,358.397,223.562,0.482,0.300664,0.0,1,0.0635800982,2.1690255312,2.1058778848335082,Train
XUDNAN_clean,8.67531,5.1775,8.35832,0.937633,1918.83,2046.46,0.0,0.0,0.6496,0.692809,0.0,1,0.0274810564,2.1931659485,2.227225656580523,Train
XUDNUH_clean,12.36127,6.84234,12.36127,0.492653,2292.38,4653.12,0.0,0.0,0.8076,1.63929,0.0,1,0.0223739818,2.0946592058,2.116224417067046,Test
XUDPIX_clean,11.39057,6.9563,11.17218,0.55889,2521.72,4512.0,0.0,0.0,0.7746,1.38596,0.0,1,0.0236924634,2.2180399417,2.24198687243447,Train
XUDYEC_clean,6.34584,5.04991,6.34584,1.10902,1973.56,1779.55,0.0,0.0,0.6464,0.582857,0.0,1,0.0310772143,2.3675102864,2.337525386145063,Train
XUDYOM_clean,5.92099,5.48654,5.7966,1.63199,1266.45,776.015,0.0,0.0,0.5438,0.333212,0.0,0,0.0740231952,3.0716107987,2.996851834594506,Train
XUFPIZ_clean,4.43917,3.40706,4.39655,1.31985,159.122,120.561,0.0,0.0,0.4154,0.314732,0.0,0,0.0124422392,0.6234869038,0.637425807369391,Train
XUFWOM_clean,9.12848,8.18722,9.12848,0.813283,1954.3,2402.97,0.0,0.0,0.7082,0.870792,0.0,1,0.0207865559,1.9594652198,1.8598395771800922,Train
XUFYAA_clean,16.80237,4.60613,16.77492,0.589197,2123.72,3604.43,0.0,0.0,0.7212,1.22404,0.0,1,0.0365330839,3.0370801874,2.8901507428697455,Test
XUGROI_clean,6.64754,5.07389,6.16433,0.794522,2382.26,2998.35,0.0,0.0,0.6836,0.860391,0.0,1,0.0359787071,3.0816506878,3.0174955037179005,Test
XUGSEY_clean,7.45351,5.81909,7.11831,0.709523,2586.66,3645.63,0.0,0.0,0.7068,0.996162,0.0,1,0.0313929388,2.7104403978,2.825259780930819,Test
XUGWUS_clean,5.27863,4.66019,5.2635,1.38078,911.096,659.843,0.0,0.0,0.496,0.359218,0.0,1,0.0191171149,1.0925267364,1.1875199097112523,Test
XUJPEY_clean,5.84221,4.51142,5.77769,1.25506,1324.62,1055.42,0.0,0.0,0.5206,0.4148,0.0,0,0.0543806409,2.6236123414,2.645193665757119,Test
XUJPIC_clean,5.88914,4.75213,5.84985,1.23811,1386.84,1120.12,0.0,0.0,0.5304,0.428394,0.0,0,0.0518133547,2.6773605401,2.6910474803396505,Test
XUJPOI_clean,5.22333,3.76094,5.20942,1.23729,1450.85,1172.61,0.0,0.0,0.566,0.457452,0.0,0,0.0512023884,2.8911836457,2.873941193451569,Test
XUJQAV_clean,5.23926,3.75063,5.23926,1.23622,1470.1,1189.19,0.0,0.0,0.5596,0.452669,0.0,0,0.050719347,2.8685976003,2.854058935451568,Test
XUJSAY_clean,5.36362,3.81487,5.35817,1.44593,257.114,177.818,33.7457,23.3384,0.4668,0.322836,0.0,1,0.1224489107,1.173516395,1.258108833619062,Train
XUKHUI_clean,5.94415,4.22176,5.9168,1.20125,1179.74,982.099,0.0,0.0,0.5426,0.451698,0.0,1,0.069726256,3.2614282685000004,3.0138408298744443,Train
XUKLAS_clean,5.87516,3.79987,5.86816,1.26294,911.252,721.53,0.0,0.0,0.4946,0.391624,0.0,1,0.0354774611,1.8777040375,1.8143404757654058,Train
XUKNIC_clean,6.71193,5.19255,6.7113,1.00366,2512.55,2503.38,0.0,0.0,0.6472,0.644838,0.0,1,0.0297038865,2.5215352655000003,2.4806770332324626,Test
XUKYEI_neutral,13.17229,10.75846,13.16843,0.287208,1805.38,6285.97,0.0,0.0,0.8682,3.02289,0.0,0,0.0179032099,1.7905446307,1.749002707507222,Test
XUMMOJ_clean,8.37622,7.86065,8.37622,1.08186,1183.03,1093.52,0.0,0.0,0.5464,0.505057,0.0,1,0.012001518,1.1002732165,1.038208465753251,Train
XUMMUP_clean,8.4295,7.42103,8.42696,1.01197,1167.11,1153.31,0.0,0.0,0.545,0.538555,0.0,1,0.0096568738,0.9347046742,0.9183020092449643,Train
XUMNEA_clean,5.24244,3.69297,5.22761,1.21845,601.492,493.654,0.0,0.0,0.4622,0.379335,0.0,0,0.0661267957,1.9331283199,1.9586794756257664,Train
XUMNIE_clean,7.92656,5.00523,7.92544,0.836736,1842.18,2201.63,0.0,0.0,0.617,0.737389,0.0,0,0.048242419,3.4110161908,3.3888359154249765,Train
XUMTUV_clean,5.4813,5.1227,5.47077,1.25424,1931.27,1539.79,0.0,0.0,0.6264,0.499425,0.0,1,0.0359381841,2.3068068573,2.4315611073849293,Test
XUMVAD_clean,5.48445,5.10748,5.47384,1.24179,1950.9,1571.03,0.0,0.0,0.619,0.498472,0.0,1,0.0355922505,2.2947660498,2.432915126247355,Train
XUMVEH_clean,5.51001,5.03328,5.49298,1.14233,1980.67,1733.88,0.0,0.0,0.6382,0.55868,0.0,1,0.0321815626,2.2322463346,2.362362627590729,Test
XUNGOD_clean,5.27654,3.81371,5.27654,1.03399,1095.75,1059.73,0.0,0.0,0.4858,0.469831,0.0,0,0.1010314153,3.2432499649,3.2716144544804493,Train
XUNGUJ_clean,4.49594,4.05224,4.48031,1.03604,1057.86,1021.06,0.0,0.0,0.4874,0.470444,0.0,0,0.0835377919,3.188354573,3.2296838187107983,Train
XUNHAQ_clean,4.43369,3.93895,4.41861,1.01112,1121.76,1109.42,0.0,0.0,0.495,0.489555,0.0,1,0.0816273419,3.3217882974,3.4213080431186915,Train
XUNSAC_clean,4.78336,3.78154,4.77852,1.05045,959.001,912.941,0.0,0.0,0.4742,0.451425,0.0,1,0.0805375781,3.0062572908,3.0452737237561314,Train
XUNSEG_clean,5.12519,4.59555,5.12519,1.00672,1017.4,1010.61,0.0,0.0,0.4976,0.494281,0.0,1,0.0719943684,2.9151691851,2.946338862334911,Train
XUNSIK_clean,4.24603,3.78968,4.24603,1.0539,1014.98,963.071,0.0,0.0,0.475,0.450706,0.0,0,0.0838660664,3.1944769824,3.235228469521122,Train
XUNSOQ_clean,5.47061,4.41529,5.45212,1.01415,1093.33,1078.08,0.0,0.0,0.49,0.483165,0.0,0,0.0850318446,3.0200360755,3.107831681076007,Train
XUNTIL_clean,4.3912,3.544,4.3912,1.10854,669.818,604.235,0.0,0.0,0.4582,0.413336,0.0,1,0.0550747769,2.5241162045,2.524963347871368,Train
XUPSAE_clean,6.99773,6.86151,6.99773,1.067,1576.28,1477.3,0.0,0.0,0.5844,0.547705,0.0,0,0.0919384466,5.7194003023,5.698085387560745,Train
XUTQEI_clean,15.07113,13.13968,15.07113,0.479637,2165.37,4514.6,0.0,0.0,0.7968,1.66126,0.0,1,0.0232166465,2.1634923886,2.1731416427284387,Train
XUVHEB_clean,6.21978,5.41115,6.21978,1.07724,1379.45,1280.54,0.0,0.0,0.5818,0.540085,0.0,1,0.0517248897,2.6185532479,2.829808665463032,Test
XUVQOW_clean,7.02178,4.13589,6.48548,1.19698,1845.1,1541.47,0.0,0.0,0.6186,0.516801,0.0,1,0.0345813393,2.5620472064,2.456670959561995,Train
XUWFUR_clean,8.57387,5.22151,8.55217,0.997477,1382.53,1386.02,0.0,0.0,0.5736,0.575051,0.0,1,0.0213702798,1.5528576803999998,1.6729474594102594,Test
XUWKEH_clean,5.79973,4.2003,5.79973,1.47767,748.2,506.339,0.0,0.0,0.4194,0.283826,0.0,1,0.0068922604,0.5944862963,0.5650025526305613,Train
XUWSUD_clean,4.4926,3.78091,4.4926,2.14584,718.007,334.605,0.0,0.0,0.4438,0.206819,0.0,1,0.1119419184,2.4443966896,2.3871183219174457,Train
XUWTAK_clean,4.40667,3.75356,4.40321,2.17452,723.721,332.819,0.0,0.0,0.4382,0.201516,0.0,1,0.1183322296,2.4635919043,2.4639510962430538,Train
XUWVUG_clean_h,3.95338,3.75922,3.95195,3.19434,197.336,61.7769,0.0,0.0,0.287,0.0898463,0.0,1,0.0022291499,0.1578247555,0.12367419880240038,Train
XUYXAR_clean,4.42154,3.80283,4.41884,1.51094,575.938,381.179,0.0,0.0,0.432,0.285915,0.0,1,0.0241707085,1.4196137944,1.3295033785967016,Test
YABHER_clean,14.37293,4.52414,14.37293,0.692157,1907.84,2756.36,0.0,0.0,0.7082,1.02318,0.0,1,0.0347521072,2.6799153016,2.7068344945846974,Train
YABPAU_clean,5.82793,4.33044,5.82793,1.0705,1501.93,1403.02,0.0,0.0,0.5582,0.521438,0.0,1,0.0562365424,3.0933830402,3.0260630103012627,Train
YAGJOI_clean,5.63288,5.50957,5.62983,1.07586,1552.96,1443.46,0.0,0.0,0.5528,0.513822,0.0,0,0.0485401649,2.5129832258,2.7413376410079797,Train
YAHPED_clean,6.77398,3.93575,6.76774,1.0241,1743.19,1702.16,0.0,0.0,0.5738,0.560295,0.0,0,0.0415334465,3.0602388124,3.003955219706355,Test
YAJXIT_clean,5.12079,3.85633,4.1425,1.60147,940.147,587.051,0.0,0.0,0.5148,0.321454,0.0,1,0.0266655815,1.4458558187,1.4777113395096309,Train
YAJXUF_clean,4.78048,4.01708,4.28221,1.6121,814.456,505.215,0.0,0.0,0.519,0.32194,0.0,1,0.0307139969,1.3944573066,1.5420498544477395,Train
YANBAR01_clean,4.64582,3.70971,4.64582,1.82012,796.602,437.666,0.0,0.0,0.4462,0.245149,0.0,0,0.0163004001,0.9977880469,1.0622546223912401,Train
YANBAR02_clean,4.9953,3.83765,4.98464,1.73124,921.603,532.338,0.0,0.0,0.4702,0.271598,0.0,0,0.0152049013,0.976409505,0.9834569318072192,Train
YANBAR03_clean,4.71059,3.74,4.66327,1.80873,823.157,455.102,0.0,0.0,0.451,0.249346,0.0,0,0.0162211513,1.0175412105,1.061877578024206,Test
YANBAR_clean,4.9541,3.79831,4.9225,1.76383,896.703,508.383,0.0,0.0,0.4572,0.259208,0.0,0,0.0165428083,1.024191898,1.0438597951295545,Test
YAPLIM_clean,8.749,6.77808,8.749,0.964207,1741.38,1806.02,6.02633,6.25004,0.65,0.674129,0.0,1,0.0265030711,1.9923117502,2.1556850226871314,Test
YAPLOS_clean,9.23645,7.54223,9.20879,0.838059,1650.76,1969.74,3.89826,4.65153,0.6584,0.785625,0.0,1,0.0136606755,1.2129746647,1.2516535339192387,Train
YAPLUY_clean,7.79113,6.77532,7.7776,0.987389,1670.12,1691.45,5.68352,5.75611,0.6296,0.637641,0.0,1,0.0185165874,1.5526694564,1.6368681331187538,Test
YAPMAF_clean,8.17522,6.25474,8.17454,1.00629,1672.2,1661.75,6.89892,6.8558,0.6166,0.612746,0.0,1,0.0237299213,1.8255512615,2.0313568418577552,Test
YAPXIX_clean,5.17779,4.8964,5.17779,1.52841,213.864,139.925,323.996,211.982,0.4448,0.291021,0.0,1,0.0863066413,1.2452508393,1.2519200194912994,Train
YAQCEY_clean,6.56305,4.53526,6.55951,1.09172,1547.89,1417.84,0.0,0.0,0.554,0.507454,0.0,1,0.0239331361,1.834921705,1.817105237036585,Test
YAQKEI_clean,4.87973,4.18958,4.87973,1.91746,825.152,430.337,0.0,0.0,0.4374,0.228115,0.0,1,0.0298759066,1.3299945159,1.3043417252307612,Train
YARBAW_clean,4.44594,3.74599,4.44594,1.19018,680.577,571.825,0.0,0.0,0.4774,0.401114,0.0,1,0.0156146029,1.0091158502,1.085790926916808,Train
YARBUQ_clean,4.67624,4.03616,4.54961,1.19852,280.172,233.766,258.386,215.589,0.447,0.372961,0.0,1,0.1136833322,2.08954704,2.093892742572858,Train
YARDEC_clean,4.66636,3.48033,4.66636,1.03943,1194.85,1149.52,0.0,0.0,0.547,0.52625,0.0,0,0.0630891704,3.2913625137,3.321766239743,Train
YARDIG_clean,4.62568,3.53484,4.62568,1.03032,1206.44,1170.94,0.0,0.0,0.5394,0.523527,0.0,0,0.0567493388,3.1557348917000003,3.1920706873844216,Train
YARGAB_clean,10.70302,9.67182,10.70302,0.961173,1387.15,1443.19,0.0,0.0,0.6238,0.648999,0.0,1,0.0221782864,1.9556965501,1.760366133510115,Test
YARKEJ_clean,5.07878,4.0341,5.03574,1.22095,872.445,714.565,0.0,0.0,0.486,0.398052,0.0,0,0.0616739973,2.6939788728,2.4347351237381467,Train
YARKOT_clean,5.25265,3.98181,5.2356,0.962764,1924.08,1998.5,0.0,0.0,0.6296,0.653951,0.0,1,0.0539714669,3.7545298671,3.6577249055267407,Test
YARSAN_clean,5.04398,3.94642,5.02513,1.29452,830.585,641.616,0.0,0.0,0.4644,0.358743,0.0,1,0.0889942295,2.3687520051,2.4930613510751076,Train
YARYEV_clean,5.64641,4.02417,5.64641,1.12294,2187.12,1947.67,0.0,0.0,0.6948,0.618733,0.0,0,0.005837518,0.5497598828,0.5784289640351397,Train
YARYIZ_clean,5.51251,4.14788,5.51251,1.11604,2131.77,1910.12,0.0,0.0,0.6948,0.622558,0.0,0,0.0059714499,0.5401110452000001,0.555336039244124,Train
YARYOF_clean,4.91899,3.58217,4.91899,1.2259,1844.97,1504.99,0.0,0.0,0.6484,0.528917,0.0,0,0.0069550887,0.630079219,0.6564108196042755,Train
YARYUL_clean,6.79463,6.1943,6.7496,1.01911,2644.72,2595.13,0.0,0.0,0.7536,0.73947,0.0,1,0.0063042946,0.6184693573,0.6490472043282858,Train
YARZEZ02_clean,7.33631,5.31685,7.33003,0.762014,2989.95,3923.75,0.0,0.0,0.7604,0.997882,0.0,0,0.0102471752,1.0064077293,0.9624498751530935,Train
YARZEZ03_clean,7.77175,4.5942,7.75648,0.810672,2535.58,3127.75,0.0,0.0,0.7232,0.8921,0.0,0,0.0110796227,1.0660388294,1.0756212549162993,Train
YARZEZ_clean,5.63038,4.40455,5.63038,0.959184,2069.23,2157.28,0.0,0.0,0.682,0.711021,0.0,0,0.0128026723,1.1280149448,1.1690156375811251,Train
YASLOW_clean,11.27088,6.03691,11.27088,0.827082,2236.87,2704.53,0.0,0.0,0.7068,0.85457,0.0,0,0.0189462432,1.6921055706,1.6869666766253446,Test
YASLUA_clean,4.94209,4.00194,4.9385,1.70772,1160.33,679.462,0.0,0.0,0.57,0.333779,0.0,1,0.0172242439,1.2553633001,1.2024629001172804,Test
YATDUV_clean,9.16363,5.74685,9.12289,0.890102,2297.06,2580.67,0.0,0.0,0.7262,0.815861,0.0,1,0.0201045178,1.882454886,1.7594154858340512,Train
YATTUK_clean,5.98818,5.09996,5.98666,1.2421,2236.34,1800.46,0.0,0.0,0.6648,0.535224,0.0,1,0.0218781683,1.8930838303,1.8448359665041971,Test
YAVSOG_clean,5.27147,3.77137,4.73746,1.58778,810.938,510.737,0.0,0.0,0.471,0.296641,0.0,0,0.0252932254,1.3287732416,1.3058295279267353,Test
YAVTUN_clean,9.91839,8.86286,9.91839,0.965245,1733.93,1796.36,0.0,0.0,0.6864,0.711115,0.0,1,0.0152072307,1.3794503019,1.3721811494110292,Train
YAVVAV_clean,9.88958,8.7039,9.88958,1.06981,1632.82,1526.27,0.0,0.0,0.6406,0.598799,0.0,1,0.017933264,1.5220932612,1.5310982844700156,Train
YAVVEZ_clean,9.82749,8.59259,9.81107,1.05385,1634.41,1550.89,0.0,0.0,0.6474,0.614319,0.0,1,0.0162611277,1.3982471787,1.4369954736339134,Train
YAVVID_clean,4.84619,4.06844,4.72468,1.45348,1121.07,771.298,0.0,0.0,0.5442,0.374412,0.0,1,0.0301919199,1.8763344134,1.837620122992079,Test
YAVVOJ_clean,4.78155,4.02282,4.65286,1.48818,1095.49,736.125,0.0,0.0,0.5464,0.36716,0.0,1,0.0312898301,1.9217734795,1.927449311855693,Train
YAVVUP_clean,4.79083,4.0345,4.51089,1.48936,1096.45,736.189,0.0,0.0,0.5422,0.364049,0.0,1,0.0305907604,1.8864062557,1.836978365667803,Test
YAVWAW_clean,4.87227,4.07548,4.69675,1.46373,1145.93,782.881,0.0,0.0,0.5582,0.381355,0.0,1,0.0289282937,1.8434113937,1.8310597809135682,Train
YAVWUQ_clean,15.48597,6.62234,15.4779,0.747785,2189.36,2927.8,0.0,0.0,0.7402,0.989857,0.0,1,0.0324264572,2.5486975456,2.6333446518803827,Test
YAVZAX_clean,5.41112,4.55984,5.40803,1.50963,1275.98,845.227,0.0,0.0,0.5678,0.376117,0.0,0,0.0265850671,1.6225986139,1.6444671286201884,Test
YAVZUT_clean,9.86186,4.91496,9.72199,0.854434,1940.85,2271.51,0.0,0.0,0.6662,0.779698,0.0,1,0.0343110939,2.3756182851,2.437973649890447,Train
YAWBAC_clean,10.4496,5.49019,10.26922,0.855998,1928.74,2253.21,0.0,0.0,0.6638,0.775469,0.0,1,0.047393078,2.5040710063,2.7453848498422255,Train
YAWFOS_clean,6.58573,4.52277,6.51086,1.38834,1531.01,1102.76,0.0,0.0,0.6034,0.434618,0.0,1,0.0054906899,0.5049032624,0.5127519337491677,Train
YAWKOX_clean,7.42586,6.54227,7.42586,1.26071,1716.68,1361.67,0.0,0.0,0.6098,0.483696,0.0,1,0.0164872041,1.3574294255,1.4549680639145148,Train
YAXBOP_SL,5.80792,5.38349,5.80792,1.12998,1474.82,1305.18,0.0,0.0,0.591,0.52302,0.0,0,0.0359454663,2.3995598829,2.384906992736073,Train
YAYLER_clean,4.97966,4.34921,4.97473,3.91304,903.181,230.813,0.0,0.0,0.4372,0.111729,0.0,1,0.0058251589,0.4163210682,0.3981693224002192,Train
YAYPOF_clean,6.50595,4.6947,6.4958,2.40269,1158.01,481.966,0.0,0.0,0.5536,0.230409,0.0,1,0.0112911178,0.8008229642,0.7859566885925433,Train
YAYRAT_clean,6.10819,5.25433,6.10592,0.863424,2602.75,3014.46,0.0,0.0,0.6904,0.799607,0.0,0,0.0500646888,3.9313103411,3.9199363228328417,Test
YAZWOM_clean,4.58853,4.19832,4.58853,1.42471,389.253,273.216,49.369,34.652,0.47,0.329892,0.0,1,0.0084461845,0.6502949725,0.6257649185578973,Train
YEBLAT_clean,6.81519,6.14414,6.81519,1.60609,1346.83,838.578,0.0,0.0,0.5478,0.341077,0.0,0,0.0102213371,0.8547088526000001,0.8702479284938889,Train
YEDKOI_clean,5.69122,4.8418,5.69122,1.08403,1663.7,1534.74,7.50334,6.92174,0.592,0.546112,0.0,1,0.0226783157,1.6837403726,1.8172927092684676,Test
YEDKUO_clean,6.88443,4.8384,6.1725,0.827487,2774.06,3352.39,0.0,0.0,0.6498,0.785269,0.0,1,0.0274553072,2.5152352763,2.4083921412912495,Test
YEDLAV_clean,5.4499,3.81156,5.4499,1.25884,985.671,783.002,173.283,137.653,0.514,0.408314,0.0,1,0.0737121906,3.1800368116000004,3.0197147755976026,Train
YEFNEC_clean,7.0118,5.67657,7.0118,1.03009,2663.85,2586.03,0.0,0.0,0.7454,0.723623,0.0,0,0.0084092724,0.7742041531999999,0.8096905405844665,Train
YEFNOM_clean,6.99053,5.65806,6.99053,1.03643,2661.11,2567.58,0.0,0.0,0.7442,0.718045,0.0,0,0.0084655361,0.7864018540000001,0.7923833033591547,Train
YEFPEE_clean,6.60032,5.32777,6.60032,1.16153,2587.98,2228.08,0.0,0.0,0.7204,0.620219,0.0,0,0.0101173833,0.9291041329,0.9033638403808262,Train
YEGCUJ_clean,7.31661,4.83808,7.31661,1.36986,1339.97,978.182,0.0,0.0,0.5642,0.411867,0.0,1,0.0307554049,1.4586636071,1.8257674795917018,Train
YEGHIC_clean,7.13593,3.78757,7.13593,1.08644,2189.73,2015.5,27.1266,24.9682,0.6726,0.619084,0.0,0,0.0034372668,0.3390486554999999,0.37958743061581157,Train
YEGKOM_clean,5.20851,4.05507,5.20188,1.12752,1913.28,1696.88,0.0,0.0,0.6196,0.549523,0.0,0,0.0357789547,2.847506949,2.611136350243964,Test
YEHGID_clean,6.88886,4.03008,6.66292,1.04955,1124.4,1071.32,29.6858,28.2844,0.5406,0.51508,0.0,0,0.0480124131,2.5110463489,2.6237887740027768,Test
YEKQOW_clean,13.71017,3.97085,13.71017,1.23134,1607.97,1305.87,0.0,0.0,0.6056,0.491823,0.0,1,0.0445591474,2.4712195682,2.618831277913239,Test
YEKXET_clean,6.4533,5.02363,5.80415,0.985188,2310.11,2344.84,0.0,0.0,0.6394,0.649013,0.0,1,0.0315891613,2.5192863059,2.5046090310523335,Test
YEKXOD_clean,7.62702,5.92083,7.58526,0.977291,1976.53,2022.46,0.0,0.0,0.6138,0.628063,0.0,1,0.0254050988,2.0207959632,2.07733437245875,Train
YEKXUJ_clean,7.55002,6.86281,7.5454,0.941882,1957.97,2078.79,0.0,0.0,0.639,0.678429,0.0,1,0.0229063679,1.9323607736,2.0333087074596876,Test
YELYOE_clean,5.04252,3.59258,5.00865,2.17111,739.471,340.597,0.0,0.0,0.4584,0.211137,0.0,1,0.0705271462,1.9643021655,1.879126679570905,Train
YEMFOM_clean,4.97553,4.09686,4.67636,1.71885,1447.62,842.207,0.0,0.0,0.5806,0.337785,0.0,1,0.0531602319,2.6275657129,2.7438255626320887,Test
YEMJAC_clean,6.87778,6.50668,6.87778,1.59244,1555.51,976.807,0.0,0.0,0.5806,0.364597,0.0,0,0.0268145913,1.9310432481,1.9269946555694728,Test
YEMMAF_clean,9.71746,9.09929,9.71746,1.3312,1383.23,1039.09,0.0,0.0,0.5818,0.43705,0.0,1,0.0064825683,0.6198137418999999,0.6401467067098237,Train
YENLUA_ion_b,21.49217,18.9061,21.49217,0.794834,1364.82,1717.11,0.605784,0.762152,0.7146,0.899055,0.0,1,0.0095718087,0.8694423220999999,0.8522350282496203,Train
YEQRER_clean,5.87384,4.7032,5.72081,1.15967,3090.85,2665.28,0.0,0.0,0.7338,0.632764,0.0,1,0.004596319,0.4512393786999999,0.5066339804732878,Train
YEQRIV_clean,5.99633,4.79932,5.81502,0.74227,3172.25,4273.71,0.0,0.0,0.734,0.988859,0.0,1,0.0060251006,0.6146842685,0.6085638042517667,Train
YEVQOG_clean,6.25531,4.55241,6.24369,1.60942,1024.12,636.328,2.59362,1.61152,0.5428,0.337264,0.0,1,0.0120117698,0.8465348439,0.8574549739559925,Train
YEVQUM_manual,7.24971,4.97645,7.24971,1.58621,997.869,629.089,110.417,69.6106,0.5532,0.348755,0.0,1,0.0126129707,0.8690283704,0.821668338549252,Test
YEYCUC_SL,17.82348,5.70059,17.82348,0.555715,2326.25,4186.05,0.0,0.0,0.7742,1.39316,0.000719793,0,0.0282894287,2.2439636469,2.3542590246825874,Train
YEYFEP_clean,6.98334,4.14157,6.98202,1.19557,2249.87,1881.83,0.0,0.0,0.6508,0.544341,0.0,1,0.0171635768,1.5642815263999998,1.5586643971492453,Train
YEZFIU_clean,7.76134,3.87237,7.76134,1.15876,1542.78,1331.4,0.0,0.0,0.5858,0.505539,0.0,1,0.0160689393,1.3807527186000002,1.3987751752302358,Train
YEZKEV_clean,5.97739,3.43415,5.31131,1.09565,745.656,680.561,250.74,228.851,0.5084,0.464017,0.0,1,0.0399225389,1.7718117698,2.0927810671561238,Test
YIBMUT_clean,4.66852,3.42869,4.24306,1.43993,703.496,488.563,0.0,0.0,0.4898,0.340155,0.0,1,0.0610966907,2.0669517715,2.103221863972658,Train
YICDAR_clean,5.59824,4.74384,5.59824,0.895752,2281.69,2547.24,0.0,0.0,0.6272,0.700194,0.0,1,0.0323736365,2.6400418651,2.634993156698285,Train
YICREI_clean,5.84848,5.57464,5.83375,1.84239,1401.27,760.57,0.0,0.0,0.5592,0.303518,0.0,1,0.0445703811,2.1674349328,2.276034488256769,Test
YIKJOT_clean,9.06042,4.04226,9.06042,1.25445,1709.74,1362.94,22.3665,17.8297,0.6492,0.517517,0.0,1,0.0130793737,1.1652703697,1.1583557720388535,Train
YIKJUZ_clean,8.98552,4.23883,8.98552,1.25419,1702.48,1357.43,21.0421,16.7774,0.6478,0.516507,0.0,1,0.0131668968,1.149569571,1.158594212199057,Test
YILJAG_clean,9.10869,5.99614,8.54669,0.787709,2364.52,3001.77,0.0,0.0,0.7242,0.919375,0.0,1,0.0260952907,2.1791579239,2.2975434144670257,Train
YILJUA_clean,6.47025,4.23928,6.47025,1.06649,1898.08,1779.75,0.0,0.0,0.616,0.577597,0.0,0,0.0355660597,2.6087359917,2.6574935021479886,Train
YILKAH_clean,5.89247,4.24175,5.78451,1.04927,1964.15,1871.92,0.0,0.0,0.628,0.598513,0.0,0,0.0348571246,2.6332351686,2.6175932125429306,Train
YINCEF_clean,5.29805,4.38969,5.29805,1.14172,1383.89,1212.11,0.0,0.0,0.5194,0.454928,0.0,1,0.0401898552,2.3467515498,2.4257191293961666,Train
YINCIJ_clean,5.57662,4.55736,5.57662,1.15159,1292.51,1122.37,0.0,0.0,0.5342,0.463881,0.0,1,0.0390332177,2.2613934604,2.324238156416487,Test
YINCOP_clean,5.26078,4.28352,5.26078,1.18451,1235.25,1042.84,0.0,0.0,0.5154,0.435117,0.0,1,0.0398292306,2.2920663438,2.2269463072658766,Test
YINCUV_clean,4.80903,3.55203,4.73589,1.40486,557.682,396.966,0.0,0.0,0.407,0.289708,0.0,1,0.0354951566,1.7320446733,1.3919735733813514,Test
YINDOQ_clean,4.43071,3.40597,4.26593,1.3553,678.182,500.394,0.0,0.0,0.4342,0.320372,0.0,1,0.0759615569,2.0782591613,2.0956656761625205,Train
YINPEQ_clean,9.47139,8.23796,9.47139,0.666821,2383.65,3574.65,0.0,0.0,0.7906,1.18563,0.0,0,0.0141410416,1.2964182369,1.3468594586135159,Train
YINXIE_clean,6.16574,4.96395,6.1491,1.27739,1014.53,794.22,0.0,0.0,0.5052,0.395493,0.0,1,0.0218100448,1.4573648369,1.4304129488758779,Test
YIRHOY_clean,4.32621,3.78826,4.32621,3.27612,950.357,290.086,0.0,0.0,0.4232,0.129177,0.0,1,0.0226492432,1.1055715293,1.168384257074691,Test
YISFEL_clean,5.46375,4.23769,5.46375,1.76848,680.689,384.9,0.0,0.0,0.5068,0.286574,0.0,1,0.0061368511,0.4880992463,0.45163113507738784,Train
YIVNIC_clean,4.61348,3.86544,4.61348,1.60999,548.992,340.991,0.0,0.0,0.3982,0.24733,0.0,1,0.0159824513,0.8681981434,0.9170028973875748,Train
YIVZIO_clean,7.47444,4.87179,7.47444,1.1331,1630.87,1439.3,0.0,0.0,0.577,0.509222,0.0,1,0.0162560924,1.4107778583,1.410066940408504,Train
YIVZOU_clean,7.22451,3.90462,7.20186,1.01646,1810.83,1781.5,0.0,0.0,0.6044,0.594611,0.0,1,0.0299162995,2.439463218,2.383883309810882,Train
YIWBEN_clean,5.41707,3.94622,5.41707,1.08258,1617.69,1494.29,0.0,0.0,0.5648,0.521716,0.0,0,0.0543907941,3.2167226322,3.265401915816357,Test
YIWLEV_clean,6.84017,5.52979,6.84017,1.2226,2050.0,1676.76,0.0,0.0,0.7014,0.573697,0.0,0,0.007143629,0.655220575,0.6655666134319449,Train
YIWLIZ_clean,6.76345,5.40521,6.76332,1.26054,2049.12,1625.6,0.0,0.0,0.6972,0.553098,0.0,0,0.0072845687,0.6834608625,0.659584527680787,Train
YIWMEW_clean,5.71951,3.80264,5.71876,1.30733,2035.3,1556.84,0.0,0.0,0.6656,0.509129,0.0,1,0.0079181261,0.702768258,0.735290821708628,Train
YIWMOG_clean,6.74773,5.04258,6.74039,1.26894,2076.98,1636.78,0.0,0.0,0.6788,0.534934,0.0,1,0.0074063808,0.6809460957,0.6802388032699285,Train
YIWMUM_clean,6.07798,4.22779,6.07163,1.30832,2060.98,1575.28,0.0,0.0,0.6732,0.514552,0.0,0,0.0077758442,0.6979806709,0.7006400757334872,Train
YIWNAT_clean,6.30784,4.54282,6.29619,1.29078,2076.15,1608.45,0.0,0.0,0.675,0.52294,0.0,0,0.0075594011,0.6947521453,0.6882371807467642,Train
YIWNIB_clean,6.81948,5.37501,6.81948,1.22536,2128.85,1737.32,0.0,0.0,0.696,0.567996,0.0,0,0.0070656088,0.6508287936,0.6598956872168376,Train
YIWPAV_clean,6.84936,5.28466,6.84936,1.24173,2101.82,1692.65,0.0,0.0,0.6932,0.558254,0.0,0,0.0070429578,0.6585105101,0.654980982656822,Train
YIWPEZ_SL_part,7.01269,5.15498,7.0057,1.25891,2052.76,1630.59,0.0,0.0,0.6916,0.549364,0.0,0,0.0071332232,0.6606219145000001,0.6598797900441093,Train
YIWPID_clean,5.93872,4.77854,5.93164,1.27431,2083.27,1634.82,0.0,0.0,0.6888,0.540527,0.0,1,0.0074959782,0.6883615369,0.6873751784437341,Train
YIXFIW_clean,4.72359,3.58415,4.71426,1.46617,963.816,657.369,0.0,0.0,0.4922,0.335704,0.0,0,0.0428718542,2.2313777217,2.0888761185236557,Train
YIXYUB_clean,7.99703,7.36677,7.98615,1.64643,944.835,573.867,0.0,0.0,0.4756,0.288867,0.0,0,0.0159555206,1.3112072664,1.2331320151427587,Train
YIXZEM_clean,8.10881,7.62421,8.10881,1.55257,958.181,617.157,0.0,0.0,0.488,0.314317,0.0,0,0.0130113999,1.1119231585,1.0545021134809045,Train
YIYHAQ_clean,5.13693,3.97105,5.11342,0.982113,1295.69,1319.28,0.0,0.0,0.5422,0.552075,0.0,1,0.0335025512,2.4256676109,2.3283941552322256,Test
YIZGEV_clean,8.18498,3.62665,8.04776,1.4535,879.019,604.759,443.479,305.11,0.5378,0.370003,0.0,0,0.2704706244,5.9169195329,5.897619272598506,Train
YIZGIZ_clean,8.32701,3.59268,8.32701,1.46991,1382.6,940.602,0.383122,0.260644,0.553,0.376215,0.0,0,0.2578024122,5.945801155800001,5.925030462582049,Train
YIZGOF_clean,8.30449,3.57994,8.30449,1.47966,1364.44,922.132,0.0,0.0,0.552,0.373059,0.0,0,0.2703826882,5.9796755098,6.07992983581115,Train
YIZWIN_clean,4.63572,3.59591,4.50441,1.58532,638.298,402.631,0.0,0.0,0.4932,0.311105,0.0,1,0.0055596249,0.4461733367,0.4585227919987189,Train
YOBYAR_clean,9.69314,7.13433,9.69314,0.65232,2302.34,3529.46,0.0,0.0,0.7484,1.14729,0.0,1,0.021280526,1.9584183571,1.9209372831210914,Test
YOBYEV_clean,9.64125,7.09583,9.64125,0.653616,2314.51,3541.09,0.0,0.0,0.7532,1.15236,0.0,1,0.0205268447,1.9770427558,1.8551704656486563,Test
YOCCIE_clean,6.8059,5.18062,6.8059,1.41637,1048.63,740.368,38.6647,27.2985,0.5234,0.369537,0.0,1,0.0990378501,2.7028948527,2.729072301807551,Train
YOCDUR_clean,9.69113,7.20147,9.69113,0.660405,2307.63,3494.27,0.0,0.0,0.7614,1.15293,0.0,1,0.0214975226,2.0183052361,1.9917143754974511,Train
YOCLEJ_clean,13.16813,6.65727,13.16813,0.881908,2114.87,2398.07,0.0,0.0,0.7196,0.815958,0.0,1,0.0376784343,2.1850960390000003,2.222935200022534,Test
YOCLIN_clean,13.22354,6.67449,13.22354,0.8764,2113.41,2411.46,0.0,0.0,0.7206,0.822227,0.0,1,0.0367200702,2.1868138614,2.196642406500892,Test
YOCNAH_clean,6.22868,3.97762,6.13994,1.44635,836.354,578.253,0.0,0.0,0.4804,0.332147,0.0,1,0.0772379204,1.986163279,2.1172539615794745,Train
YOCSEQ_clean,5.29821,4.82783,5.29821,2.09158,1030.37,492.631,0.0,0.0,0.4588,0.219356,0.0,1,0.0246222543,1.1800954707,1.354452397717993,Test
YODRAM_clean,7.27536,4.86667,7.27536,0.966335,1538.49,1592.09,200.889,207.888,0.6076,0.628767,0.0,1,0.0467654602,2.7943192744,2.7303861287058893,Train
YODWOF_clean,21.60336,14.63737,21.60336,0.354351,1695.85,4785.8,0.0,0.0,0.8718,2.46027,0.0,1,0.0214837846,2.0637217068,2.058178623188724,Train
YODWUL_clean,23.49364,11.53361,23.48524,0.424505,1906.84,4491.91,0.0,0.0,0.849,1.99997,0.0,1,0.021158981,2.0190738271,1.9764572439393013,Train
YOFGOR_clean,5.41632,4.78135,5.41632,1.32576,1175.0,886.282,0.0,0.0,0.499,0.376388,0.0,1,0.062297444,2.5618336916,2.5537725879867104,Train
YOFXEY_clean,5.28351,3.76449,3.92047,1.16809,406.535,348.035,406.008,347.584,0.5144,0.440378,0.0,0,0.0350433533,1.8308660054,1.8579808199945602,Train
YOFXIC_clean,4.88114,3.85589,4.00843,1.17746,202.132,171.668,464.324,394.346,0.5094,0.432628,0.0,0,0.0334268408,1.7844008842,1.7555274655397768,Train
YOGKOW_clean,10.82894,9.41793,10.82894,0.926286,1458.82,1574.92,0.0,0.0,0.651,0.702807,0.0,1,0.0230952921,1.8901610325,1.8880576260835997,Test
YOGVEX_clean,4.10269,3.52572,4.10269,1.25337,612.446,488.638,0.0,0.0,0.5006,0.399402,0.0,0,0.0326271486,2.1762119031,1.8114098662271174,Test
YOKKIU_clean,4.47915,3.70978,4.27429,1.38219,507.522,367.187,328.529,237.688,0.4744,0.343224,0.0,1,0.0511137744,2.557361976,2.515606550951744,Train
YOLGUB_clean,7.59854,5.9029,7.59287,0.74526,2992.97,4016.0,0.0,0.0,0.791,1.06137,0.0,1,0.0066286444,0.6676306934,0.7055794895531391,Train
YOMZIL_clean,6.06999,4.11356,6.06999,1.23293,641.787,520.537,0.0,0.0,0.4508,0.365632,0.0,1,0.0109278759,0.7209081961,0.7670798346386143,Test
YONNAR_clean,11.86103,5.70578,11.72639,0.691421,2206.3,3190.97,0.0,0.0,0.7668,1.10902,0.0,1,0.0227200528,2.126328374,2.0922175530202467,Train
YONNUL_clean,7.44579,3.94305,6.4772,1.00681,1672.8,1661.47,0.0,0.0,0.5814,0.577465,0.0,0,0.0641809896,3.3072293485000004,3.9102189509029928,Test
YOPPAW_clean,4.43567,3.44353,4.43166,1.44767,531.139,366.891,0.0,0.0,0.4788,0.330738,0.0,1,0.0096346063,0.7246036568,0.726585849236776,Train
YOQLAT_clean,5.09073,4.28382,5.09073,2.03523,909.798,447.024,0.0,0.0,0.4642,0.228082,0.0,1,0.0171986094,0.9847400522,0.99486965221525,Test
YORGOD_clean,8.38023,4.12707,8.38023,0.867162,1938.3,2235.22,0.0,0.0,0.6224,0.717744,0.0,0,0.033360411,2.5937225512,2.663364666779094,Train
YORLEY_clean,14.11404,9.82464,14.11404,1.50654,1067.45,708.545,0.0,0.0,0.6006,0.398661,0.0,1,0.010372897,0.639993502,0.7215056261456789,Train
YORNIE_clean,6.06957,5.53792,6.06957,0.892995,1622.17,1816.55,0.0,0.0,0.629,0.704371,0.0,1,0.0203590631,1.7471114145,1.7294214971816608,Test
YOTXOW_clean,6.29142,5.79696,6.29077,1.36514,595.047,435.886,0.0,0.0,0.467,0.342088,0.0,1,0.0205222171,1.1590863843,1.1594251770337662,Train
YOYBUL_clean,7.16525,4.74264,7.03966,0.861413,1929.99,2240.49,0.0,0.0,0.6146,0.713479,0.0,0,0.0525658967,3.5293874505,3.439674587904741,Train
YOYNUX_clean,6.53052,5.58315,6.53052,1.14575,936.289,817.183,0.0,0.0,0.503,0.439013,0.0,0,0.0616091468,2.2128140639,2.2056172307792563,Test
YOYPAF_clean,6.55588,5.45199,6.55588,1.14259,922.719,807.568,0.0,0.0,0.4978,0.435677,0.0,0,0.0644808196,2.225100506,2.1810309266466605,Train
YOYPEJ_clean,6.69444,5.84937,6.69444,1.13629,975.718,858.686,0.0,0.0,0.5104,0.44918,0.0,0,0.0600131833,2.1959396689,2.234095890219094,Test
YOYPIN_clean,6.69706,5.82012,6.69706,1.12302,945.662,842.074,0.0,0.0,0.503,0.447901,0.0,0,0.0535579678,2.1140408053,2.1372636758071075,Train
YOYPOT_clean,6.7589,5.79486,6.7589,1.1199,967.709,864.099,0.0,0.0,0.5112,0.456468,0.0,0,0.0604892694,2.1652738953,2.1777426877233212,Train
YOYPUZ_clean,6.823,5.88003,6.823,1.1136,990.517,889.476,0.0,0.0,0.5056,0.454025,0.0,0,0.0584818626,2.157357461,2.208426405123991,Test
YOYQAG_clean,6.86662,5.74381,6.86662,1.1179,982.695,879.053,0.0,0.0,0.5126,0.458537,0.0,0,0.0596845381,2.1621451705,2.255309056409914,Train
YOYQEK_clean,6.62212,5.08469,6.62212,1.12644,928.228,824.034,0.0,0.0,0.5154,0.457546,0.0,0,0.066461968,2.2475510455000003,2.246952833628531,Train
YOYQIO_clean,6.67565,4.79784,6.64558,1.08038,1016.53,940.902,0.0,0.0,0.5102,0.47224,0.0,0,0.0624151126,2.157916977,2.4194358377369336,Test
YOYQOU_clean,6.44081,4.04722,6.44081,1.09379,982.779,898.504,0.0,0.0,0.5092,0.465535,0.0,0,0.0678881543,2.2602994508000003,2.651843357929565,Test
YOYQUA_clean,6.73531,5.14118,6.73531,1.08477,941.654,868.069,0.0,0.0,0.5218,0.481024,0.0,0,0.0626742073,2.233700842,2.2360829678430107,Train
YOYRAH_clean,7.09133,6.25516,7.09133,1.0672,1026.65,962.001,0.0,0.0,0.525,0.491941,0.0,0,0.0489368459,2.0240157661,2.6414517016307215,Test
YOYREL_clean,7.29129,6.3252,7.29129,1.04682,1086.92,1038.31,0.0,0.0,0.5424,0.518142,0.0,0,0.0511565129,2.0652892852,2.8741135055364495,Test
YOYRIP_clean,6.79198,5.2818,6.79198,1.07942,946.208,876.593,0.0,0.0,0.5242,0.485633,0.0,0,0.0600966157,2.2100484339,2.2558744401771715,Train
YOYTOX_clean,5.00131,3.86562,5.00092,1.39238,1497.55,1075.53,0.0,0.0,0.5584,0.401039,0.0,1,0.0259673632,1.7494386030000002,1.802316112801488,Train
YOYTUD_clean,4.80402,3.83038,4.80248,1.49755,1398.05,933.559,0.0,0.0,0.5346,0.356983,0.0,1,0.0297813123,1.8969147354,1.941984045361819,Train
YOYVAL_clean,5.10696,4.09246,5.10696,1.36597,1540.95,1128.11,0.0,0.0,0.565,0.413627,0.0,1,0.0267586982,1.7891583846,1.8641513544566282,Train
YOYVEP01_clean,4.85942,3.67908,4.85942,1.85926,1388.03,746.548,0.0,0.0,0.5542,0.298075,0.0,1,0.018239861,1.27967655,1.3451340969128756,Test
YOYVOZ01_clean,4.93942,3.90462,4.93942,1.84087,1437.78,781.033,0.0,0.0,0.5596,0.303986,0.0,1,0.0215999953,1.4043970068,1.514780603528986,Train
YOYVOZ_clean,4.67642,3.71608,4.67441,1.95188,1324.79,678.726,0.0,0.0,0.5406,0.276964,0.0,1,0.0207099941,1.3762213301,1.4389202315921834,Train
YOYWEQ01_clean,4.53154,3.47646,4.53046,2.03962,960.704,471.022,1.31722,0.645816,0.5242,0.257009,0.0,1,0.0186778753,1.2643916145,1.2681183897102841,Train
YOYWEQ_clean,4.77875,3.62914,4.77812,1.88548,1186.63,629.349,4.49602,2.38455,0.5478,0.290536,0.0,1,0.0170552178,1.2044662837,1.2465018596302044,Test
YOYZET_clean,6.17589,4.55995,6.17589,1.24493,1035.54,831.808,0.0,0.0,0.5128,0.411912,0.0,0,0.0127995086,0.9808356297,0.9761054333707223,Train
YOZBOF_SL,7.83476,4.57838,7.67886,1.07865,1348.62,1250.29,0.0,0.0,0.5716,0.529923,0.0,0,0.0269478356,1.8416061559,1.9369264864758118,Train
YOZCAS_manual,8.46123,4.31249,7.59373,1.29132,1274.82,987.221,0.0,0.0,0.5562,0.430722,0.0,0,0.0208954103,1.4571852128,1.5021165200876374,Train
YOZJEE01_clean,4.99022,3.91645,4.98963,1.38859,1498.87,1079.42,0.0,0.0,0.5588,0.402423,0.0,1,0.0266143866,1.7599598691,1.8390016308358477,Test
YOZJEE_clean,4.63204,3.60208,4.62987,1.53122,1162.82,759.411,4.86491,3.17715,0.5256,0.343256,0.0,1,0.0258016428,1.7151447785,1.7510251436562714,Train
YOZKOP_clean,5.21744,4.85597,5.21744,1.23316,795.516,645.106,0.0,0.0,0.5018,0.406924,0.0,1,0.022752111,1.2439416899,1.342374620492194,Test
YOZNAE_clean,13.27907,6.70029,13.26706,0.882932,2074.79,2349.88,0.0,0.0,0.7122,0.80663,0.0,1,0.0377223486,2.2058797537,2.1723142484599323,Train
YOZQEK_clean,13.97996,12.00951,13.48133,0.61183,1737.5,2839.84,0.0,0.0,0.7918,1.29415,0.0,1,0.0141240694,1.3453430397,1.3565220027758302,Train
YOZYOD_clean,6.08705,4.94831,6.08705,1.19906,1535.33,1280.44,0.0,0.0,0.57,0.475373,0.0,1,0.0365758895,2.4800319269,2.3501235765142057,Test
YOZYUJ_clean,8.32775,7.35004,8.32775,1.04928,1799.21,1714.71,0.0,0.0,0.648,0.617564,0.0,1,0.0321092317,2.6908912898,2.4603948086960425,Test
YUBFOR_clean,8.69265,4.94745,8.69265,1.19814,1446.3,1207.12,0.0,0.0,0.612,0.510792,0.0,1,0.0159347114,1.2496815071,1.3625268792019627,Test
YUBGIN_clean,5.8422,3.48658,5.82075,1.92767,1406.23,729.498,0.0,0.0,0.58,0.300882,0.0,1,0.0172229566,1.1871155482,1.2192414481630354,Train
YUBQET_clean,5.81942,4.13008,5.81921,1.08758,1193.63,1097.51,0.0,0.0,0.5256,0.483275,0.0,0,0.056824105,2.8361822113,2.87504531947153,Test
YUCZOM_clean,4.78325,3.91982,4.78325,1.01421,1563.82,1541.91,0.0,0.0,0.5504,0.54269,0.0,1,0.0259437067,2.1652283174,2.082756910534947,Train
YUDFEK_clean,6.78829,4.53676,6.76727,1.15506,1800.97,1559.2,0.0,0.0,0.6172,0.534345,0.0,1,0.0284715663,2.1299260516,2.1585282051457737,Test
YUDFIO_clean,7.42167,6.24399,7.42167,1.08555,1886.91,1738.2,0.0,0.0,0.6204,0.571506,0.0,1,0.0132014635,1.2134107118000002,1.1946947455500623,Train
YUDFOU_clean,7.64047,6.34458,7.63187,1.05425,1899.74,1801.98,0.0,0.0,0.6516,0.618068,0.0,1,0.0126945543,1.1690179636,1.092001664869537,Train
YUFLIW_clean,6.09359,4.9062,6.08114,0.831336,2354.2,2831.83,0.0,0.0,0.6718,0.808097,0.0,1,0.0383195407,3.0824757361,3.137877718549971,Test
YUFLOC_clean,6.07463,4.45798,5.9729,0.984585,2401.71,2439.31,0.0,0.0,0.6528,0.663021,0.0,1,0.0235356175,2.0488736192,2.0281543707535534,Train
YUGLES_clean,10.89993,6.77637,10.89993,0.718001,2324.4,3237.32,0.0,0.0,0.7434,1.03537,0.0,1,0.0244197803,2.118449765,2.116971619256173,Train
YUGZIK_clean,11.91055,8.94015,11.87908,0.448758,2210.67,4926.21,0.0,0.0,0.8084,1.80142,0.0,1,0.0224485445,2.1589390738,2.1486116458220157,Test
YUHHIU_clean,6.82796,5.69487,6.82796,0.81756,1884.13,2304.57,0.0,0.0,0.672,0.821958,0.0,1,0.0251935639,2.226760437,2.1766599732497394,Train
YUJCOX_clean,5.98412,4.49111,5.97667,1.61045,1537.35,954.605,0.0,0.0,0.5426,0.336924,0.0,1,0.04240108,2.3934789585,2.302892584604181,Train
YUJNOH_clean,5.27714,3.46452,5.27652,1.77541,392.456,221.051,0.0,0.0,0.4746,0.267319,0.0,1,0.0186094131,1.010136718,0.9727707850517715,Train
YUKCAJ_clean,4.62174,3.64026,4.62174,1.16054,790.171,680.867,0.0,0.0,0.4744,0.408776,0.0,0,0.032762624,1.8408706523,1.8284945698230657,Train
YUKKAR_clean,5.85992,4.34741,5.85992,1.1473,1614.58,1407.28,0.0,0.0,0.5232,0.456026,0.0,0,0.0374534517,2.512026621,2.4523686385986583,Train
YULNOK_clean,4.29835,3.4152,4.29262,1.35163,393.739,291.306,2.25484,1.66823,0.4592,0.339737,0.0,1,0.0196916942,1.0955930806,1.1779266519425298,Test
YUMFUJ_clean,5.62483,3.84836,5.59785,1.06417,2334.41,2193.65,0.0,0.0,0.607,0.5704,0.0,1,0.0373005937,2.7049994233,2.775144551710441,Test
YUMJAS_clean,6.24531,4.99676,6.24531,2.01823,1798.6,891.176,0.0,0.0,0.5646,0.27975,0.0,1,0.0069793269,0.6436747165,0.6217471228419635,Train
YUMKAU_clean,9.79433,6.58571,9.76919,1.05716,1773.48,1677.58,0.0,0.0,0.674,0.637556,0.0,1,0.0168968392,1.5037355957,1.473373417878801,Test
YUMYUC_clean,6.81125,6.65142,6.81125,1.26369,1689.58,1337.02,0.0,0.0,0.6178,0.488886,0.0,1,0.0104688025,0.9816869613,0.9572031380679091,Train
YUNJUO_clean,4.39479,3.63152,4.30622,1.20023,327.056,272.493,228.818,190.645,0.4452,0.370927,0.0,0,0.0754953015,2.4502228374,2.367401248187243,Train
YUNKAV_clean,4.51501,3.79299,4.16091,1.19194,612.464,513.84,0.0,0.0,0.4502,0.377705,0.0,0,0.0703201171,2.4123017492,2.43936224419103,Train
YUNXAI_clean,9.13708,7.11095,9.13708,0.82221,2053.25,2497.23,0.0,0.0,0.684,0.831905,0.0,0,0.0318046024,2.4858921039,2.551145959384342,Test
YUPSIM_clean,5.52019,4.61021,5.51376,1.65801,687.926,414.911,0.0,0.0,0.4506,0.271772,0.0,0,0.0055167304,0.4503210300999999,0.3763913884911274,Train
YURJUR_clean,13.69253,8.47609,13.69253,0.683521,2000.04,2926.08,0.0,0.0,0.7552,1.10487,0.0,0,0.0178191555,1.600481351,1.644893479879333,Test
YURKAY_clean,8.234,7.52617,8.234,0.858047,2501.02,2914.78,0.0,0.0,0.7128,0.830724,0.0,1,0.0235702947,2.1239802135,2.1215760875167486,Train
YURKEC_clean,7.90101,7.08763,7.8976,1.07399,1764.62,1643.06,0.0,0.0,0.6344,0.590696,0.0,1,0.0267854113,2.2592525606,2.210617673325663,Train
YURKIG_clean,6.91612,5.83867,6.83043,1.00356,2150.65,2143.01,0.0,0.0,0.6578,0.655465,0.0,1,0.0290154038,2.2311204949000003,2.3595116321865905,Train
YUSGID_clean,4.4966,3.71515,4.45873,1.44519,752.59,520.755,0.0,0.0,0.4252,0.294217,0.0,0,0.0206266409,1.4406381444999998,1.3662705618649356,Train
YUSGOJ_SL,4.42187,3.56624,4.4192,1.435,723.425,504.128,0.0,0.0,0.4304,0.29993,0.0,1,0.015714067,1.1104915817,1.0924137740831734,Test
YUSWEP_manual,37.3405,13.00592,37.31547,0.403891,1712.88,4240.94,0.0,0.0,0.8324,2.06095,0.0,1,0.0234055683,2.1811276594,2.1443639909654855,Train
YUSWEQ_clean,5.40391,4.45966,5.39413,1.61347,1720.16,1066.13,0.0,0.0,0.5494,0.340509,0.0,1,0.0281475154,1.9662046284,1.8615011847659289,Train
YUSWIU_clean,5.63795,4.77812,5.63069,1.59088,1761.52,1107.26,0.0,0.0,0.5624,0.353516,0.0,0,0.0294167983,2.0034107948,1.9420719006459335,Train
YUTDUO_clean,7.90649,6.23902,7.90649,1.39467,1474.83,1057.48,0.0,0.0,0.5612,0.40239,0.0,1,0.1731515864,4.4576814739,4.469647908650115,Train
YUTGEZ_clean,5.82433,3.93601,5.82433,1.29826,1025.59,789.97,0.0,0.0,0.5686,0.437971,0.0,0,0.0078643764,0.6183171487,0.6552581396848429,Train
YUXLEJ_clean,10.83121,6.54663,10.83121,0.97354,1928.71,1981.13,0.0,0.0,0.6686,0.686772,0.0,1,0.0157821556,1.3596371371,1.3841467892576393,Train
YUXLIN_clean,11.21237,6.77529,11.21199,0.978835,1903.75,1944.91,0.0,0.0,0.6474,0.661399,0.0,1,0.0143176751,1.2437733177,1.255457389361684,Train
YUXQIS_clean,17.65359,14.41981,17.65359,0.688928,1805.53,2620.78,0.0,0.0,0.7418,1.07675,0.0,0,0.0209732802,1.8828412565,1.8393681012547412,Test
YUXQOY_clean,7.81236,5.76726,7.81236,0.879883,2108.57,2396.42,0.0,0.0,0.6624,0.752827,0.0,0,0.0222901206,2.0496456845,1.9469913576723612,Test
YUYBIF_clean,5.00131,4.56878,4.98439,1.44177,873.775,606.043,0.0,0.0,0.501,0.347489,0.0,0,0.0385824642,1.6942619645,1.7896688035344193,Test
YUYGOQ_clean,5.37118,4.47094,5.33272,1.34967,1149.04,851.347,10.6722,7.90727,0.5126,0.379797,0.0,1,0.0320913858,1.9868343243,1.9519905553114512,Test
YUYLIP_clean,5.22265,4.3746,5.21018,1.35436,1100.13,812.287,11.7356,8.66502,0.5156,0.380696,0.0,1,0.0292248912,1.8593731914,1.8510854644841144,Test
YUYLOV_clean,5.28891,4.25116,5.28891,1.21408,1053.59,867.808,5.10787,4.20721,0.5256,0.432922,0.0,1,0.027467864,1.7741054753,1.7458956563572439,Train
YUZCON_clean,12.85482,8.91717,12.83553,1.23622,1841.47,1489.6,0.0,0.0,0.7372,0.596334,0.0,1,0.0051310514,0.4855661399,0.5202789824108349,Train
YUZPEQ_clean,21.49816,9.22584,18.34054,0.4666,2093.84,4487.44,0.0,0.0,0.8266,1.77154,0.0,1,0.0268458263,2.377555156,2.4611775251871686,Test
YUZPIU_clean,24.28264,10.2733,24.27637,0.405541,1930.72,4760.85,0.0,0.0,0.8426,2.07772,0.0,1,0.028120242,2.4756169276,2.5074162989502775,Test
YUZPOA_clean,20.08724,6.66271,20.08724,0.597835,2261.64,3783.05,0.0,0.0,0.7894,1.32043,0.0,1,0.0303964251,2.530613795,2.5630955323078752,Test
YUZRAO_clean,7.04018,5.00118,6.73681,1.11887,1297.93,1160.04,0.0,0.0,0.528,0.471906,0.0,1,0.0265884341,1.9101057169,1.9009468687681823,Test
YUZRES_clean,7.11877,4.99085,7.01426,1.11442,1299.63,1166.19,0.0,0.0,0.527,0.472891,0.0,1,0.027019555,1.9321644021,1.9299383770791378,Train
YUZXAT_clean,5.15837,3.71285,5.1262,1.26263,639.82,506.735,0.0,0.0,0.4692,0.371605,0.0,1,0.0535414582,1.7003528769,1.8185968400452752,Train
ZABQIC_ion_b,12.00373,11.11993,12.00373,0.767386,1559.55,2032.28,0.0,0.0,0.672,0.8757,0.0,1,0.0125700632,1.1538119861,1.1438338371628274,Train
ZACHIX_clean,13.14331,6.50331,13.13039,0.890304,2133.37,2396.22,0.0,0.0,0.7114,0.799053,0.0,1,0.0372082934,2.2578186979,2.2503954701589715,Test
ZAFXAI_clean,8.16636,3.63608,8.16636,1.40372,1642.88,1170.38,0.0,0.0,0.568,0.40464,0.00156727,0,0.0191839666,1.2706257556,1.3059567560627576,Train
ZAGHAT_clean,4.51112,4.19176,4.51112,1.1607,908.617,782.819,0.0,0.0,0.5106,0.439908,0.0,1,0.0393000306,2.4126585635,2.2592788748618817,Test
ZAHLEC_clean,10.74057,8.40432,8.92854,0.504189,2700.75,5356.61,0.0,0.0,0.8076,1.60178,0.0,1,0.0193575886,1.9126131495,1.8170604522728728,Test
ZALDUO_clean,4.61661,3.56851,4.61661,1.92477,1210.48,628.894,0.0,0.0,0.514,0.267045,0.0,1,0.0076047399,0.6114558082,0.6651433526045183,Train
ZALGEB_clean,6.62075,4.56528,6.62075,1.81667,1374.98,756.865,0.0,0.0,0.5514,0.303522,0.0,1,0.0031641775,0.2948889946999999,0.3014503468441696,Train
ZALREM_clean,5.87604,3.78386,5.86921,1.04183,1802.16,1729.8,0.0,0.0,0.622,0.597029,0.0,0,0.0541795835,3.5308836924,3.551267094604757,Test
ZAQWEW_clean,6.95842,6.13717,6.94512,1.39957,1222.41,873.413,0.0,0.0,0.5188,0.370684,0.0,1,0.0121025302,1.034954984,1.0020444223494076,Train
ZAQZOG_clean,5.77457,3.67413,5.75944,1.64692,1133.89,688.489,59.8527,36.3421,0.521,0.316347,0.0,1,0.0257948037,1.8291306971,1.6635788956870403,Train
ZARLEL_clean,14.43115,13.28451,14.43115,0.493906,1518.29,3074.04,0.0,0.0,0.7906,1.60071,0.0,1,0.0135896956,1.3078359742,1.2716592817856456,Train
ZARLIP_clean,9.09773,7.66595,9.09773,0.805646,1902.98,2362.06,0.0,0.0,0.6786,0.842305,0.0,1,0.0220341798,1.8567641567,1.9161559171611124,Test
ZARPUF_clean,7.04716,6.45776,7.04716,1.849,1998.18,1080.68,0.0,0.0,0.6766,0.365927,0.0,1,0.0082057466,0.7565016361,0.7413487700426957,Train
ZARQAM_clean,7.63314,6.94265,7.63314,2.76479,1309.37,473.587,0.0,0.0,0.5168,0.186922,0.0,1,0.0038646639,0.3664917546,0.36354580198388065,Train
ZARTAP03_clean,4.16883,3.64959,4.16883,1.16973,666.603,569.875,0.0,0.0,0.5526,0.472415,0.0,0,0.0164511824,1.3722208554,1.2677168174095683,Test
ZARVIZ_clean,8.08211,6.49977,8.07086,1.60695,1752.25,1090.42,2.37844,1.4801,0.6066,0.377486,0.0,1,0.0075332764,0.7043841590000001,0.6623208765183195,Train
ZARZAV_clean,5.22384,3.95101,5.21614,1.32405,863.286,652.003,0.0,0.0,0.4802,0.362674,0.0,1,0.0728209413,2.2272550979,2.4181664102791123,Train
ZASJAG_clean,8.3258,8.06587,8.3258,1.20593,1261.26,1045.89,0.0,0.0,0.5316,0.440823,0.0,0,0.0134896886,1.1851296793,1.165297213721574,Train
ZAVPET_clean,5.39742,4.45708,5.33979,1.26627,1762.86,1392.17,0.0,0.0,0.5648,0.446036,0.0,1,0.0280072355,1.9887940219,2.0130800740682275,Test
ZAVPIX_clean,5.34624,4.4404,5.30939,1.2826,1715.57,1337.57,0.0,0.0,0.5728,0.446594,0.0,1,0.0285864187,2.0041793791,2.0326792929651067,Test
ZAVPOD_clean,5.37051,4.47073,5.34338,1.28123,1720.75,1343.05,0.0,0.0,0.573,0.447228,0.0,1,0.0277606609,1.9858379467,2.000582689198876,Train
ZAVPUJ_clean,5.35189,4.46399,5.34326,1.29856,1713.78,1319.75,0.0,0.0,0.5712,0.439871,0.0,1,0.0292679817,2.0003590662,2.0526726619575024,Train
ZAVQAQ_clean,5.33865,4.48097,5.3256,1.32498,1680.96,1268.67,0.0,0.0,0.569,0.42944,0.0,1,0.0291305697,1.9884830988,2.0345985336003363,Train
ZAVQEU_clean,5.32077,4.48233,5.32077,1.33464,1678.44,1257.6,0.0,0.0,0.5746,0.430529,0.0,1,0.0295479522,1.999663362,2.0544626629189477,Test
ZAVQIY_clean,5.30607,4.48289,5.30386,1.35411,1643.73,1213.88,0.0,0.0,0.5664,0.418282,0.0,1,0.0293402418,1.9933998565,2.036981225713646,Test
ZAVQOE_clean,5.3264,4.54894,5.3264,1.35472,1669.82,1232.6,0.0,0.0,0.5738,0.423556,0.0,1,0.0285304674,1.9609957849,2.010029534808704,Test
ZAVQUK_clean,5.30653,4.52403,5.29517,1.36913,1649.04,1204.45,0.0,0.0,0.5562,0.406243,0.0,1,0.0290374303,1.9535180477,2.015010294398385,Train
ZAVRAR_clean,5.32227,4.57646,5.32227,1.37671,1661.66,1206.98,0.0,0.0,0.5744,0.417225,0.0,1,0.0282093138,1.9371459394,1.9838298658972309,Test
ZAVREV_clean,5.30179,4.55872,5.30179,1.39948,1649.43,1178.6,0.0,0.0,0.5718,0.40858,0.0,1,0.0295319645,1.9796955702,2.0257589293935774,Test
ZAVRIZ_clean,5.32783,4.62627,5.32783,1.39297,1655.8,1188.68,0.0,0.0,0.5686,0.408192,0.0,1,0.0281698733,1.9265071246,1.9647375065845407,Train
ZAXQOG_clean,5.67387,3.7719,5.66477,1.01421,1385.47,1366.06,80.4067,79.2805,0.6032,0.594751,0.0,1,0.0751214906,3.8134305263,3.7855352316634696,Train
ZAZBUZ_clean,6.78822,5.70042,6.78792,1.17074,1452.69,1240.82,0.0,0.0,0.588,0.502245,0.0,1,0.0330486058,2.3214040618,2.2591966763037115,Train
ZEBMAW_clean,7.10606,3.80774,7.0844,1.02768,1719.77,1673.45,0.0,0.0,0.5972,0.581114,0.0,1,0.0316172562,2.522235424,2.44982216099824,Train
ZECKID_clean,10.33934,8.28295,10.32915,0.62663,2205.37,3519.42,0.0,0.0,0.7756,1.23773,0.0,1,0.0133709702,1.3101381382,1.2829601319988913,Test
ZECKOJ_clean,10.01013,7.75871,10.01013,0.671545,2228.83,3318.96,0.0,0.0,0.7738,1.15227,0.0,1,0.0141342713,1.3499044067,1.379131294701087,Train
ZEDLOL_clean,4.6264,3.66432,4.6264,1.37262,652.64,475.472,0.0,0.0,0.459,0.334398,0.0,0,0.0308128878,1.6875919788,1.5322068591549698,Test
ZEDQEG_clean,5.11458,4.23281,5.10868,1.21651,1349.89,1109.64,0.0,0.0,0.5426,0.446031,0.0,1,0.0241724445,2.0187412168,1.7738799123181792,Train
ZEDROR_clean,5.08255,3.56751,5.06998,1.24486,1045.2,839.611,0.0,0.0,0.4974,0.399562,0.0,1,0.0534511408,2.6296855711,2.5705675103094867,Train
ZEDZAL01_clean,5.65082,4.55391,5.6492,1.03183,1744.09,1690.29,0.0,0.0,0.599,0.580521,0.0,0,0.0546921347,3.3865563569,3.3776952567636025,Test
ZEDZAL_clean,5.65964,4.57272,5.65578,1.03183,1734.09,1680.59,0.0,0.0,0.6058,0.587111,0.0,0,0.054270995,3.379086097,3.3544148108264453,Train
ZEKRIS_clean,5.6482,4.818,5.6482,1.03468,1377.31,1331.15,0.0,0.0,0.5112,0.494067,0.0,1,0.0719941737,3.4591381288,3.484084721660579,Train
ZELQAK_clean,8.24038,5.23853,8.14946,0.765451,2630.89,3437.05,0.0,0.0,0.7374,0.963354,0.0,1,0.0308150644,2.7338335346,2.698072715852216,Test
ZELROZ_manual,16.90888,11.06843,16.90888,0.361932,1789.5,4944.29,0.0,0.0,0.8714,2.40763,0.0,0,0.0182713953,1.766916458,1.7807156546726883,Train
ZERQOE_clean,4.4965,4.02903,4.49472,1.56535,409.981,261.909,0.0,0.0,0.3512,0.224358,0.0,0,0.1070667098,1.6312976804,1.629491118686638,Train
ZETLER_clean,7.4185,6.73421,7.4185,1.13583,1090.42,960.022,0.0,0.0,0.5128,0.451477,0.0,1,0.0267779367,1.9637759992,1.8777333995314682,Test
ZEVXAB_clean,8.31732,6.45797,8.30908,0.729711,1924.84,2637.82,0.0,0.0,0.6412,0.878704,0.0,0,0.0256845284,2.2246021439,2.2096744264601234,Test
ZEXKUK_clean,5.43641,4.11889,5.43641,1.10203,1510.94,1371.05,0.0,0.0,0.521,0.472764,0.0,0,0.0407079395,2.4423540823,2.533463562746909,Train
ZEZFIV_clean,10.69025,9.42287,10.68854,0.594994,2005.75,3371.05,0.0,0.0,0.743,1.24875,0.0,1,0.0189344886,1.8146094127,1.7713061250925612,Test
ZEZPAX_clean,4.88259,3.42627,4.87229,1.37031,946.317,690.584,0.0,0.0,0.58,0.423261,0.0,1,0.0278559684,1.846911707,1.7190501774769718,Test
ZEZPUR_clean,6.86808,4.73515,6.86808,1.25879,1604.0,1274.24,0.0,0.0,0.5842,0.464096,0.0,1,0.0268419181,1.9510105048,2.0068553722787494,Test
ZEZQAY_clean,6.85728,4.76238,6.85728,1.25559,1624.77,1294.03,0.0,0.0,0.5694,0.453492,0.0,1,0.0280008377,2.0202359712,2.0315811929590124,Train
ZEZQEC_clean,6.82109,4.77027,6.82109,1.2492,1610.37,1289.12,0.0,0.0,0.5834,0.467017,0.0,1,0.027144522,2.0060851249,2.0320889400131668,Train
ZEZQIG_clean,6.88408,4.79829,6.69844,1.21505,1604.06,1320.16,0.0,0.0,0.5894,0.485082,0.0,1,0.0266000427,1.9555362283,2.006060328175234,Test
ZICCIZ_clean,17.08225,7.88152,11.63664,0.729494,2109.82,2892.17,0.0,0.0,0.7876,1.07965,0.0,1,0.016330579,1.5498933178999998,1.555638862536042,Test
ZIDBEV_clean,9.63216,5.48309,9.63216,0.807059,2178.07,2698.78,0.0,0.0,0.7352,0.910962,0.0,1,0.0094922681,0.9200031879,0.9475685653814611,Train
ZIDNEH_clean,8.84838,5.55883,8.83355,0.885692,1904.92,2150.77,0.0,0.0,0.6292,0.710405,0.0,1,0.0508898553,3.0098865374,3.1172355361263677,Test
ZIDVAL_clean,5.32891,3.57912,5.32891,1.33917,571.442,426.715,0.0,0.0,0.4296,0.320796,0.0,1,0.0627021495,1.6273081973,1.6603629729395921,Train
ZIGFIG_clean,11.59694,6.57481,10.91215,0.866393,2057.4,2374.67,0.0,0.0,0.6856,0.791327,0.0,1,0.04808433,2.3088075506,2.513044962683284,Train
ZIHFUR01_clean,5.31623,4.89277,5.31045,1.17914,978.608,829.937,0.0,0.0,0.4918,0.417085,0.0,0,0.0170133452,1.1890669955,1.1899865144181814,Train
ZIHFUR_clean,5.26061,4.96221,5.22095,1.17428,998.963,850.705,0.0,0.0,0.5002,0.425964,0.0,0,0.0161095176,1.1734003131,1.1575849924750343,Train
ZIHTEP_clean,4.34589,3.49261,4.31959,1.10997,397.98,358.549,0.0,0.0,0.4276,0.385235,0.0,1,0.0101782389,0.7697108068999999,0.7718910339144556,Train
ZIJSAO_clean,20.32962,7.50871,20.32962,0.465536,2204.15,4734.65,0.0,0.0,0.8128,1.74594,0.0,1,0.023374684,2.1753394051,2.1927350123300955,Train
ZIJVOF01_clean,5.27877,3.42429,5.23095,1.22527,1101.04,898.609,0.0,0.0,0.5618,0.458512,0.0,1,0.0487973264,2.2478553296,2.399825339904719,Train
ZIKJIO_clean,7.07783,5.58584,7.07783,0.782965,2562.61,3272.96,0.0,0.0,0.6992,0.893015,0.0,1,0.0306274722,2.6968139439,2.6301136060579626,Train
ZIKJOU_clean,5.81598,3.9573,5.81598,0.969805,2178.44,2246.27,0.0,0.0,0.6456,0.665701,0.0,1,0.0477462494,3.2565174113,3.397117265333515,Train
ZILBAZ_clean,4.9863,4.28704,4.9863,0.999721,1029.25,1029.53,0.0,0.0,0.551,0.551154,0.0,1,0.024933135,1.7877521407,1.8100193671513618,Train
ZILBED_clean,4.97187,3.8062,4.93999,0.952981,1353.58,1420.37,0.0,0.0,0.5664,0.594346,0.0,1,0.0308407994,2.6061310506,2.38216570852311,Train
ZILBIH_clean,9.14666,5.88445,8.01264,0.927388,1498.69,1616.04,0.0,0.0,0.5906,0.636843,0.0,0,0.0369444455,3.0062961992000004,2.831999604458628,Train
ZILFOR_manual,9.30653,7.96955,8.40209,0.639421,2480.2,3878.82,0.0,0.0,0.7576,1.18482,0.0,1,0.0272954693,2.4293904876,2.4421523683565862,Train
ZIMLAK_clean,8.81434,4.17837,8.81158,1.15604,2223.72,1923.56,0.0,0.0,0.7056,0.610357,0.0,1,0.0106952164,1.0111304598,1.000904723042142,Train
ZIMLEO_clean,8.8325,4.17886,8.8325,1.13678,2223.09,1955.6,0.0,0.0,0.7064,0.621405,0.0,1,0.0108267555,1.0136406731999998,1.0320325775089656,Train
ZIMLIS_clean,8.92267,4.20987,8.92267,1.114,2237.68,2008.69,0.0,0.0,0.7006,0.628903,0.0,1,0.0107858424,1.0181934066,0.9816496232195544,Train
ZIMTAS_clean,15.44798,6.02893,15.44798,0.579498,2082.03,3592.82,0.0,0.0,0.7752,1.33771,0.0,1,0.0214973313,2.0260656172,2.0175328535588952,Test
ZINDAD_clean,16.39277,6.7436,16.39277,0.781296,1939.71,2482.68,0.0538053,0.0688667,0.7302,0.934601,0.0,1,0.0325380576,2.624682866,2.468703830238164,Test
ZIQJEQ_clean,9.10665,6.72913,9.10665,0.629598,2298.43,3650.63,0.0,0.0,0.736,1.169,0.0,1,0.0174522215,1.6393629554,1.6450585799673316,Test
ZISFEO01_clean,4.76853,3.96927,4.66022,1.28743,834.269,648.011,0.0,0.0,0.4838,0.375787,0.0,1,0.0594283787,2.6975366784,2.482903689383826,Train
ZISFEO_clean,4.87799,4.0904,4.87799,1.19653,987.013,824.893,0.0,0.0,0.5152,0.430577,0.0,1,0.0422601804,2.3007955481,2.2162140265363,Test
ZISYAD_clean,5.9099,4.91539,5.73695,1.28892,1160.38,900.27,0.0,0.0,0.5204,0.403748,0.0,0,0.0552488294,2.3226142986,2.464278072138969,Test
ZITRUP_clean,6.53672,5.01398,6.53672,0.717884,2623.55,3654.57,0.0,0.0,0.7268,1.01242,0.0,0,0.0170102656,1.5415100558,1.5347030744421466,Train
ZIWLUO_clean,7.47107,4.53903,7.43631,1.09467,1585.65,1448.51,0.0,0.0,0.5836,0.533128,0.0,1,0.0379690904,2.3815387636,2.5518658243874,Test
ZOFZIF_clean,8.07986,5.82761,8.06722,0.702361,2633.85,3750.0,0.0,0.0,0.7174,1.02141,0.0,1,0.024261686,2.2419661141,2.261281379024814,Test
ZOFZOL_clean,9.41161,6.60227,9.39434,0.678974,2530.56,3727.03,0.0,0.0,0.7552,1.11227,0.0,1,0.0254603078,2.312748904,2.2842912303858283,Train
ZOFZUR_clean,12.72726,10.75924,12.72726,0.565447,2337.99,4134.76,0.0,0.0,0.7702,1.36211,0.0,1,0.0271697083,2.4004920059,2.36466338804646,Test
ZOHFUZ_clean,11.92122,6.68196,11.92122,0.814891,2190.64,2688.27,0.0,0.0,0.7046,0.864656,0.0,1,0.0459676771,2.7918986812,2.7526170957729756,Train
ZOMNEW_clean,6.0596,4.54083,6.0596,1.15823,1419.36,1225.46,0.0,0.0,0.5808,0.501457,0.0,1,0.032408935,2.2143725198,2.1725176156160257,Train
ZOMNIA_clean,6.19749,4.62522,6.12809,1.13009,1429.96,1265.35,0.0,0.0,0.5774,0.510931,0.0,1,0.0291396685,2.0838409595,2.017693367951674,Test
ZOMNUM_clean,6.06034,4.51773,6.06034,1.06034,1392.7,1313.45,0.0,0.0,0.5604,0.52851,0.0,1,0.035801877,2.3714644825,2.3544233735258397,Train
ZOTKAW_clean,4.77881,3.75238,4.76637,1.43383,643.033,448.471,0.0,0.0,0.4312,0.300732,0.0,1,0.0138355427,0.9949401987,0.8958085327896994,Train
ZOXFEZ_clean,6.93984,4.03954,6.93984,0.864343,2031.03,2349.79,0.0,0.0,0.6366,0.736513,0.0,0,0.051064023,3.8083169099,3.7491442061413744,Train
ZOXGOK_clean,6.81689,4.16129,6.80143,1.34232,1279.03,952.844,0.0,0.0,0.53,0.394837,0.0,1,0.0134474801,1.1084037213,1.0737531313651656,Train
ZOXNEH_clean,5.49902,3.71803,5.37867,1.30831,1870.03,1429.35,0.0,0.0,0.6444,0.492544,0.0,1,0.0654042111,3.5908731780000003,3.849027114074519,Test
ZOZCIC_clean,4.77783,3.48746,4.76506,1.70684,334.136,195.762,173.298,101.532,0.4902,0.287197,0.0,1,0.0232208539,1.1676336461,1.2234438388633588,Train
ZOZHON_clean,7.30118,5.11086,5.92942,1.04457,1885.43,1804.99,0.0160738,0.015388,0.6212,0.594697,0.0,0,0.038413006,2.7199140573,2.7925593984727324,Test
ZOZKAC_clean,4.08199,3.46421,4.07007,1.50938,399.978,264.995,0.0,0.0,0.4188,0.277465,0.0,1,0.0483086774,2.1214489115,1.7556542317499573,Test
ZOZKEG_clean,7.97254,6.83417,7.97254,1.12239,1128.68,1005.6,75.4829,67.2521,0.5514,0.491274,0.0,1,0.0479643655,1.8774086661,2.067954917854613,Train
ZOZPUB_clean,7.7256,6.01065,7.70911,1.03826,1572.11,1514.17,0.0,0.0,0.597,0.574999,0.0,1,0.0134914447,1.1610130671,1.1932353772028699,Train
ZUBFIN_clean,7.69352,3.71325,7.67785,1.11238,1215.17,1092.41,0.0,0.0,0.5518,0.496052,0.0,1,0.0602905916,2.7567292863,2.739159636332194,Train
ZUDQUM_clean,5.81277,5.4291,5.81277,1.09047,1603.64,1470.59,0.0,0.0,0.5888,0.539951,0.0,0,0.0364595304,2.3973573695,2.4962476993718674,Train
ZUDRAT_clean,6.48565,4.23405,6.48051,1.20859,1651.45,1366.43,0.0,0.0,0.5628,0.465668,0.0,1,0.0303179685,2.3036968939,2.1229319678254917,Test
ZUDXAZ_clean,4.0542,3.70372,4.05121,1.83709,560.464,305.082,53.3835,29.0587,0.4362,0.237441,0.0,1,0.0306307748,1.6288074488,1.5878080332693922,Test
ZUGDEM_clean,9.67095,5.98717,9.67095,0.85339,2198.39,2576.07,0.0,0.0,0.6996,0.819789,0.0,1,0.0256814626,2.312017846,2.125403764620545,Test
ZUKNAW_clean,11.21967,10.68501,10.9966,0.962771,2472.04,2567.63,0.0,0.0,0.7894,0.819925,0.0,1,0.0060059185,0.6124376243,0.5923587364778493,Train
ZUNZIT_clean,5.02966,4.18682,5.02966,1.54704,1064.88,688.333,0.0,0.0,0.4702,0.303935,0.0,1,0.0419604752,2.0527936828,1.983901317910871,Test
ZUPBET_clean,5.03517,4.18078,5.03517,1.52077,1109.78,729.746,0.0,0.0,0.4686,0.308133,0.0,1,0.0414167804,2.0837400957,2.0424720571232267,Test
ZUQMAB_clean,6.12654,3.97231,6.12654,1.08189,1594.49,1473.8,0.0,0.0,0.5652,0.522421,0.0,0,0.0343804719,2.3727199747,2.403090581192055,Test
ZURQOS_clean,4.62363,3.68876,4.61478,1.30618,1284.42,983.341,0.0,0.0,0.526,0.402701,0.0,1,0.0317492609,2.0228366937,2.1313799926757664,Test
ZURROT_clean,4.90807,3.92111,4.90807,1.07774,1554.64,1442.5,0.0,0.0,0.611,0.566926,0.0,1,0.0185339709,1.5213943969,1.5755575357039118,Train
ZUSBIA_clean,4.68848,3.56399,4.68848,1.21981,1104.24,905.252,0.0,0.0,0.5638,0.462202,0.0,1,0.0527025862,2.7093794455,2.865159828028446,Test
ZUSBOG_clean,4.86162,3.45547,4.8534,1.16782,1166.3,998.701,0.0,0.0,0.5894,0.504701,0.0,1,0.0628989892,3.1177840721,3.1124031289135496,Test
ZUTBIB_clean,5.89251,3.41929,5.89251,2.16043,1096.32,507.456,0.0,0.0,0.5212,0.241248,0.0,0,0.2790559541,3.7877378468,3.872908877684278,Train
ZUTBUN_clean,4.42995,3.86732,4.42995,2.2828,1037.92,454.67,0.0,0.0,0.4626,0.202646,0.0,0,0.4282335165,3.7590213019,3.7146222147829064,Train
ZUWXUM_clean,6.25511,5.54572,6.22585,0.917254,2526.11,2753.99,0.0,0.0,0.7012,0.764456,0.0,0,0.0439580686,3.6691492636,3.65967400558894,Train
ZUXPOZ_clean,4.9428,4.31959,4.93372,2.00162,1314.33,656.635,0.0,0.0,0.579,0.289266,0.0,1,0.0155533458,1.0423422635,1.1215825094191427,Test
ZUZZEB_clean,12.38418,6.8566,12.3754,0.903178,2016.22,2232.36,0.0,0.0,0.7248,0.8025,0.0,0,0.0145109673,1.3471689962,1.3031024534625932,Train
