filename,LCD,PLD,LFPD,cm3_g,ASA_m2_cm3,ASA_m2_g,NASA_m2_cm3,NASA_m2_g,AV_VF,AV_cm3_g,NAV_cm3_g,Has_OMS,y_true,y_pred,Split
ACOCOM_clean,24.60642,13.0343,24.60642,0.349927,1537.41,4393.52,0.0,0.0,0.863,2.46623,0.0,1,0.4877271829999999,0.45402368742955523,Train
ACOCUS_clean,24.38417,13.22222,24.38417,0.346494,1518.48,4382.42,0.0,0.0,0.8644,2.49471,0.0,1,0.5014130045,0.4470872681627097,Train
ACODAZ_clean,23.29182,13.11646,23.29182,0.343144,1530.83,4461.21,0.0,0.0,0.8618,2.51148,0.0,1,0.4916699928999999,0.4420400641617415,Test
acscombsci.5b00188_34903_clean,6.15808,5.85025,6.15808,2.16583,1748.44,807.285,0.0,0.0,0.542,0.25025,0.0,0,1.9455993145,1.7385099854153157,Train
acscombsci.5b00188_5013797_clean,9.69678,6.71185,9.61668,0.664961,2272.9,3418.09,0.0,0.0,0.7302,1.09811,0.0,0,0.4711412009,0.46045866855646933,Train
acs.inorgchem.6b01211_ic6b01211_si_002_clean,11.28381,4.52903,11.28381,0.822811,2257.22,2743.3,0.0,0.0,0.6948,0.844422,0.0,1,0.7189251631,0.8109735483837365,Test
acs.inorgchem.6b01762_ic6b01762_si_002_clean,11.40609,8.52606,11.40609,2.31198,1582.43,684.446,0.0,0.0,0.647,0.279846,8.65e-05,1,0.0594617254,0.06118868368476249,Train
AFEKAX_clean,8.19182,6.99421,8.19182,0.987281,1565.63,1585.8,78.0532,79.0587,0.641,0.649258,0.0,1,1.8106728735,0.5975574568526808,Test
AGUBUA_clean,5.46218,4.59563,5.46034,1.83317,1345.91,734.196,0.0,0.0,0.576,0.31421,0.0,0,1.5249383061,1.0376973371928173,Train
AHIYOH_clean,5.55847,4.74922,5.55001,1.42546,843.163,591.503,0.0,0.0,0.4554,0.319476,0.0,1,0.7205098426000001,0.4652434538966753,Train
am301365h_si_002_clean,11.58637,3.48934,11.58637,0.907013,1494.34,1647.54,0.0,0.0,0.6382,0.703628,0.0,0,0.3191300924,0.27489521109514575,Train
AMIZIG_clean,6.42874,5.80877,6.41409,1.40393,699.498,498.243,0.0,0.0,0.4248,0.302579,0.0,1,0.2145062814,0.26123046606549216,Train
ANOMOG_clean,12.8003,5.50166,12.79961,0.784559,2116.78,2698.05,0.0,0.0,0.7198,0.917458,0.0,1,0.7309118139,0.6945952971689879,Train
AQEGUY_clean,5.54395,4.66139,5.49926,1.46355,1275.66,871.62,0.0,0.0,0.5148,0.351747,0.0,1,0.9068443142,0.648563684482497,Test
AQIXUU_clean,5.00071,3.74213,5.00071,2.31618,778.297,336.026,0.0,0.0,0.406,0.175289,0.0,1,0.8902026190000001,0.29196084226889096,Test
AQOTIK_clean,6.7817,3.86887,6.78051,1.47348,1288.35,874.359,0.0,0.0,0.5612,0.380867,0.0,1,0.7900155765000001,0.4224624359662992,Test
ASEKAM_clean,5.99031,5.00967,5.99031,1.72662,1403.65,812.946,0.0,0.0,0.5696,0.329892,0.0,1,0.5606745873,0.4095629229549294,Train
ASIVEF_clean,11.85007,7.21214,11.45277,0.623261,2219.01,3560.32,0.0,0.0,0.7618,1.22228,0.0,1,0.4543521064,0.5013724626393935,Train
ATEZEG_clean,10.12518,7.5272,10.12318,0.775574,2361.78,3045.2,0.0,0.0,0.7158,0.922929,0.0,1,0.6571739027,0.5163918292703199,Train
ATEZIK_clean,10.39835,7.60488,10.39835,0.744295,2329.14,3129.33,0.0,0.0,0.7298,0.980525,0.0,1,0.5789186467,0.49371685542214216,Train
ATUZEW_clean,10.5847,3.84767,10.5847,0.968927,2122.87,2190.95,0.0,0.0,0.6504,0.671258,0.0,1,0.9404738592,0.9363406917863409,Train
AVETAY_clean,5.64584,4.05596,5.63489,1.01371,1738.43,1714.92,0.32856,0.324118,0.6096,0.601358,0.0,1,1.3296140090000002,1.0370423721863269,Train
BABREE_clean,12.92538,6.29785,12.92538,0.898119,2356.63,2623.96,0.0,0.0,0.6828,0.760255,0.0,1,0.5610309155,0.9723908213056369,Test
BETFOX_clean,5.13144,3.67825,5.11456,1.3623,1196.21,878.085,0.0,0.0,0.5018,0.368349,0.0,0,0.6566200873,0.8101024663050937,Train
BEWCUD_clean,11.43013,9.61646,11.40927,0.476468,2123.61,4456.97,0.0,0.0,0.8196,1.72016,0.0,1,0.4251563509,0.38220327820878425,Test
BEXTUV_clean,4.28323,3.79801,4.26635,1.30528,1237.19,947.835,0.0,0.0,0.5092,0.390108,0.0,1,1.2674003793000002,1.0689423744909707,Test
BEXVAD01_clean,3.87179,3.50198,3.85722,1.36931,1031.87,753.568,0.0,0.0,0.5022,0.366754,0.0,1,0.9865989477,0.8917547305956038,Train
BEXVAD_clean,4.05512,3.67488,4.05512,1.37514,1152.1,837.807,0.0,0.0,0.4946,0.359673,0.0,1,1.2293756743000002,1.104673776564272,Train
BICDAU_clean,11.50132,6.68644,11.17198,0.65299,2386.53,3654.78,0.0,0.0,0.7824,1.19818,0.0,1,0.4386528872,0.4969932307749693,Test
BIHBEB_clean,18.34605,17.1599,18.34605,0.724278,1666.73,2301.23,0.0,0.0,0.776,1.07141,0.0,1,1.2565370119,0.7314039121106374,Train
BIJFAD_clean,8.3585,6.26342,8.18439,0.855984,1774.61,2073.18,0.0,0.0,0.6172,0.721042,0.0,1,0.4847532825,0.5517049068572515,Train
BIRGIU_clean,6.67557,4.28336,6.67557,1.36929,1467.6,1071.8,0.0,0.0,0.553,0.403858,0.0,1,0.3224726188,0.4266316865324682,Train
BIWSOQ_clean,15.33666,5.40917,6.36274,0.990293,1940.65,1959.67,0.0,0.0,0.6518,0.658189,0.0,1,1.1563272003,1.0406351619368075,Train
BORBEQ_clean,6.03525,3.97595,5.98504,1.10262,1309.44,1187.57,0.0,0.0,0.545,0.494276,0.0,0,0.6727532194,0.8225166856994732,Test
BOSHIC_clean,11.35851,4.44127,11.35851,0.998372,1829.81,1832.79,0.0,0.0,0.6236,0.624617,0.0,1,1.4690107466999998,1.217730558043035,Train
BOWSOW_clean,5.38919,4.13551,5.38919,1.62989,1386.73,850.81,0.0,0.0,0.5466,0.33536,0.0,1,1.2036754127,0.4669272757427451,Test
BUKMUQ_clean,5.78794,5.06217,5.71305,0.851411,2895.4,3400.71,0.0,0.0,0.7096,0.83344,0.0,1,0.605240781,0.5847557430304486,Train
BUPDOH_clean,11.18608,5.4183,11.18608,0.930795,2344.47,2518.79,0.0,0.0,0.7156,0.768805,0.0,1,1.2364887043,0.9478944734218644,Train
BUVVIZ_clean,5.00001,3.6207,4.99072,1.72941,572.133,330.826,0.0,0.0,0.4138,0.239272,0.0,0,0.1893958466,0.4203231485657387,Train
BUVVOF_clean,4.68198,3.57584,4.68198,1.98004,493.025,248.998,0.0,0.0,0.4188,0.211511,0.0,1,0.1390875107,0.20976554680372894,Train
c4ra13058h_c4ra13058h2_clean,5.16068,4.44688,5.16068,1.40896,1175.39,834.226,0.0,0.0,0.5236,0.371622,0.0,0,2.3557173425,0.8081010855844,Test
c5cc09935h_c5cc09935h2_clean,12.43011,5.54656,12.43011,1.34061,1862.24,1389.1,0.0,0.0,0.6814,0.508277,0.000596744,0,0.3997587911999999,0.3832790620013621,Train
c5ce00931f_c5ce00931f2_clean,5.29408,4.17227,5.29408,1.81161,1362.6,752.15,0.0,0.0,0.5006,0.276328,0.0,1,0.75920647,0.7792827986261872,Train
c5ce02503f_c5ce02503f2_clean,13.50319,5.63614,13.50319,1.78413,1087.4,609.485,289.45,162.236,0.5546,0.310852,0.0,1,2.9555029654,0.8212408415990347,Test
c5dt01100k_c5dt01100k2_clean,10.14478,9.16125,10.14478,1.64843,1361.9,826.183,0.0,0.0,0.588,0.356703,0.0,1,0.1517913306,0.217970302731612,Train
c5dt03038b_c5dt03038b2_clean,6.32747,4.74814,6.26915,1.49819,1746.54,1165.77,0.0,0.0,0.584,0.389803,0.0,1,0.9065732363,0.5155233661605835,Train
c5dt04943a_c5dt04943a2_clean,11.21193,6.39957,11.21193,0.759207,2393.65,3152.83,0.0,0.0,0.7392,0.973647,0.0,1,0.6873488388,0.6140894996510151,Train
c5dt05023e_c5dt05023e2_clean,6.45831,4.45817,6.45831,1.05764,1467.29,1387.32,0.0,0.0,0.552,0.521916,0.0,1,0.9958297076,0.7304598124457304,Test
c5qi00128e_c5qi00128e2_clean,6.58115,3.73125,6.58115,0.993282,1853.01,1865.55,0.0,0.0,0.582,0.585936,0.0,0,1.6678877397,1.2090641076174518,Train
c5sc00614g_c5sc00614g2_clean,12.67478,4.17297,12.67478,1.23591,1899.73,1537.11,0.0,0.0,0.6104,0.493887,0.000647296,0,2.3096904296000003,2.2186646185701515,Train
c5ta03835a_c5ta03835a2_clean,12.36152,9.64623,12.36152,0.670312,1969.74,2938.54,0.0,0.0,0.7304,1.08964,0.0,0,0.47980768,0.42334184397179264,Test
c6cc00589f_c6cc00589f2_clean,11.05462,4.21804,11.05462,0.944025,1733.14,1835.91,0.0,0.0,0.6684,0.708032,0.0,1,0.3399985471,0.605120397959065,Test
c6cc00589f_c6cc00589f3_clean,8.87015,7.61141,8.84647,0.61411,2422.25,3944.33,0.0,0.0,0.804,1.30921,0.0,0,0.2250745663,0.286673418441699,Test
c6cc01597b_c6cc01597b2_clean,5.3252,4.32379,5.3252,1.51358,1134.66,749.654,0.0,0.0,0.4966,0.328096,0.0,1,1.9057584,1.1278058835508857,Train
c6ce00465b_c6ce00465b2_clean,7.48534,6.6993,7.48534,0.744889,2472.69,3319.54,0.0,0.0,0.7082,0.950746,0.0,0,1.0596157484,0.669135835492712,Test
c6ta07145g_c6ta07145g2_clean,6.02059,3.60964,6.01517,1.26554,923.516,729.74,0.0,0.0,0.497,0.392717,0.0,0,0.5800511539000001,0.6937042934308346,Train
CACNOM_clean,5.51942,4.46179,5.51261,1.46727,1607.54,1095.6,0.0,0.0,0.5204,0.354673,0.0,0,0.9734171285,0.9056875883527276,Train
CASWIE_clean,9.90767,8.8856,9.90767,1.25703,2053.39,1633.52,0.0,0.0,0.7078,0.563072,0.0,0,1.0697892804,0.6989396458778631,Train
CAVMIX_clean,8.93942,5.67971,8.86574,0.942961,1589.69,1685.85,0.0,0.0,0.62,0.657503,0.0,1,0.7661562175,0.5349036399206228,Test
CAXSUR_SL,13.20977,6.6958,13.20977,0.618713,2108.92,3408.56,2.69185,4.35072,0.73,1.17987,0.0,0,0.470378168,0.4822061711232081,Train
CAYQIE_clean,11.36799,6.51795,9.97187,0.696086,2497.61,3588.07,0.0,0.0,0.7382,1.0605,0.0,1,0.6460517478,0.6131136817790316,Test
CAYQOK_clean,11.83799,7.63891,11.7221,0.673503,2318.04,3441.77,0.0,0.0,0.7596,1.12783,0.0,1,0.6272287887,0.4911094202162298,Train
CAYQUQ_clean,11.37885,6.17998,10.24831,0.783377,2242.23,2862.26,0.0,0.0,0.6804,0.868548,0.0,1,0.6204475363,0.7322072446837262,Test
CEDFOI_clean,8.34336,3.84131,8.32866,1.23395,1912.36,1549.78,0.0,0.0,0.6248,0.506341,0.0,1,0.7010753420999999,0.7421737646681791,Train
CEKNIQ_clean,19.34511,12.33787,19.24026,0.450433,1674.23,3716.94,0.0,0.0,0.8472,1.88086,0.0,1,0.4121630240999999,0.40069497706015955,Train
CEMKOV_clean,6.14232,4.76606,5.27946,0.925155,1938.38,2095.19,0.0,0.0,0.617,0.666916,0.0,1,1.3427717785,1.0943443346973711,Train
CESFIQ_clean,12.64207,6.13059,12.56929,0.688272,2372.6,3447.18,0.0,0.0,0.7544,1.09608,0.0,1,0.9400604563,0.7038677284360056,Train
CESFOW_clean,11.30689,5.72282,11.30689,0.75113,2376.62,3164.06,0.0,0.0,0.7236,0.963349,0.0,1,0.7507525934999999,0.6976088713161396,Train
CEYYIQ_clean,8.37126,7.81796,8.37126,2.71612,1505.4,554.246,0.0,0.0,0.6104,0.224732,0.0,1,0.1069895084,0.09281351418494282,Train
cg050585esi20051105_115011_clean,5.11718,3.57473,5.07564,1.4789,549.331,371.446,14.5687,9.85107,0.4246,0.287106,0.0,0,1.0762910397,0.6868578520695038,Train
cg3002866_si_001_clean,14.19695,6.32486,14.19695,0.780735,2310.25,2959.08,0.0,0.0,0.7264,0.930405,0.0,1,0.6392868105,0.6798850939693425,Train
cg300979c_si_002_clean,8.05407,6.75932,7.96872,0.960767,1454.92,1514.34,0.0,0.0,0.5674,0.59057,0.0,0,0.3446027645,0.6820124435155073,Test
cg3015354_si_002_clean,7.32162,4.55611,5.93566,1.50685,1363.44,904.833,0.0,0.0,0.5076,0.336863,0.0,1,0.2120764365,0.5247764614486574,Test
cg501141m_si_003_clean,6.52889,4.75513,5.51076,1.08983,1352.45,1240.98,192.247,176.402,0.5792,0.531461,0.0,1,1.0038306881,0.9159516419363574,Train
cg801267m_si_001_clean,11.00208,5.91772,11.00208,0.888544,2113.71,2378.85,0.0,0.0,0.7066,0.795234,0.0,0,1.1570641941,0.7184840029838759,Train
cg801267m_si_003_clean,10.88203,5.89078,10.88203,0.813936,2142.1,2631.78,0.0,0.0,0.6962,0.85535,0.0,0,0.9110832944,0.6680671432005002,Test
cg801267m_si_004_clean,10.75787,6.05635,10.75787,0.817132,2143.41,2623.09,0.0,0.0,0.707,0.865221,0.0,0,0.8805430203,0.6412381279884941,Test
CILFIN_clean,8.97441,6.56367,8.43487,1.04123,2079.82,1997.46,0.0,0.0,0.6576,0.631561,0.0,0,1.7257687284,0.6967962736252276,Test
CIPLIX_clean,4.16596,3.6754,4.15153,1.12701,1392.79,1235.82,0.0,0.0,0.5518,0.489614,0.0,1,1.0356136525,0.686200527132996,Test
CIQQIE_clean,6.69548,4.06015,6.67985,1.03219,1589.58,1540.01,0.0,0.0,0.5732,0.555324,0.0,1,1.0530551064,0.7279799585520397,Train
cm071462f-file004_clean,6.42322,5.39187,6.42322,1.55223,1810.57,1166.43,0.0,0.0,0.6266,0.403676,0.0,0,0.7233344626,0.5403151040299056,Train
COJMOF02_clean,7.77133,6.76319,7.77133,0.912847,1827.53,2002.01,0.0,0.0,0.6452,0.7068,0.0,0,0.6543468234,0.6267656469229002,Train
comp2_clean,6.3721,5.81224,6.36767,1.69788,895.639,527.505,0.0,0.0,0.47,0.276816,0.0,1,0.2683151548999999,0.2597118644064112,Train
COQJOJ_clean,7.38214,4.96534,7.38214,1.07307,1447.07,1348.53,0.0720169,0.0671129,0.5318,0.495588,0.0,1,0.9615851954,0.8771324818917632,Train
COWDEZ_clean,8.91053,4.46746,8.91053,4.13717,1136.38,274.675,0.0,0.0,0.4164,0.100649,0.000386738,1,0.2691799359,0.23062705181233606,Train
COXDIE_clean,5.62039,5.35711,5.62039,1.66496,1129.92,678.647,0.152502,0.091595,0.484,0.290697,0.0,1,0.3244630487,0.49873143264113523,Train
CUFQUR_clean,6.03864,3.8691,6.03864,2.05539,1028.56,500.422,0.0,0.0,0.503,0.244722,0.0,1,0.1228367093,0.2327205619920023,Train
CUGLIB_clean,5.58062,5.51252,5.58062,2.40243,819.805,341.239,0.0,0.0,0.416,0.173158,0.0,1,0.0988236349,0.3200921052873006,Train
CUGYIO_clean,5.85592,5.75004,5.85592,2.37725,832.973,350.394,0.0,0.0,0.4316,0.181554,0.0,1,0.1052166114,0.3816153903233852,Train
CUGZAH_clean,7.43946,7.40575,7.42884,2.24368,763.393,340.242,0.0,0.0,0.4524,0.201633,0.0,1,0.0835910985,0.1467897873759076,Train
CUPHIG_clean,11.10015,5.6209,11.10015,0.767516,2426.29,3161.23,0.0,0.0,0.7292,0.950078,0.0,1,0.7448896664,0.6801974108339733,Test
CUQRUD_clean,5.86918,4.59668,5.81577,0.986332,2188.93,2219.27,0.0,0.0,0.6352,0.644002,0.0,1,1.0169958584,0.7816491268804093,Test
CUSXIY_clean,15.40731,13.34223,14.58073,0.291845,1568.49,5374.4,0.0,0.0,0.8896,3.04819,0.0,0,0.3814198376,0.38178325537302793,Train
CUSXOE_clean,17.97302,15.80148,17.15199,0.243844,1288.51,5284.15,0.0,0.0,0.909,3.72779,0.0,1,0.4753808479,0.40650457878956436,Test
CUVVOG_clean,8.37247,7.3895,8.37077,1.20081,1241.45,1033.84,0.0,0.0,0.5362,0.446532,0.0,0,0.7135351485,0.5123713624741505,Train
CUWHUZ_clean,16.54325,4.10215,14.7488,0.938804,1933.37,2059.39,0.0,0.0,0.6922,0.737321,0.0,0,0.8651573059000001,0.7213681487700355,Test
CUXFUX_clean,5.75656,5.11113,5.75656,1.3231,1207.8,912.854,37.5492,28.3797,0.5462,0.412818,0.0,0,1.3172876146,1.0885548368005278,Train
DACSEI_clean,11.09615,4.22518,11.09615,1.45844,1887.17,1293.96,0.0,0.0,0.625,0.428539,0.0,1,1.5447082217,1.3506009823758904,Train
DADXUE_clean,5.25371,3.53655,5.25051,1.61178,698.642,433.459,0.0,0.0,0.4448,0.275968,0.0,1,1.2141698847,0.6972760455011014,Train
DALVEU_clean,5.33631,4.08532,4.88589,1.30265,1571.53,1206.41,0.0,0.0,0.5888,0.452001,0.0,1,0.7280015352,0.6218830498197727,Test
DANZOJ_neutral,11.30814,4.84088,11.28951,0.953196,1460.99,1532.73,328.938,345.089,0.656,0.688211,0.0,0,0.6052010085,0.6158678346275321,Test
DAZCAK_clean,13.11846,6.60097,13.10556,1.02457,1662.31,1622.44,0.0,0.0,0.6408,0.625431,0.0,1,0.8622908153,0.572960501077756,Train
DEKPUF_clean,6.975,5.81852,6.975,1.54937,1782.47,1150.45,0.0,0.0,0.6318,0.407778,0.0,0,0.448052312,0.37350420721894184,Train
DEYDOA_clean,4.42418,4.12009,4.42418,1.27058,1171.93,922.356,0.0,0.0,0.5322,0.418863,0.0,1,0.3882234381,0.6962674663552785,Train
DEYLOJ_clean,7.45013,4.00626,7.41356,3.76527,1192.03,316.587,7.20509,1.91357,0.4952,0.131518,0.0,1,0.0339148741,0.003395868487877207,Train
DIMQIB_clean,6.20574,4.20467,6.19483,1.06672,2087.42,1956.87,0.0,0.0,0.598,0.560599,0.0,1,1.4134111422,0.8563483560334676,Test
DIZVAK_clean,8.12516,5.69593,7.90061,1.15636,2071.75,1791.62,0.0,0.0,0.639,0.552597,0.0,0,1.6058968616999998,1.0696861797484063,Train
DOFTID_clean,8.70669,6.70952,8.70669,0.91345,2575.78,2819.83,0.0,0.0,0.7676,0.84033,0.0,1,0.5048184143,0.3810014335015711,Train
DOFTOJ_clean,8.39259,6.42224,8.39259,0.858615,2621.58,3053.27,0.0,0.0,0.7534,0.87746,0.0,1,0.6955077425,0.49810143141058416,Train
DOGBAE_clean,25.81792,14.43274,25.36207,0.55407,1540.39,2780.13,0.0,0.0,0.8362,1.5092,0.0,1,0.6243028438,0.43444384884403386,Train
DOJXOR_clean,7.78532,7.29613,7.78532,1.02283,1574.02,1538.88,0.0,0.0,0.5858,0.572722,0.0,1,0.7323049386,0.5877413443182524,Train
DOMGAP_clean,8.27667,5.74162,8.27274,1.20417,741.315,615.623,530.043,440.172,0.5268,0.437479,0.0,1,0.7730742246,0.740243551414414,Test
DONXOV_clean,5.20432,4.68208,5.20432,1.61011,1148.99,713.61,0.0,0.0,0.4948,0.307309,0.0,1,1.8255059248,1.2008611811072556,Train
DOTFOJ_clean,9.02668,4.87755,9.02668,0.958168,1617.77,1688.4,0.0,0.0,0.6126,0.639345,0.0,1,0.9363421376,0.566754373582961,Test
DUDKIY_clean,7.07907,5.66309,7.05735,0.974059,1868.46,1918.22,0.0,0.0,0.6506,0.667927,0.0,1,0.7241177559,0.5529292588693328,Train
DUKNEE_clean,4.73188,3.71957,4.56441,1.30231,281.161,215.894,153.376,117.772,0.4962,0.381015,0.0,1,0.6012063567,0.5825956139848415,Train
DUNYOC_clean,9.99521,7.8188,9.31419,0.670932,2064.07,3076.42,0.0,0.0,0.7104,1.05883,0.0,1,0.4685465307999999,0.4209438506036487,Train
DUQRUD_clean,5.84696,3.93964,5.84696,1.3492,787.842,583.933,0.0,0.0,0.45,0.333531,0.0,0,0.2630427183,0.5002563106342979,Test
DUXZIG01_clean,5.85621,4.36648,5.85621,1.04686,2683.38,2563.27,0.0,0.0,0.6938,0.662743,0.0,1,0.3056655547,0.32758796768870646,Train
DUZKAM_clean,21.49045,20.91759,21.49045,0.763691,1446.12,1893.59,0.0,0.0,0.7166,0.938337,0.0,1,0.2613412718,0.346317646693037,Test
DUZKEQ_clean,20.34484,16.57615,20.32874,0.744987,1552.98,2084.58,0.0389169,0.0522383,0.7072,0.949278,0.0,1,0.2030532925,0.3097960382289894,Train
EBEXIU02_clean,4.00389,3.67365,4.00389,1.98749,501.521,252.339,0.0,0.0,0.386,0.194214,0.0,0,1.3687782885,1.3292440921040065,Test
EBOXEA_clean,5.66693,4.72038,5.66453,1.32843,1075.3,809.448,0.0,0.0,0.5358,0.403332,0.0,1,0.1139757549,0.517918263932867,Train
ECEZAO_clean,4.94749,4.06581,4.8956,1.42755,1119.79,784.412,0.0,0.0,0.5024,0.351932,0.0,1,0.7487587511,0.6836962621262854,Train
EDUSOL_clean,12.82141,3.84026,12.82141,2.18826,1494.62,683.017,0.0,0.0,0.5914,0.270261,0.0,0,0.9079511809,0.7369121258070869,Test
EDUVAA_clean,11.12176,8.60837,11.10384,0.690728,2384.44,3452.06,0.0,0.0,0.7446,1.07799,0.0,0,0.6799502632,0.5634407612828052,Train
EDUVEE_clean,12.39923,7.07299,12.39923,0.815139,2115.12,2594.8,0.0,0.0,0.691,0.847708,0.0,1,0.8963346601000001,0.7227272602596478,Train
EDUVII_clean,20.32202,9.77849,20.31158,0.420228,1870.75,4451.74,0.0,0.0,0.8576,2.0408,0.0,0,0.4888995427,0.41819050311036376,Train
EDUWAB_clean,25.32442,15.73034,25.32073,0.347361,1224.7,3525.73,0.0,0.0,0.9,2.59097,0.0,0,0.4346463717,0.36737785675495666,Test
EGABAR_clean,5.34669,4.59707,5.34669,2.32794,964.221,414.195,0.0,0.0,0.453,0.194593,0.0,0,0.5988132778,0.7834320602143013,Train
EGEJUW_clean,9.46971,6.7544,9.46722,1.01741,1558.89,1532.22,0.0,0.0,0.6188,0.608213,0.0,1,0.4378146189,0.4820230662673335,Test
EHUSUX_clean,11.68128,4.3201,11.68059,0.797571,1974.27,2475.35,0.0,0.0,0.6798,0.852338,0.0,1,1.022076846,0.7811314182941685,Train
EHUTAE_clean,11.6271,4.37686,9.57037,0.725635,2073.78,2857.89,0.0,0.0,0.7062,0.973216,0.0,1,1.0013441477,0.8122056899856825,Train
EJATIS_clean,4.15596,3.67859,4.15596,2.74932,303.078,110.238,193.382,70.3383,0.3638,0.132324,0.0,1,2.041834302,0.5659960318175327,Test
EJESUJ_clean,12.74502,12.12417,12.74502,0.622379,1959.14,3147.82,0.0,0.0,0.784,1.25968,0.0,1,0.3600180535,0.4552850933808127,Test
EKEKIQ_clean,7.79579,7.10452,7.79579,1.16703,1042.73,893.491,0.0,0.0,0.5546,0.475225,0.0,0,0.2792887758,0.3836162754233057,Train
EKEKOW_clean,7.39946,6.7038,7.38889,1.19584,1297.81,1085.27,0.0,0.0,0.5626,0.470465,0.0,1,1.2556195322,0.5895575928182099,Train
EKEMEO_clean,10.7868,4.76044,10.7868,1.09604,1984.97,1811.03,0.0,0.0,0.6446,0.588115,0.0,1,1.7968274959,0.9006116137260356,Test
ELEROE_clean,12.99873,6.57068,12.98598,1.00519,1733.85,1724.91,0.0,0.0,0.6496,0.646248,0.0,1,0.7946430601000001,0.5988060632270307,Train
ENCDBZ01_clean,4.96088,3.91158,4.96088,1.33226,1771.15,1329.44,0.0,0.0,0.6226,0.467327,0.0,0,0.4091457436,0.8209617362207264,Test
ENCDBZ_clean,5.17995,4.0381,5.17546,1.35947,2064.83,1518.84,0.0,0.0,0.6576,0.483717,0.0,0,0.5415179554,0.49643958961792234,Train
ENCNBZ01_clean,5.19153,4.38458,5.1913,1.43907,1901.77,1321.52,0.0,0.0,0.6098,0.423745,0.0,1,0.7735642856,0.5519423372400027,Train
ENEQUL_clean,7.56046,6.76685,7.56046,0.96801,1567.25,1619.05,0.0,0.0,0.6008,0.620655,0.0,1,0.4906743578,0.6066807660732709,Test
EPUSUE_clean,8.46903,3.66579,7.7021,2.09876,1520.93,724.68,0.0,0.0,0.5964,0.284168,0.0,1,0.0739033521,0.05418848176748692,Train
EQOCOC01_clean,9.01895,5.30438,9.01895,0.963226,2097.19,2177.26,0.0,0.0,0.6844,0.710529,0.0,0,0.8135426101000001,0.6674699490624404,Train
ERALIU_clean,14.86335,13.54057,14.86335,1.02804,1927.12,1874.56,4.88892,4.75558,0.7196,0.699973,0.000194545,1,1.3420921835,0.24002219707888067,Test
ERAQAR_clean,7.38576,7.26835,7.38576,1.40447,1641.95,1169.09,0.0,0.0,0.6066,0.431907,0.0,0,1.1950277502,0.8755716613405318,Train
ERUNUC_clean,14.74144,10.998,14.73673,0.612946,1667.89,2721.11,0.0,0.0,0.75,1.2236,0.0,1,0.4731378746999999,0.45352244645368334,Train
ESEBOV_clean,25.10343,17.21264,25.10343,0.432192,1480.29,3425.07,0.0,0.0,0.8414,1.94682,0.0,1,0.3945195111,0.4257233259964928,Test
ETIXAI_clean,5.65647,4.17101,5.65647,1.21689,891.966,732.986,0.0,0.0,0.4942,0.406116,0.0,1,0.8547527947,0.5964915345385259,Train
EVOTIT_SL,8.2912,6.01432,8.2912,1.23039,1203.44,978.095,0.0,0.0,0.5204,0.422954,0.0,1,0.6957641848999999,0.4774137085530138,Test
EZIMEG_clean,9.90798,4.0416,9.90798,1.07192,1279.0,1193.19,493.885,460.749,0.5998,0.559557,0.0,1,1.5334324707,1.3568202561578366,Train
EZIMIK_clean,9.82604,3.91626,9.82604,1.06853,1265.94,1184.75,505.148,472.75,0.5976,0.559273,0.0,0,1.4438237287,1.4381483415333502,Train
EZOFUV_clean,8.33031,6.08017,8.32272,1.02014,2081.17,2040.08,0.0,0.0,0.6416,0.628934,0.0,0,0.673167957,0.8041340101938268,Train
FAKHIK_clean,6.91166,3.5646,6.91166,1.35887,1058.17,778.71,0.0,0.0,0.4948,0.364126,0.0,1,0.8951868246,0.6186791206675725,Train
FALRIV01_clean,5.68899,4.70468,5.67497,1.06479,1159.51,1088.96,0.0,0.0,0.5166,0.485167,0.0,0,0.9750118307,0.8924799533373516,Test
FALRIV_clean,5.65646,4.67756,5.65646,1.06232,1172.37,1103.6,0.0,0.0,0.5212,0.490626,0.0,0,0.9966571405,0.9209539279409409,Train
FALROB_clean,5.75308,4.76749,5.73877,1.05859,1169.51,1104.78,0.0,0.0,0.5176,0.488953,0.0,0,0.8857216976000001,0.9208266200297825,Test
FALSAO_clean,5.59493,4.61612,5.59493,1.06274,1144.25,1076.7,0.0,0.0,0.509,0.478952,0.0,0,0.9719936587,0.8839517976612956,Train
FAYLIC_clean,6.73446,3.80347,6.73446,1.51633,1348.21,889.13,0.0,0.0,0.5788,0.381711,0.0,1,0.9784753918,0.3545219519366729,Test
FECFAV_clean,5.25994,4.33258,5.25994,2.87728,502.041,174.484,0.0,0.0,0.3954,0.137421,0.0,1,0.0495469096,0.04410648887217028,Test
FECJUT_clean,8.20883,4.88885,8.12686,0.902793,1817.93,2013.68,0.0,0.0,0.618,0.684542,0.0,1,0.6032124928,0.5911271636885163,Test
FEVNEA_charged,8.30717,4.3322,7.78379,0.858583,2210.31,2574.37,0.0,0.0,0.6746,0.785713,0.0,0,0.5009707357000001,0.585062118059186,Train
FEVNOL_clean,4.38957,3.82643,4.38957,2.76914,995.906,359.645,0.0,0.0,0.4604,0.166261,0.0,0,2.8392316525,2.8264084616840206,Train
FEWXEM_clean,17.92481,8.14411,17.86267,0.48374,2192.72,4532.85,0.0,0.0,0.805,1.66412,0.0,0,0.5288213677,0.42717196422687564,Test
FEWXIQ_clean,17.35042,7.46306,17.20636,0.482905,2259.15,4678.25,0.0,0.0,0.7942,1.64463,0.0,0,0.4926939856,0.3977649820345837,Train
FEYJID_clean,11.05011,4.28201,11.03981,1.28763,1684.31,1308.07,60.6702,47.1178,0.6268,0.486786,0.0,1,0.4642314597999999,0.5065894852299639,Train
FEYQUW_clean,5.43401,3.9261,5.4268,1.48279,1376.93,928.609,0.0,0.0,0.5268,0.355276,0.0,1,0.341895717,0.5366851951642045,Train
FIDMIP_clean,5.76709,4.43786,5.76709,2.12603,1177.09,553.657,0.0,0.0,0.5436,0.255688,0.0,1,0.3137455051,0.3815621885418126,Test
FIHHOV_clean,6.48503,4.23046,4.73284,1.35341,178.981,132.245,677.871,500.863,0.475,0.350966,0.0,1,0.3905640285,0.4707502551790427,Train
FIHHUB_SL,15.61182,13.11587,15.60898,0.621293,2170.48,3493.49,0.0,0.0,0.7232,1.16402,0.0,0,0.4282469257999999,0.4889985530796611,Train
FIJCUX_clean,7.05898,5.83044,7.05683,1.26326,1564.96,1238.83,0.0,0.0,0.5956,0.47148,0.0,1,0.5623049655,0.5291253250069045,Test
FIJFOU_clean,6.85299,4.5996,6.84418,1.41253,1137.63,805.384,0.0,0.0,0.4974,0.352134,0.0,1,0.5123469638,0.4797014353973863,Train
FIPJEV_clean,5.48611,3.75413,5.4744,1.70121,1138.25,669.081,0.0,0.0,0.4918,0.289089,0.0,1,1.1877379772,0.9008026662912929,Train
FIPWUY_clean,4.7784,4.2474,4.7784,1.32324,892.591,674.547,0.0,0.0,0.4866,0.367733,0.0,0,1.4859131684,1.0363564134593772,Test
FIQCEN_clean,13.18983,6.65676,13.18983,0.879099,2114.54,2405.35,0.0,0.0,0.7206,0.819703,0.0,1,0.6068046496,0.611736996179513,Train
FISGOF_clean,15.80637,8.55438,15.80637,0.434111,2007.26,4623.85,0.0,0.0,0.8372,1.92854,0.0,1,0.4085880543,0.44441328759901255,Test
FISXEM_clean,15.69953,15.64725,15.69953,0.982352,1496.09,1522.96,0.0,0.0,0.7144,0.727234,0.0,0,0.8584618170999999,0.31870359028108697,Test
FIWKUT_clean,10.75705,6.21115,10.75089,1.13958,2252.0,1976.17,0.0,0.0,0.6778,0.594779,0.0,1,0.6351291556,0.4967349783048437,Train
FOFHEO_clean,6.41067,5.52308,6.4074,2.22496,990.681,445.257,0.0,0.0,0.446,0.200453,0.0,0,0.9241367791,0.9302258837324193,Train
FOFTOL_clean,6.86591,4.62367,6.86591,1.13764,1540.19,1353.85,0.0,0.0,0.5824,0.511939,0.0,1,0.8069216329000001,0.5668515558006754,Train
FOPFAS_clean,20.99168,6.62083,20.99168,0.583055,2159.7,3704.11,0.0,0.0,0.7806,1.33881,0.0,1,0.6351184802000001,0.5683581009329978,Train
FOPTOU_clean,5.99188,4.04402,5.19077,1.42676,820.695,575.214,0.0,0.0,0.3986,0.279373,0.0,1,0.1531732613,0.512712815300324,Test
FOQNIK_clean,5.46061,4.28764,5.45105,1.39446,1294.07,928.009,0.0,0.0,0.546,0.391549,0.0,1,0.7034332222,0.6159661712399287,Train
FOQNOQ01_clean,5.8632,5.042,5.82773,1.375,1086.49,790.181,181.915,132.302,0.54,0.392729,0.0,1,0.7072795759999999,0.6833824769249781,Train
FOQNOQ02_clean,5.77332,4.6821,5.75387,1.37197,1078.45,786.062,190.643,138.956,0.5392,0.393013,0.0,1,0.702631129,0.6754812518217627,Train
FOQNOQ_clean,5.74039,4.59611,5.66519,1.31962,1294.45,980.929,0.224512,0.170134,0.5432,0.411634,0.0,1,0.5600959279,0.581201936696493,Test
FOQNUW01_clean,6.20702,4.77029,6.1269,1.35255,1350.08,998.172,0.0,0.0,0.5374,0.397323,0.0,1,0.6481472533,0.6422065456838935,Train
FOQNUW02_clean,6.26085,4.86283,6.24492,1.35147,1329.33,983.622,0.0525445,0.0388796,0.5542,0.410073,0.0,1,0.6386380045000001,0.529344039831723,Train
FOQNUW_clean,6.24181,4.91804,6.10517,1.36057,1316.22,967.403,0.0,0.0,0.552,0.405711,0.0,1,0.6538999453000001,0.5951702691898859,Train
FOQPAE01_clean,6.12529,4.88917,6.10135,1.39855,1351.73,966.526,0.0,0.0,0.5504,0.393551,0.0,1,0.7517475758,0.572903525972072,Train
FORWAL_clean,6.09772,3.45398,5.95541,1.14086,1067.63,935.814,0.0,0.0,0.5034,0.441246,0.0,1,0.6037494209000001,0.7085570677030452,Train
FUDQIF_clean,4.3814,3.86214,4.3814,1.57387,569.294,361.716,0.0,0.0,0.4502,0.286047,0.0,0,1.9202351024,1.275830307194686,Train
FUSWIA_clean,6.8215,4.65267,6.8215,0.984162,2196.23,2231.58,0.0,0.0,0.6442,0.654567,0.0,1,0.5248576282999999,0.6943414096981765,Train
FUTZIF_clean,5.6655,4.98419,5.65746,1.25322,1742.86,1390.71,0.0,0.0,0.5754,0.459137,0.0,1,1.1004337045,0.5415003159378047,Test
FUVDEH01_clean,7.23867,5.86079,7.23867,1.59448,533.217,334.414,0.0,0.0,0.397,0.248984,0.0,0,0.3674480313,0.29499722226508274,Train
FUVDEH02_clean,7.02003,5.91062,7.02003,1.6404,493.979,301.134,0.0,0.0,0.3806,0.232017,0.0,0,0.3535052643999999,0.3794648043625414,Test
FUVDEH03_clean,6.89105,5.80728,6.89105,1.67548,498.219,297.36,0.0,0.0,0.3654,0.218087,0.0,0,0.3379153486999999,0.341251159897455,Train
FUVDEH04_clean,6.74437,6.14599,6.74437,1.73737,495.479,285.189,0.0,0.0,0.3518,0.20249,0.0,0,0.3204611626999999,0.3423270357506929,Train
FUVDEH05_clean,7.30465,6.40041,7.2683,1.88786,438.985,232.53,0.0,0.0,0.3024,0.160181,0.0,1,0.3518708624,0.2522189152465289,Train
FUVDEH09_clean,7.0294,5.84289,7.0294,1.58635,523.994,330.314,0.0,0.0,0.397,0.25026,0.0,0,0.3696852746,0.30776933038870746,Train
FUVDEH10_clean,7.04062,5.87984,7.04062,1.60692,511.167,318.104,0.0,0.0,0.3892,0.242203,0.0,0,0.3409318499,0.32003103878442796,Test
FUVDEH11_clean,6.87873,5.8578,6.87873,1.63822,509.358,310.921,0.0,0.0,0.3836,0.234156,0.0,0,0.3804378431,0.3311868984680548,Train
FUVDEH13_clean,6.5322,6.05224,6.5322,1.69182,540.534,319.498,0.0,0.0,0.3658,0.216217,0.0,0,0.3729974178,0.3595974427494362,Train
FUVDEH_clean,6.96664,5.8084,6.96664,1.59803,514.864,322.187,0.0,0.0,0.3906,0.244426,0.0,0,0.3995516697999999,0.3163683063051661,Train
FUVGAG02_clean,6.44753,5.88333,6.44753,1.88939,387.159,204.912,0.0,0.0,0.2574,0.136235,0.0,1,0.0970146014,0.10974313584582407,Train
FUWFUA_clean,7.25313,6.2676,7.10214,1.05922,1980.57,1869.84,0.0,0.0,0.6472,0.611017,0.0,1,0.5175896295,0.5180568360457181,Train
FUWQIZ_clean,11.3491,4.56532,11.34892,0.820083,2318.22,2826.81,0.0,0.0,0.6918,0.843573,0.0,1,0.8126283328,0.8270309947387365,Train
FUYCAE_clean,12.12006,7.41697,11.45114,0.805353,2038.6,2531.31,0.0,0.0,0.6952,0.863224,0.0,1,0.6953324129,0.5275654219958559,Test
GABYUG_clean,8.28187,3.85233,8.28187,1.39429,1719.71,1233.39,0.0,0.0,0.5774,0.414117,0.0,0,0.6886636937999999,0.8586498636474136,Train
GACYER_clean,11.44273,8.46463,11.4041,0.752428,2161.9,2873.23,9.41673,12.5151,0.746,0.991457,0.0,1,0.6384567850999999,0.5099935202875234,Test
GAHSEQ_clean,9.12806,8.89551,9.12806,1.04861,1169.01,1114.83,0.0,0.0,0.5662,0.539955,0.0,1,0.1746849367,0.2738080395739006,Train
GALFAB_clean,5.55868,3.43749,5.55868,1.2617,790.625,626.635,0.0,0.0,0.4566,0.361893,0.0,0,0.9667678488,0.844232286772453,Train
GANBAZ02_clean,5.94516,4.40671,5.62899,1.06833,1884.21,1763.7,0.0,0.0,0.666,0.623402,0.0,0,1.3417470701,0.7677103678787067,Train
GATQIE_clean,8.12277,6.57853,7.8081,0.814422,2692.15,3305.6,0.0,0.0,0.7176,0.881116,0.000491146,1,0.5308919690999999,0.46503491496705524,Test
GATQOK_clean,8.0398,4.43833,8.0398,1.04873,1982.28,1890.18,0.0,0.0,0.641,0.611218,0.000572123,1,0.740591687,0.6083388173744475,Train
GAYFOD_clean,5.97544,5.52117,5.96891,1.15207,1504.89,1306.25,0.0,0.0,0.626,0.543372,0.0,0,0.9615761839,0.697980439654637,Train
GEBPEK_clean,17.98452,9.34908,17.98452,0.462491,1934.3,4182.35,0.0,0.0,0.837,1.80977,0.0,0,0.4312414564,0.4094610514430165,Train
GEDPAH_clean,6.03167,4.27212,6.03167,1.25052,927.95,742.052,0.0,0.0,0.4286,0.342738,0.0,1,0.0735323426,0.2304944151602199,Train
GEYFIB_clean,12.3555,5.62488,12.3555,0.95864,2444.88,2550.36,0.0,0.0,0.74,0.771927,0.0,1,4.4345168783,3.8026029928783807,Train
GIFKIP_clean,4.45514,4.16679,4.45514,1.26421,1156.73,914.98,0.0,0.0,0.5336,0.422081,0.0,1,0.3954255264999999,0.6508956379023068,Train
GIJXAA_clean,10.59462,7.92596,10.59462,0.990408,1761.1,1778.16,0.0,0.0,0.6526,0.658921,0.0,0,1.3244593544,0.4069428605192018,Test
GITSUY_clean,12.38253,7.614,12.38253,0.866035,1866.54,2155.27,0.0,0.0,0.694,0.801354,0.0,0,0.4028816431,0.45933664019547393,Train
GITVAH01_clean,9.03293,4.92005,8.03384,1.44808,1218.66,841.568,0.0,0.0,0.5302,0.366141,0.0,0,1.1204450352,0.5171117860290408,Test
GITVAH_clean,8.75698,4.92208,6.66017,1.57163,868.704,552.741,0.298339,0.189828,0.4918,0.312924,0.0,0,1.0573602388,0.8509326529553005,Train
GOPLUS_clean,4.69015,3.69955,4.69015,1.12654,1103.97,979.963,0.0,0.0,0.5668,0.503132,0.0,0,0.621653482,0.7473227847523688,Train
GOQWOY_clean,8.51298,6.88549,8.50318,0.782047,2084.03,2664.84,0.0,0.0,0.7176,0.917592,0.0,0,0.4574007414,0.4918911346512359,Train
GORJEE_clean,6.22352,3.46281,6.21155,1.2742,1383.19,1085.53,43.8432,34.4085,0.5994,0.470413,0.0,1,1.8721163024,1.5460664185363941,Train
GORWUF_clean,8.33661,7.09541,8.33661,0.969393,1603.52,1654.15,63.3927,65.3942,0.6516,0.672173,0.0,1,1.7261313796000002,0.5766790816355003,Test
GUPBOJ03_clean,20.79847,8.00163,20.79847,0.806562,1676.14,2078.13,0.0,0.0,0.7324,0.908052,0.0,0,0.29716145,0.3259903694971129,Train
GUZVOO_clean,7.90362,5.63787,7.44008,1.61009,1067.96,663.297,284.683,176.812,0.5464,0.339361,0.0,1,0.3340002214999999,0.496659184816166,Train
HABCEV_clean,9.92705,7.22424,9.91479,0.991769,2097.63,2115.04,0.0,0.0,0.6876,0.693307,0.0,1,0.4679371171,0.43245556421358256,Train
HABCIZ_clean,9.83189,7.12324,9.82847,0.920871,2079.45,2258.13,0.0,0.0,0.6902,0.749507,0.0,1,0.3961889564999999,0.5088562668578673,Test
HABCOF_clean,9.97681,7.2596,9.97191,0.933756,2065.72,2212.27,0.0,0.0,0.6892,0.738095,0.0,1,0.3870677217,0.4790253867669375,Train
HABDAS_clean,9.98388,7.09034,9.97982,0.917953,2085.87,2272.31,0.0,0.0,0.69,0.751673,0.0,1,0.3963211429,0.5311282518110387,Train
HABRUZ_clean,5.62999,4.2146,5.61662,1.21831,1657.43,1360.44,0.0,0.0,0.5722,0.469669,0.0,1,0.7395658261,0.6946212636765399,Test
HAFQOW_clean,7.39305,6.93116,7.36894,0.945179,1710.48,1809.69,0.0,0.0,0.6134,0.648978,0.0,0,1.0360016638,0.7978976323632962,Train
HAFQUC_clean,6.71368,5.31482,6.70539,0.922153,1732.44,1878.69,0.0,0.0,0.628,0.681015,0.0,0,0.7782701437,0.6185144549627789,Test
HAMJUC_clean,10.68848,3.93393,10.67739,1.13553,1897.49,1671.02,0.0,0.0,0.6192,0.545297,0.0,1,2.56615359,2.0262096191670254,Train
HANKIS_clean,10.84256,6.81027,10.84256,0.962348,2445.81,2541.5,9.90677,10.2944,0.7018,0.729258,0.0,1,0.5245269542000001,0.8211366758739684,Test
HANKOY_clean,11.28133,6.992,11.28091,0.975181,2332.28,2391.64,21.129,21.6668,0.7112,0.7293,0.0,1,0.5176798515,0.5497726782984553,Train
HAWGIY_clean,4.9936,3.76376,4.99295,1.55118,587.725,378.89,0.0,0.0,0.3948,0.254516,0.0,0,0.4496529113,0.49970420811226224,Test
HAXNOJ_clean,6.09414,4.53148,6.04647,1.2268,2259.24,1841.57,0.0,0.0,0.705,0.574664,0.0,0,0.1498368728,0.15385691552960784,Train
HEXNII_clean,4.82402,4.1234,4.82222,1.56728,643.637,410.671,0.0,0.0,0.4306,0.274743,0.0,0,0.7382817131,0.7573823783895064,Train
HICGEG_clean,7.22417,4.98345,7.22345,1.05866,1756.83,1659.47,0.0,0.0,0.6354,0.60019,0.0,0,0.5835690618,0.5805539919084469,Train
HICZIE_clean,4.75635,3.88223,4.75635,1.70104,552.032,324.527,36.9511,21.7227,0.4418,0.259724,0.0,0,0.7478125631,0.533253200626827,Train
HIDDAB_clean,4.73402,3.99038,4.58029,1.71288,716.864,418.513,0.0,0.0,0.4374,0.255359,0.0,0,0.9323288121,0.8779852769332148,Test
HIQKID_clean,6.24462,3.8099,6.24462,2.75365,1288.14,467.793,0.0,0.0,0.511,0.185572,7.26e-05,0,0.3051317674,0.37391667093313685,Train
HIZTUG_clean,14.58128,7.2695,14.58128,0.949199,1744.45,1837.81,0.0,0.0,0.6154,0.648336,0.0,1,1.4475505897999998,1.2185379406934245,Train
HOJJUN_clean,10.20501,4.32102,10.20501,1.07008,1864.88,1742.75,0.0,0.0,0.6276,0.586499,0.0,0,1.0005374981,0.8572793657098994,Test
HOQNOS_clean,5.68928,5.15984,5.68602,1.20112,1133.38,943.601,0.0,0.0,0.508,0.422938,0.0,0,0.8673852740000001,0.7447215838033663,Train
HOVGEG_clean,5.72288,5.00575,5.71258,1.7362,623.828,359.307,0.0,0.0,0.4442,0.255846,0.0,1,0.4792897133,0.25451337413368513,Train
HOZFIN_clean,11.69529,10.43289,11.69529,0.774366,1771.67,2287.9,0.0,0.0,0.6506,0.840172,0.0,1,0.3719043232,0.5249322007126815,Test
HUBQEC_clean,8.86857,5.43796,8.86857,1.74467,1156.2,662.705,0.0,0.0,0.545,0.31238,0.0,1,0.0882682653,0.22951475623187623,Test
HUCSEF_clean,13.78845,4.39887,13.78845,0.867071,1791.92,2066.64,0.0,0.0,0.6752,0.778714,0.0,1,1.03440471,0.6618506033859268,Test
HUNCIE_clean,23.8524,20.39274,23.77655,0.290995,1592.86,5473.82,0.0,0.0,0.8752,3.00761,0.0,1,0.4494336425,0.45182527769634917,Train
HUYFAJ_clean,13.01175,6.7865,13.01175,0.928859,1613.49,1737.07,0.0,0.0,0.649,0.698706,0.0,1,0.4703314252,0.5249903913903348,Train
HUZYEI_clean,8.53699,6.27993,8.53699,0.711095,2228.2,3133.48,0.0,0.0,0.6894,0.969491,0.0,0,0.4939354759,0.624504729519469,Test
HUZYIM_clean,8.39885,4.78933,7.86209,0.797668,1803.87,2261.43,0.0,0.0,0.6378,0.79958,0.0,0,0.7285247428,0.5765488532439154,Train
IBAPOS_clean,10.42394,6.6282,10.40124,0.688725,2224.76,3230.26,0.0,0.0,0.7214,1.04744,0.0,1,0.4612828117,0.5359536356188963,Train
IBAQAF_clean,10.29518,8.20784,10.21825,0.691719,2146.79,3103.55,0.0,0.0,0.7272,1.05129,0.0,1,0.4784668454999999,0.4864115181413641,Train
IBAQEJ_clean,10.47263,8.40011,10.41547,0.683981,2144.01,3134.6,0.0,0.0,0.734,1.07313,0.0,1,0.4527964631,0.4901685369030673,Test
IBIYUO_clean,5.20433,4.31707,5.18919,2.0196,573.799,284.115,0.0,0.0,0.4548,0.225193,0.0,0,0.2859626467,0.2705400155408002,Test
IBURAZ_clean,4.88805,3.48372,4.75798,1.89312,918.977,485.428,0.0,0.0,0.536,0.28313,0.0,0,1.5782416591,1.2547691574326416,Train
ic1010083_si_002_clean,8.73889,4.47796,8.73889,1.29976,1302.13,1001.82,0.0,0.0,0.5268,0.405305,0.0,1,0.8394264636,0.3636727167252837,Test
ic403175w_si_002_clean,5.88584,3.69969,5.83238,2.5678,470.928,183.398,0.0,0.0,0.2652,0.103279,0.0,1,0.4296243567,0.2970503036963266,Train
ic502478u_si_003_clean,6.55769,3.80885,6.25374,1.35422,531.365,392.376,0.404029,0.298347,0.4662,0.344256,0.0,1,0.1062716033,0.18405819947014102,Train
ic502643m_si_011_clean,13.64098,13.34789,13.63908,0.604316,2269.16,3754.93,0.0,0.0,0.793,1.31223,0.0,1,0.565355962,0.43820405022072795,Train
ic502643m_si_012_clean,13.38503,12.66061,13.38102,0.629028,2341.28,3722.06,0.0,0.0,0.78,1.24001,0.0,1,0.6296661322,0.5364609467508499,Train
ic8008859_si_001_clean,6.51934,4.39103,6.27132,0.92999,1351.28,1453.01,0.0,0.0,0.5454,0.586458,0.0,1,0.4977213308,0.6765615744449014,Test
ic801677y_si_001_clean,10.69292,6.05283,10.69292,0.825151,2164.47,2623.11,0.0,0.0,0.693,0.839846,0.0,0,0.8827524377,0.6552333130859672,Test
ICAREL_clean,16.21859,9.18486,11.94903,0.616739,2046.86,3318.84,0.0,0.0,0.7336,1.18948,0.0,1,0.5186153452000001,0.4862008987171359,Train
ICIKAH_clean,8.01757,3.70704,7.93302,1.68308,428.741,254.736,345.699,205.397,0.4804,0.285429,0.0,1,0.1029344213,0.6276304816655783,Test
ICIVEW_clean,9.81405,8.96526,9.81405,1.68894,1459.56,864.19,0.0,0.0,0.6214,0.367924,0.0,1,0.5726303509,0.3587404072965333,Train
IFEPUG01_clean,6.97552,6.67002,6.97552,1.81968,554.5,304.724,0.0,0.0,0.3222,0.177064,0.0,1,0.2965709187999999,0.3705876792791125,Test
IFEPUG02_clean,7.03312,5.99915,7.03312,1.58114,529.815,335.085,0.0,0.0,0.3982,0.251844,0.0,0,0.3117423977,0.3342269397808403,Train
IFEPUG03_clean,6.99241,5.91522,6.99241,1.59971,524.86,328.098,0.0,0.0,0.393,0.24567,0.0,0,0.2882147593,0.3218669017986404,Test
IFEPUG04_clean,6.86283,5.99318,6.86283,1.62602,537.112,330.322,0.0,0.0,0.3814,0.23456,0.0,0,0.2960519518,0.32370641773885833,Train
IFEPUG05_clean,6.85642,6.11281,6.85642,1.65571,533.488,322.211,0.0,0.0,0.3698,0.223348,0.0,0,0.2552759467,0.328453794369496,Train
IFEPUG06_clean,6.7419,6.18576,6.7419,1.68982,538.529,318.691,0.0,0.0,0.3576,0.21162,0.0,0,0.300386053,0.3503780676514472,Train
IFEPUG07_clean,6.70506,6.18332,6.70506,1.72629,549.827,318.502,0.0,0.0,0.3412,0.197649,0.0,0,0.3344158266,0.3533024924553445,Test
IFEPUG08_clean,6.7666,6.32311,6.7666,1.76811,569.763,322.245,0.0,0.0,0.3312,0.187319,0.0,1,0.3491372565,0.3032929836733394,Train
IFEPUG09_clean,6.88857,6.56673,6.88857,1.78418,556.743,312.044,0.0,0.0,0.331,0.185519,0.0,1,0.3024931084,0.33190036280514423,Test
IFEPUG10_clean,6.80475,6.55642,6.80475,1.8372,603.527,328.504,0.0,0.0,0.3222,0.175376,0.0,1,0.3923130697999999,0.3726710506183627,Train
IFEQER_clean,7.19047,6.08402,7.19047,1.57527,553.109,351.12,0.0,0.0,0.394,0.250116,0.0,0,0.3130568355999999,0.32005422000443207,Train
IFUPAC_clean,5.45872,4.0869,5.45872,1.34142,1585.35,1181.84,0.0,0.0,0.5752,0.4288,0.0,1,0.8493526884,0.5960954887525804,Test
IGORUS_clean,10.22764,5.8145,10.22764,0.798105,2273.51,2848.64,0.0,0.0,0.7076,0.8866,0.0,1,0.5802485749,0.6338369280353295,Test
IGUCEU_clean,4.52933,3.82475,4.49997,1.71915,529.35,307.913,0.0,0.0,0.4484,0.260826,0.0,0,0.2063677521,0.7584925868940583,Test
IJAPIU_clean,10.97896,4.58149,10.97895,0.821497,2292.36,2790.46,0.0,0.0,0.6958,0.84699,0.0,1,0.878250636,0.8043004820682778,Train
IJAPOA_clean,11.3719,4.56274,10.28688,0.827364,2231.15,2696.69,0.0,0.0,0.6978,0.843401,0.0,1,0.8243147915000001,0.7752644990498007,Test
IJEXUS_clean,21.63198,16.25392,21.63198,0.800283,1414.75,1767.81,0.0,0.0,0.7074,0.883938,0.0,1,0.1980754614,0.3152302791473601,Test
ILITON_clean,10.85959,9.44525,10.85959,0.579291,2065.83,3566.14,0.0,0.0,0.7778,1.34268,0.0,1,0.4652451465,0.46780002962343536,Train
ILOWAI_clean,5.40585,4.42661,5.40585,1.07764,1110.36,1030.36,0.0,0.0,0.5072,0.470657,0.0,0,1.0699461263,0.890029786104281,Train
IMACZN01_clean,4.79524,3.49801,4.79524,1.42152,311.196,218.919,0.0,0.0,0.4744,0.333728,0.0,0,0.3843261242,0.2501726126792697,Test
IMULEH_clean,8.24491,4.53271,8.24491,0.809297,1780.75,2200.36,0.0,0.0,0.6282,0.776229,0.0,0,0.457756283,0.5631807543079301,Train
INEPEY_clean,6.95447,5.78801,6.95447,1.44957,1129.68,779.321,87.9996,60.7072,0.5158,0.355829,0.0,1,0.7840221768000001,0.6576425112020846,Train
INIROO_clean,8.17605,4.71571,8.17605,2.17241,1103.1,507.776,0.0,0.0,0.5056,0.232737,0.0,1,0.1512540676,0.0971931186350129,Train
IPIVOT_clean,6.19757,4.01106,6.19757,1.45575,826.006,567.408,0.0,0.0,0.474,0.325604,0.0,1,0.948353974,0.44585098557213704,Test
IREGOD_clean,5.40281,4.28093,5.40281,1.18436,1608.89,1358.45,0.0,0.0,0.5606,0.473337,0.0,1,0.672955759,0.7094805902871546,Train
ISEQIH_clean,4.92293,4.26793,4.90311,1.74786,655.099,374.801,0.0,0.0,0.3298,0.188688,0.0,1,0.2826419151,0.32642371463717723,Train
IVEKEA_clean,22.61279,7.45433,22.60405,0.58506,2033.02,3474.88,0.0,0.0,0.8178,1.3978,0.0,1,0.5761532132,0.47898256716094395,Train
IWAHIZ_clean,5.68381,4.27543,5.37535,1.64742,1153.12,699.956,0.0,0.0,0.4926,0.299014,0.0,0,2.8551642305,1.9778996093355832,Train
IWEWOY_clean,20.27537,19.97281,20.27537,0.872765,1162.79,1332.3,0.0,0.0,0.6926,0.79357,0.0,1,0.5249750566,0.46051928194202396,Train
IYIHUU_manual,11.83739,10.43961,11.83739,0.634446,2047.9,3227.86,0.0,0.0,0.7402,1.16669,0.0,1,0.4875823327,0.49432341710519445,Train
IYITOB_clean,9.11454,7.50033,9.11454,1.16801,1732.8,1483.56,0.0,0.0,0.654,0.559929,0.0,0,0.2458308989,0.307244778216303,Train
IZIHIK_clean,7.14331,5.40483,7.14331,1.44939,1285.98,887.257,42.2152,29.1262,0.5348,0.368983,0.0,1,0.4231256765,0.608365283055619,Train
ja0660047si20060818_060256_clean,6.3909,4.01484,6.38663,0.926803,2000.77,2158.79,0.0,0.0,0.5998,0.647171,0.0,0,1.1043488159,1.0297992923110804,Test
ja0660047si20060818_060458_clean,6.58402,3.94503,6.58402,1.00815,1971.57,1955.64,0.0,0.0,0.578,0.57333,0.0,0,1.7078448802,1.0151396383963402,Test
ja078060t-file002_clean,16.93112,9.01585,16.93112,0.615402,2165.98,3519.61,0.0,0.0,0.7858,1.27689,0.0,1,0.7362500369,0.4801941524008761,Test
ja101440z_si_001_clean,5.9006,5.23774,5.9006,1.30709,1576.97,1206.47,0.0,0.0,0.571,0.436847,0.0,1,0.8266727990999999,0.6339680369333518,Train
ja102862j_si_005_clean,16.33925,5.69725,16.33925,0.874313,1862.92,2130.72,0.0,0.0,0.7038,0.804975,0.000228751,0,0.7031761098,0.5478301330855123,Train
ja111042f_si_002_clean,13.98436,10.86418,13.89482,0.502876,1948.39,3874.49,0.0,0.0,0.797,1.58488,0.0,1,0.5489020138,0.4412631963394983,Train
ja202154j_si_003_clean,11.58737,3.83412,11.58737,0.92986,1525.64,1640.72,0.0,0.0,0.645,0.693653,0.0,0,0.3748211365,0.37499169099258634,Test
ja4015666_si_002_clean,10.09928,9.13648,10.09928,0.711506,2224.92,3127.06,0.0,0.0,0.7638,1.0735,0.0,0,0.4301468096,0.40091200855457404,Train
ja4015666_si_003_clean,10.07647,9.04237,10.07647,0.718146,2256.82,3142.56,0.0,0.0,0.7528,1.04825,0.0,0,0.4278395898,0.4553705154733501,Train
ja403810k_si_003_clean,31.39938,26.2789,31.39936,0.252736,790.748,3128.75,0.0,0.0,0.9088,3.59585,0.0,1,0.3591338589,0.38159239678895635,Train
ja410368j_si_002_clean,11.55893,3.45239,11.55893,0.94881,1479.04,1558.83,0.0,0.0,0.6372,0.671578,0.0,0,0.4328082936,0.4013556684296051,Train
ja501810r_si_002_clean,11.13191,5.72159,11.13191,0.767426,2419.7,3153.01,0.0,0.0,0.7292,0.950189,0.0,1,0.7407984173000001,0.6831201335439916,Train
ja507971r_si_004_clean,4.53044,3.58227,4.53044,1.46814,606.341,412.999,3.33265,2.26998,0.4518,0.307736,0.0,1,1.4440239921,0.9049006974166659,Train
ja5109535_si_002_clean,17.4505,7.65306,17.4505,0.65071,2199.17,3379.65,0.0,0.0,0.7686,1.18117,0.0,0,1.0071149582,0.45522398819100784,Test
jacs.5b11079_ja5b11079_si_002_clean,14.16979,6.91811,12.94276,0.599196,2206.88,3683.06,0.0,0.0,0.7614,1.2707,0.0,1,0.66778258,0.5715714797266043,Train
jacs.6b01663_ja6b01663_si_002_clean,24.65699,17.09587,24.65699,0.438285,1508.06,3440.83,0.0,0.0,0.8424,1.92204,0.000456324,1,0.3991490897,0.3515610131506699,Test
jacs.6b02030_ja6b02030_si_004_clean,6.78187,4.96364,6.78187,1.83949,1314.77,714.746,0.0,0.0,0.5076,0.275946,0.0,1,0.317413992,0.43969247310849646,Test
jacs.6b04608_ja6b04608_si_002_clean,18.84439,11.02909,18.84439,0.389439,1879.81,4826.98,0.0,0.0,0.8376,2.15079,0.00051356,0,0.40234342,0.33285668833605875,Test
jacs.6b08724_ja6b08724_si_012_clean,28.6797,24.93616,28.6797,0.353838,1453.6,4108.09,0.0,0.0,0.8748,2.47232,0.0,1,0.3800358346999999,0.4428549518629251,Train
jacs.6b08724_ja6b08724_si_013_clean,28.04628,26.50518,28.04628,0.350938,1434.54,4087.73,0.0,0.0,0.8658,2.4671,0.0,1,0.4356202419,0.43694279864885344,Test
JADBEY_clean,5.1025,4.19518,4.95899,1.35732,1188.64,875.723,0.0,0.0,0.488,0.359531,0.0,0,0.5995081728,0.8589199439497016,Train
JAJZAY_clean,11.43481,6.24659,11.43433,0.715716,2413.07,3371.55,0.0,0.0,0.7402,1.03421,0.0,1,0.7332595933,0.6198308095580933,Train
JALLIU_clean,13.72158,6.77108,13.72158,0.777101,2196.2,2826.14,0.0,0.0,0.7498,0.964868,0.000514734,0,0.2442979111,0.33170318490980055,Train
j.inoche.2015.02.023_INC05895-mmc1_clean,5.70413,3.46915,5.53584,1.31977,1259.88,954.616,0.0,0.0,0.503,0.381126,0.0,1,1.6730728908,0.7246886396254782,Test
JIVQOU_clean,5.16037,3.63851,4.20766,2.2732,284.489,125.149,281.748,123.944,0.4162,0.18309,0.0,1,1.6137522228,1.4899696069395334,Train
j.jssc.2016.06.015_ZJU-10_clean,11.36875,4.57229,11.36875,0.827579,2351.53,2841.46,0.0,0.0,0.6996,0.845357,0.0,1,0.7238649495999999,0.8062953675469821,Train
JOHQUT_clean,5.10814,3.94987,5.09674,1.90453,697.67,366.322,0.0,0.0,0.4102,0.215382,0.0,1,0.4010424172999999,0.31763145390150654,Train
JOHSIJ_clean,5.60766,4.19977,5.57879,1.66671,1145.47,687.263,0.0,0.0,0.488,0.292793,0.0,0,2.9774488378,1.2344115171091545,Test
JOZWOM_clean,22.16597,8.69473,22.16597,0.48225,1899.59,3939.01,0.0,0.0,0.8054,1.67009,0.000414723,1,0.5002704996,0.39111391318145583,Train
JOZWUS_clean,21.40599,8.60608,20.3343,0.48265,1906.91,3950.91,0.0,0.0,0.8026,1.6629,0.000414379,1,0.5053488447,0.401575560074502,Train
jp302979a_si_002_clean,10.98282,6.54194,10.97083,0.963718,2282.53,2368.46,0.0,0.0,0.7164,0.743371,0.0,1,0.4678954356,0.4987093204308623,Train
JUKPAI_clean,7.08241,5.52674,6.9259,3.59589,1474.22,409.973,0.0,0.0,0.4916,0.136711,0.0,1,0.0659195062,0.1892074710568915,Test
JUTCOS_clean,7.04726,4.27705,7.02404,1.31095,1329.11,1013.85,0.0,0.0,0.5362,0.409016,0.0,1,0.5197525122,0.469425951422164,Train
JUYBEM_clean,5.13731,3.85682,5.13731,1.48243,1119.92,755.465,0.0,0.0,0.4988,0.336475,0.0,0,1.0462520885,0.8270019111193928,Test
KACKIL_clean,8.90649,6.59853,8.90649,1.06181,2105.95,1983.36,0.0,0.0,0.6938,0.653414,0.0,1,0.6648795329,0.48555238565855574,Train
KAHZAW_clean,8.94072,4.22762,8.82545,1.16306,2118.43,1821.42,0.0,0.0,0.6882,0.591713,0.0,1,0.2200884091,0.26981417368031485,Train
KALFUA_clean,5.64692,4.66493,5.64692,1.02252,1561.82,1527.42,0.0,0.0,0.5924,0.579351,0.0,0,1.3790410816999998,0.905370658538484,Train
KAVXAI_clean,9.40882,5.41413,9.40882,1.00634,2107.27,2094.0,0.0,0.0,0.6462,0.642132,0.0,0,1.4231358389,1.1914299634369936,Train
KELJAN_clean,6.72992,4.20356,6.59748,1.50078,1661.97,1107.4,0.0,0.0,0.603,0.401791,0.0,1,0.3934715050999999,0.29910357056659986,Train
KEVBOE_clean,5.94177,3.85345,5.94177,1.15836,1692.78,1461.35,3.23237,2.79047,0.5546,0.478779,0.0,0,3.6049921572,2.8048995693003116,Train
KEWJIG_clean,7.66764,4.96521,7.66764,1.12411,2024.36,1800.85,0.0,0.0,0.6074,0.540337,0.0,1,1.0907711285,0.8577358060611264,Train
KIFDIM_clean,6.65854,3.7171,6.64815,1.05848,1659.61,1567.91,0.0,0.0,0.5926,0.559858,0.0,1,0.526079183,0.7911583408560634,Test
KINMUR_clean,5.20086,4.2137,5.19994,1.27394,2724.76,2138.85,0.0,0.0,0.6356,0.498926,0.0,0,2.8092035946,2.5344127584801486,Train
KOGSOQ_clean,6.70555,5.36137,6.69224,1.02667,1476.42,1438.07,0.0,0.0,0.596,0.580519,0.0,0,0.7169648617000001,0.6956391679427288,Test
KOJZOZ_clean,9.94395,7.51619,9.94395,1.17869,2115.26,1794.59,0.0,0.0,0.694,0.58879,0.0,1,0.2368193482,0.276633598742,Train
KOMHEB_clean,6.83617,4.31178,6.83617,2.04431,589.974,288.593,3.15896,1.54524,0.4406,0.215525,0.0,1,0.8072155234,0.478260277525641,Test
KOMHIF_clean,6.96433,4.30157,6.96433,2.10755,601.281,285.298,0.506718,0.24043,0.4434,0.210386,0.0,1,0.9627455648,0.7592591587947636,Train
KOMHOL_clean,7.12004,4.41244,7.12004,2.09673,622.975,297.118,3.20164,1.52697,0.448,0.213666,0.0,1,0.9474358516,0.6858028139229269,Train
KOVGOT01_clean,9.14865,6.57962,8.64921,1.30232,2344.83,1800.5,0.233416,0.179231,0.6924,0.531667,0.0,1,0.1375988145,0.14261600525603096,Train
KOVGOT_clean,9.14342,6.58506,9.14342,1.30232,2351.43,1805.57,0.204239,0.156827,0.6926,0.53182,0.0,1,0.1353682310999999,0.14363123111324072,Train
KOZQIB_clean,28.54072,12.23604,28.54072,0.302864,1428.61,4716.99,0.0,0.0,0.8826,2.91418,0.0,1,0.4670697036,0.4320185615798994,Train
KUGFAU_clean,6.1404,4.28752,6.13565,2.43257,1183.17,486.384,94.0478,38.6618,0.538,0.221165,0.0,1,0.0866545115,0.1935980295371142,Train
KUKPUD_clean,9.04322,8.10629,9.04322,1.11678,1615.16,1446.26,0.0,0.0,0.65,0.582028,0.0,1,0.7157228570999999,0.4128413147003389,Train
KUKQAK_clean,4.64716,3.48929,4.64716,1.79907,353.643,196.57,0.0,0.0,0.3996,0.222114,0.0,1,0.6211188272,0.3894245941865362,Train
KULMAG_clean,10.24525,8.92291,10.23663,0.907947,1704.68,1877.51,60.6525,66.8018,0.6662,0.733743,0.0,1,0.8716600819,0.6007721951624669,Test
KUXROM_clean,8.49367,4.05917,8.4042,1.02614,2083.99,2030.91,0.0,0.0,0.621,0.605181,0.0,0,2.9175906867,2.3487359386347952,Train
KUXSAZ_clean,8.81598,3.44204,8.80847,1.03643,1657.94,1599.66,0.0,0.0,0.6052,0.583926,0.0,0,1.2344647575,1.0885739917642119,Train
KUZYUB_clean,17.79121,17.46158,17.79121,1.09527,1160.5,1059.55,0.0,0.0,0.6994,0.638563,0.0,1,0.4491998709,0.3609627139634432,Train
LACYEW_clean,9.98958,7.17562,9.98958,0.965678,2132.17,2207.96,0.0,0.0,0.6886,0.713074,0.0,1,0.4767994552,0.46365277758926915,Train
LACYIA_clean,13.94656,10.8971,13.94656,0.785099,1996.38,2542.84,0.0,0.0,0.6776,0.863076,0.0,1,0.8211261645,0.6494098670868971,Train
LACYOG_clean,9.45292,5.8367,9.45292,1.00526,2164.69,2153.37,0.0,0.0,0.6652,0.661721,0.0,1,0.8504666724,0.5840268489175656,Test
LACYUM_clean,8.19722,5.57863,8.19722,1.03476,2021.86,1953.94,156.073,150.83,0.648,0.626232,0.0,1,0.9196724779,0.8262544266526985,Train
LACZAT_clean,8.2988,5.7298,8.2988,0.945764,1995.72,2110.17,179.673,189.977,0.662,0.699963,0.0,1,0.6256865918,0.6800221151270778,Train
LACZIB_clean,9.35168,6.74694,9.35021,0.752382,2169.18,2883.09,0.0,0.0,0.6922,0.920012,0.0,1,0.4951769953,0.580426849367784,Train
LAGVEX_clean,6.7023,3.90662,6.7023,1.13087,1228.85,1086.65,0.0,0.0,0.5372,0.475032,0.0,1,0.564588805,0.693167835886757,Test
LAJKUE_charged,16.14687,7.68165,16.14687,1.05614,1156.86,1095.37,110.938,105.041,0.5794,0.548604,0.0,0,0.3652107282,0.4611778639711118,Train
LAJLAL_charged,16.84916,7.16955,16.84916,0.919377,1330.14,1446.78,0.0,0.0,0.5762,0.626729,0.0,0,0.2955812405999999,0.3844763012568629,Train
LAJLEP_charged,16.83933,7.41658,16.83933,0.974475,1362.23,1397.91,0.0,0.0,0.5914,0.606891,0.0,0,0.3775775485,0.3371884436081004,Train
LAPNUO_clean,7.53441,3.97302,7.25213,1.27166,1671.62,1314.52,0.0,0.0,0.5848,0.459871,0.0,0,2.8394490522000004,0.6804287418723773,Test
LAPZEK_clean,15.51079,7.93845,15.33563,0.599908,2098.95,3498.78,0.0,0.0,0.7678,1.27986,0.0,1,0.8393059784,0.5437991842933714,Train
LAQNOJ_clean,14.29494,6.44811,14.29494,0.699724,2201.6,3146.38,0.0,0.0,0.7396,1.05699,0.0,1,0.9447817462,0.6935457537856617,Train
LAQNUP_clean,15.26013,7.80017,15.22984,0.646935,2142.31,3311.48,0.0,0.0,0.755,1.16704,0.0,1,0.9376946929,0.5976174656501873,Train
LATBUG_clean,17.59724,12.77954,17.59724,0.373345,1754.11,4698.37,0.0,0.0,0.8458,2.26547,0.0,1,0.4963511964,0.4226772736576092,Train
LATCAN_clean,17.46459,13.36465,17.46459,0.380351,1759.4,4625.73,0.0,0.0,0.8424,2.21479,0.0,1,0.5104400195000001,0.4230056767842259,Test
LATCIS_clean,6.18491,5.22174,6.13,1.03702,2650.66,2556.04,0.0,0.0,0.747,0.720336,0.0,1,0.1519576722,0.179109186693308,Train
LAWGOI_clean,6.79778,4.16971,6.53453,1.58223,946.888,598.451,0.0,0.0,0.4988,0.315251,0.0,1,0.1722037375,0.22061300026926167,Train
LAWGUO_clean,7.18198,3.98931,7.17216,1.75912,848.078,482.104,0.0,0.0,0.4794,0.272523,0.0,1,0.2411920405,0.20055486027089853,Train
LAWHEZ01_clean,7.31724,4.08974,7.31724,1.65797,902.036,544.061,0.0,0.0,0.4878,0.294215,0.0,1,0.2252823674,0.19459579268055716,Test
LAWHEZ_clean,7.31422,4.06957,7.31422,1.65797,900.714,543.263,0.0,0.0,0.4874,0.293974,0.0,1,0.2225985532,0.18584844090515146,Train
LAWHID_clean,7.12473,3.80895,6.25716,1.71371,841.749,491.186,0.0,0.0,0.4802,0.280211,0.0,1,0.2268865253999999,0.25796756466214377,Train
LAXCUK_clean,8.14792,4.96145,8.14665,0.864341,1801.28,2083.99,0.0118168,0.0136714,0.6332,0.732581,0.0,1,0.3397017165,0.47772910683369746,Train
LEJCEK_clean,17.20124,11.68232,17.20124,0.334035,1916.36,5737.0,0.0,0.0,0.8616,2.57937,0.0,0,0.4134696331,0.4145561813998355,Test
LEJZOQ_clean,5.95247,4.56093,5.95247,1.11072,926.808,834.423,0.0,0.0,0.484,0.435754,0.0,1,0.4738844324,0.4211335758434611,Test
LELDOX_clean,18.13342,6.69424,12.87691,0.621417,2220.07,3572.59,0.0,0.0,0.7588,1.22108,0.0,1,0.5241255743,0.6093401129555633,Test
LEQBUG_clean,14.22812,6.68064,13.72074,0.73218,2183.07,2981.61,0.0,0.0,0.7302,0.997295,0.0,1,0.994136393,0.6814433094281421,Train
LEQCAN_clean,13.67194,6.45338,13.67194,0.778071,2218.0,2850.64,0.0,0.0,0.719,0.92408,0.0,1,1.022842507,0.7070539818881103,Train
LEWZET_clean,5.98081,4.39548,5.97981,1.17803,1312.3,1113.97,0.0,0.0,0.5222,0.443281,0.0,0,1.3644315291999998,0.9292540983993425,Train
LIDSAU_clean,5.52729,4.59222,5.52557,1.12251,2012.74,1793.07,0.0,0.0,0.5812,0.517767,0.0,1,1.4692865497999998,0.6922341254129196,Test
LIDSEY_clean,5.38035,4.73063,5.37764,1.08774,2028.26,1864.66,0.0,0.0,0.5984,0.550133,0.0,1,1.4790858663,0.9688273593746237,Train
LIDSIC_clean,5.88988,4.79787,5.74819,0.995436,2128.35,2138.11,0.0,0.0,0.6234,0.626258,0.0,1,1.1745636404000002,0.8860241014470113,Train
LIFWEE_clean,4.94583,3.86694,4.94583,1.28823,922.23,715.89,367.047,284.924,0.595,0.461875,0.0,1,0.5712555962,0.7083086559689353,Test
LIHKAQ_clean,4.20661,3.40597,4.15918,2.43906,861.502,353.21,0.0,0.0,0.4506,0.184743,0.0,0,3.0853998173000003,2.9610238586721915,Train
LIKCOY_charged,6.83152,4.83811,6.82979,1.81549,1004.71,553.413,0.0,0.0,0.5218,0.287416,0.0,1,0.1235955047,0.2551571779569686,Train
LIRTUC_clean,5.83831,3.6143,5.8313,1.27726,1032.08,808.039,0.0,0.0,0.5346,0.418551,0.0,0,0.2883983685,0.6283493117056681,Train
LOCRUR_clean,5.043,4.16027,5.043,1.07174,1871.72,1746.44,0.0,0.0,0.587,0.547708,0.0,0,0.5972465996999999,0.8223715130113978,Train
LODTAB_clean,4.98387,4.62619,4.98387,1.23288,2036.05,1651.46,0.0,0.0,0.5874,0.476445,0.0,0,0.8283517708,0.8741282786148232,Train
LOFJAT_clean,11.75384,5.77917,10.9055,0.7403,2339.25,3159.86,0.0,0.0,0.728,0.983385,0.0,1,0.9222541609,0.6827747339272014,Train
LORNEL_clean,6.96325,5.60613,6.9631,1.05672,2615.87,2475.46,0.0,0.0,0.7412,0.701416,0.0,0,0.1610929374,0.1629987728921395,Train
LOSYAV_clean,4.55984,3.67657,4.54982,1.22852,1180.85,961.195,0.0,0.0,0.5162,0.42018,0.0,1,1.2829392,0.975753143811698,Test
LUDVAH_clean,5.76222,3.92954,5.75675,1.87163,1115.45,595.979,0.0,0.0,0.5392,0.288092,0.0,1,0.4028780662,0.36910657457789253,Train
LUKLIN_clean,20.05813,9.81608,20.05813,0.466068,1922.41,4124.74,0.0,0.0,0.817,1.75296,0.0,1,0.4935082731,0.45182377419112024,Train
LURRIA_clean,22.37295,9.74126,15.85817,0.406542,1874.4,4610.6,0.0,0.0,0.8348,2.05341,0.0,1,0.5103449774000001,0.44491465664899854,Test
LUTZEH_clean,27.97153,12.56634,27.97011,0.560816,1424.55,2540.14,0.0,0.0,0.8216,1.46501,0.0,1,0.2608548329,0.36683204563295113,Train
LUWMUN_clean,10.57457,7.88389,10.57457,0.724012,2075.47,2866.63,0.0,0.0,0.7454,1.02954,0.0,1,0.4633508983,0.44604147956025586,Train
LUWNAU_clean,10.46973,7.87545,10.46973,0.738468,2086.61,2825.59,0.0,0.0,0.7458,1.00993,0.0,1,0.4556627129,0.43930418018633655,Train
LUXFEQ_charged,19.48964,6.95947,19.01833,0.883977,1734.47,1962.13,12.3053,13.9204,0.6898,0.780337,0.0,0,0.3609214764,0.4195265051417497,Test
LUYBIS_clean,8.64392,7.56813,8.64392,1.32804,1594.81,1200.87,0.0,0.0,0.5826,0.438691,0.0,1,1.1229277095,0.44610492124172235,Train
MAJJUF_clean,9.38886,6.3118,6.70875,0.66218,2520.92,3807.0,0.0,0.0,0.7062,1.06648,0.0,1,0.3691279806,0.5645866004532856,Train
MAMVED_charged,8.37964,4.34396,8.24742,1.02359,1533.32,1497.98,0.0,0.0,0.589,0.575426,0.0,1,0.5349121661999999,0.572476417662523,Train
MAQMEZ_clean,6.07852,4.93483,6.07852,1.10025,1440.15,1308.92,0.0,0.0,0.5372,0.488252,0.0,1,1.067265057,0.8996483088793472,Train
MIBQAR16_clean,15.00006,7.9611,15.00006,0.597056,2195.04,3676.45,0.0,0.0,0.8098,1.35632,0.0,0,0.3340954734,0.32209855080407146,Train
MIMSIM_clean,10.75813,9.26028,10.75813,1.01792,1232.26,1210.56,0.0,0.0,0.595,0.584524,0.0,1,0.6280820359,0.39713037198168644,Train
MIZPUI_clean,11.48015,5.54799,11.48015,0.751265,2238.05,2979.04,0.0,0.0,0.6966,0.927235,0.0,1,0.7744694462,0.7840429146399172,Train
MODNIC_clean,5.24657,3.69518,4.6388,1.35865,1975.58,1454.07,0.0,0.0,0.6774,0.498582,0.0,1,0.1463194938,0.18907585667541366,Train
MOKVOZ_clean,13.24903,6.01162,13.24903,0.724616,2572.52,3550.19,0.0,0.0,0.738,1.01847,0.0,1,0.9235243472,0.778683914956898,Train
MOXBOS_clean,8.77455,8.32709,8.77455,1.39055,1211.67,871.361,0.0,0.0,0.542,0.389775,0.0,1,0.1694944987999999,0.2306137095440544,Train
MOXPAR_clean,4.2596,3.69956,3.91407,1.28668,325.715,253.143,152.721,118.694,0.493,0.383155,0.0,1,1.5676575844999998,0.6540349949462424,Test
MOYZIK_clean,11.27166,9.72629,11.27166,0.630203,2036.29,3231.16,0.0,0.0,0.7776,1.23389,0.0,1,0.7134213123,0.4813108287139807,Train
MUGXIX_clean,6.18311,3.84627,6.03204,1.11722,1799.74,1610.9,0.0,0.0,0.5848,0.523441,0.0,1,1.0228019424,0.7629543060855419,Train
MUKQUG_clean,11.37507,4.46993,11.2947,0.820023,2214.4,2700.41,0.0,0.0,0.683,0.832903,0.0,1,1.0133973912,0.841489454463695,Test
MUKRAN_clean,10.80355,3.74031,10.80323,0.902018,2107.1,2335.99,0.0,0.0,0.6572,0.728588,0.0,1,0.9538982371,0.8767447607467597,Test
MULXUO_clean,5.63973,4.20214,5.63973,1.33333,1496.0,1122.0,0.0,0.0,0.5418,0.40635,0.0,1,0.673009573,0.6288912330875803,Test
MUTCEL_clean,5.85951,3.93163,5.85747,0.998165,1648.55,1651.58,0.0,0.0,0.5924,0.593489,0.0,1,0.5997559025,0.8160464613743128,Train
MUVJAP_clean,5.84101,5.24434,5.82161,1.88151,1162.86,618.045,0.0,0.0,0.4892,0.260004,0.0,1,0.5679312455,0.5759452161301014,Train
MUZKEZ_clean,17.52243,13.2696,17.52243,0.353615,1734.78,4905.83,0.0,0.0,0.8448,2.38904,0.0,1,0.6261085109000001,0.4253367615594743,Test
NAHHOW_clean,11.20913,5.76802,11.20913,0.762768,2433.01,3189.71,0.0,0.0,0.7328,0.960711,0.0,1,0.7707464981000001,0.7049358499502628,Train
NANPUN_clean,6.54289,4.24913,6.41069,1.18041,2725.22,2308.7,0.0,0.0,0.7086,0.600298,0.0,1,0.154727854,0.24611372663701558,Test
NATHOI_clean,8.63265,8.31738,8.63265,0.954966,1909.82,1999.88,0.0,0.0,0.6476,0.678139,0.0,0,1.874304864,1.1381508658816921,Train
NATXOW_clean,6.27753,3.98136,5.70385,2.37062,1034.62,436.436,0.0,0.0,0.5084,0.214459,0.0,1,0.1585946178,0.13427456928080167,Train
NAYHAY_clean,9.43032,7.54222,9.43032,1.04574,1938.97,1854.15,0.0,0.0,0.6636,0.634572,0.0,1,0.2670997048999999,0.3459594740804064,Train
NEBYOK_clean,5.47437,4.15922,5.45635,1.58777,611.158,384.916,0.0,0.0,0.467,0.294124,0.0,1,0.2708117601,0.2586118322495456,Test
NEDLOZ_clean,5.19157,3.5955,4.37454,1.44817,1020.62,704.764,0.0,0.0,0.4738,0.327171,0.0,0,2.5401572053,2.2192502151276443,Train
NIKHAS_clean,5.15286,4.051,5.1389,1.29378,835.081,645.456,0.0,0.0,0.4744,0.366676,0.0,0,0.749196706,0.7580625670784067,Train
NIRFIE_clean,4.91681,4.19541,4.74683,1.50398,326.541,217.118,372.303,247.545,0.4758,0.316361,0.0,1,0.7801971976000001,0.7390571877179429,Test
NODKEX_clean,5.07245,4.30959,5.07245,1.09741,1894.95,1726.75,0.0,0.0,0.5778,0.526513,0.0,0,0.7022186173,0.7696333433561146,Train
NODKIB_clean,5.63153,3.9554,5.61978,1.17451,1015.77,864.844,0.0,0.0,0.5246,0.446654,0.0,0,0.8983967857999999,0.8009879173103298,Train
NOMPOW_clean,10.08543,5.68643,10.01287,0.89499,1881.89,2102.69,0.0,0.0,0.632,0.706153,0.0,1,0.4757639168,0.5944578064872174,Train
NUCPIM_clean,6.80799,4.4618,6.75728,1.08855,2111.95,1940.16,0.0,0.0,0.652,0.598964,0.0,1,1.360292323,0.7449977356662982,Train
NUDLAB_clean,6.59183,6.26977,6.57302,1.22444,1079.67,881.768,0.0,0.0,0.531,0.433667,0.0,1,0.4216863888,0.4694083389592255,Train
NUDLEF_clean,8.75721,7.78778,8.74627,1.19678,1224.87,1023.47,99.9871,83.5467,0.567,0.473771,0.0,1,0.3741529308,0.52633573407704,Train
NUSXEG_clean,23.63664,14.31993,19.5758,0.701228,1663.19,2371.82,0.0,0.0,0.827,1.17936,0.0,1,0.2807147216,0.38835919883272985,Train
NUTQEZ_clean,11.70306,8.32124,11.70306,0.764211,2296.31,3004.82,0.0,0.0,0.7326,0.958635,0.0,1,0.5203326338,0.5593180100428295,Train
NUVWIL_clean,8.81743,7.63214,8.81743,1.35967,1158.46,852.011,0.0,0.0,0.5786,0.425543,0.0,1,0.0930409467,0.14802430147981455,Train
NUVXUZ_clean,23.89274,9.6738,23.89274,0.500285,1776.43,3550.84,0.0,0.0,0.8514,1.70183,0.0,1,0.2205540628,0.4077225038390111,Train
NUZCIV_clean,7.57732,5.39606,7.57711,1.85198,785.332,424.05,0.0,0.0,0.38,0.205186,0.0,0,0.3790034003,0.3371070801194687,Train
OCILEU_clean,4.58414,3.42916,4.57221,1.15745,652.399,563.652,0.0,0.0,0.5004,0.43233,0.0,1,0.8839975357,0.7460216378000162,Train
OCIZAD_clean,5.25446,4.2672,5.25048,1.11639,1457.42,1305.47,0.0,0.0,0.522,0.467577,0.0,1,0.5610709468,0.847776799328527,Test
OCUMUX_clean,5.1192,3.7079,5.1192,1.29581,1317.84,1017.0,0.689155,0.531833,0.5164,0.398515,0.0,1,0.4072823439999999,0.581462861783063,Train
OCUPOS_clean,4.38921,3.97026,4.38921,1.66698,711.745,426.966,0.0,0.0,0.445,0.266949,0.0,1,1.146909966,0.7598841789895928,Test
OCUTAI_clean,4.9495,3.52882,4.91814,1.71859,1100.33,640.251,0.0,0.0,0.4958,0.288493,0.0,1,0.6103903214,0.6623876424436824,Train
ODIXIK_clean,6.81688,4.29892,6.81439,1.49389,849.77,568.828,302.861,202.732,0.5408,0.362007,0.0,1,0.6399364304999999,0.6607429757917662,Train
OFAMUF_clean,5.59939,4.02992,5.59939,1.54548,471.321,304.968,0.0,0.0,0.3828,0.247691,0.0,1,0.2553533571,0.263301573708795,Test
OFODAP_clean,8.07131,6.70372,8.06884,0.841125,2495.1,2966.38,0.0,0.0,0.7398,0.879537,0.0,1,0.3568247552,0.4164342960367641,Train
OFORUX_clean,5.53845,5.06291,5.53845,1.56223,562.431,360.018,0.0,0.0,0.406,0.259885,0.0,1,0.3346752366,0.2895022644112447,Train
OHOLIH_clean,5.70904,5.21205,5.70809,1.26984,1449.53,1141.51,0.0,0.0,0.5328,0.419581,0.0,0,0.9297268168,0.8864976272781423,Train
OJIWEK_clean,5.59427,3.7203,5.58851,1.22195,1633.54,1336.83,0.0,0.0,0.5402,0.442081,0.0,0,1.5368020145,1.1649676632654433,Train
OLODEA_clean,10.40329,4.10605,10.37784,1.07199,1355.57,1264.53,0.0,0.0,0.5958,0.555788,0.0,0,0.3836334893,0.4901750629817704,Train
OMUMEQ_clean,6.91715,4.85787,6.80515,1.20639,1419.32,1176.5,0.0,0.0,0.5452,0.451927,0.0,1,0.6947513777,0.6194905333109606,Train
OMUMIU_clean,6.8237,5.05077,6.8237,1.16475,1401.88,1203.6,0.0,0.0,0.5646,0.484741,0.0,1,0.7747774893000001,0.5879472060381778,Train
ONUJUE_clean,9.03257,8.2459,9.03257,1.20375,1198.02,995.242,19.6744,16.3443,0.5232,0.434643,0.0,1,0.7571984494,0.5483716198263759,Train
OPAHIY_clean,10.04486,7.28733,8.32739,1.10725,1597.55,1442.8,0.0,0.0,0.6074,0.548566,0.0,1,0.7360364609000001,0.48416155159526464,Train
OQUFAJ01_clean,11.08356,10.07272,11.08356,1.04241,2157.14,2069.38,0.0,0.0,0.6704,0.643125,0.000575589,1,0.4083652665,0.45748355263176366,Train
OQUFAJ03_clean,11.0199,9.96279,11.0199,1.02397,2131.01,2081.12,2.80083,2.73525,0.6704,0.654704,0.000390635,1,0.3853361253,0.42291822519858036,Train
OQUFIR_clean,11.25706,10.64391,11.25706,1.25158,1683.65,1345.22,0.0,0.0,0.6192,0.494733,0.000319595,1,0.5978219184,0.38317930547436074,Test
OSOTIB_clean,11.1654,5.76413,11.16529,0.768695,2412.13,3137.96,0.0,0.0,0.7286,0.947841,0.0,1,0.7536913679999999,0.6871471919627995,Train
OTOYUT_clean,6.74306,5.75371,6.74306,0.976347,2190.17,2243.23,0.0,0.0,0.6418,0.657348,0.0,0,2.1667016881,1.377349974956634,Train
OTOZAA_clean,6.85219,5.8161,6.82993,0.945875,2241.09,2369.33,0.0,0.0,0.6656,0.703687,0.0,0,1.5064037558,1.0361695077950646,Train
OVADAR_clean,5.1368,3.79878,5.1368,1.2109,986.179,814.421,0.0,0.0,0.4988,0.411926,0.0,1,1.3619422908,0.8907426800954135,Train
OVIWOG_clean,6.17675,3.66385,6.16217,3.86628,1048.57,271.209,3.67271,0.949935,0.4996,0.12922,0.0,1,0.082076627,0.08664097782637475,Train
OVUVIL_clean,7.08548,5.40816,7.07157,1.2293,1842.78,1499.05,0.0,0.0,0.602,0.48971,0.0,1,1.4036706214,0.736344569752207,Train
OXAMEG_clean,5.69878,4.15176,5.69426,1.30487,1528.5,1171.39,0.0,0.0,0.5762,0.441578,0.0,1,0.655459087,0.5751426204761472,Train
OXANOR_clean,6.07888,4.64465,6.07888,1.08032,1892.14,1751.47,0.0,0.0,0.5974,0.552986,0.0,1,0.8899787043999999,0.7251110439944054,Train
OYAKAC02_clean,10.84931,8.93162,10.8375,1.42421,1898.38,1332.94,0.0,0.0,0.6618,0.464679,0.000140429,1,0.5360834523,0.46335340321724316,Train
OZASOZ_clean,12.0686,4.7874,12.0686,0.713789,1872.2,2622.9,0.0,0.0,0.6712,0.940333,0.0,1,0.6101262896,0.716065882719561,Train
PALTIH_clean,11.04439,8.71548,11.04439,0.72332,1810.35,2502.84,0.0,0.0,0.6956,0.961677,0.0,1,0.3296511829,0.42547141711936187,Train
PAQMAY_clean,16.51036,13.08019,16.51036,0.865049,1760.16,2034.75,0.0,0.0,0.7388,0.854055,0.0,1,0.3570796664,0.36363484882711616,Train
PAQTIM_clean,5.2151,3.68936,5.21444,1.57762,664.94,421.484,0.0,0.0,0.4366,0.276747,0.0,1,0.5401027278,0.42911640734041023,Train
PAQTOS_clean,5.12845,3.67184,5.12666,1.49187,656.885,440.311,0.0,0.0,0.4242,0.284342,0.0,1,0.6085022044,0.5541829219724193,Train
PEKVUY_clean,5.42809,3.78005,5.42809,2.82711,1122.0,396.872,0.0,0.0,0.4876,0.172473,0.0,1,0.5591167438,0.2537509512806804,Train
PEMGEV_clean,5.81147,5.44043,5.81147,1.41497,1048.95,741.327,0.0,0.0,0.4866,0.343895,0.0,1,0.9068255024,0.681087832403544,Train
PENNIH_clean,6.3502,4.1996,4.94284,1.08381,1502.1,1385.95,0.0,0.0,0.547,0.504702,0.0,0,0.5561139288,0.7582378985263115,Train
PEQTUB_clean,4.3806,3.6645,4.37038,2.70729,829.179,306.276,0.0,0.0,0.5018,0.185351,0.0,1,0.4042349599,0.6281275843652747,Test
PETWES_clean,8.84744,7.28374,8.84744,0.910066,1853.32,2036.47,138.745,152.456,0.6838,0.751374,0.0,1,2.0287486094,1.6450316225937787,Train
PETWIW_clean,8.64175,7.19008,8.64175,0.936726,1743.28,1861.03,108.799,116.148,0.6724,0.717819,0.0,1,1.9987272381,0.7292806161440465,Test
PETWUI_clean,10.45034,5.06084,10.45034,1.57916,2084.61,1320.07,0.0,0.0,0.6474,0.409964,0.000253299,0,1.7943899015,1.5950940288704785,Train
PETXAP_clean,13.99523,6.27881,13.98885,1.13186,2079.02,1836.82,0.0,0.0,0.712,0.629056,0.00123691,0,0.5309644392,0.4656385795334249,Train
PIBPAS_clean,10.02705,9.63343,10.02705,0.905218,1687.34,1864.01,0.0,0.0,0.6458,0.71342,0.0,1,0.3401109411,0.38813898272212066,Test
PIDNEX_clean,15.32333,11.13291,15.32333,0.488773,1874.4,3834.91,0.0,0.0,0.8254,1.68872,0.0,0,0.4443324578,0.37436127944151987,Test
PIVBEC_clean,13.77076,8.56536,13.77076,0.777047,2136.37,2749.35,0.0,0.0,0.75,0.965193,0.0,1,0.7802654906000001,0.5431023364004295,Train
POBGAQ01_clean,13.29282,10.46232,13.28611,0.466279,1667.35,3575.87,0.0,0.0,0.769,1.64923,0.0,0,0.3794156682,0.40127688355924207,Train
POBGAQ_clean,12.10195,9.86984,11.94213,0.53152,1907.5,3588.78,0.0,0.0,0.7308,1.37493,0.0,0,0.4310856993999999,0.438805158326447,Train
POBJIB_clean,4.44888,3.51511,4.44772,1.47992,991.094,669.692,0.0,0.0,0.5136,0.347045,0.0,1,2.6293137724,0.7378418988137205,Test
POCRAB_clean,5.23607,3.48613,5.20368,1.30167,934.815,718.167,0.0,0.0,0.481,0.369526,0.0,1,0.3223491355,0.6576705553277562,Train
PUBROU_clean,10.98616,5.10232,10.98616,0.916508,2445.22,2667.98,0.0,0.0,0.701,0.76486,0.0,0,1.3489769406,0.8994647373057489,Test
PUBSAH_clean,11.33641,4.82375,11.33641,0.84337,2328.1,2760.47,0.0,0.0,0.7052,0.836169,0.0,1,0.6996907512999999,0.7489713962256108,Test
PUBSEL_clean,11.39413,4.45603,11.39395,0.823222,2176.06,2643.34,0.0,0.0,0.6782,0.823836,0.0,1,0.9224316993,0.8891838982457069,Train
PUBSIP_clean,11.35974,4.90438,11.35974,0.939411,2072.64,2206.31,0.0,0.0,0.6858,0.730032,0.0,1,0.6606132459,0.7071744238345525,Train
PUBSOV_clean,12.29772,4.40701,12.29772,1.06558,1807.75,1696.49,0.0,0.0,0.6366,0.597423,0.0,1,1.713415682,1.3474263921787706,Train
PUCKUV_clean,5.10039,3.48814,5.04421,1.9845,773.41,389.725,0.0,0.0,0.4536,0.228571,0.0,0,0.7103562561,0.7166960857298696,Test
PUMGIP_clean,5.7453,3.83462,5.73601,1.16695,456.507,391.195,576.227,493.787,0.5048,0.432579,0.0,1,0.7773107117,0.7609650799307073,Test
PUSSEC_clean,6.42822,3.88531,6.41292,2.06161,780.57,378.621,69.1973,33.5646,0.4744,0.230111,0.0,1,0.1777984157999999,0.5247439541354109,Test
PUWCEP_charged,6.00039,4.10193,6.00039,1.57884,1847.37,1170.08,0.0,0.0,0.5658,0.358365,0.0,0,2.2762401813,1.7037219557306362,Train
PUWCIT_clean,9.4503,8.03208,9.44131,0.783125,2001.73,2556.08,0.0,0.0,0.6954,0.88798,0.0,1,0.4278279099,0.4539007826483987,Train
QAMHAQ_clean,7.11373,6.811,7.11373,1.26887,1254.11,988.366,0.0,0.0,0.5466,0.430777,0.0,0,1.5466673496,0.8997120715963562,Train
QAMLEY_clean,11.14892,6.14756,10.82233,0.696915,2278.27,3269.08,0.0,0.0,0.7598,1.09023,0.0,0,0.5820295419,0.4704018492910948,Test
QAPPON_clean,4.75518,3.45443,4.66797,1.42132,625.227,439.891,255.697,179.901,0.5156,0.362761,0.0,1,0.7419319812999999,0.6468362165959773,Test
QAVPOU_clean,8.34511,7.17292,8.34511,2.09717,1140.47,543.814,47.5156,22.657,0.5374,0.25625,0.0,1,2.0697205012,1.9281478508887724,Train
QILBUK_clean,12.94588,7.66866,12.94473,0.72242,1683.33,2330.13,0.0,0.0,0.6926,0.958722,0.0,1,0.5560985743,0.43961743314290275,Train
QIWHEL_clean,6.23289,3.57497,6.23289,1.40383,1318.74,939.391,0.0,0.0,0.5748,0.409452,0.0,1,0.7150138129000001,0.6473270575932263,Train
QIWQES_clean,6.44452,4.39633,6.26218,0.848839,2656.63,3129.72,0.0,0.0,0.6752,0.795439,0.0,1,0.67638761,0.7185030976505955,Train
QIYDAF01_clean,22.00141,13.57926,22.00141,0.303251,1702.79,5615.12,0.0,0.0,0.8664,2.85704,0.0,1,0.4055524348,0.4616917576978142,Test
QOGPIM_clean,12.64784,4.86083,12.64784,0.990851,1164.4,1175.15,1.09776,1.1079,0.5774,0.582731,0.0,0,0.4490041864999999,0.42180259963378514,Test
QOTHOY_clean,6.37058,3.75017,6.31599,1.47166,1046.29,710.962,0.0,0.0,0.4758,0.323309,0.0,1,0.97492066,0.6374182517958211,Train
QUNMUI_clean,6.44373,4.70368,6.44373,1.54037,1273.49,826.743,0.471228,0.30592,0.5596,0.36329,0.0,0,0.1626922558,0.5547241672517852,Test
QUQGEP_neutral,5.04832,3.46231,5.04832,1.78813,230.047,128.652,0.0,0.0,0.3434,0.192044,0.0,0,0.0464934464,0.4404112631999194,Test
QUQPIC_clean,5.97035,4.19261,5.97035,0.838148,2340.51,2792.47,0.0,0.0,0.6598,0.787211,0.0,0,0.7083115009000001,0.6988837522012543,Train
QUQQOJ_clean,4.48385,3.90246,4.48385,1.73709,680.126,391.531,0.0,0.0,0.355,0.204365,0.0,0,0.7274606035,0.922715219708405,Train
QUQZOS_clean,6.02265,4.01043,6.02265,1.66025,709.739,427.49,0.0,0.0,0.3766,0.226834,0.0,0,1.8344922502,0.473997377471976,Test
QUSSAA_clean,4.78,3.54213,4.78,1.57799,239.569,151.819,1.50875,0.956125,0.405,0.256656,0.0,1,0.2825294408,0.25252526448757734,Train
QUSSOO_clean,4.55358,3.93395,4.55358,1.57579,234.822,149.019,76.9833,48.8538,0.4096,0.259933,0.0,1,0.583138509,0.2973047282198815,Test
QUTDAM_clean,11.27758,5.77514,11.27758,0.754326,2377.38,3151.67,0.0,0.0,0.7286,0.965895,0.0,1,0.7072077547,0.6927656801616834,Train
RACZIG_clean,5.83718,5.07634,5.83718,1.54054,902.956,586.13,0.0,0.0,0.4802,0.311709,0.0,0,0.3601856271,0.4512866450979295,Train
RAHPAT_clean,17.3936,6.5256,17.3936,0.714443,2314.93,3240.19,0.0,0.0,0.7448,1.04249,0.0,1,0.7076905146,0.6164413244017006,Train
RANCEQ_clean,14.1625,12.23837,14.01017,0.445038,1622.66,3646.11,0.0,0.0,0.8192,1.84074,0.0,0,0.3443864833,0.34552029620945135,Train
RAXBOJ_clean,5.29579,3.70027,5.04153,2.43966,1096.49,449.444,0.0,0.0,0.4662,0.191092,0.0,1,0.1370557063,0.24242138372631383,Train
RAZXIA01_clean,4.8504,3.67082,4.8504,1.69205,830.274,490.692,0.0,0.0,0.422,0.249402,0.0,1,0.0894920296,0.3384724634952283,Test
REHHET_clean,8.42834,7.30081,8.42834,1.12746,2081.49,1846.18,0.0,0.0,0.6604,0.585741,0.0,1,0.8461983137000001,0.4995773168036347,Test
REHHIX_clean,9.35675,7.76923,9.35675,1.01818,2023.43,1987.3,0.0,0.0,0.682,0.669824,0.0,1,0.5448458302,0.4016396973202987,Train
REHHUJ_clean,8.23485,7.33998,8.22968,1.08218,2034.99,1880.45,0.0,0.0,0.6656,0.615052,0.0,1,0.6615868187,0.47121007392236913,Train
REJLOI_clean,6.4215,4.94372,6.4215,1.82045,781.409,429.241,62.0655,34.0935,0.4872,0.267627,0.0,0,2.5525554581,1.9915780779125067,Train
REKZIR_clean,4.70593,3.52651,4.70593,1.57273,262.668,167.014,0.0,0.0,0.3982,0.25319,0.0,0,0.1470081002,0.22359914805686354,Train
RELLAW_clean,7.25508,5.59885,7.25181,0.896016,2107.41,2351.98,0.0,0.0,0.6198,0.691729,0.0,0,0.7286213719,1.00143470177784,Test
RESDUQ_clean,9.24485,8.42275,9.24485,0.921133,2004.83,2176.48,0.0,0.0,0.7082,0.768836,0.0,1,0.4152439946,0.42304108084152225,Test
RESZIA_clean,7.48231,5.79274,7.48231,1.22218,1603.95,1312.37,0.0,0.0,0.5772,0.472271,0.0,0,1.0605708088,0.7240682843093316,Train
RETVIW_clean,4.7226,4.53264,4.7226,2.05578,528.256,256.961,0.0,0.0,0.3428,0.166749,0.0,0,0.4607036867,0.5619150437745053,Train
REXGAE_clean,16.86752,8.38436,16.86674,0.654639,2227.03,3401.91,0.0,0.0,0.7522,1.14903,0.0,0,0.8767848543000001,0.6204522856516197,Train
RIRDIH_clean,8.39897,4.41455,7.24132,1.53561,1235.4,804.498,0.0,0.0,0.537,0.349697,0.0,1,0.5274014081,0.30602093330543345,Test
RITGEI_clean,7.34363,6.78558,7.34363,2.03979,1347.27,660.495,0.0,0.0,0.5606,0.274833,0.0,1,0.1215713376999999,0.28139735340631944,Train
RITGUY_clean,7.95322,7.17933,7.95063,2.27911,1239.6,543.896,0.0,0.0,0.5128,0.225,0.0,1,0.1419695428,0.17363107229382124,Train
RIWNAO_clean,9.73357,7.77994,9.73357,1.04203,1469.46,1410.19,0.0,0.0,0.5926,0.568698,0.0,1,0.3069195897,0.37204372010629255,Test
ROBYOY_clean,6.03272,4.74397,6.03272,1.27285,1432.72,1125.6,0.0,0.0,0.533,0.418745,0.0,1,2.1632895791,1.1797493758767281,Train
ROMMAJ_clean,10.96057,3.9466,10.96057,0.96925,2139.32,2207.19,0.0,0.0,0.6522,0.672892,0.0,1,0.9535518609,0.9545218158984174,Train
RONSOE_clean,5.16012,4.53444,5.16012,1.3403,741.014,552.871,0.0,0.0,0.4724,0.352458,0.0,1,0.7299532626,0.43911026265284075,Test
RUBTAK04_clean,8.73929,3.8669,8.73929,1.62446,1658.83,1021.16,0.0,0.0,0.5686,0.350023,0.000123118,0,0.9905917251,0.9716267708251838,Train
RUBTAK06_clean,8.7342,3.8432,8.7342,1.62392,1647.74,1014.66,0.0,0.0,0.5664,0.348785,0.000123158,0,0.9995471296,0.9634274213124644,Train
RUBTAK07_clean,8.72079,3.85677,8.72079,1.62392,1649.19,1015.56,0.0,0.0,0.5662,0.348662,0.000123158,0,0.9984512662,0.9600313699631509,Train
RUBTAK08_clean,8.7506,3.87613,8.7506,1.62628,1652.91,1016.38,0.0,0.0,0.5644,0.347051,0.00012298,0,0.9847024448,0.9606705207283837,Train
RUBTAK09_clean,8.7392,3.86679,8.7392,1.61914,1660.3,1025.42,0.0,0.0,0.5678,0.35068,0.000123522,0,0.9972951984,0.9703059676774959,Test
RUFPUF_clean,20.40507,9.35997,20.29085,0.359492,1749.6,4866.88,0.0,0.0,0.8282,2.30381,0.0,1,0.3459953075999999,0.42191031439195614,Test
RUFZOJ_clean,11.51038,11.00419,11.51038,0.791669,2046.48,2585.02,0.0,0.0,0.7196,0.908965,0.0,1,0.4228599395,0.44660906295427516,Test
RUMWUS_clean,6.20107,4.39757,6.00946,1.10502,1320.66,1195.15,0.0,0.0,0.5634,0.509854,0.0,1,1.2660141155,0.6313641122883907,Test
SABFUX_clean,6.52911,4.84223,6.42802,0.711336,2529.9,3556.55,0.0,0.0,0.724,1.0178,0.0,0,0.3427686729,0.5162788401220608,Test
SAJHUJ_clean,6.4139,3.72776,6.34123,1.44908,755.301,521.226,133.822,92.3491,0.5074,0.350152,0.0,0,1.0825995794,0.6833062623040007,Test
SAJRAW11_clean,6.97897,5.6407,6.97897,1.04077,2621.69,2519.0,0.0,0.0,0.728,0.699485,0.0,0,0.1672751278,0.17825686745632352,Train
SAKNOJ_clean,15.48179,8.59456,15.48179,0.827341,1070.73,1294.18,649.279,784.778,0.7024,0.848985,0.0,1,0.5791666497,0.6085819204562926,Train
SALROO_clean,8.67978,6.03579,8.67978,1.44387,1169.53,809.996,0.0,0.0,0.528,0.365683,0.0,0,0.9833351266,0.5398105714059847,Train
SALRUU_clean,5.91203,3.84839,5.91203,1.89218,897.906,474.535,26.6841,14.1023,0.5394,0.285068,0.0,1,0.4853935144,0.3222847053339405,Train
SAMVIO_clean,7.6401,7.16451,7.6401,1.03687,1572.96,1517.02,0.0,0.0,0.6052,0.583678,0.0,0,0.4712475909,0.6473108190252973,Test
SAPHOI_clean,7.22635,3.6325,7.22635,1.12288,1450.11,1291.42,116.271,103.547,0.6152,0.547876,0.0,1,1.1500765256,1.0221992489869967,Train
SARPIL_clean,6.09702,4.59857,6.00864,0.925107,3214.55,3474.79,0.0,0.0,0.7256,0.784342,0.0,1,0.8055361483,0.6017252181396063,Train
SEHMUO_clean,5.30907,3.99675,5.30907,1.52316,1317.75,865.142,3.37005,2.21254,0.567,0.372253,0.0,1,0.1119031724,0.29234457978184164,Train
SEHNEZ_clean,5.25288,3.93402,5.25288,1.60089,1259.27,786.607,0.906546,0.566275,0.553,0.345433,0.0,1,0.1418817631,0.30940796449488195,Train
SENQAE_clean,3.72532,3.51549,3.72532,2.76591,299.271,108.2,0.0,0.0,0.4234,0.153078,0.0,1,2.2258670755,0.19477089312759133,Test
SENWAL_clean,8.65122,7.37341,8.63714,0.731865,2340.33,3197.76,0.0,0.0,0.7808,1.06686,0.0,1,0.3007950036,0.2907183848580382,Train
SENWIT_clean,8.52908,6.49629,8.43809,0.783284,2511.4,3206.24,0.0,0.0,0.7642,0.975636,0.0,1,0.3130415891,0.36945650740289726,Train
SENWOZ_clean,8.93321,7.13554,8.85614,0.743064,2382.53,3206.36,0.0,0.0,0.7776,1.04648,0.0,1,0.307052383,0.33680761087446814,Train
SERKEG_clean,9.10178,8.52081,9.10178,1.31251,1251.72,953.685,0.0,0.0,0.55,0.419045,0.0,0,0.2092187955999999,0.4016816116223514,Test
SERWIX_clean,5.07507,4.00874,5.06633,0.83188,1576.83,1895.5,14.3781,17.2839,0.6032,0.725105,0.0,1,1.190612408,1.0364459759044706,Train
SESLUZ_clean,5.3028,4.79056,5.23858,2.17471,1211.49,557.081,0.0,0.0,0.5374,0.247113,0.0,1,0.6368880379,0.46209614055456083,Test
SEZPIY_clean,4.97649,3.71436,4.80086,1.82817,1160.84,634.973,0.0,0.0,0.5496,0.300629,0.0,0,1.2767377804,1.006861709388386,Train
SINLAE_clean,6.69716,5.18096,6.69716,1.19378,889.708,745.285,0.0,0.0,0.5462,0.457538,0.0,1,0.3593511335,0.2599499415660507,Train
SIVGAH_clean,5.64759,3.74556,5.63124,1.14128,1695.81,1485.89,0.0,0.0,0.6038,0.529056,0.0,0,0.8896030648000001,0.8681193260324258,Train
SOKXOH_clean,22.96741,14.74434,21.68942,0.423627,1862.02,4395.43,0.0,0.0,0.8094,1.91064,0.0,1,0.4748077450999999,0.4792945238812504,Train
SOPLIU_clean,8.00418,6.00384,7.95536,0.793634,2093.66,2638.07,0.0,0.0,0.6836,0.861354,0.0,1,0.5404207427000001,0.5796674284218156,Test
SUNLAP_clean,15.71173,14.36824,15.70209,0.304225,1659.94,5456.29,0.0,0.0,0.8758,2.87879,0.0,1,0.4585093127,0.430095141688997,Train
SUPQAW_clean,12.03938,6.80096,12.03938,0.533609,2437.56,4568.06,0.0,0.0,0.7952,1.49023,0.0,1,0.4633543714,0.46500982219244535,Train
SURHEU01_clean,8.7439,3.85039,8.7439,1.61905,1664.15,1027.86,0.0,0.0,0.5698,0.351935,0.000123529,0,1.0010063696,0.971880154909768,Train
SURHEU02_clean,8.70584,3.84457,8.70584,1.62392,1646.48,1013.89,0.0,0.0,0.566,0.348539,0.000123158,0,1.0006953135,0.9598671506794784,Train
SURHEU_clean,8.75392,3.85708,8.75392,1.61914,1667.04,1029.58,0.0,0.0,0.569,0.351421,0.000123522,0,1.0315694198,0.9714069601832714,Train
SURKUN_clean,8.75193,3.87567,8.75193,1.61914,1674.22,1034.02,0.0,0.0,0.5708,0.352533,0.000123522,0,0.9954732985,0.9635909853320592,Test
TAPLED_clean,7.07448,3.50364,7.07448,0.974588,1203.79,1235.18,0.0,0.0,0.5756,0.590608,0.0,1,0.4188366943,0.6294444445315251,Train
TATSAK_clean,6.11386,4.64051,6.10962,1.23527,1692.68,1370.29,0.0,0.0,0.5696,0.461113,0.0,1,0.7049304575,0.6485462349561799,Train
TAZLAJ_clean,11.18983,6.92715,11.18534,1.0698,2252.1,2105.17,0.0,0.0,0.7314,0.683682,0.0,1,0.4181405921,0.33310168560498205,Test
TAZLEN_clean,11.08754,7.14784,11.07704,1.04748,2269.71,2166.83,0.0,0.0,0.7294,0.696338,0.0,1,0.4295118174,0.3105235899810343,Test
TEPJAB_clean,6.67857,6.1782,6.67857,1.3299,1357.69,1020.89,0.0,0.0,0.5186,0.389953,0.0,1,3.1578132432,1.9447376681260446,Train
TEQLIM_clean,10.57747,9.21067,10.57747,0.779734,1974.44,2532.19,79.8475,102.404,0.7166,0.919031,0.0,1,0.5607959545000001,0.5771121622995105,Train
TEQPEM_SL,17.25569,8.09715,17.25569,0.556792,2001.58,3594.84,0.0,0.0,0.8118,1.45799,0.0,0,0.3506041018,0.3809903387151169,Train
TEQVOC_clean,5.38838,3.99776,5.38838,1.49315,564.33,377.946,0.0,0.0,0.462,0.309413,0.0,1,0.1793050091,0.3057409857951973,Train
TERFED_clean,4.51281,3.91001,4.51281,1.28172,1102.17,859.911,0.0,0.0,0.5092,0.397278,0.0,1,0.9380295068,0.8608363362815505,Train
TILWEQ_clean,6.50092,5.08477,6.48929,1.07548,2661.96,2475.15,0.0,0.0,0.732,0.680628,0.0,1,0.1763061872,0.1757624140372565,Train
TIMMEI_clean,4.14172,3.70815,4.13635,1.81907,447.316,245.904,0.0,0.0,0.3944,0.216814,0.0,1,0.7835306193000001,0.5207522735053848,Test
TIPZOJ_clean,4.94343,3.60013,4.89104,2.53459,858.107,338.559,0.0,0.0,0.4532,0.178806,0.0,1,0.1293250688,0.2761325304074717,Train
TIPZUP_clean,4.42426,3.78879,4.41806,2.68502,271.798,101.228,0.0,0.0,0.3626,0.135046,0.0,1,0.1330050783,0.14901333990241583,Train
TIVYAZ_clean,7.74101,6.53754,7.72929,0.889175,2037.11,2291.01,0.0,0.0,0.6704,0.753957,0.0,1,0.422594113,0.48871895572854834,Train
TOFLIL_clean,6.43035,3.58774,6.40263,1.17796,1255.08,1065.47,0.0,0.0,0.5356,0.454684,0.0,1,0.6587461619,0.8152645030084442,Train
TOHDAX_clean,7.20792,4.54762,7.18428,2.94358,462.695,157.188,0.0,0.0,0.3644,0.123795,0.0,0,0.7472490201,0.6056115555802922,Train
TOHZAS_clean,5.4125,3.87823,5.4125,1.2118,2026.54,1672.35,0.0,0.0,0.626,0.516588,0.0,1,0.6921948595,0.728752837451912,Train
TORXEE_clean,7.86941,5.48239,7.69217,1.35028,2044.61,1514.21,0.0,0.0,0.6322,0.468199,0.0,0,4.0336586225,0.7969460613825778,Test
TOTVEF_clean,6.00697,5.10202,6.00697,2.05406,380.973,185.473,0.0,0.0,0.3726,0.181397,0.0,0,0.1723474407,0.09897037618171262,Train
TUWFUN_clean,8.62108,7.43537,8.53874,2.06451,1144.69,554.462,53.991,26.152,0.5416,0.262339,0.0,1,2.0340299813,1.8987322257074202,Train
UBACUX_clean,7.27569,3.40268,7.27569,1.19506,1324.35,1108.19,0.0,0.0,0.5504,0.460564,0.0,1,0.4145289695,0.5796924873706237,Train
UCAJUF_clean,14.57882,8.27004,14.57002,0.828014,1665.84,2011.86,0.0,0.0,0.6674,0.806025,0.0,1,0.4380684640999999,0.49102271811215875,Train
UDAMET_clean,11.69192,5.63198,11.69192,1.6473,2524.33,1532.4,0.0,0.0,0.7696,0.467189,0.0,0,0.0547029915,1.0840751861144926,Test
UDANIY_clean,23.87987,23.45836,23.87987,0.417441,1745.24,4180.81,0.0,0.0,0.8514,2.03957,0.0,1,0.4349424727,0.4529438266554271,Test
UDIQII_clean,5.3997,3.7276,5.38981,1.60552,1283.87,799.661,0.0,0.0,0.5344,0.332851,0.0,1,0.3063903277,0.472752350338591,Test
UFEXOT_clean,5.24877,5.07012,5.24877,2.41392,1168.03,483.873,0.0,0.0,0.46,0.190561,0.0,1,0.3375744054,0.40425074631072977,Test
UGEMOK_clean,14.34298,9.58261,14.33743,0.489073,1953.45,3994.18,0.0,0.0,0.8062,1.64842,0.0,1,0.4630270300999999,0.4198721242751048,Train
UJEGUL_clean,6.0532,4.88486,6.0532,1.5961,1140.46,714.525,0.0,0.0,0.4812,0.301484,0.0,1,1.0742528655,0.6877783254103773,Test
UKIQUB_clean,13.62192,8.69235,13.61731,0.709108,2139.96,3017.82,0.0,0.0,0.7494,1.05682,0.0,1,0.7818632140999999,0.5627901946967712,Test
UKOLOV_clean,5.31372,3.9852,5.29181,1.76596,1661.67,940.942,0.0,0.0,0.5196,0.29423,0.0,0,1.335117757,1.127766078668635,Train
ULOKEN_clean,8.69136,6.12819,8.69136,1.41245,1732.73,1226.76,0.0,0.0,0.648,0.458778,0.0,0,0.2319047042,0.19062068734875032,Train
ULOKOX_clean,8.64627,5.79102,8.63931,1.45123,1704.6,1174.59,0.0,0.0,0.6308,0.434666,0.0,0,0.2397153073,0.3022759197688025,Test
ULOKUD_clean,8.99985,5.9392,8.99985,1.59852,1738.06,1087.3,0.0,0.0,0.6478,0.40525,0.0,0,0.2599990565,0.19615297502200074,Train
UMIZIB_clean,6.17523,5.02799,6.17017,1.45638,1635.51,1123.0,0.0,0.0,0.5482,0.376414,0.0,1,0.4983214477,0.44798088525748175,Train
UMOYOM01_clean,8.8085,5.25892,8.77749,0.621878,2962.67,4764.07,0.0,0.0,0.7408,1.19123,0.0,1,0.6070279102,0.5847996278731327,Test
UMOYOM02_clean,8.68301,5.26839,8.68301,0.613738,2959.15,4821.52,0.0,0.0,0.7366,1.20019,0.0,1,0.599077376,0.6015569039381656,Train
UMOYOM04_clean,9.1769,5.34749,9.1769,0.570426,2833.6,4967.52,0.0,0.0,0.7508,1.31621,0.0,1,0.5253373651,0.5528112242869391,Train
UMOYOM09_clean,9.17279,5.31913,9.17279,0.580043,2871.76,4950.95,0.0,0.0,0.7526,1.29749,0.0,1,0.5402179611,0.5528112242869391,Train
UMOYOM12_clean,10.19907,5.488,10.19907,0.599366,2923.9,4878.33,0.0,0.0,0.7518,1.25433,0.0,1,0.6222399036,0.5834617982278382,Test
UMOYOM14_clean,7.70148,5.09259,6.16713,0.70962,2883.03,4062.77,0.0,0.0,0.6922,0.975452,0.0,1,0.7806269489,0.7875845521777252,Train
UMOYOM15_clean,7.15478,5.03775,6.09393,0.736061,2757.31,3746.04,0.0,0.0,0.6812,0.925467,0.0,1,0.8071904805,0.7706675114638872,Test
UMOYOM18_clean,7.82903,4.99743,6.01083,0.808894,2359.81,2917.33,0.0,0.0,0.6612,0.817412,0.0,1,0.9071330029,0.8064881911789368,Train
UMOYOM_clean,8.83339,5.23908,8.83268,0.625162,2968.14,4747.79,0.0,0.0,0.7388,1.18177,0.0,1,0.6059308736,0.5998104273238992,Train
UNACES01_clean,10.38875,3.81692,9.82399,1.06757,1652.24,1547.67,0.38238,0.358178,0.625,0.585442,0.0,0,1.7575885747,0.8033871674524229,Test
UNIFII_clean,17.37115,8.63776,17.37115,0.586277,2129.19,3631.71,0.0,0.0,0.7812,1.33248,0.0,0,0.9324885502,0.5521976057745838,Train
UNIGEE_clean,14.93053,7.82687,14.92608,0.605547,2221.53,3668.64,0.0,0.0,0.8002,1.32145,0.0,0,0.3318348631,0.34733305451159735,Train
UQETOB_clean,15.46668,6.67243,15.45862,0.75459,2172.96,2879.66,0.0,0.0,0.7356,0.974835,0.0,1,0.623990494,0.6196384989822757,Test
USAHAZ_clean,10.72389,9.68617,10.71468,0.687876,2071.59,3011.58,0.0,0.0,0.7326,1.06502,0.0,0,0.5154374224,0.5173271191973478,Train
UTEWUM_clean,14.99321,9.89811,14.99321,0.736094,1324.75,1799.7,413.723,562.051,0.7332,0.996068,0.0,1,0.6701794964,0.5793296902555841,Train
UTEXAT_clean,6.27145,4.0077,6.27145,1.01791,1360.79,1336.85,112.523,110.543,0.6168,0.605948,0.0,0,0.8036117338,0.9821182266067823,Test
UTULEB_clean,5.58337,4.79072,5.5596,1.57279,1503.83,956.154,0.0,0.0,0.6132,0.38988,0.0,0,0.7794766289,0.6956680715562181,Train
UVEXAV_clean,4.66793,3.98237,4.65272,1.99529,1051.01,526.749,0.0,0.0,0.449,0.22503,0.0,0,2.142736561,2.0248594709736616,Train
UVUDEW_clean,6.20906,3.77817,6.20895,1.42467,471.884,331.225,0.0,0.0,0.4216,0.295929,0.0,1,0.1383910592,0.3222112151007108,Test
UVUPOR_clean,6.87637,4.98201,6.87637,1.02516,1354.63,1321.39,165.953,161.881,0.579,0.564792,0.0,1,0.9746648598,0.8357233859712137,Test
UXACAY_clean,5.42504,4.97343,5.42504,1.96219,875.799,446.337,0.0,0.0,0.4652,0.237082,0.0,1,0.0879406819,0.25105816511038676,Train
UYAMOY_clean,5.8975,3.62321,5.8791,1.25938,1494.83,1186.95,0.0,0.0,0.5682,0.451174,0.0,1,0.8654373567,0.737584143524455,Test
VABKAN_clean,25.15545,13.83989,25.12929,0.397099,1646.09,4145.29,0.0,0.0,0.8436,2.12441,0.0,1,0.5986210639,0.47006869492519265,Train
VABKER_clean,25.48776,13.70158,25.4679,0.386827,1629.94,4213.63,0.0,0.0,0.8474,2.19064,0.0,1,0.625025791,0.468796860577759,Test
VAJVEJ_clean,4.35318,3.61073,4.35318,1.60792,480.24,298.672,0.0,0.0,0.4216,0.262203,0.0,0,1.1638774151,0.6437814730626368,Test
VAKLIF_clean,8.6135,7.01422,8.60784,0.699177,2542.49,3636.41,0.0,0.0,0.7356,1.05209,0.0,0,0.5927797179,0.533768640148754,Train
VAKNAZ_clean,6.16822,4.1914,6.16041,0.853713,2759.78,3232.68,0.668484,0.783032,0.701,0.821119,0.0,1,0.5164711171,0.6629698804082649,Test
VAMYEQ_clean,10.0339,6.95835,10.02217,0.642755,2514.17,3911.56,0.0,0.0,0.7686,1.19579,0.0,1,0.4273859982999999,0.44038985706178635,Train
VAMYUG_clean,10.04314,6.94027,10.02007,0.640476,2529.62,3949.59,0.0,0.0,0.7656,1.19536,0.0,1,0.437230021,0.44038985706178635,Test
VARHON_clean,6.75056,3.96368,6.747,0.886506,2055.95,2319.17,0.0,0.0,0.618,0.697119,0.0,0,0.7119605957999999,1.0336216086375063,Test
VARJAB_clean,6.78948,3.75665,6.78948,0.974046,1905.16,1955.93,0.0,0.0,0.5918,0.607569,0.0,0,1.690849665,1.0905470286424137,Test
VEJZIU_clean,12.34505,7.48961,12.34505,0.843457,1880.34,2229.33,0.0,0.0,0.7078,0.839165,0.0,0,0.362365216,0.4356691560128899,Train
VELBAQ_clean,8.45052,7.3406,8.18626,0.767479,2121.67,2764.47,0.0,0.0,0.657,0.856049,0.0,1,0.5365342325,0.559131648725594,Test
VELVOY_clean,11.39286,3.40894,11.39286,0.949095,1469.34,1548.15,0.0,0.0,0.625,0.658522,0.0,0,0.4288605006,0.4621279158007716,Test
VEYREY_clean,13.03513,6.48008,13.03513,0.965562,1553.99,1609.42,0.0,0.0,0.6024,0.623886,0.0,1,0.4110093275,0.5714809954348873,Train
VIDJID_clean,10.67429,9.81504,10.67429,0.700095,2177.13,3109.76,0.0,0.0,0.7556,1.07928,0.0,1,0.9107449845,0.5715457108151153,Train
VIDWIQ_clean,4.24829,3.73039,4.24829,1.1789,1222.26,1036.79,0.0,0.0,0.5174,0.438885,0.0,1,1.5674838516,1.3201212717902373,Train
VIGDIY_clean,4.82892,4.12995,4.82892,1.46465,383.946,262.141,174.084,118.857,0.4494,0.30683,0.0,1,0.2325250087,0.6305902690430797,Test
VIJNIN_clean,13.61846,3.80879,13.61846,1.36353,1619.99,1188.09,0.0,0.0,0.651,0.477438,0.0,1,2.2453219523,0.35444832523259895,Test
VIWRAW_clean,18.47685,6.99909,18.46157,1.33324,1894.12,1420.69,0.0,0.0,0.773,0.579791,0.0,1,0.1543609044999999,0.1284277046643298,Train
VIXPUP_clean,10.93218,6.45029,10.92123,0.719071,2360.22,3282.31,0.0,0.0,0.7418,1.03161,0.0,1,0.5198282415,0.6069991645209052,Train
VOLRAQ01_clean,16.89388,11.18221,11.76527,0.561351,1860.71,3314.7,0.0,0.0,0.8394,1.49532,0.0,1,0.2867564175,0.3615749955599148,Test
VONROH_clean,4.19663,3.48452,4.18843,1.78125,717.81,402.982,0.0,0.0,0.4498,0.25252,0.0,0,0.2916108447,0.5006885551941442,Train
VONRUN_clean,4.1199,3.4264,4.1125,1.98175,599.261,302.39,0.0,0.0,0.3996,0.20164,0.0,0,0.6251201199,0.7831409407845009,Train
VORHER_clean,12.85349,6.70722,12.85349,1.05413,1269.54,1204.35,279.236,264.897,0.6238,0.591768,0.0,1,0.8809862642,0.833601649011215,Train
VOSVEG_clean,10.99131,5.30484,10.99131,1.00093,1319.63,1318.4,0.0,0.0,0.5658,0.565276,0.0,1,0.7408436912999999,0.5178359012839722,Train
VOSWIL_clean,8.9893,8.47778,8.9893,1.37751,1084.84,787.534,0.0,0.0,0.5664,0.411177,0.0,1,0.2265024033,0.09665929575115773,Train
VOXTUZ_clean,5.52627,4.64994,5.48747,1.37374,1663.89,1211.21,0.0,0.0,0.5974,0.434871,0.0,0,2.3404535946,1.2679080542089933,Train
VOXVAH_clean,5.92871,5.26453,5.92106,1.32162,1764.11,1334.81,0.0,0.0,0.577,0.436585,0.0,0,1.4562163713999998,0.8613761394318966,Test
VUJBIM_clean,18.70668,6.62188,18.70668,0.560742,2180.91,3889.33,0.0,0.0,0.7898,1.40849,0.0,1,0.4836780056,0.5058338693192619,Train
VUKSIF_clean,5.75842,4.01754,5.72554,1.25557,1414.52,1126.59,0.0,0.0,0.5766,0.459233,0.0,1,0.8115664544,0.6664965978858536,Train
VUMBOW_clean,6.23579,5.49714,6.23579,1.58729,766.396,482.833,0.0,0.0,0.4186,0.26372,0.0,1,0.2461698544999999,0.27695098746972546,Train
VUWROW_clean,7.68342,6.19716,7.66529,1.06352,2246.75,2112.57,0.0,0.0,0.6738,0.633558,0.0,1,0.9099791863,0.5493782340425405,Train
WAGQAY_clean,23.95302,15.31723,23.95302,0.391691,1362.13,3477.56,0.0,0.0,0.858,2.1905,0.0,1,0.4269968939,0.40613902339175423,Test
WAHDIT_clean,5.64465,5.55803,5.64465,1.60299,480.063,299.48,0.0,0.0,0.2714,0.169309,0.0,1,0.1303352707,0.31194087586758895,Test
WAHROP_clean,5.95888,4.93789,5.95575,1.04375,1513.2,1449.77,0.0,0.0,0.5402,0.517556,0.0,1,0.9211990338,0.8626593513567979,Train
WAKTOS_clean,5.69222,4.43155,5.69222,2.83189,703.861,248.548,0.0,0.0,0.4318,0.152478,0.0,1,0.0671256975,0.10375749533016632,Train
WAMRIN02_clean,7.24883,5.55813,7.22701,0.963729,1535.75,1593.55,0.0,0.0,0.587,0.609093,0.0,1,1.0246656968,0.6994961411872231,Train
WANBIY_clean,8.87322,5.80038,8.86083,3.31848,884.025,266.395,0.0,0.0,0.4252,0.128131,0.0,1,0.0335456587999999,0.08524845834046296,Train
WANHAX_clean,11.35423,3.67445,11.35423,1.10812,1929.78,1741.49,0.0,0.0,0.6346,0.572682,0.0,1,0.9463314589,1.1249129743179882,Train
WANHEB_clean,11.27878,4.48127,11.27878,0.837758,2209.49,2637.39,0.0,0.0,0.6896,0.82315,0.0,1,0.8801638082,0.8143785235229616,Train
WANHOL_clean,11.33875,4.69312,11.33857,0.842421,2322.16,2756.54,0.0,0.0,0.7046,0.836399,0.0,1,0.7315613665,0.7540464339514512,Train
WANHUR_clean,11.34841,4.3749,11.34841,0.826694,2186.19,2644.5,0.0,0.0,0.6798,0.822311,0.0,1,1.0256699637,0.8789090753904591,Train
WANKOO_clean,5.43736,3.9967,5.34183,2.07196,667.58,322.197,0.0,0.0,0.439,0.211877,0.0,1,0.1353845219,0.25960954500132316,Test
WANNEH_clean,4.79977,4.11571,4.78874,1.39327,642.346,461.037,0.0,0.0,0.4326,0.310494,0.0,0,1.2593701699,0.8195254541029842,Train
WANNIL_clean,4.60008,4.02922,4.60008,1.40928,601.135,426.556,0.0,0.0,0.4274,0.303276,0.0,0,1.215186965,0.828761266161447,Test
WAPTAL_clean,6.59501,4.67756,6.50224,3.15641,1845.41,584.655,0.0,0.0,0.5866,0.185844,0.0,1,0.046660072,0.033006172948821244,Test
WAPTEP_clean,6.48524,4.68827,6.48524,3.20545,1822.68,568.619,0.0,0.0,0.5808,0.181191,0.0,1,0.0484422330999999,0.012391404710712428,Train
WAPTIT_clean,6.42774,4.61196,6.42774,3.24584,1787.43,550.682,0.0,0.0,0.5752,0.177211,0.0,1,0.0479485688,0.014015449494420573,Test
WARFAY05_clean,7.95711,5.4342,7.9468,1.06291,2099.4,1975.14,0.0,0.0,0.6506,0.612092,0.0,1,1.4668296485,0.9334152223853535,Train
WARFAY06_clean,8.02332,5.50953,8.02332,1.05728,2113.47,1998.98,0.0,0.0,0.6526,0.617247,0.0,1,1.4439503201,0.8612830790677692,Train
WASMUB01_clean,9.01624,7.94736,9.01599,1.23478,1409.74,1141.69,0.0,0.0,0.5354,0.4336,0.0,0,1.8606495329,0.38635445581535777,Test
WAVQIV_ion_b,9.9978,7.95845,9.98195,0.747982,2000.14,2674.04,0.0,0.0,0.7406,0.990131,0.0,0,0.2237766112999999,0.31349762482934895,Test
WAVRES_clean,14.9385,4.22033,14.9385,1.02521,1957.71,1909.57,0.0,0.0,0.681,0.664253,0.0,1,0.9692262783,0.8664777209332695,Train
WAVRIW_clean,14.37017,4.23835,14.37017,0.932664,1895.07,2031.89,0.0,0.0,0.6684,0.716657,0.0,1,1.4123436994,1.0491087198570561,Train
WAZQIZ_clean,5.13597,3.56044,4.95178,1.22527,1000.27,816.366,27.2269,22.2211,0.4862,0.396809,0.0,1,0.4717046754999999,0.6541935713389773,Train
WEBJIY_clean,16.85961,16.29058,16.85961,0.987245,2036.71,2063.02,0.0,0.0,0.69,0.698915,0.0,1,0.7240002484999999,0.5692458080638115,Test
WEBJUK_clean,18.31229,16.60062,18.31229,0.879226,2151.59,2447.14,0.0,0.0,0.7156,0.813897,0.0,1,0.6861873141,0.5987856320297599,Train
WEBKAR_clean,6.58265,5.73847,6.58265,0.935373,2650.07,2833.17,0.0,0.0,0.714,0.763331,0.0,1,0.4289772753999999,0.5052266456256774,Train
WETPES_clean,11.77316,5.55523,10.53677,0.739178,2326.74,3147.73,0.0,0.0,0.723,0.978114,0.0,1,0.8957365278,0.6830233546672149,Test
WEXSEZ_clean,10.86576,4.1334,10.86576,1.02008,1886.77,1849.62,0.0,0.0,0.6346,0.622107,0.0,1,0.8393086933,1.0566832306404346,Train
WIKGII_clean,9.6009,5.08261,9.6009,1.17729,1491.03,1266.49,0.448003,0.380537,0.5982,0.508115,0.0,1,0.2001755032999999,0.3754661592122467,Test
WIKLOT_clean,7.19858,6.30301,7.18221,1.72847,1512.87,875.263,0.0,0.0,0.6126,0.354417,0.0,1,0.2282158878,0.25390057213135925,Train
WIRMUH_clean,6.40693,3.94167,6.40005,1.39129,1423.49,1023.14,0.0,0.0,0.589,0.423347,0.0,1,0.5536494438,0.4972504371875588,Test
WIRNAO_clean,4.60036,4.13679,4.36405,1.42758,1221.11,855.37,0.0,0.0,0.5356,0.375181,0.0,1,0.8876838123999999,0.8338086973491603,Train
WIWKIX_clean,4.99549,4.15902,4.98439,1.15851,933.473,805.753,15.0963,13.0308,0.5306,0.458002,0.0,0,1.2695300985,0.9379919843754075,Train
WODREO_clean,5.44215,4.30539,5.37431,1.11963,1253.26,1119.35,133.185,118.955,0.53,0.473371,0.0,1,1.1882085126000002,0.9845606103998772,Train
WOLROF_clean,12.0686,6.65136,12.0686,0.914878,2088.61,2282.94,0.0,0.0,0.7304,0.798358,0.000218608,1,0.4040250902,0.4520262979939744,Train
WONBAD_clean,5.26924,4.23427,4.80256,1.90066,2151.09,1131.76,0.0,0.0,0.5702,0.300001,0.0,1,1.428776236,1.1486434821760956,Train
WONZOP_clean,11.00202,10.33195,11.00202,0.652092,1980.98,3037.87,0.0,0.0,0.7274,1.11549,0.0,0,0.3506216035,0.4213852883846022,Train
WONZUV_clean,11.45781,9.81279,11.45781,0.60775,2132.84,3509.41,0.0,0.0,0.7378,1.21399,0.0,0,0.5346782013,0.5135764215587059,Train
WOYWIS_clean,7.51192,4.80683,7.51192,1.08065,1227.66,1136.03,0.0,0.0,0.5226,0.483596,0.0,1,0.937812288,0.6553013594643903,Train
WOYWOY_clean,5.91166,4.30758,5.61164,1.12104,1432.33,1277.68,0.0,0.0,0.5304,0.473134,0.0,1,1.3378327127,1.0211920396791108,Train
WUGPUL_clean,11.44375,6.32835,11.44375,0.724468,2369.18,3270.23,0.0,0.0,0.743,1.02558,0.0,1,0.755875925,0.6075485842480848,Test
WUJPIC_clean,6.8358,6.48385,6.8358,1.24403,1197.74,962.797,0.0,0.0,0.5018,0.403368,0.0,0,0.8415370345000001,0.6174322927706528,Test
WUTCET_clean,6.18745,5.18464,6.17096,1.11984,1387.44,1238.96,0.0,0.0,0.5566,0.497034,0.0,0,0.7957214856999999,0.7487575564582476,Train
XAKLIH_clean,6.02466,3.88519,6.02146,1.3674,1040.09,760.632,0.0,0.0,0.5138,0.375749,0.0,1,1.3888296881,0.7134749500592781,Train
XAKZEP_clean,11.84752,7.82774,11.74488,0.869535,1611.99,1853.86,0.0,0.0,0.6302,0.724755,0.0,1,0.5779844822,0.5019485373177722,Train
XAMDUM07_clean,13.23294,6.7383,13.23294,0.874739,2071.26,2367.87,0.0,0.0,0.7194,0.822417,0.0,1,0.5993805566,0.6015145514714619,Train
XANMUX01_clean,7.00841,6.87174,7.00841,1.1901,1390.91,1168.73,0.0,0.0,0.6142,0.516091,0.0,0,0.3300260128,0.49820802623994254,Train
XANMUX02_clean,7.02628,6.85841,7.02628,1.18485,1425.51,1203.11,0.0,0.0,0.615,0.519053,0.0,0,0.3198076053,0.5915900477633195,Test
XANMUX03_clean,7.92851,7.20939,7.92851,0.942982,1648.65,1748.33,0.0,0.0,0.6634,0.703513,0.0,1,0.4015134771,0.4365407486932472,Test
XANMUX04_clean,8.11715,7.85164,8.1162,1.15587,1357.98,1174.85,0.0,0.0,0.6136,0.530856,0.0,0,0.3573415232,0.36708597005192933,Train
XANMUX05_clean,7.96785,7.76541,7.96785,1.15351,1457.83,1263.82,0.0,0.0,0.6284,0.544772,0.0,0,0.3746628065,0.43249029367681663,Train
XANMUX06_clean,7.89402,7.78212,7.89402,1.16156,1545.11,1330.2,0.0,0.0,0.6286,0.541169,0.0,0,0.4942084022999999,0.515809162600369,Train
XANMUX07_clean,8.08658,7.93125,8.08658,1.12874,1428.77,1265.81,0.0,0.0,0.627,0.555487,0.0,0,0.3605298656,0.41463303517193406,Test
XANMUX08_clean,7.80034,7.66637,7.80034,1.1623,1830.3,1574.73,0.0,0.0,0.6326,0.544267,0.0,0,1.3057047762,0.7216822874543851,Train
XANMUX_clean,7.22549,7.05144,7.22549,1.16648,1435.38,1230.52,0.0,0.0,0.6128,0.525341,0.0,0,0.3216278729,0.5916424553326494,Train
XANZAQ01_clean,7.80283,7.09635,7.80283,0.978047,1597.51,1633.37,0.0,0.0,0.6454,0.659886,0.0,1,0.3887774954999999,0.4289650603965707,Train
XANZAQ02_clean,7.78654,7.07621,7.78654,0.976673,1600.7,1638.93,0.0,0.0,0.6466,0.662043,0.0,1,0.3849327908,0.43442471612730355,Test
XANZAQ03_clean,8.31524,7.66858,8.31524,0.918646,1605.96,1748.18,3.17356,3.45461,0.6742,0.733906,0.0,1,0.3575611152,0.3908362561702349,Test
XANZAQ04_clean,8.34862,7.90874,8.34862,0.946048,1600.25,1691.51,0.0,0.0,0.6642,0.702079,0.0,1,0.4948754589,0.4098178564286149,Test
XANZAQ05_clean,8.47885,8.09304,8.47885,0.942478,1573.71,1669.76,0.0,0.0,0.6686,0.709407,0.0,1,0.4706633514,0.44403998535200684,Train
XANZAQ06_clean,8.35756,7.91059,8.35756,0.939122,1667.31,1775.39,0.0,0.0,0.6656,0.708747,0.0,1,0.5205364799000001,0.44298574789248957,Train
XANZAQ07_clean,8.40037,8.01066,8.40037,0.935791,1631.15,1743.07,0.0,0.0,0.6708,0.716827,0.0,1,0.494439355,0.4692791208009229,Train
XANZAQ08_clean,8.39367,7.99618,8.39367,0.933711,1580.24,1692.42,0.0,0.0,0.662,0.708999,0.0,1,0.4499805875,0.4607720452339097,Test
XANZAQ_clean,8.11701,7.49064,8.11701,0.931625,1637.23,1757.39,0.0,0.0,0.6638,0.712518,0.0,1,0.4204113129999999,0.43019595176515224,Train
XEKJIH_clean,6.20826,5.78382,6.20814,1.47662,347.482,235.322,860.221,582.56,0.5432,0.367867,0.0,1,2.4002539288,2.0980016587910404,Test
XEKJON_clean,6.22254,5.56439,6.21747,1.67319,360.472,215.439,737.24,440.618,0.5436,0.324888,0.0,1,2.8865922134,2.857829236534697,Train
XEKJUT_clean,6.56629,6.19348,6.55947,1.65134,406.62,246.236,825.001,499.594,0.5444,0.329671,0.0,1,3.1125128709,3.013866772675503,Train
XEMHOM_clean,4.79162,4.0639,4.76831,2.00034,450.789,225.357,0.0,0.0,0.3928,0.196367,0.0,1,0.1931323361,0.1503209018973432,Train
XENZEX_clean,4.03588,3.72621,4.02671,3.30835,180.903,54.6807,0.0,0.0,0.268,0.0810071,0.0,1,0.7769252094,-0.040996817173668765,Test
XIDMED_clean,11.48793,10.50283,11.48793,1.21119,1624.17,1340.97,0.0,0.0,0.653,0.53914,0.0,1,0.5794559686,0.37465933377940774,Train
XILDUT_clean,5.33112,3.97403,5.33043,1.32579,1407.65,1061.75,0.0,0.0,0.5238,0.395087,0.0,1,0.4372558831,0.638713824149499,Train
XINFUW_clean,6.65291,5.08872,6.45934,0.841018,2754.84,3275.6,0.0,0.0,0.7064,0.839934,0.0,1,0.5544218736,0.6333194068225995,Test
XISDOU_clean,6.57708,4.78728,6.57708,1.06399,2038.67,1916.06,0.0,0.0,0.598,0.562035,0.0,1,0.9664674609,0.8264966834388529,Train
XISDUA_clean,6.54816,4.77769,6.53027,1.05483,2022.76,1917.62,0.0,0.0,0.5918,0.561039,0.0,1,0.9674280795,0.8150110873962392,Train
XIVVEF_clean,7.94651,5.43115,7.90631,1.14535,2097.38,1831.21,0.0,0.0,0.648,0.565766,0.0,0,1.9408143977,0.8133870078252662,Test
XIZJEW_clean,5.72446,3.86989,5.72446,1.71463,866.46,505.333,0.0,0.0,0.4918,0.286825,0.0,1,0.6622328018,0.37317065581347875,Test
XOCQUD_clean,6.93402,4.62894,6.60917,2.15591,497.721,230.864,0.0,0.0,0.4174,0.193607,0.0,1,0.0971560351,0.18161677423426603,Train
XODNUB_clean,4.71915,3.55393,4.43069,2.13543,453.661,212.445,0.0,0.0,0.405,0.189657,0.0,1,0.1686582855,0.25574023946378854,Train
XOFGEG_clean,20.28017,4.1755,10.09474,0.997235,1823.44,1828.5,0.0,0.0,0.6744,0.67627,0.0,1,0.5092408297,0.5590092509600689,Train
XOMCUZ_clean,5.38174,3.9098,5.38174,1.47361,430.645,292.238,0.0,0.0,0.4026,0.273206,0.0,1,0.2634240252,0.2917427610110465,Train
XOMHEO_clean,6.80967,5.57312,6.80967,1.28307,2168.4,1690.01,0.0,0.0,0.6202,0.483373,0.0,1,1.476981383,1.121241712888592,Train
XOMHIS_clean,8.65147,5.97828,8.65147,0.851979,2400.52,2817.58,0.0,0.0,0.7112,0.834762,0.0,1,0.8882885183,0.5504464145008331,Test
XOMNEU_clean,4.40246,3.57141,4.39113,1.21453,547.741,450.992,0.0,0.0,0.4748,0.390935,0.0,1,1.4759693896,1.0797167423916307,Train
XONLES_clean,15.50229,14.17026,15.50229,0.301134,1628.27,5407.15,0.0,0.0,0.8756,2.90768,0.0,1,0.4603800986,0.4232777364993165,Train
XOPJAO_clean,5.14318,3.48639,5.12605,1.24253,772.666,621.85,0.0,0.0,0.4474,0.360072,0.0,0,1.3438312528999998,1.0303873242994845,Train
XUDPOD_clean,11.07776,6.90892,11.06925,0.552172,2378.06,4306.74,0.0,0.0,0.786,1.42347,0.0,1,0.4451050722999999,0.4620987109621334,Test
XUDVAV_clean,5.42467,3.9439,5.412,1.23408,1178.81,955.215,0.0,0.0,0.5312,0.430443,0.0,1,1.204146274,0.8563393320158716,Test
XUFYEE_clean,16.79092,3.56449,16.79092,0.69015,1946.61,2820.56,0.0,0.0,0.6888,0.998044,0.0,1,0.8078911875,0.7139864453642473,Train
XUMNAW_clean,8.02798,7.30674,8.02798,0.898114,1523.34,1696.15,0.715304,0.796451,0.6172,0.687218,0.0,1,0.7954736717,0.4700525448361175,Test
YABHIV_clean,17.95239,10.63646,17.95239,0.600011,2087.15,3478.52,0.0,0.0,0.8014,1.33564,0.0,1,0.5078581526,0.47935654912802417,Test
YAGHUM_clean,10.9533,4.13648,10.9533,0.807681,2413.25,2987.87,0.0,0.0,0.7156,0.885993,0.0,0,0.4838352169,0.5525246584288144,Test
YAHWAI_clean,8.53821,5.48688,8.53821,1.65002,1657.02,1004.24,0.0,0.0,0.6194,0.375389,0.0,1,0.2953594764,0.18563258960381224,Test
YARBIE_clean,4.91122,3.52707,4.65913,1.29542,529.055,408.404,0.0,0.0,0.4438,0.342591,0.0,0,1.1940387864,0.8740804222266796,Train
YARGOP_clean,8.11383,5.17636,8.11364,0.914073,1890.45,2068.16,0.0,0.0,0.6398,0.699944,0.0,0,0.6881941062000001,0.6287568556665277,Train
YARZEZ01_clean,5.61977,4.05885,5.24298,1.02873,1985.67,1930.22,0.0,0.0,0.6746,0.655761,0.0,0,0.3597986386,0.402098449272236,Train
YASVUM_clean,7.50043,5.49919,7.38492,0.881793,2738.41,3105.5,0.0,0.0,0.7254,0.822642,0.0,1,0.9992835552,0.6676456399122508,Train
YATVUN_clean,10.83921,9.14744,10.55157,0.903963,1890.69,2091.55,0.0,0.0,0.6694,0.740517,0.0,0,1.4857311615,0.7493624857536635,Test
YATWAU_clean,10.70688,9.04659,10.70688,0.923872,1892.37,2048.31,0.0,0.0,0.6612,0.715683,0.0,0,1.550393364,1.0291145282432006,Train
YAZFOW_clean,7.43679,7.30177,7.43679,1.31238,1643.41,1252.24,0.0,0.0,0.6052,0.461147,0.0,0,0.9919429803,0.8686966537239431,Test
YEFNIG_clean,7.00427,5.66417,7.00427,1.03301,2659.19,2574.21,0.0,0.0,0.7456,0.721774,0.0,0,0.1659550927999999,0.1280303372964065,Train
YEFPAA_clean,6.99143,5.65004,6.99143,1.03721,2660.09,2564.66,0.0,0.0,0.745,0.718274,0.0,0,0.1667774097,0.13190674581253858,Test
YEGHEZ_clean,5.88391,4.37273,5.87003,1.21357,1253.26,1032.7,0.0,0.0,0.5114,0.4214,0.0,0,1.1615612755,0.9294566866760801,Train
YIDSOT_clean,4.9292,4.14717,4.92841,1.4991,1150.12,767.207,0.0,0.0,0.5208,0.347408,0.0,1,0.7492027385,0.5805034139685769,Train
YINTEW_clean,6.69295,5.30296,6.37064,1.01854,1974.65,1938.7,0.0,0.0,0.6366,0.62501,0.0,0,1.0868277439,0.8432418046256753,Train
YIWBIR_clean,4.82964,4.23812,4.82964,1.13369,1456.59,1284.82,0.0,0.0,0.5224,0.460795,0.0,0,1.2851565618,1.0992290794596968,Test
YIWMIA_clean,6.63746,4.87617,6.36212,1.27523,2046.38,1604.72,0.0,0.0,0.6792,0.53261,0.0,1,0.1462974139,0.18060116744514165,Train
YIWNEX_clean,6.05222,4.44321,5.98107,1.39413,1611.64,1156.02,0.0,0.0,0.6292,0.451321,0.0,1,0.1344233317,0.3005992379557311,Train
YIWNUN_clean,6.72761,5.04686,6.72761,1.27847,2081.66,1628.24,0.0,0.0,0.6874,0.537673,0.0,0,0.1476922135,0.19659362950564485,Train
YIXBIQ_clean,16.14545,8.60739,16.14545,1.16801,1743.0,1492.28,0.0,0.0,0.7494,0.641603,0.0,1,0.3115619315,0.22258909872335236,Train
YIZJEY_clean,6.38909,5.16549,5.85719,1.3913,1198.42,861.362,0.0,0.0,0.5582,0.401206,0.0,0,0.390784095,0.6193454726115781,Test
YOGKEM_clean,9.34542,5.57292,9.34542,0.967443,2138.01,2209.96,0.0,0.0,0.6476,0.669394,0.0,1,1.7462334866999998,1.109999660533509,Train
YOGKIQ_clean,6.91924,4.32242,6.91924,1.0538,1682.56,1596.67,112.281,106.549,0.5988,0.56823,0.0,1,1.8674835987,0.7516463575535797,Test
YORCIT_clean,17.04599,8.24613,17.00411,0.824323,1373.69,1666.44,0.0,0.0,0.6834,0.829044,0.0,0,0.1815385907,0.29054015899749414,Test
YORRII_clean,6.34779,5.30766,6.27636,1.13523,1975.78,1740.43,0.0,0.0,0.6154,0.542095,0.0,0,1.0751439877,0.867430731499762,Train
YOZBIZ_clean,8.26642,3.87936,8.26616,1.4767,1152.52,780.471,0.0,0.0,0.5144,0.348345,0.0,1,1.24564814,0.36161629801806583,Test
YOZBOF01_clean,8.1742,4.93831,8.1651,1.13095,1262.79,1116.57,0.0,0.0,0.5572,0.492684,0.0,0,0.8740538040000001,0.6102027275384422,Train
YOZCEW_clean,14.22468,12.71779,14.22468,1.07415,1394.66,1298.38,0.0,0.0,0.625,0.581853,0.0,1,0.5215118525,0.43248602006708325,Train
YUDDEH_clean,9.23238,6.19771,8.9716,0.865828,1917.28,2214.39,0.0,0.0,0.6654,0.768513,0.0,1,0.7494220654000001,0.5455591916259193,Train
ZARLOV_clean,7.59087,4.25441,7.5897,1.05116,2258.39,2148.48,0.0,0.0,0.646,0.614561,0.0,1,1.2044091329,0.7814940058809661,Train
ZAXTAV_clean,5.36171,4.58528,5.11307,1.17092,1043.66,891.322,0.132673,0.113307,0.5204,0.444438,0.0,1,2.2964808492,1.4569886874110574,Train
ZEBMEA_clean,6.61101,4.67195,6.5886,1.53404,1279.24,833.903,0.0,0.0,0.5336,0.347839,0.0,1,0.3946474472999999,0.4247304457921296,Test
ZESFUY_clean,9.58879,8.12099,9.53399,0.865768,1708.9,1973.86,0.0,0.0,0.6472,0.747544,0.0,0,0.5436657371,0.5355958583590343,Test
ZEXSOM_clean,10.33904,5.80354,10.2816,1.15853,1627.88,1405.12,5.62491,4.8552,0.626,0.540338,0.0,1,0.6563059,0.3601043077595142,Test
ZEZPIF_clean,4.9314,3.8688,4.91047,1.33575,1333.04,997.967,0.0,0.0,0.5954,0.445741,0.0,1,0.6329338075,0.5406900098546559,Test
ZIQVAY_clean,8.56153,4.50798,8.56153,2.05613,1364.45,663.603,0.0,0.0,0.4994,0.242884,0.0,1,0.5808837039,0.3730729424806415,Train
ZISNEW_clean,10.937,5.73353,10.937,0.756384,2253.97,2979.93,0.0,0.0,0.706,0.933388,0.0,1,1.0152235448,0.7685916559635871,Train
ZISXEG_clean,5.13371,3.48538,5.13371,1.96189,431.041,219.707,0.0,0.0,0.3706,0.1889,0.0,1,1.8073818867,0.2375128397215489,Test
ZIVCOY_clean,21.35428,13.61239,21.35428,0.516145,2019.82,3913.28,0.0,0.0,0.8142,1.57746,0.0,1,0.5197366793,0.47868317940557187,Train
ZIZTEJ_clean,4.9754,4.00901,4.96475,2.66219,1407.31,528.628,0.0,0.0,0.5208,0.195628,0.0,1,0.2099009556,0.1967521368067961,Train
ZOGBAA_clean,8.29052,7.70457,8.2843,0.849869,2437.69,2868.31,0.0,0.0,0.7226,0.850249,0.0,0,1.0843805948,0.6779690006118453,Train
ZUQBUK_clean,6.60273,3.87772,6.60273,0.987073,2004.83,2031.09,0.0,0.0,0.58,0.587596,0.0,0,1.8135370227,1.089311945094077,Test
ZUSNOS_clean,13.06588,6.72307,12.14953,0.80175,2346.37,2926.56,0.0,0.0,0.7098,0.885314,0.0,1,0.956506273,0.7421300682229862,Train
ABAYIO_clean,11.39486,4.3226,11.27409,0.949126,1428.73,1505.31,409.494,431.444,0.6636,0.69917,0.0,0,0.6333785129,0.6089942343016412,Train
ABAYOU_clean,11.27344,4.5108,11.27344,0.979267,1463.42,1494.4,419.062,427.935,0.6638,0.677854,0.0,0,0.655721352,0.6316091835654254,Train
ABESUX_clean,5.87931,4.42492,5.57015,3.74291,1747.69,466.934,0.0,0.0,0.5646,0.150845,0.0,1,0.1784533223,0.09069388333426137,Test
ABETAE_clean,5.88295,4.42033,5.88295,3.69928,1821.75,492.461,0.0,0.0,0.572,0.154625,0.0,1,0.1769260161,0.06100014689382882,Test
ABETIN_clean,9.47418,7.83744,9.45292,0.597233,2275.99,3810.89,0.0,0.0,0.7302,1.22264,0.0,0,0.4473184182999999,0.43086321576978587,Train
ABEXEM_clean,4.82084,4.14331,4.80387,1.76082,968.791,550.193,3.54724,2.01454,0.494,0.280551,0.0,1,0.3080422146,0.3059565602706811,Train
ABEXEN_clean,18.8079,13.71867,18.7996,0.674371,1650.25,2447.09,10.9626,16.2561,0.753,1.1166,0.0,0,0.7295939739,0.5499490786901127,Train
ABEXOW_clean,4.7727,4.04921,4.7549,1.81243,948.305,523.222,8.72645,4.81477,0.5026,0.277307,0.0,1,0.3111441159,0.30385892570835,Train
ABEXUC_clean,4.74458,4.0168,4.72731,1.84813,905.952,490.198,6.39745,3.46157,0.4864,0.263185,0.0,1,0.3117343877,0.27303938515088716,Test
ABEYAJ_clean,4.73097,3.9715,4.71386,1.90641,913.695,479.276,5.68199,2.98047,0.4682,0.245593,0.0,1,0.3064271566,0.28482237108420094,Train
ABEYEN_clean,4.70447,3.94356,4.68752,1.9293,894.021,463.392,4.63057,2.40013,0.4642,0.240606,0.0,1,0.2999411489999999,0.18922090682928594,Train
ABEYIR_clean,4.69665,3.92183,4.69665,1.96962,879.845,446.707,3.91969,1.99007,0.464,0.235578,0.0,1,0.2972457007,0.1688865263276853,Test
ABIXOZ_clean,6.22728,4.0515,6.20206,1.91751,1873.93,977.272,0.0,0.0,0.5866,0.305918,0.0,1,0.1298575233,0.2638414643574433,Train
ABIYIV_clean,4.33176,3.82431,4.32093,1.34661,564.007,418.836,0.0,0.0,0.4458,0.331055,0.0,0,0.316138855,0.704763856873142,Train
ABULOB_clean,4.86958,4.16445,4.86236,1.31921,1184.81,898.121,0.0,0.0,0.5364,0.406607,0.0,0,1.9659376049,1.2428135796202198,Train
ABUWOJ_clean,5.07969,4.03039,4.98773,1.15833,1745.23,1506.68,0.0,0.0,0.621,0.536118,0.0,1,0.8264463554000001,0.7744492329444813,Test
ac403674p_si_001_clean,8.50423,8.27985,8.50423,1.12072,1220.76,1089.26,0.0,0.0,0.5906,0.526983,0.0,0,0.1768048354,0.36382902462471045,Test
ACAJIY_clean,4.94766,3.4178,4.77873,1.0939,822.742,752.116,0.0,0.0,0.5292,0.483772,0.0,0,0.8299002389,0.8781887608366511,Train
ACAJIZ_clean,6.1865,5.74044,6.1865,1.30148,981.157,753.879,0.0,0.0,0.4824,0.370656,0.0,0,0.2864527551,0.4196569865558243,Train
ACAJOF_clean,6.86398,6.10482,6.86398,1.21871,1121.27,920.046,0.0,0.0,0.513,0.420936,0.0,0,0.2607323796999999,0.4828806328384171,Train
ACIBOE_clean,8.25776,7.03071,8.25776,1.10094,2063.01,1873.86,0.0,0.0,0.6554,0.595309,0.0,1,0.5899051056,0.4877217222452017,Train
ACODON_clean,7.1439,4.65537,7.12384,1.14924,1729.7,1505.09,0.0,0.0,0.598,0.520346,0.0,0,0.588381889,0.6013371128410601,Train
ACOGAB_clean,5.20085,3.89327,4.84433,1.15458,1432.82,1240.99,0.0,0.0,0.5566,0.482082,0.0,0,0.8730517484999999,0.8773624436973662,Train
ACOGEF_clean,5.20115,3.94888,4.8971,1.25952,1433.77,1138.35,0.0,0.0,0.5544,0.440168,0.0,0,0.7905019837,0.8835640317398685,Train
ACOLIP_clean,4.91034,3.57647,4.78103,1.04949,1065.44,1015.2,0.0,0.0,0.5434,0.517777,0.0,0,0.9130639291,0.9963704046996646,Train
ACOLOV_clean,8.42183,5.53552,8.41851,0.863411,2226.99,2579.3,0.0,0.0,0.6794,0.786879,0.0,1,0.4523871378,0.5829261890605036,Train
acs.cgd.5b01686_WAHFUJ1434675_clean,5.00451,3.93435,5.00451,1.28464,1087.15,846.274,0.0,0.0,0.4874,0.379407,0.0,1,0.4853410453,0.7785129570069252,Train
acs.cgd.6b00463_OLOMUZ1451936_clean,10.32513,7.87202,10.32103,1.07611,1950.06,1812.15,0.0,0.0,0.6638,0.616853,0.0,1,0.1541571903,0.3418115184966841,Train
acs.chemmater.6b02817_cm6b02817_si_004_clean,10.39878,5.64581,7.91914,0.897688,1488.72,1658.39,589.747,656.962,0.6776,0.754828,0.0,1,0.6354131219,0.6452295174233992,Train
acs.chemrev.6b00346_cr6b00346_si_001_clean,9.19439,3.959,7.03116,0.906382,2290.66,2527.25,0.0,0.0,0.6912,0.762592,0.0,1,0.5577368058,0.5802311991129946,Train
acscombsci.5b00188_24205_clean,5.32506,4.91361,5.32498,1.2624,1666.29,1319.94,0.0,0.0,0.5558,0.440273,0.0,0,1.4947804563999998,1.0712705806979759,Train
acscombsci.5b00188_3001288_clean,29.41365,23.60037,29.35162,0.156124,881.282,5644.76,0.0,0.0,0.9382,6.00933,0.0,0,0.4100237439,0.5240737897184219,Train
acscombsci.5b00188_5020072_clean,14.46967,11.94118,14.45544,0.429595,1931.96,4497.16,0.0,0.0,0.8224,1.91436,0.0,0,0.3304076761,0.3924419445813203,Train
acscombsci.5b00188_5024922_clean,20.5205,15.85622,20.5205,0.295002,1403.53,4757.71,0.0,0.0,0.8866,3.00541,0.0,0,0.3574624597,0.298481275506075,Test
acscombsci.5b00188_5036495_clean,10.8747,9.02496,10.86921,0.338372,2296.38,6786.58,0.0,0.0,0.8498,2.51144,0.0,0,0.3662263914999999,0.3090623316225936,Train
acscombsci.5b00188_5040209_clean,7.3732,5.53143,7.30173,1.04632,1848.9,1767.06,0.0,0.0,0.6162,0.588923,0.0,0,0.9836237695,0.7176729034120498,Test
acscombsci.5b00188_8372_clean,5.7583,4.46842,5.7583,0.958855,3178.07,3314.45,0.0,0.0,0.7062,0.736503,0.0,0,0.4145718783,0.46955167488285593,Train
acs.inorgchem.5b02108_ic5b02108_si_002_clean,7.194,7.0599,7.194,1.21033,1596.38,1318.96,0.0,0.0,0.591,0.488296,0.0,0,1.2417767939,0.9720572555965636,Train
acs.inorgchem.5b02973_ic5b02973_si_002_clean,11.38761,10.4443,11.38761,1.02785,1047.76,1019.37,62.4425,60.7507,0.593,0.576933,0.0,0,0.7722796679999999,0.5738082904730453,Train
acs.inorgchem.6b00081_ic6b00081_si_001_clean,7.28268,5.80535,7.28268,1.16215,782.38,673.218,0.0,0.0,0.4952,0.426107,0.0,0,0.2249627185,0.2892534521748128,Test
acs.inorgchem.6b00433_ic6b00433_si_002_clean,5.96211,4.62167,5.8482,1.10398,1177.53,1066.62,0.0,0.0,0.5062,0.458523,0.0,1,0.5012177218,0.7887783115426591,Test
acs.inorgchem.6b00894_ic6b00894_si_002_clean,6.64699,4.59021,5.67003,1.10689,1216.8,1099.29,0.0,0.0,0.5272,0.476289,0.0,1,1.0786494113,0.789205050768891,Train
acs.inorgchem.6b01569_ic6b01569_si_002_clean,6.29847,5.43889,6.29847,1.11326,868.696,780.315,0.0,0.0,0.5092,0.457394,0.0,1,0.1637065436999999,0.2940600351237509,Train
acs.inorgchem.6b01740_ic6b01740_si_002_clean,15.68052,8.0633,15.68052,0.473321,2336.0,4935.34,0.0,0.0,0.7938,1.67709,0.0,0,0.5023327798,0.4240217405454264,Test
acs.inorgchem.6b02407_ic6b02407_si_002_clean,6.36153,3.76503,6.36153,0.960789,1995.17,2076.59,0.0,0.0,0.6214,0.64676,0.0,1,1.3160895164,1.04294290378771,Train
acs.inorgchem.6b02407_ic6b02407_si_003_clean,6.24791,4.32537,6.22758,1.12188,1617.2,1441.52,0.0,0.0,0.5614,0.500411,0.0,0,1.4825893723,0.830044276478105,Test
acs.inorgchem.6b02413_ic6b02413_si_002_clean,13.37732,6.88163,13.37732,0.804279,2195.74,2730.07,0.0,0.0,0.74,0.920079,0.00124335,0,0.3172402572,0.328642516465218,Train
acs.inorgchem.6b02514_ic6b02514_si_002_clean,6.09101,5.53211,6.09101,1.35156,1494.27,1105.59,0.0,0.0,0.6002,0.44408,0.0,1,0.2092666501,0.4681270533276728,Train
acs.inorgchem.6b02696_ic6b02696_si_002_clean,12.13124,5.0609,12.1281,0.908718,2183.39,2402.71,0.0,0.0,0.6878,0.75689,0.0,0,0.6526878629999999,0.6465730062700076,Train
acs.jpcc.6b08594_UiO66_Ce2Zr4_opt_clean,8.49751,4.07254,8.49751,1.27238,1692.83,1330.45,0.0,0.0,0.6072,0.477217,0.000157186,0,0.449587379,0.439219905675414,Train
acs.jpcc.6b08594_Zn2Cd6MOF5_opt_clean,14.70209,8.11021,14.70209,0.628556,2151.09,3422.27,0.0,0.0,0.8094,1.28771,0.0,0,0.2405468266,0.33747226179732337,Train
ACUBAB_clean,6.48174,4.30295,6.47204,2.30944,1238.98,536.484,0.0,0.0,0.5252,0.227414,0.0,1,0.5066016119,0.27859660119362956,Train
ACUFEK_clean,15.55627,9.00897,15.55627,0.559431,2205.12,3941.72,0.0,0.0,0.787,1.40679,0.0,1,0.4402995207,0.4672851025096338,Train
ACUJOZ_manual,11.50806,7.82539,10.51641,0.694288,2343.63,3375.59,0.0,0.0,0.739,1.0644,0.0,1,0.4269323792,0.5236636867352115,Train
ACUTOI_clean,5.192,4.5372,5.18708,1.71994,820.91,477.29,0.0,0.0,0.4076,0.236985,0.0,1,0.3937360938,0.38340873867858427,Train
ADARAA_clean,12.29205,5.40077,12.29205,0.881935,2191.85,2485.27,7.83761,8.88684,0.6948,0.787813,0.0,1,0.5442228183,0.6272203626085521,Train
ADASAB_charged,22.82402,13.49014,22.78048,0.343942,1661.07,4829.51,0.0,0.0,0.8736,2.53996,0.0,1,0.3341474117,0.4688169472305318,Test
ADASEF_clean,21.62414,10.92309,17.5655,0.435607,1820.41,4179.02,0.0,0.0,0.8462,1.94258,0.0,1,0.4177126582,0.4415663446031647,Test
ADASIJ_clean,18.23438,6.60024,18.20695,0.629251,2196.94,3491.36,0.0,0.0,0.765,1.21573,0.0,1,0.4884383945,0.5549941051851883,Train
ADASOP_clean,18.07263,6.71346,18.07263,0.63164,2223.07,3519.51,0.0,0.0,0.7846,1.24216,0.0,1,0.5703992215,0.537164051539667,Train
ADASUV_clean,17.16775,6.7332,17.16775,0.625693,2275.03,3636.01,0.0,0.0,0.7672,1.22616,0.0,1,0.4653380363,0.5359095306895052,Train
ADATAC_clean,26.33515,10.27637,16.37091,0.33727,1729.95,5129.28,0.0,0.0,0.871,2.5825,0.0,1,0.4884867861999999,0.42336437848470676,Test
ADATEG_manual,27.33782,13.33904,27.33782,0.238777,1473.42,6170.7,0.0,0.0,0.896,3.75246,0.0,1,0.4275243675999999,0.4771051029201856,Test
ADATIK_clean,24.55082,12.17426,18.62931,0.377577,1712.52,4535.57,0.0,0.0,0.8764,2.32112,0.0,1,0.3879810862,0.4360406740119048,Test
ADATOQ_clean,10.5421,9.07611,10.5421,0.632077,2324.74,3677.95,0.0,0.0,0.7278,1.15144,0.0,1,0.3789737564,0.44292576204023576,Train
ADATUW_clean,10.34629,8.86044,10.34629,0.640612,2322.12,3624.84,0.0,0.0,0.73,1.13953,0.0,1,0.3635410014,0.44200180034065945,Train
ADAVAE_clean,10.21446,8.80719,10.21446,0.655338,2331.18,3557.22,0.0,0.0,0.7302,1.11423,0.0,1,0.3938960575999999,0.43379944504431917,Train
ADAVEI_clean,10.15021,8.70819,10.15021,0.656268,2410.23,3672.63,0.0,0.0,0.719,1.09559,0.0,1,0.4022018301,0.48177606672337475,Test
ADAXEK_clean,5.76724,4.10445,5.76724,1.26343,1305.6,1033.38,0.0,0.0,0.5042,0.399073,0.0,0,0.9126117181,0.8604754344714944,Train
ADAXIO_clean,5.72682,5.00855,5.71823,1.28062,1140.41,890.52,0.0,0.0,0.4934,0.385283,0.0,0,0.6619775904999999,0.7052737194434969,Train
ADIQEL_clean,4.43355,3.91364,4.43149,1.23763,785.544,634.715,0.0,0.0,0.4682,0.378303,0.0,0,2.3335778748,0.8258547211029622,Test
ADOBAX_charged,5.54673,3.76596,5.40967,1.63796,473.584,289.129,302.973,184.969,0.4676,0.285476,0.0,0,0.3375134475999999,0.3575357153476699,Train
ADOBEB_charged,5.50949,3.76943,5.39841,1.63796,473.912,289.33,302.371,184.601,0.4672,0.285232,0.0,0,0.3353874684,0.36903719122606127,Train
ADOBOL_charged,5.48974,3.85295,5.48822,1.71617,456.212,265.831,117.606,68.528,0.454,0.264542,0.0,0,0.3040415258,0.25262101588771935,Train
ADOBUR_charged,5.46006,3.86825,5.45816,1.70055,447.493,263.145,230.14,135.332,0.456,0.268148,0.0,1,0.3417842222999999,0.39180003583746575,Train
ADOCEC_clean,5.40135,3.83278,5.40061,1.53544,942.082,613.56,194.67,126.785,0.4904,0.319388,0.0,1,0.3783929740999999,0.49716537803032623,Test
ADODAA_charged,10.017,4.9065,10.017,1.03876,2054.12,1977.46,11.8919,11.4481,0.6856,0.660015,0.0,1,0.2788135778,0.37159849670384193,Train
ADODOO_clean,5.9443,5.31331,5.61744,1.28796,1054.79,818.961,0.0,0.0,0.5256,0.408086,0.0,0,0.6594034981,0.6389131586820396,Train
ADODUU_clean,5.93338,5.29096,5.57799,1.31573,1050.53,798.439,0.0,0.0,0.521,0.395977,0.0,0,0.6889733190999999,0.6572422243229404,Test
ADOGEH_clean,12.71447,5.05258,12.69973,1.01991,1997.13,1958.14,0.0,0.0,0.677,0.663783,0.0,1,0.9873820616,0.7355336802652087,Train
ADUROI_clean,25.68553,17.12424,25.68553,0.402567,1285.84,3194.1,0.0,0.0,0.8358,2.07617,0.0,1,0.2984374846,0.3882938933679593,Train
ADUWIH_clean,9.28386,6.55138,8.99777,0.722123,2053.82,2844.14,0.0,0.0,0.7098,0.982935,0.0,1,0.4897048614,0.4702289712552766,Test
ADUWON_clean,16.37935,5.99724,16.37935,0.521247,2391.39,4587.82,0.0,0.0,0.7844,1.50485,0.0,1,0.5998355606,0.5959705568475226,Test
AFEJOK_ion_b,5.99825,5.12689,5.98721,1.10129,1640.7,1489.79,0.0,0.0,0.5808,0.52738,0.0,1,0.6034695300999999,0.5856710397492239,Train
AFENEE_clean,4.49346,3.41581,4.45719,1.24906,796.3,637.522,0.0,0.0,0.4856,0.388774,0.0,1,0.5878296166,0.7374686734277566,Train
AFIPAH_clean,4.37538,3.90569,4.37538,1.83885,841.292,457.509,0.0,0.0,0.5032,0.273649,0.0,1,0.4454605483,0.43994806726590996,Train
AFITEP_clean,4.64022,4.09997,4.63375,1.06928,1521.04,1422.49,0.0,0.0,0.5262,0.492105,0.0,0,1.3846780198,1.362565668124173,Train
AFITUF_clean,7.14066,5.08524,7.12439,1.32285,1391.46,1051.86,0.0,0.0,0.5322,0.402312,0.0,1,0.4685874745,0.4873532652433604,Train
AFIXAO_clean,6.3306,4.52097,6.32879,1.12223,1320.24,1176.44,0.0,0.0,0.5702,0.508096,0.0,0,0.3723393765,0.6510998875913646,Test
AFIXES_clean,6.43864,4.7481,6.42659,1.12574,1304.99,1159.23,0.0,0.0,0.5758,0.511486,0.0,0,0.378256856,0.6258157952796154,Test
AFOTOF_clean,8.7931,6.77287,8.7931,1.07439,1647.74,1533.66,0.0,0.0,0.6144,0.571859,0.0,0,0.6665686829,0.5747666933358995,Train
AFOTUL_clean,8.80212,6.81408,8.79682,1.05969,1683.28,1588.47,0.0,0.0,0.614,0.579417,0.0,0,0.6600079981,0.5772895144037836,Train
AFOVAT_clean,8.32882,6.54754,8.28902,1.04077,1670.63,1605.18,0.0,0.0,0.61,0.586104,0.0,0,0.6833019451000001,0.5884642079198075,Train
AFOVEX_clean,8.81515,6.86051,8.81515,1.02206,1673.56,1637.43,0.0,0.0,0.619,0.605638,0.0,0,0.6666478181000001,0.5662486471723339,Train
AFOVIB_clean,8.79334,6.74118,8.79334,1.0948,1657.47,1513.94,0.0,0.0,0.6104,0.557543,0.0,0,0.6945064401000001,0.5455636422105288,Train
AFOVOH_clean,8.78847,6.84598,8.77538,1.04816,1663.77,1587.32,0.0,0.0,0.6228,0.594182,0.0,0,0.680352216,0.5321923430991794,Train
AFOYAW_clean,5.94533,4.22739,5.94533,0.978122,1810.39,1850.89,0.0,0.0,0.6112,0.624871,0.0,1,0.5735266452000001,0.8053225556004067,Test
AFOYEB_clean,5.92566,5.81418,5.92369,1.68224,585.772,348.21,0.0,0.0,0.4054,0.240988,0.0,0,0.209840153,0.36194822618224387,Train
AFOYIE_clean,9.08566,8.61929,9.08005,0.761887,2055.27,2697.6,0.0,0.0,0.71,0.931897,0.0,1,0.3810729696,0.4418316236087412,Test
AFOYOK_clean,7.73482,5.71785,7.72321,0.979448,1633.89,1668.18,0.0,0.0,0.588,0.600338,0.0,0,0.3758188682,0.6949220176328132,Train
AFUKET_clean,5.96671,4.7743,5.96671,0.9597,1662.19,1731.99,97.0966,101.174,0.5958,0.620819,0.0,1,0.8300151165,0.8343558249737426,Train
AFUKIX_clean,8.69504,5.47442,8.69504,0.784292,2017.86,2572.85,0.0,0.0,0.6382,0.813728,0.0,1,0.5224391865,0.6200290200633695,Train
AFUPEX_clean,5.43312,4.58891,5.43311,1.38641,2204.93,1590.39,0.0,0.0,0.6146,0.443303,0.0,1,0.5540359804,0.6116760443575483,Train
AGABIU_clean,12.57098,10.82742,12.57098,0.647122,1792.07,2769.29,2.83534,4.38145,0.7402,1.14383,0.0,1,0.2330185428,0.36462133968127375,Test
AGARUW_clean,6.77693,6.25183,6.7733,1.77195,1346.33,759.804,0.0,0.0,0.5056,0.285336,0.0,0,0.2519726168,0.5796462796277652,Train
AGIREP_clean,10.92956,6.85619,7.97786,0.99837,2250.02,2253.69,0.0,0.0,0.6896,0.690726,0.0,1,0.5629273714999999,0.5076277834522203,Train
AGOFEJ_clean,12.6138,8.71559,12.59801,0.583675,1959.85,3357.77,0.0,0.0,0.767,1.31409,0.0,1,0.3823484637,0.44910074086659946,Train
AGONAM_clean,5.63222,4.90729,5.59904,1.43768,1370.35,953.171,0.0,0.0,0.568,0.395082,0.0,0,0.5614555615,0.5767187320301487,Train
AGONEQ_clean,6.16099,5.90611,6.12795,1.08253,2263.15,2090.61,0.0,0.0,0.6752,0.623722,0.0,0,0.4903329405,0.6317045053758709,Train
AGOVOJ_clean,13.91201,9.20691,13.91201,0.616035,2114.14,3431.85,0.0,0.0,0.7722,1.2535,0.0,1,0.4052062381,0.5107806130503229,Test
AGUVOO_charged,6.0722,4.11181,6.0722,1.16455,1517.34,1302.94,0.0,0.0,0.582,0.499765,0.0,1,0.4152246021,0.6997680539340416,Test
AHAMAY_clean,4.44036,3.90831,4.43859,2.24993,500.113,222.279,0.0,0.0,0.401,0.178228,0.0,1,0.5426291232,0.24530166266705977,Test
AHEQAH_clean,9.26829,6.21673,9.2669,0.759287,2415.98,3181.91,0.0,0.0,0.7146,0.941146,0.0,1,0.5342498642,0.5847404947213197,Train
AHOKIR01_clean,4.30721,3.46839,4.30721,1.92701,892.53,463.167,0.0,0.0,0.4868,0.252619,0.0,1,0.9262558501,0.757345944679236,Train
AHOKIR_clean,4.49939,3.47861,4.49939,1.88207,939.705,499.294,0.0,0.0,0.4884,0.259502,0.0,1,0.4968180367,0.5804903663727352,Train
AHOKOX_clean,4.49188,3.54288,4.49188,1.73966,1360.22,781.89,0.0,0.0,0.5116,0.29408,0.0,1,0.5295693332,0.4780030946422098,Train
AJAKON_clean,5.2765,4.32303,5.27104,1.36723,1066.44,780.005,8.76449,6.41042,0.5024,0.367459,0.0,1,0.5070554278,0.5539618010826718,Train
AJAYIT_clean,7.12611,4.89301,7.12611,1.98392,840.751,423.782,0.0,0.0,0.4314,0.217448,0.0,0,0.2648833341,0.2634756546060649,Train
AJIGIL_clean,6.71352,5.54656,6.70452,1.08988,996.607,914.419,0.0,0.0,0.4838,0.443902,0.0,1,0.2102867764,0.4388717614272495,Test
AJOTEY_clean,5.91075,5.20074,5.90935,1.2556,1942.39,1546.98,0.0,0.0,0.6358,0.506371,0.0,1,0.4280094159,0.5318559060884307,Train
AJOVEB_clean,5.15455,4.85632,5.13093,1.95651,774.474,395.845,0.0,0.0,0.4138,0.211499,0.0,1,0.3545544238,0.2760662862327887,Test
AJOXAA_clean,6.60857,4.38157,6.58169,1.52914,1380.73,902.948,0.0,0.0,0.5468,0.357587,0.0,1,0.5910350529999999,0.41191601760568297,Train
AKEDIF_clean,5.94406,5.31262,5.94406,0.925851,1673.96,1808.02,0.0,0.0,0.5828,0.629475,0.0,0,0.9278324045,0.8788207402822427,Train
AKOBAF_clean,4.84557,3.80044,4.84557,1.15061,997.702,867.108,0.0,0.0,0.498,0.432814,0.0,1,0.6744030704999999,0.8770938453708925,Train
AKOHEO_clean,5.56086,3.46237,5.08522,2.37535,1051.21,442.55,0.0,0.0,0.4804,0.202244,0.0,1,0.1626225385,0.19797730971676408,Train
AKUKUO_clean,5.04792,4.38484,5.0448,1.30477,1062.64,814.426,0.0,0.0,0.5004,0.383515,0.0,0,0.6318263603000001,0.8396684238215819,Test
ALAHUS_clean,7.1812,5.45466,7.18023,1.36604,1533.73,1122.76,0.0,0.0,0.5724,0.41902,0.0,1,0.3569484414,0.42780312510578644,Train
ALAMUW_clean,11.92678,5.98269,11.92678,0.64997,2447.93,3766.22,0.0,0.0,0.761,1.17082,0.0,1,0.596148195,0.597234905740422,Train
ALANAD_clean,8.58065,5.8094,8.54388,0.697286,2813.81,4035.37,0.0,0.0,0.7542,1.08162,0.0,1,0.5597834205,0.5408097253522333,Train
ALEJAE_clean,19.86541,14.56862,19.86541,0.274675,1427.0,5195.22,0.0,0.0,0.8942,3.25548,0.0,1,0.4563387265999999,0.441666326257415,Train
ALEJEI_clean,18.06508,7.13825,11.29555,0.600782,2223.57,3701.13,0.0,0.0,0.783,1.3033,0.0,1,0.502816163,0.49183571424279016,Test
ALEJIM_clean,18.20917,7.10984,11.84134,0.592075,2208.62,3730.3,0.0,0.0,0.783,1.32247,0.0,1,0.5280496340999999,0.5199737689451672,Train
ALEQIT_clean,5.78407,3.96262,5.7827,1.90553,677.8,355.702,0.0,0.0,0.434,0.227759,0.0,1,0.3474877171,0.2775421571725251,Test
ALIBUT_clean,13.10382,3.67767,13.10382,1.322,940.809,711.658,184.278,139.394,0.5642,0.426778,0.0,0,0.2505522291,0.8685491959304396,Test
ALICAA_clean,12.98786,3.46699,12.98786,1.43218,894.164,624.337,203.647,142.194,0.5692,0.397436,0.0,0,0.213763272,1.6661812994946188,Test
ALIXAU_clean_h,6.17139,3.91412,6.17139,1.43262,670.443,467.985,13.6022,9.49467,0.4726,0.329886,0.0,1,0.4816936940999999,0.2789331338205185,Test
ALIXOJ_clean,7.8603,5.01976,7.84665,0.979833,2007.79,2049.12,0.0,0.0,0.6394,0.65256,0.0,1,0.4484080975,0.6238031089764432,Train
ALIXUP_clean,6.38387,5.75713,6.38387,1.33865,1367.26,1021.37,0.0,0.0,0.5492,0.410264,0.0,1,0.1100482843,0.5279397049046105,Test
ALOLES_ion_b,5.85254,4.25768,5.80032,2.20818,502.012,227.343,0.475191,0.215196,0.4238,0.191923,0.0,1,0.0675066149,0.16596699112682473,Test
ALOLET_charged,9.3993,5.21411,9.3806,0.901246,1693.51,1879.08,13.2521,14.7042,0.6446,0.715232,0.0,0,0.59777423,0.4246261806536889,Test
ALOLIX_charged,9.32283,5.599,9.29982,0.940569,1861.76,1979.4,0.0,0.0,0.66,0.701703,0.0,0,0.4321216586999999,0.58440731025865,Train
ALOLIY_clean,6.86569,5.12412,6.86243,1.19169,992.554,832.898,0.0,0.0,0.537,0.450621,0.0,1,0.0923655419,0.2782185814774062,Train
ALONEV_clean,5.59976,4.84057,5.59976,1.49156,1651.89,1107.49,0.0,0.0,0.571,0.382821,0.0,1,0.1340906861,0.3754252566220819,Train
ALUJEX_clean,5.99288,4.42191,5.93648,1.43356,1311.29,914.712,0.0,0.0,0.5364,0.374173,0.0,1,0.5945377803999999,0.5619510297933644,Train
ALUJIB_clean,6.08943,4.42337,5.91878,1.4324,1320.62,921.959,0.0,0.0,0.5424,0.378664,0.0,1,0.5887463228,0.5666725405268841,Train
ALUJOH_clean,6.14197,4.45081,6.02384,1.41539,1356.59,958.46,0.0,0.0,0.5526,0.390423,0.0,1,0.5423425101,0.6127691894203952,Test
ALUKIC_clean,8.54387,6.77342,8.52787,0.56692,2883.21,5085.74,0.0,0.0,0.7934,1.39949,0.0,1,0.3971455761,0.3980156585554156,Train
ALUKOI_clean,8.54787,6.76817,8.5436,0.579939,2887.58,4979.11,0.0,0.0,0.7926,1.3667,0.0,1,0.3872187111999999,0.3996474340977088,Train
ALUKUO_clean,8.54799,6.78315,8.52991,0.582411,2894.93,4970.58,0.0,0.0,0.7922,1.36021,0.0,1,0.3921009192,0.3980156585554156,Train
ALULAV_clean,8.53005,6.74275,8.5229,0.590909,2900.24,4908.1,0.0,0.0,0.7924,1.34099,0.0,1,0.3805077855,0.3966020806656222,Train
ALULEZ_clean,18.75501,13.37911,18.68884,0.425946,1475.35,3463.71,0.0,0.0,0.8336,1.95706,0.0,0,0.2737478499,0.3218123759021402,Train
ALULID_clean,7.81513,5.26988,7.81513,0.929552,2122.82,2283.71,0.0,0.0,0.6652,0.715614,0.0,1,0.4436069739,0.6157214045700046,Train
ALURAB_clean,6.8318,3.73291,6.33433,1.05182,1255.59,1193.73,0.0,0.0,0.5338,0.507503,0.0,0,0.5147851175,0.7730510271123923,Test
ALUREF_clean,6.8305,3.71719,6.1852,1.05415,1260.09,1195.37,0.0,0.0,0.5302,0.502967,0.0,0,0.5247930521,0.6883150538799099,Train
ALURIJ_clean,6.87946,3.53974,6.12375,1.07753,1201.6,1115.15,0.0,0.0,0.5294,0.49131,0.0,0,0.5494009117,0.7399919704116439,Train
AMAFOK_clean,6.60314,5.66314,6.60314,1.49249,870.16,583.026,0.0,0.0,0.4392,0.294274,0.0,1,0.6229351603,0.4367034324404695,Train
AMAGAX_clean,6.93247,6.0951,6.93247,1.45916,960.382,658.174,0.0,0.0,0.4598,0.315113,0.0,1,0.5729738017,0.4018182220236156,Train
AMILOY_clean,11.03089,9.17864,11.01877,1.00746,1259.05,1249.73,0.0,0.0,0.6048,0.60032,0.0,1,0.5809722024,0.361364982424439,Test
AMILUE_clean,11.39418,11.07263,11.39418,0.982365,1253.76,1276.27,0.0,0.0,0.6124,0.623394,0.0,1,0.5742368023,0.4532654343585321,Test
AMIMAL_clean,11.07211,9.50667,11.06415,0.988926,1269.07,1283.28,0.0,0.0,0.6132,0.620066,0.0,1,0.5780141075999999,0.38914596997180206,Test
AMIMEP_clean,11.21563,10.87494,11.21563,0.985981,1260.64,1278.57,0.0,0.0,0.6026,0.611168,0.0,1,0.5871281973,0.44459192710532075,Train
AMODUC_clean,8.56321,6.70069,8.56321,0.575734,2862.5,4971.91,0.0,0.0,0.7896,1.37147,0.000694765,1,0.4153215835,0.349306023597566,Train
AMOFAK_clean,8.38842,6.72694,8.33928,0.577283,2917.64,5054.09,0.0,0.0,0.7804,1.35185,0.0,1,0.4192587924,0.447728859279855,Test
AMOYOR_clean,4.82905,4.48972,4.82035,1.16972,759.125,648.979,0.0,0.0,0.4596,0.392914,0.0,0,0.5797878628,0.5990093759838984,Train
AMUFOF_clean,5.11388,4.36379,5.09892,1.34461,989.368,735.801,0.0,0.0,0.4928,0.366499,0.0,1,0.3625415413,0.620503035271134,Train
AMUPOP_clean,4.74814,3.78436,4.74702,1.30283,544.632,418.038,0.0,0.0,0.4486,0.344328,0.0,1,0.7964208026999999,0.6277184064978322,Train
AMUWIP_charged,9.98598,8.78636,9.98598,0.771567,2426.54,3144.95,0.0,0.0,0.7126,0.923575,0.0,0,0.4412216214,0.5549898370709361,Train
AMUWUB_clean,10.40349,8.69532,10.40349,0.914151,1431.03,1565.42,0.0,0.0,0.6498,0.710823,0.0,1,0.2082572580999999,0.31401588181841705,Train
AMUXAI_clean,8.64297,7.79614,8.57936,1.02442,1402.26,1368.83,0.421846,0.411789,0.5964,0.582182,0.0,1,0.1920041159,0.32343278334023184,Train
ANAWIX_clean,5.45667,5.01969,5.45432,1.52823,1486.52,972.705,0.0,0.0,0.5628,0.368269,0.0,1,0.5309674266,0.44654505420730234,Train
ANAWOD_clean,6.92762,6.10595,6.92762,1.43826,1562.19,1086.17,0.0,0.0,0.5924,0.411885,0.0,0,0.6447397229,0.5656967418378598,Test
ANEHEI_clean,6.80985,3.50032,6.5431,1.23995,1316.98,1062.12,0.0,0.0,0.5484,0.442274,0.0,1,0.5759399332,0.8216063169667212,Test
ANENEN_clean,6.01479,4.21811,6.00446,1.32355,832.511,628.996,0.0,0.0,0.48,0.36266,0.0,1,0.4031941309,0.4198545922508221,Train
ANENIR_clean,6.14773,4.26664,6.04871,1.32991,783.463,589.11,0.0,0.0,0.4684,0.352204,0.0,1,0.3958521292,0.3588255520120899,Train
ANIDIL_clean,5.09322,4.44244,5.09322,1.49981,585.282,390.237,0.0,0.0,0.4068,0.271234,0.0,0,0.2109508121,0.48960765338067747,Test
ANOMUM_clean,7.28969,4.98752,7.24267,0.833729,2493.01,2990.19,0.0,0.0,0.6952,0.833844,0.0,1,0.6932144505,0.6473194010120997,Train
ANONAT_manual,7.80429,5.88473,7.80429,0.800823,2311.14,2885.95,0.0,0.0,0.6928,0.86511,0.0,1,0.6087457893,0.5697900224982403,Train
ANUGEW_clean,14.4419,10.2051,14.4419,0.443469,2088.1,4708.57,0.0,0.0,0.8326,1.87747,0.0,1,0.3955979059,0.43798445143008846,Test
ANUGIA_clean,13.85309,6.75838,13.85309,0.567973,2306.32,4060.62,0.0,0.0,0.7948,1.39936,0.0,1,0.4490510431,0.4888176633014333,Train
ANUGOG_clean,11.39005,7.08849,11.39005,0.58467,2472.03,4228.07,0.0,0.0,0.7898,1.35085,0.0,1,0.4941429768,0.45574949885925053,Train
APACAX_clean,5.65344,4.07573,5.64183,1.00727,1776.16,1763.34,0.75218,0.746751,0.6264,0.621879,0.0,1,1.2469250228,0.9773454381824074,Train
APARAM_clean,12.00094,11.06312,12.00094,0.965457,1025.27,1061.95,99.7383,103.307,0.6016,0.623124,0.0,0,0.6856607712999999,0.696236999283572,Train
APAYIB_clean,5.96805,4.21212,5.96805,1.10941,2139.9,1928.86,0.0,0.0,0.6164,0.555611,0.0,1,0.8705696982,0.7993729086791241,Train
APAYOH_clean,6.13125,4.32559,6.13125,1.11146,2186.88,1967.56,0.0,0.0,0.6078,0.546846,0.0,1,0.8304007084,0.7644732620749044,Train
APAYUN_clean,6.02417,4.10555,6.02138,1.04671,2066.79,1974.55,0.0,0.0,0.6206,0.592904,0.0,1,0.7803822887,0.865812996255354,Train
APAZAU_clean,6.57194,4.51844,6.57194,0.970314,2263.88,2333.14,0.0,0.0,0.6264,0.645564,0.0,1,0.7805595359,0.7676986924419963,Train
APAZEY_clean,6.61049,4.70522,6.61049,0.97171,2250.82,2316.35,0.0,0.0,0.6362,0.654722,0.0,1,0.7382743726000001,0.7518155520429378,Train
APAZIC_clean,7.1095,4.86225,7.1095,0.893607,2183.36,2443.31,0.0,0.0,0.6554,0.733432,0.0,1,0.6825245255,0.5853770019478394,Test
APAZOI_clean,6.38612,4.28228,6.36726,1.14648,2047.77,1786.13,0.0,0.0,0.6026,0.525607,0.0,1,0.7311187372,0.6844778735929267,Train
APEBED_clean,4.58202,3.62787,4.5574,1.65192,481.079,291.224,0.0,0.0,0.4828,0.292266,0.0,1,0.8230745503,0.31103650950802625,Test
APEBEE_clean,5.40727,4.06272,5.33928,1.31041,1192.91,910.333,0.0,0.0,0.513,0.391481,0.0,1,0.7733708071,0.7514785213227789,Train
APEBUU_clean,4.93858,3.80274,4.91529,1.49581,927.0,619.731,0.0,0.0,0.4876,0.325977,0.0,1,0.4182925389,0.4661050602946112,Train
AQEQES_clean,5.6853,5.37606,5.64875,1.07587,1742.46,1619.58,0.0,0.0,0.6052,0.56252,0.0,0,0.6831022319,0.7519521605228292,Test
AQEQIW_clean,6.30636,5.13016,6.19765,1.10057,1724.95,1567.33,0.0,0.0,0.6202,0.563526,0.0,0,0.8195608602,0.6578742092983698,Test
AQIQAU_clean,7.60741,6.30843,7.59214,0.861714,1966.86,2282.5,0.0,0.0,0.658,0.763595,0.0,1,0.4843770434,0.5103486258003683,Test
AQIXUV_clean,8.64919,5.459,8.64919,0.934501,1104.45,1181.86,0.0,0.0,0.5626,0.602032,0.0,1,0.2305671451,0.39606486542606656,Test
AQOLEZ_clean,15.56875,9.80847,15.56875,0.777237,1278.3,1644.67,443.796,570.991,0.7198,0.926101,0.0,1,0.6418592159000001,0.561640003618602,Train
AQOLID_clean,15.46142,7.44821,15.40352,1.15975,1222.53,1054.13,396.899,342.228,0.6494,0.559948,0.0,1,0.5542660454999999,0.60731207727573,Train
AQOLUP_clean,15.5822,9.65924,15.5822,0.788284,1287.18,1632.89,417.804,530.017,0.712,0.903228,0.0,1,0.6324084231,0.5749973162444729,Test
AQOMAW_clean,15.65949,6.23259,15.65949,1.14479,1297.32,1133.23,389.885,340.573,0.648,0.566042,0.0,1,0.5313695127,0.5751827727656921,Train
AQOMEA01_clean,15.71951,9.72839,15.71951,0.76692,1281.45,1670.9,425.267,554.513,0.7184,0.936734,0.0,1,0.5946184183,0.5889413625573492,Test
AQOMEA_clean,15.83521,9.82464,15.8304,0.749306,1274.9,1701.44,431.482,575.842,0.7222,0.963826,0.0,1,0.5779259896,0.5874525922208906,Test
AQUCOF_clean,9.38154,5.59471,9.38154,1.04219,1955.75,1876.59,0.0,0.0,0.6824,0.654777,0.0,1,0.3012366015,0.40848583938908894,Train
AQUCOG_clean,11.41407,10.59979,11.41389,1.19971,1576.67,1314.22,0.0,0.0,0.6588,0.549134,0.0,1,0.3331943203,0.3598580574857535,Test
AQUCUM_clean,11.51533,10.7235,11.51515,1.1988,1578.94,1317.1,0.0,0.0,0.662,0.55222,0.0,1,0.3438556182,0.3649766636908703,Train
AQUDAS_clean,9.38408,5.62446,8.32943,1.03958,1962.23,1887.52,0.0,0.0,0.6752,0.649493,0.0,1,0.2970868994,0.4220054909846115,Test
AQUDAT_clean,3.98099,3.46811,3.98099,1.656,229.295,138.463,0.0,0.0,0.3916,0.236474,0.0,1,0.3757717971,0.30786240375067997,Test
AQUDEX_clean,4.02336,3.48999,4.02336,1.64794,245.164,148.77,0.0,0.0,0.3954,0.239936,0.0,1,0.4088730553,0.32579488988491134,Train
AQUDIB_clean,11.3608,10.54479,11.3608,1.19943,1577.62,1315.3,0.0,0.0,0.659,0.549427,0.0,1,0.3300686115,0.3604397444019544,Train
AQUDOH_clean,4.03231,3.46877,4.03231,1.63524,245.521,150.143,0.0,0.0,0.397,0.242778,0.0,1,0.3952031457,0.3176101599247713,Train
ARADEE_clean,5.98273,5.3868,5.98273,1.18176,2613.25,2211.32,0.0,0.0,0.645,0.545797,0.0,1,0.5657262348,0.6291666608617223,Test
ARAFEF_clean,8.89536,8.62816,8.89536,0.837745,1861.72,2222.3,0.0,0.0,0.6918,0.825789,0.0,1,0.4913895056,0.45975250012594576,Train
ARAFIJ_clean,7.45121,6.98768,7.45121,0.945343,1746.6,1847.59,0.0,0.0,0.6538,0.691601,0.0,1,0.5373595295,0.48417928614647254,Train
ARAFOP_clean,5.6675,5.04419,5.6675,1.1688,1345.58,1151.25,0.0,0.0,0.5694,0.487165,0.0,1,0.565317403,0.6590552902216176,Test
ARAGOR_clean,6.01834,3.95176,6.01834,1.15627,1427.45,1234.53,0.0,0.0,0.5724,0.49504,0.0,1,0.6024947496,0.7470525001605588,Train
ARINOF_clean,4.65727,3.54074,4.65727,1.16089,773.093,665.951,0.0,0.0,0.4696,0.404519,0.0,0,0.5620206843,0.7460526882627633,Train
ARINUL_clean,4.74057,3.91438,4.73173,1.12547,612.424,544.15,0.0,0.0,0.4952,0.439995,0.0,0,0.5242733203,0.6014991240841753,Train
AROFAP_clean,6.18036,4.30595,6.18036,1.16997,1430.3,1222.5,0.0,0.0,0.575,0.491464,0.0,1,1.0157409328,0.7842637034932309,Train
AROFET_clean,8.28593,5.15676,8.15353,0.856166,2227.42,2601.62,0.0,0.0,0.6884,0.804049,0.0,1,0.4785646014,0.5416977579586623,Train
ARUYES_clean,5.37817,4.58095,5.37264,1.47856,1357.43,918.075,0.0,0.0,0.5162,0.349122,0.0,1,0.7617484686,0.6364793323656357,Test
ARUYUH01_clean,4.94052,4.11721,4.9348,1.67517,1504.56,898.154,0.0,0.0,0.6094,0.363784,0.0,0,1.0652037941,0.7002396252001928,Test
ARUYUH_clean,4.6223,3.84632,4.60163,1.67938,1300.59,774.446,0.0,0.0,0.5928,0.352987,0.0,0,0.8984217620999999,0.8470073821660224,Test
ASACON_clean,6.42024,5.0837,6.41252,1.7783,988.209,555.703,0.0,0.0,0.4528,0.254625,0.0,1,0.4942070128,0.36749338152586664,Test
ASADAA_clean,5.76705,4.61254,5.76705,1.521,1240.97,815.894,0.0,0.0,0.5144,0.338199,0.0,0,0.4166517382999999,0.7211074525008924,Test
ASAHEJ_clean,7.58274,6.68199,7.16375,2.10294,1485.76,706.516,0.0,0.0,0.5748,0.273331,0.0,1,0.0945606664,0.2883944788900985,Test
ASECUY_clean,6.38635,5.15151,6.24805,1.43745,1124.79,782.485,0.0,0.0,0.5026,0.349646,0.0,1,0.2808304539,0.47813305087561486,Train
ASEJOZ01_clean,4.14952,3.66327,4.14952,1.74866,569.673,325.777,0.0,0.0,0.506,0.289365,0.0,1,0.2102986304,0.2689008729462285,Train
ASEJOZ_clean,4.13262,3.6686,4.1292,1.75655,575.771,327.784,0.0,0.0,0.5006,0.28499,0.0,1,0.2126837289,0.3630513526435968,Test
ASINAT_clean,9.7655,7.73483,9.74652,0.727417,1863.77,2562.17,0.0,0.0,0.6748,0.927666,0.0,1,0.5152392367,0.43906668600566523,Train
ASINEX_clean,12.53569,7.27061,12.47881,0.659976,1848.81,2801.34,0.0,0.0,0.7014,1.06277,0.0,1,0.4677972347999999,0.48297705830463644,Train
ASINIB_clean,12.40052,7.22634,12.40052,0.666065,1847.56,2773.85,0.0,0.0,0.713,1.07047,0.0,1,0.4595712543,0.44029752768864133,Test
ASIQEA_clean,8.85063,6.25728,8.83155,0.902561,1517.6,1681.44,0.0,0.0,0.6232,0.69048,0.0,1,0.4148488540999999,0.46724672081082685,Test
ASIQIE_clean,9.00205,6.2555,8.99942,0.893575,1516.45,1697.06,0.0,0.0,0.6152,0.688471,0.0,1,0.4138401164,0.487977988904948,Train
ASIVAB_clean,12.32132,7.27063,11.94622,0.538243,2328.12,4325.4,0.0,0.0,0.795,1.47703,0.0,1,0.4112732206,0.4238139520085241,Train
ASOHUL_clean,6.56282,6.27917,6.55848,1.03902,1614.33,1553.7,0.0,0.0,0.6152,0.592095,0.0,0,0.3732748890999999,0.5523549831240282,Train
ASOSUY_clean,9.00116,4.32918,8.7971,0.897328,2289.34,2551.28,0.0,0.0,0.6734,0.75045,0.0,1,0.8311722825,0.6533387269184414,Train
ASOVEL_clean,5.72633,5.3133,5.71091,1.03379,949.896,918.849,0.0,0.0,0.495,0.478821,0.0,1,0.4907128645,0.6322567834876492,Test
ASOYOY_clean,9.52144,5.9183,9.51707,0.828676,2119.74,2557.99,0.0,0.0,0.6796,0.820103,0.0,1,0.5140033925,0.6301311279575735,Test
ASUBIB_clean,6.13583,4.25508,6.12102,1.52116,1472.07,967.73,0.0,0.0,0.532,0.349733,0.0,1,0.6664804293,0.5724395283033473,Train
ASUKEE01_clean,4.79531,3.45398,4.78239,1.18884,601.717,506.139,0.156486,0.131629,0.504,0.423944,0.0,1,0.7084285233,0.5459754430238686,Test
ASUKEE_clean,4.78914,3.45844,4.64139,1.18597,613.731,517.491,0.198684,0.167528,0.5058,0.426485,0.0,1,0.7142205643,0.6364632573766896,Train
ASUWUI_clean,7.16113,4.73321,7.10699,1.15085,1085.85,943.517,0.0,0.0,0.5382,0.467654,0.0,1,0.4930432633,0.3767139837728106,Train
ATAFIK_clean,6.40025,5.70377,6.3929,1.21508,2093.15,1722.65,0.0,0.0,0.6392,0.526057,0.0,1,0.6139524796,0.5773424955343336,Train
ATAYAX_clean,10.41989,5.8507,10.41891,0.781859,2402.26,3072.5,0.0,0.0,0.7182,0.91858,0.0,1,0.692149516,0.624044579175846,Train
ATAYEB_clean,10.54748,5.75428,10.54661,0.825883,2349.73,2845.11,0.0,0.0,0.7048,0.853389,0.0,1,0.6382207154,0.6892834373010842,Train
ATEYED_clean,7.47545,6.2198,7.47545,0.467817,3303.45,7061.42,0.0,0.0,0.7762,1.6592,0.0,1,0.497851175,0.38407130597989236,Test
ATEYOP_clean,10.52737,8.16815,10.52737,0.722386,2397.76,3319.23,0.0,0.0,0.744,1.02992,0.0,1,0.6071078349,0.5276089344311178,Train
ATEYUV_clean,10.25531,8.1108,10.25531,0.751133,2430.54,3235.83,0.0,0.0,0.7324,0.975061,0.0,1,0.6548034527000001,0.5449955769357943,Train
ATEZAC_clean,10.53968,7.74023,10.53968,0.687634,2293.89,3335.91,0.0,0.0,0.7586,1.1032,0.0,1,0.4884815581,0.46342847528729925,Train
ATIBAG_clean,4.88713,3.88543,4.88713,1.64828,882.041,535.129,0.0,0.0,0.4606,0.279443,0.0,0,0.246016405,0.3781790451915946,Train
ATIBOU01_clean,5.12784,4.01813,5.11026,1.59271,1003.99,630.367,0.0,0.0,0.4816,0.302377,0.0,0,0.244189756,0.4019204474179248,Train
ATIBOU02_clean,5.13844,4.03284,5.13064,1.58929,1001.62,630.232,0.0,0.0,0.4764,0.299756,0.0,0,0.2422385628,0.4219018274806864,Train
ATIBOU_clean,4.75824,3.95303,4.75824,1.66268,883.495,531.369,0.0,0.0,0.4562,0.274376,0.0,0,0.2534603189,0.4543040085096843,Train
ATIBUA_clean,4.92972,3.79229,4.92858,1.6758,825.852,492.811,0.0,0.0,0.4524,0.269961,0.0,0,0.2489048735,0.4216121572312068,Train
ATICAH_clean,5.2478,3.97372,5.19698,1.59515,971.718,609.171,0.0,0.0,0.4788,0.30016,0.0,0,0.2398578516,0.46245207275466893,Train
ATICEL_clean,4.9438,3.91943,4.9438,1.60993,940.703,584.311,0.0,0.0,0.4708,0.292434,0.0,0,0.2335619802,0.3638265129962551,Test
ATIJUJ_manual,17.44029,16.95439,17.44029,0.753394,1262.36,1675.56,0.0,0.0,0.7098,0.942136,0.0,1,0.138628596,0.25400246928068443,Train
ATIRUS_clean,4.46122,3.66446,4.46122,2.04969,327.839,159.946,0.0,0.0,0.4254,0.207544,0.0,1,0.0646250199,0.17357436185476327,Train
ATIXAE_clean,6.03489,5.11879,6.02804,1.08037,1988.86,1840.92,0.0,0.0,0.5946,0.550369,0.0,1,0.4894619995,0.6654065625569059,Train
ATIXUX_clean,4.75983,4.08689,4.75983,1.55048,933.775,602.248,10.5817,6.82478,0.5034,0.324673,0.0,0,0.8385089676,0.7108345655496848,Train
ATOGEV_clean,5.55487,4.3075,5.55487,1.61783,1414.83,874.522,0.0,0.0,0.6026,0.372475,0.0,0,0.7124419508,0.6938410359890879,Train
ATOWIQ_clean,9.54888,7.69493,9.54888,0.866747,1781.33,2055.19,0.0,0.0,0.6812,0.785928,0.0,1,0.4745686618999999,0.3919647239000347,Train
ATOWOW_clean,9.60606,7.73922,9.60387,0.865497,1776.39,2052.45,0.0,0.0,0.6816,0.787524,0.0,1,0.4603758564,0.3897417199707933,Train
ATULIM_clean,4.7399,4.20115,4.72096,1.75805,590.761,336.032,0.0,0.0,0.3948,0.224567,0.0,0,0.6556195224,0.7562575667568752,Train
ATUXIY_clean,5.42434,3.78722,5.41357,1.56042,1520.84,974.637,0.0,0.0,0.5342,0.342345,0.0,1,0.7654018736,0.5636326962155783,Train
AVAGIP_clean,4.84155,4.68679,4.83529,1.40449,799.444,569.206,0.0,0.0,0.4578,0.325955,0.0,1,0.284312288,0.44308528579678114,Train
AVAGOV_clean,4.8139,4.57423,4.8139,1.40471,790.723,562.91,0.0,0.0,0.4598,0.327328,0.0,1,0.3101258004,0.45641861779843473,Train
AVAGUB_clean,4.77305,4.26622,4.76857,1.33788,1125.79,841.477,0.0,0.0,0.484,0.361768,0.0,1,0.2708150766,0.8557293903777636,Test
AVAJUE_clean,37.52571,19.54108,37.52571,0.164116,999.284,6088.87,0.0,0.0,0.9304,5.66915,0.0,1,0.5114152716,0.466376954709998,Train
AVAKAL_clean,26.25291,12.57512,26.25291,0.207415,1259.45,6072.13,0.0,0.0,0.913,4.40181,0.0,1,0.4611305173,0.45091034358400045,Train
AVAKEP_clean,25.17564,12.49369,25.17564,0.244994,1420.93,5799.87,0.0,0.0,0.8902,3.63356,0.0,1,0.4700391264,0.4591133625211985,Test
AVAQIX01_clean,5.36267,3.61603,5.3498,1.32796,1049.23,790.108,0.0,0.0,0.535,0.402873,0.0,1,1.2641845277,0.9218590114961123,Train
AVAQIX_clean,5.44587,3.64311,5.44587,1.30707,1099.34,841.068,0.0,0.0,0.5528,0.42293,0.0,1,1.2085631425,0.8267503742754245,Train
AVEHAM_clean,4.51878,3.91316,4.51878,1.20992,526.263,434.955,0.0,0.0,0.4704,0.388785,0.0,0,0.4678122606,0.5429396510220582,Test
AVELOD_clean,8.08398,4.98141,8.08398,0.915242,1686.35,1842.51,0.0,0.0,0.6036,0.659498,0.0,1,0.3836619393,0.4985817380892762,Train
AVELUJ_clean,8.10638,4.88927,8.10638,0.902679,1696.47,1879.38,0.0,0.0,0.605,0.670227,0.0,1,0.4094892639999999,0.5112969392916671,Train
AVEMAQ_clean,7.89565,4.97897,7.87662,0.907269,1685.58,1857.86,0.0,0.0,0.6116,0.674111,0.0,1,0.3730480849,0.5098701313397966,Train
AVEQID_clean,7.54994,6.22752,7.22874,0.801255,2259.4,2819.83,0.0,0.0,0.702,0.876126,0.0,1,0.6014112191,0.5423005189964012,Train
AVESOL_clean,5.87217,4.28231,5.84929,0.954537,2386.36,2500.02,0.0,0.0,0.6616,0.693111,0.0,1,1.2625643008,0.7599179954480857,Train
AVESUR_clean,6.33732,4.06042,6.33561,1.18458,2288.74,1932.12,0.0,0.0,0.6222,0.525251,0.0,1,0.7101486201,0.7580232643593402,Train
AVETEC_clean,5.69318,3.49916,5.67679,1.19478,1755.51,1469.31,2.63176,2.20271,0.6268,0.524615,0.0,0,1.1654493802,1.112269027528228,Train
AVEVEE_clean,4.17515,3.43562,4.17515,1.60472,795.582,495.775,0.0,0.0,0.4962,0.309212,0.0,0,0.5758690294,0.5412071646957228,Train
AVIHIY_clean,6.88379,6.45442,6.88379,1.62124,1571.08,969.06,0.0,0.0,0.5722,0.35294,0.0,0,0.5131032102,0.5702430904601167,Train
AVIHOE_clean,6.82367,6.45553,6.82367,1.66276,1569.85,944.123,0.0,0.0,0.5622,0.338112,0.0,0,0.5259055679,0.5995269880700053,Test
AVILEY_clean,25.42698,10.76844,22.57889,0.654082,1604.18,2452.57,0.0,0.0,0.8422,1.28761,0.0,1,0.232506108,0.37427947279377427,Test
AVIMIC_clean,5.83174,5.68454,5.8285,1.51867,600.182,395.202,0.0,0.0,0.4036,0.265759,0.0,0,0.2638856972,0.3144929813259639,Train
AVIMOI_clean,5.73292,4.38571,5.54624,1.22616,1137.64,927.807,0.0,0.0,0.5176,0.422132,0.0,1,0.9538319791,0.7615292301838817,Train
AVIMUO_clean,5.70679,3.6399,5.68672,1.24095,795.076,640.701,0.0545715,0.0439757,0.4934,0.397599,0.0,1,0.5476944807999999,0.5884791467376468,Train
AVIPAX_clean,7.26399,5.25081,7.26386,0.96381,1855.66,1925.33,0.0,0.0,0.5882,0.610286,0.0,1,0.7905758547,0.7027650499667808,Train
AVIPOL_clean,6.57451,5.5873,6.57451,0.939158,1727.44,1839.35,0.0,0.0,0.604,0.64313,0.0,1,0.7286908961,0.6600776646148623,Test
AVITUU_clean,11.69294,6.93274,11.69294,0.710904,1782.6,2507.52,25.4741,35.8333,0.6994,0.983817,0.0,0,0.6740246617,0.48272602483577887,Test
AVIVAC_clean,11.84006,7.39815,11.84006,0.73653,1721.91,2337.87,62.4247,84.7552,0.713,0.968053,0.0,1,0.6170249136,0.563551713374057,Train
AVIVEG_clean,11.84801,7.36492,11.84801,0.733043,1723.96,2351.79,66.007,90.0452,0.716,0.97675,0.0,1,0.6183505629,0.5797293075734092,Test
AVIVIK_clean,11.79938,6.70311,11.79938,0.734288,1705.89,2323.19,141.576,192.807,0.7142,0.972643,0.0,1,0.6144017208,0.6686099848622886,Train
AVIVOQ_clean,11.94166,7.13512,11.94166,0.709142,1885.38,2658.68,0.0,0.0,0.7218,1.01785,0.0,1,0.6081669536,0.4960050709795882,Train
AVIVUW_clean,12.04076,6.91892,12.04076,0.729779,1690.09,2315.89,127.81,175.136,0.7162,0.981393,0.0,1,0.6004847461,0.687731077968688,Test
AVOSIO_charged,10.84161,9.61852,10.84161,1.06031,1178.11,1111.1,0.0,0.0,0.5728,0.540219,0.0,1,0.1293280858,0.24601356343003994,Train
AVUCEA_clean,10.64181,4.52481,5.22943,0.89363,2280.68,2552.15,0.0,0.0,0.6776,0.758256,0.0,1,0.7014657056,0.7558143447761414,Train
AVUDAX_clean,5.88567,3.71625,5.47513,0.998153,1603.89,1606.86,0.0,0.0,0.5746,0.575663,0.0,1,0.4593552288,0.8068343887792266,Test
AWAGEL_clean,8.54501,7.28684,8.54501,0.99094,1266.94,1278.53,0.0,0.0,0.599,0.604476,0.0,1,0.3314706352,0.3933873476126412,Train
AWAGOV_clean,8.03493,4.40002,8.02722,1.14872,740.321,644.475,67.7082,58.9423,0.4848,0.422035,0.0,1,0.4734496492,0.31676735090886715,Train
AWAHEM_clean,7.6574,4.85724,7.65488,2.1582,1774.85,822.374,0.0,0.0,0.6144,0.284682,0.0,1,0.1318239511999999,0.06892739490028404,Train
AWAKEQ_clean,5.66517,3.68033,5.65855,1.19573,631.039,527.745,0.0,0.0,0.5032,0.420832,0.0,1,0.2848395426,0.3826985762291661,Test
AWASAU_clean,4.69319,4.39635,4.67513,2.36864,953.131,402.396,0.0,0.0,0.479,0.202226,0.0,1,0.2170704627,0.36683650908378307,Train
AWASEY_clean,12.05091,7.26209,12.03698,1.15771,1906.22,1646.54,0.0,0.0,0.7186,0.620707,0.0,1,0.1482440852,0.20280209256145554,Train
AWASOI_clean,5.09655,4.11557,4.6794,2.36169,945.621,400.401,0.0,0.0,0.4824,0.204261,0.0,1,0.2083875455999999,0.43878916875600693,Test
AWAWUR_clean,9.42427,4.27216,9.42427,0.982453,1582.3,1610.56,0.0,0.0,0.6066,0.617434,0.0,1,0.52256854,0.5503878720170527,Test
AWEDOW_charged,7.01648,4.5072,7.00016,1.06034,990.362,934.006,20.3226,19.1662,0.555,0.523418,0.0,0,0.340388181,0.41027905682840105,Train
AWEGEP_clean,6.08144,3.63724,6.07038,2.1577,1410.66,653.78,0.0,0.0,0.573,0.265561,0.0,1,0.1397719851,0.23995122682733644,Test
AWEJIW_clean,10.88001,10.50387,10.88001,1.19375,1315.8,1102.24,0.0,0.0,0.6004,0.502953,0.0,1,0.5126053305,0.36635612391087885,Train
AWEVIJ_clean,10.6197,8.65931,10.61387,0.747212,1607.37,2151.16,0.0,0.0,0.6408,0.857588,0.0,1,0.6664494236,0.5620951247170684,Train
AWEZOS01_clean,5.84706,3.42755,5.84706,1.53516,287.064,186.993,30.7793,20.0495,0.4222,0.27502,0.0,1,0.1440879281,0.19326684835255797,Train
AWEZOS_clean,5.8274,3.41984,5.8274,1.53516,283.608,184.741,30.6343,19.9551,0.4216,0.274629,0.0,1,0.1427994274,0.16785921080400917,Test
AWIBAK_clean,5.84822,3.40416,5.84822,1.53516,287.757,187.444,30.381,19.7901,0.4208,0.274108,0.0,1,0.1298685366,0.16672064721482127,Train
AWIBAL_clean,4.9496,4.4506,4.9496,1.68807,1040.45,616.352,0.0,0.0,0.482,0.285533,0.0,1,0.7567684083,0.4204234956085463,Test
AWIBEO_clean,5.87793,3.52185,5.87695,1.56801,309.299,197.256,17.3334,11.0544,0.4132,0.263519,0.0,1,0.0999314759999999,0.11927459663258705,Train
AWIBIS_clean,5.87895,3.53481,5.87895,1.56101,324.784,208.06,18.8769,12.0927,0.4176,0.267519,0.0,1,0.1176654707,0.1298936083709531,Train
AWOFOI_clean,5.44554,4.19244,5.4181,1.31908,2093.99,1587.46,0.0,0.0,0.5974,0.452892,0.0,1,0.6222507335,0.6536740725865124,Train
AWUPAL_clean,18.42063,9.23563,18.42063,0.348553,1743.14,5001.08,0.0,0.0,0.8538,2.44956,0.0,1,0.4440777196,0.4126210561873019,Test
AXAFAG_clean,6.59817,6.13172,6.59498,2.82524,1689.3,597.93,0.0,0.0,0.606,0.214495,0.0,1,0.1228428434,0.16226100570021518,Test
AXIMUP_clean,8.06476,5.62993,7.88344,0.749362,2380.21,3176.31,0.0,0.0,0.7064,0.942669,0.0,1,0.4285307990999999,0.5872399865804265,Train
AXINAX01_clean,19.47488,13.27772,19.47462,0.402001,1509.07,3753.89,0.0,0.0,0.8346,2.07611,0.0,1,0.4444447708,0.4015765173258294,Train
AXINEA_clean,5.37744,3.53202,5.37744,1.38918,653.213,470.214,0.0,0.0,0.4478,0.322348,0.0,0,0.4723034440999999,0.643212119219952,Test
AXINIF_clean,9.6188,8.65235,9.60052,0.750661,2213.56,2948.81,0.0,0.0,0.6692,0.891481,0.0,1,0.6479584839,0.649201073963584,Train
AXIPEE01_clean,6.81111,4.3641,6.75959,1.50078,1988.24,1324.81,0.0,0.0,0.6082,0.405257,0.0,1,0.3107634116,0.3995061648630156,Train
AXIPEE02_clean,6.48792,4.04495,6.46524,1.63435,1656.81,1013.74,0.0,0.0,0.5904,0.361245,0.0,1,0.3237818564999999,0.3403214737023088,Train
AXIPEE03_clean,6.5428,4.0805,6.53621,1.61298,1706.94,1058.25,0.0,0.0,0.59,0.365782,0.0,1,0.3244314901,0.3283421497822933,Test
AXIPEE_clean,6.41608,3.94175,6.40902,1.68088,1551.99,923.32,0.0,0.0,0.574,0.341488,0.0,1,0.3361923026,0.3572391039405868,Test
AXUBAW_manual,14.24572,5.52422,14.23389,0.741721,1799.0,2425.44,0.0,0.0,0.7126,0.960739,0.0,0,0.3224549981,0.42500544206707,Train
AXUBOL_clean,7.85983,4.2994,7.19513,1.05112,1083.88,1031.17,529.841,504.074,0.6054,0.575959,0.0,0,0.713192811,0.9550242155670003,Test
AXUHAD_clean,9.91084,4.94321,9.90364,0.792408,1603.43,2023.49,0.0,0.0,0.6302,0.795297,0.0,1,0.400080087,0.42829724173519146,Test
AXUHEH_clean,7.21454,5.63203,7.19196,1.06453,1024.66,962.545,0.0,0.0,0.4958,0.465746,0.0,1,0.490165825,0.46698493402042385,Train
AYOQEM_clean,12.16451,6.87343,12.16451,0.774775,2322.28,2997.35,0.0,0.0,0.7066,0.912006,0.0,1,0.4583347224,0.6431712278154612,Train
AYOXUJ_clean,6.31092,5.4451,6.31092,1.11362,828.348,743.833,0.0,0.0,0.4926,0.442341,0.0,1,0.1657580169,0.2932902536211541,Test
AYUJIP_clean,12.69936,7.89199,12.69936,1.08786,1666.19,1531.63,0.0,0.0,0.6204,0.570296,0.0,1,0.4303697734,0.5806697549732905,Test
AZAFIS_clean,4.56554,4.01347,4.56554,1.5219,1198.03,787.192,0.0,0.0,0.5324,0.349826,0.0,1,0.7373398029000001,0.6119007826117359,Train
AZAVOO_clean,5.27678,3.99297,4.86471,1.01321,1059.99,1046.17,0.0,0.0,0.5368,0.529802,0.0,1,1.1516273406,0.9168263034956694,Train
AZAVUU_clean,5.48228,4.93668,5.47166,1.18498,1132.58,955.777,0.0,0.0,0.5306,0.44777,0.0,1,0.9223547246,0.7929380002305735,Train
AZAWAB_clean,5.65614,4.89759,5.3467,1.11309,1245.12,1118.62,0.0,0.0,0.5586,0.501848,0.0,1,0.8035872607,0.6941523062333729,Train
AZEBUE_clean,5.44142,4.51467,5.32983,1.81828,1092.81,601.015,0.0,0.0,0.5076,0.279165,0.0,1,0.6914165867000001,0.5897634807518314,Train
AZEWEH_clean,4.13891,3.52594,4.05476,2.44574,369.977,151.274,133.125,54.4315,0.4542,0.185711,0.0,1,0.4311629841,0.5455652726043235,Train
AZIVAI_clean,7.0547,5.80911,7.0547,0.682418,2610.44,3825.28,0.0,0.0,0.715,1.04774,0.0,1,0.6038397122,0.5126899892420117,Train
AZIXUD_clean,5.99991,4.88169,5.99991,1.10463,1885.15,1706.59,0.0,0.0,0.6184,0.559825,0.0,1,0.6744492973999999,0.6396811687531097,Train
BACGAQ_clean,5.16583,4.20229,5.16583,1.16624,909.575,779.923,0.0,0.0,0.5142,0.440905,0.0,0,0.5840026993,0.7789769052744198,Train
BADYAJ_clean,8.60576,7.13629,8.60576,0.984728,1990.18,2021.04,0.0,0.0,0.6528,0.662924,0.0,0,0.3682198345,0.5390809304002373,Train
BAEDTA01_clean,5.34617,4.27166,5.33175,2.14248,360.006,168.032,116.013,54.1487,0.3902,0.182125,0.0,1,0.3941761136,0.31200978315147754,Train
BAFHAU_clean,9.02635,7.37185,9.02635,0.858551,2348.05,2734.89,0.0,0.0,0.738,0.859588,0.0,0,0.1563830447,0.3769491355482922,Train
BAKGIF_manual,7.54763,6.30914,7.54763,1.01674,1528.77,1503.6,0.0,0.0,0.6098,0.599757,0.0,0,0.3641995209,0.6551526046630162,Train
BAKJEE_clean,6.44764,5.41267,6.44764,0.918977,2207.44,2402.06,0.0,0.0,0.6406,0.69708,0.0,1,0.7104071888,0.7042482445158027,Train
BAKJII_clean,6.19215,5.21845,6.19129,0.959339,2059.17,2146.44,0.0,0.0,0.6236,0.650031,0.0,0,0.8972606093000001,0.9254368399099184,Test
BAKJOO_clean,7.70901,5.72948,7.70901,1.0049,1743.18,1734.69,0.0,0.0,0.6112,0.608223,0.0,1,0.5677859434,0.5461989605981711,Train
BAKYOE_clean,7.11646,6.19226,7.11412,1.03097,1502.21,1457.08,0.0,0.0,0.5848,0.56723,0.0,0,0.7206001917,0.7444011032466404,Train
BAMKIM_clean,6.79615,5.75134,6.79615,1.10764,1482.92,1338.8,0.0,0.0,0.5666,0.511536,0.0,1,0.2656164565,0.5396748217119591,Train
BAMKOS_clean,6.76349,5.81846,6.76349,1.11335,1511.81,1357.89,0.0,0.0,0.5736,0.515203,0.0,1,0.2902103386,0.5458116811502294,Test
BANMAG_clean,8.68497,7.44113,8.68497,1.37401,1122.97,817.297,0.0,0.0,0.5786,0.421103,0.0,1,0.0906100136,0.0926173408417913,Train
BAPDAA_clean,12.36039,11.54677,12.35976,1.38142,1564.69,1132.67,0.0,0.0,0.6892,0.498906,0.0,1,0.2714876129,0.2457356215388179,Test
BAQWIC_clean,8.02487,5.97028,8.01109,1.63849,1438.26,877.793,0.0,0.0,0.5894,0.359721,0.0,1,0.1227592377,0.20773434475699476,Train
BARZOL_charged,5.89133,3.41747,5.84885,1.46073,288.84,197.737,148.923,101.951,0.4446,0.304368,0.0,1,0.794999004,0.6443666012760936,Train
BARZUR_clean,5.4946,5.30289,5.4946,0.925783,1729.65,1868.31,0.0,0.0,0.6062,0.654797,0.0,1,1.0032759225,0.8357651077382353,Train
BASJUB_clean,5.47244,4.59142,5.38091,1.03022,1558.36,1512.66,0.0,0.0,0.5602,0.54377,0.0,0,0.7200412789,0.8061676126427648,Train
BAWROI_clean,13.54985,9.13066,13.54893,0.629882,1979.75,3143.05,0.0,0.0,0.7794,1.23737,0.0,1,0.4114892692,0.4569913949903918,Train
BAWRUO_clean,7.29901,5.68693,7.29887,2.71918,1447.8,532.44,20.7388,7.62687,0.5782,0.212638,0.0,1,0.1782419532,0.15589104520967972,Train
BAXFIR01_clean,4.08461,3.48945,4.06863,1.30493,544.936,417.597,0.0,0.0,0.4766,0.36523,0.0,0,0.6524774629,0.556376652826403,Train
BAXFIR02_clean,4.03285,3.42273,4.0125,1.31623,519.268,394.513,0.0,0.0,0.474,0.360121,0.0,0,0.6836530677,0.4760954370038202,Test
BAXSIE_clean,5.31376,5.06628,5.30265,1.49933,912.911,608.879,0.0,0.0,0.437,0.291463,0.0,1,0.5938376225,0.4822471567006128,Train
BAZFUF01_clean,20.14565,8.54605,20.14565,0.342062,1831.33,5353.8,0.0,0.0,0.863,2.52293,0.0,1,0.3970383519,0.4386868150840033,Train
BAZFUF_clean,20.24597,8.58384,20.24597,0.340053,1825.41,5368.02,0.0,0.0,0.8648,2.54313,0.0,1,0.3965614095,0.43281964966210995,Train
BAZGAM_clean,42.79818,24.24061,42.79818,0.126526,810.47,6405.57,0.0,0.0,0.9392,7.42299,0.0,1,0.6044280494,0.4323256497089464,Test
BAZGEQ_clean,27.24034,13.9632,26.75245,0.334895,1602.49,4785.05,0.0,0.0,0.8624,2.57514,0.0,1,0.4436567147,0.4680085813635772,Test
BAZJET_clean,13.37019,12.10117,13.37019,0.621294,2143.77,3450.5,0.0,0.0,0.742,1.19428,0.0,1,0.5472588081,0.5396717980024105,Train
BAZJIX_clean,8.75902,7.46421,8.75317,0.770453,2094.53,2718.57,0.0,0.0,0.676,0.877405,0.0,1,0.5813459999,0.5649800198140723,Train
BEDYEQ_clean,33.05863,31.49051,33.05863,0.462445,1416.09,3062.18,0.0,0.0,0.8292,1.79308,0.000432484,1,0.4508067079,0.3267845659770987,Train
BEFGEA_manual,9.2615,6.75088,8.75247,0.652591,2421.36,3710.38,0.0,0.0,0.722,1.10636,0.0,0,0.6248738968,0.514115178802541,Train
BEFLUV_clean,5.75316,3.83896,5.75316,1.56773,551.699,351.91,132.515,84.5269,0.4868,0.310514,0.0,1,3.3271698047000005,0.3739133137596412,Test
BEFMAC_clean,5.39704,3.47321,5.39704,1.51705,1003.1,661.215,0.0,0.0,0.5144,0.339079,0.0,0,4.0131671144,2.9480888325250754,Train
BEJZAS_clean,4.75514,3.65279,4.718,1.35569,1756.76,1295.84,0.0,0.0,0.628,0.463233,0.0,0,0.6434939972,0.6464734666219594,Train
BELJIL_clean,7.21036,5.21436,7.21036,1.28754,867.89,674.07,0.0,0.0,0.459,0.356494,0.0,1,0.2199648098999999,0.2078282060092272,Test
BELTOD_clean,5.92256,4.27878,5.89247,1.03427,1509.77,1459.74,0.0802539,0.0775946,0.5748,0.555753,0.0,1,0.6719055745999999,0.7205806397536049,Train
BELTUJ_clean,5.64744,4.1969,5.5822,1.08566,1393.43,1283.49,0.0,0.0,0.5582,0.51416,0.0,1,0.7180739839,0.6068075069906927,Test
BELVEV_charged,6.99036,4.92473,6.99036,0.885864,1906.99,2152.69,0.0,0.0,0.6356,0.717492,0.0,0,0.438701513,0.6665207893008884,Test
BENXUP_clean,4.10218,3.42336,4.09595,1.4733,653.043,443.252,0.0,0.0,0.4814,0.32675,0.0,1,0.710292347,0.6284156219128884,Train
BENZOL_clean,5.62502,3.68781,5.62502,1.15041,1146.89,996.943,0.0,0.0,0.4858,0.422284,0.0,1,0.7527770991,0.8122985596514065,Train
BENZUR_clean,5.75474,3.70828,5.75474,1.24694,1151.54,923.496,0.0,0.0,0.5016,0.402265,0.0,1,0.6477463821,0.7219258117318366,Train
BEPBAB_clean,5.3188,3.97632,5.3188,1.04154,1135.05,1089.78,0.0,0.0,0.473,0.454133,0.0,1,0.8177003064,0.9324803011735514,Train
BEPLUF_clean,10.54661,10.45745,10.54661,0.882268,1351.9,1532.3,0.0,0.0,0.655,0.742405,0.0,1,0.1991221225,0.2517027283233664,Train
BEPMAM_clean,10.35764,10.23297,10.35764,0.893987,1370.16,1532.64,0.0,0.0,0.63,0.704708,0.0,1,0.2005075766,0.3090882869153612,Train
BEPMIU_clean,10.07029,9.95473,10.07029,1.02149,1143.41,1119.35,0.0,0.0,0.6036,0.590899,0.0,0,0.1498896649,0.2591736430528176,Train
BEPNIV_clean,10.32219,10.19883,10.32219,0.893387,1335.35,1494.71,0.0,0.0,0.6494,0.726897,0.0,1,0.200618825,0.24874250163170908,Test
BEPNOB_clean,10.36311,10.23127,10.36311,0.890303,1334.01,1498.37,0.0,0.0,0.6478,0.727618,0.0,1,0.1951795128,0.2548081275488473,Train
BEPNUH_clean,10.32563,10.2098,10.32563,1.16569,1103.61,946.742,0.0,0.0,0.6056,0.519521,0.0,0,0.1500132169,0.11351965449275919,Train
BEPPAP_clean,9.9082,9.78954,9.90791,1.03173,1157.48,1121.89,0.0,0.0,0.5902,0.57205,0.0,0,0.1453791881,0.2494366020139306,Train
BEPPIX_clean,9.77409,9.63706,9.77409,0.990438,1290.67,1303.13,0.0,0.0,0.592,0.597716,0.0,1,0.1891104297,0.30750439917966993,Train
BEPPOD_clean,10.03622,9.89092,10.03622,0.960732,1283.35,1335.81,0.0,0.0,0.613,0.638055,0.0,1,0.1957889564999999,0.3595086647574823,Train
BEPREV01_clean,6.64209,5.02845,6.632,0.808218,2539.09,3141.59,0.0,0.0,0.6368,0.787906,0.0,0,1.0740043206,0.9687101331566774,Test
BEPREV02_clean,7.19383,5.44633,7.19383,0.766283,2502.2,3265.37,0.0,0.0,0.6548,0.854514,0.0,0,0.9170049609,0.8234165659212047,Train
BEPREV03_clean,6.75186,5.16957,6.7451,0.798706,2519.19,3154.09,0.0,0.0,0.64,0.801296,0.0,0,1.0276508753,0.9700232008183056,Train
BEPREV_clean,6.75364,5.16047,6.74991,0.798706,2521.08,3156.46,0.0,0.0,0.6402,0.801547,0.0,0,1.0196426796,0.9697276180889622,Train
BEPRIZ_clean,10.21454,6.03558,10.21454,0.764371,2087.31,2730.76,0.0,0.0,0.673,0.880463,0.0,0,0.5816497093999999,0.6371867239000664,Test
BEPROF_clean,8.00306,5.96794,8.00133,0.730038,2383.55,3264.96,0.0,0.0,0.687,0.941046,0.0,0,0.6886107604999999,0.7312853891127556,Train
BEPVEZ_clean,5.76875,4.44638,5.76422,1.26954,947.431,746.277,0.0,0.0,0.5084,0.400459,0.0,1,0.2888792956,0.4737145064123772,Test
BEPVID_clean,5.29029,4.21546,5.29029,1.30564,829.286,635.159,0.0,0.0,0.5122,0.392299,0.0,1,0.314107502,0.5523632550845001,Test
BEPVOJ01_clean,5.12362,3.97858,5.12362,1.3287,794.481,597.937,0.0,0.0,0.5126,0.38579,0.0,1,0.3242913651,0.48311380266269616,Train
BEPVOJ_clean,4.87498,3.77095,4.87498,1.35072,712.934,527.818,0.0,0.0,0.5034,0.37269,0.0,1,0.3231259004,0.377455321705937,Train
BEPWEA_clean,4.94352,3.50226,4.94123,1.37749,785.436,570.193,0.160637,0.116616,0.4914,0.356735,0.0,1,0.1120863025999999,0.4347446118356337,Train
BETDAH_clean,6.20265,4.35013,6.20265,1.16306,2339.54,2011.54,0.0,0.0,0.6178,0.531186,0.0,1,0.7283965118000001,0.7335588312784962,Test
BETDEL_clean,6.19335,4.27368,6.19335,1.1646,2251.25,1933.07,0.0,0.0,0.6174,0.530141,0.0,1,0.7262173332999999,0.7150710836139771,Test
BETDIP_clean,6.11094,3.88458,6.10684,1.1806,2108.93,1786.32,0.0,0.0,0.6132,0.519398,0.0,1,0.7357327684,0.8011445597999169,Train
BETDUB_clean,6.03659,3.7841,6.03659,1.16905,1945.06,1663.8,0.0,0.0,0.6102,0.521964,0.0,1,0.7215807954000001,0.7140536064628631,Test
BETFAJ_clean,6.19267,4.31969,6.19,1.11108,2308.45,2077.66,0.0,0.0,0.6196,0.557654,0.0,1,0.7617860379000001,0.7738066107309742,Train
BETFEN_clean,6.20622,4.32109,6.20622,1.07862,2315.47,2146.71,0.0,0.0,0.6288,0.582969,0.0,1,0.7554740631999999,0.6990829032232928,Train
BETFUD_clean,6.14614,4.2626,6.11668,1.06295,2329.37,2191.42,0.0,0.0,0.6258,0.58874,0.0,1,0.7379169292000001,0.7232342584060402,Train
BETGAK_clean,6.1095,4.21478,5.89063,1.06153,2331.97,2196.8,0.0,0.0,0.6284,0.591977,0.0,1,0.7524337998,0.7300052642146254,Test
BETGEO_clean,15.21578,5.06222,15.21578,1.31768,1287.77,977.304,381.116,289.233,0.6412,0.486614,0.0,1,0.478907575,0.5120865617665558,Train
BETGIS_clean,14.00278,4.06192,14.00278,1.35807,1041.82,767.136,450.295,331.571,0.6224,0.458298,0.0,1,0.3506850819,0.40753717082185875,Train
BETGOY_clean,15.16495,5.42937,15.16495,1.28137,1222.88,954.353,401.433,313.284,0.472,0.368356,0.11956,1,0.382759407,0.43392921364067416,Train
BETGUE_clean,15.53135,9.65919,15.53135,0.735216,1298.07,1765.57,466.651,634.712,0.7352,0.999978,0.0,1,0.4329723739,0.5409208195600762,Train
BETHEP_clean,15.93969,5.38602,15.93969,1.55026,1210.88,781.08,479.733,309.453,0.6876,0.443538,0.0,1,0.2635857628999999,0.235803859886066,Train
BETHIT_clean,16.17666,10.50859,16.17666,0.819587,1287.14,1570.48,480.797,586.633,0.7656,0.934129,0.0,1,0.349629176,0.46648536403462754,Train
BETZOR_clean,7.75357,4.72091,7.64098,1.06732,1559.59,1461.22,0.0,0.0,0.5544,0.519432,0.0,1,0.7479401617,0.6397051462521586,Train
BEWVOQ_clean,10.23635,8.28637,9.99929,0.717556,2413.7,3363.78,0.0,0.0,0.7708,1.0742,0.0,0,0.2089502317,0.36453038259412474,Train
BEWWEH_clean,9.01955,7.89385,9.01955,0.713962,2373.05,3323.78,0.0,0.0,0.7674,1.07485,0.0,0,0.1919644967,0.3612746632431955,Test
BEXPAX_clean,6.17717,5.82599,6.17717,0.749009,3226.03,4307.06,0.0,0.0,0.7082,0.945516,0.0,1,0.9806759694,0.7564703535127415,Train
BEXQIF_clean,8.04962,5.28644,8.01765,0.683962,2466.36,3605.99,0.0,0.0,0.7172,1.0486,0.0,0,0.3212282042,0.4352454526872986,Test
BEXQOL_clean,8.04915,5.31359,8.00625,0.699237,2471.17,3534.09,0.0,0.0,0.7174,1.02598,0.0,0,0.2719656809,0.43942052564584283,Train
BEXQUR_clean,8.07729,5.36514,8.07375,0.705667,2478.07,3511.67,0.0,0.0,0.72,1.02031,0.0,0,0.2797760892,0.4254241230068091,Train
BEXRAY_clean,8.11263,5.64009,8.11263,0.639388,2590.56,4051.63,0.0,0.0,0.7392,1.15611,0.0,0,0.2648397811,0.39911920130602385,Train
BEXREC_clean,8.13134,5.54983,8.13134,0.665352,2617.27,3933.67,0.0,0.0,0.7388,1.11039,0.0,0,0.2833839482,0.3822650361488147,Train
BEXRIG_clean,8.16514,5.60091,8.16514,0.67222,2617.75,3894.19,0.0,0.0,0.7394,1.09994,0.0,0,0.2897265903,0.4043294524491914,Test
BEXRUT_clean,6.49399,4.71424,6.45917,1.07075,1422.45,1328.47,0.0,0.0,0.585,0.546348,0.0,1,0.4349341753,0.6960849540377392,Test
BEXSAA_clean,6.21678,4.72062,6.15067,0.992771,1456.96,1467.57,0.0,0.0,0.5884,0.592684,0.0,1,0.4322745597,0.7085171489625344,Test
BEXSEE_clean,6.49176,4.26641,6.49176,1.04973,1376.89,1311.66,0.0,0.0,0.5628,0.536136,0.0,1,0.4166371094,0.6388211505903733,Train
BEXSII_clean,6.27069,4.79422,6.26455,0.943025,2150.91,2280.86,0.0,0.0,0.668,0.708359,0.0,1,0.7165223012999999,0.6559353827317409,Train
BEXVEH_clean,9.97626,6.15688,9.95158,0.782835,2372.61,3030.79,0.0,0.0,0.7306,0.933274,0.0,1,0.5363057342,0.5562201521644035,Train
BEYKEX_clean,5.23694,3.82822,5.23519,1.91723,1689.31,881.121,0.0,0.0,0.5532,0.288542,0.0,1,0.2243829736,0.31834357376734035,Train
BEYSEF_clean,5.61731,4.74798,5.61731,1.17978,1409.15,1194.41,0.0,0.0,0.5534,0.469069,0.0,0,0.3191332044,0.6576943348431719,Train
BIBXIV_clean,18.4936,4.06846,18.4936,0.9977,1657.17,1660.99,0.0,0.0,0.7322,0.733888,0.0,0,0.4823276876,0.4190037038122949,Train
BIBXOB_clean,19.69299,7.98654,19.69299,0.409554,1997.19,4876.5,0.0,0.0,0.826,2.01683,0.000488336,0,0.3701170988,0.32174144839750296,Train
BIBXUH_clean,14.73899,5.12647,14.73899,0.739806,2068.95,2796.6,0.0,0.0,0.7088,0.958089,0.00108136,0,0.4256981364,0.5479507409948806,Test
BICPOT_clean,7.30922,6.53578,7.30892,1.59286,1232.22,773.59,12.3074,7.72661,0.5162,0.324071,0.0,0,3.009625073,0.7489094669163392,Test
BICPUA_clean,13.79678,9.90606,13.29085,0.543859,2105.6,3871.6,0.0,0.0,0.815,1.49855,0.0,1,0.3629085227,0.410880467837627,Train
BIFGOO_clean,10.87246,9.01928,10.87246,1.75205,1220.8,696.781,0.0,0.0,0.5534,0.315858,0.0,1,0.1233946171,0.4714939489819219,Test
BIFKEI_clean,5.92703,4.3432,5.92703,1.02128,2025.04,1982.84,0.0,0.0,0.6088,0.596113,0.0,1,0.7025739348000001,0.8268396640891048,Train
BIGZUO_clean,21.72315,20.98793,21.52659,0.308304,1399.52,4539.4,0.0,0.0,0.9064,2.93995,0.0,1,0.2988954956,0.3716078001126687,Train
BIHBAX_clean,18.57439,17.55669,18.57439,0.321672,1460.76,4541.16,0.0,0.0,0.8984,2.79291,0.0,1,0.2908913351,0.4063060462577332,Train
BIJDUV_clean,8.61386,5.69718,8.42708,0.896671,1704.44,1900.85,0.0,0.0,0.6122,0.682747,0.0,1,0.4248097347999999,0.5053586282685356,Train
BIMDEF_clean,4.67684,3.43732,4.67684,1.38964,1289.29,927.79,0.0,0.0,0.5428,0.390606,0.0,1,0.8067209693,0.6649179165383163,Train
BIMDIL_clean,5.20728,3.51213,5.20728,1.39622,1478.14,1058.67,0.0,0.0,0.539,0.386042,0.0,1,0.9597880925,0.7023348373173398,Train
BINCUY_manual,13.3117,8.62623,13.3117,0.583969,2196.14,3760.71,0.0,0.0,0.7246,1.24082,0.0,0,0.4657412177,0.5231076876191878,Train
BINDAF_manual,13.14316,8.49712,13.14316,0.600599,2185.42,3638.73,0.0,0.0,0.7212,1.2008,0.0,0,0.481059371,0.5212393903683117,Train
BINROH_clean,21.31368,10.23686,21.31368,0.503862,1906.53,3783.82,0.0,0.0,0.7964,1.58059,0.0,1,0.5772912021,0.4938731624583946,Train
BINRUN_clean,21.10286,10.09364,21.09225,0.511736,1907.73,3727.96,0.0,0.0,0.7778,1.51992,0.0,1,0.6318058699,0.541643849242327,Train
BINSAU_clean,21.88013,9.52705,21.05522,0.471575,1883.78,3994.65,0.0,0.0,0.7874,1.66972,0.0,1,0.5473471879,0.4905550477366727,Test
BIPLIX_clean,7.36646,5.75458,7.16866,1.07595,1632.15,1516.94,0.0,0.0,0.6014,0.558949,0.0,1,0.3100782822,0.549806736857378,Test
BIPSUQ_clean,18.61448,16.92881,18.61448,0.43749,1960.32,4480.84,0.0,0.0,0.8374,1.9141,0.0,1,0.3741228888,0.4599590996142196,Train
BIQHEQ_clean,4.74191,3.53352,4.74191,1.13318,1109.52,979.12,0.0,0.0,0.542,0.478299,0.0,1,0.9989288675,0.8424656016837803,Train
BIQVII_clean,5.22147,4.62031,5.22147,1.62242,863.635,532.315,0.0,0.0,0.4264,0.262818,0.0,1,0.3829446072,0.40599610921928175,Train
BIRMUM_clean,5.54904,4.6855,5.54904,1.2621,494.559,391.853,0.0,0.0,0.4238,0.335789,0.0,1,0.2224930091,0.28000103926073183,Train
BIRSEC_clean,6.48832,4.86094,6.48832,1.33798,1247.05,932.038,0.0,0.0,0.5134,0.383713,0.0,1,0.4341240324,0.5573751450932033,Train
BIRSIG_clean,6.37536,4.74657,6.37536,1.3786,1214.29,880.813,0.0,0.0,0.4994,0.362252,0.0,1,0.4792616107999999,0.600217295830627,Test
BIWSEG_ion_b,29.73511,11.96997,29.73511,0.466941,1434.98,3073.15,0.0,0.0,0.843,1.80537,0.0,1,0.3989684024,0.4040321574646665,Test
BIWSIK_ion_b,18.63687,3.90699,18.63687,0.676975,1941.67,2868.16,0.0,0.0,0.7214,1.06562,0.0,0,0.4394916565999999,0.46380559258115617,Train
BIWYAH10_clean,7.2461,5.52874,7.11386,0.722295,2876.07,3981.85,0.0,0.0,0.7574,1.0486,0.0,1,0.1931228509,0.34601725144892564,Train
BIXXIR_clean,6.61997,3.93876,6.61997,3.35504,1248.51,372.13,0.0,0.0,0.4698,0.140028,0.0,1,0.097510049,-0.03509089817527744,Test
BIXYEO_clean,6.67369,4.00375,6.66785,3.33858,1267.68,379.707,0.0,0.0,0.4688,0.140419,0.0,1,0.0990450533,-0.01966985390091469,Test
BIYSUZ_clean,8.31867,7.50799,8.23674,1.3283,1507.88,1135.19,0.0,0.0,0.5826,0.438604,0.0,1,0.2648923049,0.31677548166677744,Train
BIYTAG_clean,8.33704,7.53322,8.33704,1.33737,1512.13,1130.67,0.0,0.0,0.5802,0.433835,0.0,1,0.2619158407,0.297163659327694,Train
BIYTOU_clean,7.95789,5.70379,7.949,1.02105,1875.01,1836.36,0.0,0.0,0.6212,0.608393,0.0,1,0.4855632161,0.5513504299831392,Train
BIYVEM_clean,7.9618,7.16704,7.94594,1.42154,1501.18,1056.02,0.0,0.0,0.5718,0.402241,0.0,1,0.2587016116,0.28205385769869445,Train
BIYVIQ_clean,8.9412,8.20862,8.9412,1.41865,1440.37,1015.31,0.0,0.0,0.5976,0.421246,0.0,1,0.2407225557,0.2561107246136839,Train
BIYXUE_charged,8.39634,6.80286,8.06876,0.891254,1920.98,2155.37,0.0,0.0,0.6496,0.728861,0.0,0,0.589354925,0.5767241488236547,Train
BIYYAL_charged,8.30709,6.8904,8.22432,0.897695,1911.28,2129.09,0.0,0.0,0.6498,0.723854,0.0,0,0.59439625,0.5972542749041343,Train
BIYYEP_charged,8.05568,3.85909,5.8151,1.72587,943.315,546.574,23.122,13.3973,0.491,0.284494,0.0,0,0.3187379543,0.4491437866673856,Train
BIZLUT_clean,8.11197,6.3971,8.1065,0.849879,2006.01,2360.34,0.0,0.0,0.6572,0.773287,0.0,0,0.5977023712,0.542291947608742,Test
BIZMAA_clean,8.82584,6.80117,8.82584,0.838203,2031.61,2423.76,0.0,0.0,0.6668,0.795512,0.0,0,0.5847493592,0.5411897190612124,Test
BIZMEE_clean,8.33004,6.47185,8.30636,0.855248,2017.93,2359.47,0.0,0.0,0.661,0.772875,0.0,0,0.6047394739999999,0.5560443447773293,Train
BIZMII_clean,8.09188,6.36998,8.09188,0.865187,2004.99,2317.41,0.0,0.0,0.6566,0.758911,0.0,0,0.6153170652000001,0.5652555148830003,Train
BOCKOT_clean,4.81526,3.42101,4.526,1.37869,1402.34,1017.16,0.0,0.0,0.5962,0.43244,0.0,1,0.3093248873999999,0.3546930330969449,Train
BOHJOZ_auto,7.4485,3.57263,7.4485,1.57117,1415.9,901.179,0.0,0.0,0.557,0.354513,0.000254588,0,0.0428702618,1.964519433801236,Test
BOJCIN_clean,5.54889,5.25047,5.54889,1.10605,695.341,628.668,98.2069,88.7903,0.5312,0.480266,0.0,0,0.3109639948,0.5907318504049961,Test
BOKQEZ_clean,7.07757,4.49353,7.07641,1.32957,1554.46,1169.14,0.0,0.0,0.5416,0.407349,0.0,1,0.2819828083,0.44040233038208726,Train
BOLPAU_clean,7.91374,5.10301,7.55666,0.900168,2008.9,2231.69,0.0,0.0,0.6468,0.718533,0.0,1,0.7745438986,0.6053537154832049,Train
BOLZIN_clean,18.71247,7.75585,17.49896,0.466942,1971.58,4222.32,0.0,0.0,0.8076,1.72955,0.0,0,0.4065814847999999,0.38335910483443436,Test
BOMCOX_clean,5.96735,4.28567,5.96735,1.1236,1334.13,1187.38,0.0,0.0,0.5368,0.477752,0.0,1,0.6980122036,0.7397879454570457,Train
BOPHIZ_clean,6.90751,5.24121,6.77761,1.23618,1521.62,1230.9,0.0,0.0,0.572,0.462715,0.0,1,0.7118452459000001,0.6193322539227581,Train
BOVHEB_clean,5.76843,4.22597,5.76235,1.21128,1167.42,963.79,0.0,0.0,0.531,0.43838,0.0,1,1.5200651789,0.9342907590789726,Train
BOWDIC_clean,7.01096,4.61744,6.88238,1.0069,1455.4,1445.42,181.324,180.081,0.5804,0.57642,0.0,1,0.7651002122,0.8717879074856769,Train
BOWNUY_clean,15.52711,9.99848,15.50545,0.770284,1323.45,1718.13,449.917,584.092,0.7344,0.953414,0.0,1,0.4473831345,0.5398578770941214,Test
BOWRAH_clean,4.51959,4.0875,4.51959,2.30989,576.12,249.414,0.0,0.0,0.3594,0.155592,0.0,1,1.2764403142,0.3572748426721295,Test
BOWZUK_clean,8.36121,7.81351,8.30025,0.894084,1398.32,1563.97,0.0,0.0,0.6136,0.686289,0.0,1,0.4018497093,0.3885022464641177,Train
BOXFOK_clean,18.0621,10.42327,18.0621,0.790526,1355.07,1714.14,197.917,250.36,0.69,0.872836,0.0,1,0.6591825954,0.6046798160749997,Train
BOXYIY_clean,4.39053,3.85775,4.38747,1.58321,405.121,255.886,388.713,245.521,0.5092,0.321625,0.0,0,0.4410195431,0.5077418698853633,Train
BOYCEY_auto,12.37213,6.12785,11.76706,0.613909,2396.05,3902.93,0.0,0.0,0.7532,1.22689,0.0,1,0.6396777156,0.6623472687158128,Train
BOYTEQ_clean,4.92609,4.59373,4.92609,1.2701,571.535,449.993,0.0,0.0,0.42,0.330683,0.0,0,0.5601712685,0.5730900913764716,Test
BOYYOF_clean,9.47252,6.48081,9.47252,1.142,1531.96,1341.47,0.0,0.0,0.5924,0.518737,0.0,1,0.2570147881,0.37057813653676486,Test
BOZFIH_clean,5.87158,4.75385,5.8575,1.05542,1850.88,1753.69,0.0,0.0,0.6,0.568494,0.0,1,0.9156853457,0.7759866852926061,Train
BOZFON_clean,6.15469,4.01567,6.15002,1.24414,1139.51,915.903,0.0,0.0,0.502,0.403491,0.0,1,0.6415418601,0.6417617056896939,Test
BUBQOE_clean,4.52128,3.65213,4.52128,2.72539,937.142,343.857,0.0,0.0,0.5338,0.195862,0.0,1,0.2523478044,0.32592205036577415,Train
BUBTUP_clean,7.20698,3.66387,7.20698,1.23952,885.576,714.451,0.0,0.0,0.5112,0.412418,0.0,1,0.4101207037,0.346395228819922,Train
BUCSEY_clean,4.71556,3.52125,4.69979,1.38457,757.197,546.884,0.91517,0.66098,0.4988,0.360257,0.0,1,0.6163871428000001,0.3568370555499658,Test
BUCVAY_clean,5.36914,3.4206,5.36914,1.22099,548.684,449.375,0.0,0.0,0.4634,0.379527,0.0,1,0.6151703867,0.6201444505488573,Train
BUCWAZ_clean,8.06989,6.31772,7.96603,0.986571,2261.23,2292.01,0.0,0.0,0.6822,0.691486,0.0,1,0.4806714946,0.512946093893709,Train
BUFNEW_charged,17.39105,9.80191,17.39105,0.800825,1151.64,1438.07,175.396,219.019,0.6572,0.820653,0.0,0,0.6604197474,0.6748584700703315,Train
BUFNOG_charged,17.54491,10.00849,17.52475,0.778482,1193.04,1532.52,189.975,244.033,0.671,0.861934,0.0,0,0.6759210564,0.6581173346458467,Test
BUGSAY_clean,4.67913,4.1432,4.67313,1.68326,1087.13,645.849,0.0,0.0,0.5314,0.315696,0.0,1,0.1934879171,0.42833590846726555,Test
BUGSEC_clean,4.72085,4.19082,4.71595,1.60879,1101.18,684.479,0.0,0.0,0.538,0.334413,0.0,1,0.194368449,0.2809496598604583,Train
BUGSIG_clean,4.72751,4.18275,4.72118,1.638,1097.7,670.147,0.0,0.0,0.5356,0.326984,0.0,1,0.1933380003,0.2854576945054925,Train
BUGSOM_clean,4.69508,4.16375,4.68969,1.65941,1093.22,658.798,0.0,0.0,0.5332,0.321319,0.0,1,0.193970336,0.2739579248367467,Train
BUKMUQ01_clean,5.90111,4.73838,5.90111,0.853512,2933.47,3436.94,0.0,0.0,0.7038,0.824593,0.0,1,0.6057378629,0.6571695686786481,Train
BUKRUW01_clean,10.63994,5.17607,10.63994,0.946218,2406.2,2542.96,0.0,0.0,0.7374,0.779313,0.0,1,0.3114959753,0.5011531028639425,Train
BUKRUW02_clean,10.18784,5.8011,10.17435,0.90051,2432.65,2701.41,0.0,0.0,0.7394,0.821091,0.0,1,0.3029750477,0.537728842787709,Test
BUKRUW03_clean,10.56885,5.12331,10.56885,0.827757,2720.18,3286.2,0.0,0.0,0.764,0.922976,0.0,1,0.2734788305,0.38224141948401996,Train
BUKYAJ_clean,5.10209,3.53964,5.09477,0.92244,1064.13,1153.61,0.0,0.0,0.5144,0.557651,0.0,0,1.138383273,1.0804302175646177,Train
BULBER_clean,7.8305,4.27284,7.79516,1.49467,1437.06,961.456,0.0,0.0,0.5544,0.370918,0.0,1,0.2742300263,0.3503407667959594,Train
BUNKUS_clean,39.11063,37.47642,39.11063,0.375289,1307.21,3483.2,0.0,0.0,0.8658,2.30702,0.0,1,0.4153758958,0.4174174563316405,Train
BUNLAZ_clean,38.39638,36.09316,38.39638,0.330751,1417.57,4285.91,0.0,0.0,0.8776,2.65335,0.0,1,0.4300597584,0.4382573399189662,Train
BUPVEP_clean,8.00881,3.79594,6.88527,1.70124,1586.52,932.564,97.3647,57.2315,0.582,0.342103,0.00105805,0,0.2270583292,0.7810267262426664,Test
BUQWER_clean,5.03897,4.14527,5.03897,1.26322,872.21,690.465,0.0,0.0,0.5016,0.39708,0.0,1,1.0406524322,0.7337915096770582,Test
BURJOO_clean,5.25312,4.62411,5.25312,1.36621,795.034,581.927,0.0,0.0,0.4348,0.318253,0.0,0,0.4214763735,0.5695963119085792,Train
BURQIQ_clean,8.30102,5.43995,8.30102,0.998622,1908.3,1910.93,0.0,0.0,0.629,0.629868,0.0,1,0.6584756649,0.6131197164101826,Train
BUSNAF_clean,7.07895,5.43293,7.07895,1.23597,749.429,606.348,0.0,0.0,0.4656,0.376708,0.0,0,0.2303219029,0.2104884484188983,Test
BUSQEM_clean,5.28773,3.7404,5.27624,0.951333,772.872,812.409,527.0,553.959,0.565,0.593903,0.0,0,1.5100486478,1.531455789810791,Train
BUSQIQ_clean,4.44057,3.72721,4.4272,1.56982,999.031,636.398,0.0,0.0,0.4302,0.274044,0.0,0,2.7322047714,2.4417132972516025,Train
BUSRUE_clean,6.9387,5.51917,6.92321,1.06823,1491.74,1396.46,0.0,0.0,0.5618,0.525916,0.0,0,0.7656726831,0.6979433996523129,Train
BUVHEH_clean,4.88072,3.66399,4.88072,1.23567,2100.31,1699.73,0.0,0.0,0.5996,0.485242,0.0,1,0.5552249434000001,0.8905018332907697,Test
BUVWOF02_clean,7.02744,5.38791,7.02744,1.22872,811.616,660.538,0.0,0.0,0.4574,0.372258,0.0,0,0.2197098179,0.2542335645531512,Train
BUVWOF03_clean,7.08217,5.70931,7.08217,1.19421,800.187,670.058,0.0,0.0,0.4798,0.401773,0.0,0,0.2693671378,0.2565361531318202,Train
BUVXOG_clean,6.82532,5.20998,6.82532,1.26745,776.672,612.785,0.0,0.0,0.469,0.370036,0.0,0,0.2260185719,0.30059446720908706,Test
BUVYEX_clean,7.01349,5.55881,7.01349,1.21167,786.339,648.971,0.0,0.0,0.4712,0.388885,0.0,0,0.2778954072,0.27251542484529395,Test
BUVYIB01_clean,10.81747,8.62628,10.81747,0.682989,2289.3,3351.88,0.0,0.0,0.7066,1.03457,0.0,0,0.8039198686,0.6857644337802249,Train
BUVYIB_clean,10.88811,8.55613,10.38381,0.702067,2220.12,3162.26,0.0,0.0,0.6958,0.991073,0.0,0,0.857429762,0.7287033723292375,Train
BUWLUC_clean,5.18793,3.64341,5.18793,1.32106,1477.38,1118.33,1.23611,0.935694,0.6038,0.457058,0.0,1,0.2193295151,0.3789189140508066,Train
BUWMAJ_clean,5.16551,3.78381,5.16551,1.21126,1971.74,1627.85,16.6796,13.7705,0.662,0.54654,0.0,1,0.2400758644999999,0.2362795685169854,Train
BUWMEN_clean,5.23161,3.83405,5.2282,1.19035,2065.33,1735.06,0.0,0.0,0.6496,0.545721,0.0,1,0.2633797755,0.4324687414037832,Train
BUWMIR_clean,5.20646,3.81875,5.20646,1.17377,2092.97,1783.12,2.40975,2.053,0.6684,0.569448,0.0,1,0.2507164751,0.30123665978491937,Train
BUXNOZ_clean,11.48655,6.30332,11.4793,0.804674,2171.28,2698.33,0.0,0.0,0.7258,0.90198,0.0,1,0.4944836463,0.5946728284265808,Train
BUXTOF_clean,5.10112,3.76343,4.43149,1.37664,488.999,355.212,519.913,377.668,0.5386,0.391242,0.0,1,1.1020096524,1.0278473809087947,Train
BUXZAX_clean,33.37685,31.81617,33.36969,0.55548,1448.92,2608.41,0.0,0.0,0.8332,1.49996,0.000360049,1,0.3481247506,0.3370847504413297,Test
BUYNAL_charged,4.621,3.96851,4.621,0.918673,1808.68,1968.8,0.0,0.0,0.5666,0.616759,0.0,0,0.633726044,0.8023244552615747,Train
c4ce00408f_c4ce00408f2_clean,12.62762,5.23882,12.62762,1.04827,1808.67,1725.39,210.803,201.096,0.6818,0.650406,0.0,1,0.6529181051,0.6022145812440398,Train
c4dt03702b_c4dt03702b2_clean,8.83143,6.21194,8.83143,0.592358,2322.31,3920.45,0.0,0.0,0.7494,1.26511,0.0,0,0.3848557589999999,0.5010256549011701,Test
c5cc04223b_c5cc04223b2_clean,12.29704,9.67035,12.2571,0.522428,2226.93,4262.65,0.0,0.0,0.794,1.51983,0.0,1,0.3868598856,0.43395809102341243,Train
c5cc09432a_c5cc09432a2_clean,7.04652,4.99124,7.03394,1.10591,1252.19,1132.28,0.0,0.0,0.53,0.479244,0.0,1,0.5383613629999999,0.5691305195258559,Train
c5cc10203k_c5cc10203k2_clean,16.11055,7.03802,16.11055,0.497,2186.45,4399.29,0.0,0.0,0.7782,1.5658,0.0,1,0.5424833527,0.5613455508166345,Train
c5ce00862j_c5ce00862j2_clean,7.29772,5.9904,7.16104,1.02623,1329.56,1295.58,0.0,0.0,0.5566,0.542374,0.0,0,0.6246116522999999,0.6288082011298123,Train
c5ce01948f_c5ce01948f2_clean,5.17559,4.77124,5.17559,1.89554,519.58,274.107,0.0,0.0,0.3868,0.204058,0.0,0,0.1490352246,0.27462169148198523,Train
c5ce02194d_c5ce02194d2_clean,6.92785,5.95944,6.79754,0.95198,1569.85,1649.04,0.0,0.0,0.5884,0.61808,0.0,1,0.6693049852,0.6723814269053907,Test
c5cp03920g_c5cp03920g2_clean,8.5781,4.08235,8.5781,1.22102,1656.3,1356.48,0.0,0.0,0.5914,0.484347,0.000163797,0,0.4903742961,0.5024122428946699,Train
c5dt03091a_c5dt03091a2_clean,12.70758,7.22422,12.62907,0.840959,1997.99,2375.84,0.0,0.0,0.7324,0.87091,0.0,0,0.2525455646,0.33883183736887135,Train
c5gc02393a_c5gc02393a2_clean,5.4044,4.48945,5.38726,1.33709,1164.94,871.248,14.4818,10.8309,0.513,0.383669,0.0,1,0.557876905,0.6192975039550115,Train
c5nj01930c_c5nj01930c2_clean,5.64911,4.27538,5.64911,1.35969,1108.37,815.17,0.0,0.0,0.4986,0.366702,0.0,1,0.6524749111,0.6694248972362097,Train
c5nj02634b_c5nj02634b2_clean,6.56089,5.15548,6.36711,0.972386,1739.81,1789.21,0.0,0.0,0.6012,0.618273,0.0,1,0.7309548765999999,0.6940808395388329,Train
c5sc03494a_c5sc03494a2_clean,6.21978,5.55178,6.21978,0.911359,2530.42,2776.54,0.0,0.0,0.701,0.769181,0.0,0,0.798211012,0.7198163276442184,Train
c5ta04989j_c5ta04989j2_clean,7.09855,5.91102,7.08643,1.4765,1374.61,930.993,0.0,0.0,0.5276,0.357332,0.0,1,0.5155551092,0.42019749891744484,Train
c6cc00862c_c6cc00862c2_clean,8.00553,6.19741,8.00553,0.932782,1633.12,1750.81,0.0,0.0,0.6212,0.665964,0.0,1,0.7168922174,0.5932557191634136,Train
c6cc02494g_c6cc02494g1_clean,11.72847,10.48758,11.72847,1.03086,1570.44,1523.42,0.0,0.0,0.6508,0.631316,0.0,1,0.2929732557,0.32717438156850753,Train
c6cc02494g_c6cc02494g3_clean,11.9944,10.81728,11.9944,1.03032,1587.16,1540.45,0.0,0.0,0.6594,0.639995,0.0,1,0.3246794057,0.321814031688724,Train
c6cc02494g_c6cc02494g4_clean,11.99779,10.81941,11.9905,1.02929,1587.08,1541.92,0.0,0.0,0.6598,0.641025,0.0,1,0.3219179923,0.32692329103248574,Train
c6cc02494g_c6cc02494g5_clean,11.54428,10.77033,11.54428,1.02257,1607.9,1572.4,0.0,0.0,0.664,0.649342,0.0,1,0.3074071164999999,0.34359564191637026,Train
c6cc02494g_c6cc02494g6_clean,11.73822,10.49789,11.73822,1.02922,1570.21,1525.64,0.0,0.0,0.6512,0.632715,0.0,1,0.2924040306,0.32717244177654103,Train
c6ce00126b_c6ce00126b2_clean,5.67441,4.44258,5.66536,1.13028,1138.37,1007.16,0.0,0.0,0.5446,0.481828,0.0,1,1.3150326763,0.7468571143262944,Test
c6ce00141f_c6ce00141f2_clean,9.56221,8.33336,9.07575,0.705297,1946.55,2759.91,0.0,0.0,0.6886,0.976327,0.0,0,0.5142647881,0.5163695637924566,Train
c6ce00407e_c6ce00407e1_clean,15.77585,8.21654,15.76128,0.595584,2156.28,3620.44,0.0,0.0,0.7746,1.30057,0.0,1,0.4726254396,0.54292626274744,Test
c6ce00407e_c6ce00407e2_clean,12.56279,7.41464,12.35901,0.699904,2125.04,3036.19,0.0,0.0,0.7334,1.04786,0.0,1,0.4293641661,0.5622807934158691,Train
c6ce00407e_c6ce00407e3_clean,12.83222,6.18664,12.83222,0.918215,2210.46,2407.34,0.0,0.0,0.7204,0.784565,0.0,1,0.7219245883,0.6880324110114737,Test
c6ce00407e_c6ce00407e4_clean,54.27623,28.17362,54.19829,0.0636525,512.685,8054.44,0.0,0.0,0.9694,15.2296,0.0,0,0.9190946707,0.7244542196161935,Train
c6ce00407e_c6ce00407e7_clean,33.68342,15.87888,33.68342,0.207465,1336.6,6442.53,0.0,0.0,0.9124,4.39786,0.0,1,0.5144645515999999,0.45789885067197966,Test
c6ce00407e_c6ce00407e8_clean,6.42415,4.65473,6.4148,0.850252,2400.69,2823.5,0.0,0.0,0.6736,0.792235,0.0,1,0.6061090604,0.6756945394100178,Test
c6ce00407e_c6ce00407e9_clean,13.32178,10.04301,13.32178,0.313342,1952.24,6230.37,0.0,0.0,0.8528,2.72162,0.0,1,0.32862333,0.41446256804596515,Train
c6dt03852b_c6dt03852b2_clean,13.14811,11.57992,13.14609,0.737977,1944.6,2635.04,0.0,0.0,0.7482,1.01385,0.000271011,1,0.4653283807,0.35957303002460383,Train
c6ta00429f_c6ta00429f2_clean,15.86893,5.53957,7.79231,0.722489,2062.25,2854.37,0.0,0.0,0.6916,0.957247,0.000276821,0,0.4172570977,0.46890988925293814,Train
CABJOH_clean,4.53725,3.92462,4.47478,1.06179,1786.16,1682.21,0.0,0.0,0.5552,0.522889,0.0,1,1.3211813083,0.9346551747340581,Test
CACBUG_clean,4.28617,3.67636,4.28617,1.29935,625.637,481.501,0.0,0.0,0.4628,0.356178,0.0,1,0.220626141,0.6889501812293641,Test
CADPII_clean,5.83331,5.05627,5.83331,2.03698,286.725,140.76,0.0,0.0,0.351,0.172314,0.0,1,0.2496746714999999,0.1614421956006752,Test
CADQAB_clean,6.63883,4.78268,6.63883,1.11548,2206.23,1977.84,0.0,0.0,0.6348,0.569083,0.0,1,0.5482532094,0.6194342185143356,Test
CADQOP_clean,6.71582,4.81933,6.71582,1.09675,2218.01,2022.35,0.0,0.0,0.6388,0.58245,0.0,1,0.4788341761999999,0.6199410110049964,Train
CADZIT_clean,4.17501,3.53659,4.16494,1.26214,543.593,430.693,0.0,0.0,0.4638,0.367472,0.0,0,0.4109977801,0.4862058629235185,Train
CAGSAG_clean,9.02799,5.29308,7.06322,0.961699,2031.62,2112.53,9.03866,9.39864,0.6624,0.688781,0.0,1,0.6756356726999999,0.621957820674736,Train
CAGXIU_clean,5.87273,4.76439,5.85793,1.68022,875.321,520.957,0.0,0.0,0.4288,0.255205,0.0,0,0.6692027935,0.5714797943427093,Train
CAJQEL_clean,13.93661,8.23046,13.93661,0.705662,2053.08,2909.44,0.0,0.0,0.7554,1.07048,0.0,1,0.7195292410999999,0.5570284040765376,Train
CAJQIP_clean,13.27741,7.61293,13.27741,0.545408,2173.64,3985.35,0.0,0.0,0.787,1.44296,0.0,1,0.5855548394,0.44506819449579826,Train
CAJWIV_ion_b,6.19996,3.79741,6.11559,1.07892,1261.13,1168.88,0.0,0.0,0.546,0.50606,0.0,1,0.7854717806999999,0.7479785874273478,Train
CANRIU_clean,6.98874,4.43531,6.97328,0.861557,1846.01,2142.64,0.0,0.0,0.6044,0.70152,0.0,1,0.8305430631999999,0.711901607895574,Train
CANROA_clean,6.93935,4.21694,6.93935,0.944373,1810.25,1916.88,0.0,0.0,0.5966,0.631742,0.0,1,0.7012594375,0.7683057501706354,Test
CANRUG_clean,6.57321,4.9271,6.57235,0.884567,1797.13,2031.65,0.0,0.0,0.588,0.664732,0.0,1,0.8864595563,0.6710352064001117,Test
CANYIB_clean,8.93125,8.46949,8.93125,1.07172,1754.82,1637.38,0.0,0.0,0.614,0.572909,0.0,1,0.431587277,0.47267356977788233,Test
CAPLOX_clean,6.59085,5.37966,6.59085,1.11008,2109.4,1900.22,0.0,0.0,0.6376,0.574371,0.0,1,0.6297139531,0.6345211854645999,Train
CAQCAZ_clean,6.29148,5.67839,6.29148,1.73371,1423.23,820.916,0.0,0.0,0.5114,0.294974,0.0,0,1.1606225905,0.9283536010266464,Train
CARGEI_clean,4.10808,3.65886,4.09677,3.44333,235.863,68.4985,0.0,0.0,0.3342,0.0970573,0.0,1,0.0133646201,0.09849851956912004,Test
CASTEW_clean,6.08438,5.45003,6.05599,1.74666,1447.28,828.595,0.0,0.0,0.5044,0.288779,0.0,0,1.2250457788,0.9850213197002042,Train
CAVMOD_clean,10.28847,9.36955,10.28847,0.959454,1312.84,1368.32,0.0,0.0,0.585,0.609722,0.0,1,0.4840436283,0.3488375915939088,Train
CAVNOE_clean,5.24143,4.75286,5.24143,1.73091,867.69,501.29,0.0,0.0,0.4214,0.243455,0.0,0,0.602257725,0.6068657261625956,Train
CAVPEW_manual,20.25907,7.7782,20.25907,0.40269,1930.55,4794.14,0.0,0.0,0.8198,2.03581,0.0,0,0.3904863975,0.3976532323002736,Test
CAVPIA_manual,19.92035,7.75151,19.86628,0.416148,1969.69,4733.15,0.0,0.0,0.8146,1.95748,0.0,0,0.3853898242,0.39575388107392745,Train
CAVPUM_manual,20.42812,7.78019,20.42812,0.407456,1942.56,4767.53,0.0,0.0,0.8202,2.01298,0.0,1,0.4110018159,0.4561680807723762,Test
CAVRAU_clean,8.06449,6.42877,8.06449,0.994088,1841.55,1852.5,0.0,0.0,0.6396,0.643404,0.0,1,0.8198614653,0.5096806502161924,Test
CAVREY_clean,7.18071,5.30054,7.16429,1.02665,1966.55,1915.49,0.0,0.0,0.6398,0.62319,0.0,1,0.8281524933,0.6095104008761286,Train
CAVSUP_clean,6.03054,5.46806,6.0217,1.37834,1107.72,803.663,0.0,0.0,0.5324,0.386261,0.0,0,0.2455449189999999,0.5938126352462361,Test
CAVVUS_clean,8.70352,6.17686,8.67533,1.10684,1589.76,1436.3,0.0,0.0,0.6378,0.576233,0.0,1,0.5931365299,0.3917054819348229,Test
CAWDOU02_clean,6.97816,4.93144,6.97816,0.905214,1990.01,2198.39,0.0,0.0,0.6108,0.674758,0.0,1,0.6403550913,0.697648567667009,Train
CAWDOU_charged,5.51448,3.85745,5.50116,1.1172,1375.49,1231.19,0.0,0.0,0.5376,0.481202,0.0,1,0.7288616333,0.7750031652561098,Train
CAWVIH_SL,6.49654,4.73872,6.48371,1.24069,901.093,726.283,0.0,0.0,0.4956,0.399454,0.0,0,0.643455453,0.5388363701064869,Train
CAXTAY_clean,10.46003,5.71128,10.46003,0.724219,2006.33,2770.34,0.0,0.0,0.6846,0.945294,0.0,0,0.3074225052,0.5114664682442336,Train
CAXTEC_clean,10.87616,5.2726,10.87615,0.837152,1928.01,2303.05,0.0,0.0,0.6672,0.796988,0.0,0,0.473672282,0.6207136565790635,Train
CAXVII_clean,11.59355,10.81405,11.59355,1.12398,1567.91,1394.96,0.0,0.0,0.6396,0.569048,0.0,1,0.3976659385,0.36906092805276636,Train
CAXVOO_clean,11.60689,10.81841,11.60689,1.12075,1577.05,1407.14,0.0,0.0,0.6396,0.57069,0.0,1,0.386859631,0.36772170567285634,Train
CAXVUU_clean,11.30625,10.52946,11.30625,1.14718,1579.61,1376.96,0.0,0.0,0.6282,0.547605,0.0,1,0.3912562793999999,0.39401081962619683,Test
CAXWAB_clean,11.47981,10.7455,11.47981,1.14506,1582.63,1382.13,0.0,0.0,0.6306,0.550713,0.0,1,0.3974224878,0.393484969908114,Train
CAXWEF_clean,11.4766,10.80771,11.4766,1.14451,1589.9,1389.16,0.0,0.0,0.6324,0.552552,0.0,1,0.4015447997,0.403190023632084,Train
CAXWIJ_clean,11.51419,10.74209,11.51419,1.143,1585.27,1386.93,0.0,0.0,0.6362,0.556603,0.0,1,0.4050312328,0.37973182236843916,Train
CAXXEG_clean,6.07325,3.85926,6.03932,1.21319,1423.03,1172.97,0.0,0.0,0.5422,0.446922,0.0,0,0.4841195432,0.8845686322270003,Test
CAXZOS_clean,9.21896,5.54947,8.26542,0.933786,1488.97,1594.55,0.0,0.0,0.591,0.632907,0.0,0,0.7402152170999999,0.6671950420083185,Test
CAXZUY_clean,9.32301,5.43687,8.01925,0.950981,1467.16,1542.78,0.0,0.0,0.579,0.608845,0.0,0,0.7517638586,0.7016540322673303,Train
CAYCAI_clean,6.80768,3.74439,6.80768,1.98488,984.427,495.962,6.49147,3.27046,0.4704,0.236991,0.0,1,0.070507477,0.12836643475351778,Train
CAYDEN_clean,5.0519,4.88565,5.0519,1.50882,682.819,452.551,0.0,0.0,0.463,0.306862,0.0,0,0.2018455016,0.31988023929269815,Test
CAYDIR_clean,5.11017,4.94322,5.11017,1.49623,706.715,472.33,0.0,0.0,0.4642,0.310247,0.0,0,0.1944161703,0.3036206433935249,Test
CAYDUD_clean,5.16273,4.98367,5.16273,1.48699,695.762,467.899,0.0,0.0,0.4646,0.312443,0.0,0,0.1933006206,0.2497535745513183,Train
CAYKEU_clean,6.90917,5.51195,6.89676,1.65926,1248.25,752.294,0.0,0.0,0.5378,0.32412,0.0,1,0.3846119421,0.38404485312148495,Train
CAYMIZ_clean,5.09274,4.35949,5.06741,1.47774,1017.51,688.557,0.0,0.0,0.4866,0.329286,0.0,0,0.5757985029,0.6992695334755614,Test
CAYQAV_clean,5.97925,4.27197,5.97925,1.3965,1570.86,1124.85,0.0,0.0,0.5832,0.417615,0.0,1,0.2496982504,0.45785199009854455,Train
CAYSIE_clean,7.01369,4.99057,7.01369,1.16777,715.513,612.717,0.0,0.0,0.471,0.403332,0.0,0,0.1415008751,0.16300923840322268,Test
CAYSOK_clean,7.10061,5.08651,7.10061,1.15597,734.4,635.313,0.0,0.0,0.476,0.411777,0.0,0,0.1555276197,0.1463119439724191,Train
CAYYEG_clean,7.23384,5.22809,7.23384,1.1195,757.877,676.976,0.0,0.0,0.4822,0.430726,0.0,0,0.1354763505,0.23176849174422343,Test
CAZGIT_clean,5.03658,3.98397,5.03257,1.74975,597.309,341.369,0.0,0.0,0.4322,0.247007,0.0,1,0.4382076622999999,0.29503118355961283,Train
CAZNEY_clean,6.26427,5.09264,6.24536,0.832059,2251.27,2705.66,0.0,0.0,0.6506,0.781916,0.0,1,0.6318363075,0.6447216999013085,Train
CAZNOI_charged,9.90063,6.53329,9.65916,0.690807,2263.18,3276.15,0.0,0.0,0.7002,1.0136,0.0,0,0.5730191163,0.6161893141284955,Test
CAZNUO_charged,10.27831,7.67167,10.27831,0.69448,2247.72,3236.55,0.0,0.0,0.6966,1.00305,0.0,0,0.5930364964,0.5958094133218793,Train
CEBDOD_clean,5.66465,5.15984,5.65666,2.39766,855.034,356.611,0.0,0.0,0.4118,0.171751,0.0,1,0.2269052507,0.27803454897507607,Train
CECVAI_clean,8.49795,6.03194,7.93874,0.769652,2649.07,3441.9,0.0,0.0,0.7384,0.959394,0.0,1,0.3701427329,0.5142486759805763,Test
CEDFIC_clean,5.4924,4.94828,5.32905,1.21421,1932.36,1591.46,0.0,0.0,0.6236,0.513586,0.0,1,0.607949727,0.6394532600147724,Train
CEGDUO_clean,4.82541,3.97638,4.82307,1.91831,724.949,377.909,0.0,0.0,0.4724,0.246258,0.0,1,0.2040390478,0.3257540757907167,Test
CEGFAW_clean,4.76954,3.53933,4.76954,1.84478,851.951,461.818,0.0,0.0,0.4894,0.265289,0.0,1,0.189486027,0.3774216512106693,Train
CEGWER_clean,4.43901,3.87534,4.42525,1.46079,690.461,472.661,0.0,0.0,0.4246,0.290664,0.0,1,0.6790116419,0.6428659524696245,Train
CEHLAD_clean,10.21413,5.8901,10.08749,0.853623,2217.93,2598.26,0.0,0.0,0.735,0.861036,0.0,1,0.4767602906,0.44994663723038597,Train
CEJBEA_clean,7.33038,5.85474,7.33038,1.57516,776.239,492.799,0.0,0.0,0.4492,0.285177,0.0,0,0.1493309774,0.2790239263903687,Train
CEJCAW_clean,5.5108,4.81672,5.5108,1.18356,1317.21,1112.92,29.3634,24.8094,0.5646,0.477037,0.0,1,0.4136063133,0.5473978721114905,Train
CEJZAU_clean,7.19009,4.36372,6.93205,1.03983,1483.83,1427.0,0.0,0.0,0.5552,0.533934,0.0,0,0.7733132514,0.8373940618309286,Test
CEKHIL_clean,8.90548,6.79186,8.80947,0.613586,2659.69,4334.67,0.0,0.0,0.7608,1.23992,0.0,1,0.5011910039999999,0.4819331999684924,Train
CEKROB_clean,5.35179,3.54558,5.35179,1.20403,773.46,642.39,0.0,0.0,0.4936,0.409955,0.0,0,0.4344365464999999,0.6739541167740559,Train
CELZEA_clean,5.3255,4.52273,5.32364,1.62985,1218.16,747.41,0.0,0.0,0.5184,0.318067,0.0,1,0.3706723981,0.6446265778867195,Test
CEMYUQ_clean,6.77494,3.84893,6.77491,1.21968,1760.79,1443.65,0.0,0.0,0.6118,0.501606,0.0,1,1.0240177631,0.7679592480520003,Train
CENJIQ_clean,8.5056,4.03981,8.49212,1.2776,1268.59,992.946,62.8816,49.2184,0.584,0.457106,0.0,1,0.3352575087,0.39026353672223646,Train
CENKAJ_clean,8.21931,4.12189,8.21931,1.27633,1215.32,952.199,71.8847,56.3212,0.5908,0.462888,0.0,1,0.2977760423,0.3203545858679544,Train
CENPUI_clean,6.19698,4.05893,5.0808,0.999903,1127.63,1127.74,0.0,0.0,0.537,0.537052,0.0,1,1.4387590174,0.7658445032711019,Test
CEQBUV_charged,6.8037,4.57353,6.8037,2.00293,381.306,190.374,0.0,0.0,0.4176,0.208494,0.0,0,0.0541886655,0.07067425657132503,Test
CETFOX_clean,5.89862,5.05783,5.89274,1.36113,1575.61,1157.57,0.0,0.0,0.5628,0.413479,0.0,1,0.2879352375,0.5440273150813076,Train
CETFUD_clean,4.78644,4.1075,4.78644,1.42835,1079.17,755.535,0.0,0.0,0.4914,0.344034,0.0,1,0.5767282117,0.6767812991961858,Train
CETGOY_clean,10.22503,9.4107,10.22503,0.619603,1948.44,3144.66,0.0,0.0,0.6924,1.11749,0.0,1,0.3744112886999999,0.45599138393251526,Train
CETHEQ_clean,9.71439,7.35018,9.71439,1.06464,1786.46,1678.0,0.0,0.0,0.68,0.638714,0.0,1,0.1914410846,0.2671173759835014,Train
CETJAN_clean_h,5.90298,3.79569,5.88477,1.04758,1099.93,1049.97,0.0,0.0,0.521,0.497338,0.0,0,0.3972380682,0.915304572811044,Test
CETNUL_clean,4.58077,3.60286,4.56313,1.13657,1013.54,891.755,16.0108,14.0869,0.5734,0.504499,0.0,0,0.7390891219,0.7225826167077682,Train
CEXHET_clean,5.56032,3.64308,4.81937,1.07672,1426.07,1324.45,4.06218,3.77273,0.5636,0.523441,0.0,1,0.5894722513,0.7337198861508915,Test
CEXHOD_clean,6.20263,3.99405,6.1987,0.988457,1905.85,1928.11,0.0,0.0,0.5896,0.596485,0.0,1,0.4527655052,0.7587277865352714,Train
CEXSEE_charged,5.7859,3.93376,5.7859,1.09699,1522.38,1387.77,0.0,0.0,0.5436,0.495537,0.0,1,0.4878060572,0.7797019960205508,Test
CEYPUT01_clean,5.3037,3.76464,5.15402,1.22825,976.383,794.936,0.0,0.0,0.5114,0.416364,0.0,0,1.4514524652,1.0873458205525668,Train
CEYPUT_clean,5.36995,3.83237,5.24339,1.20669,1059.79,878.268,0.0,0.0,0.5054,0.418833,0.0,0,1.4189936821,0.9615826152324076,Train
CEZFIY_clean,5.34194,3.72114,5.30915,1.18992,1017.05,854.72,0.0,0.0,0.4786,0.40221,0.0,0,0.5895236984000001,0.7657527569526326,Train
cg034025wsi20030214_115651_clean,4.98405,3.48688,4.91647,1.80625,1199.75,664.222,0.0,0.0,0.5452,0.30184,0.0,1,0.3260782621999999,0.4174440008745667,Train
cg060732osi20070605_042406_clean,6.23351,5.51273,6.19042,0.921282,2509.58,2724.01,0.0,0.0,0.696,0.755469,0.0,0,0.8550602325,0.7309923658514939,Train
cg200332y_si_002_clean,5.21581,3.97485,5.21581,1.32224,2143.79,1621.34,0.0,0.0,0.6406,0.484482,0.0,0,1.1050135498,0.7613845672801245,Test
cg200606r_si_001_clean,4.89412,3.61697,4.88387,1.24739,1030.7,826.282,0.0,0.0,0.5586,0.447815,0.0,1,1.8027992407,0.8585549128468276,Test
cg300302n_si_004_clean,4.26728,3.40774,4.26728,1.22723,425.532,346.741,0.0,0.0,0.4466,0.363908,0.0,0,0.2180914286,0.4786285369882997,Test
cg300827e_si_003_clean,6.49481,4.26763,6.39496,1.12226,1820.26,1621.96,0.0,0.0,0.6138,0.546932,0.0,0,0.693990364,0.763434350371165,Train
cg301577a_si_002_clean,13.79617,7.99146,13.47475,0.563648,2128.96,3777.11,0.0,0.0,0.7834,1.38987,0.0,1,0.6451649965999999,0.5187032444460915,Train
cg301725z_si_004_clean,4.69664,4.11195,4.68637,1.09749,1702.36,1551.13,0.0,0.0,0.5844,0.532487,0.0,0,1.0513699444,1.0290988606562774,Train
cg400449c_si_001_clean,12.65792,7.41339,12.43712,0.667569,2346.54,3515.05,0.0,0.0,0.7554,1.13157,0.0,1,0.558304767,0.5936840233628,Train
cg401858s_si_002_clean,5.76822,4.62513,5.72988,1.11065,1442.06,1298.4,0.0,0.0,0.5672,0.510693,0.0,1,0.5090376998,0.6308454562290158,Train
cg401887b_si_003_clean,8.26997,6.53639,8.26997,0.770939,2356.88,3057.16,0.0,0.0,0.7266,0.942487,0.0,1,0.6206675200999999,0.5108131202196047,Train
cg401887b_si_004_clean,8.20931,6.61957,8.1877,0.786825,2323.24,2952.68,0.0,0.0,0.7066,0.898039,0.0,1,0.5841437681,0.5475512121142817,Train
cg500033b_si_002_clean,6.04182,4.78062,6.04182,1.0885,1374.83,1263.05,0.0,0.0,0.5536,0.508589,0.0,1,0.6554618554,0.6874132938108153,Test
cg500033b_si_003_clean,4.83661,3.74279,4.83563,1.15821,667.849,576.623,201.392,173.883,0.5058,0.436709,0.0,0,0.9462576403,1.046410549698316,Test
cg500091k_si_002_clean,7.03754,5.53828,7.03754,0.930114,2289.08,2461.07,0.0,0.0,0.6592,0.70873,0.0,1,0.5005531507,0.6072597264671927,Test
cg500121f_si_004_clean,4.92521,3.49647,4.87249,1.18083,1031.61,873.629,0.0,0.0,0.5556,0.470517,0.0,0,0.9860590313,0.9563613739513301,Train
cg500149s_si_002_clean,5.58191,4.61814,5.576,1.28231,662.205,516.417,0.0,0.0,0.4432,0.345627,0.0,0,0.2379310764999999,0.3487144675214614,Test
cg500192d_si_003_clean,11.24994,9.49767,11.24883,0.554498,2069.35,3731.94,0.0,0.0,0.7928,1.42976,0.0,0,0.4120585082,0.360467691633804,Train
cg501012e_si_002_clean,10.40468,5.07098,10.12255,0.834367,2007.02,2405.44,0.0,0.0,0.668,0.800607,0.0,1,0.6522890461,0.647097475585827,Train
cg5010616_si_003_clean,4.68057,3.6532,4.67686,1.10074,1075.03,976.65,11.638,10.5729,0.4874,0.442795,0.0,1,1.2387946554,1.0349227406104757,Train
cg5010616_si_007_clean,4.62764,3.59212,4.62764,1.09202,987.897,904.65,4.23835,3.8812,0.4894,0.44816,0.0,1,1.1678682238,0.8408655575626659,Test
cg501141m_si_002_clean,7.16379,4.82619,7.11311,0.994067,1469.53,1478.3,195.255,196.42,0.5926,0.596137,0.0,1,0.798833742,0.8178468670422807,Train
cg501231v_si_001_clean,17.06774,7.18297,17.06774,0.779609,1749.67,2244.29,0.0,0.0,0.6902,0.885316,0.0,0,0.5134751462,0.46346229739664385,Train
cg5012617_si_002_clean,6.32079,5.69332,6.32079,1.49326,566.795,379.568,60.4946,40.5117,0.4478,0.29988,0.0,1,0.2372776975,0.29895524047947886,Train
cg501279y_si_002_clean,6.41301,4.86183,6.41301,1.15346,875.131,758.698,0.0,0.0,0.4984,0.43209,0.0,0,0.9163962486,0.5717979576421846,Test
cg501332u_si_002_clean,6.1572,4.57393,6.1572,1.23684,1051.25,849.954,0.0,0.0,0.5146,0.416062,0.0,0,0.2415783393,0.6091637930185836,Test
cg501560z_si_002_clean,9.02632,7.52711,9.02632,0.738263,2435.69,3299.23,0.0,0.0,0.7636,1.03432,0.0,0,0.1983157212,0.32838692820414084,Train
cg501560z_si_003_clean,10.58889,8.21137,10.57587,0.621509,2301.94,3703.79,0.0,0.0,0.8104,1.30392,0.0,1,0.1869904939999999,0.2591226844341378,Train
cg501730q_si_002_clean,15.26084,10.84338,15.26084,0.834696,1931.13,2313.57,0.0,0.0,0.7224,0.865465,0.0,1,0.5286874521,0.4724223479693331,Test
cg800424t_si_002_clean,11.07723,9.2554,11.07723,0.942046,1274.04,1352.42,0.0,0.0,0.6274,0.665997,0.0,1,0.3655149615999999,0.41971037696511815,Test
cg8013317_si_003_clean,5.86482,4.33377,5.84465,0.919505,1402.89,1525.7,0.0,0.0,0.564,0.613373,0.0,1,1.0464448909,0.7925788346915589,Train
cg900153m_si_001_clean,16.94263,7.25585,10.11151,0.592421,2320.63,3917.2,0.0,0.0,0.7834,1.32237,0.0,1,0.4613847009,0.4545351818188754,Train
cg901114e_si_002_clean,4.97956,4.41476,4.97764,1.61977,1113.96,687.724,0.0,0.0,0.4738,0.29251,0.0,1,0.3130044747,0.5520290004701074,Train
cg901128k_si_004_clean,5.1054,4.19275,5.1054,1.86722,389.052,208.359,0.0,0.0,0.4158,0.222684,0.0,0,0.1585842023,0.15055503773792756,Train
cg901312t_si_002_clean,15.54833,7.92817,14.85181,0.630454,2258.1,3581.71,0.0,0.0,0.764,1.21183,0.0,1,0.5041710768,0.5143137923892549,Train
CIDKUX_clean,9.17673,8.30352,9.17673,1.04661,1668.34,1594.05,0.0,0.0,0.6532,0.624113,0.0,1,0.5040641221,0.3978712749767954,Train
CIFDOM_clean,5.56405,4.03207,5.56103,0.979977,1797.6,1834.33,0.0,0.0,0.591,0.603075,0.0,1,0.6612072158,0.8397131017100581,Test
CIFDUS_clean,6.0819,4.13005,6.0819,0.982136,1846.77,1880.36,0.0,0.0,0.6008,0.611728,0.0,1,0.6502968528999999,0.7954908997171511,Train
CIFJAE_clean,5.80851,5.16856,5.80851,1.17303,1403.54,1196.51,0.0,0.0,0.544,0.463755,0.0,1,0.8150582140000001,0.6895488500308107,Test
CIFLUA_clean,9.37773,7.98095,9.37773,0.746179,1903.8,2551.39,0.0,0.0,0.6868,0.920422,0.0,1,0.5439165905,0.48075966028644496,Test
CIFMAH_clean,10.24439,9.01949,10.24042,0.733938,2150.52,2930.12,0.0,0.0,0.6824,0.929779,0.0,1,0.6257463909000001,0.6138569025194001,Train
CIFMEL_clean,8.24371,5.76486,8.24371,0.761139,2746.38,3608.25,0.0,0.0,0.7488,0.983788,0.0,1,0.2985531816,0.4436784947458089,Train
CIFMIP_clean,7.90061,6.44934,7.90061,1.08801,1993.5,1832.24,0.0,0.0,0.6246,0.574075,0.0,1,0.4757847429,0.5079645941083226,Test
CIGDUT_clean,5.04549,3.73361,5.01118,1.73625,237.061,136.536,547.429,315.294,0.5092,0.293276,0.0,1,0.5730023114,0.5807838211001504,Train
CIGFAB_clean,5.06435,3.71465,5.06435,1.72692,240.436,139.228,509.807,295.211,0.5158,0.298682,0.0,1,0.5518890452,0.5853408951798398,Train
CIGFEF_clean,5.08065,3.70225,5.00391,1.56415,1026.35,656.171,0.0,0.0,0.547,0.349712,0.0,1,0.6276317973,0.5851485995983359,Train
CIGXIA_manual,28.48677,11.8329,28.48274,0.684425,1325.74,1937.02,47.85,69.9127,0.7628,1.11451,0.0,1,0.765995808,0.7006830404453295,Train
CIJVOH01_clean,5.72943,4.43683,5.71847,1.42641,2600.15,1822.87,0.0,0.0,0.6914,0.484714,0.0,1,0.2680231014,0.13546958037295975,Test
CIJVOH_clean,5.67314,4.40026,5.67231,1.44318,2399.39,1662.57,0.0,0.0,0.687,0.476032,0.0,1,0.2550684117,0.10362558108141523,Test
CIMTAV_charged,7.40007,4.39946,7.37157,1.11198,992.78,892.807,0.0,0.0,0.4902,0.440837,0.0,0,0.1582888727,0.2787398667808434,Train
CIMTEZ_charged,8.4931,5.75863,8.48244,1.05628,1293.17,1224.27,0.0,0.0,0.5428,0.513878,0.0,0,0.4011792790999999,0.47200672426444434,Train
CIPCUB_clean,4.79005,3.99723,4.76699,1.72886,1140.31,659.571,0.0,0.0,0.5,0.289207,0.0,1,0.6355786435,0.5647290512035722,Train
CIRTUU_clean,15.60203,7.15132,15.60203,0.583758,2414.48,4136.1,0.0,0.0,0.7788,1.33412,0.0,1,0.6356392104999999,0.5733675728833896,Train
CISLUN_clean,5.76312,4.73452,5.67518,0.963118,2174.12,2257.37,0.0,0.0,0.655,0.680083,0.0,1,0.5619175245,0.6702567682258687,Test
CISXEJ_clean,8.40281,5.25443,8.32688,0.998279,1037.93,1039.71,82.5858,82.7282,0.5322,0.533117,0.0,1,0.705416652,0.5582327379215952,Test
CITZIP_manual,6.91567,6.30981,6.88477,1.43035,1426.63,997.402,0.0,0.0,0.5266,0.368162,0.0,0,0.4113569267,0.560668459025242,Train
CIVTEH_clean,5.3881,4.01709,5.3881,1.06088,1244.8,1173.37,0.0,0.0,0.5492,0.517684,0.0,1,0.5823372614,0.694557978281586,Train
CIWREG_clean,8.13471,7.32788,8.13207,1.23149,2046.97,1662.19,0.793114,0.644029,0.6562,0.532851,0.0,0,0.3608633738,0.38855185258733926,Train
CIWRIK_clean,8.18288,7.41537,8.15939,1.23146,2070.3,1681.17,0.299565,0.243259,0.6662,0.540982,0.0,0,0.3770580457999999,0.39961532886505846,Train
CIWROQ_clean,8.21788,7.67164,8.21788,1.21042,2075.04,1714.31,0.0,0.0,0.6722,0.555343,0.0,0,0.3732885053999999,0.4092553143830828,Train
CIWRUW_clean,8.32352,7.79985,8.25756,1.23467,2023.32,1638.75,0.0,0.0,0.6682,0.541198,0.0,0,0.3535454886999999,0.3635333219026662,Train
CIWSAD_clean,8.30771,7.62763,8.30771,1.22175,2054.23,1681.39,0.0,0.0,0.6672,0.546104,0.0,0,0.3536389701,0.3878197147546225,Test
CIWYUD_clean,7.106,4.57125,7.10384,1.41213,1333.92,944.617,0.0,0.0,0.5334,0.377728,0.0,1,0.48515321,0.40705325979505447,Train
CIWZEP_clean,6.72158,5.37996,6.72158,1.16391,939.134,806.877,0.0,0.0,0.5184,0.445394,0.0,0,0.2555018214,0.6741758410574952,Test
CIWZIT_clean,6.79559,5.48299,6.79559,1.25271,971.679,775.661,0.13923,0.111143,0.5152,0.411268,0.0,0,0.2281723208,0.5614499310223346,Test
CIXBUH_clean,8.16009,7.52386,8.14429,1.22695,2058.62,1677.84,0.0,0.0,0.6684,0.544765,0.0,0,0.366235265,0.37690161688536594,Train
CIXCAO_clean,8.41278,7.79803,8.41278,1.20596,2061.81,1709.68,0.0,0.0,0.6754,0.560051,0.0,0,0.3565849521,0.3789013013276921,Train
CIYZUG_clean,4.43409,3.66305,4.43409,1.41147,330.488,234.144,0.0,0.0,0.4122,0.292036,0.0,1,0.1576669161,0.4308451174009095,Test
CIZMIJ_clean,6.80411,4.91458,6.62402,0.777083,2425.06,3120.72,0.0,0.0,0.6814,0.876869,0.0,1,0.8494192599,0.7243802492229752,Train
CIZPOS_clean,10.90949,3.96313,10.90949,0.997777,2106.31,2111.0,0.0,0.0,0.6492,0.650646,0.0,1,1.0005392883,1.0892005599288472,Train
cm1008587_si_003_clean,6.03686,5.8505,6.03686,1.12119,1527.32,1362.24,0.0,0.0,0.5816,0.518737,0.0,0,0.6543816548,0.7904750382392087,Train
cm202876r_si_002_clean,4.47913,3.53194,4.47073,1.51151,750.121,496.273,0.0,0.0,0.4498,0.297584,0.0,1,1.1470075224,0.9619805070848138,Train
cm301726k_si_004_clean,7.25727,6.70407,7.25727,1.2275,1056.33,860.551,0.0,0.0,0.4792,0.390387,0.0,1,0.5706170485000001,0.47208433652068604,Train
cm303749m_si_001_clean,11.62501,8.78986,11.62501,0.556141,2268.15,4078.37,0.0,0.0,0.7584,1.36368,0.0,1,0.5336107836999999,0.5373007256126807,Train
cm303749m_si_002_clean,11.94079,10.66908,11.94079,0.51806,2178.92,4205.92,0.0,0.0,0.7776,1.50099,0.0,1,0.5020643531,0.5043263639758206,Train
cm500700z_si_002_clean,6.28804,4.63482,6.27649,0.925761,2471.95,2670.19,0.0,0.0,0.6686,0.722217,0.0,1,0.8889277056,0.7047788149813958,Train
cm500700z_si_003_clean,7.09965,5.06719,7.09965,1.05656,1959.47,1854.58,0.0,0.0,0.6212,0.587946,0.0,0,0.6358543621,0.7275828287416282,Test
cm501138g_si_002_clean,13.2781,6.68961,13.2781,0.886331,2090.67,2358.79,0.0,0.0,0.7192,0.811435,0.0,1,0.6250781478,0.6123136790729871,Test
cm501138g_si_005_clean,13.193,6.5701,13.193,0.888496,2142.98,2411.92,0.0,0.0,0.7196,0.809908,0.0,1,0.6407632879,0.6099031815218244,Train
cm501138g_si_006_clean,13.20287,6.64275,13.20287,0.881027,2105.19,2389.47,0.0,0.0,0.7198,0.817001,0.0,1,0.6268011365999999,0.6109910684265776,Train
cm501138g_si_008_clean,13.18132,6.60546,13.18132,0.885001,2136.53,2414.16,0.0,0.0,0.72,0.813558,0.0,1,0.6265350679,0.6096976157620887,Train
cm501138g_si_009_clean,13.19195,6.68183,13.19195,0.878773,2116.69,2408.69,0.0,0.0,0.7208,0.820234,0.0,1,0.6203276582,0.6032785171209429,Test
cm501138g_si_010_clean,13.19966,6.69993,13.19966,0.880672,2105.24,2390.49,0.0,0.0,0.7198,0.81733,0.0,1,0.6162617144,0.6111837876570394,Train
cm501138g_si_011_clean,13.25601,6.66924,13.25601,0.875822,2120.67,2421.34,0.0,0.0,0.7216,0.823911,0.0,1,0.6205756446,0.6036628189335463,Train
cm501138g_si_012_clean,13.22876,6.69209,13.22876,0.883303,2102.85,2380.67,0.0,0.0,0.72,0.815122,0.0,1,0.6096849083,0.6103337705415977,Test
cm503311x_alf100K_clean,7.0434,6.64625,7.0434,0.965639,1593.91,1650.63,0.0,0.0,0.608,0.629635,0.0,0,0.7227163167,0.7361620822865753,Train
cm503311x_alf11K_clean,7.06313,6.65574,7.06313,0.967105,1569.67,1623.06,0.0,0.0,0.6028,0.623304,0.0,0,0.7111159252,0.7497131086689107,Train
cm503311x_alf125K_clean,7.14687,6.82418,7.14687,0.9646,1570.17,1627.8,0.0,0.0,0.6102,0.632594,0.0,0,0.7122988133,0.7668186173398901,Train
cm503311x_alf150K_clean,7.24848,7.00179,7.24848,0.962828,1577.69,1638.6,0.0,0.0,0.6114,0.635005,0.0,0,0.7197601074,0.7649885939764363,Test
cm503311x_alf175K_clean,7.34601,7.12573,7.34601,0.962415,1571.81,1633.19,0.0,0.0,0.6104,0.634238,0.0,0,0.7357402179000001,0.7454419426794663,Train
cm503311x_alf200K_clean,7.35028,7.12879,7.35028,0.963076,1569.66,1629.84,0.0,0.0,0.6114,0.634841,0.0,0,0.7143794831,0.7451389672559584,Train
cm503311x_alf225K_clean,7.37407,7.1534,7.3737,0.963767,1557.96,1616.53,0.0,0.0,0.6114,0.634385,0.0,0,0.7265096467000001,0.7462513171357039,Test
cm503311x_alf250K_clean,7.38381,7.16186,7.38381,0.96386,1556.21,1614.56,0.0,0.0,0.6126,0.635569,0.0,0,0.7299187908,0.7461164947607557,Train
cm503311x_alf275K_clean,7.36182,7.1382,7.36181,0.964358,1561.39,1619.1,0.0,0.0,0.612,0.634619,0.0,0,0.7284669726,0.7416576984919057,Train
cm503311x_alf290K_clean,7.33152,7.10769,7.33152,0.964679,1559.29,1616.38,0.0,0.0,0.6126,0.63503,0.0,0,0.7319185793999999,0.7555289029199079,Train
cm503311x_alf300K_clean,7.31824,7.09159,7.31824,0.964626,1573.17,1630.86,0.0,0.0,0.6112,0.633614,0.0,0,0.7361891087000001,0.7567327523174641,Test
cm503311x_alf325K_clean,7.35887,7.1334,7.35887,0.964937,1562.46,1619.23,0.0,0.0,0.6116,0.633824,0.0,0,0.7305375323000001,0.7416576984919057,Test
cm503311x_alf350K_clean,7.39937,7.12527,7.39534,0.965163,1550.6,1606.57,0.0,0.0,0.6104,0.632432,0.0,0,0.7166077612,0.7200560139040468,Train
cm503311x_alf375K_clean,7.39622,7.0927,7.39622,0.96527,1537.67,1593.0,0.0,0.0,0.6086,0.630497,0.0,0,0.6993841018000001,0.7417101004560551,Train
cm503311x_alf400K_clean,7.38658,7.1188,7.38658,0.965403,1554.96,1610.69,0.0,0.0,0.6116,0.633518,0.0,0,0.7064470558,0.7222290893080324,Train
cm503311x_alf40K_clean,7.05984,6.6215,7.05984,0.967154,1574.94,1628.43,0.0,0.0,0.6042,0.62472,0.0,0,0.7062468747,0.7507202788232468,Test
cm503311x_alf425K_clean,7.36621,7.1125,7.36621,0.965299,1563.1,1619.29,0.0,0.0,0.6096,0.631514,0.0,0,0.7182476283,0.7554842863690077,Train
cm503311x_alf475K_clean,7.39406,7.16617,7.39402,0.965634,1544.09,1599.05,0.0,0.0,0.61,0.63171,0.0,0,0.7247282373999999,0.7319702644071184,Train
cm503311x_alf500K_clean,7.43156,7.13669,7.43156,0.965551,1537.41,1592.26,0.0,0.0,0.6112,0.633006,0.0,0,0.7019096184,0.714027121656845,Train
cm503311x_alf70K_clean,7.062,6.64337,7.062,0.967007,1580.84,1634.77,0.0,0.0,0.6034,0.623987,0.0,0,0.7119085612999999,0.7497131086689107,Train
cm503311x_aloh150K_clean,7.13232,6.79915,7.13232,0.950095,1594.31,1678.06,0.0,0.0,0.6096,0.64162,0.0,0,0.7445747709,0.7733274673577888,Test
cm503311x_aloh175K_clean,7.12797,6.78403,7.12797,0.949982,1591.61,1675.41,0.0,0.0,0.6094,0.641486,0.0,0,0.7433887764,0.7694639327337438,Test
cm503311x_aloh200K_clean,7.15467,6.82431,7.15467,0.949754,1589.94,1674.05,0.0,0.0,0.609,0.641219,0.0,0,0.7422150931999999,0.7707818709630647,Train
cm503311x_aloh225K_clean,7.13993,6.81973,7.13993,0.949535,1597.17,1682.06,0.0,0.0,0.609,0.641367,0.0,0,0.7593504575,0.7775204894375807,Test
cm503311x_aloh250K_clean,7.13817,6.81007,7.13817,0.949354,1600.74,1686.14,0.0,0.0,0.6102,0.642753,0.0,0,0.7446034974,0.7777205381150234,Train
cm503311x_aloh275K_clean,7.13108,6.79826,7.13108,0.949161,1601.41,1687.19,0.0,0.0,0.6114,0.644148,0.0,0,0.750094365,0.7576588188248723,Train
cm503311x_aloh300K_clean,7.16075,6.82592,7.16075,0.948967,1591.48,1677.07,0.0,0.0,0.6092,0.641961,0.0,0,0.7320192334000001,0.7702080733160093,Train
cm503311x_aloh325K_clean,7.17072,6.86808,7.17072,0.948742,1590.12,1676.03,0.0,0.0,0.6094,0.642324,0.0,0,0.7450610697,0.7850421538928968,Test
cm503311x_aloh350K_clean,7.17066,6.85243,7.17066,0.948507,1596.68,1683.36,0.0,0.0,0.6094,0.642483,0.0,0,0.7479090982,0.7871761541335341,Train
cm503311x_aloh375K_clean,7.15773,6.843,7.15773,0.948289,1598.4,1685.56,0.0,0.0,0.6106,0.643896,0.0,0,0.7458428412,0.7750227519127552,Train
cm503311x_aloh400K_clean,7.13585,6.82109,7.13585,0.948063,1604.12,1692.0,0.0,0.0,0.6108,0.644261,0.0,0,0.7600993987000001,0.768548621428738,Train
cm503311x_aloh425K_clean,7.16028,6.84144,7.16028,0.947823,1600.53,1688.64,0.0,0.0,0.611,0.644635,0.0,0,0.7474535778,0.7636410277713515,Train
cm503311x_aloh450K_clean,7.14422,6.83019,7.14422,0.947615,1603.14,1691.76,0.0,0.0,0.6106,0.644355,0.0,0,0.7513439681999999,0.768548621428738,Train
cm503311x_aloh475K_clean,7.15171,6.83611,7.15171,0.947452,1603.8,1692.75,0.0,0.0,0.6108,0.644676,0.0,0,0.7578874572,0.764284590800695,Train
cm503311x_aloh500K_clean,7.13372,6.81979,7.13372,0.947313,1605.9,1695.22,0.0,0.0,0.6114,0.645405,0.0,0,0.756192593,0.7696552996334727,Train
cm503311x_F-mil-53-Al-lp-mono_clean,7.00775,6.5216,7.00775,0.971998,1645.39,1692.79,0.0,0.0,0.6046,0.622018,0.0,0,0.9167338336,0.7454013733728472,Train
cm503311x_F-mil-53-Al-lp-ortho_clean,7.02034,6.52714,7.01966,0.96948,1649.91,1701.85,0.0,0.0,0.609,0.628172,0.0,0,0.908962886,0.7300193497938554,Test
cm503311x_OH-mil-53-Al-lp-ortho_clean,7.10725,6.52666,7.10725,0.948868,1614.15,1701.13,0.0,0.0,0.6014,0.633808,0.0,0,0.8641122418000001,0.7740794350398821,Test
cm504350q_si_002_clean,5.76264,4.30885,5.7542,1.44577,991.836,686.024,142.148,98.3197,0.5294,0.366171,0.0,1,0.4896255657,0.6092109922948296,Test
cm901983a_si_001_clean,27.79726,11.16103,27.79599,0.630774,1349.52,2139.47,28.0221,44.4249,0.749,1.18743,0.0,1,1.1449081267,0.5445468013927655,Test
COBWEV_clean,5.55668,4.21092,5.49797,1.63609,377.557,230.768,91.8579,56.1447,0.4574,0.279569,0.0,1,0.1154701883,0.16752160355031875,Train
COCMAJ_clean,8.89284,8.27815,8.8249,0.8398,2517.0,2997.14,0.0,0.0,0.7562,0.900452,0.0,1,0.3285717098,0.361411220950022,Train
COCMOY_clean,15.71318,6.14739,15.71318,0.538882,2078.74,3857.5,0.0,0.0,0.7762,1.44039,0.0,1,0.4192413229,0.5537111077998357,Train
COCMUE_clean,10.55498,6.2941,10.55218,0.575823,2408.0,4181.84,0.0,0.0,0.7504,1.30318,0.0,1,0.4495590034,0.5862503343762754,Test
COCNAL_clean,10.84171,6.54754,10.84171,0.653951,2390.98,3656.2,0.0,0.0,0.7696,1.17685,0.0,1,0.4008988099,0.5025166139724024,Train
COCNEP_clean,10.13832,6.56369,10.13026,0.615207,2370.03,3852.42,0.0,0.0,0.7534,1.22463,0.0,1,0.4643359554999999,0.5120131808372685,Train
CODFEH_clean,3.78989,3.49285,3.78989,1.48867,302.667,203.313,0.0,0.0,0.4624,0.310612,0.0,1,0.2075955418,0.32144402783098625,Train
CODMUF_clean,4.26772,3.45383,4.24866,1.74897,903.437,516.555,0.0,0.0,0.5768,0.329795,0.0,1,0.717978782,0.3534013819903193,Test
CODNAM_clean,4.57469,3.97634,4.52445,1.63521,1494.85,914.162,0.0,0.0,0.5962,0.364602,0.0,0,1.0615549547,0.9623015709152262,Train
CODROD_clean,4.34102,3.83565,4.34102,1.88869,770.385,407.893,0.0,0.0,0.4956,0.262404,0.0,1,0.4428109468,0.5319877609373643,Test
CODRUJ_clean,4.3292,3.79384,4.32865,1.92319,755.058,392.607,0.0,0.0,0.4878,0.253641,0.0,1,0.4508010864,0.4159021830227001,Test
CODSUL_clean,6.55692,3.55923,6.55642,1.27214,782.617,615.2,0.966661,0.759873,0.4932,0.387695,0.0,1,0.311175155,0.3509555250638735,Train
COGNAO_clean,5.98836,4.70156,5.95362,1.13574,1753.04,1543.53,0.0,0.0,0.578,0.508922,0.0,1,0.7417257361,0.635618835987366,Train
COJGEO_clean,6.41217,5.04769,5.92617,0.978354,2161.34,2209.16,0.0,0.0,0.6438,0.658044,0.0,1,0.828066121,0.7386830520674229,Test
COJHIT_clean,10.09171,9.35609,10.09171,0.716453,1773.43,2475.29,0.0,0.0,0.707,0.986805,0.0,0,0.4271978696,0.4185370492050225,Test
COKFAK_clean,5.25617,3.49649,5.25539,1.05876,800.714,756.272,0.071455,0.0674891,0.4738,0.447503,0.0,1,0.6303487783,0.6395910330099001,Test
COKMEW_clean,11.49614,10.90273,11.4945,1.13639,1559.35,1372.2,0.0,0.0,0.646,0.568466,0.0,1,0.410864059,0.37156169685770424,Test
COKMIA_clean,11.457,10.75448,11.457,1.17248,1560.69,1331.1,0.0,0.0,0.6422,0.547727,0.0,1,0.3301060209,0.355999398157804,Test
COKMOG_clean,11.40307,10.64671,11.37943,1.32388,1550.85,1171.45,0.0,0.0,0.6382,0.482069,0.0,1,0.3098128921999999,0.3244565641374091,Train
COKMUM_clean,11.78987,10.95857,11.78969,1.07449,1572.51,1463.5,0.0,0.0,0.6544,0.609034,0.0,1,0.3156357052,0.3312101522655897,Test
COKNAT_clean,11.6018,10.75702,11.60156,1.22798,1610.43,1311.45,0.0,0.0,0.6686,0.544469,0.0,1,0.4112922106,0.3638938089460606,Train
COKPEZ_clean,11.53314,10.69952,11.53296,0.910755,1588.72,1744.4,0.0,0.0,0.66,0.724674,0.0,1,0.5232916281000001,0.3984446366722655,Train
COKPID_clean,11.40668,10.82581,11.40502,1.13771,1560.01,1371.18,0.0,0.0,0.6426,0.564817,0.0,1,0.4150626765,0.3743024988924527,Test
COKPOJ_clean,11.55541,10.79186,11.54889,1.17423,1558.36,1327.14,0.0,0.0,0.6464,0.550488,0.0,1,0.3446358039,0.3552502745781716,Train
COKPUP_clean,11.57951,10.81874,11.57907,1.23248,1594.31,1293.59,0.0,0.0,0.671,0.544433,0.0,1,0.4164585086999999,0.34854776239198293,Train
COKQAW_clean,11.31709,10.61593,11.31663,1.308,1523.61,1164.84,0.0,0.0,0.6476,0.495108,0.0,1,0.2689160288,0.2940444068244486,Test
COKQEA_clean,11.43729,10.88858,11.43526,1.1695,1547.4,1323.13,0.0,0.0,0.6482,0.554254,0.0,1,0.3356176864,0.3540677967749851,Test
COKQIE_clean,11.52097,11.05538,11.51936,1.12778,1536.06,1362.02,0.0,0.0,0.646,0.572806,0.0,1,0.410667845,0.36082352720588867,Train
COKQOK_clean,11.69077,10.88298,11.69034,1.22651,1596.45,1301.62,0.0,0.0,0.6696,0.545941,0.0,1,0.4078750845,0.35476343706322816,Train
COKROL_clean,5.12764,4.65835,5.12764,1.20027,1190.29,991.679,0.0,0.0,0.5368,0.447232,0.0,1,1.5280324018,1.0244297095119825,Train
COKRUR_clean,8.84098,5.5446,8.84098,0.885689,1897.06,2141.9,0.0,0.0,0.6258,0.706568,0.0,1,0.847935581,0.6482399815810636,Train
COMDOY_clean,6.1206,5.53928,6.10847,1.22694,1491.89,1215.95,0.0,0.0,0.5716,0.465876,0.0,0,1.0013892424,0.8548589988004648,Train
COPXOV_clean,5.47401,3.72166,5.47401,1.25742,393.122,312.642,0.0,0.0,0.4288,0.341015,0.0,0,0.4774309596,0.4191611388802071,Train
COQGAS_clean,7.55288,6.66056,7.53462,1.14065,1084.94,951.161,0.0,0.0,0.5048,0.442555,0.0,0,0.4386199564999999,0.43450006125531015,Train
COQHUN_clean,7.65838,4.8543,7.65838,0.97068,1543.72,1590.34,0.0,0.0,0.5742,0.591544,0.0,1,0.7878939739,0.6418378784071737,Test
COQLAX_clean,6.51206,3.51527,6.51206,1.25751,617.251,490.851,2.6328,2.09366,0.4496,0.357531,0.0,1,0.3622113195,0.28391029054882183,Train
COQNIF_clean,8.23055,5.78857,8.23055,1.332,1912.43,1435.75,0.0,0.0,0.608,0.456455,0.0,0,1.8169607594,1.2165784745306834,Train
COQTEJ_clean,7.76168,6.6264,7.46116,0.69781,2656.93,3807.52,0.0,0.0,0.7034,1.00801,0.0,1,0.7700586884999999,0.646059529531368,Train
CORZIU_clean,12.15536,11.69752,12.13047,0.719622,2150.19,2987.95,0.0,0.0,0.7504,1.04277,0.0,1,0.5843833613,0.5243584516718536,Train
COSMII_clean,8.75515,7.45633,8.75515,0.883978,2550.25,2884.97,0.0,0.0,0.6928,0.78373,0.0,1,0.9059965586,0.59635542058517,Test
COTVOY_clean,5.88006,4.17812,5.70456,1.30534,1614.08,1236.52,0.0,0.0,0.5814,0.445402,0.0,1,0.6024336060000001,0.5672774976881225,Train
COTVUE_clean,5.96406,4.24876,5.86955,1.32545,1637.27,1235.25,0.0,0.0,0.5874,0.443169,0.0,1,0.5707690236999999,0.5804955641561016,Train
COTXEQ_clean,5.14726,4.24065,5.13338,1.08125,1135.23,1049.92,0.0,0.0,0.5266,0.487029,0.0,0,0.9215881808,0.9599051047290641,Test
COTXIU_clean,5.20924,4.31105,5.19843,1.08343,1119.32,1033.13,0.0,0.0,0.5218,0.481618,0.0,0,0.9452698655,0.9218450293987828,Train
COTXOA_clean,5.06649,4.15335,5.05658,1.08454,1114.76,1027.86,0.0,0.0,0.52,0.479465,0.0,0,0.9508811252,0.9966620649662528,Train
COTYIV_clean,9.63817,7.84231,9.63817,0.968257,1898.84,1961.09,0.0,0.0,0.697,0.71985,0.0,1,0.3153934166,0.3351374578278361,Train
COVPAG_clean,5.03463,4.22302,4.98223,1.34292,669.782,498.75,0.0,0.0,0.3872,0.288327,0.0,1,0.66503467,0.6782377380068351,Train
COWBEX_clean,5.58641,4.95411,5.5297,1.71799,525.99,306.165,0.0,0.0,0.4268,0.24843,0.0,1,0.1974777126,0.13764265047313423,Train
COWMAD_clean,6.73617,5.57745,6.73408,1.22293,2145.79,1754.63,0.0,0.0,0.651,0.532328,0.0,1,0.3031410281,0.4773462973819961,Test
COWMEH_clean,6.75649,5.53249,6.75411,1.20645,2145.39,1778.27,0.0,0.0,0.6618,0.548553,0.0,1,0.3034941115,0.381102720680919,Train
COWMIL_clean,6.74228,5.52931,6.73491,1.23822,2114.95,1708.06,0.0,0.0,0.6464,0.522042,0.0,1,0.3067278616,0.441001198969648,Train
COWMOR_clean,6.72492,5.5633,6.71793,1.24692,2127.23,1705.98,0.0,0.0,0.644,0.516471,0.0,1,0.3021248366,0.4404618793645697,Train
COWMUX_clean,6.71015,5.5309,6.7037,1.25989,2128.6,1689.51,0.0,0.0,0.6534,0.518616,0.0,1,0.3020252682,0.36274876901827546,Train
COXHED_clean,8.70899,8.38156,8.70899,0.6876,2308.5,3357.33,0.0,0.0,0.7964,1.15823,0.0,0,0.183814546,0.21257617035857657,Train
COXHIH_clean,8.57279,8.24745,8.57279,0.705939,2310.51,3272.96,0.0,0.0,0.7916,1.12134,0.0,0,0.182964286,0.21498784552840206,Train
COXHON_clean,8.79766,8.47314,8.79766,0.659131,2297.83,3486.15,0.0,0.0,0.8002,1.21402,0.0,0,0.2309146696,0.2226943796245987,Train
COXXIX_clean,5.00194,3.89763,4.98595,1.444,837.163,579.754,22.0465,15.2677,0.5136,0.355679,0.0,1,0.1257086565,0.3403000503357554,Train
COYCEZ_clean,6.30223,4.25857,6.12676,1.16488,1753.9,1505.65,0.0,0.0,0.5836,0.500994,0.0,1,0.4317229046,0.6325951801798417,Train
COYCID_clean,9.57313,6.95581,9.57313,0.931123,1860.71,1998.35,0.0,0.0,0.6788,0.729012,0.0,1,0.2773745467,0.46574764183680467,Train
COZMUA_clean,10.13386,5.37207,10.11324,0.637133,2279.97,3578.48,0.0,0.0,0.7374,1.15737,0.0,1,0.4829357409,0.4817435322609704,Train
CUBHOY_clean,7.59167,4.35736,7.59084,1.4363,1409.0,980.994,0.0,0.0,0.55,0.382928,0.0,1,0.2898330388,0.38452981413822845,Train
CUCKIV_charged,4.87533,4.08652,4.52426,1.3221,1032.16,780.696,0.0,0.0,0.5142,0.388926,0.0,0,0.5266896438,1.1566473991178183,Test
CUCSAU_clean,5.5757,4.21323,5.5757,0.840322,1200.85,1429.04,0.0,0.0,0.5078,0.604292,0.0,1,0.3804727893,0.7584032025865391,Test
CUCTAX_clean,4.38086,4.0721,4.38086,1.35437,330.655,244.139,49.7338,36.721,0.4262,0.314685,0.0,0,0.6964408698000001,0.6996736759096699,Train
CUFDUD_clean,6.88574,5.43307,6.8031,0.934938,2543.4,2720.39,0.0,0.0,0.6874,0.735236,0.0,0,0.8864934886,0.6958733719580561,Test
CUFFAL_clean,6.84864,5.58095,6.83586,0.914088,2542.3,2781.24,0.0,0.0,0.6982,0.763822,0.0,0,0.8205186417,0.678208023643421,Test
CUFFEP_clean,6.24407,5.54414,6.24407,0.899727,2546.22,2829.99,0.0,0.0,0.6998,0.777791,0.0,0,0.7013685595,0.7425747302334176,Train
CUFGIV_clean,7.21934,5.21879,7.21721,0.929294,2597.37,2794.99,0.0,0.0,0.6854,0.737549,0.0,1,0.5433927322,0.6139389259496483,Test
CUFGOB_clean,4.05624,3.53975,4.04542,2.04456,175.907,86.0365,0.0,0.0,0.427,0.208847,0.0,1,0.02684157,0.1028827576324376,Train
CUFGUH_clean,4.02229,3.4972,4.01473,2.06043,171.814,83.3874,0.0,0.0,0.4234,0.205491,0.0,1,0.0259870767,0.08937571154277452,Train
CUGVUW_clean,6.46234,4.56978,6.46234,1.32198,676.004,511.358,0.0,0.0,0.4376,0.331019,0.0,0,0.2341446362,0.23896665022304248,Test
CUGXAF_clean,8.60996,4.08035,8.60996,0.892149,1793.87,2010.73,0.236744,0.265364,0.6424,0.720059,0.0,1,0.8464805907999999,0.5678086056419879,Test
CUGYUA_clean,4.81001,4.60953,4.81001,2.60117,548.977,211.05,0.0,0.0,0.4254,0.163542,0.0,1,0.0350355339,0.029443723599440474,Train
CUIMDZ01_clean_h,4.5789,3.79593,4.57845,1.66764,167.634,100.522,0.0,0.0,0.381,0.228466,0.0,1,0.0988479115,0.07369478946632818,Train
CUKXIR_clean,4.25316,3.64523,4.25225,1.37123,1248.02,910.151,0.0,0.0,0.5164,0.376597,0.0,1,0.6927788506999999,0.8131294979116291,Train
CUKXOW_clean,4.70734,4.27142,4.70734,1.65503,1163.02,702.72,14.5035,8.7633,0.5338,0.322532,0.0,1,0.4006866378,0.38595671444760826,Train
CUKXUC_clean,4.71812,4.30637,4.71207,1.61022,1190.26,739.19,16.3088,10.1283,0.5368,0.33337,0.0,1,0.402586657,0.4416992573379979,Test
CUKYAJ_clean,4.71891,4.29348,4.71891,1.65805,1181.97,712.869,13.2923,8.01679,0.5418,0.326769,0.0,1,0.3931227872,0.36780564558884216,Test
CUKZOY_clean,4.8322,4.10064,4.8322,1.27011,1172.94,923.5,0.0,0.0,0.5356,0.421697,0.0,1,0.5728150278,0.8797072676817406,Test
CUMDEU_clean,5.19472,4.72553,5.19472,1.64523,654.329,397.714,0.0,0.0,0.462,0.280812,0.0,0,0.0851369861999999,0.2579778524219742,Train
CUMDIY_clean,5.05781,4.25829,5.05781,2.01174,699.865,347.89,0.0,0.0,0.3956,0.196645,0.0,0,0.476541834,0.5177997724153266,Train
CUMDOE_clean,5.65665,4.97039,5.61572,1.60054,1129.91,705.955,0.0,0.0,0.5292,0.330638,0.0,0,0.2284388684,0.536531135945979,Train
CUMDUK_clean,6.0834,3.52201,5.92291,1.54452,1012.49,655.538,0.0,0.0,0.489,0.316603,0.0,1,0.2136487677,0.5969595463804346,Test
CUMJEB_clean,5.10711,4.11246,5.10711,2.00854,711.044,354.01,0.0,0.0,0.4216,0.209904,0.0,0,0.2280718146,0.45589339081269237,Train
CUMLUT_clean,5.66406,3.97439,5.65405,1.2172,2284.73,1877.03,0.0,0.0,0.6392,0.525138,0.0,1,0.8119589979999999,0.6479264563251336,Train
CUMQOQ_clean,7.03622,3.75437,6.89995,0.977205,1831.45,1874.17,0.0,0.0,0.6154,0.629756,0.0,1,0.4538777827,0.749311455357768,Train
CUNFOH01_clean,8.64942,5.76711,8.00067,1.65261,1750.49,1059.23,0.0,0.0,0.639,0.38666,0.0,1,0.0864958166,0.10704718521852402,Test
CUNFOH_clean,9.05758,5.6508,9.05758,1.63668,1779.69,1087.38,0.0,0.0,0.6298,0.384804,0.0,1,0.0842987798,0.11531049238087432,Train
CUNQOT_clean,4.94603,4.45617,4.94603,1.56048,1158.67,742.507,0.0,0.0,0.5224,0.334768,0.0,1,0.465870836,0.5175360542102534,Train
CUNQUZ_clean,5.05516,4.50865,5.05476,1.94091,1202.57,619.589,0.0,0.0,0.5384,0.277396,0.0,1,0.4164249540999999,0.4781934780689719,Train
CUNWEO_clean,7.09668,6.48549,7.07965,1.23144,1193.32,969.043,0.0,0.0,0.53,0.430389,0.0,0,0.4284242065999999,0.570021247131072,Test
CUPHUS_clean,7.45968,5.41366,5.85768,0.680928,2377.88,3492.12,0.0,0.0,0.7016,1.03036,0.0,1,0.632548884,0.6673117597373701,Train
CUQKOQ_clean,5.93389,5.13786,5.93375,1.75724,1823.79,1037.87,0.0,0.0,0.6128,0.348728,0.0,1,0.4203376846,0.34998676769801673,Train
CUQRIR_clean,5.69204,4.57463,5.69204,1.10643,1361.29,1230.35,0.0,0.0,0.5686,0.513906,0.0,0,0.7123766964,0.7121719033706275,Train
CUQROX_clean,5.44132,4.56825,5.41816,1.11997,1366.06,1219.73,0.0,0.0,0.5636,0.503227,0.0,0,0.7070965984,0.7669363280658426,Train
CUQSAK_clean,18.30047,4.50008,17.86541,0.672661,1852.6,2754.14,0.138515,0.205922,0.7088,1.05373,0.0,1,0.43896934,0.5969067226769726,Test
CUQTAL_clean,8.5131,5.3048,8.50413,0.597247,2569.07,4301.52,0.0,0.0,0.7222,1.20921,0.0,1,0.6725900648,0.5917464134893253,Train
CUQXUI_clean,8.23055,4.00763,8.23055,0.791399,1552.16,1961.29,0.863838,1.09153,0.6424,0.811727,0.0,1,0.3590356185,0.370886588529184,Train
CURBOH_clean,9.52504,4.72038,9.52504,1.26402,1793.73,1419.06,0.0,0.0,0.654,0.517396,0.0,0,0.2368036284,0.24369450045142882,Train
CURQEN_clean,5.22355,3.40082,5.03486,1.27256,737.628,579.643,0.0,0.0,0.5026,0.394953,0.0,1,0.8064551499,0.6488971459458031,Train
CURYOE01_clean,11.02009,9.16908,10.48925,1.0226,1239.44,1212.05,0.0,0.0,0.5864,0.57344,0.0,0,0.3805401947999999,0.3601755781062256,Train
CURZEV_clean,5.59049,4.15781,5.59049,1.21714,1921.05,1578.33,0.0,0.0,0.5986,0.491808,0.0,1,0.6525793232,0.7333466714886739,Test
CUSDIE_charged,13.09537,5.58136,13.09537,1.02039,1738.3,1703.57,0.0,0.0,0.6724,0.658965,0.0,1,0.2860796482,0.4528851250466175,Train
CUSYAR_clean,28.01343,12.17996,27.60124,0.247232,1408.41,5696.7,0.0,0.0,0.9076,3.67105,0.0,0,0.4246273423,0.3537107037140299,Train
CUSYIA_clean,5.815,4.76876,5.815,0.737304,2684.86,3641.46,0.0,0.0,0.6944,0.941809,0.0,0,0.7167440481999999,0.6819261008914812,Train
CUSZEX_clean,4.67101,3.44264,4.47333,0.835534,2247.71,2690.15,0.0,0.0,0.666,0.797095,0.0,0,0.7194636374,0.6298298453955731,Test
CUSZIB_clean,5.49146,4.83933,5.49049,0.750845,2776.04,3697.22,0.0,0.0,0.7042,0.937877,0.0,0,0.7886834734999999,0.7010301337933171,Train
CUTBEA_clean,7.42434,5.85197,7.17817,1.04694,2086.66,1993.1,0.0,0.0,0.646,0.617036,0.0,1,0.3901711975,0.667161159750863,Test
CUTBIE_clean,7.59116,5.99994,7.59116,0.996691,2065.1,2071.96,0.0,0.0,0.6486,0.650753,0.0,1,0.3817106409,0.5864055104770892,Train
CUTFON_charged,8.38862,6.77493,8.38733,0.882886,1323.33,1498.87,0.0,0.0,0.5826,0.659882,0.0,1,0.1812421581,0.43487522951652147,Train
CUTFUT_charged,6.47725,4.49016,6.45672,0.996719,1363.02,1367.51,9.83281,9.86518,0.5428,0.544587,0.0,1,0.5229798195,0.6320260214677413,Train
CUTGEF_clean,4.94868,3.68158,4.94702,1.57089,1320.93,840.881,0.0,0.0,0.546,0.347574,0.0,1,1.4118809625,0.5260285963356875,Test
CUVGIK_clean,6.25146,5.06086,6.0647,1.02515,1494.68,1458.01,0.0,0.0,0.5362,0.523046,0.0,0,0.9706253673,0.8997171550563411,Train
CUVGOQ_clean,5.59653,4.5385,5.59247,1.00212,1543.11,1539.84,0.0,0.0,0.5404,0.539255,0.0,0,1.0719884266,0.8978697185275406,Train
CUVHEH_clean,12.77883,12.02741,12.74392,1.65471,1447.16,874.57,0.0,0.0,0.651,0.393423,0.0,1,0.2239159019,0.24022148047249814,Test
CUVHIL01_clean,12.86501,12.02225,12.84969,1.66038,1437.07,865.505,0.0,0.0,0.642,0.386658,0.0,1,0.2378233226,0.27835016066948537,Train
CUVHIL02_clean_h,12.81562,12.03113,12.80804,1.65786,1432.65,864.159,0.0,0.0,0.6442,0.388573,0.0,1,0.2462247267,0.28237419980194917,Train
CUVHIL_clean_h,12.87614,12.03249,12.87614,1.65921,1433.06,863.702,0.0,0.0,0.643,0.387534,0.0,1,0.2462508243,0.2946276078833085,Test
CUVTUJ_clean,11.49174,10.88335,11.49174,1.17569,1542.4,1311.91,0.0,0.0,0.635,0.540109,0.0,1,0.3392514677,0.37449013291751043,Train
CUVXAT_clean,6.50652,4.77619,6.38844,1.06179,1622.41,1527.99,0.0,0.0,0.5708,0.537581,0.0,0,0.5385068296,0.7332017252337993,Train
CUWNIT_clean,7.16308,4.76212,7.16308,1.01279,1797.12,1774.42,0.0,0.0,0.5942,0.586695,0.0,1,0.5225481093,0.6544699898067442,Test
CUWNOZ_clean,5.62994,3.54616,5.59519,1.08751,1437.05,1321.41,0.0,0.0,0.5562,0.511443,0.0,0,0.8931334237999999,0.8831212918740173,Train
CUWTUL_clean,6.09533,3.90326,6.09533,1.40599,1180.08,839.321,0.0,0.0,0.5142,0.365721,0.0,1,0.8955507581000001,0.6119290911133675,Train
CUWVAT_clean,6.58776,4.88581,6.58776,1.3301,1313.65,987.633,75.7547,56.9541,0.5658,0.425382,0.0,1,0.6692108501,0.5905336191232181,Train
CUWVIB_clean,5.59458,3.68098,5.59458,1.45813,1146.31,786.151,0.0,0.0,0.4962,0.340299,0.0,1,0.8815992898999999,0.7712990491507489,Test
CUWWEY_clean,6.3126,4.22285,6.24291,1.35207,1327.35,981.718,0.0,0.0,0.5216,0.38578,0.0,0,0.5603782239,0.7119123520656787,Train
CUWXID_clean,6.81153,5.91204,6.80774,1.05332,2229.66,2116.79,0.0,0.0,0.6498,0.616908,0.0,1,0.5332683468,0.5989550111738915,Train
CUWXOJ_clean,5.20089,3.52692,5.18895,1.36291,1137.88,834.888,0.0,0.0,0.5102,0.374345,0.0,1,1.0769814658,0.7391844529303504,Test
CUWXUP_clean,5.81508,3.73125,5.78204,1.39886,1150.61,822.535,0.0,0.0,0.5122,0.366154,0.0,1,1.0714106074,0.5902870431939538,Test
CUWYAW_clean,6.66043,3.94178,6.66043,1.12925,2112.73,1870.91,0.0,0.0,0.6192,0.548327,0.0,1,0.6565209707999999,0.8743058151032137,Test
CUWZAX_clean,6.33115,4.3932,6.33115,1.11728,2292.11,2051.51,0.0,0.0,0.638,0.571029,0.0,1,0.712436112,0.6486409982114667,Train
CUWZIF_clean,6.90107,4.04842,6.50474,1.24221,1455.33,1171.56,0.0,0.0,0.5514,0.443886,0.0,1,0.8552994084000001,0.6490359173078186,Train
CUXFIL_clean,5.39541,4.09689,5.37407,1.23338,1385.07,1122.99,0.0,0.0,0.496,0.402148,0.0,1,0.8539546667,0.9295816505632335,Train
CUXJAI_clean,5.59834,5.04687,5.59211,1.08566,2410.48,2220.29,0.0,0.0,0.6696,0.616766,0.0,1,0.3783994761,0.3634726647950173,Test
CUXJEM_clean,5.2963,3.43417,5.2963,1.4085,970.687,689.164,0.0,0.0,0.509,0.361378,0.0,1,0.8026096886,0.7208110082584207,Train
CUXLEO_clean,4.56916,3.40748,4.56916,1.05387,1849.74,1755.19,0.0,0.0,0.6276,0.59552,0.0,0,0.5799299589,0.9697823460371429,Test
CUYWUP_clean,7.47672,4.58604,7.47672,0.942864,1947.64,2065.66,0.0,0.0,0.6222,0.659904,0.0,1,1.0334040854000002,0.697594279136466,Test
CUYYAX_clean,5.04944,3.83367,4.87007,1.16048,1383.0,1191.75,0.0,0.0,0.5718,0.492727,0.0,1,0.8605459283,0.8168731122868514,Train
CUYYEB_clean,5.05464,3.82141,5.04976,1.16139,1360.51,1171.44,0.0,0.0,0.5758,0.495783,0.0,1,0.8571583044,0.7984115705313342,Test
DABFIX_clean,5.93116,3.4012,5.93116,1.19033,685.642,576.011,28.078,23.5885,0.47,0.394849,0.0,1,0.7044482391,0.6073955321536869,Train
DABMUR_clean,5.77537,4.11633,5.61896,0.856547,2860.27,3339.3,0.0,0.0,0.6996,0.816768,0.0,1,0.5994779616,0.5927120621004205,Train
DACFAR_clean,7.28891,6.40353,7.28891,0.848239,1646.33,1940.88,0.0,0.0,0.624,0.735642,0.0,1,0.8952828257,0.5806083083602329,Train
DACYUE_clean,6.8959,6.15645,6.8959,0.724543,2828.29,3903.55,0.0,0.0,0.6932,0.956741,0.0,1,0.79238994,0.6924750739374512,Train
DACZUF_clean,5.17797,3.83142,5.17477,1.30054,1151.53,885.425,0.0,0.0,0.514,0.395219,0.0,1,0.7921597281,0.7823620025054968,Test
DADLEC_clean,6.0526,4.95704,6.0412,1.09523,933.141,852.004,0.0,0.0,0.4902,0.447577,0.0,1,0.3924512763,0.42139376723020977,Test
DADLIG_clean,8.09916,4.69208,7.74628,1.04866,1110.94,1059.38,0.0,0.0,0.5094,0.485762,0.0,1,0.3868140607999999,0.5330159160175875,Test
DADLOM_clean,18.71129,17.36648,18.69765,0.589373,1296.58,2199.93,0.0,0.0,0.7274,1.23419,0.0,1,0.5061354707,0.42012568670119965,Train
DADNII_clean,4.74177,3.59689,4.70677,1.8394,1364.57,741.854,0.0,0.0,0.5562,0.302381,0.0,0,0.2665400804,0.37539019853019673,Test
DADNOO_clean,4.73082,3.55854,4.7198,1.89726,1369.77,721.97,0.0,0.0,0.558,0.294108,0.0,0,0.2879583123999999,0.3755628690776208,Test
DADNUU_clean,4.77214,3.58642,4.71473,1.86251,1387.29,744.847,0.0,0.0,0.5582,0.299703,0.0,0,0.2723159235,0.4226025577911438,Train
DADPAC_clean,4.72724,3.56217,4.71894,1.83384,1319.23,719.379,0.0,0.0,0.5554,0.302862,0.0,0,0.2687103678999999,0.39454839998250946,Train
DADPEG_clean,4.6964,3.56133,4.68951,1.91805,1368.69,713.581,0.0,0.0,0.56,0.291963,0.0,0,0.290768213,0.32218856336961943,Train
DAFJOM_clean,8.83929,3.81491,8.83929,0.983115,1714.88,1744.33,0.0,0.0,0.601,0.611322,0.0,0,1.2193920134,1.001886853295011,Train
DAFSOV_clean,3.83746,3.40945,3.83746,1.6077,380.608,236.741,0.0,0.0,0.4436,0.275923,0.0,1,0.2778843143,0.3793218514364577,Train
DAFYAN_clean,9.66168,8.17907,9.66128,0.727331,2334.02,3209.02,0.0,0.0,0.7244,0.99597,0.0,1,0.5853219445000001,0.5093560723632555,Train
DAFYOB_clean,10.04293,8.51588,10.03567,0.702304,2308.4,3286.89,0.0,0.0,0.7318,1.042,0.0,1,0.5704712683,0.49361420554057855,Train
DAGDIZ_clean,6.53637,3.58733,6.4961,1.65009,1230.44,745.682,0.0,0.0,0.5248,0.318042,0.0,1,0.3816451965999999,0.4478819032860199,Train
DAGDUL_clean,5.27377,3.53794,5.26479,1.49897,1060.75,707.651,0.047289,0.0315476,0.5304,0.353842,0.0,1,0.5270953116,0.6326813018264427,Train
DAGJED_clean,5.20512,3.82408,5.11079,1.13589,1063.56,936.32,0.0,0.0,0.5332,0.469412,0.0,1,0.6665869814000001,0.7802088442631128,Train
DAHNOQ_clean,4.37827,3.40648,4.37827,1.74065,715.841,411.25,0.0,0.0,0.5478,0.314711,0.0,0,0.1541143075,0.4732970078563823,Test
DAHNUW_clean,5.84798,3.71152,5.7374,1.67689,1727.89,1030.41,0.0,0.0,0.5894,0.351484,0.0,1,0.26212076,0.36878465087788015,Test
DAHPAE_clean,5.00613,3.59286,5.00613,1.85953,1943.24,1045.01,0.0,0.0,0.5872,0.315779,0.0,0,0.3222414542,0.70676257900062,Test
DAKVIW_clean,10.56447,5.75649,10.52532,0.937929,2177.49,2321.59,0.0,0.0,0.7172,0.764663,0.0,1,0.5982515174,0.5715805710613858,Test
DAKVOC_clean,10.83342,6.67267,9.96393,0.814427,2128.52,2613.52,0.0,0.0,0.7096,0.871288,0.0,1,0.8075507773,0.5877811098448915,Train
DAKVUI_clean,10.79495,6.61419,10.65384,0.825495,2120.6,2568.89,0.0,0.0,0.704,0.852822,0.0,1,0.7198515798999999,0.6626571780328843,Train
DAKZUN_clean,8.9514,8.55667,8.9514,1.07791,1424.0,1321.08,0.0,0.0,0.6034,0.559789,0.0,1,0.2638831516,0.3766760713670929,Train
DALSUH_clean,5.91398,4.13588,5.88727,1.34754,1386.92,1029.23,0.0,0.0,0.5694,0.422549,0.0,1,0.5756326495,0.5438862755177795,Train
DALTAO_clean,5.94592,4.16513,5.91791,1.30338,1417.2,1087.33,0.0,0.0,0.5806,0.445458,0.0,1,0.5702998953,0.5669403348111444,Train
DALVAQ_clean,4.44925,3.63681,4.42486,1.58343,818.36,516.827,0.0,0.0,0.5166,0.326254,0.0,1,0.5763246439,0.45680717537802085,Train
DALVIY_clean,8.33476,5.09032,8.29465,1.08397,2205.78,2034.91,0.0,0.0,0.6634,0.612008,0.0,1,0.4462282209,0.5366468632335595,Train
DAMDUT_clean,8.31671,7.58192,8.27853,1.19599,2079.9,1739.06,0.0,0.0,0.676,0.565222,0.0,0,0.367105564,0.41577609738944554,Train
DAMYOI_clean,10.02859,8.74362,10.02158,0.833317,2083.55,2500.31,0.0,0.0,0.7206,0.864737,0.0,1,0.4759080513,0.42497021428534665,Train
DAMYUO_clean,10.07569,8.829,10.07569,0.816116,2083.89,2553.43,0.0,0.0,0.7258,0.889335,0.0,1,0.4620446044,0.4131647286027413,Train
DAMZEZ_clean,5.14628,4.13045,5.14063,1.48117,701.768,473.794,0.0,0.0,0.4344,0.293282,0.0,0,0.4826930185999999,0.5221268465048475,Train
DANFUW_clean,4.81728,3.69845,4.80154,1.21376,550.063,453.189,0.0,0.0,0.4588,0.377999,0.0,1,0.3400279683,0.5748040015842129,Train
DANZAV_charged,9.71579,8.11881,9.71579,1.08633,1754.25,1614.84,0.0,0.0,0.6146,0.565759,0.0,0,0.3808310084,0.46979253003687327,Train
DANZEZ_charged,9.71572,8.15204,9.70036,0.982123,1506.84,1534.27,0.0,0.0,0.5818,0.59239,0.0,0,0.3576491825,0.47081754435703443,Train
DANZID_charged,9.96795,8.48591,9.92826,0.966412,1751.92,1812.81,0.0,0.0,0.633,0.655,0.0,1,0.5016815216,0.4926642966034981,Train
DAPBED_clean,11.8768,6.79638,11.8768,0.823875,2185.0,2652.11,0.0,0.0,0.7074,0.858625,0.0,1,0.7637606667,0.6621945712128048,Train
DAPBIH_neutral,11.12385,5.1267,11.12385,0.988754,1494.17,1511.16,320.813,324.462,0.6592,0.666697,0.0,0,0.6327123075,0.624576001137087,Train
DAPHOU_clean,10.96282,6.06241,10.06318,0.785626,2401.47,3056.76,0.0,0.0,0.737,0.938106,0.0,1,0.5551626705,0.6020965788277588,Train
DAPXID_ion_b,14.13138,12.09179,14.13138,0.764894,1790.29,2340.57,0.0191816,0.0250774,0.7044,0.920911,0.0,1,0.2328412181,0.4627078587959607,Test
DAPYAW_clean,10.03517,4.39114,9.81197,1.07113,1518.35,1417.52,0.0,0.0,0.6004,0.560529,0.0,1,0.418241249,0.5195732381722791,Train
DARBUU_clean,5.36181,3.52881,5.36181,1.3326,1639.41,1230.24,0.0,0.0,0.6492,0.487169,0.0,1,0.0928833937,0.3598736392437796,Test
DARSEV_SL,9.02256,7.15114,9.02256,0.917569,1768.62,1927.51,0.0,0.0,0.6346,0.69161,0.0,0,0.4906100385,0.5703167047945876,Test
DATHAJ_clean,5.55335,3.71297,5.5372,1.88262,726.028,385.647,0.0,0.0,0.4308,0.22883,0.0,1,0.1771413139,0.2747841404367467,Train
DATPIY_clean,5.0065,3.44702,5.0065,2.43277,611.699,251.441,0.0,0.0,0.401,0.164832,0.0,1,0.2345604154,0.2626835093639878,Train
DAWBIO_clean,5.36745,4.59869,5.35848,1.40464,933.9,664.867,0.0,0.0,0.4578,0.325919,0.0,0,0.6217412794,0.634037191351277,Train
DAWBOU_clean,5.38914,4.65491,5.38091,1.40413,956.091,680.914,0.0,0.0,0.473,0.336864,0.0,0,0.63078755,0.5905777444241593,Train
DAWBUA_clean,5.52672,4.41246,5.51306,1.33702,1014.57,758.83,0.0,0.0,0.4726,0.353472,0.0,0,0.6612098448,0.6498428002257769,Train
DAWCAH_clean,5.49841,4.3714,5.48581,1.35332,991.393,732.566,0.0,0.0,0.483,0.356901,0.0,0,0.6893730757,0.6621186030909785,Train
DAWCIP_clean,7.07962,5.54367,6.68431,0.995326,1963.72,1972.94,0.0,0.0,0.6428,0.645818,0.0,1,0.7362591609,0.6656262949806292,Train
DAWCOV_clean,6.44243,4.38111,6.43204,0.976829,1852.41,1896.35,0.0,0.0,0.5892,0.603176,0.0,1,0.8884646222,0.7985178316356007,Train
DAWDAI_clean,5.05189,3.47503,5.00056,1.41655,729.858,515.235,3.30907,2.336,0.487,0.343792,0.0,0,0.5474185401,0.5373321245473004,Train
DAWWAB_clean,9.11595,5.71973,9.11595,1.61188,1283.24,796.112,0.0,0.0,0.5532,0.343202,0.0,1,0.2203206208999999,0.21629719540431597,Test
DAWWEF_clean,7.03379,5.33899,6.88955,1.07778,2082.97,1932.65,0.0,0.0,0.6328,0.587134,0.0,1,0.3217323296,0.6151279102489434,Train
DAXHIV01_clean,7.67683,6.96811,7.64287,0.883035,2122.43,2403.56,0.0,0.0,0.652,0.738362,0.0,1,0.5787548515,0.5543885780560948,Train
DAXHIV_clean,7.62222,6.92477,7.62222,0.882059,2131.41,2416.4,0.0,0.0,0.65,0.736913,0.0,1,0.5627662079,0.5593475767200436,Train
DAXHUH01_clean,7.57949,6.81104,7.57786,0.890235,2156.64,2422.55,0.0,0.0,0.6646,0.746545,0.0,1,0.5904297582,0.5544560152267312,Train
DAXHUH_clean,7.50015,6.78537,7.50015,0.876532,2176.78,2483.4,0.0,0.0,0.6518,0.743612,0.0,1,0.5614853727,0.5572659263151379,Train
DEBGIA_clean,4.22344,3.46939,4.21901,1.31115,709.801,541.36,0.0,0.0,0.5062,0.386075,0.0,1,0.4897874202,0.4704488159412597,Test
DEBWAK_clean,9.51714,7.06696,9.49794,1.05415,1137.31,1078.89,0.0,0.0,0.5474,0.519279,0.0,1,0.2988323079,0.3073322845465449,Train
DEFKUU_clean,5.40643,4.54366,5.40121,1.71115,1533.38,896.109,0.0,0.0,0.5346,0.312421,0.0,1,0.4303755235,0.5612412440319223,Test
DEFRIR_clean,4.8082,3.42715,4.52912,1.36761,1390.79,1016.96,0.0,0.0,0.6218,0.454663,0.0,1,0.3085949812,0.29163454152168833,Test
DEGJIK_clean,4.49857,3.8442,4.48892,1.5866,672.4,423.8,0.0,0.0,0.4622,0.291315,0.0,1,0.6523167811,0.3510743581076875,Test
DEGPEL_charged,7.7396,4.21765,7.14988,1.4277,1629.33,1141.22,0.0,0.0,0.6116,0.42838,0.0,1,0.3554031204999999,0.29083381097748917,Train
DEJCIF_clean,5.07924,4.58071,5.07255,1.37299,1275.41,928.928,0.0,0.0,0.5384,0.392137,0.0,1,0.9059155063,0.7142899385392062,Train
DEJJIN_clean,9.02838,5.92782,8.88373,1.15645,1730.76,1496.61,0.0,0.0,0.6316,0.546154,0.0,1,0.2657008962,0.37078209437394727,Train
DEJRUH_clean,4.98345,3.78027,4.98096,1.03045,1372.42,1331.87,0.0,0.0,0.5442,0.52812,0.0,1,0.6203553895,0.7398803281012563,Train
DEKHEH_clean,5.43686,4.14383,5.43686,1.07065,1502.42,1403.28,0.0,0.0,0.5314,0.496335,0.0,0,0.6883680194,1.0081057185604572,Test
DEKHUX_clean,6.73498,5.41814,6.73498,1.052,1333.52,1267.6,0.0,0.0,0.5288,0.50266,0.0,0,0.7123221375,0.7075109730368121,Train
DELGEI_manual,11.23796,5.9406,11.23796,0.599562,2425.76,4045.89,0.0,0.0,0.7354,1.22656,0.0,1,0.3665894976,0.5985812615413415,Train
DEPSEW_clean,5.82661,3.6907,5.82661,2.13899,1066.33,498.522,0.0,0.0,0.4968,0.232259,0.0,0,2.189026494,1.8687620265231755,Train
DEPTOH_clean,5.8241,3.64846,5.79204,2.13649,1058.19,495.294,0.0,0.0,0.4966,0.232438,0.0,0,2.1240268639,1.9459725342705356,Train
DEPXAY_clean,5.29628,3.94728,5.28006,1.07008,2144.58,2004.14,0.0,0.0,0.6404,0.598462,0.0,1,0.8201324464,0.7259489317793275,Train
DEPXIG_clean,5.45833,4.42032,5.43874,1.21453,1418.68,1168.08,0.0,0.0,0.5298,0.436217,0.0,1,0.7706742712000001,0.8889681047517844,Test
DEPXOM_clean,5.87443,4.69467,5.85064,1.07984,2256.84,2089.97,0.0,0.0,0.6052,0.560452,0.0,1,0.5349730272,0.7763324086890984,Test
DEQFOU_clean,4.43033,3.99236,4.42996,1.33979,549.564,410.186,188.414,140.63,0.5546,0.413945,0.0,1,0.3514631102,0.37717779608848695,Train
DEQVIF_clean,6.28134,5.12336,6.25197,1.10154,1366.18,1240.24,0.0,0.0,0.5242,0.475878,0.0,0,0.6177463913,0.760525757149603,Train
DEWQUS_clean,6.85928,3.77665,6.81852,1.76082,1527.11,867.274,0.0,0.0,0.5524,0.313718,0.0,1,0.2380409673,0.24465431179007302,Train
DEWRIH_clean,5.32446,3.88819,5.25315,2.34041,1006.15,429.901,0.0,0.0,0.4786,0.204494,0.0,1,0.1401482857,0.20828838928744364,Train
DEYJIC_clean,5.18714,3.79158,5.1767,1.26241,1435.68,1137.26,0.0,0.0,0.5344,0.423318,0.0,1,0.5739517123,0.7585523425461466,Train
DEYJOI_clean,5.20142,3.64055,5.19254,1.24367,1493.92,1201.22,0.0,0.0,0.5352,0.430338,0.0,1,0.5789302423,0.721328978044744,Train
DEYLUQ_clean,7.28064,4.66536,7.28064,1.6199,977.704,603.558,0.0,0.0,0.4976,0.307179,0.0,1,0.3234123397,0.17876605450310318,Train
DEYNIG_clean,4.67091,3.76726,4.63755,2.4194,389.97,161.184,0.0,0.0,0.4246,0.175498,0.0,1,0.1414159822,0.1311681210434048,Test
DEZKAW_clean,8.13146,3.74741,8.1255,0.911325,1740.68,1910.06,27.7822,30.4855,0.6372,0.699202,0.0,1,0.3458919699,0.4389017929988125,Train
DIBJEF_clean,5.60649,4.70814,5.13464,1.76959,946.581,534.916,0.0,0.0,0.4236,0.239378,0.000565104,1,0.4330930424,0.34371699506669906,Test
DIBJIJ_clean,6.10817,4.16928,5.9554,1.53541,899.273,585.691,0.0598489,0.0389792,0.5054,0.329164,0.0,1,0.3588191967,0.2764833817494568,Test
DIBPAH_clean,5.70136,3.62358,5.70136,1.16448,1493.52,1282.56,0.0,0.0,0.5674,0.487255,0.0,1,0.8935486779999999,0.7773133427874914,Train
DIBQEM_clean,16.82847,3.4822,16.82847,0.80886,1885.97,2331.64,0.0,0.0,0.6836,0.84514,0.0,1,0.5450673296999999,0.6552131274688451,Train
DIBQIQ_clean,8.63632,7.63034,8.63632,0.777557,2368.36,3045.9,0.0,0.0,0.6702,0.86193,0.0,1,0.7199950045,0.635812739371953,Train
DIBQOW_clean,9.37426,8.42221,9.36118,0.760114,2220.47,2921.23,0.0,0.0,0.6854,0.901706,0.0,1,0.6675938565999999,0.5931478332789042,Test
DIBQUC_clean,9.44546,8.47192,9.44155,0.754531,2221.93,2944.78,0.0,0.0,0.6746,0.894065,0.0,1,0.6705437165,0.6369421128381154,Train
DICKEH_clean,12.83987,7.4101,12.68863,0.522471,2354.64,4506.73,0.0,0.0,0.796,1.52353,0.0,1,0.5182773039,0.47564190711101867,Train
DICVAO_clean,6.28011,3.53464,6.28011,1.12464,1454.75,1293.53,0.0,0.0,0.5698,0.506652,0.0,1,0.7657396787999999,0.8792060549749281,Test
DICVES_clean,6.33441,3.59662,6.33441,1.11373,1441.4,1294.21,0.0,0.0,0.581,0.521669,0.0,1,0.7540901031999999,0.7545966829576247,Test
DICVIW_clean,6.26495,3.45129,6.22166,1.15151,1468.87,1275.6,0.0,0.0,0.5682,0.493438,0.0,1,0.7814609854000001,0.8764169213246896,Train
DIDBAV_clean,9.28847,5.74363,7.91915,0.92545,1489.11,1609.07,0.0,0.0,0.5874,0.634718,0.0,0,0.7326331296999999,0.6849605999397721,Train
DIDBEZ_clean,9.17575,5.94989,7.9915,0.929043,1495.06,1609.25,0.0,0.0,0.5892,0.634201,0.0,0,0.7303076589,0.6901347072186923,Train
DIDDOK_clean,9.60031,8.17399,9.60031,0.525842,2599.96,4944.37,0.0,0.0,0.7878,1.49817,0.0,1,0.4918048457,0.38249877916827435,Train
DIHVIB01_clean,13.18363,6.64307,13.17065,0.881735,2096.71,2377.93,0.0,0.0,0.7124,0.807952,0.0,1,0.5527074487,0.617070722382325,Test
DIHVIB_clean,13.27896,6.89092,13.26587,0.883073,2036.2,2305.8,0.0,0.0,0.7186,0.813749,0.0,1,0.5563336041,0.5223598756186345,Train
DIKJUD_clean,5.51513,4.27188,5.50941,1.06812,1036.17,970.09,0.0,0.0,0.5198,0.486651,0.0,1,0.8663234808,0.8546094164522438,Train
DINNIZ_clean,5.64071,4.66315,5.45064,1.16869,1439.96,1232.11,0.0,0.0,0.5486,0.469413,0.0,1,0.363411115,0.741175152303472,Test
DIPMAS_clean,5.87796,4.78268,5.87796,1.71391,1532.86,894.368,0.0,0.0,0.5492,0.320438,0.0,1,0.1463572357,0.4137478972886699,Test
DIRPIF_clean,8.33531,6.07292,8.1953,0.867063,1783.84,2057.33,0.0,0.0,0.6398,0.737893,0.0,1,0.6428400596,0.5108141389717216,Test
DITJIB_clean,20.3631,9.01147,20.3631,0.521418,1774.76,3403.71,0.0,0.0,0.8332,1.59795,0.0,1,0.2775115165,0.3774044443464708,Test
DITJOH_clean,19.43102,8.59079,19.40135,0.448746,1849.48,4121.45,0.0,0.0,0.824,1.83623,0.000445686,1,0.3430047293,0.33629935429663677,Train
DITTEH_clean,5.93254,5.15214,5.88831,1.0803,2344.41,2170.15,0.0,0.0,0.6392,0.59169,0.0,1,0.6176344946,0.595544196290491,Train
DITXOU_clean,5.00365,3.53364,4.98221,1.08104,1844.81,1706.51,0.0,0.0,0.6206,0.574076,0.0,1,0.7863448481,0.8755731182383946,Train
DITYEM_clean,4.09318,3.46859,4.09318,1.84238,155.54,84.4234,0.0,0.0,0.347,0.188344,0.0,1,0.1298422054,0.16858245005387457,Test
DITYOW_clean,4.93354,4.81445,4.92328,1.42734,510.614,357.738,113.486,79.5089,0.4866,0.340914,0.0,1,0.3770110945,0.4440423464425643,Train
DIVGIA_clean,5.63742,3.98335,5.62763,1.20442,696.106,577.961,65.1595,54.1004,0.5032,0.417795,0.0,1,0.3734557854999999,0.4005823295539789,Train
DIVPUU_clean,5.28515,5.1054,5.28515,1.34186,1223.75,911.977,0.0,0.0,0.5794,0.431788,0.0,1,0.6969804734,0.6035424104490162,Train
DIVSUY_clean,6.25148,4.17859,6.25148,1.23081,1945.11,1580.35,0.0,0.0,0.5978,0.485697,0.0,1,0.7555981834000001,0.697371583307838,Train
DIWMON_clean,9.50738,3.99435,9.49132,0.925424,1888.23,2040.4,0.0,0.0,0.6264,0.676879,0.0,1,0.5669982733,0.8515261748984105,Test
DIWNAA_clean,6.5178,6.18035,6.5178,0.652513,3119.09,4780.12,0.0,0.0,0.7074,1.08412,0.0,1,1.2372674797,0.7212642859461682,Test
DIXKOL_clean,7.1658,4.7152,7.1658,1.41392,1322.21,935.139,0.0,0.0,0.5174,0.365933,0.0,1,0.4681239286999999,0.4136454118014532,Train
DIYKAZ_clean,4.37543,3.51099,4.3605,1.7281,376.515,217.879,0.0,0.0,0.374,0.216423,0.0,0,0.6497475441,0.6339858277715024,Train
DIYKED_clean,4.3222,3.9714,4.30868,1.64821,471.45,286.037,0.0806433,0.0489277,0.4054,0.245963,0.0,0,0.1120127092,0.9897038431454169,Test
DIYTEM_clean,5.54342,3.85621,5.5369,1.27196,1497.59,1177.39,0.0,0.0,0.5676,0.446239,0.0,1,0.6141788684,0.6700926435075887,Train
DOCKOW_clean,6.92307,5.14701,6.92307,1.38513,740.657,534.72,0.0,0.0,0.4578,0.330511,0.0,1,0.2103437403,0.24001435026286638,Train
DODMIT_clean,7.01246,4.52059,7.01246,1.55856,1353.3,868.3,0.0,0.0,0.5366,0.344293,0.0,1,0.5952057281,0.37235315543495506,Train
DOGMET_clean,4.99101,3.50509,4.98216,1.8068,621.631,344.051,0.0,0.0,0.4322,0.239208,0.0,0,0.3440291331,0.5043940830891893,Test
DOHNUL_clean,5.10735,4.25399,5.10735,1.35619,773.026,569.999,0.0,0.0,0.4762,0.351131,0.0,1,0.3952001367,0.5558940601467389,Train
DOKDEN_clean,15.14217,13.44364,15.14217,0.712137,1836.8,2579.28,0.0,0.0,0.7026,0.986608,0.0,0,0.5904969046999999,0.5751585652002187,Test
DOKHIV_clean,4.6785,3.79643,4.6785,1.49483,851.868,569.877,0.0,0.0,0.5076,0.339571,0.0,1,0.4931423674,0.3737949518428322,Train
DOLRAZ_clean,5.60421,4.00046,5.58702,1.12972,1092.67,967.204,0.0,0.0,0.499,0.441701,0.0,1,1.1616649959,0.8854558958691853,Train
DOLXOR01_clean,6.62435,5.36027,6.62435,1.08308,2578.79,2380.98,0.0,0.0,0.7368,0.68028,0.0,1,0.0911592846,0.17150257407451858,Test
DOLXOR02_clean,6.63462,5.37244,6.6246,1.07895,2591.9,2402.25,0.0,0.0,0.7454,0.690858,0.0,1,0.0892159211,0.13456617908960533,Train
DOLXOR_clean,6.62226,5.36537,6.62226,1.08651,2583.31,2377.63,0.0,0.0,0.7438,0.684577,0.0,1,0.0892862691,0.13855459668901132,Test
DOMCUE_clean,18.25013,13.54682,18.2492,0.68587,1384.82,2019.07,0.0,0.0,0.7758,1.13112,0.0,1,0.1819078341,0.45359336277431245,Test
DOMDAL_clean,18.43381,14.45488,18.43381,0.66329,1341.32,2022.22,0.0,0.0,0.7914,1.19314,0.0,0,0.1985608557,0.2831340967953443,Train
DOMFUI_clean,8.13637,5.96872,8.13476,1.18044,720.043,609.981,519.992,440.508,0.5282,0.447462,0.0,1,0.701848257,0.687022225768705,Train
DOMKEX_clean,5.79906,5.20244,5.74892,1.1266,1080.97,959.499,0.0,0.0,0.4364,0.387361,0.0,1,0.4222971282,0.6380576868610162,Test
DONKIC_clean,6.48379,4.41641,6.4829,1.03451,1661.2,1605.79,0.0954102,0.0922278,0.5846,0.565101,0.0,1,0.5281202945,0.6278985151201691,Train
DONKOI_clean,7.04655,4.39343,7.04655,1.0337,1721.47,1665.34,0.466736,0.451519,0.6006,0.581018,0.0,1,0.5269234983,0.564260150040332,Train
DONKUO_clean,5.4573,3.6514,5.4573,1.13,941.26,832.97,0.0,0.0,0.5158,0.456458,0.0,1,0.7035116778,0.8220077111825166,Test
DONNAW01_SL,6.43543,6.35486,6.43543,1.16514,1539.67,1321.44,0.0,0.0,0.5912,0.507406,0.0,0,0.8165926915999999,0.8072488487143993,Train
DONNAW_clean,6.49774,6.1972,6.46918,1.18453,1598.35,1349.36,0.0,0.0,0.5994,0.506024,0.0,0,0.9892420559,0.8127342882395759,Train
DONNEA_clean,5.83858,5.56044,5.83858,1.23493,1480.59,1198.93,0.0,0.0,0.573,0.463996,0.0,0,0.9704616398,0.8635736036520398,Train
DONNIE_clean,7.12052,6.90641,7.12052,1.14518,1600.5,1397.6,0.0,0.0,0.6142,0.536335,0.0,0,0.8939752241,0.7302661038129544,Train
DONXUB_clean,5.08195,4.10328,5.08195,1.44854,506.69,349.793,246.756,170.348,0.4778,0.329849,0.0,1,1.4842919286,1.2409738492452522,Train
DOPHOH_clean,12.12577,5.64086,12.12577,0.985409,1409.44,1430.31,390.474,396.256,0.664,0.673832,0.0,1,0.3553576745,0.4765815031678898,Test
DOPHUN_clean,12.13355,5.61514,12.13355,0.984545,1406.36,1428.44,392.743,398.909,0.6676,0.67808,0.0,1,0.3545109614,0.4318812016211613,Train
DOPJAV_clean,7.55824,6.21149,7.55824,1.32954,1214.76,913.669,0.0,0.0,0.54,0.406156,0.0,1,0.2434458518,0.3848120369500841,Train
DORFAS_clean,6.89012,5.94748,6.89012,1.02954,1487.46,1444.77,0.0,0.0,0.5948,0.577731,0.0,0,0.6547418787,0.6514533618382486,Train
DORFOG_clean,3.83387,3.5005,3.83387,1.28492,358.59,279.076,0.0,0.0,0.476,0.370451,0.0,1,0.5058728629,0.266431754533132,Test
DORFUM_clean,5.31241,3.65877,4.34235,1.179,656.388,556.733,287.867,244.163,0.4348,0.368788,0.0,1,0.951732906,1.0028663485483769,Train
DORYUG_clean,4.30528,3.70581,4.14603,1.35136,548.483,405.876,0.0,0.0,0.4236,0.313463,0.0,0,1.4073387456,1.0755592593613819,Train
DOTTEM_clean,6.58677,6.27426,6.58677,1.16648,1563.6,1340.44,0.0,0.0,0.6108,0.523628,0.0,0,0.9294343128,0.7363731654698664,Train
DOTTUC_charged,4.62986,4.25621,4.62986,1.14726,852.417,743.004,0.0,0.0,0.5106,0.445061,0.0,0,0.8269435581999999,0.9626456017062229,Train
DOTYES_clean,5.96032,3.45239,5.95027,3.11213,1072.19,344.518,4.81821,1.5482,0.4928,0.158348,0.0,1,0.0578472451,0.07811993640445125,Train
DOYBAV_clean,6.11281,4.48624,6.11281,1.17289,1293.73,1103.03,0.0,0.0,0.5656,0.482229,0.0,1,0.4678034591,0.6502823257915613,Train
DOYBEA_clean,5.83429,5.37899,5.82078,1.0599,1634.79,1542.4,0.0,0.0,0.5844,0.551373,0.0,0,1.2196852424,0.7913160013153713,Test
DOYBUQ01_clean,4.47276,3.50575,4.44835,1.90606,879.044,461.183,0.0,0.0,0.519,0.272289,0.0,1,0.6627001462,0.43988016615731457,Test
DOYBUQ_clean,4.65105,3.76809,4.64879,1.78136,1057.62,593.716,0.0,0.0,0.5468,0.306956,0.0,1,0.5624763109,0.4550386098186918,Train
DOYHOQ_clean,6.82504,4.15814,6.82504,0.987346,2244.54,2273.31,0.0,0.0,0.6424,0.650633,0.0,1,0.8744888745,0.7426656399918246,Test
DOYHUW_clean,6.87938,5.20644,6.87938,0.976254,2294.91,2350.74,0.0,0.0,0.6516,0.667449,0.0,1,1.2237808067,0.6466707453207332,Test
DOYLEI_clean,6.40369,4.15529,6.40369,1.15157,1694.44,1471.42,0.0,0.0,0.6046,0.525024,0.0,1,0.2320878264999999,0.5600197012429513,Train
DOZCEC_clean,19.11403,11.74027,19.11403,0.458248,1880.45,4103.57,0.0,0.0,0.8106,1.76891,0.0,1,0.3860301356,0.44023264148464325,Test
DOZKIO_clean,6.44925,4.72277,6.43616,1.05766,2120.44,2004.84,0.0,0.0,0.6376,0.602839,0.0,1,0.9624660877,0.7583771979669301,Test
DUBBEI_clean,4.93494,3.49142,4.86694,2.00135,1263.38,631.266,0.0,0.0,0.5166,0.258126,0.0,0,0.4822870943999999,0.6585559834591159,Train
DUBJUH_clean,7.25048,6.08004,7.24863,1.09392,1335.78,1221.09,0.0,0.0,0.5476,0.500583,0.0,0,0.6179233747999999,0.6521762748051771,Test
DUBKAO_clean,7.17371,5.8712,7.17371,1.10727,1329.12,1200.36,0.0,0.0,0.5452,0.492383,0.0,0,0.6258127799000001,0.6433622599693569,Train
DUBWON_clean,5.41735,4.7264,5.40719,1.2729,1870.44,1469.44,0.0,0.0,0.6244,0.490534,0.0,1,1.0021628856,0.7421817403590704,Train
DUDKEU_clean,5.16942,3.66649,5.16942,1.65561,855.86,516.946,0.0,0.0,0.4144,0.250301,0.0,1,0.1952378335,0.3119733124791243,Train
DUDKOE_clean,10.92488,6.00637,10.24342,0.779781,2417.09,3099.71,0.0,0.0,0.7388,0.947446,0.0,1,0.5384052226,0.602728621808744,Train
DUDKUK_clean,8.84791,6.66406,8.84791,0.84398,2430.67,2880.0,0.0,0.0,0.75,0.888646,0.0,1,0.3360184477,0.45833035868405403,Train
DUFGOB_clean,8.44616,7.81761,8.44616,1.12069,1457.55,1300.59,0.0,0.0,0.5722,0.51058,0.0,1,0.170241,0.3282300936935116,Train
DUFKAS_clean,18.33861,11.31425,18.33733,0.529585,1559.27,2944.33,0.0,0.0,0.811,1.53139,0.0,1,0.314292901,0.3726610140189539,Test
DUGMOJ_clean,13.15947,6.68014,13.15947,1.04413,1452.16,1390.78,0.0,0.0,0.5972,0.571957,0.0,1,0.5310941861,0.5033186738859117,Test
DUHXIP_clean,5.38027,3.4809,5.34205,1.27884,677.396,529.696,4.06005,3.17479,0.4624,0.361578,0.0,1,0.6875493221,0.49492230750159216,Train
DUJRAD_clean,6.16228,5.32315,6.13437,1.37535,1593.73,1158.79,0.0,0.0,0.5806,0.422148,0.0,1,0.5915615616,0.5222732901357576,Train
DUKNII_clean,5.28968,3.60886,5.25875,1.23201,362.386,294.143,41.4473,33.6421,0.4702,0.381654,0.0,1,0.3970842632999999,0.40435443174237634,Train
DUMXEQ01_clean,4.78039,3.84263,4.78039,1.76597,828.843,469.341,0.0,0.0,0.4496,0.254591,0.0,0,0.6754898739,0.5245809078634477,Test
DUMXEQ_clean,4.75958,3.82785,4.75554,1.76954,805.711,455.323,0.0,0.0,0.4502,0.254417,0.0,0,0.6658978734000001,0.47845254751764515,Train
DUMXIU_clean,4.39406,3.66786,4.39093,1.82931,560.452,306.373,0.0,0.0,0.4366,0.238669,0.0,0,0.5308678581,0.8125993338565065,Train
DUNJON_clean,5.13321,3.70024,5.11248,2.82249,688.218,243.833,0.0,0.0,0.4132,0.146395,0.0,1,0.0593509132,0.10454967573831114,Train
DUNXUH01_clean,5.08043,3.95835,5.08043,1.20337,1874.89,1558.04,0.0,0.0,0.6064,0.503919,0.0,1,1.2235324147,1.0305297668894937,Train
DUNXUH02_clean,5.05926,3.9622,4.49661,1.21011,1835.42,1516.73,0.0,0.0,0.6046,0.499624,0.0,1,1.2373637342,1.1358679657236395,Train
DUNXUH03_clean,4.97891,3.78832,4.59863,1.23681,1734.27,1402.21,0.0,0.0,0.5936,0.479945,0.0,1,1.1886308001,1.1044822143963582,Train
DUNXUH04_clean,4.99541,3.81551,4.9844,1.23241,1776.81,1441.74,0.0,0.0,0.5952,0.482957,0.0,1,1.1940258998,1.0690602182649531,Train
DUNXUH05_clean,5.01407,3.87283,4.97867,1.22609,1774.32,1447.13,0.0,0.0,0.5944,0.484792,0.0,1,1.2196121155,1.083850008304807,Train
DUNXUH06_clean,5.04935,3.8892,5.03687,1.21647,1807.28,1485.67,0.0,0.0,0.6062,0.498328,0.0,1,1.2150466849,1.0727039517477168,Train
DUNXUH12_clean,4.98043,3.76476,4.96686,1.23681,1716.03,1387.47,0.0,0.0,0.593,0.47946,0.0,1,1.190234627,0.9840874034558291,Train
DUNXUH13_clean,4.99037,3.79418,4.86577,1.23241,1722.87,1397.97,0.0,0.0,0.5938,0.481821,0.0,1,1.1871274936,1.0651614394052058,Train
DUNXUH14_clean,5.00423,3.8343,4.58368,1.22609,1739.06,1418.37,0.0,0.0,0.5986,0.488218,0.0,1,1.2011418504,1.118685118184724,Test
DUNXUH15_clean,5.0496,3.92518,5.02742,1.21011,1811.64,1497.09,0.0,0.0,0.6042,0.499293,0.0,1,1.219987192,1.0645714363581311,Train
DUNXUH21_clean,5.07683,3.95879,4.81355,1.20337,1860.11,1545.75,0.0,0.0,0.6076,0.504916,0.0,1,1.2434144676,1.1026025315892052,Train
DUNXUH_clean,5.0284,3.9124,4.82782,1.21944,1796.23,1472.99,0.0,0.0,0.602,0.493667,0.0,1,1.2323332087,1.1029712522906512,Train
DUPJAB_clean,9.76192,5.55983,9.75209,1.11305,1740.01,1563.28,62.6529,56.2895,0.67,0.60195,0.0,1,0.4283987971,0.3682125256813359,Test
DUPKAC_clean,11.8886,6.57125,10.69212,0.647287,2123.23,3280.21,0.0,0.0,0.7376,1.13953,0.0,1,0.5308974119,0.5796364330975038,Test
DUPVER_clean,9.93002,6.46763,9.91751,0.795967,2168.14,2723.91,0.0,0.0,0.7348,0.923153,0.0,1,0.4754365232999999,0.4694542442721935,Test
DUQSEO_clean,3.77576,3.47286,3.77576,1.73065,285.313,164.859,0.0,0.0,0.4436,0.25632,0.0,1,0.0557661042,0.22483937786787422,Train
DUQYEU01_clean,4.86217,4.34562,4.86217,1.66926,2251.32,1348.69,0.0,0.0,0.6184,0.370463,0.0,1,0.3237193976,0.2837084801308436,Test
DUQYEU_clean,4.86021,4.34715,4.86021,1.66839,2272.53,1362.11,0.0,0.0,0.6004,0.359868,0.0,1,0.3211853504,0.3081269192712425,Train
DURDAX_clean,8.5072,5.95019,7.5941,0.701061,2581.34,3682.05,0.0,0.0,0.7402,1.05583,0.0,1,0.5664599635,0.5152033711955137,Train
DURDIF_clean,6.93958,6.05366,6.90375,0.735097,2642.04,3594.14,0.0,0.0,0.7204,0.980006,0.0,1,0.6246481793,0.5159862497517803,Train
DUTKAG_clean,6.82996,5.62808,6.81318,0.906851,2249.11,2480.13,0.0,0.0,0.6722,0.741246,0.0,1,0.533896213,0.5939927710150302,Train
DUVNIS01_charged,8.00893,5.97402,7.89554,1.10379,1097.15,993.985,311.831,282.508,0.5828,0.527997,0.0,0,0.6333104507,0.6812219919259381,Train
DUVNIS_charged,7.93461,5.97007,7.92647,1.08134,1101.81,1018.93,445.609,412.091,0.592,0.547471,0.0,0,0.5838080986,0.68282695795383,Train
DUWBEE_clean,7.4726,6.03228,7.03921,0.972318,2397.88,2466.15,0.0,0.0,0.7166,0.737002,0.0,1,0.414286489,0.38585921046211974,Train
DUWFOS_clean,4.7722,3.99598,4.7722,1.5688,655.828,418.043,0.0,0.0,0.462,0.294492,0.0,0,0.4329372096,0.5278455923102341,Train
DUWGEJ_clean,6.48283,5.44672,6.47851,1.23973,1910.17,1540.8,0.0,0.0,0.6142,0.495432,0.0,1,0.5249867763,0.6035558480143669,Train
DUWROE_clean,4.35263,3.47485,4.33203,1.3646,1032.9,756.92,0.0,0.0,0.5148,0.377252,0.0,0,0.8346227356,0.8562647305419326,Train
DUWRUK_clean,4.54182,3.68421,4.38679,1.45633,495.592,340.302,181.958,124.943,0.4774,0.32781,0.0,0,0.8416013703,0.7932478548937064,Test
DUWSAR_clean,5.89224,4.25071,5.89224,0.915526,2178.46,2379.46,0.816322,0.891643,0.6566,0.717184,0.0,1,0.3625262906,0.6941800652455642,Test
DUXKUD_clean,7.67361,6.90082,7.6375,1.23834,1391.29,1123.51,0.0,0.0,0.5864,0.473535,0.0,1,0.225067551,0.38661184352597056,Train
DUXMAL_clean,4.53313,3.88732,4.40894,1.15892,1217.93,1050.91,0.0,0.0,0.5062,0.436785,0.0,1,1.4613563248,1.311826227134265,Train
DUYJIS_clean,6.08213,4.77192,5.96456,1.01187,1589.69,1571.04,0.0,0.0,0.5968,0.589801,0.0,0,1.0209577517,0.8371492955949817,Train
DUYRAR_clean,5.40502,3.6653,5.2509,3.43473,596.999,173.813,136.893,39.8556,0.4634,0.134916,0.0,1,0.058520996,0.07390963000054185,Train
DUYREV_clean,5.41837,3.69977,5.33563,3.41098,611.073,179.149,152.278,44.6434,0.4568,0.133921,0.0,1,0.0604293639,0.07331994888624715,Test
DUYRIZ_clean,5.27957,3.6902,5.27957,3.398,604.136,177.792,174.249,51.28,0.4708,0.138552,0.0,1,0.061360556,0.06672062206850515,Train
DUYROF_clean,5.30567,3.77956,5.29101,3.36341,632.283,187.989,184.756,54.9313,0.4688,0.139383,0.0,1,0.0608911277,0.02322091586421582,Test
DUYVEA_clean,4.52649,3.62009,4.52649,1.39154,383.437,275.549,0.0,0.0,0.4574,0.328701,0.0,1,0.1385813946,0.35433335604944793,Test
DUZPUL_clean,7.06957,4.91595,7.06648,0.920284,2531.68,2750.98,0.0,0.0,0.6946,0.754767,0.0,1,0.7315997558,0.582360569160932,Train
DUZWOM_clean,5.41107,3.63654,5.41022,1.51085,1084.42,717.756,0.0,0.0,0.4906,0.324718,0.0,0,0.2557613478,0.8798191258736292,Train
EBATUY_clean,5.89375,3.67074,5.89375,1.25605,1195.64,951.909,0.0,0.0,0.5408,0.430557,0.0,0,0.6338995895,0.813731718793662,Train
EBATUZ_clean,12.21806,7.03158,12.21806,0.59675,2360.49,3955.57,0.0,0.0,0.7812,1.30909,0.0,1,0.6570536260000001,0.5635621921944637,Train
EBAVAH_auto,14.10999,7.45371,14.02692,0.571355,2267.46,3968.58,0.0,0.0,0.776,1.35818,0.0,1,0.5146865366,0.4965154805448826,Train
EBAVIP_clean,4.98159,3.61041,4.97646,1.20745,1001.48,829.422,0.0,0.0,0.4772,0.395214,0.0,1,1.0605786273,1.008622001059087,Train
EBAVOV_clean,5.06494,3.47701,5.06494,1.20126,1010.26,841.002,0.0,0.0,0.4938,0.411069,0.0,1,1.0372479795,0.972929469327025,Train
EBAVUB_clean,5.15491,3.70129,5.14806,1.1957,1007.34,842.47,0.0,0.0,0.4888,0.408797,0.0,1,1.0270142706999998,0.8526410375038624,Test
EBELUU_clean,5.06354,4.01259,5.06354,1.09045,1520.09,1394.01,0.0,0.0,0.5732,0.525654,0.0,1,0.8941262121,0.7637666960738244,Test
EBEMEE_clean,4.82351,3.61774,4.82351,1.61026,574.177,356.574,0.0,0.0,0.414,0.257101,0.0,0,0.2552206494,0.39163189851530333,Train
EBEMEF_clean,4.2795,3.43566,4.27665,1.23366,1261.3,1022.41,0.0,0.0,0.6368,0.516186,0.0,1,0.1321427329,0.29522488402459085,Test
EBEMII_clean,4.74887,3.57779,4.74887,1.57979,558.843,353.745,0.0,0.0,0.4136,0.261807,0.0,0,0.3179151314,0.39251851241563296,Train
EBEWIT_clean,6.98757,6.64177,6.98757,1.55436,1566.68,1007.93,0.0,0.0,0.573,0.368642,0.0,0,0.4986779315,0.5404816527157918,Train
EBEXAM_clean,7.13111,6.78821,7.13111,1.50724,1561.7,1036.13,0.0,0.0,0.5636,0.373929,0.0,0,0.4388103547999999,0.6885257598475008,Test
EBEXEQ01_clean,7.07406,6.73356,7.07173,1.61064,1512.67,939.176,0.0,0.0,0.556,0.345204,0.0,1,0.5083731551,0.4361016427026877,Train
EBEXEQ_clean,7.05454,6.70514,7.05454,1.61812,1500.38,927.234,0.0,0.0,0.5486,0.339035,0.0,1,0.5109708727000001,0.439434500960648,Train
EBIDOK_ion_b,10.15108,7.28168,10.14731,0.88059,1949.39,2213.74,0.147124,0.167074,0.6452,0.732691,0.0,1,0.5185749668,0.5625965314282534,Train
EBIHII_clean,6.77782,5.19916,6.76838,1.13174,1870.74,1652.98,0.0,0.0,0.589,0.520437,0.0,1,0.6409269632,0.5640145545380337,Train
EBIJAC_clean,5.69411,4.34501,5.6755,1.35778,616.318,453.917,180.508,132.944,0.4634,0.341293,0.0,0,0.3889831897,0.5827013238967885,Test
EBIMEJ_clean,4.76005,3.76742,4.75297,1.25917,1007.84,800.402,0.0,0.0,0.5458,0.433462,0.0,1,0.7552951911,0.8279109103202535,Train
EBIPOX_clean,5.78746,4.90776,5.77533,1.02316,2423.56,2368.7,0.0,0.0,0.6678,0.652682,0.0,1,0.4494801521,0.5193157172359663,Train
EBIZUN_clean,10.22426,8.07829,10.22419,0.790487,2342.19,2962.97,0.0,0.0,0.7238,0.915638,0.0,1,0.5141184958,0.5087933981637114,Train
EBOBIJ_clean,6.08923,4.67292,6.06736,0.939565,1692.1,1800.94,0.0,0.0,0.6024,0.641148,0.0,0,1.0565727555,0.838346175009018,Train
EBOCOQ_clean,5.90692,5.38954,5.89965,0.987787,1345.25,1361.88,0.0,0.0,0.583,0.590208,0.0,1,0.7581581755,0.7179515011770696,Train
EBOJOV_clean,5.22472,4.63991,5.22472,2.49061,907.874,364.519,0.0,0.0,0.4464,0.179234,0.0,1,0.0560741438,0.29651985307163264,Test
EBUQIB_clean,6.03622,4.38011,5.42071,1.1026,1157.92,1050.17,0.0,0.0,0.4992,0.452746,0.0,1,0.7652142891,0.8036054743674284,Train
EBUREA_clean,5.12157,4.43835,5.12005,1.31199,1365.8,1041.01,0.0,0.0,0.4802,0.36601,0.0,1,0.5164226578,0.8024382952543488,Test
ECAFOG_clean,9.52896,9.26877,9.52862,1.12614,1174.7,1043.12,0.0,0.0,0.5574,0.494964,0.0,0,0.2462547078999999,0.29941846133954,Test
ECAHAT_clean,12.33039,11.4865,12.33039,0.854274,1047.61,1226.32,88.151,103.188,0.6086,0.712418,0.0,0,0.9152971076,0.8275926217710691,Train
ECAHEX_clean,6.93055,5.1748,6.93055,1.20906,867.96,717.883,0.0,0.0,0.4824,0.398989,0.0,0,0.329686106,0.3459714983312808,Train
ECAHOH_clean,6.87089,4.98271,6.87089,1.21823,856.833,703.343,0.0,0.0,0.4828,0.396313,0.0,0,0.3141958148,0.32793856268048793,Test
ECASAD_clean,4.09039,3.62411,4.09039,1.61904,470.381,290.531,0.0,0.0,0.4766,0.294372,0.0,0,0.1793496714,0.4952512520577027,Test
ECEDAU_clean,5.16051,3.4158,5.15302,1.53177,706.487,461.221,0.0,0.0,0.4352,0.284115,0.0,1,0.8412174772,0.747396991851853,Train
ECEDEY_clean,6.39219,4.6444,6.38001,1.02837,1438.77,1399.08,0.0,0.0,0.541,0.526076,0.0,1,0.5348087311,0.7723057363454209,Train
ECEZAO01_clean,4.88805,4.01037,4.88805,1.43329,945.622,659.759,0.0,0.0,0.4914,0.342849,0.0,1,0.5350671445,0.5699602296602633,Train
ECIWIW_clean,5.91503,4.28149,5.90688,1.32412,773.007,583.789,0.0,0.0,0.4832,0.364921,0.0,1,0.2712979743,0.345136704537711,Train
ECIWOC_clean,5.05411,4.785,5.05411,1.40153,572.024,408.141,0.0,0.0,0.4148,0.295961,0.0,1,0.8159179388,0.5036325776460516,Test
ECODEG_clean,5.33632,3.54871,5.31165,1.34842,1018.67,755.456,0.0,0.0,0.5336,0.395722,0.0,1,1.313224935,0.9265232500541123,Test
ECODIK_clean,4.79857,4.01377,4.75701,1.19981,1900.99,1584.41,0.0,0.0,0.5936,0.494745,0.0,1,0.8234233546999999,0.9519790482438111,Train
ECOGEI_clean,4.77299,3.85637,4.77299,0.998724,1292.16,1293.81,0.0,0.0,0.5602,0.560915,0.0,1,0.9053264922,0.8331101522232434,Train
ECOKAJ_clean,18.9972,17.57546,18.98876,0.325331,1156.9,3556.08,0.0,0.0,0.873,2.68342,0.0,1,0.3140901879,0.3530993532009965,Train
ECOLEP_clean,11.63969,10.91793,11.63255,0.407232,1818.5,4465.52,0.0,0.0,0.8666,2.12803,0.0,1,0.2732298332,0.36808311748125006,Test
ECOLOX_clean,5.75377,5.01577,5.75377,3.73963,1778.59,475.605,0.0,0.0,0.5632,0.150603,0.0,1,0.1808661388,0.12397056115422439,Test
ECUDIR_charged,5.33987,4.51439,5.31648,2.64413,741.105,280.284,75.85,28.6862,0.5,0.189098,0.0,0,0.1159165829,0.17669170610185975,Train
ECUDOX_clean,6.82408,6.14054,6.82408,2.34011,1768.65,755.799,0.0,0.0,0.6164,0.263406,0.0,1,0.1977480723999999,0.1700637462354776,Train
ECUFAL_charged,5.3241,4.46702,5.296,2.91222,763.155,262.053,0.0,0.0,0.467,0.160359,0.0,1,0.0305546659,0.05141572997314847,Train
ECUFEP_charged,5.27771,4.42008,5.27771,2.93369,723.725,246.694,0.0,0.0,0.4474,0.152504,0.0,1,0.0309491431999999,0.09000223362000032,Test
ECUGEQ_clean,6.02953,4.07384,5.91743,2.29908,1875.55,815.783,0.0,0.0,0.6102,0.26541,0.0,1,0.1634936427,0.12523684596945672,Train
EDADIX_clean,4.63332,3.88728,4.61559,1.24361,944.143,759.198,93.0933,74.8575,0.5198,0.417978,0.0,1,1.1094838352,0.8952505165752025,Train
EDAFUM_clean,4.92982,3.72004,4.92982,1.77302,851.953,480.51,0.0,0.0,0.4508,0.254256,0.0,0,0.2943364334,0.5403217695001281,Test
EDAGAT_clean,4.66461,3.62215,4.66149,1.84563,725.213,392.936,0.0,0.0,0.435,0.235692,0.0,0,0.2828733207,0.4582517728066167,Train
EDAGEX_clean,4.90414,3.69066,4.90414,1.79444,798.923,445.222,0.0,0.0,0.4496,0.250552,0.0,0,0.3062532845,0.4942657083577632,Train
EDAPIK_clean_h,7.09885,6.53196,7.09077,0.672755,2256.65,3354.34,0.591427,0.879112,0.6938,1.03128,0.0,1,0.5197954996,0.49790960605334356,Train
EDATOT_clean,9.62468,7.97439,9.62468,0.668028,2323.97,3478.84,0.0,0.0,0.7968,1.19276,0.0,0,0.1941672092,0.250374773513216,Test
EDAVOV_clean,5.43148,4.91725,5.43148,1.632,451.699,276.776,0.0,0.0,0.4036,0.247304,0.0,1,0.1289820545,0.15255130786007548,Train
EDECOG_clean,6.30911,4.65211,6.30565,1.66761,3310.63,1985.26,0.0,0.0,0.756,0.453344,0.0,1,0.0684010236,0.028171381019676645,Train
EDEPAG_clean,5.9343,4.39186,5.9343,1.47756,1345.05,910.315,0.0,0.0,0.5408,0.366009,0.0,1,0.5599740129999999,0.5346065458073952,Train
EDIKIL_clean,4.99635,3.98785,4.76329,1.3412,2179.84,1625.29,0.0,0.0,0.601,0.448105,0.0,0,0.4024309064,0.5928073057921511,Train
EDOMAM_clean,8.29315,6.04438,8.28681,0.809806,2146.39,2650.49,0.0,0.0,0.6716,0.829334,0.0,0,0.6067751663000001,0.6180459259356652,Train
EDORIY_charged,6.08641,4.10073,6.08269,2.74632,690.446,251.407,0.0,0.0,0.433,0.157665,0.0,1,0.0825633055,0.1736737756922534,Test
EDUSIF_clean,15.05124,7.91583,15.05124,0.593338,2225.74,3751.22,0.0,0.0,0.8098,1.36482,0.0,0,0.3238679367,0.32394425318845527,Train
EDUSUR_clean,14.97276,6.60675,14.97057,0.720686,2039.23,2829.56,0.0,0.0,0.7584,1.05233,0.0,0,0.3151382008,0.4283562604127257,Test
EDUTIG_clean,15.04959,5.6073,15.03522,0.712902,1939.67,2720.81,0.0,0.0,0.7442,1.0439,0.0,0,0.4320734683,0.4498068782830188,Train
EDUVOO_clean,20.93415,10.62864,20.9324,0.373403,1788.47,4789.64,0.0,0.0,0.862,2.3085,0.0,0,0.4407069371,0.401970823859484,Test
EFAYEQ_clean_h,11.33412,8.20992,11.33412,0.445208,2301.41,5169.29,0.0,0.0,0.8028,1.8032,0.0,1,0.352411802,0.39756544977496727,Train
EFAYIU_clean,11.56522,8.64377,10.65601,0.433579,2251.34,5192.46,0.0,0.0,0.8194,1.88985,0.0,1,0.3773538690999999,0.34543517843466165,Train
EFEGOM_clean,6.13983,5.63757,6.13983,1.11988,1513.16,1351.17,0.0,0.0,0.5868,0.523983,0.0,0,0.6547421345000001,0.7693513100832087,Train
EFESEP_clean,10.28948,6.13196,9.71774,0.910166,1438.69,1580.69,202.393,222.369,0.6216,0.682952,0.0,1,0.7906312623999999,0.7766853577070628,Test
EFESOZ_clean,10.40168,6.18945,10.40168,0.9137,1441.31,1577.44,199.174,217.986,0.6294,0.688847,0.0,1,0.827560053,0.7589414031979623,Train
EFIMOV_clean,6.67559,6.34874,6.67559,1.77157,892.601,503.846,0.0,0.0,0.3714,0.209644,0.0,0,0.576241925,0.5121913684034312,Train
EFOSUO_clean,5.23309,4.44144,5.224,2.23497,2650.04,1185.72,0.0,0.0,0.6472,0.289579,0.0,1,0.0887317138,0.1256855832623185,Train
EFOTAV_clean,5.43531,4.50362,5.41958,2.18747,2824.93,1291.41,0.0,0.0,0.6522,0.298153,0.0,1,0.0880599225999999,0.15400465435922578,Train
EFOTEZ_clean,5.06643,4.39448,5.0661,2.67676,2557.25,955.354,0.0,0.0,0.6308,0.235658,0.0,1,0.0594912818,0.3898985876839077,Test
EFOTID_clean,5.17106,4.13348,5.16647,3.01069,2149.74,714.036,0.0,0.0,0.6124,0.203408,0.0,1,0.0594310595,0.19530977361943203,Test
EGATAI_clean,7.25975,4.31318,7.25513,0.959509,2426.34,2528.73,0.0,0.0,0.7032,0.732875,0.0,1,0.4113923609,0.46665190514845134,Train
EGATEM_clean,10.25144,8.68741,10.25144,0.847968,1429.66,1685.99,106.489,125.581,0.6438,0.759227,0.0,1,0.7344038626999999,0.6096252194075398,Train
EGATIQ_clean,10.61507,9.35673,10.60597,0.815931,1600.87,1962.02,0.0,0.0,0.6556,0.803499,0.0,1,0.7277176247,0.46898223189193694,Train
EGATOW_clean,5.96917,5.11285,5.74626,1.20816,2033.24,1682.93,0.0,0.0,0.6202,0.513343,0.0,1,0.5908168079999999,0.6112987126604873,Train
EGEHOO_charged,9.43184,6.31093,9.42479,1.23596,1610.7,1303.2,0.0,0.0,0.626,0.506488,0.0,0,0.4137696624,0.36486263988850015,Train
EGEJIK_manual,10.26084,8.70015,10.25879,0.680562,2082.85,3060.48,75.8285,111.42,0.7408,1.08851,0.0,0,0.4899545268,0.5953969194719149,Train
EGELUY01_manual,7.46224,7.0558,7.4593,0.947391,1658.83,1750.95,0.0,0.0,0.6114,0.645351,0.0,0,0.9437261552,0.8062572654102782,Train
EGELUY_SL,7.32559,6.86607,7.31942,0.950432,1658.89,1745.4,0.0,0.0,0.6086,0.640341,0.0,0,0.9398458867,0.8089988183557193,Train
EGIFUV_clean,9.74551,8.51622,9.74551,1.04544,1332.95,1275.02,6.1078,5.84232,0.6136,0.58693,0.0,1,0.4257109651,0.33553576696602855,Test
EGOXII_clean,5.25614,3.66279,5.25614,1.73248,965.076,557.05,0.0,0.0,0.56,0.323237,0.0,1,0.7554833556999999,0.5351909302903329,Train
EGOZAB_clean,7.0311,5.28936,7.0311,1.03834,1885.29,1815.68,0.0,0.0,0.6226,0.599612,0.0,1,0.5903726686999999,0.5924358154035202,Train
EHAFEA_clean,5.41079,3.41231,5.40089,2.22058,1080.51,486.589,0.0,0.0,0.5328,0.239937,0.0,1,0.3016377095,0.3200858205257302,Train
EHAFIE_clean,5.56485,3.57227,5.56485,2.06302,1265.0,613.179,0.0,0.0,0.5486,0.265921,0.0,1,0.2639833655999999,0.2651772713002498,Test
EHAFOK_clean,5.56183,3.59241,5.55524,2.07064,1253.24,605.245,0.0,0.0,0.547,0.26417,0.0,1,0.2721502705,0.26629536316714053,Train
EHAFUQ_clean,5.5462,3.57781,5.45874,2.0894,1245.04,595.885,0.0,0.0,0.5448,0.260744,0.0,1,0.2670843009,0.23118973345775967,Test
EHAGAX_clean,5.47293,3.47311,5.47293,2.13433,1158.89,542.974,0.0,0.0,0.5398,0.252913,0.0,1,0.2579484234,0.2694924731252969,Train
EHAGEB_clean,5.47507,3.4761,5.45313,2.1363,1116.62,522.688,1.415,0.662358,0.5378,0.251743,0.0,1,0.2569701387999999,0.23086144502671485,Train
EHAGIF_clean,5.44616,3.48144,5.44616,2.1778,1155.98,530.802,0.0,0.0,0.5374,0.246762,0.0,1,0.2698996625,0.25634739470404283,Train
EHAGOL_clean,5.39044,3.4677,5.39044,2.17273,1093.47,503.269,0.185996,0.0856051,0.5364,0.246879,0.0,1,0.2582462061,0.3547762683908025,Test
EHAGUR_clean,5.37684,3.4053,5.1859,2.19821,1066.99,485.393,0.0,0.0,0.5324,0.242197,0.0,1,0.2493940289,0.2980705367048795,Train
EHALOP_manual,7.57594,7.11735,7.57594,0.939011,1706.06,1816.86,0.0,0.0,0.618,0.658139,0.0,0,0.9545320423,0.7866829009278524,Train
EHEKUY_clean,6.18029,3.5251,6.17561,1.28701,834.589,648.47,1.25956,0.978668,0.5024,0.390361,0.0,0,0.5397832052,0.6052245046535398,Test
EHIPOC_clean,4.96443,3.71594,4.96443,1.51785,665.78,438.633,0.0,0.0,0.4902,0.322956,0.0,1,0.0891624941,0.31093202084623295,Train
EHODOV_SL,6.30224,4.66761,6.30224,1.13784,1442.21,1267.5,266.504,234.219,0.5974,0.525029,0.0,0,0.8036413765,0.8353448351128379,Train
EJAXIW_clean,6.39565,4.30182,6.34251,0.942507,1857.91,1971.24,0.0,0.0,0.5942,0.630446,0.0,1,0.7262752631,0.8125170746923944,Train
EJETAQ_clean,12.53345,9.36877,12.53345,0.673241,1975.18,2933.84,0.0,0.0,0.7674,1.13986,0.0,1,0.2954451358,0.44639890319174536,Train
EJIDUW02_clean,4.29785,3.46947,4.29785,1.53852,788.843,512.727,0.0,0.0,0.4966,0.322777,0.0,1,0.3315896388,0.4623435303848801,Train
EJONOH_clean,4.44167,3.60442,4.4347,1.47939,700.956,473.814,0.0,0.0,0.4646,0.314048,0.0,1,0.3895524055,0.6290587128638656,Train
EJOQOL_clean,7.54682,4.16239,7.5307,1.29085,1431.56,1109.01,0.0,0.0,0.5368,0.415851,0.0,1,0.380258964,0.4486010258913756,Train
EJOQUR_clean,11.95194,5.10518,11.95194,0.926552,1894.67,2044.86,37.9561,40.9649,0.6978,0.753115,0.0,1,0.5043162001,0.6133528705630276,Train
EJORAY_clean,4.91477,3.6019,4.91477,1.33891,1478.66,1104.38,0.0,0.0,0.5598,0.418102,0.0,1,0.660292196,0.6227506173477165,Test
EJOZOU_clean,6.49751,6.10381,6.49751,1.26256,795.165,629.804,0.0342194,0.0271032,0.4812,0.38113,0.0,1,0.3224493109,0.3089176230704837,Train
EKEQIV_clean,5.23981,3.45461,5.21199,2.0444,792.887,387.835,0.0,0.0,0.4572,0.223636,0.0,1,0.1758230498,0.3247232238018824,Test
EKETOF_clean,4.41106,3.42867,4.41106,1.63804,321.449,196.241,0.0,0.0,0.4172,0.254695,0.0,0,0.5984797891,0.47647956281932813,Train
EKETUL_clean,4.43428,3.43441,4.41751,1.64611,319.015,193.799,0.0,0.0,0.4126,0.250651,0.0,0,0.5551294975,0.40845861385194904,Train
EKEVAT_clean,4.38581,3.45093,4.3809,1.70718,319.337,187.056,0.0,0.0,0.4042,0.236765,0.0,0,0.5979181905,0.49570250050576187,Train
EKIDEH_clean,5.83216,5.4959,5.8074,2.41757,833.936,344.948,0.748002,0.309402,0.4456,0.184317,0.0,1,1.6538384829,1.1259529699642155,Train
EKIDIL_clean,5.81547,5.58073,5.8139,2.56508,834.555,325.352,0.0,0.0,0.4098,0.159761,0.0,1,1.2527616975,0.8205475469382668,Train
EKOKIA_clean,6.37814,3.95219,6.37814,1.40385,1452.65,1034.76,0.0,0.0,0.5578,0.397337,0.0,1,0.4383705632,0.5303924785723944,Test
EKOPEA_clean,5.53957,5.19564,5.53023,1.2074,1563.35,1294.8,0.0,0.0,0.5696,0.471756,0.0,1,0.7574216294,0.6655492076900619,Train
EKOPIE_clean,6.61542,5.14354,6.60525,1.21526,2002.74,1648.0,0.0,0.0,0.6146,0.505737,0.0,1,0.6390518281,0.6006871800653131,Train
EKOPOK_clean,7.61675,7.30447,7.61675,1.24495,1308.01,1050.65,0.0,0.0,0.569,0.457046,0.0,1,0.6705347061,0.37049760790233033,Test
EKOPUQ_clean,11.06416,8.02745,11.06416,0.972371,1585.84,1630.9,0.0,0.0,0.6092,0.62651,0.0,0,0.4009758343,0.4817027090064048,Train
EKUPEG_clean,12.15079,8.26476,12.15067,0.865202,1608.01,1858.54,0.0,0.0,0.685,0.791723,0.0,1,0.1712023482999999,0.3391090679378696,Train
ELELEN_clean,7.0748,4.1882,7.0748,0.915782,1244.35,1358.78,0.0,0.0,0.592,0.646442,0.0,1,0.3922116253,0.499974711548053,Test
ELERIY_clean,13.06874,6.51652,13.06768,0.765708,2243.35,2929.77,0.0,0.0,0.7112,0.928814,0.0,1,0.6070522347999999,0.6818214892621411,Test
ELIJOZ_clean,5.0309,3.85268,5.0309,1.48251,1155.21,779.228,0.0,0.0,0.5,0.337266,0.0,1,0.6815899304,0.7040404235593382,Train
ELIJUF_clean,4.98722,3.63869,4.98647,1.36019,1078.5,792.905,0.0,0.0,0.4826,0.354803,0.0,1,0.8064604995,0.8223336428204583,Test
ELIKAM_clean,5.04335,3.82798,5.04275,1.49693,1142.39,763.156,0.0,0.0,0.4918,0.328538,0.0,1,0.693199344,0.7319797008541707,Train
ELIKEQ_clean,4.99766,3.80728,4.99701,1.51189,1166.85,771.784,0.0,0.0,0.4966,0.328463,0.0,1,0.6781288403,0.7368951611839758,Train
ELIKIU_clean,4.97124,3.7531,4.97064,1.54816,1122.94,725.337,0.0,0.0,0.505,0.326193,0.0,1,0.6740243951999999,0.5719502357830134,Test
ELIKOA_clean,4.97213,3.73339,4.97213,1.55809,1148.96,737.416,0.0,0.0,0.4918,0.315643,0.0,1,0.6661960524,0.7180879085913673,Train
ELIKUG_clean,4.95561,3.7268,4.95492,1.57969,1129.17,714.803,0.0,0.0,0.4908,0.310694,0.0,1,0.663630808,0.5783878531132041,Test
ELILAN_clean,4.95628,3.69174,4.9556,1.61177,1116.59,692.775,0.0,0.0,0.4992,0.309722,0.0,1,0.6380406417,0.5843821005947479,Test
ELILER_clean,4.98078,3.65658,4.98016,1.63697,1110.94,678.659,0.0,0.0,0.487,0.297501,0.0,1,0.6270345099,0.5884923104559178,Train
ELILIV_clean,4.97952,3.62473,4.97952,1.64354,1091.64,664.203,0.0,0.0,0.4882,0.297042,0.0,1,0.6245401424,0.5803759424034343,Train
ELOGUJ_clean,5.2439,3.95274,4.46811,3.13806,963.536,307.048,0.0,0.0,0.4846,0.154427,6.37e-05,1,0.1424531098,0.0853263630195456,Test
ELOHOE_clean,5.56549,4.27537,5.53003,1.15001,1036.4,901.217,0.0,0.0,0.5212,0.453215,0.0,1,0.9088042508,0.7260493886301099,Train
ELOZEK_clean,5.94525,5.24436,5.94525,2.80091,275.157,98.2384,0.0,0.0,0.3674,0.131171,0.0,1,0.0112160918999999,0.06722221406009021,Train
ELUJAY_clean,4.49095,3.64747,4.47832,1.68009,831.421,494.867,0.0,0.0,0.4708,0.280223,0.0,1,0.4168504999,0.6401480680233227,Train
ELUJEC_clean,4.38047,3.64592,4.38047,1.73198,794.119,458.504,0.0,0.0,0.4624,0.266978,0.0,1,0.4182230024,0.6165289788624494,Train
ELUZES_clean,5.83115,4.20879,5.08027,1.7311,2004.82,1158.12,0.0,0.0,0.6554,0.378603,0.0,1,0.0739766218,0.05755927725344878,Train
EMAGAB_clean,7.29475,4.84283,7.29475,1.35618,833.24,614.402,0.0,0.0,0.4816,0.355115,0.0,0,0.3265606018,0.2600470910300516,Test
EMAMOW_clean,6.67757,5.81943,6.67757,1.11834,959.829,858.263,0.0,0.0,0.5032,0.449953,0.0,1,0.1863487717,0.3776479564364299,Train
EMAMUC_clean,5.84513,5.03009,5.84513,1.22272,803.232,656.921,0.0,0.0,0.473,0.386841,0.0,1,0.1468019349,0.3814369651507467,Train
EMAPAK_clean,11.21755,3.61918,11.21755,0.925375,1521.72,1644.44,0.0,0.0,0.637,0.688369,0.0,0,0.2704112802,0.3083603920147445,Test
EMIFOW_clean,7.56186,4.84974,7.24948,1.40224,2851.33,2033.41,0.0,0.0,0.6898,0.491927,0.0,1,0.5458256662,0.517899485597506,Train
EMIGAJ_charged,12.66503,10.75885,12.03091,1.10466,2236.27,2024.41,0.0,0.0,0.7532,0.681842,0.0,1,0.3745536431,0.2872483139851742,Test
EMIGEN_charged,9.93361,9.15754,9.92686,1.09302,2331.12,2132.73,0.0,0.0,0.7498,0.685988,0.0,1,0.320360711,0.22002285217572926,Test
EMIGIR_charged,7.59015,4.82509,7.59015,1.39411,2783.36,1996.52,0.0,0.0,0.7034,0.504552,0.0,1,0.52848379,0.45074037078460727,Train
EMIGOX_clean,6.95421,5.10297,6.95421,1.53443,2307.47,1503.8,0.0,0.0,0.6448,0.420222,0.0,1,0.7157914483,0.4962780405522663,Train
EMIGUD_charged,7.15691,4.93813,7.11128,1.49442,2313.25,1547.92,0.0,0.0,0.6482,0.433746,0.0,1,0.7156433073999999,0.534053919666395,Train
EMIHEO_charged,9.11282,7.59699,9.11282,1.43722,2463.69,1714.2,0.0,0.0,0.7124,0.495678,0.0,1,0.2907874104,0.25020339527276286,Train
EMIYUW_clean,10.6209,7.98188,10.6209,0.698012,2320.47,3324.4,0.0,0.0,0.7472,1.07047,0.000573056,1,0.5026976465999999,0.43276641377720027,Test
EMIZAD_clean,35.58882,34.51057,35.58779,0.382184,1428.23,3737.01,0.0,0.0,0.8516,2.22824,0.000523308,1,0.4127306567,0.34966907277826165,Test
EMOHIZ_clean,4.57808,3.51835,4.56928,1.23803,572.381,462.333,0.0,0.0,0.4556,0.368005,0.0,1,0.3031209932,0.5243262631436743,Train
EMUBIZ_clean,10.77303,6.68088,10.77303,1.37229,1702.91,1240.92,117.774,85.8232,0.672,0.489692,0.000145742,1,0.3444087776,0.3117484748953655,Train
EMUBOF_clean,9.89745,6.63764,9.89048,1.19874,1975.94,1648.35,0.0,0.0,0.6738,0.562089,0.0,1,0.5056005492,0.30531467105066157,Test
ENAFAB_clean,11.6148,4.31195,11.6148,2.54245,1508.6,593.364,0.0,0.0,0.575,0.22616,0.0,1,0.0854206156,0.1705555842532382,Test
ENAFOP_ion_b,11.60166,8.24635,11.58519,1.18111,1100.84,932.042,0.0,0.0,0.5386,0.456012,0.0,1,0.1111901593999999,0.1626400320930078,Test
ENANIS_clean,4.58864,4.1598,4.58113,1.33735,718.625,537.349,0.0,0.0,0.4534,0.339028,0.0,1,1.1156359992,0.8946959806293332,Train
ENESOH_clean,8.38054,5.7847,8.27724,0.639206,2434.82,3809.13,4.9539,7.75009,0.7442,1.16426,0.0,1,0.4831351439,0.47960672709671504,Train
ENESUN_clean,8.35126,5.49783,8.35126,0.626692,2424.85,3869.29,2.07427,3.30987,0.7316,1.1674,0.0,1,0.4893469482,0.4661409671713811,Train
ENIHUG01_clean,13.78566,6.83219,13.78098,0.585033,2323.11,3970.91,0.0,0.0,0.7686,1.31377,0.0,1,0.4385226397999999,0.54195146793979,Train
ENIHUG_clean,13.82069,6.83124,13.8201,0.581484,2340.51,4025.06,0.0,0.0,0.7906,1.35962,0.0,1,0.4417825331,0.47646076456088793,Train
ENISOK_clean,6.962,4.5443,6.96157,1.14432,1841.89,1609.59,0.0,0.0,0.6018,0.525903,0.0,1,0.4170464973,0.5709895820632388,Test
ENISUQ_clean,6.6554,4.37963,6.6554,0.992256,1823.18,1837.41,0.0,0.0,0.5804,0.58493,0.0,1,0.4806775162,0.7109453544176485,Train
ENITAX_clean,10.08149,7.22011,10.08149,0.573061,2335.96,4076.29,0.0,0.0,0.7798,1.36076,0.0,1,0.4866810747999999,0.4148000063717858,Test
ENITEB_clean,7.9765,5.25239,7.9026,0.909449,2139.04,2352.02,0.0,0.0,0.6632,0.729233,0.0,1,0.5284330702000001,0.6492809367175106,Test
ENITIF_clean,6.04006,4.14792,6.02363,0.993739,1774.39,1785.57,0.0,0.0,0.6108,0.614648,0.0,1,0.7146514353,0.7701086236285453,Train
ENITOL_clean,9.0167,5.78838,9.01452,1.0207,1622.24,1589.34,0.0,0.0,0.589,0.577054,0.0,1,0.5655851315,0.5121962359585596,Train
ENIXUV_clean,6.81302,4.75487,6.75625,1.04896,1506.97,1436.63,0.0,0.0,0.539,0.513843,0.0,0,0.5574513450999999,0.7273605007938807,Train
ENOSAD_clean,5.57968,5.07062,5.57968,1.63787,1052.89,642.84,0.0,0.0,0.4624,0.282318,0.0,0,0.4042728963,0.758023015320188,Test
ENOVAG_clean,10.23983,9.51593,10.22611,1.29505,1477.19,1140.64,0.0,0.0,0.5948,0.459286,0.0,1,0.2188403645,0.2608967230205363,Train
EPAGEJ_clean,5.19961,3.47948,5.18752,1.66805,743.29,445.603,0.0,0.0,0.4886,0.292916,0.0,1,0.1775730627,0.38467447224875806,Train
EPECEJ_clean,7.92371,4.89913,7.91993,0.908491,1989.28,2189.65,0.0,0.0,0.6342,0.69808,0.0,1,0.7852416453,0.6339519565989129,Train
EPEWAY_clean,5.86305,5.34538,5.70782,1.27095,1126.31,886.195,0.0,0.0,0.506,0.398129,0.0,0,0.6153922531,0.7049635010268194,Test
EPEWEC_clean,5.88152,5.35243,5.87056,1.27191,1143.58,899.1,0.0,0.0,0.5064,0.398141,0.0,0,0.6272261147,0.6920738568208147,Train
EPEXUU_clean,8.78791,3.92519,8.78786,1.21365,1182.3,974.168,0.0,0.0,0.5234,0.431261,0.0,1,0.5253154585,0.48735978486668713,Test
EPEYAB_clean,8.46111,3.62498,8.46069,1.24571,1153.47,925.96,0.0,0.0,0.5226,0.419521,0.0,1,0.624715079,0.6683362017891542,Train
EPISOM_clean,12.63938,6.49016,12.62405,0.677616,2253.72,3325.96,0.0,0.0,0.7494,1.10594,0.0,1,0.7113015345,0.6398996410269977,Train
EPONAA_clean,9.18286,8.73453,9.17503,0.495184,2583.42,5217.09,0.0,0.0,0.8544,1.72542,0.0,1,0.1444105534999999,0.23477880534573298,Train
EPONEE_clean,9.19024,8.74095,9.18226,0.492814,2582.15,5239.6,0.0,0.0,0.8536,1.73209,0.0,1,0.1418345072,0.23477880534573298,Train
EPOPEG_clean,5.47224,4.77054,5.47224,0.955888,1699.64,1778.08,0.0,0.0,0.613,0.641289,0.0,0,0.6062107319,0.897699221403268,Test
EPOTAF_clean,7.63453,6.61136,7.601,0.575241,2982.7,5185.13,0.0,0.0,0.779,1.35421,0.0,1,0.4654637127,0.403240939991817,Train
EPOXAJ_clean,4.90808,3.54046,4.59353,3.60105,1300.0,361.007,0.0,0.0,0.5304,0.14729,0.0,1,0.0529567797,0.09026179039419119,Train
EQAMUG_clean,4.23795,3.61938,4.23534,1.81883,688.208,378.378,0.0,0.0,0.424,0.233116,0.0,0,0.3505939835,1.3887619999916907,Test
EQERAU_clean,8.66462,5.10134,8.65703,0.830188,1832.92,2207.84,0.0,0.0,0.646,0.778137,0.0,1,0.678983379,0.5575813428145385,Train
EQEREY_clean,6.76077,5.17427,6.21591,1.08432,1568.49,1446.52,0.0,0.0,0.5588,0.515345,0.0,0,0.8664924053,0.7256848963537206,Train
EQERIC_clean,5.65308,5.10575,5.50654,1.08357,1441.7,1330.51,0.0,0.0,0.5522,0.509612,0.0,0,1.204145628,0.7582272818748704,Test
EQETAX_clean,6.01885,5.05908,5.99018,0.890782,1989.22,2233.11,0.0,0.0,0.6458,0.724981,0.0,1,1.0510883423,0.7153323839628473,Train
EQOXIT_clean,7.68652,6.98261,7.68519,1.19569,1340.21,1120.87,0.0,0.0,0.551,0.460823,0.0,1,0.3546023360999999,0.46046989794512255,Train
EQUBIC_clean,4.62524,4.02529,4.62419,2.01313,877.337,435.807,0.0,0.0,0.4672,0.232076,9.93e-05,0,0.4156437890999999,0.7248258172079393,Train
EQUBOI_clean,4.70314,4.11847,4.7011,1.94101,957.405,493.252,0.0,0.0,0.4856,0.250179,0.000103039,0,0.4024859135,0.8453143777584682,Test
EQUBUO_clean,4.678,4.09417,4.67712,1.98147,941.234,475.017,0.0,0.0,0.4712,0.237803,0.000100935,0,0.4079606065,0.7758695765488529,Test
EQUNEL_clean,11.53586,5.50716,8.36401,1.01632,2227.68,2191.92,0.0,0.0,0.6942,0.683055,0.0,1,0.7845424948,0.5522120758103315,Test
EQUNIP_clean,12.19685,4.3543,12.19496,0.882362,2411.33,2732.81,0.0,0.0,0.7004,0.793779,0.0,1,0.8173422231999999,0.8794484940993825,Train
ERAHOV_clean,8.72809,7.46409,8.72809,0.942162,2285.98,2426.31,0.0,0.0,0.718,0.762077,0.0,1,0.2515580943,0.36004817319237314,Train
ERALUG_clean,10.3431,8.94026,10.3375,1.11121,2058.72,1852.68,0.0,0.0,0.6522,0.586926,0.000719933,1,0.3867756538,0.4261076035231207,Train
ERAMAN_clean,12.01377,10.18099,12.01377,0.963545,2126.75,2207.22,0.0,0.0,0.6966,0.722955,0.0,1,0.4439442093,0.5061276412736597,Train
ERAMER_clean,12.83976,11.91501,12.83976,0.685959,2103.01,3065.8,0.0,0.0,0.7502,1.09365,0.000291563,1,0.3806852096999999,0.46830841063016265,Test
EREFEN01_SL,5.00416,3.86566,5.00416,1.13683,1255.14,1104.07,0.0,0.0,0.5352,0.470783,0.0,0,1.1384265103,1.0013566768648463,Train
EREGOY_clean,7.33047,5.25494,7.19533,0.879553,2401.32,2730.16,0.0,0.0,0.685,0.778805,0.0,1,0.533228536,0.6144136984035334,Test
ERELIX_clean,5.64254,3.51162,5.62378,1.23268,1079.22,875.507,0.0,0.0,0.5468,0.443586,0.0,1,0.5747614229,0.7562868105016405,Train
ERIGER_clean,7.45113,4.52945,7.45095,1.32558,1000.06,754.431,0.0,0.0,0.5014,0.378249,0.0,1,0.2489086063,0.22252406418495357,Train
ERIRIG_auto,11.67849,9.57613,11.66558,0.426775,2035.73,4770.02,0.0,0.0,0.8318,1.94903,0.0,0,0.1907960101,0.3329230310119159,Train
ERIWAF_clean,10.65116,5.48487,10.46238,0.840538,2241.03,2666.18,0.0,0.0,0.709,0.843508,0.0,1,0.6780648751,0.6383542916316755,Train
EROCIZ_clean,5.34059,3.74867,5.34025,1.39658,907.085,649.503,0.0,0.0,0.4828,0.345701,0.0,1,0.5242291728,0.5829943231824478,Test
ERUFUS_clean,4.3604,3.42673,4.35329,1.50899,684.051,453.317,0.0,0.0,0.4548,0.301394,0.0,0,0.5989195024,0.609912973125308,Train
ERULEK_clean,8.92635,6.96534,8.92635,0.799593,1925.59,2408.22,0.0,0.0,0.6678,0.835175,0.0,1,0.4550601963,0.472378727397752,Train
ERUNOW_clean,9.74436,7.85759,9.7385,0.884315,1769.89,2001.42,0.0,0.0,0.6546,0.740234,0.0,1,0.4607047526,0.44160836272066784,Train
ESANET_clean,7.69209,6.08736,7.69209,1.80232,1148.27,637.106,0.0,0.0,0.5264,0.292069,0.0,1,0.1694534489,0.2713666903366187,Train
ESAROH_clean,4.75347,3.71612,4.73943,1.3675,535.723,391.753,0.0,0.0,0.4534,0.331553,0.0,1,0.6504745885000001,0.47400991674030324,Train
ESARUN_clean,6.08793,3.97207,6.06402,1.14221,1213.02,1061.99,0.0,0.0,0.5254,0.459984,0.0,1,0.7993906509,0.7676212085447672,Train
ESASAU_clean,5.00328,3.89627,5.00219,1.37708,632.788,459.514,0.0,0.0,0.4448,0.323002,0.0,1,0.5928056901,0.5452365019731656,Train
ESASEY_clean,5.5251,4.77538,5.51126,1.28472,744.013,579.127,0.0,0.0,0.486,0.378294,0.0,1,0.6166345444,0.3847673186895919,Train
ESEDIQ_clean,5.39674,3.78301,5.31113,0.83454,2154.55,2581.72,0.0,0.0,0.6546,0.784384,0.0,0,0.8949094020999999,0.6684280499101094,Test
ESEHIV_clean,5.10587,3.69765,5.10587,1.24278,879.237,707.477,0.0,0.0,0.5044,0.405865,0.0,1,0.8457771415,0.8674383306460582,Train
ESEQUO_clean,5.9241,3.78187,5.9241,1.17049,1289.9,1102.02,0.0,0.0,0.5438,0.464593,0.0,1,0.5103160342,0.7356603528507257,Test
ESEVIH_clean,6.88268,6.30555,6.87572,1.51625,1264.35,833.868,0.0,0.0,0.5472,0.36089,0.0,1,0.5163744483,0.4910556371249041,Test
ESIDOB_clean,5.0954,4.12899,5.0954,1.32897,1274.07,958.69,0.0,0.0,0.5378,0.404673,0.0,0,1.350288234,1.0373575811108189,Train
ESIFET_clean,8.81259,5.05152,8.81259,1.42533,1454.27,1020.3,0.0,0.0,0.5856,0.410852,0.0,0,0.4662837656,0.43121311100405935,Train
ESIGES01_clean,5.30554,4.43053,5.27741,1.28243,1799.46,1403.16,0.0,0.0,0.6102,0.475814,0.0,0,0.8620869746,0.8787378513442563,Train
ESIGES02_clean,5.25592,4.31073,5.18518,1.28541,1797.52,1398.4,0.0,0.0,0.597,0.464442,0.0,0,0.8517129117,0.9189935975495308,Train
ESIGES_clean,5.24833,4.2623,5.18742,1.29046,1800.98,1395.62,0.0,0.0,0.6108,0.473321,0.0,0,0.8674408809999999,0.882031179705574,Train
ESURER01_clean,6.75428,5.6916,6.72807,1.40497,1349.29,960.372,0.0,0.0,0.5342,0.380221,0.0,0,0.5613124545,0.5825492724696407,Test
ESURER02_clean,6.73405,5.67186,6.7278,1.40899,1346.64,955.749,0.0,0.0,0.5328,0.378145,0.0,0,0.5622934443,0.5770254696927439,Train
ESURER03_clean,6.73192,5.66128,6.64205,1.40989,1345.84,954.57,0.0,0.0,0.5322,0.377477,0.0,0,0.5638202969,0.5970940001388568,Test
ESURER04_clean,6.9676,6.06182,6.9676,1.36538,1434.64,1050.72,0.0,0.0,0.5472,0.400767,0.0,0,0.5470392485,0.5684215260617776,Train
ESURER_clean,6.78739,5.78928,6.78739,1.3933,1363.04,978.277,0.0,0.0,0.5382,0.386276,0.0,0,0.553506225,0.5349665378792703,Test
ESUSAO01_clean,6.3973,4.82556,6.3973,1.43147,1333.03,931.231,0.0,0.0,0.5244,0.366336,0.0,1,0.5785711871,0.5351666863653154,Train
ESUSAO_clean,6.44994,4.84687,6.44994,1.43017,1343.92,939.69,0.0,0.0,0.5242,0.366529,0.0,1,0.5944737307,0.5217806005969984,Test
ESUSIW_clean,6.7467,5.80608,6.7467,1.39203,1364.88,980.494,0.0,0.0,0.5394,0.387491,0.0,1,0.5394688213000001,0.513866857900351,Train
ESUSOC01_clean,7.22634,6.19526,7.22634,1.36351,1450.27,1063.63,0.0,0.0,0.544,0.398969,0.0,1,0.5709942461,0.5018137685996319,Test
ESUSOC02_clean,7.24893,6.31165,7.23441,1.36801,1456.76,1064.88,0.0,0.0,0.538,0.393273,0.0,0,0.5463370526,0.5877668981112326,Test
ESUSOC_clean,7.05543,5.76553,7.05417,1.36444,1437.77,1053.75,0.0,0.0,0.5426,0.397672,0.0,1,0.5649042059,0.4893363663606808,Train
ESUTAP_clean,7.12445,6.33134,7.12445,1.37347,1444.41,1051.64,0.0,0.0,0.5478,0.398843,0.0,1,0.5795441431,0.5000285462079704,Test
ESUTIX_clean,7.33038,6.15605,7.3245,1.35339,1467.91,1084.62,0.0,0.0,0.5522,0.408012,0.0,1,0.5480410827000001,0.5064173169646737,Test
ESUVAR01_clean,5.82794,3.93449,5.82794,1.54928,1195.21,771.464,0.0,0.0,0.4896,0.316018,0.0,1,0.6549433481,0.6164358803587331,Train
ESUVAR_clean,6.28796,4.55194,6.20677,1.47064,1312.34,892.358,0.0,0.0,0.5172,0.351684,0.0,1,0.6305154431000001,0.5231530166989754,Test
ESUVOF_clean,6.88083,5.87111,6.87535,1.38485,1391.22,1004.61,0.0,0.0,0.5404,0.390224,0.0,0,0.5691317117,0.5898358953884469,Train
ETAXUT_clean,12.89356,7.93773,12.89356,0.721487,1897.63,2630.17,77.994,108.102,0.7242,1.00376,0.0,1,0.6458894602,0.6606196177954431,Train
ETECIR_clean,4.32284,3.50203,4.32284,1.44521,1297.96,898.111,0.0,0.0,0.6006,0.41558,0.0,0,0.6666655118,0.7292012512026588,Test
ETECOX_clean,10.32812,8.91862,10.31469,1.07802,2014.96,1869.13,0.0,0.0,0.7346,0.681437,0.0,1,0.3142567228,0.24657004533321175,Train
ETEJIX01_clean,6.69684,4.77946,6.69684,1.08358,2483.86,2292.26,0.0,0.0,0.649,0.598939,0.0,1,0.4805960057,0.5219767038130309,Train
ETEJIX_clean,6.81796,5.05367,6.81796,1.05868,2313.65,2185.42,0.0,0.0,0.6546,0.61832,0.0,1,0.4800913364999999,0.5552391225413353,Train
ETEJOD01_clean,6.6678,4.96877,6.6678,1.10092,2405.28,2184.79,0.0,0.0,0.6552,0.595139,0.0,1,0.5078604698,0.47166059040738917,Train
ETEJOD_clean,6.80678,5.11467,6.80678,1.12771,2231.39,1978.7,0.0,0.0,0.6388,0.56646,0.0,1,0.5556798659000001,0.5732904099116632,Train
ETEJUJ_clean,6.80904,5.16362,6.80904,1.11208,2257.09,2029.61,0.0,0.0,0.6478,0.582511,0.0,1,0.4961794813,0.5136944473761238,Train
ETEKAQ01_manual,5.81491,4.70834,5.54365,1.17141,2276.97,1943.78,0.0,0.0,0.6496,0.554545,0.0,1,0.3752945151,0.43249544623653835,Train
ETEKAQ_clean,6.79458,5.19238,6.79458,1.13284,2254.4,1990.05,0.0,0.0,0.6454,0.569721,0.0,1,0.4917348842,0.5408578866319279,Train
ETEKEU_clean,6.74215,5.18388,6.74215,1.16256,2288.23,1968.27,0.0,0.0,0.6442,0.554124,0.0,1,0.4786587322999999,0.5157732061193702,Train
ETEPID_clean,6.17672,3.95395,5.87594,1.10537,1278.33,1156.47,289.636,262.025,0.5518,0.499197,0.0,1,1.3393056483,1.2418924885242686,Train
ETEQUQ_clean,5.92538,4.00393,5.92538,2.21544,1336.48,603.256,0.0,0.0,0.5274,0.238056,0.0,1,0.1471594446,0.20411233139713109,Test
ETESIG_clean,5.84738,4.10522,5.84738,1.34804,1113.36,825.908,0.0,0.0,0.511,0.379069,0.0,1,0.6826339501,0.5984962264935408,Test
ETEXEI01_clean,5.81183,4.79897,5.70377,1.51395,1510.72,997.869,0.0,0.0,0.6306,0.416527,0.0,0,0.5336104742000001,0.5212226262610062,Test
ETEXEI_clean,5.78427,4.68209,5.77551,1.52654,1503.21,984.721,0.0,0.0,0.622,0.407458,0.0,0,0.5464459934,0.581134482487291,Test
ETIXIQ_clean,6.68041,4.65647,6.65888,0.848377,2297.1,2707.64,0.0,0.0,0.6174,0.727742,0.0,0,0.8602312951000001,0.8439234444037278,Train
ETUWEW_clean,4.93842,4.37104,4.93842,1.56386,2303.31,1472.84,0.0,0.0,0.6098,0.389934,0.0,0,0.3075271053,0.3677580931858405,Train
ETUWIA_clean,4.84869,4.31374,4.84869,1.3172,2256.73,1713.27,0.0,0.0,0.6028,0.457637,0.0,1,0.4946380118,0.6533562234380154,Test
ETUXEW_clean,4.30967,3.74181,4.30967,1.76757,1105.02,625.163,0.0,0.0,0.5662,0.320327,0.0,0,0.8027352538,0.852493708227473,Train
EVADIQ_clean,7.6272,6.3767,7.6272,1.10873,1926.39,1737.47,0.0,0.0,0.6356,0.573266,0.0,1,0.5321266737,0.4993853383913839,Train
EVAKIV_clean,13.34989,4.00312,13.34989,0.730238,1776.02,2432.11,0.0,0.0,0.6852,0.938325,0.0,0,0.6554961886999999,0.6031973866154401,Train
EVAKOB_charged,13.10841,3.92348,13.10841,0.806398,1723.78,2137.62,0.0,0.0,0.6526,0.809278,0.0,0,0.7040821866,0.6255019035536079,Train
EVEGIV_clean,6.17269,4.02251,6.17269,1.31229,854.868,651.434,42.1748,32.1384,0.5236,0.398999,0.0,1,0.3589173714,0.44092914774689485,Train
EVEGOB_clean,6.69286,4.9654,6.69286,1.28252,924.55,720.888,100.648,78.477,0.5186,0.404362,0.0,1,0.4533036149,0.47445130562225635,Train
EVEGUH_clean,6.67679,5.04188,6.67679,1.28811,935.874,726.551,97.6899,75.84,0.5222,0.405402,0.0,1,0.4846557111999999,0.4679272608289807,Train
EVIMUT_clean,5.27695,4.27032,5.27695,0.98944,1543.01,1559.48,0.0,0.0,0.5212,0.526762,0.0,1,0.4056951506,0.8109217472506189,Test
EVUDAA_clean,8.8715,5.37575,8.86492,1.06655,1848.87,1733.49,0.0,0.0,0.6318,0.592375,0.0,1,0.7591133532,0.5807369369664799,Train
EVUPOC_clean,6.33794,4.33255,6.21155,1.43397,1521.86,1061.29,0.0,0.0,0.5584,0.389408,0.0,1,0.5870028104999999,0.4840682902658948,Train
EVUQOC_clean,5.3745,3.92262,5.34265,1.5074,1102.05,731.093,0.0,0.0,0.4832,0.320551,0.0,1,0.7718594148000001,0.7725462782061653,Train
EVUQUI_clean,4.83999,3.93851,4.82956,1.53551,1049.12,683.243,0.0,0.0,0.4838,0.315075,0.0,1,0.6690709789,0.5958588242231081,Train
EVURAP_clean,4.91998,4.00691,4.90722,1.50366,1094.53,727.909,0.0,0.0,0.4888,0.325073,0.0,1,0.6732128809000001,0.65594781764907,Train
EWASIG01_clean,6.54739,5.55468,6.37809,0.995743,2287.2,2296.98,0.0,0.0,0.6682,0.671057,0.0,1,0.5269605447,0.5671372553013537,Train
EWASIG_clean,6.45735,5.55117,6.42218,0.997683,2278.25,2283.54,0.0,0.0,0.6672,0.66875,0.0,1,0.5542798962,0.5680241114929138,Train
EWECOY_clean,6.36107,5.38638,6.36107,1.35369,1897.91,1402.03,0.0,0.0,0.613,0.452836,0.0,1,0.4063801278,0.5186707798957721,Test
EWESAC_clean,4.96455,3.52189,4.96455,1.2876,515.857,400.635,170.93,132.751,0.4632,0.35974,0.0,0,0.8558604268000001,0.7731298545033827,Train
EWETUW_clean,5.62021,4.24917,5.57976,1.31411,662.316,504.004,418.644,318.576,0.5412,0.411838,0.0,1,1.1620582658,1.071894450451636,Train
EWEWUZ_charged,4.52116,3.71878,4.50868,1.669,563.834,337.828,0.0,0.0,0.4256,0.255003,0.0,1,0.3190796027,0.39456146632694733,Train
EWIPIL_clean,5.07501,3.95522,5.05284,1.20337,1849.05,1536.56,0.0,0.0,0.602,0.500263,0.0,1,1.2291105518,1.0691952374406428,Train
EWUCOP_clean,4.517,3.6203,4.517,1.14036,1567.35,1374.43,0.0,0.0,0.607,0.532288,0.0,0,0.8328245808,0.9233166722813916,Train
EWUGEK_clean,4.25922,3.99552,4.25922,1.59647,254.293,159.284,0.0,0.0,0.3716,0.232763,0.0,0,0.2478471241,0.41962261020146085,Train
EWUKAK_clean,8.06678,6.82094,8.05126,1.11278,1981.43,1780.62,0.0,0.0,0.6252,0.561838,0.0,1,0.5438851738,0.4995326877259808,Train
EWUKEO_clean,6.02152,4.9088,6.0177,1.04306,2495.54,2392.52,0.0,0.0,0.6576,0.630455,0.0,1,0.6480949679,0.5773686484531588,Train
EWUKIS_clean,6.09706,5.36823,6.07492,1.05799,2424.88,2291.97,0.0,0.0,0.6762,0.639136,0.0,1,0.6743451855,0.4823812317120177,Test
EWUSOF_clean,11.18858,8.47337,10.82571,0.877,1675.84,1910.87,0.0,0.0,0.721,0.822121,0.0,1,0.1642803943,0.29564191437686965,Train
EWUSUL_clean,11.25293,8.38573,11.25293,0.979503,1671.61,1706.59,0.0,0.0,0.7086,0.723428,0.0,1,0.1480383321,0.24125164756480444,Train
EWUTEW_clean,7.55965,4.88065,7.45386,1.29422,1660.56,1283.06,0.0,0.0,0.5852,0.452164,0.0,1,0.4203633292,0.4288313585566238,Test
EXALAR_clean,8.27068,4.14256,8.27068,0.819136,1552.0,1894.68,19.4699,23.7688,0.6382,0.779114,0.0,1,0.3530353165,0.3560427813639011,Train
EXALIZ_clean,8.54083,3.87619,8.54083,1.52305,1283.51,842.727,0.0,0.0,0.5696,0.373988,0.0,1,0.1504722935,0.21341451156971109,Train
EXAPEA_clean,5.23017,3.49325,5.23017,1.44837,343.252,236.992,0.0,0.0,0.4076,0.281419,0.0,0,0.4442513052,0.3921380611619694,Train
EXAXAE01_clean,10.9668,6.77359,10.9668,1.34773,1718.01,1274.74,128.947,95.6773,0.6772,0.502475,0.0,1,0.3279312504,0.37585715588226276,Test
EXAXAE_clean,10.76753,6.65722,10.58024,1.36537,1690.78,1238.34,127.443,93.34,0.6754,0.494666,0.0,1,0.3413566012,0.34713496181631487,Train
EXEMUR_clean,6.22751,4.77221,6.20611,1.4177,461.655,325.637,178.147,125.659,0.4768,0.33632,0.0,0,0.2149751687,0.33086959957778495,Train
EXENAX_clean,4.98437,3.71955,4.67631,1.89432,1307.11,690.013,0.0,0.0,0.588,0.310402,0.0,1,0.2400694993,0.3155693777052535,Train
EXEQAA_clean,7.25351,7.13068,7.2425,1.02495,1673.9,1633.14,0.0,0.0,0.6088,0.593978,0.0,0,0.678368973,0.7130186822710418,Train
EXEQII_SL,7.24683,7.11371,7.24683,1.02502,1683.52,1642.43,0.0,0.0,0.597,0.58243,0.0,0,0.6791778756,0.7318511967297315,Train
EXEWIO_clean,7.06551,3.91163,7.06551,1.10612,1247.35,1127.68,0.0,0.0,0.5336,0.482408,0.0,1,1.0328456344,0.7273584461928925,Train
EXEXAH_clean,9.58473,9.08126,9.58473,0.865744,1381.13,1595.31,0.0,0.0,0.6118,0.706675,0.0,0,0.2753767548,0.3975640555314272,Train
EXIDOF_clean,5.61373,5.00672,5.60841,1.03591,1864.27,1799.64,0.0,0.0,0.6158,0.594451,0.0,0,0.8190074527,0.8289090130454031,Train
EXOFIH_clean,4.43208,4.25139,4.42906,1.35435,1660.17,1225.81,0.0,0.0,0.5858,0.432533,0.0,0,1.8450652367,1.6936719657757617,Train
EXOTOB_clean,13.28738,7.77882,13.22247,0.710367,1789.01,2518.43,0.0,0.0,0.7024,0.988785,0.0,1,0.2470947546,0.45309742585483664,Train
EXOTUH_SL,6.05951,4.4083,6.05951,0.950557,1966.63,2068.92,0.0,0.0,0.6264,0.658982,0.0,0,0.7204222408,0.8592912225313465,Test
EXOZIB_clean,8.81916,5.67239,8.81916,0.860889,2066.43,2400.34,0.0,0.0,0.7104,0.825193,0.0,1,0.3641274439,0.4515038995781825,Train
EXUHEM_clean,5.5848,3.98697,5.5848,1.1948,1036.21,867.268,0.0,0.0,0.5148,0.430868,0.0,0,0.5712837311,0.7500635446686852,Train
EXUHUC_clean,6.22107,4.0898,6.22107,1.22274,852.187,696.948,9.45855,7.73552,0.5232,0.427891,0.0,1,0.1879148107,0.3467509315820612,Test
EYACOX_clean,8.14361,5.87215,7.68514,0.961963,2469.42,2567.06,0.0,0.0,0.6732,0.699819,0.0,1,0.4988157385,0.5680963123403486,Train
EYINOR_clean,8.12774,5.83469,8.12774,0.997324,2427.09,2433.6,0.0,0.0,0.6904,0.692252,0.0,1,0.5229145768,0.48642605532971006,Train
EYIYES_clean,8.23387,5.84668,8.15455,0.958955,2430.13,2534.15,0.0,0.0,0.6902,0.719741,0.0,1,0.4586588043,0.512812901181318,Train
EYOCIG_clean,8.27418,5.89212,8.06359,0.922433,2431.08,2635.51,0.0,0.0,0.694,0.752358,0.0,1,0.4520661522,0.6087763600275267,Test
EYOCOM_clean,8.18337,5.84697,8.18337,0.974997,2429.97,2492.29,0.0,0.0,0.6902,0.7079,0.0,1,0.4524337972999999,0.5137243816007849,Train
EYULOA_clean,4.93073,3.99192,4.90572,1.26506,819.807,648.04,0.0,0.0,0.5008,0.395872,0.0,0,0.9072412422,0.8671143445524047,Train
EYUWAW_clean_h,6.01873,4.52997,6.01625,1.02499,1441.95,1406.78,0.0,0.0,0.5778,0.563711,0.0,1,0.5990047635,0.7200845903037398,Test
EZABEN_clean,5.22809,3.75233,5.19001,1.80933,1456.46,804.973,0.0,0.0,0.5686,0.314261,0.0,1,0.4412088047,0.35642933488359674,Test
EZEQEH_clean,4.87284,4.37059,4.87284,1.23337,902.039,731.365,0.0,0.0,0.4534,0.367612,0.0,0,0.8221335912000001,0.8284339782867454,Train
EZEQIL_clean,5.30026,4.78345,5.30026,1.17129,1076.67,919.215,0.0,0.0,0.476,0.406389,0.0,0,0.8295466277,0.7456896806269613,Train
EZEQOR_clean,5.6482,4.90134,5.6482,1.14412,1130.85,988.403,0.0,0.0,0.4858,0.424607,0.0,0,0.8408072164,0.757425951442841,Test
EZEQUX_clean,5.58794,4.86495,5.58794,1.14902,1119.33,974.163,0.0,0.0,0.4862,0.423145,0.0,0,0.8733777503,0.7647358302952764,Train
EZESAF_clean,5.1372,4.14128,5.1327,1.2462,687.896,551.996,0.0,0.0,0.4534,0.363827,0.0,1,0.7582429093999999,0.6389194672229639,Train
EZIPEK_clean,8.58626,4.2007,8.58626,1.51602,1671.68,1102.68,0.0,0.0,0.5836,0.384955,0.000527697,0,0.5506834172,0.4587758068909613,Train
EZITUE_clean,5.18743,4.58908,5.18743,1.41786,514.897,363.149,0.0,0.0,0.4536,0.319918,0.0,1,0.3963780496,0.3983480043197467,Train
EZIVAM_clean,4.86841,4.201,4.86841,1.36805,410.17,299.821,0.0,0.0,0.4216,0.308176,0.0,1,0.4503243667,0.43708083642950846,Train
EZOBUR02_clean,5.4535,4.4976,5.43411,1.36504,878.599,643.645,0.0,0.0,0.4944,0.362188,0.0,1,0.4275840282,0.47734041819465145,Train
EZOBUR_clean,6.22091,4.91314,6.06649,1.26527,1070.0,845.668,0.0,0.0,0.5366,0.4241,0.0,1,0.3850012268,0.45253984924717877,Train
EZOFEF_clean,11.22482,4.58247,11.22482,1.02492,1340.94,1308.34,253.285,247.127,0.6156,0.600633,0.0,0,1.1316653621,0.9612603908309848,Train
EZUCIM_clean,5.27092,4.42324,5.21472,1.00292,1781.29,1776.11,0.0,0.0,0.602,0.600249,0.0,0,1.0081673722,0.9544399037291698,Test
EZULAO_clean,5.09593,4.42786,5.07986,1.44576,1054.74,729.539,0.0,0.0,0.5038,0.348468,0.0,1,0.6265648386,0.6373776299567063,Train
FABCUI_clean,5.29132,3.67742,5.0134,1.09277,1448.77,1325.78,0.0139318,0.0127491,0.5368,0.49123,0.0,1,0.4660474494,0.656345312016718,Train
FABGUM_clean,4.49645,4.20268,4.49184,1.20151,964.988,803.144,198.183,164.944,0.618,0.514351,0.0,0,0.3362688725,0.31478981927477506,Train
FAFDEX_clean,4.84612,4.0465,4.84612,1.4121,763.799,540.896,0.0,0.0,0.426,0.301679,0.0,1,0.6073069126,0.550109792184412,Train
FAFMAC_clean,6.81612,5.39086,6.79864,1.26269,1165.02,922.651,0.0,0.0,0.5508,0.436212,0.0,1,0.2476725123,0.4159795829677665,Train
FAFQEJ01_clean,6.37389,4.22376,5.90055,1.46265,2225.33,1521.44,0.0,0.0,0.6474,0.442621,0.0,1,0.1662569376,0.2683404884993542,Train
FAGMAE_clean,5.46748,4.37557,5.46748,1.06062,1170.19,1103.31,0.885384,0.834777,0.5442,0.513094,0.0,1,0.3997479933,0.610843901716152,Train
FAGMEI_clean,4.74677,3.86448,4.45761,1.13696,582.955,512.733,152.586,134.206,0.5114,0.449797,0.0,1,0.6475741147999999,0.6689142254252135,Train
FAGMOS_clean,4.83565,3.90897,4.83387,1.11657,661.618,592.547,152.346,136.441,0.5228,0.468221,0.0,1,0.6476421717,0.6626917622529342,Train
FAGQAI_clean,13.61199,8.61498,13.60121,0.481098,2019.32,4197.32,0.0,0.0,0.7864,1.63459,0.0,1,0.375211692,0.4462520558082701,Train
FAGREM_clean,7.38233,6.89343,7.38233,1.46524,1454.62,992.751,0.0,0.0,0.557,0.380143,0.0,1,0.4059909964,0.40079133696893743,Train
FAGXIX_clean,5.2216,3.54475,5.2216,1.24357,1161.81,934.26,0.0,0.0,0.5266,0.42346,0.0,1,1.5519324368,1.0243238638736143,Train
FAHGAY_clean,5.42928,5.0549,5.42928,0.789805,2259.65,2861.02,0.0,0.0,0.6494,0.822229,0.0,0,0.8848876909000001,0.7759701293559057,Train
FAHPOV_clean,15.83326,12.70856,15.77354,0.465056,1930.74,4151.64,0.0,0.0,0.8222,1.76796,0.0,1,0.4392134535999999,0.43705820654573513,Train
FAHQIQ_clean,9.85392,4.35513,9.85392,0.853176,2077.29,2434.78,0.0,0.0,0.6662,0.780847,0.0,0,0.9956865456,0.7942347515642346,Train
FAHQIR_clean,5.4668,3.66161,5.45525,1.24631,646.137,518.44,0.0,0.0,0.4704,0.377434,0.0,1,0.712130053,0.5446764300575068,Train
FAJYAS_clean,8.56248,6.70705,8.55013,0.843378,1917.39,2273.46,0.0,0.0,0.6388,0.75743,0.0,1,0.4013419061,0.5495307668428917,Test
FAJZOI_clean,5.7048,3.67896,5.62232,1.15456,806.025,698.125,0.0,0.0,0.4918,0.425964,0.0,0,1.3613542889,0.8426097916590898,Train
FAKLIO_clean,9.35143,8.40739,9.35026,0.753404,1654.42,2195.93,0.0,0.0,0.6524,0.865937,0.0,0,0.4808689452,0.5085036799850058,Test
FAKLOU_clean,9.12795,8.03305,9.12795,0.879649,1631.51,1854.72,0.0,0.0,0.6538,0.743251,0.0,0,0.4384989585,0.5304336346478133,Test
FAKLUA_clean,9.01677,8.0299,9.01677,0.819291,1611.05,1966.39,0.0,0.0,0.6454,0.787754,0.0,0,0.5851752764,0.547952450689382,Test
FAKMAH_clean,8.51474,7.6757,8.51474,0.756909,1726.74,2281.31,0.0,0.0,0.6586,0.870118,0.0,0,0.5571890590999999,0.46900846543480323,Train
FAKNIR_clean,7.731,5.84497,7.731,0.960238,2118.84,2206.58,0.0,0.0,0.6484,0.675249,0.0,1,0.5595332754,0.6520897133715284,Test
FALBAX_manual,16.15249,9.49143,16.1486,0.447193,2181.58,4878.38,0.0,0.0,0.8038,1.79743,0.0,0,0.45630853,0.42085363385523855,Train
FALDAA_clean,6.52279,5.33991,6.32184,1.08899,1435.02,1317.76,0.0,0.0,0.579,0.531688,0.0,1,0.5453778474000001,0.6129205315553313,Train
FALLOT_clean,5.47116,3.44168,5.42276,1.84097,1146.35,622.691,0.0,0.0,0.5828,0.316572,0.0,1,0.2349995872,0.4360781981694384,Test
FALPOY_clean,5.64075,4.31698,5.64026,1.89914,1788.53,941.762,0.0,0.0,0.5702,0.300242,0.0,1,1.7740584592,0.43188852768269015,Test
FALVOF_clean,6.65756,4.5203,6.48608,1.39374,1687.85,1211.03,0.0,0.0,0.5882,0.422031,0.0,1,0.2118105289,0.39068118856118206,Train
FAMPUH_clean,14.29727,6.50644,14.29727,0.67257,2359.31,3507.91,0.0,0.0,0.7568,1.12524,0.0,1,0.6221421903000001,0.6732988132504114,Test
FAMQAO_clean,14.19972,6.54893,14.18609,0.666736,2302.24,3453.0,0.0,0.0,0.7576,1.13628,0.0,1,0.601658751,0.6377774918525844,Test
FAMQES_clean,13.92314,6.55268,13.92314,0.674226,2354.83,3492.63,0.0,0.0,0.7532,1.11713,0.0,1,0.6347984382,0.6612386806640347,Train
FANCIJ_clean,8.52966,7.16955,8.46063,1.09037,1242.28,1139.32,72.6595,66.6376,0.5784,0.530463,0.0,0,0.6748427667,0.6420248788045548,Train
FANCOP_clean,8.31522,6.68432,8.30333,1.04032,1268.68,1219.51,89.2086,85.7514,0.5834,0.560791,0.0,0,0.8623122845000001,0.6735763457386795,Test
FANDEG_clean,8.58478,6.98003,8.57286,1.05217,1307.67,1242.83,85.7897,81.5358,0.5892,0.559985,0.0,0,0.7745194103,0.6891178624839323,Train
FANQER_clean,5.21362,4.0339,5.21362,1.50842,1029.25,682.337,0.211472,0.140194,0.5204,0.344996,0.0,1,0.1035675708,0.36731395299796055,Train
FAPXEC_clean,7.23633,7.07944,7.22228,1.10849,1601.62,1444.86,0.0,0.0,0.5964,0.538029,0.0,0,0.7146035591,0.7755184992112443,Train
FAPXIG_clean,7.25163,7.0872,7.25163,1.12925,1578.62,1397.94,0.0,0.0,0.5966,0.528317,0.0,0,0.740562643,0.7375253291021735,Test
FAPXOM_clean,7.22558,7.07954,7.22145,1.12985,1598.05,1414.39,0.0,0.0,0.5978,0.529098,0.0,0,0.7537731896,0.7635778510414329,Train
FAQGEL_clean,5.35554,3.64691,5.34801,1.44151,1313.99,911.54,0.0,0.0,0.536,0.371832,0.0,1,0.7079895863,0.6289857954955906,Train
FAQGIP_clean,5.30496,3.71196,5.30496,1.22203,1264.33,1034.61,0.0,0.0,0.5172,0.423229,0.0,1,0.8038194352,0.8308485252336542,Test
FAQLUH_clean,7.25665,7.09719,7.24714,1.10687,1602.27,1447.57,0.0,0.0,0.5958,0.538276,0.0,0,0.7195671795999999,0.7567374874173332,Train
FARBIL_clean,6.5257,5.85477,6.5257,1.16183,1319.81,1135.97,0.0,0.0,0.544,0.468226,0.0,0,0.6163613288,0.6403062537385162,Train
FARFIO_clean,9.12316,6.55123,9.12316,1.31137,1730.77,1319.82,0.0,0.0,0.6458,0.492464,0.0,0,0.2152568148,0.21966296130178375,Train
FARFOU_clean,8.96134,6.03917,8.96134,1.3138,1736.65,1321.85,0.0,0.0,0.6496,0.494443,0.0,0,0.225714228,0.18732943970547444,Train
FARFUA_clean,8.43305,5.99885,8.43305,1.37514,1658.2,1205.84,0.0,0.0,0.6292,0.457553,0.0,0,0.2270335013,0.32971959878319945,Train
FARHIR_ion_b,6.8791,5.35126,6.8791,1.62906,838.805,514.901,0.0,0.0,0.3778,0.231913,0.0,1,0.5376619676,0.4514331246114761,Train
FARHOX_ion_b,6.26684,3.62781,6.26416,1.63231,1189.76,728.882,0.0,0.0,0.5338,0.327022,0.0,1,0.5984193597999999,0.46933332903113745,Test
FASHAK_clean,5.67537,4.91896,5.66915,1.31877,1672.64,1268.34,0.0,0.0,0.5816,0.441018,0.0,1,0.305688128,0.4973940676761861,Train
FASHOX_clean,5.79545,4.39914,5.79038,3.73156,1762.91,472.433,0.0,0.0,0.572,0.153287,0.0,1,0.1760907084,0.056767746427592636,Train
FASVIH_clean,7.36263,6.76595,7.35007,1.28937,1714.12,1329.42,0.0,0.0,0.6144,0.476511,0.0,1,0.366040199,0.4783553868397198,Test
FASYUU_charged,5.1995,4.26246,5.17527,1.9801,586.64,296.268,0.0,0.0,0.4562,0.230392,0.0,0,0.2707897269,0.31350709963676165,Train
FATKAO_clean,4.65609,3.80909,4.65088,1.95034,1014.02,519.916,0.0,0.0,0.465,0.238419,0.0,1,0.2236707530999999,0.2861727833217482,Train
FATKES_clean,4.81739,3.70783,4.8165,1.82727,1025.9,561.439,0.0,0.0,0.4878,0.266955,0.0,1,0.2256551057999999,0.4314885301212441,Test
FATKIV_clean,14.84172,10.48506,14.13115,0.799535,924.965,1156.88,197.216,246.664,0.6364,0.795963,0.0,1,0.3701478544,0.7367141282674271,Test
FATKIW_clean,4.92999,3.7145,4.92517,1.89194,1016.62,537.341,0.0,0.0,0.477,0.252122,0.0,1,0.2348615248999999,0.324014435065441,Train
FATKOC_clean,4.67985,3.79401,4.65705,1.90793,1011.46,530.135,0.0,0.0,0.4774,0.250219,0.0,1,0.2262106522,0.2543672229699383,Train
FATKUI_clean,4.71614,3.90797,4.71614,1.76449,1087.25,616.182,0.0,0.0,0.4914,0.278494,0.0,1,0.2222372207999999,0.3984752117361954,Train
FATLUJ_clean,5.42171,4.28978,5.42171,1.20951,1168.02,965.69,4.12251,3.4084,0.5226,0.432074,0.0,1,0.3300965530999999,0.6585218081357325,Train
FATQID_clean,11.53016,8.55287,11.53016,0.606791,2204.88,3633.67,0.0,0.0,0.8008,1.31973,0.0,1,0.3434219718999999,0.3917899094498481,Train
FATVOM_clean,4.53669,4.03212,4.53669,1.59797,796.91,498.701,0.0,0.0,0.4212,0.263584,0.0,1,0.6287471045,0.6114614135224964,Test
FAVFUG_clean,6.83841,4.77149,6.83841,1.02578,1903.53,1855.69,0.0,0.0,0.6082,0.592913,0.0,0,0.6679128332000001,0.7958804873562692,Train
FAVGAN_clean,5.57142,4.50196,5.49969,1.52705,956.016,626.056,0.0,0.0,0.4838,0.316821,0.0,1,0.2547193791,0.43961845152932894,Train
FAVGER_clean,5.35311,4.52327,5.34725,1.54964,901.531,581.768,0.0,0.0,0.481,0.310395,0.0,0,0.2362730585,0.4844118151113079,Train
FAVGIV_clean,4.89361,4.27611,4.89361,1.63035,784.518,481.195,0.0,0.0,0.4718,0.289385,0.0,1,0.2649013837,0.2965709540284375,Train
FAVGOB_clean,4.8913,4.26213,4.88425,1.63875,774.721,472.75,0.0,0.0,0.4632,0.282654,0.0,1,0.2653861445,0.2997719260686012,Test
FAVGUH_clean,4.86763,4.2119,4.84866,1.64912,773.676,469.146,0.0,0.0,0.4688,0.284274,0.0,1,0.2605676547,0.28910235844353466,Test
FAVHAO_clean,4.95666,4.40143,4.92219,1.63957,784.566,478.52,0.0,0.0,0.4652,0.283733,0.0,1,0.2710651341,0.2745355633322338,Train
FAVHES_clean,4.81694,4.18094,4.81252,1.69685,756.814,446.011,0.0,0.0,0.4616,0.272033,0.0,1,0.2643942468,0.2655498974680768,Train
FAVHIW_clean,4.93663,4.37848,4.91876,1.68898,774.259,458.419,0.0,0.0,0.459,0.271762,0.0,1,0.2791691136,0.2530131474853013,Test
FAVKAP_clean,6.87609,5.10388,6.87609,1.0919,2445.17,2239.37,0.0,0.0,0.6468,0.592361,0.0,1,0.4960006932999999,0.49593828530148465,Test
FAWCEN02_SL,11.41573,3.43573,11.41573,0.924186,1463.4,1583.45,0.0,0.0,0.6478,0.700941,0.0,0,0.2728644053,0.24020033807347657,Test
FAYPAY_clean,12.90794,5.24047,12.8925,0.673936,2011.51,2984.72,0.0,0.0,0.742,1.10099,0.0,1,0.4508054063,0.5374891802080547,Train
FAYPEC_clean,11.32938,4.75784,11.28719,0.745804,1782.19,2389.63,0.0,0.0,0.6898,0.924908,0.0,1,0.448635527,0.5459086384310196,Train
FAYPIG_clean,11.51198,6.01308,11.45567,0.74228,1782.59,2401.5,0.0,0.0,0.7098,0.956244,0.0,1,0.4377138761,0.46281776285004794,Train
FAYPOM_clean,8.33734,7.34032,8.33734,0.888945,1770.92,1992.16,0.0,0.0,0.637,0.71658,0.0,0,0.4434223497999999,0.5559366378444789,Train
FAYQAZ_clean,13.25092,5.37829,12.95797,0.797039,1583.25,1986.41,0.0,0.0,0.6806,0.85391,0.0,1,0.3667802859,0.4463460273525369,Train
FAYQED_clean,12.559,10.1499,12.53561,0.533674,1990.43,3729.68,0.0,0.0,0.7818,1.46494,0.0,1,0.5871765438000001,0.46041214200389097,Test
FAYQUT_clean,11.36736,8.26719,11.16554,0.777904,1704.81,2191.54,0.0,0.0,0.681,0.875429,0.0,1,0.5092258447,0.4211473939306347,Train
FAZFET_clean,6.57316,4.4573,6.55727,1.65256,1476.29,893.337,1.47172,0.89057,0.5356,0.324103,0.0,1,0.2146784155,0.358467387485596,Train
FAZPED_clean,7.63868,5.99081,7.63868,1.64589,749.747,455.527,0.0,0.0,0.4048,0.245946,0.0,1,0.245668771,0.22135271566541515,Train
FAZRAA_charged,5.45459,4.79592,5.43006,1.5554,801.166,515.086,0.0,0.0,0.4652,0.299087,0.0,0,0.7202049268999999,0.5405992565863337,Train
FAZZEM_clean,5.74693,4.41081,5.68235,2.16525,873.054,403.211,0.0,0.0,0.4638,0.214201,0.0,1,0.1150764464,0.24601721082854866,Train
FEBPUY_clean,5.08924,4.38524,5.07804,1.23823,1158.3,935.44,0.0,0.0,0.5392,0.435459,0.0,1,0.6861794993000001,0.8060277485974785,Train
FEBXIV_clean,17.28638,15.74639,17.27933,0.293688,1491.04,5076.95,0.0,0.0,0.8788,2.99229,0.0,1,0.4578584693,0.4092029150761078,Test
FECCIZ_clean,4.99663,3.47947,4.98801,1.68897,855.07,506.267,0.0,0.0,0.478,0.283012,0.0,0,4.0858530742,0.8393246017636783,Test
FECKAA_clean,5.54178,3.96898,5.52138,0.97764,1036.11,1059.8,74.179,75.8756,0.5832,0.596539,0.0,1,0.8657662803,0.8588731650365533,Train
FECXAO_clean,5.79137,4.59346,5.79018,0.989543,1846.09,1865.6,0.0,0.0,0.6174,0.623924,0.0,0,0.8966180726,0.85089156788161,Train
FECXES_clean,10.76463,6.58995,10.58338,0.833076,2133.05,2560.44,0.0,0.0,0.7044,0.845541,0.0,1,0.7489707201000001,0.65931728951223,Test
FECXUI_clean,10.09798,5.67724,10.08611,0.924829,2051.69,2218.46,0.0,0.0,0.69,0.746084,0.0,1,0.5820777938,0.559765416145335,Train
FECYUJ_clean,9.54146,5.39642,9.54146,0.925869,2090.23,2257.59,1.94532,2.10107,0.6792,0.733581,0.0,1,0.6276258423,0.6342236153282286,Train
FECZAQ_manual,8.47974,5.36674,8.47974,0.984083,2012.57,2045.13,0.0,0.0,0.6646,0.67535,0.0,0,0.4652376624,0.6070432585820611,Test
FEDBEX_clean,5.54956,5.03901,5.54956,1.56747,1415.29,902.91,0.0,0.0,0.5562,0.354839,0.0,0,0.2127707764,0.48139357238754754,Train
FEDJUU_charged,3.91214,3.63395,3.91214,1.48389,192.255,129.562,0.0,0.0,0.37,0.249345,0.0,0,0.0958716492,0.21751679030974347,Train
FEFCUQ_clean,8.87571,6.35025,8.74283,0.77796,2120.63,2725.88,0.0,0.0,0.673,0.865083,0.0,0,0.5759360262,0.6026319779458282,Train
FEFDAX_clean,7.78612,6.37885,7.6796,0.828568,2134.58,2576.23,0.0,0.0,0.6746,0.814176,0.0,0,0.554357841,0.6238377089421652,Train
FEFDEB_manual,13.10906,11.59751,13.10906,0.53928,2135.2,3959.36,0.0,0.0,0.77,1.42783,0.0,0,0.3683318922999999,0.43771072627930907,Train
FEFZOF_clean,4.86334,3.89341,4.85268,1.78217,1115.48,625.914,0.0,0.0,0.5442,0.305359,0.0,1,0.3556134864,0.4379558108327093,Test
FEGNIQ_clean,7.13681,4.81158,7.13681,1.15152,1310.71,1138.24,0.0,0.0,0.528,0.458524,0.0,0,0.4319577811,0.589787494355055,Train
FEHCIG_manual,7.75569,7.04294,7.74271,0.956692,1636.76,1710.86,0.0,0.0,0.6308,0.659355,0.0,0,0.5180484274,0.6316368140148361,Train
FEJDII01_clean,5.11637,4.26776,5.11637,1.65956,1220.45,735.403,0.0,0.0,0.5874,0.353949,0.0,0,0.6508792218,0.7822944187533135,Train
FEJDII_clean,5.18964,4.3206,5.16791,1.64976,1282.11,777.148,0.0,0.0,0.607,0.367932,0.0,0,0.6670766649000001,0.72948867685261,Test
FENROG_clean,5.38209,4.56613,5.38209,1.67781,1972.59,1175.69,0.0,0.0,0.6206,0.369888,0.0,1,0.1706617022,0.3092749474642329,Train
FENVOL_charged,6.69079,4.0118,6.69079,1.28432,1495.32,1164.29,0.0,0.0,0.569,0.443036,0.0,1,0.9050239743,0.5906382830062741,Train
FEQSIF_clean,9.23636,5.60978,9.22645,0.773392,2340.66,3026.49,0.0,0.0,0.7012,0.906656,0.0,1,0.7140281945999999,0.6646711439093336,Train
FERHAN_clean,10.23981,6.40536,10.23981,0.784123,1831.24,2335.4,115.057,146.734,0.6978,0.889911,0.0,1,0.6454458337,0.6225288807376899,Test
FERVEF_clean,4.50859,3.42442,4.50859,2.0439,895.257,438.014,0.0,0.0,0.5236,0.256177,0.0,1,0.3179764745,0.33529604348556646,Test
FERVIJ_clean,4.83126,3.6773,4.83126,1.86686,1302.53,697.711,13.494,7.22817,0.5356,0.286899,0.0,1,0.3429438942,0.27767687703199234,Train
FERVUV_clean,4.63344,3.59285,4.63329,1.52979,1125.91,735.991,2.57897,1.68584,0.5188,0.339132,0.0,1,0.4450561365,0.433934627948074,Train
FERWAC_clean,4.92077,3.87767,4.92014,1.42345,1457.89,1024.2,0.0,0.0,0.5614,0.394393,0.0,1,0.5080513152,0.5222319338344168,Train
FESTUT_clean,4.58957,3.56818,4.49102,1.91412,810.164,423.257,0.0,0.0,0.5446,0.284517,0.0,0,0.92055496,0.7131790265360737,Test
FEVNIE_charged,12.01697,4.5426,12.01697,0.722308,2109.6,2920.63,0.0,0.0,0.7314,1.01259,0.0,0,0.4194998239,0.532221529803428,Train
FEVSAC_clean,4.70494,3.78141,4.69575,1.30344,385.722,295.926,85.5055,65.5998,0.4704,0.36089,0.0,1,0.2345535889,0.38748671827753334,Train
FEVVIM_charged,5.22245,3.56324,5.13158,1.20459,851.067,706.522,0.0,0.0,0.5288,0.438989,0.0,0,0.4384941675,0.8929896251061749,Test
FEWGUL_clean,4.38967,3.93713,4.357,1.63655,694.151,424.154,0.0,0.0,0.3828,0.233906,0.0,0,0.586642321,0.7948024222507497,Train
FEWQIJ_manual,5.32147,5.14959,5.31527,2.34625,1158.3,493.681,0.0,0.0,0.4776,0.203559,0.0,1,0.3318314008,0.4786825072226615,Test
FEWQOP_clean,5.35536,5.19712,5.35116,2.28568,1163.85,509.19,0.0,0.0,0.467,0.204315,0.0,1,0.3276682749,0.5600180116964082,Test
FEWWOV_clean,6.50134,3.77167,6.50134,0.923858,1579.47,1709.64,0.0,0.0,0.5876,0.636029,0.0,0,1.041617383,0.9284590813767772,Train
FEWWUB_clean,13.46293,4.10343,6.99036,0.839472,1304.99,1554.54,374.213,445.771,0.6142,0.731651,0.0,0,0.7842721578,0.8015289851234391,Train
FEXCES_clean,6.14892,5.48137,6.14892,1.01825,1528.57,1501.17,0.0,0.0,0.5802,0.569801,0.0,1,0.9263897028,0.7341767661846714,Test
FEYDET_clean,5.39172,4.60807,5.33792,1.74589,895.254,512.778,0.0,0.0,0.456,0.261185,0.0,0,0.9575669854,0.6337087370893294,Train
FEYJOJ_clean,6.25646,4.72399,6.2395,0.913381,2517.97,2756.76,0.0586414,0.0642026,0.6538,0.715802,0.0,1,0.6586213285,0.6894062256786251,Train
FEYQIK_clean,5.731,4.17822,5.71686,1.30044,1433.54,1102.35,0.0,0.0,0.5822,0.447694,0.0,1,0.3903945591,0.4911311486821907,Train
FEZCOD_charged,6.55568,3.92352,6.55158,1.41054,548.517,388.871,0.0,0.0,0.4878,0.345826,0.0,1,0.0924893605,0.1792875612694233,Test
FEZCUJ_charged,6.46053,4.06857,6.46053,1.4332,560.324,390.96,0.0,0.0,0.493,0.343986,0.0,1,0.0889663966,0.16423051605599004,Train
FEZQEI_clean,5.828,5.10591,5.828,1.19338,806.933,676.177,0.0,0.0,0.487,0.408086,0.0,0,0.2495466019,0.4483361276622361,Train
FEZREJ_clean,6.80795,5.29768,6.78405,1.3201,2032.7,1539.8,0.0,0.0,0.6256,0.473902,0.0,1,0.5298091849000001,0.5705835884980758,Train
FEZTIP_clean,5.60935,4.76331,5.55768,1.11089,1381.78,1243.85,0.0,0.0,0.563,0.5068,0.0,1,0.675247603,0.6991751352433193,Train
FIBHIJ_clean,5.3367,3.42361,5.26159,1.29192,845.674,654.588,0.0,0.0,0.5226,0.404515,0.0,1,0.3290041102,0.69004949220465,Test
FIBKEI_clean,12.33456,6.95883,12.32864,0.708252,2274.88,3211.97,0.0,0.0,0.7362,1.03946,0.0,1,0.6118457542,0.5878992911376565,Test
FIDRIV_clean,15.99327,15.90265,15.99327,0.698397,1517.46,2172.77,0.0,0.0,0.7102,1.0169,0.0,1,0.2549802914,0.3343935792918536,Train
FIFGAE_clean,7.43152,6.20566,7.41957,0.862729,2447.09,2836.45,0.0,0.0,0.7008,0.812306,0.0,1,0.5769108785,0.5997176272837959,Test
FIFGEI_clean,16.15291,14.69313,16.15291,0.412792,1738.34,4211.18,0.0,0.0,0.8636,2.09209,0.0,1,0.4469369023,0.42427863930210497,Train
FIFGIM_clean,12.64493,7.03976,9.83966,0.68535,2218.22,3236.63,0.0,0.0,0.7642,1.11505,0.0,1,0.5359630289,0.49825981197558167,Train
FIFMIS01_clean,4.81383,4.49281,4.81367,1.28928,625.276,484.979,115.997,89.97,0.4752,0.368577,0.0,1,0.7983033258,0.6941148756934219,Train
FIFMIS_clean,4.83064,4.51142,4.83037,1.28879,636.461,493.845,117.284,91.0034,0.48,0.372443,0.0,1,0.7969425690999999,0.7015382287060798,Train
FIFMOX_clean,6.04512,4.24356,6.04078,0.977861,1901.41,1944.46,0.0,0.0,0.5916,0.604994,0.0,1,0.494158986,0.7802929140760874,Test
FIFMOY_clean,4.8407,4.42587,4.8407,1.29544,593.069,457.813,123.778,95.5491,0.468,0.361267,0.0,1,0.7988762158,0.6959084104010207,Test
FIFMUD_clean,5.99897,3.96607,5.98731,0.985465,1849.24,1876.51,1.01814,1.03316,0.5914,0.600123,0.0,1,0.4836444973,1.0090584555227218,Test
FIFNUE01_clean,4.79076,3.93215,4.75885,1.01704,1531.07,1505.43,0.0,0.0,0.567,0.557502,0.0,1,0.4195952111,0.6990535884125499,Train
FIFNUE_clean,4.8017,3.95118,4.74576,1.02025,1565.01,1533.95,0.0,0.0,0.5802,0.568687,0.0,1,0.4416270431,0.8290943690759505,Test
FIFPAM01_clean,4.73813,3.78761,4.73813,1.03017,1649.03,1600.74,0.0,0.0,0.5794,0.562433,0.0,1,0.4379223617,0.7178101970065975,Test
FIFPAM_clean,4.72449,3.84654,4.62424,1.03535,1611.82,1556.78,0.0,0.0,0.5846,0.564637,0.0,1,0.3655667883,0.8308383857416823,Test
FIHFAF_clean,6.24558,4.36754,6.24558,1.21214,1512.33,1247.65,0.0,0.0,0.5622,0.463807,0.0,1,0.5947812145,0.7077234720717813,Test
FIHRIZ_clean,6.70189,5.92513,6.34809,1.0601,1583.25,1493.5,0.0,0.0,0.594,0.560326,0.0,0,0.7271639112,0.704552755019582,Train
FIJCUX01_clean,7.34002,6.13056,7.33722,1.22326,1581.46,1292.83,0.0,0.0,0.608,0.497033,0.0,1,0.5320120842,0.5385340910839974,Train
FIJDIM01_clean,5.82926,5.08135,5.82926,1.24507,1266.69,1017.36,0.0,0.0,0.5318,0.427125,0.0,1,0.6745567347,0.6929514700838304,Train
FIJDIM02_clean,5.85717,5.09946,5.85717,1.24136,1271.74,1024.47,0.0,0.0,0.5328,0.429205,0.0,1,0.6676879520000001,0.6938841341475257,Train
FIJDIM03_clean,5.87678,5.11703,5.87678,1.23925,1279.62,1032.57,0.0,0.0,0.5332,0.430259,0.0,1,0.6747427201999999,0.6991734651726151,Train
FIJDIM04_clean,5.91316,5.13983,5.91316,1.23456,1288.47,1043.66,0.0,0.0,0.5342,0.432705,0.0,1,0.6730956213,0.7047104541297672,Train
FIJDIM05_clean,5.94737,5.16221,5.94737,1.2314,1299.48,1055.29,0.0,0.0,0.534,0.433654,0.0,1,0.6678852093,0.6941009863008369,Train
FIJDIM06_clean,5.98426,5.17875,5.98426,1.22798,1308.75,1065.77,0.0,0.0,0.5354,0.436,0.0,1,0.6683614449,0.6872532659568289,Test
FIJDIM07_clean,6.01552,5.19329,6.01552,1.22701,1316.88,1073.24,0.0,0.0,0.5354,0.436345,0.0,1,0.6685882909,0.6998219255850944,Test
FIJDIM08_clean,6.03525,5.21694,6.03525,1.22274,1324.94,1083.58,0.0,0.0,0.5378,0.43983,0.0,1,0.6580716561,0.6618700524893075,Train
FIJDIM09_clean,6.04424,5.23566,6.03957,1.22037,1336.43,1095.1,0.0,0.0,0.5392,0.441833,0.0,1,0.6680599229999999,0.6561374834296925,Train
FIJDIM10_clean,5.79441,4.98095,5.78067,1.23638,1249.85,1010.9,0.0,0.0,0.5298,0.428511,0.0,1,0.6240250374,0.7139671120806355,Train
FIJDIM11_clean,5.83014,5.0814,5.83014,1.23386,1262.75,1023.41,0.0,0.0,0.5344,0.433111,0.0,1,0.6529824165,0.6875631725202048,Test
FIJDIM12_clean,5.8948,5.11958,5.8948,1.23559,1318.02,1066.71,0.0,0.0,0.5368,0.434449,0.0,1,0.6658788203,0.6726670763189635,Test
FIJDIM_clean,5.85157,5.09863,5.85157,1.24567,1280.47,1027.93,0.0,0.0,0.5282,0.424028,0.0,1,0.6756360142,0.697586189391579,Test
FIJDOS_clean,11.71715,10.90932,11.71715,1.21946,1612.88,1322.61,0.0,0.0,0.6614,0.54237,0.0,1,0.4060370006,0.3754872926764094,Train
FIJDUY_clean,5.11347,3.64709,5.11347,1.4525,1805.45,1242.99,0.0,0.0,0.5992,0.412529,0.0,1,0.3424641511,0.6244672797019161,Test
FIJFEK_manual,6.92559,6.57184,6.92559,1.58281,1548.76,978.488,0.0,0.0,0.5618,0.354939,0.0,0,0.5122397849,0.5526753840301238,Train
FIJFUA_clean,6.58892,4.46794,6.58892,1.28412,1352.77,1053.46,0.0,0.0,0.5288,0.4118,0.0,1,0.5008741704999999,0.5603151851112154,Test
FIJXUR_clean,7.39108,4.72102,7.39108,1.5002,1093.27,728.749,0.0,0.0,0.506,0.337289,0.0,1,0.098204826,0.2907632613619557,Train
FIJYED_clean,4.73259,3.98746,4.61177,1.90177,745.293,391.895,0.0,0.0,0.4318,0.227052,0.0,0,2.7386887912,1.9960037520031553,Train
FIJZEE_clean,7.37726,6.47542,7.37726,1.82096,874.8,480.405,0.0,0.0,0.4718,0.259093,0.0,0,1.3724739135,0.8571439020729985,Train
FILYEG_clean,7.61133,5.3287,7.60971,1.06942,1916.91,1792.48,0.0,0.0,0.6258,0.585176,0.0,1,0.3475744811,0.5812318869434925,Train
FIMNIA_clean,8.67616,3.56541,8.61027,1.50156,1522.94,1014.24,0.0,0.0,0.6126,0.407975,0.0,1,0.1392764058,0.2932636903640062,Train
FIMXUW_clean,4.96245,3.57593,4.95367,2.04735,760.785,371.594,0.0,0.0,0.4152,0.202798,0.0,1,0.2006999384,0.2954958032016466,Test
FIMZAE_clean,8.7496,5.24839,8.73677,1.17241,1659.79,1415.71,0.0,0.0,0.6,0.511765,0.0,1,0.385228553,0.3780092811983268,Test
FINQOK_clean,8.7337,4.60012,8.08289,1.3997,1628.14,1163.2,0.0,0.0,0.614,0.438665,0.0,1,0.1581859024,0.2714734482934584,Test
FINQUQ_clean,8.681,4.51126,8.681,1.41696,1585.78,1119.14,0.0,0.0,0.6192,0.436992,0.0,1,0.1551795149,0.19447029842492564,Train
FIPJAR_clean,5.38201,3.65359,5.35586,1.48851,1135.66,762.952,0.0,0.0,0.5586,0.375274,0.0,1,0.5294129296,0.6252886341171661,Train
FIPKOG01_clean,6.5379,4.8064,6.53406,1.09146,1614.42,1479.13,0.0,0.0,0.5916,0.542026,0.0,0,0.6808739893000001,0.686338033343346,Train
FIPKOG_clean,6.55849,4.8515,6.50444,1.08595,1635.33,1505.9,0.0,0.0,0.5862,0.539805,0.0,0,0.6737373379,0.7031860321579273,Train
FIPKUM_clean,6.35636,4.74684,6.35358,1.04617,1413.94,1351.54,0.0,0.0,0.5724,0.547139,0.0,0,0.7568938362000001,0.8272859860085043,Test
FIPWOS_clean,5.20561,3.82141,5.20561,1.29023,881.425,683.154,0.0,0.0,0.5118,0.396674,0.0,0,1.1062987007,0.893496235132833,Train
FIPXAF_clean,4.65881,3.97386,4.65881,1.34738,766.026,568.53,0.0,0.0,0.4744,0.35209,0.0,0,1.3821396701,0.9717541623063177,Train
FIPXEJ_clean,4.43579,3.68809,4.4295,1.35731,462.184,340.514,181.053,133.391,0.4954,0.364986,0.0,0,0.7027210095,0.6758560724761756,Train
FIQYOU_clean,4.72303,3.65899,4.72303,1.75011,750.863,429.037,0.0,0.0,0.4464,0.255069,0.0,0,0.5066342903,0.44360472904380044,Train
FIQYUA_clean,4.6258,3.62649,4.60025,1.85684,696.0,374.831,0.0,0.0,0.4364,0.235023,0.0,0,0.2946301203,0.661518904347105,Test
FIQZAH_clean,4.65627,3.68934,4.65627,1.93416,700.399,362.121,0.0,0.0,0.45,0.23266,0.0,0,0.5562392575,0.6494313386034201,Test
FIRMUQ_clean,6.37918,5.90394,6.37918,0.804259,2580.98,3209.14,0.0,0.0,0.675,0.839282,0.0,1,0.6063693928,0.6974139144626468,Train
FIRNAX01_clean,7.03668,6.10812,7.03668,0.718413,2358.57,3283.03,0.0,0.0,0.7048,0.981051,0.0,1,0.5490543720000001,0.5664064750572229,Test
FIRNAX_clean,6.70534,6.02432,6.70378,0.728308,2391.07,3283.04,0.0,0.0,0.6994,0.960308,0.0,1,0.5519750551,0.6246138363018375,Train
FIRNIF_clean,6.7853,6.06191,6.78493,0.71467,2582.63,3613.74,0.0,0.0,0.693,0.969679,0.0,1,0.5568728533,0.6365099803803042,Test
FIRNOL_clean,6.1215,5.54396,6.11958,0.794887,2656.05,3341.42,0.0,0.0,0.6666,0.838609,0.0,1,0.7236087934000001,0.7808095349195802,Train
FIRNUR_clean,6.62054,6.03585,6.61701,0.714161,2609.57,3654.03,0.0,0.0,0.6944,0.97233,0.0,1,0.6601469609,0.6664013621507772,Train
FIRPAZ_clean,7.15818,6.15135,7.14286,0.673811,2389.65,3546.47,0.0,0.0,0.7144,1.06024,0.0,1,0.5464328971,0.4754223399408397,Train
FIRZOX_clean,8.47321,7.4886,8.47321,1.47389,1193.71,809.905,0.0,0.0,0.5488,0.372348,0.0,1,0.1000906889,0.2084957477569181,Test
FITGEW_clean,9.86717,4.17287,8.68985,1.08823,1175.78,1080.45,0.0,0.0,0.5382,0.494564,0.0,1,0.2423172414,0.39904689919897185,Train
FITHIA_clean,4.35737,3.84524,4.35737,1.27732,941.275,736.915,0.0,0.0,0.4314,0.337739,0.0,1,0.3996585787,0.4756711727978527,Train
FIVNAZ_clean,4.57167,3.52743,4.40749,2.12433,1354.32,637.526,0.0,0.0,0.5842,0.275004,0.0,1,0.118397887,0.12194236525462043,Train
FIVQOR_clean,4.63823,4.0753,4.63823,2.18775,1209.41,552.809,0.0,0.0,0.4796,0.219221,0.0,1,2.3381471858,1.7813794175471527,Train
FIVYEP01_clean,5.69673,4.73568,5.69673,2.0333,1245.18,612.394,0.0,0.0,0.4572,0.224856,0.0,1,0.2164737844,0.34245234405813046,Train
FIVYEP_clean,5.69894,4.7333,5.69894,2.0333,1248.63,614.092,0.0,0.0,0.458,0.22525,0.0,1,0.2140980292,0.3275096360494336,Train
FIVYUF_clean,4.68091,3.50866,4.67789,1.41648,465.948,328.948,0.0,0.0,0.4326,0.305405,0.0,0,0.4972497293,0.5392812326602777,Test
FIXVUE_clean,10.80219,6.73703,10.80219,1.60539,1740.78,1084.34,0.0,0.0,0.6236,0.388442,0.0,1,0.0627332963,0.40689840671139776,Test
FIYDOH_clean,4.62011,3.85906,4.62011,1.58881,555.753,349.792,0.0,0.0,0.3874,0.24383,0.0,1,0.2776551398,0.29172958677577476,Train
FIZPOV_clean,6.69877,5.40684,6.69877,0.878608,2365.02,2691.78,0.0,0.0,0.6734,0.766439,0.0,1,0.8901394009999999,0.6536388433919731,Train
FOBNAN_clean,8.70901,6.58612,8.70709,0.867344,2020.64,2329.69,0.0,0.0,0.6644,0.766017,0.0,1,0.5483196431,0.5344832398663238,Train
FOCZAA_clean,4.86095,4.4492,4.8459,1.39709,775.702,555.227,0.0,0.0,0.452,0.32353,0.0,0,0.9346608712,0.7515160787270205,Train
FOFCOU_clean,4.8597,4.4269,4.8597,1.38069,783.577,567.528,0.0,0.0,0.4546,0.329257,0.0,0,0.928199574,0.7713589132102345,Train
FOFHAK_clean,4.16875,3.58203,4.16875,2.15496,1011.75,469.5,0.0,0.0,0.4808,0.223114,0.0,1,1.6557622424,1.5892709630137185,Train
FOFTIF_clean,6.9711,4.44534,6.9711,1.09535,1552.88,1417.7,0.0,0.0,0.5846,0.533709,0.0,1,0.8735240409999999,0.5629180923917462,Test
FOFTUR_clean,6.77119,4.51348,6.77119,1.0583,1552.58,1467.05,0.0,0.0,0.588,0.555606,0.0,1,0.768386509,0.6469077359476608,Test
FOHCIP_clean,4.96285,4.14038,4.9303,1.87592,1245.59,663.988,0.0,0.0,0.5966,0.318031,0.0,1,0.3346065655999999,0.34357397794547906,Train
FOHQUO_clean,4.34506,3.45753,4.34017,1.59314,531.012,333.311,0.0,0.0,0.4696,0.294764,0.0,1,0.1378495492999999,0.2618845566682943,Train
FOJKIA_clean,5.14315,4.1527,5.13924,1.07093,1386.95,1295.08,0.0,0.0,0.5272,0.492281,0.0,0,1.2072508605,1.08356756235969,Train
FOJLOH_clean,7.23927,6.67302,7.23927,0.822249,1870.22,2274.52,0.0,0.0,0.6338,0.770813,0.0,1,0.6437801685,0.5314069877303955,Test
FOKWIN_clean,4.14624,3.73304,4.14504,1.37748,413.35,300.078,0.0,0.0,0.4306,0.312601,0.0,0,0.4462096222999999,0.5836167443665582,Train
FOKYEL_clean,8.8968,8.56106,8.8968,1.19075,983.087,825.606,363.949,305.648,0.581,0.48793,0.0,1,0.6658972816,0.6766276306129818,Test
FOKYIP_clean,5.79638,3.84056,5.66635,1.22762,1981.83,1614.37,0.0,0.0,0.5912,0.481583,0.0,1,0.8037797528,0.755058030586164,Test
FOLLEZ_clean,4.11323,3.75301,4.10779,1.67795,655.16,390.454,0.0,0.0,0.4424,0.263656,0.0,1,1.1836255016,0.6863960549613956,Test
FOMWOV_clean,7.41662,4.5384,7.41662,0.990309,1837.3,1855.28,0.0,0.0,0.6302,0.636367,0.0,0,0.6297856022,0.6934294596362309,Train
FONKEA_clean,4.68396,3.93383,4.68242,1.69201,643.159,380.115,0.0,0.0,0.4636,0.273994,0.0,1,0.3973532045,0.2483110793503756,Train
FONPUV_clean,5.63348,5.082,5.6238,1.54253,959.017,621.718,0.0,0.0,0.4556,0.29536,0.0,1,0.4121078007,0.4061751112698512,Train
FONQIJ_clean,4.70842,3.66843,4.69527,1.05376,821.167,779.27,0.0,0.0,0.51,0.483979,0.0,1,0.6667008828000001,0.750086012684338,Train
FOPBAP_clean,5.87537,3.57797,5.87537,1.84319,650.747,353.054,0.0,0.0,0.4432,0.240452,0.0,1,0.2816924148,0.30620376755370976,Train
FOQPAE_clean,6.29792,5.29972,6.23782,1.24637,1399.4,1122.77,0.0,0.0,0.5656,0.453796,0.0,1,0.5161053833,0.5647273555618895,Train
FORKUU_clean,13.26482,11.33443,13.26482,0.597503,2329.13,3898.11,0.0,0.0,0.7474,1.25087,0.0,0,0.9064216283,0.5049665634440723,Test
FORPIM_clean,9.59156,4.26108,9.59156,1.02718,2184.13,2126.33,0.0,0.0,0.709,0.690238,0.0,1,0.2141925394,0.22728176866644872,Test
FORPOS_clean,9.45347,4.25355,9.45336,1.03837,2182.11,2101.49,0.0,0.0,0.7034,0.677411,0.0,1,0.2161946466,0.2652029352899727,Test
FORPUY_clean,9.42246,3.59342,9.42246,1.13071,1908.86,1688.19,0.0,0.0,0.6696,0.592195,0.0,1,0.2222240603,0.35181967059497193,Train
FORQAF_clean,9.35233,4.33657,9.35233,1.04043,2153.98,2070.28,0.0,0.0,0.6962,0.669144,0.0,1,0.2045044294,0.3486672198367109,Train
FORQEJ_clean,9.63063,4.26523,9.63063,1.03635,2192.11,2115.22,0.0,0.0,0.6976,0.67313,0.0,1,0.2144387354,0.26469963743974534,Train
FORQIN_clean,9.58088,4.20865,9.58088,1.06074,2156.73,2033.24,0.0,0.0,0.7006,0.660485,0.0,1,0.2125395895,0.30379006248856427,Train
FORTIR_clean,7.46367,6.87207,7.46367,0.921652,1895.01,2056.1,0.0,0.0,0.6264,0.679649,0.0,1,0.39082255,0.5405025444853342,Train
FORTUD_clean,17.46562,10.38181,17.46523,0.786041,1513.55,1925.54,116.509,148.223,0.691,0.879089,0.0,1,0.3245412514999999,0.527806707162644,Train
FOSTUE_clean,13.09568,7.43748,13.09568,0.582855,2174.14,3730.15,0.0,0.0,0.7556,1.29638,0.0,0,0.6145469914,0.5070805907718094,Train
FOTNIN_clean,33.62157,29.92948,33.55545,0.240324,765.124,3183.71,0.0,0.0,0.9206,3.83066,0.0,1,0.4846331296,0.39096823093396504,Train
FOVPEN_clean,6.90856,3.45436,6.49799,1.14952,1115.5,970.402,0.0,0.0,0.525,0.45671,0.0,1,0.3358685382999999,0.7272398243810537,Test
FOVPOX_clean,5.86564,3.51663,5.02799,1.32713,811.807,611.702,0.0,0.0,0.504,0.379767,0.0,1,0.3500722711,0.44651283929672003,Train
FOVPUD_clean,5.92888,3.43151,5.75387,1.33896,878.863,656.376,0.0,0.0,0.4994,0.372975,0.0,1,0.3561205396999999,0.49132412949225857,Train
FOWTOC_clean,5.29743,3.61946,5.29013,1.16444,1132.68,972.722,0.0,0.0,0.4982,0.427845,0.0,0,0.5649991763000001,0.795950845549888,Test
FOXHUX_clean,5.2601,3.59083,5.25053,1.14964,1141.44,992.863,0.0,0.0,0.4984,0.433527,0.0,0,0.5449618393,0.7848239730167162,Train
FOXNIQ_clean,5.68172,4.34787,5.68172,1.93205,592.227,306.527,51.4334,26.6211,0.4372,0.226288,0.0,1,0.2118556357,0.24494878534638453,Train
FUBDAI_clean,8.13737,7.41793,8.13713,1.22976,2049.34,1666.45,0.0,0.0,0.6726,0.546935,0.0,0,0.3525784165999999,0.33675846576911483,Train
FUBDEM_clean,8.59245,7.9025,8.57984,1.19129,2067.73,1735.7,0.0,0.0,0.6832,0.573495,0.0,0,0.3609766048,0.4092569127807753,Test
FUBDIQ_clean,8.11684,7.23133,8.11684,1.24691,2021.29,1621.04,0.0,0.0,0.6644,0.532838,0.0,0,0.3517917242,0.3712708482573401,Train
FUBNOH_clean,4.81179,3.53828,4.81179,1.32608,706.882,533.061,0.0,0.0,0.4668,0.352014,0.0,0,1.2560547506,0.8831209702108411,Train
FUDGES_clean,7.76038,5.54861,7.76038,0.846504,2469.98,2917.86,0.0,0.0,0.7118,0.84087,0.0,1,0.546021578,0.5329001985595835,Train
FUDHAP_clean,7.29309,6.51816,7.28407,0.803706,2501.45,3112.39,0.0,0.0,0.7112,0.8849,0.0,1,0.5638597152,0.53514794751015,Train
FUDHET_clean,7.05179,4.74765,7.05179,0.905742,2494.35,2753.93,0.0,0.0,0.6642,0.733321,0.0,1,0.664696925,0.6811112411578321,Train
FUHMOM_clean,5.53443,4.01054,5.50524,1.19557,1378.79,1153.25,0.0,0.0,0.5554,0.464549,0.0,1,1.0958862512,0.8243061182910947,Train
FUHNED_clean,6.48528,4.12203,6.4155,1.3617,1522.72,1118.25,0.0,0.0,0.5858,0.430197,0.0,1,0.8295426931000001,0.5103709318802552,Train
FUHNIH_clean,5.52821,3.42388,5.52134,1.16361,1148.32,986.858,0.0,0.0,0.5352,0.459948,0.0,1,0.9453085117,0.9111685553862843,Train
FULQOT_clean,5.67142,3.50634,5.66877,1.72182,1110.34,644.862,0.0,0.0,0.4972,0.288764,0.0,1,0.6239720897,0.6997614043809881,Train
FULQUZ_clean,5.87633,5.25314,5.79727,1.51981,1332.09,876.486,0.0,0.0,0.5216,0.3432,0.0,1,0.559602288,0.5696659791785625,Train
FUMHOL_clean,4.68606,3.56586,4.60097,1.64124,1221.33,744.153,0.0,0.0,0.5528,0.336819,0.0,1,0.077280234,0.27444808410126004,Test
FUMJAA_clean,6.69521,5.2041,6.68616,1.12957,2214.41,1960.41,0.0,0.0,0.6298,0.557558,0.0,1,0.5627665402,0.6079596213355174,Train
FUNBAS_clean,6.30412,4.59254,6.30412,1.11042,1258.26,1133.14,0.0,0.0,0.5296,0.476938,0.0,0,0.7216708467,0.7757043468173039,Test
FUNCAT_clean,9.48772,8.77545,9.48772,0.930198,1473.55,1584.13,0.0,0.0,0.6084,0.654055,0.0,0,0.5973520045,0.5496272364327236,Test
FUNCEX_clean,13.21557,12.47689,13.21557,0.543761,1970.91,3624.58,0.0,0.0,0.7842,1.44218,0.0,1,0.4755741849,0.4758291608506364,Train
FUNFOL_clean,9.5586,7.20173,9.50846,0.864162,1603.61,1855.68,0.0,0.0,0.6396,0.740139,0.0,1,0.4624227482,0.42267583309627305,Test
FUNGAY_clean,5.61963,3.40645,5.61963,1.09956,890.548,809.916,0.30381,0.276303,0.5202,0.4731,0.0,1,0.4803956517,0.7011055655694831,Test
FUNLAD_clean,6.24379,4.83507,6.24379,1.06947,1236.73,1156.4,0.0,0.0,0.53,0.495574,0.0,0,0.9613050155,0.77492583114556,Test
FUQJUX_clean,12.69722,8.47633,12.65144,0.718278,2115.98,2945.9,0.0,0.0,0.7464,1.03915,0.0,1,0.2843935492,0.5385064452698458,Train
FURFIJ01_clean,4.13712,3.42264,4.1139,1.63785,320.686,195.797,0.0,0.0,0.4366,0.266569,0.0,1,0.5299381302,0.34945403649330004,Test
FURFIJ_clean,4.1371,3.42264,4.11394,1.63785,321.866,196.518,0.0,0.0,0.4366,0.266569,0.0,1,0.5270943902,0.34945403649330004,Train
FURFOP_clean,4.93892,3.56519,4.93892,1.22098,496.28,406.459,457.279,374.517,0.5202,0.42605,0.0,0,0.9463856776,1.0302780956651123,Test
FURQOZ01_ion_b,9.28425,8.43309,9.28425,1.37609,1096.56,796.865,0.0,0.0,0.5274,0.383259,0.0,1,0.135279134,0.14576633587101046,Train
FURQUF_ion_b,8.81158,7.98715,8.81158,1.41389,1094.82,774.331,0.0,0.0,0.5082,0.359435,0.0,1,0.1376243609,0.14819188159984203,Train
FURRAM_clean,10.403,9.40744,10.403,1.04916,1635.25,1558.63,0.0,0.0,0.6366,0.606772,0.0,1,0.190272671,0.30610892996950306,Test
FURREQ_clean,10.33776,9.35961,10.33776,1.05489,1621.43,1537.05,0.0,0.0,0.6312,0.598353,0.0,1,0.1934635776,0.32935230575436103,Test
FURRIU_clean,11.05152,9.97547,11.05152,0.995058,1664.82,1673.09,0.0,0.0,0.6552,0.658454,0.0,1,0.20078697,0.35202671693746723,Train
FURROA_clean,11.58923,10.47029,11.58875,1.00075,1596.28,1595.09,0.0,0.0,0.6602,0.659706,0.0,1,0.2040515861,0.34377861286154976,Train
FURRUG01_ion_b,7.84736,6.96591,7.84736,1.57752,739.057,468.494,0.0,0.0,0.4582,0.290456,0.0,1,0.0435723871,0.11795251967632842,Test
FURRUG_ion_b,8.32809,6.43068,8.32781,1.55213,780.748,503.018,0.0,0.0,0.4718,0.30397,0.0,1,0.0905614085,0.168821354674624,Test
FURSES_clean,5.13622,4.08548,4.9972,1.59979,1236.67,773.017,0.0,0.0,0.4932,0.30829,0.0,1,0.52265802,0.656357245307447,Train
FUSGOR_clean,5.22313,4.14656,5.21824,1.4906,1212.59,813.493,0.0,0.0,0.5048,0.338655,0.0,1,0.5334777264,0.6392027458945815,Train
FUSMEM_clean,10.20459,9.2057,10.20459,1.06882,1617.37,1513.23,0.0,0.0,0.6304,0.589811,0.0,1,0.189183673,0.33472447266417305,Train
FUSMIQ_clean,10.44819,9.48819,10.44819,1.0407,1643.53,1579.26,0.0,0.0,0.6404,0.615354,0.0,1,0.1938249917999999,0.2928624229254307,Train
FUSMOW_clean,10.54817,9.56428,10.54817,1.03431,1651.72,1596.94,0.0,0.0,0.643,0.621671,0.0,1,0.1981048964,0.30246969308540794,Train
FUSMUC_clean,10.39839,9.40181,10.39839,1.04415,1643.14,1573.66,0.0,0.0,0.6396,0.612553,0.0,1,0.1972132496,0.2977087997160045,Train
FUSNAJ_clean,10.8347,9.87565,10.8347,1.0024,1663.43,1659.45,0.0,0.0,0.6588,0.657225,0.0,1,0.2111276951,0.3474856992209454,Test
FUSNEN_clean,10.85037,9.87705,10.85037,0.997622,1665.26,1669.23,0.0,0.0,0.6604,0.661974,0.0,1,0.2101124066,0.3490177004634781,Train
FUSNIR_clean,11.70294,10.66498,11.70294,1.01253,1536.34,1517.33,0.0,0.0,0.6416,0.633661,0.0,1,0.1974771771,0.35501290017927867,Train
FUSQUH_clean,6.74859,4.59542,6.74676,1.05193,1186.33,1127.76,0.0,0.0,0.5202,0.49452,0.0,0,0.5660145874,0.7200854212017825,Train
FUTCAZ_clean,6.78768,5.03504,6.78768,0.817663,2795.18,3418.5,0.0,0.0,0.708,0.865883,0.0,1,0.3143301544,0.622739638852417,Test
FUTDII_clean,10.10622,8.60837,10.10622,0.871632,1521.24,1745.28,0.0,0.0,0.6404,0.734713,0.0,1,0.4310105408,0.37313369405296126,Train
FUTKEL_manual,6.71846,5.39444,6.71589,0.983709,1614.06,1640.79,0.0,0.0,0.5708,0.580253,0.0,1,0.5325390077000001,0.6414457199439223,Train
FUTYEA_clean,5.60643,4.51803,5.59058,1.0369,2090.75,2016.34,0.0,0.0,0.6318,0.609316,0.0,1,0.9188000138,0.8369515274068619,Train
FUTYOK_clean,6.0154,4.82285,5.99433,1.02626,1867.85,1820.05,0.0,0.0,0.6442,0.627713,0.0,0,0.7698002517,0.7324015808608554,Train
FUTYUQ_clean,7.46662,4.79581,7.42523,1.0101,2335.64,2312.29,0.0,0.0,0.6514,0.644887,0.0,1,0.7840199747,0.6311994041820687,Test
FUTZAX_clean,6.70042,6.11185,6.67865,0.956816,2069.71,2163.12,0.0,0.0,0.6692,0.699403,0.0,1,0.6285546031,0.6453319761010364,Train
FUTZEB_clean,5.24587,4.08263,5.23555,1.0782,1939.66,1798.98,0.0,0.0,0.611,0.566685,0.0,1,1.0136012494,0.8300282275413468,Train
FUTZOK_clean,4.72075,4.28777,4.72075,1.63519,1202.62,735.465,19.983,12.2206,0.5424,0.331705,0.0,1,0.4008506369,0.39821604583263803,Train
FUTZOL_clean,9.30232,6.36524,9.14367,0.891296,2041.5,2290.48,0.0,0.0,0.6794,0.762261,0.0,1,0.5395641868,0.5312101732025724,Train
FUVBAB_clean,5.41797,4.41204,5.39267,1.02127,2112.61,2068.61,0.0,0.0,0.6324,0.619229,0.0,1,0.8934379726,0.8761107493593479,Train
FUVDEH06_clean,6.60161,5.99656,6.60161,1.76662,404.855,229.169,0.0,0.0,0.3004,0.170042,0.0,1,0.0923144415,0.13565553327999014,Train
FUVDEH07_clean,6.60769,6.00286,6.60769,1.79524,402.026,223.94,0.0,0.0,0.2898,0.161427,0.0,1,0.0958342445,0.13321310925071134,Train
FUVDEH08_clean,6.59075,5.99281,6.59075,1.83217,393.9,214.991,0.0,0.0,0.278,0.151733,0.0,1,0.0931236265,0.13699222706738112,Test
FUVFUZ_clean,6.56118,5.97328,6.56118,1.8467,394.83,213.803,0.0,0.0,0.2718,0.147181,0.0,1,0.0939373689,0.14218514603607568,Test
FUVGAG01_clean,6.51649,5.95918,6.51649,1.88251,388.784,206.525,0.0,0.0,0.2612,0.138751,0.0,1,0.0930588107,0.1097085020220605,Train
FUVGAG_clean,6.54806,5.98797,6.54806,1.86856,393.33,210.499,0.0,0.0,0.2642,0.141392,0.0,1,0.0952559658,0.11875811683895465,Train
FUWFIO_clean,7.45171,4.92598,7.05573,1.06861,2012.96,1883.72,0.0,0.0,0.6538,0.611823,0.0,1,0.4285562992,0.5340504927043639,Test
FUWXOL_SL,4.76594,4.4337,4.74254,1.49774,1245.43,831.539,0.0,0.0,0.5154,0.344119,0.0,0,1.8053454143,1.315162061940824,Train
FUWYAY_clean,4.00169,3.86741,4.00169,1.98354,581.815,293.322,0.0,0.0,0.4022,0.202769,0.0,1,0.3082930621,0.40239728343624714,Train
FUXCOS_clean,4.8198,4.16045,4.8198,1.4521,612.494,421.799,0.0,0.0,0.4284,0.295021,0.0,0,0.4422902621,0.7030066118154754,Test
FUXXIH_clean,10.16266,8.68185,10.16266,0.899748,1582.07,1758.35,0.0,0.0,0.6434,0.715089,0.0,1,0.3225942584,0.36942247691720687,Train
FUYCEJ_clean,4.90132,3.779,4.87424,0.834486,2400.21,2876.28,0.217355,0.260466,0.6646,0.796418,0.0,0,1.1180329321,0.9900648732051335,Train
FUYCIN_clean,11.38543,11.12419,11.3774,0.437316,1877.39,4292.99,0.0,0.0,0.832,1.90251,0.0,0,0.4063706867,0.32695564951292355,Test
FUYKER_clean,6.42799,4.66248,6.41167,1.2058,1179.26,977.987,0.0,0.0,0.5038,0.417814,0.0,1,0.6818153837,0.6285982856158155,Train
FUZPUN_clean,4.74703,3.54387,4.71052,1.02013,1169.51,1146.44,0.0,0.0,0.5838,0.572282,0.0,0,0.8582309012999999,0.9859239529973749,Test
GACBOE_clean,6.66763,4.36115,6.66763,1.04515,2329.85,2229.2,0.0,0.0,0.6722,0.64316,0.0,1,0.7070693301000001,0.48514718716077904,Train
GACPUX_clean,5.9525,3.77259,5.85811,1.02185,1638.86,1603.82,0.0,0.0,0.614,0.600871,0.0,1,0.7103828932999999,0.8012331561862258,Test
GACQAE_clean,8.56972,8.26373,8.56972,0.874357,2020.35,2310.67,0.0,0.0,0.694,0.793726,0.0,1,0.5677226454,0.4996569233247155,Test
GACVIS_clean,7.02111,6.32962,7.02111,1.11473,2097.73,1881.83,0.0,0.0,0.6286,0.563903,0.0,1,0.5905913442,0.6394821822516337,Train
GADDOH_clean,8.41895,4.83802,8.38301,1.2132,1718.46,1416.47,0.0,0.0,0.6166,0.508243,0.0,1,0.3734734997999999,0.3805782013040498,Test
GADFAV_clean,5.86066,4.67676,5.86066,1.79494,889.419,495.515,0.0,0.0,0.4512,0.251373,0.0,1,0.5495051327,0.3562542734740768,Test
GADMAA01_clean,8.25017,6.95114,8.25017,1.49914,1053.4,702.671,0.37233,0.248363,0.576,0.38422,0.0,1,0.0996279572,0.10199033704816818,Train
GADMAA_clean,8.30223,7.00364,8.30223,1.50475,1042.04,692.502,0.0,0.0,0.5772,0.383584,0.0,1,0.1051465905,0.059560772475159895,Train
GADNUX_clean,15.43787,6.70397,14.77017,0.729552,2339.56,3206.84,0.0,0.0,0.7494,1.02721,0.0,1,0.6171221777,0.6241548708192939,Train
GADRAH_clean,6.6659,5.14076,6.6659,1.16041,1633.36,1407.57,0.0,0.0,0.5642,0.486207,0.0,1,0.5126548713,0.6289705085429098,Train
GAFROX_clean,10.38317,5.82029,10.02176,0.765244,2450.36,3202.06,0.0,0.0,0.7244,0.946626,0.0,1,0.7089277703,0.6412989978959506,Train
GAFRUD_clean,10.59453,5.69918,10.59344,0.768776,2454.62,3192.89,0.0,0.0,0.7144,0.929269,0.0,1,0.6214783923,0.6834838924531988,Train
GAGQAI_clean,15.6839,9.81587,15.64212,0.743275,1280.66,1723.0,458.409,616.743,0.721,0.970032,0.0,1,0.5547517579,0.559884376178249,Train
GAGSUF_clean,13.27563,13.09101,13.27563,1.53244,1385.3,903.983,0.0,0.0,0.652,0.425465,0.0,1,0.2136759034,0.2133321993022544,Train
GAGZEV_clean,28.66522,11.53771,28.66522,0.279149,1594.77,5712.98,0.0,0.0,0.8816,3.15817,0.0,1,0.4951647265,0.4809575513505216,Train
GAHWIX_clean,10.08038,7.17794,10.08038,0.589363,2617.83,4441.79,0.0,0.0,0.7728,1.31125,0.0,1,0.537170877,0.45080106867964737,Train
GAHXUL_clean,5.28974,3.50395,5.28106,1.05699,1056.2,999.25,0.0,0.0,0.5634,0.533021,0.0,1,0.5233173237,0.6537807893918893,Train
GAJVEU_charged,6.73207,4.73018,6.72863,1.06231,1487.78,1400.51,0.0,0.0,0.5704,0.536941,0.0,0,0.4813434747,0.6983079662404337,Train
GAJVIY_charged,5.63813,4.777,5.6237,1.03115,1429.11,1385.93,0.0,0.0,0.5626,0.545603,0.0,1,0.7429050459000001,0.7395102751630229,Train
GAJYUN_clean,4.85568,4.28663,4.65881,1.5312,1091.56,712.879,0.0,0.0,0.5342,0.348877,0.0,1,0.1976663066,0.4217181927082108,Train
GAJZAU_clean,4.80108,4.30234,4.80108,1.51624,1143.74,754.324,0.0,0.0,0.5456,0.359838,0.0,1,0.1956863171,0.4268237306812874,Train
GAJZEY_clean,4.80464,4.28777,4.80464,1.53408,1142.39,744.678,0.0,0.0,0.5448,0.355132,0.0,1,0.1969957731,0.395823295796491,Train
GAJZIC_clean,4.74189,4.18269,4.74189,1.58149,1144.61,723.756,0.0,0.0,0.5442,0.344106,0.0,1,0.2017200088,0.3736387166246849,Test
GAJZOI_clean,4.76043,4.22431,4.76043,1.6231,1140.51,702.673,0.0,0.0,0.5414,0.333559,0.0,1,0.2010085148,0.3226352294633684,Train
GAJZUO_clean,4.67022,4.137,4.66388,1.35819,1115.52,821.33,0.0,0.0,0.5302,0.390373,0.0,1,0.2868382934,0.6420125730303908,Train
GAKBAX_clean,4.75047,4.21764,4.75047,1.60269,1138.62,710.445,0.0,0.0,0.5414,0.337808,0.0,1,0.2098892218,0.308322864119025,Train
GALCAZ_clean,7.51924,6.97754,7.50411,1.17363,1179.25,1004.78,0.0,0.0,0.5068,0.431822,0.0,1,0.4752761223,0.5690974189924168,Test
GALHOS_ion_b,10.40242,4.28813,10.40242,0.962357,1197.69,1244.54,67.8044,70.4566,0.5764,0.598946,0.0,0,0.5699489547,0.6213650821820945,Train
GALJAG_clean,7.13587,6.98688,7.13339,0.8258,2198.4,2662.15,0.0,0.0,0.6726,0.814482,0.0,0,0.7084700637000001,0.6806956746362146,Test
GAMFEI_clean,7.53059,4.20216,7.34521,1.13363,1510.82,1332.73,0.0,0.0,0.5782,0.510042,0.0,1,0.4212559007999999,0.5360088585416566,Train
GAMXAV_clean,12.82817,4.31562,12.82817,0.868866,1783.25,2052.39,0.0,0.0,0.6754,0.777335,0.0,1,0.5906598032,0.6412525476095223,Train
GAPNOD_clean,6.6565,4.84778,6.65444,1.74449,1900.25,1089.29,0.0,0.0,0.644,0.369162,0.0,1,0.2503851105999999,0.1501458012482727,Test
GAQYIH_clean,20.25844,8.96976,15.7736,0.559917,2127.26,3799.24,0.0,0.0,0.8486,1.51558,0.0,1,0.1735830877,0.39636977722503386,Train
GARLAP_clean,5.58892,4.38006,5.58663,1.1363,1527.33,1344.12,0.0,0.0,0.5756,0.506555,0.0,1,0.8939767422,0.7074981102540316,Train
GARLET_clean,5.53835,4.38226,5.51111,1.15379,1524.15,1321.0,0.0,0.0,0.573,0.496625,0.0,1,0.9105405292,0.7208504261486443,Train
GARLIX_clean,5.51894,4.34952,5.51894,1.16479,1506.37,1293.26,0.0,0.0,0.5712,0.49039,0.0,1,0.9268532861,0.7427033596405073,Train
GARLOD_clean,5.48563,4.3317,5.48563,1.18591,1487.56,1254.36,0.0,0.0,0.5682,0.479126,0.0,1,0.9450770708,0.7489947582520873,Test
GARLUJ_clean,5.47258,4.30508,5.46713,1.19194,1490.51,1250.49,0.0,0.0,0.5688,0.477205,0.0,1,0.9485737287,0.7260997208717496,Test
GARMAQ_clean,5.4678,4.29561,5.44556,1.2061,1479.57,1226.74,0.0,0.0,0.5666,0.469779,0.0,1,0.9576637508,0.7153964803142265,Test
GARQAU_clean,7.22233,4.73121,7.22233,1.05141,1110.85,1056.54,0.0,0.0,0.5324,0.50637,0.0,0,0.8143150218999999,0.6873358846322117,Train
GARSUQ_clean,4.38052,3.88796,4.36788,1.61033,1121.78,696.613,0.0,0.0,0.4852,0.301304,0.0,1,0.6493852513,0.6632024768576076,Train
GARTAX_clean,4.45838,3.94557,4.41836,1.61624,1125.98,696.667,0.0,0.0,0.4868,0.301193,0.0,1,0.7341329851,0.6041714420985047,Test
GARTEB_clean,4.30272,3.79858,4.29463,1.63832,1104.37,674.089,0.0,0.0,0.4846,0.295792,0.0,1,0.5706198694,0.6426039609439516,Train
GARTIF_clean,4.43647,3.87557,4.43647,1.65372,1132.95,685.091,0.0,0.0,0.471,0.284812,0.0,1,0.6619150497999999,0.6945820639156952,Train
GARTUR_clean,11.12255,10.84777,11.12255,1.34756,1641.0,1217.75,0.0,0.0,0.6774,0.502685,0.0,1,0.3201652039,0.28295646447499795,Train
GASSEB_clean,5.64924,4.02494,5.64854,0.918331,1776.39,1934.36,0.0,0.0,0.633,0.689294,0.0,1,0.5445221903,0.8250703408200871,Test
GASSUR_clean,7.13166,6.36797,7.11779,1.0643,1692.45,1590.2,0.0,0.0,0.616,0.578785,0.0,1,0.7619517190999999,0.5362426359684451,Test
GATBUZ_charged,6.90621,5.13941,6.90042,1.10396,1265.08,1145.95,0.0,0.0,0.542,0.490962,0.0,1,0.5857526403,0.5977533280385553,Train
GATJIV_charged,12.96226,9.06013,12.96226,0.970833,859.66,885.487,164.952,169.908,0.5716,0.588772,0.0,0,0.6352677647,0.6755753210127113,Train
GAVYAG_clean,5.30344,3.91416,5.17667,1.18769,1076.26,906.183,0.0,0.0,0.5266,0.443383,0.0,1,1.6399938772,0.7596232866555994,Test
GAWCUF_clean,5.14591,3.62459,5.10569,1.20211,1101.2,916.058,0.0,0.0,0.5036,0.418931,0.0,0,0.7181837608,0.943662378495485,Train
GAWLIB_clean,7.30469,6.9637,7.3003,1.77656,565.048,318.057,10.6196,5.97759,0.4542,0.255662,0.0,1,0.0943707919,0.1596484772590253,Train
GAWMOJ_clean,9.85959,7.82076,9.85959,0.707147,2014.24,2848.41,0.0,0.0,0.7242,1.02411,0.0,1,0.4294086252,0.3837436362722024,Train
GAXDIS10_clean,5.63603,3.80534,5.63603,1.31969,1996.73,1513.03,0.0,0.0,0.6636,0.502846,0.0,1,0.1534041301,0.3091922440881857,Train
GAXKOH_clean,9.78617,8.86105,9.78617,0.959935,1692.37,1763.0,0.0,0.0,0.6186,0.644419,0.0,1,0.3619364082999999,0.477558195032932,Train
GAXQIH_clean,5.17093,4.52481,5.06299,1.36553,783.142,573.505,0.0,0.0,0.4372,0.320168,0.0,0,0.3963941717,0.6219236814452435,Train
GAYFUJ_clean,5.68191,5.17685,5.68191,1.29989,1899.11,1460.97,0.0,0.0,0.6252,0.480962,0.0,1,0.5990533446,0.5295776386856568,Train
GAYGAQ_clean_h,5.42545,4.61164,5.42545,1.32331,1222.55,923.858,0.0,0.0,0.5596,0.42288,0.0,1,0.9243266984,0.6589603291590026,Test
GAYPED_clean,9.58074,6.82289,7.89267,0.900136,2106.29,2339.97,0.0,0.0,0.6514,0.723668,0.0,1,0.6670553901,0.6457199960715685,Test
GAYTEH_ion_b,7.25944,3.65684,7.23718,1.37181,1135.72,827.897,0.0,0.0,0.497,0.362294,0.0,1,0.235873101,0.521723509198544,Test
GAZLAW_clean,5.89078,3.42545,5.89078,1.13599,1083.97,954.205,0.0,0.0,0.5156,0.453877,0.0,0,0.5211657071,0.9387854759698171,Test
GAZZIS01_charged,11.17851,7.92037,10.89859,0.716256,1846.76,2578.36,0.0,0.0,0.6862,0.958038,0.0,0,0.4545391182,0.478222084907704,Train
GAZZIS02_charged,11.20436,7.94034,11.20436,0.711008,1877.62,2640.79,0.0,0.0,0.6876,0.967078,0.0,0,0.4793769546,0.49155379096447693,Train
GAZZIS03_charged,11.21713,7.9594,11.21713,0.708632,1875.04,2646.0,0.0,0.0,0.6888,0.972013,0.0,1,0.4736185721,0.5002821456371046,Test
GAZZIS04_charged,11.31495,8.02511,11.31495,0.701206,1844.81,2630.91,0.0,0.0,0.6916,0.986301,0.0,1,0.4461789022,0.48403807990168823,Train
GAZZIS05_charged,11.58602,8.06264,11.56229,0.694521,1834.07,2640.77,0.0,0.0,0.6964,1.0027,0.0,0,0.436298647,0.4899818673372204,Train
GAZZIS_charged,11.11626,7.91904,10.92252,0.721226,1877.77,2603.58,0.0,0.0,0.6858,0.950881,0.0,0,0.4865448281,0.49288033887347776,Train
GEBCAT_clean,7.82822,4.28279,7.82194,1.50818,1191.52,790.035,0.0,0.0,0.4616,0.306064,0.0,1,0.1413604719,0.2760447737750914,Test
GEDDAW_clean,10.55388,8.11262,10.55388,0.996818,2113.88,2120.63,0.0,0.0,0.7028,0.705043,0.0,1,0.2307270975,0.46071466394985333,Test
GEDDEA_clean,10.13591,3.81582,10.13591,1.29721,1601.1,1234.26,0.0,0.0,0.591,0.455593,0.0,1,0.3907989242,0.3996532411034287,Train
GEDQIR_clean,6.54643,4.98654,6.54643,1.05474,2262.59,2145.17,0.0,0.0,0.6334,0.600529,0.0,1,0.6141707849,0.6555622563280818,Test
GEDQOX_clean,6.45005,4.67913,6.43264,1.07947,2326.66,2155.37,0.0,0.0,0.632,0.585473,0.0,1,0.7329457670999999,0.6347537558935369,Test
GEDQUD_charged,5.25686,3.77734,5.24403,1.25709,1297.87,1032.45,0.0,0.0,0.5522,0.43927,0.0,0,0.4785674049,0.8862574598276098,Test
GEDRAK_clean,5.77362,3.92842,5.19693,1.15636,2398.21,2073.93,0.0,0.0,0.6018,0.520425,0.0,1,0.8423112263,0.8301337622114906,Train
GEDROY_clean,5.0096,3.45081,4.98262,1.23925,1556.79,1256.24,20.5089,16.5495,0.5694,0.459473,0.0,1,0.6133639924000001,0.7111612751465396,Train
GEDRUE_clean,6.04452,4.23776,6.03554,1.11864,2304.55,2060.12,0.0,0.0,0.6118,0.546912,0.0,1,0.8179202696,0.7463608387694225,Test
GEDSAL_clean,5.44628,3.82645,5.44628,1.17011,2237.72,1912.41,0.0,0.0,0.5966,0.509868,0.0,1,0.8604487772,0.7822470547750472,Train
GEDSEP_clean,4.82283,3.73359,4.81042,1.38544,1023.08,738.448,0.0,0.0,0.5156,0.372155,0.0,1,1.2128085314,0.8170399981324086,Train
GEDSOZ_clean,6.10424,4.23086,6.10424,1.10708,2330.43,2105.02,0.0,0.0,0.618,0.558223,0.0,1,0.8083258566,0.7498805984077149,Test
GEDSUF_clean,6.8646,4.02613,6.8646,1.20789,1460.83,1209.4,0.0,0.0,0.5606,0.464115,0.0,1,0.8610928027,0.6700512057635403,Train
GEDTAM_clean,6.16288,4.28316,6.16288,1.08963,2317.05,2126.45,0.0,0.0,0.629,0.577258,0.0,1,0.7656781637000001,0.6762806111237474,Train
GEFYUN_clean,6.73786,6.27962,6.66229,1.04811,1399.46,1335.23,0.0,0.0,0.5478,0.522657,0.0,0,0.2968120996,0.5104819200700872,Train
GEFZAU_clean,6.43441,5.83045,6.43102,0.991134,1373.29,1385.58,0.0,0.0,0.5466,0.55149,0.0,0,0.2771292908,0.5365593232612182,Train
GEGDED_clean,10.73095,6.57358,10.72652,0.838883,2111.23,2516.71,0.0,0.0,0.6964,0.830152,0.0,1,0.7535907524,0.6568698961869044,Test
GEGGEG01_clean,4.4734,3.53731,4.46972,1.51151,780.594,516.434,0.0,0.0,0.4522,0.299171,0.0,1,1.1322073734,1.0539860321998564,Train
GEGGIK01_clean,4.44976,3.51616,4.44506,1.53378,754.006,491.601,0.0,0.0,0.45,0.293393,0.0,1,1.1785941879,0.9950233467997522,Train
GEGGIK_clean,4.4635,3.52722,4.4561,1.51854,764.891,503.702,0.0,0.0,0.4512,0.297128,0.0,1,1.1433054726,1.0638062995386168,Test
GEGGUW_clean,4.63719,3.51738,4.44195,1.53214,779.383,508.688,0.0,0.0,0.4588,0.29945,0.0,1,1.1730050781,0.9566466727262475,Train
GEGHAD_clean,4.65392,3.51526,4.65392,1.53055,804.048,525.333,0.0,0.0,0.4664,0.304727,0.0,1,1.1803531313,0.8314060488867212,Train
GEJJEL01_clean,4.95342,3.83497,4.95342,1.99384,910.263,456.538,0.0,0.0,0.4388,0.220078,0.0,1,0.1703857727,0.2918485390767488,Train
GEKVEZ_clean,4.60932,3.49419,4.2137,1.75988,1163.32,661.023,0.0,0.0,0.526,0.298883,0.0,1,0.096362685,0.15520104703660514,Train
GEPDEM_clean,4.09249,3.45067,4.09249,1.44433,525.305,363.701,0.0,0.0,0.487,0.33718,0.0,1,0.3489146253,0.3636290110474898,Train
GERNOI_clean,6.93892,3.80818,6.45255,1.05982,1273.96,1202.05,0.0,0.0,0.5412,0.510651,0.0,0,0.5465714396,0.7533984933618583,Test
GERPUP_clean,8.51519,7.38328,8.51519,1.47529,1095.68,742.686,1.06498,0.721878,0.5678,0.384873,0.0,1,0.0863516353,0.15977101071439026,Train
GERWEH_clean,9.16485,6.64251,9.16485,1.11428,1571.66,1410.47,39.9079,35.815,0.625,0.560902,0.0,1,0.8083183954000001,0.5859196152121173,Train
GESBOW_charged,9.3261,6.791,9.3261,1.20544,1671.98,1387.02,0.0,0.0,0.5642,0.468044,0.000331829,1,0.0912444414,0.263463438984186,Train
GESBUC_charged,11.6643,6.15098,11.6643,1.20476,1631.32,1354.07,0.0,0.0,0.6028,0.50035,0.000664034,0,0.0820748417,0.26220747260891253,Train
GESDUF_clean,7.63383,7.44692,7.63383,1.05439,936.707,888.384,0.0,0.0,0.5408,0.512901,0.0,1,0.1464284316,0.1677559630052861,Train
GESFAN_clean,7.57798,7.34904,7.57798,1.05603,938.983,889.166,0.0,0.0,0.5286,0.500556,0.0,1,0.1429973192,0.2156548621536165,Train
GESNOI_clean,6.41874,3.48818,6.41739,1.68473,668.393,396.736,0.0,0.0,0.4826,0.286455,0.0,1,0.4018692801,0.3389134131291721,Train
GEVXIQ_clean,5.46888,4.61181,5.39982,1.67855,1326.24,790.111,0.0,0.0,0.5498,0.327545,0.0,1,0.1612538745,0.5167977963793771,Test
GEWXAJ_clean,4.82967,4.48576,4.82967,1.6967,607.999,358.342,0.0,0.0,0.4016,0.236695,0.0,1,0.4816276763,0.34464244844166225,Train
GEZRAG_clean,7.97174,5.12774,7.97032,1.15353,2068.35,1793.06,0.0,0.0,0.6172,0.535054,0.0,1,0.2910272972,0.8877749030403612,Test
GEZYOB_clean,5.97203,4.53159,5.97203,1.47469,1908.41,1294.11,0.0,0.0,0.5414,0.367128,0.0,0,0.3011185537999999,1.070863313000685,Test
GIDKOU_clean,4.78674,3.41448,4.67256,1.74547,701.395,401.837,0.0,0.0,0.4798,0.274883,0.0,1,1.2147911186,0.8167256190495513,Train
GIFKEL_clean,4.63167,4.31957,4.63167,1.28045,1230.74,961.183,0.0,0.0,0.5428,0.423914,0.0,1,0.6012940028,0.8408734237034905,Train
GIKQIC_clean,3.78387,3.47181,3.77533,1.63861,422.447,257.809,0.0,0.0,0.4372,0.266812,0.0,1,0.3521687311,0.3687587068552427,Train
GIMSIG_clean,8.71143,5.70228,8.71143,1.44846,1502.61,1037.38,0.0,0.0,0.5786,0.399459,0.0,1,0.4926298012,0.242388757197808,Test
GINLIA_clean,6.39385,4.60431,6.39349,0.877136,2189.88,2496.63,0.0,0.0,0.6554,0.747205,0.0,1,0.9723656845,0.671958883415352,Test
GIQXEK_clean,5.02308,3.9389,5.02308,1.70666,1611.03,943.967,0.0,0.0,0.591,0.34629,0.0,1,0.3464429428,0.36771532665198786,Train
GIQXIO_clean,4.89641,3.86855,4.89641,1.80531,1632.56,904.31,0.0,0.0,0.5842,0.323601,0.0,1,0.3759593528,0.3193974560083994,Train
GIQXOU_clean,4.81089,3.81392,4.81089,1.85808,1583.35,852.141,0.0,0.0,0.5814,0.312903,0.0,1,0.3977209416,0.35009128486077845,Train
GIQXUA_clean,4.89316,3.86869,4.89316,1.79298,1637.93,913.522,0.0,0.0,0.5838,0.325603,0.0,1,0.3817094146,0.33726099773748003,Train
GIQYAH_clean,4.79715,3.78414,4.66858,1.84797,1560.79,844.598,0.0,0.0,0.5808,0.31429,0.0,1,0.3948278214,0.43992418934134436,Train
GIQYEL_clean,5.04966,3.95603,5.04926,1.69109,1647.45,974.192,0.0,0.0,0.5932,0.35078,0.0,1,0.3437582749,0.3920985527929399,Test
GIQYIP_clean,4.93593,3.90727,4.93593,1.7362,1686.39,971.31,0.0,0.0,0.5894,0.339477,0.0,1,0.3752776707,0.3742970534410125,Train
GIQYOV_clean,4.65103,4.01588,4.65103,1.69435,1544.77,911.715,0.0,0.0,0.5744,0.339009,0.0,1,0.2522099264999999,0.49895264298510833,Test
GIQYUB_clean,4.85877,3.85756,4.85723,1.80735,1636.84,905.654,0.0,0.0,0.586,0.324231,0.0,1,0.3832872856,0.34432616511108205,Train
GIRDUI_clean,4.42025,3.76528,4.4179,1.33231,513.764,385.618,0.0,0.0,0.4442,0.333405,0.0,1,0.4227689374,0.5457110214529701,Train
GIRXUC_clean,9.02646,6.62876,9.00319,0.768463,2450.96,3189.43,0.0,0.0,0.7778,1.01215,0.0,1,0.3131941705,0.3455240571782592,Train
GIRYAJ_clean,11.11776,6.67504,11.11673,0.856122,2399.62,2802.89,0.0,0.0,0.7336,0.856887,0.0,1,0.4013081760999999,0.551197423037241,Train
GIRYEN_clean,4.46145,3.72288,4.46145,1.49644,287.06,191.829,0.0,0.0,0.4038,0.269841,0.0,1,0.4796504927,0.36454859872724105,Test
GIRYUD_clean,4.50395,3.69554,4.50367,1.50379,303.721,201.971,0.0,0.0,0.4016,0.267059,0.0,1,0.4922503307,0.3945262231316625,Train
GIRZAK_clean,4.21373,3.61145,4.21373,1.53199,237.412,154.969,0.0,0.0,0.4018,0.262273,0.0,1,0.4360652598,0.41428668285056885,Test
GISMAY_clean,7.56113,5.5145,7.12706,1.15475,978.763,847.594,187.52,162.389,0.5516,0.477677,0.0,1,0.5566562042000001,0.5455026841915322,Train
GISNED_clean,16.88394,10.60987,16.88394,0.446812,2036.44,4557.7,0.0,0.0,0.8226,1.84104,0.0,0,0.3942352410999999,0.39970298307302765,Train
GISZUD_clean,6.49431,5.39638,6.48428,1.08851,2690.71,2471.91,0.0,0.0,0.726,0.666964,0.0,1,0.173790186,0.2223382288368359,Train
GISZUF_clean,5.98913,5.07662,5.983,1.31215,1025.01,781.164,0.0,0.0,0.5226,0.398277,0.0,1,0.4287751889,0.4881505342008201,Train
GITPIK_clean,6.71051,5.85889,6.69498,1.05932,1949.1,1839.96,0.0,0.0,0.6024,0.568668,0.0,1,0.6767726395999999,0.6482518641806732,Test
GITTUZ_clean,10.85901,8.03964,10.85901,1.03314,1392.4,1347.74,0.0,0.0,0.6084,0.588883,0.0,0,0.4173160225,0.32480347332586135,Test
GITVEL01_clean,15.27666,13.37931,15.27666,0.777112,1815.11,2335.71,0.0,0.0,0.723,0.930368,0.0,0,0.3455781290999999,0.41005110693407043,Train
GITVEL_clean,15.24588,13.37948,15.24588,0.777112,1827.71,2351.93,0.0,0.0,0.724,0.931654,0.0,0,0.3472564102,0.4124646292379444,Train
GITWIQ_clean,5.04878,3.9878,4.84113,1.55276,984.517,634.043,0.0,0.0,0.443,0.285298,0.0,0,0.5426429631,0.9128544485956299,Test
GIVHIC_clean,5.68256,4.14915,5.67478,1.01525,1315.17,1295.41,0.0,0.0,0.5352,0.527158,0.0,0,1.3906606003,1.0484397013775573,Train
GIVNIK_clean,7.21449,5.67473,7.21449,0.867445,2262.97,2608.78,0.0,0.0,0.6652,0.76685,0.0,1,0.3729155903,0.5349835908195738,Train
GIVNOQ_clean,7.18513,5.72761,7.17339,0.897407,2341.84,2609.57,0.0,0.0,0.648,0.72208,0.0,1,0.4525980436999999,0.5657132454435325,Train
GIWBEU_charged,6.28733,3.84153,6.28733,1.07489,1634.17,1520.3,0.0,0.0,0.5726,0.532703,0.0,1,0.57854451,0.7147956395260431,Train
GIWBIY_charged,6.45593,4.24018,6.45593,1.07571,1743.16,1620.48,0.0,0.0,0.587,0.545689,0.0,1,0.5674167379999999,0.6567041451561987,Train
GIWBOE_charged,6.1387,4.01365,6.12781,1.1355,1474.09,1298.19,0.0,0.0,0.537,0.472918,0.0,1,0.6308297090999999,0.844598027933074,Train
GIWCAR_ion_b,6.05356,4.17814,6.05356,1.07197,1658.11,1546.78,2.02848,1.89228,0.5834,0.544229,0.0,1,0.5541976501,0.7754721644181087,Test
GIWCIZ_ion_b,5.12494,3.68789,4.86231,1.25758,738.946,587.595,101.966,81.0816,0.492,0.391229,0.0,1,0.6685949456,0.6852234425470487,Train
GIWCOF_ion_b,6.18603,4.18536,6.1755,1.09485,1872.24,1710.03,0.0,0.0,0.5864,0.535596,0.0,1,0.5842247556,0.6667316254404939,Train
GIXGOK_clean,17.36935,5.40179,17.36935,1.04037,1505.92,1447.48,0.0,0.0,0.6542,0.628815,0.0,0,0.2365769854,0.26443527693694113,Train
GIXNAE_clean,7.22845,6.88703,7.22003,0.852646,2024.04,2373.83,0.0,0.0,0.6572,0.770777,0.0,0,0.4476187397999999,0.5919034095282759,Train
GIYSEN_clean,5.42608,5.04414,5.4195,1.45199,958.497,660.129,0.0,0.0,0.4968,0.342152,0.0,0,0.4445896334,0.580254398217399,Test
GIYSIR_clean,5.35034,4.96809,5.33586,1.46578,931.664,635.609,0.0,0.0,0.4966,0.338795,0.0,0,0.4444967356,0.49928616907098783,Train
GIYSOX_clean,5.41931,4.91867,5.41931,1.46994,924.604,629.008,0.0,0.0,0.4898,0.333211,0.0,0,0.4296375746,0.48573716735642636,Train
GIYSUD_clean,5.72746,4.12193,5.64984,1.21514,2074.82,1707.48,0.0,0.0,0.605,0.497886,0.0,1,0.5501303153,0.680017587721086,Train
GIYTAK_clean,5.85565,4.3241,5.81433,1.11314,2290.27,2057.49,0.0,0.0,0.6456,0.579983,0.0,1,0.5239924472999999,0.5493690753602725,Train
GIYTIS_SL,6.15959,5.08946,6.15959,0.966844,2140.02,2213.41,0.0,0.0,0.6424,0.66443,0.0,1,0.606221994,0.776301748486242,Test
GIZXET_clean,4.75858,3.81827,4.66708,0.984908,1381.16,1402.32,0.0,0.0,0.5818,0.590715,0.0,0,1.3856671829,1.107504967925093,Train
GOBGAG_clean,17.26438,5.3381,17.26438,1.05121,1516.89,1443.0,0.0,0.0,0.6532,0.621382,0.0,0,0.2403003255999999,0.2663004736684996,Train
GOBSUM_clean,5.27749,3.98975,5.17779,1.10089,1767.3,1605.34,0.0,0.0,0.5602,0.508863,0.0,1,0.6973255201999999,0.6563723158755836,Train
GOGSIF_clean,8.22407,5.82511,8.22407,0.843093,1913.32,2269.41,1.31012,1.55395,0.6484,0.769073,0.0,1,0.3871269879,0.489933161672087,Train
GOGWAB_clean,4.95936,4.07145,4.95936,1.0628,2097.01,1973.11,0.0,0.0,0.6348,0.597292,0.0,1,1.3760851827,1.153130881202332,Train
GOGWEF_clean,4.59875,4.17002,4.59043,0.999501,2126.38,2127.44,0.0,0.0,0.617,0.617308,0.0,1,1.1206503962,1.2180471444718974,Train
GOJDOZ_clean,4.79892,4.35574,4.79892,2.78878,865.091,310.204,296.77,106.416,0.5306,0.190263,0.0,1,0.1853685607999999,0.14701279186233995,Train
GOJFAN_charged,16.63143,5.96233,15.15468,1.28609,2131.94,1657.69,0.0,0.0,0.7304,0.567923,0.0,1,0.1250522055,0.19753976230794934,Train
GOKBUE_clean,6.09249,4.54759,6.09249,1.63047,1317.37,807.969,0.0,0.0,0.5592,0.342968,0.0,1,0.1847247948,0.4041496032527268,Train
GOMFOF_clean,14.8276,14.77034,14.8276,0.887088,1281.1,1444.16,0.0,0.0,0.6208,0.699818,0.0,1,0.2433036614,0.589583102106864,Test
GOMREG_clean,5.38381,3.63961,5.38381,1.86675,886.646,474.968,0.0,0.0,0.4612,0.247061,0.0,0,1.75155094,1.2929149072093364,Train
GONNAA_clean,7.09205,5.80307,7.09205,0.944258,2774.42,2938.2,0.0,0.0,0.7154,0.757632,0.0,1,0.3646908129999999,0.4587531936398657,Train
GOPTIQ_clean,6.68622,4.50914,6.67956,0.770633,1838.89,2386.21,0.0,0.0,0.6402,0.830746,0.0,1,0.6905958884000001,0.6036471920823941,Test
GOQSIQ_clean,8.1775,6.04263,8.04141,1.00533,1638.23,1629.55,0.0,0.0,0.6412,0.637802,0.0,0,0.6473768637,0.4686395783306296,Test
GOQXAN_clean,6.22843,5.8492,6.22773,1.32869,1398.1,1052.24,0.0,0.0,0.556,0.418457,0.0,1,0.5547721433,0.6089459127754789,Test
GORQAF_clean,6.72825,5.09275,6.72825,1.1538,2875.75,2492.42,0.0,0.0,0.7648,0.662854,0.0,0,0.1218685763,0.05135572067905936,Test
GOSBOH_clean,10.37122,8.95436,10.37122,0.787001,1611.54,2047.69,0.0,0.0,0.6654,0.845489,0.0,1,0.2781180443,0.3806319946047903,Train
GOSDID_clean,7.82021,4.59261,7.82021,1.06883,1472.28,1377.47,0.0,0.0,0.5676,0.531048,0.0,1,0.6452267123,0.5922214702421005,Train
GOSKEG_clean,7.10002,5.21425,6.59335,0.943193,1754.71,1860.4,1.38955,1.47324,0.6182,0.655433,0.0,1,0.9310869745,0.7330207026102391,Train
GOTDIE_clean,4.73101,4.56435,4.72097,1.48128,186.327,125.788,8.43694,5.69572,0.3958,0.267202,0.0,0,0.1200336816,0.4474046605581892,Test
GOTNEK_clean,6.68492,5.17244,6.67225,1.16398,1342.18,1153.1,0.0,0.0,0.5428,0.466332,0.0,1,0.9655927508,0.6098161917808612,Train
GOVHOQ_clean,5.0786,4.57892,5.0786,2.10255,403.599,191.957,0.0,0.0,0.3698,0.175882,0.0,0,0.0815535105999999,0.19385772247231614,Train
GOVWOF_clean,15.42527,11.20267,15.42527,0.794433,1878.77,2364.92,0.0,0.0,0.6966,0.876851,0.0,1,0.7027954370999999,0.555726661867643,Train
GOVXIA_clean,6.67259,5.28318,6.67068,1.1406,1107.96,971.384,0.0,0.0,0.4988,0.437316,0.0,1,0.4878821611,0.538311830402194,Train
GOZNAM_clean,6.30239,4.60575,6.30081,0.99242,2117.8,2133.98,0.0,0.0,0.6346,0.639447,0.0,1,0.3445804786,0.7813966840910346,Test
GOZNEQ_clean,6.09971,4.27883,6.09943,0.947205,2272.9,2399.59,0.0,0.0,0.644,0.679895,0.0,1,0.3792619886,0.6879537075186771,Train
GUANZS_clean,5.10287,4.04623,5.10287,1.31647,2066.97,1570.09,0.0,0.0,0.6518,0.495113,0.0,0,0.4201798952,0.49601695042693905,Train
GUBBAG_clean,6.17269,4.47662,6.08707,1.25773,1864.63,1482.53,0.0,0.0,0.6658,0.529365,0.0,1,0.123091553,0.20525972428110512,Train
GUBKUL_clean,8.78437,8.58193,8.78437,1.65394,1300.1,786.066,0.0,0.0,0.597,0.360957,0.0,1,0.3305237845,0.295350443969836,Train
GUBVUU_clean,6.86464,4.18996,6.61474,0.930991,1654.01,1776.62,0.0,0.0,0.6014,0.645979,0.0,1,0.7025214289,0.691922209238381,Train
GUBZAF_clean,8.48171,3.92126,8.48171,0.891092,1361.54,1527.95,0.0,0.0,0.6076,0.68186,0.0,1,0.3095488594,0.5381403858311915,Test
GUCHUJ_clean,4.84299,3.46778,4.84299,1.43835,1253.58,871.544,0.0,0.0,0.5374,0.373624,0.0,1,0.9008442369,0.68354671036093,Test
GUCJAQ_clean,5.76197,4.68972,5.75144,1.29019,1221.31,946.616,0.0,0.0,0.4888,0.37886,0.0,0,0.6131530186999999,0.7261564068487331,Train
GUDJOG_clean,7.68451,4.9879,7.6811,1.00363,1922.96,1916.01,0.0,0.0,0.6122,0.609987,0.0,1,0.5936279594,0.6824623705177136,Train
GUFBOA_clean,5.81423,4.04124,5.79708,1.35939,665.654,489.672,0.0,0.0,0.4506,0.331473,0.0,1,0.5937185197,0.37608473654546765,Test
GUFBUG_clean,6.13698,5.34529,5.96708,1.2615,1111.92,881.432,0.0,0.0,0.517,0.40983,0.0,0,0.949454605,0.6540022795596926,Train
GUFREF_clean,4.21553,3.44252,4.2138,1.21319,638.089,525.958,0.0,0.0,0.4724,0.389386,0.0,0,0.4782049871,0.4922898754136974,Train
GUFXEM_clean,6.06791,4.72083,6.0579,1.2094,1573.94,1301.42,0.0,0.0,0.5582,0.461552,0.0,1,0.6861988067,0.7264571408027201,Test
GUGNON_clean,5.28957,4.33779,5.28957,0.956875,1608.61,1681.11,0.0,0.0,0.5938,0.620562,0.0,1,0.7226280493,0.8127159023169487,Test
GUHMIH_clean,13.3149,6.32995,13.3149,0.498432,2835.47,5688.77,0.0,0.0,0.778,1.5609,0.0,1,0.4662634225,0.6127681789335634,Test
GUHNUU_clean,8.22186,5.12827,8.22186,0.946932,1929.01,2037.11,0.0,0.0,0.6218,0.656647,0.0,1,0.54598563,0.6258898245244885,Train
GUHPAC_clean,8.2386,5.1093,8.2386,0.972915,1925.54,1979.14,0.0,0.0,0.6264,0.643838,0.0,1,0.5595833702,0.6139820735988416,Test
GUHPEG_clean,5.72092,4.53231,5.72092,1.21796,1067.45,876.424,0.0,0.0,0.5332,0.437781,0.0,1,0.5375135769,0.6196393670739933,Train
GUJREK01_clean,6.68707,6.10275,6.68707,1.23624,984.626,796.47,83.5539,67.5873,0.5306,0.429206,0.0,1,0.3706863893,0.43797660363542446,Train
GUJREK_clean,6.69718,6.09535,6.69718,1.23624,986.103,797.665,80.349,64.9948,0.5296,0.428397,0.0,1,0.3619623928,0.39974182141901105,Train
GUKFEY_clean,5.44718,4.31032,5.44265,0.953017,1818.67,1908.33,0.0,0.0,0.6068,0.636715,0.0,1,0.9360861966,0.9088003802800362,Train
GUKYUI_clean,4.85912,4.51007,4.85912,1.20599,627.214,520.082,14.592,12.0996,0.4608,0.382092,0.0,0,0.2180824534,0.5353754486102393,Train
GUKZAO_clean,6.06489,4.97271,6.06019,1.23962,1992.38,1607.25,0.0,0.0,0.6032,0.486602,0.0,1,0.6148443965,0.6384664887889286,Train
GULBAR_clean,4.47722,3.75995,4.47722,1.44705,840.737,581.002,0.0,0.0,0.4724,0.326458,0.0,1,1.056733623,0.7554691241277951,Train
GULCAS_clean,4.32787,3.5712,4.32787,1.83607,854.103,465.181,0.0,0.0,0.4892,0.266439,0.0,1,1.068609258,0.9066379668619047,Train
GULPIN_clean,4.25802,3.49743,4.22359,1.39734,591.978,423.648,0.0,0.0,0.4574,0.327337,0.0,1,0.5829388688,0.5330771325416601,Train
GULVUF_clean,16.10036,15.32514,16.09835,0.674334,1617.68,2398.93,0.0,0.0,0.7312,1.08433,0.0,0,0.4278628407,0.40140148431418515,Train
GULWAM_clean,8.69308,7.48414,8.68762,0.756867,2252.53,2976.13,0.0,0.0,0.7044,0.930679,0.0,0,0.5153829082,0.5653094456342012,Train
GULWEQ_clean,15.98104,7.52003,15.97479,0.734572,1758.78,2394.29,252.635,343.921,0.7614,1.03652,0.0,1,0.4177804456,0.47892342410688327,Train
GULWIU_clean,11.05938,6.30446,11.02908,0.918977,2242.53,2440.24,0.0,0.0,0.738,0.803067,0.0,1,0.3449662232,0.5140056830881784,Test
GULWOA_clean,7.6136,7.16835,7.6136,1.27683,1846.33,1446.03,0.0,0.0,0.6334,0.496073,0.0,1,0.2132157441,0.38091989512540314,Train
GUMDEZ_clean,5.27869,4.82624,5.26972,1.35338,1171.24,865.416,0.0,0.0,0.5066,0.374323,0.0,0,1.8643267191,0.8210313133814116,Test
GUNFAW01_neutral,9.61074,7.33598,9.61074,0.662989,2371.82,3577.46,0.0,0.0,0.7958,1.20032,0.0,0,0.1899765803,0.26973311861230514,Test
GUNZIA_clean,5.83475,4.30482,5.82509,1.2153,836.856,688.601,251.586,207.016,0.5296,0.435778,0.0,0,0.7664433506999999,0.7643681127466916,Train
GUPBEZ02_clean,23.87093,10.84779,23.87093,0.911245,1630.75,1789.58,0.0,0.0,0.8024,0.880553,0.0,1,0.1086604082,0.29425964584408104,Test
GUPBUP_SL,12.69031,3.67391,12.69031,0.919646,1552.86,1688.54,0.0,0.0,0.6966,0.757465,0.0,0,0.1590777535999999,0.2518354475961069,Test
GUPCAW_clean,13.64672,8.62891,13.57643,0.814725,1868.84,2293.83,0.829839,1.01855,0.7426,0.911474,0.0,0,0.1822184874,0.30850119749798194,Train
GUPDEB_clean,20.68684,7.65386,20.68684,0.945467,1548.81,1638.15,1.11326,1.17747,0.7196,0.761105,0.0,0,0.1876378821,0.22882609540979615,Train
GUPREQ_clean,6.00262,3.86824,5.65571,1.31,1012.28,772.734,0.0,0.0,0.4954,0.378168,0.0,1,0.5088114735,0.5426301076971551,Train
GUQWOG_clean,7.33297,4.64507,7.06229,0.957966,1896.24,1979.44,0.0,0.0,0.6126,0.63948,0.0,0,0.6674407826,0.7884112959850205,Train
GURPIT_clean,9.17432,7.72525,9.0966,0.709696,2365.23,3332.74,0.0,0.0,0.7732,1.08948,0.0,0,0.1984239531,0.3552118368770302,Test
GURPUF_clean,9.46604,8.41122,9.46604,0.69659,2357.29,3384.04,0.0,0.0,0.789,1.13266,0.0,0,0.2010827998,0.2786330421423726,Test
GURTIX_charged,6.67771,5.78982,6.67771,1.24602,1833.38,1471.39,0.0,0.0,0.6046,0.485225,0.0,0,0.7365382589,0.7264067533088246,Train
GUSJOU_clean,6.46175,4.9377,6.46175,1.4824,1450.9,978.754,0.0,0.0,0.5424,0.365894,0.0,1,0.4635465781,0.45967819811762534,Train
GUSMAJ_clean,4.67375,3.80751,4.66389,1.32281,575.521,435.074,0.0,0.0,0.4708,0.355908,0.0,0,0.7516884911,0.6313148021735162,Test
GUTYIE_clean,5.62453,4.16158,5.60554,1.07616,1629.52,1514.21,0.0,0.0,0.6326,0.587833,0.0,0,0.9279090619,0.6610353017783297,Test
GUVBOQ_clean,8.83128,4.93156,8.81323,1.43518,1000.0,696.779,0.0,0.0,0.4548,0.316894,0.0,1,0.3984718504999999,0.34273130531203055,Train
GUVCOP_clean,5.74545,3.94509,5.74323,1.37815,1848.48,1341.28,0.0,0.0,0.614,0.445526,0.0,1,0.2793298228,0.5433057284568228,Test
GUVKUE_clean,8.21847,7.49363,8.20971,1.22679,2052.71,1673.24,0.0,0.0,0.664,0.54125,0.0,0,0.352642932,0.3966421631859733,Test
GUVLAL_clean,8.46005,7.97124,8.46005,1.21092,2060.95,1701.98,0.0,0.0,0.6704,0.55363,0.0,1,0.3642793963,0.3469482820084103,Train
GUVZII_clean,11.49557,10.72535,11.49539,1.14498,1547.17,1351.26,0.0,0.0,0.6402,0.559135,0.0,1,0.3866597834,0.36756575944697656,Train
GUWDUY_clean,6.18049,4.11372,6.17321,0.97822,1677.34,1714.69,0.0,0.0,0.6008,0.614177,0.0,0,0.632490177,0.8414860680837355,Train
GUXJUF_clean,4.84037,3.9654,4.82716,1.41449,886.753,626.908,0.0,0.0,0.4542,0.321106,0.0,1,0.2064051371,0.6440530289821887,Test
GUXPOF_clean,5.62972,5.12114,5.55282,1.20445,928.209,770.649,0.0,0.0,0.499,0.414297,0.0,1,0.2705375414,0.39490126912333273,Train
GUXSEY_clean,6.24254,3.72061,6.24254,1.49869,1194.16,796.807,0.0,0.0,0.5316,0.354711,0.0,0,1.1383135037999998,0.8960818047247814,Test
GUXSIC_clean,6.13867,3.70141,6.13867,1.60239,1120.27,699.126,0.0,0.0,0.517,0.322643,0.0,0,1.1628691905,1.1537684238461958,Train
GUXZIJ_clean,5.81008,4.95296,5.55484,2.37336,1506.6,634.795,0.0,0.0,0.5624,0.236964,0.0,1,0.3733668314,0.2993190008176386,Train
GUXZUV_clean,6.58785,4.88173,6.58785,1.68165,1430.07,850.397,0.0,0.0,0.5722,0.340261,0.0,1,0.6008836399,0.44951757218230354,Train
GUYBAE_clean,5.86532,5.19351,5.73822,2.36156,1533.32,649.284,0.0,0.0,0.5552,0.235099,0.0,1,0.3606917797,0.3094724782017447,Test
HABQUY_clean,25.71531,12.0883,18.82078,0.289452,1646.58,5688.62,0.0,0.0,0.8738,3.01881,0.0,1,0.4739445689,0.44320916436224445,Train
HABRAF_manual,24.30948,9.03515,24.30948,0.38234,1867.98,4885.64,0.0,0.0,0.8462,2.21321,0.0,1,0.4720301675,0.46410410166304594,Test
HABREJ_clean,7.22153,5.5004,7.20678,0.929467,1805.81,1942.84,0.0,0.0,0.6346,0.682757,0.0,1,0.8504481232,0.617889713466794,Train
HADLOQ01_clean,10.03253,9.59417,10.02623,0.699735,1785.38,2551.51,0.0,0.0,0.7038,1.00581,0.0,0,0.4628704845,0.4248135434810003,Train
HADPOU_clean,4.62887,4.08311,4.62887,1.93861,903.412,466.011,0.0,0.0,0.5016,0.258742,0.0,1,0.6935927220999999,0.5484586877294095,Train
HADQUA_clean,4.81461,3.51016,4.81159,1.02272,1546.56,1512.21,0.0,0.0,0.5746,0.561836,0.0,0,1.9410562106,1.387523484233352,Train
HADXIW_clean,4.67426,4.35266,4.67426,2.30119,853.786,371.02,0.0,0.0,0.5434,0.236139,0.0,1,0.1186786731,0.1679727766936363,Train
HAFGUQ_clean,5.00398,3.75819,5.00288,1.4388,1552.49,1079.02,0.0,0.0,0.603,0.4191,0.0,0,1.0896495516,0.797196890649948,Test
HAFTOZ_clean,15.37241,7.5238,15.37241,0.554007,2040.18,3682.59,0.0,0.0,0.7832,1.4137,0.0,0,0.3498291904,0.4123202601913356,Train
HAFVOB_clean,5.59823,4.10574,5.59823,0.989877,1624.62,1641.23,0.0,0.0,0.559,0.564717,0.0,1,0.8745432451,0.7239750934365754,Test
HAFVUH_SL,7.26111,7.14037,7.26111,0.948615,1661.34,1751.34,0.0,0.0,0.5896,0.621538,0.0,0,0.8725090561,0.843158858098539,Test
HAFWAO_charged,9.30827,4.15962,9.30827,0.852871,1523.34,1786.13,0.0,0.0,0.6286,0.73704,0.0,0,0.4239941540999999,0.500614271633323,Train
HAFWIW_clean,5.35067,4.98225,5.35067,1.31519,1804.28,1371.88,0.0,0.0,0.6304,0.479324,0.0,1,0.298338011,0.5485472942340632,Test
HAFWUI_charged,5.17795,3.43564,5.1502,1.38752,525.135,378.471,0.0,0.0,0.4118,0.296789,0.0,0,0.5760038411,0.5523349852426165,Train
HAHCUR_clean,7.19827,5.98763,7.19827,1.10603,1324.83,1197.82,0.0,0.0,0.546,0.493657,0.0,0,0.6266483716,0.6500865982679193,Test
HAHPIQ_charged,9.53782,8.62412,9.53782,1.59282,617.871,387.91,0.0,0.0,0.455,0.285657,0.0,1,0.0437643815,0.08188327559586828,Train
HAHPOW_clean,9.6196,8.46967,9.6196,1.47235,624.294,424.013,93.3885,63.4283,0.498,0.338235,0.0,1,0.1302705557,0.21206930107558392,Train
HAJDII_clean,7.11031,6.37447,7.11031,1.26291,989.015,783.122,12.4903,9.89007,0.5394,0.427108,0.0,0,0.2544076607,0.3548007409983837,Train
HAJLEK_clean,5.87742,3.45437,5.87742,1.36069,369.973,271.901,0.0,0.0,0.367,0.269716,0.0,0,0.3334487985,0.2837424561718306,Train
HAJLIO_clean,5.88281,3.51824,5.88281,1.36262,373.489,274.096,0.0,0.0,0.3676,0.269774,0.0,0,0.3359676509,0.31397144192942444,Train
HAJLOU_clean,5.886,3.5289,5.886,1.35798,373.139,274.776,0.0,0.0,0.3686,0.271433,0.0,0,0.3290965299,0.3297518273071731,Train
HAJLUA_clean,5.93833,3.59787,5.73261,1.34629,399.566,296.791,0.0,0.0,0.3782,0.28092,0.0,0,0.3196663353,0.3317355895019655,Train
HAJMEL_clean,5.95786,3.62462,5.74689,1.33025,394.105,296.264,0.0,0.0,0.3816,0.286863,0.0,0,0.3016652907,0.3184463008055445,Train
HAJMIQ_clean,13.26244,6.64572,13.26244,0.873197,2121.07,2429.08,0.0,0.0,0.7212,0.825931,0.0,1,0.5957944407,0.6023119608906345,Train
HAJPEQ_clean,6.11767,3.57208,6.10936,1.00677,852.908,847.173,0.0,0.0,0.5204,0.516901,0.0,1,0.9132080263,0.8164060577275787,Train
HAJRES_clean,5.28648,3.63417,5.2773,0.904106,536.331,593.217,509.7,563.762,0.5196,0.574711,0.0,0,1.1289067045,1.1708604449732958,Train
HAJYEZ_clean,5.05238,3.74879,4.99149,1.49581,731.65,489.133,0.0,0.0,0.4222,0.282255,0.0,1,0.9123282949,0.5631549068151883,Train
HAKCAZ_clean,7.25791,5.03113,6.91895,1.17911,1594.01,1351.88,0.0,0.0,0.5908,0.501055,0.0,1,0.7515331076,0.6258177951982276,Train
HAKSAQ_clean,8.06664,3.9387,8.06075,1.15948,1831.32,1579.42,0.0,0.0,0.63,0.543345,0.0,0,1.0333148525,0.8322640765055376,Train
HAKSEU_clean,8.08706,3.61748,7.36025,1.26635,1637.77,1293.3,0.0,0.0,0.6148,0.485489,0.0,1,0.8678425524,0.5943481136981688,Test
HAKSIY_clean,8.0725,3.53077,8.06497,1.03469,1587.07,1533.85,0.0,0.0,0.6072,0.58684,0.0,1,0.8344387364,0.7432129313071959,Train
HAKVOH_clean,9.12551,3.7795,9.11836,1.17123,1785.15,1524.17,0.0,0.0,0.6208,0.530041,0.0,1,0.5081926917,0.6289592197476813,Test
HAKVUN_clean,8.02196,4.1722,8.01469,1.33184,2031.27,1525.15,0.0,0.0,0.6558,0.4924,0.0,1,0.880479888,0.5669410503030208,Train
HAKWAU_clean,7.77196,4.02298,7.7515,0.967928,1840.06,1901.03,0.0,0.0,0.6374,0.65852,0.0,1,0.7238975108,0.6948562648664884,Test
HALQUJ_clean,5.83271,4.11171,5.82021,0.775057,2252.16,2905.8,0.0,0.0,0.6658,0.859034,0.0,0,0.667298304,0.6458499908626665,Train
HALVAU_clean,7.2529,4.09487,7.24788,1.02599,1723.2,1679.54,0.0,0.0,0.6096,0.594156,0.0,1,0.5482272190999999,0.6347861991503106,Test
HAMJOW_clean,5.97637,5.66826,5.96867,0.916107,2203.56,2405.35,0.0,0.0,0.6442,0.703193,0.0,1,0.962211362,0.778491029150772,Train
HAMLIT_clean,7.60143,4.74827,7.04866,1.03116,1778.09,1724.35,0.0,0.0,0.6042,0.58594,0.0,1,0.8693192004000001,0.6163424899885102,Train
HAMREU_clean,7.3712,5.08597,7.3712,1.79786,881.924,490.542,0.0,0.0,0.4552,0.25319,0.0,0,0.2693417955,0.28139309730762546,Train
HAMRIY_clean,7.12952,5.0191,7.12952,1.96935,853.811,433.551,0.0,0.0,0.434,0.220378,0.0,0,0.2627976547,0.2990674079110682,Train
HANKUE_clean,11.04769,6.93986,11.04769,1.01875,2416.33,2371.86,7.87226,7.72737,0.7184,0.705177,0.0,1,0.5140021549,0.4046374399243338,Train
HANWAW_clean,11.32674,4.96034,11.30095,0.840493,2065.42,2457.39,0.0,0.0,0.7018,0.834987,0.0,1,0.7004958666,0.697007335307272,Test
HAPBAE_clean,7.19899,4.51752,7.19899,1.177,1685.21,1431.79,101.434,86.1807,0.6014,0.510961,0.0,1,0.312140015,0.45365784572104917,Train
HAPBEI_clean,7.40345,4.51665,7.18933,1.1831,1645.32,1390.68,107.302,90.6958,0.5974,0.504945,0.0,1,0.3087037749,0.5033530290509958,Train
HAPBIM_clean,7.3635,4.07388,7.35928,1.22764,1566.0,1275.62,0.0,0.0,0.6092,0.496238,0.0,1,0.2242652704,0.5994791071649073,Test
HAPGIR_clean,6.12679,5.53694,6.11946,1.24903,1460.77,1169.52,0.0,0.0,0.5518,0.441784,0.0,1,0.5320939874,0.6819824787393298,Train
HAPHUD_clean,8.47502,6.8337,8.46296,0.827108,1882.02,2275.42,0.0,0.0,0.6618,0.800137,0.0,1,0.4941772467,0.46977585154008333,Train
HAPNEU_clean,7.1275,4.47989,7.11656,1.12613,1773.48,1574.85,0.0,0.0,0.6,0.5328,0.0,1,0.3411668249,0.5191441568358939,Train
HAPNOE_clean,5.80604,3.7042,5.80604,1.49141,1358.54,910.909,0.0,0.0,0.535,0.358721,0.0,1,0.3206580639,0.48963554168933643,Train
HAPNUK_clean,5.80307,3.70444,5.7954,1.49676,1370.95,915.947,0.0,0.0,0.5352,0.357572,0.0,1,0.3214314754,0.46653385680441684,Train
HAPPAS_clean,5.66478,3.61524,5.6614,1.54511,1255.98,812.875,0.0,0.0,0.5282,0.341853,0.0,1,0.3354858681,0.5115412470194901,Test
HAPVEB_clean,4.76596,4.34263,4.75951,2.7741,1216.03,438.349,0.0,0.0,0.4794,0.172813,0.0,1,0.2374875344,0.3878573153839225,Train
HAQJIV_clean,10.92187,6.16089,10.13253,0.730979,2352.02,3217.63,0.0,0.0,0.744,1.01781,0.0,1,0.6542586663000001,0.5900095857043098,Train
HAQKES_clean,7.18365,5.84135,6.93817,1.26274,1917.74,1518.71,0.0,0.0,0.6256,0.495429,0.00158385,1,0.2214134243,0.3396187778777289,Train
HAQRID_clean,8.35999,7.36684,8.31122,1.01133,1835.07,1814.52,0.0,0.0,0.6542,0.646874,0.0,1,0.5918752369,0.4310659605380279,Train
HASMIZ_clean,9.9371,5.9051,9.93469,0.740129,2096.9,2833.15,0.0,0.0,0.687,0.928217,0.0,0,0.4192270299,0.6243290335970866,Train
HASNIB_clean,5.40755,4.36097,5.2762,1.74872,1493.17,853.86,0.0,0.0,0.5666,0.324008,0.0,1,0.2495232734,0.41479309506980233,Test
HASNOH_clean,5.38898,4.39397,5.38845,1.86317,1402.69,752.852,0.0,0.0,0.5556,0.298201,0.0,1,0.305244511,0.42597930031384473,Train
HASNUN_clean,5.53374,4.52225,5.53374,1.71424,1549.27,903.767,0.0,0.0,0.5698,0.332393,0.0,1,0.2299508902,0.4319899406929629,Test
HASTAY_clean,6.39369,3.9398,5.95965,1.27695,1466.95,1148.79,0.116669,0.0913651,0.5758,0.450916,0.0,1,0.7555202645999999,0.6660625128034681,Train
HATZOS02_clean,4.8576,4.0805,4.8576,1.31729,1109.65,842.374,1.31609,0.999089,0.544,0.41297,0.0,1,0.3224694139,0.5903604649649085,Train
HATZOS_clean,4.85832,4.07746,4.85832,1.31771,1115.31,846.4,1.47769,1.12141,0.531,0.402973,0.0,1,0.3146300553,0.5881831637953604,Train
HAVVUX_clean,8.34589,6.74867,8.34589,2.21863,955.771,430.794,0.0,0.0,0.5032,0.226807,0.0,1,0.1546147434999999,0.09914372927547216,Test
HAVZIP_clean,12.95456,9.6087,12.76631,0.416845,1954.8,4689.52,0.0,0.0,0.815,1.95516,0.0,1,0.378384285,0.4161575677417806,Train
HAWGIX_charged,6.23164,4.41484,6.20582,1.34664,1022.84,759.553,0.0,0.0,0.4892,0.363275,0.0,0,0.6323296967,0.5411045318594981,Train
HAWREE_clean,5.95677,4.26157,5.93982,1.29463,1394.9,1077.46,0.0,0.0,0.5154,0.398107,0.0,0,0.605178609,0.7603327197452281,Train
HAWVAE_clean,5.43472,3.75459,5.43472,1.57273,1218.49,774.765,0.0,0.0,0.5248,0.333688,0.0,0,0.8203833948,0.7743034944498566,Train
HAWVEI_clean,5.44774,3.7649,5.44192,1.50867,1222.23,810.136,0.0,0.0,0.526,0.348652,0.0,0,0.7863570837,0.7716924218610088,Train
HAWVIM_clean,5.41474,3.72498,5.39995,1.55868,1201.98,771.152,0.0,0.0,0.522,0.334898,0.0,0,0.830682898,0.8499829439547872,Train
HAWVOS_clean,5.41179,3.71334,5.38603,1.62695,1198.02,736.358,0.0,0.0,0.519,0.319002,0.0,0,0.838123033,0.8957993314563841,Train
HAWVUY_clean,5.4288,3.7248,5.42521,1.58725,1209.7,762.135,0.0,0.0,0.523,0.3295,0.0,0,0.8298640997,0.867801208105766,Train
HAWWAF_clean,5.36818,3.69998,5.3038,1.61776,1179.03,728.804,0.0,0.0,0.5186,0.320567,0.0,0,0.8566937108,0.9627540693414081,Train
HAWWEK_clean,6.09263,4.09444,6.07646,0.818977,2614.48,3192.37,0.0,0.0,0.6796,0.829816,0.0,0,0.4812188658,0.6240704669414108,Train
HAWWIN_clean,6.94632,6.00048,6.94632,1.03663,2578.05,2486.94,0.0,0.0,0.6936,0.669088,0.0,1,0.3875717924,0.3915008162432623,Train
HAWWOT_clean,7.05521,6.39517,7.05449,1.0177,2567.24,2522.59,0.0,0.0,0.6952,0.683108,0.0,1,0.3752840692,0.3764000585789646,Train
HAWWUZ_clean,6.85987,6.20916,6.70163,1.02767,2542.94,2474.47,0.0,0.0,0.6868,0.668309,0.0,1,0.3831881628,0.44503870477645296,Train
HAWZEM_clean,4.83947,3.74089,4.83947,1.28408,1060.99,826.263,0.0,0.0,0.5012,0.390319,0.0,1,1.6255558973,1.081806510328577,Train
HAXMUP_clean,8.05193,5.7692,8.05193,1.0871,1247.11,1147.19,0.0,0.0,0.6042,0.555788,0.0,1,0.106539974,0.3189480076903834,Train
HAYLIE_clean,7.09546,5.16312,7.09546,0.822497,1782.71,2167.43,0.0,0.0,0.6384,0.776173,0.0,1,0.4572526354,0.4798186725884256,Train
HAZSIL_clean,7.68408,4.67009,7.68408,1.19851,1999.16,1668.03,0.0,0.0,0.6332,0.528321,0.0,1,0.3663076139,0.4825207165828018,Train
HAZWIP_clean,6.08536,5.42004,6.08536,0.76282,3171.25,4157.27,0.0,0.0,0.7336,0.961695,0.0,1,0.4142657128999999,0.5424124195667249,Train
HEBJAB_clean,4.69189,4.1551,4.68505,1.19151,652.957,548.006,0.0,0.0,0.4618,0.387574,0.0,1,0.2272649467,0.7565817562073915,Test
HEBKEG_clean,5.17721,3.88044,5.16559,1.56809,1108.64,706.999,0.0,0.0,0.4678,0.298324,0.0,0,0.6383393501,0.7247697765728436,Train
HEBNIN_clean,5.00989,4.14842,5.00989,2.07402,1561.26,752.77,0.0,0.0,0.5908,0.284857,0.0,1,0.2048986743,0.32033525427170684,Test
HEBNOT_clean,6.16705,5.25559,6.16705,2.0588,1791.16,870.001,0.0,0.0,0.601,0.291917,0.0,1,0.1852160896999999,0.2679878259980684,Train
HEDBEZ_clean,5.55376,3.62598,5.46848,2.06178,1285.48,623.479,0.0,0.0,0.5464,0.265014,0.0,1,0.2682460752,0.3115485164871094,Train
HEDBID_clean,5.55564,3.58661,5.41937,2.08307,1276.82,612.952,0.0,0.0,0.5458,0.262017,0.0,1,0.2661535758,0.23196542092202366,Test
HEDBOJ_clean,6.12669,4.55303,6.11551,2.25914,1566.11,693.232,0.0,0.0,0.5588,0.247351,0.0,1,0.1358017365,0.21169897481461925,Test
HEDBUP_clean,6.082,4.53553,6.07141,2.27942,1559.62,684.218,0.0,0.0,0.5574,0.244536,0.0,1,0.1384094236999999,0.2163362219641275,Train
HEDCAW_clean,8.17736,6.62352,8.16605,0.938004,1961.34,2090.97,0.0,0.0,0.6256,0.666948,0.0,1,0.4981299107999999,0.5372242722412621,Train
HEDCIE_clean,6.94357,6.25435,6.88861,1.02856,1661.58,1615.44,0.0,0.0,0.5918,0.575367,0.0,1,0.5389970775999999,0.5927636307650151,Train
HEFDED_clean,6.92505,4.2277,6.91906,1.17857,874.958,742.388,0.0119262,0.0101192,0.491,0.416606,0.0,0,0.1248037413,0.3045725692025397,Train
HEFDON_clean,9.34267,6.30544,9.30322,1.26616,1290.92,1019.56,0.0,0.0,0.564,0.445443,0.0,1,0.5284259822,0.31065411342716076,Train
HEFFAB_charged,9.07189,5.62921,9.07189,1.09841,1235.65,1124.95,94.6696,86.1878,0.5808,0.528764,0.0,1,0.4310008431,0.4895830424618842,Train
HEFFEF_clean,9.54316,8.35297,9.54316,1.17123,1191.49,1017.3,0.0,0.0,0.5608,0.478813,0.0,1,0.4685663918,0.2428923262158043,Test
HEFVAR_clean,4.22955,3.7824,4.22684,1.70241,256.239,150.515,0.0,0.0,0.3872,0.227442,0.0,1,0.1567738271,0.20176578421644786,Train
HEGCEB_clean,5.1693,4.46656,5.1693,1.06371,1875.59,1763.26,0.0,0.0,0.6372,0.599038,0.0,1,0.1859184207999999,0.5529844710974826,Train
HEGJUZ_clean,6.22529,4.73915,6.22421,1.09032,1314.16,1205.3,0.0,0.0,0.551,0.505357,0.0,1,0.7824026629,0.7102132962376057,Train
HEGNAJ_clean,6.01939,4.81592,6.01939,1.89872,712.25,375.122,0.0,0.0,0.4102,0.216041,0.0,0,0.2157016743,0.33531011710879255,Train
HEGNEN_clean,5.92457,4.79042,5.92457,1.92239,717.079,373.015,0.0,0.0,0.4062,0.2113,0.0,0,0.2617405378,0.3226173365436802,Train
HEGNIR_clean,6.01675,4.74609,6.01675,1.93131,685.918,355.156,0.0,0.0,0.4034,0.208873,0.0,0,0.2475855210999999,0.2983535411970371,Test
HEGNOX_clean,6.0763,4.7602,6.0763,1.95362,711.305,364.096,0.0,0.0,0.416,0.212938,0.0,0,0.2760547764,0.28485972744970317,Test
HEGNUD_clean,5.94961,4.80382,5.94961,1.93345,716.335,370.496,0.0,0.0,0.4134,0.213815,0.0,0,0.2521651358,0.3247226057776131,Train
HEGPAL_clean,5.89979,4.82106,5.89979,1.93984,705.302,363.588,0.0,0.0,0.4094,0.211048,0.0,0,0.2484089256,0.34080622806761207,Test
HEKTAU_clean,4.87289,4.04271,4.86475,1.11842,1707.65,1526.84,0.0,0.0,0.5666,0.506605,0.0,1,0.9348821525,0.8657673184576056,Train
HELDEJ_SL,5.22361,3.40377,5.22361,1.39671,578.501,414.189,0.0,0.0,0.4356,0.311876,0.0,1,0.5181624893,0.5695434138646593,Test
HELDOT_clean,9.05788,8.40599,9.04804,0.706681,2105.01,2978.73,0.0,0.0,0.7028,0.994508,0.0,1,0.4102497859,0.5768185006662044,Test
HEMTEZ_clean,6.9282,3.87493,6.90819,1.74491,1526.38,874.763,0.0,0.0,0.561,0.321507,0.0,1,0.2321633322,0.28256216850871246,Train
HETZOW_clean,5.51262,3.86354,5.23725,1.5527,956.041,615.728,190.025,122.384,0.5024,0.323565,0.0,1,0.4119064732999999,0.4571101222520806,Train
HETZUC_charged,5.49154,3.80214,5.49154,1.70676,464.702,272.271,214.78,125.841,0.4578,0.268227,0.0,0,0.3281999302,0.2892438866597569,Train
HEWFUL_ion_b,5.58258,4.94247,5.58258,1.66592,467.165,280.425,0.0,0.0,0.3124,0.187524,0.0,1,0.1300566685,0.1695078942431093,Train
HEXVEM_clean,28.43131,15.91754,28.43131,0.251734,1350.35,5364.2,0.0,0.0,0.895,3.55533,0.0,1,0.4269351695,0.45389016603036536,Train
HEZPIL01_clean,4.55228,3.8726,4.49338,1.6515,1184.67,717.327,0.0,0.0,0.5308,0.321405,0.0,1,0.5232857685,0.48228502005837437,Train
HGCNCO_clean,5.31956,3.48582,5.3054,1.56034,1406.04,901.106,0.0,0.0,0.6028,0.386325,0.0,1,0.2185480332,0.4701064256710281,Test
HIBGEF_clean,4.68206,3.60956,4.68206,1.41956,703.501,495.576,0.0,0.0,0.4404,0.310237,0.0,0,0.5028839963,0.5728434824373109,Test
HIBGIJ_clean,4.81263,3.80435,4.77754,1.65937,798.009,480.911,0.0,0.0,0.4498,0.271067,0.0,0,0.2330286753,0.4792020912672159,Train
HICVOG_clean,4.78823,4.34338,4.74662,1.25646,1202.69,957.206,0.0,0.0,0.553,0.440126,0.0,1,1.8470894898,1.2838071622614264,Train
HICVUM_clean,5.70734,4.18424,5.69729,1.38731,1533.97,1105.72,0.0,0.0,0.5594,0.403228,0.0,1,0.8524578736,0.4909980999718563,Test
HICZAW_clean,4.79099,4.0094,4.67667,1.66988,586.788,351.395,42.4437,25.4172,0.4496,0.26924,0.0,0,0.7419359551000001,0.6195373017936006,Train
HICZEA_clean,4.83695,4.09471,4.83695,1.59649,796.791,499.09,0.0,0.0,0.4516,0.282871,0.0,0,0.8597392955,0.6824008494505116,Train
HIDCUU_clean,4.77714,4.04915,4.77714,1.67198,561.972,336.111,24.6403,14.7372,0.4404,0.2634,0.0,0,0.7412944897,0.5167694152993109,Test
HIFGEK_clean,6.30554,5.14447,6.30011,1.31758,1695.15,1286.57,0.0,0.0,0.5682,0.431246,0.0,1,0.3330994001,0.4900221114015023,Train
HIFGIO_SL,12.5848,12.05657,12.5848,0.73279,1666.47,2274.15,0.0,0.0,0.7016,0.957436,0.0,0,0.5464830677,0.4512481039390585,Train
HIFTOG01_clean,15.08334,7.94194,15.08334,0.584242,2219.37,3798.71,0.0,0.0,0.8024,1.3734,0.0,0,0.3113473213,0.3508376249564941,Train
HIFTOG02_clean,7.88297,4.15104,7.88297,1.15793,1890.02,1632.24,0.0,0.0,0.6168,0.532675,0.0,0,0.7440330015000001,0.8122564952105027,Train
HIFTOG_clean,7.95891,4.14066,7.95891,1.16582,1897.92,1627.97,0.0,0.0,0.6126,0.525468,0.0,0,0.7474076828,0.9705888818351044,Test
HIFTUM_clean,6.30533,4.49793,6.29978,1.16773,1014.53,868.802,0.0,0.0,0.5164,0.442225,0.0,1,0.1703662891,0.38561613814125784,Train
HIFVOI_clean,9.00136,6.57223,9.00136,0.85431,2140.93,2506.03,0.0,0.0,0.7094,0.830378,0.0,0,0.5129767575,0.5127390255897867,Train
HIFWAV_clean,6.82644,4.81311,6.7091,1.14185,1358.99,1190.16,0.0,0.0,0.5914,0.517932,0.0,0,0.5138540023,0.5470873888977734,Train
HIFZAY_charged,4.52081,3.45842,4.52081,1.48786,347.115,233.298,0.0,0.0,0.4196,0.282015,0.0,1,0.2300272837,0.4272854860938576,Train
HIGRIA_clean,11.33189,6.86002,11.33189,0.649596,2356.83,3628.15,0.0,0.0,0.774,1.19151,0.0,1,0.4119569792,0.5044842230420498,Test
HIHFOV_clean,4.86314,3.46095,4.86114,1.09882,730.753,665.036,0.0,0.0,0.4806,0.437379,0.0,0,1.1391609069,0.7990253970715816,Test
HIHFUB_clean,7.23376,3.90094,7.22167,1.02876,1762.4,1713.12,0.0,0.0,0.6028,0.585946,0.0,1,0.5750838147999999,0.7201903362195144,Train
HIHGAI_clean,10.55614,5.67197,10.5437,1.00791,1714.99,1701.54,0.0538795,0.0534569,0.6458,0.640735,0.0,1,0.5124842423,0.47082057835572344,Train
HIHGEM_manual,9.93245,5.52954,9.93245,1.05018,1644.99,1566.39,0.0,0.0,0.6486,0.617608,0.0,1,0.4929928504999999,0.429075687768248,Train
HIHGIQ_clean,7.45404,4.653,7.45404,0.903111,1947.01,2155.89,0.0,0.0,0.6178,0.68408,0.0,0,0.8719140834,0.7643014970346772,Test
HIHGUC_clean,8.04408,6.54623,8.01999,0.696864,2211.4,3173.36,0.0,0.0,0.7326,1.05128,0.0,0,0.4757922335,0.4740831278826475,Test
HIJSOK_clean,4.65728,3.47175,4.65433,1.22153,961.191,786.878,69.3358,56.7617,0.5406,0.442561,0.0,1,0.4670916683,0.7058897871411223,Test
HILJUJ_clean,4.42922,3.63352,4.42922,1.96256,310.567,158.245,0.0,0.0,0.4212,0.214617,0.0,1,0.0697817434999999,0.1897344188531649,Train
HIMSAY_clean,5.16871,3.64786,5.16485,0.985668,753.397,764.352,500.835,508.117,0.5382,0.546026,0.0,0,1.636492288,1.6236444249743753,Train
HIQNAY_clean,6.18436,4.94333,5.98081,1.31558,928.05,705.433,194.939,148.177,0.529,0.402105,0.0,1,0.7351835073,0.6493878983744268,Train
HIQWOV_clean,6.76103,5.10334,6.76103,1.07696,1941.39,1802.66,0.0,0.0,0.6212,0.57681,0.0,0,0.5372148924,0.7271226449085466,Train
HISGAT_clean,5.66636,4.82954,5.66636,1.37462,738.511,537.249,0.0,0.0,0.318,0.231337,0.0,1,0.5028513829,0.4482772995321206,Train
HISGIB_clean,6.02888,4.81928,6.02888,1.46684,832.757,567.721,0.0,0.0,0.4806,0.327643,0.0,1,0.4164920973,0.37769239216488426,Train
HISJIE_clean,6.27871,5.58535,6.27871,1.41351,623.69,441.235,0.0,0.0,0.4354,0.308027,0.0,1,0.2007961095,0.272110155276654,Test
HISSIN_clean,6.52902,4.63625,6.52902,1.20846,1900.2,1572.41,0.0,0.0,0.613,0.507257,0.0,1,0.6275377877,0.6146379155729129,Train
HIWKEE_clean,5.33619,3.90302,5.22967,1.1804,712.798,603.863,412.05,349.077,0.5362,0.454254,0.0,1,0.2665168438,0.5469478465714195,Train
HIWKII_clean,4.49598,3.52102,4.49598,1.26918,746.378,588.079,0.0,0.0,0.5282,0.416174,0.0,1,0.1346960285,0.3519025342757254,Train
HIWLIK_clean,4.58174,3.69427,4.58174,1.68973,1137.53,673.202,0.0,0.0,0.5902,0.349287,0.0,1,0.7134611233,0.49116204889586856,Train
HIWLOQ_clean,5.62306,3.85048,5.61686,1.5787,1548.3,980.742,0.0,0.0,0.6176,0.391207,0.0,1,0.6069061324,0.4092303012597065,Train
HIWLUW_clean,5.19394,3.96476,5.19394,1.59085,1442.83,906.957,0.0,0.0,0.6148,0.386461,0.0,0,0.7748052178,0.7301067605588594,Test
HIYBUN_clean,10.15365,9.81645,10.15365,1.11827,1552.73,1388.51,0.0,0.0,0.6486,0.580004,0.0,0,0.1796684432,0.2861396914615472,Train
HIYGIH_clean,17.06952,6.66429,17.06948,0.730619,2158.98,2955.01,0.0,0.0,0.7424,1.01613,0.0,1,0.5848442992,0.5963470174128112,Test
HIYYEU_clean,4.58192,3.82938,4.58192,1.15929,890.249,767.928,0.0,0.0,0.475,0.409735,0.0,0,0.1531758938,0.5388802827215796,Train
HIZQEN01_clean,5.09985,3.87591,5.09025,1.50728,1179.77,782.72,0.0,0.0,0.547,0.362907,0.0,1,0.6213927804,0.5637452895721247,Train
HIZQEN_clean,5.11247,3.90242,5.06469,1.50181,1156.11,769.817,0.0,0.0,0.5508,0.366759,0.0,1,0.6191796889,0.5483159570554426,Train
HIZQUD_clean,6.30539,5.26051,6.30539,1.49546,1378.73,921.943,0.0,0.0,0.5664,0.378747,0.0,1,0.5549893615,0.4238231015642181,Test
HOBGAH_clean,4.98965,4.17051,4.98965,1.41285,672.875,476.256,0.0,0.0,0.4416,0.312561,0.0,0,0.2703520511,0.5481630318374084,Train
HOBGEL_clean,4.92633,4.45881,4.92633,1.33002,1110.7,835.1,0.0,0.0,0.469,0.352627,0.0,0,1.0080113845999998,0.904066296134542,Test
HOBGIP_clean,4.56618,4.05009,4.56618,1.4926,751.203,503.284,0.0,0.0,0.4242,0.284201,0.0,0,0.6749046479,0.7689607173868376,Train
HOBGOV_clean,4.53296,4.00605,4.52467,1.46371,719.363,491.465,0.0,0.0,0.4314,0.29473,0.0,0,0.7261643139,0.8576641612692042,Train
HOCDOU_clean,5.08767,3.82439,5.07588,1.48605,1252.4,842.773,0.0,0.0,0.5402,0.363514,0.0,1,0.3181115663,0.5720256845981198,Train
HOFJIX_clean,9.75671,8.56589,9.45457,1.06294,1335.32,1256.25,0.0,0.0,0.5826,0.548103,0.0,1,0.3421079531,0.319076451308421,Train
HOFSOL_clean,6.47441,4.48765,6.46774,0.782233,2543.82,3252.0,0.0,0.0,0.7104,0.90817,0.0,0,0.4790165443999999,0.5274365049251565,Train
HOFSUS_clean,4.7504,3.70252,4.74887,1.26142,1014.67,804.388,0.0,0.0,0.555,0.439981,0.0,1,0.6719332328000001,0.8177501676335175,Test
HOGJIX_clean,10.87652,5.94063,10.87549,0.784217,2419.27,3084.95,0.0,0.0,0.7452,0.950247,0.0,1,0.5487779604,0.6002579890512638,Train
HOGJOD_clean,4.75742,3.71555,4.75742,1.43501,995.445,693.686,0.0,0.0,0.5006,0.348848,0.0,0,0.6563849415999999,0.8177976930732238,Train
HOGJUK_clean,4.62158,3.54405,4.62158,1.37822,778.037,564.523,55.153,40.0175,0.5524,0.400807,0.0,0,0.1886749987,0.297823562971808,Train
HOGLEV01_clean,9.50106,5.60478,9.50106,0.851383,2390.76,2808.08,0.0,0.0,0.7012,0.823601,0.0,1,0.7513997509,0.6663756789645331,Train
HOGLEV_clean,14.03402,9.0463,14.02308,0.76193,2112.49,2772.55,0.0,0.0,0.7494,0.983555,0.0,1,0.6281650919,0.5640102208977128,Train
HOGSIG_clean,5.41082,3.95109,5.41082,1.19816,1084.16,904.86,0.0,0.0,0.5322,0.444182,0.0,1,0.3862725202,0.806577269908829,Test
HOGTOM_clean,7.72626,5.11822,7.71236,1.77252,921.698,519.992,0.0,0.0,0.4714,0.265948,0.0,0,0.1435925642,0.33029478146910746,Test
HOHMEX_manual,18.78417,14.89456,18.78417,0.315898,1578.36,4996.42,0.0,0.0,0.8756,2.77178,0.0,0,0.3989016736,0.39456374692135143,Train
HOJLID_clean,8.3495,5.13588,8.1646,0.608298,3093.18,5084.98,0.0,0.0,0.7326,1.20434,0.0,0,0.8477388765,0.6268822914497123,Train
HOJLUP_clean,6.04405,4.68216,6.04405,0.897215,1739.4,1938.66,0.0,0.0,0.5916,0.659373,0.0,1,0.7126061347,0.7377371931002364,Test
HOKGUJ_clean,9.34177,3.71993,9.34177,1.22332,1337.41,1093.26,0.0,0.0,0.5774,0.471995,0.0,1,0.367304287,0.44166922907160144,Test
HOKLIE_clean,5.61648,4.05301,5.61199,1.31362,1114.73,848.591,0.0,0.0,0.4902,0.373167,0.0,1,0.8149698482,0.6711698687618551,Train
HOLQIK_clean,12.10808,3.4458,10.16044,0.913109,1657.88,1815.64,0.0,0.0,0.663,0.726091,0.0,1,0.5871191903,0.5436645093568747,Train
HOMRIL_clean,8.32537,4.10495,8.32349,0.82756,1557.76,1882.35,17.9805,21.7271,0.651,0.78665,0.0,1,0.3459605411999999,0.3294845761950639,Train
HOMXIR_manual,23.70226,22.8547,23.70226,0.394433,1769.36,4485.82,0.0,0.0,0.844,2.13978,0.0,0,0.3818395152,0.41676435163191716,Test
HOMZEP_clean,8.52957,6.78202,7.76045,1.30479,1180.46,904.71,435.839,334.03,0.602,0.461377,0.0,1,1.3945453718,1.218712472282285,Train
HOQMIL01_clean,5.56977,4.83187,5.56337,1.16042,1122.88,967.652,0.0,0.0,0.4848,0.417781,0.0,0,0.8209887278,0.7513538527580862,Train
HOQMIL02_clean,5.63983,4.88733,5.62365,1.14617,1146.47,1000.26,0.0,0.0,0.486,0.424021,0.0,0,0.8098719382999999,0.7879750405009323,Test
HOQMIL03_clean,5.60791,4.87769,5.56878,1.15397,1143.32,990.77,0.0,0.0,0.4896,0.424274,0.0,0,0.8360046897,0.7832852103516138,Train
HOQMIL04_clean,5.70711,4.91694,5.69105,1.1407,1134.98,994.985,0.0,0.0,0.4988,0.437277,0.0,0,0.7782268818000001,0.7686205445715188,Train
HOQMIL_clean,5.74994,5.00317,5.74994,1.13423,1163.97,1026.22,0.0,0.0,0.491,0.432891,0.0,0,0.8088690306,0.7963219385000395,Test
HOQMUX_clean,4.86191,4.39042,4.86191,1.23808,888.924,717.986,0.0,0.0,0.4546,0.367182,0.0,0,0.7976711236,0.8217143862994907,Train
HOQNEI_clean,5.27742,4.83558,5.27742,1.18109,1071.17,906.928,0.0,0.0,0.4762,0.403186,0.0,0,0.8253856668999999,0.7048595784412615,Test
HOVGIK_clean,5.93161,4.23353,5.92922,1.12874,1308.17,1158.97,0.0,0.0,0.541,0.479296,0.0,0,0.9095489859,0.8512114350947705,Test
HOVQAM_clean,8.83543,4.89469,8.82746,0.624336,3070.63,4918.23,0.0,0.0,0.7,1.12119,0.0,0,0.8694777434000001,0.8202032267709922,Train
HOWJEK_clean,3.99229,3.40619,3.99097,1.96697,432.183,219.72,0.0,0.0,0.4482,0.227863,0.0,1,0.4280787966,0.3826984465765247,Train
HOWPEQ_clean,5.50159,4.45937,5.49668,1.2167,2188.23,1798.5,0.0,0.0,0.652,0.535877,0.0,1,0.2979131375,0.42762165404284613,Train
HOWPOZ_clean,7.21513,5.98736,7.21361,1.27988,1504.5,1175.5,0.0,0.0,0.585,0.457073,0.0,1,0.428873372,0.5019832504042264,Train
HOWPUF_clean,7.93406,5.48339,7.91016,0.971712,2041.64,2101.08,0.0,0.0,0.6486,0.667482,0.0,1,0.5012088489000001,0.6316731409799488,Train
HOWQAM_clean,6.8261,5.31039,6.2759,1.01498,2208.17,2175.58,0.0,0.0,0.6538,0.644149,0.0,1,0.6231686342,0.6409787492773298,Train
HOWQEQ_clean,5.03956,3.43426,5.01641,1.51423,609.631,402.601,6.8807,4.54403,0.48,0.316993,0.0,1,0.6800168552,0.5753874694922261,Train
HOWSAP_clean,6.71751,4.61596,6.71751,1.15559,1670.87,1445.9,0.0,0.0,0.5844,0.505717,0.0,1,0.5026980068,0.570342318065026,Train
HOWSET_clean,7.27272,4.03268,6.91947,1.23503,1647.39,1333.89,0.0,0.0,0.572,0.463147,0.0,1,0.7983025143000001,0.6603114182957412,Train
HOWSIX_clean,7.29706,4.00765,6.07294,1.2292,1638.5,1332.99,0.0,0.0,0.575,0.467785,0.0,1,0.7761023245,0.7348659155386776,Train
HOXGEH_clean,7.22422,5.56347,7.22422,1.76045,532.184,302.3,0.0,0.0,0.428,0.24312,0.0,1,0.0995642768,0.16437824833897846,Train
HOXJIO_charged,6.55469,4.73411,6.53912,1.16621,1617.91,1387.32,0.0,0.0,0.5634,0.483104,0.0,1,0.5050299101,0.6209094588312928,Train
HOXKIP_clean,5.63987,3.43131,5.63987,1.70238,1080.26,634.558,0.0,0.0,0.5028,0.295352,0.0,1,0.6034414338,0.6774080633390087,Train
HOXKUB_clean,6.32021,4.20706,6.31633,1.716,1292.29,753.082,0.0,0.0,0.5408,0.315151,0.0,1,0.6998597084999999,0.35781616761967405,Test
HOXSUK_clean,6.8634,6.5073,6.8549,1.07828,1271.94,1179.6,0.0,0.0,0.553,0.512854,0.0,1,0.6627649228,0.5602852428199699,Train
HOYREU_clean,6.42466,5.8923,6.42466,1.33156,1407.54,1057.05,0.0,0.0,0.5312,0.398929,0.0,1,0.525554332,0.6357949698061176,Train
HOYRIY_clean,6.33252,5.73011,6.33252,1.22757,1418.96,1155.91,0.0,0.0,0.5282,0.430281,0.0,1,0.6660282989,0.8515600973972091,Test
HOYROE_clean,6.155,5.22739,6.12328,1.60811,1166.91,725.638,0.0,0.0,0.4436,0.275852,0.0,1,0.4869687218999999,0.5963679288883357,Train
HOYTUL_clean,5.4823,3.49814,5.47353,1.38751,591.329,426.179,114.439,82.4776,0.4482,0.323024,0.0,1,0.2124804889,0.3724170937862082,Train
HOZBUV_clean,7.91812,7.59324,7.91812,1.47122,1126.87,765.945,0.0,0.0,0.5294,0.359837,0.0,1,0.1530467757,0.19880618192415156,Train
HOZFEJ_clean,8.96888,8.2985,8.96888,1.10337,952.541,863.301,0.0,0.0,0.4856,0.440106,0.0,0,0.1705486303,0.2829531906998054,Test
HOZTOG_clean,8.69843,6.41352,8.68476,1.38534,1756.27,1267.75,0.0,0.0,0.642,0.463424,0.0,0,0.1727996612,0.23584497451191994,Test
HOZXEB_clean,5.47734,4.35167,5.29891,2.01178,1095.39,544.49,0.870043,0.432475,0.5328,0.264841,0.0,1,0.3400461683,0.4137843557773034,Train
HUCBAJ_charged,5.86453,3.89751,5.82742,1.20005,1333.39,1111.12,0.0,0.0,0.5246,0.43715,0.0,1,1.5212302219,0.9580133669300827,Train
HUCBEN_manual,5.37435,4.22886,5.37435,1.12816,1186.89,1052.06,0.0,0.0,0.5522,0.48947,0.0,0,1.128827169,0.8954533843384658,Train
HUCWOT_clean,6.74016,3.64875,6.72751,1.24419,1425.52,1145.74,0.0,0.0,0.5586,0.448968,0.0,0,0.4969548503,0.6303433865176258,Train
HUCWUZ_clean,6.73347,3.6531,6.72302,1.2549,1424.07,1134.81,0.0,0.0,0.5568,0.443702,0.0,0,0.5059744973,0.6097007741995534,Train
HUCXAG_clean,6.73203,3.67524,6.71149,1.26793,1413.13,1114.52,0.0,0.0,0.5564,0.438826,0.0,0,0.5018551286999999,0.6066910232143222,Test
HUCXEK_clean,6.73085,3.71981,6.7271,1.26713,1437.51,1134.46,0.0,0.0,0.5568,0.439419,0.0,0,0.4959868909,0.6397515374334435,Train
HUCXIO_clean,6.71014,3.72796,6.70426,1.27761,1431.04,1120.09,0.0,0.0,0.554,0.433623,0.0,0,0.4952661674,0.6501771559616455,Test
HUCXOU_clean,6.73345,3.74488,6.72117,1.28647,1439.37,1118.85,0.0,0.0,0.5556,0.43188,0.0,0,0.4974077122999999,0.6372360182943786,Train
HUCXUA_clean,6.72319,3.76747,6.7027,1.29306,1441.14,1114.52,0.0,0.0,0.5554,0.429523,0.0,0,0.5013679241,0.619651169195884,Train
HUDMAW_clean,5.85435,3.49017,5.85435,1.41425,459.28,324.752,4.50371,3.18452,0.4168,0.294714,0.0,0,0.351363952,0.29965772985812206,Train
HUDWUA_clean,5.86312,3.92573,5.85006,1.18848,1521.84,1280.49,0.0,0.0,0.5574,0.469003,0.0,1,0.7743129783,0.7757171174436539,Train
HUFHEX_clean,11.02675,7.87011,11.02675,0.803859,2205.78,2743.99,0.0,0.0,0.7232,0.89966,0.0,1,0.2599165982,0.48526824358509524,Train
HUFHIB_clean,9.90019,7.46213,9.90004,0.9042,1987.19,2197.73,0.0,0.0,0.6998,0.773944,0.0,1,0.3099075851,0.3968845570854081,Train
HUFHOH_clean,11.37997,7.84586,11.37913,0.791329,2050.25,2590.9,0.0,0.0,0.7294,0.921741,0.0,1,0.2457849551,0.4266524771368192,Train
HUFHUN_clean,11.46361,8.17134,11.46361,0.780594,2181.16,2794.23,0.0,0.0,0.7478,0.957988,0.0,1,0.2536256737,0.503891676440874,Test
HUFJAV_clean,10.82518,7.21362,10.82516,0.846584,2017.74,2383.39,0.0,0.0,0.7126,0.841735,0.0,1,0.2411653287,0.38692329262306724,Train
HUFJEZ_clean,8.97021,6.86873,8.96999,1.02124,1801.67,1764.2,0.0,0.0,0.6662,0.652342,0.0,1,0.3083982922,0.4089150379996732,Train
HUFKUQ_clean,12.94916,9.87431,12.94916,0.591794,2246.92,3796.8,0.0,0.0,0.7696,1.30045,0.0,1,0.4029047315999999,0.5004347549834072,Test
HUFLUR_clean,4.58854,4.14721,4.58854,1.14854,1287.04,1120.59,0.0,0.0,0.5678,0.494365,0.0,1,0.2525346780999999,0.8754441984403694,Test
HUFMUS_clean,4.79853,3.61328,4.79853,1.52895,747.86,489.132,0.0,0.0,0.4994,0.326629,0.0,1,0.2021655859,0.3366624135431132,Train
HUFYIS_clean,4.3139,3.55368,4.30056,2.21162,511.056,231.077,0.0,0.0,0.5152,0.232951,0.0,1,0.2440063086,0.22046615976100536,Train
HUHBET_clean,5.15548,4.03539,5.14476,1.3667,952.931,697.251,1.82887,1.33817,0.456,0.333651,0.0,1,0.1251157384,0.5573104676645927,Test
HUHNIJ_clean,6.23729,5.3405,6.23046,1.03071,1170.03,1135.17,0.0,0.0,0.5464,0.530122,0.0,1,0.315619093,0.6012004145866819,Train
HUJGEA_clean,12.53944,4.7914,12.4029,0.822662,2143.27,2605.28,0.0,0.0,0.7056,0.857703,0.0,1,0.8102897533,0.7913077640288287,Train
HUJVOX_clean,5.27825,3.53087,5.19969,0.862596,1941.73,2251.03,0.0,0.0,0.6554,0.7598,0.0,1,0.6324610662,0.6392144218205268,Test
HULCOI_clean,19.48655,7.36184,19.24065,0.593799,2227.14,3750.66,0.0,0.0,0.7806,1.31459,0.0,1,0.4812405146,0.5137711322621077,Train
HULRIR_clean,9.43814,4.59805,9.43814,1.24517,1642.64,1319.2,2.40063,1.92795,0.6318,0.5074,0.0,1,0.429596237,0.34127085989519834,Train
HULTEN_clean,5.18269,3.6406,5.1729,1.69201,1269.56,750.33,0.0,0.0,0.571,0.337469,0.0,0,1.7733869681,1.3988366692438199,Train
HULTEP_clean,7.49376,5.16023,7.49376,0.72122,2310.7,3203.88,0.0,0.0,0.6912,0.958376,0.0,0,0.6924864337000001,0.5973040794124826,Train
HUMWIX_clean,14.98566,9.18322,14.98566,0.727734,1500.13,2061.37,168.676,231.782,0.6626,0.910497,0.0,1,0.5455101777,0.6416788568939144,Train
HUPQIU_clean,11.12952,5.24741,11.12952,1.02735,1615.52,1572.51,0.0,0.0,0.5816,0.566115,0.0,1,0.3141908156,0.5419988158347173,Train
HUQGOR_clean,10.27351,7.23414,10.27351,0.702938,1802.86,2564.75,0.0,0.0,0.6908,0.982733,0.0,1,0.5197964994,0.4262527663044263,Train
HUQGUX_clean,10.2361,7.27261,10.14502,0.69251,1823.51,2633.19,0.0,0.0,0.6952,1.00388,0.0,1,0.4773171742,0.4246594143037655,Train
HUQHAE_clean,10.11008,7.63969,10.07674,0.70182,1853.59,2641.12,0.0,0.0,0.6866,0.978314,0.0,1,0.5246191500999999,0.4281946303926215,Train
HUQHEI_clean,10.39855,7.33583,10.39855,0.70723,1815.66,2567.28,0.0,0.0,0.6916,0.9779,0.0,1,0.509594274,0.4319147968934094,Train
HUQHIM_clean,10.2269,8.71112,10.19864,0.711062,1763.31,2479.82,0.0,0.0,0.6842,0.962223,0.0,1,0.5127689252000001,0.4303141633673093,Train
HUQHOS_clean,9.73841,7.14116,9.73841,0.752041,1815.26,2413.78,0.0,0.0,0.677,0.900216,0.0,1,0.5174309746,0.413171406041436,Test
HUQHUY_clean,12.11698,9.08074,12.11414,0.619951,1818.86,2933.88,0.0,0.0,0.7208,1.16267,0.0,1,0.4841370885,0.43613644670044627,Train
HURFEH_clean,7.40163,5.27423,7.39913,1.02718,1852.44,1803.42,0.0,0.0,0.6308,0.61411,0.0,1,0.8355321606,0.589522003758331,Train
HURGEH_clean,7.76009,5.17265,7.74555,1.0195,2020.5,1981.85,0.0,0.0,0.6252,0.613242,0.0,1,0.4192584879,0.6302723740972638,Train
HURGUX01_clean,4.95927,3.84058,4.95343,1.32588,650.018,490.253,0.0,0.0,0.4448,0.335474,0.0,1,0.7628199483,0.6457377576514995,Train
HURGUX_clean,4.97475,3.84254,4.97057,1.32525,657.853,496.398,0.0,0.0,0.4546,0.343029,0.0,1,0.7701222493000001,0.6373079422984407,Train
HUVHOX_clean,5.48842,3.66587,5.4468,1.48531,1066.45,718.001,0.0,0.0,0.5288,0.356021,0.0,1,1.1350247641,0.7166398945931819,Train
HUWDEJ_clean,4.9355,3.41269,4.9355,1.26902,576.242,454.085,0.0,0.0,0.4542,0.357915,0.0,0,0.6498413284000001,0.7603028179431671,Train
HUWHOY_clean,6.08119,4.05672,5.74775,0.950744,2154.5,2266.13,0.0,0.0,0.64,0.673157,0.0,1,0.9261355049,0.8143997911873282,Test
HUWLUI_clean,8.75473,4.69687,8.74085,1.19037,1892.69,1590.0,0.0,0.0,0.6324,0.531265,0.0,0,0.3745835295,0.6609772496516093,Test
HUWPIA_clean,6.29862,4.63989,6.29862,1.01225,1229.62,1214.75,0.0,0.0,0.5338,0.527343,0.0,0,0.9955807401,0.8487708312100224,Train
HUWSUN_clean,6.32885,4.07784,6.32149,0.837909,1976.96,2359.4,0.0,0.0,0.6126,0.731105,0.0,0,0.8930382221,0.9409096524102903,Train
HUXWAY_clean,8.32795,7.15006,8.32795,1.52785,1060.51,694.117,0.0,0.0,0.5724,0.374644,0.0,1,0.0879730527,0.07676026922266893,Test
HUYJOA_clean,6.60468,3.67142,6.60468,0.952542,1431.54,1502.86,0.0,0.0,0.5926,0.622125,0.0,1,0.6409212926,0.7394301498113548,Test
HUYJUG_clean,9.25957,5.86045,9.25957,0.936428,1023.97,1093.48,181.933,194.284,0.5896,0.629627,0.0,1,0.4409787143999999,0.6316734287424401,Test
HUYKAN_clean,9.77773,6.64666,9.77773,0.912205,1093.16,1198.37,132.875,145.663,0.5876,0.644153,0.0,1,0.4661280406,0.5952544594583185,Train
HUYKER_clean,10.78123,7.93542,10.78123,0.823199,1422.11,1727.54,11.597,14.0878,0.6292,0.764335,0.0,0,0.2856941549,0.3588404910955885,Train
HUYKIV_clean,13.89985,13.68041,13.89985,0.580343,1228.9,2117.55,17.6299,30.3783,0.7586,1.30716,0.0,1,0.3723206226,0.4017427963753407,Train
HUYKOB_clean,12.11737,9.13356,12.10852,0.81232,1278.02,1573.3,19.6901,24.2393,0.6314,0.77728,0.0,0,0.4472969174,0.44919479301637427,Train
HUYKUH_clean,11.74767,8.70516,11.74078,0.798853,1389.42,1739.27,15.3936,19.2696,0.6548,0.819675,0.0,0,0.3158138893,0.29912515006219303,Train
HUZFEO_clean,5.36799,3.75589,5.36799,1.02114,1113.68,1090.63,0.0,0.0,0.58,0.567992,0.0,0,1.2155826734,0.8548402407688502,Test
HUZFOY_charged,6.25647,5.45731,5.91782,0.952334,1722.4,1808.61,0.0,0.0,0.5758,0.60462,0.0,0,0.8103886133,0.8492301541468127,Train
HUZSOL_clean,9.96894,8.00393,9.95333,0.905605,1288.39,1422.68,0.0,0.0,0.602,0.664749,0.0,1,0.5010988439999999,0.3973332466057058,Train
HUZSUR_clean,9.15011,7.4108,9.12328,0.889985,1539.75,1730.09,0.0,0.0,0.5804,0.652146,0.0,1,0.5259693535000001,0.5054466345428329,Train
HUZXAD_clean,11.46912,7.77199,11.4651,0.64457,2049.85,3180.18,0.0,0.0,0.7146,1.10865,0.0,1,0.4841694113,0.49125938352892756,Train
HUZXEH_clean,10.51647,6.32242,10.51647,0.652816,2155.36,3301.64,0.0,0.0,0.7166,1.09771,0.0,0,0.5209466599,0.4976750365485513,Test
HUZXIL_clean,10.514,7.06946,10.514,0.669354,2073.02,3097.05,0.0,0.0,0.7026,1.04967,0.0,1,0.5551537055,0.6020104366962316,Test
HUZXOR_clean,11.426,7.94889,11.41586,0.669497,1905.96,2846.85,0.0,0.0,0.7086,1.05841,0.0,1,0.5183183159,0.4735003546079203,Train
HUZXUX_clean,9.29118,6.23555,9.29118,0.722566,1940.52,2685.59,0.0,0.0,0.6812,0.942751,0.0,1,0.5377473657999999,0.5010887870534899,Train
HUZYAE_clean,9.33073,8.38879,9.32654,0.70416,2028.32,2880.48,0.0,0.0,0.6852,0.973074,0.0,0,0.7194873279,0.5351680789574009,Test
IBABOF01_clean,5.88201,4.55805,5.8327,1.10239,1625.66,1474.66,0.0,0.0,0.5558,0.504176,0.0,0,0.7137403802,0.8079318968257536,Train
IBABOF_clean,5.93645,4.5492,5.93645,1.10165,1649.71,1497.5,0.0,0.0,0.558,0.506515,0.0,0,0.7175355947,0.8041479932383355,Train
IBABUL_clean,6.15206,4.47904,5.79334,1.09763,1721.78,1568.64,0.0,0.0,0.559,0.50928,0.0,0,0.7369854376,0.7556879890766403,Train
IBACAS_clean,6.00206,4.65234,5.82846,1.09941,1650.0,1500.81,0.0,0.0,0.5576,0.507182,0.0,0,0.7456459555,0.8035770793166409,Train
IBARUA_clean,7.1268,5.0269,7.1268,1.98004,834.649,421.532,0.0,0.0,0.4306,0.217471,0.0,0,0.2605081075,0.3390097887165281,Test
IBASAH_clean,7.16916,5.08713,7.16916,1.9547,862.063,441.02,0.0,0.0,0.4422,0.226224,0.0,0,0.2526887855999999,0.28353070605701336,Train
IBASEL_clean,7.42906,5.13218,7.42906,1.77226,891.565,503.068,0.0,0.0,0.4602,0.259669,0.0,0,0.2663995036,0.29722096379326246,Test
IBASOV_clean,7.32486,5.10994,7.32486,1.82355,868.952,476.517,0.0,0.0,0.451,0.24732,0.0,0,0.2671095907999999,0.3000060967156928,Train
IBASUB_clean,7.25865,5.07987,7.25865,1.86882,874.187,467.775,0.0,0.0,0.4444,0.237797,0.0,0,0.2641577765,0.2923633898220298,Train
IBATEM_clean,7.23101,5.08834,7.23101,1.90327,884.824,464.897,0.0,0.0,0.4492,0.236015,0.0,0,0.256680063,0.2828085029693475,Test
IBEYOE_clean,6.06432,4.11134,6.06432,2.34842,1354.27,576.674,0.0,0.0,0.5366,0.228494,0.0,1,0.1487076744,0.20336754898802162,Train
IBICAZ_clean,9.97802,9.8426,9.97802,1.0723,1065.95,994.074,0.0,0.0,0.5548,0.517392,0.0,0,0.1753719027,0.17465834989376405,Train
IBICED_clean,10.07018,9.94208,10.07018,1.22593,1035.72,844.843,0.0,0.0,0.5562,0.453697,0.0,0,0.1544883349,0.09881497748114637,Test
IBICIH_clean,9.99905,9.84285,9.99905,1.06849,1087.54,1017.83,0.0,0.0,0.5632,0.527098,0.0,0,0.1740556387,0.18764731306378962,Train
IBICON_clean,10.09823,9.93982,10.09823,1.22363,1026.52,838.914,0.0,0.0,0.5488,0.448503,0.0,0,0.1578782067,0.13226931849173718,Train
IBIRES_clean,6.08051,3.77232,6.05891,1.56855,1166.99,743.994,0.0,0.0,0.5416,0.345287,0.0,1,0.3527228436999999,0.4501675046685232,Train
IBITUK_clean,5.114,4.10664,5.114,1.17728,905.001,768.724,0.0,0.0,0.527,0.447643,0.0,1,0.3431861190999999,0.6969760213225026,Train
IBIYOI_ion_b,5.57969,4.82285,5.52558,1.97565,709.524,359.134,0.0,0.0,0.437,0.221193,0.0,1,0.2753790853,0.31448317493594635,Train
IBOTEY_clean,8.07557,7.19713,7.70521,0.981503,1333.18,1358.3,51.1851,52.1497,0.584,0.595006,0.0,0,0.4598600672,0.5784951492104479,Train
IBOTIC_clean,6.31717,4.2524,6.31717,0.893807,2347.07,2625.93,0.0,0.0,0.6358,0.711339,0.0,0,0.7240981602,0.7736882323889789,Train
IBOTOI_clean,9.5634,6.50142,9.5634,0.680526,2284.07,3356.33,0.0,0.0,0.7158,1.05183,0.0,0,0.3587312159,0.5165458301897362,Train
IBOZIK_clean,6.1387,4.49344,6.1387,0.940059,2165.41,2303.48,0.0,0.0,0.6574,0.699317,0.0,1,0.5124007403,0.6924382462813543,Test
IBUBAL_clean,8.56175,6.50064,8.56175,1.3766,1598.36,1161.09,0.0,0.0,0.5934,0.431061,0.0,1,0.2677317281,0.26707429297169333,Train
IBUBIT_clean,11.26336,10.79912,11.26336,0.878987,1904.31,2166.48,0.0,0.0,0.7036,0.800467,0.0,1,0.2808805073,0.4530987522081249,Test
IBUDOZ_clean,5.08668,4.25333,5.08214,1.48919,879.713,590.733,0.0,0.0,0.5098,0.342334,0.0,1,0.6259447102000001,0.4096087037315844,Test
IBUYAH_clean,4.28353,4.03476,4.28353,1.49492,252.024,168.587,0.0,0.0,0.3994,0.267172,0.0,1,0.1538412643,0.206248573305155,Train
ic025743v_s1_clean,5.43084,3.59671,5.41371,0.985749,2031.66,2061.03,0.0,0.0,0.67,0.679686,0.0,1,0.1645376607,0.5157383483819756,Test
ic034943jsi20030807_040506_clean,5.2265,4.77382,5.2265,1.35803,835.979,615.584,0.0,0.0,0.4602,0.338874,0.0,1,0.5546720237,0.5247981116637295,Train
ic050064gsi20050115_040515_clean,7.09944,5.34059,6.92965,0.893388,2231.12,2497.37,0.0,0.0,0.6764,0.757118,0.0,1,0.6269967916,0.5996194018087738,Test
ic051810ksi20060220_094504_clean,6.9462,5.87305,6.9462,1.26346,2180.21,1725.6,0.0,0.0,0.6444,0.51003,0.0,1,0.4870851625,0.4873676323301994,Train
ic0520162si20051122_054836_clean,6.8306,5.22442,6.80585,1.96079,794.081,404.98,10.1093,5.15573,0.4932,0.251531,0.0,1,0.1725817566,0.22599009485100213,Train
ic060030osi20060309_091447_clean,7.66338,4.13517,7.08387,1.45852,1622.05,1112.12,0.0,0.0,0.6038,0.41398,0.0,1,0.3675551824,0.28727978005086563,Train
ic060608urom20060410_101638_clean,4.58785,3.57723,4.32835,1.52818,688.664,450.644,0.0,0.0,0.5224,0.341845,0.0,0,1.0521763343,0.8245805044759551,Train
ic060771psi20060614_113937_clean,5.26056,3.44551,5.26056,1.3794,1193.29,865.074,0.0,0.0,0.5622,0.407567,0.0,1,0.5940383449000001,0.6144108525417036,Train
ic070274o-file006_clean,9.5696,5.43482,9.51118,0.6688,2216.08,3313.52,0.0,0.0,0.6986,1.04456,0.0,0,0.5112098951,0.588968847815975,Train
ic100188w_si_002_clean,7.49679,5.33186,7.49523,1.88994,791.307,418.693,0.0,0.0,0.3762,0.199054,0.0,0,0.4127721088,0.3467080887331013,Test
ic101789u_si_002_clean,5.93071,5.35547,5.91488,0.866561,2600.04,3000.42,0.0,0.0,0.6794,0.784019,0.0,0,0.9565938429,0.8132829888764043,Train
ic101935f_si_002_auto,13.52781,8.78691,13.51433,0.408029,2079.05,5095.35,0.0,0.0,0.8498,2.08269,0.0,0,0.3585512663,0.37058188161571565,Train
ic102347b_si_001_clean,7.286,6.24859,7.286,0.867522,2138.17,2464.68,0.0,0.0,0.647,0.745803,0.0,1,0.5766800521000001,0.5922158663497481,Train
ic2017598_si_001_clean_h,14.86745,7.89388,14.86745,0.609156,2262.99,3714.96,0.0,0.0,0.7982,1.31034,0.0,0,0.3237786487,0.3434621831874519,Train
ic202626c_si_002_clean,4.17676,3.4851,4.17082,1.22883,636.577,518.037,0.0,0.0,0.5146,0.418774,0.0,0,0.6202202526,0.5824692318516236,Train
ic202769e_si_002_clean,5.53082,4.05182,5.47464,1.47192,707.209,480.467,0.0,0.0,0.4518,0.306946,0.0,0,0.4463576686,0.42779225094183426,Train
ic300665a_si_002_clean,6.76851,6.40962,6.75925,1.06856,1310.99,1226.88,0.0,0.0,0.5662,0.529874,0.0,1,0.5213842013000001,0.5443259297210886,Train
ic3019502_si_002_clean,8.03478,4.99407,8.03478,0.817121,2079.34,2544.72,0.0,0.0,0.6862,0.839778,0.0,1,0.6918893765,0.6172683361309099,Train
ic400607w_si_001_clean,8.03748,6.22623,7.97705,1.08776,1912.85,1758.52,0.0,0.0,0.6308,0.579905,0.0,0,0.4376842377,0.6360357899360429,Test
ic400777c_si_002_clean,6.92734,4.01933,6.90734,1.34581,1520.73,1129.98,0.0,0.0,0.5638,0.418931,0.0,1,1.074773706,0.5146086498569983,Test
ic401157n_si_002_clean,8.07184,5.576,8.06069,0.920261,2034.27,2210.53,0.0,0.0,0.6426,0.69828,0.0,0,0.5333248449,0.6331597936776991,Train
ic401157n_si_003_clean,8.36266,5.62116,8.35172,0.801466,2331.72,2909.32,0.0,0.0,0.6656,0.830478,0.0,1,0.891617907,0.693857654804179,Train
ic402058f_si_002_clean,5.68988,4.36716,5.68491,1.37492,565.476,411.28,350.976,255.27,0.5054,0.367586,0.0,1,0.7701487545,0.7682592780298766,Train
ic402058f_si_003_clean,5.34889,4.37091,5.2699,1.32744,1070.91,806.748,0.0,0.0,0.5284,0.398059,0.0,1,1.0308062776,0.7641080426216317,Train
ic402058f_si_004_clean,5.82311,4.37702,5.76138,1.28628,1179.38,916.891,0.0,0.0,0.5444,0.423237,0.0,1,0.870648784,0.6372651099193706,Train
ic402058f_si_005_clean,5.71457,4.11763,5.69455,1.40487,535.949,381.495,295.743,210.514,0.4902,0.34893,0.0,1,0.7769724904,0.7576232197202155,Test
ic402692p_si_002_clean,7.57252,6.20483,7.53216,1.12902,2001.22,1772.53,0.0,0.0,0.6518,0.577314,0.0,0,0.7428039536,0.5641803081967992,Train
ic402692p_si_003_clean,5.22305,3.60975,4.94835,1.24721,1324.38,1061.87,0.0,0.0,0.5356,0.429439,0.0,1,1.0674490454,0.8754569934982697,Train
ic402692p_si_004_clean,14.06271,4.49755,14.06271,0.931261,2158.03,2317.32,0.0,0.0,0.6974,0.748877,0.0,1,0.5533925152,0.7887972346069096,Test
ic402692p_si_005_clean,8.36657,7.12488,8.36657,1.09017,2068.01,1896.96,0.0,0.0,0.651,0.597155,0.0,1,0.5931018081,0.5835225919047731,Train
ic403134c_si_002_clean,5.082,3.77684,5.05347,1.04512,1065.89,1019.88,0.0,0.0,0.4842,0.463297,0.0,0,1.4936311076,1.1715774759439976,Train
ic500323r_si_001_clean,5.40217,4.39968,5.38357,1.7244,1051.83,609.969,0.0,0.0,0.4942,0.286592,0.0,1,0.2213330155,0.6547275208183099,Test
ic500323r_si_002_clean,5.13222,4.08543,5.13222,1.68431,1029.92,611.476,0.0,0.0,0.4906,0.291276,0.0,1,0.2719630001999999,0.43446960159867976,Train
ic5008457_si_002_clean,5.97545,4.80817,5.79843,0.950435,2209.73,2324.97,0.0,0.0,0.6536,0.687685,0.0,1,0.5544856832,0.6433167434416778,Train
ic5011133_si_002_clean,5.81331,3.76182,5.80948,1.18896,1513.31,1272.8,0.0419839,0.0353114,0.5602,0.471167,0.0,1,0.7051454723,0.7162597335829479,Train
ic5011133_si_003_clean,6.22091,5.02145,6.15779,1.0165,1852.81,1822.74,0.0,0.0,0.6262,0.616036,0.0,0,0.6154125636,0.7918334219798263,Train
ic5011133_si_004_clean,5.76939,3.85425,5.57935,1.03783,2096.3,2019.88,0.0,0.0,0.6036,0.581597,0.0,1,0.498138761,0.7865923307279336,Train
ic501477u_si_002_clean,8.32761,5.8376,8.32761,0.662866,2535.19,3824.58,0.0,0.0,0.725,1.09373,0.0,0,0.4726255932,0.5729679586393517,Test
ic501801f_si_002_clean,7.62911,3.95603,7.62911,0.921866,1772.69,1922.93,0.0,0.0,0.5984,0.649118,0.0,1,0.3905397918,0.7549894653482385,Test
ic501801f_si_003_clean,7.15079,6.5153,7.14534,0.88298,1302.1,1474.67,43.0565,48.7627,0.5668,0.641917,0.0,1,0.309358582,0.6293720834282305,Test
ic501849g_si_002_clean,6.90703,4.72819,6.90703,1.13022,1690.08,1495.36,0.0,0.0,0.5888,0.520963,0.0,1,0.4839386826,0.5293563486933633,Train
ic5021302_si_002_clean,7.40462,5.14931,5.97305,1.03321,929.837,899.95,920.441,890.857,0.6068,0.587296,0.0,0,0.6593293856,0.6848258567642658,Train
ic502254c_si_002_clean,12.68207,7.60887,12.68207,0.711281,1866.25,2623.79,0.0,0.0,0.7144,1.00439,0.0,1,0.3559040422999999,0.46312101040227405,Train
ic502643m_si_003_clean,9.70753,8.64872,9.70205,0.819549,2343.2,2859.13,0.0,0.0,0.7048,0.859985,0.0,1,0.5386282327,0.5794753844417725,Train
ic502643m_si_006_clean,9.0043,8.36575,9.0043,0.810849,2358.37,2908.52,0.0,0.0,0.7174,0.884751,0.0,1,0.5550165043,0.49147398098602135,Train
ic502643m_si_007_clean,13.1918,11.62964,13.1918,0.690929,2270.17,3285.68,0.0,0.0,0.7542,1.09157,0.0,1,0.4963481205,0.5559682033226762,Train
ic502643m_si_008_clean,9.64298,8.71131,9.6207,0.809539,2189.42,2704.52,0.0,0.0,0.7184,0.887419,0.0,1,0.65814003,0.43169312866456744,Test
ic502643m_si_009_clean,12.65736,11.14997,12.63796,0.678305,2348.61,3462.47,0.0,0.0,0.757,1.11602,0.0,1,0.5018975625,0.5719300497817502,Train
ic502643m_si_010_clean,12.46942,12.09962,12.4634,0.660845,2360.76,3572.33,0.0,0.0,0.7614,1.15216,0.0,1,0.4857295742,0.5372774195799583,Train
ic502725y_si_004_clean,9.62394,4.35849,9.62394,1.57097,2049.09,1304.34,0.0,0.0,0.6364,0.405099,0.000509239,0,0.2819745055,0.8972850666749999,Test
ic502730y_si_002_clean,6.89356,6.68644,6.89356,1.03024,1630.4,1582.54,0.0,0.0,0.626,0.607627,0.0,0,0.5104807023,0.5749131599008764,Train
ic502921j_si_002_clean,10.79969,7.20507,10.77322,1.03513,1844.88,1782.26,0.0,0.0,0.6792,0.656147,0.0,1,0.3929473198,0.38218610908158246,Train
ic502921j_si_003_clean,7.7085,4.09601,7.43001,1.34893,1247.81,925.035,50.2931,37.2837,0.56,0.415144,0.0,1,0.4059954379,0.44411146239134136,Test
ic5029383_si_002_clean,13.89608,6.70448,13.87452,0.615292,2325.45,3779.43,0.0,0.0,0.7826,1.27192,0.0,1,0.4928616601,0.5251914774133696,Test
ic5b00096_auto,12.59507,5.60823,12.59507,0.755193,2269.89,3005.71,0.0,0.0,0.7192,0.952339,0.000264833,0,0.2201320571999999,0.4133808515368391,Train
ic5b00130_si_002_clean,5.93683,5.18128,5.93683,1.3408,561.854,419.044,0.0,0.0,0.4314,0.321748,0.0,0,0.3719776871,0.30008086081292445,Train
ic5b00194_si_002_clean,8.53834,6.535,8.52358,0.823713,2522.95,3062.9,0.0,0.0,0.705,0.85588,0.0,1,0.8891522189,0.6877280132345989,Train
ic5b00535_si_002_clean,17.88281,5.61829,17.88281,0.59819,1804.02,3015.8,0.0,0.0,0.749,1.25211,0.000668684,0,0.5063455968,0.35381967223503796,Test
ic5b01023_si_002_clean,12.81278,3.94057,12.81278,0.929822,1555.72,1673.14,0.0,0.0,0.6134,0.659696,0.0,1,0.9379017506,0.8249947859103307,Train
ic700893w-file001_clean,4.64861,4.20723,4.64861,1.96566,477.402,242.871,0.0,0.0,0.3902,0.198508,0.0,1,0.2244154132,0.25708515394524023,Train
ic7014034-file001_clean,6.72718,4.71693,5.67099,0.945137,1965.67,2079.78,0.0,0.0,0.6212,0.657259,0.0,1,0.7984347666,0.8579270896394281,Test
ic7025158-file001_clean,6.29254,4.20047,6.29254,1.82522,2184.33,1196.75,0.0,0.0,0.6642,0.363901,0.0,1,0.190810008,0.10192846015735835,Train
ic800131r-file003_clean,12.9498,9.58722,12.94902,0.417413,1982.69,4749.95,0.0,0.0,0.8202,1.96496,0.0,1,0.3724765915999999,0.4128186216556716,Test
ic8004536-file004_clean,6.6968,4.95321,6.255,1.67243,1875.63,1121.5,0.0,0.0,0.609,0.364141,0.000119587,1,0.1208235055,0.22466532358720315,Train
ic9002115_si_001_clean,5.30738,5.07102,5.30738,1.24196,982.107,790.77,0.0,0.0,0.4718,0.379883,0.0,0,0.7998595106,0.5963816646960352,Train
ICAGOK_clean,8.74413,5.00268,8.74413,0.838204,1937.33,2311.28,0.0,0.0,0.645,0.769503,0.0,1,0.5012544597,0.6148406418130481,Test
ICAQIO_clean,20.39112,7.95732,20.39112,0.40349,1914.78,4745.53,0.0,0.0,0.8268,2.04912,0.0,0,0.4251898799,0.3931237161045381,Train
ICAQOU_clean,20.29966,7.90669,20.29476,0.413296,1915.83,4635.5,0.0,0.0,0.824,1.99373,0.0,0,0.4209261447999999,0.3933755753629453,Train
ICAROV_clean,20.33339,7.92146,20.31568,0.406521,1928.4,4743.67,0.0,0.0,0.8236,2.02597,0.0,0,0.4273275784,0.3933505897177307,Train
ICAWUF_clean,8.09105,7.71087,8.06629,1.03438,1360.39,1315.18,0.0,0.0,0.5716,0.552602,0.0,1,0.3490110395,0.3661045955948081,Train
ICEGED_clean,7.44329,6.41787,7.44329,0.943252,2339.38,2480.12,0.0,0.0,0.7078,0.750383,0.0,1,0.391552932,0.4485473003567055,Train
ICISAP_clean,8.79152,6.71431,8.77922,0.851648,2192.52,2574.44,0.0,0.0,0.6926,0.813247,0.0,1,0.598435333,0.5346169024223271,Train
ICITEU_charged,19.79523,10.47822,19.79523,0.512865,1788.29,3486.86,0.0,0.0,0.8054,1.57039,0.0,0,0.5447010068,0.4004387979993695,Train
ICIVAS_clean,5.79063,4.60472,5.70801,1.33492,507.517,380.187,462.251,346.277,0.4564,0.341894,0.0,1,0.4472640846,0.5786919756532458,Train
ICODIP01_clean,12.6239,9.97272,12.61095,0.806244,1575.25,1953.81,0.0,0.0,0.686,0.850859,0.0,0,0.3963055372999999,0.4115389630803539,Train
ICODIP_clean,12.5506,9.93166,12.1307,0.813948,1593.28,1957.47,0.0,0.0,0.685,0.841577,0.0,0,0.4048796665999999,0.3985236139615663,Train
ICORAV_ion_b,4.97918,4.38997,4.82512,1.76091,1048.99,595.709,0.0,0.0,0.479,0.272019,0.0,1,0.1589968138,0.47091764435532085,Test
ICOWON_clean,5.79599,4.2449,5.79493,1.26187,1474.68,1168.65,0.0,0.0,0.5752,0.45583,0.0,1,0.3798018422999999,0.6392120017839154,Test
IDAGEA_charged,6.40396,5.9816,6.40396,1.07446,1281.71,1192.89,0.0,0.0,0.5302,0.493458,0.0,1,0.2562313563,0.5973507521510889,Train
IDEYOF_clean,10.03153,6.17304,10.03153,0.42881,2478.11,5779.04,0.0,0.0,0.8074,1.88288,0.0,1,0.4183179696,0.39683063334281865,Train
IDIWIB_clean,6.62997,6.29787,6.59524,1.04722,1606.71,1534.25,0.0,0.0,0.612,0.584403,0.0,0,0.5464580977,0.6039819406280557,Train
IDIWUN_clean,10.73827,9.8398,10.73827,0.874765,1685.19,1926.45,0.0,0.0,0.684,0.781924,0.0,0,0.4061827636,0.4243197669832339,Train
IDIXAU_clean,9.41711,9.09464,9.41711,0.965845,1677.36,1736.68,0.0,0.0,0.6676,0.691208,0.0,0,0.4839465027,0.5121405441284779,Test
IDORAW_clean,10.66058,7.94571,10.64148,0.758358,1989.66,2623.65,0.0,0.0,0.7566,0.997682,0.0,1,0.3111986185,0.3516524984648717,Train
IDUDIW_clean,4.41225,3.49442,4.39662,1.09369,1435.22,1312.27,0.0,0.0,0.577,0.527571,0.0,0,0.8673144878,0.9009310809339484,Train
IDUTUW_clean,4.95983,4.34552,4.92681,3.2621,618.922,189.731,0.0,0.0,0.4194,0.128567,0.0,1,0.0714451773,-0.014974879082314096,Test
IFAGON_clean,7.26408,5.9349,7.24141,0.928559,1699.23,1829.96,0.0,0.0,0.6226,0.670501,0.0,1,0.5807820964,0.5881188505478665,Train
IFAHEC_clean,8.64157,7.39543,8.63925,1.95986,1143.21,583.31,50.6979,25.8681,0.5464,0.278795,0.0,1,1.6916681509,1.7344093468319226,Train
IFAREN_charged,5.57319,3.90361,5.56208,1.81423,974.915,537.371,3.1454,1.73374,0.4442,0.244842,0.0,0,0.1288254586,0.39793536698769594,Train
IFASOZ_clean,9.64796,7.3234,9.64796,0.745691,1847.95,2478.17,0.0,0.0,0.6678,0.895545,0.0,1,0.269868796,0.42193431564950085,Train
IFEHUY_clean,11.31643,10.12794,11.31643,1.037,1594.72,1537.82,0.0,0.0,0.6458,0.622755,0.0,1,0.3072534718,0.3222755231010976,Train
IFENOY01_SL,7.2447,5.77835,7.2447,1.33475,547.742,410.371,0.0,0.0,0.456,0.341638,0.0,0,0.0884916409,0.096179126923984,Train
IFENOY02_SL,7.2725,5.76,7.2725,1.32744,548.221,412.992,0.0,0.0,0.4566,0.343971,0.0,0,0.0928489543,0.10185018296811799,Test
IFENOY03_SL,7.28997,5.75367,7.27102,1.31871,593.793,450.282,0.0,0.0,0.4674,0.354437,0.0,0,0.1112988592,0.09426675701260429,Test
IFENOY_clean,7.29661,5.78947,7.29661,1.34939,546.821,405.234,0.0,0.0,0.4514,0.33452,0.0,0,0.0857544084,0.1051556303769734,Train
IFEPUG_SL,8.50919,8.20364,8.50919,1.3525,636.298,470.459,0.0,0.0,0.441,0.326062,0.0,0,0.2259463554,0.1643043488724502,Train
IFEQIV_SL,8.23002,7.90173,8.23002,1.32672,694.39,523.389,0.0,0.0,0.4528,0.341293,0.0,0,0.1625730135999999,0.16171623289296694,Train
IFEYIB_clean,5.67304,3.77404,5.54772,1.56953,1870.34,1191.66,0.0,0.0,0.6516,0.415157,0.0,1,0.2278926759,0.19930364367853398,Train
IFOSIG_clean,4.26001,3.61738,4.26001,1.58988,662.885,416.939,121.875,76.6569,0.5738,0.360907,0.0,0,0.1473398998,0.1972706766873525,Train
IFUNUU_clean,5.50748,4.0974,5.50748,1.36844,1548.79,1131.79,0.0,0.0,0.5726,0.418432,0.0,1,0.8213500182,0.5930914446512855,Test
IGAGAA_clean,6.32999,3.64698,6.28248,1.49391,1433.42,959.509,0.0,0.0,0.5336,0.357182,0.0,1,0.70477861,0.6505121448478244,Test
IGAGUU_clean,16.24786,12.96845,16.24786,0.632439,2294.44,3627.92,0.0,0.0,0.7656,1.21055,0.0,1,0.401734926,0.5114962812647673,Train
IGAHAB_clean,8.07676,5.90613,8.07676,1.09695,1250.92,1140.36,257.39,234.642,0.6018,0.548613,0.0,1,0.640605567,0.6724723729295261,Train
IGETUL_clean,7.73199,5.01492,7.73199,1.17458,1427.74,1215.53,0.0,0.0,0.5802,0.493962,0.0,1,0.9785951563,0.6103679322318298,Train
IGEXOH_clean,5.20725,4.43194,5.19154,1.26433,2211.95,1749.5,0.0,0.0,0.6598,0.521856,0.0,0,0.6206495831000001,0.5605260836509174,Train
IGINIX01_clean,5.76124,3.82869,5.74335,1.27239,1739.17,1366.85,0.0,0.0,0.5698,0.447817,0.0,1,0.8585664727,0.7181570327766038,Test
IGINIX_clean,5.75448,3.84672,5.66179,1.27352,1748.75,1373.16,0.0,0.0,0.5668,0.445064,0.0,1,0.8415594966,0.6854001164487586,Test
IGITOJ_clean,9.86619,7.72074,9.86533,2.03715,1524.44,748.321,0.0,0.0,0.6278,0.308175,0.0,0,0.0678901304999999,0.3743259757649694,Train
IGIZAA_clean,4.5862,3.48961,4.56741,3.31108,485.403,146.6,0.0,0.0,0.374,0.112954,0.0,1,0.0280333074,0.1421138650344259,Train
IGIZEF_clean,4.69926,3.5008,4.58086,1.87274,282.887,151.055,108.889,58.1444,0.4116,0.219785,0.0,1,0.6684585197,0.4506925574700341,Test
IGOJEV_clean,6.84915,5.33678,6.8307,1.1268,1367.78,1213.86,0.0,0.0,0.5334,0.473376,0.0,0,0.5953586927000001,0.6995456228980799,Test
IGUCIY_clean,4.91096,3.9591,4.91096,1.65468,587.51,355.059,0.0,0.0,0.4326,0.26144,0.0,0,0.2683050278,0.38681347685761575,Train
IGUVIR01_clean,6.10337,3.92459,6.10337,1.30886,926.034,707.513,0.0,0.0,0.4778,0.365051,0.0,0,0.7292729112,0.5203222132164284,Train
IGUVIR_clean,5.80337,3.48765,5.78397,1.34417,868.475,646.107,0.0,0.0,0.4594,0.341773,0.0,0,0.7390650107,0.8086098778823215,Train
IHAJEH_clean,6.78044,6.29448,6.78044,1.39086,1751.0,1258.94,0.0,0.0,0.6318,0.454253,0.0,0,0.2367943807999999,0.44967134277096676,Train
IHAJIL_clean,5.45406,4.34442,5.40178,1.56119,1403.37,898.914,0.0,0.0,0.5862,0.375483,0.0,0,0.7167980068,0.6131027400253313,Test
IHILUI_clean,4.87031,3.7868,4.87031,2.14625,806.195,375.629,0.0,0.0,0.4228,0.196995,0.0,1,0.1663134369999999,0.2502396411314256,Test
IHIMAP01_clean,5.07944,3.8505,5.07201,1.90767,927.816,486.36,0.0,0.0,0.4506,0.236204,0.0,1,0.173661318,0.25518161341114565,Train
IHIMAP_clean,4.88033,3.6251,4.88017,1.94507,780.03,401.03,0.0,0.0,0.4326,0.222409,0.0,1,0.1672527108,0.3730609197999628,Test
IHUTIQ_clean,4.64256,3.74008,4.5445,1.27422,518.012,406.533,0.0,0.0,0.439,0.344525,0.0,0,0.2262482737,0.5354641256438764,Train
IJASOC_clean,6.30976,5.8805,6.27431,1.0194,1983.73,1945.99,0.0,0.0,0.653,0.640576,0.0,1,0.5397099248,0.5945631505884734,Train
IJEVEA_clean,6.16235,3.65442,6.15987,1.71122,898.254,524.922,0.0,0.0,0.4748,0.277464,0.0,1,0.5960632301,0.4160766742477885,Train
IJEVIE_clean,6.39858,3.56516,6.38456,1.47483,1314.49,891.28,0.423263,0.286991,0.5748,0.389739,0.0,1,0.7342870895,0.6104651276557775,Test
IJEXIF01_clean,6.79743,4.32524,6.79743,1.08441,2203.63,2032.1,0.0,0.0,0.6682,0.616187,0.0,1,0.8709717106,0.4948191629405222,Test
IJEXIF_clean,6.7342,4.37179,6.7342,1.07253,2222.65,2072.34,0.0,0.0,0.6664,0.621333,0.0,1,0.8412913781,0.5627262815708529,Train
IJIGOX_clean,6.16574,5.62335,6.16574,2.01565,1416.67,702.835,0.0,0.0,0.5266,0.261256,0.0,0,1.1098848542,1.1490445100014195,Test
IJUTEM_clean,7.42822,3.46008,7.42822,1.4496,1196.69,825.529,190.636,131.509,0.5614,0.38728,0.0,0,2.9082944475,1.7334230312625922,Test
IKAYAU_clean,4.59122,3.56678,4.59122,1.61867,325.484,201.081,0.0,0.0,0.3984,0.246128,0.0,1,0.1175547636,0.24379963772478075,Train
IKEBUV01_clean,4.90885,3.89845,4.88149,1.28693,1923.5,1494.65,0.0,0.0,0.6236,0.484565,0.0,1,0.487349414,0.6970653071254913,Train
IKEBUV_clean,4.87862,3.88747,4.8574,1.29691,1916.47,1477.73,0.0,0.0,0.6176,0.47621,0.0,1,0.4976580874,0.7113113615358839,Train
IKETAU_clean,5.60593,4.335,5.59414,1.55077,1730.4,1115.83,0.0,0.0,0.5626,0.362788,0.0,1,0.4166137507999999,0.38035549889253095,Train
IKETEY_clean,5.5138,4.26379,5.5027,1.61573,1676.6,1037.67,0.0,0.0,0.5562,0.34424,0.0,1,0.4369837971,0.4577234694474342,Train
IKETIB_clean,13.18345,6.57771,10.98623,0.873765,2179.56,2494.44,0.0,0.0,0.722,0.826309,0.0,1,0.5027306066,0.5619197449979618,Train
IKETIC_clean,5.48661,4.24072,5.47557,1.63135,1674.67,1026.56,0.0,0.0,0.5538,0.339473,0.0,1,0.4394450517,0.4558162380126372,Train
IKETOH_manual,13.20001,6.4144,13.20001,0.879595,2120.61,2410.89,0.0,0.0,0.713,0.810601,0.0,1,0.5879628492,0.6277596328746402,Test
IKETOI_clean,5.47175,4.23311,5.43757,1.66186,1666.92,1003.04,0.0,0.0,0.5532,0.33288,0.0,1,0.432305964,0.439805357216309,Train
IKETUN_clean,13.22557,6.52759,13.22557,0.869317,2182.06,2510.09,0.0,0.0,0.7238,0.832608,0.0,1,0.4929686383,0.6052597693027231,Test
IKETUO_clean,5.44662,4.20794,5.39592,1.67888,1662.67,990.343,0.0,0.0,0.552,0.328791,0.0,1,0.4370466375,0.4174010669745071,Train
IKEVAW_clean,5.40684,4.19271,5.39701,1.71304,1637.64,955.985,0.0,0.0,0.5474,0.319548,0.0,1,0.4459484874,0.4479156570089544,Train
IKOPEF_clean,7.2534,4.34633,7.2534,1.24385,1606.2,1291.31,0.0,0.0,0.5726,0.460344,0.0,1,0.5731789365,0.5040361366185763,Train
IKOPIJ_clean,5.93474,4.94123,5.93474,1.12209,2241.63,1997.73,0.0,0.0,0.5918,0.527408,0.0,1,0.452312407,0.6658394559519588,Train
IKOSOQ_clean,5.18747,4.15785,5.187,1.04558,711.454,680.438,252.551,241.541,0.5228,0.500009,0.0,1,0.7191627429,0.7124650720439609,Train
IKOSUW_charged,4.07919,3.55335,4.07791,1.12011,691.738,617.562,0.187284,0.167201,0.517,0.461562,0.0,1,0.2547725344,0.6927041281117112,Test
IKOTUZ_clean,16.05073,15.64664,16.05073,1.00283,1515.79,1511.5,0.0,0.0,0.658,0.656142,0.0,1,0.5128612534,0.4795075922046968,Train
IKOVAH_clean,16.06628,15.68836,16.05839,1.01053,1521.53,1505.68,0.0,0.0,0.6416,0.634917,0.0,1,0.5115496545,0.4999428910291641,Test
IKOVEL_clean,15.9244,15.48384,15.9244,0.975432,1532.92,1571.53,0.0,0.0,0.643,0.659195,0.0,1,0.5173743126,0.517554907620696,Train
IKUBUL01_clean,4.97225,4.13588,4.96966,1.70618,1252.65,734.185,0.0,0.0,0.581,0.340527,0.0,0,1.0741886575,0.9107066010467775,Train
IKUBUL_clean,5.00176,4.50394,4.98274,1.67146,1332.86,797.421,0.0,0.0,0.5778,0.345685,0.0,0,0.9942764507,0.8105662860815481,Train
IKUTIT_clean,6.70756,4.84545,6.68635,1.15517,2264.75,1960.54,0.0,0.0,0.6434,0.556977,0.0,1,0.5787349497,0.5359574050193888,Test
IKUTOZ_clean,6.60931,5.74465,6.60446,1.16881,1703.33,1457.32,0.0,0.0,0.5968,0.510603,0.0,1,0.4181831722,0.49073302669184665,Train
ILAGUY_charged,4.63061,3.51764,4.63061,1.4904,238.135,159.779,0.0,0.0,0.3824,0.256575,0.0,0,0.2495953534,0.3152170999299312,Test
ILEHUD_clean,5.02137,3.75623,4.99615,1.79998,1015.1,563.953,0.0,0.0,0.5264,0.292448,0.0,1,0.9010924215,0.5007522561738325,Train
ILENOC_clean,4.95574,3.57203,4.9334,2.30558,814.836,353.419,0.0,0.0,0.4958,0.215043,0.0,1,1.55760019,1.014248199040391,Train
ILIFOY_clean,5.51379,4.36093,5.51127,1.7785,832.969,468.356,0.0,0.0,0.4352,0.244701,0.0,0,0.5127131122999999,0.5997150803073954,Test
ILIFUE_clean,5.46839,4.30835,5.46382,1.80799,845.912,467.873,0.0,0.0,0.4296,0.237611,0.0,0,0.5297526822999999,0.6309615655269711,Train
ILIGAL_clean,5.39984,4.21783,5.39803,1.8431,801.718,434.983,0.0,0.0,0.424,0.230047,0.0,0,0.5610653913,0.6312407537531295,Test
ILIGEP_clean,5.40466,4.22337,5.40056,1.85928,816.766,439.291,0.0,0.0,0.4238,0.227938,0.0,0,0.5687458393,0.6500617690673067,Train
ILIMOH_clean,7.40414,5.70962,7.40414,1.17288,870.384,742.093,0.0,0.0,0.5052,0.430735,0.0,0,0.2126071044,0.3845217684696201,Test
ILIMUN_clean,6.19427,4.05594,6.18143,1.18958,950.094,798.68,0.0,0.0,0.473,0.397619,0.0,0,0.5204388385000001,0.5724710100510834,Train
ILINIC_clean,4.81641,3.7003,4.81641,3.15291,1757.15,557.309,0.0,0.0,0.577,0.183005,0.0,1,0.0715821659,0.1086322440444249,Train
ILITUT_manual,12.63372,9.84913,12.63125,0.49196,2089.33,4246.95,0.0,0.0,0.786,1.59769,0.0,1,0.4150938221999999,0.46067377525362424,Train
ILOJOJ_clean,6.13171,4.84213,6.13171,1.27844,834.445,652.704,0.0,0.0,0.4692,0.367009,0.0,1,0.443800685,0.3810448613763301,Train
IMACND_clean,4.34425,3.82182,4.33967,1.80066,838.501,465.663,0.0,0.0,0.5398,0.299779,0.0,1,0.1379151371,0.2318253041929061,Train
IMAGAG_clean,5.63215,4.41962,5.58123,0.709614,2844.3,4008.23,0.0,0.0,0.7052,0.99378,0.0,1,0.6545028935,0.6375549832038931,Train
IMAXUR_clean,9.35814,4.03338,9.35814,0.94009,1810.27,1925.64,0.0,0.0,0.6284,0.668447,0.0,1,0.6273136675,0.7101944137061638,Train
IMEDOV_clean,8.12382,4.26401,8.12382,1.06775,893.804,837.087,12.2034,11.4291,0.5044,0.472393,0.0,1,0.2629842485,0.24763602436294418,Train
IMISIH_clean,5.27982,3.88793,5.27982,1.92173,1036.22,539.212,0.0,0.0,0.5212,0.271214,0.0,1,0.4435013966,0.43272194206921627,Train
IMUTUG_ion_b,8.41076,5.98943,8.40503,1.06348,2136.59,2009.05,13.7433,12.9229,0.6802,0.639596,0.0,1,0.7680348883,0.5628986068557563,Train
INAMUG_clean,5.65697,3.6533,5.65697,1.24473,444.163,356.836,0.0,0.0,0.424,0.340637,0.0,1,0.1859650605999999,0.350084311024903,Test
INARUM_clean,4.27147,3.60968,4.26595,1.49233,736.38,493.444,0.0,0.0,0.5148,0.344964,0.0,1,0.5598928132,0.5204924601373545,Train
INIDAL_clean,4.50397,3.74534,4.50292,2.3554,849.004,360.45,0.0,0.0,0.4596,0.195126,0.0,0,2.7789555592000004,2.7588296445098326,Train
INIGET_clean,5.272,3.4615,5.24671,1.60135,599.11,374.128,0.0,0.0,0.458,0.286009,0.0,1,0.327454641,0.39740095061017605,Train
INIQUR_clean,6.2915,4.5306,6.2915,1.16326,1032.52,887.604,0.0,0.0,0.5158,0.443408,0.0,1,0.1646278531,0.41596067661199776,Train
INIRAA_clean,5.29891,3.4654,5.27682,1.58723,589.473,371.386,0.0,0.0,0.45,0.283514,0.0,1,0.3135768037,0.462145192052988,Train
INIRAY01_clean,6.20577,4.3891,6.20321,1.19479,1004.19,840.475,0.0,0.0,0.5078,0.42501,0.0,1,0.1563407865,0.39193915312378463,Train
INIRAY_clean,6.42335,4.78031,6.35158,1.15007,1090.31,948.038,0.0,0.0,0.529,0.459971,0.0,1,0.1619620798,0.45484203198706386,Train
INIRII_clean,7.50885,6.39264,7.49963,2.36792,800.533,338.074,0.947654,0.400205,0.4536,0.19156,0.0,1,0.0876256587,0.2833552003103728,Train
INOMIJ_clean,7.95221,7.58337,7.95221,0.978026,1630.8,1667.44,0.0,0.0,0.607,0.620638,0.0,1,0.5509753493999999,0.5272135753126301,Train
INOMOP01_clean,5.44312,5.07173,5.44201,1.06786,1357.09,1270.86,0.0,0.0,0.5604,0.52479,0.0,1,0.5739086817,0.6593989659126126,Train
INOMOP_clean,5.26106,4.80157,5.24412,1.1048,1287.23,1165.13,0.0,0.0,0.553,0.500544,0.0,1,0.5940938147,0.7045073199414472,Train
INOVEN_clean,6.5916,4.86656,6.58623,1.1112,2296.52,2066.7,0.0,0.0,0.6394,0.575413,0.0,1,0.6297224029,0.5954990745516925,Train
IPICOA_clean,5.44441,4.81551,5.37454,1.57966,1489.86,943.154,0.0,0.0,0.6242,0.395149,0.0,0,0.7635378116,0.6775525402791596,Test
IPICUG_charged,5.44463,3.47968,4.68801,1.44695,414.396,286.392,252.926,174.799,0.46,0.31791,0.0,1,1.557627202,0.811067492152166,Test
IPIDUH_clean,5.17469,3.85894,5.16774,1.5676,1161.37,740.859,0.0,0.0,0.5352,0.341413,0.0,1,0.4242574143,0.5105868926077027,Train
IPIFAP_clean,7.07203,5.90208,7.07203,1.44306,1593.23,1104.06,0.0,0.0,0.6048,0.419109,0.0,1,0.194867148,0.3557835951385416,Train
IPIHIA_clean,4.19682,3.6848,4.18995,1.35995,968.941,712.483,0.0,0.0,0.4832,0.355307,0.0,1,0.3970012793999999,0.679444642379648,Train
IPIJEY_clean,5.9118,5.17695,5.9118,1.3358,1030.18,771.213,0.0,0.0,0.4974,0.372363,0.0,1,0.5127806333,0.4670433673778588,Test
IPIJUM_clean,5.58529,4.21049,5.58529,1.73559,1483.34,854.658,0.0,0.0,0.546,0.314591,0.0,1,0.2126954375,0.3903900278409042,Train
IQABEJ_clean,5.1026,4.0827,5.09122,1.64165,725.772,442.098,0.0,0.0,0.4456,0.271434,0.0,1,0.2538732536,0.3165704977871175,Train
IQECIS_clean,8.1309,7.21043,8.08032,0.715898,2174.72,3037.76,0.0,0.0,0.7158,0.999863,0.0,0,0.3818116413,0.5104485940310577,Test
IQEKOG_clean,6.56789,4.70003,6.53165,0.994726,2095.71,2106.82,0.0,0.0,0.6568,0.660283,0.0,1,0.755143172,0.6718385184940467,Train
IQEKUM_clean,5.23045,4.40009,5.21843,1.19945,1749.75,1458.79,0.0,0.0,0.58,0.483556,0.0,1,1.0587787088,0.8355962443750169,Train
IQEWOQ_clean,5.16976,4.01341,5.16976,1.5881,979.709,616.905,0.0,0.0,0.4814,0.303129,0.0,0,0.2449641658,0.4713446820247907,Test
IQILIF_clean,7.54585,4.55729,7.31598,0.9871,1707.16,1729.47,0.0,0.0,0.5864,0.594063,0.0,1,0.8440424181999999,0.6482493791462088,Train
IQOHUT_clean,6.95469,5.55862,6.9488,0.866054,1696.91,1959.36,0.0,0.0,0.6176,0.71312,0.0,1,0.4923536954,0.586008642946919,Test
IQOJAB_clean,5.87643,3.82611,5.87109,1.02895,1467.53,1426.23,25.3077,24.5957,0.5682,0.552213,0.0,1,1.1513240594,1.0340168559157794,Train
IQOJEF_clean,6.3031,3.72946,5.90938,1.09859,1022.71,930.932,0.0,0.0,0.506,0.460592,0.0,1,0.7594632376999999,0.6605384798303736,Train
IQOKEG_clean,7.17756,4.14343,7.15508,0.93657,1757.51,1876.54,0.0,0.0,0.5934,0.633589,0.0,0,0.5164224939000001,0.7614207140926251,Test
IQOKIK_clean,6.46497,4.73774,6.45982,0.941841,1852.78,1967.19,0.0,0.0,0.5902,0.626645,0.0,1,0.639137766,0.8011836847371538,Test
IQUCOO_clean,6.46968,5.45118,6.44712,1.037,1366.21,1317.47,0.0,0.0,0.5412,0.521892,0.0,1,0.7294563594,0.676791167195891,Train
IRAGEN_charged,4.75114,4.24064,4.75114,1.78595,724.014,405.395,0.0,0.0,0.4336,0.242784,0.0,1,0.3962643939,0.3358994505945801,Test
IRAHUF_clean,4.40761,3.65968,4.40667,2.37748,766.685,322.478,0.0,0.0,0.4662,0.19609,0.0,0,2.5712546287,2.6115535488919406,Train
IRAJER_clean,5.44662,5.0231,5.44662,2.01995,992.271,491.236,0.0,0.0,0.4872,0.241195,0.0,0,1.9491285363,0.8845168491064161,Test
IRAYOQ_clean,5.78238,3.66955,5.46102,1.63677,1152.51,704.133,59.8933,36.5923,0.516,0.315255,0.0,1,0.483544844,0.4871877484679552,Train
IRELAU_clean,6.04901,3.48029,6.04818,1.13995,1676.5,1470.68,0.0,0.0,0.5904,0.517916,0.0,1,1.2681086192,0.889882662203763,Test
IROVAO_clean,6.12408,5.59581,6.1197,2.89163,1515.71,524.173,0.0,0.0,0.544,0.188129,0.0,1,0.2160551705,0.24494032843797753,Train
IROVES_clean,4.99754,4.47196,4.99754,2.88324,1161.14,402.721,0.0,0.0,0.4772,0.165508,0.0,1,0.1485276103,0.2714777204573796,Train
ISUCUV_clean,5.63872,3.87203,5.63872,1.06793,1382.56,1294.62,0.0,0.0,0.5686,0.532434,0.0,1,0.8572331509000001,0.7622328335918782,Train
ITAPAU_clean,4.795,4.07473,4.77797,1.13588,2690.44,2368.6,0.0,0.0,0.6968,0.613446,0.0,1,0.1121308192,0.18505950843517238,Train
ITAPIC_clean,5.53493,4.56275,5.50447,0.932577,3320.52,3560.59,0.0,0.0,0.7606,0.815589,0.0,1,0.1258429313,0.24396916559857906,Train
ITIBOD_clean,4.51038,3.48306,4.50833,2.426,458.262,188.896,79.7243,32.8625,0.4254,0.17535,0.0,1,0.513086561,0.4385777265438003,Train
ITIPAE_clean,5.03819,3.84363,5.03819,1.81693,898.58,494.56,0.0,0.0,0.4852,0.267044,0.0,0,0.5037684920000001,0.5082315157193654,Test
ITIPOS_clean,9.85225,8.07125,9.85225,1.06602,1798.13,1686.76,17.9557,16.8436,0.664,0.622875,0.0,1,0.2490500719999999,0.3748505493228453,Test
ITIWAK_clean,5.0332,4.12661,5.01239,1.10257,950.216,861.818,65.1005,59.0442,0.5042,0.457294,0.0,0,0.9670677203,0.9623833366291614,Train
ITIWEO_clean,5.00227,4.2399,4.99534,1.10398,955.442,865.452,106.221,96.2163,0.515,0.466494,0.0,0,1.1349542308,1.042267968408881,Test
ITIWIS_charged,5.15312,4.22321,5.15312,1.21722,755.895,621.0,81.5581,67.0034,0.4796,0.394012,0.0,0,0.8468984418000001,0.834281836420733,Train
ITIWOY_charged,5.17201,4.22878,5.17201,1.2164,765.02,628.924,77.9087,64.0488,0.4792,0.393951,0.0,0,0.8563891841,0.7787101555411778,Train
ITIWUE_charged,5.19102,4.23615,5.19102,1.21425,767.035,631.694,85.3834,70.3177,0.48,0.395305,0.0,0,0.8857837286,0.8244488548018154,Train
ITOSEQ_clean,5.53585,3.92423,5.52778,1.23909,1879.29,1516.67,0.0,0.0,0.6304,0.508762,0.0,0,0.9473900542,0.8882902522952966,Train
IVEHEW_manual,8.08882,6.64746,8.02924,0.857961,1988.29,2317.45,0.0,0.0,0.6604,0.769732,0.0,0,0.4522278497999999,0.5431478481111812,Train
IVEQAC_clean,4.74809,3.58509,4.40546,1.51827,638.51,420.551,0.0,0.0,0.4406,0.290199,0.0,0,0.506135024,0.6625486352800731,Train
IVETOT_clean,10.10291,7.15637,9.84044,0.681717,1733.15,2542.34,0.0,0.0,0.6842,1.00364,0.0,1,0.3821174364999999,0.40512530153233534,Train
IVILEG_clean,14.1452,13.26623,14.13413,0.718024,1541.13,2146.34,0.0,0.0,0.7232,1.00721,0.0,1,0.4051869622,0.3862372204839898,Train
IVOCON_clean,5.24294,3.86797,5.24294,1.46762,1975.27,1345.9,0.0,0.0,0.64,0.436082,0.0,0,0.9107473586,0.7537512163784414,Train
IVOGUX_clean,5.27459,4.52668,5.27459,1.48634,1223.66,823.275,0.0,0.0,0.5418,0.36452,0.0,1,0.7225200222,0.6549227314984903,Train
IVUVIG_clean,6.23822,4.28609,6.22408,1.47829,1492.88,1009.86,0.0,0.0,0.5414,0.366233,0.0,1,0.6060552932,0.4909653490112521,Train
IWAXUZ_clean,9.16743,4.27442,9.16743,1.02656,1732.45,1687.62,0.0,0.0,0.6018,0.586228,0.0,1,0.3016877532,0.5412592479875872,Train
IWAYAG_clean,7.52525,4.29732,7.52525,1.3181,1385.19,1050.9,0.0,0.0,0.4828,0.366286,0.0,1,0.2099974063,0.36611323514177885,Train
IWAYEK_clean,9.36738,4.35185,9.36738,1.20213,1638.24,1362.78,0.0,0.0,0.576,0.479148,0.0,1,0.1883064593,0.3941015188704017,Train
IWAYIO_clean,9.10068,4.24338,9.10068,1.22219,1678.76,1373.57,0.0,0.0,0.5934,0.485524,0.0,1,0.3094900556,0.36501795464486125,Train
IWAYOU_clean,9.03723,4.17928,9.03723,1.25701,1700.75,1353.01,0.0,0.0,0.594,0.47255,0.0,1,0.1991460376,0.34341580919319137,Test
IWAYUA_clean,9.10772,4.29795,9.10772,1.27221,1742.4,1369.58,0.0,0.0,0.6022,0.473349,0.0,1,0.2120451642,0.3362419026828539,Train
IWAZEL_clean,9.02688,4.19715,9.02563,1.29051,1705.91,1321.89,0.0,0.0,0.6062,0.469736,0.0,1,0.2977550486,0.29264736806793146,Train
IWAZIP_clean,9.36232,4.34831,9.36232,1.51484,1601.89,1057.47,0.0,0.0,0.5888,0.388687,0.0,1,0.1593539734,0.1497555820804699,Train
IWELIG01_clean,4.6866,4.49829,4.6866,1.86798,511.71,273.938,140.313,75.1146,0.3994,0.213814,0.0,0,1.5474587236,1.447579406866728,Train
IWELIG_clean,4.69268,4.51959,4.68546,1.86097,534.218,287.064,156.241,83.9569,0.4064,0.218381,0.0,0,1.5384797812,1.4797863129143114,Train
IWEVAJ_clean,13.76426,6.67603,13.76426,0.642349,2372.68,3693.76,0.0,0.0,0.7784,1.2118,0.0,1,0.3325812417,0.5532468040380291,Train
IWIPIO_clean,5.10392,4.12276,5.06017,1.12645,2627.06,2332.16,0.0,0.0,0.6972,0.618936,0.0,1,0.1142647365,0.14399347570309123,Train
IWOKUC_clean,6.55692,5.28768,6.53155,0.964561,1220.6,1265.44,0.0,0.0,0.5288,0.548229,0.0,0,0.4626714764,0.6407630646368162,Train
IWOSAP_clean,4.764,3.76645,4.764,2.24785,751.282,334.223,0.0,0.0,0.4204,0.187023,0.0,1,0.1633242626,0.22902605062875253,Train
IXAKAU_clean,6.35523,5.9549,6.33797,0.780645,2644.49,3387.58,0.0,0.0,0.7136,0.914116,0.0,1,0.5673706011999999,0.5921325687096333,Train
IXAZEO_clean,4.95392,4.38313,4.95392,1.49539,968.887,647.917,0.0,0.0,0.4732,0.31644,0.0,1,0.1471857344,0.42708250928049823,Train
IXEBEU_clean,4.63531,3.53624,4.63082,1.05655,1090.22,1031.87,0.0,0.0,0.503,0.476077,0.0,1,0.5863813393999999,0.8647277413962231,Train
IXECET_clean,8.30942,3.60945,8.30942,1.54442,1337.53,866.043,0.0,0.0,0.5456,0.353273,0.0,0,2.4047075605000003,2.633967593295641,Train
IXEDOE_charged,7.09574,3.51061,7.08581,1.12636,1307.68,1160.97,0.0,0.0,0.5566,0.494157,0.0,0,0.7641453779999999,0.8092945647568106,Train
IXEFAS_charged,7.1377,4.17724,7.09066,1.24632,1150.23,922.898,0.0,0.0,0.5346,0.428942,0.0,0,0.356133981,0.48734603421399836,Train
IXEJIG_clean,11.25458,10.39011,10.80502,0.837465,1965.46,2346.92,0.0,0.0,0.6976,0.83299,0.000955264,1,0.3876624948,0.3728696525770552,Train
IXEJOL_clean,5.47758,4.11939,5.46905,1.8094,1349.53,745.844,0.0,0.0,0.534,0.295125,0.000331601,1,0.4210365882999999,0.4278323137774331,Train
IXEJOM_clean,15.02825,14.15107,15.02825,0.818993,2120.95,2589.7,0.0,0.0,0.749,0.914537,0.000244202,1,0.3671665478,0.43294431853777804,Train
IXIPAG_clean,7.26036,3.75863,5.90499,3.37203,985.803,292.347,369.675,109.63,0.5588,0.165716,0.0,1,0.0650000274,0.04378853815930983,Train
IXIPEK_clean,7.04096,3.63154,5.75307,3.49876,924.617,264.27,341.824,97.6986,0.5428,0.155141,0.0,1,0.0686371522,0.07462396980647013,Train
IXIPIO_clean,7.45471,4.20487,6.02758,3.27069,1181.85,361.346,334.28,102.205,0.5696,0.174153,0.0,1,0.0618525062,0.026620820390986122,Test
IXISAJ_clean,5.70852,4.41794,5.70852,1.67395,1266.62,756.664,0.0,0.0,0.5296,0.316377,0.0,0,0.856314878,0.8003263510044231,Test
IXISOX_clean,5.5699,4.33438,5.5699,1.93342,1150.89,595.258,0.0,0.0,0.516,0.266884,0.0,0,0.7396369912,0.9169173699997588,Train
IXISOZ02_clean,4.74076,3.59919,4.72141,1.46415,983.567,671.767,0.0,0.0,0.4992,0.340949,0.0,0,0.6742938026,0.85812718029543,Train
IXISUD_clean,7.1533,3.82815,7.1533,2.06709,831.561,402.286,84.7168,40.9836,0.496,0.239951,0.0,0,0.3649188658,0.4547846348484163,Train
IXODUV_clean,6.94577,6.48704,6.94195,1.01181,1784.75,1763.93,0.0,0.0,0.629,0.621659,0.0,0,0.5529716661999999,0.600728939192249,Train
IXOFAD_clean,7.25204,6.74283,7.23817,1.01031,1741.08,1723.31,0.0,0.0,0.638,0.631491,0.0,0,0.5434808271,0.575212105835093,Train
IXOFEH_clean,7.08623,6.6722,7.07786,1.02717,1639.04,1595.68,0.0,0.0,0.6198,0.603404,0.0,0,0.5367328279,0.664246899985888,Test
IXOFIL_clean,7.14051,6.67398,7.10365,1.01557,1692.36,1666.42,0.0,0.0,0.624,0.614435,0.0,0,0.5400960076,0.6181168235736418,Train
IXOFOR_clean,6.58573,6.10481,6.58573,1.02216,1741.26,1703.51,0.0,0.0,0.611,0.597752,0.0,0,0.5710084081,0.6298922912418518,Train
IXOFUX01_clean,6.87071,6.41176,6.84188,1.00146,1800.87,1798.25,0.0,0.0,0.6308,0.629881,0.0,0,0.5432337731,0.6007772569852635,Train
IXOFUX_clean,7.08508,6.6128,7.06755,1.00152,1792.17,1789.44,0.0,0.0,0.6318,0.63084,0.0,0,0.5446908505,0.5997998447292762,Train
IXUQOJ_clean,5.21271,3.78909,5.02943,1.47771,847.063,573.227,0.228953,0.154938,0.4794,0.324421,0.0,1,0.5049072613000001,0.46845131650092864,Train
IXUQUO_clean,6.17038,3.88626,6.17038,1.0897,1053.12,966.424,109.804,100.765,0.5652,0.518674,0.0,1,0.9874689916,0.9579514231699786,Train
IXURID_clean,5.42414,4.17526,5.42124,1.15055,1597.74,1388.68,0.0,0.0,0.5668,0.492633,0.0,1,1.0506127941,0.719842371220985,Test
IXUWII_clean,7.47721,5.13969,7.4691,0.925259,1534.87,1658.86,0.0,0.0,0.5898,0.637443,0.0,0,0.8275769465999999,0.7457347160948695,Train
IYAJID_clean,7.03999,4.83767,7.03999,1.19258,1520.7,1275.13,0.0,0.0,0.565,0.473761,0.0,0,0.7554507594,0.6713799990728905,Train
IYAJOJ_clean,6.96485,4.61788,6.92434,1.17533,1527.18,1299.36,0.0,0.0,0.552,0.469655,0.0,1,0.7468061844,0.6691685533380546,Test
IYAJUP_clean,6.42992,4.57524,6.40815,1.20914,1470.44,1216.1,0.0,0.0,0.515,0.425922,0.0,1,0.7394570081999999,0.9050612398673048,Test
IYAKAW_clean,7.04175,4.93619,7.01576,1.16871,1555.91,1331.31,0.0,0.0,0.5758,0.492679,0.0,0,0.7727221006999999,0.7109296036860688,Test
IYAKIE_clean,7.40162,5.12822,7.38112,0.935395,2309.49,2469.0,0.0,0.0,0.6746,0.721193,0.0,1,0.4831111036,0.5580514347478768,Test
IYASOS_clean,5.79357,5.23786,5.68144,1.42202,1531.27,1076.83,0.0,0.0,0.5756,0.404777,0.0,1,0.7260928084,0.5017157048884653,Train
IYAYUE_clean,6.14666,4.14311,6.14666,1.13268,1552.87,1370.97,0.0,0.0,0.598,0.527951,0.0,1,0.7115356367,0.6447876389436948,Train
IYEHAX_clean,8.64445,5.92674,8.64445,0.762449,2402.32,3150.79,0.0,0.0,0.7046,0.924127,0.0,1,0.6549169039,0.6661781164096932,Train
IYEPUZ_clean,9.24057,8.58239,9.23056,0.696077,2043.12,2935.2,0.0,0.0,0.7082,1.01742,0.0,1,0.4760287953,0.46577993340818935,Train
IYESUC_clean,9.19521,5.52341,9.19263,0.879294,1974.29,2245.31,0.0,0.0,0.637,0.724444,0.0,1,0.7610689142,0.6917445597791322,Train
IYEXOZ_clean,5.1071,3.62688,5.0939,2.43583,1067.8,438.373,0.0,0.0,0.4574,0.18778,0.0,1,0.1312321495,0.2849219090907333,Train
IYICUP_clean,7.48898,5.2438,6.05899,1.02061,1910.86,1872.27,0.0,0.0,0.6306,0.617866,0.0,0,0.6552282501,0.8303249819188483,Train
IYOBAA_clean,7.42959,4.86526,7.42403,1.59483,1008.69,632.478,0.0,0.0,0.5194,0.325678,0.0,1,0.1664775122,0.165184833830548,Test
IYOCIK_clean,8.71773,6.01818,8.7094,1.33605,1729.76,1294.69,0.0,0.0,0.6404,0.479325,0.0,0,0.2290499354,0.22413056237511558,Train
IYOCOQ_clean,8.6676,5.83377,8.6676,1.34426,1726.36,1284.24,0.0,0.0,0.6354,0.472675,0.0,0,0.2332427755,0.2731469798952064,Test
IYODAD_clean,9.11936,6.31963,9.11936,1.11347,1733.11,1556.5,0.0,0.0,0.6578,0.590765,0.0,0,0.2816599099,0.32203996322018646,Train
IYOQAQ_clean,5.30249,4.25008,5.30179,1.48751,1231.76,828.073,0.0,0.0,0.5432,0.365175,0.0,1,0.8234166792000001,0.6345911122119965,Train
IYOSUM_clean,6.18145,3.97754,6.17448,0.943184,2480.99,2630.44,0.0,0.0,0.6618,0.701666,0.0,1,0.818210852,0.7776258128066565,Train
IYOTAT_clean,6.12724,4.05651,6.12724,0.946965,2470.71,2609.08,0.0,0.0,0.6612,0.698231,0.000211201,1,0.8324232068999999,0.6867402801386291,Test
IYOWID_manual,20.51668,7.7477,20.51668,0.405068,1929.7,4763.89,0.0,0.0,0.822,2.02929,0.0,0,0.4176381398,0.3964384315619951,Test
IYUCEM_clean,9.38043,8.88789,9.38043,1.09901,1267.7,1153.49,0.0,0.0,0.5774,0.525384,0.0,1,0.2560789703,0.26565230606611856,Train
IYUCIQ_clean,9.96651,8.62113,9.96126,0.918137,1921.78,2093.13,0.0,0.0,0.6824,0.743244,0.0,0,0.3165131023999999,0.6381258191309959,Test
IYUHOA_clean,7.25841,4.65632,7.2501,1.15015,1882.43,1636.69,0.0,0.0,0.5978,0.519759,0.0,0,1.0178780052,0.7842087938686255,Train
IYUHUG_ion_b,9.1569,7.01562,9.1569,0.894019,1922.0,2149.85,0.0,0.0,0.6824,0.763294,0.0,0,0.3159524755,0.49037103805933,Train
IYUJAO_clean,6.23359,4.26512,6.23359,1.39701,1111.0,795.271,29.8587,21.3733,0.5102,0.365209,0.0,1,0.6053818051,0.4231221212527875,Test
IYUQEZ_clean,14.23268,4.75487,14.22709,0.637403,1240.77,1946.61,289.582,454.315,0.6812,1.06871,0.0,1,0.3671239308,0.43083161066893527,Train
IYUQID_clean,15.09176,9.842,15.04915,0.561619,1319.58,2349.59,286.013,509.264,0.7206,1.28308,0.0,1,0.3636520402,0.47019642914325305,Train
IZEBAR_clean,6.51824,4.42782,6.29573,1.10634,2352.12,2126.04,0.0,0.0,0.625,0.564928,0.0,1,0.6741070726999999,0.6970474999060643,Test
IZEBEV_clean,3.9737,3.59297,3.9737,1.83936,288.006,156.579,0.0,0.0,0.4124,0.224208,0.0,1,0.190985321,0.27363437199850904,Train
IZEFEZ_charged,9.41174,4.54571,9.39909,1.06892,1212.51,1134.33,17.3519,16.233,0.5486,0.513227,0.0,0,0.7281906978,0.6003683603199299,Train
IZENIM_clean,10.57534,5.75707,6.51584,1.38426,1059.32,765.262,606.777,438.341,0.6424,0.464076,0.0,0,0.7364042654,0.6952217590788845,Test
IZENUY_clean,10.28405,5.66029,7.85884,0.907624,1488.62,1640.12,573.454,631.819,0.6758,0.744581,0.0,1,0.6304308396,0.6681850328279415,Train
IZEPAF_clean,24.1004,7.53546,24.1004,0.570649,1958.05,3431.26,0.0,0.0,0.7816,1.36967,0.0,1,0.3999747433,0.5093861411007373,Test
IZEPEJ_clean,23.87439,6.75259,21.66541,0.54542,1808.89,3316.52,0.0,0.0,0.7792,1.42862,0.0,1,0.4106935045,0.4617382859320514,Train
IZEQUB_clean,6.84955,5.26119,6.84595,0.91964,1931.75,2100.55,0.9049,0.983971,0.6246,0.679179,0.0,1,0.9465387108,0.73331579771131,Train
IZERAI_clean,21.81992,21.11699,21.81992,0.624269,1355.09,2170.68,0.0,0.0,0.7802,1.24978,0.0,1,0.8771200379,0.6738185256150692,Train
IZEWAN_clean,9.04728,8.48639,9.03641,0.87931,1735.67,1973.9,0.0,0.0,0.6642,0.755365,0.0,1,0.8880807940000001,0.557348246588001,Train
IZIGUV_clean,8.5642,7.08912,8.42042,0.715311,2209.59,3088.99,0.0,0.0,0.7258,1.01466,0.0,1,0.6549032684,0.48060240918935926,Test
IZIHAC_clean,7.3243,5.53893,7.31909,1.3207,1515.57,1147.55,0.0,0.0,0.5694,0.431134,0.0,1,0.3512284394,0.46799024852785465,Train
IZIHEG_clean,7.25076,5.4614,7.24597,1.35223,1495.67,1106.08,0.0,0.0,0.5682,0.420196,0.0,1,0.3635657926,0.4196604904210345,Train
IZIHOQ_clean,7.0561,5.32108,7.05322,1.40869,1409.46,1000.55,0.0,0.0,0.555,0.393983,0.0,1,0.3516852549,0.4386395488173259,Test
IZISEQ_clean,4.08842,3.70736,4.08842,1.02254,520.647,509.17,0.0,0.0,0.4678,0.457489,0.0,1,0.9234978019,0.8803124879455273,Train
IZOWAW_clean,18.94727,10.51321,18.93676,1.00603,1791.25,1780.51,0.0981256,0.0975376,0.7888,0.784073,0.0,1,0.1037180692,0.12984839359652312,Train
IZOWEA_clean,9.72623,7.72143,9.71631,1.42425,2106.67,1479.15,0.0,0.0,0.696,0.488679,0.0,1,0.0864088648,0.28155566209525196,Test
IZUMUM_clean,5.57902,4.64149,5.57902,1.29431,1246.48,963.048,0.0,0.0,0.5324,0.411338,0.0,0,0.2833155773,0.7539188125600625,Train
IZUVUV_clean,10.56188,10.34053,10.56188,0.902736,1518.51,1682.12,0.0,0.0,0.6572,0.728009,0.0,1,0.2094811569,0.297291098926405,Train
ja074366osi20070816_031204_clean,15.02646,7.9821,15.02646,0.595037,2203.3,3702.8,0.0,0.0,0.8104,1.36193,0.0,0,0.3342009956,0.3482809931340172,Train
ja0752540-file002_clean,8.14433,7.67619,8.14433,1.22499,2017.42,1646.89,0.0,0.0,0.654,0.533883,0.0,0,0.3499135372999999,0.39510532706545964,Test
ja076167asi20070815_063752_clean,6.41846,5.04294,5.80487,0.848014,2489.2,2935.33,0.0,0.0,0.6344,0.748101,0.0,1,0.4960146988,0.6295365729139323,Train
ja109659k_si_002_clean,11.09415,6.65734,11.09415,1.14966,1274.48,1108.58,493.769,429.493,0.6432,0.559472,0.0,1,0.6269433366,0.6705674393297899,Train
ja110042b_si_003_clean,18.775,6.41603,18.72266,0.610707,2220.68,3636.25,0.0,0.0,0.7614,1.24675,0.0,1,0.4955403707,0.5729434707460976,Train
ja203898s_si_004_clean,9.14668,4.74188,9.0851,0.980647,1250.92,1275.61,461.53,470.638,0.6076,0.619591,0.0,0,0.902599385,0.9090408718387043,Train
ja205976v_si_004_clean,8.87098,7.69354,8.87098,1.40672,1456.52,1035.4,0.0,0.0,0.5566,0.395672,0.0,0,0.2602645687,0.35416045054321543,Train
ja205976v_si_006_clean,11.60788,10.85998,11.60788,1.12671,1551.48,1377.0,0.0,0.0,0.6348,0.563411,0.0,1,0.4175289782,0.39453622469290317,Train
ja206917z_si_001_clean,5.82674,4.72231,5.76849,1.30832,751.163,574.141,0.193696,0.148049,0.5654,0.432156,0.0,0,0.1474749043,0.22076304606836544,Train
ja300034j_si_002_clean,16.78888,16.71746,16.78888,0.713223,1373.37,1925.59,0.0,0.0,0.772,1.08241,0.0,1,0.3945997442,0.4306832893701402,Train
ja302110d_si_001_clean,8.24333,6.47099,8.10297,0.864634,1943.01,2247.2,0.0,0.0,0.666,0.770268,0.0,1,0.4077783853,0.4801541076239871,Train
ja302340b_si_002_clean,8.31134,7.66102,8.31134,1.03479,1409.77,1362.37,116.194,112.287,0.5924,0.572482,0.0,1,0.5742005208,0.6239658067632307,Train
ja302380x_si_003_clean,6.15862,4.38483,5.85392,1.07794,1748.54,1622.12,0.0,0.0,0.6004,0.556988,0.0,1,0.7524267364,0.6763436121215088,Train
ja3082523_si_004_clean,15.27185,8.36501,15.01039,0.495502,2200.94,4441.83,0.0,0.0,0.774,1.56205,0.0,0,0.4192714371,0.48241535447340494,Train
ja308995t_si_002_clean,6.91507,6.43648,6.89159,1.15816,1047.86,904.763,0.0,0.0,0.5248,0.453131,0.0,0,0.5834807154,0.5089969779573684,Test
ja4012707_si_003_clean,5.77734,4.61223,5.7686,1.06481,2227.7,2092.11,0.0,0.0,0.671,0.630159,0.0,0,0.6953599611,0.39339135055896557,Test
ja4012707_si_004_clean,6.17779,4.90836,6.17779,0.978371,2446.9,2500.99,0.0,0.0,0.6772,0.692171,0.0,0,0.5066561712,0.5798297379589074,Train
ja403810k_si_002_clean,24.11444,19.56277,24.11444,0.396669,1099.67,2772.25,0.0,0.0,0.86,2.16806,0.0,1,0.3224430752,0.37868834287366204,Train
ja4050828_auto,29.28345,28.74884,29.27587,0.488759,1535.79,3142.23,0.0,0.0,0.8256,1.68918,0.0,0,0.3248704419,0.37704052421980927,Train
ja406030p_si_002_manual,11.77864,6.5918,11.60527,0.794772,2268.81,2854.67,0.0,0.0,0.7438,0.935866,0.0,1,0.5873551476,0.5624739136494596,Train
ja406030p_si_003_clean,14.29207,10.12824,14.29207,0.648977,1825.21,2812.44,0.0,0.0,0.775,1.19419,0.0,1,0.6262029378,0.44393750853740993,Train
ja406030p_si_004_clean,12.47571,8.72571,12.47571,0.678618,1920.17,2829.53,0.0,0.0,0.7566,1.11491,0.0,1,0.6570802215,0.4801549319381445,Train
ja406030p_si_005_manual,11.30323,7.62193,11.30323,0.677748,2157.76,3183.72,0.0,0.0,0.75,1.10661,0.0,1,0.6586627357,0.5547448101469582,Train
ja406030p_si_006_manual,12.36076,7.19983,11.84038,0.687816,2106.83,3063.07,0.0,0.0,0.751,1.09186,0.0,1,0.6448291513000001,0.576900681478542,Test
ja406030p_si_007_manual,11.02963,8.4918,11.02963,0.735801,2134.61,2901.07,0.0,0.0,0.738,1.00299,0.0,1,0.6718365633,0.5363015360526799,Train
ja406030p_si_008_manual,11.82924,9.14708,11.82924,0.688549,2055.52,2985.28,0.0,0.0,0.7528,1.09331,0.0,1,0.659282121,0.5302091736201389,Train
ja406030p_si_009_manual,11.54376,6.59467,10.51794,0.708658,2222.43,3136.11,0.0,0.0,0.7352,1.03745,0.0,1,0.6757311632999999,0.5834197952187175,Train
ja406844r_si_002_clean,11.4181,8.43938,10.92264,0.695103,2221.97,3196.61,0.0,0.0,0.7474,1.07524,0.0,0,0.6338314106,0.539199071490559,Train
ja407778a_si_003_clean,5.65215,4.4572,5.65215,0.864214,1953.72,2260.69,0.0,0.0,0.6454,0.746806,0.0,1,0.6501817656000001,0.6986662135895285,Train
ja408959g_si_002_clean,31.07244,30.38497,31.07244,0.440944,1502.5,3407.47,0.0,0.0,0.8264,1.87416,0.000453572,0,0.3797893043999999,0.3094638210011498,Test
ja408959g_si_003_clean,17.33749,14.32817,17.33749,0.750299,1914.17,2551.21,1.3371,1.78209,0.7272,0.969213,0.00026656,0,0.3407608599,0.335345183384129,Train
ja411887c_si_002_clean,11.91912,9.14993,11.89973,0.619221,2306.85,3725.41,0.0,0.0,0.7606,1.22832,0.0,1,0.4992968376,0.49816612172067476,Test
ja500330a_si_005_clean,6.34772,3.79741,5.91821,1.34881,2067.47,1532.8,0.0,0.0,0.5966,0.442315,0.000444835,1,0.3758222665999999,0.44125689518428873,Train
ja500330a_si_006_auto,12.20585,6.15217,12.20585,0.793444,2143.73,2701.8,0.0,0.0,0.7068,0.8908,0.000252066,0,0.2057573130999999,0.5211102268826631,Test
ja500330a_si_007_auto,19.46238,14.48757,19.44715,0.798895,1320.38,1652.76,18.6426,23.3354,0.7758,0.971091,0.000500691,0,0.0848815459,0.12035940871371026,Train
ja500330a_si_009_auto,10.23354,4.21372,10.21937,1.02655,1874.68,1826.19,0.0,0.0,0.6604,0.643319,0.0,0,0.1913853094,0.5880066889739308,Test
ja5063423_si_002_clean,10.81396,5.19047,10.74347,0.995074,2374.31,2386.06,0.0,0.0,0.7264,0.729996,0.0,1,0.3736843163,0.45446807602086037,Train
ja506357n_si_002_clean,4.6846,4.2919,4.67468,1.31892,765.522,580.418,0.0,0.0,0.4712,0.357263,0.0,1,1.0715686125,1.0824814170438812,Train
ja507269n_si_002_clean,27.33946,23.18439,27.33946,0.358752,1494.97,4167.13,0.0,0.0,0.865,2.41113,0.0,1,0.4147701950999999,0.45068789883596855,Train
ja507269n_si_003_clean,27.20941,25.54914,27.20941,0.339031,1450.85,4279.41,0.0,0.0,0.869,2.56319,0.0,1,0.4783858123,0.4489990130064756,Train
ja507947d_si_001_auto,17.5271,9.15991,17.51275,0.493165,2044.36,4145.4,0.0,0.0,0.8062,1.63475,0.000405544,0,0.2787942015,0.3146821128108874,Train
ja5103103_si_002_auto,16.95031,14.45168,16.94349,0.50204,1609.85,3206.61,0.0,0.0,0.8216,1.63652,0.0,1,0.2862566916,0.3816831548730324,Train
ja510525s_si_002_clean,11.55111,8.31224,11.55111,1.02928,1660.34,1613.11,402.375,390.929,0.6934,0.673676,0.000194311,1,0.4369849186,0.4190132874107542,Train
ja510525s_si_003-1_clean,10.94267,8.40951,10.74622,0.792307,2099.13,2649.38,0.0,0.0,0.6954,0.87769,0.000252427,1,0.5228489969,0.5487544858727932,Train
ja5111317_ja5111317_si_002_auto,21.37941,8.74134,21.37941,0.420413,1892.53,4501.6,0.0,0.0,0.8218,1.95474,0.000475722,1,0.3938931413,0.3849316450397766,Train
ja512137t_si_002_clean,8.83209,4.60356,8.83209,0.894333,2156.88,2411.72,0.0,0.0,0.6544,0.731719,0.0,0,0.8658542925,0.795008324181147,Train
ja512311a_si_003_auto,11.88887,9.00529,11.09267,0.491487,2207.95,4492.38,0.0,0.0,0.8056,1.63911,0.0,0,0.1988557483,0.29944344173995613,Train
ja512311a_si_007_auto,11.3746,9.04299,10.93292,0.509598,2105.05,4130.81,0.0,0.0,0.8058,1.58125,0.0,0,0.1332890422,0.2960087922506,Train
ja512437u_si_002_clean,5.46454,4.64589,5.42464,1.16038,1353.66,1166.57,0.0,0.0,0.522,0.449854,0.0,1,0.728954827,0.8691340591883872,Train
ja512437u_si_003_clean,5.66684,4.62581,5.62433,1.17377,1371.36,1168.34,0.0,0.0,0.5236,0.446085,0.0,1,0.7104649740000001,0.7902117014816855,Test
ja512437u_si_004_clean,5.66299,4.65074,5.65798,1.30634,1428.94,1093.85,0.0,0.0,0.5386,0.412296,0.0,1,0.718316341,0.6779999948732761,Train
ja512762r_si_002_auto,13.2428,11.09142,13.2428,0.709182,2154.21,3037.6,0.0,0.0,0.7414,1.04543,0.0,0,0.1818536409,0.4611065808369626,Train
ja512973b_si_002_auto,17.75046,8.47189,17.75013,0.458587,2258.74,4925.43,0.0,0.0,0.7852,1.71222,0.000436122,0,0.2848359921,0.3400687404711043,Train
ja512973b_si_003_auto,21.33814,8.58252,20.92518,0.403686,1883.32,4665.31,0.0,0.0,0.8204,2.03227,0.000495434,0,0.2799076544,0.33863481942071316,Train
ja512973b_si_004_auto,23.13451,12.211,23.13368,0.298536,1643.34,5504.68,0.0,0.0,0.864,2.89413,0.0,0,0.2827582124,0.4152375784714755,Train
ja512973b_si_005_auto,25.24149,10.49588,25.24149,0.291153,1600.36,5496.62,0.0,0.0,0.8684,2.98262,0.000686924,0,0.3065070177,0.33765397752322046,Train
ja5131269_si_002_clean,10.86981,8.81904,10.86239,0.665683,2359.22,3544.05,0.0,0.0,0.7502,1.12696,0.0,0,0.5826713009000001,0.5414672501828992,Test
ja5131269_si_003_clean,10.97224,8.95533,10.97224,0.663582,2332.5,3515.02,0.0,0.0,0.7592,1.14409,0.0,0,0.6162395359,0.4797509109772266,Train
ja5b00365_si_002_clean,21.77625,7.63115,21.77625,0.452533,2037.74,4502.96,0.0,0.0,0.826,1.82528,0.0,0,0.4325967145,0.4122918214593767,Train
ja5b02556_si_002_clean,4.73869,3.95041,4.3237,1.15657,768.798,664.724,0.0,0.0,0.4702,0.406548,0.0,0,1.1206474229,1.0691800214139957,Train
ja5b02897_si_003_clean,11.87679,10.79351,11.87679,1.06888,1595.23,1492.43,0.0,0.0,0.6484,0.606614,0.0,1,0.4412707683,0.3401592213115838,Test
ja5b02999_si_002_clean,17.68621,16.73879,17.68621,0.597274,1774.03,2970.22,0.0,0.0,0.8228,1.37759,0.0,1,0.2899543298,0.37360743813568553,Train
ja5b02999_si_003_clean,14.70244,11.79351,14.69456,0.775127,1933.94,2495.0,0.0,0.0,0.7872,1.01557,0.0,1,0.2812382780999999,0.3534372878873159,Train
ja5b02999_si_004_clean,14.69185,13.06998,14.68941,0.678878,1913.08,2818.01,0.0,0.0,0.7962,1.17282,0.0,1,0.3240844595,0.4037845963338427,Train
ja5b02999_si_006_clean,15.81495,13.61984,15.81495,0.591093,1861.23,3148.79,0.0,0.0,0.7794,1.31858,0.0,1,0.3273865847,0.48604706825655664,Test
ja5b02999_si_007_clean,19.24151,15.81933,18.17294,0.414726,1795.61,4329.62,0.0,0.0,0.8236,1.98589,0.0,1,0.439601757,0.43320080607087463,Train
ja808995d_si_002_clean,17.63143,10.03888,17.62334,0.751788,1337.16,1778.64,192.928,256.625,0.6832,0.908766,0.0,1,0.7705240415000001,0.637327268634241,Train
ja809985t_si_002_clean,22.77836,8.92569,22.41884,0.406231,1793.65,4415.34,0.0,0.0,0.8602,2.11751,0.0,0,0.4030318264,0.4000167494064526,Train
ja903726m_si_002_clean,12.24865,4.72993,12.24865,0.820334,2060.46,2511.73,0.0,0.0,0.6832,0.832831,0.0,0,0.3048368399,0.5741845253098771,Train
ja905009e_si_002_clean,7.4254,5.9743,7.38064,1.40157,2795.33,1994.43,0.066678,0.0475737,0.7066,0.504148,0.0,1,0.133715133,0.34451554220167124,Test
ja907023c_si_001_clean,9.61179,5.4202,9.50068,0.666698,1801.22,2701.7,393.55,590.296,0.69,1.03495,0.0,0,0.5118853586,0.5191126224330918,Train
ja907023c_si_002_clean,9.7447,5.39631,9.52834,0.66078,1783.63,2699.29,403.357,610.425,0.6912,1.04604,0.0,0,0.5179651203,0.524372882720205,Train
ja907023c_si_003_clean,9.71412,5.38216,9.47423,0.667627,1783.85,2671.92,384.965,576.618,0.6968,1.0437,0.0,0,0.5273153226,0.5301987330827497,Train
ja907023c_si_004_clean,9.71962,5.45923,9.49261,0.665822,1776.52,2668.16,388.062,582.832,0.695,1.04382,0.0,0,0.5160178924000001,0.5216333825253169,Test
JABMEF_clean,4.29453,3.62408,4.28019,1.76637,1054.03,596.719,0.0,0.0,0.558,0.315902,0.0,0,0.9166606457,0.8362147433849247,Test
jacs.5b12516_ja5b12516_si_002_clean,8.05832,6.63779,8.05832,1.47307,1756.87,1192.66,0.0,0.0,0.6028,0.409213,0.000135771,1,0.1474946307,0.18380326337993563,Train
jacs.5b12516_ja5b12516_si_003_clean,8.53606,6.74383,8.51304,1.39796,1816.6,1299.47,0.0,0.0,0.6282,0.44937,0.0,1,0.1438491785,0.2201004021387697,Train
jacs.5b12516_ja5b12516_si_004_clean,8.49651,6.78307,8.47146,1.40015,1810.97,1293.41,0.0,0.0,0.6308,0.450522,0.0,1,0.1438843507,0.23516668406590308,Train
jacs.5b13491_ja5b13491_si_002_clean,10.00499,6.00632,8.35178,0.770104,1492.72,1938.34,566.054,735.036,0.688,0.893386,0.0,1,0.6392263116,0.5938410670969466,Train
jacs.6b01345_ja6b01345_si_001_clean,20.28746,11.03087,20.28746,0.706861,1313.51,1858.23,15.0052,21.228,0.6976,0.986898,0.0,1,0.8716256736,0.3326771123563267,Test
jacs.6b01663_ja6b01663_si_003_clean,27.62636,19.6462,27.62636,0.319125,1432.79,4489.74,0.0,0.0,0.874,2.73874,0.0,1,0.366757207,0.43973231739173413,Test
jacs.6b02030_ja6b02030_si_002_clean,9.27827,8.57062,9.27827,1.61278,1536.21,952.52,0.0,0.0,0.6184,0.383437,0.0,1,0.3326230914,0.2608783236910969,Train
jacs.6b02030_ja6b02030_si_003_clean,9.33807,8.65245,9.33807,1.33968,1588.12,1185.45,0.0,0.0,0.6278,0.468619,0.0,1,0.473829167,0.3210217720187256,Train
jacs.6b04608_ja6b04608_si_003_clean,17.74549,10.18366,17.61731,0.472151,1971.53,4175.64,0.0,0.0,0.8228,1.74266,0.000423593,0,0.3301185534,0.3302822660039907,Test
jacs.6b06759_ja6b06759_si_002_clean,14.81093,8.19624,14.81093,0.576281,2199.59,3816.87,0.0,0.0,0.7704,1.33685,0.000347053,0,0.4453650403,0.36552332974953133,Train
jacs.6b06759_ja6b06759_si_003_clean,15.38405,7.99425,15.37857,0.667947,2168.98,3247.23,0.0,0.0,0.7722,1.15608,0.000299425,0,0.300643954,0.35484656679372883,Train
jacs.6b06759_ja6b06759_si_004_clean,15.4905,7.85668,15.48477,0.558595,2165.23,3876.2,0.0,0.0,0.7746,1.38669,0.000358041,0,0.3531513538,0.35381996778093505,Train
jacs.6b08724_ja6b08724_si_009_clean,28.38912,26.8915,28.38912,0.324235,1424.57,4393.62,0.0,0.0,0.8668,2.67337,0.0,1,0.4539432668,0.43906680552058175,Train
jacs.6b08724_ja6b08724_si_014_clean,28.056,26.5894,28.056,0.284192,1417.0,4986.05,0.0,0.0,0.8798,3.09579,0.0,1,0.5503759393,0.4705885634252279,Train
jacs.6b08724_ja6b08724_si_016_clean,28.19813,26.70296,28.19813,0.327356,1415.91,4325.28,0.0,0.0,0.8786,2.68393,0.0,1,0.4617741885999999,0.43882588757120033,Test
jacs.6b09113_ja6b09113_si_002_clean,13.34579,11.70118,13.34579,0.574767,1929.82,3357.56,0.0,0.0,0.7742,1.34698,0.000347967,1,0.3524479772,0.3718270374073321,Train
jacs.6b09155_ja6b09155_si_009_clean,8.83227,8.6768,8.83227,0.846692,1685.24,1990.38,0.0,0.0,0.6728,0.794622,0.0,0,0.4086733601,0.4677298375316612,Train
JADBIC_clean,6.8732,4.88929,6.87248,1.16013,1658.2,1429.33,0.0,0.0,0.5776,0.497877,0.0,1,0.4934843259,0.5782916777785301,Train
JADJOQ_clean,5.63389,5.12978,5.62594,1.03186,2420.1,2345.38,0.0,0.0,0.6734,0.65261,0.0,1,0.5276361078,0.4387076689231737,Train
JADMAF_clean,5.40649,3.68585,5.39971,1.18993,400.217,336.338,47.5494,39.9599,0.4748,0.399016,0.0,1,0.3492515604,0.4714051353546925,Test
JAFPIQ_clean,7.18163,6.66781,7.16788,1.29779,1736.11,1337.74,0.0,0.0,0.6626,0.51056,0.0,1,0.1450593351,0.18423295518867833,Train
JAKBIJ_clean,5.97609,4.07891,5.95911,0.794839,2068.46,2602.36,0.0,0.0,0.6772,0.851997,0.0,0,0.3099829061,0.4618268503542814,Train
JAKBOP01_clean,5.57699,4.27379,5.57277,0.833702,1977.55,2372.01,0.0,0.0,0.6608,0.792609,0.0,0,0.3074280944,0.449084584292429,Train
JAKBOP_clean,5.76914,4.18918,5.68942,0.806983,2029.2,2514.56,0.0,0.0,0.6692,0.829261,0.0,0,0.3177680842,0.3709334827551273,Train
JAKBUV_clean,5.57167,3.71325,5.56165,0.804799,1950.58,2423.69,0.0,0.0,0.669,0.831263,0.0,0,0.2758757582,0.3578730588641703,Train
JALCAD_clean,10.23917,5.38907,7.72274,0.840589,1476.7,1756.74,567.482,675.1,0.661,0.786353,0.0,1,1.1226025929,0.8714265948008968,Train
JALLEQ_clean,20.72686,7.8738,20.45456,0.987929,1836.17,1858.6,0.0,0.0,0.7646,0.773942,0.000202444,1,0.1392298763,0.1365154247079592,Train
JALLOA_clean,21.13684,18.33831,21.13684,0.755302,1118.2,1480.46,7.09089,9.38816,0.8308,1.09996,0.00158877,1,0.1518837174,0.1470188002976482,Train
JALTUL_clean,4.54107,3.68666,4.49534,0.520686,2635.05,5060.73,0.0,0.0,0.6792,1.30443,0.0,0,0.3089641623999999,0.3846006331000942,Train
JASNAT_clean,4.78374,3.98828,4.76573,1.2488,1042.64,834.91,0.0,0.0,0.5318,0.425847,0.0,0,1.0606246924,0.9168136005658534,Test
JAVNIE_clean,7.27986,4.97275,7.26799,0.939534,2385.4,2538.91,0.0,0.0,0.669,0.712055,0.0,1,0.5083818018999999,0.5755138059032122,Train
JAVSUV_clean,5.63959,3.43313,5.63872,1.69188,1126.3,665.708,0.0,0.0,0.4934,0.291628,0.0,0,2.9984947613,2.8304311447143387,Train
JAVTEG_clean,6.01685,3.69212,6.01685,1.47606,1556.57,1054.55,0.0,0.0,0.549,0.371936,0.0,0,2.3799928714,1.0644543938126718,Test
JAVWUY_clean,5.48014,3.89264,5.47915,1.114,1459.0,1309.69,0.0,0.0,0.5932,0.532494,0.0,1,0.6277681684,0.6656820130859092,Train
JEBCOJ_clean,7.20433,5.04936,7.20433,1.89362,858.504,453.367,0.0,0.0,0.4412,0.232993,0.0,0,0.2708658691,0.29151535634964637,Train
JEDJUY_clean,5.0551,4.14906,5.0551,1.66961,1339.59,802.333,0.0,0.0,0.4474,0.267966,0.0,1,0.5319857775,0.5995067872108651,Train
JEDKEJ_clean,11.82785,6.92938,11.82019,0.805938,1577.17,1956.93,0.028495,0.0353563,0.6606,0.819666,0.0,0,0.1813263285,0.3633175103948736,Train
JEJWOL_clean,9.81493,7.51137,9.63023,0.647443,2248.07,3472.22,0.0,0.0,0.754,1.16458,0.0,1,0.4022481732,0.44641814462313156,Test
JELPAS_clean,6.6136,5.51475,6.6136,2.20984,1180.92,534.391,0.0,0.0,0.4712,0.213228,0.0,1,0.4552100309,0.30569862704178047,Train
JENKET_SL,12.8466,11.09496,12.83423,0.704786,1452.89,2061.46,0.0,0.0,0.6858,0.973062,0.0,1,0.4028074672999999,0.3974527259458828,Test
JENKIX_SL,9.92059,7.48583,9.85803,1.01231,1221.66,1206.81,0.0,0.0,0.5698,0.56287,0.0,1,0.4202151844,0.3063033127380281,Train
JETZAK_clean,6.92889,6.03574,6.92889,0.751805,1979.79,2633.39,0.0,0.0,0.6492,0.863522,0.0,1,0.7208242491,0.5945223789362597,Train
JEWYAM_charged,15.97384,6.3885,15.95282,0.758636,1416.77,1867.53,462.668,609.868,0.711,0.937208,0.0,0,0.411588888,0.5399588919360035,Test
j.ica.2016.05.002_2_clean,7.92311,7.02117,7.40406,1.04215,1506.32,1445.4,0.0,0.0,0.5762,0.552895,0.0,1,0.4092721568999999,0.5621452051934133,Train
j.ica.2016.08.030_3_clean,5.42105,4.17711,5.42004,0.867442,2120.17,2444.17,0.0,0.0,0.6348,0.731807,0.0,1,0.7127069697,0.8071379547014558,Test
JILWIL_clean,8.24655,3.54646,8.24655,1.48902,1339.88,899.835,0.0,0.0,0.545,0.366011,0.0,0,3.1725272214,2.9717185455304524,Train
JILWOR_clean,10.37997,3.63188,10.37997,1.43849,1318.22,916.388,0.0,0.0,0.5592,0.38874,0.0,0,2.6067564646,1.7713826234352825,Test
JILXOS_clean,4.50507,4.05314,4.50324,1.57483,481.643,305.838,0.0,0.0,0.4424,0.280919,0.0,1,0.4684926929999999,0.45974021731740833,Test
j.inoche.2015.01.025_INC05862-mmc2_clean,4.92906,3.897,4.88525,1.27844,1610.15,1259.46,0.0,0.0,0.5778,0.451957,0.0,0,1.1226835929,1.030326444971576,Train
j.inoche.2015.03.028_inc05925-mmc2_clean,5.98483,4.5721,5.97294,0.945356,2162.97,2287.99,0.0,0.0,0.6338,0.670435,0.0,0,1.0236282415,0.9185464365613607,Train
j.inoche.2015.03.054_CIFs_clean,12.69533,7.85866,12.69533,0.704617,2272.11,3224.61,0.0,0.0,0.79,1.12118,0.0,1,0.3277572496,0.3907580290990862,Train
j.inoche.2015.12.019_1_clean,6.46265,4.53541,6.46076,1.0284,1784.75,1735.46,0.0,0.0,0.5772,0.561258,0.0,0,0.8723731898999999,0.8138643504850246,Train
JISVAJ_clean,8.23303,6.49522,8.23303,0.862534,2413.26,2797.87,0.0,0.0,0.71,0.823156,0.0,1,0.3712720456,0.5010148942617738,Train
JITPOS_SL,5.87095,4.85353,5.87048,1.43918,1047.46,727.817,0.0,0.0,0.485,0.336998,0.0,1,0.3103884839999999,0.5474270355605708,Test
JITQEI_clean,4.74821,3.43684,4.74019,0.96574,1149.8,1190.59,1.38371,1.4328,0.5672,0.587322,0.0,1,0.4899570246,0.7435192278115953,Test
JIVFUQ_clean,6.2294,5.27198,6.22457,1.14554,1736.51,1515.89,0.0,0.0,0.6318,0.55153,0.0,0,0.6645154057,0.6135784101225363,Train
JIVHIG_clean,5.86134,3.79303,5.86134,0.999234,920.272,920.978,0.0,0.0,0.4348,0.435133,0.0,1,0.4854925821999999,0.5291640839381634,Train
JIVSEN_clean,4.65844,4.22522,4.64209,1.94999,466.538,239.251,0.0,0.0,0.392,0.201026,0.0,1,0.2237252245,0.2884483148654844,Train
JIXWUJ01_clean,4.91458,3.91959,4.91458,1.63925,888.533,542.037,0.0,0.0,0.4672,0.285009,0.0,0,0.2421986448,0.3516117405418846,Train
JIXWUJ02_clean,4.89442,3.8959,4.88243,1.64878,881.814,534.829,0.0,0.0,0.4588,0.278267,0.0,0,0.2403656089,0.37719705023674543,Test
JIXWUJ_clean,4.9428,3.96901,4.93448,1.63196,890.669,545.765,0.0,0.0,0.469,0.287384,0.0,0,0.2422816743,0.3505167354184475,Train
JIYXUL_clean,6.59669,5.39005,6.562,2.75496,1188.02,431.228,0.0,0.0,0.4754,0.172562,0.0,1,0.0264236618,0.1401423328058835,Train
JIZJAF_clean,10.25461,9.82723,10.24056,1.07189,1137.99,1061.67,0.0,0.0,0.5772,0.538489,0.0,0,0.2199974703,0.21194752714622006,Train
JIZJEJ_clean,10.34811,9.92334,10.34811,1.06947,1137.02,1063.16,0.0,0.0,0.5768,0.53933,0.0,0,0.2215884968,0.20944154825542904,Test
JIZJOT_clean,10.25508,9.65715,10.24861,1.06872,1112.51,1040.98,4.63217,4.33432,0.5712,0.534472,0.0,0,0.2214383606,0.22982285445826317,Train
JIZJUZ_clean,10.30863,9.86894,10.26273,1.07331,1114.06,1037.97,0.0,0.0,0.5706,0.531626,0.0,0,0.2211464292,0.1908804626214186,Train
JIZWEW_clean,6.00475,5.39741,6.00471,1.02738,1409.26,1371.7,0.0,0.0,0.5578,0.542934,0.0,0,0.8026761929,0.777280325911099,Train
JIZWIA_clean,5.73459,5.3907,5.73388,1.0417,1399.8,1343.76,0.0,0.0,0.5588,0.536429,0.0,0,0.8711006922,0.7728473779335908,Train
JIZWOG_clean,5.77811,5.24857,5.77811,1.0286,1416.31,1376.93,0.0,0.0,0.5656,0.549873,0.0,0,0.8926147976000001,0.8283461421233793,Test
j.jssc.2014.11.015_mmc2_clean,5.22329,3.73672,5.11659,0.962226,1097.58,1140.67,0.0,0.0,0.5588,0.580737,0.0,0,1.3674447127,0.9182782959208242,Test
j.jssc.2015.05.012_mmc6_clean,5.19284,3.47327,4.97212,1.17487,1114.95,948.996,0.0,0.0,0.5544,0.471883,0.0,1,0.5814710166,0.7494847300869585,Train
j.jssc.2016.09.008_mmc8_clean,4.48976,3.77657,4.48976,1.63203,829.111,508.026,0.0,0.0,0.4792,0.293623,0.0,1,0.4058603281,0.502852041899917,Train
JOCWIJ_clean,13.89765,5.51402,13.89722,0.824207,1875.6,2275.65,13.4154,16.2767,0.735,0.891766,0.0,1,0.2228895773999999,0.47831405092289153,Test
JOFGOC_clean,5.75292,4.66172,5.55476,1.28873,519.931,403.445,222.923,172.979,0.4708,0.365321,0.0,1,0.3292582089,0.7735374025263765,Test
JOFKIA01_clean,6.88318,5.09054,6.88318,1.58969,1147.61,721.91,0.0,0.0,0.53,0.333399,0.0,1,0.2509215791,0.3536049008830979,Train
JOFKIA_clean,6.957,5.13094,6.957,1.57886,1125.97,713.155,0.0,0.0,0.5264,0.333406,0.0,1,0.2451604757,0.3217252682530979,Train
JOGHEU_clean,4.6871,3.79057,4.64785,1.04241,1656.32,1588.93,0.0,0.0,0.5686,0.545465,0.0,1,0.3917846282,0.6416356790001624,Train
JOGHIY_clean,4.7279,3.83843,4.69154,1.03019,1565.61,1519.72,0.0,0.0,0.5608,0.544364,0.0,1,0.4134992838,0.6387374924749855,Train
JOGSAA_clean,12.97631,9.4474,12.86758,0.420776,1989.54,4728.27,0.0,0.0,0.8226,1.95496,0.0,1,0.3705068046,0.41153201066250034,Train
JOHFIW_manual,6.80122,6.39579,6.80122,1.29813,1554.38,1197.39,0.0,0.0,0.5754,0.443252,0.0,0,0.6964367765,0.7204264621219711,Train
JOJKUQ_clean,18.63152,8.76045,18.62188,0.609363,1817.58,2982.76,0.0,0.0,0.7992,1.31153,0.0,0,0.3988590097999999,0.3720228826053482,Train
JOKXAI10_clean,4.67354,3.99704,4.67354,1.55632,737.434,473.833,0.0,0.0,0.5056,0.32487,0.0,1,0.1213916701,0.1360205601563919,Train
JOKXAI_clean,4.68166,4.00596,4.68147,1.55341,734.6,472.896,0.0,0.0,0.502,0.323161,0.0,1,0.1210588756,0.16954987455505266,Test
JOKXEM10_clean,4.65592,3.94576,4.65486,1.57353,726.043,461.41,0.0,0.0,0.5,0.317757,0.0,1,0.1214457924,0.12225146663272057,Train
JOKXEM_clean,4.6554,3.9457,4.65434,1.57353,726.052,461.416,0.0,0.0,0.5004,0.318011,0.0,1,0.120938348,0.12225146663272057,Test
JOKXOW10_clean,4.65545,3.95436,4.6545,1.5749,721.126,457.885,0.0,0.0,0.5016,0.318495,0.0,1,0.1197656986,0.11118919961467416,Train
JOKXOW_clean,4.65344,3.95436,4.65249,1.5749,718.186,456.019,0.0,0.0,0.5018,0.318622,0.0,1,0.1201123115,0.13006783344421713,Train
JOKXUC10_clean,4.62045,3.87167,4.62045,1.57557,703.325,446.394,0.0,0.0,0.499,0.31671,0.0,1,0.1225151872,0.1510922213076083,Train
JOKXUC_clean,4.54485,3.93734,4.54439,1.57557,692.186,439.324,0.0,0.0,0.4938,0.31341,0.0,1,0.1163636718,0.22025214319578817,Test
JOKYAJ_clean,4.98975,3.80682,4.92018,1.55283,739.05,475.936,0.0,0.0,0.512,0.32972,0.0,1,0.1207548696,0.15162024125955792,Train
JOKYEN_clean,5.04569,3.84468,4.80961,1.54631,723.173,467.677,0.0,0.0,0.5112,0.330594,0.0,1,0.1195895133,0.14403275531318788,Train
JOKYIR10_clean,5.00078,3.76275,4.99703,1.55706,710.679,456.424,0.0,0.0,0.5092,0.327027,0.0,1,0.1194213886999999,0.16407647001463066,Train
JOKYIR_clean,5.00078,3.76275,4.99703,1.55706,710.679,456.424,0.0,0.0,0.5092,0.327027,0.0,1,0.1184690668999999,0.16407647001463066,Train
JOKYOX10_clean,4.99892,3.69875,4.99892,1.57161,677.229,430.914,0.0,0.0,0.5068,0.322472,0.0,1,0.1146171726999999,0.15558461125488066,Train
JOKYOX_clean,4.99892,3.69875,4.99892,1.57161,690.001,439.041,0.0,0.0,0.5096,0.324253,0.0,1,0.1214607624,0.16457168133804212,Train
JOLYEQ_clean,10.48054,10.40031,10.48054,1.12044,787.1,702.494,0.0,0.0,0.5464,0.487667,0.0,0,0.1143919192,0.18708630231837448,Test
JOQSOZ_clean,6.10079,4.1274,6.09895,1.15948,1782.04,1536.94,0.0,0.0,0.5942,0.512473,0.0,1,0.348873335,0.625483705979012,Train
JOQZUM_clean,5.68246,5.15937,5.6766,1.419,1065.4,750.809,34.7517,24.4903,0.522,0.367865,0.0,1,0.1273582883,0.7845337492461876,Test
JORBAV_clean,5.6025,5.15328,5.59565,1.72417,1077.57,624.98,31.7982,18.4426,0.5402,0.31331,0.0,1,0.1093650311999999,0.6650558474967431,Test
JORLEJ_clean,9.51377,6.43314,9.51377,0.798695,1989.75,2491.25,0.0,0.0,0.6678,0.836114,0.0,1,0.4675592839,0.5231770532589907,Train
JORRAL_clean,6.90146,4.37137,6.90002,0.999683,1472.23,1472.69,0.0,0.0,0.5752,0.575382,0.0,1,0.8654071051000001,0.6954426319876351,Train
JORSEQ_clean,4.96868,3.55075,4.83089,1.43147,797.865,557.376,0.0,0.0,0.4912,0.343145,0.0,1,0.9643005824,0.663781805285626,Train
JORVET_clean,10.62231,4.72909,10.62231,0.840025,2012.33,2395.56,0.0,0.0,0.6632,0.789501,0.0,1,0.7255880940999999,0.7403588369634049,Train
JOSNAG01_clean,4.34391,3.48794,4.33354,1.48639,790.023,531.506,0.0,0.0,0.5002,0.336521,0.0,1,0.3084616342,0.510507681048551,Test
JOSNAG_clean,4.31831,3.47722,4.26587,1.49368,756.727,506.618,0.0,0.0,0.503,0.336751,0.0,1,0.3044706112,0.4268455936365785,Test
JOVXEZ_clean,4.48882,3.73021,4.48882,1.13994,1278.34,1121.41,0.0,0.0,0.558,0.4895,0.0,1,0.5556874681,0.8470759935235084,Train
JOWFOQ_clean,6.87554,6.2746,6.85501,1.0117,2308.98,2282.27,0.0,0.0,0.7136,0.705344,0.0,1,0.1756635137,0.24747259370900782,Train
JOXPIX_clean,5.23239,4.07998,5.23239,2.19565,717.149,326.623,0.211459,0.0963082,0.4132,0.188191,0.0,1,0.1150262251,0.14859581313483078,Test
JOYKUF_clean,15.8468,15.75155,15.8468,0.656923,1385.91,2109.7,0.0,0.0,0.7706,1.17304,0.0,1,0.357716012,0.44476384562832594,Test
jp102463p_si_002_clean,7.50467,7.0978,7.502,1.02131,1655.17,1620.62,0.0,0.0,0.6276,0.614502,0.0,0,0.5227962789,0.5894643515052272,Train
jp102463p_si_004_clean,7.69309,7.15133,7.69309,1.0015,1823.95,1821.21,0.0,0.0,0.6478,0.646828,0.0,0,0.5948069044,0.5581907806310384,Test
jp2064408_si_002_clean,12.93309,6.73336,12.93309,0.876804,2105.23,2401.03,0.0,0.0,0.7182,0.819111,0.0,1,0.728423624,0.6096772002399119,Train
jp209895d_si_002_clean,5.49532,3.6076,5.46456,1.0177,1748.28,1717.87,0.0,0.0,0.5898,0.57954,0.0,1,1.0949703281999998,1.0119514461581056,Train
JUCGUL_clean,6.1601,4.88151,6.1601,0.959179,1807.63,1884.57,0.0,0.0,0.5894,0.614484,0.0,1,0.915380376,0.8090097525923121,Train
JUCXEK_clean,7.06758,6.25925,7.06758,2.58085,1392.56,539.574,0.0,0.0,0.5948,0.230467,0.0,1,0.0732071862,0.11710532392732242,Train
JUFREJ_clean,6.336,6.00289,6.33424,2.30777,537.799,233.038,0.0,0.0,0.3782,0.163881,0.0,1,0.0858206144999999,0.14072483741068426,Train
JUGQIN_clean,6.60597,5.16054,6.59079,1.12408,2425.27,2157.56,0.0,0.0,0.675,0.600491,0.0,1,0.385379198,0.34644843261329017,Train
JUGQOT_clean,6.35365,5.03774,6.35365,1.16137,2402.86,2068.99,0.0,0.0,0.662,0.570019,0.0,1,0.3939393992,0.40604572462325406,Train
JUJMOS_clean,10.00436,3.46125,9.10166,1.00404,871.243,867.739,634.245,631.694,0.6146,0.612128,0.0,0,0.5772508848,0.62297076194652,Train
JUJTAL_clean,5.88047,3.45324,5.88047,1.10464,953.649,863.311,0.0,0.0,0.5102,0.461869,0.0,1,1.0975514358,0.6452178073023348,Test
JUMCOL_clean,7.85155,7.4129,7.84422,0.988066,1824.14,1846.18,0.0,0.0,0.6392,0.646921,0.0,0,0.555806475,0.590585588232365,Train
JUMCUR_clean,6.66565,6.12054,6.47961,1.03261,1670.88,1618.12,0.0,0.0,0.6176,0.598098,0.0,0,0.5657715856000001,0.5956879499423801,Train
JUMDAY_clean,6.08117,5.71486,6.04254,1.0654,1666.94,1564.61,0.0,0.0,0.599,0.562229,0.0,0,0.6165853540999999,0.7037238038582961,Train
JUMDEC_clean,6.63074,6.11727,6.62182,1.03639,1700.67,1640.96,0.0,0.0,0.617,0.595335,0.0,0,0.5817777964,0.5921652571578528,Train
JUNBOL_clean,4.23505,3.57437,4.22469,1.56146,719.857,461.015,0.0,0.0,0.4554,0.29165,0.0,0,0.4045795225,0.6010848177642831,Train
JUNBUR_clean,6.68812,5.2162,6.6842,1.12906,2243.68,1987.2,0.0,0.0,0.6588,0.583492,0.0,1,0.5619841372,0.47483635453312567,Train
JUQVAU_clean,7.11924,4.2578,6.73222,1.25075,1718.51,1373.98,0.35167,0.281167,0.5804,0.464042,0.0,1,0.5131112131000001,0.552358122598082,Train
JURKIS_clean,7.21804,4.89996,7.21804,1.05199,1093.71,1039.66,0.0,0.0,0.5258,0.499814,0.0,1,0.2538163144,0.4794772557423683,Train
JUSBAC_clean,5.9515,3.58022,5.94467,1.69538,782.353,461.462,0.0,0.0,0.4474,0.263894,0.0,1,0.5255675657,0.4469688979188161,Test
JUSKAL_clean,5.98148,5.50358,5.98148,1.39089,683.78,491.614,0.0,0.0,0.4456,0.320371,0.0,1,0.233304856,0.3229129991704708,Test
JUTCIM_clean,15.74073,14.87864,15.74073,0.734143,2013.05,2742.03,0.0,0.0,0.7486,1.01969,0.0,1,0.7145271609999999,0.5048756322254195,Test
JUTCUW_SL,6.94384,5.61196,6.94384,1.08226,2751.52,2542.38,0.0,0.0,0.7548,0.697429,0.0,0,0.1657454645,0.15439854618958626,Train
JUVROJ_clean,5.07744,3.63748,5.07744,1.35621,1447.17,1067.07,0.0,0.0,0.563,0.415127,0.0,0,0.6848995347,0.7434674725760326,Train
JUXFAL_clean,5.68774,4.91257,5.68774,1.89851,1234.68,650.342,0.0,0.0,0.4776,0.251566,0.0,0,0.3923059045,0.7814470878905302,Train
JUXFOZ_clean,6.56163,5.01898,6.56163,0.789798,2685.32,3400.01,0.0,0.0,0.699,0.885037,0.0,1,0.7297636031,0.6850160768486667,Train
JUYJIY_clean,8.93591,6.40725,8.93528,0.861374,1865.56,2165.8,0.0,0.0,0.6744,0.782935,0.0,0,0.5276812916,0.4790907593921796,Test
JUYROM_clean,6.54798,4.58648,6.32354,0.991599,1825.87,1841.34,0.0,0.0,0.6014,0.606495,0.0,0,0.8494447008,0.8390674235778861,Train
jz4002345_si_002_clean,8.57756,4.11023,8.57756,1.21659,1656.78,1361.82,0.0,0.0,0.594,0.488251,0.000328789,0,0.4779056322,0.4526876362176416,Train
jz4002345_si_003_clean,8.23229,4.10889,8.23229,1.21659,1653.43,1359.07,0.0,0.0,0.5956,0.489565,0.000164394,0,0.4872986534,0.501832996106669,Train
jz4002345_si_005_clean,8.17701,3.85924,8.17701,1.11826,1495.8,1337.62,0.0,0.0,0.578,0.516876,0.00017885,0,0.6290624345,0.6040648271512207,Train
jz4002345_si_006_clean,8.7001,4.17817,8.7001,1.56011,1731.24,1109.69,0.0,0.0,0.5976,0.383051,0.000256393,0,0.351179378,0.40303033941139765,Train
KABNIL_clean,4.822,3.60721,4.822,1.40695,1317.06,936.108,0.0,0.0,0.5446,0.387078,0.0,1,0.7609512026,0.6494625760283889,Test
KABXES_clean,5.52619,4.96961,5.37117,1.18279,1951.27,1649.71,0.0,0.0,0.6294,0.53213,0.0,1,0.5989871936,0.5911804856427927,Test
KABXIW_clean,5.62028,4.9456,5.38973,1.141,1960.49,1718.22,0.0,0.0,0.6228,0.545837,0.0,1,0.5901687345000001,0.629803077525766,Test
KABXOC_clean,5.507,4.94994,5.35679,1.19591,1938.76,1621.16,0.0,0.0,0.616,0.51509,0.0,1,0.6126597807999999,0.6669833674562704,Train
KACZEV_clean,9.80506,5.54909,9.77983,0.780304,2624.36,3363.25,0.0,0.0,0.7202,0.922973,0.0,1,0.7181587789,0.6403858772175911,Train
KACZIZ_clean,8.95718,5.39384,8.83819,0.804507,2612.7,3247.58,0.0,0.0,0.7218,0.897196,0.0,1,0.7430267579000001,0.6288598176090692,Train
KADLOT_clean,9.00309,8.54299,8.9671,0.97843,1897.63,1939.47,0.0,0.0,0.6736,0.68845,0.0,1,0.4703702896,0.4941361014872169,Train
KADLUZ_clean,14.27976,9.75466,14.27887,0.875377,1931.83,2206.85,0.0,0.0,0.6958,0.794857,0.0,1,0.5169753189,0.5530356649540861,Test
KAGCAY_charged,10.06669,5.92468,10.06669,1.03617,1997.39,1927.67,0.0550289,0.053108,0.6814,0.657615,0.0,0,0.2833815964,0.40522760589858187,Train
KAGVUL_clean,6.24779,5.74251,6.24779,3.24848,1430.81,440.455,0.0,0.0,0.5524,0.170049,0.0,1,0.187947858,0.1982014951880271,Train
KAGWEW_clean,10.78843,9.81151,10.76706,1.6648,1720.66,1033.55,0.0,0.0,0.7082,0.425396,0.0,1,0.1147660016,0.13064981174479773,Test
KAHMOW_clean,5.20373,4.91346,5.20373,1.50927,221.957,147.062,328.828,217.872,0.4508,0.298686,0.0,1,0.7247796356,0.7651641485842955,Test
KAHNOX_clean,6.67271,5.40663,6.66794,1.08519,2578.11,2375.72,0.0,0.0,0.741,0.682828,0.0,1,0.091446539,0.1527672346698798,Test
KAHPUE_clean,5.5467,4.52994,5.5467,1.10879,1597.49,1440.76,0.0,0.0,0.5904,0.532473,0.0,1,0.280500808,0.5841241038820579,Train
KAHYEY_clean,3.89651,3.5765,3.89651,1.95338,467.631,239.396,0.0,0.0,0.401,0.205285,0.0,1,0.2786957432,0.5173372605121802,Test
KAHYID_clean,8.93039,4.11514,8.89727,1.11173,2249.06,2023.03,0.0,0.0,0.7014,0.630911,0.0,1,0.2133223796,0.19409812525284043,Train
KAHYOJ_clean,8.86827,4.20402,8.86827,1.11868,2254.43,2015.26,0.0,0.0,0.7004,0.626094,0.0,1,0.2171827675,0.1984573984791993,Train
KAHYUP_clean,8.96058,4.23716,8.87271,1.11708,2278.94,2040.08,0.0,0.0,0.7126,0.637912,0.0,1,0.2069460383,0.15923944001704943,Test
KAJZIH_clean,8.4847,6.59254,8.46458,1.73964,1004.17,577.227,0.0,0.0,0.4824,0.277298,0.0,1,0.2699041238,0.21840741666222147,Train
KAKCAD_clean,9.06904,5.14285,6.93826,0.88724,1840.24,2074.12,0.0,0.0,0.6138,0.691809,0.0,1,0.5594858641,0.6311627932181674,Train
KAKCEH01_clean,8.87027,8.43287,8.86098,1.05825,1407.83,1330.34,0.0,0.0,0.5852,0.55299,0.0,0,0.3665993354,0.4070927355981151,Train
KAKCEH02_clean,9.05571,8.66764,9.05571,1.03977,1417.11,1362.9,0.0,0.0,0.5874,0.564931,0.0,0,0.3544645213,0.4245782774643033,Train
KAKCEH_clean,9.06296,8.67891,9.0551,1.03141,1421.05,1377.78,0.0,0.0,0.5742,0.556714,0.0,1,0.3613749268999999,0.37253447044507354,Train
KALFEK_clean,6.54196,4.56831,6.52391,0.938074,1723.71,1837.5,0.0,0.0,0.6008,0.640461,0.0,0,0.8758595633,0.8032650417702181,Test
KALFOU_clean,6.46523,4.80891,6.4631,0.94279,1718.26,1822.53,0.0,0.0,0.5936,0.629621,0.0,0,0.9530377317,0.7980710530854889,Test
KALGAH_clean,6.33471,4.78818,6.33036,0.937811,1809.34,1929.33,0.0,0.0,0.5982,0.637868,0.0,0,0.9144135704,0.8707058538364569,Train
KALGEL_clean,6.46285,4.62415,6.46285,0.930333,1709.53,1837.55,0.0,0.0,0.6066,0.652024,0.0,0,0.8683132031,0.8026231931131691,Train
KANDIO_clean,6.34814,4.18035,6.34814,1.16715,1258.72,1078.45,0.0,0.0,0.5426,0.464892,0.0,1,0.8380890001000001,0.6452578827440043,Test
KANMIX_clean,9.77148,3.95127,9.76981,1.08328,1654.63,1527.42,0.0,0.0,0.6392,0.590057,0.0,1,0.6269045947,0.5450234967786335,Train
KARLUM_clean,12.53415,7.4934,12.53415,0.637007,2138.43,3357.0,0.0,0.0,0.7386,1.15949,0.0,0,0.4730763745,0.49297080071275745,Train
KARNAU_clean,15.53234,10.48172,15.53234,0.459782,1976.67,4299.13,0.0,0.0,0.8028,1.74604,0.0,0,0.562581633,0.4265089560047669,Train
KARNID_clean,13.04357,6.77607,13.04357,0.899644,2279.39,2533.66,0.0,0.0,0.69,0.76697,0.0,1,0.6859096011,0.663793852665896,Train
KARTAA_clean,6.20188,4.23592,5.30961,1.89212,1747.42,923.525,0.0,0.0,0.5718,0.3022,0.0,0,0.3594286995,0.6284954076273026,Train
KASRAZ_clean,6.01546,4.14091,6.00986,0.986437,2302.7,2334.36,0.0,0.0,0.6452,0.654071,0.0,1,0.6731312264,0.703904205284211,Train
KASRED_clean,7.65199,6.36839,7.38295,0.889824,2356.91,2648.74,0.0,0.0,0.6808,0.765095,0.0,1,0.6002598722,0.5837522098669794,Train
KATDAM_clean,6.25403,6.06717,6.25403,1.40557,375.411,267.088,0.0,0.0,0.4372,0.311048,0.0,0,0.069726756,0.0824949555592237,Train
KAVGAQ_clean,5.26252,4.91537,5.26252,1.15534,1485.59,1285.85,0.0,0.0,0.5246,0.454067,0.0,0,0.955908138,0.8973874243177329,Train
KAVJAT_charged,6.84822,4.59519,6.84227,1.0747,2178.51,2027.08,0.0,0.0,0.6228,0.579508,0.0,0,0.2309412688,0.6395385809734782,Train
KAVJEX01_clean,9.52843,6.46475,9.52268,1.03139,1993.36,1932.71,0.0,0.0,0.6454,0.62576,0.0,0,0.2075479225,0.5261464962100179,Train
KAVJEX_clean,8.73636,5.24821,8.73636,1.1563,1804.89,1560.92,0.0,0.0,0.605,0.523221,0.0,0,0.2513913681,0.5254864802257696,Train
KAVKIC_clean,5.02071,3.4738,5.02071,2.5731,618.391,240.329,0.0,0.0,0.3932,0.152812,0.0,1,0.244545928,0.22584136288758327,Train
KAVNIH_clean,8.43697,7.72021,8.43697,1.03874,1070.95,1031.01,0.0,0.0,0.5158,0.496565,0.0,0,0.4915105396,0.3556312320793755,Train
KAVTEI_clean,5.69693,3.84932,5.6869,1.19116,1393.16,1169.59,0.886343,0.744103,0.5548,0.465766,0.0,0,0.6036984875,0.7506031092745964,Train
KAVTUY_clean,5.22962,4.08985,5.19903,2.0701,676.869,326.975,0.0,0.0,0.424,0.204821,0.0,1,0.2214364824,0.2407018224202216,Train
KAWBOB_clean,7.62136,6.38807,7.35051,1.08418,1533.97,1414.86,0.0,0.0,0.5764,0.531645,0.0,1,0.398144857,0.5554719178187968,Train
KAWHEY_clean,18.21481,15.58526,18.21481,0.462868,1507.18,3256.18,0.0,0.0,0.8126,1.75558,0.0,1,0.3721103755,0.3793253470175601,Train
KAXQIL_clean,5.12409,3.76819,5.12409,1.55224,467.005,300.859,0.0,0.0,0.3454,0.222517,0.0,0,1.0317122072,0.9824297501511097,Train
KAYBIX_clean,5.6946,5.49039,5.6894,1.21439,1338.7,1102.37,0.0,0.0,0.5044,0.415354,0.0,1,1.0626393813,0.9735028055533406,Train
KAYBUJ_clean,5.49315,5.23582,5.46639,1.19412,1383.3,1158.42,0.0,0.0,0.511,0.427931,0.0,1,1.0077428145,0.9102446715973211,Train
KAYCIY_clean,5.92381,4.85823,5.92381,0.977102,1893.89,1938.27,0.0,0.0,0.5954,0.609353,0.0,1,0.6925957815,0.8017837392365983,Train
KEBDIG_charged,6.72563,5.57122,6.72563,1.15231,951.277,825.536,0.0,0.0,0.4938,0.428529,0.0,0,1.0437216606,0.6074029293477059,Train
KEBFII_clean,5.16866,4.1674,5.16866,1.42464,1443.53,1013.26,0.0,0.0,0.5604,0.393361,0.0,1,0.2695372346,0.5216210223729781,Train
KECRAL10_clean,7.14324,5.71599,7.14324,1.04513,2666.2,2551.06,0.0,0.0,0.762,0.729094,0.0,1,0.1321141139,0.09803118253901466,Train
KECRAL12_clean,6.84524,5.44973,6.84445,1.04937,2682.68,2556.47,0.0,0.0,0.7656,0.729579,0.0,1,0.1352685139,0.10012363813838038,Train
KECRAL_clean,7.14304,5.71829,7.14304,1.04514,2648.0,2533.63,0.0,0.0,0.759,0.726219,0.0,1,0.1317044905,0.12661935447282507,Test
KEDJAG01_clean,5.62745,4.42901,5.626,1.06272,3032.17,2853.21,0.0,0.0,0.6922,0.651347,0.0,0,0.2891079171,0.3176947728090614,Test
KEDJAG02_clean,5.64435,4.47405,5.63077,1.05807,3043.38,2876.34,0.0,0.0,0.6944,0.656287,0.0,0,0.2888123139,0.29741814454718984,Test
KEDJAG03_clean,5.73609,4.60094,5.73609,1.03985,3094.03,2975.45,0.0,0.0,0.6998,0.672979,0.0,0,0.2879275016,0.2913744654271882,Test
KEDJAG04_clean,5.58759,4.3837,5.56019,1.07026,3013.15,2815.34,0.0,0.0,0.6894,0.644141,0.0,0,0.2877317644,0.3276316755072597,Test
KEDJAG06_clean,5.60157,4.39581,5.5618,1.06802,3018.73,2826.48,0.0,0.0,0.6908,0.646807,0.0,0,0.2866631987999999,0.31868770076848507,Train
KEDJAG08_clean,5.61357,4.40385,5.61357,1.06606,3021.96,2834.71,0.0,0.0,0.6918,0.648934,0.0,0,0.2857544187,0.2965413600826954,Test
KEDJAG10_clean,5.6275,4.42824,5.62604,1.06272,3031.79,2852.86,0.0,0.0,0.692,0.651159,0.0,0,0.2917623539,0.3176947728090614,Train
KEDJAG12_clean,5.63489,4.44582,5.40576,1.06079,3035.28,2861.33,0.0,0.0,0.6926,0.652908,0.0,0,0.2882610539,0.2953383755744069,Test
KEDJAG14_clean,5.64072,4.46761,5.621,1.05911,3041.81,2872.03,0.0,0.0,0.6942,0.655454,0.0,0,0.287366255,0.2940970291923216,Test
KEDJAG16_clean,5.644,4.47445,5.6433,1.05807,3043.8,2876.74,0.0,0.0,0.6942,0.656098,0.0,0,0.2885127161,0.3005592065835254,Train
KEDJAG18_clean,5.65854,4.50803,5.65314,1.0548,3060.96,2901.94,0.0,0.0,0.6954,0.659272,0.0,0,0.2904780778999999,0.29936678913776704,Train
KEDJAG20_clean,5.67593,4.5303,5.67504,1.05131,3067.91,2918.19,0.0,0.0,0.6962,0.662224,0.0,0,0.2898908661,0.29896867905378877,Test
KEDJAG22_clean,5.70452,4.56197,5.70452,1.04697,3123.81,2983.66,0.0,0.0,0.6974,0.666112,0.0,0,0.2878476089,0.2944796088126152,Test
KEDJAG24_clean,5.73555,4.60029,5.7012,1.03985,3093.95,2975.36,0.0,0.0,0.6996,0.672786,0.0,0,0.2863775822,0.2913744654271882,Train
KEDJAG26_clean,5.76062,4.63585,5.58828,1.03565,3107.22,3000.25,0.0,0.0,0.7004,0.676287,0.0,0,0.2889101825,0.29289462110496384,Train
KEDJAG28_clean,5.787,4.68615,5.787,1.03012,3120.56,3029.31,0.0,0.0,0.7,0.67953,0.0,0,0.2923735335,0.30840888414727846,Train
KEDJAG_clean,5.61338,4.40406,5.55816,1.06606,3021.98,2834.73,0.0,0.0,0.6918,0.648934,0.0,0,0.2831918585,0.2935276382029492,Train
KEDNOY_clean,4.98967,3.63243,4.9802,1.21306,941.075,775.788,0.0,0.0,0.514,0.423723,0.0,1,1.5066347032,1.1084880116501412,Train
KEDQAN_clean,6.47084,4.69781,6.47084,1.24227,903.446,727.254,0.0,0.0,0.4856,0.390897,0.0,0,0.6349493006,0.4424168624205751,Test
KEFBEE_clean,11.08232,7.03865,11.08232,0.706119,2334.22,3305.7,0.0,0.0,0.7482,1.05959,0.0,1,0.519424115,0.5738685785938104,Test
KEFBII_clean,11.60551,5.69321,11.58639,0.756483,2453.14,3242.83,0.0,0.0,0.7332,0.969223,0.0,1,0.6688119249,0.7222606488490965,Train
KEFBOO_clean,11.98728,8.05488,11.98728,0.72084,2302.73,3194.5,0.0,0.0,0.7462,1.03518,0.0,1,0.5269943043,0.5331224392250806,Test
KEFWAV_clean,4.19377,3.55017,4.10153,1.43831,578.428,402.157,0.568123,0.394992,0.4896,0.340399,0.0,1,0.5578337764,0.5402062954085382,Train
KEFWEZ_charged,5.67031,4.17239,5.67031,1.18787,1490.34,1254.63,0.0,0.0,0.5346,0.450049,0.0,0,0.6517833346999999,0.860929034102933,Train
KEFWID_clean,5.1885,3.70567,5.1885,1.78935,815.911,455.982,0.0,0.0,0.4748,0.265348,0.0,1,0.4170343004999999,0.41930360203991035,Train
KEGYAX_clean,4.05397,3.78362,4.05397,2.49857,460.926,184.476,0.0,0.0,0.3628,0.145203,0.0,1,0.1564038187,0.2196392800065758,Train
KEGZOL01_clean,6.43501,4.94371,6.43501,0.973544,2580.97,2651.11,0.0,0.0,0.724,0.743675,0.0,0,0.2640101231,0.379780550463358,Test
KEGZOL02_clean,5.90632,4.48545,5.90632,0.991222,2611.36,2634.48,0.0,0.0,0.7042,0.710436,0.0,0,0.2578789929,0.3370167461672021,Train
KEGZOL03_clean,6.38762,4.90333,6.38762,0.985223,2558.92,2597.3,0.0,0.0,0.7104,0.721055,0.0,0,0.269042577,0.36826794705298915,Test
KEGZOL_clean,6.39792,4.91247,6.39792,0.989226,2580.25,2608.35,0.0,0.0,0.72,0.727842,0.0,0,0.2723584735,0.31926810131289873,Train
KEHFUA_clean,4.97412,3.92327,4.96359,1.11198,578.781,520.497,332.856,299.337,0.5476,0.492456,0.0,1,0.5952280335,0.6918312286652603,Train
KEHGAH_charged,8.41883,6.8178,8.41883,0.985883,1722.07,1746.73,0.0,0.0,0.628,0.636992,0.0,0,0.5288631321,0.5519123423427865,Test
KEHGIP_clean,4.93159,3.98659,4.92634,1.07028,1453.04,1357.62,0.0,0.0,0.5542,0.517807,0.0,1,1.279410817,0.8947063214455953,Train
KEJBOQ_clean_h,5.17871,3.9347,5.17066,1.30921,1037.24,792.266,0.0,0.0,0.5384,0.411242,0.0,1,1.3027459034,0.7448423764781639,Test
KEJHIQ_clean_h,5.28754,3.98518,5.28525,1.29873,1052.26,810.224,0.0,0.0,0.5454,0.41995,0.0,1,1.2171041009,0.7940588061329514,Train
KENJEU_clean,6.20454,3.65645,6.19551,1.18024,913.968,774.393,4.05812,3.43839,0.5244,0.444317,0.0,1,0.3619782824,0.45027058214969234,Train
KEPPIF_clean,7.58494,5.23607,7.09943,1.25981,2380.78,1889.8,0.0,0.0,0.6804,0.540084,0.0,1,0.2954644831,0.31268369963867976,Train
KEQDER_clean,13.61666,6.49901,13.37179,0.543402,2314.06,4258.46,0.0,0.0,0.7794,1.4343,0.0,1,0.5959358968,0.5438383240658039,Train
KESBIU_charged,5.75057,4.00781,5.59048,1.13972,1487.51,1305.15,0.499128,0.437939,0.5544,0.486435,0.0,1,0.5073443670000001,0.7372521277132383,Train
KESBOA_clean,6.05718,4.26017,6.04665,0.970091,1926.33,1985.72,0.0,0.0,0.5956,0.613963,0.0,1,0.5206235008,0.8050095730988797,Test
KESBUG_clean,6.02545,4.0393,5.99647,0.986984,1894.92,1919.91,0.0,0.0,0.59,0.597781,0.0,1,0.4746770458,0.740346639765108,Train
KESGAS_clean,5.62194,5.11595,5.6016,1.12689,1067.74,947.506,0.0,0.0,0.5322,0.472273,0.0,1,0.5960404247,0.6199937401978732,Train
KESHAT_clean,4.71415,3.88542,4.71415,1.78814,1095.1,612.422,0.0,0.0,0.4878,0.272797,0.0,1,0.2275967937,0.3895288455632028,Test
KETHEY01_clean,5.27207,3.57986,5.2523,1.48689,974.284,655.251,0.0,0.0,0.4998,0.336139,0.0,1,0.9082661232,0.7362651332360823,Test
KETHEY02_clean,5.25403,3.55446,5.25403,1.49143,984.672,660.22,0.0,0.0,0.4862,0.325996,0.0,1,0.935368938,0.7008455411802827,Test
KETHEY_clean,5.2876,3.58603,5.2765,1.48195,986.779,665.865,0.0,0.0,0.491,0.33132,0.0,1,0.9182420682,0.7476783780583984,Train
KEVVIS_clean,6.50043,5.82364,6.50043,1.16086,1001.29,862.542,0.0,0.0,0.5192,0.447255,0.0,1,0.3685069304,0.4079738308562809,Train
KEVWUF_clean,9.52723,4.19884,9.52723,1.04193,2188.13,2100.07,0.0,0.0,0.7092,0.680658,0.0,1,0.2210771068,0.21018266134599745,Train
KEWBUL_clean,5.54329,4.14541,5.54329,1.48949,971.772,652.421,0.0,0.0,0.4996,0.335418,0.0,1,0.3815056042,0.4573564370310168,Train
KEWNUX_clean,10.50155,5.22557,10.50155,1.81291,2313.92,1276.36,0.0,0.0,0.6966,0.384245,0.0,1,0.0898234422,0.19188353697299354,Train
KEWZET_clean,6.38285,4.89652,6.37584,1.09177,1385.23,1268.79,0.0,0.0,0.5274,0.483068,0.0,1,0.5235145681000001,0.6671153222356643,Train
KEXFAU_clean,4.63469,3.96609,4.63178,0.913347,1885.16,2064.02,0.0,0.0,0.6022,0.659333,0.0,1,0.7140729053,0.8528821347730349,Train
KEXFIC10_clean,4.89247,3.74563,4.89153,1.59304,659.951,414.272,0.0,0.0,0.4988,0.313112,0.0,1,0.1127463074,0.10370206884806704,Train
KEXFIC_clean,4.90739,3.75202,4.9029,1.59304,664.487,417.119,0.0,0.0,0.5,0.313865,0.0,1,0.1120407985,0.09733522736454009,Train
KEYFUR_clean,5.43827,4.92439,5.43827,1.64151,456.158,277.889,0.0,0.0,0.4004,0.243921,0.0,1,0.1328913185,0.15146538432533097,Train
KEYMUY_clean,6.53351,5.26079,6.50691,1.20658,1362.71,1129.4,0.0,0.0,0.5562,0.460973,0.0,1,0.6584540042,0.5750222495934547,Train
KEYROX_clean,11.21887,3.60068,11.21229,0.939946,1552.8,1652.01,0.0,0.0,0.65,0.691529,0.0,0,0.2544898995,0.2505711493409563,Test
KEYYET_clean,4.99758,4.16066,4.97856,2.73182,2341.44,857.098,0.0,0.0,0.6236,0.228273,0.0,1,0.0593726343,0.05618278680469313,Train
KIBDEF_clean,4.31904,3.92279,4.31686,2.00589,798.722,398.188,0.0,0.0,0.4762,0.2374,0.0,1,0.5109941407,0.4790007059503173,Test
KIBDIJ_clean,4.30909,3.88512,4.30289,2.07432,740.264,356.871,0.0,0.0,0.4854,0.234004,0.0,0,0.5027764562,0.8524162828255808,Train
KICXAX_clean,5.16268,4.57333,5.16268,3.58491,368.423,102.77,1.6771,0.467821,0.3658,0.102039,0.0,1,0.044757669,0.016592343596095294,Train
KICXEB_clean,5.19321,4.51034,5.19321,3.50049,366.788,104.782,3.53238,1.00911,0.3962,0.113184,0.0,1,0.0466789495,0.007424767752797323,Train
KIDDIM_clean,5.26498,3.54235,5.26498,1.46293,1254.88,857.787,0.054983,0.0375841,0.5414,0.370079,0.0,1,0.7733331974,0.6430733719572528,Test
KIDDOS_clean,5.1988,3.52628,5.1988,1.34479,1175.14,873.846,0.0,0.0,0.5262,0.391287,0.0,1,1.1222776051,0.8447877868928397,Train
KIDVIE_clean,6.06928,4.27938,6.0515,1.59401,1653.86,1037.55,0.0,0.0,0.5994,0.376033,0.0,1,0.2224648498,0.32230726840931867,Train
KIFJIT_charged,4.8015,3.58209,4.8015,1.28128,258.644,201.864,172.457,134.598,0.4944,0.385866,0.0,0,0.4312306153,0.5051188627370159,Train
KIFWUT_clean,5.20547,3.53873,4.99626,1.38567,317.914,229.429,0.0,0.0,0.4078,0.294297,0.0,1,0.2794102741,0.3301690416362621,Train
KIGCEK_clean,10.39364,10.27787,10.39364,0.990795,1293.94,1305.96,0.0,0.0,0.603,0.608602,0.0,1,0.2409041119,0.3152970613839825,Train
KIJPUQ_clean,4.83597,4.0538,4.82906,1.04226,1795.93,1723.11,0.0,0.0,0.619,0.593902,0.0,1,0.6843167831999999,0.9359729443287526,Test
KIJRUS_clean,12.14192,7.10734,11.60914,0.697914,2309.15,3308.64,0.0,0.0,0.7064,1.01216,0.0,1,0.7306692903,0.6709368172808419,Train
KIKDAL_clean,6.22689,3.75929,6.04304,1.41993,422.344,297.441,0.0,0.0,0.4098,0.288607,0.0,0,0.206427708,0.2237283437785198,Train
KIKFIV_clean,6.97244,5.06027,6.95895,1.05179,1573.15,1495.68,0.0,0.0,0.5538,0.52653,0.0,1,0.4559341265,0.6065538476536809,Train
KINDOC_clean,6.25246,5.98089,6.23061,1.0194,1977.32,1939.7,0.0,0.0,0.6526,0.640183,0.0,1,0.5870348755,0.6170405220825271,Test
KINFAQ_clean,7.6173,5.59807,7.60335,1.3531,1646.54,1216.86,0.0,0.0,0.602,0.444903,0.0,1,0.537045115,0.4072801658378124,Test
KINFEU_clean,7.75525,5.37339,7.72099,1.46024,1528.12,1046.49,0.0,0.0,0.5768,0.395004,0.0,1,0.588921785,0.33772603796494394,Train
KINNIG_clean,5.23856,4.20025,5.23856,0.934994,2808.15,3003.39,0.0,0.0,0.672,0.718721,0.0,0,0.8054563171,0.7187321963099988,Train
KINPUU_clean,5.05147,4.16271,5.05147,1.13092,540.779,478.177,0.321066,0.283899,0.472,0.41736,0.0,1,0.3973096079,0.4562324525512686,Train
KINQAB_clean,5.083,4.08701,5.083,1.12522,554.857,493.112,3.99845,3.5535,0.4816,0.428007,0.0,1,0.3869579849,0.5104845167166324,Test
KINRIK_clean,9.88966,4.92572,9.88966,1.29557,1990.08,1536.07,0.0,0.0,0.6774,0.52286,0.0,1,0.1261908064,0.2286802757113397,Test
KINROQ_clean,9.89689,4.84005,9.89689,1.30206,1987.71,1526.59,0.0,0.0,0.6598,0.506735,0.0,1,0.1274000498,0.43186207720832903,Test
KIPJIE_clean,6.98996,5.50834,6.97989,1.65051,1046.06,633.782,0.0,0.0,0.4498,0.272521,0.0,0,0.2279207560999999,0.4518344149854656,Train
KIPJOK_clean,7.22312,5.53705,7.21754,1.64475,1067.63,649.113,0.0,0.0,0.4574,0.278097,0.0,1,0.2362839882,0.30652700296050095,Train
KIPJUQ_clean,7.29399,6.9774,7.2828,1.83817,548.504,298.397,9.18351,4.99601,0.453,0.246441,0.0,1,0.0873153548,0.20642864843153524,Test
KIPKAX_clean,7.3989,7.10265,7.38802,1.86184,543.943,292.153,8.42327,4.52417,0.4534,0.243523,0.0,1,0.1266406863,0.22674045815172061,Test
KIPKEB_clean,7.31365,7.00422,7.30257,1.55565,545.263,350.505,9.24741,5.9444,0.4558,0.292997,0.0,1,0.1212662742,0.1394559545675439,Train
KIPZEQ_clean,4.90958,4.0897,4.90138,1.27414,1102.16,865.023,0.0,0.0,0.4878,0.382847,0.0,1,0.7081850918000001,0.7977683946300271,Train
KIRFIA_clean,5.7578,4.65199,5.7578,1.02515,3140.54,3063.5,0.0,0.0,0.6918,0.674829,0.0,0,0.2816512598,0.3643347879154415,Train
KIRTUC_clean,4.85053,4.15268,4.83508,1.33238,1171.73,879.427,0.0,0.0,0.5362,0.402437,0.0,0,2.0459248832,1.3248162417183735,Train
KISVEO_clean,12.37009,6.46344,11.80655,2.21622,1903.3,858.806,0.0,0.0,0.6734,0.303851,0.0,1,0.1554553437,0.12670043374518913,Train
KITVEQ_clean,6.53651,4.25527,6.53589,1.13006,897.316,794.041,0.0,0.0,0.4944,0.437498,0.0,0,0.4761740206,0.5335071263713608,Train
KIVDUQ_clean,6.26762,4.30044,6.26762,1.44826,1375.59,949.827,0.0,0.0,0.529,0.365266,0.0,1,0.2534130604,0.4843137785489701,Train
KIVFAY_clean,6.23242,4.28797,6.23242,1.46353,1355.07,925.895,0.0,0.0,0.5256,0.359132,0.0,1,0.2496851696,0.48151059678850544,Test
KIVFEC_clean,6.2609,4.2583,5.97896,1.47095,1347.56,916.116,0.0,0.0,0.5236,0.355961,0.0,1,0.2496399687,0.4880415569496735,Test
KIYMIQ_clean,7.09051,6.95471,7.08404,1.0379,1177.89,1134.87,0.0,0.0,0.482,0.464398,0.0,1,0.7297731051999999,0.68529768239922,Train
KIYQEQ_clean,5.83028,3.92148,5.83028,1.25472,1762.89,1405.01,0.0,0.0,0.5742,0.457633,0.0,1,0.8481134449,0.740333914486657,Test
KIYQIU_clean,5.86454,4.0944,5.8642,1.28277,1638.51,1277.32,0.0,0.0,0.564,0.439672,0.0,1,0.9626772442,0.6581107718858765,Train
KIYQOA_clean,4.76031,3.94678,4.76031,1.3892,1043.7,751.292,0.0,0.0,0.5312,0.382377,0.0,1,1.0400186542,0.7718898017591889,Train
KIYTOD_clean,14.38752,6.75209,13.57035,0.794229,1901.95,2394.72,0.0,0.0,0.7144,0.899489,0.0,1,0.4735905685,0.5664147168125756,Test
KIYXUN_clean,17.29009,12.6482,17.27598,0.96734,1415.77,1463.57,0.0532371,0.0550346,0.6946,0.718052,0.0,1,0.141722119,0.25901007467643133,Train
KOBFIR_clean,7.61968,5.81939,7.61968,0.929894,1834.94,1973.28,0.0,0.0,0.6418,0.690186,0.0,0,0.6044520300999999,0.6599814328801794,Train
KOBRAV01_clean,6.38674,3.78902,6.38674,1.36238,822.472,603.704,0.0,0.0,0.4712,0.345866,0.0,1,0.325195505,0.40188326175846345,Train
KOBRAV_clean,6.35889,3.80128,6.35889,1.36336,826.663,606.343,0.0,0.0,0.4722,0.34635,0.0,1,0.3293629477,0.41143178427473004,Test
KOCCUC_clean,9.17407,6.81795,9.17407,1.04186,1636.71,1570.96,6.29699,6.044,0.6142,0.589525,0.0,1,0.385628973,0.45641515698965096,Train
KOCWEF_clean,8.13442,3.87575,8.10204,1.046,828.231,791.809,624.804,597.328,0.5872,0.561377,0.0,1,0.4957391203,0.781552713713557,Test
KOFPEB01_clean,7.3154,5.12362,7.3154,1.77872,899.08,505.464,0.0,0.0,0.461,0.259175,0.0,0,0.2636781035,0.31245092093927457,Train
KOFPEB02_clean,7.34058,5.07386,7.34058,1.77151,892.32,503.707,0.0,0.0,0.46,0.259666,0.0,0,0.2755796637,0.3114557782348229,Train
KOFPEB03_clean,7.32397,5.11399,7.32397,1.7716,886.883,500.612,0.0,0.0,0.461,0.260217,0.0,0,0.2615499,0.3072503219800152,Train
KOFPEB04_clean,7.23942,4.91036,7.23942,1.7997,891.039,495.105,0.0,0.0,0.4576,0.254265,0.0,0,0.2987010507,0.3078526129221292,Train
KOFPEB_clean,7.31754,5.12695,7.31754,1.78125,881.099,494.651,0.0,0.0,0.4574,0.256786,0.0,0,0.2703958337,0.31080337007872094,Train
KOFVOS_clean,5.23992,4.30833,5.23699,1.25499,1442.74,1149.6,0.0,0.0,0.543,0.432672,0.0,1,0.7392612128,0.7704204835806023,Train
KOGYIP_clean,5.27845,4.86254,5.27845,1.3895,794.839,572.034,0.0,0.0,0.4714,0.33926,0.0,1,0.2121274007,0.389097820174892,Train
KOHDIW_clean,6.97684,4.55031,6.84951,0.806536,2130.46,2641.49,0.0,0.0,0.6532,0.809883,0.0,1,0.6478392557,0.6708824170132117,Train
KOHKIC_clean,9.61717,7.1473,9.61717,0.879264,1566.05,1781.09,99.4285,113.081,0.6478,0.736752,0.0,1,0.5251738985000001,0.5919841969972878,Train
KOHKOI_clean,9.75224,7.03631,9.74499,0.882485,1556.94,1764.27,99.8155,113.107,0.639,0.724092,0.0,1,0.5234958101,0.6462288618216162,Test
KOHLIE_clean,6.85522,4.84816,6.83832,0.971676,1685.5,1734.63,0.0,0.0,0.5992,0.616666,0.0,1,0.5579515244,0.6305633676956764,Train
KOJTOU_clean,6.48228,4.55814,6.48011,1.0623,1935.66,1822.14,0.0,0.0,0.6082,0.57253,0.0,1,0.528730325,0.737437108127772,Test
KOJZEP_manual,15.61444,13.71841,15.61444,0.514247,2543.27,4945.62,0.0,0.0,0.7936,1.54323,0.0,1,0.5008125245,0.5345328802658732,Train
KOJZIT_clean,16.19567,14.7503,16.19567,0.506406,2424.91,4788.47,0.0,0.0,0.7912,1.56238,0.0,1,0.5504137372,0.5336210868217316,Train
KOJZUF_clean,5.27662,4.93416,5.27372,1.16508,1131.52,971.191,0.0,0.0,0.5138,0.440998,0.0,1,0.5162854339,0.66988039209761,Train
KOKKOL_clean,5.52004,3.68761,5.13882,1.35428,964.882,712.469,2.40449,1.77548,0.5008,0.369791,0.0,1,0.8345813969,0.6377157801234221,Train
KOMCOG_clean,8.14869,7.69355,8.14119,0.987789,1275.19,1290.95,0.0,0.0,0.5856,0.592839,0.0,0,0.4516915304,0.4303590355579242,Train
KOMDAT_clean,8.28379,7.41139,8.23195,0.998413,1202.66,1204.57,0.0,0.0,0.5776,0.578518,0.0,0,0.3765824397999999,0.40719078845868184,Train
KOMGUP_clean,4.68805,3.52352,4.66923,1.59631,799.407,500.784,0.0,0.0,0.5144,0.322243,0.0,0,0.7179745853,0.7858129905710456,Train
KOMVIT_clean,5.90535,4.58324,5.82203,1.08467,916.631,845.08,0.0,0.0,0.4426,0.408051,0.0,1,0.2777829693,0.35232264309729255,Train
KONCIA_clean,4.36737,3.44948,4.36567,1.89084,688.357,364.048,0.0,0.0,0.4706,0.248884,0.0,0,0.5264380673,0.6421615543460901,Test
KONSAJ_clean,18.94329,3.74567,18.94329,1.10475,1183.2,1071.01,0.0,0.0,0.647,0.585652,0.0,1,0.1380549476999999,0.22005248014525408,Train
KONYOB_clean,4.69642,3.80022,4.68366,1.36629,635.393,465.049,0.0,0.0,0.4666,0.341508,0.0,1,0.1678062504,0.44640106585056133,Train
KOQLUZ_clean,5.1448,3.57576,5.11859,3.8283,1063.95,277.916,0.0,0.0,0.4726,0.123449,5.22e-05,1,0.0719268674,0.059394303547453675,Train
KORNAI_clean,6.27152,3.95758,6.27152,1.38102,999.488,723.73,0.0,0.0,0.4722,0.34192,0.0,1,0.3541285786,0.4835498908514219,Train
KOSJAF_clean,10.99192,9.84925,10.99026,1.18883,1563.88,1315.47,0.0,0.0,0.6324,0.53195,0.0,1,0.3304915704,0.3440854279688954,Test
KOSJEJ_clean,11.06598,9.80954,11.06598,1.1867,1573.29,1325.77,0.0,0.0,0.637,0.536783,0.0,1,0.3375650228,0.3426554449739757,Train
KOSJIN_clean,11.01144,9.80964,11.01144,1.18637,1561.55,1316.25,0.0,0.0,0.6378,0.537607,0.0,1,0.3307444481,0.34424264663411774,Train
KOSJOT_clean,11.15761,9.87899,11.15761,1.18127,1568.08,1327.45,0.0,0.0,0.6374,0.539589,0.0,1,0.3327247298,0.3540994664606401,Train
KOSJUZ_clean,11.10045,9.86004,11.10045,1.1813,1571.58,1330.38,0.0,0.0,0.6394,0.541269,0.0,1,0.3309492434,0.3475023087215347,Test
KOSKAG_clean,11.20025,9.92421,11.20025,1.17831,1553.45,1318.38,0.0,0.0,0.64,0.543152,0.0,1,0.3337540489,0.3422309544267035,Train
KOSKEK_clean,11.20845,9.89743,11.20845,1.17889,1581.37,1341.4,0.0,0.0,0.6412,0.543901,0.0,1,0.3330043198999999,0.3389082521928042,Train
KOSKIO01_clean,11.01399,9.78872,11.01003,1.18277,1548.2,1308.96,0.0,0.0,0.6322,0.534508,0.0,1,0.3113013581,0.3415436209376965,Train
KOSKIO_clean,11.01742,9.84741,11.01742,1.18828,1532.31,1289.52,0.0,0.0,0.6324,0.5322,0.0,1,0.3306375983,0.34036581595832255,Train
KOSKUA_clean,11.38797,10.70957,11.38797,1.17105,1531.31,1307.64,0.0,0.0,0.6356,0.542761,0.0,1,0.3424961379999999,0.3787469048745149,Test
KOSLAH_clean,11.4975,10.81891,11.4975,1.16812,1568.04,1342.37,0.0,0.0,0.638,0.546177,0.0,1,0.3336863773999999,0.36622337815796746,Train
KOSLIP_clean,11.047,9.74411,11.047,1.19777,1578.73,1318.05,0.0,0.0,0.6514,0.543843,0.0,1,0.3383363565999999,0.3445296144751717,Train
KOSLOV_clean,11.06557,9.9584,11.06504,1.19415,1597.55,1337.81,0.0,0.0,0.6546,0.54817,0.0,1,0.3486275635,0.35314098055244664,Train
KOSLUB_clean,10.96072,9.79504,10.96072,1.20031,1612.87,1343.71,0.0,0.0,0.6478,0.539695,0.0,1,0.3373446909,0.3517764002040056,Test
KOSMAI_clean,11.0184,9.87166,11.0184,1.18797,1537.56,1294.27,0.0,0.0,0.6322,0.532166,0.0,1,0.3264864862,0.34100885427088545,Test
KOTSIX_clean,5.60667,4.32453,5.60667,1.2413,1001.47,806.796,0.0,0.0,0.493,0.397165,0.0,1,0.2582707705,0.5768827435093185,Train
KOVJAI01_clean,4.82969,3.81832,4.82273,1.56913,1845.61,1176.2,0.0,0.0,0.5908,0.376513,0.0,1,0.4143967279,0.45835138824671434,Train
KOVJAI_clean,5.14485,3.87668,5.14485,1.59025,1739.3,1093.73,0.0,0.0,0.5728,0.360194,0.0,1,0.4262311745,0.3986710137803806,Train
KOXFUA_clean,4.69443,3.97759,4.69443,1.13804,1028.96,904.147,0.0,0.0,0.5206,0.457451,0.0,0,0.5501280360999999,0.875457387256395,Train
KOXGAH_clean,5.583,3.66466,5.55273,1.2752,1155.67,906.265,0.0,0.0,0.5562,0.436166,0.0,1,0.5268479615,0.6265633776142141,Test
KOXGIP_clean,6.17141,3.90334,6.16279,1.0195,1425.23,1397.97,0.0,0.0,0.5534,0.542815,0.0,0,0.4414655275,0.9580800136912548,Test
KOYRAT_charged,5.60484,4.74964,5.60484,1.07243,1405.15,1310.25,0.0,0.0,0.5576,0.519939,0.0,1,0.7124043123,0.6380007177169705,Test
KOZNIY_clean,6.57194,5.24744,6.52017,1.04618,2076.22,1984.58,0.0,0.0,0.6344,0.606399,0.0,1,0.4415498458,0.6846487182646773,Train
KOZQEX_clean,22.4236,6.86083,22.4236,0.430914,1919.0,4453.33,0.0,0.0,0.8428,1.95584,0.0,1,0.4129214245,0.5190065183781647,Test
KOZSID_clean,5.70928,3.86868,5.70928,1.21403,346.494,285.408,0.0,0.0,0.432,0.35584,0.0,0,0.0608199529999999,0.26216214685894956,Test
KOZSOJ_clean,5.58117,3.74612,5.58117,1.23312,326.732,264.964,0.0,0.0,0.4264,0.34579,0.0,0,0.0582777883,0.2955332781763914,Test
KUBQAA_charged,7.40919,4.50215,7.40919,1.01071,1241.42,1228.26,0.0,0.0,0.5426,0.536848,0.0,0,0.540147862,0.6382953753613454,Train
KUCDIW_clean,15.32957,4.28733,15.14716,0.82417,1410.27,1711.14,0.0,0.0,0.6424,0.779451,0.0,0,0.3295996819,0.35257748430505526,Test
KUCDOD_clean,4.90891,3.62196,4.90891,1.35907,1386.6,1020.26,0.0,0.0,0.5556,0.40881,0.0,1,0.7021053429,0.6262867254177391,Test
KUDLUR_clean,7.15013,5.00794,7.15013,1.94765,848.423,435.613,0.0,0.0,0.4292,0.220368,0.0,0,0.267534346,0.32165193091459576,Train
KUDMAY_clean,7.16272,5.01285,7.16272,1.93261,861.664,445.855,0.0,0.0,0.439,0.227154,0.0,0,0.2745226277,0.28946110198910896,Test
KUDWAJ_clean,7.33926,6.28305,7.32227,0.91185,1922.64,2108.5,0.0,0.0,0.6474,0.709985,0.0,1,0.4189954821,0.5545356269779523,Train
KUFBEU_clean,5.14306,4.53772,5.14306,2.05503,811.697,394.98,0.0,0.0,0.4976,0.242137,0.0,1,0.1607953077,0.2445882062043223,Train
KUFTAI_clean,6.13135,4.37055,6.10622,0.966131,1917.87,1985.1,0.0,0.0,0.596,0.616894,0.0,1,0.913335383,0.8594998421898029,Train
KUFVAK_clean,6.38663,4.81205,6.34996,0.850503,2611.85,3070.95,0.0,0.0,0.6758,0.794589,0.0,1,0.6102633665999999,0.7287542741728364,Train
KUGZIW_clean,10.78109,9.76034,10.78096,0.954298,1397.44,1464.37,0.0,0.0,0.6244,0.654303,0.0,1,0.4294452546,0.37271845702945383,Test
KUHNEI_clean,4.79446,3.77144,4.77823,1.53468,1318.31,859.009,0.0,0.0,0.5006,0.326191,0.0,1,0.9286514622,0.7194917590702261,Train
KUJMEJ_clean,4.61683,4.05372,4.60817,1.34015,2066.31,1541.85,0.0,0.0,0.6314,0.47114,0.0,1,0.6221910868,0.7971629367646115,Test
KUJMIN_clean,6.57892,5.89807,6.49701,1.10785,2422.79,2186.93,0.0,0.0,0.699,0.630954,0.0,1,0.4855868875,0.3477415364434059,Train
KUJNEJ_clean,12.51834,7.61249,12.51295,0.637007,2148.52,3372.84,0.0,0.0,0.739,1.16011,0.0,0,0.490929138,0.4943772040271788,Train
KUJNOT_clean,8.23736,6.10049,8.23736,1.05875,1568.61,1481.57,0.0,0.0,0.6114,0.577473,0.0,1,0.5268585871,0.5100064373095458,Test
KUJNUZ_clean,8.0106,6.50203,7.98579,1.08206,1519.03,1403.83,0.0,0.0,0.6028,0.557085,0.0,1,0.5426790985000001,0.4950922982379972,Train
KUJPAH_clean,10.82391,6.6625,10.80154,0.808261,1985.69,2456.74,0.0,0.0,0.6988,0.864572,0.0,1,0.4755572171,0.5312964587370664,Train
KUJTUG_clean,6.64483,3.87362,6.64483,1.33823,656.021,490.215,0.0,0.0,0.462,0.345232,0.0,0,0.4956440106,0.3939332729353234,Test
KUKMUA_clean,7.32298,5.66775,7.31573,1.18063,2218.14,1878.78,0.0,0.0,0.6574,0.556822,0.0,1,0.5145412988,0.497297764990933,Train
KUKPOX_clean,5.10165,4.15013,5.10165,1.44975,1410.84,973.163,0.0,0.0,0.5516,0.38048,0.0,1,0.54437198,0.5463868520794136,Test
KUKZOH_clean,7.44729,5.70388,7.44729,0.883784,2165.19,2449.91,57.8203,65.4236,0.6614,0.748373,0.0,1,0.6866048954,0.6648517680744015,Train
KULLAG_clean,8.67819,7.37101,8.67819,0.808147,1895.46,2345.44,0.0,0.0,0.644,0.796885,0.0,1,0.3992555304,0.47595445243394763,Train
KULLEK_clean,9.57077,7.08727,9.56435,0.806267,1675.18,2077.7,0.0,0.0,0.6472,0.802712,0.0,1,0.2962039635,0.3854156744083189,Train
KULMEK_clean,13.21045,7.45311,13.20856,0.659951,2268.86,3437.92,0.0,0.0,0.7544,1.14311,0.0,0,0.3788084768,0.49838700864721847,Train
KULRIT_clean,5.77631,3.79148,5.77631,1.4748,1923.58,1304.31,0.0,0.0,0.5954,0.403717,0.000135612,1,0.5532939093,0.4063917303622564,Test
KULZEY_clean,5.33789,3.67614,4.8281,1.21787,366.738,301.132,43.558,35.7659,0.4728,0.38822,0.0,1,0.4015301143,0.4215769215520175,Train
KUMGIK_clean,4.46757,3.79797,4.46575,1.34004,1684.26,1256.87,0.0,0.0,0.5592,0.417301,0.0,0,1.0817973064,1.1341358031003401,Test
KUMGOQ_clean,5.8077,3.86323,5.63808,1.72243,1551.26,900.621,0.0,0.0,0.5892,0.342074,0.0,1,0.1567352639,0.3024550428057836,Train
KUNMUD_clean,4.95062,4.13329,4.94762,1.10605,938.168,848.212,43.6274,39.4442,0.5178,0.468151,0.0,0,0.8871352562999999,0.9271538270435725,Train
KUNSUJ_clean,17.88791,6.52688,17.88791,0.635531,1938.63,3050.41,0.0,0.0,0.7634,1.2012,0.0,1,0.5657948352000001,0.5117695728738161,Test
KUNWEW_clean,5.28786,3.80654,5.2803,1.47108,725.981,493.502,0.0,0.0,0.4468,0.303722,0.0,1,0.3020175914,0.4645064061365712,Train
KUQWIE_clean,4.08788,3.51453,4.08434,2.15741,347.669,161.151,0.0,0.0,0.4,0.185408,0.0,1,0.3644072173,0.3357931836965692,Train
KUQXIE_clean,4.66467,3.81788,4.64797,2.25323,873.463,387.649,0.0,0.0,0.4358,0.193411,0.0,1,0.4132384104,0.3801356847013693,Train
KUSZED_clean,6.91176,5.48765,6.90468,1.05966,2714.41,2561.59,0.0,0.0,0.7606,0.717779,0.0,1,0.1418554998,0.11225337786565154,Train
KUTDAG_clean,8.09572,7.27616,7.85826,1.05444,1387.54,1315.9,115.306,109.353,0.5816,0.551571,0.0,1,0.5644277024000001,0.6760654505446961,Test
KUTRUO_clean,6.83473,3.59668,6.83473,1.18846,813.826,684.776,8.77654,7.38483,0.5106,0.429633,0.0,0,0.2963362479,0.3440009580653394,Train
KUVJIW_clean,5.68037,4.76623,5.68037,2.51192,1254.16,499.284,0.0,0.0,0.5368,0.213701,0.0,1,0.2966344246,0.27620722445403345,Train
KUVMIZ_clean,15.75075,11.00764,15.73688,0.361001,1774.59,4915.74,0.0,0.0,0.8214,2.27534,0.0,1,0.3895871188,0.41407291250814093,Test
KUVMUL_clean,6.75392,4.07419,6.69615,0.89776,1801.49,2006.65,0.0,0.0,0.591,0.658305,0.0,1,0.4656514915999999,0.7403911398769976,Test
KUVYAD_clean,7.7679,4.64075,7.76059,0.97417,2004.06,2057.19,0.0,0.0,0.6464,0.663539,0.0,1,0.4787314309,0.640241499855972,Train
KUXLUL_clean,5.74302,5.27685,5.74302,1.21834,2265.85,1859.79,0.0,0.0,0.629,0.516277,0.0,1,0.6092849623,0.6061180542221634,Train
KUXREC_clean,9.08968,8.2956,9.08968,0.720728,2297.66,3187.98,0.0,0.0,0.7352,1.02008,0.0,1,0.4720446318999999,0.46429616755745445,Train
KUYPIF_clean,5.29478,4.2566,5.29396,1.44591,1143.68,790.98,0.0,0.0,0.5108,0.353273,0.0,1,1.5423244883000002,0.8127146870782829,Train
KUZPEC_clean,5.17179,3.98335,5.17179,1.18882,918.246,772.405,0.0,0.0,0.4884,0.410829,0.0,0,0.5182931444,0.713807960446147,Test
KUZZAI_clean,6.29773,3.71971,6.29294,1.09675,1370.58,1249.67,0.0,0.0,0.5312,0.48434,0.0,1,0.7740491297,0.753595333242847,Test
la304204k_si_003_clean,7.26398,5.93484,7.26398,0.928582,1704.47,1835.57,0.0,0.0,0.6226,0.670485,0.0,1,0.5773013093,0.587980234856672,Train
la4012839_si_002_auto,13.36908,6.74856,13.36908,0.867921,2110.92,2432.16,0.0,0.0,0.7182,0.827495,0.0,1,0.6573488838,0.607505066521914,Train
LABJUV_clean,5.11712,3.55603,5.11324,2.35598,595.818,252.896,0.0,0.0,0.4426,0.187862,0.0,1,0.1010162169999999,0.2738551684406328,Test
LABNAG_clean,10.27364,5.56329,10.24469,1.27911,1762.02,1377.54,0.0,0.0,0.6464,0.505353,0.0,0,0.2225383826,0.24438888919415186,Train
LABNIO_clean,10.05627,4.99033,10.05627,1.27605,1802.46,1412.53,0.0,0.0,0.6588,0.51628,0.0,0,0.258097647,0.2532188933807416,Train
LABPOV_clean,5.38943,3.83465,5.38943,1.71242,444.245,259.426,0.0,0.0,0.4352,0.254144,0.0,1,0.0793412499,0.16293935845842933,Train
LABPUB_clean,5.35903,3.85156,5.35903,1.74047,449.583,258.311,0.0,0.0,0.4336,0.249128,0.0,1,0.0776583659999999,0.16322167364579693,Test
LABQAI_clean,5.3891,3.9099,5.3891,1.74433,460.911,264.234,0.0,0.0,0.4348,0.249265,0.0,1,0.0782308939,0.16651970812440547,Test
LABRUE_clean,7.57658,5.24596,7.57658,1.02746,1360.51,1324.14,0.363733,0.354011,0.5524,0.537636,0.0,1,0.545847813,0.5764662811468918,Train
LACBID_clean,10.30601,6.64118,10.28692,0.805914,2114.88,2624.2,0.0,0.0,0.7002,0.868827,0.0,1,0.3812737528,0.6130231433983853,Test
LACGED_clean,5.2733,3.44165,5.13632,1.92322,520.432,270.604,0.0,0.0,0.4068,0.21152,0.0,1,0.5622803394,0.3444454118568526,Train
LACNUB_clean,10.94579,5.16973,10.93074,0.864094,1771.17,2049.74,0.852229,0.986269,0.6286,0.727467,0.0,1,0.6193494666,0.6901145503963454,Test
LACQIS_clean,6.42465,5.40382,6.41795,0.966783,2295.27,2374.13,0.0,0.0,0.6476,0.669851,0.0,1,0.4877501146,0.6775943695219443,Test
LACZEX_clean,9.30565,6.85906,9.27959,0.706361,2166.56,3067.21,0.0,0.0,0.6788,0.960982,0.0,1,0.5172470967,0.6003893759119714,Train
LADHEF_clean,6.83841,4.27158,6.82898,1.16057,1697.89,1462.98,0.0,0.0,0.622,0.535943,0.0,1,0.541705278,0.46186686819694156,Test
LADHIJ_clean,6.31369,5.23329,6.31062,1.05952,1841.47,1738.01,0.0,0.0,0.633,0.597438,0.0,1,0.6930692303,0.590305138876676,Train
LADKEJ_clean,5.28453,4.80173,5.27514,1.43501,1453.93,1013.18,0.0,0.0,0.553,0.385362,0.0,0,0.5616772023,0.6879660876386403,Train
LADQEP_clean,6.40577,5.56715,6.25288,1.14819,702.645,611.957,670.065,583.581,0.5642,0.49138,0.0,1,0.5680958429999999,0.5723023218065233,Train
LADQIT_clean,6.45056,5.56339,6.34518,1.15416,710.115,615.268,669.203,579.82,0.57,0.493867,0.0,1,0.55906922,0.5719080020835486,Train
LADQOZ_clean,6.39416,5.57332,6.29797,1.14467,684.064,597.606,672.069,587.128,0.5646,0.493241,0.0,1,0.5664111033,0.6094788275549928,Test
LADQUF_clean,6.36601,5.5234,6.1979,1.16657,696.584,597.122,678.849,581.92,0.5602,0.480212,0.0,1,0.5721168534000001,0.5912384339890844,Test
LAFFEG02_clean,5.85231,3.84033,5.85188,1.01925,1457.17,1429.65,0.0,0.0,0.5954,0.584153,0.0,1,0.6721346029999999,0.8054241418740662,Test
LAFQOA_clean,12.74838,4.90662,12.74647,0.732143,1873.63,2559.11,0.0,0.0,0.6698,0.914849,0.0,0,0.8019658603,0.654563289031947,Test
LAFQUG_clean,12.86913,4.98724,12.65799,0.728838,1735.49,2381.17,147.1,201.828,0.6744,0.925308,0.0,0,0.8143189408,0.7655311044622846,Train
LAFRAN_manual,12.74626,5.01226,12.74368,0.72706,1886.16,2594.23,0.0,0.0,0.6866,0.944351,0.0,0,0.8076414096,0.693304210404307,Train
LAFRER_manual,13.05445,5.12975,13.05445,0.705732,1930.45,2735.39,0.0,0.0,0.696,0.986211,0.0,0,0.747430928,0.627639653002257,Test
LAFRIV_manual,12.37219,5.304,12.36122,0.722154,1902.53,2634.52,0.0,0.0,0.6808,0.942735,0.0,0,0.8189432016,0.6923097878099875,Train
LAFROB_manual,12.50276,5.7361,12.50276,0.712849,1639.29,2299.63,251.853,353.304,0.6904,0.968508,0.0,0,0.8108727571,0.6742606521741616,Train
LAGBUS_clean,7.74875,6.13477,7.74875,1.18661,1504.44,1267.85,0.0,0.0,0.5684,0.479013,0.0,1,0.3583477753,0.5517358098100742,Train
LAGDII_ion_b,7.42765,5.89687,7.42765,1.85675,752.998,405.546,104.015,56.0201,0.501,0.269826,0.0,1,0.2037379391,0.28042982820888424,Train
LAGHIL_clean,4.99697,4.10291,4.99697,1.2735,911.527,715.766,0.0,0.0,0.5088,0.399529,0.0,1,1.1511479083,0.8012424460937774,Train
LAGMUD_clean,4.81496,3.82583,4.65063,1.13347,1702.63,1502.14,0.0,0.0,0.5906,0.521054,0.0,1,0.911643067,0.8341447247143308,Train
LAGNAK_clean,5.49382,4.32281,5.47087,1.02346,1865.76,1823.0,0.0,0.0,0.633,0.618491,0.0,1,0.6334773925,0.7349216891509012,Train
LAGNEO_clean,5.27906,4.62985,5.27848,1.04928,1875.68,1787.59,0.0,0.0,0.62,0.590882,0.0,1,0.6922543433,0.7834489605733987,Test
LAGNIS_clean,5.10607,4.02699,5.08197,1.11842,1698.05,1518.26,0.0,0.0,0.5914,0.528783,0.0,1,0.7135242187,0.7340811261812624,Train
LAGNOY_clean,7.14061,4.94756,7.14061,1.20532,1458.34,1209.92,0.0,0.0,0.5588,0.463613,0.0,1,0.819904683,0.5777411417580101,Test
LAGNUE_clean,5.28866,4.84747,5.2531,1.29946,1308.25,1006.77,0.0,0.0,0.533,0.410171,0.0,1,0.8911669520000001,0.7347358537880175,Train
LAGPAM_clean,5.52911,4.43587,5.49964,1.29684,1347.35,1038.95,0.0,0.0,0.5314,0.409766,0.0,1,0.7355125543000001,0.7320547193130683,Test
LAGQER_clean,4.88781,3.95017,4.78327,1.29203,1761.41,1363.29,0.0,0.0,0.6026,0.466399,0.0,1,0.6369412865999999,0.7689018571857373,Train
LAGQOB_clean,4.89671,3.9272,4.87864,1.32887,1753.02,1319.17,0.0,0.0,0.599,0.450758,0.0,1,0.6496066803,0.7244153435888881,Train
LAGTIY_clean,8.49333,5.93464,8.49333,1.13024,2517.32,2227.25,0.0,0.0,0.7308,0.646591,0.0,1,0.2560924033,0.30405566094451064,Train
LAGVOG_clean,7.38705,6.71212,7.38296,0.935187,2320.11,2480.9,0.0,0.0,0.6728,0.719428,0.0,1,0.4112697342,0.5235947237111491,Test
LAGWEX_clean_h,6.67772,5.77243,6.67772,1.37946,1565.15,1134.61,0.0,0.0,0.5916,0.428865,0.0,1,0.4767693245,0.4576757101551727,Test
LAGWUN_clean,7.27418,6.60927,7.27418,1.47237,1426.73,969.005,0.0,0.0,0.5734,0.38944,0.0,1,0.3977925052,0.41508425693335754,Train
LAHTUM_clean,7.00326,4.86289,7.00219,1.1818,1642.93,1390.19,0.0,0.0,0.5612,0.474868,0.0,1,0.6543158052,0.5991564621137954,Train
LAHVAU_clean,7.77112,5.22128,7.77112,1.02459,1747.86,1705.92,54.8522,53.5358,0.6324,0.617222,0.0,1,0.6160457134,0.6348887215326506,Train
LAHYOL_clean,4.91604,3.64149,4.71388,1.41984,853.074,600.823,0.0,0.0,0.4516,0.318063,0.0,1,0.938220416,0.6265834736905419,Test
LAJJAK_clean,5.2622,3.52522,5.24789,1.1695,1542.33,1318.79,0.0,0.0,0.5992,0.512354,0.0,0,0.7988885364,0.8469023567055809,Train
LAJLIT_charged,15.26982,4.36349,15.26982,1.00336,1238.94,1234.78,0.0,0.0,0.5456,0.543771,0.0,0,0.3372157837,0.3940675335196657,Train
LAJTIC_clean,3.75555,3.44484,3.75041,1.857,465.817,250.843,0.0,0.0,0.5076,0.273344,0.0,1,0.0280772758999999,0.06624006252195547,Train
LAKFIN_clean,8.38907,7.72449,8.38907,1.20127,2069.83,1723.03,0.0,0.0,0.6742,0.561239,0.0,0,0.352986575,0.39913212045191193,Train
LALFEL_clean,6.13469,4.34629,6.1328,1.17934,2824.52,2395.0,0.0,0.0,0.6914,0.58626,0.0,1,0.2856359127,0.29280355294813565,Train
LALFUB_clean,4.98066,4.11701,4.97309,1.72073,1391.23,808.509,0.0,0.0,0.5092,0.29592,0.0,0,0.3945392003,0.6336032449496309,Train
LAMFEK_clean,4.48925,3.88031,4.48925,1.58556,679.109,428.309,0.0,0.0,0.4966,0.313202,0.0,1,0.1161993857,0.15991807068483854,Train
LAMFIO_clean,4.66583,3.98613,4.66523,1.50136,697.933,464.867,0.0,0.0,0.541,0.360339,0.0,1,0.0893313754,0.10114096002485196,Train
LAMFOU_clean,4.69194,4.00507,4.69151,1.56242,721.999,462.102,0.0,0.0,0.5042,0.322704,0.0,1,0.1206650497,0.12212443191025313,Train
LAMHAI_clean,5.00396,3.88434,5.00066,1.56799,698.006,445.161,0.0,0.0,0.506,0.322707,0.0,1,0.1148647533,0.09311125771030976,Test
LAPZIO_clean,15.30437,8.24294,15.30437,0.552463,2030.06,3674.57,0.0,0.0,0.7882,1.4267,0.0,1,0.8264328545,0.4610735181148371,Test
LAQNID_clean,13.51443,6.53331,13.51443,0.653619,2236.32,3421.44,0.0,0.0,0.7516,1.1499,0.0,1,0.671153283,0.6534866376845568,Test
LAQZOV_clean,6.50752,5.08332,6.49522,1.09349,2330.32,2131.09,0.0,0.0,0.645,0.589856,0.0,1,0.4522155546999999,0.5310657908778079,Train
LARNIE_clean,4.62596,4.14329,4.62016,1.44887,799.885,552.077,0.0,0.0,0.4668,0.322183,0.0,0,0.657382954,1.308302402463148,Test
LARPEC_clean,7.01725,4.86799,6.99499,1.23133,2027.11,1646.27,0.0,0.0,0.6304,0.511965,0.0,1,0.6163263613000001,0.5099918363053549,Train
LARPOL_charged,5.32037,4.37982,5.15985,1.2211,1121.65,918.554,0.0,0.0,0.4968,0.406845,0.0,0,0.4325033874,0.8592329849321059,Train
LARVIM_clean,10.82294,9.52295,10.82294,1.0693,1503.49,1406.04,81.7206,76.4241,0.6418,0.600203,0.0,1,0.3642039386999999,0.5011754294767213,Test
LARXUA_clean,21.8367,11.13953,21.8367,0.43704,1909.12,4368.3,0.0,0.0,0.8068,1.84605,0.0,1,0.4350562296,0.486316019094447,Train
LASDEQ_clean,13.8531,8.72821,13.84085,0.762381,2268.77,2975.9,0.0,0.0,0.7444,0.976415,0.0,1,0.5535831543999999,0.5524180755211825,Train
LASMAV_neutral,8.35947,4.46891,5.6634,1.04829,1752.03,1671.32,0.0,0.0,0.5968,0.569309,0.0,1,0.5389561018,0.639381451357079,Train
LASRAB_clean,10.22208,8.47748,10.22208,0.840267,2115.15,2517.24,0.0,0.0,0.7808,0.929228,0.0,1,0.1584022045,0.20728493723999852,Test
LASREF_clean,11.04017,10.09881,11.0096,0.804882,1997.85,2482.17,0.0,0.0,0.781,0.970328,0.0,1,0.173736405,0.23309621438275496,Train
LASRIJ_clean,11.13693,10.31061,11.1274,0.748964,1958.48,2614.92,0.0,0.0,0.808,1.07882,0.0,1,0.1754762611,0.32432547247254895,Test
LASWEJ_clean,7.10977,4.83707,7.10977,1.05149,1683.85,1601.39,0.0,0.0,0.578,0.549695,0.0,1,0.7671035701000001,0.5933933105405245,Test
LASWIN_clean,4.48241,3.82945,4.48241,1.26627,817.741,645.786,0.0,0.0,0.4948,0.390753,0.0,1,1.2571499964,0.9091275086292239,Train
LASYOU_clean,10.05429,4.94116,10.05429,0.926612,2320.72,2504.52,0.0,0.0,0.6828,0.736878,0.0,1,0.6266149205,0.6207084977753061,Train
LATCEO_clean,5.87388,4.8832,5.87388,1.09727,2738.31,2495.57,0.0,0.0,0.732,0.667111,0.0,1,0.1713382967,0.14454287648552655,Test
LATPIG_clean,6.7326,6.29437,6.73188,1.53602,1420.36,924.703,0.0,0.0,0.5822,0.379031,0.0,0,0.3720201906,0.5516572695330318,Test
LATYOX_clean,8.43825,7.66991,8.43825,0.899517,1548.12,1721.06,0.0,0.0,0.606,0.673695,0.0,0,0.3487003465,0.5421185701544866,Train
LAVCOD_clean,3.77854,3.49065,3.77854,2.38895,513.1,214.781,0.0,0.0,0.4702,0.196823,0.0,1,0.6835614653000001,0.44026416938721413,Test
LAVCUJ_clean,4.43208,3.98772,4.43094,2.2011,1075.88,488.794,0.0,0.0,0.5356,0.243333,0.0,1,0.042610838,0.5653707132422697,Test
LAVDOE_clean,6.06535,4.45301,6.06535,1.35673,1212.79,893.908,0.0,0.0,0.533,0.392855,0.0,1,0.5245080139,0.5759824153038577,Train
LAVSUY_clean,6.88683,6.50841,6.88683,1.28067,1607.28,1255.03,0.0,0.0,0.5652,0.441333,0.0,0,0.6941706216,0.7504585433844533,Train
LAVTAF_clean,6.94207,6.59487,6.94207,1.57026,1544.58,983.644,0.0,0.0,0.5696,0.362742,0.0,0,0.4965558777,0.5276474910058355,Test
LAVTEJ_clean,6.93182,6.57314,6.93182,1.58977,1549.61,974.742,0.0,0.0,0.5672,0.356782,0.0,0,0.4950647677,0.5629199409013538,Test
LAVTIN_clean,6.87869,6.48693,6.87869,1.63046,1549.18,950.153,0.0,0.0,0.5698,0.349473,0.0,0,0.5113453898,0.540581277564868,Train
LAVTOT_clean,6.86565,6.50199,6.86565,1.63118,1543.92,946.504,0.0,0.0,0.5648,0.346252,0.0,0,0.5090823646,0.5432212243850322,Train
LAVTUZ_clean,6.84748,6.45021,6.84748,1.66996,1548.02,926.977,0.0,0.0,0.5682,0.340247,0.0,0,0.6214559127,0.5983165203657715,Train
LAVZOA_clean,4.97897,3.76472,4.96668,2.4043,872.519,362.9,0.0,0.0,0.4822,0.200558,0.0,1,0.3107338326,0.3824613385414358,Train
LAVZUG_clean,9.32038,5.88413,9.23158,1.53681,2188.0,1423.72,0.0,0.0,0.709,0.461344,0.0,1,0.2099366599,0.1837225633356943,Test
LAWFOF_clean,15.10116,7.95608,15.10116,0.589497,2232.85,3787.72,0.0,0.0,0.8124,1.37812,0.0,0,0.3185664606,0.3267364770575819,Train
LAWFUL_clean,15.1002,7.9585,15.1002,0.589907,2229.21,3778.92,0.0,0.0,0.8122,1.37683,0.0,0,0.32004783,0.3267364770575819,Train
LAWFUN_clean,6.89842,3.95926,6.89842,1.2173,1168.89,960.232,0.0,0.0,0.5192,0.426519,0.0,1,0.7660168559,0.6711245236052671,Train
LAWGAS_clean,15.0923,7.9386,15.0599,0.589907,2234.12,3787.24,0.0,0.0,0.812,1.37649,0.0,0,0.3197058974,0.3267364770575819,Test
LAWGEW_clean,15.06244,7.93691,15.06244,0.591684,2230.24,3769.3,0.0,0.0,0.803,1.35714,0.0,0,0.3241439178,0.3508376249564941,Train
LAWGIA_clean,15.0745,7.93652,15.0745,0.590588,2230.11,3776.08,0.0,0.0,0.8028,1.35932,0.0,0,0.3227071924,0.3508376249564941,Test
LAWGOG_clean,15.0805,7.93827,15.0805,0.589428,2230.89,3784.84,0.0,0.0,0.8032,1.36268,0.0,0,0.3219563614,0.3508376249564941,Test
LAWGUM_clean,15.09972,7.93483,15.09787,0.58881,2231.62,3790.06,0.0,0.0,0.8032,1.36411,0.0,0,0.319955498,0.3508376249564941,Test
LAWHOJ_clean,10.27348,3.66364,10.27348,1.54552,1337.51,865.414,0.0,0.0,0.5444,0.352244,0.0,1,0.3656433077,0.45208383743303626,Test
LAWHUP_clean,10.46029,3.75562,10.46029,1.55256,1336.79,861.022,0.0,0.0,0.5416,0.348844,0.0,0,0.370344347,0.6717342673250443,Train
LAXJAX_clean,12.82983,5.12034,12.75758,0.7175,1929.2,2688.78,0.0,0.0,0.678,0.944947,0.0,0,0.8226464843000001,0.7211438957728973,Train
LAYGAV_clean,6.45802,4.57521,6.44061,1.03521,1472.0,1421.94,0.0,0.0,0.5658,0.546558,0.0,0,0.7017035068,0.79379075046638,Train
LAZGOK_manual,4.94973,3.64755,4.74405,1.28266,1115.13,869.385,0.0,0.0,0.5616,0.43784,0.0,1,0.1438537358,0.5955684942068821,Train
LAZJIH_clean,5.57744,4.95549,5.57327,1.06968,1869.94,1748.13,0.0,0.0,0.6238,0.583165,0.0,0,1.0089586514,0.800532531255686,Train
LAZKUU_clean,6.24874,4.05552,6.23411,0.996458,1522.19,1527.6,0.0,0.0,0.5832,0.585273,0.0,0,0.6026182192,0.8633467141896384,Train
LAZXOB_clean,9.34691,6.36719,9.34691,1.04439,1784.83,1708.97,0.0,0.0,0.6322,0.605329,0.0,1,0.4107042393,0.45272855866324074,Train
LECFAC_clean,9.81867,4.43769,9.81443,0.838672,2179.96,2599.3,0.0,0.0,0.7164,0.854207,0.0,1,0.6356526483,0.5526884224246068,Train
LECFEG_clean,9.36969,4.36946,9.36969,0.882661,2218.78,2513.74,0.0,0.0,0.708,0.80212,0.0,1,0.6110628105,0.5717975309326397,Train
LECFUW_charged,5.88356,3.55877,5.88356,1.50111,282.937,188.485,487.845,324.99,0.4798,0.31963,0.0,1,0.5340493284000001,0.6730008982866481,Test
LECGIL_clean,10.08545,7.23049,10.05263,0.936646,2086.42,2227.54,0.0,0.0,0.727,0.776173,0.0,1,0.1800511762,0.37686568149330657,Test
LEDHEJ_clean,5.17343,4.21878,5.16848,1.58915,678.436,426.917,0.0,0.0,0.4584,0.288456,0.0,1,0.6103360049000001,0.2984947620014061,Test
LEDHIN_clean,5.14094,4.21977,5.13595,1.60723,671.365,417.716,0.0,0.0,0.4556,0.28347,0.0,1,0.5990634678,0.2929363262320066,Train
LEDLAJ_clean,6.91296,3.51033,6.91296,1.15045,885.224,769.461,0.0,0.0,0.496,0.431137,0.0,1,0.450064498,0.4695233870587845,Train
LEDLEN_clean,8.11845,6.60905,8.11698,0.914085,1985.25,2171.84,0.0,0.0,0.6552,0.716782,0.0,1,0.4219383892,0.5036251282155266,Train
LEDNEP_charged,4.53355,3.90286,4.53355,2.19304,289.105,131.828,0.0,0.0,0.4438,0.202367,0.0,0,0.2804794378,0.7026368266950422,Test
LEDNIT_charged,4.72844,4.15581,4.72844,2.17734,316.677,145.442,0.0,0.0,0.4404,0.202265,0.0,0,0.2035526168,0.31641199503650314,Train
LEGGEK_clean,4.38053,3.59011,4.38053,1.51154,471.927,312.216,0.0,0.0,0.4872,0.32232,0.0,1,1.2742500685,0.8799361979828983,Train
LEGGIO_clean,5.18429,3.8135,5.15632,1.17196,1806.33,1541.29,0.0,0.0,0.5938,0.506672,0.0,1,0.8294584356999999,0.8551203176373053,Train
LEHXUT_clean,24.94881,9.11981,13.96328,0.407171,1936.47,4755.92,0.0,0.0,0.8288,2.03551,0.0,1,0.4981801990999999,0.4542557400134758,Train
LEJBUX_clean,6.30676,4.81909,6.30369,1.04776,2668.26,2546.63,0.0,0.0,0.7428,0.70894,0.0,1,0.1525062441,0.14618998017587914,Train
LEJCAE_clean,5.15076,4.65327,5.14771,1.13486,3020.72,2661.76,0.0,0.0,0.7162,0.631093,0.0,1,0.1736051646999999,0.15440790764104706,Train
LEJKIW_clean,6.1081,4.29761,6.1081,1.82473,1754.35,961.429,0.0,0.0,0.562,0.307991,0.0,1,0.8310093338,0.5499532899464005,Train
LEJRIC_clean,11.60038,10.84699,11.60038,1.19087,1547.76,1299.69,0.0,0.0,0.637,0.534904,0.0,1,0.3437869507,0.35647624096022323,Train
LELDUD_clean,16.5482,9.24625,16.5482,0.458126,1992.46,4349.15,0.0,0.0,0.829,1.80955,0.0,1,0.432946747,0.4436112560958442,Test
LELMIA01_clean,5.7573,4.86083,5.74121,1.47804,1284.35,868.952,0.0,0.0,0.5138,0.347622,0.0,1,0.7920857251000001,0.6089736678243988,Test
LELMIA_clean,5.90205,5.05463,5.89889,1.44105,1311.25,909.93,0.0,0.0,0.5386,0.373756,0.0,1,0.7479990601000001,0.5502222265816725,Train
LELROL_clean,9.52458,5.89518,9.49645,0.725604,2342.81,3228.77,0.0,0.0,0.6884,0.948726,0.0,1,0.513064216,0.6644089265011958,Train
LELRUR_clean,7.75367,5.31169,7.43322,1.04806,1544.2,1473.39,0.0,0.0,0.5926,0.565427,0.0,1,0.4079330679999999,0.5812193357430434,Train
LEMVOP_clean,5.28106,3.76828,5.22671,1.49221,559.092,374.674,165.129,110.661,0.47,0.314969,0.0,0,0.3073522072,0.371433225220529,Train
LENGAO_clean,9.03703,6.62918,8.94738,0.968421,1920.56,1983.18,0.0,0.0,0.6764,0.698457,0.0,1,0.4413028821999999,0.4728071078396634,Train
LENKIA_clean,11.49386,10.72802,11.47361,1.31034,1534.89,1171.37,0.0,0.0,0.6288,0.479875,0.0,1,0.3117985618,0.3381427773792188,Test
LEQQAA_clean,5.52925,4.85253,5.5277,0.807375,2409.06,2983.81,0.0,0.0,0.6688,0.828364,0.0,1,0.6310869093,0.7187165803080084,Train
LEQQII_clean,8.74289,7.28376,8.74289,0.770513,1869.68,2426.54,0.0,0.0,0.6812,0.884086,0.0,1,0.3613955006,0.4451945149587428,Test
LEQVUZ_clean,9.63173,5.48027,9.50266,0.666563,1780.56,2671.25,394.567,591.942,0.7036,1.05556,0.0,0,0.4944192007,0.5091658843163965,Train
LESWAI_clean,5.70322,4.2936,5.70044,1.41973,1194.97,841.693,0.0,0.0,0.5074,0.357393,0.0,0,0.7557143706999999,0.7690641067720088,Test
LETDEU_clean,8.60977,8.56919,8.60977,1.61724,1284.5,794.25,0.0,0.0,0.6168,0.38139,0.0,1,0.0494467465,0.26335033299934796,Test
LETDUK_clean,7.09435,6.39708,7.09435,1.10433,2376.79,2152.25,0.0,0.0,0.6948,0.62916,0.0,1,0.2317527919,0.3041325750899698,Train
LETPOR_clean,11.06769,10.6456,11.06769,1.31092,1583.35,1207.82,0.0,0.0,0.6774,0.516738,0.0,1,0.2772469338,0.26471610246640953,Train
LETPUX01_clean,17.65528,16.43472,17.65528,1.06966,1485.27,1388.55,0.0,0.0,0.7452,0.696673,0.0,1,0.3139283535,0.2819003916289911,Train
LETPUX_clean,17.65528,16.43472,17.65528,1.06966,1482.59,1386.05,0.0,0.0,0.7454,0.69686,0.0,1,0.317442481,0.2819003916289911,Train
LETQAE01_ion_b,17.89295,17.20825,17.88663,1.0366,1281.21,1235.97,0.0,0.0,0.718,0.692649,0.0,0,0.2502137768,0.27873057826034137,Train
LETQAE_clean,18.31927,17.55519,18.31927,0.940384,1367.76,1454.47,0.0,0.0,0.7778,0.827109,0.0,1,0.3100999913,0.2841976910049427,Test
LETQEI_clean,25.68935,25.43895,25.68935,0.814849,1230.83,1510.5,0.0,0.0,0.8076,0.991104,0.0,1,0.2980109187,0.24591890205792194,Train
LETRAF_clean,26.75898,26.49317,26.74189,0.733819,1149.99,1567.13,0.0,0.0,0.828,1.12834,0.0,1,0.2555716598999999,0.2880474526200227,Train
LEVBAQ_clean,5.71097,4.52955,5.6806,2.00382,1507.28,752.202,0.0,0.0,0.5374,0.268188,0.0,1,1.1291059944,0.6109184828370154,Train
LEVDIB_clean,12.81022,4.05785,12.67653,0.771367,2135.54,2768.51,0.0,0.0,0.6982,0.905146,0.0,1,0.6788490964,0.7759811996655895,Train
LEVLEF_clean,20.18098,6.8654,20.18098,0.883011,1005.98,1139.26,176.505,199.889,0.6154,0.696933,0.0,1,0.9074381238,0.8618326251813144,Train
LEVNOQ01_clean,5.76478,3.88293,5.76079,0.975082,1366.72,1401.64,0.0,0.0,0.5706,0.585182,0.0,1,1.0450327505,0.8446459027999091,Train
LEVNOQ_clean,5.91307,3.93225,5.91307,0.947393,1555.93,1642.33,0.0,0.0,0.5826,0.614951,0.0,1,0.990083851,0.8811560570926151,Train
LEVPAF_clean,9.99333,8.10197,9.99333,0.81142,1805.64,2225.28,0.0,0.0,0.6764,0.833601,0.0,1,0.3957037089999999,0.42098355389453856,Train
LEVYOC_clean,4.43687,3.53475,4.41654,1.7513,543.427,310.299,0.0,0.0,0.4316,0.246445,0.0,1,0.6363803128,0.4564238501286294,Train
LEWMUX_clean,9.4187,3.8157,9.4187,1.15388,1572.68,1362.95,0.0,0.0,0.5946,0.515306,0.0,1,0.8139291184999999,0.5327792741523408,Train
LEYFUS_clean,6.97561,3.5531,6.28921,2.99567,1378.54,460.178,5.73766,1.91532,0.5416,0.180795,0.0,1,0.0599348554,0.01221106953225859,Test
LEYPAI_clean,5.73576,4.86589,5.73576,1.67394,1567.04,936.138,0.0,0.0,0.5778,0.345174,0.0,1,0.2092463385,0.39329496057292734,Test
LEYQUD_clean,9.49015,4.11988,9.48875,1.0718,2134.49,1991.5,0.0,0.0,0.699,0.652175,0.0,1,0.2117945543,0.2586722970512903,Train
LEYRAK_clean,9.5213,4.16248,9.5213,1.04525,2148.73,2055.7,0.0,0.0,0.7006,0.670268,0.0,1,0.2153422873999999,0.2669149202050159,Train
LEYREO_clean,9.51379,4.14819,9.5125,1.05388,2143.29,2033.7,0.0,0.0,0.7,0.66421,0.0,1,0.2159900246999999,0.2863532281548113,Train
LEZLAF_clean,5.67349,3.43363,5.66285,1.39295,953.777,684.72,0.0,0.0,0.529,0.379771,0.0,1,0.2862933839,0.435451504356326,Train
LEZMIN_clean,4.88856,4.07448,4.86623,1.80949,1151.84,636.557,0.0,0.0,0.5686,0.314232,0.0,0,0.8072138946999999,0.8534019835275912,Train
LEZWUK_clean,6.90304,3.45469,6.90294,3.02612,1351.11,446.482,2.10866,0.696819,0.5404,0.178579,0.0,1,0.0628935812,0.026521899306056862,Train
LEZXAR_clean,6.92017,3.56103,6.91993,3.0017,1355.71,451.646,4.12818,1.37528,0.5278,0.175834,0.0,1,0.0739555539,0.0377233738472611,Train
LIBQIY_clean,9.48211,4.09783,9.48211,1.10251,2123.81,1926.34,0.0,0.0,0.703,0.637636,0.0,1,0.210900838,0.18585396260863213,Train
LIBZIG_clean,5.90138,4.68963,5.90138,1.54375,1825.0,1182.18,0.0,0.0,0.5888,0.381408,0.0,1,0.3257925828,0.4563212062528027,Test
LICKAL_clean,4.46919,3.89223,4.46919,1.80004,671.763,373.194,1.29095,0.717177,0.4414,0.245217,0.0,1,0.471548284,0.39908072406315637,Train
LIDWIG_clean,6.16997,4.49229,6.14357,1.15777,1073.38,927.108,0.0,0.0,0.4856,0.419428,0.0,0,0.6697127287,0.6225487199423738,Test
LIDZOP_clean,5.56488,4.14994,5.56158,1.64984,557.624,337.986,0.0,0.0,0.3922,0.23772,0.0,0,0.8451846318999999,0.5911472744455265,Train
LIDZUV_clean,5.12552,3.77339,4.88815,1.54716,456.013,294.742,0.0,0.0,0.3458,0.223506,0.0,0,1.0236344595,0.9843535919946202,Train
LIFSAW_clean,5.78145,3.73909,5.7809,1.26392,1211.1,958.208,0.0,0.0,0.5322,0.421072,0.0,0,0.5766142093,0.7883573120457964,Train
LIFSEA_clean,5.51731,3.61848,5.51731,1.29733,1177.02,907.264,0.0,0.0,0.5102,0.393268,0.0,0,0.7073934101,0.7582653782907272,Train
LIFWOO_clean,4.98366,4.55513,4.98366,1.07707,1107.59,1028.34,0.0,0.0,0.5242,0.486692,0.0,0,1.1132644433,0.9607631135191042,Train
LIGHAM_clean,5.55777,4.9763,5.55645,1.04913,1135.92,1082.72,0.164681,0.156969,0.531,0.506133,0.0,1,0.4624032286999999,0.7050232195653896,Test
LIJNOJ01_clean,4.91078,3.67872,4.91078,1.2863,552.942,429.872,0.0,0.0,0.425,0.330406,0.0,0,0.6688508819,0.736454996458922,Train
LIJNOJ_clean,4.87208,3.58717,4.87208,1.2994,528.572,406.782,0.0,0.0,0.416,0.320148,0.0,0,0.6631853825999999,0.7259601337418318,Train
LIKDOA_clean,18.48324,9.41931,18.48324,0.536397,1957.94,3650.16,0.0,0.0,0.8154,1.52014,0.0,1,0.4116662143,0.4344150085308228,Train
LIPQOR_clean,9.96385,4.33568,9.96385,0.897942,1931.52,2151.05,198.042,220.551,0.6648,0.74036,0.0,1,0.5056772777,0.586984580250375,Train
LIQDAS_clean,12.80393,5.86346,12.80393,0.732254,1996.94,2727.12,0.0,0.0,0.725,0.990093,0.0,1,0.3763597801,0.5881910598998216,Test
LIQFEY_clean,5.32747,3.70757,5.32747,1.44986,1251.71,863.334,0.0,0.0,0.5234,0.361001,0.0,0,0.7422651726,0.7811782636486861,Train
LIQJEC_clean,8.59986,6.07561,8.59986,1.33584,1720.59,1288.03,0.0,0.0,0.6236,0.466823,0.0,0,0.23129349,0.3612812196732751,Test
LIRFIB_clean,9.16234,8.82724,9.16234,0.554774,2252.81,4060.77,0.0,0.0,0.8042,1.4496,0.0,0,0.2008132876,0.23243634025662802,Train
LIRNOR_clean,5.98787,3.62357,5.98787,1.13373,1270.63,1120.75,0.0,0.0,0.5214,0.459897,0.0,0,0.6781310669,0.8424389135398765,Test
LIRVAK_charged,5.32501,4.24984,5.32501,0.914869,1495.24,1634.38,0.0,0.0,0.582,0.636157,0.0,0,0.7681297153,0.8058243973757194,Test
LITCIC_clean,7.20254,4.1628,7.20254,0.886931,1974.54,2226.26,0.0,0.0,0.6382,0.71956,0.0,1,0.6761742458,0.6935733526129145,Train
LITCOI_clean,7.36237,3.74541,7.3233,1.05285,1772.71,1683.72,0.106276,0.100941,0.6258,0.594384,0.0,1,0.7882155906999999,0.703143935270477,Train
LITDAV_clean,6.01025,4.24331,5.99992,1.01002,1613.71,1597.7,0.0,0.0,0.5946,0.588704,0.0,1,0.8401237995999999,0.752609395333221,Train
LITHUR_clean,5.86756,4.66068,5.8615,1.85218,2577.81,1391.77,0.0,0.0,0.691,0.373074,0.0,0,0.0755892386,0.1601327433569854,Train
LIVLUZ_clean,5.91163,5.00426,5.91034,1.15595,1292.96,1118.53,0.0,0.0,0.5702,0.493275,0.0,0,0.7658581134,0.7344329743217985,Train
LIVTEP_charged,4.29529,3.65537,4.29474,1.45498,707.948,486.568,0.0,0.0,0.4962,0.341035,0.0,0,0.2426077286,0.6597835383483046,Test
LIVTIT_clean,5.03218,4.49412,5.03218,0.873833,1850.2,2117.34,0.0,0.0,0.6576,0.752547,0.0,1,0.6225460925999999,0.5881293722297875,Train
LIVWAQ_clean,5.90832,4.03567,5.90832,1.60342,1467.86,915.456,0.0,0.0,0.615,0.383556,0.0,0,0.6852149084,0.7289231758522783,Test
LIWFOM_clean,5.43362,4.03441,5.43362,2.15039,700.892,325.936,0.0,0.0,0.4398,0.204521,0.0,1,0.1727145327,0.339510542168958,Test
LIWVIY_clean,5.89138,4.8352,5.89138,1.26516,1787.77,1413.07,0.0,0.0,0.6376,0.503967,0.0,1,0.3399199192,0.4352487415721933,Train
LIWXIZ_clean,4.12479,3.66059,4.10123,1.63001,136.604,83.8054,0.0,0.0,0.3614,0.221716,0.0,1,0.0906330302999999,0.14784266998534334,Train
LIWXOG_clean,5.30986,3.68842,5.30986,1.40965,1545.05,1096.05,0.0,0.0,0.589,0.417834,0.0,1,0.4448029646999999,0.48562804599928366,Train
LIXWAR01_clean,5.58762,3.9288,5.58762,1.07311,1360.46,1267.78,0.0,0.0,0.5636,0.525205,0.0,1,0.7319164142,0.7329308244146504,Train
LIXWAR_clean,5.63611,3.90043,5.63611,1.06263,1387.85,1306.06,0.0,0.0,0.5696,0.536029,0.0,1,0.7295698776,0.7789010473227934,Test
LIXXAS_clean,6.60705,5.3683,6.60705,1.11648,2145.98,1922.1,0.0,0.0,0.6524,0.584335,0.0,1,0.5299594668,0.5081277502934394,Train
LIZWEX_charged,18.41354,3.91151,18.38659,0.818678,2195.65,2681.95,0.0,0.0,0.7294,0.890949,0.0,0,0.3618048345,0.4414198570117944,Train
LOBHAM_clean,7.0104,5.91491,7.0104,1.01758,1770.03,1739.45,0.0,0.0,0.6232,0.612433,0.0,0,0.5040123195,0.6014384473413583,Train
LOCZIO_clean,7.2178,3.83248,7.2178,1.09612,1264.7,1153.8,0.0,0.0,0.5608,0.511625,0.0,1,0.6403746253,0.6131228710111734,Train
LODKIA_clean,6.01281,4.49425,5.60772,1.02042,1998.25,1958.27,0.0,0.0,0.6138,0.601518,0.0,1,0.7701876216,0.8199173758715184,Test
LODPUQ_clean,6.04771,4.78066,6.04165,1.07351,1496.3,1393.84,0.0,0.0,0.5402,0.50321,0.0,1,1.0612727942,0.9273775041085476,Train
LOFVUY01_clean,8.11285,4.66596,8.11285,1.07811,1882.69,1746.29,0.0,0.0,0.6276,0.582131,0.0,1,0.3764280107,0.5506427785754051,Train
LOFVUY_clean,8.04365,4.63845,8.04358,1.07811,1889.15,1752.28,0.0,0.0,0.626,0.580647,0.0,1,0.3742772675,0.5664837604896437,Train
LOFZUB_clean,8.36948,3.5655,8.36948,1.45872,1389.79,952.749,0.0,0.0,0.549,0.376358,0.0,0,3.0604934364,2.9107752057953014,Train
LOGBAK_clean,8.33905,3.64261,8.33905,1.46617,1378.61,940.283,0.0,0.0,0.5464,0.372672,0.0,0,3.033586138,2.7520955359877983,Train
LOGBEO_clean,8.32475,3.5444,8.32475,1.47637,1351.58,915.479,0.0,0.0,0.5444,0.368742,0.0,0,3.0515447417000003,3.0613089087269576,Train
LOGXEM_clean,11.7072,8.5205,11.7072,1.40177,1826.91,1303.29,0.0,0.0,0.6678,0.476399,0.0,0,0.0850718801,0.2570290750911753,Train
LOJFOF_clean,5.76837,5.02994,5.76476,1.16037,1095.67,944.242,0.0,0.0,0.472,0.406768,0.0,1,0.6780714725,0.6213476391010337,Train
LOJFUL_clean,11.50657,8.6404,11.49116,0.609882,1949.87,3197.13,64.2093,105.281,0.7292,1.19564,0.0,1,0.6995979848999999,0.6838325373367098,Train
LOJLAZ01_clean,6.41625,5.33783,6.41625,1.67137,1436.49,859.47,0.0,0.0,0.5874,0.351448,0.0,1,0.2940496351,0.395044907045157,Test
LOJLAZ_clean,6.04161,4.90341,6.00485,1.78682,1392.9,779.539,0.0,0.0,0.5636,0.31542,0.0,1,0.3570284405,0.40171406874841065,Train
LOLREL_clean,8.50343,6.96426,8.50343,1.36486,1470.9,1077.7,0.0,0.0,0.5994,0.439167,0.0,1,0.3152167455,0.2774742103969442,Train
LOLVAJ_clean,4.04776,3.6459,4.03742,2.02495,342.226,169.005,0.0,0.0,0.431,0.212845,0.0,0,0.1198043517,0.590002121232362,Test
LOMLOQ_clean,6.7486,3.80235,6.29526,1.47019,2203.5,1498.78,0.0,0.0,0.646,0.439399,0.0,0,0.6674566977,0.638822494801761,Train
LOMLUW_clean,5.44799,3.79422,5.44799,1.50469,1945.11,1292.7,0.0,0.0,0.6428,0.427199,0.0,0,0.8219599692,0.7181684716979474,Train
LONVAN_clean,10.90817,9.80221,10.908,1.08454,1586.63,1462.95,0.0,0.0,0.6414,0.591401,0.0,1,0.3020852196,0.33489410820384297,Train
LONVIV_clean,10.81251,9.68892,10.81235,1.16864,1579.98,1351.99,0.0,0.0,0.6292,0.538405,0.0,1,0.3502267313,0.360916628603641,Train
LONWIW_clean,6.32722,5.3124,6.00348,0.832586,2332.25,2801.21,0.0,0.0,0.6626,0.795834,0.0,1,0.5868790708,0.6805551011674577,Train
LOPZAS_clean,6.31996,4.58953,6.31996,0.918625,1348.48,1467.93,0.0,0.0,0.5474,0.595891,0.0,1,0.4555197492,0.6444108502138399,Train
LOQLEJ_manual,14.69858,14.40453,14.61633,0.993806,1433.78,1442.72,0.0,0.0,0.6928,0.697118,0.0,0,0.7054270751,0.49771780289628204,Test
LOQLIN_SL,14.25248,13.92666,14.25248,0.952578,1304.34,1369.28,0.0,0.0,0.6736,0.707133,0.0,0,0.8523455679999999,0.6626158922340292,Train
LORMOW_clean,5.15517,3.73399,5.14768,1.63871,712.948,435.067,0.0,0.0,0.4168,0.254347,0.0,1,0.3984210849,0.334040241350435,Train
LORROB_clean,6.37003,3.61495,6.36168,1.37197,938.703,684.2,0.0,0.0,0.4942,0.360212,0.0,1,0.3526478468,0.4768299265490123,Train
LOSBOM_clean,6.43284,5.09662,6.26908,0.76383,2342.39,3066.64,0.0,0.0,0.6748,0.883443,0.0,1,1.0918725549,0.7508815537417939,Train
LOSXIC_clean,6.03462,5.83771,6.03429,1.10745,2163.31,1953.42,0.0,0.0,0.6146,0.554971,0.0,0,1.2703853823,1.2135209463191974,Train
LOTDIJ_clean,5.46612,4.37573,5.12432,0.961023,1171.92,1219.45,0.0,0.0,0.527,0.548374,0.0,0,0.8882549273,0.8717531635073004,Train
LOVLEP_clean,10.42908,4.04603,10.42903,1.5407,1428.2,926.981,0.0,0.0,0.5884,0.381905,0.0,1,0.1476725168,0.18816660470927765,Test
LOXBEH_clean,11.66545,8.26406,11.65056,1.01014,1491.41,1476.44,0.0,0.0,0.6388,0.632385,0.0,1,0.3676137059,0.35524938156847496,Test
LOXKAM_clean,14.55985,13.78223,14.55985,0.784824,1498.1,1908.83,0.0,0.0,0.661,0.842227,0.0,1,0.5940359314,0.5637387451808274,Train
LOXWAY_clean,5.69577,5.32518,5.69577,1.3733,890.048,648.107,0.0,0.0,0.4566,0.332483,0.0,0,0.3713513203,0.4648766618476634,Train
LOXWEC_clean,7.26238,6.47995,7.26238,1.2744,1043.86,819.095,0.0,0.0,0.5004,0.392655,0.0,0,0.2414020261,0.33329981776913015,Test
LUBMAW_clean,13.15917,12.3614,13.15917,0.992617,1200.54,1209.47,0.0,0.0,0.628,0.632671,0.0,1,0.2380577856,0.39626652270374085,Test
LUBNAZ_clean,8.26904,7.02568,8.25431,1.05459,2068.88,1961.78,0.0,0.0,0.642,0.608768,0.0,1,0.4601404945,0.575533640760345,Train
LUCDAO_clean,8.53408,6.05824,8.194,0.856034,2292.36,2677.89,0.0,0.0,0.7178,0.838519,0.0,1,0.3981090732,0.4439145803298176,Train
LUCDES_clean,8.51481,6.04534,8.51481,0.866707,2299.09,2652.67,0.0,0.0,0.7194,0.830038,0.0,1,0.3928855508,0.4446882531063875,Train
LUCDIW_clean,8.52461,6.17272,8.52461,0.822543,2288.73,2782.5,0.0,0.0,0.7208,0.876306,0.0,1,0.3988564677,0.5044402812106747,Test
LUDCUK_clean,6.13722,3.87042,6.049,1.49949,788.964,526.155,0.0,0.0,0.4632,0.308905,0.0,1,0.9686783929,0.37104611549466093,Test
LUDKOM_clean,6.72845,4.30181,6.72845,1.47246,871.523,591.883,0.0,0.0,0.4702,0.31933,0.0,1,1.1024222304,0.35819515473624863,Test
LUDKUS_clean,6.94763,4.22525,6.94763,1.5606,819.909,525.382,0.0,0.0,0.4464,0.286044,0.0,1,1.3237799796,0.639962119975226,Train
LUDLED_clean,13.17739,6.65728,13.17739,0.881906,2096.4,2377.12,0.0,0.0,0.7118,0.807115,0.0,1,0.6068595424000001,0.617070722382325,Train
LUDLIH_clean,13.23241,6.67449,13.22045,0.876399,2107.58,2404.81,0.0,0.0,0.7124,0.812871,0.0,1,0.6043176818,0.6183502626744088,Train
LUDVIP_clean,6.92788,4.09866,6.92788,1.5951,1191.16,746.758,0.0,0.0,0.5576,0.34957,0.0,1,0.2930327144,0.33789908965087323,Train
LUFBUL_clean,4.96727,4.63026,4.96727,1.29284,870.275,673.148,0.0,0.0,0.4736,0.366324,0.0,1,1.028972612,0.61444716397035,Test
LUFCAS_clean,4.96103,4.24915,4.96103,1.44232,901.376,624.947,0.0,0.0,0.4662,0.323228,0.0,0,0.5541489194,0.6520978947423588,Train
LUFNAC01_clean,7.70412,5.87256,7.69288,1.02639,1471.97,1434.12,0.0,0.0,0.566,0.551448,0.0,1,0.8118354634999999,0.6789421333031269,Train
LUFNAC02_clean,7.66591,5.85542,7.65462,1.02962,1488.42,1445.6,0.0,0.0,0.5648,0.548553,0.0,1,0.8036732868,0.6864981496887561,Train
LUFNAC03_clean,7.68055,5.84066,7.66172,1.02599,1463.18,1426.13,0.0,0.0,0.565,0.55069,0.0,1,0.8084484378,0.6785980781006324,Test
LUFNAC04_clean,7.6755,5.87796,7.66911,1.02659,1461.4,1423.54,0.0,0.0,0.5658,0.551143,0.0,1,0.7987187473999999,0.6725642501727935,Test
LUFNAC05_clean,7.61946,5.80686,7.57494,1.03101,1474.3,1429.95,0.0,0.0,0.564,0.547035,0.0,1,0.8070410923000001,0.694193613068944,Train
LUFNAC_clean,7.52412,5.6534,7.51131,1.03145,1483.45,1438.22,0.0,0.0,0.562,0.544864,0.0,1,0.8220905059999999,0.6996598183971858,Train
LUFNEG_clean,4.76594,3.97544,4.75053,1.17247,1466.56,1250.83,0.0,0.0,0.5002,0.426622,0.0,1,1.4756882292,1.2742474702231779,Train
LUFQUZ01_clean,4.13433,3.66293,4.13433,1.49707,741.631,495.388,0.0,0.0,0.4688,0.313145,0.0,1,1.317447813,0.9011057192104452,Train
LUFQUZ02_clean,4.33985,4.02318,4.33985,1.29652,936.621,722.414,0.0,0.0,0.5262,0.405857,0.0,1,0.9417197953,0.8396890135371657,Train
LUFQUZ_clean,4.20915,3.71253,4.20915,1.48805,761.664,511.852,0.0,0.0,0.4716,0.316924,0.0,1,1.3637025605000002,0.8240611253342633,Test
LUJBAV_clean,4.98599,3.44797,4.98599,1.46601,380.372,259.461,0.0,0.0,0.3928,0.267938,0.0,1,0.3777601108,0.4064977030008937,Test
LUJPUC_clean,7.07474,4.6808,7.07474,1.16372,1382.44,1187.95,0.0,0.0,0.5842,0.50201,0.0,1,0.2229744124,0.5436467849307187,Test
LUJSOA_clean,4.74098,3.40425,4.68235,1.23774,661.744,534.639,0.0,0.0,0.5006,0.404447,0.0,1,0.0671065114,0.7501837372601624,Test
LUKREO_clean,4.04002,3.66815,4.04002,1.33832,308.401,230.438,0.0,0.0,0.4326,0.323241,0.0,1,0.4340681345,0.34535324466468653,Train
LUKRIS_clean,5.16354,4.10534,5.03617,1.38895,415.25,298.967,0.0,0.0,0.404,0.290867,0.0,1,0.255672545,0.46891029209891316,Test
LULVOF_clean,5.17234,3.93529,5.17234,1.20763,463.383,383.712,171.595,142.093,0.474,0.392504,0.0,0,0.8143749477,0.8096018369364208,Test
LULXAS_clean,4.15152,3.42748,4.13309,1.37462,547.083,397.99,0.0,0.0,0.3992,0.290408,0.0,1,0.7554563431,0.6778019272141765,Train
LUMDEC_clean,7.82073,4.889,7.82073,1.29296,1273.82,985.194,0.0,0.0,0.5548,0.429093,0.0,0,0.2285753632999999,0.41108343289274907,Train
LUMLIQ_clean,4.75675,3.55253,4.75675,2.1629,785.103,362.986,0.0,0.0,0.4638,0.214434,0.0,1,0.953570167,0.5283755851786598,Test
LUMYEZ_clean,6.00702,4.53801,6.00702,1.30429,1992.95,1527.99,0.0,0.0,0.6142,0.470906,0.0,1,0.5618921215,0.5536285576914349,Train
LUMYID_clean,5.94433,4.56717,5.90149,1.30513,1995.48,1528.95,0.0,0.0,0.6194,0.474589,0.0,1,0.565961721,0.5381809967855076,Train
LUMYOJ_clean,5.98976,4.51852,5.98976,1.3118,1973.17,1504.17,0.0,0.0,0.6186,0.471565,0.0,1,0.5710579007,0.5532628325987463,Train
LUMYUP_clean,6.15923,4.54415,6.13245,1.2924,1996.56,1544.85,0.0,0.0,0.6166,0.477097,0.0,1,0.5377666921,0.5736326107878505,Train
LUMZAW_clean,5.8494,4.60336,5.8494,1.30478,1964.07,1505.29,0.0,0.0,0.6278,0.481155,0.0,1,0.560176232,0.5463248814671511,Train
LUMZUO_clean,5.98461,4.76477,5.96493,1.86922,2708.01,1448.74,0.0,0.0,0.6802,0.363895,0.0,1,0.0678052156,0.11683827735926966,Train
LUNBAX_clean,5.92168,4.6498,5.91414,1.91328,2588.47,1352.9,0.0,0.0,0.676,0.353321,0.0,1,0.0684299703,0.018960461837531528,Train
LUNBEB_clean,5.83182,4.56735,5.65089,1.97905,2446.69,1236.29,0.0,0.0,0.6622,0.334605,0.0,1,0.0675991343,0.06013338742404739,Train
LUNBIF_clean,8.36527,6.6245,8.36354,1.86674,2385.2,1277.73,8.72646,4.67469,0.7178,0.38452,0.0,1,0.076618748,0.1559930335737189,Test
LUPTAS_clean,4.91554,3.81154,4.8497,1.42961,733.471,513.055,0.0,0.0,0.4568,0.319527,0.0,1,0.6709262824000001,0.47608504550425884,Test
LUPYAX_clean,7.54991,6.34934,7.53102,1.01424,2199.81,2168.93,0.0,0.0,0.6806,0.671046,0.0,1,0.5107218339999999,0.526150385284981,Train
LUQGAG_clean,6.95292,4.98162,6.95292,1.09152,1536.81,1407.96,0.0,0.0,0.5428,0.497289,0.0,0,0.6250393082,0.7660608451616644,Train
LURLOB_clean,7.37662,6.99185,7.37662,1.00469,1747.18,1739.02,0.0,0.0,0.6396,0.636613,0.0,0,0.5496853758,0.5770257669278094,Train
LUSHIR_clean,5.64907,5.07129,5.64636,1.2313,1163.45,944.9,0.0,0.0,0.5004,0.406401,0.0,0,0.6463935290999999,0.7540683872524622,Test
LUSHOX01_clean,5.25442,4.88912,5.25442,1.20931,1317.3,1089.3,0.0,0.0,0.5332,0.440913,0.0,1,0.6685507767000001,0.7594886686596367,Train
LUSHOX02_clean,5.40311,4.9355,5.40311,1.1935,1329.97,1114.34,0.0,0.0,0.5516,0.462169,0.0,1,0.665635771,0.6685705162343812,Test
LUSHOX03_clean,5.24171,4.88245,5.22892,1.21123,1320.66,1090.34,0.0,0.0,0.5276,0.435589,0.0,1,0.666475876,0.788739066197049,Train
LUSHOX04_clean,5.42751,4.95925,5.42646,1.17969,1336.79,1133.18,0.0,0.0,0.5422,0.459613,0.0,1,0.6429751284,0.7193698892436029,Train
LUSHOX_clean,5.30336,4.92542,5.30336,1.19355,1298.68,1088.08,0.0,0.0,0.5398,0.452264,0.0,1,0.6443557537,0.7118497030383448,Train
LUSHUD_clean,5.21289,4.69215,5.21289,1.27198,1075.64,845.64,0.0,0.0,0.4926,0.38727,0.0,0,0.7104583639000001,0.7962309273718072,Train
LUSJEP_clean,6.10412,5.49511,6.10412,1.18923,1245.03,1046.92,0.0,0.0,0.5248,0.441293,0.0,0,0.669978933,0.7331218220895782,Train
LUSJIT_clean,6.09975,5.42401,6.09669,1.18953,1257.58,1057.21,0.0,0.0,0.5236,0.440174,0.0,0,0.6291816396000001,0.7690185127404362,Train
LUSJOZ_clean,6.14785,5.47386,6.14779,1.1794,1250.19,1060.02,0.0,0.0,0.5326,0.451584,0.0,0,0.6568682101,0.7538186021989848,Test
LUSYEF_clean,11.6475,5.80016,11.64729,0.734641,2294.6,3123.44,0.0,0.0,0.7226,0.98361,0.0,1,0.7020643737000001,0.6888563340813885,Train
LUTSEA_clean,4.56432,3.41314,4.56432,1.75016,669.342,382.447,0.0,0.0,0.5022,0.286946,0.0,1,0.1080052105,0.28962183695567223,Train
LUVTAY_clean,10.30257,9.44256,10.2197,1.08662,1146.97,1055.54,0.0,0.0,0.5838,0.537262,0.0,1,0.2572116055,0.18205326267351118,Train
LUVWUU_clean,5.95531,3.72974,5.95531,1.11029,1552.29,1398.09,0.0,0.0,0.5716,0.514821,0.0,1,0.4079030247999999,0.6594747710303529,Train
LUWMEX_clean,5.64862,4.46205,5.64805,1.16543,1755.8,1506.57,0.0,0.0,0.5904,0.506596,0.0,1,0.7302253987,0.6686822545427779,Train
LUWMIB_clean,6.46125,4.54999,6.46125,1.13178,2301.96,2033.92,0.0,0.0,0.6152,0.543567,0.0,1,0.7089446340000001,0.7183765006813742,Test
LUWMOH_clean,6.36296,4.2806,6.36272,1.20693,1999.45,1656.65,0.0,0.0,0.5984,0.495805,0.0,1,0.7307400971,0.6551140799502503,Test
LUXDUE_clean,13.68943,4.23916,13.68943,1.04302,1835.8,1760.08,13.4841,12.9279,0.692,0.663456,0.0,1,0.4072073771,0.4153594103682617,Train
LUXFOA_clean,13.73946,4.3179,13.73946,0.952497,1834.04,1925.51,15.1519,15.9076,0.6722,0.705724,0.0,1,0.3028360931,0.48824195151099936,Train
LUXFUG_clean,13.71044,4.29007,13.71044,1.01438,1788.77,1763.41,11.1798,11.0213,0.6608,0.651434,0.0,1,0.3002237531,0.4578055381187151,Train
LUYBOY_clean,7.89316,7.4198,7.87816,1.34135,1580.28,1178.13,0.0,0.0,0.5778,0.43076,0.0,1,0.3370401167,0.4084063916208812,Train
LUYHAP_clean,12.05622,6.74493,12.05603,0.618537,2287.3,3697.93,0.0,0.0,0.7716,1.24746,0.0,1,0.4723416453,0.5135171262536246,Train
LUYSEF_clean,4.81614,3.46612,4.554,1.34495,1416.38,1053.11,0.0,0.0,0.6156,0.457711,0.0,1,0.3134839413,0.3370377678522112,Train
LUYSOP_clean,15.21554,13.85225,15.21554,0.826153,1716.72,2077.96,0.0,0.0,0.7048,0.853111,0.0,0,0.8252739576000001,0.6167629593450688,Train
LUZBOY_clean,6.14636,4.66385,6.14509,0.864953,1863.69,2154.67,0.0,0.0,0.6302,0.728594,0.0,0,0.4918549241,0.7042434209594578,Train
LUZJAT_clean,8.19723,7.01697,8.18474,1.37403,1823.93,1327.44,0.0,0.0,0.6136,0.44657,0.0,1,0.6324572044,0.41631557294992416,Train
MABCUQ_clean,5.37255,3.56877,5.37255,1.53414,1466.89,956.165,0.0,0.0,0.6184,0.403092,0.0,1,0.2150617146,0.3024966021125623,Train
MABJUV01_clean,4.71712,3.63905,4.71712,1.54053,563.034,365.48,0.0,0.0,0.4068,0.264064,0.0,0,0.3759326575,0.5109794681726457,Test
MABJUV_clean,4.72309,3.67608,4.72309,1.52978,599.848,392.114,0.0,0.0,0.4106,0.268405,0.0,0,0.3706553964,0.44500337541741314,Train
MABKEG_clean,4.96705,4.29241,4.96705,1.47907,598.033,404.332,0.0,0.0,0.4092,0.276661,0.0,0,0.4057948557999999,0.4998481175452443,Train
MABKIK01_clean,5.51433,5.20447,5.51433,1.39065,845.278,607.831,0.0,0.0,0.4446,0.319707,0.0,0,0.3375554536999999,0.4782938176077917,Test
MABKIK_clean,4.95272,4.26488,4.95272,1.45304,582.257,400.715,0.0,0.0,0.4264,0.293453,0.0,0,0.3905396842,0.544607353327373,Train
MABLAD_clean,5.34449,3.90767,5.34449,1.19766,953.889,796.46,0.0,0.0,0.4728,0.394769,0.0,0,0.9908892696,0.7640402007260498,Test
MACHIJ_clean,13.29616,4.97277,13.29616,0.983012,1612.04,1639.9,0.0,0.0,0.67,0.681578,0.0,1,0.2799544223,0.4115844505541595,Train
MACKAE_clean,9.52684,4.31294,9.52684,2.70363,1850.45,684.433,0.0,0.0,0.6186,0.228804,0.0,1,0.1105112858999999,0.045121671890588466,Train
MADVUJ_clean,5.32382,4.69426,5.32382,1.65668,675.478,407.729,0.0,0.0,0.418,0.252311,0.0,0,0.3901375781,0.37864893452053877,Train
MADWAQ_clean,5.18677,4.51055,5.17631,1.52314,635.031,416.921,0.0,0.0,0.412,0.270493,0.0,0,0.4616939290999999,0.4007177382526749,Train
MAFDII_SL,6.17503,4.57934,6.17321,1.14403,1406.65,1229.55,266.817,233.224,0.5936,0.518866,0.0,0,0.7958904547,0.8096823261659658,Test
MAFJIO_clean,10.24604,5.19927,9.76441,0.774705,2445.7,3156.94,0.0,0.0,0.7196,0.92887,0.0,1,0.5389638522,0.6421527597095397,Test
MAFLUD_clean,5.38373,3.98212,5.36788,1.15006,1774.93,1543.34,0.0,0.0,0.592,0.514756,0.0,1,0.7794343313,0.7351996447979016,Train
MAFMAK01_clean,5.76423,4.1915,5.74643,1.09839,2062.25,1877.52,0.0,0.0,0.6384,0.581215,0.0,0,0.7012949398999999,0.6880952070367711,Train
MAFZIE_charged,6.32453,3.80789,6.30141,1.2534,1395.37,1113.27,0.0,0.0,0.5634,0.449498,0.0,1,0.5591523601,0.6334885529064673,Train
MAGBAZ_clean,7.74379,4.25931,7.73545,0.9596,2206.02,2298.89,0.0,0.0,0.666,0.694039,0.0,0,0.5677163113,0.5936823044349315,Train
MAGBON_clean,6.77313,5.2032,6.75742,1.14435,2195.85,1918.86,0.0,0.0,0.6464,0.564863,0.0,0,0.8773677194,0.6305972326728783,Test
MAGNEQ01_clean,5.36278,4.15643,5.36278,1.09674,2370.15,2161.08,0.0,0.0,0.672,0.612723,0.0,1,0.2793449696,0.29814840345763494,Train
MAGNEQ_clean,5.32617,4.14354,5.3111,1.10004,2360.03,2145.41,0.0,0.0,0.6692,0.608342,0.0,1,0.280020961,0.28706344873633777,Train
MAHCEG_clean,18.51843,7.97271,18.51843,0.531149,2149.05,4046.05,0.0,0.0,0.8144,1.53328,0.0,1,0.4001014518999999,0.43439582847309,Train
MAHCIK_clean,18.77734,7.81499,18.77734,0.539574,2171.35,4024.19,0.0,0.0,0.8044,1.49081,0.0,1,0.4104424772999999,0.44591013712211225,Test
MAHCOQ_clean,18.83938,7.96401,18.83938,0.527426,2147.45,4071.57,0.0,0.0,0.8002,1.51718,0.0,1,0.4033140900999999,0.4455026834615398,Train
MAHTAR01_clean,5.34764,4.14932,5.34428,1.34276,985.458,733.903,0.0,0.0,0.4968,0.369983,0.0,1,0.6862794571999999,0.6506068200366615,Test
MAHTAR_clean,5.34824,4.13773,5.34698,1.34089,993.502,740.929,0.0,0.0,0.4942,0.368562,0.0,1,0.6785314703,0.6929781846061225,Test
MAJHUC_clean,5.75252,3.69157,5.65377,1.18631,467.138,393.774,0.0,0.0,0.4432,0.373595,0.0,1,0.1641320116,0.26477629260879354,Train
MAKFIQ_clean,8.56724,6.92833,8.56724,1.27671,1511.52,1183.92,0.0,0.0,0.5678,0.444738,0.0,0,0.3894721739,0.4625441150075426,Train
MAKFOW_clean,8.33236,6.80185,8.33236,1.32055,1504.03,1138.94,0.0,0.0,0.578,0.437696,0.0,0,0.4144873053,0.5439711928473602,Test
MAKGAJ_clean,8.49976,6.89727,8.49976,1.31953,1515.96,1148.87,0.0,0.0,0.5704,0.432276,0.0,0,0.4040266636,0.4524356287455607,Train
MAKHAJ_clean,5.36353,4.34017,5.23294,1.65348,1412.13,854.037,0.0,0.0,0.5972,0.361179,0.0,0,0.8525435263,0.7421041966995262,Test
MAKRAU_clean,7.29081,6.46944,7.28567,1.08372,1133.62,1046.04,0.0,0.0,0.4976,0.459157,0.0,1,0.4576756850999999,0.5192160085818148,Train
MAKRIC_clean,4.96992,3.99417,4.90348,1.09301,509.103,465.783,515.606,471.733,0.491,0.44922,0.0,1,1.1131286962,1.0458455315042479,Train
MAKXAZ_clean,5.08726,4.83873,5.06957,1.27292,905.072,711.021,0.0,0.0,0.4628,0.363574,0.0,0,0.8029795886,0.6878659083749223,Train
MALFUD_clean,7.43512,5.15007,7.43277,0.84804,2258.38,2663.06,0.0,0.0,0.6712,0.791472,0.0,1,0.3682742504,0.5232807381914217,Train
MALROJ_clean,16.84369,16.76415,16.84369,0.692416,1360.98,1965.54,0.0,0.0,0.7588,1.09587,0.0,1,0.3717544924,0.3857564798884421,Train
MALRUM_clean,5.9367,4.07723,5.9367,0.815854,1158.61,1420.12,12.5333,15.3622,0.5888,0.721698,0.0,0,0.3439081821,0.5229468258608858,Train
MALRUP_clean,16.92414,16.84411,16.92414,0.675419,1334.6,1975.96,0.0,0.0,0.764,1.13115,0.0,1,0.4232691532,0.42048419260044234,Test
MALSAW_clean,16.91027,16.82951,16.91027,0.672455,1349.27,2006.49,0.0,0.0,0.7654,1.13822,0.0,1,0.4131504787,0.42318120881070775,Train
MALSEA_clean,16.90358,16.82254,16.90358,0.671459,1350.93,2011.93,0.0,0.0,0.767,1.14229,0.0,1,0.4128624335999999,0.4265472086372385,Train
MALSIE_clean,16.8944,16.81333,16.8944,0.672143,1349.09,2007.15,0.0,0.0,0.767,1.14113,0.0,1,0.4110621518,0.4248340389344195,Train
MALSOK_clean,16.92569,16.84467,16.92569,0.669653,1353.12,2020.63,0.0,0.0,0.7686,1.14776,0.0,1,0.4220471438,0.42753781201789265,Test
MALYIJ_charged,5.55641,4.36813,5.55641,0.905977,1376.2,1519.02,0.0,0.0,0.5874,0.648361,0.0,0,0.6146251187,0.7112460085473049,Train
MANDUD_clean,8.1447,5.93208,8.1447,0.901348,2323.1,2577.36,0.0,0.0,0.6668,0.739781,0.0,1,0.5236971539999999,0.5701471630961534,Test
MANLAP_ion_b,4.72532,3.67633,4.72532,0.949147,1391.99,1466.57,0.0,0.0,0.5776,0.608546,0.0,0,0.4751359318,0.7419272801648686,Train
MANLIX_charged,8.67852,5.48387,8.67852,0.763975,1830.88,2396.52,0.0,0.0,0.6304,0.825158,0.0,0,0.4060842100999999,0.6074434188194919,Test
MANLOD_manual,8.55642,5.36069,8.35991,0.706783,1873.58,2650.85,92.9946,131.574,0.6674,0.944278,0.0,0,0.4149904728,0.5378555237093169,Train
MAPCIP_clean,9.53742,5.44759,9.32696,1.58248,1828.68,1155.58,0.0,0.0,0.6098,0.385344,0.0,0,0.4897291471,0.5338660884196367,Test
MAPCUE_clean,5.3952,3.72256,5.3952,1.47049,1163.8,791.435,0.0,0.0,0.504,0.342742,0.0,0,0.6727363195999999,0.8564704480150422,Train
MAPFIS_clean,5.59771,4.30891,5.54289,1.06696,1494.67,1400.87,0.0,0.0,0.5474,0.513047,0.0,1,0.7570106364,0.7560445231252262,Train
MAPLEX_clean,5.48812,3.7418,5.48733,1.43983,1166.77,810.351,0.0,0.0,0.499,0.346569,0.0,0,0.6815536193999999,0.8092258304848248,Train
MAQBEO_clean,9.00352,4.63709,9.00352,0.93614,1838.21,1963.61,22.2471,23.7647,0.63,0.672976,0.0,1,0.8385864064,0.6951148235008539,Train
MAQBIS_clean,11.35798,8.5918,11.35555,0.674777,2143.5,3176.61,0.0,0.0,0.7262,1.07621,0.0,1,0.8010403077,0.5454789310717947,Test
MAQRAA_clean,6.97366,6.05295,6.96579,1.20561,1541.67,1278.75,0.0,0.0,0.5886,0.488218,0.0,1,0.5646470799000001,0.6327426419242304,Test
MARDAM_charged,5.71725,4.41875,5.02479,1.26956,985.999,776.649,0.0,0.0,0.4628,0.364537,0.0,0,0.2481530285,0.46447553216105203,Train
MARJAQ_clean,10.63499,10.4191,10.6339,1.83144,1181.22,644.965,1.00954,0.551229,0.5826,0.31811,0.0,1,1.3377130231,1.1096076020935366,Train
MARNOL_clean,5.81104,3.45148,5.7898,1.22228,1232.48,1008.35,0.0,0.0,0.5482,0.448508,0.0,1,0.6064825259000001,0.8338084791333662,Test
MARPOL_clean,5.59699,4.85089,5.59699,1.22385,769.975,629.142,0.0,0.0,0.4788,0.391224,0.0,0,0.1600974079,0.5131949078901585,Test
MARXEK_clean,6.80849,6.42208,6.80849,1.6895,1568.88,928.61,0.0,0.0,0.5668,0.335485,0.0,0,0.5583911096999999,0.588826769066382,Train
MASMIC_clean,9.31006,7.53558,9.30278,0.580679,2625.75,4521.86,0.0,0.0,0.7606,1.30985,0.0,1,0.4448365594,0.4356148814365558,Train
MASZOX_clean,6.20608,3.81259,6.16409,1.48643,1158.39,779.31,0.0,0.0,0.5192,0.349294,0.0,1,0.354561291,0.5762768731860057,Test
MASZUD_clean,6.16395,3.77069,6.1156,1.46962,1165.3,792.926,0.0,0.0,0.5354,0.364312,0.0,1,0.3320195403,0.5245126523112402,Train
MATBAM_clean,7.54049,4.88112,7.54049,1.17286,1649.01,1405.98,0.0,0.0,0.5866,0.500147,0.0,1,0.4623734628,0.5254043854337049,Train
MATBEQ_clean,6.25491,3.91181,5.95608,1.39707,1185.59,848.625,0.0,0.0,0.547,0.391533,0.0,1,0.3955066639,0.5290262295168455,Train
MATFIY_clean,8.97967,4.54894,7.97865,1.40065,1635.25,1167.49,0.0,0.0,0.6194,0.442222,0.0,1,0.1690326419,0.2385118486684602,Train
MATPOP_clean,9.20624,4.84305,9.20624,1.16023,1655.06,1426.49,0.0,0.0,0.6112,0.526791,0.0,1,0.4333240978,0.4193870697725341,Test
MATPUV_clean,8.96945,4.59437,8.96945,1.16708,1604.04,1374.41,0.0,0.0,0.584,0.500396,0.0,1,0.4317454939,0.4325094778296652,Train
MATTOR_clean,5.58364,3.90943,5.58364,1.24007,952.192,767.854,70.05,56.4887,0.5222,0.421105,0.0,1,1.1108315647,0.6169348161430165,Test
MATTUX_clean,6.25712,5.16476,6.25712,1.06941,1603.09,1499.04,0.0,0.0,0.5648,0.528144,0.0,1,0.8825866896,0.6696618316087887,Test
MATWUC_clean,6.79171,5.36307,6.77355,0.962581,2073.83,2154.45,0.0,0.0,0.6394,0.664256,0.0,1,0.9872402867,0.7825636551862188,Train
MATXAJ_clean,12.50004,9.04853,12.40632,0.6224,2078.93,3340.18,0.0,0.0,0.775,1.24518,0.0,1,0.515503949,0.5077761988871878,Train
MAVFEV01_clean,4.92643,4.38387,4.92643,1.57725,2265.97,1436.66,0.0,0.0,0.6254,0.396513,0.0,1,0.3123535980999999,0.2617002615404475,Train
MAVFEV_clean,4.93313,4.38082,4.93313,1.57553,2293.93,1455.98,0.0,0.0,0.6088,0.38641,0.0,0,0.3112187831,0.33452211211182825,Train
MAVNUU_manual,7.52328,6.25675,7.49475,1.00896,1346.7,1334.73,0.0,0.0,0.5494,0.544519,0.0,1,0.8075467440999999,0.6018006336172976,Train
MAWFAT_charged,5.5324,3.86891,5.52986,1.06651,697.303,653.818,0.0,0.0,0.4922,0.461505,0.0,1,0.4791852836,0.4756359569785447,Train
MAWFEY_clean,8.76979,6.5651,8.76979,1.23234,2527.32,2050.83,0.36923,0.299617,0.7208,0.584904,0.0,1,0.1498634475,0.19437436143023012,Train
MAWFIC_clean,9.46149,6.72598,9.46149,1.3222,2511.12,1899.19,0.278339,0.210512,0.7294,0.551655,0.0,1,0.0981613492999999,0.10489272902817443,Train
MAWTUC_clean,5.33465,4.95075,5.33465,1.06578,1588.39,1490.35,0.0,0.0,0.586,0.549831,0.0,1,0.7683459801000001,0.6437069193119972,Train
MAWVAK_clean,5.70954,5.40047,5.70954,0.993165,1765.23,1777.38,0.0,0.0,0.616,0.620239,0.0,1,0.6544510521,0.7465799235897209,Test
MAXFIA_charged,4.61944,3.85024,4.61944,1.29704,1389.35,1071.17,0.0,0.0,0.5658,0.436222,0.0,1,0.557526685,0.6942894816560949,Train
MAXHOJ01_clean,7.81574,7.80243,7.81574,2.30216,801.005,347.937,0.0,0.0,0.4866,0.211367,0.0,1,0.045746574,0.08063873016466078,Train
MAYJOM_clean,6.51956,6.14293,6.51763,1.25239,1627.1,1299.19,0.0,0.0,0.6236,0.497928,0.0,0,0.6548063626,0.7266702588573148,Train
MAYKOO_clean,12.58218,11.50288,12.56968,0.603307,2027.92,3361.34,0.0,0.0,0.7608,1.26105,0.0,1,0.4373098343,0.47564313871081215,Train
MAZSUD_clean,5.33307,3.93087,5.33307,1.15662,1798.05,1554.58,0.0,0.0,0.618,0.534316,0.0,0,0.8202954047,0.8413862035897546,Train
MECWIB_clean,7.68734,5.08903,7.68734,1.09108,1654.78,1516.65,0.0,0.0,0.567,0.51967,0.0,0,0.5826955515,0.6251587417954915,Train
MEFJUE_clean,13.6466,4.52582,13.6466,0.969419,2198.16,2267.5,0.0,0.0,0.6876,0.709291,0.0,1,0.6062880726,0.6627763032134923,Train
MEFYUT_clean,5.77585,4.33422,5.56399,1.19211,1979.16,1660.22,0.0,0.0,0.6036,0.506331,0.0,1,0.6385367713,0.6723144589329912,Test
MEFZUU_manual,9.38956,5.60914,9.2442,0.843227,2246.05,2663.63,0.0,0.0,0.685,0.812356,0.0,1,0.3990546843,0.5808324601037643,Train
MEGBAD_clean,9.5163,5.76215,9.5163,0.851407,2206.78,2591.93,0.0,0.0,0.6808,0.799618,0.0,1,0.4436463264999999,0.6210197941374918,Test
MEGBEH_manual,9.9497,6.81571,9.9489,0.994874,2116.8,2127.71,0.0,0.0,0.683,0.686519,0.0,1,0.3493843943,0.4738848324839803,Train
MEGFIN_clean,12.26016,8.11803,12.26013,0.845073,1643.38,1944.66,0.0,0.0,0.644,0.762064,0.0,1,0.5692111799,0.5217111658516074,Train
MEHMET_clean,21.82341,9.06966,13.94061,0.408796,1899.79,4647.28,0.0,0.0,0.8328,2.0372,0.0,1,0.4416607328,0.4527197289601946,Train
MEJMOE_clean,13.36085,7.20564,12.38159,0.61631,2232.14,3621.79,0.0,0.0,0.8056,1.30713,0.0,0,0.3178623028,0.3266399575788564,Test
MEJQEZ_clean,4.70786,3.58668,4.69647,1.26931,973.305,766.801,0.0,0.0,0.5298,0.417393,0.0,0,1.1399702316,0.9498071935628474,Train
MEJQID_clean,4.95338,3.66569,4.91383,1.21757,1152.17,946.288,0.0,0.0,0.5426,0.445643,0.0,0,1.111909984,0.9788072033327762,Train
MEJQOJ_clean,5.07328,3.68023,5.06179,1.21005,1189.89,983.336,0.0,0.0,0.5496,0.454196,0.0,0,1.1048431026,0.956849774698104,Train
MEJZEI_clean,5.32267,3.53615,5.32267,1.67671,498.537,297.33,52.5885,31.3641,0.4392,0.261941,0.0,1,0.2503446567,0.27833804449333777,Train
MEJZIM_clean,5.3333,3.56234,5.2261,1.69384,503.361,297.172,49.7521,29.3724,0.4348,0.256695,0.0,1,0.2565704961,0.27534670607343076,Train
MEJZOS_clean,5.26465,3.41703,5.25331,1.72957,398.344,230.313,32.6666,18.8871,0.43,0.248616,0.0,1,0.2299047134,0.23957718748230505,Train
MEJZUY_clean,5.25291,3.40149,5.01155,1.7873,394.206,220.559,29.004,16.2278,0.4246,0.237565,0.0,1,0.2286790225,0.2264301043301974,Train
MEKBAH_clean,5.23285,3.40673,4.67793,1.83571,402.852,219.453,27.5563,15.0113,0.421,0.229339,0.0,1,0.2349259496,0.2444876201670324,Train
MEKDUC_clean,4.94918,3.68888,4.93711,1.45476,795.928,547.119,0.0,0.0,0.4866,0.334488,0.0,0,0.7504999484,0.6089911758077879,Train
MEMGAN_clean,4.41097,3.81053,4.41097,1.23944,1320.34,1065.27,0.0,0.0,0.561,0.452623,0.0,1,1.2053300491,0.9786860971977889,Train
MEQHUL01_clean,6.0116,4.19513,6.00621,2.27118,1170.18,515.23,0.0,0.0,0.5276,0.232302,0.0,1,0.0939128319999999,0.22732650371666013,Train
MEQHUL_clean,6.03972,4.19838,6.03396,2.27118,1173.84,516.843,0.0,0.0,0.5134,0.22605,0.0,1,0.094415651,0.2861500390326991,Test
METYIU_clean,7.46107,4.86322,7.46107,1.31027,1231.65,939.995,0.0,0.0,0.5398,0.411977,0.0,0,0.2375993246,0.4230575997869829,Train
MEWNEH_clean,5.42515,3.64983,5.42515,2.53736,330.635,130.307,105.197,41.4594,0.4166,0.164187,0.0,1,0.2388395867,0.21582858419814532,Train
MEXDEY_clean,5.3901,4.95385,5.37594,2.70285,794.745,294.04,0.0,0.0,0.4526,0.167453,0.0,1,0.3540884673,0.18338709070955894,Train
MEXJAC_clean,6.51326,4.65771,6.51326,1.72938,2369.14,1369.94,0.0,0.0,0.6388,0.369382,0.0,1,0.2190577618,0.24743503962311608,Train
MIBMER_clean,8.80758,7.78405,8.80758,0.713822,2198.53,3079.94,0.0,0.0,0.7072,0.990723,0.0,1,0.4293254163,0.5069777995158578,Test
MICDEJ_clean,5.47717,4.50209,5.38717,1.18044,1256.75,1064.65,0.0,0.0,0.5258,0.445429,0.0,1,0.6797466320000001,0.836125031962082,Test
MIDCAF_clean,11.10741,9.8382,11.10741,0.853326,1614.16,1891.61,0.0,0.0,0.6702,0.785397,0.0,1,0.2580329967999999,0.351209658090161,Train
MIDSUP01_clean,10.88215,9.55664,10.87435,0.67542,1854.05,2745.03,0.0,0.0,0.7122,1.05446,0.0,0,0.3746281118999999,0.4161922141128092,Test
MIDSUP_clean,10.07574,8.87881,10.05297,0.69045,1869.43,2707.55,0.0,0.0,0.7086,1.02629,0.0,0,0.3668588518999999,0.4101218687171396,Train
MIFGEP01_clean,5.99775,4.93271,5.97758,1.0207,1831.3,1794.17,0.0,0.0,0.5916,0.579605,0.0,1,0.7671072711,0.7397566377702631,Test
MIFGEP_clean,5.99664,4.9389,5.9821,1.0207,1811.65,1774.92,0.0,0.0,0.5912,0.579213,0.0,1,0.7641010206000001,0.7453934943807784,Train
MIFKUJ_clean,6.05079,4.58023,5.97678,0.91647,1939.38,2116.14,0.0,0.0,0.5864,0.639846,0.0,1,0.83726414,0.8011903040344364,Train
MIFLIY_clean,9.88279,8.82764,9.86175,0.758162,1549.91,2044.3,0.0,0.0,0.642,0.846785,0.0,1,0.5432066711,0.41843837366526626,Test
MIFNUM_clean,6.11585,5.67624,6.11585,1.55309,529.015,340.62,76.1683,49.0429,0.441,0.283949,0.0,1,0.260608775,0.2888173227815599,Train
MIFPUO_clean,6.70296,5.88092,6.70296,1.13456,971.753,856.498,0.0,0.0,0.5046,0.444752,0.0,0,0.8368599371,0.6804194726862413,Test
MIFQOJ_clean,7.14805,6.39591,7.14805,1.06573,1037.76,973.749,0.0,0.0,0.5254,0.492994,0.0,0,0.7622352473,0.6224710955093657,Train
MIFROK_clean,6.3068,5.74769,6.3068,1.44498,561.702,388.727,79.3873,54.9401,0.4722,0.326787,0.0,1,0.2678503725,0.2717164158496368,Train
MIFSAX_clean,6.24449,5.77613,6.24449,1.46696,557.647,380.138,84.3149,57.4759,0.4544,0.309756,0.0,1,0.2761935186,0.2588467762736218,Train
MIFSUR_clean,6.18293,5.67653,6.18293,1.48492,554.322,373.301,73.2038,49.2981,0.4504,0.303316,0.0,1,0.2587729384,0.2647464074142579,Test
MIFTEC_clean,6.21252,5.76844,6.21252,1.49343,549.45,367.91,94.3906,63.2038,0.457,0.306006,0.0,1,0.2763551565,0.28940812054041165,Train
MIFTIG_clean,6.1695,5.71241,6.1695,1.51351,547.592,361.803,81.859,54.0857,0.4488,0.29653,0.0,1,0.2720574880999999,0.25804444850644215,Train
MIFTUS_clean,6.04963,5.68051,6.04963,1.61833,495.105,305.936,63.5383,39.2616,0.4414,0.27275,0.0,1,0.2589957421,0.29489529404330117,Train
MIFVEE_clean,6.09339,5.6432,6.09339,1.54719,534.667,345.572,82.6577,53.4242,0.4374,0.282705,0.0,1,0.2638234049,0.30147224999930505,Test
MIHLAR_clean,5.77868,4.92206,5.77868,1.33529,705.816,528.586,0.0,0.0,0.4442,0.332662,0.0,0,0.2577697171999999,0.33144505216523895,Train
MIHLEV_clean,5.70252,3.69982,5.70252,1.38172,844.284,611.037,0.0,0.0,0.4754,0.344063,0.0,1,0.3829605452,0.5037799910809752,Train
MIHLIZ_clean,5.21862,3.52165,5.21802,1.34387,724.016,538.756,0.0,0.0,0.4324,0.321758,0.0,1,0.3210392335,0.551175055473488,Train
MIHLOF_clean,5.26092,3.78569,5.21082,1.36197,739.196,542.742,0.0,0.0,0.4512,0.331286,0.0,1,0.3177353336,0.5752097028438856,Test
MIJHOD_clean,4.18455,3.46938,4.126,1.22946,1127.43,917.014,0.0,0.0,0.5064,0.411887,0.0,1,0.9210905561,0.897181829810524,Train
MIJMAU_clean,6.68967,5.56749,6.68967,1.09709,1295.9,1181.22,0.0,0.0,0.5546,0.50552,0.0,0,0.205524822,0.6459045645264753,Test
MIKDUH_clean,5.90493,5.239,5.89411,2.24827,1626.7,723.534,0.0,0.0,0.5828,0.259221,0.0,1,0.2579617898999999,0.33116889126571647,Train
MIKJAR_clean,5.99502,4.85131,5.99502,1.96036,716.905,365.7,0.0,0.0,0.4012,0.204656,0.0,0,0.2876326118,0.28509802330139283,Train
MILQIJ_clean,4.63559,4.00457,4.63559,1.27465,706.955,554.628,0.0,0.0,0.4642,0.364179,0.0,0,1.7794412031,0.9358089802090457,Test
MILROQ_clean,19.71713,10.83562,19.26567,0.59986,1609.68,2683.42,0.0,0.0,0.7756,1.29297,0.0,1,0.2713370418,0.42292017358057254,Train
MIMFOF_clean,5.18488,4.28306,5.18488,1.821,982.945,539.783,0.0,0.0,0.4352,0.23899,0.0,0,2.437426942,1.0121539986413253,Test
MIMKIE_clean,5.77879,3.6694,5.74168,1.1744,1435.84,1222.62,0.0,0.0,0.5446,0.463725,0.0,1,0.6079777517,0.6735377522058414,Test
MIMSOS_clean,11.1144,9.75442,11.1107,0.986032,1267.43,1285.39,0.0,0.0,0.613,0.621683,0.0,1,0.5549093913,0.40732007441561685,Test
MIMSUY_clean,11.16343,10.81199,11.16343,0.974993,1274.86,1307.56,0.0,0.0,0.613,0.628722,0.0,1,0.5497915596,0.4540665289171799,Train
MIMVEJ_clean,4.71676,4.28533,4.60921,1.30405,891.701,683.791,0.0,0.0,0.494,0.378819,0.0,0,2.6659325351,2.2624206232114163,Train
MINCIX_clean,10.4943,7.36608,10.44985,0.729721,2144.38,2938.63,0.0,0.0,0.7612,1.04314,0.0,1,0.4228686593999999,0.38354118420378214,Test
MINCUJ_clean,12.01283,7.57315,11.94291,0.692877,2023.51,2920.44,0.0,0.0,0.7558,1.09081,0.0,1,0.3872894236999999,0.4803007714588866,Train
MINVOU01_clean,6.55615,6.26734,6.55615,1.05162,1586.57,1508.69,0.0,0.0,0.6118,0.581771,0.0,0,0.3882699967,0.5466122264466311,Train
MINVOU_clean,6.55346,6.27139,6.55346,1.05162,1583.28,1505.56,0.0,0.0,0.6148,0.584624,0.0,0,0.3869126456,0.5492471919904415,Train
MINVUA01_SL,6.89591,6.55778,6.89591,1.0419,1703.36,1634.86,0.0,0.0,0.5962,0.572226,0.0,0,0.5282161304,0.689975162187274,Test
MINVUA_SL,6.89591,6.55778,6.89591,1.0419,1723.91,1654.59,0.0,0.0,0.5992,0.575105,0.0,0,0.535497827,0.6830931424327288,Test
MIQLII_clean,6.49396,4.19114,6.49396,1.29248,1977.91,1530.32,0.0,0.0,0.6424,0.497028,0.0,0,0.5988996833,0.6029203526664452,Train
MIRLAB_clean,3.58512,3.47285,3.58424,2.09979,267.635,127.458,11.6012,5.52495,0.4148,0.197544,0.0,0,0.0592757433,0.12416122747801056,Train
MISQIQ01_clean,4.23793,4.07504,4.23793,2.08281,569.533,273.444,0.0,0.0,0.3922,0.188303,0.0,0,2.5237368157,2.492189598237214,Test
MISQIQ02_clean,4.23621,4.07274,4.23621,2.08336,549.107,263.568,0.0,0.0,0.3918,0.188062,0.0,0,2.5252894830000003,2.420588541376346,Train
MISQIQ03_clean,4.25302,4.08852,4.25302,2.07032,582.277,281.249,0.0,0.0,0.3888,0.187797,0.0,0,2.4913002134,2.351401380635339,Train
MISQIQ04_clean,4.23963,4.07761,4.23963,2.08195,575.722,276.53,0.0,0.0,0.3888,0.186748,0.0,0,2.5233797651,2.511110898053173,Train
MISQIQ05_clean,4.23899,4.07961,4.23899,2.08153,552.922,265.632,0.0,0.0,0.3806,0.182846,0.0,0,2.5189480629,2.3964929496050016,Train
MISQIQ06_clean,4.2381,4.07519,4.2381,2.08503,537.998,258.029,0.0,0.0,0.3768,0.180717,0.0,0,2.5146760278,2.391248286783208,Train
MISQIQ07_clean,4.23855,4.07782,4.23855,2.08216,622.195,298.822,0.0,0.0,0.3756,0.18039,0.0,0,2.5269590717,2.5258098880476805,Train
MISQIQ_clean,4.24107,4.07806,4.24107,2.08195,577.159,277.221,0.0,0.0,0.3898,0.187228,0.0,0,2.5227058949,2.5088175515523323,Test
MITGOL_clean,4.76638,3.82621,4.60043,2.19605,897.1,408.507,0.0,0.0,0.447,0.203547,9.11e-05,1,0.280540096,0.3385055816651058,Test
MITSAK_clean,6.11636,4.97088,6.11301,1.14225,2249.13,1969.04,0.0,0.0,0.6532,0.571855,0.0,1,0.6508810558,0.47078258247360255,Train
MITSIS_charged,7.96604,6.5203,7.96604,1.06349,1820.47,1711.79,0.0,0.0,0.642,0.603674,0.0,1,0.3865401954999999,0.4687789092551005,Train
MITSUE_clean,6.56785,5.33808,6.55603,1.09158,2281.03,2089.65,0.0,0.0,0.6788,0.621849,0.0,0,0.5425551871000001,0.4022465537592844,Test
MITTAL_charged,4.98774,3.97598,4.98541,1.35336,680.281,502.662,0.0,0.0,0.4972,0.367383,0.0,1,0.614253123,0.3970016260380118,Test
MIVFOO_clean,15.59545,7.18908,15.59545,1.05942,1203.53,1136.02,437.579,413.035,0.6586,0.621658,0.0,1,0.3298531712999999,0.6787162698280058,Test
MIXBAY_clean,11.02015,7.37075,10.14135,0.640306,2311.05,3609.3,0.0,0.0,0.7544,1.17819,0.0,1,0.4899162866,0.504939772999879,Train
MIXBEC_clean,12.4058,6.44619,12.40529,0.643237,2322.53,3610.7,0.0,0.0,0.758,1.17841,0.0,1,0.6019433985,0.6144956826718855,Train
MIXBIG_auto,10.49302,6.38821,9.82708,0.743714,2384.9,3206.74,0.0,0.0,0.733,0.985594,0.0,1,0.5006612628,0.5681119630667794,Train
MIXYID_clean,6.97459,5.00942,6.97459,0.914112,2019.19,2208.91,0.0,0.0,0.6354,0.695101,0.0,0,1.0627325425,0.6915276067642309,Test
MIXZOK_clean,13.18784,9.81049,13.17941,0.452893,2109.4,4657.62,0.0,0.0,0.8114,1.79159,0.0,1,0.456881802,0.4288795488787382,Train
MIYWIB_clean,7.04459,5.28876,6.99806,2.24046,1871.0,835.095,0.0,0.0,0.6028,0.269052,0.0,1,0.0822726791,0.12425208276161831,Train
MIZKOW_clean,3.8316,3.43471,3.8316,1.99445,193.651,97.0949,0.0,0.0,0.3706,0.185815,0.0,1,0.1698727971,0.11582892086985658,Train
MOCKAR_clean,10.84435,6.73283,10.55041,0.748614,2330.25,3112.76,0.0,0.0,0.7394,0.987692,0.0,1,0.5500050414000001,0.573038465005382,Test
MOCKEV_clean,10.91306,6.61562,10.91306,0.767829,2301.91,2997.95,0.0,0.0,0.734,0.955943,0.0,1,0.4711174799,0.5640111433008991,Train
MODJOG_clean,5.59367,4.45075,5.58718,1.92976,2690.17,1394.04,0.0,0.0,0.6586,0.341285,0.0,1,0.2788559899,0.20138345398211882,Train
MODMIB_clean,4.79205,3.60409,4.64994,1.39523,1791.62,1284.1,0.0,0.0,0.6494,0.465443,0.0,0,0.1207843652,0.2053684555141374,Train
MODNAU_charged,4.86966,3.5837,4.85998,1.61768,883.144,545.932,0.0,0.0,0.542,0.335048,0.0,1,0.1164833092,0.31341114596384273,Train
MODNOI_ion_b,4.69367,3.76314,4.57829,1.59692,967.946,606.132,0.0371682,0.0232749,0.536,0.335646,0.0,1,0.1243281925,0.24779334945590792,Train
MODNUO_ion_b,4.66372,3.69734,4.59177,1.60534,930.362,579.543,0.167447,0.104306,0.5352,0.333388,0.0,1,0.1256445547,0.26314426819141556,Test
MOFBIU_clean,4.73204,4.05435,4.73204,1.35155,598.778,443.031,0.0,0.0,0.4396,0.325256,0.0,1,0.4368304535,0.6393673407307896,Test
MOFKUO_clean,10.06674,5.89372,10.02896,0.775285,1690.92,2181.03,0.0,0.0,0.666,0.859039,0.0,1,0.2978496877,0.3853820214168986,Train
MOFLAV_clean,10.54329,3.57347,9.99148,0.796722,1428.62,1793.12,0.0,0.0,0.6376,0.800279,0.0,1,0.2470969696999999,0.2903942753648363,Train
MOGNAY_clean,5.98746,4.8264,5.9716,1.48355,1468.56,989.896,0.0,0.0,0.5258,0.35442,0.0,0,0.4486085086,0.5939954049529188,Train
MOGXUB_clean,4.66693,3.601,4.66693,2.8376,304.361,107.26,28.0112,9.87147,0.401,0.141317,0.0,1,0.1793949912,0.15741165510397087,Test
MOJNAC_clean,4.66481,4.27217,4.66481,1.62429,1132.96,697.513,6.84199,4.21231,0.5378,0.331099,0.0,1,0.404344685,0.35355625378211625,Train
MOLKAB_clean,6.21836,5.45282,6.15162,1.19004,1495.35,1256.55,0.0,0.0,0.585,0.491579,0.0,1,0.5996895152,0.7027640703754232,Train
MOLQEL_clean,7.00282,4.91398,6.98169,0.922936,2510.46,2720.08,0.0,0.0,0.6774,0.733962,0.0,1,0.72559179,0.633260734443281,Train
MOLRIP_clean,5.54234,3.55384,5.35331,2.01055,805.607,400.69,0.0,0.0,0.4136,0.205715,0.0,1,0.1508057294,0.2746246508578814,Test
MOMRIR_clean,4.41914,3.78485,4.34144,1.40491,222.323,158.247,290.552,206.812,0.4588,0.326569,0.0,1,0.8356394059000001,0.9010321018014144,Train
MOMSIS_clean,6.17338,4.21228,5.94323,1.84008,1775.64,964.98,0.0,0.0,0.577,0.313573,0.0,0,0.3547542001,0.8433141716304773,Test
MOPQIT_clean,5.0132,3.85656,5.0132,1.33687,942.288,704.846,0.0,0.0,0.476,0.356055,0.0,0,0.4771222225,0.7550285693023588,Test
MORFEG_clean,4.79928,3.48721,4.69113,1.33806,713.958,533.579,0.0,0.0,0.4706,0.351704,0.0,1,0.7233021723999999,0.6535558606542443,Train
MORZID_clean,4.19947,3.9712,4.19947,1.83218,696.283,380.03,0.0,0.0,0.4348,0.237313,0.0,0,3.0733224849000003,2.882111876087764,Train
MOSBIG_clean,7.9749,7.17885,7.94814,1.43251,1497.34,1045.25,0.0,0.0,0.5716,0.399019,0.0,1,0.261319013,0.28580625728963827,Train
MOSDUT_clean,5.00847,4.17233,5.00847,1.12183,1419.6,1265.43,13.3609,11.9099,0.5596,0.498828,0.0,1,0.5628253085,0.6809956366756751,Train
MOTMAK_clean,5.72133,5.32598,5.72133,0.997473,1372.13,1375.6,0.0,0.0,0.5098,0.511092,0.0,1,1.0485761103,1.0589573361778395,Train
MOTVOI_clean,9.87335,7.01536,9.87051,1.00037,1639.71,1639.11,0.0,0.0,0.6506,0.650361,0.0,1,0.5695204801,0.40572811575171797,Test
MOVGUB_clean,4.79892,3.66567,4.79892,1.29583,1695.99,1308.8,0.0,0.0,0.5686,0.438791,0.0,1,0.7009478681999999,0.7652931804859178,Test
MOVHEM_clean,4.78648,3.65733,4.78648,1.31907,1696.72,1286.3,0.0,0.0,0.5664,0.429393,0.0,1,0.6912679927,0.6321451766340088,Test
MOVKOZ_clean,5.21247,3.83096,5.21247,1.25573,2044.79,1628.37,0.0,0.0,0.592,0.47144,0.0,1,0.7945798933,0.8097491665585004,Train
MOXDOT_charged,6.77584,4.90421,6.76317,0.994946,1162.28,1168.18,0.0,0.0,0.5484,0.551186,0.0,0,0.4781394751,0.591329544109968,Train
MOXKAN_clean,5.24035,3.78554,5.21637,1.49263,550.2,368.611,159.888,107.118,0.4678,0.313407,0.0,0,0.3196177374,0.3702536486110166,Test
MOXNIY_clean,5.20828,4.58005,5.18499,1.11938,1150.31,1027.63,0.0,0.0,0.506,0.452034,0.0,0,0.5059104047,0.8088479773058892,Train
MOXNUJ_clean,7.33692,7.13556,7.33692,0.746109,2128.73,2853.11,0.0,0.0,0.7,0.9382,0.0,1,0.300707583,0.4737439317244172,Train
MOXNUK_clean,5.04646,4.16361,5.04099,1.19416,1034.92,866.655,0.0,0.0,0.4922,0.412174,0.0,0,0.5278098482,0.7919366759211147,Train
MOXPEV_charged,5.7432,3.80242,5.74317,1.12837,1123.76,995.91,0.100812,0.089343,0.5302,0.469881,0.0,1,0.457055365,0.7111952372846605,Train
MOXPIZ_charged,10.81058,10.12401,10.80581,0.637276,1876.75,2944.96,0.0,0.0,0.7144,1.12102,0.0,1,0.351029556,0.42015683494560074,Train
MOXPUL_clean,12.29446,11.95813,12.29446,0.744524,1605.86,2156.89,0.0,0.0,0.6934,0.931333,0.0,0,0.4023435131,0.4120603374195621,Train
MOYMET_clean,9.12886,8.44595,9.12886,1.00188,1110.93,1108.85,0.0,0.0,0.56,0.558951,0.0,1,0.2641439067,0.27403323666304275,Train
MOYNIY_clean,4.76569,4.12526,4.76569,1.26221,800.094,633.883,4.17361,3.30659,0.4918,0.389634,0.0,1,0.6232521086,0.662274240491069,Train
MOYYEF_clean,7.68803,7.36383,7.68803,0.950247,1850.19,1947.06,0.0,0.0,0.627,0.659828,0.0,1,0.4910334674,0.5475351437295162,Train
MOYYIJ_clean,12.42053,9.37645,12.42053,0.730593,2207.0,3020.84,0.0,0.0,0.7162,0.980299,0.0,1,0.6257767545,0.5725093942432702,Test
MUBQIJ_clean,7.7972,3.97712,7.7972,1.1623,1447.09,1245.01,77.4656,66.6483,0.573,0.492986,0.0,1,1.0434109369,0.8332681223060843,Train
MUBZOA_auto,18.72717,7.12,18.72717,0.441638,1990.25,4506.52,0.0,0.0,0.8132,1.84133,0.00045286,0,0.2150629312,0.31730014382714156,Test
MUBZUG_auto,18.63539,7.90997,18.63539,0.469492,1954.88,4163.83,0.0,0.0,0.8032,1.71078,0.000425992,0,0.2241012191,0.28426266495429336,Train
MUDLON_clean,10.7008,8.31199,10.7008,0.628411,1977.63,3147.04,0.0,0.0,0.7012,1.11583,0.0,1,0.7253233842,0.5368117271117985,Test
MUDTAH_clean,18.89368,6.63386,18.89368,0.562193,2169.18,3858.42,0.0,0.0,0.7916,1.40806,0.0,1,0.51007215,0.5073109262579059,Train
MUDTEL_clean,19.09514,6.59272,18.85083,0.559282,2154.91,3853.0,0.0,0.0,0.789,1.41074,0.0,1,0.465009904,0.5114852706730012,Train
MUFXUI_clean,6.32175,3.7026,6.31403,1.91517,995.288,519.687,0.0,0.0,0.5032,0.262744,0.0,1,0.2676760492,0.30157358770399656,Test
MUFYAP_clean,6.26363,3.70776,6.26313,1.90371,978.115,513.793,0.0,0.0,0.5022,0.2638,0.0,1,0.2684669980999999,0.2912268302871314,Train
MUGFOK_clean,5.96918,4.1656,5.96918,1.0315,1325.72,1285.24,0.0,0.0,0.5408,0.524287,0.0,0,0.4188951284,0.7878264820176961,Train
MUGHED_clean,6.89695,5.88693,6.88053,1.44086,1384.56,960.922,0.0,0.0,0.5716,0.396706,0.0,0,0.7288140942,0.5193485611431565,Test
MUGQAI_clean,4.49067,3.71104,4.4722,1.86928,279.265,149.397,0.0,0.0,0.3624,0.193872,0.0,1,0.6207962618,0.38174554201459787,Train
MUHNAG_clean,5.2054,3.59701,5.17347,1.40338,910.102,648.507,0.0,0.0,0.4596,0.327495,0.0,0,0.9261026623,0.8567554647768962,Train
MUHNUA_clean,6.00569,3.96893,5.96297,1.13245,277.836,245.342,598.929,528.881,0.5278,0.466071,0.0,1,0.601181243,0.6061183227985968,Train
MUHPAI_clean,5.12215,3.79398,5.11629,1.52223,483.947,317.921,0.0,0.0,0.445,0.292335,0.0,1,0.4574421941,0.4292232049921878,Train
MUJRIT_clean,6.24948,5.12409,6.24249,1.30647,1092.9,836.531,0.0,0.0,0.5376,0.411492,0.0,1,0.2539178329,0.38747158345156174,Train
MULQOA_clean,5.82935,5.12372,5.78502,1.29204,2093.52,1620.33,0.0,0.0,0.6306,0.488067,0.0,1,0.5161719065,0.5593619007570574,Test
MULSER_clean,6.43873,5.71769,6.32596,3.20394,1423.73,444.368,0.0,0.0,0.5564,0.173661,0.0,1,0.1819406753,0.15507971374310586,Test
MULXOH_clean,5.40379,4.11586,5.39113,1.20876,1724.57,1426.72,0.0,0.0,0.5842,0.483303,0.0,1,0.4929527038,0.754382458256841,Train
MUMYAW_clean,5.93329,4.12111,5.93329,1.25624,296.676,236.162,0.0,0.0,0.4254,0.338629,0.0,0,0.0525730064,0.1971444512324848,Test
MUNDAC_clean,10.7777,6.68804,10.76442,1.37281,1712.63,1247.54,119.227,86.849,0.6828,0.497375,0.0,1,0.3428913886,0.3474579453675841,Test
MUNDEG_clean,13.44844,12.65122,13.43461,0.869875,2175.3,2500.7,0.0,0.0,0.7658,0.880357,0.0,1,0.2800100789,0.3347779881104343,Train
MUNDOQ_clean,14.169,13.34985,14.06749,0.845802,2182.1,2579.91,0.0,0.0,0.7752,0.916526,0.0,1,0.2675654376,0.3749750369907301,Test
MUNLUE_clean,8.36355,6.76783,8.36355,1.33052,1528.86,1149.07,0.0,0.0,0.5564,0.418184,0.0,0,0.4134444555,0.4938765666477342,Train
MUNNUF_clean,7.33223,5.00492,7.33223,0.937356,1880.0,2005.64,0.0,0.0,0.6136,0.654607,0.0,1,0.7290828827,0.6697882734838658,Test
MUNPAN_clean,7.42883,6.43303,7.42883,0.851362,1993.43,2341.47,0.0,0.0,0.6496,0.763013,0.0,0,0.5415326092,0.606014389069002,Test
MUNPER_clean,7.09681,5.52234,7.09517,0.917986,1955.18,2129.86,0.0,0.0,0.6202,0.675609,0.0,0,0.6359286175,0.7259505659441168,Test
MUPTAU_clean,4.1653,3.49014,4.1653,1.2541,633.589,505.216,0.0,0.0,0.52,0.414641,0.0,0,0.6044545186,0.5622422635767804,Test
MUQSAU_clean,6.10574,5.26029,6.08367,1.19181,1276.39,1070.97,0.0,0.0,0.5272,0.442354,0.0,1,0.4178944921,0.6593948360608635,Train
MURBEI_clean,7.16636,5.68293,7.16636,0.873364,2436.63,2789.93,0.0,0.0,0.6948,0.795545,0.0,0,0.9071274687,0.7699456547553318,Train
MURCAD_clean,4.60111,3.76823,4.60111,1.18753,1551.89,1306.82,0.0,0.0,0.5832,0.491102,0.0,1,0.6793541155,0.9044772698846536,Test
MURCIL_clean,8.29917,7.10888,8.29917,1.5444,1055.62,683.511,0.0,0.0,0.5688,0.368297,0.0,1,0.0886454041,0.07450829907024381,Test
MURCOR_clean,8.10583,6.88134,8.10583,1.58436,1015.28,640.812,0.0,0.0,0.5632,0.355475,0.0,1,0.0935456037,0.11815944290025188,Test
MURFIQ_clean,7.24055,5.2237,7.22777,1.12426,739.654,657.9,0.0,0.0,0.487,0.433172,0.0,0,0.1371452216,0.1999153151427293,Train
MURTUO_clean,5.36071,4.16389,5.36071,1.95193,861.496,441.357,0.0,0.0,0.5124,0.26251,0.0,1,0.1523937345,0.3084348518261525,Train
MUSCAG_clean,5.66812,5.1578,5.66812,1.35058,1261.14,933.776,0.0,0.0,0.5436,0.402493,0.0,1,0.3990869146,0.5533843877611345,Train
MUSCIN_clean,9.38658,7.66741,9.38512,0.993168,1809.71,1822.16,0.0,0.0,0.6586,0.663131,0.0,1,0.4845253613,0.3884718044473917,Train
MUSSIE_clean,8.74352,7.39002,8.74352,1.23265,727.688,590.344,539.668,437.811,0.5772,0.468259,0.0,0,1.2487374274,1.175346430634233,Train
MUTDIQ_clean,8.28155,3.70267,8.27208,0.907108,1694.67,1868.21,61.3387,67.62,0.6404,0.70598,0.0,1,0.3868375259,0.4800658469566344,Train
MUTVUT_clean,4.81469,3.76296,4.81469,1.36731,413.706,302.568,0.0,0.0,0.4354,0.318435,0.0,0,0.2862005079,0.4778241620201998,Train
MUVGOA_clean,5.03839,3.5374,4.60238,0.993755,720.941,725.471,502.862,506.022,0.5306,0.533934,0.0,0,1.4942495755,1.5095788551464389,Train
MUVGUG_clean,5.3049,3.8372,5.3049,0.980252,740.547,755.465,511.645,521.952,0.5644,0.57577,0.0,0,1.6890633144,1.5685353473035564,Train
MUVHER_clean,5.24679,3.7317,5.24381,0.97664,759.504,777.67,505.736,517.833,0.5526,0.565818,0.0,0,1.701072305,1.6422739250713803,Train
MUVJIX_clean,5.57567,4.9751,5.5219,1.4259,1132.91,794.523,0.0,0.0,0.4782,0.335368,0.0,1,0.4599372096,0.6631199281762675,Test
MUVLUM_clean,8.4023,7.67137,8.36811,1.09338,1571.87,1437.62,0.0,0.0,0.597,0.546011,0.0,1,0.4747808453,0.4220701028149518,Train
MUVMOG_clean,4.22005,3.96612,4.21245,1.88412,1523.37,808.528,0.0,0.0,0.519,0.27546,0.0,1,2.7443913635,2.5228870817256674,Train
MUVNAT_clean,5.6328,3.44137,5.05356,2.33052,1152.05,494.331,0.0,0.0,0.4892,0.209911,0.0,1,0.1543701743,0.1842370054628648,Train
MUVNEX_clean,5.38689,3.95895,5.38689,2.21744,1372.1,618.775,0.0,0.0,0.5208,0.234865,0.0,1,0.1193718513,0.20976192220749013,Train
MUVROM_clean,6.53947,4.17251,6.17765,1.42791,635.748,445.228,276.909,193.926,0.462,0.323549,0.0,1,0.9148483815,0.7937727773111191,Train
MUWQEB_clean,15.66484,9.57746,15.5128,0.72296,1280.06,1770.59,458.981,634.865,0.7258,1.00393,0.0,1,0.5145073122,0.5575483364479151,Train
MUZGAQ_clean,8.01686,3.8968,7.05023,1.88749,1060.89,562.066,12.103,6.41222,0.5204,0.27571,0.000105961,1,0.1392106066,0.12324551483471047,Test
MUZHUL_charged,4.32673,3.84006,4.30197,1.1945,1774.51,1485.57,0.0,0.0,0.5874,0.491753,0.0,1,1.5811829769,1.4467289827109306,Train
MUZKAV_clean,17.45826,13.87931,17.45826,0.40339,1714.83,4251.06,45.6222,113.097,0.8208,2.03476,0.0,1,0.8464649647,0.7309698455439766,Train
MUZVUA_clean,6.29282,4.92678,6.2328,1.05196,1843.91,1752.83,0.0,0.0,0.6012,0.571503,0.0,1,0.5385977956,0.6942732002693133,Train
NABCEA_charged,5.43965,4.08712,5.41186,1.05892,1153.3,1089.13,0.0,0.0,0.5644,0.532997,0.0,1,0.5437287665,0.6937304808380118,Test
NABMUA01_clean,6.23732,6.06718,6.23732,1.12213,1424.12,1269.12,0.0,0.0,0.5374,0.47891,0.0,1,1.3174626592,1.1445128619582092,Train
NABMUA_clean,6.23863,6.07222,6.23863,1.11938,1449.31,1294.74,0.0,0.0,0.536,0.478835,0.0,1,1.3040974538,1.0739796963807828,Train
NACVUI_clean,4.77526,3.80831,4.76074,1.15827,1072.88,926.279,0.0,0.0,0.5544,0.478644,0.0,0,0.8814972675,0.8428073583977109,Test
NACYAU_clean,9.59326,6.44061,9.30682,0.587991,2547.85,4333.14,0.0,0.0,0.7478,1.27179,0.0,1,0.5653068329,0.548735060950521,Test
NACYOG_clean,5.74941,4.06197,5.74941,1.46194,999.211,683.482,0.0,0.0,0.4946,0.338317,0.0,1,0.5124864703,0.48726432332140085,Train
NACYUM_clean,5.55428,3.97006,5.53082,1.38654,927.307,668.791,0.0,0.0,0.4542,0.327578,0.0,1,0.5519595268999999,0.5475886796087828,Test
NADKEK_clean,5.31129,3.4955,5.31129,1.49762,283.2,189.1,22.2509,14.8575,0.4336,0.289526,0.0,0,0.0327655458,0.0974814331654007,Train
NADNEM_clean,6.17658,3.63409,6.12044,1.11816,999.382,893.777,0.0,0.0,0.5212,0.466125,0.0,0,0.9541184094,0.8610311287827381,Train
NADZEZ_clean,4.52715,3.99796,4.52715,1.63451,828.325,506.772,0.0,0.0,0.4522,0.276657,0.0,0,1.3690930024,1.2793029971773278,Test
NADZID_clean,5.01289,4.70268,4.9859,1.56754,1059.53,675.918,0.0,0.0,0.4664,0.297536,0.0,0,1.3090973735,1.0036990524540983,Train
NAFSOF_clean,10.41333,8.31604,10.41316,0.437831,2285.29,5219.56,0.0,0.0,0.8158,1.86328,0.0,1,0.4312056481,0.2936501102761432,Test
NAGBUU_clean,4.53887,4.18445,4.52808,1.74664,609.414,348.906,0.0,0.0,0.3514,0.201186,0.0,1,0.2955982246999999,0.5381867528261942,Test
NAGCAB_clean,7.89572,6.99253,7.70374,1.77084,1845.07,1041.92,0.0,0.0,0.6216,0.35102,0.0,1,0.0972509719999999,0.202860430048228,Train
NAGQET_clean,6.32737,4.10631,6.32737,1.16822,1034.31,885.371,0.0,0.0,0.4844,0.414648,0.0,0,0.5985830802000001,0.5390219584089765,Train
NAGQOD_clean,7.52321,5.78841,7.52321,1.16388,884.56,760.01,0.0,0.0,0.503,0.432176,0.0,0,0.2126943438,0.3615465460987868,Train
NAHFIO_clean,5.2589,3.87482,5.25696,1.10135,1180.95,1072.27,0.0,0.0,0.523,0.474873,0.0,0,0.3483527904,0.8320805238298244,Train
NAHHAI_clean,6.03251,4.99461,5.9659,1.6794,1408.86,838.909,0.0,0.0,0.5636,0.335597,0.0,1,0.4704965507999999,0.4149604504261758,Train
NAHNES_clean,12.52913,11.45257,12.52913,0.578749,2093.33,3616.99,0.0,0.0,0.7668,1.32493,0.0,1,0.4262291008,0.5090633918076393,Train
NAJMIV_charged,7.40421,4.16757,5.0872,1.17134,507.024,432.857,384.327,328.109,0.5032,0.429593,0.0,1,0.4214845159,0.46072968034489503,Train
NAJQUN_clean,5.34756,3.50411,5.30221,1.22931,1132.44,921.195,0.0,0.0,0.5072,0.412588,0.0,1,0.7246072781999999,0.8978761235289688,Test
NAJSUP_clean,6.289,4.7993,6.289,1.17213,2075.39,1770.61,0.0,0.0,0.6006,0.512401,0.0,1,0.8616120862000001,0.7422053080955964,Train
NAJTAW_clean,6.34991,4.99732,6.34991,1.15815,2148.84,1855.41,0.0,0.0,0.6062,0.523422,0.0,1,0.7850934820000001,0.7058476481463188,Test
NAKLIW_clean,5.07535,4.01579,4.60929,1.15907,1720.4,1484.3,0.0,0.0,0.6208,0.535603,0.0,1,0.8425433717,0.840052133726477,Train
NALWOO_clean,9.16164,8.79623,9.14564,1.02635,1440.32,1403.34,0.0,0.0,0.5862,0.571148,0.0,1,0.3625088882,0.4072111239125279,Train
NALYEG_clean,13.12266,12.88152,13.12266,1.5741,1371.05,871.007,0.0,0.0,0.6462,0.41052,0.0,1,0.2131681939,0.24153711119131843,Train
NAMDUD_clean,16.03482,3.9849,16.03053,0.771409,1799.33,2332.52,0.0,0.0,0.674,0.873726,0.0,1,0.7413092229000001,0.7068659169533786,Train
NANTII_clean,10.0936,8.00204,10.0936,0.620421,2302.26,3710.81,0.0,0.0,0.7974,1.28526,0.0,1,0.2343375269,0.26633835129566386,Train
NANYUX03_clean,5.54429,4.75767,5.52159,1.04137,1912.89,1836.9,0.0,0.0,0.6486,0.622835,0.0,0,0.7882337898999999,0.7179458112932396,Train
NANYUX_charged,4.35841,3.42866,4.08742,1.28106,653.787,510.347,0.0,0.0,0.5112,0.399044,0.0,1,0.9064841242,0.7142369750292643,Train
NAPNEA_clean,6.09623,3.46864,4.58597,0.972297,496.247,510.387,355.216,365.337,0.5562,0.572048,0.0,0,0.8711784281999999,0.8325137492047643,Test
NAPZOV_clean,5.15523,4.10902,5.14793,1.47553,1007.23,682.626,0.0,0.0,0.5412,0.366783,0.0,1,0.7098450358,0.5164810111028645,Test
NAQLAT_clean,6.1178,3.53855,6.08833,1.24225,1087.35,875.308,0.0,0.0,0.5306,0.427128,0.0,1,1.3608965664,0.9456606684063931,Train
NAQQED_clean,8.84631,4.18602,8.84631,1.16199,2235.29,1923.68,0.0,0.0,0.7052,0.606892,0.0,1,0.2103139087999999,0.175496650576218,Test
NAQQIH_clean,8.86151,4.15241,8.85959,0.875522,2235.36,2553.18,0.0,0.0,0.7024,0.802264,0.0,1,0.3093530971,0.4861387678971365,Train
NAQQON_clean,9.07609,4.33235,9.07609,1.01182,2282.57,2255.9,0.0,0.0,0.7134,0.705063,0.0,1,0.2244813467,0.2674307412542032,Train
NAQQUT_clean,9.01357,4.32605,9.01322,1.00423,2256.36,2246.85,0.0,0.0,0.7102,0.707207,0.0,1,0.2269106148999999,0.3056887586575464,Train
NAQRAA_clean,8.82176,4.19423,8.82039,1.0822,2240.28,2070.12,0.0,0.0,0.7116,0.657551,0.0,1,0.222017696,0.16834655532817305,Train
NAQREE_clean,8.85655,4.22407,8.85397,1.08196,2247.94,2077.65,0.0,0.0,0.7126,0.658619,0.0,1,0.2208248067,0.17044238475753742,Test
NARMUR_clean,3.85567,3.41897,3.84405,2.08835,240.166,115.003,0.0,0.0,0.399,0.19106,0.0,1,0.1339375446,0.2233039263727037,Train
NARPOO_clean,4.62788,3.52973,4.62788,1.93637,626.775,323.686,0.0,0.0,0.4208,0.217314,0.0,1,0.3808616771999999,0.41152479081538873,Train
NARPUU_clean,4.57962,3.51552,4.57962,1.96606,599.01,304.676,0.0,0.0,0.431,0.219221,0.0,1,0.3911121702,0.3803350167115545,Train
NASREH_clean,7.10434,4.41446,7.10434,0.83655,2601.4,3109.67,0.0,0.0,0.663,0.79254,0.0,1,0.7423607841,0.7291021601816595,Train
NASRIL_clean,7.12232,4.94837,7.12232,0.851796,2450.87,2877.3,0.0,0.0,0.6816,0.800191,0.0,1,0.7273794586,0.6464445176581557,Train
NASROR_clean,13.45228,4.98216,13.45228,0.776126,1903.68,2452.8,0.0,0.0,0.7,0.901915,0.0,1,0.7357556615999999,0.6962039677934395,Train
NATFAS_clean,6.53453,3.93626,6.37422,1.34798,1587.17,1177.44,0.0,0.0,0.564,0.418403,0.0,0,1.0231573806999998,0.7920412223850315,Train
NATHOH_ion_b,5.49353,3.97352,5.49353,2.17321,1195.36,550.044,0.0,0.0,0.4624,0.212773,0.0,1,0.1550169914,0.22013067446522555,Train
NATHUO_clean,7.56745,6.68911,7.56745,1.07613,1712.53,1591.37,0.0,0.0,0.6018,0.559224,0.0,1,0.454253291,0.5380234369912165,Test
NATKIF_clean,17.00981,12.93858,16.43746,0.345463,1901.41,5503.94,0.0,0.0,0.8556,2.47668,0.0,1,0.5085474541,0.45517509196883243,Train
NATKOL_clean,7.96067,5.75072,7.91611,0.695846,2746.18,3946.53,0.0,0.0,0.699,1.00453,0.0,1,0.5769713845000001,0.6647952189559074,Train
NAVJAW01_clean,11.39615,10.64646,11.39615,1.17113,1550.28,1323.75,0.0,0.0,0.633,0.540502,0.0,1,0.3113245089,0.3762536165997603,Train
NAVJAW_clean,11.35149,10.97665,11.35149,1.17524,1535.17,1306.26,0.0,0.0,0.6334,0.538952,0.0,1,0.3399014703,0.37841722083199136,Train
NAVLIG_clean,4.05904,3.742,4.05904,1.16225,487.528,419.471,0.0,0.0,0.474,0.407831,0.0,0,0.7732249584,0.6497494381762511,Test
NAWDUN_clean,7.40097,5.49968,7.39892,0.842634,2070.76,2457.48,0.0,0.0,0.6368,0.755726,0.0,1,0.7651076424,0.6924003409653772,Train
NAWKII_clean,5.87047,3.9227,5.87047,0.947947,1478.21,1559.38,0.0,0.0,0.5784,0.610161,0.0,1,0.9895097073,0.8546204314805494,Test
NAWWUG_clean,5.71546,4.10727,5.46236,1.11201,1652.38,1485.94,0.0,0.0,0.5826,0.523916,0.0,1,0.8225896688,0.6394435129322775,Train
NAWXER_clean,9.09863,5.59872,6.09599,0.664973,2891.83,4348.79,0.0,0.0,0.734,1.1038,0.0,1,0.6208441928,0.648169629621185,Train
NAXKOO_clean,7.154,7.00039,7.154,1.18269,1555.75,1315.44,0.0,0.0,0.5548,0.469101,0.0,0,1.4423553381,1.0603472722273537,Train
NAXLII_clean,5.86925,5.28522,5.86925,1.2305,998.395,811.372,0.0,0.0,0.5042,0.409751,0.0,1,0.3724384934,0.48725743275756095,Train
NAYGUR_clean,7.6924,7.0244,7.6924,0.745846,2238.41,3001.16,0.0,0.0,0.7254,0.972586,0.0,1,0.3391210763,0.42955667241788764,Train
NAYMOQ_clean,4.042,3.49537,4.03529,1.20973,330.783,273.436,0.0,0.0,0.4026,0.332802,0.0,1,0.1238357029,0.22033082667216142,Train
NAYNIK_clean,5.90297,3.81726,5.80437,1.72086,950.582,552.388,0.0,0.0,0.5262,0.305777,0.0,0,0.052254774,0.5350358508957833,Train
NAYPIM_clean,5.76963,3.48376,5.76943,1.68342,1111.0,659.968,0.0,0.0,0.502,0.298203,0.0,0,2.8826522702,2.7232277203618467,Train
NAYXOC_clean,8.15867,4.39162,7.93074,1.10978,1802.12,1623.85,0.0,0.0,0.6112,0.550741,0.0,1,0.5025000978,0.545413359315647,Train
NAYZOE_clean,15.82314,6.52553,15.81665,0.498918,2302.42,4614.84,0.0,0.0,0.813,1.62953,0.0,1,0.3905526917,0.49069069135352944,Test
NAYZUK_SL,9.49894,7.59757,9.49894,1.33539,970.819,726.992,135.046,101.128,0.563,0.421599,0.0,0,0.4745230935,0.6277379488795298,Test
NAZZEV_clean,9.68562,8.04863,9.67315,1.02009,1679.74,1646.65,0.0,0.0,0.6478,0.635039,0.0,1,0.5079966297,0.3597062365075427,Train
nchem.2258-s3_clean,11.60468,9.32321,11.60031,0.548188,2435.64,4443.09,11.1166,20.2788,0.7802,1.42324,0.0,1,0.6901115091,0.5821963642154883,Train
ncomms11831_ncomms11831-s2_clean,4.88753,3.53737,4.88616,1.57042,403.532,256.959,0.0,0.0,0.3336,0.212428,0.0,0,1.032166965,0.8951894004691083,Test
ncomms11831_ncomms11831-s3_clean,4.53044,4.08038,4.52326,1.56068,421.065,269.795,0.0,0.0,0.3414,0.21875,0.0,0,0.9915130349,1.10961389571884,Test
ncomms7350-s2_clean,6.32642,5.9567,6.32642,1.52435,1274.9,836.355,0.0,0.0,0.531,0.348344,0.0,1,0.2625013076,0.45947710271516085,Train
NDAIAH_clean,6.63827,3.41985,6.40814,1.54439,1188.39,769.486,0.0,0.0,0.551,0.356774,0.0,1,0.2152587822,0.35952427209546683,Train
NEBNOZ_clean,6.01321,5.05928,6.00094,1.13873,1248.11,1096.06,0.0,0.0,0.5186,0.45542,0.0,1,0.5632624571,0.6915278672493201,Train
NEDVOJ_charged,5.96101,4.69934,5.94878,0.918723,1885.07,2051.84,0.0,0.0,0.6022,0.655475,0.0,0,0.6018974003,0.8660998316465128,Train
NEDVUP_clean,7.10231,5.27516,7.10043,0.883179,2108.77,2387.7,0.0,0.0,0.6378,0.722164,0.0,1,0.485751234,0.6855587529919218,Test
NEDWAW_clean,8.21752,5.99671,8.17631,0.756185,2155.93,2851.06,0.0,0.0,0.6702,0.886291,0.0,0,0.4481770898,0.639376452245822,Test
NEDWEA_clean,7.23193,5.49922,7.23193,0.857312,2138.95,2494.95,0.0,0.0,0.6398,0.746286,0.0,1,0.4791623665,0.6403478948583251,Train
NEDWIE_clean,8.99031,6.43493,8.98641,0.682799,2139.49,3133.41,0.0,0.0,0.724,1.06034,0.0,1,0.3709068022999999,0.5009101169329523,Train
NEDXOL_clean,5.99531,3.70069,5.99531,1.19863,1096.35,914.669,0.0,0.0,0.5274,0.440003,0.0,0,0.8098236738,0.8043053295339604,Train
NEFZOO_clean,4.9876,4.51456,4.96943,1.17458,1752.87,1492.33,0.0,0.0,0.5624,0.478808,0.0,1,2.2237675046,0.9044420985531787,Test
NEGMUI_clean,6.43529,3.57476,6.40936,1.70833,1135.33,664.583,0.0,0.0,0.5116,0.299474,0.0,1,0.1227385625,0.5825362810690713,Test
NEGZUW_clean,6.52732,5.75532,6.52732,1.40591,2132.81,1517.03,0.0,0.0,0.6336,0.450668,0.0,1,0.2125717041,0.42944151159074484,Train
NEHGEO_clean,5.2858,4.45812,5.28563,1.33637,1775.08,1328.28,0.0,0.0,0.5648,0.422636,0.0,1,0.7989960251999999,0.6127177073326218,Train
NEHGIS_clean,5.25791,4.32138,5.25791,1.34435,1760.82,1309.79,0.0,0.0,0.5618,0.417897,0.0,1,0.8380922245999999,0.5981133916464162,Test
NEHMET_clean,4.71483,3.76667,4.71105,1.33401,1622.86,1216.53,0.0,0.0,0.597,0.447522,0.0,0,0.8755627474,0.9137801787093072,Train
NEHZIK_clean,7.34019,4.77821,7.34019,1.20148,1239.75,1031.85,0.0,0.0,0.5382,0.447947,0.0,1,0.3025916644999999,0.467752032195292,Train
NEJRUR_clean,4.68942,3.81829,4.68942,1.2394,1057.89,853.554,15.7348,12.6955,0.5034,0.406165,0.0,0,0.8397856398000001,0.791204153397069,Test
NEJSAY_clean,4.50943,3.7344,4.50943,1.24034,1046.3,843.559,44.3105,35.7246,0.5234,0.421982,0.0,0,0.8037305825,0.7769622606277683,Train
NEJSEC_clean,5.81645,3.98304,5.23805,1.24255,1038.8,836.024,5.34967,4.30539,0.5324,0.428473,0.0,0,0.8460367048,0.6914119418904858,Test
NEJSOM_clean,5.41485,4.53855,5.40953,1.12052,1544.19,1378.11,0.0,0.0,0.5672,0.506195,0.0,0,0.9758995599,0.8174189300287602,Train
NEKBEL_clean,4.90746,3.89074,4.89557,1.60125,914.813,571.31,2.67246,1.66898,0.5046,0.315128,0.0,1,0.0907847059999999,0.18914727359535832,Train
NEKMUN_clean,5.69957,3.6274,5.51939,1.30616,1011.9,774.717,0.0,0.0,0.4788,0.366572,0.0,0,1.1745737036,0.873834320672312,Train
NEKREB_clean,7.13295,5.12512,7.13295,1.3542,1081.87,798.902,136.454,100.763,0.5622,0.415152,0.0,1,0.4602465789,0.44382285836004404,Train
NELVAC_clean,4.82648,4.29457,4.79942,1.65303,931.318,563.4,0.0,0.0,0.5062,0.306225,0.0,0,1.1325352654,0.6796654061716922,Test
NELVEG_clean,4.88877,3.9894,4.88281,1.93052,846.514,438.489,0.0,0.0,0.4838,0.250606,0.0,0,1.1525924171,0.7811997249998902,Train
NENFAN_clean,7.3527,6.48023,7.3527,2.08229,1229.05,590.24,0.0,0.0,0.526,0.252607,0.0,0,2.1009769984,1.5845947689905384,Train
NENHAQ_clean,10.30187,9.48231,10.30187,0.81249,1810.52,2228.36,0.0,0.0,0.7266,0.894287,0.0,1,0.2441330681,0.2819874701000836,Train
NEPWIQ_clean,4.3412,3.92268,4.32302,2.14557,765.165,356.625,0.0,0.0,0.4758,0.221759,0.0,1,0.5069720904,0.6528514812311385,Train
NERMON_clean,5.21245,4.69214,4.9752,1.84917,802.953,434.223,0.0,0.0,0.4356,0.235565,0.0,1,0.0796697458,0.3907524259938037,Test
NERNON_charged,6.35292,3.79738,6.26017,1.1566,1285.87,1111.77,0.0,0.0,0.5552,0.480028,0.0,0,0.6586705762,0.8023409040374946,Train
NERTAH_clean,4.54882,3.46995,4.4502,1.3343,589.598,441.88,43.1614,32.3477,0.4772,0.357642,0.0,1,0.4588430541,0.5248656094952328,Test
NERVAJ_clean,12.53445,5.46518,12.53445,1.01277,1389.34,1371.82,0.0,0.0,0.569,0.561827,0.0,1,0.3197593352,0.4735730443013463,Train
NERVEN_clean,12.25139,5.76203,12.25139,1.08035,1360.26,1259.1,0.0,0.0,0.5706,0.528164,0.0,1,0.2582274899,0.42713144675525483,Test
NESVAK_charged,11.02589,4.28602,10.76042,0.996288,2238.65,2246.99,0.0572152,0.0574284,0.7148,0.717463,0.0,0,0.4001537425,0.44010534156784087,Test
NESVEO_charged,10.20306,4.32155,10.18509,0.904718,2332.63,2578.3,0.0,0.0,0.6856,0.757805,0.0,0,0.6329360415999999,0.6411001465751028,Test
NETHOJ_clean_h,4.97649,4.04567,4.52041,1.68332,1607.37,954.88,0.0,0.0,0.565,0.335646,0.0,1,0.3478664717,0.5343705433366484,Test
NETYIV01_clean,8.07265,7.09602,8.06746,0.782971,2020.36,2580.37,0.0,0.0,0.686,0.87615,0.0,1,0.4020163718,0.43852388446956797,Train
NETYIV_clean,8.05298,7.05859,8.05298,0.781018,1992.35,2550.96,0.0,0.0,0.686,0.878341,0.0,1,0.3819154932999999,0.43889284945850415,Test
NEVJEF_clean,6.93106,3.47964,6.92655,1.61189,1003.29,622.432,0.0,0.0,0.4932,0.305976,0.0,1,0.328808247,0.3990737479280091,Train
NEVPOU_clean,6.31655,5.18077,6.31594,1.2374,1037.41,838.376,200.543,162.068,0.5652,0.456764,0.0,1,0.4734637604,0.5484981940914663,Train
NEVPUA_charged,6.37646,5.20524,6.37646,1.60506,1041.49,648.879,0.0,0.0,0.4822,0.300425,0.0,1,0.333481061,0.38388345117635925,Train
NEVQAH_charged,6.33826,5.17201,6.33534,1.7631,1025.51,581.65,0.0,0.0,0.477,0.270547,0.0,1,0.3229343264,0.3115538230564785,Test
NEVVAM01_clean,6.94552,5.78544,6.80825,1.42342,1408.53,989.544,0.0,0.0,0.5446,0.3826,0.0,0,0.463440995,0.5625085704327663,Test
NEVVAM02_clean,6.83817,5.86962,6.83673,1.42399,1416.84,994.976,0.0,0.0,0.5302,0.372334,0.0,0,0.4513569298,0.4948545534683141,Train
NEVVAM_clean,6.98127,5.93133,6.98127,1.4203,1415.91,996.914,0.0,0.0,0.523,0.368233,0.0,0,0.4702101767,0.5148498226655581,Train
NEVVEQ_clean,4.80581,3.79614,4.80581,1.56913,728.185,464.069,0.0,0.0,0.453,0.288695,0.0,0,1.2407023352,0.7336617423437137,Train
NEXDOK_charged,7.15126,3.56969,7.13771,1.0729,864.959,806.188,0.0,0.0,0.517,0.481871,0.0,1,0.1839543209,0.5135620170978502,Test
NEXVET_clean,15.05129,7.94511,15.02301,0.572296,2220.51,3880.01,0.0,0.0,0.8096,1.41465,0.0,0,0.2786325432,0.3269501527639024,Train
NEXVUI_clean,9.07531,8.9508,9.07531,1.35917,693.606,510.314,30.665,22.5615,0.5322,0.391561,0.0,1,0.2099809001,0.2276421709616706,Train
NEXXEV_clean,10.14339,9.60102,10.14163,0.701942,1675.6,2387.1,0.0,0.0,0.6396,0.911186,0.0,1,0.640478063,0.43104348172514195,Test
NEXXIZ_clean,9.73301,9.22346,9.73301,0.709285,1668.91,2352.94,0.0,0.0,0.6328,0.892166,0.0,1,0.6475960395,0.4517377355912731,Test
NEYVEU_clean,20.18169,6.42425,20.08436,0.514184,2007.78,3904.79,0.0,0.0,0.7952,1.54653,0.0,0,0.443655953,0.414259313408022,Train
NEYYUN_clean,4.68454,4.06012,4.68454,1.064,2087.99,1962.4,0.0,0.0,0.6166,0.579512,0.0,1,1.643082406,1.4446783519661162,Train
NEYZAU_clean,4.66904,4.09054,4.65339,0.942406,2112.21,2241.29,0.0,0.0,0.6186,0.656405,0.0,1,1.9740968163,1.6782704429281718,Train
NEZWOG01_clean,6.15081,4.94067,6.15081,1.68632,1580.27,937.116,0.0,0.0,0.5538,0.328408,0.0,1,0.1636721736,0.34881767456486434,Train
NEZWOG_clean,6.42146,5.18119,6.41863,1.71364,1489.36,869.12,0.0,0.0,0.552,0.322122,0.0,1,0.1856341377,0.3283062939941792,Train
NIBHUC_clean,18.86769,11.8721,18.86769,0.449382,1927.35,4288.89,0.0,0.0,0.8286,1.84387,0.0,1,0.3996070253,0.4571692790307883,Train
NIBJAK_clean,32.00355,17.55175,32.00033,0.223433,1188.94,5321.22,0.0,0.0,0.9102,4.0737,0.0,1,0.4347799545,0.4624484975820657,Train
NIBXUT_clean,6.21117,5.18074,6.19848,1.9388,1406.45,725.426,0.0,0.0,0.5234,0.269961,0.0,1,0.217102765,0.40425749561927116,Train
NIFTIH_clean,4.90975,3.65701,4.90975,1.37616,1012.21,735.536,0.0,0.0,0.5236,0.380479,0.0,1,0.8425842065000001,0.7513993701103904,Test
NIGBOW_clean,11.80846,11.56903,11.80846,0.664854,1743.47,2622.33,0.0,0.0,0.7086,1.0658,0.0,0,0.431646584,0.4063499611888382,Train
NIGDEO_clean,13.9402,7.42068,13.92619,0.633535,2119.03,3344.77,0.0,0.0,0.7538,1.18983,0.0,1,0.5842515143,0.5935986568142294,Train
NIGDIS_clean,14.03164,7.36423,14.03164,0.622681,2210.2,3549.5,0.0,0.0,0.7674,1.23241,0.0,1,0.598817216,0.5136556722545721,Train
NIGFIT_clean,7.4378,4.64365,7.4378,1.2326,2395.77,1943.66,0.0,0.0,0.659,0.53464,0.0,1,0.4207687325,0.4485046690762765,Test
NIGFOZ_clean,7.49823,4.6446,7.49513,1.19407,2411.1,2019.23,0.0,0.0,0.6618,0.554241,0.0,1,0.4217883947999999,0.4435627022360093,Train
NIGFUF_clean,7.45855,4.62821,7.45855,1.23037,2420.25,1967.09,0.0,0.0,0.6578,0.534636,0.0,1,0.4405825985,0.45184165059324144,Test
NIGGAM_clean,7.44488,4.63983,7.44488,1.22204,2431.75,1989.92,0.0,0.0,0.6646,0.543847,0.0,1,0.4209199386,0.44077687087373096,Train
NIGGEQ_clean,7.37601,4.62938,6.94846,1.24921,2427.77,1943.44,0.0,0.0,0.6582,0.526892,0.0,1,0.4271693528999999,0.4289621123191577,Train
NIGGIU_clean,7.3331,4.59835,7.3331,1.27304,2426.84,1906.33,0.0,0.0,0.656,0.5153,0.0,1,0.5457630176,0.4408678852468837,Train
NIGNUO_clean,16.88905,3.72632,16.88905,0.773731,1979.77,2558.73,0.0,0.0,0.6948,0.897987,0.0,1,0.5511263981,0.6420538686957902,Train
NIGPEA_clean,10.42385,9.24875,10.42385,0.730648,2142.0,2931.64,0.0,0.0,0.6842,0.936428,0.0,1,0.6174756182,0.5951067627184972,Train
NIHBAI01_clean,4.75768,3.68765,4.75768,1.76453,773.951,438.616,0.0,0.0,0.4424,0.250719,0.0,0,0.5328227140999999,0.5008598322285903,Test
NIHBAI02_clean,4.7992,3.7527,4.7992,1.74298,825.866,473.823,0.0,0.0,0.449,0.257604,0.0,0,0.5374244124,0.5713771152668125,Test
NIHBAI_clean,4.7247,3.65018,4.71583,1.7748,745.205,419.881,0.0,0.0,0.4386,0.247126,0.0,0,0.5382876275,0.47185687109420893,Train
NIHBEM01_clean,4.87963,3.68372,4.87963,1.74048,783.372,450.089,0.0,0.0,0.4496,0.258319,0.0,0,0.5264644364,0.5198164650484682,Train
NIHBEM02_clean,5.01891,3.78432,5.01891,1.70287,870.252,511.052,0.0,0.0,0.4636,0.272247,0.0,0,0.5096698244,0.4560058914944385,Train
NIHBEM_clean,4.82471,3.66332,4.81898,1.76393,749.866,425.111,0.0,0.0,0.4434,0.25137,0.0,0,0.5304885423,0.5091166964197629,Test
NIHBIQ01_clean,5.30133,3.89271,5.30133,1.65496,952.5,575.542,0.0,0.0,0.4798,0.289916,0.0,0,0.4719009888,0.48955949732668785,Train
NIHBIQ02_clean,5.38184,3.95166,5.35574,1.6285,1006.66,618.147,0.0,0.0,0.4894,0.300521,0.0,0,0.4653618168,0.6076398708081499,Train
NIHBIQ_clean,5.25122,3.88968,5.21988,1.66955,927.396,555.476,0.0,0.0,0.4762,0.285226,0.0,0,0.4861027818,0.4405082808359415,Train
NIHVUX_clean,7.06296,5.57011,7.05951,3.18911,938.163,294.177,124.289,38.973,0.4932,0.154651,0.0,1,0.075626752,0.11713567528963326,Train
NIJTOR_clean,5.13346,3.60858,4.57199,1.35089,285.546,211.376,191.611,141.84,0.4084,0.302318,0.0,1,0.6057806886,0.6943686349414999,Train
NIJZIP01_clean,8.50827,7.36867,8.50827,1.45663,1110.96,762.692,3.7965,2.60636,0.5674,0.38953,0.0,1,0.0869155510999999,0.19768372987837063,Train
NIJZIP_clean,9.04941,7.56212,9.04941,1.42787,1214.86,850.82,0.0,0.0,0.5802,0.406339,0.0,1,0.0892475244,0.16353724246884782,Train
NIJZOV_clean,8.62609,7.08161,8.6236,1.5406,1133.11,735.501,0.0,0.0,0.5798,0.376347,0.0,1,0.0782774523,0.1588430711146162,Train
NIKDAM_clean,7.96983,7.14498,7.96983,0.958363,1366.23,1425.59,0.0,0.0,0.6056,0.631911,0.0,1,0.3341092041,0.46252426441131966,Test
NIKJIB_clean,7.23675,3.61132,7.23452,1.15081,1184.22,1029.04,0.0,0.0,0.5324,0.462633,0.0,1,0.4228217621,0.6685847211777955,Test
NIKKIC_clean,5.94413,4.27315,5.93398,1.24613,1177.42,944.864,0.0,0.0,0.498,0.399638,0.0,1,0.608491035,0.7165244541511817,Test
NIKYOW01_clean,4.61161,3.58405,4.59865,1.78633,690.02,386.278,0.0,0.0,0.436,0.244076,0.0,0,0.5053410544,0.43074848179799063,Train
NIKYOW02_clean,4.72463,3.68194,4.72463,1.75151,766.584,437.671,0.0,0.0,0.4498,0.256808,0.0,0,0.5157250246,0.4775708676341603,Train
NIKYOW_clean,4.56807,3.54686,4.56807,1.80221,654.259,363.032,0.0,0.0,0.4324,0.239928,0.0,0,0.5062756752,0.5120538022434258,Train
NIKYUC01_clean,4.94759,3.68791,4.94354,1.71164,846.153,494.351,0.0,0.0,0.4572,0.267112,0.0,0,0.5076371432,0.49679687961100244,Test
NIKYUC02_clean,5.06856,3.78234,5.06856,1.67303,915.135,546.992,0.0,0.0,0.4718,0.282003,0.0,0,0.4835956496,0.4584316937367449,Test
NIKYUC_clean,4.9018,3.64376,4.89963,1.7317,810.432,467.997,0.0,0.0,0.4504,0.260091,0.0,0,0.52512201,0.5689297822121455,Train
NIKZAJ01_clean,4.60883,3.61545,4.57384,1.79637,691.539,384.965,0.0,0.0,0.4298,0.23926,0.0,0,0.511140781,0.5355059802456337,Test
NIKZAJ02_clean,4.67382,3.68928,4.66396,1.76633,754.073,426.914,0.0,0.0,0.4402,0.249217,0.0,0,0.5174117851,0.5022350645738187,Test
NIKZAJ_clean,4.56098,3.58427,4.53545,1.81346,655.548,361.491,0.0,0.0,0.426,0.234911,0.0,0,0.5227116721,0.4924173815081963,Train
NIKZEN01_clean,4.86464,3.71164,4.85271,1.72603,830.972,481.435,0.0,0.0,0.4544,0.263263,0.0,0,0.5097682055,0.5388803970441334,Train
NIKZEN02_clean,4.94738,3.78699,4.94738,1.70037,871.961,512.806,0.0,0.0,0.4662,0.274175,0.0,0,0.5062677412,0.4153613627236736,Test
NIKZEN_clean,4.82301,3.70763,4.82301,1.74152,807.966,463.944,0.0,0.0,0.4514,0.259199,0.0,0,0.5289953705,0.55058770782381,Train
NIMPEG01_clean,8.44,5.51406,8.10508,0.6075,2688.56,4425.61,0.0,0.0,0.7444,1.22535,0.0,1,0.576116313,0.5243572103911135,Train
NIMPEG_clean,5.8871,5.25211,5.8871,0.735505,2646.72,3598.51,0.0,0.0,0.6844,0.930517,0.0,1,0.665520424,0.7137029447623776,Train
NIMPOQ_clean,9.48433,7.47639,9.46555,0.558554,2612.29,4676.87,0.0,0.0,0.765,1.36961,0.0,1,0.5675257319,0.44325235302328503,Train
NIMTAE_clean,4.79937,4.4136,4.79752,1.0571,1265.99,1197.61,0.0,0.0,0.5494,0.519725,0.0,0,0.7566092579000001,0.8698023119953026,Train
NIMXIS_clean,10.63837,6.01154,10.63837,1.05177,1918.06,1823.65,0.0,0.0,0.667,0.634168,0.0,1,0.2550705301,0.4852305347801055,Train
NINHOH_clean,6.49972,5.39746,6.49972,1.04902,2642.26,2518.78,0.0,0.0,0.76,0.724483,0.0,1,0.1318438469,0.10921371126756829,Test
NINVAI_clean,11.85606,6.40748,11.85606,0.818223,2181.06,2665.61,0.0,0.0,0.7028,0.858935,0.0,1,0.7216081301999999,0.6923160397953825,Train
NIRGAY_clean,8.4539,5.80719,8.43976,0.806367,1866.49,2314.69,0.0,0.0,0.644,0.798644,0.0,1,0.4767885414,0.521190646122671,Train
NISBEX_clean,4.31898,3.41744,4.31844,1.44504,366.268,253.467,91.9485,63.6306,0.472,0.326636,0.0,1,0.278125973,0.3942508487149794,Train
NISPEL_charged,5.69424,3.91942,5.43239,1.32791,1077.9,811.729,0.0,0.0,0.5284,0.397919,0.0,0,0.6901172631999999,0.7478326385413112,Train
NIVZOJ_clean,9.94924,7.55081,9.94924,0.836734,2096.15,2505.16,0.0,0.0,0.7358,0.879372,0.0,1,0.1510556165,0.3391773812811206,Train
NIYJAI_clean,5.86863,4.46882,5.70658,1.13108,1072.3,948.033,0.0,0.0,0.5246,0.463806,0.0,0,0.5391446752,0.7783279374259569,Test
NIYZIG_clean,9.1257,4.85174,9.11367,0.956862,1879.49,1964.22,0.0,0.0,0.637,0.665718,0.0,1,0.6432993483,0.6448769121338868,Train
NIZNAN_clean,5.62761,3.49058,5.62761,1.17342,1545.25,1316.88,0.0,0.0,0.567,0.483203,0.0,1,0.8244866387,0.8418002720509568,Train
NIZZAY_clean,8.39896,7.78516,8.38426,1.2112,2073.27,1711.74,0.0,0.0,0.6754,0.557627,0.0,0,0.3693366105,0.39278569074186576,Train
NIZZEC_clean,8.3208,7.63206,8.31922,1.20763,2065.46,1710.34,0.0,0.0,0.6766,0.560269,0.0,0,0.3585579372,0.3777928425570496,Train
NIZZIG_clean,8.38921,7.68868,8.37589,1.19762,2072.68,1730.66,0.0,0.0,0.6836,0.570798,0.0,0,0.3699021074,0.37791650647740704,Test
NIZZOM_clean,8.52507,7.77175,8.50752,1.1812,2086.39,1766.33,0.0,0.0,0.685,0.579917,0.0,0,0.3713833274,0.41730602769464953,Train
NOBVOR_clean,5.28259,5.11208,5.27848,1.1717,1472.77,1256.95,0.0,0.0,0.5292,0.451653,0.0,0,0.9482227521,0.8783850719554507,Test
NOCKOG_clean,5.62673,5.01808,5.62673,1.04593,1347.49,1288.32,0.0,0.0,0.553,0.528716,0.0,1,0.9157809239,0.7036531278386837,Test
NOCKUM_clean,6.00758,5.1022,6.00758,1.07326,1338.2,1246.86,0.0,0.0,0.5502,0.512645,0.0,1,0.5979205120000001,0.66724843818473,Train
NOCLOH01_clean,5.48382,4.82541,5.46744,1.30816,1237.43,945.928,0.0,0.0,0.5374,0.410806,0.0,1,0.7394458917,0.7009399360550064,Test
NOCLOH02_clean,5.50015,4.83636,5.44966,1.30452,1262.04,967.436,0.0,0.0,0.5462,0.418699,0.0,1,0.7359662935,0.7302885842341604,Train
NOCLOH03_clean,5.53774,4.87922,5.44835,1.29563,1278.59,986.85,0.0,0.0,0.5392,0.416168,0.0,1,0.7329262428,0.6800992286588995,Train
NOCLOH_clean,5.4394,4.78188,5.37771,1.31451,1235.22,939.686,0.0,0.0,0.5324,0.405018,0.0,1,0.7462837069,0.7475969554813946,Train
NOCLUN_clean,6.26764,5.77209,6.22951,1.07441,1685.14,1568.43,0.0,0.0,0.6158,0.57315,0.0,1,0.4681501501,0.5305799173304826,Train
NOCYUB_clean,4.54438,4.10807,4.54438,1.72564,433.752,251.357,0.0,0.0,0.3964,0.229712,0.0,1,0.2180877339,0.2313390575397704,Train
NOCZAI_clean,4.42954,4.04745,4.42954,1.74484,414.324,237.458,0.705302,0.404222,0.3944,0.226039,0.0,1,0.197089688,0.32395930909556137,Train
NODKAT_clean,4.87174,3.58316,4.87174,1.20089,870.838,725.159,0.0,0.0,0.5258,0.437841,0.0,0,0.9507613067,0.9609844951116235,Train
NODKOH_clean,5.43236,4.66054,5.43106,1.05473,1385.41,1313.52,0.0,0.0,0.5884,0.557866,0.0,0,0.7052969141,0.767428051780901,Test
NODKUN_clean,8.11946,6.79716,8.07056,0.764763,2379.51,3111.44,0.0,0.0,0.6852,0.895963,0.0,0,0.8352592087,0.7335776042291274,Test
NOFDUI_clean,4.93531,4.06199,4.92703,1.21153,1000.68,825.958,0.0,0.0,0.4872,0.402135,0.0,0,0.5327952311,0.7747573449793073,Train
NOFHOG_clean,6.65675,5.09348,6.63927,0.822826,2730.97,3319.01,0.0,0.0,0.6932,0.842462,0.0,1,0.6650161511,0.6930428589659712,Train
NOFQAB_clean,21.07333,4.609,21.07333,0.947534,1218.66,1286.14,157.272,165.98,0.655,0.691268,0.0,0,0.6883468884999999,0.671053184400306,Train
NOFQIK_clean,4.9549,4.61383,4.95259,1.45912,792.567,543.181,0.0,0.0,0.5256,0.360216,0.0,1,0.2290159336,0.25849110265690906,Train
NOFQOQ_clean,5.26068,4.9317,5.26068,1.52336,805.604,528.834,0.0,0.0,0.5044,0.331111,0.0,1,0.3376040938,0.2383636138070266,Test
NOGDAP_clean,6.90613,3.48821,6.90608,1.43733,1400.84,974.616,0.0,0.0,0.5538,0.385299,0.0,0,2.9791690457,1.5497216446197979,Test
NOHFOG_clean,5.40858,4.54107,5.33613,1.66638,1542.3,925.536,0.0,0.0,0.5474,0.328496,0.0,1,0.4476284142,0.4346560498438116,Train
NOHLAZ_clean,4.58304,3.41283,4.57147,1.83959,742.915,403.849,0.0,0.0,0.415,0.225594,0.0,1,0.2448154088,0.37028770487296725,Train
NOHSIM01_clean,4.97938,3.79602,4.89937,1.44217,1518.59,1052.99,0.0,0.0,0.5942,0.412019,0.0,0,0.8217266828,0.7880398625639762,Train
NOHSIM_clean,4.94525,3.77888,4.76061,1.43422,1498.07,1044.52,0.0,0.0,0.608,0.423923,0.0,0,0.5824365514000001,0.7277599292622213,Train
NOHSUA_clean,8.36544,4.75817,8.32279,0.872139,1620.2,1857.73,0.0,0.0,0.5908,0.677415,0.0,1,0.5533470534,0.5404283429477202,Train
NOKJON_clean,7.47331,5.41094,7.47331,2.39941,2004.26,835.312,0.0,0.0,0.6598,0.274984,0.0,1,0.1404732691,0.03930647631346118,Test
NOKLIJ_clean,11.48526,10.66621,11.48526,1.19832,1550.1,1293.56,0.0,0.0,0.646,0.539086,0.0,1,0.3445752893,0.35288190972659367,Train
NOKPEJ_clean,4.49218,3.71025,4.45459,1.6407,696.202,424.332,0.828968,0.505252,0.5208,0.317425,0.0,1,0.1823592593,0.15330828147194853,Train
NOMQAJ01_clean,4.90223,3.68918,4.90223,1.31657,708.381,538.05,0.0,0.0,0.45,0.341797,0.0,0,1.2251786832,0.848843329773592,Train
NOPJOT_clean,6.1592,4.69936,6.14418,1.00061,2117.03,2115.74,0.0,0.0,0.6142,0.613825,0.0,1,0.671308352,0.8683077360496587,Train
NOQKOV_clean,5.57218,4.25994,5.56937,1.06467,1684.1,1581.8,0.0,0.0,0.536,0.503441,0.0,0,0.7909836525,0.8586299664167514,Train
NOQKUB_clean,5.39399,4.39499,5.39187,1.00245,1858.17,1853.63,0.0,0.0,0.55,0.548657,0.0,0,0.9464025167,0.9900675344125398,Train
NORBUT_clean,5.08002,3.51252,5.07961,1.76418,163.887,92.8971,0.0,0.0,0.4354,0.246801,0.0,1,0.1069001837,0.18409401326982305,Test
NORGOS_clean,4.94677,3.43492,4.94677,1.7289,141.415,81.7948,0.0,0.0,0.4202,0.243045,0.0,1,0.0581548317999999,0.20635350322522272,Test
NOSHEK_clean,5.7194,3.87373,5.09672,1.68613,1874.51,1111.72,0.0,0.0,0.614,0.364148,0.0,1,0.4441448583,0.39396569632202205,Train
NOSJIQ_charged,6.56002,4.40515,6.56002,2.09187,568.118,271.583,75.6928,36.1842,0.444,0.21225,0.0,1,0.0591794014,0.2632470169049483,Train
NOSTUM01_clean,6.02005,5.48184,6.00511,0.946326,1720.55,1818.13,0.0,0.0,0.6136,0.648402,0.0,1,0.8107124217,0.7546167058279859,Train
NOSTUM_clean,5.81524,5.30062,5.7997,0.959933,1717.62,1789.31,0.0,0.0,0.6084,0.633794,0.0,1,0.8504725315999999,0.7852543590849652,Train
NOWGIR_clean,9.36325,6.59726,9.2981,1.43951,1651.33,1147.14,0.0,0.0,0.634,0.440427,0.0,1,0.1895689931,0.18691653958563448,Train
NUBBAP_clean,14.05418,6.66438,11.10621,0.762781,2298.42,3013.21,0.0,0.0,0.7708,1.01051,0.0,1,0.3774260574,0.4567113251277822,Test
NUBPIL_clean,11.57277,9.78079,11.57277,0.608967,2225.04,3653.8,0.0,0.0,0.7688,1.26247,0.0,1,0.4463923899,0.47852970219973734,Train
NUCBIY_clean,5.06822,3.86536,5.06061,1.18684,700.396,590.137,0.0,0.0,0.4806,0.404942,0.0,0,0.5942166804,0.6263115567293985,Train
NUCCEV_clean,6.52615,3.99784,6.52615,1.00465,1502.03,1495.08,0.0,0.0,0.556,0.553427,0.0,1,0.8607058901000001,0.786264943816634,Train
NUCPEI_clean,6.7664,4.45805,6.7664,1.03972,2105.55,2025.11,0.0,0.0,0.6338,0.609585,0.0,1,1.2637693604,0.8809796567832728,Train
NUCYAN_clean,4.98599,4.20846,4.98599,1.48214,662.288,446.845,0.0,0.0,0.4874,0.328848,0.0,1,0.3125573891,0.3086820234340709,Train
NUCYER_clean,4.96656,4.20041,4.96656,1.49997,657.943,438.637,0.0,0.0,0.4852,0.323473,0.0,1,0.3060183986,0.27637573113480307,Train
NUCYIV_clean,4.97799,4.21601,4.96375,1.53207,652.698,426.025,0.0,0.0,0.477,0.311344,0.0,1,0.3082686897,0.3070614727913478,Test
NUDLIJ_clean,6.93743,5.78938,6.89446,1.14165,1419.26,1243.17,0.0,0.0,0.5428,0.475454,0.0,0,0.6639445925999999,0.6961888008395947,Train
NUDMAC_clean,6.47898,5.73918,6.47898,1.16985,1365.51,1167.25,0.0,0.0,0.54,0.461596,0.0,0,0.6651765688,0.6694244251567995,Train
NUDMEG_clean,6.29424,5.40754,6.23822,1.19809,1344.33,1122.06,0.0,0.0,0.5334,0.445207,0.0,0,0.6629524984,0.7675430069461608,Test
NUDMOQ_clean,6.59897,5.83765,6.59897,1.15867,1384.65,1195.03,0.0,0.0,0.5454,0.470712,0.0,0,0.6423862015,0.6496326266830286,Train
NUDMUW_clean,6.32198,5.70328,6.32198,1.18747,1340.68,1129.02,0.0,0.0,0.5322,0.448181,0.0,0,0.6677008887,0.7282577879082348,Train
NUDNEH_clean,6.40452,5.65537,6.40452,1.17792,1346.46,1143.08,0.0,0.0,0.5262,0.44672,0.0,0,0.6592780163,0.688584258175105,Train
NUFBEX_clean,8.49623,5.29107,8.49623,1.23125,1460.16,1185.92,0.0,0.0,0.5628,0.457098,0.0,1,0.2500842577,0.4301001959708367,Train
NUFBOH_clean,6.20415,3.43588,6.19684,1.14211,1512.51,1324.31,0.0,0.0,0.5816,0.509231,0.0,0,1.1184125554000002,1.0160759528297731,Train
NUFBUN_clean,7.53238,5.74054,7.52156,1.07363,1972.83,1837.54,0.0,0.0,0.6478,0.603375,0.0,1,0.5112317028,0.5019285586395347,Test
NUFCAU_clean,9.94144,7.33631,9.94144,0.845072,2116.0,2503.93,0.0,0.0,0.7364,0.871405,0.0,1,0.3463610715,0.33706140577400434,Train
NUFTOY_charged,9.32517,8.36752,9.32517,0.982387,1441.86,1467.71,0.0,0.0,0.6018,0.612589,0.0,0,1.0316590329000002,0.5790470541098898,Train
NUGRIR_clean,8.70402,6.3995,8.695,1.28478,1827.49,1422.42,0.0,0.0,0.645,0.502033,0.0,0,0.2014852824,0.28639890563849174,Train
NUGROX_clean,7.91316,6.30977,7.91316,1.24187,1907.41,1535.92,0.0,0.0,0.6464,0.520505,0.0,0,0.2270491082999999,0.41438782154903697,Train
NUHNUA_clean,5.91571,3.87698,4.38862,0.866172,1483.02,1712.15,0.0,0.0,0.5628,0.649756,0.0,1,0.6676692168,0.8413162814748905,Test
NUHPAI_clean,5.92167,3.93075,4.42412,0.871868,1496.53,1716.46,0.0,0.0,0.5834,0.669138,0.0,1,0.7055630415999999,0.788195205040606,Test
NUHQAK_clean,6.11993,4.14765,6.11993,1.236,1832.14,1482.32,0.0,0.0,0.5934,0.480098,0.0,1,0.7448422734000001,0.7053080262154431,Train
NUHQIS_clean,6.54623,4.66095,6.54623,1.20529,1894.68,1571.97,0.0,0.0,0.5972,0.495483,0.0,1,0.6140823399,0.6462035627038196,Train
NUHQOY_clean,6.53062,4.6635,6.53062,1.21249,1899.32,1566.47,0.0,0.0,0.5942,0.490068,0.0,1,0.6242261111,0.6365063476102563,Train
NUHQUE_clean,6.55171,4.68685,6.54808,1.21067,1893.64,1564.13,0.0,0.0,0.5964,0.492619,0.0,1,0.6166895763,0.6448523935156316,Train
NUHRAL_clean,6.51247,4.65457,6.51247,1.22333,1897.36,1550.98,0.0,0.0,0.5928,0.484579,0.0,1,0.6259211798,0.640427045868228,Test
NUHZAS_clean,4.59282,3.63902,4.53366,1.44559,429.681,297.236,0.0,0.0,0.4222,0.292061,0.0,1,0.6713209943,0.5198626728986426,Train
NUJCEA_clean,4.83502,3.79811,4.83328,1.60555,436.405,271.811,21.0341,13.1009,0.487,0.303323,0.0,1,0.0649912633,0.12562568716564382,Train
NUJCIE_clean,5.03148,3.82553,5.03043,1.58392,461.015,291.061,23.0849,14.5746,0.4906,0.309739,0.0,1,0.06704791,0.13612057772133657,Train
NULMAJ_clean,5.03229,4.40705,5.03229,0.892035,1713.32,1920.69,0.0,0.0,0.6184,0.693246,0.0,0,0.261334783,0.9534816458147521,Test
NUNCEG_clean,6.32724,4.08141,6.24551,0.841857,1844.22,2190.65,0.0,0.0,0.5678,0.674462,0.0,1,0.5845053832,0.6704075584466749,Train
NUNNUH_clean,6.00836,4.32228,5.9546,0.799722,2197.7,2748.08,0.0,0.0,0.6854,0.857048,0.0,1,0.5975015463000001,0.5718234441478877,Train
NUNPAP_clean,6.01151,4.33549,6.00656,0.794607,2195.03,2762.41,0.0,0.0,0.6796,0.855265,0.0,1,0.5477676494,0.5954832653257291,Train
NUNSIA_clean,4.82032,4.25115,4.82032,1.27602,836.789,655.783,0.0,0.0,0.4866,0.381343,0.0,0,0.4270520157999999,0.9373618574244008,Test
NUNSOG_clean,4.99291,4.35876,4.99291,1.27773,873.941,683.982,0.0,0.0,0.4864,0.380677,0.0,0,0.4403779854999999,0.7508833824423901,Train
NURMUJ_clean,4.39424,3.64857,4.38802,1.20073,1518.88,1264.97,0.0,0.0,0.6332,0.527347,0.0,1,0.5783207824000001,0.6003919303587876,Train
NUTQAV_clean,10.89201,6.87272,10.20477,0.722737,2294.74,3175.06,0.0,0.0,0.7432,1.02831,0.0,1,0.4665203708,0.5405770327155573,Train
NUTYEI_clean,13.08518,12.35732,13.03987,0.787627,1749.9,2221.74,0.0,0.0,0.7456,0.946641,0.0,0,0.3689992368,0.34961409581243397,Train
NUTYIM_clean,13.08434,12.35689,13.08434,0.80193,1745.22,2176.28,0.0,0.0,0.7446,0.92851,0.0,0,0.3617049747,0.34579367410741524,Train
NUVBIQ_clean,4.60795,3.59775,4.60795,2.15646,840.114,389.58,0.0,0.0,0.4404,0.204223,0.0,1,0.3287942313,0.5323231977436541,Train
NUVWEH_clean,5.84014,3.85397,5.84014,1.503,1203.66,800.838,0.0,0.0,0.5116,0.340385,0.0,1,0.2374504998,0.5469016172688266,Test
NUVXOT_clean,9.16707,5.75569,9.14121,0.884237,2287.82,2587.34,0.0,0.0,0.7176,0.811547,0.0,1,0.3929116111,0.47813054655481513,Train
NUVYOT_clean,4.99931,3.59386,4.8252,1.15218,688.171,597.279,170.523,148.001,0.5094,0.44212,0.0,1,0.644026211,0.6955291402460899,Train
NUWBOX_clean,5.68496,3.45366,5.08673,2.30898,1203.77,521.344,0.0,0.0,0.4886,0.211609,0.0,1,0.1533407696,0.13839917232739135,Test
NUWPOM_clean,8.32687,8.01604,8.32687,1.25431,1381.61,1101.49,0.0,0.0,0.5552,0.442633,0.0,1,0.1415096502999999,0.27505270043692925,Train
NUWVIM_clean,4.95462,3.8636,4.94993,1.17037,724.517,619.05,9.52012,8.13429,0.4914,0.419868,0.0,0,0.7603482285,0.6132456409588568,Test
NUYNEC_clean,8.26029,6.82395,8.26029,1.01384,1779.3,1755.01,0.0,0.0,0.6224,0.613905,0.0,1,0.3262308859,0.5097113956813211,Train
NUYQUU_clean,3.95153,3.47099,3.94298,2.33033,494.395,212.157,0.0,0.0,0.4774,0.204864,0.0,0,0.7247100011,0.8847198042982907,Test
OBAFEF_clean,4.96935,4.01792,4.92296,2.37845,904.645,380.351,0.0,0.0,0.4776,0.200803,0.0,1,0.1643120936,0.26993175373794626,Test
OBAFOP_clean,5.00648,4.01028,4.65887,2.41546,964.282,399.213,0.0,0.0,0.4784,0.198058,0.0,1,0.1973346028,0.30741772147191426,Test
OBAHIL_clean,8.44223,7.37969,8.44223,0.972998,1553.57,1596.68,0.0,0.0,0.603,0.619734,0.0,0,0.6734874685,0.5510609717712077,Test
OBAHOR_clean,8.04827,7.09842,8.046,0.982079,1580.94,1609.79,0.0,0.0,0.5956,0.606469,0.0,0,0.7631670564,0.6659312059136138,Test
OBAHUX_clean,8.31415,7.49178,8.31031,0.960232,1571.77,1636.87,0.0,0.0,0.605,0.630056,0.0,0,0.6607287123,0.596736523715963,Train
OBAJAF_clean,9.08651,7.73882,9.08617,0.939446,1595.74,1698.6,0.0,0.0,0.6188,0.658686,0.0,1,0.6397328596,0.5209552545934814,Train
OBEDAA_charged,4.68867,3.83063,4.60079,1.17021,1077.32,920.621,0.0,0.0,0.5386,0.46026,0.0,0,0.6984590019,0.8124718721072869,Train
OBEDEE_clean,5.83756,4.97252,5.83756,0.932431,2005.16,2150.46,0.0,0.0,0.6298,0.675439,0.0,1,0.5068116243999999,0.7805251339578575,Test
OBIBAF_clean,6.94508,5.04977,5.92375,0.848313,1610.41,1898.37,0.0,0.0,0.6028,0.710587,0.0,1,0.6946164194,0.656017397183698,Test
OBIBEJ_clean,8.27924,5.80407,6.33414,0.828843,1754.26,2116.52,0.0,0.0,0.601,0.725107,0.0,1,0.5344034295000001,0.6295723244889555,Test
OBIBOT_clean,6.67176,5.057,6.67176,1.21046,1489.16,1230.24,0.0,0.0,0.5556,0.458998,0.0,1,0.5729135326,0.6254927717970207,Train
OBODEQ_clean,5.13358,4.46715,5.12837,1.36036,1938.87,1425.26,0.0,0.0,0.5966,0.43856,0.0,1,0.5393475664,0.5566116905178358,Train
OBOGUK_clean,8.65239,7.8304,8.65239,0.77452,2430.14,3137.61,0.0,0.0,0.7298,0.942262,0.0,1,0.4463957418,0.4813795595802401,Test
OBONUO_charged,8.62654,4.35866,8.61518,1.08466,1322.48,1219.26,0.0,0.0,0.5486,0.505779,0.0,1,0.3746296636,0.4865123508094123,Train
OBUBOC_manual,8.45577,7.46863,8.45577,1.46042,1170.56,801.525,0.571901,0.391601,0.5536,0.37907,0.0,1,0.0972145295,0.2510253904161165,Test
OBUFEX_clean,5.14759,4.35938,5.14759,1.09987,1567.25,1424.95,0.0,0.0,0.565,0.513698,0.0,0,0.6363025300999999,0.7967522033629413,Train
OBUFIB_SL,4.69226,3.94966,4.47162,1.56841,881.672,562.145,0.0,0.0,0.426,0.271613,0.0,0,0.4074875483,1.4007019502100757,Test
OCACUR_clean,5.50745,4.89061,5.44518,1.25128,1937.07,1548.08,0.0,0.0,0.5884,0.47024,0.0,1,0.6633689105,0.6174219105548546,Test
OCAQOY_clean,4.53686,3.80641,4.53372,1.60935,541.33,336.366,0.0,0.0,0.3906,0.242707,0.0,1,0.2906509271999999,0.3388958659470137,Train
OCOKUP_clean,5.00304,3.71484,4.99284,1.15999,792.721,683.386,0.0,0.0,0.474,0.408624,0.0,1,0.6198212552000001,0.7536750019499618,Test
OCUGEZ01_clean,5.7662,4.18465,5.76016,1.3013,1459.07,1121.24,0.0,0.0,0.5724,0.439868,0.0,1,0.3774060838,0.5408723366391369,Test
OCUGEZ_clean,5.71674,4.14737,5.66007,1.32226,1442.09,1090.62,0.0,0.0,0.5748,0.43471,0.0,1,0.3939953199,0.5292078257604277,Train
OCUMIL_clean,5.22769,3.7877,5.2092,1.25606,1523.79,1213.15,0.0455347,0.036252,0.5456,0.434374,0.0,1,0.3865892801,0.6236343500118189,Train
OCUMOR_clean,5.32208,3.84167,5.31587,1.29298,1290.04,997.724,16.7653,12.9664,0.525,0.406038,0.0,1,0.4797016800999999,0.5583385856351517,Train
OCUNAC_manual,36.1506,14.04664,36.1506,0.427517,1422.73,3327.89,0.0,0.0,0.8368,1.95735,0.0,1,0.4350965518999999,0.41658227434904577,Train
OCUNAE_clean,5.43724,3.65933,5.43724,1.22157,1397.41,1143.94,27.2256,22.2874,0.5506,0.450731,0.0,1,0.3924016627,0.520368892749849,Train
OCUPUY_clean,4.6531,4.04819,4.6531,1.52024,995.727,654.982,0.0,0.0,0.479,0.315083,0.0,1,1.0772936168,0.6894926450825574,Test
OCURAG_clean,5.43063,3.42226,5.42822,1.47361,1201.66,815.454,0.0,0.0,0.519,0.352197,0.0,1,0.6035945112,0.620278089876458,Train
OCUSIP_clean,5.39686,4.96775,5.37929,1.58503,1157.95,730.556,0.0,0.0,0.5014,0.316334,0.0,1,0.4320155275,0.7581752830062836,Test
OCUSOV_clean,4.91031,3.4317,4.90721,1.52702,1101.56,721.382,0.0,0.0,0.5004,0.327698,0.0,1,0.7040117726999999,0.8527640127855809,Test
OCUSUB_clean,5.00781,3.40979,5.00781,1.50787,1123.4,745.023,0.0,0.0,0.5152,0.341674,0.0,1,0.6149400767000001,0.7144301846728213,Test
OCUTEM_clean,5.16189,3.4562,5.16189,1.4963,1173.27,784.115,0.0,0.0,0.5098,0.340707,0.0,1,0.6548214086,0.6343470134100563,Train
OCUVUF_clean,7.8514,5.72034,7.7546,3.13958,1789.03,569.831,0.0,0.0,0.5542,0.176521,0.0,1,0.0379572803,0.04566372255917961,Train
ODAHIK_charged,5.19645,3.68876,5.16301,1.07382,742.491,691.446,0.0,0.0,0.4792,0.446256,0.0,1,0.4854428265,0.6220910747950512,Train
ODERIZ_clean,5.75405,4.36229,5.74596,1.52699,807.66,528.922,146.001,95.6134,0.5294,0.346694,0.0,1,0.5292452277,0.47134809769311325,Train
ODEZAB_clean,11.63192,4.40592,11.61962,0.799101,2103.64,2632.5,6.44431,8.06445,0.6938,0.868225,0.0,1,0.8470345592,0.750769982304162,Train
ODIMAQ_clean,8.52073,7.26741,8.52073,1.44329,1085.87,752.358,0.0,0.0,0.5848,0.405186,0.0,1,0.0975930385999999,0.0962646491882504,Train
ODIVUU_clean,8.59093,6.84892,8.59093,1.01269,1735.08,1713.33,0.0,0.0,0.6294,0.621511,0.0,1,0.6939598569,0.4799109980492971,Train
ODIXEG_clean,10.36031,7.47097,10.26209,0.552173,2299.01,4163.57,0.0,0.0,0.7816,1.4155,0.0,1,0.4934299141,0.39366376455207264,Train
ODODES_clean,6.13875,4.52515,6.13614,0.993468,1787.67,1799.42,0.0,0.0,0.5926,0.596497,0.0,1,0.7258890161,0.7612721044323659,Test
ODODIW_clean,7.22618,4.59373,7.22618,0.965963,1948.86,2017.54,0.0,0.0,0.634,0.65634,0.0,1,0.6835084029,0.6740187820140836,Train
ODODOC_clean,7.00262,4.84122,6.9907,1.05423,1743.61,1653.92,0.0,0.0,0.6044,0.57331,0.0,0,0.4941789754,0.6468343344453407,Train
ODODUI_clean,11.00214,7.6444,10.86092,0.618366,2208.53,3571.55,0.0,0.0,0.7646,1.23648,0.0,1,0.4700591488,0.4532856587059115,Train
ODOMIF_clean,4.61212,3.63133,4.60194,1.07759,1653.01,1533.99,0.0,0.0,0.5582,0.51801,0.0,0,1.3148938119,1.1010637576449391,Train
ODOXEK_clean,5.23174,4.24381,5.21951,1.86723,267.21,143.105,283.845,152.014,0.425,0.22761,0.0,0,0.7919809168999999,0.7644777275436215,Train
ODUNEH_clean,6.66002,5.04848,6.62254,0.964914,2093.57,2169.69,0.0,0.0,0.6352,0.658297,0.0,1,0.6342408817,0.7811357842663256,Test
OFAWAV_clean,11.42925,8.90439,11.4135,0.968512,2176.57,2247.34,0.0,0.0,0.7636,0.788426,0.000206502,1,0.2146543288,0.25716952900467116,Test
OFAWEZ_clean,10.66695,9.07717,10.66695,0.975199,2204.12,2260.18,0.0,0.0,0.7702,0.789787,0.0,1,0.2161796326,0.27286242987951154,Test
OFEHAK_clean,6.57238,4.30728,6.57238,1.26099,1569.04,1244.3,0.0,0.0,0.577,0.457578,0.0,1,0.5486463114,0.5816323218391832,Train
OFEREX_clean,6.99117,6.70761,6.99117,1.56791,1544.85,985.293,0.0,0.0,0.5694,0.363159,0.0,1,0.5311181962,0.43261938723858484,Train
OFERUN06_clean,11.42842,3.43062,11.4146,0.893311,1495.78,1674.42,0.0,0.0,0.6708,0.750915,0.0,0,0.2073241785,0.2188495979541918,Test
OFERUN_clean,11.51766,3.43919,11.48105,0.924676,1442.14,1559.62,0.0,0.0,0.6416,0.693865,0.0,0,0.2614388631,0.27007156224077367,Train
OFESAU_clean,7.18693,4.9999,7.18693,1.91678,854.706,445.907,0.0,0.0,0.4402,0.229656,0.0,0,0.2775671999,0.30481240027935474,Train
OFESEY_clean,7.30457,5.07688,7.30457,1.8342,871.652,475.221,0.0,0.0,0.451,0.245883,0.0,0,0.2759281963,0.3180734660422118,Test
OFESIC_clean,7.36476,5.0904,7.36476,1.82236,878.112,481.855,0.0,0.0,0.4554,0.249896,0.0,0,0.2632774208,0.4102515994060616,Test
OFOCUI_clean,11.39371,7.77962,11.39371,0.789274,2336.11,2959.83,0.0,0.0,0.7236,0.916792,0.0,1,0.48201416,0.5447954130118855,Test
OFODET_clean,6.29959,4.57313,6.27845,1.15382,1340.43,1161.73,0.0,0.0,0.519,0.449811,0.0,1,0.5641797561,0.7708104121464541,Test
OFUCAV_clean,4.37268,3.46007,4.37113,1.87575,696.078,371.093,0.0,0.0,0.4774,0.254512,0.0,1,0.5168418681,0.5231924868709007,Train
OFUCEZ_clean,5.30083,4.49138,5.29823,1.50666,1791.35,1188.95,0.0,0.0,0.5642,0.374471,0.0,1,0.3376253464,0.4388980935613186,Train
OFUYUL_SL,6.56154,4.20373,6.56131,1.08955,1752.35,1608.33,0.0,0.0,0.6302,0.578404,0.0,0,0.8028059098999999,0.6615960041750778,Train
OGAGAF_clean,4.92581,3.9125,4.92581,1.40546,832.759,592.516,0.0,0.0,0.5084,0.361731,0.0,0,0.4422838716,0.614740902097922,Train
OGAGEJ_clean,5.64492,5.21899,5.64485,1.05864,1853.73,1751.06,0.0,0.0,0.6242,0.589626,0.0,0,0.5493513163,0.7862725075072865,Test
OGAGIN_clean,5.17696,3.68155,5.09885,1.45357,798.238,549.157,0.0,0.0,0.4912,0.337926,0.0,0,0.5205250835,0.7345942639079225,Test
OGAXUR_clean,6.21326,5.95602,6.21326,1.24359,1052.97,846.718,0.0,0.0,0.4942,0.397397,0.0,1,0.6385982412,0.5370075041791741,Train
OGEBAF01_clean,14.74547,10.54801,14.74547,0.504959,2054.21,4068.08,0.0,0.0,0.8166,1.61716,0.0,1,0.4314280714,0.41060793741175716,Test
OGECOU_clean,6.21029,5.96321,6.17894,1.2702,1037.22,816.577,0.0,0.0,0.4898,0.385607,0.0,1,0.6689669238,0.4696140292992198,Test
OGIBOV_clean,4.29925,3.68277,4.29768,2.42877,736.158,303.099,0.0,0.0,0.457,0.188161,0.0,0,2.3861909018,2.3874995454983186,Train
OGIBUD_clean,6.49659,4.27127,6.49659,1.11792,1777.29,1589.82,0.0,0.0,0.603,0.539397,0.0,0,0.8278142425,0.734778865164353,Test
OGIKAR_clean,10.46212,5.43474,8.12198,0.950984,1724.97,1813.88,0.0,0.0,0.622,0.654059,0.0,1,0.6134559766,0.6132796641026104,Train
OGIYOT_charged,9.60009,8.6886,9.60009,1.09617,1167.18,1064.78,32.3905,29.5489,0.568,0.51817,0.0,0,0.6036115921,0.5446104998567021,Train
OGIYUZ_clean,9.8373,8.87116,9.8373,1.07364,1299.27,1210.15,0.0,0.0,0.577,0.537422,0.0,0,0.612716605,0.31363156812660653,Test
OGOJOJ_charged,6.48122,4.02381,6.42493,1.42933,545.366,381.553,0.0,0.0,0.4802,0.335961,0.0,1,0.0930660461999999,0.19511832816935054,Train
OGOWAJ_clean,7.34237,6.24854,7.34237,0.908904,1684.85,1853.71,0.0,0.0,0.611,0.672238,0.0,0,0.6281616139,0.7120276817305657,Train
OGUJIL_clean,4.11991,3.42248,4.10899,1.27165,539.273,424.075,0.0,0.0,0.4916,0.386586,0.0,0,0.4867313474,0.5053521541144135,Train
OGUPIQ_clean,5.83455,3.53797,5.83455,1.63754,706.847,431.65,0.0,0.0,0.4298,0.262466,0.0,1,0.5612191712,0.5030526834248483,Train
OGURAK_charged,9.48905,5.22989,9.11458,0.968985,1939.23,2001.3,0.0,0.0,0.6678,0.689174,0.0,1,0.7246299022,0.5763632511026248,Train
OHAKEO_clean,5.91842,4.8868,5.91143,1.15127,1254.68,1089.81,0.0,0.0,0.543,0.471652,0.0,0,0.8686886843000001,0.7609590759055276,Train
OHAKIS_clean,5.22451,4.43244,5.1107,1.2284,1098.1,893.932,0.0,0.0,0.5162,0.420223,0.0,0,1.2051035008,0.9375782683969281,Train
OHIHET_clean,4.30684,3.71246,4.30684,1.30435,366.699,281.135,0.0,0.0,0.4222,0.323685,0.0,0,0.5720864457,0.5360102585917635,Train
OHOMIH_clean,4.60907,4.30122,4.60907,1.97594,752.524,380.843,0.0,0.0,0.396,0.200411,0.0,1,0.5502650131,0.5566856979158308,Train
OHUMEL_clean,14.09837,12.86508,14.09837,0.808879,1803.58,2229.73,0.123257,0.15238,0.8014,0.990754,0.0,1,0.1478358085,0.40007225431433224,Test
OJAZOP_clean,4.82674,3.80884,4.82333,2.14546,1510.62,704.1,0.00634264,0.00295631,0.5202,0.242465,0.0,1,0.2042650495,0.5077786993806457,Test
OJICEQ_charged,11.96892,11.06718,11.96892,0.836902,1379.64,1648.51,0.0,0.0,0.6404,0.765203,0.0,1,0.464211777,0.36879172938653904,Test
OJICUG_clean,8.60682,7.88912,8.60682,0.689805,2294.5,3326.3,0.0,0.0,0.734,1.06407,0.0,1,0.4303784615,0.42823518837635804,Test
OJIDAN_clean,19.79872,19.3368,19.78262,0.704653,1186.45,1683.74,21.5807,30.626,0.6956,0.987152,0.0,1,0.3453856599,0.40343630136482145,Test
OJIWAG_clean,5.38643,4.20657,5.38643,1.10966,1491.09,1343.75,0.0,0.0,0.561,0.505563,0.0,1,0.9549506217,0.7246824831011616,Test
OJIWIO_clean,4.64307,3.99735,4.61496,1.33375,842.543,631.712,0.0,0.0,0.4524,0.339195,0.0,1,0.6423654734,0.9560416648486582,Test
OJONOQ_clean,6.43933,5.37715,5.61608,1.49915,1863.16,1242.81,0.0,0.0,0.6578,0.438781,0.0,1,0.1191648761999999,0.15345561125881485,Train
OJORUC_clean,8.31671,3.81807,7.2234,0.868373,1910.02,2199.54,0.0,0.0,0.6578,0.757508,0.0,1,0.983948201,0.7302835640496071,Train
OKABAE_clean,14.07417,9.53484,14.07417,0.650845,2097.18,3222.24,0.0,0.0,0.77,1.18308,0.0,1,0.4551561319,0.5145299373910169,Train
OKABEI_clean,13.86987,9.42284,13.86987,0.653017,2127.67,3258.22,0.0,0.0,0.7686,1.177,0.0,1,0.4843513574,0.5033364422083249,Train
OKAYAC_clean,4.90891,3.57241,4.90749,1.56645,415.712,265.385,0.0,0.0,0.3406,0.217434,0.0,0,1.0272997463,0.9503033528659306,Train
OKAYEG_clean,4.8581,3.49488,4.85158,1.57533,393.933,250.064,0.0,0.0,0.3384,0.214812,0.0,0,1.0424045599,0.8150560079482089,Test
OKAYOQ_clean,4.43848,3.73339,4.16809,1.19153,558.623,468.829,0.0,0.0,0.4514,0.378841,0.0,0,1.0228729874,0.9178189747135543,Train
OKAYUW_clean,4.44294,3.73093,4.20318,1.19551,569.391,476.274,0.0,0.0,0.4482,0.374902,0.0,0,1.0669446995999998,0.9004393586953259,Test
OKAZAD_clean,4.45701,3.77862,4.21772,1.1891,589.131,495.442,0.0,0.0,0.453,0.38096,0.0,0,1.0776349591,0.9398652036945687,Train
OKELOH_clean,4.42328,3.40802,4.39617,0.903668,1931.69,2137.61,0.0,0.0,0.6342,0.701806,0.0,1,0.7183480059,0.7664202771513215,Train
OKIJUO_charged,4.87708,4.03642,4.75358,1.10443,1426.24,1291.38,0.0,0.0,0.5616,0.508498,0.0,1,0.5930388669,0.7271266621348894,Train
OKIKAV_charged,4.97826,4.06942,4.94845,1.10853,1482.04,1336.94,1.08056,0.974766,0.572,0.515998,0.0,1,0.693893981,0.7002382185884957,Train
OKIKEZ_charged,5.08981,4.22613,5.08052,1.20557,1212.32,1005.6,0.0,0.0,0.5372,0.445598,0.0,1,0.5890568367,0.9004968243321767,Test
OKILEA_clean,6.35409,4.27067,6.35409,1.16036,1077.85,928.894,0.0,0.0,0.549,0.473129,0.0,1,0.2388173284,0.46600306366897737,Train
OKIQEG_clean,5.32479,3.99481,5.32479,1.53026,921.294,602.05,0.0,0.0,0.486,0.317592,0.0,0,0.6005360196,0.48797389620192544,Train
OKITAE_clean,4.44244,4.08974,4.44244,2.43122,732.513,301.295,0.0,0.0,0.4692,0.19299,0.0,1,0.3637377132,0.4369291552607967,Train
OKITIM01_charged,5.14979,4.19464,5.14143,1.33255,758.767,569.409,0.0,0.0,0.4472,0.335597,0.0,0,0.88059681,0.7405887396248759,Test
OKITIM02_charged,5.18004,4.21896,5.17138,1.32716,773.992,583.195,0.0,0.0,0.4494,0.338619,0.0,0,0.8763278809,0.7810363333606829,Train
OKITIM_charged,5.14144,4.17617,5.14144,1.21667,978.637,804.355,0.0,0.0,0.4798,0.394354,0.0,0,0.9543736223,0.8179455589467117,Train
OKIVAG01_charged,5.21651,4.26413,5.21651,1.30724,781.368,597.724,0.0,0.0,0.4546,0.347756,0.0,0,0.829478387,0.751888138110332,Test
OKIVAG_charged,5.18944,4.24053,5.18944,1.30519,783.346,600.176,0.0,0.0,0.4544,0.348148,0.0,0,0.7937890525,0.8055015172826654,Test
OKIVIO01_charged,5.17671,4.20625,5.168,1.3234,781.606,590.603,0.0,0.0,0.4572,0.345473,0.0,0,0.8562407383,0.7816980687977721,Train
OKIVIO02_charged,5.18455,4.19232,5.17544,1.32508,780.817,589.262,0.0,0.0,0.4562,0.344282,0.0,0,0.8491506537000001,0.7845750870250199,Train
OKIVIO_charged,5.21198,4.21182,5.20304,1.3182,795.322,603.339,0.0,0.0,0.4582,0.347595,0.0,0,0.8653722981,0.761610804388981,Test
OKIVUA_clean,5.10253,4.2044,5.09658,1.08974,982.283,901.395,83.5631,76.6819,0.5216,0.478648,0.0,0,1.0084647535,1.014345925783998,Train
OKIWEL01_charged,5.19278,4.23494,5.18611,1.31978,771.986,584.935,0.0,0.0,0.4382,0.332025,0.0,0,0.8558044034000001,0.7690048662401245,Train
OKIWEL02_charged,5.11048,4.1838,5.11048,1.33097,743.937,558.942,0.0,0.0,0.4368,0.328181,0.0,0,0.8474825668000001,0.7236538296135333,Train
OKIWEL_charged,5.18183,4.22957,5.18183,1.32225,773.764,585.188,0.0,0.0,0.4376,0.330951,0.0,0,0.8665411034,0.7674554515743681,Test
OKIWUB01_charged,5.13643,4.14989,5.12483,1.20422,912.157,757.464,0.0,0.0,0.4898,0.406735,0.0,0,0.8190605048999999,0.7962820895905092,Train
OKIWUB02_clean,5.03837,4.11286,5.03612,1.09856,959.969,873.844,73.9627,67.327,0.5172,0.470799,0.0,0,0.9417768214,0.9905589309607594,Test
OKIWUB_charged,5.12951,4.16078,5.11762,1.20914,911.345,753.713,0.0,0.0,0.4896,0.404916,0.0,0,0.8228442105,0.8001650804531657,Test
OKIXIQ01_charged,5.10846,4.1448,5.09395,1.20766,897.626,743.279,0.0,0.0,0.4832,0.400114,0.0,0,0.867359412,0.8225330988842001,Train
OKIXIQ02_charged,5.11945,4.15972,5.10982,1.20367,899.993,747.71,0.0,0.0,0.4862,0.403933,0.0,0,0.8618302283,0.8123887865736416,Train
OKIXIQ_charged,5.11629,4.16408,5.11629,1.20453,866.775,719.596,22.256,18.4769,0.485,0.402647,0.0,0,0.8387014624,0.7348999263457436,Train
OKIYAJ01_clean,5.18521,4.2274,5.17492,1.07871,1159.33,1074.74,0.0,0.0,0.5252,0.486877,0.0,0,0.9751890041,0.9345212416638496,Train
OKIYAJ_charged,5.06142,4.15589,5.06142,1.33775,713.92,533.673,0.0,0.0,0.4412,0.329808,0.0,0,0.7745402453,0.729846271909848,Train
OKIYIR01_charged,5.07722,4.14733,5.07722,1.20629,854.825,708.639,44.8446,37.1756,0.4822,0.399737,0.0,0,0.8472415565000001,0.8235484093363179,Train
OKIYIR02_charged,5.06728,4.13768,5.06623,1.32981,761.127,572.359,0.0,0.0,0.4418,0.332228,0.0,0,0.8302809570999999,0.7865385996552294,Train
OKIYIR03_charged,5.07375,4.15333,5.07189,1.32574,760.582,573.704,0.0,0.0,0.4398,0.33174,0.0,0,0.8315170009,0.7911157422925721,Train
OKIYIR_charged,5.07705,4.14844,5.06757,1.32658,763.041,575.194,0.0,0.0,0.441,0.332434,0.0,0,0.8463051778,0.7911157422925721,Train
OKOSUE_clean,8.8545,8.04507,8.8545,0.943263,2011.47,2132.46,0.0,0.0,0.6862,0.727475,0.0,1,0.4356165606,0.5015716836959504,Test
OKUKOW_clean,10.73228,5.84434,10.36712,0.736536,2434.56,3305.42,0.0,0.0,0.7384,1.00253,0.0,1,0.5952149272999999,0.654226545584591,Test
OKUSUK_clean,24.78598,13.19796,24.78598,0.313235,1548.59,4943.87,0.0,0.0,0.8766,2.79854,0.0,1,0.4537913135999999,0.4561309815877487,Test
OKUTAR_clean,10.98199,6.35591,10.98199,0.660572,2299.33,3480.81,0.0,0.0,0.7416,1.12266,0.0,1,0.5471079893,0.5746326259064621,Train
OKUTEV_clean,23.06458,12.98274,23.06458,0.330655,1597.33,4830.79,0.0,0.0,0.865,2.61602,0.0,1,0.4604824247,0.44819975757984154,Train
OLAGIR_clean,5.85131,3.81671,5.85131,1.37856,1640.47,1189.99,0.0,0.0,0.6336,0.459611,0.0,0,0.8097624943,0.7149868709370905,Train
OLANAS_clean,8.02314,6.05017,8.02314,1.20795,1391.88,1152.26,0.0,0.0,0.562,0.46525,0.0,1,0.2783490554,0.37961845964222274,Train
OLANEW_clean,6.98637,4.05835,6.98637,1.31839,1367.83,1037.5,0.0,0.0,0.5798,0.439778,0.0,1,0.2583806923,0.41522141241388827,Train
OLAQOI_clean,9.42311,9.23332,9.42311,1.32858,853.13,642.139,2.75819,2.07605,0.5142,0.387031,0.0,1,0.0756984238,0.08142029178674232,Train
OLEKUM_manual,6.88265,5.7276,6.86806,1.02354,1835.21,1793.0,0.0,0.0,0.6172,0.603003,0.0,1,0.482732418,0.5646317954658137,Train
OLICIX_clean,16.1602,9.89287,16.13331,0.719139,1270.58,1766.81,424.686,590.547,0.722,1.00398,0.0,1,0.6676486212,0.5950033850884336,Train
OLOGEC_clean,13.04043,10.53518,13.0319,0.526318,2030.14,3857.25,0.0,0.0,0.8106,1.54013,0.0,1,0.4395882437,0.40173680553255575,Train
OLOPEM_clean,4.92877,3.82035,4.91547,1.17415,717.6,611.164,177.099,150.831,0.512,0.436059,0.0,0,1.0533589683,1.0942315038577344,Train
OLOYOF_clean,10.67083,6.6024,10.66881,0.812728,2368.58,2914.35,0.0,0.0,0.7332,0.902146,0.0,1,0.6038710254,0.5848567757537062,Train
OLUCAZ_clean,5.7945,5.1746,5.79081,1.16161,989.952,852.226,0.0,0.0,0.5026,0.432676,0.0,1,0.3114649662,0.4523659494313306,Train
OLUROC_clean,5.45136,3.48672,5.44746,1.49162,882.297,591.504,0.0,0.0,0.5148,0.345129,0.0,0,1.7877363227,1.670521548366437,Train
OLURUI01_charged,5.46784,3.47093,5.34568,1.49665,885.367,591.567,0.0,0.0,0.5054,0.337688,0.0,0,1.7842237135,1.7119839594032493,Train
OLURUI_charged,5.43214,3.46686,5.42609,1.4903,875.604,587.534,0.0,0.0,0.4958,0.332684,0.0,0,1.7093092822999998,1.4675672210317883,Train
om701262m-file004_clean,7.38904,5.39567,7.38902,1.09901,1620.41,1474.43,0.0,0.0,0.5644,0.513555,0.0,1,0.5153746878000001,0.5839726797761844,Test
OMAMEU_clean,5.49135,3.67927,5.48307,2.05035,939.573,458.25,0.0,0.0,0.5336,0.260248,0.0,1,0.8650851756,0.4853345771660552,Train
OMIMEE_clean,16.54568,6.7257,16.54568,0.768319,2276.49,2962.95,0.0,0.0,0.7618,0.991516,0.0,1,0.3607299008,0.47461252313749563,Train
OMIPAD_clean,5.24341,3.62169,5.16602,1.1791,539.772,457.781,0.0,0.0,0.4566,0.387243,0.0,0,0.9277007166,0.4871444718645758,Test
OMIPEH_clean,21.73136,7.72557,21.69935,0.65885,2065.52,3135.04,0.0,0.0,0.8104,1.23002,0.0,1,0.3619287204999999,0.42083088338490393,Train
OMITUB_clean,21.96656,7.7864,21.95556,0.652675,2053.5,3146.28,0.0,0.0,0.8126,1.24503,0.0,1,0.3715898561999999,0.4252206982852545,Train
OMOVET_clean,6.41327,4.65956,6.41327,1.12783,2048.27,1816.12,0.0,0.0,0.6196,0.549375,0.0,1,0.8625610783,0.6866676288881576,Test
OMUSAS_clean,18.71438,16.17316,18.71102,0.318003,1216.14,3824.31,0.0,0.0,0.8696,2.73457,0.0,1,0.2729261631,0.35626928945051883,Train
ONEJUN_clean,5.6787,4.73551,5.6787,3.33073,1808.25,542.898,0.0,0.0,0.5352,0.160685,0.0,1,0.0460101805,0.13380572592850015,Train
ONEYOW_clean,8.70869,7.89064,8.69934,0.794155,1863.49,2346.5,0.0,0.0,0.6608,0.83208,0.0,1,0.4236966015,0.4550114195715698,Train
ONUKAL_clean,5.66391,3.7745,5.54501,1.39723,1126.09,805.946,11.0536,7.91109,0.5124,0.366727,0.0,1,1.2992020632,0.5062167381903114,Test
ONUQOE_clean,5.78941,4.64204,5.78941,1.32315,1185.02,895.611,0.0,0.0,0.5286,0.399503,0.0,0,0.7993800842000001,0.7111673389641979,Train
OPAGIX_clean,11.70127,10.88776,11.68193,0.905898,1551.84,1713.04,0.0,0.0,0.6624,0.731208,0.0,1,0.5193179509,0.3647454555852675,Test
OPAMOI_clean,4.34496,3.46478,4.34496,1.66467,999.374,600.345,0.0,0.0,0.5336,0.320544,0.0,1,0.4810185734,0.3579689959874241,Test
OPENUT_clean,7.63636,6.82671,7.63251,1.41267,1546.48,1094.72,0.0,0.0,0.5554,0.393156,0.0,1,0.2966470545,0.35660534012523337,Test
OPIFUQ_clean,17.9991,10.13495,17.99088,0.790446,1197.42,1514.86,384.276,486.151,0.722,0.913408,0.0,1,0.6593589524,0.5822684389824261,Train
OPINIL_clean,4.65675,3.54009,4.3607,1.69641,1183.53,697.671,0.0,0.0,0.533,0.314194,0.0,1,0.0758072214,0.1758865615973209,Train
OPIPUZ_clean,4.1797,3.40347,4.03039,1.43766,625.591,435.146,0.0,0.0,0.4234,0.294507,0.0,0,0.4864956983,0.535653292830752,Train
OPIWEQ_clean,4.3926,3.70955,4.3926,1.4951,548.278,366.717,0.0,0.0,0.4282,0.286403,0.0,0,0.8888089626000001,0.9685594970320555,Train
OPIXUI_clean,8.41938,5.49258,8.39031,1.03412,1914.8,1851.63,0.0,0.0,0.6428,0.621591,0.0,1,0.3335224985,0.5351778683242201,Train
OPIYAP_clean,5.9608,4.59988,5.87453,1.18841,1751.48,1473.8,0.0,0.0,0.5816,0.489391,0.0,1,0.581391471,0.7091195207684864,Train
OPOBIF_clean,6.22483,5.35278,6.22483,1.6905,347.831,205.756,0.0,0.0,0.3994,0.236261,0.0,1,0.1750819684,0.16842329755667862,Test
OPOZEZ_clean,7.29162,6.03013,7.28839,1.13101,1136.3,1004.68,0.0,0.0,0.5256,0.464718,0.0,0,0.3643324582,0.5874622887803276,Test
OPUDOT_clean,4.54754,3.94914,4.54754,2.40444,540.357,224.733,0.0,0.0,0.4012,0.166858,0.0,1,0.6283861783,0.14999006404925996,Test
OQANIE_clean,7.73235,4.1602,7.73235,1.08482,1352.95,1247.16,189.787,174.948,0.5938,0.547371,0.0,1,0.9184341187,0.9170523497284725,Train
OQEPUW_clean,5.11656,4.82152,5.08524,1.96915,768.393,390.215,0.0,0.0,0.4116,0.209024,0.0,1,0.3619301554999999,0.2907709794446745,Test
OQEROS_clean,5.47906,4.59982,5.42309,1.16864,1289.46,1103.39,0.0,0.0,0.5586,0.477993,0.0,1,0.9579830367,0.6828326328932586,Test
OQERUY_clean,5.44049,4.47163,5.40893,1.18349,1270.62,1073.62,0.0,0.0,0.5504,0.465066,0.0,1,0.9686796066,0.7650364533564963,Train
OQESAF_clean,5.40051,4.82483,5.39518,1.19788,1160.82,969.063,0.0,0.0,0.5318,0.443952,0.0,1,0.9796428773,0.8826703055271765,Train
OQESEJ_clean,5.44129,4.56082,5.37025,1.17091,1266.4,1081.56,0.0,0.0,0.5586,0.477065,0.0,1,0.9447559225,0.7192072622819762,Test
OQETEK_clean,9.22928,8.86311,9.22928,0.986231,2193.64,2224.27,0.0,0.0,0.7092,0.719101,0.0,1,0.477944421,0.4192253081760507,Train
OQIQEM_clean,5.45055,4.49489,5.37157,1.84745,1087.67,588.74,0.0,0.0,0.4966,0.268803,0.0,1,0.6900102818000001,0.6497364039243135,Train
OQIQIQ_clean,5.6202,4.58328,5.56734,1.81543,1128.03,621.358,0.0,0.0,0.505,0.278171,0.0,1,0.6912730034000001,0.5889557795533878,Train
OQIQOW_clean,5.63723,4.61311,5.63723,1.46954,1129.77,768.793,0.0,0.0,0.507,0.345006,0.0,1,0.9327962324,0.6418088463156996,Train
OQIQUB01_charged,7.44171,4.59837,7.44171,1.09914,764.422,695.474,149.201,135.744,0.5288,0.481105,0.0,1,0.460862585,0.5032119175062817,Test
OQIQUB_charged,6.32359,4.88882,6.26623,1.12593,746.44,662.956,2.0438,1.81522,0.5018,0.445677,0.0,1,0.2783297379,0.1881067387736577,Train
OQIRAI_charged,6.0002,4.66146,6.0002,1.44047,626.071,434.631,18.4523,12.8099,0.4832,0.335447,0.0,1,0.1616804371,0.2267972493415275,Train
OQIZUL_clean,13.227,6.74608,13.21397,0.868865,2105.53,2423.31,0.0,0.0,0.7146,0.822452,0.0,1,0.592274842,0.6115559671239791,Train
OQOJUB_clean,5.19109,4.86993,5.18739,1.04071,742.936,713.872,0.0,0.0,0.4654,0.447194,0.0,0,0.468159206,0.5297112559876402,Train
OQUCOU_clean,8.09828,4.42359,8.09828,0.85933,2801.31,3259.88,0.0,0.0,0.697,0.811097,0.0,1,0.4235605219,0.727523089520027,Test
OQUFAJ04_clean,10.98593,10.0178,10.98593,1.04962,2124.9,2024.45,7.18544,6.84576,0.6738,0.641947,0.000381091,1,0.3935492517,0.41441878816398914,Test
OQUFAJ_clean,11.24927,10.05552,11.24927,1.02086,2177.77,2133.26,0.0,0.0,0.6808,0.666886,0.000195912,1,0.3853475293,0.4092008611473147,Train
OQUWUU_clean,7.2326,3.56865,7.1357,2.62668,817.31,311.158,0.924344,0.351906,0.4758,0.181141,0.0,1,0.0803297763,0.29277632067740017,Test
OQUXAB_clean,5.25424,3.9856,4.37611,3.15937,963.013,304.812,0.0,0.0,0.479,0.151613,6.33e-05,1,0.1526993392,0.1642435341951366,Train
OQUXEF_clean,5.15601,3.95885,4.51563,3.15796,940.396,297.786,0.0,0.0,0.4776,0.151237,0.0,1,0.1493120481,0.16858140897951845,Train
OQUXIJ_clean,5.10257,3.94634,4.56846,3.16115,912.504,288.662,0.0,0.0,0.4752,0.150325,0.0,1,0.1480448632,0.17996856895790075,Test
OQUZIL_clean,5.18347,3.94031,4.38977,3.26699,933.452,285.723,0.0,0.0,0.4852,0.148516,6.12e-05,1,0.1528746378,0.22970210031602634,Test
ORAGEU_clean,5.42971,4.14733,5.42971,3.26052,599.199,183.774,0.0,0.0,0.4338,0.133046,0.0,1,0.0250504765,0.034748987996288894,Train
ORAGOF_clean,11.1071,8.37381,11.01802,1.02581,1703.75,1660.88,0.0,0.0,0.6588,0.642222,0.0,1,0.2646378171,0.37581085060583896,Test
ORAQUU_clean,8.39177,4.98086,8.38728,0.858283,1785.46,2080.27,0.0,0.0,0.5764,0.671573,0.0,1,0.7273688974,0.582970368142712,Train
OREZES_clean,6.24665,4.6565,6.24665,1.39534,1020.81,731.587,0.0,0.0,0.5102,0.365646,0.0,1,0.0717105201999999,0.3878334476507747,Train
ORIBAU_clean,6.79191,5.8597,6.78824,0.948194,2192.57,2312.36,0.0,0.0,0.6432,0.678343,0.0,0,0.6213371214,1.090871998728155,Test
ORIVOC_clean,11.63735,10.86073,11.63667,1.22977,1588.45,1291.67,0.0,0.0,0.669,0.544005,0.0,1,0.3498095877,0.35001724524535827,Train
ORIVUI_clean,11.75163,10.98212,11.75156,1.19791,1581.46,1320.18,0.0,0.0,0.6576,0.548955,0.0,1,0.3487060406,0.36429309903378204,Train
ORIWAP_clean,11.38312,11.03917,11.38312,1.17282,1538.11,1311.46,0.0,0.0,0.6442,0.549274,0.0,1,0.3338591178,0.3558935136895601,Test
ORIWET_clean,11.42805,11.05994,11.42805,1.09099,1549.25,1420.05,0.0,0.0,0.6484,0.594324,0.0,1,0.2949463639999999,0.34252206506016114,Train
OROKEN_clean,5.0644,3.74541,5.02547,1.65088,1835.83,1112.03,0.0,0.0,0.5786,0.350479,0.0,1,0.226812831,0.34324329012024424,Train
OROLUD_clean,4.90586,4.18695,4.898,1.66342,1280.2,769.617,0.0,0.0,0.5884,0.353728,0.0,0,0.6948321297,0.7867695401670944,Train
ORUKET_clean,11.72853,7.7572,11.72853,0.760878,1856.28,2439.65,0.0,0.0,0.6772,0.890024,0.0,1,0.4986249167,0.4695894528339442,Train
ORUKOD_clean,4.98278,3.59875,4.86135,1.67769,666.045,397.001,0.0,0.0,0.4328,0.257974,0.0,1,0.5497540877,0.38639474468650914,Test
ORULEU_clean,5.09262,3.5697,5.08241,1.45149,909.467,626.575,0.0,0.0,0.458,0.315538,0.0,1,0.8244694974,0.7387175051727366,Train
OSAVEK_clean,5.46185,5.06196,5.40742,0.991485,1397.48,1409.49,0.0,0.0,0.5638,0.568642,0.0,1,0.5590556636,0.6676984216294637,Train
OSAVUA_clean,5.76863,5.59566,5.76863,0.884314,1778.32,2010.97,0.0,0.0,0.631,0.713547,0.0,1,0.5554153627,0.6119671149473509,Train
OSAWEL_clean,5.275,4.57502,5.23103,1.20581,1256.21,1041.8,0.0,0.0,0.5198,0.43108,0.0,1,1.1201245962000002,0.9214239872101199,Train
OSIKIL_clean,8.13936,7.62995,8.13936,1.21532,2049.41,1686.32,0.0,0.0,0.6656,0.547676,0.0,0,0.3560398632,0.39125811611569683,Test
OSIKUX_clean_h,7.70472,6.98844,7.7017,1.09814,1952.99,1778.44,0.770215,0.701379,0.6478,0.589904,0.0,1,0.4026940264,0.43850164279070686,Train
OSILOS_charged,4.79761,4.69593,4.79573,1.75408,479.152,273.164,0.0,0.0,0.3838,0.218804,0.0,1,0.3797628526,0.2661150125520568,Train
OSIWUJ_clean,4.71118,4.05137,4.70087,1.96063,444.374,226.648,0.0,0.0,0.4546,0.231864,0.0,1,0.2221578834,0.17294609032322938,Train
OSIXEU_clean,4.48519,3.90629,4.42091,1.97236,391.928,198.71,0.0,0.0,0.4512,0.228762,0.0,1,0.2165540889,0.19834790042807876,Test
OSIXIY_clean,4.45544,3.93912,4.44865,1.99203,383.618,192.577,0.0,0.0,0.4342,0.217969,0.0,1,0.2163444289,0.15953529443275427,Train
OSOTUN_clean,6.5088,4.06646,6.48701,1.06518,1477.94,1387.5,25.9444,24.3569,0.587,0.551081,0.0,1,1.1677921028,0.8858232742127738,Train
OSUVIJ_clean,5.66016,4.49241,5.58709,1.27175,1400.18,1100.98,0.0,0.0,0.5626,0.442381,0.0,1,0.4310548843,0.5289544734764114,Train
OSUWEF_clean,5.4068,4.18826,5.4054,1.41887,599.478,422.503,0.0,0.0,0.4032,0.28417,0.0,1,1.1529641621,0.691861808924673,Train
OTABES_clean,7.63161,5.91717,6.56997,0.849248,2347.96,2764.75,0.0,0.0,0.6812,0.802122,0.0,0,0.9838635515,0.8593796368509943,Train
OTALUS_clean,12.67704,9.31362,12.67704,0.655199,1619.49,2471.76,0.0,0.0,0.7266,1.10898,0.0,1,0.2802260886,0.3371579214832475,Train
OTAQAD_clean,7.25379,5.92825,6.48374,0.846977,2257.66,2665.55,0.0,0.0,0.6554,0.773811,0.0,0,1.0411195394,0.8305860566769276,Test
OTATOT_clean,5.58723,4.86765,5.58723,1.11303,1703.16,1530.2,0.0,0.0,0.5774,0.518764,0.0,0,0.2777084776,0.5608016931081103,Train
OTAVAH_clean,5.59343,4.88116,5.59343,1.10464,1681.99,1522.66,0.0,0.0,0.5666,0.512927,0.0,0,0.2771573569,0.5695674795045447,Train
OTAVOV_clean,5.7034,4.97261,5.54406,1.0469,1728.96,1651.5,0.0,0.0,0.5858,0.559554,0.0,0,0.2844203091,0.6107739916861366,Train
OTAVUB_clean,5.619,4.89691,5.42117,1.09458,1697.03,1550.39,0.0,0.0,0.5796,0.529517,0.0,0,0.2784557721,0.515438850036529,Train
OTAWIR_clean,8.76686,5.54904,8.76285,0.758956,2118.77,2791.7,0.0,0.0,0.6858,0.90361,0.0,1,0.926503715,0.6545413999092542,Train
OTECAT_clean,10.77761,8.01894,10.77717,0.584808,2035.46,3480.57,0.0,0.0,0.7422,1.26913,0.0,1,0.5365133068,0.49539500395603814,Train
OTEGUR_clean,7.28809,7.1769,7.28809,1.35972,1613.99,1187.0,0.0,0.0,0.5986,0.440239,0.0,0,1.0929203668,0.8467529678681203,Test
OTEHAY_clean,7.22049,7.09442,7.20844,1.32207,1634.16,1236.06,0.0,0.0,0.6156,0.465632,0.0,0,0.9322128327,0.8331377633062305,Train
OTIBUQ_clean,7.49622,5.20769,7.4368,0.82052,1944.83,2370.25,0.0,0.0,0.6366,0.775849,0.0,0,1.6578137981,0.6382079758556506,Test
OTIJAE_clean,7.04903,4.97186,7.04895,1.01719,2261.56,2223.34,0.0,0.0,0.6676,0.65632,0.0,0,0.2673109654,0.4851145760863058,Train
OTIPAK_clean,5.73499,5.10341,5.72616,1.20537,1243.12,1031.31,0.0,0.0,0.5414,0.449155,0.0,0,1.1769457956,0.7707625118193058,Test
OTIPEO_clean,5.44422,3.64653,5.43023,1.30852,1112.97,850.554,0.0,0.0,0.552,0.421851,0.0,1,1.213436805,0.7508939913971997,Test
OTIPUE_clean,4.56896,3.82437,4.54982,1.42368,625.25,439.178,0.0,0.0,0.419,0.294307,0.0,0,0.8939597429999999,0.6483209729142081,Test
OTIQAL_clean,5.97222,5.38811,5.95841,1.10964,1272.64,1146.9,0.0,0.0,0.5134,0.462673,0.0,0,0.8039110392000001,0.8927526318698873,Test
OTODEI_clean,4.84074,4.45864,4.84074,1.17554,1203.72,1023.97,0.0,0.0,0.5354,0.45545,0.0,1,0.3419025753,0.7242908057915126,Train
OTODOS_clean,5.33134,5.0692,5.30094,1.13572,1496.22,1317.43,0.0,0.0,0.5556,0.489207,0.0,1,0.4028805083,0.7099568754955414,Test
OTOLIU_clean,6.25402,4.56727,6.25402,0.748874,3565.69,4761.4,0.0,0.0,0.7372,0.984411,0.0,0,0.5535802609,0.5170593052965351,Train
OTOVAW_clean,4.51109,3.41338,4.48101,1.61175,574.481,356.434,0.0,0.0,0.423,0.262448,0.0,0,0.7572759743999999,0.6111658669190462,Train
OTOVIE_clean,5.10968,4.35413,5.09224,1.37878,906.647,657.571,0.0,0.0,0.4582,0.332323,0.0,0,0.8291732681,0.6865215835969295,Train
OTUDEO_clean,11.1719,10.22736,11.1719,0.861706,1688.22,1959.16,0.0,0.0,0.6512,0.75571,0.0,1,0.4061477975999999,0.4549161098636407,Train
OTUDIS_clean,11.15528,10.21239,11.15528,0.865137,1694.91,1959.13,0.0,0.0,0.6454,0.746009,0.0,1,0.4116918174,0.4776576303839848,Train
OTUXUX_clean,4.86145,3.74941,4.84403,1.24376,901.8,725.062,0.0,0.0,0.4716,0.379174,0.0,0,1.5554313243,0.8570374934612937,Test
OTUYEJ_clean,6.23847,3.92545,6.16497,1.66734,1557.5,934.127,0.0,0.0,0.5496,0.329627,0.000239904,1,0.2251735744,0.3316994760187381,Test
OVEHUT_clean,6.55703,4.29128,6.55703,1.17548,2147.07,1826.55,0.0,0.0,0.6548,0.557051,0.0,1,0.5969720402,0.4419409275899395,Train
OVEJIJ_clean,6.31656,4.24661,6.2524,1.60097,1225.59,765.53,134.792,84.1937,0.5422,0.33867,0.0,1,0.4748275349,0.4924475370279441,Train
OVEXOD_clean,5.7329,3.62145,5.72476,1.46061,416.232,284.972,0.0,0.0,0.379,0.259481,0.0,1,0.1978063598999999,0.2909150045444763,Test
OVICUS_clean,5.87924,5.2518,5.87924,1.52853,828.26,541.866,0.0,0.0,0.4388,0.287073,0.0,1,0.7381311829,0.5108499534370395,Train
OVIWIA_clean,4.70586,3.71228,4.70586,2.66834,1137.35,426.241,0.0,0.0,0.5094,0.190905,0.0,1,0.2472556589,0.23880292100920142,Train
OVIZID_clean,5.3844,4.07127,5.3844,1.26325,906.56,717.64,0.0,0.0,0.4818,0.381397,0.0,1,0.5208308007,0.6475340600914782,Test
OVUCOY_clean,6.51812,4.71987,6.51261,2.41124,1158.77,480.568,0.0,0.0,0.5524,0.229094,0.0,1,0.2139874956,0.2243053257041151,Train
OVUDAL_clean,7.09169,4.92914,7.08099,2.29972,1368.63,595.127,0.0,0.0,0.5708,0.248204,0.0,1,0.1910219517,0.17002661183102957,Train
OWAVIS_clean,9.58182,5.9765,9.29598,0.840674,2344.57,2788.91,0.0,0.0,0.7226,0.859548,0.0,1,0.4541907638,0.5198944712156048,Train
OWAVOY_clean,8.02011,4.26959,8.02011,1.00925,2055.28,2036.44,0.0,0.0,0.642,0.636114,0.0,1,0.8164599295,0.7151103447731633,Train
OWETIU_clean,6.92899,4.15657,6.92674,3.31737,1014.79,305.901,78.2458,23.5867,0.4912,0.148069,0.0,1,0.0568936648,0.10986219654663115,Train
OWEYOF_clean,6.37079,4.45129,6.36918,1.04803,1419.15,1354.11,0.0,0.0,0.5498,0.524602,0.0,0,1.4804260056,0.9691567607275493,Train
OWIHEJ_clean,7.35052,7.17386,7.35052,1.33314,1629.69,1222.45,0.0,0.0,0.6108,0.458167,0.0,0,0.9931677573,0.872644192030855,Train
OWIHIN_clean,7.33344,7.17038,7.33344,1.33826,1633.23,1220.41,0.0,0.0,0.6104,0.456115,0.0,0,1.0175483143,0.8494431725983077,Test
OWIHOT_clean,7.42387,7.28396,7.42387,1.32488,1634.57,1233.75,0.0,0.0,0.6134,0.462986,0.0,0,1.0121975184,0.9139005659492921,Train
OWIHUZ_clean,7.37728,7.20219,7.37728,1.32559,1638.53,1236.07,0.0,0.0,0.613,0.462436,0.0,0,0.9849843948,0.8738179711484817,Test
OWIJAH_clean,7.38305,7.21509,7.38305,1.32603,1628.6,1228.17,0.0,0.0,0.6114,0.461074,0.0,0,0.9899307906,0.8817403805429792,Train
OWIJEL_clean,7.46814,7.33893,7.46814,1.32685,1640.34,1236.26,0.0,0.0,0.612,0.461241,0.0,0,0.9683245241,0.8758509537366892,Train
OWIJIP_clean,7.46558,7.33479,7.46558,1.3287,1650.48,1242.18,0.0,0.0,0.6126,0.461053,0.0,0,0.978208486,0.9098931134570543,Train
OWIJOV_clean,7.41619,7.28781,7.41619,1.32565,1655.33,1248.7,0.0,0.0,0.6148,0.463773,0.0,0,0.999742349,0.9064387979725493,Train
OWILAJ_clean,8.92733,6.71409,8.92733,0.968913,1708.71,1763.53,0.0,0.0,0.6184,0.638241,0.000412834,1,0.4160846034,0.41734512381165123,Train
OWIYUP_clean,8.24396,6.91953,8.2349,0.925347,1653.05,1786.41,0.0,0.0,0.6152,0.664832,0.0,1,0.6290980454999999,0.5782149408906903,Train
OWIZAW_clean,14.23644,11.75665,14.23644,0.378656,1891.92,4996.41,0.0,0.0,0.8398,2.21785,0.0,1,0.4311841568,0.43128987993910084,Test
OWUWOU_clean,5.606,4.2786,5.606,1.14741,1253.9,1092.81,0.0,0.0,0.529,0.461039,0.0,1,0.5112349334,0.7767320654738759,Test
OWUWUA_clean,5.57616,4.37097,5.56477,1.14473,1062.1,927.816,0.0,0.0,0.5102,0.445693,0.0,1,0.6166855953,0.7101212380015778,Test
OXALAB_clean,7.26534,5.19998,7.26225,0.828762,2095.62,2528.62,0.0,0.0,0.6488,0.782855,0.0,0,0.5511279424000001,0.6818081560429806,Train
OXALEF_clean,7.18754,5.18545,7.18754,0.839237,2049.14,2441.67,0.0,0.0,0.6438,0.767126,0.0,0,0.5696585628,0.6338711291196094,Train
OXALIJ_ion_b,7.03961,4.95922,7.03961,0.942672,1903.34,2019.09,0.0,0.0,0.627,0.66513,0.0,0,0.3953733840999999,0.671859566635543,Train
OXALOP_clean,5.88824,4.43891,5.88824,1.02509,1694.61,1653.14,0.780383,0.761286,0.599,0.584341,0.0,1,0.854402282,0.7580592309596526,Train
OXALUV_SL,9.15018,6.54946,9.15011,0.800859,2321.96,2899.33,0.0,0.0,0.7128,0.890045,0.0,0,0.5956908241,0.5280610127474152,Train
OXAPEJ_charged,4.86127,3.89897,4.85464,1.26008,919.939,730.067,0.0,0.0,0.4838,0.383945,0.0,0,0.5625325237,0.7817173557603361,Train
OXEVOE_clean,5.9996,4.29075,5.9996,1.32095,787.004,595.785,77.213,58.4525,0.5,0.378515,0.0,1,0.6041827143,0.3288466049330354,Test
OXITOF_clean,6.28705,5.508,6.2848,1.24834,1230.37,985.608,0.0,0.0,0.5144,0.412068,0.0,1,0.2626302281,0.5772895473873512,Train
OXOLAP_SL,19.10077,13.85784,19.10077,0.601751,1192.03,1980.93,80.0846,133.086,0.7556,1.25567,0.000332363,0,0.6888240529,0.6089165501425842,Train
OXOZUY_clean,8.19821,4.66417,8.1974,0.956716,1690.02,1766.48,0.0,0.0,0.6112,0.638852,0.0,1,0.856700997,0.5664261047787373,Test
OXUPUT_clean,9.06209,8.39643,9.06209,1.93215,1090.05,564.166,13.9927,7.24204,0.573,0.296561,0.0,1,0.2751583725,0.4280656304808609,Train
OYEJOS_clean,9.55583,4.63693,9.55583,0.834794,1714.96,2054.35,0.0,0.0,0.6424,0.769531,0.0,1,0.3486011411,0.4513984404355422,Train
OYERER_clean,14.32515,11.45272,14.00664,0.462369,2190.15,4736.81,0.0,0.0,0.8394,1.81543,0.0,1,0.2824590815,0.4207576844186098,Test
OYERIV_clean,14.68028,11.95217,14.68028,0.792697,1463.31,1845.99,123.823,156.204,0.696,0.878015,0.0,1,0.6887160198000001,0.7190577561696103,Train
OYEROB_clean,9.45168,7.14174,9.44893,0.790347,2325.92,2942.91,0.982216,1.24277,0.7298,0.923392,0.0,1,0.381294633,0.4402817576103223,Train
OYERUH_clean,7.57942,6.42809,7.56103,1.08661,1656.01,1524.01,185.649,170.851,0.6376,0.586778,0.0,1,0.6923061056,0.7721571180042542,Test
OYEWEW_clean,9.10111,6.40889,9.10064,0.579676,2406.76,4151.9,0.0,0.0,0.7488,1.29176,0.0,1,0.7130102325,0.5544286684877687,Train
OYEWIA_clean,10.37041,7.95909,10.26711,0.677921,2034.96,3001.77,0.0,0.0,0.7108,1.0485,0.0,1,0.7584638014,0.4393235226152808,Test
OYIVEY_clean,8.41834,4.77784,8.41834,1.02358,1872.15,1829.01,0.0951624,0.0929698,0.626,0.611576,0.0,1,0.5448203154,0.5883683594187523,Train
OYIVIC_clean,5.5413,4.80567,5.5333,1.19582,1382.4,1156.02,0.0,0.0,0.5784,0.483684,0.0,1,0.5368613557999999,0.6935916344951941,Test
OYIVOI_clean,5.54513,4.92009,5.54513,1.34386,1289.96,959.889,0.0,0.0,0.5594,0.416262,0.0,1,0.4903645314,0.552035919863623,Train
OYOSAX_clean,5.10436,4.21189,5.06572,1.19023,1067.87,897.196,0.0,0.0,0.5162,0.433699,0.0,1,0.6745750231000001,0.7983062881278518,Train
OYUSAD_charged,6.75607,4.84046,6.75225,1.13784,2199.31,1932.88,0.0,0.0,0.622,0.546649,0.0,1,0.7907011615999999,0.8562962281922062,Test
OZAVES_clean,5.64539,5.08904,5.62805,1.07782,1464.13,1358.41,0.0,0.0,0.5738,0.532369,0.0,1,0.6399523598,0.6170574588003771,Test
OZAVOC_clean,6.46772,5.63481,6.46128,1.35316,1406.83,1039.66,0.0,0.0,0.5486,0.40542,0.0,1,0.6585099035,0.5171188395214684,Test
OZAVUI_clean,5.43678,4.75451,5.43678,1.24526,1365.54,1096.59,0.0,0.0,0.5928,0.476044,0.0,1,0.5076343537,0.596404461994823,Train
OZUKOL_clean,11.66314,11.04095,11.6623,1.07501,1570.69,1461.09,0.0,0.0,0.6578,0.611902,0.0,1,0.3195582774,0.32436251698944385,Test
OZUKUR01_clean,12.00308,11.20848,12.00308,1.04914,1577.91,1504.01,0.0,0.0,0.6712,0.639764,0.0,1,0.2855364743,0.3164992642484581,Train
OZUKUR_clean,11.77684,11.08852,11.77544,1.07383,1569.26,1461.37,0.0,0.0,0.6592,0.613879,0.0,1,0.3138172034,0.3240955097407486,Train
OZULAY_clean,11.76704,10.98127,11.76502,1.07223,1568.4,1462.75,0.0,0.0,0.6546,0.610504,0.0,1,0.3062359244,0.3325379506083638,Train
OZULUS_clean,11.30509,10.53212,11.30463,1.32172,1536.26,1162.31,0.0,0.0,0.6386,0.483157,0.0,1,0.301724056,0.3142291859077588,Train
OZUMAZ01_clean,11.42001,10.68224,11.42001,1.32181,1528.59,1156.43,0.0,0.0,0.6378,0.482518,0.0,1,0.3069589246,0.3139619019114732,Train
OZUMAZ_clean,11.32593,10.60044,11.32547,1.32216,1533.89,1160.14,0.0,0.0,0.6396,0.483754,0.0,1,0.3021391786,0.3135772536207615,Train
OZUMIH_clean,11.34307,10.585,11.34288,1.32207,1537.23,1162.75,0.0,0.0,0.6412,0.484999,0.0,1,0.3167497633,0.31110539944872434,Test
PACGIM_clean,5.65368,4.16479,5.64778,1.04531,2243.67,2146.41,0.0,0.0,0.631,0.603646,0.0,0,0.7214049959000001,0.81285739870948,Train
PACZOK_clean,14.42262,6.94223,14.41025,1.08844,2172.35,1995.84,0.0,0.0,0.7086,0.651024,0.0,1,0.1635725041,0.5204564999553158,Test
PACZUQ_clean,6.93068,4.23947,6.93068,1.54491,905.644,586.213,0.0,0.0,0.4772,0.308886,0.0,0,0.0755702313999999,0.295702796712376,Train
PADBAZ_charged,7.27183,4.3116,7.03101,1.80524,823.314,456.069,0.0,0.0,0.447,0.247613,0.0,0,0.0894873009999999,0.27460427225737055,Train
PAFMUH_clean,4.1569,3.45207,4.13312,1.53558,373.555,243.267,0.0,0.0,0.4318,0.281197,0.0,1,0.4640838806,0.44267997788867786,Train
PAHPOG_clean,7.73062,5.40152,7.60787,0.954052,1660.24,1740.2,0.0,0.0,0.5924,0.620931,0.0,1,0.661926379,0.6437317146418243,Test
PAJSAX_clean,11.72543,11.19673,11.71838,0.847503,1673.18,1974.24,0.0,0.0,0.6882,0.812032,0.0,0,0.3979505096,0.3985482097600186,Train
PAKFAL_clean,4.75354,4.10738,4.75354,2.43205,513.87,211.291,0.0,0.0,0.3964,0.16299,0.0,1,0.0780777169,0.11778710777641255,Test
PAKFEP_clean,4.86901,4.27875,4.86901,1.90484,508.538,266.971,0.0,0.0,0.3924,0.206001,0.0,1,0.0943641346,0.2319771108107198,Test
PAKXIK_clean,5.56128,3.90775,5.56038,1.25158,1486.65,1187.82,19.61,15.6682,0.5744,0.458939,0.0,1,0.5049216597,0.6318744568872827,Test
PALTON_clean,12.85281,10.88454,12.85281,0.723595,1862.94,2574.56,0.0,0.0,0.677,0.935606,0.0,1,0.905987452,0.6589002247115034,Train
PAMHIW_clean,9.2687,4.50421,9.2687,0.952087,1296.4,1361.64,427.264,448.766,0.6164,0.64742,0.0,0,0.8620367224,0.8918885055221433,Train
PAMTII_clean,12.14001,5.49468,12.1397,0.953828,2043.58,2142.5,0.0,0.0,0.7082,0.742482,0.0,1,0.5523239246,0.5903237111403744,Train
PAMTOO_clean,12.35154,5.62136,12.35154,0.923606,1995.9,2160.98,0.0,0.0,0.7096,0.768293,0.0,1,0.53526206,0.5673390135804444,Train
PAMTUU_clean,12.40087,5.62514,12.40087,0.908425,2011.92,2214.73,0.0,0.0,0.6952,0.76528,0.0,1,0.5377430254,0.6445496567408117,Test
PAMVEG_clean,4.06328,3.71255,4.05877,1.30742,297.768,227.753,0.0,0.0,0.4276,0.327056,0.0,1,0.1312801375,0.2782272324502358,Train
PANYOU_charged,5.36231,4.92388,5.28904,1.15349,1242.79,1077.42,0.0,0.0,0.5298,0.459302,0.0,0,0.4762887765999999,0.7683679727674253,Train
PAPROO_clean,7.19025,5.05276,7.19025,1.91608,861.592,449.664,0.0,0.0,0.4326,0.225774,0.0,0,0.2636336137,0.3539483884676248,Test
PAPRUU_clean,7.39284,4.83476,7.39284,1.80811,810.66,448.345,0.0,0.0,0.438,0.242241,0.0,0,0.244237692,0.23632030362806272,Train
PAPVAF_clean,10.09597,6.84011,9.58875,0.817097,2396.15,2932.52,0.0,0.0,0.7324,0.896344,0.0,1,0.4110186047,0.5094221780617745,Train
PAPXUB_clean,4.14867,3.74838,4.12901,1.41027,380.17,269.572,0.0,0.0,0.4056,0.287604,0.0,0,0.6587067579,0.6294397938478598,Train
PAQMEB_clean,5.66983,3.45515,5.06855,2.32316,1166.36,502.057,0.0,0.0,0.4938,0.212555,0.0,1,0.1537796767,0.227217300940725,Test
PAQVEK_clean,5.27989,4.58936,5.26433,1.11804,1118.78,1000.66,0.0,0.0,0.502,0.449,0.0,1,1.0546638428,0.8117503804368456,Test
PARHAS_clean,6.90619,6.37667,6.76731,0.69817,2236.54,3203.43,0.0,0.0,0.6838,0.979418,0.0,1,0.3113403053,0.5327688139130204,Train
PARHEW_clean,7.38605,6.67234,7.38605,0.632325,2400.53,3796.35,0.0,0.0,0.7148,1.13043,0.0,1,0.317515538,0.4136362360008907,Train
PARKUQ01_clean,6.67552,5.18428,6.65544,1.17133,2054.42,1753.92,0.0,0.0,0.6446,0.550316,0.0,0,0.5572056833,0.6381052434487671,Train
PARKUQ_charged,5.67135,5.18154,5.67135,1.3438,1282.95,954.722,0.0,0.0,0.5352,0.398274,0.0,0,0.839853546,0.7465914808471612,Train
PARMIG_clean,4.62483,4.28304,4.62483,1.33462,793.109,594.261,0.0,0.0,0.4652,0.348565,0.0,0,3.1801823491000003,2.532566949088223,Train
PARNIH_clean,8.32489,6.77668,8.32489,0.861017,1951.67,2266.71,0.0,0.0,0.6712,0.779544,0.0,1,0.3526470262,0.45456369660337514,Train
PARNON_clean,7.81335,6.23608,7.8124,0.973393,1971.82,2025.72,0.0,0.0,0.6118,0.628523,0.0,1,0.4925437866,0.554718151861731,Test
PASMUT_clean,5.21671,3.87145,5.2007,1.45236,1664.76,1146.24,0.0,0.0,0.5822,0.400864,0.0,1,0.3980590235,0.5655598787030636,Test
PASNAA01_clean,4.83008,3.80459,4.83008,1.46381,1335.98,912.674,0.0,0.0,0.51,0.348405,0.0,1,0.4256759277,0.5816120700713163,Train
PASNAA_clean,4.89594,3.826,4.89193,1.4497,1354.61,934.408,0.0,0.0,0.5164,0.356212,0.0,1,0.4173953717,0.5628423301465992,Train
PASTOU_clean,6.66976,4.5166,6.66976,1.58721,797.598,502.516,0.0,0.0,0.4778,0.301032,0.0,1,0.2474414557,0.23933383057312135,Train
PATNAB_clean,9.14224,6.89364,9.14224,1.35956,1803.58,1326.59,0.0,0.0,0.6728,0.494866,0.0,1,0.1580239757,0.15197132510190847,Train
PATWOY_clean,7.80785,6.68696,7.80785,0.911859,1500.87,1645.94,0.0,0.0,0.5982,0.656023,0.0,1,0.7692855626999999,0.5829001527947505,Train
PAVKIH_charged,8.78156,6.51511,8.78156,1.29997,1284.33,987.968,0.0,0.0,0.5538,0.42601,0.0,1,0.202334976,0.2891301159415891,Train
PAVLOO_clean,4.63098,4.29599,4.63098,1.36764,915.445,669.362,13.6565,9.98545,0.5494,0.401715,0.0,1,1.5911569036000002,1.4276680863729156,Train
PAVMAB_clean,4.70831,4.3739,4.70531,1.34518,952.077,707.768,16.532,12.2898,0.553,0.411097,0.0,1,1.5091183759,1.2509900830665905,Train
PEBNEP_clean,4.70974,3.99855,4.70974,1.47945,319.51,215.966,0.0,0.0,0.4064,0.274697,0.0,1,0.3473127977,0.30895344331165975,Train
PECLEP_clean,5.39206,3.58035,5.25926,1.26009,1193.65,947.27,0.0,0.0,0.492,0.390447,0.0,0,0.9975154272,0.9006013968270489,Train
PEDMER_clean,4.87431,3.86596,4.87431,1.94999,1030.99,528.717,0.0,0.0,0.5166,0.264924,0.0,1,0.5492806203,0.3596232400560675,Train
PEDMOB_clean,6.13543,5.59613,6.13543,1.47554,899.4,609.538,0.0,0.0,0.4724,0.320153,0.0,1,0.3024044607,0.38586455417035903,Train
PEDRIA_clean,15.09269,7.93434,15.07573,0.589901,2245.43,3806.46,0.0,0.0,0.8114,1.37549,0.0,0,0.3082638407999999,0.3267364770575819,Train
PEFJUF_clean,6.61682,6.0615,6.61682,1.19245,2068.35,1734.53,0.0,0.0,0.6212,0.520944,0.0,0,2.1862021433,1.6122681264860135,Train
PEFRID01_clean,6.55951,5.47634,6.55951,1.31717,1348.3,1023.64,0.0,0.0,0.552,0.419081,0.0,1,0.6865399213,0.5240901765062435,Test
PEFRID_clean,9.83364,8.16227,9.74315,1.01836,1671.9,1641.77,0.0,0.0,0.6476,0.635927,0.0,1,0.4896809353,0.36897698831965353,Test
PEFRUP01_clean,6.70842,5.60789,6.69161,1.32053,1380.71,1045.57,0.0,0.0,0.5546,0.419982,0.0,1,0.6678756438,0.5382258154270034,Train
PEFRUP_clean,9.50189,8.00757,9.50189,1.0519,1670.24,1587.83,0.0,0.0,0.6432,0.611463,0.0,1,0.4911698752,0.35022165245370485,Test
PEFSUQ_clean,6.71056,3.90525,6.68671,1.19472,875.451,732.768,0.0,0.0,0.5094,0.426377,0.0,1,0.1219652852,0.33301627748360507,Train
PEGBAG_clean,4.42914,3.59275,4.42914,1.43063,530.361,370.719,0.0,0.0,0.4708,0.329086,0.0,1,0.25683544,0.504187896744662,Train
PEGBUA_clean,4.24178,3.44241,4.23659,1.42808,542.261,379.715,0.0,0.0,0.474,0.331915,0.0,1,0.3176383728,0.39709069270139646,Train
PEGCAH_clean,4.41751,3.55963,4.41517,1.40923,648.294,460.035,0.0,0.0,0.4816,0.341747,0.0,1,0.4374879169,0.5478115990732281,Train
PEGCEL_clean,4.60881,3.89017,4.60881,1.36646,760.056,556.224,0.0,0.0,0.4938,0.361373,0.0,1,0.4580707984,0.4775203428504888,Test
PEGCIP_clean,5.4738,4.63859,5.45736,1.20371,1399.17,1162.38,0.0,0.0,0.5244,0.435652,0.0,1,0.8400165027,0.8140930481791196,Train
PEGPOI_clean,4.98627,3.51233,4.9807,1.99017,618.984,311.02,0.0,0.0,0.3962,0.199078,0.0,1,0.3990532497999999,0.4037872837361228,Train
PEGQID_clean,5.05756,3.46018,5.04486,2.49056,625.358,251.092,0.0,0.0,0.3982,0.159884,0.0,1,0.2412178045,0.23775846570965237,Train
PEGQOJ_clean,5.06893,3.45218,5.06893,2.53315,611.744,241.495,0.0,0.0,0.3936,0.15538,0.0,1,0.2397363677,0.22570533045590246,Train
PEGQUP_clean,4.99244,3.49069,4.98026,2.64253,618.757,234.153,0.0,0.0,0.3906,0.147813,0.0,1,0.2509678657,0.24342389547836135,Train
PEHQID_neutral,5.14211,3.77935,5.14211,1.46568,1144.37,780.78,0.0,0.0,0.5232,0.356968,0.0,0,0.3569906471,0.737368835209503,Train
PEHTON_clean,5.79765,4.80371,5.79765,1.25943,995.966,790.809,0.0,0.0,0.488,0.387478,0.0,1,0.1925607143,0.5465051565909388,Test
PEJFOA_clean,4.64383,3.88697,4.63782,2.21077,775.822,350.929,123.298,55.7717,0.4612,0.208615,0.0,1,1.9490731617,0.5031610858152341,Test
PEJFUG_clean,5.6094,5.1902,5.6094,2.02674,953.383,470.404,0.0,0.0,0.4916,0.242558,0.0,0,1.7537672706,1.2856563103091987,Train
PEJMOI_clean,7.77261,4.72411,7.77261,1.78918,1087.16,607.629,0.0,0.0,0.4986,0.278675,0.0,1,0.2500750118,0.23010856848257444,Train
PEJMUN_charged,5.3558,3.67159,5.3558,1.04887,1404.79,1339.34,0.0,0.0,0.5588,0.532765,0.0,0,0.496912306,0.7209113167769785,Train
PEJNUP_clean,9.7414,9.14394,9.67281,0.771129,2269.17,2942.66,0.0,0.0,0.7412,0.961188,0.0,0,0.4992242468,0.46144095623879144,Test
PEJPAX_charged,7.32167,6.47359,7.26969,0.938297,1670.88,1780.76,0.0,0.0,0.6272,0.668445,0.0,1,0.6634284237,0.5808486284108643,Train
PEJPIF_charged,5.04054,3.8225,4.98288,1.26802,1172.73,924.846,0.0,0.0,0.5342,0.421285,0.0,1,0.9022443609,0.8430499488816343,Train
PEKCUF_clean,8.20333,5.43297,8.20152,0.769862,2179.49,2831.01,0.0,0.0,0.6652,0.864051,0.0,1,0.5151150734000001,0.6311469293325842,Train
PEKDAM_clean,6.66878,5.26481,6.65683,0.823111,2211.99,2687.35,0.0,0.0,0.6464,0.785313,0.0,1,0.5729724409,0.6512598199263979,Train
PEKZIP_clean,4.53518,4.08657,4.53518,1.41548,619.125,437.397,0.0,0.0,0.4398,0.310708,0.0,1,0.4246942088,0.6171614474529892,Train
PELGOE_clean,4.61976,3.65124,4.60921,1.18989,1005.69,845.196,0.0,0.0,0.5078,0.426764,0.0,1,0.7503058306,0.8772804886746142,Train
PELQII_clean,9.06577,7.1819,8.76719,0.671525,2063.21,3072.43,0.0,0.0,0.712,1.06027,0.0,1,0.5344181542,0.4342446468811124,Test
PELRIJ_clean,21.55746,10.38341,21.54289,0.51708,1832.88,3544.68,0.0,0.0,0.8016,1.55024,0.0,1,0.4815625057,0.4676852988123532,Test
PELXIP_clean,5.04305,3.66818,5.03506,1.84132,581.447,315.776,13.9718,7.58794,0.4556,0.247431,0.0,1,0.4481061607,0.3315915557158802,Train
PEMGIZ_charged,4.80245,3.4721,4.75947,1.44001,643.407,446.806,0.0,0.0,0.4566,0.31708,0.0,1,0.2860296645,0.4624155469782676,Train
PEMREG_clean,9.06566,7.46673,9.06566,0.753022,2058.76,2734.0,0.0,0.0,0.7058,0.93729,0.0,1,0.39140818,0.4658160761429927,Test
PEMRIK_clean,6.31603,3.45605,6.31603,1.18528,1197.81,1010.57,0.0,0.0,0.5532,0.466723,0.0,1,0.9381448511,0.8086493530154899,Train
PENNAZ_clean,8.96214,8.00387,8.96214,0.962495,1990.53,2068.1,0.0,0.0,0.7004,0.727692,0.0,1,0.4248062184,0.4413145160175851,Train
PENNON_clean,7.9329,6.23525,7.71711,0.684898,2586.98,3777.17,0.0,0.0,0.7318,1.06848,0.0,1,0.4303377878,0.45748891905843425,Train
PENNUT_clean,5.51848,4.07497,5.51848,1.34514,1276.26,948.789,0.0,0.0,0.5072,0.377061,0.0,1,0.4745476557999999,0.6782708210135582,Test
PENYIR_clean,5.70014,3.65365,5.70014,1.6367,929.089,567.66,64.7109,39.5375,0.5088,0.31087,0.0,1,0.4810989972,0.34338746563691347,Test
PENZIS_clean,5.20436,4.63461,5.20306,1.48152,1841.93,1243.27,0.0,0.0,0.653,0.440764,0.0,0,0.4428819206,0.48812790720381,Train
PEPBAO_clean,5.10254,3.95909,5.10254,1.42412,833.906,585.559,0.0,0.0,0.4934,0.34646,0.0,0,0.4841387096,0.5993297342273842,Train
PEPFAT_clean,10.91726,6.85852,7.70966,1.0029,2251.01,2244.49,0.0,0.0,0.6862,0.684214,0.0,1,0.5722021433,0.5210828453195318,Test
PEPKOL_clean,4.51864,3.40095,4.50908,1.52523,488.244,320.112,0.0,0.0,0.42,0.275368,0.0,0,0.762336885,0.6501011786466226,Test
PEPKUR_clean,4.38796,3.85266,4.37809,1.51141,576.087,381.159,0.0,0.0,0.4116,0.272329,0.0,0,0.9285330433,1.011830588861489,Test
PEPLAY_clean,6.74837,6.3776,6.72825,1.05651,1615.67,1529.25,0.0,0.0,0.6178,0.584755,0.0,0,0.5631694042000001,0.6139752800432575,Test
PEPLEC_clean,7.22831,6.81306,7.22831,1.03011,1642.0,1594.0,0.0,0.0,0.618,0.599935,0.0,0,0.526282626,0.6617940912321058,Train
PEPLIG_clean,6.77242,6.39006,6.75097,1.04905,1614.89,1539.38,0.0,0.0,0.6148,0.586054,0.0,0,0.5323994655,0.6196843255013504,Train
PEPLOM_clean,5.48105,5.23227,5.47438,1.20095,1296.27,1079.37,0.0,0.0,0.5572,0.463966,0.0,0,0.6611091651,0.7625856668050852,Train
PEQRUZ_clean,5.68699,4.77458,5.65626,1.19715,1015.07,847.906,0.0,0.0,0.4752,0.396942,0.0,1,1.4166259267,0.7673190192761685,Train
PEQWAK_clean,5.99001,5.4678,5.99001,1.06078,1335.71,1259.17,0.0,0.0,0.5666,0.534134,0.0,1,0.6248982609,0.6432663918102098,Train
PESTUD_clean,4.29451,3.77014,4.29451,1.52203,554.299,364.183,0.0,0.0,0.4078,0.267931,0.0,0,0.9255290485,0.9998129851031522,Train
PETWOC_clean,9.15829,4.1058,9.15829,1.69456,1870.12,1103.6,0.0,0.0,0.6222,0.367174,0.000472098,0,0.2807109137,0.41576928126580487,Train
PEVFON_clean,11.13773,3.47627,11.13633,0.923906,1490.46,1613.21,0.0,0.0,0.6306,0.682537,0.0,0,0.2786768474,0.36695873730818995,Train
PEVLIN_clean,4.23888,3.58587,4.23888,1.92889,451.698,234.175,0.0,0.0,0.4172,0.21629,0.0,1,0.3107130586,0.42504525117451464,Train
PEVQIS_clean_h,14.89727,7.78421,14.89178,0.605776,2230.04,3681.29,0.0,0.0,0.8056,1.32986,0.0,0,0.3157396831,0.32334360193297834,Test
PEVQOY_clean_h,14.80942,7.88362,14.80084,0.613708,2232.3,3637.4,0.0,0.0,0.8108,1.32115,0.0,0,0.3391574952,0.31591129919080896,Train
PEVXAQ_clean,4.99995,3.63805,4.93929,1.21492,686.301,564.895,0.0,0.0,0.4752,0.391137,0.0,1,0.3731610405,0.7232279127146529,Test
PEWGEF_clean,9.8037,7.11476,9.8037,1.04146,1816.14,1743.84,0.0,0.0,0.6896,0.662146,0.0,1,0.2005007101,0.2707856498389096,Train
PEWLUA_clean,17.77125,7.51947,12.45937,0.588936,2255.4,3829.62,0.0,0.0,0.7974,1.35397,0.0,1,0.4799939686,0.4422945769180603,Train
PEWXUL01_clean,5.54275,4.60824,5.54275,1.0598,1055.66,996.092,0.0,0.0,0.5124,0.483488,0.0,0,0.7785293963,0.8183072602754571,Train
PEWXUL_clean,5.34544,4.38509,5.34544,1.05997,1077.55,1016.58,0.0,0.0,0.5136,0.48454,0.0,0,0.9418655617,0.914185048869118,Test
PEXFAA_clean,6.38992,4.78581,6.38785,0.722856,2527.72,3496.86,0.0,0.0,0.6962,0.963124,0.0,1,0.51719795,0.6717938469696935,Train
PEXTUI_clean,5.13294,4.08127,4.81094,1.41697,1690.94,1193.35,0.0,0.0,0.6078,0.428944,0.0,1,0.6333098422,0.6352926668883144,Test
PEYPAM_SL,6.47723,4.9888,6.46954,1.38224,1403.34,1015.27,0.0,0.0,0.5238,0.378951,0.0,0,1.2594623812,0.7668728400582345,Train
PEYPIU_clean,4.73554,3.50341,4.73554,1.41341,845.394,598.124,0.0,0.0,0.4704,0.332812,0.0,0,1.2625273134,0.8667232028000172,Train
PEYSIW_clean,5.69089,4.7197,5.69089,1.0552,1032.59,978.576,0.0,0.0,0.5102,0.483511,0.0,0,0.7363580976999999,0.7991666928445735,Train
PEYVEV_clean,8.8911,6.60199,8.13016,1.41868,1212.67,854.793,531.685,374.776,0.6316,0.445204,0.0,1,1.0922253205,1.0521273252991914,Train
PEZCII_clean,12.50562,10.18861,12.50562,0.9535,1419.23,1488.44,0.0,0.0,0.6362,0.667226,0.0,1,0.2494019672,0.39182786520644014,Train
PIBGAK_clean,6.08784,5.5601,6.06673,1.08232,1652.36,1526.68,0.0,0.0,0.6232,0.575798,0.0,1,0.3868946221,0.5415563876980077,Train
PIBNUK01_clean,15.37191,14.18335,15.35887,0.42304,1389.84,3285.35,0.0,0.0,0.8366,1.97759,0.0,1,0.2908994723999999,0.3052747466850041,Train
PIBNUK_clean,15.38411,14.18619,15.38378,0.422713,1393.02,3295.43,0.0,0.0,0.8378,1.98196,0.0,1,0.2912096525,0.2944608007692702,Train
PIBPAS01_clean,10.22467,9.87308,10.22467,0.904434,1674.99,1851.98,0.0,0.0,0.6484,0.716913,0.0,1,0.330071234,0.36786745070717164,Train
PIBPIA_clean,15.49369,14.25357,15.47411,0.458724,1374.44,2996.23,0.0,0.0,0.8362,1.82288,0.0,1,0.2452624823,0.31041128221845926,Train
PICTIG_clean,7.17773,5.19524,7.1746,0.956819,2131.67,2227.87,0.0,0.0,0.65,0.679334,0.0,1,0.549199986,0.6540601376029075,Train
PIDMEV01_clean,7.72003,4.28453,7.71744,1.05835,1674.28,1581.97,0.0,0.0,0.5974,0.564462,0.0,1,0.7278440090999999,0.603880465393892,Train
PIDMEV_clean,7.7619,4.42953,7.71379,1.03258,1688.46,1635.19,0.0,0.0,0.5902,0.57158,0.0,1,0.7249137240000001,0.6089300191296303,Train
PIGXUZ_clean,4.56718,3.56694,4.54309,1.41248,518.542,367.114,0.0,0.0,0.408,0.288854,0.0,0,0.5064830408,0.5097452878543549,Train
PIHNUQ_clean,4.36505,3.62057,4.36492,1.46153,400.036,273.71,0.0,0.0,0.4114,0.281486,0.0,1,0.5970224727000001,0.5806011750370281,Train
PIHWAG_clean,8.27361,7.69473,8.27361,1.26901,1392.1,1096.99,0.0,0.0,0.5476,0.431516,0.0,0,0.3891840981,0.3977566812149613,Train
PIHWOU_clean,4.6487,3.54073,4.5523,1.74456,1048.04,600.749,0.0,0.0,0.5644,0.32352,0.0,0,1.4109601704,1.2022567403533464,Train
PIJDIX_clean,5.30724,3.52085,5.26545,1.71921,1128.44,656.369,0.0,0.0,0.5814,0.338178,0.0,1,0.7262280248999999,0.6376431838766732,Train
PIJJEZ_clean,14.75395,5.96588,14.75395,0.935418,1803.08,1927.56,0.0,0.0,0.656,0.70129,0.0,0,1.0071384883,0.6759310633524526,Test
PIJJOI_clean,6.12931,4.00789,6.08289,1.09199,859.144,786.767,2.75763,2.52532,0.5414,0.495791,0.0,0,0.7844393625,0.6886554706905175,Train
PIJROR_clean,8.28575,7.67913,8.28575,1.27602,1385.29,1085.63,0.0,0.0,0.5522,0.432752,0.0,0,0.3898260497,0.42174688764514334,Train
PIQFIG_clean,9.19593,7.79711,9.19593,0.691873,2332.15,3370.77,0.0,0.0,0.7756,1.12101,0.0,0,0.1941874689999999,0.3461554320286383,Test
PIQMOT_clean,6.47127,5.32823,6.30186,1.23035,1074.68,873.471,0.0,0.0,0.4866,0.395496,0.0,0,0.6791924184,0.5747712152134364,Train
PIQMUZ_clean,5.76653,4.2611,5.71921,1.16552,750.166,643.631,0.0,0.0,0.4826,0.414063,0.0,1,0.4070300711999999,0.3614758228476692,Train
PITPEP_clean,11.41966,9.93708,11.41966,0.952882,1649.81,1731.39,0.565272,0.593223,0.622,0.652757,0.0,1,0.4592593914,0.4975750488539258,Train
PIWSEV_clean,8.52736,7.61097,8.52736,0.846818,2044.34,2414.14,0.0,0.0,0.6702,0.791433,0.0,1,0.5336091547999999,0.47023451461453775,Train
PIYZAZ_clean,7.00061,5.66568,7.00061,1.03548,2663.91,2572.62,0.0,0.0,0.7414,0.715993,0.0,0,0.1645569737,0.16863117759960528,Train
PIYZED01_clean,6.96517,5.63588,6.96517,1.04478,2626.41,2513.83,0.0,0.0,0.7254,0.694307,0.0,0,0.1672765705,0.1894384319564567,Test
PIYZED02_clean,6.95041,5.62583,6.95041,1.04842,2625.12,2503.87,0.0,0.0,0.7248,0.691323,0.0,0,0.1678420937,0.21941876127492366,Test
PIYZED03_clean,6.91935,5.60013,6.91935,1.05779,2618.81,2475.74,0.0,0.0,0.7212,0.681798,0.0,0,0.1713593018,0.2389442326334758,Test
PIYZED_clean,7.00442,5.67284,7.00442,1.03221,2628.22,2546.21,0.0,0.0,0.7278,0.705091,0.0,0,0.164834145,0.18875801219545096,Train
PIZHOX_clean,6.00527,4.8111,5.6775,0.960875,2065.34,2149.44,0.0,0.0,0.6412,0.667309,0.0,1,0.5615780603,0.7262355056724743,Train
PIZNOB_clean_h,5.81424,4.85489,5.81424,1.50508,1940.53,1289.33,0.0,0.0,0.5884,0.390944,0.0,1,0.3089910792999999,0.3596824392130613,Train
PIZPAP_clean_h,5.02301,4.09369,4.55915,1.6437,1625.99,989.228,0.0,0.0,0.5662,0.344467,0.0,1,0.346013411,0.5029996138781494,Test
PIZPET_clean_h,5.00612,4.07229,4.54032,1.30745,1650.65,1262.5,0.0,0.0,0.5638,0.431222,0.0,1,0.5211518235,0.7221706621864785,Train
PIZPIX02_clean,4.8742,3.92497,4.87073,1.75108,1636.83,934.755,0.0,0.0,0.5514,0.314892,0.0,1,0.3828253514,0.3434547640141117,Train
PIZPIX_clean_h,4.99576,3.97323,4.53163,1.71361,1574.79,918.993,0.0,0.0,0.5616,0.32773,0.0,1,0.3468354643999999,0.4539538291993961,Train
PIZPOD_clean_h,4.95479,3.97477,4.74982,1.78246,1546.28,867.502,0.0,0.0,0.5566,0.312266,0.0,1,0.3982180415999999,0.3864286702442147,Train
PIZQUM_clean,5.38703,4.44024,5.38703,1.21672,1189.38,977.523,0.0,0.0,0.5254,0.431815,0.0,1,0.818144379,0.8299363290189958,Train
PIZRAT_clean,5.69309,4.64481,5.67801,1.18335,1207.09,1020.06,0.0,0.0,0.5368,0.453627,0.0,1,0.6454787926,0.7365572820530127,Train
PIZRUN_clean,5.3818,4.43333,5.37307,1.2127,1196.95,987.011,0.0,0.0,0.5248,0.432754,0.0,1,0.8058292079,0.8449991413900223,Train
PIZSAU_clean,5.7096,4.51588,5.7096,1.18019,1218.01,1032.05,0.0,0.0,0.5404,0.457893,0.0,1,0.6347203226,0.7202467129342892,Train
POBMOJ01_clean,16.09028,3.85233,16.09028,1.0369,1784.32,1720.83,0.0,0.0,0.67,0.64616,0.0,1,0.5766776491,0.6322828825106046,Train
POBNEA_clean,12.6133,10.84896,12.6133,0.646582,1753.98,2712.69,2.26513,3.50323,0.7374,1.14046,0.0,1,0.2343539885,0.3512445402516099,Train
POBVIN_clean,9.76079,6.4479,9.73092,0.869183,2049.78,2358.28,0.0,0.0,0.696,0.800752,0.0,1,0.5080341771,0.4989667034516145,Train
POBYAH_charged,5.61208,3.90993,5.47281,3.11106,1121.22,360.397,0.0,0.0,0.4562,0.146638,0.0,0,0.0494264103,0.33676507511273923,Train
POCPAZ_clean,6.39676,5.12111,6.38825,0.921688,1695.17,1839.2,6.74347,7.31643,0.6078,0.659442,0.0,1,0.5516941994,0.638126443996276,Train
PODKOK_clean,18.51885,8.56409,12.59731,0.489414,2180.69,4455.72,0.0,0.0,0.8128,1.66076,0.0,1,0.4832161161,0.4441881923506077,Test
PODKUQ_clean,22.31857,8.92625,14.18285,0.425765,2028.03,4763.26,0.0,0.0,0.8332,1.95695,0.0,1,0.5021563389,0.46131197742529206,Test
PODVIP_clean,4.42056,3.62761,4.42056,2.28386,243.746,106.725,0.0,0.0,0.3946,0.172778,0.0,1,0.1908813756,0.229095602273223,Train
PODXEN_clean,5.34783,4.01094,5.34783,1.28087,710.366,554.597,0.0,0.0,0.4518,0.352729,0.0,1,0.4261965684,0.5402947230750129,Train
POFGUO_clean,5.1465,3.74676,5.14199,0.93374,1597.91,1711.3,0.0,0.0,0.5678,0.608092,0.0,0,1.052960421,0.9563766189489109,Train
POFSIN01_clean,6.99195,5.64457,6.99195,1.04057,2621.47,2519.27,0.0,0.0,0.7274,0.699041,0.0,0,0.1664888775,0.17087746012615262,Train
POFSIN02_clean,6.98557,5.64932,6.97231,1.04143,2630.55,2525.91,0.0,0.0,0.7252,0.69635,0.0,0,0.1683369264999999,0.18438596178350974,Train
POFSIN03_clean,6.95953,5.63255,6.95953,1.04557,2624.93,2510.51,0.0,0.0,0.7258,0.694164,0.0,0,0.1698012277,0.2039893106788251,Test
POFSIN04_clean,6.97392,5.62462,6.97392,1.04699,2616.52,2499.1,0.0,0.0,0.7262,0.69361,0.0,0,0.1677483207,0.17624645165852482,Train
POFSIN_clean,6.96628,5.64795,6.96628,1.04283,2632.71,2524.58,0.0,0.0,0.7246,0.694838,0.0,0,0.1683744357,0.20031023979184837,Test
POHCOG_clean,6.03433,4.98914,5.98921,1.54389,1290.39,835.809,0.0,0.0,0.5212,0.33759,0.0,1,0.3947611351,0.5059343807171183,Train
POHWIU_clean,15.94965,10.39364,15.94872,0.460887,1949.35,4229.57,0.0,0.0,0.8104,1.75835,0.0,1,0.4175650587,0.44212476015972824,Train
POKGEC_clean,4.44927,3.87743,4.29992,1.20216,336.435,279.858,237.315,197.407,0.504,0.419245,0.0,1,0.3055337492,0.4680324028618605,Train
POKSAL_clean,5.16886,3.80347,5.16886,2.04384,546.746,267.509,0.0,0.0,0.4218,0.206376,0.0,1,0.2026654477,0.19622735802373675,Train
POKSEP_clean,5.24976,3.94365,5.24501,1.70126,572.314,336.407,0.0,0.0,0.4264,0.250638,0.0,1,0.1961977644,0.22961536691972145,Train
POKSIT_clean,5.21903,3.84136,5.20793,2.02039,562.699,278.51,0.0,0.0,0.4168,0.206297,0.0,1,0.15431581,0.17641072910166722,Train
POKSOZ_clean,5.23291,4.00143,5.18374,1.95789,573.341,292.837,0.0,0.0,0.4166,0.21278,0.0,1,0.1487065535999999,0.19132177136838868,Train
POKTIU_clean,5.25513,3.88718,5.24992,2.03578,584.018,286.877,0.0,0.0,0.4004,0.196682,0.0,1,0.1564951689,0.17169779760741677,Train
POKVAO_clean,5.22916,3.84535,5.22916,1.97617,548.634,277.625,0.0,0.0,0.4172,0.211116,0.0,1,0.161191311,0.1676027142383455,Train
POLBEX_clean,8.55331,7.31354,8.46863,1.98623,1149.15,578.559,46.9518,23.6386,0.5414,0.272577,0.0,1,1.9078030062,1.7707404776025983,Test
POLBIB_clean,4.50015,3.80804,4.49155,1.64999,1209.33,732.928,0.0,0.0,0.534,0.323637,0.0,1,0.4459588636,0.47911307435701334,Test
POLBUN_clean,4.31477,3.58843,4.31278,2.39943,670.094,279.272,0.0,0.0,0.4488,0.187045,0.0,0,2.3031108932,1.9337592912702077,Test
POLDOK_clean,5.06326,4.95206,5.06326,1.44271,500.914,347.204,76.3428,52.9162,0.4724,0.327439,0.0,1,0.4571690515,0.3898188350537545,Train
POLDUQ_clean,5.0902,4.98067,5.0902,1.44184,520.517,361.01,59.0453,40.9514,0.471,0.326666,0.0,1,0.4218214434,0.4153628165278763,Test
POLYEW_clean,5.14291,3.60228,5.14291,1.21883,774.169,635.173,0.0,0.0,0.4678,0.38381,0.0,1,1.0203021664,0.84924839145471,Train
POMMAH_clean,14.83525,11.96507,14.83525,1.26278,1468.55,1162.95,199.616,158.076,0.7018,0.555756,0.00015838,1,0.4394730867,0.5733611680388236,Test
POMSER_clean,7.01968,3.83495,7.01968,1.10319,1326.02,1201.98,0.0,0.0,0.5236,0.474622,0.0,1,0.5971347112,0.7055403226184069,Train
POMSOB_clean,5.67937,4.56222,5.67937,1.11643,1180.95,1057.79,0.0,0.0,0.5376,0.481534,0.0,1,0.6231840351,0.7599335607440357,Test
PONPOX_clean,4.5617,3.77666,4.56065,2.3716,853.999,360.095,0.0,0.0,0.4606,0.194215,0.0,0,2.7993227524,2.4605169901192,Train
PONSOC_clean,7.4772,6.20805,7.45867,0.784087,1906.95,2432.06,0.0,0.0,0.6546,0.834856,0.0,1,0.5291249486,0.5149516099912601,Train
PORGAE_clean,5.87412,3.87625,5.87412,2.28472,891.425,390.167,0.0,0.0,0.4496,0.196785,0.0,0,1.319927827,0.7633427784317672,Test
PORLAL_clean,9.41867,8.86897,9.41275,1.10001,1269.94,1154.48,0.0,0.0,0.5682,0.516538,0.0,1,0.248277522,0.28500496582055806,Train
PORLEP_clean,7.93943,4.67024,7.92199,1.76214,638.871,362.555,235.766,133.795,0.4966,0.281817,0.0,1,0.250693781,0.3335936522752737,Train
PORVID_clean,7.37109,6.82741,7.37109,1.40599,1511.82,1075.27,0.0,0.0,0.5614,0.399292,0.0,1,0.4990806486999999,0.4368893245629153,Train
PORVUO_clean,4.67797,3.97904,4.67797,1.06036,1507.72,1421.89,0.0,0.0,0.5284,0.498321,0.0,0,1.3589753303999998,1.2571869970198293,Train
POSFIO_clean,6.80619,3.42889,6.79194,1.15852,1000.28,863.415,0.0,0.0,0.5272,0.455065,0.0,1,0.5840771943,0.5346263918377586,Train
POSGAH_clean,6.19197,4.53531,6.16887,1.09324,1845.26,1687.87,0.0,0.0,0.5814,0.531812,0.0,0,0.8227885242,0.7709073475152275,Train
POTNET_clean,4.90891,3.62196,4.89268,1.35117,1395.4,1032.74,0.298007,0.220556,0.5558,0.411349,0.0,1,0.6481517345000001,0.5286739741491235,Train
POTREX_clean,14.70007,10.79864,14.70007,0.483438,2025.11,4188.97,0.0,0.0,0.7802,1.61386,0.0,1,0.4866807636,0.4967511307745964,Train
POYPAW_clean,7.97392,4.92371,7.96142,0.954107,1622.71,1700.76,0.0,0.0,0.5818,0.609785,0.0,0,1.0781190454,0.7786545973071276,Train
POZHUI_ion_b,9.39252,3.7857,9.39207,1.30542,878.942,673.301,73.4571,56.2708,0.5296,0.405693,0.0,0,0.4031450941,0.4881977489003754,Train
PUDSIR01_clean,6.99715,5.84689,6.98056,1.03177,2165.84,2099.14,0.0,0.0,0.6538,0.633665,0.0,1,0.5676000144,0.5523165234315097,Train
PUDSIR_clean,6.84685,5.37896,6.83632,1.0569,2169.92,2053.1,0.0,0.0,0.647,0.61217,0.0,1,0.5949678218,0.6764583505900643,Test
PUDSOX_clean,7.03254,5.77219,7.03254,1.04422,2164.07,2072.42,0.0,0.0,0.654,0.626304,0.0,1,0.5667815866,0.5443702069784968,Test
PUDSUD_clean,7.08521,6.02588,7.08155,0.996555,2169.83,2177.33,0.0,0.0,0.6624,0.66469,0.0,1,0.5565651635,0.5600582188204758,Test
PUFRIR_clean,5.81593,4.39318,5.8122,0.99503,2005.1,2015.11,0.0,0.0,0.6314,0.634554,0.0,1,0.4583555358,0.7882206988480664,Test
PUGGOP_clean,8.14998,6.76772,8.12163,0.920168,2113.5,2296.86,0.0,0.0,0.6298,0.68444,0.0,1,0.8379093881,0.6102297618266934,Test
PUGPEO_clean,9.53093,8.66388,9.24995,1.0567,1899.67,1797.75,0.0,0.0,0.6656,0.629888,0.0,1,0.4583355624,0.4308073353760595,Train
PUGSER_clean,9.40538,8.82837,9.39896,0.800645,2377.49,2969.47,0.0,0.0,0.7256,0.906269,0.0,1,0.4821885543,0.486146535828793,Train
PUGSOB_clean,9.50607,8.86576,9.50607,0.864037,2169.58,2510.98,0.0,0.0,0.6944,0.803669,0.0,1,0.694472627,0.5455768403465142,Train
PUGSUH_clean,9.30915,8.71365,9.30507,0.821567,2358.23,2870.4,0.0,0.0,0.708,0.861767,0.0,1,0.5679521486,0.5197345109935636,Train
PUJJEL_clean,9.07645,8.51256,9.07645,1.13917,1399.12,1228.2,0.0,0.0,0.572,0.502121,0.0,0,0.3160733913,0.3772154870515042,Train
PUJQEQ_clean,7.62791,6.18953,7.62791,0.66886,2115.6,3163.0,0.0,0.0,0.6814,1.01875,0.0,1,0.4663418867,0.5659072915107752,Test
PUKSUL_clean,6.59798,4.14111,6.57182,1.5702,2804.07,1785.8,0.0,0.0,0.6962,0.443383,0.0,1,0.0974051875,0.10885966388594526,Train
PUKVAU_clean,6.34308,4.86227,6.34308,1.0986,1347.83,1226.86,0.0,0.0,0.5706,0.519389,0.0,1,0.3031767694,0.5510789336396134,Train
PULMIU_clean,7.09135,4.01215,7.09135,1.0722,1770.87,1651.63,0.0,0.0,0.6158,0.574336,0.0,1,0.7060002531,0.6614885599008092,Train
PUMDIM_clean,7.80071,4.22996,5.62381,1.22507,393.72,321.387,874.299,713.674,0.564,0.460383,0.0,1,0.8418660171,0.8179537339291731,Train
PUMGIP01_clean,5.45506,3.48614,5.2674,1.17898,397.642,337.276,548.508,465.24,0.493,0.418158,0.0,1,0.7548770186,0.7647889681428981,Train
PUMNIV_clean,5.71977,3.98662,5.71104,1.66821,1567.24,939.473,0.0,0.0,0.6384,0.382685,0.0,1,0.2294026294999999,0.2203031477200268,Train
PUMNOB_clean,5.46311,3.57221,5.46311,1.50782,1496.51,992.504,0.0,0.0,0.6142,0.407344,0.0,1,0.2117896619,0.3192775645377671,Train
PUNSIB_clean,5.01625,3.57988,5.00209,1.32619,942.101,710.383,0.0,0.0,0.5344,0.402959,0.0,0,0.3069715536,0.8326242713451482,Train
PUPHUE_clean,7.11215,6.70655,7.11215,0.937093,954.53,1018.61,0.0,0.0,0.5324,0.56814,0.0,1,0.4410025888,0.44705186110277173,Train
PUQDOW_clean,5.15222,4.10448,5.15222,1.41779,682.397,481.312,0.0,0.0,0.4322,0.304841,0.0,0,0.4558632158,0.5433429448387137,Train
PUQXUV_clean,5.37589,5.08075,5.29758,1.50363,233.241,155.118,324.657,215.915,0.4578,0.304462,0.0,1,0.7350432949,0.7288945010645286,Train
PUQYAC_clean,5.36415,5.07421,5.36415,1.50028,235.559,157.01,320.725,213.777,0.4614,0.307543,0.0,1,0.7256918084,0.7485568749632663,Train
PURJES_clean,6.1741,5.21501,6.1741,1.07844,1412.21,1309.49,0.0,0.0,0.5678,0.526503,0.0,1,1.2676992927,0.757353266276731,Train
PURJIW_clean,8.03037,6.16762,8.02661,0.894418,1849.84,2068.21,0.0,0.0,0.6498,0.726506,0.0,1,0.5558146638,0.5306870726860422,Train
PURNEX_clean,5.09479,3.51841,5.0825,3.89183,1036.85,266.417,0.0,0.0,0.4494,0.115473,0.0,1,0.0801476038,0.09794966552365225,Train
PURNIB_clean,4.73361,3.41508,4.65301,3.6233,403.306,111.309,0.0,0.0,0.3372,0.0930644,5.52e-05,1,0.0691995522,0.09874990203337147,Train
PURSOK_clean,4.44828,3.48673,4.44828,1.3532,940.252,694.837,0.0,0.0,0.521,0.385014,0.0,1,0.6371862564,0.6763720229197262,Train
PUSXIL_charged,6.89815,4.80142,6.88952,1.16087,2151.45,1853.3,0.0,0.0,0.6554,0.564577,0.0,0,0.9423872224,0.5160692964294433,Test
PUTYAE_charged,4.56339,3.8937,4.54416,1.48208,836.49,564.403,0.0,0.0,0.5,0.337364,0.0,0,1.0625935821,0.8314387182707929,Train
PUTYEI_clean,6.07481,4.74641,6.03797,1.15301,1967.9,1706.74,0.0,0.0,0.6112,0.530089,0.0,0,0.7548698513,0.7834416207742146,Test
PUVJOG_clean,5.99071,5.7142,5.99071,1.16612,1343.68,1152.27,0.0,0.0,0.5688,0.487772,0.0,0,0.4264336439,0.7586805093758471,Test
PUWCUF_clean,5.62914,3.92719,5.62914,1.20596,1932.54,1602.49,0.0,0.0,0.6014,0.49869,0.0,1,0.738412779,0.7968384235431457,Test
PUWDAM_clean,9.00542,5.91155,9.00542,0.805702,2374.94,2947.67,0.0,0.0,0.7118,0.883453,0.0,0,0.9862518129,0.6161750459569393,Train
PUWDEQ_charged,5.82315,4.48921,5.82315,0.959455,1620.28,1688.75,0.0,0.0,0.56,0.583665,0.0,1,0.6651164307,0.7791298579138717,Test
PUWDIU_clean,8.22754,6.95777,8.22754,1.0931,2055.27,1880.23,0.0,0.0,0.6384,0.584028,0.0,1,0.5569757437,0.5365138227765668,Train
PUWDOA_clean,10.50578,8.82117,10.50578,0.768678,1898.43,2469.74,0.0,0.0,0.689,0.896344,0.0,1,0.6625501541,0.5139595577883206,Train
PUWVAG_clean,4.80954,3.64569,4.72725,1.26832,891.081,702.566,0.0,0.0,0.4874,0.384287,0.0,1,1.3486385921,0.9111445569013192,Train
PUWXAH_clean,4.52797,3.58309,4.52797,1.5745,738.046,468.749,0.0,0.0,0.4104,0.260654,0.0,0,0.2687154253,0.5199068129183104,Train
PUYHOI_clean,8.13748,6.87673,8.13748,1.50852,1009.54,669.222,0.0,0.0,0.5634,0.373478,0.0,1,0.0921007904,0.06769889395870143,Train
PUYZUF_clean,5.69776,3.92558,5.6607,1.26995,1498.86,1180.25,0.0,0.0,0.59,0.464585,0.0,0,0.8375651543000001,0.8122341630143133,Train
PUZJOL_clean,4.83061,4.03981,4.83061,1.24259,1148.92,924.616,0.0,0.0,0.519,0.417676,0.0,0,1.1195322611,1.005125883920722,Test
PUZKOM_clean,5.73239,3.68789,5.71092,1.28608,1004.7,781.21,0.0,0.0,0.5098,0.396397,0.0,1,0.9135837534,0.612882143590101,Test
PUZKUS_clean,5.50979,4.91819,5.49321,1.14051,1329.3,1165.53,0.0,0.0,0.5506,0.482765,0.0,1,1.0391055204,0.7515034703315464,Train
PUZLAZ_clean,6.70975,6.33216,6.70975,1.05033,2275.23,2166.2,0.0,0.0,0.6682,0.636179,0.0,0,0.9029921042,0.7733275450638444,Train
PUZLUS_clean,15.09144,8.39804,15.08737,0.46153,2323.48,5034.3,0.0,0.0,0.8014,1.7364,0.0,0,0.4917089543999999,0.4142796388607053,Train
PUZMAZ_manual,16.4214,9.23775,16.40927,0.447552,2179.79,4870.46,0.0,0.0,0.7972,1.78124,0.0,0,0.4542358890999999,0.4297001583999495,Train
PUZTOV_clean,7.33778,6.60028,7.33778,1.18441,1668.47,1408.69,0.0,0.0,0.6108,0.5157,0.0,1,0.5565803301,0.4592224794377763,Train
PYDCUT_clean,5.31645,4.73242,5.31645,1.56466,1273.49,813.911,0.0,0.0,0.5466,0.349342,0.0,0,0.5350429114,0.7338032281913253,Train
QADBII_clean,4.90485,4.23271,4.90165,1.42586,539.675,378.491,0.0,0.0,0.4884,0.34253,0.0,0,0.4905235664,0.5116775159472886,Test
QADWEA_clean,4.644,4.03482,4.644,1.80951,763.808,422.108,0.0,0.0,0.4542,0.251007,0.0,0,0.6920475309999999,0.7813570281767933,Train
QADWIE_clean,4.58512,3.92708,4.57664,1.84741,722.607,391.146,0.0,0.0,0.4522,0.244775,0.0,0,0.6732101509,0.6498992951319817,Train
QADWOK_clean,4.58729,3.99418,4.55638,1.86546,733.177,393.026,0.0,0.0,0.4474,0.239833,0.0,0,0.6733138097,0.8688879756194151,Train
QADWUQ_clean,4.54229,3.95239,4.49763,1.89145,716.655,378.892,0.0,0.0,0.4464,0.236009,0.0,0,0.6737470448999999,0.8898049018965796,Train
QADXAX_clean,4.50897,3.9304,4.4621,1.90926,707.48,370.552,0.0,0.0,0.4456,0.233389,0.0,0,0.6668058573,0.9985177857153028,Train
QAGDIO_clean,12.81046,10.08472,12.79582,0.728225,1959.77,2691.16,0.0,0.0,0.7164,0.983763,0.0,1,0.5097590361,0.49662913933819114,Test
QAGQEW_clean,16.48295,9.14033,16.48295,0.959417,1239.84,1292.29,398.029,414.866,0.701,0.730652,0.0,1,0.6401701115999999,0.5943779803229097,Train
QAGTOH_clean,4.99286,4.09874,4.71178,1.12214,865.652,771.429,0.0,0.0,0.4996,0.44522,0.0,0,0.7966514819,0.8419886985609806,Train
QAJKIV_clean,4.24125,3.62097,4.24125,2.37718,709.122,298.303,0.258537,0.108758,0.4518,0.190057,0.0,0,2.4985552364,2.392095975846679,Train
QALGUH_SL,7.81866,7.32218,7.81866,0.998911,1796.0,1797.96,0.0,0.0,0.6356,0.636293,0.0,0,0.5235663185,0.6084268481466625,Train
QALHAO_clean,7.68357,4.14824,7.68357,1.41986,1680.89,1183.84,0.0,0.0,0.6244,0.439761,0.0,1,0.2857223076,0.24413699031314584,Train
QALHES_clean,7.67318,4.16213,7.67318,1.424,1678.65,1178.83,0.0,0.0,0.625,0.438904,0.0,1,0.2958821101,0.24470162478142538,Test
QALHIX_clean,10.92504,5.92348,10.86207,0.740473,2226.36,3006.67,0.00873198,0.0117924,0.7394,0.998552,0.0,1,0.4675242746999999,0.5792263251972755,Train
QALWUV_clean,7.07527,5.39947,6.79315,0.842522,2364.13,2806.02,0.0,0.0,0.7084,0.840809,0.0,0,0.2082243183,0.4915426287500418,Train
QAMVEH01_clean,5.82556,4.59087,5.81673,0.990751,1901.06,1918.81,0.0,0.0,0.6228,0.628614,0.0,1,0.8986800698999999,0.791991599425145,Test
QAPQEE_clean,4.84641,3.70884,4.84641,1.26705,1206.55,952.253,0.0,0.0,0.5406,0.426661,0.0,1,0.5036958521,0.8071749617964222,Train
QAQHOG_clean,4.07536,3.5864,4.07536,2.36311,463.12,195.979,0.0,0.0,0.3764,0.159282,0.0,1,0.8871381648000001,0.6503178744165339,Train
QAQMON_clean,13.97996,12.87565,13.97503,0.607595,2338.25,3848.36,0.0,0.0,0.7644,1.25807,0.0,1,0.5742525936999999,0.5340469387795165,Train
QAQNOO_clean,9.00524,7.79992,9.00524,0.836247,1935.23,2314.19,0.0,0.0,0.674,0.805982,0.0,1,0.2875453387,0.43852411705271055,Train
QAQRUW_clean,6.65732,4.64818,6.52021,0.851853,2010.6,2360.27,0.0,0.0,0.621,0.728999,0.0,1,0.7920212658,0.7799730611252346,Train
QAQSAD_clean,5.24683,3.85843,5.23776,1.22144,1138.43,932.039,0.0,0.0,0.537,0.439646,0.0,1,0.6515991359000001,0.7834389784820878,Train
QARCET_clean,5.6311,3.58556,5.5035,1.43101,772.342,539.717,0.0,0.0,0.4414,0.308453,0.0,0,0.6093474291,0.6721674107675238,Test
QASSUZ_clean,8.20384,7.94678,8.20384,1.22317,850.148,695.037,0.0,0.0,0.3894,0.318353,0.0,1,0.0306832425,0.12942581151708343,Test
QATHOK_clean,9.29834,6.48945,9.29621,1.21668,1222.78,1005.01,0.0,0.0,0.5554,0.456489,0.0,0,0.2572059515,0.40068375970080417,Train
QATKII_clean,5.10915,3.79672,5.10915,1.21674,1321.26,1085.9,0.0,0.0,0.55,0.452026,0.0,0,1.0082006151,0.9578663143059724,Train
QATKOO_clean,5.44759,3.80722,5.43097,1.23164,1414.07,1148.12,0.0581087,0.0471799,0.5662,0.459712,0.0,0,1.0021807114,0.8314225030203826,Train
QATLEE_clean,5.57595,4.31452,5.57595,1.46536,813.962,555.469,0.0,0.0,0.467,0.318693,0.0,1,1.0770024045,0.45257900865924344,Test
QATPOR_clean,4.01523,3.48616,4.00077,2.44828,405.938,165.805,0.0,0.0,0.3718,0.151862,0.0,1,0.8510331861,0.5537985931822934,Train
QATVUE_clean,6.38161,3.71559,6.38161,1.03389,1164.63,1126.45,0.0,0.0,0.5572,0.538935,0.0,0,1.638925578,1.0387975712287456,Train
QATXIU_clean,7.14794,6.36836,7.14653,1.22477,1332.85,1088.25,75.8051,61.8933,0.5956,0.486296,0.0,0,0.3370910638,0.5462645396051786,Train
QAVBUL_clean,12.14778,9.97355,12.14778,1.03126,1437.46,1393.89,0.0,0.0,0.626,0.607023,0.0,1,0.2525856902,0.36236648907559166,Train
QAVPIO_clean,5.30738,4.3707,5.28519,1.74559,1115.19,638.858,0.0,0.0,0.453,0.25951,0.0,0,2.1209936406,1.6535895470577868,Train
QAVWAN_clean,6.3577,4.74176,6.3577,1.14455,1283.39,1121.31,0.0,0.0,0.5318,0.464638,0.0,1,0.9067047966,0.714274377535024,Train
QAWDID_clean,8.86764,6.4582,8.76206,0.663333,2493.74,3759.41,0.0,0.0,0.781,1.17739,0.0,1,0.3273994234,0.40691044461801673,Train
QAWPIO_clean,5.34571,3.76875,5.30515,1.53902,932.084,605.634,189.024,122.821,0.49,0.318384,0.0,1,0.3756926899,0.4848063822089934,Train
QAWREM_clean,4.54212,3.52572,4.54212,1.85502,694.124,374.186,0.0,0.0,0.4334,0.233636,0.0,1,0.6675857799,0.5663680252748117,Test
QAWRIQ_clean,4.49398,3.4919,4.49398,1.89418,683.645,360.919,0.0,0.0,0.429,0.226483,0.0,1,0.7285661377,0.6422111348843067,Train
QAYTOZ_charged,6.37317,3.74212,6.3597,1.3114,1057.91,806.699,0.0,0.0,0.5622,0.428702,0.0,0,0.3672330534,0.5205510837303131,Train
QEBGAH_clean,5.50168,5.08562,5.49191,1.08026,1235.17,1143.4,0.0,0.0,0.5322,0.492658,0.0,0,1.0899577832,0.8905871307323547,Train
QEBGEL_clean,6.08453,4.84553,6.08453,1.01993,1460.11,1431.58,0.0,0.0,0.5522,0.54141,0.0,0,0.7908162261,0.8704694957688546,Test
QEBKUF_SL,9.81772,5.95471,9.68668,0.686123,2457.39,3581.56,0.0,0.0,0.7136,1.04005,0.0,0,0.6298519698,0.60672387878861,Train
QEFNAQ_clean,6.2895,4.867,6.2895,1.2915,870.104,673.714,94.8179,73.4166,0.5222,0.404335,0.0,1,0.7719302279000001,0.4334120782366301,Test
QEFWUV_clean,32.36037,28.26773,32.35632,0.473548,1565.06,3304.96,0.0,0.0,0.826,1.74428,0.000422344,1,0.4102297647,0.3481260940914014,Test
QEGGUE_charged,7.78517,6.64702,7.63417,0.868362,1997.41,2300.2,0.0,0.0,0.6528,0.75176,0.0,1,0.6307088332999999,0.508388343096499,Test
QEGHEP_clean,5.21452,3.49325,5.21452,1.29869,492.691,379.376,29.3469,22.5974,0.4466,0.343886,0.0,0,0.2448583692,0.40136769983426945,Train
QEJYIP_clean,5.79435,3.44834,5.51643,1.42081,1141.45,803.374,0.0,0.0,0.5468,0.38485,0.0,0,0.8361463103,0.9804799168128426,Train
QEPZOB_clean,6.00756,3.91744,6.00756,0.930353,1597.61,1717.21,0.801378,0.86137,0.6088,0.654376,0.0,1,0.4073912632,0.9662199017814054,Test
QEPZUH_charged,10.55832,7.30371,10.53934,0.591685,2336.09,3948.21,0.0,0.0,0.7172,1.21213,0.0,1,0.39849503,0.46363413540303366,Train
QEQZUH_clean,7.20474,5.54936,7.20474,2.98733,1121.05,375.269,0.0,0.0,0.4558,0.152577,0.0,0,1.0327358457,0.8467542267759067,Train
QERWAL_clean,6.23685,3.59052,6.23393,0.96089,1663.57,1731.28,0.0,0.0,0.5974,0.621716,0.0,0,0.7484383375,1.0934013786366255,Test
QERZUI01_clean,4.40066,3.54145,4.40066,1.45403,577.348,397.068,0.0,0.0,0.4282,0.294492,0.0,1,1.3731650155,0.7860406483281275,Test
QESLOQ_clean,6.6747,4.69389,6.6747,2.0556,1217.11,592.095,0.0,0.0,0.5328,0.259195,0.0,1,0.6707297781,0.4286286772284023,Train
QESYOD_clean,7.06657,4.49673,7.06657,1.70049,1062.54,624.842,0.0,0.0,0.5092,0.299443,0.0,0,0.1906999376,0.42361099275477215,Train
QETCUO_clean,6.89128,4.79138,6.89128,1.23174,1603.73,1302.0,0.0,0.0,0.5742,0.46617,0.0,1,0.4858887225,0.5805350753472678,Train
QETHUT_clean,5.64185,3.41958,5.64104,1.68813,1127.74,668.04,0.0,0.0,0.4972,0.294527,0.0,0,2.9939445748,2.8755488262752524,Test
QEVKOS_clean,4.71244,3.94029,4.71244,1.86641,753.543,403.738,0.0,0.0,0.4654,0.249355,0.0,0,0.3627713946999999,0.47838031843570883,Train
QEWDON_clean,6.85219,4.97206,6.85219,1.41693,1021.65,721.035,55.4121,39.1073,0.5212,0.367839,0.0,1,1.1690442909999998,0.7188046744113973,Train
QEZZOL_clean,6.25588,3.45747,6.04611,1.73068,941.451,543.977,0.0,0.0,0.483,0.279081,0.0,1,0.2046079448999999,0.366488137076308,Train
QIBTAW_charged,6.28512,4.05802,6.25084,1.12019,652.48,582.474,6.74798,6.02397,0.4704,0.41993,0.0,0,0.3348604298,0.34291901343599746,Train
QIBTEA_charged,4.9353,3.89407,4.5236,1.1906,316.412,265.757,11.2356,9.43686,0.4206,0.353266,0.0,0,0.3914888861,0.45166554269810316,Test
QIGBIR_clean,5.14127,4.23557,5.11201,2.30609,2556.32,1108.51,0.0,0.0,0.6426,0.278653,0.0,1,0.0910691663,0.23403886239247906,Test
QIHXIQ_clean,9.72743,8.74819,9.72743,0.867164,1773.91,2045.64,0.0,0.0,0.6572,0.757873,0.0,1,0.2968367251,0.4360311049827134,Train
QIJLAW_clean,8.05446,5.26641,8.05325,0.671267,2454.25,3656.15,0.0,0.0,0.7174,1.06873,0.0,0,0.2612308695,0.43994820335300905,Train
QIPROY_clean,5.10002,3.64368,4.72082,0.794412,2326.28,2928.3,0.0,0.0,0.6568,0.826775,0.0,1,0.7322874937999999,0.7043609378608089,Train
QIQTAN_clean,5.97055,4.70307,5.97055,1.22492,943.091,769.92,0.0,0.0,0.5008,0.408843,0.0,1,0.4573332653999999,0.4673541908027412,Train
QIQZIB_clean,8.62906,4.33786,8.62906,1.28033,1914.7,1495.48,0.0,0.0,0.6336,0.494873,0.0,1,0.4438822607,0.5382479436041518,Train
QIRWAR_clean,5.03603,3.89356,5.03603,1.34872,1809.31,1341.5,0.0,0.0,0.6038,0.447684,0.0,1,0.7045675861,0.722299653011283,Train
QIRYAS_clean,6.80431,4.28089,6.76896,1.43909,1279.9,889.381,0.0,0.0,0.5066,0.352029,0.0,1,0.5172252710999999,0.4835386749730648,Train
QISNAJ_clean,6.86275,5.39635,6.82883,1.05954,2863.52,2702.61,0.0,0.0,0.7298,0.688789,0.0,1,0.2842228566,0.27794648885338036,Test
QISNEN_clean,6.73584,5.39558,6.7159,1.14249,2865.04,2507.71,0.0,0.0,0.739,0.646833,0.0,1,0.2638216852,0.14208174961518782,Test
QISNIR_clean,6.57248,5.45743,6.53468,1.21872,2929.79,2404.0,0.0,0.0,0.7294,0.598499,0.0,1,0.2345707131,0.17018062482709906,Test
QITDOO_clean,4.51149,3.70593,4.5073,1.60486,623.741,388.657,0.0,0.0,0.4184,0.260708,0.0,1,0.4474738097,0.47084402172379025,Train
QITXAU_clean,5.33833,4.09777,5.32992,1.02323,1464.2,1430.95,0.0,0.0,0.5698,0.556862,0.0,0,0.642658854,0.8361345989349942,Train
QITYOI_clean,5.05446,3.86932,5.05446,1.38238,1280.1,926.009,0.0,0.0,0.5378,0.389038,0.0,1,0.3250059791,0.6484910268719506,Train
QIVJAG_clean,6.03486,4.47657,5.9683,0.924756,2925.59,3163.63,0.0,0.0,0.7036,0.760849,0.0,1,0.2687730385,0.6139970170888347,Test
QIVQAP_clean,5.96532,3.96258,5.96532,1.08722,942.027,866.452,0.0,0.0,0.4728,0.434869,0.00073582,1,0.4524306676,0.4311532813707716,Train
QIVYUR_clean,4.21696,3.7868,4.20902,1.26329,745.535,590.155,0.0,0.0,0.457,0.361755,0.0,0,0.7021395073000001,0.7102768906493444,Train
QIWCOQ_clean,7.90536,6.37424,7.89587,0.88756,1705.8,1921.9,0.0,0.0,0.6366,0.717248,0.0,1,0.6581362465,0.5037321578045104,Test
QIWDOR_clean,4.59203,4.06699,4.58575,1.55074,682.335,440.007,0.0,0.0,0.3988,0.257168,0.0,1,0.5429115552,0.508871291313362,Train
QIWGOU_clean,4.95412,3.59777,4.40809,1.51133,204.724,135.46,222.59,147.281,0.4446,0.294179,0.0,1,0.2373527137999999,0.9791800616070064,Test
QIWPET_clean,6.87756,5.53647,6.83784,1.18214,1480.3,1252.22,0.0,0.0,0.543,0.459336,0.0,1,0.6705659508,0.6701296106992053,Train
QIXNES_clean,5.40564,4.53621,5.32703,1.33406,1524.22,1142.54,0.0,0.0,0.5456,0.408976,0.0,1,0.6217936901,0.6245955549648903,Train
QIXNIW_clean,5.3327,4.51343,5.26398,1.68575,1489.56,883.622,0.0,0.0,0.5396,0.320096,0.0,1,0.4545588411,0.5158524944493832,Train
QIXSOG01_clean,7.54214,5.04155,7.54214,0.607311,2915.58,4800.8,0.0,0.0,0.7764,1.27842,0.0,1,0.2446750282,0.33909525197848644,Test
QIXSOG_clean,7.51562,5.04263,7.51562,0.608086,2919.24,4800.71,0.0,0.0,0.776,1.27614,0.0,1,0.2444645082,0.33921455411112733,Train
QIYDAF_clean,22.97967,8.76388,22.97967,0.403152,1832.34,4545.03,0.0,0.0,0.8334,2.06721,0.0,1,0.3878664128,0.44899040717384475,Train
QIYDEJ_clean,22.48969,11.55679,22.48969,0.431427,1897.73,4398.73,0.0,0.0,0.814,1.88676,0.0,1,0.4746766419,0.4822158708056675,Test
QIYDIN01_clean,21.60142,10.45655,21.53105,0.395741,1819.65,4598.09,0.0,0.0,0.8328,2.10441,0.0,1,0.3823996356,0.4430135173424494,Test
QIYDIN_clean,29.975,15.02249,29.83505,0.197643,1310.13,6628.79,0.0,0.0,0.9182,4.64576,0.0,1,0.4427234088,0.4610687073860378,Train
QIYDOT_clean,19.81856,17.06364,19.63981,0.211978,1346.05,6349.95,0.0,0.0,0.9118,4.30139,0.0,1,0.4385375811999999,0.4156093916661351,Test
QIZLIW_clean,6.45845,5.65073,6.45505,1.52092,1546.0,1016.49,0.0,0.0,0.5696,0.374511,0.0,1,0.3382530521,0.38870596318055495,Train
QOBGEV_clean,7.79609,3.48851,7.69085,1.10244,1557.79,1413.04,0.0,0.0,0.6186,0.56112,0.0,0,0.8637304862,0.8478308361656957,Train
QOBPEE_clean,5.93943,5.1846,5.93943,1.67865,1062.24,632.793,0.0,0.0,0.4286,0.255324,0.0,0,1.0004629961,0.9016633641179992,Train
QOCBUH_clean,5.62714,5.2779,5.62443,1.65942,1085.12,653.917,0.0,0.0,0.4334,0.261175,0.0,0,0.8886553829,0.8769038979376611,Train
QOCRUW_clean,5.79604,4.18591,5.79604,1.38102,1479.67,1071.43,0.0,0.0,0.5506,0.398692,0.0,1,0.6046268204,0.5404522563568801,Test
QOCSAD_clean,5.79442,4.21505,5.67699,1.39648,1468.21,1051.36,0.0,0.0,0.5488,0.392987,0.0,1,0.6004625381,0.523840118213619,Train
QOCSEH_clean,5.70812,4.12503,5.70669,1.44217,1397.59,969.093,0.0,0.0,0.5398,0.374298,0.0,1,0.6191891442,0.5841699165012592,Train
QODHUO01_clean,7.02176,3.66753,6.99115,1.3176,1021.05,774.937,0.0,0.0,0.496,0.376443,0.0,1,0.3488143327,0.3700658707354845,Train
QODHUO02_clean,7.03734,3.63732,6.65847,1.31371,1014.75,772.431,0.0,0.0,0.5018,0.381972,0.0,1,0.3533155706,0.45006550834801123,Train
QODHUO03_clean,7.01529,3.79079,6.96918,1.33247,1014.37,761.274,0.0,0.0,0.4906,0.368189,0.0,1,0.3575723175,0.3519964295206757,Train
QODHUO04_clean,7.0665,3.70053,7.05456,1.31094,1039.62,793.032,0.0,0.0,0.501,0.382168,0.0,1,0.3469011671,0.3749141211211122,Train
QODHUO05_clean,7.05009,3.74248,7.03715,1.31954,1023.92,775.964,0.0,0.0,0.4934,0.373918,0.0,1,0.3542991125,0.35035021765761204,Train
QODHUO06_clean,7.04216,3.76029,6.51395,1.3253,1016.32,766.86,0.0,0.0,0.4928,0.37184,0.0,1,0.3554871716,0.3650956567801822,Train
QODHUO07_clean,7.03774,3.77448,6.9742,1.32931,1016.48,764.667,0.0,0.0,0.4848,0.364699,0.0,1,0.3543186346,0.3385774310866524,Test
QODHUO08_clean,7.07082,3.72352,7.02334,1.31235,1023.45,779.863,0.0,0.0,0.497,0.378709,0.0,1,0.3555094826,0.35876590833027233,Test
QODHUO09_clean,7.01869,3.81528,6.63722,1.33794,1007.41,752.957,0.0,0.0,0.4858,0.363096,0.0,1,0.3621739548,0.36992943052926897,Train
QODHUO10_clean,7.01033,3.79821,6.75812,1.33845,1014.35,757.851,0.0,0.0,0.488,0.364601,0.0,1,0.3634335949,0.36816286100772205,Test
QODHUO11_clean,7.01042,3.80896,6.9255,1.3366,1007.71,753.939,0.0,0.0,0.4868,0.364209,0.0,1,0.3626220334,0.3628982395295106,Train
QODHUO12_clean,7.0091,3.78553,6.9949,1.33735,1014.06,758.26,0.0,0.0,0.4828,0.361012,0.0,1,0.3618151201,0.34731766939702013,Test
QODHUO13_clean,7.01938,3.75717,6.78624,1.32807,1011.93,761.958,0.0,0.0,0.4912,0.36986,0.0,1,0.3540081403,0.3518679569915541,Train
QODHUO_clean,7.01702,3.80696,7.00767,1.33459,1022.86,766.423,0.0,0.0,0.4802,0.35981,0.0,1,0.3575539316,0.339756317931466,Test
QODPOQ_clean,7.05519,3.79599,6.7273,1.31521,1027.79,781.463,0.0,0.0,0.4944,0.37591,0.0,1,0.3540871583,0.37868885713581374,Train
QODQEH_clean,7.07208,3.67099,6.65977,1.31088,1023.42,780.716,0.0,0.0,0.4996,0.381118,0.0,1,0.3510101039,0.38705835801602395,Train
QODSUZ_clean,7.02333,3.67551,6.68721,1.32015,1014.75,768.665,0.0,0.0,0.4954,0.375261,0.0,1,0.3491703786,0.3907334065841982,Train
QOFBIY01_clean,7.02313,3.82948,7.02313,1.33462,1010.65,757.254,0.0,0.0,0.4866,0.364598,0.0,1,0.3598461771,0.33736578490175373,Test
QOFBIY02_clean,7.03275,3.83288,6.70379,1.33192,1017.39,763.856,0.0,0.0,0.4894,0.36744,0.0,1,0.3604299808,0.36831058235794834,Test
QOFBIY_clean,7.01606,3.82362,7.01606,1.3363,1014.56,759.23,0.0,0.0,0.4868,0.364289,0.0,1,0.3653476900999999,0.34129332355358155,Train
QOFCAR_clean,7.04297,3.82338,7.04297,1.33044,1025.08,770.483,0.0,0.0,0.4874,0.366345,0.0,1,0.3619787339,0.33646463722208114,Train
QOFCIZ_clean,7.04341,3.83129,7.04341,1.32486,1021.89,771.322,0.0,0.0,0.4928,0.371964,0.0,1,0.3603937254,0.3378853863474283,Train
QOFCOF_clean,7.02932,3.80353,7.02932,1.32333,1025.15,774.676,0.0,0.0,0.4948,0.373906,0.0,1,0.3530896721,0.3492706245372079,Train
QOFDAS_clean,7.03553,3.81631,6.66267,1.32324,1033.46,781.008,0.0,0.0,0.4904,0.370605,0.0,1,0.3612508385,0.37551349546169904,Test
QOFDEW_clean,7.03046,3.79465,6.68948,1.32008,1029.49,779.869,0.0,0.0,0.4982,0.377401,0.0,1,0.3544943335,0.3832621743957403,Train
QOFDIA01_clean,7.07034,3.75403,6.76838,1.31589,1019.32,774.626,0.0,0.0,0.4958,0.37678,0.0,1,0.3513466275999999,0.36343153121286376,Train
QOFDIA02_clean,7.01083,3.77871,6.95045,1.33425,1016.66,761.974,0.0,0.0,0.4834,0.362301,0.0,1,0.3591554667,0.35572916051170655,Train
QOFDIA05_clean,7.02958,3.74465,6.95589,1.32702,1017.45,766.718,0.0,0.0,0.49,0.36925,0.0,1,0.3575183993999999,0.3577618084054708,Test
QOFDIA06_clean,7.01624,3.71089,6.8329,1.32411,1025.99,774.855,0.0,0.0,0.4912,0.370967,0.0,1,0.3585577186999999,0.3487927613994368,Train
QOFDIA07_clean,7.02954,3.71586,6.33543,1.32374,1036.28,782.845,0.0,0.0,0.4912,0.371071,0.0,1,0.3591601148,0.38527894960485964,Train
QOFDIA08_clean,7.02793,3.71306,6.40493,1.32259,1024.02,774.255,0.0,0.0,0.4926,0.372451,0.0,1,0.3539653775999999,0.3923832405372857,Train
QOFDIA_clean,7.0591,3.80398,6.95726,1.31482,1028.35,782.123,0.0,0.0,0.4968,0.377845,0.0,1,0.3531677605,0.38290356691705274,Test
QOFDOG_clean,7.06378,3.79902,6.95616,1.31604,1025.34,779.109,0.0,0.0,0.4946,0.375823,0.0,1,0.3521014821,0.37740382094857017,Train
QOFKUT_clean,5.30234,4.62006,5.27677,1.31152,1132.35,863.381,0.0,0.0,0.538,0.410209,0.0,1,0.9624819742,0.7665817366118097,Train
QOFLAA_clean,9.67197,6.44372,9.67197,0.77122,2332.16,3023.99,0.0,0.0,0.771,0.999714,0.0,1,0.2772714654,0.34920376375758055,Test
QOFPAE_clean,5.80282,4.70685,5.79577,3.42955,1940.39,565.785,0.0,0.0,0.5998,0.174892,0.0,1,0.1339031319,0.013839579785317913,Test
QOHTUD_clean,6.67584,5.81143,6.66422,1.12235,912.162,812.727,0.0,0.0,0.4922,0.438545,0.0,1,0.1695834839,0.307055547041167,Train
QOHYET_clean,5.66796,4.25652,5.66268,1.43346,1155.57,806.137,0.0,0.0,0.5024,0.350479,0.0,0,0.7737508516,0.7746584547528998,Train
QOJTUE_clean,4.99075,4.07072,4.98875,1.39072,1473.66,1059.64,0.0,0.0,0.5964,0.428841,0.0,1,0.9608921974,0.5625940758934354,Test
QOJVAM_clean,5.27687,4.07489,5.26218,1.3881,1464.38,1054.95,0.0,0.0,0.585,0.421438,0.0,1,0.9322875194,0.5594614733759201,Train
QOKCID_clean,4.30865,3.85554,4.26496,1.71497,435.499,253.939,0.0,0.0,0.3688,0.215047,0.0,1,0.5715553858,0.40726995651741926,Train
QOKKAE_clean,4.41255,3.41758,4.32307,1.9759,693.219,350.838,235.178,119.024,0.5434,0.275014,0.0,1,0.2880967333999999,0.2949477533118184,Train
QOLVET_clean,4.18106,3.97053,4.18106,1.83396,707.407,385.727,0.0,0.0,0.4316,0.235338,0.0,0,3.0931858538,2.885759884490915,Train
QOMDUS_clean,5.73732,4.27265,5.65548,1.56934,1252.52,798.122,0.0,0.0,0.5388,0.343329,0.0,1,0.5459307841,0.4906258580281821,Train
QOMFEE_clean,6.23329,4.79223,6.23329,0.956504,2173.22,2272.05,0.0,0.0,0.6332,0.661994,0.0,1,0.8937793471,0.8146608004576948,Train
QOMRUH_clean,5.91598,4.8393,5.90444,0.946458,2296.32,2426.22,0.0,0.0,0.6568,0.693956,0.0,1,0.5606930286,0.6318719926114054,Test
QOMSAO_clean,6.28295,5.19194,6.16876,0.913349,2335.71,2557.31,0.0,0.0,0.6626,0.725462,0.0,1,0.5052294269,0.6331089852667033,Train
QOMSES_clean,5.8822,4.848,5.86939,0.949674,2240.73,2359.47,0.0,0.0,0.658,0.692869,0.0,1,0.5528320075,0.6390414806239121,Train
QOMTET_clean,4.76534,3.95054,4.76534,1.34356,1133.18,843.42,0.0,0.0,0.5016,0.373337,0.0,1,0.9837596126,0.8193340133084361,Test
QONKUB_clean,6.24349,5.12734,6.13649,0.9162,2335.91,2549.56,0.0,0.0,0.6696,0.730845,0.0,1,0.5194747998,0.6200071391903258,Train
QONLAI_clean,6.10211,4.91381,6.0286,0.939951,2318.74,2466.88,0.0,0.0,0.6558,0.697696,0.0,1,0.5400269327,0.6554422524414446,Train
QONLEM_clean,5.90984,4.72024,5.82362,0.936419,2363.81,2524.31,0.0,0.0,0.6642,0.709298,0.0,1,0.5399347925,0.657068700391398,Train
QONLIQ_clean,6.00653,4.86996,6.00653,0.931336,2311.78,2482.22,0.0,0.0,0.6534,0.701573,0.0,1,0.5359921582,0.653316132555494,Train
QONQAM_clean,6.95521,6.65822,6.95521,0.957388,1627.93,1700.38,0.0,0.0,0.609,0.636106,0.0,0,0.7935001243,0.7807105113011005,Test
QONQEQ_manual,7.41052,7.00984,7.40327,0.944282,1611.38,1706.46,0.0,0.0,0.6124,0.648535,0.0,0,0.9197998348,0.7935163320812217,Train
QOPCEE_clean,5.00224,4.42588,5.00224,2.00794,611.459,304.521,0.0,0.0,0.4062,0.202297,0.0,1,0.3863024025,0.30121229841263514,Train
QOPDEE_clean,5.73867,3.59336,5.72178,2.09497,1040.44,496.637,0.0,0.0,0.5118,0.244299,0.0,0,1.3314986351,1.5803217420479805,Train
QOPPES_clean,7.05411,5.65156,7.03914,0.967554,1983.39,2049.91,0.0,0.0,0.6408,0.662289,0.0,1,0.4932403629999999,0.5927009957478536,Train
QOPPOC_clean,4.21204,3.56876,4.20993,1.51146,562.274,372.007,0.0,0.0,0.4702,0.31109,0.0,1,1.0765764028,0.8353622403821042,Train
QOPZIF_clean,6.77563,4.15655,6.73512,1.06978,1861.11,1739.71,0.0,0.0,0.6378,0.596196,0.0,1,0.7408262049,0.6122902840972282,Train
QOQWOK01_clean,8.63633,6.73186,8.63063,0.935461,1473.57,1575.23,0.0,0.0,0.5784,0.618305,0.0,0,0.5860384647,0.634536443013261,Test
QOQWOK_clean,8.39175,6.59132,8.39175,0.957359,1460.22,1525.26,0.0,0.0,0.566,0.59121,0.0,0,0.5961358512,0.635761053825503,Train
QOSJEP_clean,5.95986,5.08733,5.90424,1.45523,1476.39,1014.54,0.0,0.0,0.5466,0.37561,0.0,1,0.4281267822999999,0.5086592975971949,Train
QOSJIT_clean,8.05472,3.98,7.82448,1.13518,1829.79,1611.9,0.0,0.0,0.6248,0.550399,0.0,1,0.4180198527,0.6649052590495548,Test
QOSJOZ_clean,8.08316,3.97327,8.04054,1.14357,1840.46,1609.4,0.0,0.0,0.6224,0.54426,0.0,1,0.4174279446,0.6517471609733121,Train
QOSJUF_clean,6.12081,5.11749,6.09552,1.41231,1533.09,1085.52,0.0,0.0,0.5616,0.397647,0.0,1,0.4137300101,0.483095005115915,Train
QOSKAM_clean,8.09283,3.98695,8.04748,1.17505,1628.38,1385.79,0.0,0.0,0.6158,0.524061,0.0,1,0.4205488249,0.5124499870126399,Test
QOSXOM_clean,11.03802,8.53557,11.03802,1.03996,1270.59,1221.78,36.3048,34.91,0.5972,0.574255,0.0,1,0.5666429298,0.637877800802253,Train
QOTZEG_clean,6.98929,6.77562,6.98929,1.52277,1495.88,982.34,0.0,0.0,0.5546,0.364204,0.0,1,0.5250825239,0.5308299577555029,Train
QOVDAH_clean,9.81819,9.19443,9.81819,1.3396,1377.74,1028.47,0.0,0.0,0.5818,0.434308,0.0,1,0.1279887333,0.1449187060170175,Train
QOVDEL_clean,9.82811,9.16141,9.82811,1.34846,1344.96,997.404,0.0,0.0,0.5734,0.425224,0.0,1,0.1161275792999999,0.1735854974749796,Train
QOVSOL_clean,6.4221,3.84022,6.40906,1.13898,1211.49,1063.66,0.0,0.0,0.5446,0.478145,0.0,0,0.8503849501,0.7699500437160558,Train
QOWLEU_clean_h,7.55178,5.63017,7.55178,1.41332,1270.28,898.791,0.0,0.0,0.5304,0.375286,0.0,0,0.1195161141,0.36859253886911353,Train
QOWQUO_manual,16.36508,5.22924,16.36508,0.720668,2111.4,2929.78,0.0,0.0,0.7092,0.984087,0.0,1,0.6393515857000001,0.6991149113385635,Train
QOWRAV02_clean,16.40599,5.24588,16.39933,0.71711,2129.23,2969.18,0.0,0.0,0.7138,0.995384,0.0,1,0.6226990831,0.666873323734776,Test
QOWRAV04_clean,16.39644,5.24663,16.39644,0.717349,2130.73,2970.28,0.0,0.0,0.7132,0.994216,0.0,1,0.6273625198,0.6700778672459657,Train
QOWRAV05_clean,16.38928,5.24682,16.38928,0.717588,2130.87,2969.49,0.0,0.0,0.7132,0.993885,0.0,1,0.6281927529,0.666873323734776,Test
QOWRAV06_clean,16.3778,5.24265,16.37247,0.717908,2134.21,2972.83,0.0,0.0,0.7136,0.994,0.0,1,0.6315519583,0.6707200841936777,Test
QOWRAV07_clean,16.36646,5.23896,16.35136,0.718227,2134.13,2971.38,0.0,0.0,0.7136,0.993558,0.0,1,0.6330976049,0.6707200841936777,Test
QOWRAV08_clean,16.35712,5.2326,16.35248,0.718547,2136.57,2973.47,0.0,0.0,0.7128,0.992003,0.0,1,0.6282545787,0.6707200841936777,Test
QOWRAV09_clean,16.34087,5.22933,16.33846,0.718946,2138.82,2974.94,0.0,0.0,0.7138,0.992842,0.0,1,0.640523333,0.6713636141910903,Test
QOWRAV10_clean,16.32287,5.22574,16.32052,0.719907,2137.74,2969.47,0.0,0.0,0.7132,0.990684,0.0,1,0.6309653486,0.6653646946418452,Train
QOWRAV11_clean,16.31009,5.22559,16.30705,0.720949,2138.54,2966.28,0.0,0.0,0.7124,0.988141,0.0,1,0.6413668145,0.6653646946418452,Test
QOWRAV12_clean,16.28739,5.21999,16.28739,0.722396,2138.93,2960.89,0.0,0.0,0.713,0.986993,0.0,1,0.6401818187,0.6653646946418452,Test
QOXFIU_clean,5.39147,3.92821,5.39147,2.22853,612.028,274.634,150.125,67.3652,0.4354,0.195376,0.0,1,0.1076868059,0.15874481538526464,Train
QOXNIB_clean,4.25979,3.61253,4.24685,2.02207,509.832,252.133,0.0,0.0,0.4388,0.217005,0.0,1,0.3832988658,0.5149489482808999,Test
QOYLOG_clean,5.80261,4.54109,5.79964,1.48289,1070.97,722.217,0.0,0.0,0.498,0.335831,0.0,1,0.8970222936,0.6762513194342941,Train
QOZDOY_clean,5.27343,4.6547,5.27343,1.1624,1108.39,953.534,0.0,0.0,0.534,0.459394,0.0,1,1.84392952,0.7702739654734828,Test
QOZFUG_charged,7.42492,5.29699,7.42492,0.863696,1680.6,1945.82,0.0,0.0,0.6082,0.704183,0.0,1,0.2939445622,0.5513447141199482,Train
QOZGAP_clean,4.8362,3.81563,4.76917,1.19541,1260.2,1054.2,0.0,0.0,0.5442,0.455241,0.0,1,1.2577183317,0.9700920974751233,Train
QOZPIG_clean,4.54942,3.60193,4.54942,1.23234,1331.25,1080.26,0.0,0.0,0.5634,0.457179,0.0,0,0.7880334854000001,0.9137032317288565,Test
QOZPOM_clean,4.94177,4.05577,4.93292,1.11879,802.645,717.419,483.544,432.201,0.5788,0.517342,0.0,0,1.0085230817,1.0330813238741208,Train
QOZWAF_clean,8.11802,4.72444,8.10878,2.64249,1840.83,696.627,0.0,0.0,0.5864,0.221912,0.0,1,0.0523537866,0.045812318660599316,Train
QUBWIU_clean,10.48256,4.17052,10.46235,1.23045,1614.41,1312.05,0.0,0.0,0.6222,0.505669,0.0,1,0.2399092451,0.45494537947836994,Test
QUBZAP_clean,7.14967,3.85025,7.14967,1.8852,994.903,527.743,2.6105,1.38473,0.4918,0.260874,0.0,1,0.1815337428,0.1797690181724539,Test
QUDGED_clean,9.12367,7.3846,9.12367,0.60089,2399.82,3993.78,0.0,0.0,0.7754,1.29042,0.0,1,0.5708376214,0.4131314421668585,Train
QUDJIJ_clean,5.71523,4.47901,5.71444,1.04798,1842.24,1757.9,0.0,0.0,0.5918,0.564707,0.0,1,0.9424833836,0.7435304476087361,Train
QUDJOP_clean,6.19638,4.53832,6.17045,1.05792,1773.86,1676.75,0.0,0.0,0.5902,0.557888,0.0,1,1.0598898077,0.7278843599835423,Train
QUFTAM_clean,4.97686,4.54571,4.97686,1.56592,814.078,519.872,0.0,0.0,0.4264,0.2723,0.0,1,0.5356076636,0.4074772329192107,Train
QUGPAJ_charged,9.18799,6.4755,9.18799,2.98549,918.453,307.639,0.0,0.0,0.4726,0.158299,0.0,1,0.0274502577,0.04798005423101459,Train
QUJJUC_clean,6.37183,4.25289,6.36461,1.09976,2598.54,2362.82,0.0821372,0.0746863,0.689,0.626499,0.0,0,0.4570418904,0.36720804595494966,Test
QULLEP_clean,4.84676,3.51441,4.84676,1.2958,520.065,401.348,0.0,0.0,0.4678,0.361013,0.0,1,0.4516826195,0.5144920376231802,Test
QULMIU_clean,10.29771,9.60437,10.29648,1.52872,1059.92,693.336,0.0,0.0,0.525,0.343424,0.0,0,0.2524746223,0.2769464359671999,Train
QUMFUB_clean,6.17873,3.70632,6.16879,1.24989,1414.19,1131.45,0.0,0.0,0.5442,0.435399,0.0,0,0.5935942486,0.7871796996063014,Train
QUNVIG_clean,7.99116,6.98056,7.99116,0.854766,1939.43,2268.96,0.0,0.0,0.6666,0.779862,0.0,0,0.3094921096,0.5354430334116176,Test
QUNWAZ_clean,6.68191,4.62372,6.68191,0.987311,1445.66,1464.24,0.0,0.0,0.5434,0.550384,0.0,1,0.8862709015000001,0.7286051442637019,Train
QUPDEL01_clean,4.31787,3.88877,4.31787,2.05035,791.695,386.128,0.0,0.0,0.4768,0.232546,0.0,1,0.5015619340999999,0.47139834319798285,Train
QUPDEL_clean,4.30346,3.89395,4.29928,2.06117,790.339,383.442,0.0,0.0,0.481,0.233363,0.0,1,0.5675212820000001,0.48545894751727114,Train
QUPHUF_clean,5.02709,3.72665,4.99488,1.27657,629.658,493.241,0.0,0.0,0.4654,0.36457,0.0,1,0.7311727042,0.6059362862569191,Train
QUPJAN_clean,5.93426,3.61461,5.81162,1.33898,708.592,529.204,195.452,145.971,0.4828,0.360574,0.0,0,0.801160717,0.7306185242189112,Train
QUQBAH_clean,9.66456,8.22981,9.66456,0.719522,1817.4,2525.84,0.0,0.0,0.7038,0.978149,0.0,0,0.5263474665,0.4477825499239057,Train
QUQFIS_clean,7.94677,5.42884,7.94677,0.862455,2489.26,2886.25,0.0,0.0,0.7028,0.814884,0.0,1,0.9323524897,0.6528940164147295,Test
QUQFOY_clean,8.20803,5.81249,8.20591,0.948677,2479.72,2613.87,0.0,0.0,0.7154,0.754103,0.0,1,0.6103255131,0.5194378255142633,Train
QUQGAL_clean,5.24917,3.7405,5.24587,0.948381,1199.28,1264.55,0.0,0.0,0.5468,0.576561,0.0,1,0.7845395352,0.7440414875210873,Train
QUQHAM_clean,4.11745,3.56035,4.11745,2.20732,218.405,98.9459,0.0,0.0,0.3616,0.163818,0.0,1,0.279589712,0.27772861388289644,Train
QUQPOI_SL,6.67917,4.16594,6.67917,0.777338,2276.92,2929.12,0.0,0.0,0.6518,0.838503,0.0,0,1.1845114506,0.7115947903604678,Test
QUQWOQ_clean,10.06165,6.49649,10.06165,0.726621,2197.25,3023.92,0.0,0.0,0.7314,1.00658,0.0,1,0.5585314654,0.5246898922611126,Train
QUQWUW_clean,9.102,7.19033,9.102,0.965103,1741.04,1804.0,0.0,0.0,0.668,0.692154,0.0,1,0.6599206006,0.414672558312969,Test
QUQYUY_clean,5.26261,4.12424,5.26261,2.16673,1285.57,593.325,0.0,0.0,0.5212,0.240547,0.0,1,0.3319355964,0.3771531309542533,Train
QURSEC_clean,6.73488,4.98598,6.69979,1.11309,1471.92,1322.37,0.0,0.0,0.585,0.525564,0.0,1,0.5905241353,0.5573839652752405,Train
QUSBIP_clean,10.66909,7.4091,8.27581,0.565023,2406.95,4259.92,0.0,0.0,0.764,1.35216,0.0,1,0.4139568018999999,0.47219223770373275,Train
QUSBIQ_charged,5.32669,4.23467,4.4649,0.976445,1595.83,1634.33,0.0,0.0,0.605,0.619594,0.0,0,0.8576192891,0.9015150457048071,Train
QUSCAJ_clean,5.41421,3.75067,5.4093,1.171,1325.63,1132.04,0.0,0.0,0.5476,0.467633,0.0,1,0.3830808463,0.680837811873871,Train
QUSCEN_clean,5.44405,4.31312,5.4378,1.17461,1160.52,988.008,0.0,0.0,0.5346,0.455132,0.0,0,1.5229216804,0.8751919383039695,Test
QUSHUJ_clean,7.15336,4.82289,7.11748,0.903996,1600.62,1770.61,0.0,0.0,0.599,0.662614,0.0,1,0.5017713995,0.5756222378572826,Train
QUSQIG_clean,4.53831,3.95004,4.53831,1.42878,1037.77,726.335,0.0,0.0,0.4826,0.337771,0.0,0,0.2987779063,0.6739722329483029,Train
QUSRIH_clean,4.38791,3.69157,4.27847,1.86379,1077.12,577.916,0.0,0.0,0.549,0.294561,0.0,1,0.4283503832999999,0.7035100135975975,Test
QUSRUT_clean,5.91349,3.768,5.90805,2.1648,1012.46,467.691,0.0,0.0,0.5258,0.242886,0.0,1,0.1215614018,0.2341114123669255,Train
QUSSII_clean,5.07067,4.28847,5.07067,1.30387,1013.74,777.485,0.0,0.0,0.5214,0.399886,0.0,1,0.9629983481,0.7408248877213606,Train
QUTTII01_clean,5.86223,4.35313,5.84737,1.55825,1478.82,949.028,0.0,0.0,0.4966,0.31869,0.0,1,0.5976885290999999,0.5430566316881179,Train
QUTTII_clean,5.89004,4.39215,5.87319,1.54457,1464.98,948.466,0.0,0.0,0.5138,0.332648,0.0,1,0.5823294255,0.5081040654192059,Test
QUWYEO_clean,4.99055,3.64708,4.98531,1.56862,445.43,283.963,0.0,0.0,0.3404,0.217006,0.0,0,1.0408476953,1.0058353806935885,Train
QUXQUX_clean,5.17149,3.8322,5.17149,1.55185,476.457,307.026,0.0,0.0,0.3482,0.224378,0.0,0,1.0289846691,0.9203185721786971,Train
QUXRAE_clean,5.03286,3.68439,5.03149,1.56261,456.108,291.888,0.0,0.0,0.3404,0.21784,0.0,0,1.0363112095,1.0159160494182233,Train
QUXREI_clean,5.01673,3.67388,5.01071,1.5629,457.79,292.911,0.0,0.0,0.336,0.214985,0.0,0,1.0312997994,1.0618287332978371,Train
QUXRIM_clean,4.75182,4.31251,4.74788,1.55891,477.005,305.985,0.0,0.0,0.3332,0.213739,0.0,0,1.0602843031,0.9949286402142417,Train
QUXROS_clean,5.0019,3.66108,4.98081,1.56447,446.305,285.275,0.0,0.0,0.341,0.217965,0.0,0,1.0348249282,1.0204576488562493,Train
QUXRUY_clean,4.90652,3.5734,4.90652,1.57471,420.432,266.99,0.0,0.0,0.3326,0.211213,0.0,0,1.044117716,0.9684445376714835,Train
QUZVEO_clean,9.48553,8.8403,9.48103,1.4036,1600.03,1139.94,0.0,0.0,0.619,0.441008,0.0,1,0.2339628862,0.2606712689349796,Train
QUZZES_clean,5.06119,3.42679,5.05316,1.0324,1234.19,1195.46,0.0,0.0,0.5416,0.524604,0.0,0,1.2247727645,1.095042169640125,Train
RABHAZ_clean,6.83344,4.71663,6.83296,1.06807,1813.41,1697.83,0.0,0.0,0.6246,0.584793,0.0,1,0.2147346041,0.5556917182787998,Train
RABHIH_clean,6.97329,4.88825,6.97329,0.93136,2191.25,2352.75,0.0,0.0,0.6512,0.699193,0.0,1,0.3241438132,0.599049417129964,Train
RACHUA_clean,10.9643,9.26908,10.9643,0.761133,2031.27,2668.75,0.0,0.0,0.7024,0.922834,0.0,1,0.3341148685,0.5477541661652405,Test
RACZEC_clean,5.79552,5.04854,5.77825,1.51587,900.967,594.354,0.0,0.0,0.4678,0.308601,0.0,0,0.3381984497,0.45031635434526396,Test
RAFNIV_clean,5.08011,4.95466,5.07716,1.28742,668.968,519.62,0.0,0.0,0.4346,0.337575,0.0,0,0.4526978202,0.5137750018547595,Test
RAFNUH01_clean,5.42763,5.00502,5.42763,1.15566,1031.44,892.51,0.0,0.0,0.5104,0.441654,0.0,0,0.2917840153,0.5765194257022539,Train
RAFNUH_clean,4.89776,4.80325,4.89776,1.32249,640.157,484.055,0.0,0.0,0.4324,0.326959,0.0,0,0.5522734013,0.6262602615926016,Train
RAGMOE_clean,5.90739,4.56726,5.89705,1.28251,410.79,320.302,304.548,237.463,0.4784,0.373019,0.0,0,1.2817348125,0.52483745851606,Test
RAGREY_charged,6.91275,6.07316,6.90845,0.727942,1843.94,2533.08,0.0,0.0,0.6678,0.917381,0.0,1,0.4729859736,0.46975861586016343,Train
RAHBUZ_clean,6.80616,5.48586,6.79539,1.14478,1985.3,1734.22,0.0,0.0,0.6386,0.557835,0.0,1,0.5611204492,0.5122052684014783,Train
RAHMAP_clean,5.60258,3.44233,5.60258,1.27525,1106.44,867.624,0.0,0.0,0.5354,0.419839,0.0,1,0.7631154376,0.7606540182969693,Train
RAHNOF_clean,19.03849,6.57368,19.03849,0.594852,2177.49,3660.55,0.0,0.0,0.7766,1.30553,0.0,1,0.4890606288,0.5476008206324403,Train
RAJFAM_clean,5.76966,4.83521,5.76966,1.51984,1227.59,807.709,0.0,0.0,0.4906,0.322798,0.0,1,0.6217286581,0.6525651535387944,Train
RAJFEQ_clean,6.16839,5.15091,6.14553,1.469,1288.74,877.291,0.0,0.0,0.5068,0.344997,0.0,1,0.5837853279999999,0.5733610817218561,Test
RAKCUC_clean,8.57661,7.89234,8.55843,1.19439,2063.73,1727.86,0.0,0.0,0.673,0.563469,0.0,0,0.3538298829,0.39919601261622695,Train
RAKDAJ_clean,8.45824,7.8928,8.45069,1.20511,2057.23,1707.09,0.0,0.0,0.6724,0.557956,0.0,1,0.3528930936,0.34475590385211125,Train
RAKDEN_clean,8.39033,7.40998,8.36675,1.20923,2036.82,1684.4,0.0,0.0,0.668,0.55242,0.0,0,0.3463461012,0.36949406698241494,Train
RAKMOF_clean,6.63021,4.74893,6.28969,1.14411,2264.35,1979.14,0.0,0.0,0.7132,0.623366,0.0,1,0.1263108959,0.12681849008943558,Train
RANNOM_clean,5.69914,3.57907,5.69914,1.37889,1612.66,1169.53,0.0,0.0,0.555,0.402497,0.0,1,0.4721453481,0.5337481083209837,Train
RANNUS_clean,5.60983,3.56003,5.60983,1.35998,1546.68,1137.28,0.0,0.0,0.565,0.415449,0.0,1,0.4693643522,0.5792251805777278,Train
RANPAA_clean,6.05316,4.94809,6.0477,1.2743,1610.55,1263.87,0.0,0.0,0.5832,0.457663,0.0,1,0.6545140995000001,0.6103416900057697,Train
RANWAH_clean,16.74527,9.32901,16.72649,0.807635,1226.12,1518.16,378.27,468.367,0.6974,0.863509,0.0,1,0.7306430909,0.5605302045903228,Test
RAPBOZ_clean,6.26431,4.41375,6.26263,1.54927,1120.19,723.042,0.0,0.0,0.4916,0.31731,0.0,1,0.9221783376,0.6651999864114668,Train
RAPYUE_clean,8.10283,5.74584,7.78942,0.857006,2630.83,3069.79,0.0,0.0,0.7212,0.841534,0.0,1,0.4200678613,0.5217562712829238,Train
RASGAT_clean,7.32111,5.46808,7.222,1.5718,2726.03,1734.34,0.0,0.0,0.7354,0.467871,0.0,1,0.1005116174,0.17840069038975037,Train
RASKIH_clean,5.34593,4.56791,5.34593,1.18507,1106.86,934.001,0.0,0.0,0.485,0.409257,0.0,1,1.4803646665,0.8111262660900314,Test
RASKON_clean,4.83097,3.827,4.78914,1.13652,871.617,766.914,0.0,0.0,0.4996,0.439586,0.0,1,1.0332844956,0.8743967501046954,Train
RASXEP01_clean,5.09989,3.45083,5.0749,2.38949,628.019,262.825,0.0,0.0,0.4048,0.169408,0.0,1,0.2241415322,0.2537712066115444,Train
RASXIT_clean,5.08501,3.51139,5.08501,2.43093,644.893,265.287,0.0,0.0,0.4018,0.165287,0.0,1,0.2410094278,0.27593520550748873,Train
RATRUB_clean,5.58846,4.62948,5.58392,1.75407,1139.55,649.659,0.0,0.0,0.5118,0.291778,0.0,1,0.6595504597,0.5857461053310582,Test
RATSAI_clean,5.60614,4.62847,5.47098,1.77494,1148.07,646.824,0.0,0.0,0.5046,0.284292,0.0,1,0.6716662212000001,0.6044125367776063,Train
RAVJOP_clean,6.06205,4.36461,6.04226,1.22934,1821.97,1482.08,0.0,0.0,0.617,0.501897,0.0,1,0.5662947052,0.6637106083827421,Test
RAVVIU01_clean,4.59869,3.5679,4.59657,1.86048,691.944,371.917,0.0,0.0,0.4344,0.233488,0.0,0,0.295772236,0.3760226587894841,Train
RAVVIU_clean,4.57827,3.5768,4.571,1.86654,688.219,368.714,0.0,0.0,0.4312,0.231016,0.0,0,0.2966455272,0.48081483886675724,Train
RAVVUH_clean,17.18258,16.37707,17.18252,0.61117,1430.17,2340.05,0.0,0.0,0.7478,1.22355,0.0,1,0.5284613108,0.46246357210835476,Train
RAVWAO_clean,17.92516,17.51395,17.92516,0.536552,1469.43,2738.65,0.0,0.0,0.7562,1.40937,0.0,1,0.5446850601,0.49402611827249127,Train
RAVWES_clean,24.44059,23.62721,24.44059,0.439059,1246.56,2839.17,0.0,0.0,0.7912,1.80203,0.0,1,0.5673871954999999,0.43115320544830993,Test
RAVWIW_clean,30.70055,30.14408,30.70055,0.362219,1156.23,3192.07,0.0,0.0,0.82,2.26383,0.0,1,0.4792797834,0.38652766030397345,Test
RAVWOC_clean,28.21772,27.5597,28.21772,0.383766,1182.94,3082.47,0.0,0.0,0.7968,2.07627,0.0,1,0.4029108000999999,0.4289642079970036,Train
RAVWUI_clean,36.78756,36.43313,36.78756,0.334728,1010.86,3019.95,0.0,0.0,0.8506,2.54117,0.0,1,0.4528323197,0.4016690363400002,Test
RAVXAP_clean,34.85961,34.35542,34.85961,0.286106,1008.2,3523.86,0.0,0.0,0.8406,2.93808,0.0,1,0.4749454827,0.41849215952825486,Train
RAVXET_clean,38.22812,38.06649,38.22812,0.326773,945.437,2893.25,0.0,0.0,0.8304,2.54121,0.0,1,0.331016102,0.36888268457801743,Train
RAVXIX_clean,53.57674,53.26429,53.57674,0.23463,734.576,3130.78,0.0,0.0,0.8668,3.69432,0.0,0,0.4403509624,0.5410529255844265,Train
RAVXOD_clean,71.64119,71.50197,71.64119,0.179103,619.991,3461.66,0.0,0.0,0.8986,5.01724,0.0,1,0.4570861378,0.4607199268888936,Train
RAWZIA_clean,5.39589,4.8012,5.39589,1.33412,1219.23,913.881,0.0,0.0,0.473,0.35454,0.0,0,1.4091378794,1.0642417009854785,Train
RAXCAW_charged,6.59267,5.18923,6.59267,1.24447,1342.97,1079.15,0.0,0.0,0.5474,0.439866,0.0,0,0.3298228723999999,0.6152598170998514,Train
RAXQEO_clean,8.85312,4.24768,8.85312,0.848051,1428.37,1684.3,0.0,0.0,0.631,0.744059,0.0,1,0.3435548296,0.4104875254418777,Train
RAYFAA_clean,15.81778,9.45289,13.62877,0.959285,1554.88,1620.88,0.0,0.0,0.6988,0.728459,0.0,1,0.2682652202,0.3226751473089502,Train
RAYFEE_clean,13.87561,10.03609,13.87561,0.965847,1665.9,1724.8,0.0,0.0,0.7062,0.731172,0.0,1,0.3903148593,0.3583858279032649,Train
RAYKIN_clean,9.49471,7.12348,9.49471,1.03474,1089.85,1053.26,0.0,0.0,0.5584,0.539655,0.0,1,0.4154962235,0.28088911252032295,Train
RAYLAG_clean,8.06325,5.70271,8.06325,1.05948,1118.14,1055.37,0.0,0.0,0.5424,0.511951,0.0,1,0.4787088372,0.38837135465033007,Train
RAYLOU_clean,6.83933,5.19617,6.83933,1.09861,1246.82,1134.91,0.0,0.0,0.5274,0.480063,0.0,1,0.4926331161,0.5824961513057486,Train
RAYMAG_clean,6.11234,4.00379,6.11037,0.853384,2274.69,2665.5,0.0,0.0,0.6316,0.740112,0.0,1,0.8174212569,0.7723084312485526,Test
RAYMIP_clean,13.47425,9.8037,13.46784,0.502799,2109.81,4196.14,0.0,0.0,0.8088,1.6086,0.0,1,0.4930359103,0.42271171504972405,Test
RAYMOV_clean,13.90455,9.65699,13.67506,0.424006,2112.55,4982.37,0.0,0.0,0.8122,1.91554,0.0,1,0.4354480871,0.4322298054103396,Test
RAZGOQ_clean,5.22922,5.1443,5.20974,1.6171,770.443,476.435,163.357,101.019,0.5102,0.315503,0.0,1,0.2628529294,0.30277448925847517,Train
RAZXIA02_clean,7.82014,4.3293,7.82014,1.54095,1272.68,825.908,0.0,0.0,0.459,0.297868,0.0,1,0.1693682227,0.286791476744059,Train
RAZXIA_clean,7.67887,4.23308,7.64737,1.56136,1212.02,776.259,0.0,0.0,0.456,0.292053,0.0,1,0.167455246,0.27391696997909687,Train
RAZYIC_clean,7.88308,6.20532,7.88308,1.40501,1615.19,1149.59,0.0,0.0,0.5966,0.424622,0.0,0,0.5175481946,0.5823862788887938,Test
RAZYOI_clean,7.72531,5.99694,7.71841,1.07668,1740.27,1616.34,0.0,0.0,0.608,0.564701,0.0,0,0.6692876986,0.6381808066681967,Test
REDROI_clean,5.11492,3.52421,4.97096,1.62315,751.494,462.985,0.0,0.0,0.4856,0.299172,0.0,0,0.9672645184,0.6330013609419157,Test
REDYEG_clean,6.00247,5.30071,6.00247,1.71779,1047.72,609.926,0.0,0.0,0.4804,0.279662,0.0,0,0.4113820417,0.7586439917421267,Test
REFJET_clean,6.27741,5.87074,6.27741,1.48318,1233.99,831.987,0.0,0.0,0.4452,0.300165,0.000134845,1,0.5556947999,0.5699032411711301,Train
REFTON_SL,6.52014,5.78584,6.51985,1.60919,731.041,454.292,0.0,0.0,0.4398,0.273306,0.0,1,0.192115118,0.25385893548298516,Train
REFTUT_clean,6.62287,5.81813,6.60232,1.44048,711.488,493.924,0.0,0.0,0.4434,0.307814,0.0,1,0.2042404129,0.29049545891311024,Train
REGJIW01_clean,4.19061,3.96956,4.19061,2.19605,565.019,257.289,0.0,0.0,0.3638,0.165661,0.0,0,0.9025098752,1.271297776158222,Train
REGJIW02_clean,4.15601,3.75321,4.15601,2.20306,528.853,240.053,0.0,0.0,0.3622,0.164407,0.0,0,0.7976498912000001,1.4960929533776173,Test
REGJIW_clean,4.22072,4.03217,4.22072,2.18549,633.476,289.856,0.0,0.0,0.367,0.167926,0.0,0,0.9303913399,2.1470385725442585,Test
REGMOH_clean,5.75637,3.63199,5.752,1.21306,695.864,573.642,0.0,0.0,0.461,0.380029,0.0,0,0.4505194440999999,0.5122004685830094,Train
REGMUN_clean,5.53731,3.62481,5.51122,1.21407,657.252,541.362,0.0,0.0,0.452,0.372301,0.0,0,0.4437074058,0.5747918978216117,Train
REGQUR_clean,6.37556,5.47534,6.06532,1.03259,2464.11,2386.34,0.0,0.0,0.6836,0.662025,0.0,1,0.6628319568,0.4815023834379615,Train
REGRAY_clean,9.45537,5.54963,9.26082,0.925798,2318.33,2504.14,0.0,0.0,0.7126,0.769715,0.0,1,0.5304606745,0.5159176454633668,Train
REGREC_clean,7.78665,6.48187,7.78665,0.899667,2411.03,2679.92,0.0,0.0,0.7204,0.800741,0.0,1,0.5022931793,0.4305402901566076,Test
REGRIG_clean,9.2158,6.6287,9.19553,0.813635,2298.6,2825.1,0.0,0.0,0.7402,0.909744,0.0,1,0.4658577642,0.4296119840386646,Test
REHHOD_clean,9.5023,7.30426,9.5023,0.978772,2065.68,2110.48,0.0,0.0,0.6764,0.69107,0.0,1,0.4464156595,0.46159171149341693,Train
REHVAD_clean,5.39014,4.09776,5.39014,1.21945,848.775,696.033,0.0,0.0,0.4626,0.379352,0.0,0,0.8680600284000001,0.7611732826851093,Train
REHVEH_clean,5.09966,4.72276,5.09966,1.21463,819.918,675.033,0.0,0.0,0.4664,0.383984,0.0,0,0.8274028295999999,0.7144783157695284,Test
REJLAU_clean,4.47497,3.84758,4.42236,1.74913,1220.58,697.821,0.0,0.0,0.5078,0.290316,0.0,1,0.0571144353,0.49779761734003425,Train
REJLEY_clean,5.1864,4.84916,5.1864,1.17199,1483.96,1266.19,0.0,0.0,0.5272,0.449833,0.0,0,0.9874256995,0.9144943535346572,Train
REJLIC_clean,7.01256,4.27999,7.01256,1.09096,1719.24,1575.89,0.0,0.0,0.5716,0.523941,0.0,0,0.9340429921,0.6565668805814827,Test
REJVOS_clean,4.89378,3.67275,4.89056,1.38833,813.018,585.609,0.0,0.0,0.4646,0.334647,0.0,0,0.5063701868,0.6743066132957456,Train
RESQAJ_clean,5.3045,3.72656,5.30006,1.51504,527.124,347.927,0.0,0.0,0.4244,0.280124,0.0,1,0.4653101340999999,0.43414495775315187,Train
RESSAK_clean,5.33635,3.74229,5.33635,1.17983,1069.98,906.899,0.0,0.0,0.5116,0.433623,0.0,1,0.5114463664,0.824044885931404,Test
RETBEZ_clean,5.70035,3.74465,5.68395,1.36188,872.92,640.965,0.0,0.0,0.4694,0.344669,0.0,1,0.6256212512,0.526454423251432,Train
REVYUO_clean,4.59119,3.58129,4.35696,1.13884,1005.06,882.529,15.2393,13.3814,0.5666,0.497524,0.0,0,0.7390839665000001,0.7198034363620159,Train
REWLEM_clean_h,12.46985,5.92009,12.2403,0.703058,2170.85,3087.73,0.0,0.0,0.7184,1.02182,0.0,1,0.6586905384,0.6693549075617794,Train
REWNEO01_clean,18.51106,6.94262,11.7916,0.597667,2260.57,3782.32,0.0,0.0,0.7806,1.30608,0.0,1,0.4991355542,0.5091887172524352,Test
REWNEO_clean,19.37323,6.76945,10.17378,0.57834,2196.18,3797.39,0.0,0.0,0.79,1.36598,0.0,1,0.5056359150999999,0.4255545960192173,Test
REWSUJ_clean,7.20015,5.05884,7.19749,1.17107,1370.13,1169.98,0.0,0.0,0.5526,0.471877,0.0,1,0.4223304998,0.5298389374010247,Train
REXCII_clean,8.08493,5.70512,8.08493,1.37969,1708.34,1238.2,0.0,0.0,0.6152,0.445897,0.0,0,0.2349827153,0.4712748290770927,Test
REXCOO_clean,8.77219,5.8473,8.77219,1.32352,1734.33,1310.39,0.0,0.0,0.6516,0.492323,0.0,0,0.2225463922,0.1768281690762879,Train
REXCUU_clean,8.63785,5.56771,8.63785,1.36162,1719.14,1262.57,0.0,0.0,0.6254,0.459305,0.0,0,0.2364185112,0.36726630539701843,Train
REXDEF_clean,8.48446,5.31586,8.48446,1.36884,1680.23,1227.48,0.0,0.0,0.6354,0.464188,0.0,0,0.2417390534,0.35596771544148287,Test
REXDIJ_clean,8.90631,7.09895,8.90631,1.2857,1723.1,1340.2,0.0,0.0,0.6524,0.507429,0.0,0,0.2162383698999999,0.25999273778149873,Train
REXDOP_clean,10.39698,6.23971,7.4603,1.26275,1736.17,1374.91,0.0,0.0,0.6598,0.522512,0.0,0,0.2229157097,0.22897480092669753,Train
REXDUV_clean,8.6384,5.67843,8.6331,1.35953,1719.61,1264.86,0.0,0.0,0.6318,0.464721,0.0,0,0.2397542185999999,0.28618853159551894,Train
REXFAD_clean,8.37909,6.69323,8.37909,1.32806,1739.82,1310.04,0.0,0.0,0.6402,0.482057,0.0,1,0.2179862095,0.23727340993646878,Train
REXFEH_clean,9.20954,5.96123,9.20203,1.33437,1715.88,1285.91,0.0,0.0,0.627,0.469885,0.0,0,0.2214127651,0.3213591753686663,Train
REXFIL_clean,8.77344,5.77864,8.77344,1.35848,1719.23,1265.56,0.0,0.0,0.6372,0.469054,0.0,1,0.2366120573,0.17845100116012413,Test
REXFOR_clean,8.55578,6.22037,8.55578,1.35087,1711.36,1266.85,0.0,0.0,0.6414,0.474804,0.0,0,0.230404758,0.24447558442921813,Train
REYBAA_clean,4.19945,3.50951,4.19839,1.29344,533.841,412.731,0.0,0.0,0.4586,0.35456,0.0,0,0.3397174567,0.48671076462213736,Test
REYJEM_clean,10.02209,6.26863,9.82831,0.811705,2149.78,2648.47,0.0,0.0,0.7198,0.886775,0.0,0,0.9751115023,0.48177338300778977,Test
REYMOZ_clean,13.17296,6.59717,13.17189,0.883255,2124.84,2405.69,0.0,0.0,0.7188,0.813808,0.0,1,0.6178142127,0.6106155301138405,Train
REYPES_clean,6.75417,5.73604,6.69554,1.53002,424.431,277.402,27.8439,18.1983,0.422,0.275813,0.0,1,0.2017955548,0.24988920648015117,Test
REYPIW_clean,5.40721,5.27542,5.40721,1.18423,1439.71,1215.73,0.0,0.0,0.5374,0.453797,0.0,0,1.085408578,0.8978962641816872,Test
REZVAU_clean,5.17319,4.55903,5.17319,1.10092,1367.69,1242.32,0.0,0.0,0.552,0.5014,0.0,1,0.6348584385,0.7122387417791248,Train
REZXEA_clean,10.58306,9.90235,10.58306,0.641816,2266.19,3530.9,0.0,0.0,0.7602,1.18445,0.0,1,0.2941569199,0.4279751895626478,Train
REZXIE01_clean,8.61957,8.10066,8.61957,0.817919,2366.84,2893.73,0.0,0.0,0.7116,0.870012,0.0,1,0.2845879035999999,0.4624579649633931,Train
REZXIE_clean,8.61965,8.10074,8.61965,0.817908,2366.92,2893.87,0.0,0.0,0.7116,0.870025,0.0,1,0.2810385507,0.4624579649633931,Train
REZXOK_clean,14.21059,13.62195,14.20905,0.470058,1999.64,4254.04,0.0,0.0,0.8176,1.73936,0.0,1,0.3105218376999999,0.4426302668772386,Test
REZXUQ_clean,15.26291,13.95995,15.26291,0.361934,1754.08,4846.42,0.0,0.0,0.8582,2.37115,0.0,1,0.3143634273,0.41390062537444805,Test
RIBDAJ_clean,5.97505,5.0342,5.95251,0.92739,2392.13,2579.42,0.0,0.0,0.666,0.718144,0.0,0,0.5971966329,0.7175207231082081,Test
RIBDEN_clean,6.08901,5.09508,6.08573,0.93229,2330.9,2500.19,0.0,0.0,0.6512,0.698495,0.0,0,0.5976605793,0.7117543181508973,Train
RIBTAZ_clean,7.94342,5.01622,7.94342,0.877067,2617.13,2983.95,0.0,0.0,0.7178,0.818409,0.0,1,0.5602869026,0.5603200291764752,Test
RICBEM_clean,11.37522,8.59238,11.37522,0.399184,2277.32,5704.93,0.0,0.0,0.821,2.0567,0.0,1,0.4286190386999999,0.37518876991040073,Train
RICHIV_clean,4.32733,3.40584,4.32733,1.68108,513.916,305.705,0.0,0.0,0.4398,0.261617,0.0,0,0.1410613476,0.40532997951695104,Train
RIDCEN_charged,6.49506,5.81046,6.49156,1.24785,1293.33,1036.45,76.9442,61.6614,0.6122,0.490604,0.0,0,0.3293730272,0.6165259437484525,Test
RIDKOE_charged,5.21819,4.02517,5.17202,1.44651,731.317,505.572,0.0,0.0,0.4472,0.309157,0.0,0,0.1973454666,0.48083103658968596,Train
RIFDUG01_clean,13.00544,6.82625,13.00544,0.86753,2060.89,2375.58,0.0,0.0,0.7198,0.829712,0.0,1,0.7061299823999999,0.5495848005445764,Test
RIFGAQ_clean,13.18615,6.52783,13.17424,0.879718,2150.81,2444.89,0.0,0.0,0.7148,0.812533,0.0,1,0.6278628284000001,0.6109810995201064,Train
RIFMIE_clean,5.81313,3.54807,5.80072,1.27517,844.386,662.176,100.563,78.8628,0.5018,0.393516,0.0,1,0.4441076562,0.5355512064202883,Train
RIFQUT_clean,5.6172,4.23676,5.6163,1.93171,1255.63,650.01,0.0,0.0,0.475,0.245896,0.0,1,0.2215502556,0.46274642654790626,Test
RIFSOQ_clean,12.93918,4.8446,12.92898,0.716983,1922.33,2681.14,0.0,0.0,0.6812,0.950093,0.0,0,0.7540274553,0.7010585742191268,Train
RIGPEE01_clean,4.32886,3.44721,4.31075,1.25081,566.106,452.592,0.0,0.0,0.462,0.369361,0.0,1,0.3358571418,0.4154707521738906,Train
RIGPEE_clean,4.3699,3.50423,4.34774,1.23163,597.681,485.277,0.0,0.0,0.468,0.379984,0.0,1,0.3427900015,0.5454295152201606,Train
RIGTIL_clean,6.02864,4.29629,6.02864,1.13222,1723.76,1522.46,0.0,0.0,0.6098,0.538588,0.0,0,0.8906367875,0.739827309897519,Train
RIGVOU_clean,4.93156,4.16902,4.92505,2.31703,753.709,325.291,0.0,0.0,0.3776,0.162967,0.0,0,0.3982575989,0.565002263946444,Train
RIGWIP_clean,5.39694,5.17369,5.38654,2.25257,825.556,366.496,0.0,0.0,0.3946,0.175178,0.0,0,0.3486899053,0.6080496390221221,Test
RINPEJ_charged,4.78251,4.14203,4.781,1.3132,512.248,390.075,3.82003,2.90894,0.4528,0.344805,0.0,0,0.7746887216,0.8293797970461675,Train
RINSEM_clean,5.77452,4.19628,5.77452,1.18323,2019.49,1706.76,0.0,0.0,0.6626,0.559992,0.0,0,0.509082761,0.44764535486563406,Train
RIPKIM01_clean,7.23442,6.64943,7.23442,1.25736,958.585,762.382,0.0,0.0,0.4932,0.392252,0.0,0,0.175935557,0.35807528101169994,Train
RIPKIM_clean,7.16555,6.65101,7.16555,1.28891,929.295,720.995,0.0,0.0,0.4824,0.374271,0.0,0,0.1903322371,0.2754128132534134,Train
RIPNIP_clean,5.40468,4.16071,5.24069,1.54847,1362.91,880.165,0.0,0.0,0.5192,0.335298,0.0,1,0.3954672454,0.5449808596634361,Train
RIPTEQ_clean,5.96,4.10144,5.96,2.02284,1713.13,846.891,0.0,0.0,0.5442,0.269027,0.0,1,0.153998262,0.2814949822177683,Train
RIRDED_clean,8.69638,4.93276,7.75095,1.22642,1303.46,1062.82,0.0,0.0,0.5456,0.444872,0.0,1,0.5449640902,0.44803575348391006,Train
RITGIM_clean,5.22026,3.78444,5.12438,2.19337,1554.84,708.882,0.0,0.0,0.5434,0.247747,0.0,1,0.1549035336,0.2598352990885898,Test
RIVDEF_clean,4.74355,4.40879,4.74355,1.30487,1087.67,833.549,0.0,0.0,0.5116,0.392069,0.0,0,0.2061796517,0.6897469533715748,Train
RIWMUH_clean,10.50032,10.04767,10.50032,0.982459,1440.31,1466.03,0.0,0.0,0.6132,0.624148,0.0,1,0.4787506836999999,0.36071080372118014,Test
RIWSUM_clean,5.96762,4.61739,5.59799,1.1098,1315.0,1184.9,1.14823,1.03463,0.578,0.520815,0.0,1,0.3009319442,0.47314482801178553,Train
RIXBEG_clean,6.00946,4.04752,5.99904,1.21211,664.521,548.234,0.0,0.0,0.4704,0.388083,0.0,1,0.4996042278,0.37422713599061364,Train
RIXBIK_clean,6.35159,4.65776,6.34133,1.14836,1013.62,882.673,0.0,0.0,0.5162,0.449512,0.0,1,0.6774723334,0.46532207612430393,Test
RIXPIZ_clean,9.94535,8.42715,9.94535,0.56995,2088.86,3665.0,0.0,0.0,0.7428,1.30327,0.0,0,0.7277682714,0.5224042919502262,Train
RIYBAE_clean,8.18384,7.49831,8.16337,1.22176,2051.61,1679.23,0.0,0.0,0.667,0.545934,0.0,0,0.3506093815,0.388798329051234,Test
RIYBEI_clean,8.30815,7.80553,8.30815,1.20426,2064.05,1713.96,0.0,0.0,0.6688,0.555362,0.0,0,0.3557363776,0.3745870423884653,Train
RIYBIM_clean,8.35741,7.50788,8.28491,1.24126,2090.26,1683.99,0.0,0.0,0.6636,0.534619,0.0,0,0.3782443384,0.40374148588414016,Train
RIYBOS_clean,8.27117,7.50835,8.18647,1.23809,2073.81,1675.0,0.0,0.0,0.6628,0.535339,0.0,1,0.3731002259,0.3419259071921774,Train
RIYWED_clean,4.63321,3.54746,4.62492,1.48698,355.273,238.923,0.0,0.0,0.3958,0.266178,0.0,1,0.3302696935999999,0.44965396412298964,Test
RIYWIH_clean,4.61736,3.75355,4.61736,1.46943,261.851,178.199,75.8401,51.612,0.4096,0.278748,0.0,1,0.3283708932999999,0.3916803364856625,Train
RIYXIG_clean,5.32542,4.68558,5.29552,1.52248,1574.19,1033.97,0.0,0.0,0.575,0.377674,0.0,1,0.2572805609,0.4600960546543006,Test
ROBWAH_clean,5.06604,4.01581,5.06032,1.4577,413.629,283.754,105.001,72.0315,0.443,0.303902,0.0,1,0.4813442003,0.4820222708117678,Train
ROCZAM_clean,5.6803,4.28854,5.40999,1.1313,2335.01,2064.0,0.0,0.0,0.6432,0.568548,0.0,1,0.4567867884,0.5460128080115149,Train
ROCZEQ_clean,5.8918,4.42295,5.82087,1.11408,2330.31,2091.69,0.0,0.0,0.6462,0.580029,0.0,1,0.442343396,0.5254521254206467,Train
ROCZIU_clean,6.78863,5.28492,6.57422,1.08447,2132.05,1965.99,0.0,0.0,0.649,0.598451,0.0,1,0.4281282581,0.5831124944236363,Test
ROCZOA_clean,6.50104,5.23642,6.50104,0.958325,2491.0,2599.32,0.0,0.0,0.685,0.714789,0.0,1,0.3914487482,0.580502121535813,Test
ROCZUG_clean,6.74711,5.16908,6.7416,0.926118,2487.32,2685.75,0.0,0.0,0.688,0.742886,0.0,1,0.3657911493999999,0.6097988494266455,Train
RODBAP_clean,7.01898,5.1049,7.00748,0.913193,2450.75,2683.71,0.0,0.0,0.7006,0.767198,0.0,1,0.3493571954,0.575975025825298,Test
ROGLOP_clean,5.33017,3.84032,5.33017,1.2463,995.82,799.02,0.0,0.0,0.527,0.422851,0.0,1,0.4300623486,0.8463382370162249,Test
ROGSAI_clean,7.26111,4.49108,7.2508,1.17019,1831.91,1565.48,0.0,0.0,0.6072,0.51889,0.0,1,0.3627951254,0.510832989314599,Train
ROLZEZ_clean,6.54271,5.20454,6.54271,1.10411,1262.09,1143.08,86.4297,78.2797,0.5632,0.510092,0.0,0,0.7451174953,0.7235016048041336,Train
ROMQAN_clean,4.67601,3.58614,4.53668,1.50157,646.168,430.33,0.0,0.0,0.452,0.301019,0.0,1,0.3572800126,0.5444251245677302,Train
RONCIG_clean,9.09448,7.62606,9.09448,1.45289,1203.19,828.136,0.0,0.0,0.5812,0.400029,0.0,1,0.08614362,0.15251420456261616,Train
RONSIY_clean,5.08447,4.36113,5.07274,1.22435,722.372,590.005,0.0,0.0,0.469,0.38306,0.0,1,0.9447521013,0.5895750198120295,Train
RONSOC_clean,9.61015,5.51941,9.61015,1.44392,1795.25,1243.32,0.0,0.0,0.604,0.418306,0.0,0,0.2596427462,0.4758699052580542,Test
RONWIA_clean,5.83208,4.50922,5.82484,1.11758,1988.36,1779.17,0.0,0.0,0.6574,0.588235,0.0,1,0.1509097399,0.413685808843566,Test
RONZID_clean,6.44623,4.93162,6.4436,1.11083,2786.39,2508.38,0.0,0.0,0.7422,0.668147,0.0,1,0.142008948,0.13360688879712856,Train
ROQVIE_clean,8.20229,7.33404,8.17219,0.896085,1741.45,1943.4,0.0,0.0,0.6732,0.751268,0.0,0,0.5080348297999999,0.4647972990358587,Train
RORLIV_clean,5.0614,3.45442,5.0614,1.30915,1167.77,892.008,0.0,0.0,0.6106,0.466408,0.0,0,0.2417039489,0.4694752550790028,Train
RORRIB_clean,5.56844,4.5608,5.56844,2.09957,1607.82,765.783,0.0,0.0,0.5896,0.280819,0.0,1,0.2306240396,0.3092800713533188,Train
RORTAV_clean,9.60382,5.42977,9.56238,0.669195,1791.93,2677.74,407.039,608.252,0.711,1.06247,0.0,0,0.4898315847,0.46983406984722115,Train
RORVAX_clean,6.42929,6.08998,6.42929,0.7293,3122.65,4281.71,0.0,0.0,0.7,0.959824,0.0,1,0.9960184834,0.7659704529369207,Test
ROTQIC_clean,4.94875,3.6681,4.74718,1.32167,723.976,547.773,0.0,0.0,0.481,0.363934,0.0,1,0.3609494775999999,0.540558719655158,Train
ROTTOL_clean,6.50353,4.02235,6.48646,1.01612,1524.25,1500.07,0.0,0.0,0.5582,0.549344,0.0,0,0.8592169458,0.8895786099173664,Test
ROYJUM_clean,8.75922,3.76722,8.42147,1.05929,1657.4,1564.64,0.0,0.0,0.5928,0.559622,0.0,0,1.0945401571,0.9974295815515526,Train
ROYREE_clean,6.65259,5.04516,6.56274,1.17392,1308.03,1114.24,0.0,0.0,0.5524,0.47056,0.0,1,0.9687741184,0.5568126246303673,Test
ROYRII_clean,6.60108,5.14039,6.60108,1.17875,1322.43,1121.89,0.0,0.0,0.5472,0.464219,0.0,1,0.9698623926,0.5919393206624362,Test
ROYROO_clean,6.57261,5.08535,6.54322,1.19171,1317.71,1105.73,1.69583,1.42302,0.5486,0.460348,0.0,1,1.0361211043,0.5262731620842301,Test
RUBDUP_clean,21.09518,19.24681,20.98484,0.298857,1270.61,4251.56,0.0,0.0,0.868,2.9044,0.0,1,0.3925729686999999,0.398747237232975,Train
RUBGUS_clean,4.4617,3.54667,4.45263,1.35931,320.757,235.971,161.359,118.706,0.4638,0.341202,0.0,1,0.8637651488,0.7526293795337122,Train
RUBTAK01_SL,8.70379,4.00842,8.70379,1.20121,1712.27,1425.46,0.0,0.0,0.5914,0.492338,0.000832496,0,0.5309018354999999,0.5503118708622163,Train
RUBTAK02_SL,8.49537,3.88559,8.49537,1.23841,1654.63,1336.08,0.0,0.0,0.5866,0.47367,0.000322994,0,0.4974728961,0.5514641738965503,Train
RUBTAK03_auto,8.46299,3.95011,8.46299,1.23778,1637.26,1322.74,0.0,0.0,0.6028,0.487,0.000161579,0,0.1290508588,0.4546430426000096,Train
RUCGOM_clean,4.40498,3.818,4.39366,2.16054,906.666,419.648,0.0,0.0,0.5218,0.241514,0.0,1,0.2071598405,0.3326005980598743,Train
RUFDUT_clean,4.69173,3.85639,4.65615,1.66558,994.805,597.274,0.0,0.0,0.4696,0.281944,0.0,1,0.7437712267000001,0.42833085720490827,Train
RUFRIV_clean,7.49731,4.21343,7.49731,1.44845,1008.29,696.116,0.0,0.0,0.4786,0.330421,0.0,1,0.3823247857,0.3047504226566453,Test
RUFTET_clean,5.41592,3.76809,5.41592,1.32563,1019.52,769.082,0.0,0.0,0.4806,0.362546,0.0,0,0.3917462945,0.6726886877493308,Train
RUFZID_clean,10.67067,8.77989,10.67019,0.799166,1949.96,2439.99,0.0,0.0,0.71,0.888426,0.0,1,0.3801582415,0.4157147025169709,Train
RUGKOV_clean,6.88401,5.43231,6.88401,0.929347,2753.28,2962.6,0.0,0.0,0.6968,0.749773,0.0,1,0.5726499569,0.6109129254794694,Test
RUGXOI01_clean,6.51947,4.18889,6.51947,1.08279,1782.29,1646.02,0.0,0.0,0.638,0.589221,0.0,0,0.7745050990000001,0.6391025429277127,Test
RUGXOI_clean,5.21341,3.72816,5.20196,1.19066,1517.77,1274.73,0.0,0.0,0.586,0.492165,0.0,0,1.0732386213,0.8445846401226982,Test
RUGYOJ_clean,5.31747,4.41438,5.22074,1.35237,1132.24,837.223,13.731,10.1533,0.5218,0.385841,0.0,1,0.5801457288,0.6103536760676888,Test
RUGZAW_clean,9.17489,7.98957,9.06653,0.92991,1617.71,1739.64,0.0,0.0,0.6164,0.66286,0.0,1,0.6432790724,0.6023096840696811,Train
RUHCED_SL,6.00951,5.54585,6.00744,1.22913,1471.94,1197.55,0.0,0.0,0.5726,0.465859,0.0,0,0.919953052,0.8713625223660197,Train
RUHFEH_clean,9.84183,8.46338,9.78525,0.895692,2177.87,2431.49,0.0,0.0,0.7858,0.87731,0.0,1,0.1624602362,0.11568708297086011,Train
RUHFIL_clean,10.02499,8.76011,10.02499,0.882826,2167.55,2455.24,0.0,0.0,0.7844,0.88851,0.0,1,0.1594058372,0.18181850014247947,Test
RUHFOR_clean,10.01133,8.72369,10.0082,0.889531,2175.51,2445.69,0.0,0.0,0.787,0.884736,0.0,1,0.1595544526,0.13180770478337794,Test
RUHFUX_clean,9.94292,8.65457,9.91903,0.903529,2165.07,2396.24,0.0,0.0,0.7826,0.86616,0.0,1,0.1604011833,0.16853566446541557,Train
RULBOQ_clean,7.47442,6.27169,7.47442,1.39226,1576.48,1132.32,0.0,0.0,0.6106,0.438569,0.0,1,0.1779511232,0.3234858095343469,Train
RULQIY_clean,8.44935,6.89767,8.44935,1.57222,1115.58,709.56,0.0,0.0,0.577,0.366998,0.0,1,0.0798288453,0.10806859821280973,Train
RULVUP_clean,5.01128,4.18788,4.96894,1.11888,878.165,784.859,0.0,0.0,0.5036,0.450092,0.0,1,0.9378173813,0.7404196559170904,Train
RULXOM_clean,15.36971,3.55595,15.36971,0.839199,1628.5,1940.54,0.0,0.0,0.652,0.776931,0.0,0,0.8682389162,0.37890432374248173,Test
RUMRUO_clean,3.89523,3.56149,3.89523,2.03382,242.444,119.206,0.0,0.0,0.4326,0.212703,0.0,1,0.5031281603,0.29264374742764415,Train
RUNXUV_clean,5.8356,4.62926,5.8296,1.09463,1307.34,1194.33,0.0,0.0,0.5502,0.502636,0.0,0,1.0431256108,0.8036106489650037,Train
RUPTED_clean,4.59148,3.67658,4.57699,2.43056,359.515,147.915,0.0,0.0,0.433,0.178148,0.0,1,0.1321309345,0.14784895006113985,Train
RUPVAB_clean,13.61739,4.61754,13.61739,0.953237,2216.88,2325.64,0.0,0.0,0.6886,0.722381,0.0,1,0.6248503686,0.6943778877252758,Train
RURPAW_clean,4.26453,3.57847,4.26352,2.09861,723.866,344.926,0.0,0.0,0.4906,0.233773,0.0,1,0.9671349616,0.6616198345893677,Test
RURPEA_clean,4.37304,3.99561,4.36427,1.79681,1037.11,577.197,0.0,0.0,0.5372,0.298975,0.0,1,0.5719698775,0.5539532917378123,Train
RUSHIY_clean,9.32937,5.73491,9.31763,2.81322,981.321,348.825,12.3418,4.38706,0.4998,0.177661,0.0,1,0.0469167975,0.07352184523662308,Train
RUSWIN_clean,6.48006,3.76789,6.3774,1.27344,1499.33,1177.39,0.0,0.0,0.5498,0.431746,0.0,1,0.5385922668,0.595812157300801,Train
RUSWOT_clean,6.47922,3.93218,6.4245,1.19886,1481.92,1236.11,0.0,0.0,0.5554,0.463273,0.0,1,0.5365319352000001,0.7037150194995769,Train
RUSWUZ_clean,6.54942,3.9072,6.54694,1.21025,1492.0,1232.81,0.0,0.0,0.5598,0.46255,0.0,1,0.5589344247,0.7081202435705072,Test
RUSXAG_clean,6.44133,3.78742,6.3358,1.2672,1503.0,1186.08,0.0,0.0,0.5486,0.432924,0.0,1,0.5524531411,0.5952830126331116,Train
RUSXEK_clean,6.54291,3.90146,6.54291,1.24418,1488.27,1196.19,0.0,0.0,0.5602,0.450258,0.0,1,0.5378452095,0.6462966790936004,Train
RUTNOK_manual,24.61263,14.64846,24.61263,0.240823,1468.58,6098.18,0.0,0.0,0.9018,3.74465,0.0,0,0.4192361115,0.4241745113576004,Train
RUVBOB_clean,6.09913,3.98908,5.99424,1.3777,1258.08,913.177,14.3931,10.4472,0.545,0.395586,0.0,0,0.4899181617,0.8142450976990891,Test
RUVCES_clean,5.62432,4.09519,5.62432,1.21847,2083.62,1710.03,0.0,0.0,0.6886,0.565136,0.0,0,0.437578113,0.25264782734973157,Train
RUVKAV_clean,11.95152,7.15447,11.95152,0.601684,2230.0,3706.27,0.0,0.0,0.7794,1.29537,0.0,1,0.4520173413,0.4947369131297671,Train
RUVMAX_clean,5.22433,4.41387,5.22043,1.2008,1767.14,1471.63,0.0,0.0,0.5696,0.474351,0.0,1,1.1134347989,0.8257798290246252,Train
RUVMUR_clean,3.8115,3.49015,3.80241,1.48235,185.395,125.068,39.5872,26.7057,0.4088,0.275779,0.0,1,0.1553805066,0.650200481341233,Test
RUWWOW01_clean,5.03981,3.90859,5.01601,1.48698,1131.86,761.178,0.0,0.0,0.4928,0.331409,0.0,1,0.6950072809000001,0.7476905783983843,Train
RUWWUC_clean,5.12851,4.00559,5.12851,1.54997,877.489,566.133,0.0,0.0,0.4642,0.29949,0.0,1,0.6624237682,0.4341947261968887,Test
RUWXAJ_clean,5.17293,4.0299,5.17293,1.53238,836.842,546.106,0.0,0.0,0.4794,0.312847,0.0,1,0.543846989,0.4186116033087357,Train
RUWXEN_clean,5.03811,3.94141,5.03811,1.46802,1178.02,802.454,0.0,0.0,0.5092,0.346863,0.0,1,0.7081279032,0.6502229094660249,Train
RUWZIU_clean,6.72021,5.65873,6.72021,1.01181,1054.68,1042.37,0.0,0.0,0.5302,0.52401,0.0,0,0.1414571141,0.46110744830283396,Train
RUWZOA_clean,6.55761,6.38772,6.55761,1.0684,1052.58,985.194,0.0,0.0,0.5174,0.484275,0.0,0,0.1815686979,0.41293749446996314,Train
RUWZUG_clean,6.65442,5.67424,6.65442,1.10163,1013.24,919.768,0.0,0.0,0.4878,0.442798,0.0,0,0.2048559276,0.452682111996323,Train
RUYNIK_clean,5.71975,3.68772,5.7164,1.35451,1400.63,1034.05,0.0,0.0,0.5398,0.398522,0.0,1,0.4646649615,0.5506928702195121,Train
RUYQIN01_clean,9.71547,7.35837,9.71529,1.15099,1450.59,1260.3,0.0,0.0,0.5838,0.507215,0.0,1,0.3160254279,0.3469417928997935,Test
RUYQIN02_clean,9.7478,7.37011,9.74761,1.14404,1452.85,1269.93,0.0,0.0,0.5842,0.510647,0.0,1,0.3052882237,0.313687056012971,Train
RUYQIN03_clean,9.69288,7.37414,9.69288,1.14102,1457.05,1276.97,0.0,0.0,0.586,0.513575,0.0,0,0.3017629784,0.3531553968562241,Train
RUYQIN_clean,9.76179,7.44687,9.76179,1.1629,1436.26,1235.07,0.0,0.0,0.573,0.492735,0.0,1,0.3103126904,0.3388193338253096,Train
RUYQOT_clean,9.68542,7.26317,9.68542,1.1664,1438.72,1233.47,0.0,0.0,0.575,0.49297,0.0,1,0.3065754614,0.3651344720757742,Train
RUYTIQ_clean,9.62315,7.47258,9.62297,1.13645,1456.84,1281.92,0.0,0.0,0.5872,0.516695,0.0,0,0.2960349059,0.35246409421364777,Train
RUYTUC_clean,9.67783,7.26872,9.67783,1.16505,1440.32,1236.27,0.0,0.0,0.5776,0.495773,0.0,1,0.30624621,0.3629609844930489,Test
RUYVAK_clean,9.67948,7.48497,9.67948,1.15401,1452.68,1258.81,0.0,0.0,0.5806,0.503115,0.0,1,0.324696181,0.3271175730452055,Train
RUYVEO_clean,12.21297,10.12216,12.21297,0.962787,1461.82,1518.32,0.0,0.0,0.6354,0.659959,0.0,1,0.3427860293999999,0.4168173201059943,Test
RUYVIS_clean,15.8929,13.20205,15.79897,0.679059,1536.4,2262.54,0.0,0.0,0.7374,1.08592,0.0,0,0.2885947687,0.3537545628104021,Train
RUYZUH_clean,5.57075,3.47029,5.07859,2.36782,1042.81,440.408,0.0,0.0,0.4718,0.199255,0.0,1,0.1351824129,0.16868573268869197,Test
RUZCOF_clean,5.55577,4.78031,5.52738,1.59859,1464.21,915.939,0.0,0.0,0.603,0.377208,0.0,0,0.7463222051,0.7238816930706096,Train
RUZDAS_clean,5.2699,4.49334,5.2699,1.45263,1149.42,791.271,0.0,0.0,0.5294,0.364442,0.0,1,0.3563850189,0.6466367801277222,Test
S2052520616005515_bm5080sup1_clean,4.47894,3.61798,4.46305,1.15409,1529.36,1325.16,0.0,0.0,0.5662,0.490602,0.0,0,0.9672630518,0.996698054993019,Train
S2056989016007027_zl2661sup1_clean,6.51796,4.57602,6.50954,1.14323,1545.49,1351.86,0.0,0.0,0.5984,0.523428,0.0,0,0.8419630265000001,0.6828220259034763,Train
SABKIS_clean,6.81493,5.97974,6.81375,1.3839,1674.07,1209.68,0.0,0.0,0.6086,0.439772,0.0,1,0.4681365303,0.4276514348452764,Train
SABVOH01_clean,6.48998,6.20475,6.48998,1.00596,1532.58,1523.5,0.0,0.0,0.5966,0.593066,0.0,0,1.1090259949,0.6671957419115648,Test
SABVOH_manual,6.26548,5.9824,6.25328,0.999416,1586.53,1587.46,0.0,0.0,0.5914,0.591745,0.0,0,1.0586045283,0.8035228528308404,Train
SABVUN_clean_h_min,7.01984,6.76477,7.01984,0.978971,1612.66,1647.3,0.0,0.0,0.5868,0.599405,0.0,0,1.0019947541,0.8662604109930391,Train
SACDOR_clean,8.1061,7.63768,8.07477,1.2392,2030.48,1638.54,0.0,0.0,0.6692,0.540025,0.0,1,0.3579312165,0.3150913351236563,Train
SADLEQ_clean,7.11187,6.8054,7.11187,1.50504,1508.7,1002.44,0.0,0.0,0.5702,0.378862,0.0,1,0.5169855991,0.49889289018410277,Train
SADLIU_clean,6.85652,6.48147,6.85652,1.67165,1571.6,940.146,0.0,0.0,0.549,0.328417,0.0,0,0.622977589,0.6172242834905646,Train
SADMUH_SL,7.87003,7.35,7.87003,0.987944,1759.25,1780.72,0.0,0.0,0.6412,0.649025,0.0,0,0.5431646032999999,0.5459532313254617,Test
SADVEB_clean,5.28527,4.25585,5.28527,2.60318,983.265,377.718,0.0,0.0,0.4638,0.178167,0.0,1,0.1584089256,0.21307389889378942,Train
SAHXAD_clean,7.24131,5.09073,7.23502,0.88875,2564.25,2885.23,0.0,0.0,0.6954,0.782447,0.0,1,0.5371281981,0.6196648734460207,Train
SAHYAD01_charged,5.19203,4.15651,5.19203,1.32487,706.962,533.607,0.0,0.0,0.4484,0.338447,0.0,0,0.669917148,0.7009968985187698,Train
SAHYAD02_charged,5.10825,4.11856,5.05504,1.21472,956.169,787.154,0.0,0.0,0.4744,0.390544,0.0,0,0.9255551328,0.8329715919406795,Test
SAHYAD03_charged,5.12494,4.13079,5.11799,1.21393,956.365,787.825,0.0,0.0,0.476,0.392114,0.0,0,0.9296315877,0.817577735177159,Test
SAHYAD_charged,5.20099,4.24745,5.18975,1.20366,904.811,751.716,0.0,0.0,0.4892,0.406427,0.0,0,0.8166350929999999,0.7640139155436514,Train
SAHYIL_charged,5.10796,4.12363,5.09232,1.21487,743.904,612.333,74.7608,61.5382,0.4846,0.398891,0.0,0,0.7811510490000001,0.8045626413032063,Test
SAJDIT_clean,7.44507,6.67773,7.44507,1.18884,1185.58,997.26,0.0,0.0,0.5216,0.438748,0.0,1,0.3807806254999999,0.5736602945069356,Test
SAJRAW10_clean,6.98873,5.65739,6.98873,1.03716,2658.72,2563.46,0.0,0.0,0.7434,0.716765,0.0,0,0.1665364852999999,0.13317269183412567,Train
SAJRAW_clean,6.95776,5.62966,6.95776,1.0485,2631.43,2509.71,0.0,0.0,0.7242,0.690701,0.0,0,0.1706855789999999,0.2178143336956071,Train
SAJRUT_clean,6.75939,5.98836,6.75562,0.832145,2447.69,2941.42,0.0,0.0,0.6812,0.818608,0.0,1,0.5933329545,0.6457776593958348,Train
SAJSAA_clean,6.806,6.26285,6.79743,1.09035,1505.97,1381.18,0.0,0.0,0.546,0.500758,0.0,1,0.8786727158,0.7243651948280201,Train
SAKRAZ_clean,5.58245,5.12904,5.58245,1.03675,2394.2,2309.33,0.0,0.0,0.6546,0.631396,0.0,1,0.5317284888,0.5353398964919351,Train
SAKRED_clean,5.5169,5.02553,5.5169,1.03225,2416.65,2341.14,0.0,0.0,0.6696,0.648678,0.0,1,0.5132955488000001,0.4702693407765806,Train
SALXEL_clean,17.7233,14.92578,17.7233,0.954529,1589.06,1664.76,49.7541,52.1243,0.7288,0.763518,0.000419055,1,0.259915367,0.3143230746740093,Train
SALXIP_clean,18.35498,16.34268,18.35498,1.06535,1653.8,1552.35,0.0,0.0,0.7432,0.697612,0.00112639,1,0.1863464147,0.18744126584617415,Train
SALZAH_clean,5.2131,3.75496,5.20977,1.33753,1363.66,1019.54,0.0,0.0,0.5834,0.436178,0.0,1,0.1992236014999999,0.517908496256599,Train
SAMLAV_manual,5.80959,3.99095,5.75161,1.19097,1685.7,1415.4,0.0,0.0,0.5904,0.495731,0.0,0,0.5138990381,0.8264265488439275,Train
SAMVEK_clean,7.83578,6.98017,7.83578,0.980713,1609.04,1640.69,0.0,0.0,0.611,0.623016,0.0,0,0.4350897897999999,0.6685938304458962,Train
SANGEW_clean,6.64431,4.85626,6.63808,1.45126,1299.25,895.255,0.0,0.0,0.529,0.36451,0.0,1,0.9263868972,0.47113625281979665,Test
SANGUM_clean,6.61883,4.82903,6.58035,1.50455,1309.82,870.575,0.0,0.0,0.5346,0.355323,0.0,1,0.6559759353,0.44693876442189984,Test
SANHIB_clean,6.11189,4.81167,6.1084,1.59136,1228.71,772.117,0.0,0.0,0.5088,0.319727,0.0,1,0.9035449515,0.5768868425553721,Train
SANHOH_clean,6.60456,4.91636,6.49799,1.53725,1315.89,856.008,0.0,0.0,0.5322,0.346204,0.0,1,0.6307013158,0.437559974057241,Test
SANHUN_clean,6.50583,4.8025,6.36295,1.599,1277.92,799.196,0.0,0.0,0.517,0.323327,0.0,1,0.8966528084000001,0.4731894249822758,Test
SANJAV_clean,6.50945,4.91174,6.48422,1.32827,1290.56,971.607,0.0,0.0,0.515,0.387722,0.0,1,1.1254702251,0.7358297081070944,Test
SAQQAD_clean,10.6229,9.13911,10.59086,0.899459,1701.71,1891.92,0.0,0.0,0.6748,0.750228,0.0,1,0.4959748874,0.4274959484170188,Test
SAQQEH_clean,10.62623,9.13273,10.62623,0.914395,1723.95,1885.35,0.0,0.0,0.6746,0.737756,0.0,1,0.4983365037,0.4498249991851434,Train
SAQQIL_clean,10.65559,9.10715,10.62918,0.918282,1715.69,1868.37,0.0,0.0,0.6836,0.744434,0.0,1,0.493083347,0.43172854189391563,Test
SAQQOR_clean_h,10.68647,9.07282,10.64358,0.778283,1708.0,2194.57,0.0,0.0,0.6882,0.884254,0.0,1,0.5692954572,0.4202877986418192,Train
SAQSOU_clean,6.47651,3.98462,6.43461,1.44924,1500.2,1035.16,0.0,0.0,0.568,0.391929,0.0,1,0.2452505244999999,0.4886446643313147,Train
SARGID_clean,11.28011,10.79695,11.27845,1.13003,1551.23,1372.74,0.0,0.0,0.643,0.569013,0.0,1,0.392368159,0.37599137228900725,Test
SARGOJ_clean,11.21149,10.84114,11.20988,1.13101,1553.18,1373.27,0.0,0.0,0.6422,0.56781,0.0,1,0.3864862793,0.37282338918030566,Train
SARGUP_clean,11.61678,10.99568,11.61678,1.13145,1593.32,1408.21,0.0,0.0,0.6444,0.569535,0.0,1,0.4217457636,0.361306632348796,Test
SARHAW_clean,11.26396,10.8267,11.26396,1.13289,1578.11,1393.0,0.0,0.0,0.6352,0.560691,0.0,1,0.3940977496,0.3877378313380541,Train
SARHEA_clean,11.57288,10.94497,11.57288,1.13911,1582.39,1389.14,0.0,0.0,0.6384,0.560437,0.0,1,0.4264131146,0.38025297706331257,Train
SARMEE_clean,4.34974,3.44315,4.3363,1.72993,254.091,146.879,149.818,86.6033,0.429,0.247987,0.0,1,0.3839722579999999,0.6873288160774189,Test
SARNOQ_clean,9.2766,6.16862,9.2766,1.10826,1838.17,1658.6,0.0,0.0,0.6536,0.589751,0.0,0,0.2854273404,0.3886210454072857,Test
SARTIR_clean,8.84902,7.39282,8.55302,0.84182,1819.29,2161.13,0.0,0.0,0.6546,0.7776,0.0,0,0.4332813365,0.48763332840865,Train
SATRIP_clean,5.64735,4.63209,5.64735,1.5207,2001.22,1315.99,0.0,0.0,0.609,0.400475,0.0,1,0.271900707,0.3357244047507251,Train
SATROV_clean,5.68214,4.67755,5.6433,1.62598,1989.31,1223.46,0.0,0.0,0.6086,0.374297,0.0,1,0.2795399905,0.32404530840896506,Train
SAXLEK_clean,9.25038,8.58806,9.25038,1.08002,1714.03,1587.03,0.0,0.0,0.6988,0.647023,0.0,1,0.1056413632,0.2847600454416771,Test
SAXRIS_clean,6.95604,5.1283,5.82931,1.88243,2109.8,1120.78,0.0,0.0,0.5242,0.27847,0.000106246,1,0.096585932,0.17892141292356023,Train
SAYTOD_clean,6.38142,4.3971,6.36474,1.32305,2428.66,1835.65,0.0,0.0,0.7024,0.530895,0.0,1,0.088705209,0.06606952864691229,Train
SAYTUJ_clean,5.53716,4.24775,5.50087,1.26647,2678.26,2114.75,0.0,0.0,0.7138,0.563615,0.0,1,0.0980496078,0.08266850552018135,Train
science.1056698_manual,16.36523,5.22927,16.36523,0.720658,2117.08,2937.7,0.0,0.0,0.7092,0.9841,0.0,1,0.6316630976,0.6845252943354401,Train
SEFSOM_clean,7.74471,4.63206,7.74435,1.3092,888.245,678.465,0.0,0.0,0.4856,0.370914,0.0,0,0.3108756787,0.1918893020481579,Test
SEFVAC_clean,11.52297,3.67055,11.52297,0.903784,1536.01,1699.54,0.0,0.0,0.6434,0.711896,0.0,0,0.2617200774,0.21802959139053124,Train
SEFVEG02_clean,11.61381,3.82654,11.61381,0.901728,1567.52,1738.35,0.0,0.0,0.642,0.711966,0.0,0,0.2335251568,0.3466961704525319,Train
SEFVEG_clean,11.61384,3.82499,11.61384,0.903214,1567.68,1735.67,0.0,0.0,0.6424,0.711238,0.0,0,0.2327265180999999,0.3466961704525319,Train
SEFVUW_clean,11.26795,3.60856,11.26795,0.928704,1552.88,1672.09,0.0,0.0,0.6514,0.701407,0.0,0,0.2555311489,0.22651543182335382,Train
SEFWEH_clean,11.26494,3.61002,11.26494,0.914157,1525.26,1668.49,0.0,0.0,0.6436,0.704037,0.0,0,0.2785395456,0.21472303222326578,Train
SEFWIL_clean,11.33313,3.69478,11.33313,0.92841,1562.33,1682.8,0.0,0.0,0.6504,0.700552,0.0,0,0.2417947529,0.26050159286678154,Train
SEFWOR_clean,11.5954,3.6311,11.5954,0.926162,1578.03,1703.84,0.0,0.0,0.6492,0.700957,0.0,0,0.2009656322,0.21174532057493872,Train
SEGBIR_clean,10.04679,9.57778,10.04679,1.2245,885.139,722.858,0.0,0.0,0.519,0.423847,0.0,1,0.14800664,0.008086059933758327,Train
SEGMEW_clean,4.54304,3.58735,4.3932,1.55869,710.369,455.747,0.0,0.0,0.505,0.32399,0.0,1,0.0935386553999999,0.3162847871483203,Train
SEHNID_clean,5.75155,4.35756,5.66689,1.44623,1469.69,1016.22,4.17576,2.88733,0.5848,0.404361,0.0,1,0.1094449324,0.32784537542570535,Train
SEHSII_clean,5.51627,4.61799,5.4977,1.32529,2244.33,1693.46,0.0,0.0,0.6396,0.482611,0.0,1,0.5557551808,0.6070040126840881,Train
SEHSUU_clean,5.44704,4.60331,5.44667,1.3755,2258.75,1642.13,0.0,0.0,0.6246,0.454089,0.0,1,0.5561440146,0.5832131775365051,Test
SEHTAB_clean,5.41612,4.59352,5.36104,1.41024,2230.71,1581.8,0.0,0.0,0.6402,0.453966,0.0,1,0.7079649490000001,0.5471021146433825,Train
SEHTEF_clean,5.47631,4.61623,5.47631,1.08146,2270.04,2099.06,0.0,0.0,0.6446,0.596049,0.0,1,0.7720315739,0.6208580253761088,Test
SEHVOQ_clean,4.8676,3.87877,4.8676,1.74504,1289.65,739.04,0.0,0.0,0.497,0.284807,0.0,1,0.8971570408,0.6722578242426207,Train
SEHXIN_clean,7.02055,6.72566,7.02055,1.5497,1564.27,1009.4,0.0,0.0,0.5642,0.364069,0.0,0,0.517114479,0.5967420417214655,Test
SEHZUB_clean,5.72411,4.04304,5.72411,1.14687,1108.91,966.904,0.0,0.0,0.5276,0.460036,0.0,1,0.4157447957,0.8142639407415848,Test
SEJBAL_clean,5.28042,3.84303,5.01194,1.17037,1017.74,869.583,0.0,0.0,0.5124,0.437809,0.0,1,0.3729746528,0.7272524746297728,Train
SEMFEX_charged,5.91615,4.07041,5.72647,1.27171,639.129,502.574,287.488,226.064,0.4862,0.38232,0.0,0,1.3260357002,0.8468693027521548,Test
SEMFIB_charged,6.30171,4.17949,5.81814,1.31707,655.519,497.709,308.693,234.378,0.512,0.38874,0.0,0,1.1321372278,0.9604110918956636,Train
SENVIR_clean,15.37344,3.88956,15.37344,0.850165,1726.79,2031.12,0.0,0.0,0.6596,0.77585,0.0,1,0.8627961928,0.8136752176427473,Train
SEQSIS_clean,5.53296,4.93164,5.53296,1.1424,1232.92,1079.24,0.0,0.0,0.546,0.477942,0.0,1,1.0583351061,0.7053525657703785,Test
SEQSOY_clean,6.18995,5.53555,6.17075,1.00925,1555.89,1541.63,0.0,0.0,0.5934,0.587963,0.0,1,0.9143333061,0.7239250647611402,Train
SEQTEP_clean,7.6925,5.22397,7.6925,0.967552,1457.91,1506.8,0.0,0.0,0.5822,0.601725,0.0,1,0.6351508352,0.6168072626728917,Test
SERCEZ_clean,10.07441,8.56931,10.07441,0.708098,2363.51,3337.82,0.0,0.0,0.7424,1.04844,0.0,1,0.5806743517,0.5095675429993303,Train
SERJOP_clean,8.8151,8.02852,8.80673,1.47492,1445.52,980.069,0.0,0.0,0.5668,0.384292,0.0,1,0.2448314089999999,0.22391873782101024,Train
SERJUV_clean,8.81658,8.12377,8.8037,1.17608,1441.79,1225.93,0.0,0.0,0.577,0.490611,0.0,1,0.3132815332,0.38594637595214554,Train
SERLEI_clean,11.28347,6.23061,11.2833,0.73908,2383.12,3224.44,0.0,0.0,0.7306,0.988527,0.0,1,0.6636096636,0.6550793763935897,Train
SERWAP_clean,5.42763,4.05857,5.33801,0.873598,1883.71,2156.27,0.0,0.0,0.6098,0.698033,0.0,0,1.2348016477,1.0523188047905612,Train
SETDUS_clean,4.71148,4.0993,4.71148,1.05303,1402.23,1331.61,0.0,0.0,0.6032,0.572822,0.0,1,0.7171762327,0.870623521916734,Test
SETPEO_clean,14.47047,3.66339,14.46844,0.794221,1742.27,2193.69,0.0,0.0,0.7298,0.918888,0.0,1,0.4930228734,0.44251747307659484,Test
SETQAL_clean,4.42679,4.26632,4.42679,1.31307,1092.38,831.931,0.0,0.0,0.5278,0.40196,0.0,0,0.974268096,1.1182638167658432,Test
SETQEP_clean,4.49444,4.34625,4.49444,1.29869,1133.37,872.699,0.0,0.0,0.5334,0.410721,0.0,0,0.9774757396,1.034521797595412,Train
SETQIT_clean,4.41727,4.22902,4.41727,1.31505,1081.66,822.523,0.0,0.0,0.5234,0.398009,0.0,0,0.9620003824,0.9824181195642606,Train
SETQOZ_SL,7.85539,7.34267,7.85421,0.993925,1777.54,1788.41,0.0,0.0,0.6354,0.639284,0.0,0,0.5466434520000001,0.570798530064615,Train
SETQUF_SL,7.76352,7.22608,7.76352,0.996606,1737.41,1743.32,0.0,0.0,0.6204,0.622513,0.0,0,0.5484278602,0.6617275454538676,Test
SETRAM_clean,8.05582,7.60574,8.05085,0.990751,1790.54,1807.25,0.0,0.0,0.6356,0.641533,0.0,0,0.6013788692,0.5370070178493944,Train
SETSIV_clean,10.19056,8.58608,10.19056,0.702208,2298.35,3273.03,0.0,0.0,0.7264,1.03445,0.0,1,0.5170759525,0.5003998886534631,Train
SETSOB_clean,6.38657,4.98443,6.37723,0.814512,2668.09,3275.69,0.0,0.0,0.6874,0.843941,0.0,0,0.6467570584000001,0.7633366303698002,Test
SETXEW_clean,4.58511,3.92335,4.57028,2.3001,529.435,230.179,0.0,0.0,0.417,0.181296,0.0,1,0.0954058386,0.09245865273940013,Train
SEVLEM_clean,9.1752,7.37433,9.1752,0.963135,2062.24,2141.17,0.0,0.0,0.6686,0.694191,0.0,1,0.2922349853,0.5046229146214977,Test
SEWCED_clean,12.17369,9.5104,12.17369,0.810307,1760.05,2172.08,0.0,0.0,0.6728,0.830303,0.0,1,0.3443961971,0.4378641561567713,Train
SEYQIW_clean,5.89707,5.20358,5.89707,1.03265,2825.78,2736.42,0.0,0.0,0.6948,0.672829,0.0,0,0.4220536803,0.4067742516690318,Train
SEZPOE_clean,4.80607,4.08896,4.78655,1.66902,1314.15,787.374,0.0,0.0,0.5938,0.355777,0.0,0,0.6488758582999999,0.8056489765784626,Train
SICZOV_clean,18.76086,11.86635,18.76086,0.419881,1773.06,4222.76,0.0,0.0,0.8408,2.00247,0.0,1,0.4731529726,0.42098264839820776,Train
SIDCAL_clean,9.18075,7.95829,9.18075,1.0779,1545.97,1434.24,0.0,0.0,0.5948,0.551815,0.0,0,0.4012376465999999,0.4808378319788388,Train
SIFVAG_clean,5.52904,3.49181,5.49354,1.16245,673.998,579.808,0.0,0.0,0.4796,0.412577,0.0,1,0.278038835,0.4119797146906647,Train
SIKGAW_clean,4.92676,4.21433,4.92676,0.888887,2386.29,2684.58,0.0,0.0,0.6492,0.730352,0.0,0,0.4554219066,0.6012577673980234,Train
SIKYER_clean,6.53029,4.26393,6.50771,1.2109,2088.91,1725.09,0.0,0.0,0.6104,0.504089,0.0,1,0.4705140118,0.7285264407891632,Test
SINQEL_clean,5.80887,4.60559,5.80549,1.29073,2087.2,1617.07,0.0,0.0,0.6484,0.502351,0.0,0,0.6619521824,0.5535753144576084,Train
SINXET_charged,4.94582,3.8237,4.93896,1.72217,738.404,428.763,0.0,0.0,0.4962,0.288124,0.0,0,0.0877470489,0.2911314699357515,Train
SIPCID_clean,5.31594,4.0774,5.2787,1.47588,738.038,500.065,0.0,0.0,0.506,0.342845,0.0,0,0.174832634,0.4121711141555609,Train
SIQCOM_clean,4.78607,3.41332,4.77151,1.37032,965.525,704.599,0.103074,0.0752192,0.535,0.39042,0.0,1,0.5414768261999999,0.5957415847391214,Train
SIQQEO_clean,5.38066,4.73377,5.38066,1.02212,1743.14,1705.42,0.0,0.0,0.596,0.583103,0.0,1,0.5827147126,0.7594382518526404,Train
SISFEH_clean,4.41588,3.6646,4.35167,1.61069,592.834,368.062,0.0,0.0,0.4254,0.26411,0.0,1,0.3099389584,0.47656068081586844,Train
SISPUH_clean,5.99511,5.1936,5.99511,1.69632,1257.02,741.025,0.0,0.0,0.5152,0.303716,0.0,1,0.6105167944,0.5427213766999696,Train
SISQAO_clean,5.99338,5.23289,5.99338,1.66873,1254.35,751.683,0.0,0.0,0.5178,0.310297,0.0,1,0.6180105158,0.5494228069905281,Test
SISQES_clean,5.97003,5.21528,5.97003,1.65966,1234.67,743.931,0.0,0.0,0.5184,0.312353,0.0,1,0.6187867552,0.5599691676005359,Test
SISQIW_clean,6.00511,5.20372,6.00511,1.61583,1236.89,765.482,0.0,0.0,0.521,0.322434,0.0,1,0.6075065036999999,0.5372468754003831,Test
SITTUM_clean,6.67296,3.57209,6.58264,1.4371,626.277,435.791,0.0,0.0,0.4524,0.3148,0.0,1,0.3900944893999999,0.38064865676347515,Train
SIVGIP_clean,5.24448,3.98805,5.17797,1.10666,1685.18,1522.76,0.0,0.0,0.6024,0.544339,0.0,1,0.5611222765,0.6721318257006834,Train
SIVGOV_clean,5.24396,4.0676,5.24396,1.11955,1644.75,1469.11,0.0,0.0,0.6106,0.545397,0.0,1,0.5693007517,0.6524617662184812,Train
SIVGUB_clean,8.31266,6.47199,8.20556,0.679186,2443.34,3597.46,0.0,0.0,0.7546,1.11104,0.0,1,0.5397188321,0.4893558654219504,Train
SIVJIS_clean,6.47513,4.62269,6.40533,1.38853,1236.89,890.797,0.0,0.0,0.5274,0.379827,0.0,0,0.6180908735,0.611893128215033,Train
SIVKAK_clean,4.30972,3.83052,4.30972,1.95562,167.191,85.4925,0.0,0.0,0.4122,0.210777,0.0,1,0.0283804939,0.03684719817630289,Train
SIVQAR_clean,8.43693,5.95196,8.03277,1.35381,1577.05,1164.9,0.0,0.0,0.616,0.455013,0.0,1,0.4569569477,0.3398370225177375,Train
SIVWUR_clean,4.87776,4.03318,4.87776,1.72206,462.742,268.715,0.0,0.0,0.3598,0.208936,0.0,0,0.7808385342,0.7276888723484604,Train
SIWSUO_clean,4.95346,3.52092,4.93971,1.30798,969.125,740.933,0.0,0.0,0.499,0.381505,0.0,1,1.2489560969,0.9222056570327528,Train
SIWTEZ_clean,6.78942,4.98966,6.77665,1.39975,1050.66,750.605,0.0,0.0,0.4732,0.33806,0.0,1,0.4346144084,0.45648635991911546,Train
SIWTOJ_clean,4.72876,3.487,4.72876,1.43464,1201.3,837.352,0.0,0.0,0.525,0.365944,0.0,1,1.3555159271,0.5939131812045957,Test
SIZJUH_clean,6.46611,5.64692,6.46611,1.69172,651.341,385.016,66.1469,39.1003,0.474,0.280188,0.0,1,0.0428500729,0.2183596288148688,Train
SIZPUN_clean,19.22538,6.71018,19.22499,0.693763,2153.01,3103.37,0.0,0.0,0.757,1.09115,0.0,1,0.6217861457,0.6141420680210705,Train
SOBTUY_clean,5.30158,4.93345,5.25562,1.24028,1722.57,1388.85,0.0,0.0,0.5708,0.460217,0.0,1,0.2751399891,0.5884194601342415,Train
SOBZEQ_clean,7.06044,5.44324,7.04565,0.861876,2509.51,2911.69,0.0,0.0,0.7062,0.819376,0.0,1,0.4785553218,0.5636247282477044,Train
SOCLAZ_clean,3.66826,3.40979,3.66826,1.5968,132.944,83.257,0.0,0.0,0.3902,0.244364,0.0,0,0.0775957082,0.08211626939112421,Train
SODNAA_clean,4.92821,3.76656,4.9265,1.39799,1007.61,720.756,0.0,0.0,0.501,0.358372,0.0,1,0.6195353211,0.6654247724134199,Train
SODQOT_clean,6.38354,5.71555,6.35379,1.16333,2168.31,1863.88,0.0,0.0,0.653,0.561321,0.0,1,0.4953638572,0.4765852912474519,Train
SODXUG_clean,4.72864,4.01613,4.71178,1.34536,905.757,673.244,0.0,0.0,0.4682,0.34801,0.0,1,1.1386166617,0.7297923784707749,Test
SODZIV_clean,6.23207,5.25681,6.23207,1.2688,1153.66,909.256,0.0,0.0,0.5338,0.420714,0.0,1,0.3475869996,0.5381925886954565,Train
SOHBUO_clean,4.82292,4.04207,4.82292,1.2506,823.12,658.177,0.0,0.0,0.481,0.384614,0.0,1,0.5084830361,0.7711593852030366,Train
SOHGUS_clean,9.69532,8.17838,9.6883,0.723839,1841.74,2544.41,0.0,0.0,0.707,0.976737,0.0,0,0.4630199518,0.4461880300218948,Test
SOHMEI_clean,8.65383,8.02301,8.62464,1.19399,2084.79,1746.06,0.0,0.0,0.6688,0.560138,0.0,0,0.3607027437,0.5156512700380493,Test
SOHMIM_clean,8.13654,7.41946,8.10265,1.23579,2022.73,1636.78,0.0,0.0,0.6656,0.538601,0.0,0,0.3519016635999999,0.37097484724029767,Train
SOHMUY_clean,8.20693,7.56134,7.97833,1.2172,2055.43,1688.66,0.0,0.0,0.6606,0.542722,0.0,0,0.3525316759,0.43599523114700434,Train
SOHNAF_clean,8.77466,8.24178,8.76382,1.17605,2072.16,1761.97,0.0,0.0,0.686,0.583311,0.0,0,0.3646500304,0.5122826285919104,Test
SOHNEJ_clean,8.72478,7.97366,8.7184,1.18471,2089.45,1763.69,0.0,0.0,0.6672,0.563178,0.0,0,0.3668159032,0.5775003142307663,Test
SOHNIN_clean,8.46136,7.91648,8.46136,1.21276,2069.15,1706.15,0.0,0.0,0.6704,0.552789,0.0,0,0.3593545044,0.41043996233115126,Train
SOJGOO_clean,6.25393,4.92061,6.24311,1.24524,1162.74,933.744,0.0,0.0,0.513,0.411967,0.0,1,0.7208003887000001,0.5630438411950837,Test
SOJSUH_clean,8.78676,6.77563,8.78676,0.847279,2062.57,2434.34,0.0,0.0,0.6744,0.79596,0.0,1,0.5233577401,0.5150756205090701,Test
SOKKOT_ion_b,6.1792,5.66918,6.17838,1.21138,852.75,703.947,80.7869,66.6897,0.5432,0.448412,0.0,0,0.618630136,0.6130408217418254,Train
SOKKUZ_clean,6.70484,6.32665,6.70484,1.05966,2286.47,2157.74,0.0,0.0,0.6502,0.613593,0.0,0,0.9277254894,0.904531482364278,Train
SOKWAS01_clean,5.31439,4.17423,5.31439,1.94035,1774.06,914.299,0.0,0.0,0.5988,0.308604,0.0,1,0.3372333335,0.35464458035077584,Test
SOKWAS_clean,6.00629,4.14523,5.99555,1.89659,1733.95,914.246,0.0,0.0,0.6016,0.317201,0.0,1,0.3568488118999999,0.2687260143565605,Train
SOKWUM_clean,5.85854,4.29712,5.84922,1.62759,2447.15,1503.54,0.0,0.0,0.6492,0.398872,0.0,1,0.2242087102,0.20881749868735894,Train
SOMCON_clean,8.11347,7.39172,8.11088,1.23046,2025.07,1645.79,0.0,0.0,0.6712,0.545487,0.0,0,0.3398846903999999,0.34614748423101727,Test
SOMFAC_clean,6.70637,6.34214,6.70637,1.04875,2285.42,2179.2,0.0,0.0,0.6702,0.639049,0.0,0,0.9088805694,0.7323237644242009,Train
SOMFEG_clean,6.71551,6.34258,6.71551,1.05531,2284.15,2164.44,0.0,0.0,0.6512,0.61707,0.0,0,0.9069747148,0.894416987351272,Train
SOMFIK_clean,6.73279,6.35537,6.73279,1.03071,2266.62,2199.08,0.0,0.0,0.6584,0.63878,0.0,0,0.8859202852,0.8745815255228371,Train
SOMSIY_clean,6.00203,5.70916,6.00203,1.30077,1538.34,1182.64,0.0,0.0,0.5758,0.442662,0.0,0,1.1110412228,0.9046258664473052,Train
SONTAR_manual,6.97799,5.28288,6.97799,1.00094,2334.34,2332.14,0.0,0.0,0.674,0.673365,0.0,1,0.3831107943,0.47957570056610954,Train
SONTIZ_clean,6.62072,5.41763,6.62072,1.09079,2319.93,2126.83,0.0,0.0,0.6638,0.608548,0.0,1,0.3793548207,0.44839517648675353,Train
SONTOF_clean,6.50923,5.39354,6.50923,1.11456,2282.12,2047.56,0.0,0.0,0.6604,0.592523,0.0,1,0.3862095389,0.4606850515447187,Train
SONTUL_neutral_b,11.07564,6.55104,11.07564,0.882976,2163.69,2450.45,0.0,0.0,0.717,0.812027,0.0,1,0.6095170009,0.5532939069982972,Train
SONVAT_neutral_b,13.18133,6.56576,13.18133,0.88151,2137.18,2424.45,0.0,0.0,0.7168,0.81315,0.0,1,0.6279868216,0.6147704864103134,Train
SONVEX_neutral_b,13.20026,6.62162,13.20026,0.879921,2126.12,2416.26,0.0,0.0,0.7172,0.815073,0.0,1,0.6136526908,0.6066094866389806,Train
SONVIB_neutral_b,13.19327,6.63983,13.19327,0.881013,2113.29,2398.7,0.0,0.0,0.7204,0.817695,0.0,1,0.618950817,0.6106501751178911,Train
SOPLAM_clean,7.99336,6.43639,7.96868,0.786263,2208.41,2808.75,0.0,0.0,0.6702,0.852386,0.0,1,0.5536202926,0.5692503066409412,Train
SOPLEQ_clean,8.78838,7.50509,8.78838,0.73171,2217.3,3030.3,0.0,0.0,0.6802,0.929603,0.0,0,0.5127772818999999,0.5906597371681357,Train
SOPLOA_clean,8.29809,6.85068,8.29809,0.790491,2059.77,2605.68,0.0,0.0,0.6598,0.834671,0.0,1,0.5511450204,0.5076790951561421,Train
SOSSEA_clean,4.66034,3.46037,4.63504,1.16769,974.945,834.933,0.0,0.0,0.5088,0.435731,0.0,0,0.9812450928,0.973103815763896,Train
SOTWOP_clean,6.21348,5.18247,6.21348,1.16378,2263.81,1945.21,0.0,0.0,0.6514,0.559726,0.0,1,0.3626167288,0.46458674823842633,Train
SOTWUV_clean,6.18672,5.12197,6.18672,1.20466,2258.56,1874.85,0.0,0.0,0.6516,0.540898,0.0,1,0.3708161353999999,0.44618565537624205,Test
SOTXAC_clean,6.12649,5.14189,6.12133,1.25484,2251.96,1794.63,0.0,0.0,0.645,0.514011,0.0,1,0.3782485917,0.45075185954047137,Train
SOTXEG_neutral,5.04075,3.40746,5.04075,1.50786,630.779,418.326,0.0,0.0,0.472,0.313026,0.0,0,0.4096840221,0.5527434297158385,Train
SOVHAM_clean,4.88485,4.19849,4.88485,1.17469,1409.46,1199.86,0.0,0.0,0.5526,0.470422,0.0,1,0.4412277672999999,0.6526070313003717,Train
SOVHOA_clean,4.19176,3.82361,4.19176,1.2075,1328.47,1100.17,0.0,0.0,0.5406,0.4477,0.0,1,0.3799317678,0.7579065782477465,Train
SOVLEW_clean,16.78989,6.64048,16.78989,0.755158,2186.99,2896.07,0.0,0.0,0.742,0.982576,0.0,1,0.5623253834,0.6094190611186717,Test
SOXDAM_clean,7.87287,4.28499,7.87287,1.75813,1069.27,608.188,0.0,0.0,0.4738,0.26949,0.0,1,0.4646634425,0.18677542141460052,Test
SOXDEQ_clean,7.82825,4.19616,7.82511,1.75226,1007.81,575.152,0.0,0.0,0.4478,0.255556,0.0,1,0.4750708253,0.2843727824948645,Train
SOYFUJ_clean,4.60508,3.53241,4.56134,1.47456,918.914,623.177,0.0,0.0,0.5152,0.349392,0.0,1,0.5741713797,0.5686593646623002,Train
SOYWOT_neutral_b,13.17245,6.57882,13.17245,0.881994,2147.64,2434.99,0.0,0.0,0.7166,0.812478,0.0,1,0.6156934123,0.6109810995201064,Train
SOYWUZ_clean,13.18202,6.56101,13.18202,0.874244,2168.24,2480.14,0.0,0.0,0.7172,0.820366,0.0,1,0.5106706453000001,0.6073021880925537,Test
SOZBIS_clean,7.02326,5.68654,7.02326,1.02671,2667.76,2598.37,0.0,0.0,0.7458,0.7264,0.0,0,0.1643696081,0.14893483461387758,Train
SOZGIZ_clean,8.59808,3.83664,8.57584,1.027,1782.17,1735.31,0.0,0.0,0.6252,0.608761,0.0,1,0.7512625918000001,0.725142521988574,Test
SOZGOF_clean,8.62412,3.75854,8.61676,1.03974,1771.69,1703.98,0.0,0.0,0.6218,0.598036,0.0,1,0.8650622701999999,0.7492868629403248,Train
SOZRUW_clean,8.81736,4.01112,8.59398,0.978332,1794.66,1834.4,0.0,0.0,0.6308,0.644771,0.0,1,0.7318110376000001,0.684241799755518,Train
SOZSAD_clean,8.8027,3.99777,8.80075,0.979603,1802.77,1840.31,0.0,0.0,0.6322,0.645363,0.0,1,0.7352527693,0.695038031271708,Train
SOZSEH_clean,8.87095,4.01926,8.85196,0.99882,1779.57,1781.67,0.0,0.0,0.63,0.630744,0.0,1,0.7372679739,0.6799776226605942,Train
SOZSIL_clean,8.7376,3.97317,8.68094,0.99936,1793.88,1795.03,0.0,0.0,0.631,0.631404,0.0,1,0.7451030784,0.7101714042052099,Train
SOZSOR_clean,8.74499,3.992,8.31175,1.01024,1785.62,1767.53,0.0,0.0,0.6274,0.621043,0.0,1,0.7524270738,0.6998516929284218,Train
SOZSUX_clean,8.70746,3.96873,8.68609,1.0202,1783.95,1748.63,0.0,0.0,0.6284,0.615958,0.0,1,0.7479401144,0.7024708913432757,Train
SUBMIN_clean,9.97573,6.14945,9.9755,0.833875,1650.14,1978.89,0.0,0.0,0.635,0.761505,0.0,0,0.5756442159,0.5352337897081476,Train
SUCLOT_clean,5.75412,5.30597,5.75185,0.900285,1657.72,1841.33,0.0,0.0,0.6148,0.682895,0.0,1,0.4340605431,0.6667964020385295,Train
SUFBAY_clean,6.49481,4.4278,6.49481,0.863231,1967.74,2279.51,0.0,0.0,0.608,0.704331,0.0,0,1.0515502455,0.9453830321260382,Train
SUFHIM_clean,10.78647,9.46825,10.78641,1.0639,1328.84,1249.03,0.0,0.0,0.569,0.534826,0.0,1,0.2328675194,0.32412128049684397,Train
SUFJOU_clean,6.30332,3.54841,6.29414,1.24899,1424.61,1140.61,0.0,0.0,0.571,0.457169,0.0,1,1.4595080081,0.9618462349037309,Train
SUFROA_clean,5.45181,5.00801,5.45026,0.91452,1466.61,1603.69,0.0,0.0,0.6234,0.681669,0.0,0,0.6450695194,0.6271836176068837,Test
SUGDIJ_auto,12.99556,11.59411,12.53696,0.409914,1974.15,4816.02,0.0,0.0,0.8394,2.04775,0.0,0,0.3777301449,0.37402564524085574,Train
SUGVUM_clean,5.79435,4.06776,5.78784,1.1064,1279.06,1156.05,0.0,0.0,0.5442,0.491863,0.0,1,1.1025344729000002,0.7849648508845654,Train
SUHBAA_clean,11.92534,10.15941,10.7957,0.715863,1973.75,2757.16,0.0,0.0,0.807,1.12731,0.000279383,1,0.2934904876999999,0.2634363009840717,Train
SUHMEP_clean,8.35438,6.74513,8.35438,1.25512,1629.48,1298.27,0.0,0.0,0.6082,0.484574,0.0,0,0.4659370603,0.5261242488830318,Train
SUJNUH_clean,7.55155,6.59808,7.55155,1.24948,986.433,789.474,0.0,0.0,0.5334,0.426897,0.0,1,0.2698253678,0.20454023275757444,Test
SUKKUF_clean,5.04,3.85862,5.04,2.47267,613.367,248.059,0.0,0.0,0.3764,0.152224,0.0,1,0.2230920953,0.15668932297687155,Train
SUKNOC_charged,12.16925,11.40732,12.16925,0.725109,1812.93,2500.21,0.0,0.0,0.7,0.965373,0.0,1,0.2515440952,0.43661998979224315,Train
SUKNUI_charged,11.25061,10.30174,11.25061,0.775347,1855.65,2393.32,0.0,0.0,0.6848,0.883217,0.0,1,0.2158696134,0.4332549471048026,Train
SUKREX_clean,5.76528,3.44001,5.76528,2.05587,771.787,375.407,0.0,0.0,0.4332,0.210714,0.0,1,0.3036955221,0.31248025913147764,Test
SUKRIB_clean,5.67492,3.40868,5.64201,2.09272,780.987,373.192,0.0,0.0,0.4274,0.204232,0.0,1,0.3096104485,0.2752933969710378,Train
SUKYIH_clean,9.64677,7.09331,9.64677,0.59954,2372.38,3957.0,0.0,0.0,0.7742,1.29132,0.0,1,0.5306007919,0.44646598645535696,Train
SUKYON_clean,10.7978,7.28862,10.07334,0.52652,2852.06,5416.81,0.601169,1.14178,0.7786,1.47877,0.0,1,0.5727523582,0.5049563472223533,Train
SUNHUF_clean,6.56646,4.08998,6.54784,1.26553,1485.95,1174.18,0.0,0.0,0.5694,0.449931,0.0,0,0.5482176821,0.7272755914499696,Train
SUNJER_clean,4.80272,3.79637,4.63139,1.43298,1698.73,1185.45,0.0,0.0,0.5816,0.405867,0.0,1,0.8615796761,0.7081112104238989,Train
SUNJIV_clean,4.89155,3.90131,4.73471,1.36084,1754.51,1289.29,0.0,0.0,0.5968,0.438553,0.0,1,0.6484683825,0.6612014139374365,Train
SUNJOB01_clean,4.89634,3.8976,4.73512,1.37366,1723.73,1254.84,0.0,0.0,0.596,0.433877,0.0,1,0.6584112755,0.6682834484278033,Test
SUNJOB_clean,4.89048,3.89627,4.72752,1.37509,1744.51,1268.65,0.0,0.0,0.5894,0.428626,0.0,1,0.6508818518,0.6529601145723365,Train
SUPLOF_clean,9.82615,5.81764,9.823,0.800346,2153.22,2690.36,0.0,0.0,0.6784,0.847633,0.0,0,0.4599309099,0.6332737506125398,Test
SUQHUJ_clean,7.25953,5.23411,7.25953,1.08539,2701.3,2488.77,0.0,0.0,0.709,0.653219,0.0,1,0.76125339,0.4457498844767057,Train
SUQJEV_clean,6.37976,3.41068,6.37976,1.61288,1257.56,779.698,0.0,0.0,0.5318,0.329721,0.0,1,1.2730052991,0.8426610079944433,Train
SURDOA_clean,4.38797,3.72635,4.38797,1.29817,708.567,545.82,0.0,0.0,0.448,0.345101,0.0,0,0.4144015417,0.7035523124131485,Train
SUSZIQ_clean,6.2853,5.33445,6.2853,1.91818,700.301,365.087,0.0,0.0,0.4294,0.223858,0.0,0,1.2053871963,0.7580722015114574,Train
SUSZOW_clean,6.37118,5.41681,6.36973,1.91863,721.465,376.031,0.0,0.0,0.4268,0.22245,0.0,0,1.1817308465,0.6578133715364781,Test
SUVNEE_clean,15.6562,6.95834,15.6562,0.815704,1584.31,1942.26,314.611,385.692,0.6944,0.851289,0.0,1,0.5497143673,0.5709569249513916,Train
SUWBET_clean,4.90044,3.63709,4.9004,1.39724,1278.69,915.152,0.0,0.0,0.5378,0.384902,0.0,1,0.5379087878000001,0.6581197331680443,Train
SUWQEI_clean,9.47366,7.57886,8.89706,0.818244,1562.75,1909.88,0.0,0.0,0.6376,0.779229,0.0,1,0.3821284849,0.39246644539389575,Test
TACFIN_clean,4.11781,3.54093,4.10826,2.15064,560.827,260.772,0.0,0.0,0.499,0.232024,0.0,0,1.0737876049,0.8557836070320193,Test
TACPAP_clean,6.18933,6.06319,6.18525,1.70548,627.561,367.968,0.0,0.0,0.428,0.250956,0.0,0,0.30385407,0.44590015580535636,Test
TACPET_clean,6.03338,5.92233,6.03037,1.73347,616.775,355.803,0.0,0.0,0.4186,0.241481,0.0,0,0.3221748117,0.3467131008900102,Train
TACPIX_clean,6.11363,6.00668,6.11363,1.71163,630.3,368.246,0.0,0.0,0.4286,0.250405,0.0,0,0.2937372639,0.4504168076607862,Test
TACWOM_clean,6.848,5.25293,6.59533,0.694132,2524.62,3637.09,0.0,0.0,0.711,1.0243,0.0,1,0.7229042613,0.5549649477725914,Test
TACWUS_clean,6.83932,5.17767,6.83932,0.667047,2492.87,3737.18,0.0,0.0,0.6944,1.04101,0.0,1,0.7069857156999999,0.6567644219710806,Train
TADCOS_clean,5.56445,4.67968,5.55486,1.27739,2127.97,1665.87,0.0,0.0,0.6456,0.505404,0.0,0,0.5873222461,0.6601462869549628,Train
TADWEC_manual,12.9835,12.22348,12.9835,0.782876,1609.55,2055.94,0.0,0.0,0.6462,0.825418,0.0,1,0.7063467957999999,0.5813712519325083,Train
TADWIG_manual,12.20204,12.01283,12.20204,0.782648,1673.73,2138.55,0.0,0.0,0.6702,0.856323,0.0,1,0.7927598234000001,0.42588969797995296,Test
TADYEE_clean,6.41454,5.84385,6.41454,1.06115,1369.43,1290.51,0.0,0.0,0.545,0.513592,0.0,0,0.3211783817,0.5116089946614683,Train
TADYII_clean,4.96323,4.04573,4.95818,1.11527,1604.24,1438.44,0.0,0.0,0.5578,0.500149,0.0,0,0.2693356098,0.9842988078961672,Test
TAGBUZ_clean,4.64533,3.41141,4.64533,1.22769,600.487,489.118,0.0,0.0,0.4834,0.393746,0.0,1,1.0045254379000002,0.8356667572659653,Train
TAGSEB_clean,5.65756,4.12237,5.64659,1.3278,950.233,715.647,0.0,0.0,0.4958,0.373401,0.0,1,0.2401939413,0.5210832314369471,Train
TAGTED_clean,7.12719,5.34262,7.10815,0.804618,2476.05,3077.29,0.0,0.0,0.6892,0.856555,0.0,1,0.5542744414999999,0.6650356802523634,Test
TAGTIH_clean,7.18408,5.4183,7.18408,0.735724,2753.27,3742.25,0.0,0.0,0.7098,0.964764,0.0,1,0.5727706547,0.572971757717754,Test
TAGTUT_clean,8.9985,5.11189,8.9985,0.769828,1964.88,2552.36,0.0,0.0,0.6538,0.849281,0.0,1,0.6859007249,0.6307119694761256,Train
TAGVAB_clean,7.19373,5.47476,7.19162,0.743514,2474.93,3328.7,0.0,0.0,0.678,0.911886,0.0,1,0.6180054823,0.6813181939940196,Train
TAHNEY_clean,10.9331,7.2387,10.84031,1.02563,2322.37,2264.33,0.0472135,0.0460334,0.7992,0.779225,0.0,1,0.0853113128999999,0.08834641766593898,Train
TAJXIO01_clean,3.69381,3.48019,3.69381,2.30789,102.259,44.3085,0.0,0.0,0.3224,0.139695,0.0,1,0.0221538899,0.11412538151634444,Test
TAJXIO02_clean,3.66669,3.45698,3.66669,2.31975,96.8188,41.7367,0.0,0.0,0.3178,0.136997,0.0,1,0.0184934235,0.11461726816248813,Test
TAJXIO03_clean,3.62936,3.42106,3.62936,2.33614,88.0182,37.6767,0.0,0.0,0.3106,0.132954,0.0,1,0.0164763452,0.07607285934982355,Train
TAJXIO04_clean,3.63081,3.41863,3.61802,2.33825,87.153,37.2728,0.0,0.0,0.3114,0.133177,0.0,1,0.0142571343,0.07607285934982355,Test
TAJXIO_clean,3.69262,3.45097,3.69262,2.33323,96.1718,41.2184,0.0,0.0,0.319,0.136721,0.0,1,0.0212689233,0.1140705851489856,Test
TAKGOE_clean,10.5248,9.55919,10.5248,1.53175,1232.21,804.446,0.0,0.0,0.5862,0.3827,0.0,1,0.2346350153999999,0.20283722017475153,Test
TAKGUK_clean,10.52986,9.57688,10.52986,1.52454,1236.56,811.103,0.0,0.0,0.5926,0.388707,0.0,1,0.2324099701,0.2060651014839322,Train
TAKHAR_clean,10.31674,9.51664,10.31674,1.55109,1234.33,795.781,0.0,0.0,0.5892,0.379861,0.0,1,0.2316547394999999,0.1826346911684904,Train
TAKHEV_clean,10.20812,9.46941,10.20812,1.57295,1231.54,782.951,0.0,0.0,0.5872,0.373312,0.0,1,0.233791222,0.2153621545259573,Train
TAKTIL_clean,7.09237,6.9712,7.09237,1.23349,1578.28,1279.52,0.0,0.0,0.5866,0.47556,0.0,0,1.2887051689,0.9684782272279001,Test
TAKTOR_clean,7.05969,6.99995,7.05969,1.17586,1580.48,1344.1,0.0,0.0,0.5726,0.486963,0.0,0,0.945197557,0.991628722999965,Train
TAKVAF_clean,7.05263,6.93916,7.05263,1.17979,1573.47,1333.69,0.0,0.0,0.5826,0.493819,0.0,0,0.9603528561,0.950349029047675,Train
TAMHUM_clean,11.15594,7.259,10.84071,0.82433,2033.72,2467.12,0.0,0.0,0.7282,0.883384,0.0,1,0.2358563538,0.3830771974309339,Train
TAMJAU_charged,8.92381,6.94851,8.92381,1.37984,1141.5,827.271,0.0,0.0,0.549,0.397872,0.0,1,0.2242390739,0.2044630371012222,Train
TAMJEY_charged,9.35755,7.41632,9.35755,1.16758,1638.67,1403.47,0.0,0.0,0.615,0.52673,0.0,1,0.2747287309,0.3915947668044627,Test
TAMZUE_charged,4.64123,3.89872,4.64123,1.60316,476.421,297.176,37.0323,23.0996,0.4566,0.284813,0.0,0,0.3825030814,0.37457312073650534,Train
TANBAN_charged,4.68355,3.94427,4.68195,1.53411,507.69,330.936,40.177,26.1892,0.4644,0.302717,0.0,0,0.3733981668,0.43298401975414985,Train
TANBER_charged,4.69623,3.9752,4.69623,1.55724,521.36,334.798,40.7728,26.1828,0.462,0.296679,0.0,0,0.3786872951,0.5245082017788589,Test
TANBIV_charged,4.67591,3.93255,4.67558,1.57743,501.763,318.09,39.3209,24.9272,0.4588,0.290853,0.0,0,0.3853887306,0.40369431188400484,Train
TANBOZ_clean,6.76714,4.26504,6.76714,1.06143,2653.84,2500.25,0.0,0.0,0.7164,0.674939,0.0,1,0.1157484156,0.2205080439806279,Train
TAPXIT01_clean,5.69893,5.36843,5.69893,1.57809,498.722,316.029,0.0,0.0,0.4096,0.259554,0.0,1,0.2968970348999999,0.23173324549324387,Train
TAQGEZ_clean,8.38886,8.25863,8.38886,0.927218,1939.79,2092.05,0.0,0.0,0.7086,0.764222,0.0,0,0.2856679926,0.4172832797896452,Train
TAQGOK_clean,4.98254,4.66211,4.92513,1.2855,367.973,286.249,0.0,0.0,0.4142,0.32221,0.0,1,0.3507562646,0.4015778281483615,Test
TARVOX_clean,4.82249,4.38256,4.82249,1.56156,717.335,459.371,0.0,0.0,0.4084,0.261533,0.0,1,0.1292348725,0.2891508307343257,Train
TARVUD_clean,5.52201,5.05683,5.52201,1.5754,822.863,522.32,0.0,0.0,0.431,0.273582,0.0,1,0.136077973,0.3254160407437178,Train
TARWAK_clean,5.7222,5.11854,5.62643,1.61442,844.237,522.933,0.0,0.0,0.433,0.268207,0.0,1,0.1263954243999999,0.349372442411293,Train
TARWEO_clean,5.90162,5.41792,5.90162,1.76228,855.544,485.476,0.0,0.0,0.4612,0.261707,0.0,1,0.1272926503999999,0.31405298159494527,Train
TASFAU_clean,11.93851,7.45098,11.93851,0.561345,2465.98,4393.0,0.0,0.0,0.7892,1.40591,0.0,1,0.3103020283,0.42525310399783356,Train
TASJUT_charged,4.28411,3.85282,4.28411,1.51154,607.984,402.228,0.0,0.0,0.4342,0.287257,0.0,1,0.7016243769,0.6575514708903625,Train
TASVUG_clean,7.60995,6.84404,7.60152,1.19319,1872.8,1569.57,0.0,0.0,0.6146,0.515088,0.0,1,0.3354959011,0.45006580951923275,Train
TASWAN_clean,7.61281,6.7795,7.61281,1.23616,1858.69,1503.6,0.0,0.0,0.6202,0.501716,0.0,1,0.3524442059,0.4424677789038048,Train
TASWER_clean,7.18775,6.56186,7.17833,1.27687,1841.49,1442.19,0.0,0.0,0.6088,0.47679,0.0,1,0.3552304638,0.468786396687515,Train
TASWIV_clean,7.31506,6.71653,7.31506,1.25001,1853.82,1483.05,0.0,0.0,0.6122,0.489757,0.0,1,0.3544433367,0.48637711233603087,Test
TASWOB_clean,7.28953,6.56977,7.27292,1.26788,1836.09,1448.15,0.0,0.0,0.6064,0.478278,0.0,1,0.3545441507999999,0.468769694570286,Train
TASXIW_clean,7.39302,4.84143,7.39302,1.10616,2095.82,1894.67,0.0,0.0,0.6304,0.569897,0.0,1,0.7379112039,0.7049106169963232,Test
TASYUJ_charged,12.08735,10.73897,12.08735,0.620401,1700.18,2740.45,93.6236,150.908,0.725,1.1686,0.0,1,0.6996348212000001,0.6528810854006775,Train
TASZAQ_charged,12.48204,11.20672,12.48204,0.609743,1448.73,2375.98,226.842,372.029,0.73,1.19723,0.0,1,0.395035695,0.4972076498954259,Train
TASZEU_charged,12.15024,10.9248,12.15024,0.559582,2019.96,3609.76,0.0,0.0,0.7508,1.34172,0.0,1,0.6931320990000001,0.5206418679137371,Test
TATPOV_clean,8.94506,6.39643,8.9366,0.932619,2044.77,2192.51,0.0,0.0,0.6812,0.730416,0.0,1,0.5279138777,0.544178689838628,Train
TAWHOO_clean,4.38999,3.64477,4.35876,1.86492,695.401,372.886,0.0,0.0,0.4262,0.228535,0.0,0,2.9890479211,2.495393579141854,Train
TAWTAP_clean,4.72389,3.94843,4.7043,1.63068,1518.12,930.97,0.0,0.0,0.6006,0.368312,0.0,0,0.9948571772,0.6605416370984296,Test
TAWYUO_clean,7.27421,6.44823,7.26586,0.918654,1410.21,1535.08,0.0,0.0,0.5716,0.622215,0.0,1,0.5813349232,0.6400284297610379,Test
TAYNEN_clean,5.31191,3.45332,5.31191,1.3024,757.68,581.756,0.0,0.0,0.4834,0.371161,0.0,0,0.2737857482999999,0.5523797213359722,Test
TAZLIR_clean,11.03662,6.77118,11.03522,0.972357,2245.68,2309.52,0.0,0.0,0.737,0.757952,0.0,1,0.443169832,0.45543575612317266,Train
TAZLOX_clean,11.11165,6.76913,11.10718,0.977004,2218.73,2270.96,0.0,0.0,0.7358,0.753118,0.0,1,0.4452733685,0.45543052247471366,Train
TAZLUD_clean,11.12433,6.7889,11.12433,0.98349,2237.28,2274.84,0.0,0.0,0.7358,0.748152,0.0,1,0.4400473726,0.43166706605241817,Train
TAZSAP02_clean,4.8997,3.82043,4.80699,1.96517,851.036,433.06,0.0,0.0,0.4368,0.222271,0.0,1,0.1754808642,0.33725834912548924,Test
TAZYAV_clean,6.36917,5.18527,6.3624,0.882052,2917.95,3308.15,0.0,0.0,0.7278,0.825122,0.0,0,0.2953936471,0.5848953917104491,Test
TEBSAW_clean,5.155,3.94411,5.14164,1.22508,1226.81,1001.4,0.0,0.0,0.5714,0.466417,0.0,1,0.6025424897,0.7515044133716884,Train
TECTUS_clean,5.16992,3.60905,5.14467,1.12529,1198.87,1065.39,0.0,0.0,0.54,0.479875,0.0,1,0.5980735061,0.8302272017059482,Train
TECVEE_clean,6.29319,4.18887,6.28108,1.16711,1136.4,973.681,0.0,0.0,0.5084,0.435605,0.0,1,0.646359118,0.6251264699655684,Train
TEDXOR_clean,4.80997,3.90285,4.79195,1.24859,706.426,565.776,0.0,0.0,0.4748,0.380268,0.0,1,0.6361127114,0.6207135390718329,Train
TEFWIL_clean,18.12979,5.71178,18.12979,1.1222,1588.21,1415.26,0.0,0.0,0.6436,0.573515,0.0,0,0.3848744741,0.3267482646369896,Train
TEFWOR_clean,8.09113,4.61719,8.09113,1.43313,1313.7,916.666,0.0,0.0,0.5436,0.379311,0.0,0,0.7424166193999999,0.6610681522417179,Test
TEHRUU_clean,4.78045,3.65221,4.45538,1.55312,875.885,563.951,207.395,133.534,0.5568,0.358503,0.0,1,0.1984899191,0.2749994436988243,Train
TEHWEK_clean,5.04484,3.57491,5.04484,1.22875,1458.35,1186.85,0.0,0.0,0.6306,0.513203,0.0,0,0.5568570384,0.6859380180067479,Train
TEJBAN_clean,4.03108,3.48324,4.03108,1.38569,387.305,279.502,0.0,0.0,0.442,0.318974,0.0,0,0.2737793142,0.34379504436438846,Test
TEJBOB_clean,7.12468,6.03948,7.12468,1.31037,1062.37,810.735,0.0,0.0,0.4896,0.373634,0.0,1,0.2744141726,0.3700143817003924,Train
TEJGAS_clean,4.74057,3.77757,4.73232,1.91081,991.998,519.151,0.0,0.0,0.479,0.250679,0.0,1,0.2290769721999999,0.22216303215382954,Train
TEJGEW_clean,4.65952,3.80073,4.61652,1.92155,1014.2,527.802,0.0,0.0,0.4756,0.247508,0.0,1,0.2176742257,0.27216997551506633,Train
TEJGIA01_clean,4.64544,3.84764,4.60599,1.88324,1040.62,552.567,0.0,0.0,0.4686,0.248826,0.0,1,0.2199125521,0.3193885942006709,Train
TEJGIA_clean,4.64155,3.86357,4.62359,1.88003,1035.3,550.681,0.0,0.0,0.4662,0.247975,0.0,1,0.2146728442,0.31491458991826954,Train
TEJLOL_clean,6.35231,4.97084,6.35231,1.25899,1757.24,1395.75,0.0,0.0,0.6298,0.500244,0.0,1,0.4211978439,0.447376342924509,Test
TEMPAE_clean,9.74723,4.32378,9.74723,0.807529,2116.71,2621.22,0.0,0.0,0.6822,0.844799,0.0,0,0.5189211192000001,0.6499036420964976,Test
TEMPEI_clean,15.71457,10.86579,15.71457,0.592467,1916.3,3234.44,0.0,0.0,0.745,1.25745,0.0,1,0.4235686295,0.50364269152486,Train
TENLIJ_clean,5.37557,4.41973,5.36241,1.14422,1308.35,1143.45,0.0,0.0,0.5684,0.496758,0.0,0,0.8135972313,0.8151651942590676,Test
TENQOS_clean,6.34819,4.3477,6.32525,1.05624,2172.8,2057.11,0.0,0.0,0.6388,0.604787,0.0,1,0.328343232,0.7519667164097196,Test
TEQPAI_clean,6.00734,3.70386,5.68806,1.19067,1432.59,1203.18,0.0,0.0,0.596,0.500558,0.0,1,0.9261777924,0.6551488909798401,Test
TEQVAO_manual,4.70544,3.52951,4.70544,1.19795,706.636,589.87,0.0,0.0,0.5124,0.42773,0.0,1,0.5149283188,0.5680463855784065,Train
TEQWER01_clean,4.21874,3.59841,4.17878,1.6409,883.632,538.504,0.0,0.0,0.5372,0.327381,0.0,1,0.384286776,0.3622274085958109,Test
TEQWER_clean,4.21138,3.62218,4.19081,1.63762,863.669,527.392,0.0,0.0,0.5414,0.330601,0.0,1,0.3763140214,0.37375860677483785,Train
TERFUT_clean,8.54041,6.58905,8.49644,0.900361,2024.24,2248.26,0.0,0.0,0.6654,0.739037,0.0,1,0.5045775022,0.5452381952256687,Train
TERNUA_clean,7.01847,4.73004,6.9462,1.44294,1426.15,988.361,0.0,0.0,0.5566,0.385739,0.0,1,0.6261781465,0.49371181694733657,Train
TESGOO_clean,4.76391,3.62987,4.72184,1.92126,733.455,381.758,0.0,0.0,0.4574,0.238073,0.0,0,0.5407951165,0.5141097950823121,Train
TESGUU_clean,4.82436,3.58268,4.81961,1.92111,719.303,374.421,0.0,0.0,0.4562,0.237467,0.0,0,0.548817254,0.5679283367526393,Train
TESHAB_clean,5.24315,3.84947,5.24293,1.8144,918.907,506.452,0.0,0.0,0.4908,0.270503,0.0,0,0.5012622255,0.6078048367312451,Train
TETVIZ_clean,5.51517,3.41736,5.00993,2.38206,1155.9,485.251,0.0,0.0,0.4816,0.202178,0.0,1,0.1569841115,0.17927368656903608,Train
TETWEW_clean,6.01008,3.97081,5.72262,2.0273,1705.36,841.198,0.0,0.0,0.5372,0.264983,0.0,1,0.1594905855,0.2896016957849291,Train
TETZEX_clean,9.38994,9.11674,9.38994,1.90854,1244.92,652.292,0.0,0.0,0.5738,0.300649,0.0,0,1.4569857072,1.4495579593148709,Train
TETZEZ_clean,10.62365,6.73057,10.03707,0.736025,1901.4,2583.34,0.0,0.0,0.6844,0.92986,0.0,1,0.464183961,0.5643380813278008,Train
TETZID_clean,5.13889,3.8044,5.11428,1.3464,751.257,557.976,64.4982,47.9043,0.4882,0.362598,0.0,0,0.515854304,0.5730215014035389,Train
TEVZEA_clean,4.59329,3.52297,4.53885,1.97043,629.425,319.434,0.0,0.0,0.444,0.225331,0.0,0,0.5228670464999999,0.7151384664711733,Test
TEVZIE_clean,4.89772,3.64059,4.89772,1.88802,794.062,420.579,0.0,0.0,0.468,0.247879,0.0,0,0.5502453642,0.6267355373860541,Train
TEVZOK_clean,4.56897,3.54471,4.54551,1.97903,632.114,319.407,0.0,0.0,0.4392,0.221927,0.0,0,0.5271364854999999,0.8753313058017571,Test
TEVZUQ_clean,4.84681,3.6521,4.84681,1.89478,778.542,410.888,0.0,0.0,0.4634,0.244567,0.0,0,0.5318884144,0.6263214273336826,Test
TEWFOS_clean,5.12439,3.80032,5.11789,1.20574,872.156,723.339,0.0,0.0,0.4772,0.395775,0.0,1,0.9038384876,0.8251738394343368,Test
TEWFUY_clean,5.12402,3.76853,5.12402,1.20256,906.265,753.612,0.0,0.0,0.4818,0.400645,0.0,1,0.8818207155,0.8505683630698743,Train
TEWGEJ_clean,5.1192,3.89364,5.10203,1.1805,1020.25,864.259,0.0,0.0,0.4966,0.420671,0.0,1,0.9160241784,0.8565588978476533,Train
TEXTOH_clean,7.36714,6.73872,7.36371,1.14671,1020.81,890.209,164.756,143.677,0.5422,0.472831,0.0,0,0.4368836444,0.6484761020207034,Train
TEYHIP_charged,7.18204,6.12269,7.18077,0.866215,1822.63,2104.13,0.0,0.0,0.6256,0.722222,0.0,0,0.5424410044,0.6335201817521273,Train
TEZKAM_clean,6.18548,4.52304,6.11894,1.1169,1248.24,1117.59,0.0,0.0,0.5306,0.475064,0.0,1,0.8632873865,0.7546545127563742,Train
TIDKAS_clean,5.39311,4.19786,5.39311,1.06903,921.952,862.419,0.0,0.0,0.508,0.475197,0.0,1,0.5325881552,0.6874364193652802,Train
TIDLEZ_clean,7.0595,6.90616,7.0592,1.03857,2192.07,2110.66,0.0,0.0,0.6778,0.652626,0.0,0,0.2800237807999999,0.5510436932782843,Train
TIDLID_clean,4.2096,4.02928,4.2096,1.31378,1082.38,823.864,182.179,138.667,0.5798,0.44132,0.0,0,0.2605546643,0.22779974281283544,Train
TIDMEA_clean,6.05011,4.95275,5.94474,1.747,1488.92,852.276,0.0,0.0,0.5394,0.308759,0.0,1,0.1519329322,0.4179805056996868,Train
TIFBOA_clean,4.67398,3.53239,4.41116,1.37462,661.997,481.587,0.0,0.0,0.4932,0.358791,0.0,1,0.1915705194,0.3779948810786806,Train
TIFHAT_charged,8.78262,5.31323,8.77635,0.904587,1772.28,1959.21,0.0,0.0,0.6524,0.721213,0.0,0,0.3660050446,0.497557910405922,Test
TIFHEX_charged,8.69858,5.24575,7.68809,0.922778,1756.21,1903.18,0.0,0.0,0.6546,0.70938,0.0,0,0.370108126,0.4934865519478562,Train
TIFZIR_clean,5.07264,3.5666,4.83614,1.48604,1551.78,1044.24,0.0,0.0,0.6264,0.421523,0.0,0,0.7753879625,0.7484361586212147,Train
TIGSOT_clean,4.31733,3.92478,4.29293,1.79014,708.62,395.847,0.0,0.0,0.4326,0.241658,0.0,1,0.5087583616,0.5863479107304718,Train
TIGVUC_clean,4.87344,3.46442,4.87344,1.07454,850.662,791.651,5.08913,4.73609,0.5344,0.497328,0.0,1,0.5405736533,0.7468821449328662,Test
TIJPOT_clean,4.06689,3.45193,4.06689,1.44348,706.681,489.567,0.0,0.0,0.526,0.364397,0.0,1,0.2301350087999999,0.2499571490992285,Train
TIKMEH_clean,5.55473,4.01932,4.70025,1.57489,444.086,281.979,505.527,320.992,0.4674,0.296782,0.0,1,0.7648004087000001,0.7349052366355967,Train
TILHAZ_clean,7.88517,4.63235,7.88517,1.00373,1853.27,1846.38,0.563729,0.561634,0.6258,0.623475,0.0,1,0.2645247293,0.6277483635832275,Test
TILVOZ_clean,6.92662,5.60326,6.92662,1.05598,2650.36,2509.85,0.0,0.0,0.7402,0.700958,0.0,0,0.1716983272,0.21538521861202503,Test
TILVUF_clean,5.76983,4.47642,5.76568,1.10794,2807.97,2534.4,0.0,0.0,0.7218,0.651478,0.0,0,0.166611684,0.14249685851111982,Train
TILWAM_clean,5.60602,4.41216,5.60244,1.12946,2808.42,2486.52,0.0,0.0,0.7174,0.635172,0.0,1,0.1729559671,0.16041094910895076,Train
TIQGOQ_clean,4.96613,3.45527,4.96613,1.61722,430.124,265.965,0.0,0.0,0.3844,0.237692,0.0,0,0.2856452564,0.42461540122152236,Test
TIQGUW_clean,4.96978,3.43779,4.70211,1.57704,459.833,291.579,0.0,0.0,0.3926,0.248947,0.0,1,0.2590988603,0.32967558352279264,Train
TIQHAD_clean,4.94141,3.41905,4.94141,1.59594,416.437,260.936,0.0,0.0,0.3934,0.246501,0.0,0,0.2561763462,0.3535756864182293,Test
TIQHEH_clean,4.93102,3.44222,4.63541,1.5902,461.876,290.452,0.0,0.0,0.3816,0.23997,0.0,0,0.2671643908,0.40093541684329986,Train
TIQHIL_clean,4.95366,3.41712,4.75042,1.6098,421.45,261.803,0.0,0.0,0.389,0.241646,0.0,0,0.2767484222,0.36506148815281053,Train
TIRHIL_clean,9.31104,7.31301,9.26469,0.758181,2378.0,3136.45,0.0,0.0,0.7986,1.05331,0.0,0,0.1667024208,0.19876261226111985,Train
TIRLIQ_clean,5.16708,4.02438,5.14791,1.34501,828.176,615.737,0.0,0.0,0.4914,0.365349,0.0,1,0.5130389263,0.58729858431479,Train
TIRQOB_clean,6.9378,5.1125,6.91934,1.1916,1497.46,1256.68,0.0,0.0,0.5672,0.475998,0.0,1,1.1306490654,0.6436237742895975,Train
TIRRIW_clean,6.09614,5.02444,6.09614,1.07096,1529.04,1427.73,0.0,0.0,0.5558,0.518974,0.0,0,0.9218224337,0.7941914006071213,Test
TISGUY_clean,5.93335,3.50712,5.93065,1.25359,678.031,540.871,0.0,0.0,0.466,0.371732,0.0,1,0.1218250573,0.3782344156864516,Train
TISHAF_clean,10.6324,4.41521,10.62231,0.802555,2137.19,2662.99,0.0,0.0,0.6594,0.821626,0.0,1,0.9274055622,0.9403632023881479,Train
TISPAO_clean,11.19601,4.56022,11.19601,1.01627,1481.21,1457.5,344.513,338.997,0.6604,0.649826,0.0,0,0.6942416475,0.6393023582716125,Test
TIVXOM_charged,5.78959,4.20151,5.78959,1.67755,480.697,286.547,0.0,0.0,0.428,0.255134,0.0,1,0.0475803882,0.20040208597333709,Train
TIVYAZ01_clean,8.9528,6.92043,8.9528,0.77854,2139.65,2748.28,0.0,0.0,0.7276,0.934569,0.0,1,0.3439814454,0.45178801955751313,Test
TIXCIO_clean,8.51649,4.04507,8.50623,0.818285,2218.52,2711.18,0.0,0.0,0.665,0.812676,0.0,0,0.8659361498,0.779386013191522,Train
TIXMET_clean,7.38507,6.83905,7.38507,1.43185,1792.23,1251.69,0.0,0.0,0.6648,0.464295,0.0,0,0.3399985788,0.4022291802001356,Train
TIXMIX_clean,5.48641,4.37851,5.43408,1.55041,1423.25,917.982,0.0,0.0,0.5816,0.375127,0.0,0,0.4849058253,0.628350420659463,Train
TIXVON_clean,5.07339,3.91911,5.00348,0.938456,1558.9,1661.14,0.0,0.0,0.5776,0.615479,0.0,1,1.1099935083,0.9261509503386397,Train
TIZVED01_charged,4.71525,3.70487,4.71525,0.910386,1406.58,1545.03,0.0,0.0,0.6034,0.662796,0.0,0,0.7861758356999999,0.7813161193370113,Train
TIZVED_charged,4.71763,3.70524,4.71763,0.910386,1406.55,1545.0,0.0,0.0,0.6034,0.662796,0.0,0,0.8081774170999999,0.7771244659746854,Train
TIZVIH01_charged,4.59128,3.66545,4.5882,0.929855,1300.04,1398.11,0.0,0.0,0.6068,0.652575,0.0,0,0.8338618512,0.8274601953733511,Test
TIZVIH_charged,4.59121,3.66545,4.59121,0.929855,1299.57,1397.61,0.0,0.0,0.607,0.65279,0.0,0,0.8459714498,0.8274601953733511,Train
TOBJUR_clean,10.64745,9.47902,10.64745,1.06964,1632.11,1525.85,0.0,0.0,0.6686,0.625069,0.0,1,0.3978130955,0.3241149100388783,Train
TOBKAY_clean,10.72174,9.5428,10.71607,1.08933,1630.18,1496.5,0.0,0.0,0.666,0.611383,0.0,1,0.3977844182,0.3256099187070275,Test
TOBKEC_clean,10.11718,8.98959,10.11479,1.13998,1639.27,1437.98,0.0,0.0,0.6544,0.574044,0.0,1,0.4032753768,0.325228383744949,Train
TOFQEM_clean,4.70069,3.85298,4.60227,1.25512,1271.42,1012.99,0.0,0.0,0.5644,0.449677,0.0,1,0.9322041337,0.7861410513571789,Train
TOFTIT_clean,20.17115,6.28286,20.17115,0.598403,2258.24,3773.78,0.0,0.0,0.7822,1.30715,0.0,1,0.4998577743,0.5470130374804717,Test
TOHJIL_clean,5.54681,3.74513,5.54681,2.48482,1379.64,555.227,0.0,0.0,0.5704,0.229553,0.0,1,0.2414663182,0.156496718494413,Train
TOHQEO_clean,5.89344,4.18847,5.89146,0.984353,1685.69,1712.48,0.0,0.0,0.5842,0.593486,0.0,0,1.0618431035,0.8933126406311636,Train
TOHSAL_clean,9.79069,6.17903,9.78331,0.576207,2737.54,4750.96,0.0,0.0,0.7668,1.33077,0.0,1,0.5729789856,0.502095945830924,Train
TOHYUL_clean,7.14824,6.33455,7.14824,1.33984,1522.29,1136.17,0.0,0.0,0.5742,0.428558,0.0,1,0.3485335406,0.4827456641829684,Test
TOHYUM_clean,6.18172,4.54627,6.18172,1.23378,1539.69,1247.95,0.0,0.0,0.5958,0.482905,0.0,1,0.7168461527,0.6549008620561774,Train
TOJLOT_clean,9.35136,7.4656,9.35136,0.787935,1703.38,2161.83,0.0,0.0,0.6612,0.839156,0.0,0,0.3972785539,0.4039052988819397,Train
TOKDON_clean,5.68269,4.05076,5.58356,1.1925,2235.99,1875.04,0.0,0.0,0.6214,0.52109,0.0,1,0.8010574815000001,0.7754031645278264,Train
TOLGOR_clean,5.98694,4.00719,5.95033,1.17836,1406.99,1194.02,0.0,0.0,0.5528,0.469125,0.0,1,0.6846471975,0.7261029820075766,Train
TOLYOJ_clean,5.56011,4.7997,5.54043,0.908517,1594.37,1754.91,0.0,0.0,0.5744,0.632239,0.0,1,0.6107685372999999,0.6886661785058126,Train
TONBOO_clean,4.69422,3.90104,4.69422,1.33698,611.28,457.21,0.0,0.0,0.4482,0.335234,0.0,1,0.7448425412,0.6314087332088155,Test
TONBUU_charged,5.46099,3.46825,5.45558,1.25434,1128.75,899.882,0.0,0.0,0.511,0.407386,0.0,0,0.5273735856,0.7915073260818142,Train
TONLOY_clean,7.42094,6.92579,7.42094,1.50963,792.043,524.661,0.0,0.0,0.4632,0.30683,0.0,1,0.1689720257,0.19518580551092596,Train
TONLOZ_clean,5.96623,4.0883,5.95565,1.23552,1555.44,1258.93,0.0,0.0,0.5706,0.461828,0.0,1,0.7919823054,0.7201435628702626,Train
TONTIB_clean,8.17686,3.88128,8.17686,0.785515,2106.51,2681.7,0.0,0.0,0.6434,0.819081,0.0,0,0.8123995407,0.8039236090171706,Train
TONTOH_clean,8.07783,3.80615,8.07783,0.808912,2062.02,2549.12,0.0,0.0,0.628,0.776351,0.0,0,0.7188828387999999,0.7727131861149743,Train
TONTUN_clean,8.01411,3.79872,8.01411,0.818446,2057.67,2514.12,0.0,0.0,0.6292,0.768774,0.0,0,0.748729455,0.7717700754332084,Train
TONVAV_clean,8.13737,3.84778,8.13737,0.811081,2093.45,2581.06,0.0,0.0,0.6356,0.783646,0.0,0,0.8003860745,0.8587292146333696,Train
TONWUO01_clean,5.10073,4.40085,5.10073,1.20939,753.801,623.288,0.0,0.0,0.4534,0.374898,0.0,0,0.6613248325,0.7276391430268915,Train
TONWUO_clean,4.69191,4.1146,4.69191,1.30005,589.458,453.412,0.0,0.0,0.4408,0.339064,0.0,0,1.7069700653,1.2449498255844662,Train
TOPKIT_clean,8.32819,5.0756,8.31268,0.957644,2418.19,2525.15,0.0,0.0,0.6634,0.692742,0.0,1,0.8669051081999999,0.6200160400522143,Test
TORJAN_clean,5.41891,3.81819,5.4137,1.12525,1554.01,1381.04,0.0,0.0,0.5844,0.519353,0.0,1,0.4469286065,0.6226015290478837,Train
TORJER_clean,5.04936,3.67231,5.03861,1.16476,1436.77,1233.53,0.0,0.0,0.5708,0.490058,0.0,1,0.4854917082,0.73843083653988,Test
TORJIV_clean,5.15558,3.73306,5.14713,1.14909,1453.8,1265.17,0.0,0.0,0.5738,0.499351,0.0,1,0.463786304,0.6545528688888371,Train
TORJOB_clean,5.4126,3.81862,5.4126,1.10851,1564.49,1411.34,0.0,0.0,0.5858,0.528458,0.0,1,0.4559997468,0.6198820307204309,Train
TORJUH_clean,5.30819,3.79107,5.29306,1.12185,1513.8,1349.38,0.0,0.0,0.5828,0.519498,0.0,1,0.4727732759,0.5947862393762399,Train
TORKAO_clean,5.01927,3.67935,4.85274,1.1494,1435.4,1248.83,0.0,0.0,0.5704,0.496261,0.0,1,0.4852589791,0.7398250957524827,Test
TORKES_clean,5.31982,3.78089,5.2376,1.14355,1498.22,1310.14,0.0,0.0,0.5788,0.506141,0.0,1,0.4690848801,0.650432828428777,Train
TORPUN_clean,8.7872,8.28484,8.78484,1.1627,1327.18,1141.46,0.0,0.0,0.5712,0.49127,0.0,0,0.3833422949,0.3871019700653324,Train
TORXAB_clean,5.19491,4.25541,5.19491,1.88967,495.266,262.092,0.0,0.0,0.436,0.230728,0.0,0,0.111621081,0.24006580820911982,Train
TOVHUJ_clean,8.92456,5.42795,8.42869,0.747114,2560.53,3427.22,0.0,0.0,0.6974,0.933458,0.0,1,0.5658914869,0.6997110730643586,Test
TOVJAP_charged,4.47668,3.46305,4.46299,1.95257,333.013,170.551,90.5462,46.3727,0.4092,0.209569,0.0,1,0.4960433519,0.4320471758583862,Test
TOVJEV_clean,13.68087,10.37066,13.68087,0.399582,1892.74,4736.79,0.0,0.0,0.837,2.09469,0.0,1,0.4475158708,0.4152525213132445,Train
TOVJIZ_clean,12.65101,8.2906,12.63941,0.451159,2031.86,4503.64,0.0,0.0,0.8026,1.77897,0.0,1,0.4590739981,0.44270805208815633,Train
TOVJOF_clean,12.42499,8.36781,12.422,0.470537,2039.96,4335.39,0.0,0.0,0.8052,1.71124,0.0,1,0.5102437331,0.44575453386061914,Train
TOVJUL_clean,7.14215,5.30329,7.13909,0.862488,2071.68,2401.98,0.0,0.0,0.6594,0.764532,0.0,1,0.6847544372,0.6321710047479759,Train
TOVKEW_clean,13.15242,8.94797,13.15242,0.566631,2049.64,3617.24,0.0,0.0,0.7342,1.29573,0.0,1,0.6048316073,0.5212866841099961,Train
TOVKIA_clean,11.37766,5.00759,10.17753,0.697273,2365.25,3392.15,0.0,0.0,0.715,1.02542,0.0,1,0.696460222,0.7031777951415512,Train
TOVKOG_clean,22.84213,13.1462,21.49189,0.3316,1563.99,4716.49,0.0,0.0,0.8634,2.60374,0.0,1,0.4874086649,0.43770763848736405,Train
TOWNEA_clean,8.82467,7.77952,8.82467,0.718839,2198.94,3059.02,0.0,0.0,0.7032,0.978244,0.0,1,0.4144948125,0.5111263115144484,Train
TOWNOK_clean,6.93499,4.73179,6.92745,1.00825,1925.88,1910.13,0.0,0.0,0.619,0.613938,0.0,1,1.4441058224,0.8178708651475296,Train
TOWNUQ_clean,8.86609,7.97255,8.86609,0.87729,1618.53,1844.92,0.0,0.0,0.6006,0.684609,0.0,1,0.9303150485,0.6453208605801868,Train
TOWPEC_clean,10.15584,5.70866,7.95557,0.889254,1486.62,1671.76,593.787,667.736,0.6774,0.761762,0.0,1,0.6292232454,0.6419854180316003,Train
TOWXEK_clean,6.06928,5.16457,6.05534,0.997154,1436.69,1440.79,3.8223,3.83321,0.5782,0.57985,0.0,1,0.5886571359,0.6493589075182654,Train
TOXHAR_clean,4.88487,4.27765,4.88487,1.14926,1012.18,880.723,0.0,0.0,0.4974,0.4328,0.0,1,0.5822482536,0.6838454757009774,Test
TOXMUQ_clean,6.89787,6.74832,6.89787,1.06186,1595.8,1502.83,0.0,0.0,0.5884,0.55412,0.0,0,1.7462495361,0.8843708396616927,Test
TOXNEB_clean,7.00092,6.86576,7.00092,1.06886,1568.91,1467.83,0.0,0.0,0.5846,0.546936,0.0,0,1.6869599642,1.2072525268210454,Train
TOXNIF_clean,6.95996,6.82273,6.95996,1.06718,1555.99,1458.03,0.0,0.0,0.5754,0.539176,0.0,0,1.6876437468,1.2169064258606639,Train
TOZFOF_clean,13.77283,9.32974,13.77283,0.843356,2144.73,2543.09,0.0,0.0,0.7158,0.848752,0.0,1,0.2669174846,0.5000754245402638,Train
TOZHAR_clean,4.71595,3.81365,4.64425,1.35498,1755.8,1295.81,0.0,0.0,0.6366,0.469823,0.0,1,0.2230062829,0.33395479213451595,Train
TUBCEA_clean,5.6085,3.84866,5.6085,1.73795,888.172,511.045,0.0,0.0,0.4598,0.264564,0.0,1,0.5400527914,0.3367755301608787,Train
TUBJAD_clean,4.85188,4.35004,4.85188,1.22218,733.491,600.149,0.0,0.0,0.4892,0.400268,0.0,1,0.2592201869,0.5023597154944979,Train
TUBLIN_clean,5.27232,3.84215,5.27232,1.23985,960.484,774.675,0.0,0.0,0.4788,0.386175,0.0,0,0.5703436714,0.7946444166398337,Test
TUCJAD_clean,5.76369,4.27387,5.76369,1.22067,1421.06,1164.17,0.0,0.0,0.5556,0.455161,0.0,1,0.6658490003,0.6991584792439836,Train
TUDQOZ_clean,4.7672,3.81876,4.49087,1.57647,290.479,184.259,229.56,145.616,0.4148,0.263119,0.0,0,0.5717151383,0.6357043621160774,Train
TUGTAR_clean,4.77865,3.86046,4.77243,1.14723,1098.41,957.446,0.0,0.0,0.5416,0.472093,0.0,1,1.0335033955,0.925303973435211,Train
TUJGIQ_clean,5.65806,4.28444,5.64037,1.20241,974.646,810.578,0.0,0.0,0.5012,0.41683,0.0,1,0.5411024757999999,0.5836484088640427,Train
TUKCOT_clean,5.03348,3.75359,4.98119,1.1597,1353.77,1167.35,0.0,0.0,0.5642,0.486504,0.0,1,0.7977568054,0.7886104912397118,Train
TUMDAI_clean,4.50033,3.69451,4.50033,1.24564,1071.02,859.815,0.0,0.0,0.5156,0.413924,0.0,0,1.2986462553,0.9695061435753185,Test
TUMQID_clean,4.78803,3.71858,4.78803,1.19719,1092.19,912.297,0.0,0.0,0.5342,0.446213,0.0,1,0.9601261544,0.9359573732551157,Train
TUMRIE_clean,4.83008,3.62775,4.83008,1.3408,1128.82,841.902,0.0,0.0,0.5312,0.396182,0.0,1,0.9138640962,0.8586417552222707,Train
TUMROK_clean,4.44242,3.69598,4.44242,1.23691,1067.61,863.126,0.0,0.0,0.5056,0.40876,0.0,0,1.163098689,0.9791886348089746,Train
TUNJET_clean,6.14578,4.61369,6.05606,1.50948,1150.01,761.861,0.0,0.0,0.5096,0.3376,0.0,1,0.4933237661,0.574662107011294,Train
TUPDOZ_clean,4.88368,4.4419,4.87874,1.30126,809.227,621.881,0.0,0.0,0.487,0.374254,0.0,1,1.0850147463,0.5783701900222986,Test
TUPGIU_clean,4.86654,3.68424,4.60956,0.816785,1409.59,1725.78,0.0,0.0,0.5472,0.669943,0.0,1,0.2764232153,0.35439681834593517,Train
TUQWIL01_clean,5.38124,3.40475,5.38124,1.42901,1463.26,1023.97,0.0,0.0,0.6194,0.433446,0.0,0,1.0379402036,0.9720958855546908,Train
TURDIV_clean,6.92653,4.99633,6.92653,1.00914,1370.8,1358.39,0.0,0.0,0.5476,0.542641,0.0,0,0.6748975743000001,0.6217765377628521,Train
TURDOB_clean,6.98892,4.35902,6.87374,1.03033,1344.35,1304.78,0.0,0.0,0.5432,0.52721,0.0,0,0.6602983558,0.7320750212001678,Train
TURDUH_clean,6.62446,4.36886,6.61015,1.02982,1359.58,1320.21,0.0,0.0,0.5506,0.534658,0.0,0,0.6591766314,0.7456196583504984,Train
TURFAP_clean,6.01435,4.39558,5.97493,1.05478,1276.17,1209.89,0.0,0.0,0.5208,0.493754,0.0,0,0.6747522306999999,0.9010977675138683,Train
TURFET_clean,6.77386,4.80527,6.75967,1.02251,1388.25,1357.69,0.0,0.0,0.5348,0.523025,0.0,0,0.6920309289,0.7873685963211507,Test
TUTHIA_clean,7.74765,6.0396,7.74488,1.02371,1471.87,1437.78,0.0,0.0,0.5658,0.552697,0.0,1,0.7745722890000001,0.6869852475100812,Train
TUTHOG_clean,7.58539,5.94334,7.58539,1.03555,1488.56,1437.45,0.0,0.0,0.5586,0.539422,0.0,1,0.8103768642,0.6968624971062053,Train
TUTJAU_clean,6.55313,5.09154,6.45158,1.05742,1473.03,1393.05,0.0,0.0,0.5626,0.532052,0.0,1,0.8529621857999999,0.6747849404795151,Train
TUYFIE_clean,5.48587,4.03732,5.48587,1.18223,1310.67,1108.64,0.0,0.0,0.5692,0.481463,0.0,1,1.1953284027,0.7735839944153831,Train
TUYHOL_clean,5.84321,4.88702,5.4789,3.20354,994.943,310.576,0.0,0.0,0.468,0.146088,0.0,1,0.0634430746,0.0817446988310494,Train
TUYHUR_clean,9.01467,4.33972,9.01467,1.00323,2258.33,2251.06,0.0,0.0,0.7092,0.706918,0.0,1,0.2220754134,0.3219858410172358,Train
TUYJAZ_clean,9.06373,3.5335,9.05923,1.06444,1888.19,1773.89,0.0,0.0,0.6828,0.641464,0.0,1,0.2053345362,0.472198444165589,Test
TUYJED_clean,8.921,4.25748,8.91848,1.03154,2274.68,2205.14,0.0,0.0,0.7106,0.688873,0.0,1,0.2204053929,0.2151913923191794,Train
TUYLIJ_clean,4.51754,3.71437,4.51754,1.86429,822.472,441.171,0.0,0.0,0.4454,0.238911,0.0,0,3.3032939422000003,2.295198138738457,Train
TUYNEI_clean,4.98882,3.8643,4.98882,1.23289,1157.26,938.66,0.0,0.0,0.5728,0.4646,0.0,1,0.7466481743000001,0.7521208833640101,Train
TUZVUH_clean,8.88409,8.01315,8.88409,1.36955,1074.66,784.684,0.0,0.0,0.5192,0.379103,0.0,1,0.1783946544,0.17433651365932873,Train
UBECEM_clean,4.8768,4.71272,4.8768,2.40571,1479.77,615.106,0.0,0.0,0.5964,0.24791,0.0,1,0.2294747601,0.32013395291608504,Train
UBIBUF_clean,11.65323,7.63405,11.12586,0.757644,2339.26,3087.55,0.0,0.0,0.745,0.983311,0.0,1,0.5059333276,0.5076365104261801,Test
UBIPAY_clean,4.38835,3.9606,4.38835,1.21218,1031.09,850.605,0.0,0.0,0.4942,0.407694,0.0,1,0.6654027345,0.870841361618406,Train
UBULIO_SL,24.23226,22.89921,24.21499,0.438068,1818.16,4150.4,0.0,0.0,0.8258,1.8851,0.0,1,0.403108686,0.45194509306599706,Train
UBULUA_clean,8.25861,7.55924,8.25861,1.22262,2063.77,1688.0,0.0,0.0,0.67,0.548005,0.0,1,0.3613821299,0.33914210885052715,Train
UBUMAH_clean,7.09336,6.41082,6.96082,0.845931,2610.44,3085.88,0.0,0.0,0.7132,0.843094,0.0,1,0.4848513253,0.522685065070361,Train
UBUROY_clean,6.6651,5.3887,6.6651,1.08106,2567.3,2374.8,0.0,0.0,0.7436,0.687844,0.0,1,0.0937278608,0.14087584788562174,Test
UCABAE_clean,5.42772,4.56824,5.1729,1.09568,662.018,604.208,511.165,466.528,0.544,0.496495,0.0,0,0.8960752248999999,0.9646875555057338,Train
UCAXEC_clean,4.65972,3.79898,4.65972,1.24715,773.765,620.428,0.335064,0.268664,0.4924,0.394821,0.0,1,0.593614977,0.6122797328504372,Train
UCEGAM_clean,4.6913,3.56585,4.6913,1.64579,1244.17,755.971,0.0,0.0,0.5386,0.32726,0.0,1,0.0750147684,0.22617936445754389,Train
UCEGEQ_clean,4.6624,3.53865,4.56509,1.68077,1210.21,720.033,0.0,0.0,0.5348,0.318188,0.0,1,0.0759526381,0.31365531251785717,Test
UCEXAC_clean,6.32023,4.85158,6.32023,1.4352,1385.63,965.467,0.0,0.0,0.5604,0.390469,0.0,1,0.4955565058,0.5502557172622172,Train
UCEXEG_clean,6.31608,4.83612,6.30774,1.45624,1389.21,953.967,0.0,0.0,0.5674,0.389633,0.0,1,0.4967122987,0.49524884228168764,Train
UCEXIK_clean,6.33067,4.85437,6.2578,1.46159,1391.18,951.831,0.0,0.0,0.5718,0.391219,0.0,1,0.4898461058,0.4825334977529426,Train
UCEXOQ_clean,6.32321,4.82644,6.31444,1.48289,1385.85,934.555,0.0,0.0,0.5694,0.383979,0.0,1,0.4986993028,0.4379605648903769,Test
UCOCUM_neutral,13.17014,6.56871,13.16847,0.882705,2115.68,2396.81,0.0,0.0,0.7142,0.809104,0.0,1,0.6180725318,0.6227368896417044,Train
UCOHUR_clean,8.1734,7.22847,8.12249,1.21949,2095.07,1717.98,0.0,0.0,0.6692,0.548752,0.0,0,0.378673563,0.398892120520672,Train
UCOJAZ_clean,8.09472,7.35206,8.09472,1.24694,2013.79,1614.99,0.0,0.0,0.6576,0.527372,0.0,1,0.3517087759,0.3132200504373397,Train
UCOJED_clean,7.99802,7.49345,7.99418,1.22768,2022.24,1647.21,0.0,0.0,0.665,0.541674,0.0,0,0.3577877028,0.3914803888682976,Train
UCOJIH_clean,8.11816,7.11073,8.05724,1.22088,2052.56,1681.21,0.0,0.0,0.6616,0.541903,0.0,0,0.3610253204999999,0.4774377700649907,Train
UCOXOZ_clean,6.74707,6.10487,6.74209,1.02439,1598.25,1560.2,14.8613,14.5075,0.5836,0.569706,0.0,1,0.4837453125,0.5806745620378085,Test
UCUJOU_clean,7.86092,6.25774,7.86092,1.30122,2380.04,1829.08,0.0681927,0.0524066,0.6862,0.52735,0.0,1,0.2112095507999999,0.22747681723892588,Train
UCUTIW_clean,6.35635,5.83008,6.34586,1.00359,1563.59,1558.0,0.0,0.0,0.6334,0.631134,0.0,1,0.4786148824,0.4794011068172669,Train
UDANEV_clean,13.79937,11.17997,13.79937,0.783809,1782.29,2273.88,0.0,0.0,0.7968,1.01657,0.0,1,0.5953723852,0.4128983128035645,Train
UDEMEW_manual,28.23748,11.69499,28.22828,0.681201,1337.39,1963.29,46.9906,68.9819,0.7606,1.11656,0.0,1,0.6764096854,0.696842246231591,Train
UDICAN_clean,4.58421,3.93064,4.58097,3.59569,711.428,197.856,0.0,0.0,0.4032,0.112134,0.0,1,0.6168758239,0.08056473828039679,Test
UDOVOA_clean,11.10402,3.55246,11.07204,1.28591,1551.09,1206.21,48.2971,37.5586,0.5878,0.457107,0.0,1,1.3861701681,0.8133616837163992,Test
UDOVUG_charged,6.85464,6.24008,6.85464,1.16526,1955.54,1678.2,13.2531,11.3735,0.6044,0.518681,0.0,0,0.9954443098,0.8924399462064739,Test
UDUMIP02_clean,7.11427,6.32764,7.10696,1.42622,1719.35,1205.53,0.0,0.0,0.5884,0.412559,0.0,1,0.2327232542,0.39954533283928956,Test
UDUMIP03_clean,7.09807,6.30763,7.09096,1.42891,1721.24,1204.58,0.0,0.0,0.5872,0.410943,0.0,1,0.233771814,0.39311633151142333,Test
UDUMIP_clean,7.19202,6.41478,7.18204,1.40092,1718.44,1226.65,0.0,0.0,0.5958,0.425293,0.0,1,0.2212999712999999,0.3967498787533679,Test
UFASEA_ion_b,3.8787,3.48972,3.87221,1.84634,417.315,226.022,88.8958,48.1469,0.4466,0.241883,0.0,1,0.4673059459,0.4707953346492776,Train
UFEMIC_clean,5.26486,4.19267,5.24985,1.20943,1737.26,1436.43,0.0,0.0,0.6508,0.538107,0.0,0,0.1414182403,0.37614657247292455,Train
UFENAW_clean,7.28617,5.35852,7.10503,0.754992,3088.35,4090.58,0.0,0.0,0.7422,0.983057,0.0,1,0.4509732774,0.4203188672235436,Train
UFEVIL_clean,6.75773,4.04783,6.73846,1.05377,1465.81,1391.02,0.0,0.0,0.5784,0.548886,0.0,1,0.4458722403,0.7300654194674747,Test
UFEXEJ_clean,5.30731,5.14101,5.30608,2.3365,1189.34,509.026,0.0,0.0,0.4796,0.205264,0.0,1,0.3296914365,0.503212664721098,Test
UFEXIN_clean,5.2808,5.11213,5.27438,2.36936,1181.21,498.534,0.0,0.0,0.4788,0.20208,0.0,1,0.3290338077,0.43622508210376126,Test
UFOFIF_clean,4.79304,3.6453,4.79304,1.31843,760.934,577.154,0.0,0.0,0.5036,0.381971,0.0,1,0.1813459832999999,0.4312690766207157,Train
UFUNIS_clean,4.49854,3.78199,4.40172,1.42532,684.322,480.117,0.0,0.0,0.4402,0.308843,0.0,1,1.4431722173,0.9473813772697939,Train
UFUQIV_clean,7.38156,5.81733,6.18024,0.675677,2389.77,3536.85,0.0,0.0,0.7014,1.03807,0.0,1,0.6184603293,0.6406503069665146,Train
UGAQEY_clean,4.89575,4.03861,4.89307,1.29414,1150.64,889.116,1.22671,0.947894,0.5042,0.389602,0.0,1,0.4940174565,0.6185947296097614,Train
UGELIB_clean,9.36087,9.10832,9.36087,1.90193,1244.67,654.425,0.0,0.0,0.572,0.300747,0.0,0,1.6940363039,1.4729058427882629,Train
UGOFED_clean,5.38504,4.20309,4.96349,1.22232,1169.34,956.656,0.0,0.0,0.5274,0.431476,0.0,1,1.0617211001,0.9167339669244512,Train
UGOSOY_charged,6.30273,4.8353,6.29385,0.968672,1382.14,1426.84,1.61985,1.67224,0.6198,0.639845,0.0,1,0.442801451,0.5350227196955891,Train
UGUGUZ_clean,4.77323,4.07807,4.77323,1.79667,684.632,381.056,127.779,71.1197,0.5662,0.315138,0.0,1,0.1802039119,0.13327787844196443,Train
UGUHAG_clean,4.84717,4.36591,4.84717,1.73201,1080.53,623.859,0.0,0.0,0.576,0.332562,0.0,1,0.1824674049,0.3447632187273906,Test
UGUHEK_clean,4.77594,4.10655,4.77594,1.75746,691.545,393.492,145.139,82.5845,0.5694,0.323991,0.0,1,0.1222576416,0.11771526600492904,Train
UGUQOC_charged,5.44159,3.98171,5.43587,1.19373,1327.79,1112.3,0.0,0.0,0.547,0.458227,0.0,0,0.6327467834,0.8407169251561761,Train
UHASED_clean,4.93212,3.89765,4.93212,1.32119,1664.14,1259.57,0.0,0.0,0.5574,0.421891,0.0,0,1.0037806353,1.0204101256629317,Train
UHAXUW_clean,5.09262,3.57011,5.0696,1.51761,748.067,492.925,0.0,0.0,0.446,0.293883,0.0,0,0.4395975678,0.6415595998668479,Train
UHUPET_clean,13.55212,8.93511,12.0856,0.540431,2097.88,3881.87,0.0,0.0,0.7682,1.42146,0.0,1,0.361835874,0.49639200651752313,Train
UHUPOD01_clean,33.07784,21.40391,33.07784,0.19136,873.381,4564.06,0.0,0.0,0.937,4.89652,0.0,0,0.4908595252,0.5240737897184219,Train
UJAQEC_clean,4.46683,3.5414,4.46683,1.21484,1347.94,1109.56,67.5496,55.6038,0.5582,0.459485,0.0,1,0.9507928487,0.6544010007148712,Test
UJAQUS_clean,7.15939,6.10118,7.07981,0.989707,2008.92,2029.81,0.0,0.0,0.6442,0.6509,0.0,1,0.5863178925,0.5746014516783023,Train
UJEDIX_clean,4.86939,3.4331,4.86939,1.44888,987.806,681.772,2.33073,1.60864,0.5456,0.376567,0.0,0,0.2979860793,1.0462631933566766,Test
UJILAA_clean,19.23413,9.51535,19.23413,0.420332,1982.45,4716.4,0.0,0.0,0.8898,2.1169,0.0,1,0.1515084574,0.4510294612746217,Test
UJIZET_clean,7.09242,5.53096,7.08797,1.15967,2195.41,1893.13,0.0,0.0,0.6436,0.554986,0.0,1,0.2885861498,0.5178488899639643,Train
UJOWEW_clean,5.75366,4.18708,5.75366,1.11983,1989.69,1776.77,0.0,0.0,0.6036,0.539008,0.0,1,0.2581519472,0.6635548384065093,Train
UJULIW_clean,7.01875,6.807,7.01875,2.47032,548.528,222.047,0.0,0.0,0.3284,0.132938,0.0,1,0.3931213595,0.35675370130084844,Test
UJUPUM_clean,6.77742,5.67068,6.76869,0.861722,2505.7,2907.78,0.0,0.0,0.7082,0.821843,0.0,1,0.3305432601,0.5636036504872384,Test
UJUQIB_clean,10.2017,5.3119,10.02065,0.774012,2238.72,2892.35,0.0,0.0,0.6914,0.893268,0.0,0,0.5750567252000001,0.6061112222333002,Train
UKAJOH_clean,5.01926,3.81172,4.98641,1.35653,485.975,358.247,0.0,0.0,0.4304,0.317279,0.0,1,0.7837202406,0.5724880288402417,Train
UKAPUS_clean,6.98994,4.84446,6.98994,1.13705,1711.16,1504.91,0.0,0.0,0.5842,0.513788,0.0,0,0.624957412,0.5993695079453824,Train
UKAQAZ_clean,7.03658,4.81444,7.03658,1.1542,1709.08,1480.75,0.0,0.0,0.5836,0.505632,0.0,0,0.6160799625,0.6431029886442015,Train
UKAQED_clean,6.96134,4.79708,6.96134,1.16653,1696.68,1454.47,0.0,0.0,0.581,0.49806,0.0,0,0.6331508463000001,0.6905369644526179,Train
UKAQIH_clean,7.0082,4.78738,7.0082,1.16844,1713.29,1466.3,0.0,0.0,0.5844,0.500152,0.000171168,0,0.620418838,0.5695288728421702,Train
UKAZEM_clean,10.77132,8.65206,10.76899,0.789293,2030.11,2572.07,0.0,0.0,0.7756,0.982652,0.0,1,0.1552311984,0.26387751069564364,Train
UKEXEP_clean,4.56996,3.476,4.56996,1.58485,612.499,386.472,21.3828,13.492,0.4954,0.312585,0.0,1,0.3414995962,0.2953455159305259,Train
UKIQIP_clean,10.57455,7.52574,10.57455,0.823179,2075.57,2521.41,0.0,0.0,0.6786,0.824365,0.0,1,0.3975494646,0.5947938144363591,Test
UKIQOV_clean,13.66711,9.63813,13.66009,0.628902,2104.6,3346.47,0.0,0.0,0.7776,1.23644,0.0,1,0.5022749769,0.5237008596254106,Train
UKOZOK_clean,5.16699,3.99697,5.16538,2.08607,1456.61,698.257,0.0,0.0,0.5214,0.249944,0.0,1,0.4148102901,0.4538732465923536,Train
UKUBOS_clean,7.20509,4.51731,7.20509,1.01682,1332.64,1310.6,0.0,0.0,0.5496,0.540507,0.0,0,1.240821112,0.69776367996588,Test
UKUBUY_clean,7.24877,4.48545,6.9378,1.0306,1336.85,1297.17,0.0,0.0,0.5312,0.51543,0.0,0,1.4162878863,1.0322993345741565,Train
UKUCAF_clean,7.2141,4.4286,6.87747,1.05667,1313.72,1243.26,0.0,0.0,0.5246,0.496466,0.0,0,1.4288585382,1.005354444994732,Train
UKUPIB_clean,7.9794,5.83185,7.9636,0.893496,2137.53,2392.33,0.0,0.0,0.6356,0.711363,0.0,1,0.3905947522999999,0.58281877461687,Train
UKUPUL_clean,6.90717,5.2805,6.90717,1.43379,1465.65,1022.22,1.90531,1.32886,0.5222,0.364209,0.0138095,1,0.6037729793,0.5439133322393667,Train
ULAQAB_clean,5.27643,3.51743,4.89733,1.04387,1032.19,988.815,0.0,0.0,0.5466,0.523628,0.0,0,0.8074486834000001,0.8843910212449055,Test
ULAQEF_clean,5.27064,3.49026,5.03731,1.02909,1016.13,987.412,0.0,0.0,0.5346,0.51949,0.0,0,0.6679032422,0.9108186407053407,Train
ULASAD_clean,8.38485,6.51445,8.17533,0.647842,2428.58,3748.72,0.0,0.0,0.7298,1.12651,0.0,1,0.2197567257999999,0.44646169264973856,Train
ULEGOH_clean,6.13177,4.39371,6.11357,1.30509,966.034,740.207,0.0,0.0,0.4766,0.365187,0.0,1,0.5440005031,0.41819621129597784,Test
ULIMIN_clean,5.00183,3.7748,4.85322,1.2693,515.601,406.208,162.351,127.906,0.476,0.375009,0.0,0,1.0109368341,0.8616714556116187,Train
ULOGAE_clean,6.57121,5.40028,5.95167,1.35328,2211.75,1634.36,0.0,0.0,0.6272,0.463465,0.0,1,0.4724791115,0.5011405706484346,Train
ULOKAJ_clean,8.7673,6.34979,8.7673,1.30492,1735.79,1330.19,0.0,0.0,0.637,0.488152,0.0,0,0.2245332019,0.2989500335561848,Train
ULOLEO_clean,8.29808,5.90829,8.29808,1.34322,1731.11,1288.78,0.0,0.0,0.6394,0.47602,0.0,0,0.2354586806,0.25565315328528615,Train
ULOLIS_clean,8.54677,6.10924,8.54677,1.32937,1733.05,1303.66,0.0,0.0,0.6388,0.480529,0.0,0,0.2301875124,0.27367962172237187,Test
ULOMAL_clean,8.86217,6.43433,8.86217,1.31015,1733.6,1323.21,0.0,0.0,0.6522,0.497807,0.0,0,0.2240651364,0.17949066042245915,Test
ULUVUT_clean,5.14269,4.75945,5.14269,1.14921,1898.67,1652.16,0.0,0.0,0.6398,0.556733,0.0,0,0.6337052136,0.6339757388513207,Test
UMABIV_clean,5.68466,5.22417,5.68466,1.23934,1941.33,1566.43,0.0,0.0,0.6118,0.493651,0.0,1,0.6258452255,0.6452290402800844,Train
UMABOB_clean,5.41853,4.65091,5.41146,1.04463,1738.12,1663.87,0.0,0.0,0.574,0.549478,0.0,1,0.6837854752,0.67332760500177,Train
UMALUQ_clean,8.90326,5.05379,8.67673,1.06985,1916.16,1791.07,0.0,0.0,0.5972,0.558212,0.0,1,0.3421458708,0.8007333901137262,Test
UMARAC_charged,7.63967,4.04996,7.61915,1.1879,1840.97,1549.77,0.0,0.0,0.6226,0.524119,0.0,1,0.2179446624,0.5367013336045448,Train
UMEDEX_clean,8.31991,5.90244,8.31991,1.33036,1734.05,1303.45,0.0,0.0,0.6334,0.476113,0.0,0,0.2375654707,0.3321367277016647,Train
UMEDIB_clean,8.20629,5.26943,8.19367,1.3504,1744.84,1292.1,0.0,0.0,0.632,0.46801,0.0,0,0.2350913381,0.371750655435787,Train
UMEDOH_clean,8.3593,5.89473,8.3593,1.33036,1732.85,1302.55,0.0,0.0,0.6328,0.475662,0.0,0,0.2411572968,0.32798895813890727,Test
UMEHOL_clean,7.1388,4.96773,6.18362,1.60251,1384.6,864.024,0.0,0.0,0.5636,0.351699,0.0,1,0.6038952425,0.4552103633672316,Train
UMEKEE_clean,8.30632,6.09762,8.27233,0.751545,2616.23,3481.13,0.0,0.0,0.734,0.976654,0.0,0,0.5070775665,0.5530377005068121,Train
UMEKII_clean,6.2978,4.37155,6.14715,1.16372,1476.0,1268.34,0.0,0.0,0.5854,0.50304,0.0,0,0.9099253716,0.811403996694248,Train
UMELAB_clean,6.29398,5.39006,6.2901,1.61584,1305.01,807.638,0.0,0.0,0.54,0.334192,0.0,1,0.5874274637,0.4507940555745208,Test
UMELEF_clean,6.19405,5.34016,6.17707,1.64272,1285.83,782.746,0.0,0.0,0.5076,0.309,0.0,1,0.596128535,0.5491541835928716,Test
UMEPOT_clean,6.2957,5.33563,6.29133,1.57681,1311.07,831.473,0.0,0.0,0.541,0.343098,0.0,1,0.5975460146,0.4570171936318597,Train
UMEQAG_clean,7.17863,4.94429,6.16873,1.58166,1384.15,875.123,0.0,0.0,0.5566,0.351908,0.0,1,0.6089309303,0.47117060569680425,Test
UMESIQ_clean,7.11235,5.04643,6.16421,1.65932,1412.73,851.388,0.0,0.0,0.558,0.336282,0.0,1,0.7648611453,0.5082313247827274,Train
UMESOW_clean,7.17498,4.93769,6.17391,1.56952,1391.65,886.672,0.0,0.0,0.5498,0.350298,0.0,1,0.6007146583,0.48014428878775806,Train
UMEXUF01_clean,5.93545,4.3172,5.83035,1.61863,1574.22,972.568,0.0,0.0,0.547,0.337941,0.0,1,0.7797158902,0.46170770128736477,Test
UMEXUF_clean,5.96732,4.46538,5.94889,1.62337,1487.02,916.008,0.0,0.0,0.5378,0.331286,0.0,1,0.7695640293000001,0.49895224701790203,Train
UMIGAA_clean,8.23557,7.15317,8.23557,1.10058,2014.92,1830.78,0.0,0.0,0.622,0.565157,0.0,1,0.5462151237,0.5115499937742697,Test
UMIZEX_clean,6.27903,5.11829,6.27347,1.43647,1654.12,1151.52,0.0,0.0,0.554,0.385668,0.0,1,0.4914371822999999,0.45351339582323763,Train
UMOBEF01_clean,11.72616,5.98085,11.72563,0.505624,2624.2,5190.03,0.0,0.0,0.792,1.56638,0.0,1,0.4970622774,0.4834571664272447,Train
UMOBEF02_clean,11.74556,6.09657,11.74553,0.512375,2648.86,5169.77,0.0,0.0,0.7876,1.53716,0.0,1,0.5095288325999999,0.4867686870327936,Train
UMOBEF03_clean,11.19548,6.07261,11.19529,0.54262,2779.47,5122.32,0.0,0.0,0.775,1.42826,0.0,1,0.5511406313,0.5528638672216444,Train
UMOBEF04_clean,9.82687,5.92931,9.82687,0.641251,2696.95,4205.76,1.10178,1.71818,0.73,1.1384,0.0,1,0.7133994714,0.6506046158353912,Train
UMOBEF05_clean,9.81532,6.14212,9.81476,0.699468,2487.48,3556.24,0.0,0.0,0.705,1.00791,0.0,1,0.7705961626000001,0.6672388678620844,Test
UMOBEF06_clean,9.73892,6.12776,9.73892,0.704912,2451.84,3478.22,0.0,0.0,0.7064,1.00211,0.0,1,0.7698556423999999,0.6447647225209265,Test
UMOBEF07_clean,9.64899,6.11183,9.64836,0.717947,2412.56,3360.35,0.0,0.0,0.7028,0.978902,0.0,1,0.7809600481,0.658016124122788,Test
UMOBEF08_clean,9.5277,6.07844,9.52714,0.722374,2381.06,3296.16,0.0,0.0,0.701,0.970411,0.0,1,0.7886879536,0.6634657039229441,Train
UMOBEF09_clean,9.30813,6.0393,8.12664,0.731985,2350.62,3211.3,0.0,0.0,0.696,0.95084,0.0,1,0.7912016459000001,0.641142451332886,Train
UMOBEF_clean,12.498,6.04018,12.42609,0.48038,2503.44,5211.38,0.0,0.0,0.7972,1.65952,0.0,1,0.456931519,0.5230422613435675,Train
UMODEH01_clean,11.30468,5.41503,11.30468,0.512269,2642.07,5157.57,0.0,0.0,0.7812,1.52498,0.0,1,0.4942644101,0.523050743296025,Train
UMODEH03_clean,11.61852,5.42066,11.35102,0.51003,2634.97,5166.3,0.0,0.0,0.785,1.53913,0.0,1,0.4926255871,0.5222765882334265,Train
UMODEH04_clean,11.36787,5.34922,11.36787,0.533932,2752.39,5154.94,0.0,0.0,0.771,1.444,0.0,1,0.5312676534,0.5554738909388497,Train
UMODEH06_clean,11.16649,5.2519,11.16649,0.555198,2855.76,5143.68,0.0,0.0,0.7652,1.37825,0.0,1,0.5616466363,0.5709152364133598,Train
UMODEH07_clean,11.33302,5.24933,11.33302,0.558087,2863.98,5131.77,0.0,0.0,0.7612,1.36394,0.0,1,0.5756341053,0.5941548439488912,Test
UMODEH08_clean,7.50813,5.20054,6.29758,0.647965,2827.66,4363.91,0.0,0.0,0.7222,1.11457,0.0,1,0.7486169604999999,0.6684188737606758,Train
UMODEH09_clean,7.58377,5.1021,6.14779,0.720299,2563.17,3558.48,0.0,0.0,0.6962,0.966543,0.0,1,0.8245644178,0.7408217551940028,Test
UMODEH10_clean,8.26869,5.10695,6.12476,0.739009,2428.99,3286.83,0.0,0.0,0.6872,0.929894,0.0,1,0.8219764568000001,0.7852985617175946,Test
UMODEH11_clean,7.88398,5.10678,6.00855,0.750929,2393.61,3187.54,0.0,0.0,0.6846,0.911671,0.0,1,0.8365386634,0.7761122329966396,Train
UMODEH12_clean,7.73054,5.09547,6.08288,0.751192,2382.98,3172.27,0.0,0.0,0.6794,0.90443,0.0,1,0.8352249776,0.7886344863836748,Train
UMODEH13_clean,8.08,5.10727,6.08981,0.75692,2343.08,3095.55,0.0,0.0,0.6792,0.89732,0.0,1,0.8290440862,0.7976944367992311,Train
UMODEH14_clean,11.13019,5.34376,11.13003,0.540267,2804.02,5190.06,0.0,0.0,0.7704,1.42596,0.0,1,0.539350105,0.5504264822769738,Train
UMODEH15_clean,11.39121,5.37416,11.39121,0.528259,2720.83,5150.56,0.0,0.0,0.7764,1.46973,0.0,1,0.5215989263,0.5460120780131726,Test
UMODEH16_clean,13.02556,5.98917,13.02556,0.473838,2451.04,5172.75,0.0,0.0,0.8008,1.69003,0.0,1,0.448071935,0.5288182896476317,Train
UMODEH17_clean,11.09362,5.25928,11.09362,0.56801,2915.72,5133.22,0.0,0.0,0.7592,1.3366,0.0,1,0.6026336317000001,0.5881728390747982,Train
UMODEH18_clean,12.07339,5.35338,12.07339,0.527677,2756.54,5223.93,0.0,0.0,0.7746,1.46794,0.0,1,0.5279571653,0.7125108497902659,Test
UMODEH19_clean,9.53314,6.14559,9.53308,0.644874,2729.74,4232.98,0.0,0.0,0.7296,1.13138,0.0,1,0.7217312503,0.6556101560041355,Train
UMODEH20_clean,9.81757,5.20485,6.37863,0.582326,2920.59,5015.39,0.0,0.0,0.7482,1.28485,0.0,1,0.6123614747,0.5676870077353603,Test
UMODEH21_clean,9.91334,5.23079,9.91334,0.575954,2919.56,5069.08,0.0,0.0,0.75,1.30219,0.0,1,0.5931225469,0.5706274262189415,Train
UMODEH22_clean,10.42971,5.27481,10.42971,0.557764,2866.15,5138.64,0.0,0.0,0.7608,1.36402,0.0,1,0.5747178095000001,0.5439429424366399,Train
UMODEH23_clean,11.15907,5.34276,11.15907,0.535598,2770.05,5171.89,0.0,0.0,0.7696,1.4369,0.0,1,0.5332907295,0.5504264822769738,Train
UMODEH24_clean,11.42851,5.36939,11.42851,0.532371,2746.88,5159.71,0.0,0.0,0.7732,1.45237,0.0,1,0.5289227244,0.5504559445367541,Test
UMODEH25_clean,9.75422,5.20239,6.39739,0.581306,2933.81,5046.92,0.0,0.0,0.7442,1.28022,0.0,1,0.6063349413,0.5665883470965062,Test
UMODEH_clean,10.95537,5.36113,10.95537,0.533113,2747.45,5153.6,0.0,0.0,0.7742,1.45222,0.0,1,0.525057204,0.5434281719343415,Train
UMOKIS_clean,10.47066,8.24292,10.42077,0.843112,1761.07,2088.78,0.0,0.0,0.6618,0.784949,0.0,1,0.4061194171,0.44384175601326137,Train
UMOVEZ01_clean,10.36799,5.68179,9.99869,0.557538,2889.19,5182.06,0.0,0.0,0.7634,1.36923,0.0,1,0.5767938807,0.5276443188009807,Test
UMOVEZ02_clean,10.40783,5.7016,10.40783,0.554264,2884.62,5204.42,0.0,0.0,0.768,1.38562,0.0,1,0.5639502716,0.5323480522154421,Test
UMOVEZ03_clean,10.92239,5.82104,10.1736,0.537309,2802.84,5216.45,0.0,0.0,0.7724,1.43754,0.0,1,0.5362249246,0.5641639038677129,Train
UMOVEZ04_clean,11.43321,6.00494,11.43286,0.521066,2715.35,5211.14,0.0,0.0,0.7844,1.50538,0.0,1,0.5178953518,0.5424001488756232,Train
UMOVEZ05_clean,10.32083,5.66439,10.32083,0.556946,2888.61,5186.51,0.0,0.0,0.7674,1.37787,0.0,1,0.5791275383,0.5236181439107749,Test
UMOVEZ_clean,11.7936,5.96806,11.76218,0.502437,2621.26,5217.08,0.0,0.0,0.7922,1.57671,0.0,1,0.4861514939,0.4805663763925075,Train
UMOVID_clean,12.08323,6.02223,11.77524,0.495095,2551.4,5153.36,0.0,0.0,0.7958,1.60737,0.0,1,0.4842933997,0.47652066682008004,Train
UMOVOJ_clean,12.44931,6.04966,11.64464,0.481059,2488.51,5172.97,0.0,0.0,0.8008,1.66466,0.0,1,0.4602502723,0.5139543251447594,Test
UMOYOM03_clean,9.53653,5.34452,9.53653,0.572297,2816.69,4921.73,0.0,0.0,0.7558,1.32064,0.0,1,0.5218704279999999,0.5428070835812084,Train
UMOYOM06_clean,9.27242,5.3599,9.27242,0.544667,2828.76,5193.56,0.0,0.0,0.7628,1.40049,0.0,1,0.5180904224,0.4865887010748354,Train
UMOYOM07_clean,9.75529,5.37054,9.54348,0.541661,2791.87,5154.28,0.0,0.0,0.7712,1.42377,0.0,1,0.5226593345,0.48145659652715994,Test
UMOYOM08_clean,9.66223,5.42293,9.66221,0.547658,2688.94,4909.89,0.0,0.0,0.7644,1.39576,0.0,1,0.4780823693,0.5080090305942933,Train
UMOYOM10_clean,9.29709,5.30741,9.29709,0.582563,2853.3,4897.84,0.0,0.0,0.748,1.28398,0.0,1,0.5293826350999999,0.5530082425987136,Test
UMOYOM11_clean,8.68074,5.21106,8.68074,0.619321,2929.2,4729.69,0.0,0.0,0.724,1.16902,0.0,1,0.5946761078,0.6621965661600135,Train
UMOYOM13_clean,8.08915,5.1527,6.21939,0.677127,2892.06,4271.07,0.0,0.0,0.7078,1.0453,0.0,1,0.7410861177,0.74895015966549,Train
UMOYOM16_clean,7.63035,5.01799,6.05656,0.779987,2424.82,3108.79,0.0,0.0,0.664,0.851297,0.0,1,0.8060429946,0.8294906070286798,Train
UMOYOM17_clean,7.20985,4.99864,5.97659,0.754372,2435.06,3227.93,0.0,0.0,0.675,0.894784,0.0,1,0.7464638011,0.7805561454543697,Train
UMOZUT_clean,10.2026,5.23269,10.2026,0.576016,2921.2,5071.38,0.0,0.0,0.7524,1.30621,0.0,1,0.5971128673,0.5915317724770133,Train
UMUBAH_clean,10.24236,5.23581,10.24236,0.576725,2914.77,5054.0,0.0,0.0,0.7536,1.30669,0.0,1,0.5965217087,0.5852849184874604,Train
UMUBEL_clean,10.43104,5.29557,10.43104,0.565681,2914.18,5151.62,0.0,0.0,0.7596,1.34281,0.0,1,0.5806326796,0.5447853665076232,Train
UMUBIP_clean,11.2434,5.32116,11.2434,0.544527,2831.33,5199.61,0.0,0.0,0.7672,1.40893,0.0,1,0.5447099428,0.5533133790302813,Train
UMUBOV_clean,10.36323,5.21129,10.36305,0.581505,2938.31,5052.94,0.0,0.0,0.7516,1.29251,0.0,1,0.6059605408,0.5930229680665284,Train
UMUXEG_clean,9.49806,8.4757,9.49806,2.20878,1092.16,494.464,0.0,0.0,0.5272,0.238684,0.0,1,0.1012181788,0.14102404286923764,Train
UNABIV_charged,5.08458,3.8192,4.86043,1.53367,1129.32,736.354,0.0,0.0,0.481,0.313628,0.0,1,0.3017261653999999,0.6779753088903314,Test
UNADIX_clean,6.75931,3.87519,6.75562,1.24165,1862.26,1499.83,0.0,0.0,0.6188,0.498371,0.0,0,0.9919371357,0.9769303996021036,Train
UNAGOH_clean,6.96079,6.02919,6.95596,0.981792,1984.33,2021.13,0.0,0.0,0.6686,0.681,0.0,1,0.6234085525,0.5211769760493175,Train
UNAGUN_clean,6.99295,6.04603,6.99295,0.980411,1997.43,2037.34,0.0,0.0,0.6572,0.670331,0.0,1,0.6378892256,0.5386889549536352,Train
UNECOH_clean,8.18788,6.9765,8.18788,1.09192,2032.27,1861.19,0.0,0.0,0.6216,0.569271,0.0,1,0.4923336728,0.6949035438904144,Test
UNECUN_clean,8.22196,7.00638,8.21981,1.18297,2033.93,1719.35,0.0,0.0,0.6502,0.549636,0.0,1,0.5292857205,0.43706738126534794,Train
UNIMAG_clean,7.62122,4.89032,7.61772,1.27361,1516.85,1190.98,7.98461,6.26926,0.5702,0.447703,0.0,1,0.1867868321,0.5019731058796213,Test
UNUNEY_clean,34.00674,17.63763,34.00674,0.237838,1109.56,4665.2,0.0,0.0,0.9182,3.86062,0.0,1,0.3770507671999999,0.4651941243140796,Test
UPIBOM_clean,6.9638,6.58355,6.9638,1.56774,1538.59,981.409,0.0,0.0,0.5776,0.368429,0.0,0,0.4979142517,0.5395007328425993,Train
UQEGII_clean,7.86584,3.91024,7.82641,1.73651,1232.93,710.003,0.0,0.0,0.5438,0.313156,0.0,1,0.0616131554999999,0.14130842383121833,Train
UQERIT_clean,4.88677,3.80399,4.88677,1.1967,1362.48,1138.53,0.0,0.0,0.5566,0.465112,0.0,0,1.1267696522,0.973471213817598,Train
UQOWUU_clean,5.90125,3.62484,5.90125,1.49858,1462.39,975.848,0.0,0.0,0.5542,0.369817,0.0,1,0.4353002573,0.500322392131983,Test
UQOYOP_clean,5.62402,4.63088,5.62402,1.0296,1173.78,1140.03,0.0,0.0,0.5218,0.506796,0.0,0,0.9683257978,0.9073404625507019,Test
UQULAU_clean,7.2826,3.59407,7.2826,0.863333,1569.2,1817.6,0.0,0.0,0.6162,0.713745,0.0,1,0.5163648685,0.6021413831101586,Train
URENEM_clean,8.53899,7.85329,8.41522,0.74811,2058.38,2751.44,0.0,0.0,0.7178,0.959485,0.0,1,0.565790704,0.40854183545058154,Train
UREVIY_clean,4.97933,3.80174,4.64142,1.58439,1154.53,728.69,0.0,0.0,0.5098,0.321764,0.0,1,0.5279313457,0.5426716031303694,Train
UREVOE_clean,4.98141,3.80725,4.69195,1.62966,1156.15,709.443,0.0,0.0,0.5054,0.310125,0.0,1,0.5158421153,0.4859981482680407,Train
URUVUA_clean,9.76128,4.51984,9.76128,1.07567,2198.26,2043.62,0.0,0.0,0.6792,0.631422,0.0,1,0.4506561649,0.48597744362204487,Train
URUWEL_clean,9.27008,8.60913,9.21935,1.12073,1091.29,973.727,41.1176,36.688,0.5796,0.517161,0.0,1,0.1799473951,0.3428518758675263,Train
URUWIP_clean,8.03408,7.13721,8.03408,1.22198,1033.12,845.441,0.0,0.0,0.5468,0.447469,0.0,1,0.1964579457,0.18026979768896517,Train
USAWIW_clean,8.66526,5.94328,8.64173,1.00954,1665.76,1650.02,0.0,0.0,0.6018,0.596112,0.0,0,0.3814044711,0.5771990742656185,Train
USEVOF_clean,9.78266,6.59544,9.77545,1.19807,1982.01,1654.33,0.0,0.0,0.6746,0.563072,0.0,1,0.5134269292,0.30656208888552317,Test
USIRUL_clean,4.36706,3.58238,4.17257,1.44082,204.986,142.27,0.0,0.0,0.3816,0.264849,0.0,0,0.471499615,0.3405621871077604,Train
USISEW_clean,4.41857,3.83614,4.34351,1.41445,243.314,172.02,0.0,0.0,0.4008,0.28336,0.0,1,0.5342441076,0.45491050434807556,Test
USORUR_clean,6.75938,5.44409,6.68952,0.77718,2490.53,3204.57,0.0,0.0,0.705,0.907126,0.0,1,0.672054809,0.6479559407506473,Train
USOXEH_clean,5.26933,4.60511,5.26933,1.1789,1588.69,1347.6,0.0,0.0,0.5772,0.489609,0.0,1,0.4754573693,0.683119713080531,Train
USUBUG_clean,5.38089,5.04943,5.38089,1.1373,1931.44,1698.26,0.0,0.0,0.635,0.558338,0.0,0,0.6426084621,0.7077755766060678,Train
USUPUV_clean,5.56088,3.62011,5.55354,1.39664,1062.12,760.484,0.0,0.0,0.503,0.36015,0.0,1,0.1102817123,0.5936709607631422,Train
USUVIP_clean,7.94489,4.42991,7.94489,1.30315,1252.83,961.391,0.0,0.0,0.5286,0.405634,0.0,1,0.4133356175,0.4034750964535161,Train
USUWUC_clean,6.42663,5.71174,6.42663,1.58208,1915.35,1210.65,0.0,0.0,0.6074,0.383924,0.0,0,0.7457582311,0.7605847970069384,Test
UTACOJ_clean,10.00482,8.08324,10.00482,1.1027,1897.31,1720.61,0.0,0.0,0.673,0.610321,0.0,1,0.2322144617,0.3524709418730755,Test
UTACUP_clean,7.57859,3.49654,7.57859,1.1652,1628.8,1397.88,0.0,0.0,0.6024,0.516994,0.0,1,0.2776045429,0.7345672070389926,Test
UTADIE_clean,5.9737,4.97659,5.79418,1.5664,1976.27,1261.66,0.0,0.0,0.6122,0.390833,0.000127682,1,0.2796551527,0.28551220916694653,Train
UTELIQ_clean,6.45449,5.48487,6.42215,0.86074,1771.9,2058.57,0.0,0.0,0.608,0.706369,0.0,1,1.0990720996,0.6652635898816575,Test
UTEMAJ_clean,8.09581,6.09927,8.09581,0.734825,2275.05,3096.04,0.0,0.0,0.6682,0.909332,0.0,1,0.6668580603,0.6184550271468402,Test
UTEWOG_clean,14.59149,9.55269,14.59149,0.752086,1312.92,1745.71,424.373,564.261,0.7204,0.957869,0.0,1,0.7132844016,0.614505563752452,Train
UTEXIB_clean,6.29693,3.9636,6.29186,1.00241,1350.02,1346.77,59.1211,58.9791,0.5926,0.591177,0.0,0,0.6966160356000001,0.9278597824447772,Train
UTOCAJ_clean,6.32412,4.71832,6.32412,1.02969,1479.29,1436.63,0.0,0.0,0.5216,0.506558,0.0,1,0.8714609347,0.9612369906124683,Test
UTOCEN_clean,6.30527,4.82361,6.30527,1.02298,1494.45,1460.88,0.0,0.0,0.5268,0.514966,0.0,1,0.8517973853,0.8718924320763906,Train
UTULIF_clean,4.41246,3.54295,4.40979,1.75943,1064.28,604.898,0.0,0.0,0.5628,0.319876,0.0,0,0.9450070277,0.7109787270597846,Test
UTULUR_SL_part,7.64843,6.25721,7.64843,1.71749,808.319,470.64,196.079,114.166,0.5024,0.29252,0.0,0,1.1398030722,1.055244127108439,Train
UVANOW_clean,7.79568,5.2994,7.79517,0.823227,2568.33,3119.83,0.0,0.0,0.6984,0.848369,0.0,1,0.5614401234,0.6532348259105257,Test
UVANUC_clean,4.85728,3.61043,4.47871,1.46742,436.6,297.529,393.627,268.244,0.5082,0.346323,0.0,1,0.7652759981,0.7704697194482462,Train
UVEVAT_clean,5.06012,3.86427,5.04389,0.990442,2050.94,2070.73,0.0,0.0,0.6266,0.632647,0.0,0,0.8707842838,1.0013421977611987,Train
UVEVUN_clean,13.08634,6.53433,13.08634,0.765991,2243.91,2929.42,0.0,0.0,0.7048,0.920115,0.0,1,0.5866172070000001,0.7435025674770165,Test
UVINAP_clean,4.33279,3.86236,4.33279,1.23597,436.504,353.166,0.0,0.0,0.445,0.36004,0.0,0,0.3570584536,0.4669489488830742,Train
UVIPIZ_clean,13.16154,6.50431,13.16154,0.868575,2146.52,2471.31,0.0,0.0,0.7192,0.828023,0.0,1,0.4972315493,0.612926316460791,Train
UVIPOF_clean,13.17946,6.58449,13.17946,0.87003,2145.41,2465.9,0.0,0.0,0.7218,0.829627,0.0,1,0.5062048628,0.6027760079159791,Train
UVOBUE_clean,6.22291,4.39102,6.19993,2.12393,1051.93,495.275,0.0,0.0,0.5032,0.236919,0.0,1,0.100807095,0.2686303619250241,Train
UVOTOQ_clean,11.52321,9.17095,11.02494,1.0394,1689.27,1625.24,0.0,0.0,0.6776,0.651916,0.0,1,0.4513084404999999,0.340184241278915,Test
UVUDUM_clean,7.11279,4.8596,7.11279,1.37449,836.385,608.506,0.0,0.0,0.489,0.355769,0.0,1,0.1513185576,0.21469727256537768,Test
UVUFUN_clean,5.451,3.54467,5.41568,1.01248,1767.35,1745.57,0.0,0.0,0.5884,0.581148,0.0,1,1.0120023769,1.0616640919025397,Train
UVUQAE_clean,5.89761,4.70396,5.31275,1.14377,1514.01,1323.7,0.0,0.0,0.5466,0.477894,0.0,1,0.8882116639000001,0.8205402645420404,Train
UVUWAL_clean,5.70984,4.07494,5.63813,1.12706,1693.32,1502.42,0.0,0.0,0.5456,0.484089,0.0,0,1.1692185016,1.129051975754836,Test
UWALEL_clean,8.57419,8.06777,8.57419,0.978062,1809.81,1850.4,0.0,0.0,0.611,0.624705,0.0,1,0.636411694,0.5553773726369169,Train
UWELIS_clean,5.99371,4.57547,5.83222,0.952092,2140.18,2247.87,0.0,0.0,0.6406,0.672834,0.0,1,1.1961087447,0.7705369389985881,Test
UWODAN_clean,6.59983,5.06853,6.59196,1.38828,1109.99,799.546,13.7879,9.93166,0.5174,0.372693,0.0,1,0.3637417349,0.4515294218387812,Train
UWOWAF_clean,5.4452,4.14635,5.44512,1.16308,1303.91,1121.08,0.0,0.0,0.5534,0.475804,0.0,1,0.9332790922,0.7551359859288622,Train
UWUKII_clean,9.32796,8.05126,9.01112,0.931594,1638.77,1759.1,0.0,0.0,0.6392,0.686136,0.0,1,0.4836515674,0.5101766162712428,Train
UWUTIQ_clean,6.1259,4.66623,6.123,1.0094,1933.04,1915.04,0.0,0.0,0.5992,0.59362,0.0,0,1.0759432674,0.9283872689906756,Train
UXABOL_clean,5.3893,5.04349,5.3893,1.74291,842.153,483.187,0.0,0.0,0.4972,0.28527,0.0,1,0.0769210849,0.24328436528435032,Train
UXABUR_clean,5.25063,5.01707,5.2326,1.46007,406.574,278.462,0.0,0.0,0.4604,0.315327,0.0,1,0.0519496462,0.18839252363958398,Test
UXAXEY_clean,6.18002,3.46612,6.18002,1.398,1132.15,809.836,0.0,0.0,0.5144,0.367953,0.0,1,0.6874182328,0.6643780647038556,Test
UXINAR_clean,5.3735,3.82354,5.35038,1.67875,1280.4,762.706,0.0,0.0,0.585,0.348473,0.0,1,0.5544626429,0.4384519361771768,Train
UXIQOJ_clean,7.1779,7.04787,7.1779,1.13503,1629.42,1435.57,0.0,0.0,0.592,0.521571,0.0,0,0.6679082785,0.7704129697790179,Train
UXISUR_clean,13.20708,6.69761,13.19407,0.878357,2102.35,2393.51,0.0,0.0,0.7182,0.817663,0.0,1,0.6040464466,0.6125676227313464,Train
UXUNUX_clean,7.36512,5.79316,6.13107,0.678518,2356.29,3472.7,0.0,0.0,0.6988,1.02989,0.0,1,0.6182732854999999,0.6532460816392383,Train
UXUPEJ_clean,7.33818,5.78241,6.14442,0.675641,2374.29,3514.13,0.0,0.0,0.7026,1.0399,0.0,1,0.6152140802,0.639309444051753,Train
UXUPIN_clean,7.3374,5.72246,6.07377,0.669934,2447.15,3652.82,0.0,0.0,0.7066,1.05473,0.0,1,0.6046003836,0.6414452296500637,Train
UXUZAP_clean,4.84101,3.60752,4.82729,1.24118,1063.95,857.212,0.0,0.0,0.542,0.436681,0.0,0,1.1436720856,1.107493303860507,Train
UYAQAN_clean,7.19018,5.3716,7.19018,1.13147,742.019,655.8,0.0,0.0,0.4556,0.402661,0.0,0,0.2460326354,0.2147537988162333,Train
UYOFIY_clean,4.54158,3.74063,4.4159,1.84541,1216.19,659.037,0.0,0.0,0.4962,0.268884,0.0,1,0.7334965686,0.70312355993096,Train
UZANOZ_clean,5.69712,4.77135,5.69535,1.53417,1383.93,902.072,0.0,0.0,0.5298,0.345334,0.0,1,0.397244082,0.47522765173157117,Train
UZATAR_clean,4.70366,3.77441,4.70214,2.20784,876.761,397.113,0.0,0.0,0.4486,0.203185,0.0,1,0.2763468548,0.296349536183568,Train
UZEKEQ_clean,4.76828,3.67807,4.76182,1.66742,847.636,508.351,0.0,0.0,0.4118,0.246968,0.0,1,0.23603063,0.2576952774499788,Train
UZIJUJ_clean,6.64538,5.8584,6.63953,1.01975,1889.57,1852.97,0.0,0.0,0.5996,0.587987,0.0,0,0.7051524297,0.780203222882564,Train
UZOBAN_clean,6.16935,4.44214,6.16935,0.864572,2160.34,2498.74,0.0,0.0,0.6496,0.751355,0.0,1,0.7430458266,0.7036291023862529,Train
UZOBER_clean,4.15957,3.7187,4.14785,1.30213,762.369,585.479,74.3878,57.1279,0.576,0.442353,0.0,0,0.2513077882,0.1924250401981914,Train
UZUNAF01_clean,7.28303,6.53777,7.28303,1.26957,1027.84,809.6,0.0,0.0,0.5124,0.403601,0.0,0,0.2420435613,0.3792283374342994,Train
UZUNAF_clean,7.30425,6.5808,7.30425,1.26614,1045.59,825.812,0.0,0.0,0.4964,0.392058,0.0,0,0.2411509905999999,0.33908432413915635,Test
UZUZUL_clean,4.89079,3.61553,4.62488,1.24739,1059.33,849.24,0.0,0.0,0.5482,0.439477,0.0,1,1.8034069729,1.238580048993521,Train
VABJIS_clean,4.14214,4.05323,4.14214,1.37391,738.742,537.692,0.0,0.0,0.5042,0.366981,0.0,0,0.5378423777,0.6192959602470195,Train
VACFOV_clean_h,7.04016,6.80377,7.04016,0.930569,2533.92,2722.98,0.0,0.0,0.6628,0.712252,0.0,0,1.1471485596,0.8414690900924875,Test
VACFUB01_clean,8.53124,8.3704,8.53124,1.18192,1047.12,885.95,0.0,0.0,0.5384,0.455532,0.0,0,0.3128538254,0.28861914866207095,Train
VACFUB_clean_h,8.50715,8.34107,8.50715,1.18054,1091.35,924.448,0.0,0.0,0.5186,0.439291,0.0,0,0.2828377730999999,0.3142404712849678,Train
VACLIX_clean,25.84424,11.11801,22.64252,0.527457,1593.04,3020.23,0.0,0.0,0.8434,1.59899,0.000379178,1,0.2884619297,0.31878252640768084,Train
VADWON_clean,4.24405,3.53009,4.22084,1.10757,515.209,465.173,34.0376,30.7319,0.4648,0.419659,0.0,0,0.4260815085,0.5456948378247926,Test
VAFWAB_clean,5.22912,3.96499,5.18849,1.68714,1215.2,720.275,0.0,0.0,0.594,0.352075,0.0,1,0.7014584328,0.4797716814818296,Train
VAGBEN_clean,6.05449,4.8127,6.05449,1.78797,959.833,536.829,0.0,0.0,0.4822,0.269692,0.0,1,0.255563738,0.31681493848721326,Train
VAGBOX_clean,5.4847,3.8221,5.12718,1.96889,508.317,258.175,0.0,0.0,0.435,0.220937,0.0,1,0.2071505496,0.20403582399364806,Train
VAGBUD_clean,10.23495,9.48231,10.23335,1.57268,1211.54,770.363,0.0,0.0,0.5868,0.37312,0.0,1,0.2363991175,0.21572914463216325,Test
VAGJET_clean,4.15802,3.46053,4.1496,2.48318,463.195,186.533,0.0,0.0,0.361,0.145378,0.0,1,0.2308337334,0.3042497227022117,Train
VAGMAT_clean,14.92091,13.26042,14.92091,0.364732,1875.05,5140.9,0.0,0.0,0.86,2.3579,0.0,1,0.4229204531,0.42888413103846806,Test
VAGMEX_clean,15.28058,14.48863,15.28058,0.352218,1827.73,5189.2,0.0,0.0,0.863,2.45019,0.0,1,0.4156473743,0.4248644998741472,Train
VAGTAA01_clean,5.66319,4.40941,5.66319,0.999593,1775.32,1776.04,0.0,0.0,0.611,0.611249,0.0,1,0.8277050481,0.8233367498138124,Train
VAGTAA_clean,5.69119,4.40372,5.677,0.872253,1821.29,2088.03,0.0,0.0,0.638,0.731439,0.0,1,0.6285468468,0.6491613473729944,Train
VAGTUU_clean,6.4105,3.89316,6.4105,1.19065,828.698,696.007,460.809,387.025,0.5728,0.481084,0.0,1,1.0318012691,0.748628332988039,Test
VAHJEW_clean,5.94599,4.30466,5.94599,1.08689,1479.94,1361.63,0.0,0.0,0.5432,0.499775,0.0,0,0.8087186693999999,0.9120274178758487,Test
VAHJIA_clean,4.59496,3.72145,4.53376,1.21451,948.028,780.582,0.0,0.0,0.4972,0.409382,0.0,0,0.7994044845,0.8865123520748361,Test
VAHPUR_clean,5.81668,4.4159,5.81214,1.29937,901.437,693.751,0.0,0.0,0.489,0.376337,0.0,1,0.4531054839,0.4599075795954606,Train
VAHQAY_clean,5.75711,4.40654,5.75688,1.31802,917.051,695.781,0.0,0.0,0.4754,0.360693,0.0,1,0.4609085035,0.44731660074768,Train
VAHSON_clean,5.15227,4.26145,5.12644,2.34175,976.447,416.973,0.0,0.0,0.4326,0.184733,0.0,0,2.0215873257,1.6508685246573775,Train
VAHTOQ_clean,6.66297,4.23051,6.65497,1.06844,1185.87,1109.9,0.0,0.0,0.5198,0.486502,0.0,1,0.6389832672,0.716568928581389,Train
VAHTUW_clean,9.85702,7.76622,8.65886,1.09206,1071.39,981.073,0.0,0.0,0.5342,0.489167,0.0,1,0.3079622225,0.2369094857314124,Train
VAHVOR_clean,6.3986,4.82003,6.3986,1.14511,2295.95,2005.01,0.0,0.0,0.6334,0.553137,0.0,1,0.6576367613,0.6133833707268124,Train
VALVAI_clean,6.23826,4.86854,6.23826,1.64521,1240.0,753.701,0.0,0.0,0.5196,0.315826,0.0,1,0.6717673143,0.5221297578730899,Test
VALVIQ_clean,5.21348,4.28071,5.21348,1.82071,1261.82,693.039,0.0,0.0,0.5078,0.278902,0.0,1,0.3785202307999999,0.7066035367379957,Test
VALWUD_clean,10.17237,6.1037,8.0425,0.867774,1499.07,1727.49,576.042,663.816,0.6792,0.782692,0.0,1,0.4768537253,0.5753397799445897,Train
VALXAK_clean,9.98876,6.23965,8.39165,0.742505,1487.88,2003.86,574.813,774.154,0.69,0.929286,0.0,1,0.6042470921,0.5863775601187556,Train
VALXEO_clean,9.6783,6.73158,8.21464,0.83384,1503.01,1802.51,543.478,651.776,0.6804,0.815983,0.0,1,0.4572352435,0.5590743337317807,Train
VALXIS_clean,10.17011,5.92824,8.44426,0.888503,1485.32,1671.71,572.74,644.613,0.6916,0.778388,0.0,1,0.4950368277,0.6159477911106687,Test
VALXOY_clean,10.47061,5.58858,8.23634,0.777087,1484.63,1910.51,601.467,774.002,0.6808,0.876093,0.0,1,0.665718621,0.6208510476911883,Test
VAMPUX_clean,11.37157,10.81985,11.3699,1.17979,1541.06,1306.22,0.0,0.0,0.6462,0.547726,0.0,1,0.3432467574,0.35108075065910005,Train
VAMQAE_clean,7.70786,5.78406,7.70755,1.38137,1401.32,1014.44,0.0,0.0,0.5594,0.404959,0.0,0,0.1447308879,0.3880437158146884,Train
VAMQIM_clean,11.48256,10.83475,11.48089,1.17217,1544.63,1317.75,0.0,0.0,0.6478,0.55265,0.0,1,0.3381411209,0.35266952418328384,Train
VAMQOS_clean,11.49062,10.84702,11.48896,1.17541,1553.24,1321.44,0.0,0.0,0.6476,0.550957,0.0,1,0.3387510547999999,0.3575631631432883,Train
VANHEA_clean,8.56369,6.00066,8.56369,0.853114,2214.19,2595.42,0.0,0.0,0.6496,0.761445,0.0,1,0.6433742187,0.6265620026679057,Train
VANNEG_clean,11.28278,7.20114,10.99968,0.910221,2188.91,2404.81,0.0,0.0,0.7194,0.790358,0.0,1,0.296532105,0.4600326752721949,Train
VANNIK_clean,12.11733,10.70076,12.11733,0.488133,1807.7,3703.29,0.0,0.0,0.8496,1.74051,0.0,1,0.2456608369,0.35815490225068614,Test
VAPBEV_clean,6.2413,3.63671,6.2413,1.10537,871.132,788.092,165.749,149.949,0.5168,0.467536,0.0,0,0.9272488121,1.0132511427729207,Test
VAPBIZ_clean,6.25794,3.6162,5.25123,1.10539,876.554,792.979,162.666,147.157,0.5196,0.470059,0.0,0,0.9446666283,0.9372601663812684,Train
VAPFUP_clean,5.15651,3.56832,5.15424,2.0755,483.988,233.191,0.0,0.0,0.4372,0.210648,0.0,1,0.2465055387999999,0.2966486399345061,Train
VAPHOM_clean,4.23153,3.44235,4.23153,1.69156,935.756,553.19,0.0,0.0,0.5808,0.343351,0.0,0,0.8444591001,0.7624182309819117,Train
VAQTUF_clean,10.13522,6.68232,9.92269,0.858555,1863.51,2170.52,0.0,0.0,0.6104,0.710962,0.0,0,0.687729985,0.6790044582777238,Train
VARHIH_clean,6.67359,4.11194,6.66829,0.964951,2096.06,2172.19,0.0,0.0,0.6192,0.641691,0.0,0,0.8122152873999999,0.9791104698298003,Train
VARJEF_clean,7.50874,4.26843,7.47113,0.807576,2145.36,2656.54,0.0,0.0,0.6264,0.775655,0.0,0,0.8627826888,0.8154916723290069,Train
VARWOC_clean,8.41083,6.51113,8.31612,1.24989,2285.05,1828.2,0.0,0.0,0.6966,0.55733,0.0,1,0.1213308581,0.21952507558126183,Test
VARWUI_clean,8.3742,6.48381,8.29614,1.28778,2247.33,1745.13,0.0,0.0,0.6946,0.53938,0.0,1,0.1208014903,0.16847322733537085,Train
VASFAZ_clean,5.87532,4.55866,5.87532,1.54574,1464.11,947.192,0.0,0.0,0.5206,0.336796,0.0,1,0.2959231515,0.47221288271465667,Train
VASFED_clean,5.86586,4.56127,5.86586,1.56054,1486.93,952.828,0.0,0.0,0.5192,0.332705,0.0,0,0.2984615662,0.5847698775719571,Test
VASFIH_clean,5.55628,5.01575,5.54452,1.55799,1392.72,893.922,0.0,0.0,0.5596,0.359181,0.0,0,0.2135560282,0.41479841131196776,Train
VASFON_clean,5.84482,4.53722,5.84482,1.58678,1481.54,933.678,0.0,0.0,0.517,0.325818,0.0,0,0.3010020419,0.5606111619944582,Train
VASFUT_clean,5.82317,4.52383,5.82317,1.64203,1481.82,902.431,0.0,0.0,0.511,0.311201,0.0,0,0.3045822005,0.5815434325396358,Train
VASGUU_clean,6.24288,4.56068,6.2408,1.07396,2025.67,1886.18,0.0,0.0,0.6304,0.586989,0.0,1,0.8793246637000001,0.7030910715880488,Train
VASKOR_clean,4.41725,4.15949,4.41175,1.15817,1130.8,976.371,0.0,0.0,0.53,0.45762,0.0,0,0.5794930592,0.7831780970824556,Train
VATVIY_clean,6.85041,4.79302,6.73681,1.28666,1128.63,877.177,0.0,0.0,0.517,0.401816,0.0,1,0.2386823082999999,0.4078894170103131,Train
VATVOE_clean,6.86024,4.81417,6.53187,1.27918,1131.8,884.793,0.0,0.0,0.5156,0.403072,0.0,1,0.2347490252,0.43124849576729657,Train
VATVUK_clean,4.75369,3.54535,4.74028,1.35574,615.159,453.744,0.0,0.0,0.4098,0.30227,0.0,0,0.3687618079999999,0.5668225893682004,Test
VATXEU_clean,7.38612,5.95802,7.38612,2.25172,1314.88,583.946,0.0,0.0,0.537,0.238485,0.0,0,0.2116033591,0.6808089963597955,Train
VATYAR_clean,5.8425,4.85588,5.8425,1.4789,2001.31,1353.25,0.0,0.0,0.6196,0.418961,0.0,1,0.2566810064,0.34984018018528695,Train
VATYEV_clean,5.69723,4.67285,5.69723,1.60096,1965.06,1227.43,0.0,0.0,0.61,0.381022,0.0,1,0.2715702117,0.32279412489608206,Test
VATYIZ_clean,5.77973,4.6993,5.77973,1.51124,2028.88,1342.53,0.0,0.0,0.6162,0.407745,0.0,1,0.2711030509,0.32360531018988675,Train
VATYOF_clean,5.86599,4.67382,5.86599,1.53817,2040.49,1326.58,0.0,0.0,0.622,0.404378,0.0,1,0.2436806741,0.28693714095449685,Train
VAXMUF_clean,6.97885,4.73882,6.97885,0.91747,1247.84,1360.09,0.0,0.0,0.5948,0.648304,0.0,1,0.3779010596,0.4763120998661252,Train
VAXTEV_clean,6.86582,3.53622,6.72322,1.11335,919.514,825.896,6.20036,5.56908,0.527,0.473345,0.0,1,0.3108999647,0.49382793854618046,Test
VAZROF_clean,5.03461,4.5915,5.03461,1.23766,828.566,669.464,0.0,0.0,0.453,0.366014,0.0,0,0.9251326233,0.779298874569149,Train
VAZTOG_clean,15.08014,7.93969,15.07583,0.589901,2233.7,3786.57,0.0,0.0,0.8002,1.3565,0.0,0,0.3141111914,0.3508376249564941,Train
VAZTUM_clean,15.07409,7.93508,15.07409,0.591689,2246.58,3796.89,0.0,0.0,0.8116,1.37167,0.0,0,0.3143161479,0.3267364770575819,Train
VEBHUG_SL,17.30249,9.82354,17.30249,0.511068,1917.15,3751.27,0.0,0.0,0.8468,1.65692,0.0,0,0.3722729328,0.38379229040045015,Train
VECWUX_clean,5.40728,3.62986,4.72861,1.2151,591.936,487.152,249.544,205.37,0.5232,0.430584,0.0,1,0.6715608434,0.7057232298187773,Train
VECZAG_clean,9.10711,7.36025,9.10711,1.61302,1710.75,1060.59,0.0,0.0,0.6522,0.404334,0.0,1,0.136995458,0.11304615026974968,Train
VECZEI_clean,5.84999,3.52276,5.84999,0.90542,1514.07,1672.22,0.0,0.0,0.6422,0.709284,0.0,0,0.2270162835,0.4499542075226074,Train
VECZEK_clean,9.28653,7.43469,9.28653,1.34679,1798.64,1335.5,0.0,0.0,0.6836,0.507577,0.0,1,0.1602055623,0.14447564440008998,Train
VEDDIT_charged,5.03386,3.88211,5.03386,1.55505,891.804,573.488,0.0,0.0,0.497,0.319603,0.0,0,0.8013108265000001,0.5850110152276087,Train
VEDFAN_clean,6.01158,4.07874,6.00756,1.03866,1741.67,1676.84,0.0,0.0,0.5802,0.558605,0.0,0,0.7236594363,0.8541673078939498,Train
VEDFIV_clean,5.7298,3.89416,5.70244,1.06894,1581.69,1479.68,0.0,0.0,0.5684,0.531742,0.0,0,0.7164935001,0.8318677125149014,Train
VEDFOB_clean,5.93857,4.06358,5.90891,1.05075,1647.57,1567.99,0.0,0.0,0.5592,0.532191,0.0,0,0.7288542393999999,0.8087493363062009,Train
VEDFUH_clean,5.95596,4.00314,5.95596,1.05093,1663.77,1583.13,0.0,0.0,0.5708,0.543136,0.0,0,0.6814558322,0.8084179553995542,Train
VEDGAO_clean,5.63762,3.83278,5.54473,1.07445,1555.4,1447.63,0.0,0.0,0.5576,0.518962,0.0,0,0.7041260866,0.8493248419071662,Train
VEDGES_clean,5.91912,4.12997,5.83809,1.04225,1662.62,1595.23,0.0,0.0,0.5592,0.536534,0.0,0,0.7037056079,0.7919419756306951,Train
VEDGIW_clean,5.91757,4.12403,5.88473,1.04313,1656.13,1587.65,0.0,0.0,0.5804,0.556402,0.0,0,0.6926296647,0.8454715492449438,Test
VEFMAW_charged,14.37312,9.52614,14.37312,0.810102,1646.79,2032.82,0.0,0.0,0.6424,0.792987,0.0,0,0.6332485925,0.6168172954412328,Train
VEGBUG_clean,26.2956,9.06734,26.2956,0.576598,1786.71,3098.71,0.0,0.0,0.8298,1.43913,0.000346862,1,0.3256080648,0.3213475396460955,Test
VEGCAN_clean,26.23164,8.97115,26.23164,0.749461,1794.02,2393.75,0.0,0.0,0.8278,1.10453,0.000266859,1,0.2521297923,0.270674411643601,Train
VEGMIE01_charged,6.64353,5.05601,6.57824,1.10291,1234.43,1119.25,0.0,0.0,0.5218,0.473113,0.0,1,0.4677866631,0.6121823426560956,Train
VEGMIE_charged,6.85321,5.14986,6.80435,1.08872,1273.46,1169.68,0.0,0.0,0.539,0.495075,0.0,1,0.5034360417,0.59880014437995,Train
VEGMOK01_charged,6.84998,5.14759,6.84391,1.11831,1269.11,1134.84,0.0,0.0,0.5472,0.489309,0.0,1,0.5847057466,0.5848496705500739,Test
VEGMOK02_charged,6.86758,5.14075,6.81406,1.11182,1275.45,1147.17,0.0,0.0,0.5514,0.495942,0.0,1,0.5802163833,0.5720320588350535,Train
VEGMOK03_charged,6.89118,5.16192,6.87746,1.10372,1282.03,1161.55,0.0,0.0,0.5556,0.503387,0.0,1,0.596900081,0.5656484969611575,Test
VEGMOK04_charged,6.87389,5.12762,6.8483,1.11455,1264.09,1134.17,0.0,0.0,0.5514,0.494728,0.0,1,0.5916364743,0.5705614325123728,Test
VEGMOK_charged,6.79283,5.1354,6.73097,1.12265,1250.57,1113.94,0.0,0.0,0.5382,0.4794,0.0,1,0.5901316947,0.5804519994729889,Train
VEHJID01_clean,8.78437,6.6937,8.25223,0.765372,2471.66,3229.36,0.0,0.0,0.7812,1.02068,0.0,1,0.3096231487999999,0.3135622536234957,Test
VEHJOJ_clean,14.09924,6.85678,11.19448,0.748313,2267.56,3030.24,0.0,0.0,0.7708,1.03005,0.0,1,0.3688291897999999,0.44346890756599244,Train
VEHJUP_clean,14.28068,6.83408,11.22906,0.743695,2268.42,3050.2,0.0,0.0,0.7746,1.04156,0.0,1,0.3672079206,0.44110757619657526,Test
VEHKIE_SL,13.77124,4.50888,13.77124,0.959384,2184.49,2276.97,0.0,0.0,0.6924,0.721713,0.0,1,0.6300091638,0.7053120954661244,Train
VEHKOK_charged,6.40877,5.06856,6.40877,1.19713,1684.43,1407.06,0.0,0.0,0.5998,0.501033,0.0,1,0.8063572746,0.6048322077370597,Train
VEHLAW_clean,4.71553,3.44976,4.62826,1.6429,1000.4,608.925,0.0,0.0,0.6102,0.371417,0.0,0,1.0049288216,1.006349985281463,Train
VEHLIE_clean,5.23023,3.70327,5.22427,1.49837,1455.04,971.08,0.0,0.0,0.63,0.420457,0.0,0,0.8573581915,0.7751127121725871,Train
VEHNAZ_charged,11.89701,7.39464,11.89701,0.776883,1712.61,2204.47,0.0,0.0,0.6806,0.876065,0.0,1,0.3041739319,0.42729261217044523,Test
VEHPUU_clean,6.28215,5.72913,6.26507,1.2974,1101.09,848.689,0.0,0.0,0.5058,0.389856,0.0,1,0.1635001024,0.41891647896007855,Train
VEHRIL_clean,8.79809,4.02227,8.77595,1.10229,2192.07,1988.65,0.0,0.0,0.6908,0.626694,0.0,1,0.2179477591,0.2964882852123286,Train
VEHXEN_clean,9.30754,7.04491,9.30754,1.35949,2124.85,1562.97,0.0,0.0,0.7316,0.538142,0.0,1,0.1190478202,0.0778142197210056,Train
VEHYUE_clean,6.12673,3.44814,6.105,1.87284,355.438,189.786,95.0653,50.7601,0.4804,0.256509,0.0,1,0.0761774366,0.08184629141451144,Train
VEJHEZ_clean,15.05768,6.22214,9.48846,0.685711,2179.67,3178.7,0.0,0.0,0.7706,1.1238,0.0,1,0.4113330343999999,0.47049615907501846,Train
VEJHID_clean,17.65342,7.8833,11.58918,0.646039,2104.35,3257.31,0.0,0.0,0.7972,1.23398,0.0,1,0.3164150814,0.3784107417918093,Train
VEJYIT01_clean,6.55973,5.0687,6.54696,0.921332,2008.21,2179.68,0.0,0.0,0.6708,0.728076,0.0,0,0.5788340598,0.5665301989612996,Test
VEJYIT_clean,6.4229,5.28654,6.4229,0.928973,1988.07,2140.07,0.0,0.0,0.6702,0.721442,0.0,0,0.5893121884,0.6117917379000558,Train
VEJYOZ_clean,8.47376,5.69683,8.47376,0.880009,2096.08,2381.88,0.0,0.0,0.6858,0.779311,0.0,0,0.5674026029,0.6601720439520695,Train
VELVEO_clean,3.68255,3.48411,3.67149,1.93689,201.323,103.941,0.0,0.0,0.4778,0.246685,0.0,0,0.6379934428,0.03854604206209078,Test
VEMDAT_clean,5.87539,4.41454,5.87539,1.26001,982.755,779.959,0.0,0.0,0.5246,0.416346,0.0,1,0.5667769086,0.49967235248583375,Test
VEMMAC_clean,7.0981,6.10195,7.04022,0.882251,2276.97,2580.86,0.0,0.0,0.6758,0.765995,0.0,1,0.5398688233,0.501525533360664,Test
VEMMEG_clean,7.14137,6.23055,7.14137,0.816125,2268.41,2779.48,0.0,0.0,0.6764,0.828795,0.0,1,0.4708203118999999,0.5348378133503714,Train
VEMMIK_clean,14.01468,13.16757,14.01422,0.723032,1733.84,2398.01,0.0,0.0,0.741,1.02485,0.0,1,0.2672020629,0.4270302436010157,Test
VEMMOQ_clean,8.8382,8.57859,8.83401,0.859762,1844.22,2145.04,0.0,0.0,0.7008,0.815109,0.0,1,0.3983435284,0.42329103721167927,Test
VEMSUC01_clean,5.11588,3.68593,5.09821,1.26749,1347.57,1063.18,0.0,0.0,0.5488,0.432983,0.0,0,0.8613951569,0.9090071727312461,Train
VEMSUC_clean,5.13248,3.64573,5.11696,1.27033,1309.23,1030.62,0.0,0.0,0.551,0.433745,0.0,0,0.8478839669,0.8863513714670783,Train
VEQBID_clean,6.52238,4.921,6.52175,1.46143,1501.88,1027.68,0.0,0.0,0.5412,0.370323,0.0,0,0.1668198996,0.535346437067028,Train
VEQBOJ_charged,5.21912,3.58191,5.21567,1.8334,382.771,208.777,1.80299,0.983415,0.4056,0.221228,0.0,0,0.047365089,0.16349160009258573,Train
VEQBUP_charged,5.40363,3.67177,5.40363,1.82037,410.64,225.581,8.91728,4.89862,0.4188,0.230064,0.0,0,0.0569916512,0.3108436649462152,Test
VEQCAW_charged,5.4405,3.6509,5.4405,1.82532,412.662,226.076,9.84149,5.39165,0.4246,0.232616,0.0,1,0.0569165904,0.08190183521181621,Train
VERPOZ_clean,5.42382,3.86113,5.42382,1.28962,856.154,663.88,0.0,0.0,0.4412,0.342116,0.0,0,0.580244534,0.6835384699639497,Test
VETMIS_clean,17.23979,11.94779,17.22882,0.311959,1757.5,5633.74,0.0,0.0,0.8662,2.77664,0.0,1,0.4412549205,0.419891373460301,Train
VETSOE_charged,20.8996,12.46025,20.8996,0.550125,1152.25,2094.53,505.476,918.838,0.7504,1.36405,0.0,1,0.576401383,0.730450233282782,Test
VETTAR_charged,20.43545,12.00812,20.43545,0.58501,1189.43,2033.18,487.097,832.63,0.7556,1.2916,0.0,1,0.6943581245,0.7168859808184539,Test
VETTIZ_charged,21.62456,12.85426,21.62456,0.537597,1117.38,2078.48,492.088,915.347,0.7638,1.42077,0.0,1,0.8689744556,0.8218125958319911,Train
VETTOE_clean,6.62806,4.69762,5.65255,0.902784,2439.76,2702.49,0.0,0.0,0.6684,0.740376,0.0,1,0.7012087512,0.7064287614406805,Train
VEWKUF_clean,11.97194,10.54967,11.9427,0.470726,2101.15,4463.64,0.0,0.0,0.7866,1.67104,0.0,0,0.4520108834,0.39581856613177957,Train
VEWLAM_clean,10.25798,6.23412,9.8049,0.70339,1968.06,2797.96,0.0,0.0,0.6656,0.946275,0.0,1,0.4216193689,0.568439991024419,Test
VEWXAY_clean,5.90319,4.58543,5.60032,0.850194,2471.89,2907.44,0.0,0.0,0.6584,0.774411,0.0,1,0.7364761275,0.7517921633499868,Train
VEXTUO_manual,8.87752,5.53782,8.86061,0.793323,2105.74,2654.33,0.0,0.0,0.6702,0.844801,0.0,0,0.4072552987,0.6453875088868132,Test
VEXVAW_clean,9.7712,5.86323,9.7712,0.773292,2071.81,2679.21,0.0,0.0,0.6628,0.857115,0.0,0,0.5862826697,0.7119410774649637,Test
VEXYON_charged,15.41535,6.04579,15.41535,0.850858,1434.92,1686.44,448.001,526.529,0.701,0.823874,0.0,0,0.4423493814,0.5851747999227505,Test
VEYVEC_clean,3.81592,3.45137,3.81592,1.45798,155.953,106.965,20.8457,14.2976,0.425,0.291499,0.0,1,0.8561364323,0.6711676552577155,Train
VICDOC_clean,4.65057,4.08181,4.52458,1.14596,958.267,836.212,0.0,0.0,0.5148,0.44923,0.0,0,1.0925515313,1.0198267371608163,Train
VICLAW_clean,7.38415,6.2427,7.38415,1.11891,1046.87,935.619,0.0,0.0,0.5352,0.478323,0.0,1,0.2226373199,0.42178878458487723,Test
VICSIL_clean,5.30875,4.09789,5.30496,1.03603,1478.6,1427.18,0.0,0.0,0.565,0.545353,0.0,0,0.6190854534,0.8179546098367708,Test
VIDXOX_clean,6.16109,5.04479,6.14883,1.68509,1433.05,850.43,0.0,0.0,0.5712,0.338974,0.0,1,0.1797640127,0.4912894159516712,Test
VIFBOD_clean,5.74056,4.35551,5.71651,1.76429,1367.25,774.956,0.0,0.0,0.5562,0.315255,0.0,1,0.2692958532,0.38209093814805006,Train
VILXOE_clean,5.3607,4.59016,5.36062,1.2053,1282.83,1064.32,0.0,0.0,0.529,0.438894,0.0,1,0.7855068245,0.8266980759450526,Test
VIMRAM_clean,9.39066,7.30655,9.39066,1.12702,1893.97,1680.51,0.0,0.0,0.6384,0.56645,0.0,1,0.4345292536,0.41812621444166664,Train
VINHOR_clean,9.98256,7.27933,9.98256,0.808976,2165.4,2676.71,0.0,0.0,0.7268,0.898419,0.0,1,0.1857364641,0.4067709281202706,Train
VIPYOK_clean,4.56016,3.89151,4.55758,1.54463,762.225,493.466,0.0,0.0,0.455,0.294568,0.0,1,0.5893410791,0.5249039471814412,Train
VIQFIL_clean,7.52933,6.88879,7.52933,2.72981,1439.26,527.24,0.0,0.0,0.5772,0.211443,0.0,1,0.0669833785,0.08971820004587433,Train
VIQQUJ_clean,4.62845,3.89522,4.6169,1.17508,1256.18,1069.02,0.0,0.0,0.532,0.452736,0.0,1,1.4767851182,0.9851539406067618,Train
VIRKIQ_clean,4.98641,4.39323,4.97616,1.53429,1079.28,703.439,0.0,0.0,0.512,0.333704,0.0,1,0.4899769152,0.542356795209568,Train
VIRPOC_clean,7.89373,4.43058,7.89373,1.31415,1678.47,1277.23,0.0,0.0,0.6094,0.463722,0.0,1,0.3657415904,0.36621231930659703,Train
VIRQES_clean,3.96779,3.62056,3.96779,1.9401,482.244,248.567,0.0,0.0,0.419,0.215969,0.0,1,0.3053712605,0.43395032217149715,Test
VIRVEY_clean,7.24501,5.7858,6.68018,1.08742,2630.21,2418.77,0.0,0.0,0.715,0.65752,0.0,1,0.3258419036,0.290731214060571,Train
VIRXIF_clean,6.07104,5.56303,6.07104,1.4189,1653.8,1165.55,0.0,0.0,0.5644,0.397774,0.0,0,0.7259146598,0.8247804799078069,Test
VITYOO_clean,8.76574,6.10267,8.74057,1.07917,1888.77,1750.21,0.0,0.0,0.6338,0.587305,0.0,1,0.456005452,0.4951720912880765,Test
VITYUU_clean,6.93618,5.76476,6.92128,1.4786,1370.63,926.978,0.0,0.0,0.519,0.351007,0.0,1,0.5089666126,0.4644394526337093,Test
VITZAB_clean,6.94119,5.72919,6.85845,1.49624,1369.03,914.98,0.0,0.0,0.526,0.351548,0.0,1,0.5057175755,0.4242332280897797,Test
VITZEF_clean,6.97691,5.80939,6.97691,1.4748,1347.25,913.518,0.0,0.0,0.5226,0.354354,0.0,1,0.5085606999,0.44892021613822275,Train
VITZIJ_clean,6.87611,5.69177,6.87611,1.52398,1353.45,888.103,0.0,0.0,0.5184,0.340161,0.0,1,0.5067581729,0.45977260841674233,Train
VIVXOP_clean,6.49065,4.97595,6.49065,1.07139,1218.54,1137.35,2.44835,2.28522,0.5566,0.519514,0.0,1,0.4080361685,0.4710296393376183,Test
VIWHUG_clean,4.81929,3.4802,4.68813,1.37889,639.979,464.125,0.0,0.0,0.4514,0.327364,0.0,1,0.3197916262999999,0.5234827186638258,Train
VIWKIX_clean,6.70111,4.65532,6.60342,1.36906,1688.36,1233.22,0.0,0.0,0.5926,0.432851,0.0,1,0.2125377818,0.42662310724788044,Train
VIWKOD_clean,6.65159,4.57304,6.53476,1.38205,1680.39,1215.87,0.0,0.0,0.5904,0.427192,0.0,1,0.2121192680999999,0.3993305210293868,Test
VIWLAQ_clean,6.55466,4.31565,6.43849,1.43716,1676.29,1166.39,0.0,0.0,0.5778,0.402043,0.0,1,0.2204215798,0.43111404839403217,Test
VIWLEU_clean,6.5503,4.41913,6.52435,1.44375,1672.31,1158.32,0.0,0.0,0.5838,0.404365,0.0,1,0.2077841767,0.38809189507201935,Train
VIWLIY_clean,5.6026,3.42365,5.59275,1.55646,1236.19,794.232,0.0,0.0,0.54,0.346941,0.0,1,0.2914252364,0.436574872225841,Train
VIWMAR_clean,5.55555,3.41902,5.54549,1.58885,1213.98,764.058,0.0,0.0,0.5354,0.336973,0.0,1,0.2838997042,0.45911019359605476,Test
VIWMEV_clean,5.54122,3.41506,5.5298,1.61736,1205.53,745.366,0.0,0.0,0.5346,0.330538,0.0,1,0.2913205987,0.4574227318544397,Train
VIWMIZ_clean,9.56168,4.85659,9.53534,0.901746,1718.7,1905.97,37.8251,41.9466,0.6334,0.702415,0.0,1,0.6719853392,0.5840545769016474,Train
VIWMOF_clean,9.80611,5.23388,9.77319,0.869727,1722.79,1980.84,39.7443,45.6975,0.6458,0.742532,0.0,1,0.6748669898999999,0.59298378751192,Train
VIWZOR_clean,6.64322,4.15157,6.64322,1.41271,1889.38,1337.41,0.0,0.0,0.6434,0.455437,0.0,0,0.4995544377,0.5659149596898255,Train
VIXCUB_clean,5.48718,4.89154,5.42033,1.09462,2414.99,2206.24,0.0,0.0,0.6474,0.59144,0.0,1,0.3332363062,0.47893428571123986,Train
VIXGAM01_clean,5.20749,3.40288,5.20749,1.93235,393.451,203.613,0.0,0.0,0.4654,0.240847,0.0,1,0.1646107038,0.1977940733333023,Train
VIXPUP01_clean,10.93877,6.90793,10.8516,0.690693,2354.05,3408.24,0.0,0.0,0.7722,1.11801,0.0,1,0.4813878688,0.502089935536464,Train
VIXWEF_clean,12.63096,6.04016,12.48762,0.859273,2339.33,2722.46,0.0,0.0,0.7402,0.861426,0.0,1,0.3065637381,0.528758805291127,Train
VIYMAT_clean,5.60515,5.02913,5.58159,1.46758,1606.87,1094.91,0.0,0.0,0.544,0.37068,0.0,0,0.5287180593999999,0.6717864351209267,Test
VIYSON_clean,5.10341,3.76231,5.02058,1.31458,1263.39,961.063,0.0,0.0,0.5412,0.411691,0.0,1,1.41194122,0.8832363771445285,Train
VIYTAA_clean,5.13433,3.87051,5.09927,1.31108,1290.46,984.278,0.0,0.0,0.541,0.412638,0.0,1,1.4660115344,0.7345652516803419,Test
VIYVIK_clean,5.08356,3.73927,5.05208,1.32275,1249.3,944.47,0.0,0.0,0.538,0.406727,0.0,1,1.4747594724000002,0.7600132653752275,Test
VIZSOO_clean,10.55409,4.56253,10.55409,0.761137,2666.36,3503.12,0.0,0.0,0.738,0.969602,0.0,0,0.5566415199,0.5187471624605912,Test
VIZSUU_clean,10.03238,7.42233,9.74376,0.749914,2221.9,2962.88,0.0,0.0,0.7282,0.971044,0.0,0,0.3382045577,0.47445031237879887,Test
VIZTIJ_clean,8.73473,6.34609,8.6886,1.3133,1742.87,1327.09,0.0,0.0,0.6462,0.492044,0.0,0,0.2301164138,0.22928977441013704,Test
VOBGAW_clean,4.66285,3.61303,4.65217,1.94112,362.013,186.497,1.69535,0.873387,0.4252,0.219049,0.0,1,0.206020657,0.18863234522280775,Train
VOBGEA_clean,4.64455,3.59836,4.63854,1.95569,361.005,184.592,0.902313,0.461378,0.4234,0.216497,0.0,1,0.2100484841,0.1876062881960902,Test
VOBKAA_clean,5.5254,4.43575,5.51234,1.26722,1839.76,1451.8,0.0,0.0,0.5992,0.472845,0.0,1,0.5368090113,0.7162251018488468,Train
VOBRUB_clean,4.37729,3.47803,4.37729,1.252,989.147,790.053,0.0,0.0,0.4922,0.393131,0.0,1,0.8088238538,0.8303893799996065,Train
VOCPEK_clean,4.62063,3.5641,4.61051,1.96241,341.977,174.264,0.360619,0.183763,0.4222,0.215144,0.0,1,0.2182877163,0.16503722280849148,Test
VOCQAF_clean,4.95925,3.73408,4.95925,1.25635,976.237,777.039,0.0,0.0,0.4616,0.367412,0.0,0,0.8855599687000001,0.8773650958490777,Test
VODQIP_clean,7.28777,5.97881,7.28116,1.0447,1818.88,1741.05,0.0,0.0,0.6212,0.594621,0.0,1,0.7348617426999999,0.5433308353211576,Train
VODSEM_clean,5.2679,4.81357,5.26778,1.72365,582.024,337.669,47.1721,27.3675,0.5448,0.316073,0.0,0,0.0504917159,0.11217259096280507,Train
VOFFED_clean,6.3407,5.90199,6.31652,1.20352,848.809,705.272,0.0,0.0,0.4862,0.403982,0.0,1,0.1962840517,0.3325919048548698,Test
VOGPEO_clean,11.06118,7.00733,10.18392,0.767126,2192.56,2858.15,0.0,0.0,0.7242,0.944043,0.0,1,0.651843786,0.5549243448344017,Test
VOGTIV_clean_h,11.63962,10.76348,11.63962,0.91487,1549.21,1693.37,0.0,0.0,0.6396,0.699116,0.0,1,0.486384041,0.4287045711717121,Train
VOHQIS_clean,5.34997,3.62026,5.34997,2.10583,1170.0,555.601,0.0,0.0,0.5162,0.245129,0.0,0,2.6691303453,1.324096298720635,Test
VOJGOS_clean,6.19077,5.31352,6.18884,0.976178,2056.2,2106.38,0.0,0.0,0.6384,0.653979,0.0,1,1.0509385783,0.7627931460198307,Train
VOLPET_clean,9.30216,6.24705,9.30149,0.741977,2463.48,3320.15,0.0,0.0,0.7498,1.01054,0.0,1,0.4050158853,0.5161434206925795,Test
VOLQOD_clean,11.11495,8.75374,11.11495,0.70291,1891.75,2691.32,0.0,0.0,0.7388,1.05106,0.0,1,0.5202414382,0.4421831518012157,Train
VONCOS_clean,10.3381,9.26479,10.3381,1.24231,1086.56,874.625,129.189,103.991,0.6084,0.489732,0.0,1,0.4239659243,0.43184181235828445,Test
VONDEJ_clean,5.31005,4.78872,5.30922,1.60595,966.902,602.074,0.0,0.0,0.507,0.315701,0.0,0,0.9546741726,0.6638542228123393,Test
VOPCEK_clean,5.95724,5.2412,5.95724,1.32376,1286.35,971.741,0.0,0.0,0.5334,0.402943,0.0,1,0.7127220715000001,0.6450900039459314,Train
VOPCIO_clean,8.96483,7.98484,8.95338,1.07697,1629.75,1513.27,0.0,0.0,0.6138,0.569932,0.0,1,0.5297811438000001,0.4737505182352435,Train
VOSTUU_clean,8.30737,6.78194,8.30193,0.816834,1552.78,1900.97,4.35487,5.33141,0.5892,0.721322,0.0,1,0.6249082915999999,0.5397705220631518,Train
VOTKEW_clean,5.14274,3.67598,5.1312,1.34119,1161.62,866.113,0.0,0.0,0.5308,0.395769,0.0,1,0.681845728,0.7326253468426805,Train
VOVKUO_clean,8.79938,7.37416,8.78205,2.86501,1668.56,582.391,0.0,0.0,0.6376,0.222547,0.0,1,0.0651816648,0.034553418209015474,Train
VOXKIE_clean,6.80539,3.65176,6.80539,1.34151,1369.86,1021.14,0.0,0.0,0.6092,0.454115,0.0,1,0.4182473,0.3959863537371573,Test
VOXQOQ_clean,5.75088,3.78769,5.73674,1.21298,1196.61,986.497,0.0,0.0,0.5614,0.462825,0.0,1,0.4860324789999999,0.6469866030809781,Train
VOXVEL_clean,6.58217,4.28987,6.50926,1.3543,1358.41,1003.03,0.0,0.0,0.5474,0.404194,0.0,0,1.2060728526,0.656192630520359,Test
VOXYUE_clean,4.28545,3.52898,4.277,1.97331,1033.2,523.587,0.0,0.0,0.5514,0.279428,0.0,0,0.1032070101999999,0.2721775967475349,Train
VOYGOH_clean,8.28524,6.29263,8.24088,1.28416,2599.39,2024.19,0.195596,0.152314,0.7268,0.565973,0.0,1,0.1363160055,0.14816283138255554,Train
VOZVAJ01_clean,7.75927,5.99619,7.75927,1.41123,1642.21,1163.68,0.0,0.0,0.619,0.438625,0.0,0,0.2390649576,0.5250381981475915,Test
VOZVIR01_clean,8.9147,5.57973,8.87661,1.34608,1682.46,1249.9,0.0,0.0,0.6346,0.471444,0.0,1,0.2160803730999999,0.23537195875672023,Test
VUCTUK_clean,4.04395,3.64101,4.04395,1.92522,503.149,261.347,0.0,0.0,0.4222,0.2193,0.0,1,0.3221045341,0.4229834970702463,Train
VUDQOB_clean,6.32363,4.82237,6.31689,1.49229,1377.55,923.11,0.0,0.0,0.5686,0.381025,0.0,1,0.5693416956,0.434273459636079,Train
VUDXID_clean,10.29567,8.38587,10.08643,0.842606,2083.44,2472.62,14.2598,16.9234,0.7296,0.865885,0.0,1,0.2574531896,0.38073389739386243,Train
VUFBEE_clean,4.39803,3.46666,4.37592,1.64467,1017.25,618.512,0.0,0.0,0.5534,0.33648,0.0,1,0.4757313752,0.4269695441655015,Train
VUGWUR_clean,7.83796,6.35433,7.79579,1.04646,1263.29,1207.21,74.2007,70.9066,0.5712,0.545842,0.0,0,0.8351286920000001,0.7803621461726652,Test
VUGXAY_clean,7.74052,6.24667,7.74052,1.0594,1255.22,1184.84,68.8954,65.0324,0.5682,0.536341,0.0,0,0.8111517015999999,0.7659285490845977,Train
VUGXEC_clean,7.75346,6.26253,7.72478,1.06296,1251.42,1177.3,67.8457,63.8273,0.5624,0.529091,0.0,0,0.8007682676000001,0.7674145012776461,Train
VUGXIG_clean,7.98476,6.4639,7.95078,1.05743,1260.94,1192.45,76.2558,72.1141,0.574,0.542824,0.0,0,0.8085255911,0.7612518759177209,Test
VUGXOM_clean,7.85489,6.36686,7.85489,1.08455,1259.8,1161.59,65.0961,60.0213,0.5694,0.525011,0.0,0,0.7673234812999999,0.7488697904387034,Train
VUGXUS_clean,7.98273,6.46173,7.98207,1.08037,1258.25,1164.65,72.9124,67.4885,0.5732,0.53056,0.0,0,0.7840621997,0.7343689526494765,Test
VUGYAZ_clean,7.90027,6.40337,7.90027,1.10679,1245.86,1125.65,61.7559,55.7974,0.5642,0.509764,0.0,0,0.7404433559,0.746214972427509,Train
VUGYED_clean,7.99474,6.54413,7.99474,1.10841,1223.87,1104.17,67.208,60.6345,0.5792,0.522549,0.0,0,0.7076081918000001,0.662335891757798,Train
VUGYIH_clean,7.72851,6.23818,7.68217,1.11585,1251.2,1121.3,68.7821,61.641,0.5678,0.508849,0.0,0,0.8234037646,0.7537893392831322,Train
VUHJAK_clean,4.48985,4.30755,4.48985,1.91615,471.61,246.123,0.0,0.0,0.4148,0.216475,0.0,1,0.5799964966,0.4726283297527656,Train
VUHNET_clean,10.15164,5.15951,10.13819,1.26924,1812.62,1428.11,0.0,0.0,0.6596,0.519681,0.0,0,0.2448831896999999,0.23466306027000344,Train
VUJBEI_clean,18.44776,6.57566,18.44776,0.562611,2173.89,3863.94,0.0,0.0,0.7874,1.39955,0.0,1,0.5192122124,0.5083635332745028,Train
VUKHOZ_clean,14.72034,13.81107,14.72034,1.23894,1154.41,931.773,0.0,0.0,0.6248,0.504303,0.0,1,0.1285170084,0.39374200318715036,Test
VUKJOC_clean,4.9896,3.40405,4.97821,1.45464,736.58,506.365,85.4496,58.7426,0.4856,0.333827,0.0,0,0.5364019358,0.5612874251951201,Train
VUKJUI_clean,5.49725,3.44726,5.49566,1.4408,839.787,582.86,90.2917,62.6676,0.4968,0.344808,0.0,0,0.5552515907,0.6114389278966597,Train
VUKRUQ_clean,8.26088,7.40668,8.26088,0.854534,1806.41,2113.91,0.0,0.0,0.6414,0.750584,0.0,0,0.4350490046,0.5188182865516254,Test
VUKSAX_clean,10.78925,9.42624,10.78325,0.664624,1937.19,2914.72,0.0,0.0,0.7148,1.0755,0.0,0,0.373415303,0.44119196000835775,Test
VUKSOL_clean,5.74617,4.59937,5.73998,1.07923,2058.01,1906.93,0.0,0.0,0.6268,0.580787,0.0,1,0.5434275583,0.6800613134503039,Train
VUKTAY_clean,5.60355,4.27431,5.58989,1.40562,1023.78,728.344,0.0374766,0.026662,0.486,0.345754,0.0,1,0.6289741702,0.5751180871094744,Train
VUKTEC_clean,5.61851,4.19073,5.60379,1.41892,799.153,563.212,172.003,121.221,0.487,0.343219,0.0,1,0.6363389203,0.6533712560688925,Test
VUKTIG_clean,5.58633,4.32231,5.37322,1.41396,1054.33,745.662,0.0,0.0,0.4904,0.346829,0.0,1,0.6180270211,0.6934593600197541,Train
VUKTOM_clean,6.2708,4.86549,6.2708,1.34321,1213.42,903.374,0.0,0.0,0.5134,0.38222,0.0,1,0.5969302201,0.5654200815415454,Test
VUKTUS_clean,6.57621,5.30461,6.57621,1.34132,1253.69,934.67,0.0,0.0,0.5342,0.398265,0.0,1,0.5940900846,0.521758842557996,Train
VULFIT_clean,4.52056,3.43974,4.50577,1.5127,759.724,502.229,0.0,0.0,0.4534,0.299728,0.0,1,1.1075676177,0.9514307035431655,Test
VULKIX_clean,5.85201,4.46067,5.83515,1.35895,1067.23,785.338,21.156,15.5679,0.497,0.365724,0.0,1,0.5207923132,0.5943501672222924,Train
VULKOD_clean,5.01507,3.95686,5.01507,1.39517,753.359,539.978,0.0,0.0,0.4446,0.318672,0.0,1,0.7052563747,0.5762325323080301,Test
VUMBIQ_clean,4.87594,3.54867,4.87222,1.55224,358.688,231.077,25.2971,16.2971,0.4518,0.291063,0.0,1,0.5131106634,0.4222199518089049,Train
VUMCEM_clean,5.05124,3.61434,5.04105,1.01673,972.711,956.701,0.0,0.0,0.5318,0.523047,0.0,0,1.4721197141,1.251631005030721,Train
VUMYUZ_clean,8.61002,3.76636,8.58351,1.65942,1147.35,691.414,0.0,0.0,0.5252,0.316496,0.0,1,0.1555231947,0.18847228921180548,Train
VUNHAO_clean,8.87764,7.99015,8.87736,0.6011,2717.65,4521.13,0.0,0.0,0.7556,1.25703,0.0,1,0.3149603165,0.44485802052732865,Train
VUNNEZ_clean,5.49362,5.42758,5.49362,1.41847,1291.95,910.806,0.0,0.0,0.5748,0.405224,0.0,1,0.1942657696,0.45851482799470156,Train
VUQJUN01_clean,11.32844,10.26466,11.32844,0.790589,1731.69,2190.38,0.0,0.0,0.6654,0.841651,0.0,1,0.7404228079999999,0.4420827643005699,Test
VUQKAU01_clean,4.81422,4.24964,4.81422,1.04625,1425.24,1362.23,0.0,0.0,0.5584,0.533714,0.0,1,0.8699499187,0.759877747362929,Train
VUQKAU02_clean,4.89363,4.31451,4.87033,1.033,1471.86,1424.84,0.0,0.0,0.5576,0.539787,0.0,1,0.8736172379000001,0.7438377944425052,Test
VUQKAU_clean,5.04139,4.46098,5.03992,1.00728,1566.78,1555.46,0.0,0.0,0.5754,0.571243,0.0,1,0.8672143307,0.8140871973693725,Train
VUQKOI_clean,6.97233,5.60829,6.97233,1.35846,1074.25,790.79,0.0,0.0,0.5344,0.393388,0.0,1,0.1964176421,0.36754342106239024,Test
VURLIF_clean,5.59171,4.33137,5.56182,0.953551,2657.55,2787.0,0.0,0.0,0.6734,0.706202,0.0,0,0.9560333021,0.6092844407193132,Test
VURYIR_clean,4.29138,3.47068,4.23523,1.58197,597.238,377.529,0.0,0.0,0.4322,0.273204,0.0,1,0.1766563062999999,0.45352406235910114,Train
VURYOX_clean,6.57096,5.95893,6.55565,1.3407,1084.43,808.849,0.0,0.0,0.5052,0.376817,0.0,1,0.1596999285,0.41004035106524656,Test
VUSKAW_clean,14.98828,7.97019,14.98828,0.594675,2204.82,3707.61,0.0,0.0,0.8008,1.34662,0.0,0,0.3287057239,0.34476605743799943,Train
VUSQIK_charged,5.07837,4.30344,5.07804,3.66199,829.428,226.497,0.0,0.0,0.418,0.114146,0.0,1,0.0851136569,0.052064376673380264,Test
VUVZAP_clean,4.71954,3.57694,4.71245,1.57661,1081.4,685.901,0.0,0.0,0.5506,0.349231,0.0,0,0.966800413,0.7477227111387743,Test
VUWRUC_clean,8.86215,6.25992,8.83975,1.16678,1520.16,1302.87,0.0,0.0,0.593,0.508237,0.0,0,0.556886541,0.47306055832005905,Test
VUWSAJ_clean,5.66843,4.07448,5.66811,1.11008,1893.61,1705.84,0.0,0.0,0.6012,0.541584,0.0,1,0.6665482406000001,0.6957519384989634,Train
VUZNOV_clean,7.56763,5.28078,7.56763,0.714751,2308.57,3229.9,0.0,0.0,0.6884,0.963133,0.0,0,0.6807653722,0.5970992291836352,Test
WABTOK_clean,4.92775,3.91462,4.90973,1.78273,1357.93,761.713,0.0,0.0,0.5942,0.333308,0.0,1,0.1689720417,0.3464850218597579,Train
WABVIF02_clean,5.85197,4.01773,5.50246,1.2803,1937.61,1513.4,0.0,0.0,0.6248,0.488009,0.0,1,0.3263040437,0.5714017137332109,Train
WABVIF03_clean,5.80274,3.92866,4.7438,1.30723,1855.76,1419.61,0.0,0.0,0.6136,0.46939,0.0,1,0.3364404412,0.6931496341583911,Test
WABVIF04_clean,5.9528,4.29679,5.9528,1.18253,2130.19,1801.39,0.0,0.0,0.6496,0.549332,0.0,1,0.2781288459,0.4776423757979934,Test
WABVIF_clean,5.93486,4.28251,5.93486,1.19094,2095.13,1759.22,0.0,0.0,0.6604,0.55452,0.0,1,0.2831920793,0.400148853321304,Train
WABVOL_clean,5.64639,3.6405,5.64639,1.49122,938.691,629.478,0.0,0.0,0.4216,0.282721,0.0,1,0.1835482767,0.4171166952803176,Train
WABVUR_clean,9.47863,4.42976,9.47863,1.26842,1786.23,1408.23,0.0,0.0,0.615,0.484855,0.0,1,0.238854796,0.3706412570668134,Train
WABWAY_clean,9.49902,4.44037,9.49902,1.29862,1698.78,1308.14,0.0,0.0,0.5936,0.457099,0.0,1,0.2163476617,0.2898881256398902,Train
WABWEC_clean,9.48082,4.42797,9.48082,1.193,1861.05,1559.97,0.0,0.0,0.6462,0.54166,0.0,1,0.2062235541,0.49869119912159765,Test
WACLEU_clean,6.11102,5.03298,6.08461,1.15501,1387.0,1200.86,0.0,0.0,0.5472,0.473763,0.0,1,0.7131797962,0.6910324321834014,Train
WAFKAQ_clean,8.03491,5.51639,8.03491,0.911443,2137.62,2345.31,0.0,0.0,0.6604,0.724566,0.0,1,0.7278872735999999,0.6534125585031627,Train
WAGDAL_clean,4.64816,3.73698,4.61775,2.65265,613.804,231.393,27.6543,10.4252,0.4246,0.160066,0.0,1,0.3133216011,0.20960247630281897,Test
WAHFUJ01_clean,4.91116,3.78472,4.77837,1.29423,994.219,768.194,0.0,0.0,0.4692,0.362532,0.0,1,0.4604164198,0.7041258179378395,Train
WAHGIY_clean,5.33673,4.40357,5.33673,1.28737,815.264,633.278,0.0,0.0,0.4692,0.364464,0.0,1,0.6183020434000001,0.5656656774842965,Train
WAHKUO_clean,16.20891,7.16155,16.20891,0.580972,2068.66,3560.7,0.0,0.0,0.759,1.30643,0.0,1,0.5137161579999999,0.5755582150245703,Train
WAHNEB_clean,15.95836,6.79866,15.95836,0.49512,2275.95,4596.76,0.0,0.0,0.781,1.57739,0.0,1,0.5558840547999999,0.5459856290452485,Test
WAHNIF_clean,16.02728,6.94786,16.02728,0.608079,2054.1,3378.01,0.0,0.0,0.7564,1.24392,0.0,1,0.5232696288,0.5660626850601682,Test
WAHNOL_clean,16.15521,7.17077,16.15521,0.498613,2156.59,4325.17,0.0,0.0,0.7774,1.55913,0.0,1,0.5614377749,0.5393983528263002,Test
WAHNUQ_charged,5.21911,3.84924,5.13491,1.302,482.198,370.352,4.09444,3.14473,0.4604,0.35361,0.0,1,0.2747242932,0.3677357804294399,Train
WAJHOG_clean,6.41579,6.06601,6.40923,1.24433,1319.37,1060.3,0.0,0.0,0.541,0.434771,0.0,1,0.6167145287,0.6939459608447798,Test
WAJLEA_charged,4.78677,4.11631,4.78677,1.16382,1062.0,912.51,0.413907,0.355645,0.498,0.427901,0.0,0,0.4943433961999999,1.011125838992555,Test
WALKAY_clean,4.73309,3.92758,4.72517,1.16625,391.638,335.809,365.08,313.037,0.5,0.428724,0.0,1,1.0064442133,0.8691578245978451,Train
WAMREJ_clean,15.93828,10.49353,15.93828,0.575196,2135.23,3712.18,0.0,0.0,0.7842,1.36336,0.0,1,0.5453697403,0.5274231072299141,Train
WAMRIN01_clean,7.20791,6.51318,7.17561,0.94264,1559.88,1654.8,0.0,0.0,0.5968,0.633115,0.0,1,0.9597252789,0.65406432920129,Test
WAMRIN_clean,7.37329,5.74338,7.35934,0.949012,1570.93,1655.33,0.0,0.0,0.5942,0.626125,0.0,1,0.9793238253,0.6423426214123622,Test
WANBOE_clean,8.09931,5.5083,8.077,3.37544,1357.32,402.116,0.0,0.0,0.5218,0.154587,0.0,1,0.0392297847,0.018862446892689788,Train
WANHIF_clean,11.32631,6.15412,11.32631,0.742906,2435.38,3278.19,0.0,0.0,0.7266,0.978051,0.0,1,0.7044041645999999,0.6913784768241059,Test
WANJIF_clean,4.50079,3.43707,4.48085,1.30508,566.366,433.969,0.0,0.0,0.4924,0.377294,0.0,1,1.0259852039,0.5595499311415462,Test
WAPSUE_clean,6.68993,4.69904,6.68534,3.09743,1954.36,630.96,0.0,0.0,0.5988,0.193321,0.0,1,0.0469700817,0.019851581503467775,Test
WAQDOJ_charged,9.96907,6.19052,9.96907,0.69348,2082.92,3003.58,0.0,0.0,0.6764,0.97537,0.0,0,0.6534807427,0.6371303459182104,Train
WAQFAX_clean,9.30669,8.11233,9.29943,0.819886,2162.64,2637.74,0.0,0.0,0.722,0.880611,0.0,1,0.4315536813,0.43829977325805625,Train
WAQFIG_clean,8.54706,6.43178,8.54706,0.665022,2729.5,4104.38,0.0,0.0,0.7646,1.14974,0.0,1,0.5477700717,0.48824898794550264,Train
WAQKUX_clean,11.77413,6.99458,11.77413,0.695804,2361.16,3393.43,0.0,0.0,0.7362,1.05806,0.0,1,0.5939118159000001,0.6100921937948748,Train
WAQTEQ_clean,11.92108,6.99954,11.92108,0.79488,2039.53,2565.84,0.0,0.0,0.7422,0.933726,0.0,1,0.4178362834,0.45195400462353774,Train
WARFAZ_clean,6.17335,5.62341,6.16091,1.2809,1123.23,876.911,0.0,0.0,0.4772,0.372552,0.0,1,0.2676182715,0.5220260285774448,Train
WARJAC_clean,6.27516,5.38886,5.82916,1.20156,1848.31,1538.27,0.0,0.0,0.6418,0.534141,0.0,1,0.2693935635,0.3998242679660091,Train
WASMUB_clean,8.9,7.73975,8.81765,1.24649,1402.71,1125.33,0.0,0.0,0.5316,0.426479,0.0,0,1.8245677859,0.4269439884352998,Test
WASPAK_clean,8.92408,8.10678,8.90273,0.931064,1602.41,1721.06,0.0,0.0,0.6094,0.65452,0.0,0,0.6877461327,0.6896643449271714,Train
WASQEP_clean,10.60263,4.61939,9.00037,0.666978,2426.86,3638.59,0.0,0.0,0.7138,1.0702,0.0,0,0.7277230943999999,0.6079593188528192,Train
WASQIT_clean,10.8507,4.21913,8.79858,0.655054,2519.15,3845.71,0.0,0.0,0.7108,1.0851,0.0,0,0.7797451237,0.6621872064907617,Train
WASTUG_clean,10.4656,7.25807,10.12341,1.59439,2004.76,1257.39,0.0,0.0,0.6606,0.414328,0.0,1,0.0823986201,0.3185030801536959,Test
WASVES_clean,7.24568,4.22882,6.95314,2.14337,1730.17,807.218,0.0,0.0,0.582,0.271535,0.0,1,0.0614966933,0.1084955996411952,Train
WAVQAN_clean,4.79566,3.75004,4.7947,1.6227,1326.67,817.573,0.0,0.0,0.5394,0.332409,0.0,1,0.9495841161,0.42108715682475706,Test
WAVQER_clean,4.81498,3.73544,4.8133,1.62849,1353.34,831.04,0.0,0.0,0.533,0.327297,0.000122813,1,0.9171383611,0.42069709116995013,Test
WAVQOB_clean,10.26547,8.18203,10.23692,0.66377,1981.42,2985.1,0.0,0.0,0.7732,1.16486,0.0,1,0.3104403766,0.34640409491848695,Train
WAVQUH_clean,7.91312,4.47781,7.90396,1.01651,1145.58,1126.98,498.965,490.863,0.6102,0.600292,0.0,0,0.6544933702,0.9560873401507495,Test
WAVRAO_clean,15.02274,4.23694,15.02053,0.819731,1973.4,2407.37,0.0,0.0,0.6752,0.823685,0.0,1,0.7907955518,0.8467028384650519,Test
WAVROC_clean,18.88525,7.91531,18.88525,0.52911,1993.81,3768.23,0.0,0.0,0.7926,1.49799,0.0,1,0.4302467684,0.43614620057477926,Train
WAWGOQ_clean,10.46531,7.24737,10.06993,0.692819,2068.45,2985.55,0.0,0.0,0.7192,1.03808,0.0,1,0.5606914274,0.48400812830087475,Train
WAYKAK_clean,8.40665,6.61758,8.40665,1.07627,1621.77,1506.84,0.0,0.0,0.6056,0.562685,0.0,0,0.639534345,0.588635394827063,Train
WAYMAM_clean,7.05522,6.73992,7.05522,1.02658,1675.75,1632.35,0.0,0.0,0.6178,0.601802,0.0,0,0.3789717809,0.6382746451982912,Train
WAYMEQ_SL,6.99879,6.49457,6.99879,0.979768,1578.78,1611.38,0.0,0.0,0.5878,0.599938,0.0,0,0.9785484618,0.8072353603584999,Train
WAYMIU_manual,7.34688,6.90533,7.3455,0.98047,1670.06,1703.32,0.0,0.0,0.606,0.618071,0.0,0,1.0449495069,0.7578580858666084,Test
WAYMOA_manual,7.07433,6.89369,7.07243,0.955162,1592.82,1667.59,0.0,0.0,0.6076,0.636122,0.0,0,0.9076104257,0.8173207979785673,Train
WAZCUX_clean,5.1953,4.60615,5.12813,1.85198,863.616,466.321,0.0,0.0,0.4452,0.240392,0.0,1,0.4328069334,0.4132925237346996,Train
WEBJOE_clean,19.11149,16.87545,19.11149,0.689845,2240.23,3247.44,0.0,0.0,0.788,1.14229,0.0,1,0.5989633653,0.4707658338360916,Test
WEBKIX_charged,6.62237,4.41609,6.49093,1.41655,903.672,637.941,195.781,138.21,0.5266,0.371749,0.0,0,0.5045590870000001,0.6116313829587035,Train
WEBKOD_clean,6.32569,5.26533,6.09075,1.27587,1622.74,1271.87,0.0,0.0,0.5952,0.466504,0.0,1,0.5488521369,0.5942119503219835,Train
WEBLAQ_charged,6.51263,4.50294,6.50894,1.437,983.288,684.266,131.344,91.4017,0.5196,0.361588,0.0,0,0.6612856606,0.726172934751803,Test
WEBREC_clean,5.39661,3.78553,5.39661,1.22212,951.616,778.662,0.0,0.0,0.476,0.389488,0.0,1,1.0060088364,0.7547782264909122,Train
WECBEN_clean,6.503,4.33861,6.44488,0.992115,3119.1,3143.89,0.0,0.0,0.6996,0.70516,0.0,0,0.3899205993999999,0.432364391810084,Train
WECBOX_clean,4.70975,3.71197,4.69989,1.52733,833.701,545.856,0.0,0.0,0.5236,0.342821,0.0,0,0.5845234368,0.7026783366019048,Train
WECFAN01_clean,4.19243,3.69787,4.18729,1.32337,513.248,387.834,0.0,0.0,0.4454,0.336565,0.0,1,0.423219606,0.5740868644724781,Test
WECFAN_clean,5.13884,4.48422,5.13105,1.20369,945.898,785.834,0.0,0.0,0.4976,0.413397,0.0,1,0.3920112313,0.6593448989646443,Train
WECJIZ_clean,5.92737,4.9743,5.92737,1.01088,914.95,905.103,64.8197,64.122,0.5454,0.53953,0.0,1,0.5385269744,0.5543545596709536,Train
WEDQED_clean,5.20127,4.18257,5.20127,1.3,804.684,618.987,0.0,0.0,0.4758,0.365999,0.0,1,0.7257121597,0.6321225078464419,Test
WEFCAN_clean,5.5219,5.04903,5.5219,0.826455,2177.69,2634.97,0.0,0.0,0.6214,0.751886,0.0,0,0.9750769575,0.9118822714258921,Test
WEFXEM_clean,6.73931,4.78997,6.67269,1.07497,1461.44,1359.51,0.0,0.0,0.5704,0.530617,0.0,0,0.6439811765,0.6920770299787579,Test
WEFZIS_clean,4.30666,3.54798,4.30607,2.06143,662.208,321.237,0.0,0.0,0.4722,0.229064,0.0,1,0.5384335884,0.6195914818173431,Test
WEGDIX_charged,5.73813,3.42586,5.73613,1.52986,544.059,355.627,213.849,139.783,0.483,0.315715,0.0,1,0.576785281,0.5996512644989123,Train
WEGFUL_clean,4.85962,3.90561,4.85655,1.68872,896.439,530.839,0.0,0.0,0.4452,0.263631,0.0,0,0.6470878864,0.5275184100230808,Train
WEGGAS_clean,4.84334,3.88578,4.83342,1.72479,895.132,518.979,0.0,0.0,0.4484,0.259973,0.0,0,0.6614951195000001,0.5641746362952467,Train
WEGKIE_clean,11.12087,6.65331,11.08978,1.1494,1264.36,1100.02,490.634,426.862,0.6338,0.551419,0.0,1,0.6276213272,0.7320595326601655,Test
WEHHEY_clean,10.71326,6.70339,10.52268,0.819904,2131.67,2599.9,0.0,0.0,0.7068,0.862052,0.0,1,0.8135328635,0.6630275535862968,Train
WEHHIC_clean,10.89625,6.78698,10.2645,0.812812,2126.87,2616.68,0.0,0.0,0.7052,0.867605,0.0,1,0.8139918751,0.6507319556165778,Test
WEHHOI_clean,10.711,6.72932,10.68633,0.81633,2148.04,2631.34,0.0,0.0,0.7146,0.875382,0.0,1,0.8205534511,0.5931393544284135,Test
WEHHUO_clean,10.86494,6.69089,10.846,0.80874,2143.96,2650.98,0.0,0.0,0.7268,0.898682,0.0,1,0.8119248293000001,0.5709509278317351,Train
WEHJAW_clean,11.37189,6.87066,11.36953,0.813465,2137.05,2627.1,0.0,0.0,0.727,0.893708,0.0,1,0.8217612192,0.5731190876682074,Train
WEHJEA_clean,11.11094,5.77138,11.07598,0.73357,2315.41,3156.35,0.0,0.0,0.7568,1.03167,0.0,1,0.509476005,0.582913901565846,Train
WEHJIE_clean,11.03891,6.32706,11.01433,0.80868,2264.04,2799.67,0.0,0.0,0.7142,0.883167,0.0,1,0.6721571401,0.6165006352800987,Train
WEHJOK_clean,11.74533,5.64839,11.7384,0.778372,2312.59,2971.06,0.0,0.0,0.736,0.945563,0.0,1,0.484929242,0.6161778339883581,Train
WEHJUQ_clean,11.40663,8.63285,11.3324,0.700785,2325.03,3317.76,0.0,0.0,0.7666,1.09392,0.0,1,0.4254417036,0.47753335355467386,Train
WEHQAC_charged,5.88519,4.42111,5.88043,1.07601,1508.86,1402.27,0.0,0.0,0.5452,0.506686,0.0,1,0.6146370895000001,0.8072661803893805,Test
WEHRIL_charged,5.19679,3.88815,5.19679,1.15403,1306.7,1132.29,0.0,0.0,0.5258,0.455621,0.0,1,0.6554167749,0.7853836204186271,Test
WEMBUN_clean,4.83761,4.30379,4.83761,1.70777,2244.04,1314.02,0.0,0.0,0.608,0.356019,0.0,1,0.3249100822,0.3350600843430323,Train
WEMCAU_clean,4.83981,4.27369,4.83981,1.75476,2235.14,1273.76,0.0,0.0,0.5942,0.338622,0.0,1,0.4549273565,0.39497800722469867,Test
WEMCEY_clean,5.09454,3.5623,5.09454,2.38239,649.886,272.788,0.0,0.0,0.4074,0.171005,0.0,1,0.2287038166,0.2753543710694708,Train
WEMCIC_clean,5.03643,3.47331,4.82197,2.42633,623.511,256.977,0.0,0.0,0.4032,0.166177,0.0,1,0.2366195917,0.2836995434857506,Train
WEMCOI_clean,5.04735,3.46352,5.0193,2.47686,626.37,252.888,0.0,0.0,0.3988,0.16101,0.0,1,0.2373320065,0.24042403803950696,Train
WEMCUO_clean,4.97873,3.46394,4.79411,2.52518,613.235,242.848,0.0,0.0,0.3982,0.157692,0.0,1,0.2381100051,0.25128420602883966,Train
WEMDAV_clean,5.02432,3.48688,5.02432,2.56501,609.55,237.64,0.0,0.0,0.3952,0.154074,0.0,1,0.2402506538,0.23862440638567095,Train
WEMDID_clean,5.01302,4.40435,5.01302,1.50314,2329.65,1549.85,0.0,0.0,0.6306,0.419521,0.0,0,0.3028754926,0.42234588476045526,Train
WEMDOJ_clean,4.95352,4.39275,4.95352,1.55656,2295.37,1474.65,0.0,0.0,0.629,0.404097,0.0,0,0.3073469721,0.3681634861318237,Train
WEMDUP_clean,4.9238,4.37132,4.9238,1.57984,2315.52,1465.67,0.0,0.0,0.6202,0.392572,0.0,0,0.3120670714999999,0.3141922285946363,Train
WEMFAX_clean,4.90097,4.37647,4.90097,1.61335,2291.08,1420.07,0.0,0.0,0.6242,0.386896,0.0,1,0.3118527553,0.251030757578359,Train
WEMFEB_clean,4.87971,4.37038,4.87971,1.63348,2285.5,1399.16,0.0,0.0,0.604,0.369763,0.0,1,0.3108492086,0.2798281246745187,Train
WEMFIF_clean,4.85948,4.34946,4.85948,1.66666,2253.59,1352.15,0.0,0.0,0.5992,0.35952,0.0,1,0.3207819268,0.30290933990908925,Train
WEMFOL_clean,4.8612,4.33226,4.8612,1.68559,2254.63,1337.59,0.0,0.0,0.5966,0.353942,0.0,1,0.3241284486,0.3299531357010056,Train
WEMNAF_clean,4.6267,3.86158,4.59914,1.41831,894.104,630.401,0.0,0.0,0.4764,0.335893,0.0,0,0.8071419733,0.8147650672168425,Train
WENDIE_clean,4.91533,3.83478,4.91533,1.40969,980.417,695.487,0.0,0.0,0.4986,0.353696,0.0,1,1.334065899,0.6307591684097882,Test
WENKEH_clean,7.34891,5.7859,7.21721,1.50223,520.443,346.446,27.0727,18.0216,0.4484,0.298489,0.0,1,0.2183738751999999,0.23740432878422152,Train
WENKOR_clean,7.34523,5.77431,7.33779,1.55847,525.754,337.351,34.2975,22.0071,0.4426,0.283996,0.0,1,0.2352524192,0.27202645444307677,Train
WENKUX_manual,7.45595,5.7787,7.37267,1.54828,597.632,385.997,35.4694,22.9089,0.4528,0.292453,0.0,1,0.2956410964,0.2791348113381124,Train
WENLAE_manual,7.43383,5.78969,7.30816,1.58521,593.074,374.131,15.956,10.0656,0.4384,0.276557,0.0,1,0.2546446225,0.22597344447212392,Train
WENLEI_clean,7.45284,5.80961,7.45284,1.59702,595.668,372.986,17.5491,10.9886,0.4418,0.276639,0.0,1,0.257217561,0.2168076072401905,Test
WERHIK_clean,5.75389,3.54583,5.75389,1.67143,1139.75,681.902,0.0,0.0,0.4974,0.297589,0.0,0,2.8959922438,2.6414491358728114,Train
WESYAV_clean,4.87361,4.61034,4.87361,1.39877,1201.03,858.632,0.0,0.0,0.5228,0.373756,0.0,0,0.9925761541,0.9499825607048076,Train
WEVQIX_clean,8.30134,7.08669,8.30134,1.3689,1061.52,775.455,0.0,0.0,0.5704,0.416684,0.0,1,0.1028691416,0.10436098866703863,Test
WEVQOD01_clean,8.03523,6.79991,8.03523,1.55221,1025.68,660.788,0.0,0.0,0.5644,0.363612,0.0,1,0.0881437410999999,0.11335672971950883,Train
WEVQOD_clean,8.33119,7.13692,8.33119,1.51454,1062.97,701.84,0.0665577,0.0439457,0.5726,0.378068,0.0,1,0.0882336526,0.09277385279261918,Train
WEVQUJ_clean,8.44067,7.27418,8.44067,1.48575,1083.43,729.214,0.77233,0.519826,0.5778,0.388896,0.0,1,0.0865499778999999,0.12335831533514485,Train
WEVRUK_clean,8.57681,7.4662,8.57681,1.43976,1130.1,784.921,4.16739,2.8945,0.5708,0.396454,0.0,1,0.0870633326,0.2053661900113568,Test
WEVZUT_clean,5.27812,3.52606,5.27812,1.59275,798.942,501.612,5.51079,3.45992,0.4646,0.291697,0.0,0,0.2552857061,0.5512713179994574,Train
WEXTAV_clean,4.98825,4.19272,4.98346,1.40649,999.163,710.396,0.0,0.0,0.5104,0.36289,0.0,1,0.3225305698,0.5930127781593054,Train
WEYQAU01_clean,4.51961,3.60555,4.51961,1.13786,1565.68,1375.99,0.0,0.0,0.5718,0.502522,0.0,0,0.7775490154000001,1.0166236877846875,Test
WEYQAU02_clean,4.51815,3.68584,4.44811,1.14062,1514.82,1328.07,0.0,0.0,0.5714,0.500956,0.0,0,0.9757874259,0.9497775337857813,Train
WEYQAU03_clean,4.54995,3.78626,4.54995,1.12516,1590.17,1413.29,0.0,0.0,0.5782,0.513884,0.0,0,0.9894932043,0.965554663413748,Train
WEYQAU04_clean,4.4842,3.61074,4.45602,1.15336,1507.95,1307.45,0.0,0.0,0.565,0.489873,0.0,0,0.964331494,0.969376911779023,Train
WEYQAU05_clean,4.49445,3.64175,4.49445,1.14735,1525.05,1329.2,0.0,0.0,0.568,0.495054,0.0,0,0.9629819836,0.9609675277272789,Test
WEYQAU06_clean,4.52093,3.69835,4.50827,1.13868,1559.53,1369.6,0.0,0.0,0.5718,0.502162,0.0,0,0.977627848,0.965476451482906,Train
WEYQAU07_clean,4.54619,3.75106,4.54619,1.13112,1575.56,1392.92,0.0,0.0,0.576,0.509231,0.0,0,0.9868577835,0.9382944887981187,Train
WEYQAU08_clean,4.54883,3.77222,4.52816,1.12759,1562.09,1385.34,0.0,0.0,0.5786,0.51313,0.0,0,0.9760974754,0.9546953557279133,Test
WEYQAU09_clean,4.54974,3.80687,4.54906,1.12252,1599.36,1424.8,0.0,0.0,0.5812,0.517765,0.0,0,0.9978009413,0.9458068627270386,Train
WEYQAU10_clean,4.56818,3.83214,4.56487,1.10391,1656.82,1500.86,0.0,0.0,0.5884,0.533013,0.0,0,0.7861427390000001,0.9179880146837807,Train
WEYQAU12_clean,4.40257,3.44728,4.36821,1.18614,1438.51,1212.76,0.0,0.0,0.5546,0.467566,0.0,1,0.9374724613,0.8223544813904036,Train
WEZCIO_clean,8.732,7.51715,8.732,1.34422,1127.95,839.11,0.0,0.0,0.5656,0.420764,0.0,1,0.0917956408,0.10839300639692084,Train
WIBSAD_clean,9.62612,6.21746,9.61657,0.927119,1704.27,1838.25,6.32101,6.81791,0.6464,0.697214,0.0,1,0.3022914946,0.4462405750455047,Test
WICGEV_clean,4.986,4.06891,4.90495,1.61194,943.479,585.307,0.0,0.0,0.463,0.287232,0.0,0,0.2432892053,0.44915366529330997,Test
WIDQEG_clean,7.60111,7.11755,7.60111,1.01218,1727.14,1706.35,0.0,0.0,0.63,0.622417,0.0,0,0.5445574053,0.5926377983009055,Test
WIDWOX_clean,6.98663,4.18313,6.97418,1.49157,1020.42,684.125,118.512,79.4544,0.5482,0.367533,0.0,1,0.1668203328999999,0.32604703851990563,Train
WIDZUG_clean,5.41352,3.48109,5.41227,1.38051,840.521,608.85,0.0,0.0,0.4942,0.357985,0.0,0,0.2817536418,0.7200637235183084,Train
WIFBAQ_clean,6.13409,5.44238,6.13409,1.2726,1015.51,797.983,0.0,0.0,0.5042,0.396197,0.0,0,0.4494140274,0.547529576492006,Test
WIHDUN_clean,4.94352,3.57815,4.9376,1.23221,1172.12,951.24,0.0,0.0,0.5416,0.439537,0.0,1,1.0193150988,0.953882879376315,Train
WIHVAL_clean,4.98172,4.06866,4.90588,1.61186,947.448,587.799,0.0,0.0,0.4852,0.301019,0.0,0,0.2492114439999999,0.4222844728515258,Train
WIHVEP_clean,4.98664,4.03769,4.97035,1.60991,948.127,588.931,0.0,0.0,0.473,0.293805,0.0,0,0.2403448516,0.365994512389903,Train
WIHWAN_clean,9.73279,7.22908,9.72646,0.781161,2141.5,2741.43,0.0,0.0,0.7076,0.905831,0.0,0,0.4958843759,0.5294684623970667,Train
WIJDAV_clean,6.7427,5.50308,6.71088,1.44712,1338.51,924.951,0.0,0.0,0.528,0.364864,0.0,0,0.577788383,0.5287845271944792,Train
WIJXEU_clean,10.21317,6.80397,9.6529,0.728441,2006.16,2754.05,0.0,0.0,0.7122,0.977705,0.0,1,0.4865717118,0.4547023370039332,Train
WIJXIY_clean,14.24395,11.55698,14.23198,0.475086,1730.44,3642.38,0.0,0.0,0.8226,1.73148,0.0,1,0.3274348717,0.37616336905009873,Train
WIKXAQ_clean,7.61954,3.92787,7.61954,0.877202,2692.33,3069.22,0.0,0.0,0.7338,0.836523,0.0,0,0.2375135696,0.538195400074877,Test
WIKXUJ_charged,5.90123,4.88331,5.87765,1.20548,523.182,434.001,0.115009,0.0954049,0.4266,0.353883,0.0,0,0.1631182862,0.21591870385993467,Train
WIKYAQ_clean,5.56765,4.22978,5.55876,1.17628,572.115,486.376,3.29466,2.80092,0.4396,0.373721,0.0,1,0.1667293034,0.2885918464318378,Train
WILDUR_clean,4.40563,4.06842,4.39346,1.59545,414.383,259.728,154.011,96.5316,0.4902,0.307249,0.0,1,0.8136595754000001,0.7183768277269099,Train
WILFAZ_clean,4.61767,3.60434,4.60806,1.63777,404.45,246.951,107.478,65.6246,0.4794,0.292715,0.0,1,0.7272553885999999,0.5042232826537149,Train
WILGII_clean,5.04706,4.025,5.04249,1.31109,1273.98,971.693,0.0,0.0,0.578,0.440854,0.0,1,0.5095031677,0.6559584464618997,Test
WILHIK_clean,4.65234,4.0796,4.6262,1.34338,777.291,578.609,0.382682,0.284865,0.4858,0.361625,0.0,0,1.0737360537,1.1731701809199717,Train
WILNEL01_clean,4.81584,3.50149,4.81584,1.10493,799.46,723.542,0.0,0.0,0.5386,0.487453,0.0,0,0.8453592696,0.8552506537581298,Test
WILRAK_clean,6.14662,4.92634,6.07221,1.13056,2856.19,2526.36,0.0,0.0,0.7378,0.652598,0.0,1,0.1470073621,0.14526509222514816,Test
WILREO_clean,6.22413,4.97143,6.22113,1.10896,2859.64,2578.66,0.0,0.0,0.7412,0.668372,0.0,1,0.1471483660999999,0.1321162214771482,Train
WILRIS_clean,6.18287,5.26913,6.08331,1.06646,2702.71,2534.28,0.0,0.0,0.743,0.696696,0.0,1,0.1322084046,0.15800154252388027,Train
WIMWEW_clean,4.85065,3.63556,4.83812,1.14632,1509.08,1316.45,0.0,0.0,0.552,0.481541,0.0,1,0.8022449578,0.8016066190445497,Train
WIMWIA_clean,4.81894,3.74279,4.79734,1.18861,1454.84,1223.98,0.0,0.0,0.5584,0.469791,0.0,0,1.064082608,0.9442100947158394,Train
WINCEC_clean,4.94527,3.59812,4.94527,1.22278,1150.61,940.978,0.0,0.0,0.5326,0.435564,0.0,1,1.0113271312,1.0046779742885434,Test
WIPLOY_clean,6.48105,4.74292,6.45525,1.18111,1714.15,1451.31,0.0,0.0,0.5818,0.492588,0.0,1,0.9344090895,0.6231162091663376,Test
WIPPIW_clean,6.83572,4.03275,6.83132,1.10561,1802.61,1630.43,0.0,0.0,0.614,0.55535,0.0,0,0.5435824852000001,0.7612482205953376,Test
WIPZEC_clean,5.45688,4.84274,5.44436,1.09301,1433.3,1311.34,0.0,0.0,0.552,0.50503,0.0,0,1.115979569,0.8546165016270519,Train
WIRKOZ_clean,17.38546,6.83963,17.38546,0.742862,1607.16,2163.48,0.0,0.0,0.6666,0.897341,0.0,1,0.3700354725999999,0.43359886432054984,Train
WIRMOB_clean,8.09669,7.0815,8.09669,0.92351,1288.54,1395.26,130.958,141.805,0.578,0.625873,0.0,1,0.90260383,0.8084386638892513,Train
WISTID_clean,5.3857,3.74409,5.37745,1.51731,1051.5,692.999,0.0,0.0,0.4932,0.325048,0.0,1,0.9488194779,0.7408177052708939,Test
WISVEB_clean,8.95121,6.85436,8.94162,0.828799,2404.18,2900.8,0.0,0.0,0.747,0.901304,0.0,1,0.3363800306,0.4442370288683614,Test
WITJOA_clean,6.21484,4.39834,6.20863,1.03298,1693.59,1639.51,90.392,87.5058,0.5878,0.569032,0.0,1,0.8407108153,0.8451915754814655,Train
WITJUG_clean,5.88607,4.95547,5.85988,1.02366,1929.46,1884.87,0.0,0.0,0.5976,0.583788,0.0,1,0.7214263808,0.7613718154976987,Train
WITKIV_clean,20.46084,11.48372,20.46084,0.586943,1702.14,2900.02,0.0,0.0,0.7774,1.32449,0.0,1,0.4179497445,0.4458969657858312,Test
WIVKOD_clean,5.94278,4.37421,5.9419,2.24053,1604.96,716.33,0.0,0.0,0.585,0.261099,0.0,1,0.1705700338,0.20364208731506817,Test
WIVRIE_clean,7.1828,5.28792,5.5333,1.16005,1460.05,1258.61,0.0,0.0,0.5844,0.50377,0.0,1,0.9320121557,0.7771636296831914,Train
WIWQOI_clean,5.87719,4.74286,5.84645,1.30118,2520.95,1937.44,0.0,0.0,0.693,0.532594,0.0,0,0.1348888023,0.2781126370280092,Test
WIWQUO_clean,5.86317,4.77379,5.86317,1.51311,2502.33,1653.77,0.0,0.0,0.691,0.456676,0.0,0,0.1194458303,0.13050949589755761,Train
WIYFAM_clean,9.09166,6.13483,9.09166,0.794129,2337.82,2943.87,0.0,0.0,0.7296,0.918742,0.0,1,0.54364708,0.5077182580764042,Test
WIYMOG_charged,12.0545,7.54941,12.04417,0.408102,2874.44,7043.44,0.0,0.0,0.8306,2.03528,0.0,0,0.3372270971,0.3637072565288464,Train
WIYWAE_clean,5.55509,4.14993,5.55509,1.52455,953.655,625.532,0.0,0.0,0.496,0.325342,0.0,1,0.3826492614,0.4211564124183559,Test
WIYWEI_clean,5.60421,3.86066,5.60127,1.48994,937.281,629.074,0.0,0.0,0.4916,0.329946,0.0,1,0.3577144390999999,0.46178307615298114,Train
WIYWOS_clean,5.5468,4.15747,5.5468,1.51166,957.433,633.365,0.0,0.0,0.499,0.330101,0.0,1,0.3829804861,0.4179146578992896,Train
WIYWUY_clean,5.49903,4.14636,5.49903,1.53964,937.998,609.231,0.0,0.0,0.4952,0.321633,0.0,1,0.3700072281,0.4263975169975906,Train
WIYZOU_clean,6.69801,4.2951,6.69801,1.32919,1592.17,1197.85,0.0,0.0,0.5518,0.41514,0.0,1,0.1788641173,0.42717632340317696,Train
WIZDEP_clean,11.388,10.51295,11.388,1.29023,1549.54,1200.97,0.0,0.0,0.6408,0.496654,0.0,1,0.3676253224,0.3194575338215274,Train
WIZKOH_clean,6.09672,4.22892,6.07575,0.908366,2253.73,2481.08,0.0,0.0,0.6284,0.691792,0.0,0,1.009277883,0.8381000165465877,Train
WIZMAV02_auto,12.74499,5.77928,12.74499,0.733163,2254.93,3075.61,0.0,0.0,0.725,0.988866,0.00027279,0,0.2223085842,0.4709085898668612,Test
WOBHEB_clean,11.82299,11.04159,11.82299,1.21909,1551.12,1272.35,0.0,0.0,0.6516,0.534496,0.0,1,0.3779391102,0.3514204264715516,Train
WOBHOL_clean,11.68121,10.84815,11.68121,1.21577,1583.43,1302.41,0.0,0.0,0.6636,0.545826,0.0,1,0.427497271,0.3648980015565715,Train
WOBHOM_clean,5.74395,5.29156,5.74395,1.06237,2263.33,2130.44,0.0,0.0,0.6418,0.604119,0.0,1,0.6217163326,0.6342558842322111,Train
WOBQEL_clean,6.08333,5.37096,6.07626,1.04043,1389.12,1335.14,0.0,0.0,0.5492,0.52786,0.0,1,1.1936278129,0.7652463614300025,Train
WOCWAN_clean,5.80963,5.50482,5.80963,1.36819,906.494,662.552,0.0,0.0,0.4696,0.343228,0.0,0,0.3422011001,0.5713955609696566,Test
WODFOL_clean,4.42221,3.69918,4.41972,1.50844,549.218,364.098,0.0,0.0,0.4148,0.274987,0.0,0,1.0062154513,0.9142537071447729,Train
WODVOB_clean,6.26224,4.9385,6.26224,0.976988,2134.32,2184.59,0.0,0.0,0.6306,0.645453,0.0,1,0.6731432454999999,0.7810656597714662,Train
WODXEU_clean,5.99818,3.55745,5.99789,1.43122,1129.23,788.996,0.0,0.0,0.5054,0.353125,0.0,1,0.4011634940999999,0.6480959055048114,Train
WOFWET_clean,5.7179,4.33245,5.7179,1.22921,2521.0,2050.91,0.0,0.0,0.7142,0.581024,0.0,1,0.1572883327999999,0.10621736673454563,Train
WOHBIF_clean,4.33773,3.41599,4.33773,1.49576,352.527,235.684,0.0,0.0,0.417,0.278788,0.0,0,0.3892553579,0.44726261764719233,Test
WOHDON_clean,5.72419,4.44331,5.72419,1.42898,2534.05,1773.33,0.0,0.0,0.696,0.487062,0.0,1,0.2653637235,0.13790172895250358,Test
WOHQAN_clean,6.17426,4.1636,6.17426,1.52633,1173.96,769.14,0.0,0.0,0.515,0.337411,0.0,1,0.1432723652999999,0.5410660717330157,Test
WOHSIV_clean,4.85776,4.01614,4.85252,1.45202,314.846,216.834,0.0,0.0,0.3664,0.252339,0.0,1,0.1635701863,0.28479640075018375,Test
WOHSOB_clean,4.76467,4.03549,4.66336,1.44804,377.496,260.695,0.0,0.0,0.3538,0.244331,0.0,1,0.1297277234,0.28305319576249804,Train
WOJJOV_SL,7.82098,6.43142,7.82098,1.16534,871.633,747.963,192.071,164.819,0.4948,0.424596,0.0,0,1.2730548194,1.1777709706742359,Train
WOJZAY_clean,6.27243,4.13122,6.27243,1.17515,1915.59,1630.08,0.0,0.0,0.5984,0.509212,0.0,1,0.7438478145999999,0.6400835581545191,Train
WOJZEC_clean,6.29331,4.20233,6.29331,1.17761,1945.22,1651.83,0.0,0.0,0.5978,0.507636,0.0,1,0.751349831,0.6410925311088159,Test
WOJZIG_clean,6.32968,4.348,6.32927,1.20953,2082.36,1721.62,0.0,0.0,0.5984,0.494736,0.0,1,0.7373860234,0.727858445396931,Train
WOJZOM_clean,5.77002,3.85246,5.77002,1.252,1972.92,1575.81,0.0,0.0,0.591,0.472044,0.0,1,0.8070985798,0.721993535384729,Train
WOLMUG_clean,5.45253,3.7803,5.34777,1.25131,1519.07,1213.99,0.0,0.0,0.5746,0.459198,0.0,1,0.5318074502000001,0.6535298044066796,Train
WOLREV_clean,9.92256,5.8874,9.91786,0.624717,2477.67,3966.07,0.0,0.0,0.7426,1.1887,0.0,1,0.5146335404,0.5427824037009478,Train
WOLRIZ_clean,11.03643,6.52149,11.03643,0.928573,2127.88,2291.56,0.0,0.0,0.7184,0.77366,0.0,1,0.397638758,0.5322951689354549,Train
WOLYON_clean,13.08079,12.38023,13.06205,0.690785,1403.08,2031.14,0.0,0.0,0.695,1.0061,0.0,1,0.249706492,0.30944563389405233,Train
WOPSAX02_clean,11.61446,10.87886,11.61282,1.12308,1562.97,1391.69,0.0,0.0,0.6468,0.575919,0.0,1,0.4127326346,0.37047792973813276,Train
WOPSAX_clean,11.66235,10.95208,11.66071,1.12361,1554.7,1383.67,0.0,0.0,0.6474,0.57618,0.0,1,0.4068180525,0.3702635249458169,Train
WOPSOL01_clean,10.90023,10.70959,10.90023,1.18162,1552.96,1314.27,0.0,0.0,0.6334,0.536045,0.0,1,0.4199680279,0.3633115426700425,Train
WOPSOL_clean,10.90058,10.69127,10.90058,1.17453,1540.78,1311.82,0.0,0.0,0.6378,0.543023,0.0,1,0.3920833003,0.3590547369399386,Train
WOPWOO_clean,5.25085,4.08598,5.25085,2.1223,863.13,406.696,0.0,0.0,0.445,0.209679,0.0,1,0.1636722751,0.2862872836646307,Train
WOQDUB_charged,6.86807,4.44781,6.86449,1.54228,1806.06,1171.04,0.0,0.0,0.5994,0.388646,0.0,0,0.1057778279,0.48099154837580305,Train
WOQTUT_clean,7.74164,5.799,7.74164,1.37569,1208.67,878.591,0.0,0.0,0.519,0.377266,0.0,0,0.1414264399,0.3668167684435832,Train
WORKOF_clean,9.81174,6.0117,9.81174,0.930964,2043.98,2195.55,1.24552,1.33788,0.6752,0.725269,0.0,1,0.6090878972,0.5349182829725642,Train
WORKUL_clean,8.46756,5.64741,8.46756,0.942685,2103.28,2231.16,0.0,0.0,0.6726,0.713494,0.0,1,0.693187033,0.6710705661026908,Train
WORLAS_clean,9.28052,5.47786,6.88618,0.953453,2042.04,2141.73,5.77107,6.05281,0.6674,0.699982,0.0,1,0.6529798825,0.6449198214570724,Test
WORREC_clean,7.54466,5.76979,7.52984,0.764767,2839.31,3712.64,0.0,0.0,0.7218,0.943817,0.0,1,0.5444859667,0.5510459506196492,Train
WORSUT_clean,6.27181,5.14016,6.27181,1.1,1232.84,1120.77,0.0,0.0,0.519,0.471819,0.0,0,0.5598866665,0.70618856805076,Train
WOSHET_clean,5.11803,3.57569,5.1143,1.5953,423.001,265.155,0.0,0.0,0.4296,0.269291,0.0,1,0.1679551453999999,0.29815112152800133,Train
WOSZEL_charged,5.16081,4.12484,4.9288,1.1814,581.838,492.497,0.0,0.0,0.4608,0.390045,0.0,1,0.4658822515999999,0.5030001865903757,Test
WOTLOI_clean,8.00513,4.84682,8.00513,0.97425,1418.35,1455.84,0.0,0.0,0.579,0.594304,0.0,1,0.3709012448,0.574645647856097,Train
WOTSEF_clean,5.63894,4.87372,5.6352,0.95923,2385.0,2486.37,0.0,0.0,0.6578,0.685758,0.0,1,0.660133636,0.6609840177402195,Test
WOVDES_clean,5.23028,4.01485,5.22391,1.22139,660.545,540.814,0.0,0.0,0.4386,0.359099,0.0,0,0.5744490946,0.6455784566292265,Train
WOYHUP_clean,12.04583,5.92239,11.92324,0.785656,2290.99,2916.02,0.0,0.0,0.7288,0.927633,0.0,1,0.8048953000000001,0.6427056324546209,Test
WOYJAX_clean,12.27463,5.80964,12.27345,0.829543,2229.7,2687.86,0.0,0.0,0.7142,0.860956,0.0,1,0.8622106475,0.70414299761533,Train
WOYJEB_clean,12.32799,5.95231,12.30286,0.80227,2262.64,2820.29,0.0,0.0,0.7248,0.903436,0.0,1,0.7966691687999999,0.674044590539353,Train
WOYJIF_clean,12.3325,5.92345,11.43456,0.799114,2266.72,2836.54,0.0,0.0,0.716,0.895992,0.0,1,0.71311093,0.6623740104763877,Train
WOYJOL_clean,12.52097,5.76234,12.52097,0.820913,2240.31,2729.05,0.0,0.0,0.7178,0.874392,0.0,1,0.7537681167,0.7077215949360515,Train
WOZGUP_clean,8.72596,4.78582,5.19905,0.69846,2019.57,2891.46,0.0,0.0,0.6706,0.960112,0.0,0,0.5669358399000001,0.5385964371898021,Train
WOZSOT_charged,7.64385,3.69554,7.61714,1.59976,1128.44,705.383,0.0,0.0,0.5006,0.312922,0.0,1,0.150774291,0.32766968745167646,Train
WOZWEP_clean,9.13832,7.15944,9.13721,1.55974,883.314,566.32,0.0,0.0,0.468,0.30005,0.0,0,0.3817587005,0.35649853059337716,Train
WUCRUH_clean,4.31723,3.81301,4.31723,1.71018,546.548,319.586,0.0,0.0,0.3908,0.228514,0.0,1,0.7928444329000001,0.5074579635712548,Test
WUDVEY_clean,7.50178,6.81683,7.48998,1.3921,605.922,435.258,0.0,0.0,0.4572,0.328425,0.0,1,0.1943574269,0.1486501050532626,Train
WUGQAS_clean,11.44556,6.40417,11.33705,0.730607,2384.2,3263.31,0.0,0.0,0.7356,1.00683,0.0,1,0.7258039990999999,0.630150034470186,Test
WUHJIT_clean,10.93441,7.53577,10.93441,0.740914,2058.85,2778.79,0.0,0.0,0.6834,0.922374,0.0,1,0.5344270277000001,0.5648640144720357,Train
WUKXEH_clean,20.08743,6.60038,20.08743,0.594513,2262.76,3806.08,0.0,0.0,0.7896,1.32814,0.0,1,0.4989779446,0.5081355261922581,Train
WULJUJ_clean,13.2515,6.69559,13.2515,0.880841,2071.01,2351.17,0.0,0.0,0.7102,0.806275,0.0,1,0.5677732686,0.6161223147834649,Test
WULKAQ_clean,13.2528,6.68289,13.24082,0.879538,2081.51,2366.6,0.0,0.0,0.7114,0.808834,0.0,1,0.5664926513,0.6146190837479872,Train
WULQUR_clean,7.08547,5.79444,7.06039,0.976074,2045.35,2095.49,0.0,0.0,0.6658,0.682121,0.0,1,0.6782696059000001,0.49206564410568515,Test
WUNSEE01_charged,5.00556,4.25936,4.99526,1.20903,749.985,620.32,113.34,93.7445,0.4842,0.400487,0.0,0,0.9846495625,0.9255811414109235,Train
WUNSEE02_charged,4.93904,4.0295,4.92508,1.22564,729.192,594.949,58.9909,48.1308,0.476,0.388369,0.0,0,0.7887310515000001,0.7234688702371517,Test
WUNSEE_charged,5.0116,4.2579,5.00398,1.20953,754.604,623.882,108.464,89.6743,0.4862,0.401975,0.0,0,0.9773025003,0.9375992538419848,Train
WUNSII01_charged,5.16255,4.15677,5.1598,1.20317,906.897,753.758,0.0,0.0,0.489,0.406428,0.0,0,0.9168781076,0.7850943851086554,Train
WUNSII02_charged,5.09877,4.13298,5.09676,1.20829,964.449,798.193,0.0,0.0,0.4804,0.397587,0.0,0,0.924001673,0.8514011692808514,Train
WUNSII_charged,5.12194,4.11529,5.12194,1.33232,742.246,557.107,0.0,0.0,0.4414,0.331301,0.0,0,0.7767376565,0.7273248003856159,Train
WUNTAB_charged,5.08559,4.11717,5.08559,1.2088,729.375,603.388,81.5419,67.4569,0.4856,0.401721,0.0,0,0.6906694911,0.8160183694080196,Test
WUNTEF_clean,5.11473,4.16376,5.10357,1.08866,1006.1,924.169,87.4124,80.2937,0.5292,0.486103,0.0,0,0.9654480113,0.9213219552311462,Train
WUNTIJ_clean,5.10474,4.13393,5.10321,1.0969,978.875,892.401,83.5224,76.1441,0.514,0.468593,0.0,0,0.9969186422,0.9936325651257214,Test
WUNTOP_clean,5.08733,4.17716,5.07679,1.08852,1089.8,1001.18,0.0,0.0,0.5174,0.475323,0.0,0,0.924999015,0.9467197375806098,Train
WUNTUV_clean,5.04996,4.14711,5.04511,1.09607,962.033,877.707,77.5987,70.7969,0.5244,0.478435,0.0,0,0.9452226386,1.0060954308863848,Train
WUNVAD_clean,5.07875,4.17789,5.06297,1.09375,995.244,909.941,78.4709,71.7451,0.516,0.471773,0.0,0,0.9409494754,0.969674659940823,Train
WUNVEH_charged,5.09924,4.15379,5.09924,1.2063,759.956,629.989,82.42,68.3246,0.4874,0.404046,0.0,0,0.7388330409999999,0.8490146340862615,Train
WUNVIL_charged,5.0609,4.11967,5.05301,1.21644,759.402,624.282,73.8134,60.6798,0.48,0.394594,0.0,0,0.7550900687000001,0.806415085995505,Train
WUNVOR_clean,5.13748,4.1998,5.12786,1.08542,1130.58,1041.61,0.0,0.0,0.5222,0.481103,0.0,0,0.9739576055,0.9508598693349412,Train
WUNVUX_clean,5.06256,4.10802,5.0479,1.09653,996.696,908.953,84.6011,77.1534,0.5168,0.471304,0.0,0,0.9709385799,0.9684773969716133,Train
WUPZUE_clean,5.06349,3.71152,5.06349,1.47923,1116.55,754.816,0.0,0.0,0.5356,0.362081,0.0,1,0.8047123869,0.591992886823223,Test
WURKEB_clean,6.32965,4.86396,6.30162,0.999228,1791.69,1793.08,0.0,0.0,0.6306,0.631087,0.0,1,0.5365269094,0.6159951480264331,Train
WURNOO_clean,6.92026,6.59227,6.92026,1.32896,1046.66,787.578,0.0,0.0,0.471,0.354412,0.0,0,0.2504571384,0.3260666126609353,Train
WUSCUJ_clean,5.70656,4.20407,5.70656,1.37248,1878.22,1368.48,0.0,0.0,0.6602,0.481026,0.0,1,0.1194972951999999,0.22698136729742024,Train
WUSGIC_clean,4.47666,3.4574,4.38159,1.49843,1071.95,715.381,0.0,0.0,0.5224,0.348632,0.0,0,0.4654978934,0.6174869881515747,Train
WUSLED_clean,10.30385,9.54542,10.30385,0.791501,1993.93,2519.18,0.0,0.0,0.7574,0.956916,0.0,1,0.2894703381,0.29253386006651716,Test
WUSSEK_clean,8.48774,6.12459,8.47169,0.953346,1562.83,1639.31,0.0,0.0,0.592,0.62097,0.0,1,0.4282991968,0.5651432999672648,Train
WUSXEP_clean,10.27954,6.68603,10.27954,0.811613,2141.53,2638.61,0.0,0.0,0.7038,0.867162,0.0,1,0.7260151068,0.6100373082254906,Train
WUTBES_clean,7.39924,5.0967,7.39924,1.7772,885.87,498.464,0.0,0.0,0.459,0.258271,0.0,0,0.2720603256,0.2852331825738286,Train
WUTBEU_clean,12.65678,12.45148,12.65678,0.754809,1718.63,2276.91,0.0,0.0,0.7462,0.988595,0.0,0,0.3978117022999999,0.36291664404071233,Train
WUTBIW_clean,7.26683,5.05082,7.26683,1.84193,854.902,464.133,0.0,0.0,0.4484,0.24344,0.0,0,0.2750645524,0.2903027321002028,Train
WUTBOC_clean,7.17175,4.98444,7.17175,1.90997,842.378,441.043,0.0,0.0,0.429,0.224611,0.0,0,0.2822089738,0.33356110438844044,Test
WUTBUI_clean,7.46533,5.15143,7.46533,1.74528,880.071,504.258,0.0,0.0,0.4664,0.267235,0.0,0,0.2565143691,0.3098497010591456,Test
WUTCAP_clean,7.16776,4.98308,7.16776,1.90582,867.573,455.224,0.0,0.0,0.4432,0.232551,0.0,0,0.2814218828,0.29478747685322787,Test
WUTKIG_clean,4.92252,4.16141,4.92016,1.02848,1305.43,1269.29,149.801,145.653,0.5256,0.511047,0.0,1,0.4854853421,0.6654338449859575,Train
WUWQEL_clean,6.86556,5.42795,6.77124,1.72448,1373.37,796.394,0.0,0.0,0.5618,0.325779,0.0,0,0.1469800777,0.5088810623915497,Train
WUYWIY_clean,9.10759,5.82003,9.09622,0.79426,2035.41,2562.65,0.0,0.0,0.6788,0.854632,0.0,0,0.4330506876,0.5139032227072056,Train
WUYWOE_clean,9.31132,6.13762,9.25337,0.805528,2027.45,2516.92,0.0,0.0,0.6802,0.844415,0.0,0,0.4247429339,0.49583901654072493,Train
WUYWUK_clean,8.78773,6.19333,8.65663,0.743413,2043.29,2748.52,0.0,0.0,0.6694,0.900442,0.0,0,0.5078710493999999,0.5122626917365812,Train
WUYXAR_clean,9.35403,6.16685,9.35403,0.696817,2021.29,2900.75,0.0,0.0,0.689,0.988782,0.0,0,0.4634520802,0.5054336537292533,Train
WUYXEV_clean,9.37986,6.91474,9.3766,0.799877,2024.21,2530.65,0.0,0.0,0.6774,0.84688,0.0,0,0.4753085046999999,0.49561471965520065,Test
WUYXIZ_clean,9.29397,7.061,9.29397,0.804304,2026.73,2519.86,0.0,0.0,0.6664,0.828542,0.0,1,0.4861382102,0.5091935930642242,Train
WUYXOF_clean,9.05505,5.17643,9.05505,0.759045,1983.21,2612.77,0.0,0.0,0.6628,0.873203,0.0,0,0.4328057971,0.5633369212890234,Test
WUYXUL_clean,9.2643,7.0803,9.2643,0.838826,2017.64,2405.31,0.0,0.0,0.6628,0.790152,0.0,1,0.4664462231,0.48922284720305853,Test
WUYYAS_clean,9.33636,7.09924,9.33362,0.775219,2017.38,2602.33,0.0,0.0,0.6762,0.87227,0.0,1,0.4672636193,0.47884604789386226,Test
WUYYEW_clean,9.26232,6.95652,9.26232,0.838222,1987.56,2371.16,0.0,0.0,0.6778,0.808616,0.0,1,0.4693457785,0.46504559500952786,Test
WUYYOG_clean,8.73316,6.23369,8.71341,0.740492,2050.34,2768.88,0.0,0.0,0.675,0.911557,0.0,1,0.5994465362,0.5533712648052173,Train
WUZDOL_clean,5.93429,4.20385,5.53783,1.95218,1731.21,886.811,0.0,0.0,0.5688,0.291367,0.0,1,0.1509162317,0.24386732365756242,Train
WUZGAB_clean,9.3852,6.06112,9.3852,0.741116,2013.56,2716.93,0.0,0.0,0.6778,0.914567,0.0,0,0.4556314843999999,0.4766665316363153,Test
WUZQOZ_clean,6.97207,5.82661,6.96816,0.933596,1700.54,1821.49,0.0,0.0,0.6474,0.693448,0.0,1,0.3840708559,0.44350047926334774,Train
XACGIT_charged,5.6865,4.62391,5.6865,2.0702,595.538,287.672,0.0,0.0,0.4486,0.216694,0.0,0,0.1202488276,0.19720872952063723,Train
XACQAT_clean,5.05389,3.89577,5.05389,2.41939,826.15,341.47,0.0,0.0,0.42,0.173597,0.0,0,1.8802045324,0.8450292669215855,Test
XACSIG_clean,5.90641,4.49569,5.71401,1.1598,896.995,773.404,0.0,0.0,0.4966,0.428177,0.0,0,0.4801572993,0.5951135514626361,Train
XACZEH_clean,10.60893,7.2431,10.60893,1.18823,994.3,836.792,67.7434,57.0121,0.5998,0.504785,0.0,1,0.2885638698,0.322306379329812,Train
XADCEM_clean,8.43446,8.11603,8.43446,1.03711,1659.86,1600.46,0.0,0.0,0.6244,0.602057,0.0,1,0.8471900134,0.46373058533562916,Test
XADDAJ01_clean,6.46856,4.61872,6.46856,1.24305,1893.89,1523.58,0.0,0.0,0.5932,0.477214,0.0,1,0.6369007167,0.5917879829371864,Test
XADDAJ_clean,6.3423,4.46517,6.3423,1.25711,1867.55,1485.59,0.0,0.0,0.5936,0.472195,0.0,1,0.6254907336,0.628022463363204,Test
XADDEN_manual,13.23644,6.65907,13.23644,0.875752,2128.62,2430.62,0.0,0.0,0.7182,0.820095,0.0,1,0.6161454707999999,0.6059645683596052,Test
XADDIR_manual,13.24642,6.64739,13.24642,0.87412,2116.36,2421.13,0.0,0.0,0.718,0.821397,0.0,1,0.6132342138,0.6059645683596052,Train
XADDOX_clean,5.56472,4.25664,5.46687,1.21878,1831.56,1502.78,0.0,0.0,0.5704,0.46801,0.0,1,0.3891943745,0.896840629126354,Test
XADDUD_clean,6.46377,5.36376,6.20996,1.13461,1899.46,1674.11,0.0,0.0,0.5878,0.518062,0.0,1,0.444232677,0.5926707550654414,Test
XADGAM_clean,5.02813,3.93675,5.02538,1.19627,575.885,481.401,200.588,167.678,0.4922,0.411446,0.0,1,1.4385506434,1.3014122715269902,Train
XADGOA_clean,4.96518,4.05764,4.96518,2.7729,1349.87,486.806,0.0,0.0,0.5428,0.195751,0.0,1,0.333370512,0.20208799996237992,Train
XAFBEN_clean,4.46675,3.68033,4.46518,1.46572,1326.74,905.182,0.0,0.0,0.5588,0.381246,0.0,1,1.0845121791,0.7517391954722676,Train
XAFFAN_clean,14.91316,13.24304,14.91316,0.365184,1896.05,5192.05,0.0,0.0,0.8544,2.33964,0.0,1,0.4157184467,0.4362406767174555,Train
XAFFER_clean,14.21921,13.28886,14.21921,0.359874,1854.43,5152.99,0.0,0.0,0.8504,2.36305,0.0,1,0.4107552218999999,0.4186719092909993,Train
XAFFIV_clean,14.22916,13.19368,14.22916,0.358398,1899.33,5299.5,0.0,0.0,0.8506,2.37334,0.0,1,0.3990672453,0.4349710692455896,Test
XAFFOB_clean,14.83912,13.174,14.83912,0.366991,1878.61,5118.95,0.0,0.0,0.845,2.30251,0.0,1,0.4013517853,0.42729336303682997,Test
XAFFUH_clean,23.72832,19.63801,23.72795,0.329166,1685.62,5120.87,0.0,0.0,0.8726,2.65094,0.0,1,0.428673492,0.45631210925832255,Train
XAFXOT_clean,5.91185,4.82034,5.90988,1.88819,647.785,343.072,0.0,0.0,0.3646,0.193095,0.0,1,0.249258195,0.30209747093134776,Test
XAGPUT_clean,5.48557,4.55432,5.48557,1.58071,2319.33,1467.27,0.0,0.0,0.6272,0.396784,0.0,1,0.4863086078999999,0.3519014740113181,Test
XAHPAZ_clean,8.5954,7.40656,8.5954,0.71813,2299.0,3201.36,0.0,0.0,0.725,1.00957,0.0,1,0.4421196415,0.4678692705589401,Train
XAHPED_clean,12.36916,10.86748,12.33885,0.374438,1946.72,5199.04,0.0,0.0,0.8398,2.24283,0.0,1,0.3911074249,0.4082959814781387,Train
XAHPIH_clean,14.31673,13.37952,14.23422,0.356183,1691.25,4748.26,0.0,0.0,0.8698,2.442,0.0,1,0.3946310731,0.4117888670041504,Train
XAHPON_clean,17.29514,15.33221,17.29514,0.284265,1476.32,5193.45,0.0,0.0,0.8856,3.1154,0.0,1,0.4652162784,0.4406813214051648,Train
XAHPUT_clean,21.82812,20.58591,21.82812,0.178675,1104.09,6179.32,0.0,0.0,0.9154,5.12326,0.0,1,0.50157003,0.45562232362239674,Train
XAHQAA_clean,23.03533,21.60719,23.02579,0.170429,1040.62,6105.88,0.0,0.0,0.9292,5.45213,0.0,1,0.5259004990999999,0.4678969851293784,Train
XAHWAG_clean,5.39358,4.37499,5.38893,1.33376,2734.04,2049.88,0.0,0.0,0.6868,0.514937,0.0,0,0.5711129722,0.5302683284473407,Train
XAJQAC_SL,8.58247,7.41664,8.57789,0.88698,2088.4,2354.51,0.0,0.0,0.6722,0.757852,0.0,0,1.1062573454,0.7467048657792246,Train
XAJSEJ_clean,7.98338,7.19596,7.98212,0.722195,2566.22,3553.36,0.0,0.0,0.733,1.01496,0.0,0,0.7255641945,0.5626353749862235,Train
XAKQOR_clean,6.07415,4.27878,5.44099,0.965162,1660.14,1720.06,0.0,0.0,0.5906,0.611918,0.0,0,0.7759605419,0.7992533346017339,Train
XAKVUB_clean,4.10491,3.45919,4.10491,2.87963,383.784,133.276,0.0,0.0,0.3656,0.126961,0.0,1,2.2924082397,0.19605984611404775,Test
XAKYUE_clean,12.06174,7.75873,12.06174,0.881143,1544.96,1753.36,0.0,0.0,0.6152,0.698184,0.0,1,0.5290927115999999,0.5424369167165392,Test
XAKZAL_clean,8.8329,3.77071,4.46909,1.00158,193.263,192.958,1002.0,1000.42,0.5486,0.547735,0.0,1,0.5287186457999999,0.5291502373516985,Train
XAKZIT_clean,12.23219,8.02038,12.23219,0.853098,1638.56,1920.72,0.0,0.0,0.6458,0.757006,0.0,1,0.5419478887,0.49796187522484275,Train
XAKZOZ_clean,12.1779,8.09448,10.99703,0.853016,1612.06,1889.83,0.0,0.0,0.6372,0.746997,0.0,1,0.5621891506000001,0.521941951216016,Test
XAKZUF_clean,12.14685,7.7394,12.14685,0.885336,1547.82,1748.28,0.0,0.0,0.616,0.695781,0.0,1,0.5389589364999999,0.5398716487879455,Train
XALBAO_clean,12.08969,7.27048,11.78932,0.880979,1591.93,1807.0,0.0,0.0,0.6308,0.716022,0.0,1,0.5395528222,0.5316160424960358,Train
XALBES_clean,12.09861,7.46549,12.09861,0.882372,1572.28,1781.87,0.0,0.0,0.6194,0.701971,0.0,1,0.5696151878,0.5463316509338603,Test
XALBIW_clean,12.14217,7.80534,11.99319,0.869373,1588.95,1827.7,0.0,0.0,0.6226,0.716148,0.0,1,0.5497217012,0.5311172754542183,Train
XALBUI_clean,12.38727,7.83288,12.25594,0.880388,1559.27,1771.12,0.0,0.0,0.6108,0.693785,0.0,1,0.5492317322,0.5564202919305058,Train
XALCAP_clean,12.14021,7.5095,12.14021,0.892504,1531.39,1715.83,0.0,0.0,0.6302,0.706103,0.0,1,0.5577632388,0.4756679324145835,Train
XALCET_clean,12.0955,7.67742,12.0955,0.88783,1530.66,1724.05,0.0,0.0,0.6136,0.691123,0.0,1,0.5278422231000001,0.5138842506862784,Test
XALCIX_clean,8.90504,3.86123,4.56441,1.0015,203.674,203.369,1009.04,1007.53,0.5542,0.55337,0.0,1,0.5205098321,0.5328641095981161,Test
XALCOD_clean,8.97205,3.95645,4.60423,0.992163,207.149,208.786,995.754,1003.62,0.5564,0.560795,0.0,1,0.5284851722999999,0.5441267561930914,Test
XALCUJ_clean,8.77917,3.81164,4.50991,0.995838,192.509,193.314,1019.4,1023.66,0.5598,0.562139,0.0,1,0.5256161697,0.5128920156193918,Train
XALDAQ_clean,8.8251,3.77258,4.48452,0.998614,192.623,192.891,1030.53,1031.96,0.5614,0.562179,0.0,1,0.5159649768,0.5092966688554623,Test
XALDAS_clean,11.1437,9.04409,11.1437,0.650684,2284.21,3510.47,0.0,0.0,0.7594,1.16708,0.0,1,0.5802186169,0.48452500902477547,Train
XALDEU_clean,8.28708,3.55494,4.42564,1.01761,177.365,174.295,1049.0,1030.85,0.5566,0.546967,0.0,1,0.4817861752,0.4905135047499578,Train
XALDIY_clean,8.51371,3.60578,4.41534,1.00994,178.965,177.204,1041.51,1031.26,0.5412,0.535874,0.0,1,0.5108858539,0.5036173220914136,Train
XALDOE_clean,8.72809,3.86749,4.52721,0.991405,208.075,209.879,1052.86,1061.99,0.545,0.549725,0.0,1,0.5093704246999999,0.5075869125545625,Train
XALMII_clean,10.30936,8.99249,10.23213,0.734436,2165.04,2947.89,0.0,0.0,0.7052,0.960192,0.0,1,0.4546387902,0.5875923484313391,Test
XALTIP_clean,18.68299,9.17237,18.68299,0.551216,1809.24,3282.27,0.0,0.0,0.7988,1.44916,0.0,1,0.3596089677,0.40036087334433806,Train
XALXUF01_clean,16.53276,6.69779,16.53276,0.78335,1957.27,2498.59,0.0,0.0,0.7286,0.930107,0.0,1,0.5681633477,0.5220482206000469,Train
XALXUF_clean,16.29659,6.6292,16.03149,0.78852,1944.95,2466.59,0.0,0.0,0.7412,0.939989,0.0,1,0.5500353390999999,0.501167225907723,Test
XAMDUM01_clean,13.18662,6.72456,13.18662,0.882605,2071.54,2347.07,0.0,0.0,0.7186,0.81418,0.0,1,0.6194829545,0.6045939796309994,Test
XAMDUM02_clean,13.17767,6.71826,13.17767,0.884458,2085.56,2358.0,0.0,0.0,0.7192,0.813153,0.0,1,0.6314689641,0.608887675545369,Train
XAMDUM03_clean,13.16192,6.69067,13.16192,0.887821,2084.01,2347.33,0.0,0.0,0.7178,0.808496,0.0,1,0.6235256495,0.6089625813770841,Test
XAMDUM04_clean,12.94074,6.40333,12.94074,0.919994,2127.62,2312.64,0.0,0.0,0.711,0.772831,0.0,1,0.6892549627,0.6252945253190932,Train
XAMDUM05_clean,13.11018,6.61787,13.11018,0.895381,2105.3,2351.29,0.0,0.0,0.717,0.800776,0.0,1,0.6551594153,0.6132844817922111,Train
XAMDUM06_clean,13.1663,6.64621,13.1663,0.88326,2088.66,2364.72,0.0,0.0,0.7192,0.814256,0.0,1,0.6160111448,0.6126979808855905,Test
XAMDUM_clean,13.20706,6.72961,13.20706,0.879722,2074.04,2357.61,0.0,0.0,0.7196,0.817985,0.0,1,0.6113510670000001,0.603949061351624,Test
XAMGUQ_clean,8.47788,6.65907,8.47788,0.938367,1761.37,1877.06,0.0,0.0,0.63,0.671379,0.0,1,0.4355647069,0.5410838159770314,Test
XAMHEA_manual,9.05929,7.3957,8.92663,0.731602,2360.06,3225.88,0.0,0.0,0.7172,0.980315,0.0,0,0.5001993962,0.5306215336141707,Train
XANKOO_clean,10.98297,5.31916,10.97484,0.745521,2263.49,3036.11,6.87382,9.22015,0.704,0.944306,0.0,1,0.3640792445,0.6906282164806574,Test
XANLAA_clean,6.14583,4.4748,6.13418,0.794677,2426.04,3052.86,0.0,0.0,0.655,0.824234,0.0,1,0.9348254254,0.8019624350168219,Train
XANLEE_clean,6.11311,4.49275,6.10612,0.785206,2427.23,3091.21,0.0,0.0,0.6562,0.835705,0.0,1,0.9594790446,0.7970172234495203,Test
XANMIJ_clean,6.91782,5.66055,6.91782,1.1601,1892.28,1631.14,0.0,0.0,0.5818,0.50151,0.0,0,0.3722824692,0.6430652602613929,Train
XAPCOH_clean,8.13608,7.45425,8.13237,1.22623,2069.1,1687.37,0.0,0.0,0.6692,0.545739,0.0,0,0.3650621387,0.3940597820683054,Train
XAPCOJ01_clean,7.3057,7.1276,7.3057,1.11442,1602.91,1438.33,0.0,0.0,0.599,0.537499,0.0,0,0.7272718367000001,0.7273819054756001,Train
XAPCOJ02_clean,7.30662,7.12733,7.30662,1.1168,1599.91,1432.58,0.0,0.0,0.598,0.535457,0.0,0,0.7241791540000001,0.7258797381796406,Train
XAPCOJ03_clean,7.31075,7.15837,7.31075,1.119,1594.88,1425.28,0.0,0.0,0.597,0.533514,0.0,0,0.7161318673999999,0.7307490397447144,Train
XAPCOJ04_clean,7.30941,7.11813,7.30941,1.12085,1593.11,1421.33,0.0,0.0,0.597,0.53263,0.0,0,0.731279701,0.7269401679109424,Train
XAPCOJ05_clean,7.33092,7.2403,7.33092,1.11449,1591.26,1427.79,0.0,0.0,0.599,0.537465,0.0,0,0.7178427611,0.7269189367158793,Train
XAPCOJ06_clean,7.33103,7.26133,7.33103,1.11607,1588.71,1423.49,0.0,0.0,0.5978,0.535629,0.0,0,0.7107422140999999,0.7355189787811325,Train
XAPCOJ07_clean,7.31581,7.08591,7.31581,1.1114,1611.64,1450.1,0.0,0.0,0.6012,0.540938,0.0,0,0.7331641636,0.7423656663878775,Train
XAPCOJ_clean,7.18852,7.02354,7.18852,1.11226,1622.09,1458.37,0.0,0.0,0.6008,0.540161,0.0,0,0.7526512204000001,0.7835268326089317,Train
XAPCUN_clean,8.23812,7.71066,8.23292,1.2095,2057.71,1701.29,0.0,0.0,0.6722,0.555769,0.0,0,0.35635849,0.381091010475305,Test
XAPDAU_clean,8.2002,7.60089,8.18046,1.21167,2074.4,1712.02,0.0,0.0,0.6722,0.554773,0.0,0,0.3610602115,0.3990806225495327,Train
XAPDEY_clean,8.43698,7.85452,8.43698,1.19984,2075.29,1729.64,0.0,0.0,0.6726,0.560573,0.0,0,0.3600180909,0.43037325379332236,Train
XAPGAZ_clean,10.38016,8.73539,10.36807,1.35659,2005.54,1478.37,0.0,0.0,0.7244,0.533985,0.0,1,0.08397909,0.1425193516602487,Test
XAPGED_clean,10.47318,8.63887,10.47223,1.31181,2059.34,1569.85,0.148904,0.11351,0.7314,0.557551,0.0,1,0.0868209931,0.15021289414875216,Train
XAPGOK_clean,4.30393,3.46273,4.2974,1.65851,453.916,273.69,0.0,0.0,0.4906,0.295808,0.0,1,0.4875588503,0.3597227027938918,Train
XAPGUQ_clean,5.69788,4.67127,5.65245,1.33358,1307.89,980.739,0.0,0.0,0.5882,0.44107,0.0,1,0.3588600259,0.4974206820341372,Train
XAPNIN_clean,6.36937,5.09614,6.24616,0.987749,1999.77,2024.57,0.0,0.0,0.6554,0.663529,0.0,0,0.6907556907,0.7175976274923062,Train
XAPSIS_clean,5.46139,4.76389,5.45821,0.955004,2054.51,2151.31,0.0,0.0,0.644,0.674342,0.0,1,0.6140213259,0.8130572231757618,Test
XAPTEQ_clean,5.59461,4.17124,5.5868,1.43565,1333.03,928.52,0.0,0.0,0.5274,0.36736,0.0,1,0.9112340809,0.5633113957156204,Test
XAPTUE_clean,7.01351,4.77674,6.96552,1.46731,1437.82,979.906,0.0,0.0,0.555,0.378244,0.0,1,0.6152044921,0.4315325993488105,Test
XARPAK_clean,5.96341,5.54999,5.95022,1.02109,1555.57,1523.45,0.0,0.0,0.5744,0.562538,0.0,1,0.7462668298999999,0.7345016541027043,Train
XASFAY_clean,4.84062,3.90347,4.82463,0.992255,1242.53,1252.23,0.0,0.0,0.541,0.545223,0.0,1,0.5398800835,0.7903306967405134,Train
XASJUZ_clean,5.3717,3.49252,5.3717,1.8286,687.912,376.196,166.963,91.3066,0.5254,0.287324,0.0,1,0.3620105685,0.41677892837014674,Test
XASNUD_clean,13.51875,4.58024,13.51875,0.967914,2185.15,2257.59,0.0,0.0,0.6906,0.713493,0.0,1,0.6280820655,0.6544461975008963,Train
XASPEP_clean,8.21663,6.97386,8.21491,1.11162,2036.98,1832.45,0.0,0.0,0.6426,0.578078,0.0,1,0.5697970567,0.5082902973152297,Train
XATLIQ_clean,6.68504,4.40867,6.68504,1.13487,1861.75,1640.49,0.0,0.0,0.6014,0.529928,0.0,1,0.444856226,0.5955270626835213,Train
XATZOK_clean,8.52599,5.82023,8.33095,0.788781,2129.05,2699.16,0.0,0.0,0.69,0.874767,0.0,1,0.7237341379000001,0.6064118889399335,Train
XATZUQ_clean,7.56959,6.44554,7.50387,0.891969,1666.54,1868.38,0.0,0.0,0.6382,0.715495,0.0,1,0.6085759989,0.5027017771101421,Train
XAVDEF_clean_h,7.82348,7.29552,7.82348,0.99494,1791.82,1800.93,0.0,0.0,0.636,0.639234,0.0,1,0.5507003928,0.4861892868794604,Train
XAVKIR_clean,15.62831,12.51365,15.62831,0.534545,1877.9,3513.08,0.0,0.0,0.7824,1.46367,0.0,1,0.6629191886,0.5032116305593897,Train
XAVQIU01_clean,4.21946,3.54584,4.20969,1.16836,1052.94,901.216,0.0,0.0,0.57,0.487865,0.0,1,0.5752096126,0.7108936855056176,Test
XAVQIU_clean,4.2412,3.56279,4.22796,1.15986,1110.01,957.016,0.0,0.0,0.5978,0.515406,0.0,1,0.5753929074,0.5959587691269348,Train
XAWVUN_clean,10.78711,9.22291,10.78432,0.464213,2191.63,4721.18,0.0,0.0,0.8104,1.74575,0.0,1,0.396531072,0.36241963902354674,Train
XAYMUF_charged,4.86158,4.09043,4.85942,1.50538,1217.87,809.015,0.0,0.0,0.5458,0.362567,0.0,1,0.8892944803,0.5885364748085279,Train
XAZFEJ_clean,4.73064,4.15643,4.70239,1.61284,1526.71,946.596,0.0,0.0,0.5556,0.344486,0.0,1,0.3096514423,0.3257969771555863,Train
XAZGAG_charged,5.71825,5.05813,5.70025,2.0699,460.384,222.419,0.0,0.0,0.4028,0.194599,0.0,1,0.1046159335,0.1472564459094251,Train
XAZGEK_clean,4.67162,3.9585,4.53755,1.49862,1406.73,938.683,116.154,77.5075,0.6196,0.413447,0.0,1,0.1742243355999999,0.18967019657646794,Train
XEBHOC_clean,12.08201,9.91355,12.06465,0.465059,2182.46,4692.86,0.0,0.0,0.813,1.74817,0.0,1,0.3989902339,0.4034057678501635,Train
XEDGIY_clean,7.07898,5.31452,7.01634,0.998068,1852.97,1856.56,0.0,0.0,0.6184,0.619597,0.0,1,0.4059230896,0.6182126969248205,Train
XEDLUN01_clean,4.9958,3.46915,4.97725,0.885985,1404.66,1585.43,0.0,0.0,0.6048,0.68263,0.0,1,1.2217270037,1.008347824736324,Test
XEDLUN_clean,5.03615,3.51292,5.0361,0.885985,1404.83,1585.62,0.0,0.0,0.61,0.688499,0.0,1,1.2151136245,1.0263786840209217,Train
XEDPED_clean,10.92065,8.43628,10.92065,1.03509,1442.59,1393.7,0.0,0.0,0.609,0.588357,0.0,0,0.470772315,0.40593648780994473,Train
XEDPIH_clean,4.84924,3.94171,4.80226,1.78705,773.954,433.09,0.0,0.0,0.5042,0.282141,0.0,0,0.6939308118999999,0.46899507568755155,Train
XEDPON_clean,7.48304,4.32366,7.48304,1.13521,1918.18,1689.72,0.0,0.0,0.6406,0.564302,0.0,1,0.7175795047,0.5690833522325626,Train
XEDPUT_clean,12.14022,5.32775,12.13484,1.5096,998.115,661.177,50.3608,33.3603,0.5416,0.35877,0.0,1,1.0218315106,0.8910715922313288,Train
XEFGAQ_clean,4.04864,3.84801,4.03945,1.23647,540.504,437.135,0.0,0.0,0.4578,0.370247,0.0,0,0.6960452427,0.6495570871288071,Train
XEFKOI_clean,4.24138,4.03203,4.24093,1.2014,660.067,549.414,0.0,0.0,0.487,0.40536,0.0,0,0.7731046621,0.6810452553177944,Test
XEGJIE02_clean,6.83643,4.32814,6.8224,1.14242,1819.25,1592.45,0.0,0.0,0.6186,0.541481,0.0,1,0.494529124,0.5497839608728906,Train
XEGJIE_clean,6.8392,4.32331,6.8392,1.14242,1823.4,1596.08,0.0,0.0,0.6078,0.532027,0.0,1,0.494886242,0.5572643443864227,Train
XEGJOK_clean,8.03848,5.65574,8.03848,1.06612,2083.29,1954.09,0.0,0.0,0.6316,0.59243,0.0,1,0.4678219853,0.6779731084791762,Train
XEGJUQ_clean,7.4125,4.89988,7.38387,1.09762,2034.16,1853.25,0.0,0.0,0.6302,0.574154,0.0,1,0.4827706819,0.591474255473447,Train
XEGKAX_clean,7.81736,4.94122,7.81736,1.03321,2328.38,2253.55,0.0,0.0,0.6462,0.625431,0.0,1,0.4393557097,0.6201315392759513,Train
XEGKEB_clean,8.23995,5.69274,8.22914,1.05735,2095.89,1982.22,0.0,0.0,0.65,0.614747,0.0,1,0.4475390034,0.6943057042219551,Train
XEGKIF_clean,5.20553,3.75045,5.02164,1.3269,1101.02,829.769,0.0,0.0,0.5188,0.390988,0.0,1,0.6999076117,0.7636181133380706,Test
XEGKOL_clean,8.255,5.9525,8.24564,1.11832,1646.01,1471.86,0.0,0.0,0.6014,0.537769,0.0,0,0.378701474,0.5922689579857686,Train
XEGKUR_clean,6.60096,5.85838,6.60096,1.03463,2226.74,2152.21,0.0,0.0,0.653,0.631143,0.0,1,0.470489128,0.586976573312336,Train
XEHDEV_clean,10.95452,9.96703,10.95452,0.958795,1688.15,1760.7,0.0,0.0,0.6704,0.699211,0.0,0,0.4246533268999999,0.4606654746405845,Train
XEHRUY_clean,4.75094,3.73804,4.73309,1.40294,806.249,574.687,0.0,0.0,0.4558,0.32489,0.0,0,0.5162214082,0.6398567622146814,Train
XEHSAF_clean,4.88109,3.65952,4.87411,1.39164,808.303,580.827,0.0,0.0,0.4608,0.33112,0.0,0,0.5080323021,0.6679074686589733,Train
XEHSEJ_clean,5.24127,3.85188,5.21916,1.33454,931.861,698.265,0.0,0.0,0.4838,0.362522,0.0,0,0.4736785464999999,0.6852715172481749,Train
XEHSIN_clean,4.81303,3.64676,4.81303,1.40908,773.939,549.25,0.0,0.0,0.452,0.320776,0.0,0,0.5290486458,0.6759950672629501,Test
XEHSOT_clean,4.76348,3.63666,4.76348,1.41375,744.384,526.53,0.0,0.0,0.4508,0.318867,0.0,0,0.5283400705,0.6044787418619708,Train
XEHSUZ_clean,4.73753,3.78928,4.73753,1.38845,832.486,599.579,0.0,0.0,0.4634,0.333753,0.0,0,0.5151585452,0.6568139239778531,Train
XEJWUG_clean,4.34072,3.48491,4.33485,1.56158,471.476,301.922,0.0,0.0,0.4076,0.261018,0.0,0,0.8951904354000001,0.6183199753913711,Train
XEJXAN_clean,4.27901,3.60567,4.27901,1.57867,491.894,311.588,0.0,0.0,0.4078,0.258319,0.0,0,0.9835110775,0.7808065016879486,Train
XEJXER_clean,4.12173,3.57853,4.12173,1.5597,414.634,265.842,0.0,0.0,0.4006,0.256844,0.0,0,0.2184274829,0.45132157920864013,Train
XEKCAT01_clean,5.91545,4.93297,5.80854,0.930696,2244.72,2411.88,0.0,0.0,0.61,0.655424,0.0,1,0.8137698342,0.8165848426437275,Train
XEKCAT_clean,5.88115,4.91006,5.87893,0.940943,2247.61,2388.68,0.0,0.0,0.6062,0.644247,0.0,1,0.843025947,0.8540049284797355,Train
XEKDOI_clean,4.10568,3.45704,3.93638,1.4574,748.354,513.486,0.0,0.0,0.4558,0.312749,0.0,1,0.1602436028,0.4272053534821352,Train
XEKMIL_clean,4.64233,3.82793,4.64153,1.9066,1018.44,534.165,0.0,0.0,0.4706,0.246827,0.0,1,0.2245254737,0.31065322452103933,Test
XENCAU_clean,8.29403,6.89914,8.29403,0.556974,2324.09,4172.71,0.0,0.0,0.7312,1.31281,0.0,1,0.2665137362999999,0.45489418249834757,Test
XENKIM_clean,7.32998,6.03401,7.3267,0.822036,2196.41,2671.92,0.0,0.0,0.6598,0.802641,0.0,1,0.5611447203000001,0.5675302088406927,Test
XENMIO_SL,4.2763,3.43605,4.2763,1.62008,351.871,217.194,309.344,190.944,0.4486,0.2769,0.0,1,1.1641201905,1.0815462751583391,Train
XENMOU_SL,4.28444,3.44611,4.27407,1.60371,375.808,234.337,301.542,188.028,0.4528,0.282345,0.0,1,1.1338490435,0.937345962496922,Test
XEPBAX_clean,5.14969,3.64809,5.0808,0.940411,1672.05,1778.0,0.0,0.0,0.6138,0.652693,0.0,1,0.5362512231000001,0.9075655811140974,Test
XEQGAC_clean,5.58663,3.48947,5.56914,1.35723,1328.82,979.066,0.0,0.0,0.5714,0.421003,0.0,1,0.6222252564999999,0.6129590771962106,Train
XEQRAO_clean,5.51146,4.60933,5.51146,1.37083,876.068,639.08,0.0,0.0,0.4564,0.332938,0.0,1,0.3557493029999999,0.49077903338107154,Train
XESKAJ_clean,9.85685,9.29464,9.85685,1.10591,1360.23,1229.96,0.0,0.0,0.5664,0.512158,0.0,1,0.2790395964,0.25296807358124856,Test
XESKEN_SL,9.9038,9.36477,9.9038,1.10837,1274.59,1149.97,0.0,0.0,0.5552,0.500916,0.0,1,0.1981527564,0.2606571038353071,Train
XESKIR_clean_h,10.14317,9.85365,10.14317,1.23585,1309.87,1059.89,0.0,0.0,0.5666,0.45847,0.0,1,0.1372968996,0.2268284913241111,Test
XESKUD_clean,9.9638,9.32015,9.9638,1.26973,1375.76,1083.51,0.0,0.0,0.5732,0.451435,0.0,1,0.1599533045,0.20722751938065442,Train
XESLAK_clean,10.31182,9.72546,10.31182,1.3077,1323.78,1012.29,0.0,0.0,0.5742,0.439091,0.0,1,0.1263038201,0.1694761102752937,Train
XEWDUA_clean,8.87023,8.12641,8.87023,1.28139,1148.81,896.537,0.0,0.0,0.5282,0.41221,0.0,1,0.1599401157,0.26834129791308564,Test
XEWFAI_clean,8.58001,7.48221,8.58001,1.10647,1594.92,1441.46,0.0,0.0,0.5888,0.532145,0.0,1,0.2131321638,0.38917003017699026,Train
XEXLAP_clean,8.64993,8.01633,8.63141,1.0685,1374.86,1286.72,0.0,0.0,0.5518,0.516424,0.0,0,0.2995157330999999,0.36011815246902834,Test
XEXLET_clean,8.01945,7.40132,8.00563,1.23661,1375.89,1112.63,0.0,0.0,0.5666,0.458188,0.0,0,0.2770497348,0.388158303152498,Train
XEXLIX_clean,7.04809,6.65056,7.03557,1.241,1207.66,973.134,0.0,0.0,0.527,0.424658,0.0,1,0.6051862907,0.5943241789573475,Test
XEXLOD_clean,7.18877,6.831,7.15894,1.17716,1370.68,1164.39,0.0,0.0,0.5458,0.463657,0.0,1,0.5078260561,0.6143658541889648,Train
XEXLUJ_clean,8.72919,8.14175,8.68787,1.12133,1390.1,1239.69,0.0,0.0,0.5646,0.50351,0.0,1,0.44914407,0.3566666048012672,Train
XEXMAQ_clean,8.3881,8.06353,8.36842,1.12082,1406.28,1254.68,0.0,0.0,0.5662,0.505164,0.0,1,0.4547120425,0.36623801598573363,Train
XEXMEU_clean,9.62722,8.85338,9.62722,1.05458,1424.32,1350.6,0.0,0.0,0.595,0.564206,0.0,1,0.3788487234,0.33803806574172307,Train
XEYMAR_clean,6.22077,4.79076,5.73209,1.34353,2239.47,1666.86,0.0,0.0,0.6636,0.493924,0.0,1,0.3047228928,0.3390074208278192,Train
XIBZUF_clean,6.9167,4.63591,6.73101,0.936691,2313.06,2469.39,0.0,0.0,0.6504,0.694359,0.0,1,0.8110222026999999,0.657939263000746,Test
XICDUI_charged,5.89843,4.99085,5.89035,1.17751,1144.77,972.197,0.0,0.0,0.5066,0.430231,0.0,0,0.4783307219,0.6993073081678818,Train
XICNOO01_clean,19.50435,6.85327,19.46967,0.908856,1908.32,2099.7,0.0,0.0,0.7472,0.822132,0.000220057,1,0.2598689209,0.30276287022869736,Train
XICNOO02_clean,19.59015,6.72401,19.59015,0.902602,1911.89,2118.2,0.0,0.0,0.7472,0.827829,0.000221582,1,0.2565677811,0.3093209490567055,Train
XICNOO_clean,19.61611,6.71064,19.54957,0.903297,1911.76,2116.42,0.0,0.0,0.747,0.826971,0.000221411,1,0.2601024668,0.31088588964645325,Test
XICYAL_clean,7.12423,4.20147,7.12423,1.10581,1383.62,1251.23,0.0,0.0,0.5472,0.49484,0.0,1,0.6842771390000001,0.6483098024975267,Train
XICYEP_SL,6.23549,4.07005,5.99515,1.80747,1927.34,1066.32,0.0,0.0,0.6084,0.336603,0.000442607,1,0.3770065247999999,0.27352653148896283,Train
XICYIT_SL,6.2924,4.02189,6.26235,1.33234,1949.8,1463.44,0.0,0.0,0.6146,0.461294,0.000450336,1,0.5018452468,0.464704837331142,Train
XICZAM_clean,19.52135,6.64584,19.52135,1.26176,1911.12,1514.64,0.0,0.0,0.7502,0.594564,0.000158508,1,0.1871399373999999,0.15594612055386714,Test
XIDBUJ_clean,7.40475,6.25511,7.40475,1.09542,1351.03,1233.34,0.0,0.0,0.5684,0.518888,0.0,0,0.695922006,0.5945531201664226,Test
XIDSUZ_clean,16.05314,15.78983,16.05314,0.493271,1893.57,3838.8,0.0,0.0,0.781,1.58331,0.0,1,0.4655852364,0.4969232633835984,Train
XIFHIF_clean,9.50274,8.84024,9.48896,1.39627,1580.72,1132.1,0.0,0.0,0.6078,0.435304,0.0,1,0.2375970169,0.24064991816306291,Test
XIGFOJ_manual,18.90864,18.72951,18.90864,0.692037,1357.79,1962.03,0.0,0.0,0.7528,1.0878,0.0,1,0.3712741128,0.4039312614406413,Train
XIGHAX_clean,9.42856,6.02587,9.42856,1.28204,1741.22,1358.17,0.0,0.0,0.657,0.512466,0.0,0,0.2211303458,0.15673819049591486,Test
XIGHEB_clean,9.46287,6.0394,9.46287,1.26391,1742.96,1379.02,0.0,0.0,0.6604,0.522504,0.0,0,0.2154088867,0.18681697740158681,Test
XIGHIF_clean,9.11851,6.40194,9.11851,1.31172,1721.81,1312.64,0.0,0.0,0.6494,0.495075,0.0,0,0.2208183021999999,0.1883160490258543,Train
XIGWUF_clean,7.07949,4.99162,7.07464,0.478412,3315.96,6931.17,0.0,0.0,0.7822,1.63499,0.0,1,0.1857299318,0.27154736660675416,Train
XIHRIQ_clean,4.88127,3.7293,4.77721,1.106,908.9,821.794,0.0,0.0,0.4886,0.441774,0.0,0,0.7489464903,0.8740660294755476,Train
XIHSAJ01_clean,5.98845,3.99073,5.69816,1.03053,1765.29,1712.99,0.0,0.0,0.576,0.558935,0.0,1,0.6851988920000001,0.7556740681484753,Train
XIHSAJ_clean,6.08478,4.0122,6.08478,1.01421,1817.12,1791.66,0.0,0.0,0.6044,0.595933,0.0,1,0.6680846795000001,0.8143434569706514,Test
XIHSEN01_clean,5.64298,3.8792,5.64298,1.08478,1405.71,1295.85,0.0,0.0,0.5704,0.525822,0.0,1,0.7300397096,0.6918518264487596,Train
XIHSEN_clean,5.63541,3.87826,5.63541,1.09092,1426.31,1307.44,0.0,0.0,0.5682,0.520843,0.0,1,0.755658796,0.6976301619389451,Test
XILLEL_clean,7.63373,5.31385,7.61296,0.988669,1586.87,1605.06,0.0,0.0,0.5862,0.592918,0.0,0,0.9757692127,0.7699026538325204,Train
XILLIP_clean,8.02024,6.48918,8.00532,0.699116,2353.41,3366.26,0.0,0.0,0.7058,1.00956,0.0,0,0.9640587903,0.7041786719826498,Train
XILSUI_clean,8.05462,5.1792,8.05462,0.833153,2078.06,2494.21,0.0,0.0,0.6418,0.770326,0.0,1,0.6532981951,0.660725094166977,Test
XILTAP_clean,7.46835,4.491,7.46835,0.893159,2015.14,2256.2,0.0,0.0,0.622,0.696404,0.0,1,0.7013072817,0.709142555785822,Train
XILVIZ_clean,7.75339,4.84522,7.60552,0.848736,2042.74,2406.8,0.0,0.0,0.6436,0.758304,0.0,1,0.6718501051000001,0.619365163344647,Test
XINHOT_clean,5.41924,4.10207,5.41262,1.543,726.815,471.04,0.0,0.0,0.4344,0.281529,0.0,0,0.5277697385,0.4851013470990657,Train
XINRAP_clean,7.72889,5.88361,7.72889,0.997869,1989.71,1993.96,0.0,0.0,0.6604,0.66181,0.0,1,0.2646533461,0.5206184212512248,Train
XINWUO_clean,6.28616,4.28799,6.28616,1.09832,2350.01,2139.64,0.0,0.0,0.6626,0.603282,0.0,1,0.2098564339999999,0.4298344732800808,Train
XINZEB_clean,5.58391,4.38224,5.56908,1.48991,1505.54,1010.49,0.0,0.0,0.5618,0.377069,0.0,1,0.8084745165999999,0.4539627734549434,Train
XIPGUA_clean,6.999,4.80417,6.51629,2.95533,1333.32,451.159,0.0,0.0,0.4992,0.168915,0.0,1,0.0357524818,0.09181520000787496,Train
XISLAM_clean,4.34393,3.64065,4.34393,1.93617,692.959,357.901,0.0,0.0,0.4122,0.212894,0.0,0,2.3626642887,1.6402567829106545,Test
XISPEW01_clean,7.58694,5.52656,7.5744,1.14161,1954.46,1712.03,0.0,0.0,0.624,0.546598,0.0,1,0.515807783,0.5452390872626823,Train
XISPEW02_clean,7.73943,5.5228,7.73943,1.0858,1985.75,1828.83,0.0,0.0,0.6324,0.582427,0.0,1,0.4679732945,0.5563014056206758,Train
XISPEW_clean,7.45128,5.46523,7.15276,1.17603,1960.28,1666.86,0.0,0.0,0.6188,0.526177,0.0,1,0.5471647058,0.616410183113626,Test
XISPUM01_clean,6.90955,4.49306,6.89631,1.14557,2040.23,1780.98,0.0,0.0,0.6396,0.558325,0.0,1,0.380138229,0.5559721315490317,Train
XISPUM_clean,7.32941,4.58436,7.32711,1.21765,2007.19,1648.41,0.0,0.0,0.6216,0.510492,0.0,1,0.6128644816,0.5617409953457079,Test
XISVUR_clean,5.04407,3.94718,5.0182,1.1747,1719.75,1463.99,0.0,0.0,0.6072,0.516898,0.0,1,0.8146303898999999,0.8199808980113932,Train
XISXEE_clean,10.02626,5.46429,10.02412,0.66541,2246.71,3376.43,0.0,0.0,0.7296,1.09647,0.0,1,0.5013654388000001,0.5306000824985719,Train
XITYOP_clean,11.26084,5.01855,11.26084,0.828925,2008.18,2422.64,0.0,0.0,0.6806,0.821064,0.0,1,0.7995055845,0.6957690433122107,Train
XIVMEW01_clean,5.52138,3.68821,5.51435,1.34752,969.124,719.188,2.26658,1.68203,0.5016,0.372238,0.0,1,0.8001925034,0.5916359487786398,Train
XIWLAQ_clean,6.60663,5.9994,6.60453,2.29175,1025.32,447.396,0.0,0.0,0.5236,0.228472,0.0,1,0.3007218791,0.2387562881609776,Train
XIWYEH_clean,4.26164,3.52891,4.24796,2.34877,351.985,149.859,0.0,0.0,0.3304,0.140669,0.0,0,0.7149598484,0.6258867959370449,Test
XIYYEL_clean,8.54513,8.23246,8.54513,0.722133,2313.21,3203.31,0.0,0.0,0.7918,1.09647,0.0,0,0.2204536166,0.2082730705405168,Test
XOCWET_clean,5.57167,3.60863,5.43096,2.052,1278.23,622.917,0.0,0.0,0.549,0.267544,0.0,1,0.2677418567,0.29527921372792115,Train
XOCWIX_clean,5.47886,3.44903,5.47476,2.18371,1125.64,515.471,0.227584,0.104219,0.5372,0.246003,0.0,1,0.2563009308,0.2454767848713741,Train
XOCWOD_clean,5.38208,3.4319,5.38208,2.211,1054.39,476.883,0.0,0.0,0.5314,0.240344,0.0,1,0.2532182749,0.3714031862978549,Test
XOCWUJ_clean,5.43529,3.40185,5.40249,2.21366,1083.86,489.625,0.0,0.0,0.5328,0.240687,0.0,1,0.2517745423999999,0.3129673691648615,Test
XOFGAC_clean,20.28488,4.16314,9.48492,0.98367,1835.3,1865.77,0.0,0.0,0.6704,0.681529,0.0,1,0.5212747100999999,0.5878265676474386,Test
XOFPEP01_clean,5.97449,3.48385,5.9665,2.03706,967.647,475.021,0.0,0.0,0.5188,0.25468,0.0,1,0.2457507894,0.31438661672397045,Train
XOFPEP_clean,5.97089,3.4618,5.97089,2.03022,1036.5,510.537,0.0,0.0,0.5304,0.261252,0.0,1,0.2309548569999999,0.2989085337026188,Train
XOGXAU_clean,5.74983,3.78405,5.68214,1.22917,1255.73,1021.6,0.0,0.0,0.5252,0.427279,0.0,1,0.6039999559,0.7536994956749754,Train
XOHLEM_clean,5.52611,4.54089,5.51535,1.339,1839.55,1373.82,0.0,0.0,0.5986,0.44705,0.0,1,0.7942647089,0.6420202154719563,Train
XOHTUJ_clean,6.47036,4.69494,6.47036,1.17962,2196.81,1862.3,0.0,0.0,0.6472,0.548652,0.0,1,0.3106443235,0.4502953770357471,Train
XOJPIW_charged,8.62622,7.92037,8.61331,1.10762,1164.73,1051.56,0.0,0.0,0.5836,0.526895,0.0,1,0.4062979555,0.2333862680087554,Train
XOJWEZ_clean,5.26222,4.56445,5.26222,1.41259,749.294,530.438,0.0,0.0,0.5012,0.354809,0.0,1,0.4820583467,0.2941422683779656,Test
XOJWOJ_clean,7.01927,4.56509,7.01927,1.20631,1535.66,1273.03,0.0,0.0,0.6016,0.498713,0.0,1,0.6560296435,0.580124188821253,Test
XOKHIP_clean,4.7478,3.45863,4.7478,2.16707,449.011,207.197,0.0,0.0,0.3986,0.183935,0.0,1,0.2961675687,0.2582853268511468,Train
XOMCIN_clean,5.94246,4.25779,5.52872,0.995112,2064.21,2074.35,0.0,0.0,0.6074,0.610384,0.0,1,1.024680435,0.8905231450717832,Train
XOMCOT_clean,4.8748,3.64387,4.86282,1.12809,975.65,864.872,0.0,0.0,0.4934,0.437378,0.0,0,1.6728065035,1.1935580829533508,Train
XOMDOU_clean,6.08861,4.66373,6.08699,1.18202,859.304,726.977,313.731,265.419,0.5438,0.460059,0.0,1,0.9523737007,0.6303050851119043,Test
XOMGIQ_clean,5.5226,3.96675,5.5226,1.11957,1446.11,1291.67,0.0,0.0,0.5666,0.506089,0.0,1,0.4851433928999999,0.7715001607368958,Test
XOMJOY_clean,6.10947,3.84777,5.97895,1.18998,613.441,515.507,422.204,354.8,0.5142,0.43211,0.0,0,0.9204776036,0.9524300768815914,Test
XOMJUE_clean,6.09418,3.77279,6.07728,1.21681,603.908,496.303,411.544,338.214,0.507,0.416662,0.0,0,0.9504626068,0.93575472873347,Train
XONGUD_clean,8.38841,6.91725,8.38841,2.68456,1261.77,470.01,0.0,0.0,0.5318,0.198096,0.0,1,0.0358396925,0.09582440354553712,Train
XONLES01_clean,15.55222,13.97126,15.55222,0.303181,1639.83,5408.75,0.0,0.0,0.871,2.87288,0.0,1,0.4500145469,0.4264615896805603,Test
XOPLOE_clean,7.50726,5.3332,7.50699,0.991241,2013.82,2031.62,0.0,0.0,0.621,0.626488,0.0,1,0.5151765408,0.6327362747294916,Train
XOPMIA_clean,5.53948,4.71058,5.5345,1.05182,1628.72,1548.47,0.0,0.0,0.5582,0.5307,0.0,0,0.8280553981000001,0.760252443735958,Train
XOQXIL_clean,5.56779,4.25341,5.54313,1.05181,1608.8,1529.56,0.0,0.0,0.552,0.524811,0.0,1,0.5358258678,0.6274559481362932,Train
XORHET_clean,4.71137,3.51837,4.71137,1.22336,1024.9,837.774,81.2251,66.395,0.5446,0.445167,0.0,1,0.4597440664,0.6240124656373408,Train
XOSPOK_clean,6.02139,4.57668,6.02139,1.94823,1837.76,943.297,0.0,0.0,0.586,0.300786,0.0,1,0.5972622753,0.3247121400953861,Test
XOTGUI_clean,5.14072,4.00351,5.14055,1.55556,2014.34,1294.93,0.0,0.0,0.6006,0.386099,0.0,1,0.2982648255,0.3542394959652839,Train
XOTHAP_clean,5.67034,4.65738,5.67034,1.50505,1984.46,1318.53,0.0,0.0,0.6152,0.408756,0.0,1,0.262405266,0.32753141774368505,Train
XOTKIA_charged,5.14199,3.65373,5.13486,1.81978,375.531,206.361,15.5204,8.52876,0.4108,0.225742,0.0,1,0.0617266126999999,0.15053026654445867,Train
XOTSEG_clean,8.78779,6.45971,8.7759,0.828086,1735.59,2095.91,0.0,0.0,0.6318,0.762964,0.0,1,0.4965760484,0.48243989400174975,Train
XOTSIK_clean,8.84143,7.37067,8.64635,0.961303,1776.26,1847.76,0.0,0.0,0.6086,0.633099,0.0,1,0.4649618901,0.5549385811944085,Train
XOTXAG_clean,4.5925,3.72441,4.55253,1.45522,1114.56,765.906,0.0,0.0,0.459,0.315416,0.0,1,0.5222706921,0.6791945232361994,Train
XOTXUB_clean,4.27674,3.47607,4.14843,1.21704,316.782,260.289,0.0,0.0,0.4284,0.352001,0.0,1,0.1834917962,0.22729483868317907,Train
XOTZIR_clean,6.298,3.81619,6.27425,1.33376,798.487,598.675,0.0,0.0,0.4626,0.34684,0.0,1,0.6569594219,0.40581814063037924,Train
XOVPIH_clean,4.3234,3.46915,4.32329,1.51036,756.835,501.096,0.0,0.0,0.4966,0.328796,0.0,1,0.3154623562999999,0.41309261371752937,Train
XOVPON_clean,5.74841,4.13919,5.74724,1.29056,1444.67,1119.41,0.0,0.0,0.5696,0.44136,0.0,1,0.3877189339,0.5513678877143914,Train
XOVPUU_clean,11.45503,9.77333,11.45503,0.404958,2012.2,4968.9,0.0,0.0,0.8444,2.08515,0.0,1,0.3927149514,0.38743131095219796,Test
XOVQAB_clean,9.04253,7.30249,9.03111,0.610216,2352.44,3855.09,0.0,0.0,0.7448,1.22055,0.0,1,0.4382139845,0.47840699296804823,Test
XOVQEF_SL,13.73802,11.42638,13.39901,0.433642,2002.7,4618.32,0.0,0.0,0.8224,1.89649,0.0,1,0.408780366,0.4236151059555016,Train
XOVQIJ_clean,7.41561,4.13146,7.41561,0.925084,1684.83,1821.27,0.0,0.0,0.5816,0.6287,0.0,1,0.5741961811999999,0.6762627764452451,Train
XOVVOU_clean,6.57595,5.59779,6.5535,1.07267,2264.54,2111.12,0.0,0.0,0.6676,0.622371,0.0,1,0.6402223018,0.5172891150604317,Test
XOXMED_clean,15.20268,12.48764,14.68508,0.499,1903.11,3813.84,0.0,0.0,0.7876,1.57836,0.0,1,0.4135765261,0.45646962738798647,Train
XUBGUY_clean,11.92741,6.17876,10.43844,0.841842,2109.15,2505.4,0.0,0.0,0.7154,0.849804,0.0,1,0.4416518572999999,0.571713940606984,Train
XUCSOF_clean,5.25566,4.59264,5.25566,1.60312,661.505,412.637,358.397,223.562,0.482,0.300664,0.0,1,0.8859180353,0.7976200271264893,Train
XUDNAN_clean,8.67531,5.1775,8.35832,0.937633,1918.83,2046.46,0.0,0.0,0.6496,0.692809,0.0,1,0.5069886915,0.6201568270896158,Train
XUDNUH_clean,12.36127,6.84234,12.36127,0.492653,2292.38,4653.12,0.0,0.0,0.8076,1.63929,0.0,1,0.435639431,0.4608256913012271,Train
XUDPIX_clean,11.39057,6.9563,11.17218,0.55889,2521.72,4512.0,0.0,0.0,0.7746,1.38596,0.0,1,0.4659116033,0.5167390459858825,Train
XUDYEC_clean,6.34584,5.04991,6.34584,1.10902,1973.56,1779.55,0.0,0.0,0.6464,0.582857,0.0,1,0.5829260664,0.5215533499193695,Test
XUDYOM_clean,5.92099,5.48654,5.7966,1.63199,1266.45,776.015,0.0,0.0,0.5438,0.333212,0.0,0,1.1470654241,0.8554867179484774,Train
XUFPIZ_clean,4.43917,3.40706,4.39655,1.31985,159.122,120.561,0.0,0.0,0.4154,0.314732,0.0,0,0.2210344366,0.3009965319661841,Train
XUFWOM_clean,9.12848,8.18722,9.12848,0.813283,1954.3,2402.97,0.0,0.0,0.7082,0.870792,0.0,1,0.4220775534,0.3790072799251071,Test
XUFYAA_clean,16.80237,4.60613,16.77492,0.589197,2123.72,3604.43,0.0,0.0,0.7212,1.22404,0.0,1,0.6852050015000001,0.6710883391319481,Train
XUGROI_clean,6.64754,5.07389,6.16433,0.794522,2382.26,2998.35,0.0,0.0,0.6836,0.860391,0.0,1,0.6875995212,0.7162836250864821,Test
XUGSEY_clean,7.45351,5.81909,7.11831,0.709523,2586.66,3645.63,0.0,0.0,0.7068,0.996162,0.0,1,0.6105081309,0.5729520203198771,Train
XUGWUS_clean,5.27863,4.66019,5.2635,1.38078,911.096,659.843,0.0,0.0,0.496,0.359218,0.0,1,0.3281578565,0.4756544878084932,Train
XUJPEY_clean,5.84221,4.51142,5.77769,1.25506,1324.62,1055.42,0.0,0.0,0.5206,0.4148,0.0,0,0.8727499943000001,0.8170190152204966,Train
XUJPIC_clean,5.88914,4.75213,5.84985,1.23811,1386.84,1120.12,0.0,0.0,0.5304,0.428394,0.0,0,0.8589273826999999,0.8459934776115621,Train
XUJPOI_clean,5.22333,3.76094,5.20942,1.23729,1450.85,1172.61,0.0,0.0,0.566,0.457452,0.0,0,0.8769561481,0.8833213903416729,Test
XUJQAV_clean,5.23926,3.75063,5.23926,1.23622,1470.1,1189.19,0.0,0.0,0.5596,0.452669,0.0,0,0.8699288883,0.8773617339089048,Test
XUJSAY_clean,5.36362,3.81487,5.35817,1.44593,257.114,177.818,33.7457,23.3384,0.4668,0.322836,0.0,1,0.6381282364,0.40750484453693625,Train
XUKHUI_clean,5.94415,4.22176,5.9168,1.20125,1179.74,982.099,0.0,0.0,0.5426,0.451698,0.0,1,1.1019423041,0.7485460994558999,Train
XUKLAS_clean,5.87516,3.79987,5.86816,1.26294,911.252,721.53,0.0,0.0,0.4946,0.391624,0.0,1,0.6082407424,0.5708617119093146,Test
XUKNIC_clean,6.71193,5.19255,6.7113,1.00366,2512.55,2503.38,0.0,0.0,0.6472,0.644838,0.0,1,0.5663829802,0.6000099127008555,Train
XUKYEI_neutral,13.17229,10.75846,13.16843,0.287208,1805.38,6285.97,0.0,0.0,0.8682,3.02289,0.0,0,0.3608715056,0.3599875806155295,Test
XUMMOJ_clean,8.37622,7.86065,8.37622,1.08186,1183.03,1093.52,0.0,0.0,0.5464,0.505057,0.0,1,0.2364427242,0.27876123985286133,Train
XUMMUP_clean,8.4295,7.42103,8.42696,1.01197,1167.11,1153.31,0.0,0.0,0.545,0.538555,0.0,1,0.1978568837,0.30128963673304965,Train
XUMNEA_clean,5.24244,3.69297,5.22761,1.21845,601.492,493.654,0.0,0.0,0.4622,0.379335,0.0,0,0.8528700073000001,0.6596243284547924,Train
XUMNIE_clean,7.92656,5.00523,7.92544,0.836736,1842.18,2201.63,0.0,0.0,0.617,0.737389,0.0,0,0.8598294175,0.7322220229228474,Train
XUMTUV_clean,5.4813,5.1227,5.47077,1.25424,1931.27,1539.79,0.0,0.0,0.6264,0.499425,0.0,1,0.6249947374,0.5897744274070889,Train
XUMVAD_clean,5.48445,5.10748,5.47384,1.24179,1950.9,1571.03,0.0,0.0,0.619,0.498472,0.0,1,0.6263011025999999,0.6564287430881259,Train
XUMVEH_clean,5.51001,5.03328,5.49298,1.14233,1980.67,1733.88,0.0,0.0,0.6382,0.55868,0.0,1,0.5819281857,0.5669084804557915,Train
XUNGOD_clean,5.27654,3.81371,5.27654,1.03399,1095.75,1059.73,0.0,0.0,0.4858,0.469831,0.0,0,1.4393868831,1.018669969274676,Test
XUNGUJ_clean,4.49594,4.05224,4.48031,1.03604,1057.86,1021.06,0.0,0.0,0.4874,0.470444,0.0,0,1.2538185016,1.1656527388952997,Train
XUNHAQ_clean,4.43369,3.93895,4.41861,1.01112,1121.76,1109.42,0.0,0.0,0.495,0.489555,0.0,1,1.2309792058,1.1768647828067953,Train
XUNSAC_clean,4.78336,3.78154,4.77852,1.05045,959.001,912.941,0.0,0.0,0.4742,0.451425,0.0,1,1.2119679855,0.8941826619702669,Test
XUNSEG_clean,5.12519,4.59555,5.12519,1.00672,1017.4,1010.61,0.0,0.0,0.4976,0.494281,0.0,1,1.1220772745,1.0083880868838904,Train
XUNSIK_clean,4.24603,3.78968,4.24603,1.0539,1014.98,963.071,0.0,0.0,0.475,0.450706,0.0,0,1.2577344757,1.1577479191607636,Train
XUNSOQ_clean,5.47061,4.41529,5.45212,1.01415,1093.33,1078.08,0.0,0.0,0.49,0.483165,0.0,0,1.2645739766,1.0834231682202726,Train
XUNTIL_clean,4.3912,3.544,4.3912,1.10854,669.818,604.235,0.0,0.0,0.4582,0.413336,0.0,1,0.9104747506,0.7793502506156667,Train
XUPSAE_clean,6.99773,6.86151,6.99773,1.067,1576.28,1477.3,0.0,0.0,0.5844,0.547705,0.0,0,1.6598112504,1.2044626634493945,Test
XUTQEI_clean,15.07113,13.13968,15.07113,0.479637,2165.37,4514.6,0.0,0.0,0.7968,1.66126,0.0,1,0.464757912,0.46355937384420604,Test
XUVGUQ_charged,5.67343,3.67394,5.66986,2.37614,417.777,175.822,0.0,0.0,0.3528,0.148476,0.0,1,0.3604178126,0.24121815024462273,Test
XUVHEB_clean,6.21978,5.41115,6.21978,1.07724,1379.45,1280.54,0.0,0.0,0.5818,0.540085,0.0,1,0.8290267055,0.6450204544576327,Test
XUVQOW_clean,7.02178,4.13589,6.48548,1.19698,1845.1,1541.47,0.0,0.0,0.6186,0.516801,0.0,1,0.6341334365,0.5782214462048056,Train
XUWFUR_clean,8.57387,5.22151,8.55217,0.997477,1382.53,1386.02,0.0,0.0,0.5736,0.575051,0.0,1,0.4015097319,0.4687117675276907,Train
XUWKEH_clean,5.79973,4.2003,5.79973,1.47767,748.2,506.339,0.0,0.0,0.4194,0.283826,0.0,1,0.1347070291,0.33901431479661204,Train
XUWSUD_clean,4.4926,3.78091,4.4926,2.14584,718.007,334.605,0.0,0.0,0.4438,0.206819,0.0,1,1.321673086,0.7101005630903044,Test
XUWTAK_clean,4.40667,3.75356,4.40321,2.17452,723.721,332.819,0.0,0.0,0.4382,0.201516,0.0,1,1.3584013722,1.0983627363685455,Train
XUWVUG_clean_h,3.95338,3.75922,3.95195,3.19434,197.336,61.7769,0.0,0.0,0.287,0.0898463,0.0,1,0.0410285897,-0.04545030092974989,Test
XUYXAR_clean,4.42154,3.80283,4.41884,1.51094,575.938,381.179,0.0,0.0,0.432,0.285915,0.0,1,0.4334228972,0.556676007118938,Train
YABHER_clean,14.37293,4.52414,14.37293,0.692157,1907.84,2756.36,0.0,0.0,0.7082,1.02318,0.0,1,0.6497356934,0.689714648355842,Train
YABPAU_clean,5.82793,4.33044,5.82793,1.0705,1501.93,1403.02,0.0,0.0,0.5582,0.521438,0.0,1,0.9516712949,0.7456329179133432,Train
YAGJOI_clean,5.63288,5.50957,5.62983,1.07586,1552.96,1443.46,0.0,0.0,0.5528,0.513822,0.0,0,0.7924253709,0.7960479422012702,Train
YAHPED_clean,6.77398,3.93575,6.76774,1.0241,1743.19,1702.16,0.0,0.0,0.5738,0.560295,0.0,0,0.7771600809999999,0.8694789558273304,Train
YAJXIT_clean,5.12079,3.85633,4.1425,1.60147,940.147,587.051,0.0,0.0,0.5148,0.321454,0.0,1,0.43470683,0.47726785363168023,Train
YAJXUF_clean,4.78048,4.01708,4.28221,1.6121,814.456,505.215,0.0,0.0,0.519,0.32194,0.0,1,0.4685044777,0.4127955634110748,Train
YANBAR01_clean,4.64582,3.70971,4.64582,1.82012,796.602,437.666,0.0,0.0,0.4462,0.245149,0.0,0,0.2963549480999999,0.6680021025336229,Train
YANBAR02_clean,4.9953,3.83765,4.98464,1.73124,921.603,532.338,0.0,0.0,0.4702,0.271598,0.0,0,0.2767214348,0.4386099651603301,Test
YANBAR03_clean,4.71059,3.74,4.66327,1.80873,823.157,455.102,0.0,0.0,0.451,0.249346,0.0,0,0.3005287207,0.6042252907705639,Train
YANBAR_clean,4.9541,3.79831,4.9225,1.76383,896.703,508.383,0.0,0.0,0.4572,0.259208,0.0,0,0.2942245527,0.4374117334865859,Train
YAPLIM_clean,8.749,6.77808,8.749,0.964207,1741.38,1806.02,6.02633,6.25004,0.65,0.674129,0.0,1,0.4798480189,0.4496798517356087,Train
YAPLOS_clean,9.23645,7.54223,9.20879,0.838059,1650.76,1969.74,3.89826,4.65153,0.6584,0.785625,0.0,1,0.2680961566,0.3332386138728002,Train
YAPLUY_clean,7.79113,6.77532,7.7776,0.987389,1670.12,1691.45,5.68352,5.75611,0.6296,0.637641,0.0,1,0.3585080792,0.45557013612069597,Train
YAPMAF_clean,8.17522,6.25474,8.17454,1.00629,1672.2,1661.75,6.89892,6.8558,0.6166,0.612746,0.0,1,0.4218051214,0.4732423967817793,Train
YAPRUE_charged,8.30129,6.44362,7.31736,1.15313,1335.16,1157.86,0.0,0.0,0.542,0.470026,0.0,1,0.4181948561,0.493554357458372,Train
YAPSAL_charged,6.78919,3.83218,6.78914,1.25603,744.215,592.514,5.33392,4.24665,0.4778,0.380405,0.0,0,0.385507856,0.33179954775338316,Test
YAPXIX_clean,5.17779,4.8964,5.17779,1.52841,213.864,139.925,323.996,211.982,0.4448,0.291021,0.0,1,0.7431396862999999,0.7626564511252227,Train
YAQCEY_clean,6.56305,4.53526,6.55951,1.09172,1547.89,1417.84,0.0,0.0,0.554,0.507454,0.0,1,0.4426999115,0.5952646556676819,Train
YAQKEI_clean,4.87973,4.18958,4.87973,1.91746,825.152,430.337,0.0,0.0,0.4374,0.228115,0.0,1,0.4796359091,0.41446381735500615,Train
YARBAW_clean,4.44594,3.74599,4.44594,1.19018,680.577,571.825,0.0,0.0,0.4774,0.401114,0.0,1,0.2812018982,0.5596772483589036,Train
YARBUQ_clean,4.67624,4.03616,4.54961,1.19852,280.172,233.766,258.386,215.589,0.447,0.372961,0.0,1,1.0858115537000002,1.0559680876172703,Train
YARDEC_clean,4.66636,3.48033,4.66636,1.03943,1194.85,1149.52,0.0,0.0,0.547,0.52625,0.0,0,1.0612894879,1.0210639391018035,Train
YARDIG_clean,4.62568,3.53484,4.62568,1.03032,1206.44,1170.94,0.0,0.0,0.5394,0.523527,0.0,0,0.9577702813,0.9933184797393984,Train
YARGAB_clean,10.70302,9.67182,10.70302,0.961173,1387.15,1443.19,0.0,0.0,0.6238,0.648999,0.0,1,0.43437142,0.4462486068016917,Train
YARKEJ_clean,5.07878,4.0341,5.03574,1.22095,872.445,714.565,0.0,0.0,0.486,0.398052,0.0,0,0.9854800791,0.8141263239359764,Train
YARKOT_clean,5.25265,3.98181,5.2356,0.962764,1924.08,1998.5,0.0,0.0,0.6296,0.653951,0.0,1,0.9740537974,0.9368293632182025,Train
YARSAN_clean,5.04398,3.94642,5.02513,1.29452,830.585,641.616,0.0,0.0,0.4644,0.358743,0.0,1,1.087966189,0.7397119572089431,Test
YARYEV_clean,5.64641,4.02417,5.64641,1.12294,2187.12,1947.67,0.0,0.0,0.6948,0.618733,0.0,0,0.1160400428999999,0.14253066889381544,Train
YARYIZ_clean,5.51251,4.14788,5.51251,1.11604,2131.77,1910.12,0.0,0.0,0.6948,0.622558,0.0,0,0.1133867561,0.1474801804791554,Train
YARYOF_clean,4.91899,3.58217,4.91899,1.2259,1844.97,1504.99,0.0,0.0,0.6484,0.528917,0.0,0,0.1347033782,0.537761938683386,Test
YARYUL_clean,6.79463,6.1943,6.7496,1.01911,2644.72,2595.13,0.0,0.0,0.7536,0.73947,0.0,1,0.1267581291999999,0.20000394385052978,Train
YARZEZ02_clean,7.33631,5.31685,7.33003,0.762014,2989.95,3923.75,0.0,0.0,0.7604,0.997882,0.0,0,0.2073617241,0.24212062456667138,Train
YARZEZ03_clean,7.77175,4.5942,7.75648,0.810672,2535.58,3127.75,0.0,0.0,0.7232,0.8921,0.0,0,0.2266114929,0.4295614904784256,Train
YARZEZ_clean,5.63038,4.40455,5.63038,0.959184,2069.23,2157.28,0.0,0.0,0.682,0.711021,0.0,0,0.2458291986,0.5242285556133385,Test
YASLOW_clean,11.27088,6.03691,11.27088,0.827082,2236.87,2704.53,0.0,0.0,0.7068,0.85457,0.0,0,0.3634169133,0.6146404093726843,Train
YASLUA_clean,4.94209,4.00194,4.9385,1.70772,1160.33,679.462,0.0,0.0,0.57,0.333779,0.0,1,0.3268298682,0.37800531933842724,Train
YATDUV_clean,9.16363,5.74685,9.12289,0.890102,2297.06,2580.67,0.0,0.0,0.7262,0.815861,0.0,1,0.3997830671,0.45839229592608144,Test
YATTUK_clean,5.98818,5.09996,5.98666,1.2421,2236.34,1800.46,0.0,0.0,0.6648,0.535224,0.0,1,0.4301435329,0.35010780849781353,Train
YAVSOG_clean,5.27147,3.77137,4.73746,1.58778,810.938,510.737,0.0,0.0,0.471,0.296641,0.0,0,0.4219185978,0.5056994659034365,Train
YAVTUN_clean,9.91839,8.86286,9.91839,0.965245,1733.93,1796.36,0.0,0.0,0.6864,0.711115,0.0,1,0.2981412729,0.36686681830293333,Train
YAVVAV_clean,9.88958,8.7039,9.88958,1.06981,1632.82,1526.27,0.0,0.0,0.6406,0.598799,0.0,1,0.3459379639,0.3148901338339906,Train
YAVVEZ_clean,9.82749,8.59259,9.81107,1.05385,1634.41,1550.89,0.0,0.0,0.6474,0.614319,0.0,1,0.3161705703,0.3374417302068054,Train
YAVVID_clean,4.84619,4.06844,4.72468,1.45348,1121.07,771.298,0.0,0.0,0.5442,0.374412,0.0,1,0.5245560467,0.5511516657658002,Test
YAVVOJ_clean,4.78155,4.02282,4.65286,1.48818,1095.49,736.125,0.0,0.0,0.5464,0.36716,0.0,1,0.5552277946,0.5581689044136818,Train
YAVVUP_clean,4.79083,4.0345,4.51089,1.48936,1096.45,736.189,0.0,0.0,0.5422,0.364049,0.0,1,0.5351851761,0.5969248102413003,Train
YAVWAW_clean,4.87227,4.07548,4.69675,1.46373,1145.93,782.881,0.0,0.0,0.5582,0.381355,0.0,1,0.5210543419,0.5251013709454354,Train
YAVWUQ_clean,15.48597,6.62234,15.4779,0.747785,2189.36,2927.8,0.0,0.0,0.7402,0.989857,0.0,1,0.5918589695,0.6215806910680725,Test
YAVZAX_clean,5.41112,4.55984,5.40803,1.50963,1275.98,845.227,0.0,0.0,0.5678,0.376117,0.0,0,0.4689228506,0.6295880985829517,Train
YAVZUT_clean,9.86186,4.91496,9.72199,0.854434,1940.85,2271.51,0.0,0.0,0.6662,0.779698,0.0,1,0.6108678834000001,0.6046726048512168,Train
YAWBAC_clean,10.4496,5.49019,10.26922,0.855998,1928.74,2253.21,0.0,0.0,0.6638,0.775469,0.0,1,0.7317483043999999,0.6310379304618285,Train
YAWFEI_charged,4.87237,4.21817,4.85139,1.59832,794.764,497.251,0.0,0.0,0.4888,0.305822,0.0,1,0.1967296627,0.2536628777408194,Train
YAWFOS_clean,6.58573,4.52277,6.51086,1.38834,1531.01,1102.76,0.0,0.0,0.6034,0.434618,0.0,1,0.1104819572,0.35910757159626705,Train
YAWKOX_clean,7.42586,6.54227,7.42586,1.26071,1716.68,1361.67,0.0,0.0,0.6098,0.483696,0.0,1,0.3193369032,0.4532938853902049,Test
YAXBOP_SL,5.80792,5.38349,5.80792,1.12998,1474.82,1305.18,0.0,0.0,0.591,0.52302,0.0,0,0.6566135799,0.7240834870665744,Train
YAYLER_clean,4.97966,4.34921,4.97473,3.91304,903.181,230.813,0.0,0.0,0.4372,0.111729,0.0,1,0.1105711441,0.0640964644754971,Train
YAYPOF_clean,6.50595,4.6947,6.4958,2.40269,1158.01,481.966,0.0,0.0,0.5536,0.230409,0.0,1,0.2115410868,0.22430978173109772,Train
YAYRAT_clean,6.10819,5.25433,6.10592,0.863424,2602.75,3014.46,0.0,0.0,0.6904,0.799607,0.0,0,0.936895635,0.7770271407078355,Train
YAZWOM_clean,4.58853,4.19832,4.58853,1.42471,389.253,273.216,49.369,34.652,0.47,0.329892,0.0,1,0.1675102516,0.30901670901624106,Train
YEBLAT_clean,6.81519,6.14414,6.81519,1.60609,1346.83,838.578,0.0,0.0,0.5478,0.341077,0.0,0,0.1987711503,0.6259749974701606,Test
YEDKOI_clean,5.69122,4.8418,5.69122,1.08403,1663.7,1534.74,7.50334,6.92174,0.592,0.546112,0.0,1,0.4292313108,0.5446563248329198,Train
YEDKUO_clean,6.88443,4.8384,6.1725,0.827487,2774.06,3352.39,0.0,0.0,0.6498,0.785269,0.0,1,0.5379173905,0.811773461521049,Test
YEDLAV_clean,5.4499,3.81156,5.4499,1.25884,985.671,783.002,173.283,137.653,0.514,0.408314,0.0,1,1.1086702328,0.9197920650365916,Train
YEFNEC_clean,7.0118,5.67657,7.0118,1.03009,2663.85,2586.03,0.0,0.0,0.7454,0.723623,0.0,0,0.1643335416,0.1280303372964065,Test
YEFNOM_clean,6.99053,5.65806,6.99053,1.03643,2661.11,2567.58,0.0,0.0,0.7442,0.718045,0.0,0,0.1674251646,0.13317269183412567,Train
YEFPEE_clean,6.60032,5.32777,6.60032,1.16153,2587.98,2228.08,0.0,0.0,0.7204,0.620219,0.0,0,0.2008516255,0.16079233683007904,Test
YEGCUJ_clean,7.31661,4.83808,7.31661,1.36986,1339.97,978.182,0.0,0.0,0.5642,0.411867,0.0,1,0.5004939377000001,0.36998294854655894,Train
YEGHIC_clean,7.13593,3.78757,7.13593,1.08644,2189.73,2015.5,27.1266,24.9682,0.6726,0.619084,0.0,0,0.069048944,0.18052940937235873,Train
YEGKOM_clean,5.20851,4.05507,5.20188,1.12752,1913.28,1696.88,0.0,0.0,0.6196,0.549523,0.0,0,0.7004617612,0.873321512024576,Test
YEHGID_clean,6.88886,4.03008,6.66292,1.04955,1124.4,1071.32,29.6858,28.2844,0.5406,0.51508,0.0,0,0.7733044898,0.7323313804199202,Train
YEKQOW_clean,13.71017,3.97085,13.71017,1.23134,1607.97,1305.87,0.0,0.0,0.6056,0.491823,0.0,1,0.7489825373000001,0.6552642234761525,Train
YEKXET_clean,6.4533,5.02363,5.80415,0.985188,2310.11,2344.84,0.0,0.0,0.6394,0.649013,0.0,1,0.5934991098,0.6744107491964283,Train
YEKXOD_clean,7.62702,5.92083,7.58526,0.977291,1976.53,2022.46,0.0,0.0,0.6138,0.628063,0.0,1,0.4849981875,0.5857469761022602,Train
YEKXUJ_clean,7.55002,6.86281,7.5454,0.941882,1957.97,2078.79,0.0,0.0,0.639,0.678429,0.0,1,0.4423376979999999,0.5652258184972844,Test
YELYOE_clean,5.04252,3.59258,5.00865,2.17111,739.471,340.597,0.0,0.0,0.4584,0.211137,0.0,1,0.910059239,0.5679108066941817,Train
YEMFOM_clean,4.97553,4.09686,4.67636,1.71885,1447.62,842.207,0.0,0.0,0.5806,0.337785,0.0,1,0.8841284641,0.5579068109325787,Train
YEMJAC_clean,6.87778,6.50668,6.87778,1.59244,1555.51,976.807,0.0,0.0,0.5806,0.364597,0.0,0,0.5109896889,0.5556942582490243,Test
YEMLUY_charged,6.12904,5.80783,6.12904,1.94195,358.184,184.445,0.0,0.0,0.335,0.172507,0.0,0,0.1012993918,0.12735000961173748,Train
YEMMAF_clean,9.71746,9.09929,9.71746,1.3312,1383.23,1039.09,0.0,0.0,0.5818,0.43705,0.0,1,0.1278363068,0.1828822828785976,Train
YENLUA_ion_b,21.49217,18.9061,21.49217,0.794834,1364.82,1717.11,0.605784,0.762152,0.7146,0.899055,0.0,1,0.1864824564999999,0.2488051484816633,Train
YEQRER_clean,5.87384,4.7032,5.72081,1.15967,3090.85,2665.28,0.0,0.0,0.7338,0.632764,0.0,1,0.0910664987,0.10152847358900102,Train
YEQRIV_clean,5.99633,4.79932,5.81502,0.74227,3172.25,4273.71,0.0,0.0,0.734,0.988859,0.0,1,0.123968259,0.5252744491829048,Test
YEVQOG_clean,6.25531,4.55241,6.24369,1.60942,1024.12,636.328,2.59362,1.61152,0.5428,0.337264,0.0,1,0.2196594466,0.3119606008152604,Train
YEVQUM_manual,7.24971,4.97645,7.24971,1.58621,997.869,629.089,110.417,69.6106,0.5532,0.348755,0.0,1,0.2259628376,0.3416285061571057,Test
YEYCUC_SL,17.82348,5.70059,17.82348,0.555715,2326.25,4186.05,0.0,0.0,0.7742,1.39316,0.000719793,0,0.5389062176,0.3462274524903689,Test
YEYFEP_clean,6.98334,4.14157,6.98202,1.19557,2249.87,1881.83,0.0,0.0,0.6508,0.544341,0.0,1,0.3351869231,0.44527066724130165,Train
YEZFIU_clean,7.76134,3.87237,7.76134,1.15876,1542.78,1331.4,0.0,0.0,0.5858,0.505539,0.0,1,0.3119973421,0.5916280408010637,Train
YEZKEV_clean,5.97739,3.43415,5.31131,1.09565,745.656,680.561,250.74,228.851,0.5084,0.464017,0.0,1,0.5799571829,0.5910621386623742,Train
YIBMUT_clean,4.66852,3.42869,4.24306,1.43993,703.496,488.563,0.0,0.0,0.4898,0.340155,0.0,1,0.8153865424,0.7290022192577448,Train
YICDAR_clean,5.59824,4.74384,5.59824,0.895752,2281.69,2547.24,0.0,0.0,0.6272,0.700194,0.0,1,0.6012407569,0.7422626710416118,Train
YICREI_clean,5.84848,5.57464,5.83375,1.84239,1401.27,760.57,0.0,0.0,0.5592,0.303518,0.0,1,0.7309739987,0.5526514414266893,Train
YIKJOT_clean,9.06042,4.04226,9.06042,1.25445,1709.74,1362.94,22.3665,17.8297,0.6492,0.517517,0.0,1,0.2556978063,0.25664255067474007,Train
YIKJUZ_clean,8.98552,4.23883,8.98552,1.25419,1702.48,1357.43,21.0421,16.7774,0.6478,0.516507,0.0,1,0.255345579,0.2260937186730621,Test
YILJAG_clean,9.10869,5.99614,8.54669,0.787709,2364.52,3001.77,0.0,0.0,0.7242,0.919375,0.0,1,0.5020283759,0.5788032197612332,Train
YILJUA_clean,6.47025,4.23928,6.47025,1.06649,1898.08,1779.75,0.0,0.0,0.616,0.577597,0.0,0,0.6519511276,0.8950410728869236,Test
YILKAH_clean,5.89247,4.24175,5.78451,1.04927,1964.15,1871.92,0.0,0.0,0.628,0.598513,0.0,0,0.6570245642,0.8282961574550856,Train
YINCEF_clean,5.29805,4.38969,5.29805,1.14172,1383.89,1212.11,0.0,0.0,0.5194,0.454928,0.0,1,0.6989762804,0.8624113591959112,Test
YINCIJ_clean,5.57662,4.55736,5.57662,1.15159,1292.51,1122.37,0.0,0.0,0.5342,0.463881,0.0,1,0.6671687488,0.7753839243119477,Train
YINCOP_clean,5.26078,4.28352,5.26078,1.18451,1235.25,1042.84,0.0,0.0,0.5154,0.435117,0.0,1,0.689573653,0.8167132761717274,Train
YINCUV_clean,4.80903,3.55203,4.73589,1.40486,557.682,396.966,0.0,0.0,0.407,0.289708,0.0,1,0.5967492038000001,0.5822721753983706,Train
YINDOQ_clean,4.43071,3.40597,4.26593,1.3553,678.182,500.394,0.0,0.0,0.4342,0.320372,0.0,1,0.9734340313,0.8412873239357059,Train
YINPEQ_clean,9.47139,8.23796,9.47139,0.666821,2383.65,3574.65,0.0,0.0,0.7906,1.18563,0.0,0,0.2702223578,0.25771076333665954,Train
YINXIE_clean,6.16574,4.96395,6.1491,1.27739,1014.53,794.22,0.0,0.0,0.5052,0.395493,0.0,1,0.400110522,0.3874687920566441,Train
YIRHOY_clean,4.32621,3.78826,4.32621,3.27612,950.357,290.086,0.0,0.0,0.4232,0.129177,0.0,1,0.3748053213,0.8063239379754572,Test
YISFEL_clean,5.46375,4.23769,5.46375,1.76848,680.689,384.9,0.0,0.0,0.5068,0.286574,0.0,1,0.1157118762,0.1391011271726667,Train
YIVNIC_clean,4.61348,3.86544,4.61348,1.60999,548.992,340.991,0.0,0.0,0.3982,0.24733,0.0,1,0.2769897186,0.28001889261035795,Train
YIVZIO_clean,7.47444,4.87179,7.47444,1.1331,1630.87,1439.3,0.0,0.0,0.577,0.509222,0.0,1,0.3149898817,0.5392839448163304,Test
YIVZOU_clean,7.22451,3.90462,7.20186,1.01646,1810.83,1781.5,0.0,0.0,0.6044,0.594611,0.0,1,0.5621540707,0.7433838795630024,Train
YIWBEN_clean,5.41707,3.94622,5.41707,1.08258,1617.69,1494.29,0.0,0.0,0.5648,0.521716,0.0,0,0.9624027128,0.8433003107261909,Train
YIWLEV_clean,6.84017,5.52979,6.84017,1.2226,2050.0,1676.76,0.0,0.0,0.7014,0.573697,0.0,0,0.1387430464,0.17754304824561185,Train
YIWLIZ_clean,6.76345,5.40521,6.76332,1.26054,2049.12,1625.6,0.0,0.0,0.6972,0.553098,0.0,0,0.144940366,0.17622882640488424,Train
YIWMEW_clean,5.71951,3.80264,5.71876,1.30733,2035.3,1556.84,0.0,0.0,0.6656,0.509129,0.0,1,0.1532752709,0.28736600125604156,Test
YIWMOG_clean,6.74773,5.04258,6.74039,1.26894,2076.98,1636.78,0.0,0.0,0.6788,0.534934,0.0,1,0.1453460708999999,0.20465691651658674,Train
YIWMUM_clean,6.07798,4.22779,6.07163,1.30832,2060.98,1575.28,0.0,0.0,0.6732,0.514552,0.0,0,0.1517648672,0.24003566969577755,Train
YIWNAT_clean,6.30784,4.54282,6.29619,1.29078,2076.15,1608.45,0.0,0.0,0.675,0.52294,0.0,0,0.1512152024,0.23472703542235018,Train
YIWNIB_clean,6.81948,5.37501,6.81948,1.22536,2128.85,1737.32,0.0,0.0,0.696,0.567996,0.0,0,0.1383041199,0.22678941934718178,Test
YIWPAV_clean,6.84936,5.28466,6.84936,1.24173,2101.82,1692.65,0.0,0.0,0.6932,0.558254,0.0,0,0.1397643558,0.19787514060845068,Train
YIWPEZ_SL_part,7.01269,5.15498,7.0057,1.25891,2052.76,1630.59,0.0,0.0,0.6916,0.549364,0.0,0,0.1409165093,0.16988697430610655,Train
YIWPID_clean,5.93872,4.77854,5.93164,1.27431,2083.27,1634.82,0.0,0.0,0.6888,0.540527,0.0,1,0.1480893614,0.16668917163967661,Train
YIXFIW_clean,4.72359,3.58415,4.71426,1.46617,963.816,657.369,0.0,0.0,0.4922,0.335704,0.0,0,0.7142429698,0.8016279476570674,Train
YIXYUB_clean,7.99703,7.36677,7.98615,1.64643,944.835,573.867,0.0,0.0,0.4756,0.288867,0.0,0,0.3124428445,0.31252172647136855,Train
YIXZEM_clean,8.10881,7.62421,8.10881,1.55257,958.181,617.157,0.0,0.0,0.488,0.314317,0.0,0,0.2564376388,0.30887306195266995,Train
YIYHAQ_clean,5.13693,3.97105,5.11342,0.982113,1295.69,1319.28,0.0,0.0,0.5422,0.552075,0.0,1,0.6063105648,0.845744293465747,Test
YIZGEV_clean,8.18498,3.62665,8.04776,1.4535,879.019,604.759,443.479,305.11,0.5378,0.370003,0.0,0,3.1030715537,2.9031859715805988,Train
YIZGIZ_clean,8.32701,3.59268,8.32701,1.46991,1382.6,940.602,0.383122,0.260644,0.553,0.376215,0.0,0,3.0614187707,2.903385392659245,Train
YIZGOF_clean,8.30449,3.57994,8.30449,1.47966,1364.44,922.132,0.0,0.0,0.552,0.373059,0.0,0,3.1361060626,2.9043137875767493,Train
YIZWIN_clean,4.63572,3.59591,4.50441,1.58532,638.298,402.631,0.0,0.0,0.4932,0.311105,0.0,1,0.1085401234,0.25324319821045704,Train
YOBYAR_clean,9.69314,7.13433,9.69314,0.65232,2302.34,3529.46,0.0,0.0,0.7484,1.14729,0.0,1,0.4167459839,0.46847762149459193,Train
YOBYEV_clean,9.64125,7.09583,9.64125,0.653616,2314.51,3541.09,0.0,0.0,0.7532,1.15236,0.0,1,0.4137889505,0.477938264728028,Test
YOCCIE_clean,6.8059,5.18062,6.8059,1.41637,1048.63,740.368,38.6647,27.2985,0.5234,0.369537,0.0,1,1.1288342931,0.900182625308307,Train
YOCDUR_clean,9.69113,7.20147,9.69113,0.660405,2307.63,3494.27,0.0,0.0,0.7614,1.15293,0.0,1,0.4244859479,0.4134084717991646,Train
YOCLEJ_clean,13.16813,6.65727,13.16813,0.881908,2114.87,2398.07,0.0,0.0,0.7196,0.815958,0.0,1,0.6130869718,0.6122130077490183,Test
YOCLIN_clean,13.22354,6.67449,13.22354,0.8764,2113.41,2411.46,0.0,0.0,0.7206,0.822227,0.0,1,0.6131902995,0.6113526943669096,Test
YOCNAH_clean,6.22868,3.97762,6.13994,1.44635,836.354,578.253,0.0,0.0,0.4804,0.332147,0.0,1,0.8860726136,0.4625611653657904,Train
YOCSEQ_clean,5.29821,4.82783,5.29821,2.09158,1030.37,492.631,0.0,0.0,0.4588,0.219356,0.0,1,0.4071759489,0.3326036488652886,Train
YODRAM_clean,7.27536,4.86667,7.27536,0.966335,1538.49,1592.09,200.889,207.888,0.6076,0.628767,0.0,1,0.7799461340999999,0.8173203435000485,Train
YODWOF_clean,21.60336,14.63737,21.60336,0.354351,1695.85,4785.8,0.0,0.0,0.8718,2.46027,0.0,1,0.4224476318999999,0.4529806821468191,Train
YODWUL_clean,23.49364,11.53361,23.48524,0.424505,1906.84,4491.91,0.0,0.0,0.849,1.99997,0.0,1,0.4182067728,0.48114653596704454,Train
YOFGOR_clean,5.41632,4.78135,5.41632,1.32576,1175.0,886.282,0.0,0.0,0.499,0.376388,0.0,1,0.9665129232,0.8505648187255815,Train
YOFXEY_clean,5.28351,3.76449,3.92047,1.16809,406.535,348.035,406.008,347.584,0.5144,0.440378,0.0,0,0.5872242275999999,0.6168484053372573,Train
YOFXIC_clean,4.88114,3.85589,4.00843,1.17746,202.132,171.668,464.324,394.346,0.5094,0.432628,0.0,0,0.5753630906,0.6703070131687099,Test
YOGKOW_clean,10.82894,9.41793,10.82894,0.926286,1458.82,1574.92,0.0,0.0,0.651,0.702807,0.0,1,0.4418339926,0.37038599328648847,Train
YOGVEX_clean,4.10269,3.52572,4.10269,1.25337,612.446,488.638,0.0,0.0,0.5006,0.399402,0.0,0,0.5848306088,0.5777750049880871,Train
YOKKIU_clean,4.47915,3.70978,4.27429,1.38219,507.522,367.187,328.529,237.688,0.4744,0.343224,0.0,1,0.8654871870999999,0.9144752744805957,Train
YOLGUB_clean,7.59854,5.9029,7.59287,0.74526,2992.97,4016.0,0.0,0.0,0.791,1.06137,0.0,1,0.1344483849,0.21194252223174165,Train
YOMBAE_charged,6.37722,4.1401,6.36865,1.48117,1573.92,1062.62,0.0,0.0,0.5824,0.393204,0.0,0,0.2410937662,0.6937587936035443,Test
YOMZIL_clean,6.06999,4.11356,6.06999,1.23293,641.787,520.537,0.0,0.0,0.4508,0.365632,0.0,1,0.2028720576,0.33080561333638103,Train
YONNAR_clean,11.86103,5.70578,11.72639,0.691421,2206.3,3190.97,0.0,0.0,0.7668,1.10902,0.0,1,0.4456312807,0.5165886079823732,Train
YONNUL_clean,7.44579,3.94305,6.4772,1.00681,1672.8,1661.47,0.0,0.0,0.5814,0.577465,0.0,0,1.0214779378,0.9384713422443166,Train
YOPPAW_clean,4.43567,3.44353,4.43166,1.44767,531.139,366.891,0.0,0.0,0.4788,0.330738,0.0,1,0.18725187,0.38515431835338243,Train
YOQLAT_clean,5.09073,4.28382,5.09073,2.03523,909.798,447.024,0.0,0.0,0.4642,0.228082,0.0,1,0.3010054605,0.3350978845344376,Test
YORGOD_clean,8.38023,4.12707,8.38023,0.867162,1938.3,2235.22,0.0,0.0,0.6224,0.717744,0.0,0,0.6285272693,0.8378642881462375,Train
YORLEY_clean,14.11404,9.82464,14.11404,1.50654,1067.45,708.545,0.0,0.0,0.6006,0.398661,0.0,1,0.1846573468,0.15891168663870903,Test
YORNIE_clean,6.06957,5.53792,6.06957,0.892995,1622.17,1816.55,0.0,0.0,0.629,0.704371,0.0,1,0.3928770621,0.5767919026238688,Test
YOTXOW_clean,6.29142,5.79696,6.29077,1.36514,595.047,435.886,0.0,0.0,0.467,0.342088,0.0,1,0.3630458135,0.1956714703815029,Train
YOYBUL_clean,7.16525,4.74264,7.03966,0.861413,1929.99,2240.49,0.0,0.0,0.6146,0.713479,0.0,0,0.9277870623,0.8021289655566837,Train
YOYNUX_clean,6.53052,5.58315,6.53052,1.14575,936.289,817.183,0.0,0.0,0.503,0.439013,0.0,0,0.8734980934000001,0.6670526536489326,Train
YOYPAF_clean,6.55588,5.45199,6.55588,1.14259,922.719,807.568,0.0,0.0,0.4978,0.435677,0.0,0,0.9177197306,0.6224721701463855,Train
YOYPEJ_clean,6.69444,5.84937,6.69444,1.13629,975.718,858.686,0.0,0.0,0.5104,0.44918,0.0,0,0.8533574582,0.7085364738421562,Train
YOYPIN_clean,6.69706,5.82012,6.69706,1.12302,945.662,842.074,0.0,0.0,0.503,0.447901,0.0,0,0.8390332657999999,0.7287871313380259,Train
YOYPOT_clean,6.7589,5.79486,6.7589,1.1199,967.709,864.099,0.0,0.0,0.5112,0.456468,0.0,0,0.8763595366,0.7475065442567994,Train
YOYPUZ_clean,6.823,5.88003,6.823,1.1136,990.517,889.476,0.0,0.0,0.5056,0.454025,0.0,0,0.8554736624,0.6007878563171852,Test
YOYQAG_clean,6.86662,5.74381,6.86662,1.1179,982.695,879.053,0.0,0.0,0.5126,0.458537,0.0,0,0.8557973236,0.6199757329593731,Train
YOYQEK_clean,6.62212,5.08469,6.62212,1.12644,928.228,824.034,0.0,0.0,0.5154,0.457546,0.0,0,0.9189377849,0.7085924955159065,Train
YOYQIO_clean,6.67565,4.79784,6.64558,1.08038,1016.53,940.902,0.0,0.0,0.5102,0.47224,0.0,0,0.8817820773999999,0.670986803838105,Train
YOYQOU_clean,6.44081,4.04722,6.44081,1.09379,982.779,898.504,0.0,0.0,0.5092,0.465535,0.0,0,0.921661293,0.7375183867470112,Train
YOYQUA_clean,6.73531,5.14118,6.73531,1.08477,941.654,868.069,0.0,0.0,0.5218,0.481024,0.0,0,0.9091366017,0.7568973504740967,Train
YOYRAH_clean,7.09133,6.25516,7.09133,1.0672,1026.65,962.001,0.0,0.0,0.525,0.491941,0.0,0,0.7631086903000001,0.6029470739392039,Test
YOYREL_clean,7.29129,6.3252,7.29129,1.04682,1086.92,1038.31,0.0,0.0,0.5424,0.518142,0.0,0,0.7853454264,0.5834964418336769,Train
YOYRIP_clean,6.79198,5.2818,6.79198,1.07942,946.208,876.593,0.0,0.0,0.5242,0.485633,0.0,0,0.8989384205,0.7690299102235534,Train
YOYTOX_clean,5.00131,3.86562,5.00092,1.39238,1497.55,1075.53,0.0,0.0,0.5584,0.401039,0.0,1,0.4660320632999999,0.5548946374703103,Train
YOYTUD_clean,4.80402,3.83038,4.80248,1.49755,1398.05,933.559,0.0,0.0,0.5346,0.356983,0.0,1,0.5360208035,0.4989758165132799,Train
YOYVAL_clean,5.10696,4.09246,5.10696,1.36597,1540.95,1128.11,0.0,0.0,0.565,0.413627,0.0,1,0.4804774944,0.596225513683744,Train
YOYVEP01_clean,4.85942,3.67908,4.85942,1.85926,1388.03,746.548,0.0,0.0,0.5542,0.298075,0.0,1,0.3286297586,0.3311917163303456,Train
YOYVOZ01_clean,4.93942,3.90462,4.93942,1.84087,1437.78,781.033,0.0,0.0,0.5596,0.303986,0.0,1,0.3816568207,0.3720159101511955,Train
YOYVOZ_clean,4.67642,3.71608,4.67441,1.95188,1324.79,678.726,0.0,0.0,0.5406,0.276964,0.0,1,0.3753350782,0.2922930579075054,Train
YOYWEQ01_clean,4.53154,3.47646,4.53046,2.03962,960.704,471.022,1.31722,0.645816,0.5242,0.257009,0.0,1,0.3336745163,0.3038018005548097,Test
YOYWEQ_clean,4.77875,3.62914,4.77812,1.88548,1186.63,629.349,4.49602,2.38455,0.5478,0.290536,0.0,1,0.3067466639,0.23713981668361916,Train
YOYZET_clean,6.17589,4.55995,6.17589,1.24493,1035.54,831.808,0.0,0.0,0.5128,0.411912,0.0,0,0.2492516221,0.5766115221300814,Test
YOZBOF_SL,7.83476,4.57838,7.67886,1.07865,1348.62,1250.29,0.0,0.0,0.5716,0.529923,0.0,0,0.4818799857,0.5693582754365013,Train
YOZCAS_manual,8.46123,4.31249,7.59373,1.29132,1274.82,987.221,0.0,0.0,0.5562,0.430722,0.0,0,0.3710192092,0.5193531950108655,Train
YOZJEE01_clean,4.99022,3.91645,4.98963,1.38859,1498.87,1079.42,0.0,0.0,0.5588,0.402423,0.0,1,0.4718180064,0.5613495253672541,Train
YOZJEE_clean,4.63204,3.60208,4.62987,1.53122,1162.82,759.411,4.86491,3.17715,0.5256,0.343256,0.0,1,0.4553593494,0.4260990495800303,Test
YOZKOP_clean,5.21744,4.85597,5.21744,1.23316,795.516,645.106,0.0,0.0,0.5018,0.406924,0.0,1,0.391960419,0.4207947608402508,Train
YOZNAE_clean,13.27907,6.70029,13.26706,0.882932,2074.79,2349.88,0.0,0.0,0.7122,0.80663,0.0,1,0.6018061736,0.6134547188349894,Test
YOZQAG_charged,13.27914,8.89146,13.27914,0.6982,1942.39,2781.99,0.0,0.0,0.7516,1.07648,0.0,1,0.3126058599,0.47242869228104073,Train
YOZQEK_clean,13.97996,12.00951,13.48133,0.61183,1737.5,2839.84,0.0,0.0,0.7918,1.29415,0.0,1,0.2780967764,0.35884396636184934,Train
YOZYOD_clean,6.08705,4.94831,6.08705,1.19906,1535.33,1280.44,0.0,0.0,0.57,0.475373,0.0,1,0.6655845744,0.6866566372379751,Train
YOZYUJ_clean,8.32775,7.35004,8.32775,1.04928,1799.21,1714.71,0.0,0.0,0.648,0.617564,0.0,1,0.6126622687,0.39328223797901485,Test
YUBFOR_clean,8.69265,4.94745,8.69265,1.19814,1446.3,1207.12,0.0,0.0,0.612,0.510792,0.0,1,0.3060997098,0.3571376549849331,Train
YUBGIN_clean,5.8422,3.48658,5.82075,1.92767,1406.23,729.498,0.0,0.0,0.58,0.300882,0.0,1,0.3169010498,0.3701552718217289,Test
YUBQET_clean,5.81942,4.13008,5.81921,1.08758,1193.63,1097.51,0.0,0.0,0.5256,0.483275,0.0,0,0.9383846337,0.8939469653976819,Test
YUCZOM_clean,4.78325,3.91982,4.78325,1.01421,1563.82,1541.91,0.0,0.0,0.5504,0.54269,0.0,1,0.5116418839,0.6682264021528624,Train
YUDFEK_clean,6.78829,4.53676,6.76727,1.15506,1800.97,1559.2,0.0,0.0,0.6172,0.534345,0.0,1,0.5160792136,0.5189050998068243,Train
YUDFIO_clean,7.42167,6.24399,7.42167,1.08555,1886.91,1738.2,0.0,0.0,0.6204,0.571506,0.0,1,0.2634281212,0.4978420719212975,Train
YUDFOU_clean,7.64047,6.34458,7.63187,1.05425,1899.74,1801.98,0.0,0.0,0.6516,0.618068,0.0,1,0.2513118998,0.5028675255397623,Test
YUFLIW_clean,6.09359,4.9062,6.08114,0.831336,2354.2,2831.83,0.0,0.0,0.6718,0.808097,0.0,1,0.7331914373,0.7011559592144305,Train
YUFLOC_clean,6.07463,4.45798,5.9729,0.984585,2401.71,2439.31,0.0,0.0,0.6528,0.663021,0.0,1,0.4591011835,0.6054457223861348,Train
YUGLES_clean,10.89993,6.77637,10.89993,0.718001,2324.4,3237.32,0.0,0.0,0.7434,1.03537,0.0,1,0.4747912347999999,0.5609338177278418,Train
YUGZIK_clean,11.91055,8.94015,11.87908,0.448758,2210.67,4926.21,0.0,0.0,0.8084,1.80142,0.0,1,0.4442789190999999,0.3877152446779751,Train
YUHHIU_clean,6.82796,5.69487,6.82796,0.81756,1884.13,2304.57,0.0,0.0,0.672,0.821958,0.0,1,0.4919547781,0.5050108459175352,Train
YUJCOX_clean,5.98412,4.49111,5.97667,1.61045,1537.35,954.605,0.0,0.0,0.5426,0.336924,0.0,1,0.7436281697,0.5579234509799709,Train
YUJNOH_clean,5.27714,3.46452,5.27652,1.77541,392.456,221.051,0.0,0.0,0.4746,0.267319,0.0,1,0.315596587,0.20411808677000431,Test
YUKCAJ_clean,4.62174,3.64026,4.62174,1.16054,790.171,680.867,0.0,0.0,0.4744,0.408776,0.0,0,0.5650408429,0.6896957196495579,Train
YUKKAR_clean,5.85992,4.34741,5.85992,1.1473,1614.58,1407.28,0.0,0.0,0.5232,0.456026,0.0,0,0.677681456,0.8411766936274743,Train
YULNOK_clean,4.29835,3.4152,4.29262,1.35163,393.739,291.306,2.25484,1.66823,0.4592,0.339737,0.0,1,0.3415228086,0.3158117451832722,Train
YUMFUJ_clean,5.62483,3.84836,5.59785,1.06417,2334.41,2193.65,0.0,0.0,0.607,0.5704,0.0,1,0.6672265763,0.7704715219303893,Train
YUMJAS_clean,6.24531,4.99676,6.24531,2.01823,1798.6,891.176,0.0,0.0,0.5646,0.27975,0.0,1,0.1401032804,0.35511782848248447,Test
YUMKAU_clean,9.79433,6.58571,9.76919,1.05716,1773.48,1677.58,0.0,0.0,0.674,0.637556,0.0,1,0.3300144109,0.3328283844506427,Test
YUMYUC_clean,6.81125,6.65142,6.81125,1.26369,1689.58,1337.02,0.0,0.0,0.6178,0.488886,0.0,1,0.2110303094,0.5405302866536443,Test
YUNJUO_clean,4.39479,3.63152,4.30622,1.20023,327.056,272.493,228.818,190.645,0.4452,0.370927,0.0,0,1.077884057,0.9474108300761528,Train
YUNKAV_clean,4.51501,3.79299,4.16091,1.19194,612.464,513.84,0.0,0.0,0.4502,0.377705,0.0,0,1.0362334838,0.9696100232873595,Train
YUNKIC_charged,5.44503,3.98756,5.43218,1.47604,602.64,408.281,115.307,78.119,0.505,0.342131,0.0,1,0.4990011884,0.3977230037365964,Train
YUNXAI_clean,9.13708,7.11095,9.13708,0.82221,2053.25,2497.23,0.0,0.0,0.684,0.831905,0.0,0,0.5878405534000001,0.5258091414562107,Train
YUPSIM_clean,5.52019,4.61021,5.51376,1.65801,687.926,414.911,0.0,0.0,0.4506,0.271772,0.0,0,0.1068400918,0.36943441835352786,Test
YURJUR_clean,13.69253,8.47609,13.69253,0.683521,2000.04,2926.08,0.0,0.0,0.7552,1.10487,0.0,0,0.3492823067,0.4583619301242636,Test
YURKAY_clean,8.234,7.52617,8.234,0.858047,2501.02,2914.78,0.0,0.0,0.7128,0.830724,0.0,1,0.4742743805,0.5203567573367583,Train
YURKEC_clean,7.90101,7.08763,7.8976,1.07399,1764.62,1643.06,0.0,0.0,0.6344,0.590696,0.0,1,0.5066765175,0.44801893103908247,Train
YURKIG_clean,6.91612,5.83867,6.83043,1.00356,2150.65,2143.01,0.0,0.0,0.6578,0.655465,0.0,1,0.5508062783,0.607827133980293,Train
YUSGID_clean,4.4966,3.71515,4.45873,1.44519,752.59,520.755,0.0,0.0,0.4252,0.294217,0.0,0,0.3910254619,1.1075015032999043,Test
YUSGOJ_SL,4.42187,3.56624,4.4192,1.435,723.425,504.128,0.0,0.0,0.4304,0.29993,0.0,1,0.3016983638,0.6075623223494362,Train
YUSWEP_manual,37.3405,13.00592,37.31547,0.403891,1712.88,4240.94,0.0,0.0,0.8324,2.06095,0.0,1,0.4548833063,0.4554478281753826,Train
YUSWEQ_clean,5.40391,4.45966,5.39413,1.61347,1720.16,1066.13,0.0,0.0,0.5494,0.340509,0.0,1,0.5150023752,0.41941119622154543,Test
YUSWIU_clean,5.63795,4.77812,5.63069,1.59088,1761.52,1107.26,0.0,0.0,0.5624,0.353516,0.0,0,0.5260845352,0.8627312996010852,Test
YUTDUO_clean,7.90649,6.23902,7.90649,1.39467,1474.83,1057.48,0.0,0.0,0.5612,0.40239,0.0,1,2.0906363037,0.31833392075341327,Test
YUTGEZ_clean,5.82433,3.93601,5.82433,1.29826,1025.59,789.97,0.0,0.0,0.5686,0.437971,0.0,0,0.1497035277999999,0.433546334038297,Train
YUXLEJ_clean,10.83121,6.54663,10.83121,0.97354,1928.71,1981.13,0.0,0.0,0.6686,0.686772,0.0,1,0.3004388392,0.5131238520150455,Train
YUXLIN_clean,11.21237,6.77529,11.21199,0.978835,1903.75,1944.91,0.0,0.0,0.6474,0.661399,0.0,1,0.2695822035,0.5674498092380611,Train
YUXQIS_clean,17.65359,14.41981,17.65359,0.688928,1805.53,2620.78,0.0,0.0,0.7418,1.07675,0.0,0,0.4147922949,0.46896397684600327,Train
YUXQOY_clean,7.81236,5.76726,7.81236,0.879883,2108.57,2396.42,0.0,0.0,0.6624,0.752827,0.0,0,0.4418860132,0.8221462484872682,Test
YUYBIF_clean,5.00131,4.56878,4.98439,1.44177,873.775,606.043,0.0,0.0,0.501,0.347489,0.0,0,0.6074957532999999,0.6131219073433548,Train
YUYGOQ_clean,5.37118,4.47094,5.33272,1.34967,1149.04,851.347,10.6722,7.90727,0.5126,0.379797,0.0,1,0.5649513347,0.597636904067157,Train
YUYLIP_clean,5.22265,4.3746,5.21018,1.35436,1100.13,812.287,11.7356,8.66502,0.5156,0.380696,0.0,1,0.5345762038,0.5750168579916008,Train
YUYLOV_clean,5.28891,4.25116,5.28891,1.21408,1053.59,867.808,5.10787,4.20721,0.5256,0.432922,0.0,1,0.4951744704,0.656388279205106,Train
YUZCON_clean,12.85482,8.91717,12.83553,1.23622,1841.47,1489.6,0.0,0.0,0.7372,0.596334,0.0,1,0.1028243857,0.16544146054914555,Train
YUZPEQ_clean,21.49816,9.22584,18.34054,0.4666,2093.84,4487.44,0.0,0.0,0.8266,1.77154,0.0,1,0.5311099171,0.4743160865135633,Train
YUZPIU_clean,24.28264,10.2733,24.27637,0.405541,1930.72,4760.85,0.0,0.0,0.8426,2.07772,0.0,1,0.554397815,0.47649287304825566,Train
YUZPOA_clean,20.08724,6.66271,20.08724,0.597835,2261.64,3783.05,0.0,0.0,0.7894,1.32043,0.0,1,0.5842195415,0.5171795824966839,Train
YUZRAO_clean,7.04018,5.00118,6.73681,1.11887,1297.93,1160.04,0.0,0.0,0.528,0.471906,0.0,1,0.5052895186,0.6223192001827409,Test
YUZRES_clean,7.11877,4.99085,7.01426,1.11442,1299.63,1166.19,0.0,0.0,0.527,0.472891,0.0,1,0.5016577726,0.5941873020386262,Train
YUZXAT_clean,5.15837,3.71285,5.1262,1.26263,639.82,506.735,0.0,0.0,0.4692,0.371605,0.0,1,0.7119764212999999,0.5825260266203629,Test
ZABQIC_ion_b,12.00373,11.11993,12.00373,0.767386,1559.55,2032.28,0.0,0.0,0.672,0.8757,0.0,1,0.2509535342,0.36058707415075325,Train
ZACHIX_clean,13.14331,6.50331,13.13039,0.890304,2133.37,2396.22,0.0,0.0,0.7114,0.799053,0.0,1,0.6109881286,0.6216569904944762,Train
ZAFXAI_clean,8.16636,3.63608,8.16636,1.40372,1642.88,1170.38,0.0,0.0,0.568,0.40464,0.00156727,0,0.3397697251,1.5094145387457205,Test
ZAGHAT_clean,4.51112,4.19176,4.51112,1.1607,908.617,782.819,0.0,0.0,0.5106,0.439908,0.0,1,0.7116534039,0.7404354942449363,Train
ZAHLEC_clean,10.74057,8.40432,8.92854,0.504189,2700.75,5356.61,0.0,0.0,0.8076,1.60178,0.0,1,0.3965866011,0.34714728843148435,Train
ZALDUO_clean,4.61661,3.56851,4.61661,1.92477,1210.48,628.894,0.0,0.0,0.514,0.267045,0.0,1,0.1465986989,0.2383148681135176,Train
ZALGEB_clean,6.62075,4.56528,6.62075,1.81667,1374.98,756.865,0.0,0.0,0.5514,0.303522,0.0,1,0.0618885983,0.3059123119596424,Train
ZALREM_clean,5.87604,3.78386,5.86921,1.04183,1802.16,1729.8,0.0,0.0,0.622,0.597029,0.0,0,0.9525682334,0.9538053839887424,Train
ZAQWEW_clean,6.95842,6.13717,6.94512,1.39957,1222.41,873.413,0.0,0.0,0.5188,0.370684,0.0,1,0.2323572503,0.5870299729467748,Test
ZAQZOG_clean,5.77457,3.67413,5.75944,1.64692,1133.89,688.489,59.8527,36.3421,0.521,0.316347,0.0,1,0.4732778846,0.5020480808083331,Train
ZARLEL_clean,14.43115,13.28451,14.43115,0.493906,1518.29,3074.04,0.0,0.0,0.7906,1.60071,0.0,1,0.2748539798,0.3477115309951446,Train
ZARLIP_clean,9.09773,7.66595,9.09773,0.805646,1902.98,2362.06,0.0,0.0,0.6786,0.842305,0.0,1,0.4316945272,0.43609056335972174,Test
ZARLUB_charged,9.74532,6.34877,9.74532,0.957875,1926.91,2011.65,0.0,0.0,0.64,0.668145,0.0,1,0.6536010292000001,0.6048225873745383,Train
ZARMAI_charged,10.69503,7.05231,10.69503,0.975433,1644.41,1685.83,0.0,0.0,0.6456,0.66186,0.0,1,0.5691442481,0.49502696309502614,Train
ZARPUF_clean,7.04716,6.45776,7.04716,1.849,1998.18,1080.68,0.0,0.0,0.6766,0.365927,0.0,1,0.1639636224,0.08676740887606599,Train
ZARQAM_clean,7.63314,6.94265,7.63314,2.76479,1309.37,473.587,0.0,0.0,0.5168,0.186922,0.0,1,0.0769930915,0.03743128186325062,Test
ZARTAP03_clean,4.16883,3.64959,4.16883,1.16973,666.603,569.875,0.0,0.0,0.5526,0.472415,0.0,0,0.3168684817,0.3327901402531794,Train
ZARVIZ_clean,8.08211,6.49977,8.07086,1.60695,1752.25,1090.42,2.37844,1.4801,0.6066,0.377486,0.0,1,0.1500326034,0.2200838386342383,Train
ZARZAV_clean,5.22384,3.95101,5.21614,1.32405,863.286,652.003,0.0,0.0,0.4802,0.362674,0.0,1,0.9633126532,0.6296173495795876,Train
ZASJAG_clean,8.3258,8.06587,8.3258,1.20593,1261.26,1045.89,0.0,0.0,0.5316,0.440823,0.0,0,0.2685440805,0.46158791482032063,Train
ZAVPET_clean,5.39742,4.45708,5.33979,1.26627,1762.86,1392.17,0.0,0.0,0.5648,0.446036,0.0,1,0.502385919,0.6522605663202585,Train
ZAVPIX_clean,5.34624,4.4404,5.30939,1.2826,1715.57,1337.57,0.0,0.0,0.5728,0.446594,0.0,1,0.5233908442,0.6480113547306164,Train
ZAVPOD_clean,5.37051,4.47073,5.34338,1.28123,1720.75,1343.05,0.0,0.0,0.573,0.447228,0.0,1,0.5115071133,0.6348982260875817,Test
ZAVPUJ_clean,5.35189,4.46399,5.34326,1.29856,1713.78,1319.75,0.0,0.0,0.5712,0.439871,0.0,1,0.5122355311,0.6020422838825924,Train
ZAVQAQ_clean,5.33865,4.48097,5.3256,1.32498,1680.96,1268.67,0.0,0.0,0.569,0.42944,0.0,1,0.5227990528,0.580055917982511,Train
ZAVQEU_clean,5.32077,4.48233,5.32077,1.33464,1678.44,1257.6,0.0,0.0,0.5746,0.430529,0.0,1,0.5240176965,0.5928450051609429,Train
ZAVQIY_clean,5.30607,4.48289,5.30386,1.35411,1643.73,1213.88,0.0,0.0,0.5664,0.418282,0.0,1,0.5260148967,0.5785379974342661,Train
ZAVQOE_clean,5.3264,4.54894,5.3264,1.35472,1669.82,1232.6,0.0,0.0,0.5738,0.423556,0.0,1,0.5154345034000001,0.5819284051815419,Train
ZAVQUK_clean,5.30653,4.52403,5.29517,1.36913,1649.04,1204.45,0.0,0.0,0.5562,0.406243,0.0,1,0.5139512093,0.5516035628446424,Train
ZAVRAR_clean,5.32227,4.57646,5.32227,1.37671,1661.66,1206.98,0.0,0.0,0.5744,0.417225,0.0,1,0.5106800338,0.5427216838259096,Train
ZAVREV_clean,5.30179,4.55872,5.30179,1.39948,1649.43,1178.6,0.0,0.0,0.5718,0.40858,0.0,1,0.5272882821,0.5221113328463143,Test
ZAVRIZ_clean,5.32783,4.62627,5.32783,1.39297,1655.8,1188.68,0.0,0.0,0.5686,0.408192,0.0,1,0.5107279025,0.5549386042101027,Train
ZAXQOG_clean,5.67387,3.7719,5.66477,1.01421,1385.47,1366.06,80.4067,79.2805,0.6032,0.594751,0.0,1,1.1672137374,1.0596499801307533,Train
ZAXQUM_charged,5.3015,3.54171,4.69168,1.40949,721.003,511.535,0.0,0.0,0.4634,0.328771,0.0,1,0.4946862672,0.5937324766493451,Train
ZAYJOA_charged,4.04003,3.489,4.02141,3.84905,202.678,52.6567,0.0417027,0.0108345,0.3916,0.101739,0.0,0,0.0079192512,0.0615467910694768,Train
ZAZBUZ_clean,6.78822,5.70042,6.78792,1.17074,1452.69,1240.82,0.0,0.0,0.588,0.502245,0.0,1,0.622183991,0.6016718648203555,Train
ZEBMAW_clean,7.10606,3.80774,7.0844,1.02768,1719.77,1673.45,0.0,0.0,0.5972,0.581114,0.0,1,0.5898900017,0.7056324304620235,Train
ZECKID_clean,10.33934,8.28295,10.32915,0.62663,2205.37,3519.42,0.0,0.0,0.7756,1.23773,0.0,1,0.2697196372,0.3705145514183942,Train
ZECKOJ_clean,10.01013,7.75871,10.01013,0.671545,2228.83,3318.96,0.0,0.0,0.7738,1.15227,0.0,1,0.2802428628,0.36093042803566366,Train
ZEDLOL_clean,4.6264,3.66432,4.6264,1.37262,652.64,475.472,0.0,0.0,0.459,0.334398,0.0,0,0.5446393053999999,0.6550000712259658,Test
ZEDQEG_clean,5.11458,4.23281,5.10868,1.21651,1349.89,1109.64,0.0,0.0,0.5426,0.446031,0.0,1,0.4650071575,0.7821298570793951,Train
ZEDROR_clean,5.08255,3.56751,5.06998,1.24486,1045.2,839.611,0.0,0.0,0.4974,0.399562,0.0,1,0.8519392918,0.9892812125544367,Train
ZEDVOV_charged,5.91854,3.45718,5.91854,1.24349,557.924,448.674,35.0611,28.1957,0.4732,0.380541,0.0,0,0.278276155,0.32280725925234943,Train
ZEDVUB_charged,5.3293,4.32637,5.19907,1.33144,777.591,584.023,24.9908,18.7698,0.4496,0.33768,0.0,0,0.294280802,0.5571625191782925,Train
ZEDWAI_charged,5.28683,4.41255,5.2637,1.35718,819.018,603.469,0.0,0.0,0.4502,0.331717,0.0,0,0.3010356687,0.6696411939636651,Test
ZEDZAL01_clean,5.65082,4.55391,5.6492,1.03183,1744.09,1690.29,0.0,0.0,0.599,0.580521,0.0,0,0.9682888276,0.8392996830645323,Train
ZEDZAL_clean,5.65964,4.57272,5.65578,1.03183,1734.09,1680.59,0.0,0.0,0.6058,0.587111,0.0,0,0.9495435905,0.8331432042666105,Train
ZEKRIS_clean,5.6482,4.818,5.6482,1.03468,1377.31,1331.15,0.0,0.0,0.5112,0.494067,0.0,1,1.164007211,1.0702583427253,Train
ZELQAK_clean,8.24038,5.23853,8.14946,0.765451,2630.89,3437.05,0.0,0.0,0.7374,0.963354,0.0,1,0.589578948,0.4748818553417742,Test
ZELROZ_manual,16.90888,11.06843,16.90888,0.361932,1789.5,4944.29,0.0,0.0,0.8714,2.40763,0.0,0,0.3652736919,0.39068804750446556,Train
ZERQOE_clean,4.4965,4.02903,4.49472,1.56535,409.981,261.909,0.0,0.0,0.3512,0.224358,0.0,0,1.0037420855,0.9581495201710313,Train
ZETLER_clean,7.4185,6.73421,7.4185,1.13583,1090.42,960.022,0.0,0.0,0.5128,0.451477,0.0,1,0.5014938028,0.41212746236950937,Test
ZEVXAB_clean,8.31732,6.45797,8.30908,0.729711,1924.84,2637.82,0.0,0.0,0.6412,0.878704,0.0,0,0.4892923022,0.5558325283127541,Test
ZEXKUK_clean,5.43641,4.11889,5.43641,1.10203,1510.94,1371.05,0.0,0.0,0.521,0.472764,0.0,0,0.7041667604,0.90964384442269,Train
ZEZFIV_clean,10.69025,9.42287,10.68854,0.594994,2005.75,3371.05,0.0,0.0,0.743,1.24875,0.0,1,0.3813727481,0.46159197778418115,Train
ZEZPAX_clean,4.88259,3.42627,4.87229,1.37031,946.317,690.584,0.0,0.0,0.58,0.423261,0.0,1,0.5089965357,0.513223395164615,Train
ZEZPUR_clean,6.86808,4.73515,6.86808,1.25879,1604.0,1274.24,0.0,0.0,0.5842,0.464096,0.0,1,0.5083886055,0.5488026857118837,Train
ZEZQAY_clean,6.85728,4.76238,6.85728,1.25559,1624.77,1294.03,0.0,0.0,0.5694,0.453492,0.0,1,0.5212301326,0.5511557479615744,Train
ZEZQEC_clean,6.82109,4.77027,6.82109,1.2492,1610.37,1289.12,0.0,0.0,0.5834,0.467017,0.0,1,0.5182451351,0.5374497524985394,Test
ZEZQIG_clean,6.88408,4.79829,6.69844,1.21505,1604.06,1320.16,0.0,0.0,0.5894,0.485082,0.0,1,0.4961387775,0.6084937398410887,Test
ZICCIZ_clean,17.08225,7.88152,11.63664,0.729494,2109.82,2892.17,0.0,0.0,0.7876,1.07965,0.0,1,0.3186404099,0.3724368993299031,Train
ZIDBEV_clean,9.63216,5.48309,9.63216,0.807059,2178.07,2698.78,0.0,0.0,0.7352,0.910962,0.0,1,0.1902124084,0.41439870826922165,Train
ZIDNEH_clean,8.84838,5.55883,8.83355,0.885692,1904.92,2150.77,0.0,0.0,0.6292,0.710405,0.0,1,0.8381997904,0.6366013242338026,Test
ZIDVAL_clean,5.32891,3.57912,5.32891,1.33917,571.442,426.715,0.0,0.0,0.4296,0.320796,0.0,1,0.7774579762999999,0.5403059849543158,Test
ZIGFIG_clean,11.59694,6.57481,10.91215,0.866393,2057.4,2374.67,0.0,0.0,0.6856,0.791327,0.0,1,0.694153806,0.5979603913213092,Test
ZIHFUR01_clean,5.31623,4.89277,5.31045,1.17914,978.608,829.937,0.0,0.0,0.4918,0.417085,0.0,0,0.3108339989999999,0.49426021414025223,Train
ZIHFUR_clean,5.26061,4.96221,5.22095,1.17428,998.963,850.705,0.0,0.0,0.5002,0.425964,0.0,0,0.2977627948999999,0.5244659249089563,Train
ZIHTEP_clean,4.34589,3.49261,4.31959,1.10997,397.98,358.549,0.0,0.0,0.4276,0.385235,0.0,1,0.1849924654,0.27539628706865077,Train
ZIJSAO_clean,20.32962,7.50871,20.32962,0.465536,2204.15,4734.65,0.0,0.0,0.8128,1.74594,0.0,1,0.4491016243999999,0.4510150869678118,Train
ZIJVOF01_clean,5.27877,3.42429,5.23095,1.22527,1101.04,898.609,0.0,0.0,0.5618,0.458512,0.0,1,0.7774136183,0.7432635454060081,Test
ZIKJIO_clean,7.07783,5.58584,7.07783,0.782965,2562.61,3272.96,0.0,0.0,0.6992,0.893015,0.0,1,0.6046038656,0.6327147909416339,Train
ZIKJOU_clean,5.81598,3.9573,5.81598,0.969805,2178.44,2246.27,0.0,0.0,0.6456,0.665701,0.0,1,0.8596047440000001,0.7857322317870353,Train
ZILBAZ_clean,4.9863,4.28704,4.9863,0.999721,1029.25,1029.53,0.0,0.0,0.551,0.551154,0.0,1,0.4700570054999999,0.7756220230782223,Test
ZILBED_clean,4.97187,3.8062,4.93999,0.952981,1353.58,1420.37,0.0,0.0,0.5664,0.594346,0.0,1,0.5887524847,0.869002601599952,Test
ZILBIH_clean,9.14666,5.88445,8.01264,0.927388,1498.69,1616.04,0.0,0.0,0.5906,0.636843,0.0,0,0.7034669439,0.6822350352163556,Train
ZILFOR_manual,9.30653,7.96955,8.40209,0.639421,2480.2,3878.82,0.0,0.0,0.7576,1.18482,0.0,1,0.5184393070000001,0.4298396329912628,Test
ZIMLAK_clean,8.81434,4.17837,8.81158,1.15604,2223.72,1923.56,0.0,0.0,0.7056,0.610357,0.0,1,0.2130075753,0.1850810670934609,Train
ZIMLEO_clean,8.8325,4.17886,8.8325,1.13678,2223.09,1955.6,0.0,0.0,0.7064,0.621405,0.0,1,0.2123427228,0.17445278509649453,Train
ZIMLIS_clean,8.92267,4.20987,8.92267,1.114,2237.68,2008.69,0.0,0.0,0.7006,0.628903,0.0,1,0.2133154397,0.20321233902537794,Train
ZIMTAS_clean,15.44798,6.02893,15.44798,0.579498,2082.03,3592.82,0.0,0.0,0.7752,1.33771,0.0,1,0.4251576265,0.5499189690614246,Train
ZINDAD_clean,16.39277,6.7436,16.39277,0.781296,1939.71,2482.68,0.0538053,0.0688667,0.7302,0.934601,0.0,1,0.5969104204,0.49825979333757264,Train
ZIQJEQ_clean,9.10665,6.72913,9.10665,0.629598,2298.43,3650.63,0.0,0.0,0.736,1.169,0.0,1,0.3442972653,0.46095455816830355,Test
ZISFEO01_clean,4.76853,3.96927,4.66022,1.28743,834.269,648.011,0.0,0.0,0.4838,0.375787,0.0,1,0.9657318243,0.8732170091131373,Train
ZISFEO_clean,4.87799,4.0904,4.87799,1.19653,987.013,824.893,0.0,0.0,0.5152,0.430577,0.0,1,0.7280049019,0.8148930248935645,Train
ZISYAD_clean,5.9099,4.91539,5.73695,1.28892,1160.38,900.27,0.0,0.0,0.5204,0.403748,0.0,0,0.8515865542000001,0.7287908109730694,Train
ZITRUP_clean,6.53672,5.01398,6.53672,0.717884,2623.55,3654.57,0.0,0.0,0.7268,1.01242,0.0,0,0.3330411621,0.4950507792332094,Test
ZIWLUO_clean,7.47107,4.53903,7.43631,1.09467,1585.65,1448.51,0.0,0.0,0.5836,0.533128,0.0,1,0.6584631385,0.5388977203769767,Train
ZOFZIF_clean,8.07986,5.82761,8.06722,0.702361,2633.85,3750.0,0.0,0.0,0.7174,1.02141,0.0,1,0.4738086004999999,0.5231196295804312,Train
ZOFZOL_clean,9.41161,6.60227,9.39434,0.678974,2530.56,3727.03,0.0,0.0,0.7552,1.11227,0.0,1,0.5078121879999999,0.5131619280411903,Train
ZOFZUR_clean,12.72726,10.75924,12.72726,0.565447,2337.99,4134.76,0.0,0.0,0.7702,1.36211,0.0,1,0.5319679808,0.5041916912188834,Train
ZOHFUZ_clean,11.92122,6.68196,11.92122,0.814891,2190.64,2688.27,0.0,0.0,0.7046,0.864656,0.0,1,0.7582790039,0.6892000323760313,Train
ZOMNEW_clean,6.0596,4.54083,6.0596,1.15823,1419.36,1225.46,0.0,0.0,0.5808,0.501457,0.0,1,0.5861471177,0.7364177299302129,Train
ZOMNIA_clean,6.19749,4.62522,6.12809,1.13009,1429.96,1265.35,0.0,0.0,0.5774,0.510931,0.0,1,0.5338484183,0.6857486350156903,Test
ZOMNUM_clean,6.06034,4.51773,6.06034,1.06034,1392.7,1313.45,0.0,0.0,0.5604,0.52851,0.0,1,0.6422156696,0.6921097027607521,Train
ZOTKAW_clean,4.77881,3.75238,4.76637,1.43383,643.033,448.471,0.0,0.0,0.4312,0.300732,0.0,1,0.2589651102,0.4521058657643153,Train
ZOXFEZ_clean,6.93984,4.03954,6.93984,0.864343,2031.03,2349.79,0.0,0.0,0.6366,0.736513,0.0,0,0.963115922,0.809317280063854,Train
ZOXGOK_clean,6.81689,4.16129,6.80143,1.34232,1279.03,952.844,0.0,0.0,0.53,0.394837,0.0,1,0.2617272113,0.44616158798729283,Train
ZOXNEH_clean,5.49902,3.71803,5.37867,1.30831,1870.03,1429.35,0.0,0.0,0.6444,0.492544,0.0,1,1.0866053324,0.6990863830194762,Train
ZOZCIC_clean,4.77783,3.48746,4.76506,1.70684,334.136,195.762,173.298,101.532,0.4902,0.287197,0.0,1,0.386126607,0.44525297796365176,Train
ZOZHON_clean,7.30118,5.11086,5.92942,1.04457,1885.43,1804.99,0.0160738,0.015388,0.6212,0.594697,0.0,0,0.7026738122,0.7796588789576548,Train
ZOZKAC_clean,4.08199,3.46421,4.07007,1.50938,399.978,264.995,0.0,0.0,0.4188,0.277465,0.0,1,0.7478403061,0.5693329227106357,Train
ZOZKEG_clean,7.97254,6.83417,7.97254,1.12239,1128.68,1005.6,75.4829,67.2521,0.5514,0.491274,0.0,1,0.6479010090999999,0.60245061553974,Train
ZOZPUB_clean,7.7256,6.01065,7.70911,1.03826,1572.11,1514.17,0.0,0.0,0.597,0.574999,0.0,1,0.2618740246,0.5708233521286787,Test
ZUBFIN_clean,7.69352,3.71325,7.67785,1.11238,1215.17,1092.41,0.0,0.0,0.5518,0.496052,0.0,1,0.9297738117,0.6420876948475056,Train
ZUDQUM_clean,5.81277,5.4291,5.81277,1.09047,1603.64,1470.59,0.0,0.0,0.5888,0.539951,0.0,0,0.6653141085000001,0.7663391998148217,Train
ZUDRAT_clean,6.48565,4.23405,6.48051,1.20859,1651.45,1366.43,0.0,0.0,0.5628,0.465668,0.0,1,0.5659411015,0.6517479761879685,Test
ZUDXAZ_clean,4.0542,3.70372,4.05121,1.83709,560.464,305.082,53.3835,29.0587,0.4362,0.237441,0.0,1,0.5138064752,0.55051844220734,Train
ZUGDEM_clean,9.67095,5.98717,9.67095,0.85339,2198.39,2576.07,0.0,0.0,0.6996,0.819789,0.0,1,0.509054519,0.5803402336351614,Test
ZUKNAW_clean,11.21967,10.68501,10.9966,0.962771,2472.04,2567.63,0.0,0.0,0.7894,0.819925,0.0,1,0.1233757451,0.16036056153835887,Train
ZUNZIT_clean,5.02966,4.18682,5.02966,1.54704,1064.88,688.333,0.0,0.0,0.4702,0.303935,0.0,1,0.6828980898,0.6092278311050304,Train
ZUPBET_clean,5.03517,4.18078,5.03517,1.52077,1109.78,729.746,0.0,0.0,0.4686,0.308133,0.0,1,0.690634293,0.6841644578575193,Test
ZUQMAB_clean,6.12654,3.97231,6.12654,1.08189,1594.49,1473.8,0.0,0.0,0.5652,0.522421,0.0,0,0.6219786063,0.8226012715959699,Test
ZURQOS_clean,4.62363,3.68876,4.61478,1.30618,1284.42,983.341,0.0,0.0,0.526,0.402701,0.0,1,0.5772213504,0.7390560716830681,Train
ZURROT_clean,4.90807,3.92111,4.90807,1.07774,1554.64,1442.5,0.0,0.0,0.611,0.566926,0.0,1,0.3689203863,0.8008594068099935,Test
ZUSBIA_clean,4.68848,3.56399,4.68848,1.21981,1104.24,905.252,0.0,0.0,0.5638,0.462202,0.0,1,0.8796389577,0.744991168899129,Test
ZUSBOG_clean,4.86162,3.45547,4.8534,1.16782,1166.3,998.701,0.0,0.0,0.5894,0.504701,0.0,1,1.0392421116,0.6825525056320637,Test
ZUTBIB_clean,5.89251,3.41929,5.89251,2.16043,1096.32,507.456,0.0,0.0,0.5212,0.241248,0.0,0,2.2886193898,1.9030043077480285,Test
ZUTBUN_clean,4.42995,3.86732,4.42995,2.2828,1037.92,454.67,0.0,0.0,0.4626,0.202646,0.0,0,2.7448728992,2.421452228644157,Test
ZUWXUM_clean,6.25511,5.54572,6.22585,0.917254,2526.11,2753.99,0.0,0.0,0.7012,0.764456,0.0,0,0.8315359118000001,0.7110530809750906,Test
ZUXPOZ_clean,4.9428,4.31959,4.93372,2.00162,1314.33,656.635,0.0,0.0,0.579,0.289266,0.0,1,0.2840735917999999,0.3634655496478647,Train
ZUZZEB_clean,12.38418,6.8566,12.3754,0.903178,2016.22,2232.36,0.0,0.0,0.7248,0.8025,0.0,0,0.2837542073999999,0.40762094933340476,Train
