LCD,PLD,LFPD,cm3_g,ASA_m2_cm3,ASA_m2_g,NASA_m2_cm3,NASA_m2_g,AV_VF,AV_cm3_g,NAV_cm3_g,Has_OMS,0.01,y_true,y_pred
24.38417,13.22222,24.38417,0.346494,1518.48,4382.42,0.0,0.0,0.8644,2.49471,0.0,1,0.0031872837,1.5316604022,1.4779599486156505
23.29182,13.11646,23.29182,0.343144,1530.83,4461.21,0.0,0.0,0.8618,2.51148,0.0,1,0.003023232,1.5112650508,1.3925566697842835
9.69678,6.71185,9.61668,0.664961,2272.9,3418.09,0.0,0.0,0.7302,1.09811,0.0,0,0.0026853884,1.1999663828,1.2353203161298716
11.28381,4.52903,11.28381,0.822811,2257.22,2743.3,0.0,0.0,0.6948,0.844422,0.0,1,0.0039815802,1.4785146253,1.583120437067771
5.55847,4.74922,5.55001,1.42546,843.163,591.503,0.0,0.0,0.4554,0.319476,0.0,1,0.0036950203,1.1061088136,1.1296585085793318
11.58637,3.48934,11.58637,0.907013,1494.34,1647.54,0.0,0.0,0.6382,0.703628,0.0,0,0.0017397652,0.8087412935,0.7796423131932217
12.8003,5.50166,12.79961,0.784559,2116.78,2698.05,0.0,0.0,0.7198,0.917458,0.0,1,0.0037716875,1.5433999167,1.5124840481447877
5.54395,4.66139,5.49926,1.46355,1275.66,871.62,0.0,0.0,0.5148,0.351747,0.0,1,0.0045385835,1.4533452933,1.4929952204010783
5.99031,5.00967,5.99031,1.72662,1403.65,812.946,0.0,0.0,0.5696,0.329892,0.0,1,0.0027063032,1.0046252343,1.0064167736725378
11.85007,7.21214,11.45277,0.623261,2219.01,3560.32,0.0,0.0,0.7618,1.22228,0.0,1,0.0025044307,1.2179704307,1.1763445349418613
5.13144,3.67825,5.11456,1.3623,1196.21,878.085,0.0,0.0,0.5018,0.368349,0.0,0,0.0031005719,1.0505138805,1.1183734832278813
11.43013,9.61646,11.40927,0.476468,2123.61,4456.97,0.0,0.0,0.8196,1.72016,0.0,1,0.0024770728,1.3273215923,1.1772259326304628
8.3585,6.26342,8.18439,0.855984,1774.61,2073.18,0.0,0.0,0.6172,0.721042,0.0,1,0.0023254517,1.0388243289,1.0312495093166842
6.67557,4.28336,6.67557,1.36929,1467.6,1071.8,0.0,0.0,0.553,0.403858,0.0,1,0.0015493114,0.684986364,0.6929533617589576
6.03525,3.97595,5.98504,1.10262,1309.44,1187.57,0.0,0.0,0.545,0.494276,0.0,0,0.0030526898,1.2270787672,1.1757521663098103
5.00001,3.6207,4.99072,1.72941,572.133,330.826,0.0,0.0,0.4138,0.239272,0.0,0,0.0008151374,0.3466023898,0.3286815751583789
5.29408,4.17227,5.29408,1.81161,1362.6,752.15,0.0,0.0,0.5006,0.276328,0.0,1,0.0034576779,1.231051356,1.1579897935466363
6.32747,4.74814,6.26915,1.49819,1746.54,1165.77,0.0,0.0,0.584,0.389803,0.0,1,0.004246859,1.6282176235,1.5382788686913846
11.21193,6.39957,11.21193,0.759207,2393.65,3152.83,0.0,0.0,0.7392,0.973647,0.0,1,0.0038646825,1.563044602,1.6079533205436807
8.87015,7.61141,8.84647,0.61411,2422.25,3944.33,0.0,0.0,0.804,1.30921,0.0,0,0.0014595742,0.7261361142,0.7450769263473633
7.48534,6.6993,7.48534,0.744889,2472.69,3319.54,0.0,0.0,0.7082,0.950746,0.0,0,0.0052668514,2.419469211,2.2708591452853932
6.02059,3.60964,6.01517,1.26554,923.516,729.74,0.0,0.0,0.497,0.392717,0.0,0,0.0028373827,0.9850046748,1.0134379576825365
9.90767,8.8856,9.90767,1.25703,2053.39,1633.52,0.0,0.0,0.7078,0.563072,0.0,0,0.0057334064,1.8937541473,2.103283113500093
8.93942,5.67971,8.86574,0.942961,1589.69,1685.85,0.0,0.0,0.62,0.657503,0.0,1,0.0037060064,1.4858269501,1.5307016108290614
13.20977,6.6958,13.20977,0.618713,2108.92,3408.56,2.69185,4.35072,0.73,1.17987,0.0,0,0.002469581,1.1728119732,1.124153315704734
11.36799,6.51795,9.97187,0.696086,2497.61,3588.07,0.0,0.0,0.7382,1.0605,0.0,1,0.0035863134,1.5517069884,1.5401093629634455
11.83799,7.63891,11.7221,0.673503,2318.04,3441.77,0.0,0.0,0.7596,1.12783,0.0,1,0.0034657404,1.5702094329,1.4773206430992105
11.37885,6.17998,10.24831,0.783377,2242.23,2862.26,0.0,0.0,0.6804,0.868548,0.0,1,0.0034181999,1.461550147,1.4740886053459699
19.34511,12.33787,19.24026,0.450433,1674.23,3716.94,0.0,0.0,0.8472,1.88086,0.0,1,0.0027127526,1.2351868017,1.273370960875027
11.30689,5.72282,11.30689,0.75113,2376.62,3164.06,0.0,0.0,0.7236,0.963349,0.0,1,0.0040677022,1.6390427239,1.6664355292182997
7.32162,4.55611,5.93566,1.50685,1363.44,904.833,0.0,0.0,0.5076,0.336863,0.0,1,0.0010979918,0.4840339754,0.502435991309315
6.52889,4.75513,5.51076,1.08983,1352.45,1240.98,192.247,176.402,0.5792,0.531461,0.0,1,0.0049395938,1.7489044351,1.5611932007425824
4.16596,3.6754,4.15153,1.12701,1392.79,1235.82,0.0,0.0,0.5518,0.489614,0.0,1,0.0047312815,1.8091720773,1.739744627056397
7.38214,4.96534,7.38214,1.07307,1447.07,1348.53,0.0720169,0.0671129,0.5318,0.495588,0.0,1,0.0051688813,1.5520653117,1.7093179313520679
11.10015,5.6209,11.10015,0.767516,2426.29,3161.23,0.0,0.0,0.7292,0.950078,0.0,1,0.0038575652,1.6858746016,1.6075468420607355
15.40731,13.34223,14.58073,0.291845,1568.49,5374.4,0.0,0.0,0.8896,3.04819,0.0,0,0.0025815431,1.2881479041,1.3008468466408156
17.97302,15.80148,17.15199,0.243844,1288.51,5284.15,0.0,0.0,0.909,3.72779,0.0,1,0.0032579614,1.5576282338,1.5500205889096073
8.37247,7.3895,8.37077,1.20081,1241.45,1033.84,0.0,0.0,0.5362,0.446532,0.0,0,0.0033249136,1.4011409332,1.2374234032790796
16.54325,4.10215,14.7488,0.938804,1933.37,2059.39,0.0,0.0,0.6922,0.737321,0.0,0,0.0042776249,1.7283671835,1.7578023622441274
11.30814,4.84088,11.28951,0.953196,1460.99,1532.73,328.938,345.089,0.656,0.688211,0.0,0,0.003233584,1.1628611566,1.2197815291536394
13.11846,6.60097,13.10556,1.02457,1662.31,1622.44,0.0,0.0,0.6408,0.625431,0.0,1,0.0040928075,1.6174577045,1.5181858147349219
6.975,5.81852,6.975,1.54937,1782.47,1150.45,0.0,0.0,0.6318,0.407778,0.0,0,0.0023063677,0.9570533963,0.9729371492254365
8.70669,6.70952,8.70669,0.91345,2575.78,2819.83,0.0,0.0,0.7676,0.84033,0.0,1,0.0028709485,1.2094762527,1.3174681573103244
8.39259,6.42224,8.39259,0.858615,2621.58,3053.27,0.0,0.0,0.7534,0.87746,0.0,1,0.0038213111,1.5633662787,1.652213564450085
8.27667,5.74162,8.27274,1.20417,741.315,615.623,530.043,440.172,0.5268,0.437479,0.0,1,0.0033132866,1.3795393211,1.2113213679688983
7.07907,5.66309,7.05735,0.974059,1868.46,1918.22,0.0,0.0,0.6506,0.667927,0.0,1,0.0037014812,1.581246202,1.5342365301134737
9.99521,7.8188,9.31419,0.670932,2064.07,3076.42,0.0,0.0,0.7104,1.05883,0.0,1,0.0026096681,1.1643422067,1.1973076877820892
20.34484,16.57615,20.32874,0.744987,1552.98,2084.58,0.0389169,0.0522383,0.7072,0.949278,0.0,1,0.0011186737,0.5817969657,0.5525285526101514
20.32202,9.77849,20.31158,0.420228,1870.75,4451.74,0.0,0.0,0.8576,2.0408,0.0,0,0.002922873,1.4826763463,1.350722168236765
25.32442,15.73034,25.32073,0.347361,1224.7,3525.73,0.0,0.0,0.9,2.59097,0.0,0,0.0026971241,1.3205252244,1.2898890674235692
5.34669,4.59707,5.34669,2.32794,964.221,414.195,0.0,0.0,0.453,0.194593,0.0,0,0.003293754,0.8896009346,0.9654755233987349
9.46971,6.7544,9.46722,1.01741,1558.89,1532.22,0.0,0.0,0.6188,0.608213,0.0,1,0.002368651,0.8628447285,1.025180997521257
12.74502,12.12417,12.74502,0.622379,1959.14,3147.82,0.0,0.0,0.784,1.25968,0.0,1,0.0022343345,1.0095645105,1.0474206945251388
7.79579,7.10452,7.79579,1.16703,1042.73,893.491,0.0,0.0,0.5546,0.475225,0.0,0,0.001525247,0.6298356306,0.6592000946003318
12.99873,6.57068,12.98598,1.00519,1733.85,1724.91,0.0,0.0,0.6496,0.646248,0.0,1,0.0038935819,1.5430153337,1.467844139183221
5.17995,4.0381,5.17546,1.35947,2064.83,1518.84,0.0,0.0,0.6576,0.483717,0.0,0,0.0025604838,1.1131482102,1.122777051997926
9.01895,5.30438,9.01895,0.963226,2097.19,2177.26,0.0,0.0,0.6844,0.710529,0.0,0,0.0043498975,1.7548514284,1.7561033802573953
7.38576,7.26835,7.38576,1.40447,1641.95,1169.09,0.0,0.0,0.6066,0.431907,0.0,0,0.0054480945,2.1637617255,2.039309844569992
14.74144,10.998,14.73673,0.612946,1667.89,2721.11,0.0,0.0,0.75,1.2236,0.0,1,0.0027566799,1.255332118,1.2419102514793185
25.10343,17.21264,25.10343,0.432192,1480.29,3425.07,0.0,0.0,0.8414,1.94682,0.0,1,0.0023908225,1.1654119367,1.1494646141782259
8.33031,6.08017,8.32272,1.02014,2081.17,2040.08,0.0,0.0,0.6416,0.628934,0.0,0,0.0034089325,1.5327225645,1.4297095154102042
5.68899,4.70468,5.67497,1.06479,1159.51,1088.96,0.0,0.0,0.5166,0.485167,0.0,0,0.0042533589,1.5936612039,1.4695711234684148
5.65646,4.67756,5.65646,1.06232,1172.37,1103.6,0.0,0.0,0.5212,0.490626,0.0,0,0.0044722594,1.6156956702,1.5452816358707446
5.75308,4.76749,5.73877,1.05859,1169.51,1104.78,0.0,0.0,0.5176,0.488953,0.0,0,0.0038596419,1.4883578892,1.3994496971483141
6.73446,3.80347,6.73446,1.51633,1348.21,889.13,0.0,0.0,0.5788,0.381711,0.0,1,0.0046833319,1.6673112769,1.5826929037630042
8.20883,4.88885,8.12686,0.902793,1817.93,2013.68,0.0,0.0,0.618,0.684542,0.0,1,0.003066737,1.2886107422,1.32799194522761
17.92481,8.14411,17.86267,0.48374,2192.72,4532.85,0.0,0.0,0.805,1.66412,0.0,0,0.0032176864,1.48905904,1.494147309975399
17.35042,7.46306,17.20636,0.482905,2259.15,4678.25,0.0,0.0,0.7942,1.64463,0.0,0,0.0028759034,1.3986405132,1.36930042617519
11.05011,4.28201,11.03981,1.28763,1684.31,1308.07,60.6702,47.1178,0.6268,0.486786,0.0,1,0.0023696674,1.0687281625,0.9268561626176007
5.43401,3.9261,5.4268,1.48279,1376.93,928.609,0.0,0.0,0.5268,0.355276,0.0,1,0.0016819785,0.6908901122,0.7103380885443524
15.61182,13.11587,15.60898,0.621293,2170.48,3493.49,0.0,0.0,0.7232,1.16402,0.0,0,0.0023781737,1.1165090103,1.1020548866490663
6.85299,4.5996,6.84418,1.41253,1137.63,805.384,0.0,0.0,0.4974,0.352134,0.0,1,0.0025130814,0.910380389,0.9643525735128811
15.80637,8.55438,15.80637,0.434111,2007.26,4623.85,0.0,0.0,0.8372,1.92854,0.0,1,0.0027467993,1.2358644418,1.300247185280881
15.69953,15.64725,15.69953,0.982352,1496.09,1522.96,0.0,0.0,0.7144,0.727234,0.0,0,0.0043278216,1.6893107262,1.636047643884656
10.75705,6.21115,10.75089,1.13958,2252.0,1976.17,0.0,0.0,0.6778,0.594779,0.0,1,0.0032996974,1.4079692332,1.2695412968668374
6.41067,5.52308,6.4074,2.22496,990.681,445.257,0.0,0.0,0.446,0.200453,0.0,0,0.0043949829,1.3113456609,1.179425105870605
20.99168,6.62083,20.99168,0.583055,2159.7,3704.11,0.0,0.0,0.7806,1.33881,0.0,1,0.0037432178,1.6978180095,1.6538487862831792
5.8632,5.042,5.82773,1.375,1086.49,790.181,181.915,132.302,0.54,0.392729,0.0,1,0.0036206497,1.1179398181,1.2893421760548476
5.77332,4.6821,5.75387,1.37197,1078.45,786.062,190.643,138.956,0.5392,0.393013,0.0,1,0.0034274068,1.1411969178,1.2204640614188405
6.20702,4.77029,6.1269,1.35255,1350.08,998.172,0.0,0.0,0.5374,0.397323,0.0,1,0.003172581,1.0774480013,1.1812107960312743
6.26085,4.86283,6.24492,1.35147,1329.33,983.622,0.0525445,0.0388796,0.5542,0.410073,0.0,1,0.0032469052,1.0643966742,1.213404988471259
6.24181,4.91804,6.10517,1.36057,1316.22,967.403,0.0,0.0,0.552,0.405711,0.0,1,0.0032001871,1.074347621,1.1705513748595904
6.12529,4.88917,6.10135,1.39855,1351.73,966.526,0.0,0.0,0.5504,0.393551,0.0,1,0.003787075,1.2104725041,1.3454792007856593
6.09772,3.45398,5.95541,1.14086,1067.63,935.814,0.0,0.0,0.5034,0.441246,0.0,1,0.0028336721,1.1034266631,1.0738649312062987
5.6655,4.98419,5.65746,1.25322,1742.86,1390.71,0.0,0.0,0.5754,0.459137,0.0,1,0.0054111302,1.9193607128,1.9197117366387912
7.23867,5.86079,7.23867,1.59448,533.217,334.414,0.0,0.0,0.397,0.248984,0.0,0,0.0016227598,0.6190864499,0.6140661684062192
6.89105,5.80728,6.89105,1.67548,498.219,297.36,0.0,0.0,0.3654,0.218087,0.0,0,0.0014782105,0.5837337225,0.5825636283531067
6.74437,6.14599,6.74437,1.73737,495.479,285.189,0.0,0.0,0.3518,0.20249,0.0,0,0.0014466833,0.5588331627,0.5651667574103351
7.0294,5.84289,7.0294,1.58635,523.994,330.314,0.0,0.0,0.397,0.25026,0.0,0,0.0015579208,0.6269718255,0.6024784899239652
6.87873,5.8578,6.87873,1.63822,509.358,310.921,0.0,0.0,0.3836,0.234156,0.0,0,0.0016269238,0.6285398588,0.6089067993011135
6.5322,6.05224,6.5322,1.69182,540.534,319.498,0.0,0.0,0.3658,0.216217,0.0,0,0.0015942069,0.6273162455,0.6056391697028403
6.96664,5.8084,6.96664,1.59803,514.864,322.187,0.0,0.0,0.3906,0.244426,0.0,0,0.0016126473,0.6719010964,0.6125279080254034
7.25313,6.2676,7.10214,1.05922,1980.57,1869.84,0.0,0.0,0.6472,0.611017,0.0,1,0.002708495,1.1367225378,1.1806125945218904
12.12006,7.41697,11.45114,0.805353,2038.6,2531.31,0.0,0.0,0.6952,0.863224,0.0,1,0.0036420956,1.516142096,1.434329174514923
9.12806,8.89551,9.12806,1.04861,1169.01,1114.83,0.0,0.0,0.5662,0.539955,0.0,1,0.000958317,0.4516399184,0.46746415222675697
8.0398,4.43833,8.0398,1.04873,1982.28,1890.18,0.0,0.0,0.641,0.611218,0.000572123,1,0.0037653831,1.536397934,1.5277927499291453
17.98452,9.34908,17.98452,0.462491,1934.3,4182.35,0.0,0.0,0.837,1.80977,0.0,0,0.0025656376,1.3081893688,1.2339490506438444
12.38253,7.614,12.38253,0.866035,1866.54,2155.27,0.0,0.0,0.694,0.801354,0.0,0,0.002197492,1.0334837436,1.0046084825761985
8.51298,6.88549,8.50318,0.782047,2084.03,2664.84,0.0,0.0,0.7176,0.917592,0.0,0,0.0026569132,1.1817632967,1.1941345315925673
9.92705,7.22424,9.91479,0.991769,2097.63,2115.04,0.0,0.0,0.6876,0.693307,0.0,1,0.0024269829,1.128614486,1.082140282054115
9.83189,7.12324,9.82847,0.920871,2079.45,2258.13,0.0,0.0,0.6902,0.749507,0.0,1,0.0021149058,1.0000134342,0.9674411560644826
9.97681,7.2596,9.97191,0.933756,2065.72,2212.27,0.0,0.0,0.6892,0.738095,0.0,1,0.0021611367,0.9824630203,0.9722792555431038
5.62999,4.2146,5.61662,1.21831,1657.43,1360.44,0.0,0.0,0.5722,0.469669,0.0,1,0.0036702608,1.3232567595,1.4426471260750813
10.84256,6.81027,10.84256,0.962348,2445.81,2541.5,9.90677,10.2944,0.7018,0.729258,0.0,1,0.0028854863,1.2816563524,1.2679688448214803
11.28133,6.992,11.28091,0.975181,2332.28,2391.64,21.129,21.6668,0.7112,0.7293,0.0,1,0.0027070594,1.2628808414,1.1561466297885368
6.24462,3.8099,6.24462,2.75365,1288.14,467.793,0.0,0.0,0.511,0.185572,7.26e-05,0,0.0014649001,0.5306512612,0.5991923167159869
11.69529,10.43289,11.69529,0.774366,1771.67,2287.9,0.0,0.0,0.6506,0.840172,0.0,1,0.0020733872,0.9537489066,0.981725079757805
13.78845,4.39887,13.78845,0.867071,1791.92,2066.64,0.0,0.0,0.6752,0.778714,0.0,1,0.0053821929,1.9281306602,1.8924302807937716
23.8524,20.39274,23.77655,0.290995,1592.86,5473.82,0.0,0.0,0.8752,3.00761,0.0,1,0.0029697235,1.4711081194,1.4620617968803913
8.53699,6.27993,8.53699,0.711095,2228.2,3133.48,0.0,0.0,0.6894,0.969491,0.0,0,0.0026356797,1.1792839134,1.201717799736398
8.39885,4.78933,7.86209,0.797668,1803.87,2261.43,0.0,0.0,0.6378,0.79958,0.0,0,0.0036502458,1.4875213779,1.5550790574251327
10.42394,6.6282,10.40124,0.688725,2224.76,3230.26,0.0,0.0,0.7214,1.04744,0.0,1,0.0025517125,1.1967998072,1.2172081722491557
10.29518,8.20784,10.21825,0.691719,2146.79,3103.55,0.0,0.0,0.7272,1.05129,0.0,1,0.0027387759,1.2485140215,1.2428850673025214
10.47263,8.40011,10.41547,0.683981,2144.01,3134.6,0.0,0.0,0.734,1.07313,0.0,1,0.0025371058,1.2029739565,1.195214919540514
5.20433,4.31707,5.18919,2.0196,573.799,284.115,0.0,0.0,0.4548,0.225193,0.0,0,0.0015123703,0.4563277512,0.5463447756124752
8.73889,4.47796,8.73889,1.29976,1302.13,1001.82,0.0,0.0,0.5268,0.405305,0.0,1,0.0045566908,1.3105897112,1.4313916519522107
13.64098,13.34789,13.63908,0.604316,2269.16,3754.93,0.0,0.0,0.793,1.31223,0.0,1,0.0031165939,1.4633901203,1.4098211056992944
13.38503,12.66061,13.38102,0.629028,2341.28,3722.06,0.0,0.0,0.78,1.24001,0.0,1,0.0035504344,1.5883482918,1.5260976214466675
6.51934,4.39103,6.27132,0.92999,1351.28,1453.01,0.0,0.0,0.5454,0.586458,0.0,1,0.0024988729,1.0272014748,1.0614908542021702
9.81405,8.96526,9.81405,1.68894,1459.56,864.19,0.0,0.0,0.6214,0.367924,0.0,1,0.0024031892,1.0214932649,0.9718698379386386
6.97552,6.67002,6.97552,1.81968,554.5,304.724,0.0,0.0,0.3222,0.177064,0.0,1,0.0012986498,0.5543449945,0.5520012104471902
7.03312,5.99915,7.03312,1.58114,529.815,335.085,0.0,0.0,0.3982,0.251844,0.0,0,0.0013842237,0.5543093033,0.5436513707068362
6.99241,5.91522,6.99241,1.59971,524.86,328.098,0.0,0.0,0.393,0.24567,0.0,0,0.0012872626,0.5339064294,0.5390779332137451
6.85642,6.11281,6.85642,1.65571,533.488,322.211,0.0,0.0,0.3698,0.223348,0.0,0,0.001151636,0.4809573461,0.48681411697831234
6.70506,6.18332,6.70506,1.72629,549.827,318.502,0.0,0.0,0.3412,0.197649,0.0,0,0.0013610244,0.5820818149,0.5295458566632831
6.7666,6.32311,6.7666,1.76811,569.763,322.245,0.0,0.0,0.3312,0.187319,0.0,1,0.001463934,0.6213040631,0.6060279696966111
11.3719,4.56274,10.28688,0.827364,2231.15,2696.69,0.0,0.0,0.6978,0.843401,0.0,1,0.0044857606,1.6402231118,1.7459214350014363
21.63198,16.25392,21.63198,0.800283,1414.75,1767.81,0.0,0.0,0.7074,0.883938,0.0,1,0.0012316406,0.5582323152,0.5800714337221133
10.85959,9.44525,10.85959,0.579291,2065.83,3566.14,0.0,0.0,0.7778,1.34268,0.0,1,0.0027356301,1.2566998493,1.2503398016790312
5.40585,4.42661,5.40585,1.07764,1110.36,1030.36,0.0,0.0,0.5072,0.470657,0.0,0,0.0048965143,1.6941538877,1.6060899802057549
8.24491,4.53271,8.24491,0.809297,1780.75,2200.36,0.0,0.0,0.6282,0.776229,0.0,0,0.0023294491,1.0805464758,1.0333687548289656
5.40281,4.28093,5.40281,1.18436,1608.89,1358.45,0.0,0.0,0.5606,0.473337,0.0,1,0.0033604006,1.3356720849,1.3252235862562658
22.61279,7.45433,22.60405,0.58506,2033.02,3474.88,0.0,0.0,0.8178,1.3978,0.0,1,0.0031431553,1.4836732471,1.4208235193777277
9.11454,7.50033,9.11454,1.16801,1732.8,1483.56,0.0,0.0,0.654,0.559929,0.0,0,0.0013483555,0.6363317868,0.6249374862908743
6.3909,4.01484,6.38663,0.926803,2000.77,2158.79,0.0,0.0,0.5998,0.647171,0.0,0,0.0050404267,2.2084834586,1.993710880595244
5.9006,5.23774,5.9006,1.30709,1576.97,1206.47,0.0,0.0,0.571,0.436847,0.0,1,0.004121541,1.498739048,1.4865916037190001
16.33925,5.69725,16.33925,0.874313,1862.92,2130.72,0.0,0.0,0.7038,0.804975,0.000228751,0,0.0036279897,1.5450190995,1.4371998875992567
11.58737,3.83412,11.58737,0.92986,1525.64,1640.72,0.0,0.0,0.645,0.693653,0.0,0,0.0019021927,0.8804972825,0.8333611716229972
10.09928,9.13648,10.09928,0.711506,2224.92,3127.06,0.0,0.0,0.7638,1.0735,0.0,0,0.0023485123,1.1569829892,1.0786716226663977
10.07647,9.04237,10.07647,0.718146,2256.82,3142.56,0.0,0.0,0.7528,1.04825,0.0,0,0.0026659486,1.1489128814,1.203401205282635
31.39938,26.2789,31.39936,0.252736,790.748,3128.75,0.0,0.0,0.9088,3.59585,0.0,1,0.002665587,1.2179033103,1.3127593610211699
11.13191,5.72159,11.13191,0.767426,2419.7,3153.01,0.0,0.0,0.7292,0.950189,0.0,1,0.0038717997,1.6745818523,1.5971464130709965
14.16979,6.91811,12.94276,0.599196,2206.88,3683.06,0.0,0.0,0.7614,1.2707,0.0,1,0.0037381194,1.5415762848,1.5923325090480098
24.65699,17.09587,24.65699,0.438285,1508.06,3440.83,0.0,0.0,0.8424,1.92204,0.000456324,1,0.0023992707,1.1790894691,1.15712033588678
6.78187,4.96364,6.78187,1.83949,1314.77,714.746,0.0,0.0,0.5076,0.275946,0.0,1,0.0015363999,0.6550524519,0.6459719341864062
18.84439,11.02909,18.84439,0.389439,1879.81,4826.98,0.0,0.0,0.8376,2.15079,0.00051356,0,0.0027337314,1.2198791639,1.2644890580364352
28.6797,24.93616,28.6797,0.353838,1453.6,4108.09,0.0,0.0,0.8748,2.47232,0.0,1,0.0025832441,1.2057081067,1.2653527744792439
28.04628,26.50518,28.04628,0.350938,1434.54,4087.73,0.0,0.0,0.8658,2.4671,0.0,1,0.0028501505,1.3567605953,1.3446227263565622
5.1025,4.19518,4.95899,1.35732,1188.64,875.723,0.0,0.0,0.488,0.359531,0.0,0,0.0028298451,1.102963444,1.069394957875667
11.43481,6.24659,11.43433,0.715716,2413.07,3371.55,0.0,0.0,0.7402,1.03421,0.0,1,0.0039490743,1.6696979768,1.6373944589617888
11.36875,4.57229,11.36875,0.827579,2351.53,2841.46,0.0,0.0,0.6996,0.845357,0.0,1,0.0039504381,1.5476151915,1.646367836366971
5.10814,3.94987,5.09674,1.90453,697.67,366.322,0.0,0.0,0.4102,0.215382,0.0,1,0.0018264914,0.6422561666,0.5793776557222379
22.16597,8.69473,22.16597,0.48225,1899.59,3939.01,0.0,0.0,0.8054,1.67009,0.000414723,1,0.0029257119,1.4065957029,1.3487983223880486
21.40599,8.60608,20.3343,0.48265,1906.91,3950.91,0.0,0.0,0.8026,1.6629,0.000414379,1,0.0030430798,1.4152112537,1.3757535477475211
10.98282,6.54194,10.97083,0.963718,2282.53,2368.46,0.0,0.0,0.7164,0.743371,0.0,1,0.0024622118,1.171201135,1.0481005183478955
7.04726,4.27705,7.02404,1.31095,1329.11,1013.85,0.0,0.0,0.5362,0.409016,0.0,1,0.002633181,0.9610621168,1.0259435339160148
8.90649,6.59853,8.90649,1.06181,2105.95,1983.36,0.0,0.0,0.6938,0.653414,0.0,1,0.0035290173,1.2873978087,1.371269121874724
6.72992,4.20356,6.59748,1.50078,1661.97,1107.4,0.0,0.0,0.603,0.401791,0.0,1,0.0019800814,0.8712916402,0.8313991068059242
7.66764,4.96521,7.66764,1.12411,2024.36,1800.85,0.0,0.0,0.6074,0.540337,0.0,1,0.0052821052,2.0590074315,1.9380470981259104
6.65854,3.7171,6.64815,1.05848,1659.61,1567.91,0.0,0.0,0.5926,0.559858,0.0,1,0.0025447171,1.0844201691,1.110426384670576
6.70555,5.36137,6.69224,1.02667,1476.42,1438.07,0.0,0.0,0.596,0.580519,0.0,0,0.0035053688,1.4041721451,1.4011483466487125
9.14342,6.58506,9.14342,1.30232,2351.43,1805.57,0.204239,0.156827,0.6926,0.53182,0.0,1,0.0008594083,0.4007806554,0.4020122945963147
28.54072,12.23604,28.54072,0.302864,1428.61,4716.99,0.0,0.0,0.8826,2.91418,0.0,1,0.0028673032,1.5137122974,1.4124108720438215
17.79121,17.46158,17.79121,1.09527,1160.5,1059.55,0.0,0.0,0.6994,0.638563,0.0,1,0.0023731027,1.0740639256,0.9178237276090997
13.94656,10.8971,13.94656,0.785099,1996.38,2542.84,0.0,0.0,0.6776,0.863076,0.0,1,0.0042105206,1.8399873346,1.6061601415779547
9.45292,5.8367,9.45292,1.00526,2164.69,2153.37,0.0,0.0,0.6652,0.661721,0.0,1,0.0041921284,1.7379007973,1.6449458072813685
8.19722,5.57863,8.19722,1.03476,2021.86,1953.94,156.073,150.83,0.648,0.626232,0.0,1,0.0046132794,1.8803047296,1.6989752985379927
6.7023,3.90662,6.7023,1.13087,1228.85,1086.65,0.0,0.0,0.5372,0.475032,0.0,1,0.0028063433,1.0502403356,1.0979831821792272
15.51079,7.93845,15.33563,0.599908,2098.95,3498.78,0.0,0.0,0.7678,1.27986,0.0,1,0.0046343476,1.8314476154,1.9038650609740433
17.59724,12.77954,17.59724,0.373345,1754.11,4698.37,0.0,0.0,0.8458,2.26547,0.0,1,0.0031847932,1.5119982547,1.499397387620647
6.18491,5.22174,6.13,1.03702,2650.66,2556.04,0.0,0.0,0.747,0.720336,0.0,1,0.0009413365,0.4625251274,0.4419948593018833
6.79778,4.16971,6.53453,1.58223,946.888,598.451,0.0,0.0,0.4988,0.315251,0.0,1,0.0008182743,0.3759787901,0.36099297846792144
17.20124,11.68232,17.20124,0.334035,1916.36,5737.0,0.0,0.0,0.8616,2.57937,0.0,0,0.0027808202,1.3458925034,1.3470797234828378
5.88988,4.79787,5.74819,0.995436,2128.35,2138.11,0.0,0.0,0.6234,0.626258,0.0,1,0.005865981,2.2366107721,2.2976487947001916
5.83831,3.6143,5.8313,1.27726,1032.08,808.039,0.0,0.0,0.5346,0.418551,0.0,0,0.001362655,0.5926830983,0.5638256251748601
5.043,4.16027,5.043,1.07174,1871.72,1746.44,0.0,0.0,0.587,0.547708,0.0,0,0.0030137622,1.2604844581,1.2751698201962063
4.98387,4.62619,4.98387,1.23288,2036.05,1651.46,0.0,0.0,0.5874,0.476445,0.0,0,0.0037829633,1.5795380063,1.5630805664496368
11.75384,5.77917,10.9055,0.7403,2339.25,3159.86,0.0,0.0,0.728,0.983385,0.0,1,0.0051068727,1.8504440013,1.9351351493646833
5.76222,3.92954,5.75675,1.87163,1115.45,595.979,0.0,0.0,0.5392,0.288092,0.0,1,0.0019091993,0.6847079627,0.7136947962219033
20.05813,9.81608,20.05813,0.466068,1922.41,4124.74,0.0,0.0,0.817,1.75296,0.0,1,0.0030569064,1.3934936082,1.3963401699745037
22.37295,9.74126,15.85817,0.406542,1874.4,4610.6,0.0,0.0,0.8348,2.05341,0.0,1,0.0028839741,1.513204037,1.362952801131324
27.97153,12.56634,27.97011,0.560816,1424.55,2540.14,0.0,0.0,0.8216,1.46501,0.0,1,0.001622949,0.7994183074,0.7716831368817091
10.57457,7.88389,10.57457,0.724012,2075.47,2866.63,0.0,0.0,0.7454,1.02954,0.0,1,0.0025033365,1.1984751335,1.15801547207899
10.46973,7.87545,10.46973,0.738468,2086.61,2825.59,0.0,0.0,0.7458,1.00993,0.0,1,0.0025801872,1.1833194757,1.1986139415868597
10.75813,9.26028,10.75813,1.01792,1232.26,1210.56,0.0,0.0,0.595,0.584524,0.0,1,0.0037714021,1.0712578655,1.3526183850475448
11.48015,5.54799,11.48015,0.751265,2238.05,2979.04,0.0,0.0,0.6966,0.927235,0.0,1,0.0040336039,1.6133541129,1.6358347206046866
13.24903,6.01162,13.24903,0.724616,2572.52,3550.19,0.0,0.0,0.738,1.01847,0.0,1,0.0050606229,2.0746905706,1.99935926777471
6.18311,3.84627,6.03204,1.11722,1799.74,1610.9,0.0,0.0,0.5848,0.523441,0.0,1,0.0045838407,1.8153506914,1.744882278493016
10.80355,3.74031,10.80323,0.902018,2107.1,2335.99,0.0,0.0,0.6572,0.728588,0.0,1,0.0053699858,1.7888165436,1.8771005192696948
5.85951,3.93163,5.85747,0.998165,1648.55,1651.58,0.0,0.0,0.5924,0.593489,0.0,1,0.0028485109,1.2049887625,1.2421112686166926
5.84101,5.24434,5.82161,1.88151,1162.86,618.045,0.0,0.0,0.4892,0.260004,0.0,1,0.0027975586,1.02591635,0.9747590830720162
11.20913,5.76802,11.20913,0.762768,2433.01,3189.71,0.0,0.0,0.7328,0.960711,0.0,1,0.0041917921,1.7216309325,1.6941881508494618
9.43032,7.54222,9.43032,1.04574,1938.97,1854.15,0.0,0.0,0.6636,0.634572,0.0,1,0.0014653671,0.6907160978,0.6902328881369437
4.91681,4.19541,4.74683,1.50398,326.541,217.118,372.303,247.545,0.4758,0.316361,0.0,1,0.0049619301,1.0455505022,1.1701526490623886
5.07245,4.30959,5.07245,1.09741,1894.95,1726.75,0.0,0.0,0.5778,0.526513,0.0,0,0.0033186475,1.4499197932,1.3638493577285113
5.63153,3.9554,5.61978,1.17451,1015.77,864.844,0.0,0.0,0.5246,0.446654,0.0,0,0.0047457284,1.4172683058,1.480729576734507
8.75721,7.78778,8.74627,1.19678,1224.87,1023.47,99.9871,83.5467,0.567,0.473771,0.0,1,0.0018505225,0.7672539607,0.7442419314170126
23.63664,14.31993,19.5758,0.701228,1663.19,2371.82,0.0,0.0,0.827,1.17936,0.0,1,0.0017351491,0.7849293659,0.7944400636938633
23.89274,9.6738,23.89274,0.500285,1776.43,3550.84,0.0,0.0,0.8514,1.70183,0.0,1,0.0015299565,0.7520540772,0.8146421137430233
7.57732,5.39606,7.57711,1.85198,785.332,424.05,0.0,0.0,0.38,0.205186,0.0,0,0.0019278964,0.6625432131,0.6704045842321857
5.25446,4.2672,5.25048,1.11639,1457.42,1305.47,0.0,0.0,0.522,0.467577,0.0,1,0.0025940263,1.0567024768,1.0920288280714583
4.9495,3.52882,4.91814,1.71859,1100.33,640.251,0.0,0.0,0.4958,0.288493,0.0,1,0.0030727086,1.0591803925,1.0612347223005827
5.59939,4.02992,5.59939,1.54548,471.321,304.968,0.0,0.0,0.3828,0.247691,0.0,1,0.001161172,0.4153171233,0.4148467235425154
10.40329,4.10605,10.37784,1.07199,1355.57,1264.53,0.0,0.0,0.5958,0.555788,0.0,0,0.0019906368,0.9021908035,0.7925552590992917
9.03257,8.2459,9.03257,1.20375,1198.02,995.242,19.6744,16.3443,0.5232,0.434643,0.0,1,0.003304831,1.4342948551,1.131516536802216
10.04486,7.28733,8.32739,1.10725,1597.55,1442.8,0.0,0.0,0.6074,0.548566,0.0,1,0.0039125483,1.4134077043,1.526845259120461
11.1654,5.76413,11.16529,0.768695,2412.13,3137.96,0.0,0.0,0.7286,0.947841,0.0,1,0.0038314685,1.734471382,1.6037309200775063
5.69878,4.15176,5.69426,1.30487,1528.5,1171.39,0.0,0.0,0.5762,0.441578,0.0,1,0.0031533034,1.1621690981,1.1991722945325476
12.0686,4.7874,12.0686,0.713789,1872.2,2622.9,0.0,0.0,0.6712,0.940333,0.0,1,0.0030185703,1.321697975,1.3109894917558758
11.04439,8.71548,11.04439,0.72332,1810.35,2502.84,0.0,0.0,0.6956,0.961677,0.0,1,0.0018240573,0.8429830004,0.8549850328475561
16.51036,13.08019,16.51036,0.865049,1760.16,2034.75,0.0,0.0,0.7388,0.854055,0.0,1,0.0021169858,0.9219077536,0.9716156982813876
5.42809,3.78005,5.42809,2.82711,1122.0,396.872,0.0,0.0,0.4876,0.172473,0.0,1,0.0026405112,0.8432779932,0.8396618729074661
6.3502,4.1996,4.94284,1.08381,1502.1,1385.95,0.0,0.0,0.547,0.504702,0.0,0,0.0028280991,1.1153745731,1.160768678810951
13.99523,6.27881,13.98885,1.13186,2079.02,1836.82,0.0,0.0,0.712,0.629056,0.00123691,0,0.0026804165,1.2330496251,1.1411058350957801
10.02705,9.63343,10.02705,0.905218,1687.34,1864.01,0.0,0.0,0.6458,0.71342,0.0,1,0.0018791187,0.8373486882,0.8461908660355807
15.32333,11.13291,15.32333,0.488773,1874.4,3834.91,0.0,0.0,0.8254,1.68872,0.0,0,0.0026514507,1.3205234656,1.2332052591022136
13.77076,8.56536,13.77076,0.777047,2136.37,2749.35,0.0,0.0,0.75,0.965193,0.0,1,0.0040080936,1.73257277,1.5959718986134557
5.23607,3.48613,5.20368,1.30167,934.815,718.167,0.0,0.0,0.481,0.369526,0.0,1,0.0015258655,0.6191392509,0.6227285586453439
11.35974,4.90438,11.35974,0.939411,2072.64,2206.31,0.0,0.0,0.6858,0.730032,0.0,1,0.0035593324,1.3308456882,1.4018515535371303
5.7453,3.83462,5.73601,1.16695,456.507,391.195,576.227,493.787,0.5048,0.432579,0.0,1,0.0038062077,1.248126397,1.2509938761491333
9.4503,8.03208,9.44131,0.783125,2001.73,2556.08,0.0,0.0,0.6954,0.88798,0.0,1,0.0023624216,1.0851313968,1.0841463647210663
11.14892,6.14756,10.82233,0.696915,2278.27,3269.08,0.0,0.0,0.7598,1.09023,0.0,0,0.0031180011,1.4096727167,1.393398237015901
4.75518,3.45443,4.66797,1.42132,625.227,439.891,255.697,179.901,0.5156,0.362761,0.0,1,0.0032154908,1.1379531981,1.1260260257143075
12.94588,7.66866,12.94473,0.72242,1683.33,2330.13,0.0,0.0,0.6926,0.958722,0.0,1,0.0027529632,1.2434567833,1.2097915965799753
6.44452,4.39633,6.26218,0.848839,2656.63,3129.72,0.0,0.0,0.6752,0.795439,0.0,1,0.0036441829,1.6245506834,1.6176565332263637
4.48385,3.90246,4.48385,1.73709,680.126,391.531,0.0,0.0,0.355,0.204365,0.0,0,0.0035849529,0.9869368973,0.9729351877351574
4.55358,3.93395,4.55358,1.57579,234.822,149.019,76.9833,48.8538,0.4096,0.259933,0.0,1,0.0034068826,0.7148973163,0.8427867993640095
17.3936,6.5256,17.3936,0.714443,2314.93,3240.19,0.0,0.0,0.7448,1.04249,0.0,1,0.0039190014,1.7561602926,1.6761251464019034
14.1625,12.23837,14.01017,0.445038,1622.66,3646.11,0.0,0.0,0.8192,1.84074,0.0,0,0.0020024855,1.0570363856,0.9842694071670621
9.24485,8.42275,9.24485,0.921133,2004.83,2176.48,0.0,0.0,0.7082,0.768836,0.0,1,0.0022285065,1.0023720798,1.0175274834544301
7.48231,5.79274,7.48231,1.22218,1603.95,1312.37,0.0,0.0,0.5772,0.472271,0.0,0,0.0050466753,1.8425225278,1.8914449931440895
8.39897,4.41455,7.24132,1.53561,1235.4,804.498,0.0,0.0,0.537,0.349697,0.0,1,0.0024323562,0.9568287918,0.9515208562139027
5.16012,4.53444,5.16012,1.3403,741.014,552.871,0.0,0.0,0.4724,0.352458,0.0,1,0.0040606145,1.0730435308,1.176221939632774
8.73929,3.8669,8.73929,1.62446,1658.83,1021.16,0.0,0.0,0.5686,0.350023,0.000123118,0,0.0050858383,1.586179517,1.636731236582765
8.7342,3.8432,8.7342,1.62392,1647.74,1014.66,0.0,0.0,0.5664,0.348785,0.000123158,0,0.0052313323,1.59196774,1.672393011685939
8.72079,3.85677,8.72079,1.62392,1649.19,1015.56,0.0,0.0,0.5662,0.348662,0.000123158,0,0.0049862144,1.5913728632,1.5558629063853915
20.40507,9.35997,20.29085,0.359492,1749.6,4866.88,0.0,0.0,0.8282,2.30381,0.0,1,0.0025449909,1.1509341371,1.2902930972355222
11.51038,11.00419,11.51038,0.791669,2046.48,2585.02,0.0,0.0,0.7196,0.908965,0.0,1,0.0023644237,0.983288103,1.0653164039158183
6.52911,4.84223,6.42802,0.711336,2529.9,3556.55,0.0,0.0,0.724,1.0178,0.0,0,0.0019761815,0.9337743389,0.9024754309616678
8.67978,6.03579,8.67978,1.44387,1169.53,809.996,0.0,0.0,0.528,0.365683,0.0,0,0.0053961543,1.5012911541,1.6742289870815164
5.91203,3.84839,5.91203,1.89218,897.906,474.535,26.6841,14.1023,0.5394,0.285068,0.0,1,0.0023086843,0.8467642877,0.8201389094829119
7.22635,3.6325,7.22635,1.12288,1450.11,1291.42,116.271,103.547,0.6152,0.547876,0.0,1,0.0052446512,1.829132397,1.793076914709777
6.09702,4.59857,6.00864,0.925107,3214.55,3474.79,0.0,0.0,0.7256,0.784342,0.0,1,0.0041422256,1.876999332,1.8015317104445316
5.3028,4.79056,5.23858,2.17471,1211.49,557.081,0.0,0.0,0.5374,0.247113,0.0,1,0.0029089196,1.0163565204,0.9632435584254565
6.69716,5.18096,6.69716,1.19378,889.708,745.285,0.0,0.0,0.5462,0.457538,0.0,1,0.0018074543,0.6897990498,0.6958038190641949
5.64759,3.74556,5.63124,1.14128,1695.81,1485.89,0.0,0.0,0.6038,0.529056,0.0,0,0.0038078331,1.5790739711,1.5436401034973413
8.00418,6.00384,7.95536,0.793634,2093.66,2638.07,0.0,0.0,0.6836,0.861354,0.0,1,0.0027987303,1.3133593645,1.2840980406240161
12.03938,6.80096,12.03938,0.533609,2437.56,4568.06,0.0,0.0,0.7952,1.49023,0.0,1,0.0028098617,1.3590182348,1.3633048279900566
8.7439,3.85039,8.7439,1.61905,1664.15,1027.86,0.0,0.0,0.5698,0.351935,0.000123529,0,0.0050922888,1.6007045451,1.6414587696586906
8.75392,3.85708,8.75392,1.61914,1667.04,1029.58,0.0,0.0,0.569,0.351421,0.000123522,0,0.0052291821,1.6391264196,1.6806914113510159
8.75193,3.87567,8.75193,1.61914,1674.22,1034.02,0.0,0.0,0.5708,0.352533,0.000123522,0,0.0050679204,1.5940698769,1.6227557879843846
7.07448,3.50364,7.07448,0.974588,1203.79,1235.18,0.0,0.0,0.5756,0.590608,0.0,1,0.0020288126,0.8656382903,0.850822581419981
6.11386,4.64051,6.10962,1.23527,1692.68,1370.29,0.0,0.0,0.5696,0.461113,0.0,1,0.0035754211,1.4106119438,1.4080519347392821
11.18983,6.92715,11.18534,1.0698,2252.1,2105.17,0.0,0.0,0.7314,0.683682,0.0,1,0.0023300958,0.9463341558,0.9868815417041406
10.57747,9.21067,10.57747,0.779734,1974.44,2532.19,79.8475,102.404,0.7166,0.919031,0.0,1,0.0030498854,1.1955619234,1.3120424437371172
4.51281,3.91001,4.51281,1.28172,1102.17,859.911,0.0,0.0,0.5092,0.397278,0.0,1,0.0040868267,1.4831852674,1.4364899758308987
6.50092,5.08477,6.48929,1.07548,2661.96,2475.15,0.0,0.0,0.732,0.680628,0.0,1,0.0010113055,0.5095897863,0.5067395050346484
4.14172,3.70815,4.13635,1.81907,447.316,245.904,0.0,0.0,0.3944,0.216814,0.0,1,0.0036981074,1.0271805299,1.030917125557053
7.74101,6.53754,7.72929,0.889175,2037.11,2291.01,0.0,0.0,0.6704,0.753957,0.0,1,0.0022420577,1.0577273778,1.0436120385809464
6.43035,3.58774,6.40263,1.17796,1255.08,1065.47,0.0,0.0,0.5356,0.454684,0.0,1,0.0031343113,1.1979783099,1.170479406135983
14.57882,8.27004,14.57002,0.828014,1665.84,2011.86,0.0,0.0,0.6674,0.806025,0.0,1,0.0022000343,0.9930280586,1.0184258080021409
23.87987,23.45836,23.87987,0.417441,1745.24,4180.81,0.0,0.0,0.8514,2.03957,0.0,1,0.0027399701,1.320696252,1.311475897402733
5.3997,3.7276,5.38981,1.60552,1283.87,799.661,0.0,0.0,0.5344,0.332851,0.0,1,0.0014978279,0.6126837663,0.6390427904345355
5.24877,5.07012,5.24877,2.41392,1168.03,483.873,0.0,0.0,0.46,0.190561,0.0,1,0.0015802671,0.6105582669,0.5893630904143128
13.62192,8.69235,13.61731,0.709108,2139.96,3017.82,0.0,0.0,0.7494,1.05682,0.0,1,0.0040679592,1.7650285523,1.6746345722451093
5.31372,3.9852,5.29181,1.76596,1661.67,940.942,0.0,0.0,0.5196,0.29423,0.0,0,0.0070205924,1.8634554748,2.0281664839827203
8.69136,6.12819,8.69136,1.41245,1732.73,1226.76,0.0,0.0,0.648,0.458778,0.0,0,0.0012103509,0.5767541664,0.5476917953988009
8.99985,5.9392,8.99985,1.59852,1738.06,1087.3,0.0,0.0,0.6478,0.40525,0.0,0,0.0013260791,0.6124686481,0.5707633136267628
6.17523,5.02799,6.17017,1.45638,1635.51,1123.0,0.0,0.0,0.5482,0.376414,0.0,1,0.0024926824,1.0007738538,0.997960960375508
8.68301,5.26839,8.68301,0.613738,2959.15,4821.52,0.0,0.0,0.7366,1.20019,0.0,1,0.0034640123,1.5465175306,1.5743687030043985
9.1769,5.34749,9.1769,0.570426,2833.6,4967.52,0.0,0.0,0.7508,1.31621,0.0,1,0.0029742832,1.4250978211,1.4259603035209718
9.17279,5.31913,9.17279,0.580043,2871.76,4950.95,0.0,0.0,0.7526,1.29749,0.0,1,0.0032802794,1.447267247,1.520947676148675
10.19907,5.488,10.19907,0.599366,2923.9,4878.33,0.0,0.0,0.7518,1.25433,0.0,1,0.0035531685,1.5940796761,1.5884446132713714
7.70148,5.09259,6.16713,0.70962,2883.03,4062.77,0.0,0.0,0.6922,0.975452,0.0,1,0.0040728096,1.7880888933,1.8233582240523432
7.15478,5.03775,6.09393,0.736061,2757.31,3746.04,0.0,0.0,0.6812,0.925467,0.0,1,0.0041737884,1.7827186597,1.812600262469199
7.82903,4.99743,6.01083,0.808894,2359.81,2917.33,0.0,0.0,0.6612,0.817412,0.0,1,0.0043076573,1.8813044814,1.8387470698324053
8.83339,5.23908,8.83268,0.625162,2968.14,4747.79,0.0,0.0,0.7388,1.18177,0.0,1,0.0033537124,1.5631668496,1.548117616887238
17.37115,8.63776,17.37115,0.586277,2129.19,3631.71,0.0,0.0,0.7812,1.33248,0.0,0,0.0048968444,2.2208847909,2.090783033369936
10.72389,9.68617,10.71468,0.687876,2071.59,3011.58,0.0,0.0,0.7326,1.06502,0.0,0,0.0029741732,1.3769214702,1.3412254902953178
5.8975,3.62321,5.8791,1.25938,1494.83,1186.95,0.0,0.0,0.5682,0.451174,0.0,1,0.0040523384,1.5266458185,1.4568051139753149
25.15545,13.83989,25.12929,0.397099,1646.09,4145.29,0.0,0.0,0.8436,2.12441,0.0,1,0.0036062891,1.7170867008,1.6589885990819777
4.35318,3.61073,4.35318,1.60792,480.24,298.672,0.0,0.0,0.4216,0.262203,0.0,0,0.0055384275,1.3411162991,1.3015978402687884
8.6135,7.01422,8.60784,0.699177,2542.49,3636.41,0.0,0.0,0.7356,1.05209,0.0,0,0.0032684333,1.463996195,1.4961438624890426
6.16822,4.1914,6.16041,0.853713,2759.78,3232.68,0.668484,0.783032,0.701,0.821119,0.0,1,0.0027262724,1.2012499071,1.2503520917696525
10.0339,6.95835,10.02217,0.642755,2514.17,3911.56,0.0,0.0,0.7686,1.19579,0.0,1,0.0024758071,1.1780034639,1.1809155307031705
10.04314,6.94027,10.02007,0.640476,2529.62,3949.59,0.0,0.0,0.7656,1.19536,0.0,1,0.002653397,1.191902959,1.2419013609219265
6.75056,3.96368,6.747,0.886506,2055.95,2319.17,0.0,0.0,0.618,0.697119,0.0,0,0.0035934725,1.60582572,1.5415770272873706
12.34505,7.48961,12.34505,0.843457,1880.34,2229.33,0.0,0.0,0.7078,0.839165,0.0,0,0.0019974113,0.9469556431,0.9077626888768552
8.45052,7.3406,8.18626,0.767479,2121.67,2764.47,0.0,0.0,0.657,0.856049,0.0,1,0.002669944,1.217798588,1.2379256162063126
11.39286,3.40894,11.39286,0.949095,1469.34,1548.15,0.0,0.0,0.625,0.658522,0.0,0,0.0021243629,0.9989209174,0.9560227828193067
10.67429,9.81504,10.67429,0.700095,2177.13,3109.76,0.0,0.0,0.7556,1.07928,0.0,1,0.0046888603,1.8962426266,1.901821988695561
10.93218,6.45029,10.92123,0.719071,2360.22,3282.31,0.0,0.0,0.7418,1.03161,0.0,1,0.002941058,1.302400997,1.3474208455621628
4.1199,3.4264,4.1125,1.98175,599.261,302.39,0.0,0.0,0.3996,0.20164,0.0,0,0.0024198091,0.9231802854,0.8577079818259314
5.75842,4.01754,5.72554,1.25557,1414.52,1126.59,0.0,0.0,0.5766,0.459233,0.0,1,0.0039013535,1.4747104926,1.4083123692409756
6.23579,5.49714,6.23579,1.58729,766.396,482.833,0.0,0.0,0.4186,0.26372,0.0,1,0.0011978867,0.4786842751,0.4674994964127521
7.68342,6.19716,7.66529,1.06352,2246.75,2112.57,0.0,0.0,0.6738,0.633558,0.0,1,0.0044389386,1.9356925799,1.8117072014848197
23.95302,15.31723,23.95302,0.391691,1362.13,3477.56,0.0,0.0,0.858,2.1905,0.0,1,0.0027640519,1.3011251125,1.3018440092969443
5.95888,4.93789,5.95575,1.04375,1513.2,1449.77,0.0,0.0,0.5402,0.517556,0.0,1,0.0047927533,1.5306613022,1.6918417360585365
11.35423,3.67445,11.35423,1.10812,1929.78,1741.49,0.0,0.0,0.6346,0.572682,0.0,1,0.0053919575,1.6716736459,1.753929492396006
11.27878,4.48127,11.27878,0.837758,2209.49,2637.39,0.0,0.0,0.6896,0.82315,0.0,1,0.0048923328,1.762177839,1.820119362428861
11.33875,4.69312,11.33857,0.842421,2322.16,2756.54,0.0,0.0,0.7046,0.836399,0.0,1,0.0038911715,1.5382950119,1.5642020233163338
9.9978,7.95845,9.98195,0.747982,2000.14,2674.04,0.0,0.0,0.7406,0.990131,0.0,0,0.0014665244,0.6754272098,0.7391167503023466
14.9385,4.22033,14.9385,1.02521,1957.71,1909.57,0.0,0.0,0.681,0.664253,0.0,1,0.005008948,1.8452325148,1.7805831067960605
16.85961,16.29058,16.85961,0.987245,2036.71,2063.02,0.0,0.0,0.69,0.698915,0.0,1,0.0037239607,1.5449639523,1.4602468304754685
18.31229,16.60062,18.31229,0.879226,2151.59,2447.14,0.0,0.0,0.7156,0.813897,0.0,1,0.0035067705,1.5301228349,1.3631478655472344
6.58265,5.73847,6.58265,0.935373,2650.07,2833.17,0.0,0.0,0.714,0.763331,0.0,1,0.0025177922,1.1313034738,1.1752523560427048
4.60036,4.13679,4.36405,1.42758,1221.11,855.37,0.0,0.0,0.5356,0.375181,0.0,1,0.0040468662,1.3988074637,1.422070508160795
4.99549,4.15902,4.98439,1.15851,933.473,805.753,15.0963,13.0308,0.5306,0.458002,0.0,0,0.0056919514,1.8717642599,1.6930266543055172
7.51192,4.80683,7.51192,1.08065,1227.66,1136.03,0.0,0.0,0.5226,0.483596,0.0,1,0.0048192841,1.4855771264,1.539707496036093
11.44375,6.32835,11.44375,0.724468,2369.18,3270.23,0.0,0.0,0.743,1.02558,0.0,1,0.0039129767,1.7319951655,1.6106987553694627
6.8358,6.48385,6.8358,1.24403,1197.74,962.797,0.0,0.0,0.5018,0.403368,0.0,0,0.0041197172,1.4666692128,1.4034599561318757
11.84752,7.82774,11.74488,0.869535,1611.99,1853.86,0.0,0.0,0.6302,0.724755,0.0,1,0.0026082791,1.1315967982,1.1164825006234422
7.00841,6.87174,7.00841,1.1901,1390.91,1168.73,0.0,0.0,0.6142,0.516091,0.0,0,0.0016114158,0.7460261385,0.732642492086945
7.02628,6.85841,7.02628,1.18485,1425.51,1203.11,0.0,0.0,0.615,0.519053,0.0,0,0.0015999194,0.7439376209,0.7431920402816821
7.96785,7.76541,7.96785,1.15351,1457.83,1263.82,0.0,0.0,0.6284,0.544772,0.0,0,0.001831764,0.8428183892,0.8395330150904066
8.08658,7.93125,8.08658,1.12874,1428.77,1265.81,0.0,0.0,0.627,0.555487,0.0,0,0.0018681694,0.8390992951,0.8295493004054019
8.31524,7.66858,8.31524,0.918646,1605.96,1748.18,3.17356,3.45461,0.6742,0.733906,0.0,1,0.0018543699,0.9076346536,0.8511281648314578
8.47885,8.09304,8.47885,0.942478,1573.71,1669.76,0.0,0.0,0.6686,0.709407,0.0,1,0.0024235938,1.1255245999,1.1060038910960261
8.40037,8.01066,8.40037,0.935791,1631.15,1743.07,0.0,0.0,0.6708,0.716827,0.0,1,0.0023949969,1.1591594114,1.1209365114603933
8.11701,7.49064,8.11701,0.931625,1637.23,1757.39,0.0,0.0,0.6638,0.712518,0.0,1,0.0020565993,0.9900345044,0.9448125708029037
11.48793,10.50283,11.48793,1.21119,1624.17,1340.97,0.0,0.0,0.653,0.53914,0.0,1,0.0030428885,1.2147586662,1.2313304066326667
5.33112,3.97403,5.33043,1.32579,1407.65,1061.75,0.0,0.0,0.5238,0.395087,0.0,1,0.0021453607,0.8600240972,0.8953381834531176
5.72446,3.86989,5.72446,1.71463,866.46,505.333,0.0,0.0,0.4918,0.286825,0.0,1,0.0037255054,0.9623834947,1.0956999481727678
20.28017,4.1755,10.09474,0.997235,1823.44,1828.5,0.0,0.0,0.6744,0.67627,0.0,1,0.0026140835,1.1619152204,1.1363498650356012
5.38174,3.9098,5.38174,1.47361,430.645,292.238,0.0,0.0,0.4026,0.273206,0.0,1,0.0013678596,0.4244723717,0.46222571280908054
6.80967,5.57312,6.80967,1.28307,2168.4,1690.01,0.0,0.0,0.6202,0.483373,0.0,1,0.0074274339,2.4806007472,2.5354172252390685
15.50229,14.17026,15.50229,0.301134,1628.27,5407.15,0.0,0.0,0.8756,2.90768,0.0,1,0.0030920376,1.4519617732,1.4797410970907627
16.79092,3.56449,16.79092,0.69015,1946.61,2820.56,0.0,0.0,0.6888,0.998044,0.0,1,0.0041517125,1.8049176788,1.7264537005584133
8.02798,7.30674,8.02798,0.898114,1523.34,1696.15,0.715304,0.796451,0.6172,0.687218,0.0,1,0.0039390425,1.4280242856,1.555890042995712
17.95239,10.63646,17.95239,0.600011,2087.15,3478.52,0.0,0.0,0.8014,1.33564,0.0,1,0.0027731592,1.2180382768,1.2772709443245636
10.9533,4.13648,10.9533,0.807681,2413.25,2987.87,0.0,0.0,0.7156,0.885993,0.0,0,0.0026144656,1.1702671461,1.1823930569212098
5.61977,4.05885,5.24298,1.02873,1985.67,1930.22,0.0,0.0,0.6746,0.655761,0.0,0,0.00169637,0.8343678862,0.7599513080867208
7.00427,5.66417,7.00427,1.03301,2659.19,2574.21,0.0,0.0,0.7456,0.721774,0.0,0,0.0010401588,0.4913155964,0.5087143299817092
6.99143,5.65004,6.99143,1.03721,2660.09,2564.66,0.0,0.0,0.745,0.718274,0.0,0,0.0009925509,0.4962321859,0.4884417687711554
5.88391,4.37273,5.87003,1.21357,1253.26,1032.7,0.0,0.0,0.5114,0.4214,0.0,0,0.0054929075,1.8005822567,1.7306606131395101
4.82964,4.23812,4.82964,1.13369,1456.59,1284.82,0.0,0.0,0.5224,0.460795,0.0,0,0.0059779206,2.0560756385,2.0503897561321565
16.14545,8.60739,16.14545,1.16801,1743.0,1492.28,0.0,0.0,0.7494,0.641603,0.0,1,0.0017414355,0.8524560366,0.762234681548106
14.22468,12.71779,14.22468,1.07415,1394.66,1298.38,0.0,0.0,0.625,0.581853,0.0,1,0.0027242855,1.0983185425,1.0826488577578723
10.33904,5.80354,10.2816,1.15853,1627.88,1405.12,5.62491,4.8552,0.626,0.540338,0.0,1,0.0031555153,1.2632029097,1.2177317884997545
21.35428,13.61239,21.35428,0.516145,2019.82,3913.28,0.0,0.0,0.8142,1.57746,0.0,1,0.0030266492,1.4334945197,1.3803394570897352
4.9754,4.00901,4.96475,2.66219,1407.31,528.628,0.0,0.0,0.5208,0.195628,0.0,1,0.0009971636,0.4258514687,0.4537502873187296
11.27344,4.5108,11.27344,0.979267,1463.42,1494.4,419.062,427.935,0.6638,0.677854,0.0,0,0.0033921016,1.2744561382,1.3103498675101424
5.87931,4.42492,5.57015,3.74291,1747.69,466.934,0.0,0.0,0.5646,0.150845,0.0,1,0.0008846257,0.3930108716,0.35253705606863317
5.88295,4.42033,5.88295,3.69928,1821.75,492.461,0.0,0.0,0.572,0.154625,0.0,1,0.00086251,0.3949840291,0.35186154112341783
9.47418,7.83744,9.45292,0.597233,2275.99,3810.89,0.0,0.0,0.7302,1.22264,0.0,0,0.0026788497,1.2828981646,1.2328118663198524
4.82084,4.14331,4.80387,1.76082,968.791,550.193,3.54724,2.01454,0.494,0.280551,0.0,1,0.001484373,0.5843594388,0.6003303953617853
18.8079,13.71867,18.7996,0.674371,1650.25,2447.09,10.9626,16.2561,0.753,1.1166,0.0,0,0.0035980259,1.4874505011,1.459177570634424
4.73097,3.9715,4.71386,1.90641,913.695,479.276,5.68199,2.98047,0.4682,0.245593,0.0,1,0.0014053906,0.5471621782,0.5602543056764638
4.70447,3.94356,4.68752,1.9293,894.021,463.392,4.63057,2.40013,0.4642,0.240606,0.0,1,0.0013790486,0.5296179506,0.5116389631597156
4.69665,3.92183,4.69665,1.96962,879.845,446.707,3.91969,1.99007,0.464,0.235578,0.0,1,0.0013610887,0.5292895822,0.5071336530635369
4.33176,3.82431,4.32093,1.34661,564.007,418.836,0.0,0.0,0.4458,0.331055,0.0,0,0.0013808577,0.5249214842,0.5579929708503132
5.07969,4.03039,4.98773,1.15833,1745.23,1506.68,0.0,0.0,0.621,0.536118,0.0,1,0.0036841902,1.5434397419,1.5120088444608937
8.50423,8.27985,8.50423,1.12072,1220.76,1089.26,0.0,0.0,0.5906,0.526983,0.0,0,0.0010115798,0.4618032505,0.5135727421878952
6.1865,5.74044,6.1865,1.30148,981.157,753.879,0.0,0.0,0.4824,0.370656,0.0,0,0.0014316532,0.5887038169,0.5934938819367793
6.86398,6.10482,6.86398,1.21871,1121.27,920.046,0.0,0.0,0.513,0.420936,0.0,0,0.0012683855,0.5866256175,0.5562361336626706
8.25776,7.03071,8.25776,1.10094,2063.01,1873.86,0.0,0.0,0.6554,0.595309,0.0,1,0.0031052494,1.30215205,1.2955076117031958
5.20085,3.89327,4.84433,1.15458,1432.82,1240.99,0.0,0.0,0.5566,0.482082,0.0,0,0.0041647472,1.5079808648,1.5527486060359799
5.20115,3.94888,4.8971,1.25952,1433.77,1138.35,0.0,0.0,0.5544,0.440168,0.0,0,0.0037498562,1.3643955914,1.402354222874547
10.32513,7.87202,10.32103,1.07611,1950.06,1812.15,0.0,0.0,0.6638,0.616853,0.0,1,0.0008894717,0.4317199381,0.4200182834500005
9.19439,3.959,7.03116,0.906382,2290.66,2527.25,0.0,0.0,0.6912,0.762592,0.0,1,0.0029123935,1.3445711304,1.2930131988874483
29.41365,23.60037,29.35162,0.156124,881.282,5644.76,0.0,0.0,0.9382,6.00933,0.0,0,0.003537789,1.604107467,1.765051731941337
14.46967,11.94118,14.45544,0.429595,1931.96,4497.16,0.0,0.0,0.8224,1.91436,0.0,0,0.0020965923,1.0518818871,1.0591359405822158
20.5205,15.85622,20.5205,0.295002,1403.53,4757.71,0.0,0.0,0.8866,3.00541,0.0,0,0.0024974345,1.2197131418,1.2552761645352721
10.8747,9.02496,10.86921,0.338372,2296.38,6786.58,0.0,0.0,0.8498,2.51144,0.0,0,0.0027891874,1.2463931503,1.3174415210373003
5.7583,4.46842,5.7583,0.958855,3178.07,3314.45,0.0,0.0,0.7062,0.736503,0.0,0,0.0022344452,1.0026585453,1.0365595275002155
11.38761,10.4443,11.38761,1.02785,1047.76,1019.37,62.4425,60.7507,0.593,0.576933,0.0,0,0.0040395955,1.1549931599,1.277845667006406
5.96211,4.62167,5.8482,1.10398,1177.53,1066.62,0.0,0.0,0.5062,0.458523,0.0,1,0.0023127847,0.9519120623,0.9436551507512715
6.64699,4.59021,5.67003,1.10689,1216.8,1099.29,0.0,0.0,0.5272,0.476289,0.0,1,0.005222558,1.7584422599,1.6270045540345044
6.29847,5.43889,6.29847,1.11326,868.696,780.315,0.0,0.0,0.5092,0.457394,0.0,1,0.0008335516,0.3877905072,0.3907258080341821
15.68052,8.0633,15.68052,0.473321,2336.0,4935.34,0.0,0.0,0.7938,1.67709,0.0,0,0.0030711008,1.4310343783,1.4469709093497891
13.37732,6.88163,13.37732,0.804279,2195.74,2730.07,0.0,0.0,0.74,0.920079,0.00124335,0,0.0018058198,0.8989161298,0.9020913846725046
12.13124,5.0609,12.1281,0.908718,2183.39,2402.71,0.0,0.0,0.6878,0.75689,0.0,0,0.0033287059,1.455873425,1.3388181887360566
14.70209,8.11021,14.70209,0.628556,2151.09,3422.27,0.0,0.0,0.8094,1.28771,0.0,0,0.0014956279,0.7625026817,0.7794660409405658
6.48174,4.30295,6.47204,2.30944,1238.98,536.484,0.0,0.0,0.5252,0.227414,0.0,1,0.0027122721,0.8372558222,0.9296706903885734
15.55627,9.00897,15.55627,0.559431,2205.12,3941.72,0.0,0.0,0.787,1.40679,0.0,1,0.0026144696,1.2311721898,1.2187106025395906
11.50806,7.82539,10.51641,0.694288,2343.63,3375.59,0.0,0.0,0.739,1.0644,0.0,1,0.0024074461,1.1527162305,1.1435418945404179
5.192,4.5372,5.18708,1.71994,820.91,477.29,0.0,0.0,0.4076,0.236985,0.0,1,0.0018800692,0.6623694009,0.6213526308555741
12.29205,5.40077,12.29205,0.881935,2191.85,2485.27,7.83761,8.88684,0.6948,0.787813,0.0,1,0.0028065429,1.2473761961,1.1840175167446259
26.33515,10.27637,16.37091,0.33727,1729.95,5129.28,0.0,0.0,0.871,2.5825,0.0,1,0.0029556081,1.4704902662,1.4092238768324568
24.55082,12.17426,18.62931,0.377577,1712.52,4535.57,0.0,0.0,0.8764,2.32112,0.0,1,0.002473114,1.2235914876,1.2487996953780691
10.5421,9.07611,10.5421,0.632077,2324.74,3677.95,0.0,0.0,0.7278,1.15144,0.0,1,0.0021871061,1.0316960905,1.0540374785386573
10.15021,8.70819,10.15021,0.656268,2410.23,3672.63,0.0,0.0,0.719,1.09559,0.0,1,0.0023353023,1.0648610646,1.0926939701168512
5.9443,5.31331,5.61744,1.28796,1054.79,818.961,0.0,0.0,0.5256,0.408086,0.0,0,0.0033219258,1.115511521,1.1300134612998312
4.49346,3.41581,4.45719,1.24906,796.3,637.522,0.0,0.0,0.4856,0.388774,0.0,1,0.0022287713,0.9371101846,0.8800366869723821
7.14066,5.08524,7.12439,1.32285,1391.46,1051.86,0.0,0.0,0.5322,0.402312,0.0,1,0.0022876974,0.8871182142,0.9584961489456376
6.3306,4.52097,6.32879,1.12223,1320.24,1176.44,0.0,0.0,0.5702,0.508096,0.0,0,0.0018451659,0.7476277814,0.7514251139609766
6.43864,4.7481,6.42659,1.12574,1304.99,1159.23,0.0,0.0,0.5758,0.511486,0.0,0,0.0018376126,0.7394216488,0.74815782496653
8.7931,6.77287,8.7931,1.07439,1647.74,1533.66,0.0,0.0,0.6144,0.571859,0.0,0,0.0031903843,1.2666232413,1.309490845529669
8.81515,6.86051,8.81515,1.02206,1673.56,1637.43,0.0,0.0,0.619,0.605638,0.0,0,0.0031576828,1.2675650456,1.320730157979392
8.78847,6.84598,8.77538,1.04816,1663.77,1587.32,0.0,0.0,0.6228,0.594182,0.0,0,0.003307381,1.2973769637,1.351371593380651
9.08566,8.61929,9.08005,0.761887,2055.27,2697.6,0.0,0.0,0.71,0.931897,0.0,1,0.002031339,1.0028440324,0.9596566333430588
7.73482,5.71785,7.72321,0.979448,1633.89,1668.18,0.0,0.0,0.588,0.600338,0.0,0,0.0018970011,0.8926847658,0.8377263059894183
8.69504,5.47442,8.69504,0.784292,2017.86,2572.85,0.0,0.0,0.6382,0.813728,0.0,1,0.0027883127,1.2090890807,1.2635525509420615
10.92956,6.85619,7.97786,0.99837,2250.02,2253.69,0.0,0.0,0.6896,0.690726,0.0,1,0.002931732,1.3461534592,1.2562757204014572
12.6138,8.71559,12.59801,0.583675,1959.85,3357.77,0.0,0.0,0.767,1.31409,0.0,1,0.0023504909,1.0282366449,1.0814200997044694
6.16099,5.90611,6.12795,1.08253,2263.15,2090.61,0.0,0.0,0.6752,0.623722,0.0,0,0.0027545611,1.1789387268,1.2065410881027088
13.91201,9.20691,13.91201,0.616035,2114.14,3431.85,0.0,0.0,0.7722,1.2535,0.0,1,0.0025288995,1.1247724353,1.1996744338693328
4.30721,3.46839,4.30721,1.92701,892.53,463.167,0.0,0.0,0.4868,0.252619,0.0,1,0.0037786192,1.26152281,1.2615661286176219
4.49188,3.54288,4.49188,1.73966,1360.22,781.89,0.0,0.0,0.5116,0.29408,0.0,1,0.0023585999,0.9741711129,0.9427582277979858
7.12611,4.89301,7.12611,1.98392,840.751,423.782,0.0,0.0,0.4314,0.217448,0.0,0,0.0012505185,0.4763872095,0.4691876962631185
6.71352,5.54656,6.70452,1.08988,996.607,914.419,0.0,0.0,0.4838,0.443902,0.0,1,0.0011163359,0.4758619428,0.5123378340866572
5.15455,4.85632,5.13093,1.95651,774.474,395.845,0.0,0.0,0.4138,0.211499,0.0,1,0.0016099124,0.6151173014,0.569541650507097
6.60857,4.38157,6.58169,1.52914,1380.73,902.948,0.0,0.0,0.5468,0.357587,0.0,1,0.0029376316,1.1144146113,1.1300984661469007
5.94406,5.31262,5.94406,0.925851,1673.96,1808.02,0.0,0.0,0.5828,0.629475,0.0,0,0.0044149483,1.7823255847,1.74774578442382
4.84557,3.80044,4.84557,1.15061,997.702,867.108,0.0,0.0,0.498,0.432814,0.0,1,0.0030466862,1.1485942253,1.1113945623833934
5.04792,4.38484,5.0448,1.30477,1062.64,814.426,0.0,0.0,0.5004,0.383515,0.0,0,0.003024599,1.0621286754,1.0709967497802175
8.58065,5.8094,8.54388,0.697286,2813.81,4035.37,0.0,0.0,0.7542,1.08162,0.0,1,0.0030194637,1.4534934481,1.4088743078813488
18.06508,7.13825,11.29555,0.600782,2223.57,3701.13,0.0,0.0,0.783,1.3033,0.0,1,0.0027511212,1.3315897379,1.3016275335676597
18.20917,7.10984,11.84134,0.592075,2208.62,3730.3,0.0,0.0,0.783,1.32247,0.0,1,0.0028583702,1.3793993291,1.3399079812901173
5.78407,3.96262,5.7827,1.90553,677.8,355.702,0.0,0.0,0.434,0.227759,0.0,1,0.0016525483,0.5605704547,0.5734168824672244
13.10382,3.67767,13.10382,1.322,940.809,711.658,184.278,139.394,0.5642,0.426778,0.0,0,0.0013278742,0.5419013641,0.5204479637606823
12.98786,3.46699,12.98786,1.43218,894.164,624.337,203.647,142.194,0.5692,0.397436,0.0,0,0.0011237455,0.4644204582,0.47550449482969737
7.8603,5.01976,7.84665,0.979833,2007.79,2049.12,0.0,0.0,0.6394,0.65256,0.0,1,0.0022819973,1.0485536881,1.0336262604223387
5.99288,4.42191,5.93648,1.43356,1311.29,914.712,0.0,0.0,0.5364,0.374173,0.0,1,0.0029014836,1.0809784283,1.0961061604476896
6.08943,4.42337,5.91878,1.4324,1320.62,921.959,0.0,0.0,0.5424,0.378664,0.0,1,0.0028470548,1.0715540205,1.088742163935788
6.14197,4.45081,6.02384,1.41539,1356.59,958.46,0.0,0.0,0.5526,0.390423,0.0,1,0.0025649736,1.027101184,1.010955154077838
8.54799,6.78315,8.52991,0.582411,2894.93,4970.58,0.0,0.0,0.7922,1.36021,0.0,1,0.0024467724,1.136700562,1.2066360014662663
6.8318,3.73291,6.33433,1.05182,1255.59,1193.73,0.0,0.0,0.5338,0.507503,0.0,0,0.0024331624,1.0458843482,0.9975955807136014
6.87946,3.53974,6.12375,1.07753,1201.6,1115.15,0.0,0.0,0.5294,0.49131,0.0,0,0.0026956738,1.0866205252,1.047331855871513
6.93247,6.0951,6.93247,1.45916,960.382,658.174,0.0,0.0,0.4598,0.315113,0.0,1,0.0029638142,1.0097534062,1.0792463694942203
11.03089,9.17864,11.01877,1.00746,1259.05,1249.73,0.0,0.0,0.6048,0.60032,0.0,1,0.0032500317,1.0607123237,1.2041150298268213
11.39418,11.07263,11.39418,0.982365,1253.76,1276.27,0.0,0.0,0.6124,0.623394,0.0,1,0.0032425843,1.0539918182,1.172759684498081
11.07211,9.50667,11.06415,0.988926,1269.07,1283.28,0.0,0.0,0.6132,0.620066,0.0,1,0.0031293843,1.0516354708,1.1521121474923022
11.21563,10.87494,11.21563,0.985981,1260.64,1278.57,0.0,0.0,0.6026,0.611168,0.0,1,0.0031487474,1.0344439652,1.1466131364436842
8.38842,6.72694,8.33928,0.577283,2917.64,5054.09,0.0,0.0,0.7804,1.35185,0.0,1,0.0025789554,1.2057778351,1.2837228781154457
4.82905,4.48972,4.82035,1.16972,759.125,648.979,0.0,0.0,0.4596,0.392914,0.0,0,0.0028908894,0.9270098229,1.0230919505086191
5.11388,4.36379,5.09892,1.34461,989.368,735.801,0.0,0.0,0.4928,0.366499,0.0,1,0.001792199,0.6712163317,0.689273768146287
4.74814,3.78436,4.74702,1.30283,544.632,418.038,0.0,0.0,0.4486,0.344328,0.0,1,0.0039284181,1.090830597,1.088450100665922
6.92762,6.10595,6.92762,1.43826,1562.19,1086.17,0.0,0.0,0.5924,0.411885,0.0,0,0.0030899638,1.2743533464,1.2396557652552809
6.14773,4.26664,6.04871,1.32991,783.463,589.11,0.0,0.0,0.4684,0.352204,0.0,1,0.0019687898,0.7309929414,0.7168797430215195
7.80429,5.88473,7.80429,0.800823,2311.14,2885.95,0.0,0.0,0.6928,0.86511,0.0,1,0.0033275269,1.4558017398,1.4760415426391416
14.4419,10.2051,14.4419,0.443469,2088.1,4708.57,0.0,0.0,0.8326,1.87747,0.0,1,0.0026206162,1.2037203205,1.2516445646239458
13.85309,6.75838,13.85309,0.567973,2306.32,4060.62,0.0,0.0,0.7948,1.39936,0.0,1,0.002656211,1.2862976846,1.2550176325661861
11.39005,7.08849,11.39005,0.58467,2472.03,4228.07,0.0,0.0,0.7898,1.35085,0.0,1,0.0029469491,1.3404515297,1.3658474238185887
5.65344,4.07573,5.64183,1.00727,1776.16,1763.34,0.75218,0.746751,0.6264,0.621879,0.0,1,0.0057240368,2.1906995254,2.172493126891653
12.00094,11.06312,12.00094,0.965457,1025.27,1061.95,99.7383,103.307,0.6016,0.623124,0.0,0,0.0036866986,1.1041540066,1.2193515803074177
6.02417,4.10555,6.02138,1.04671,2066.79,1974.55,0.0,0.0,0.6206,0.592904,0.0,1,0.0039662453,1.5481926042,1.6207102711862453
6.61049,4.70522,6.61049,0.97171,2250.82,2316.35,0.0,0.0,0.6362,0.654722,0.0,1,0.0038278349,1.5683571915,1.6260575207651873
6.38612,4.28228,6.36726,1.14648,2047.77,1786.13,0.0,0.0,0.6026,0.525607,0.0,1,0.0037583245,1.4430633566,1.5319130945710995
5.40727,4.06272,5.33928,1.31041,1192.91,910.333,0.0,0.0,0.513,0.391481,0.0,1,0.0036975365,1.2960783189,1.303306129540668
5.6853,5.37606,5.64875,1.07587,1742.46,1619.58,0.0,0.0,0.6052,0.56252,0.0,0,0.0035412992,1.4093853943,1.4192139686238148
6.30636,5.13016,6.19765,1.10057,1724.95,1567.33,0.0,0.0,0.6202,0.563526,0.0,0,0.0039924361,1.6316738683,1.5849353872975
7.60741,6.30843,7.59214,0.861714,1966.86,2282.5,0.0,0.0,0.658,0.763595,0.0,1,0.0026648455,1.2271084475,1.177566710629071
15.56875,9.80847,15.56875,0.777237,1278.3,1644.67,443.796,570.991,0.7198,0.926101,0.0,1,0.0033416461,1.3976444899,1.35717726253684
15.46142,7.44821,15.40352,1.15975,1222.53,1054.13,396.899,342.228,0.6494,0.559948,0.0,1,0.00274259,1.1266998167,1.0716698449427582
15.5822,9.65924,15.5822,0.788284,1287.18,1632.89,417.804,530.017,0.712,0.903228,0.0,1,0.003365359,1.3849630565,1.3167919512542539
15.65949,6.23259,15.65949,1.14479,1297.32,1133.23,389.885,340.573,0.648,0.566042,0.0,1,0.0027124189,1.1060223924,1.0490712984753874
15.71951,9.72839,15.71951,0.76692,1281.45,1670.9,425.267,554.513,0.7184,0.936734,0.0,1,0.0031979179,1.331801547,1.2925609969370826
15.83521,9.82464,15.8304,0.749306,1274.9,1701.44,431.482,575.842,0.7222,0.963826,0.0,1,0.0030656188,1.3056187233,1.2988695135587054
9.38154,5.59471,9.38154,1.04219,1955.75,1876.59,0.0,0.0,0.6824,0.654777,0.0,1,0.0016442742,0.7435059428,0.7461088574992809
11.41407,10.59979,11.41389,1.19971,1576.67,1314.22,0.0,0.0,0.6588,0.549134,0.0,1,0.0018941528,0.8638032389,0.8629716085358479
4.03231,3.46877,4.03231,1.63524,245.521,150.143,0.0,0.0,0.397,0.242778,0.0,1,0.0014531566,0.5499145594,0.5568733291127346
8.89536,8.62816,8.89536,0.837745,1861.72,2222.3,0.0,0.0,0.6918,0.825789,0.0,1,0.0026763435,1.2147558511,1.176121594779962
7.45121,6.98768,7.45121,0.945343,1746.6,1847.59,0.0,0.0,0.6538,0.691601,0.0,1,0.0029029922,1.2312785418,1.2919490028346918
5.6675,5.04419,5.6675,1.1688,1345.58,1151.25,0.0,0.0,0.5694,0.487165,0.0,1,0.0028580402,1.068508129,1.1027943893869367
6.01834,3.95176,6.01834,1.15627,1427.45,1234.53,0.0,0.0,0.5724,0.49504,0.0,1,0.0030986517,1.2265639056,1.2054117291609903
4.74057,3.91438,4.73173,1.12547,612.424,544.15,0.0,0.0,0.4952,0.439995,0.0,0,0.002299825,0.8729542766,0.8674602022846095
6.18036,4.30595,6.18036,1.16997,1430.3,1222.5,0.0,0.0,0.575,0.491464,0.0,1,0.0048689683,1.7213756064,1.6737880758215409
4.94052,4.11721,4.9348,1.67517,1504.56,898.154,0.0,0.0,0.6094,0.363784,0.0,0,0.0046024216,1.6426820769,1.5804729532167094
4.6223,3.84632,4.60163,1.67938,1300.59,774.446,0.0,0.0,0.5928,0.352987,0.0,0,0.0037679111,1.3912522176,1.3561760288727982
6.42024,5.0837,6.41252,1.7783,988.209,555.703,0.0,0.0,0.4528,0.254625,0.0,1,0.0026229608,0.8338456628,0.8897898480689762
4.13262,3.6686,4.1292,1.75655,575.771,327.784,0.0,0.0,0.5006,0.28499,0.0,1,0.0009602062,0.3959671672,0.3917847883747414
12.53569,7.27061,12.47881,0.659976,1848.81,2801.34,0.0,0.0,0.7014,1.06277,0.0,1,0.0025195166,1.1765113321,1.1621598539917652
12.40052,7.22634,12.40052,0.666065,1847.56,2773.85,0.0,0.0,0.713,1.07047,0.0,1,0.0026294872,1.1664233092,1.1946315379585621
8.85063,6.25728,8.83155,0.902561,1517.6,1681.44,0.0,0.0,0.6232,0.69048,0.0,1,0.001990064,0.9515210576,0.9047159459407357
12.32132,7.27063,11.94622,0.538243,2328.12,4325.4,0.0,0.0,0.795,1.47703,0.0,1,0.00232557,1.2004099715,1.1243286291544357
6.56282,6.27917,6.55848,1.03902,1614.33,1553.7,0.0,0.0,0.6152,0.592095,0.0,0,0.0019711539,0.8739645082,0.8698127765844783
9.00116,4.32918,8.7971,0.897328,2289.34,2551.28,0.0,0.0,0.6734,0.75045,0.0,1,0.0041751281,1.7248431777,1.7093524251233747
9.52144,5.9183,9.51707,0.828676,2119.74,2557.99,0.0,0.0,0.6796,0.820103,0.0,1,0.0027223243,1.1899259685,1.2067456018656106
6.13583,4.25508,6.12102,1.52116,1472.07,967.73,0.0,0.0,0.532,0.349733,0.0,1,0.0032092052,1.2134187945,1.2148412719533845
4.79531,3.45398,4.78239,1.18884,601.717,506.139,0.156486,0.131629,0.504,0.423944,0.0,1,0.0029432382,1.0918613759,1.0073372941344718
4.78914,3.45844,4.64139,1.18597,613.731,517.491,0.198684,0.167528,0.5058,0.426485,0.0,1,0.0030560361,1.1022440292,1.0255568086213882
7.16113,4.73321,7.10699,1.15085,1085.85,943.517,0.0,0.0,0.5382,0.467654,0.0,1,0.0023938265,0.919911357,0.9277203799263574
6.40025,5.70377,6.3929,1.21508,2093.15,1722.65,0.0,0.0,0.6392,0.526057,0.0,1,0.0031323618,1.3474036723,1.3295087955773546
7.47545,6.2198,7.47545,0.467817,3303.45,7061.42,0.0,0.0,0.7762,1.6592,0.0,1,0.002859425,1.43953179,1.4279219808468346
4.88713,3.88543,4.88713,1.64828,882.041,535.129,0.0,0.0,0.4606,0.279443,0.0,0,0.0011656064,0.4833913553,0.48848416042166465
5.12784,4.01813,5.11026,1.59271,1003.99,630.367,0.0,0.0,0.4816,0.302377,0.0,0,0.0012390556,0.4932734624,0.5064051933895456
5.13844,4.03284,5.13064,1.58929,1001.62,630.232,0.0,0.0,0.4764,0.299756,0.0,0,0.0011177048,0.4881256334,0.4666113831254216
4.92972,3.79229,4.92858,1.6758,825.852,492.811,0.0,0.0,0.4524,0.269961,0.0,0,0.0011480425,0.4652669737,0.4813397909144629
6.03489,5.11879,6.02804,1.08037,1988.86,1840.92,0.0,0.0,0.5946,0.550369,0.0,1,0.0025531779,1.0635686492,1.106598674349225
4.75983,4.08689,4.75983,1.55048,933.775,602.248,10.5817,6.82478,0.5034,0.324673,0.0,0,0.0037139258,1.3190518193,1.2167796556118435
5.55487,4.3075,5.55487,1.61783,1414.83,874.522,0.0,0.0,0.6026,0.372475,0.0,0,0.0035600402,1.2170574715,1.2479160501765643
9.60606,7.73922,9.60387,0.865497,1776.39,2052.45,0.0,0.0,0.6816,0.787524,0.0,1,0.00246033,1.1370638283,1.101154084532956
4.7399,4.20115,4.72096,1.75805,590.761,336.032,0.0,0.0,0.3948,0.224567,0.0,0,0.0038721808,0.8692288152,1.002171185061814
5.42434,3.78722,5.41357,1.56042,1520.84,974.637,0.0,0.0,0.5342,0.342345,0.0,1,0.0035743371,1.3694996156,1.3022688271660312
4.8139,4.57423,4.8139,1.40471,790.723,562.91,0.0,0.0,0.4598,0.327328,0.0,1,0.001408671,0.5754707934,0.5751077236382853
4.77305,4.26622,4.76857,1.33788,1125.79,841.477,0.0,0.0,0.484,0.361768,0.0,1,0.0011550719,0.5115236396,0.5105087698682931
37.52571,19.54108,37.52571,0.164116,999.284,6088.87,0.0,0.0,0.9304,5.66915,0.0,1,0.0036626089,1.8298805887,1.7721883479401424
26.25291,12.57512,26.25291,0.207415,1259.45,6072.13,0.0,0.0,0.913,4.40181,0.0,1,0.0030268015,1.6513261671,1.465855191823755
25.17564,12.49369,25.17564,0.244994,1420.93,5799.87,0.0,0.0,0.8902,3.63356,0.0,1,0.0032773174,1.5855264348,1.5909930552045348
5.36267,3.61603,5.3498,1.32796,1049.23,790.108,0.0,0.0,0.535,0.402873,0.0,1,0.0063852719,1.8489305552,1.9004970940456631
4.51878,3.91316,4.51878,1.20992,526.263,434.955,0.0,0.0,0.4704,0.388785,0.0,0,0.0021563625,0.7494784516,0.7946962325247158
8.10638,4.88927,8.10638,0.902679,1696.47,1879.38,0.0,0.0,0.605,0.670227,0.0,1,0.0019955153,0.954337982,0.9138093151665251
7.89565,4.97897,7.87662,0.907269,1685.58,1857.86,0.0,0.0,0.6116,0.674111,0.0,1,0.002067502,0.8837348516,0.9497239247548998
4.17515,3.43562,4.17515,1.60472,795.582,495.775,0.0,0.0,0.4962,0.309212,0.0,0,0.0025833078,0.9348303226,1.002996693737762
6.88379,6.45442,6.88379,1.62124,1571.08,969.06,0.0,0.0,0.5722,0.35294,0.0,0,0.0024825106,1.0283828168,1.0090726378141093
25.42698,10.76844,22.57889,0.654082,1604.18,2452.57,0.0,0.0,0.8422,1.28761,0.0,1,0.0014797812,0.7131056533,0.7272729221540846
5.70679,3.6399,5.68672,1.24095,795.076,640.701,0.0545715,0.0439757,0.4934,0.397599,0.0,1,0.0027265348,0.9296246446,0.936550507707635
7.26399,5.25081,7.26386,0.96381,1855.66,1925.33,0.0,0.0,0.5882,0.610286,0.0,1,0.0042676753,1.5773777743,1.6678826987977369
6.57451,5.5873,6.57451,0.939158,1727.44,1839.35,0.0,0.0,0.604,0.64313,0.0,1,0.0038075437,1.5538462868,1.5666101639746974
11.69294,6.93274,11.69294,0.710904,1782.6,2507.52,25.4741,35.8333,0.6994,0.983817,0.0,0,0.0032156455,1.4657039178,1.355004121497033
11.84801,7.36492,11.84801,0.733043,1723.96,2351.79,66.007,90.0452,0.716,0.97675,0.0,1,0.0030229174,1.3586546084,1.3159076434823593
11.79938,6.70311,11.79938,0.734288,1705.89,2323.19,141.576,192.807,0.7142,0.972643,0.0,1,0.0031322171,1.3619445294,1.3393130300986225
11.94166,7.13512,11.94166,0.709142,1885.38,2658.68,0.0,0.0,0.7218,1.01785,0.0,1,0.0032149726,1.3695439814,1.3413562623132746
12.04076,6.91892,12.04076,0.729779,1690.09,2315.89,127.81,175.136,0.7162,0.981393,0.0,1,0.0029104949,1.3218580836,1.2953642958751204
10.64181,4.52481,5.22943,0.89363,2280.68,2552.15,0.0,0.0,0.6776,0.758256,0.0,1,0.0034715688,1.516663136,1.451114189319311
8.54501,7.28684,8.54501,0.99094,1266.94,1278.53,0.0,0.0,0.599,0.604476,0.0,1,0.0016709498,0.7757844907,0.7352188889878708
9.42427,4.27216,9.42427,0.982453,1582.3,1610.56,0.0,0.0,0.6066,0.617434,0.0,1,0.0027573277,1.1168595431,1.1863867582300665
10.88001,10.50387,10.88001,1.19375,1315.8,1102.24,0.0,0.0,0.6004,0.502953,0.0,1,0.0026178475,0.9723949578,1.0243857049022305
10.6197,8.65931,10.61387,0.747212,1607.37,2151.16,0.0,0.0,0.6408,0.857588,0.0,1,0.0030557451,1.1935672463,1.3037369111629615
4.9496,4.4506,4.9496,1.68807,1040.45,616.352,0.0,0.0,0.482,0.285533,0.0,1,0.0036070466,1.1881683087,1.1742997744973966
5.44554,4.19244,5.4181,1.31908,2093.99,1587.46,0.0,0.0,0.5974,0.452892,0.0,1,0.0030105767,1.3085782184,1.2515044361379957
18.42063,9.23563,18.42063,0.348553,1743.14,5001.08,0.0,0.0,0.8538,2.44956,0.0,1,0.0029274952,1.4249270428,1.3946126629730013
8.06476,5.62993,7.88344,0.749362,2380.21,3176.31,0.0,0.0,0.7064,0.942669,0.0,1,0.0023554163,1.065658138,1.0999517046555662
19.47488,13.27772,19.47462,0.402001,1509.07,3753.89,0.0,0.0,0.8346,2.07611,0.0,1,0.0028291492,1.2999212171,1.3118666650316946
5.37744,3.53202,5.37744,1.38918,653.213,470.214,0.0,0.0,0.4478,0.322348,0.0,0,0.0023140119,0.7181443176,0.7425823935296096
9.6188,8.65235,9.60052,0.750661,2213.56,2948.81,0.0,0.0,0.6692,0.891481,0.0,1,0.0034243643,1.5203883836,1.497643718760281
6.41608,3.94175,6.40902,1.68088,1551.99,923.32,0.0,0.0,0.574,0.341488,0.0,1,0.0015821187,0.7013861502,0.6587735011397698
14.24572,5.52422,14.23389,0.741721,1799.0,2425.44,0.0,0.0,0.7126,0.960739,0.0,0,0.0018284406,0.9189862534,0.8402620198758728
7.85983,4.2994,7.19513,1.05112,1083.88,1031.17,529.841,504.074,0.6054,0.575959,0.0,0,0.0035243105,1.3939142507,1.4106621063332523
7.21454,5.63203,7.19196,1.06453,1024.66,962.545,0.0,0.0,0.4958,0.465746,0.0,1,0.0026621464,0.81314976,1.003461409925866
12.16451,6.87343,12.16451,0.774775,2322.28,2997.35,0.0,0.0,0.7066,0.912006,0.0,1,0.002571333,1.2010640096,1.2276037155189599
12.69936,7.89199,12.69936,1.08786,1666.19,1531.63,0.0,0.0,0.6204,0.570296,0.0,1,0.0019899817,0.8141084105,0.8814172592821943
5.27678,3.99297,4.86471,1.01321,1059.99,1046.17,0.0,0.0,0.5368,0.529802,0.0,1,0.0054990679,1.8214488852,1.7872501687538112
5.65614,4.89759,5.3467,1.11309,1245.12,1118.62,0.0,0.0,0.5586,0.501848,0.0,1,0.0041011882,1.4271442202,1.429112030832321
5.44142,4.51467,5.32983,1.81828,1092.81,601.015,0.0,0.0,0.5076,0.279165,0.0,1,0.0035342513,1.085092022,1.0987098020898023
4.13891,3.52594,4.05476,2.44574,369.977,151.274,133.125,54.4315,0.4542,0.185711,0.0,1,0.002104221,0.6056646805,0.7611390294412079
7.0547,5.80911,7.0547,0.682418,2610.44,3825.28,0.0,0.0,0.715,1.04774,0.0,1,0.0034154273,1.5609978207,1.5480120053763071
5.99991,4.88169,5.99991,1.10463,1885.15,1706.59,0.0,0.0,0.6184,0.559825,0.0,1,0.003354487,1.3988348968,1.3664198954983084
5.16583,4.20229,5.16583,1.16624,909.575,779.923,0.0,0.0,0.5142,0.440905,0.0,0,0.0028253596,0.989158118,1.0299421027372984
8.60576,7.13629,8.60576,0.984728,1990.18,2021.04,0.0,0.0,0.6528,0.662924,0.0,0,0.0019727713,0.9080002308,0.8780910334220275
5.34617,4.27166,5.33175,2.14248,360.006,168.032,116.013,54.1487,0.3902,0.182125,0.0,1,0.0020264625,0.5648084242,0.6152934625531625
6.44764,5.41267,6.44764,0.918977,2207.44,2402.06,0.0,0.0,0.6406,0.69708,0.0,1,0.0037014881,1.548799445,1.5985218956272256
6.19215,5.21845,6.19129,0.959339,2059.17,2146.44,0.0,0.0,0.6236,0.650031,0.0,0,0.0044609902,1.867638575,1.822677551846728
7.70901,5.72948,7.70901,1.0049,1743.18,1734.69,0.0,0.0,0.6112,0.608223,0.0,1,0.002893782,1.2553198563,1.245093349917658
6.79615,5.75134,6.79615,1.10764,1482.92,1338.8,0.0,0.0,0.5666,0.511536,0.0,1,0.0013984473,0.6305226719,0.6744964332023478
12.36039,11.54677,12.35976,1.38142,1564.69,1132.67,0.0,0.0,0.6892,0.498906,0.0,1,0.001530054,0.6961008106,0.6945727929554693
5.4946,5.30289,5.4946,0.925783,1729.65,1868.31,0.0,0.0,0.6062,0.654797,0.0,1,0.0049177711,1.8190709623,1.8641739677276055
5.47244,4.59142,5.38091,1.03022,1558.36,1512.66,0.0,0.0,0.5602,0.54377,0.0,0,0.003643399,1.4030708444,1.472507689960611
13.54985,9.13066,13.54893,0.629882,1979.75,3143.05,0.0,0.0,0.7794,1.23737,0.0,1,0.0022331305,1.128401342,1.0551161942323508
5.31376,5.06628,5.30265,1.49933,912.911,608.879,0.0,0.0,0.437,0.291463,0.0,1,0.0029258012,0.9722805449,0.9908004709590429
20.24597,8.58384,20.24597,0.340053,1825.41,5368.02,0.0,0.0,0.8648,2.54313,0.0,1,0.0026143509,1.2946041953,1.2868056912437615
42.79818,24.24061,42.79818,0.126526,810.47,6405.57,0.0,0.0,0.9392,7.42299,0.0,1,0.0043312828,2.2805851005,2.0673320287310277
27.24034,13.9632,26.75245,0.334895,1602.49,4785.05,0.0,0.0,0.8624,2.57514,0.0,1,0.0028011013,1.3773216036,1.366475145270952
8.75902,7.46421,8.75317,0.770453,2094.53,2718.57,0.0,0.0,0.676,0.877405,0.0,1,0.0030590485,1.3133046093,1.367361941322066
33.05863,31.49051,33.05863,0.462445,1416.09,3062.18,0.0,0.0,0.8292,1.79308,0.000432484,1,0.0025679167,1.2300355469,1.1920732414003572
9.2615,6.75088,8.75247,0.652591,2421.36,3710.38,0.0,0.0,0.722,1.10636,0.0,0,0.0034754248,1.5505443157,1.5463500315527763
4.75514,3.65279,4.718,1.35569,1756.76,1295.84,0.0,0.0,0.628,0.463233,0.0,0,0.0029475497,1.2030088097,1.2422039484368337
7.21036,5.21436,7.21036,1.28754,867.89,674.07,0.0,0.0,0.459,0.356494,0.0,1,0.0010638569,0.4854233141,0.4601515992229023
5.64744,4.1969,5.5822,1.08566,1393.43,1283.49,0.0,0.0,0.5582,0.51416,0.0,1,0.0036234204,1.3673423817,1.3835219197833077
5.62502,3.68781,5.62502,1.15041,1146.89,996.943,0.0,0.0,0.4858,0.422284,0.0,1,0.0036550325,1.2666396038,1.2903950764288785
5.75474,3.70828,5.75474,1.24694,1151.54,923.496,0.0,0.0,0.5016,0.402265,0.0,1,0.0030949559,1.1142262336,1.1225727998704513
5.3188,3.97632,5.3188,1.04154,1135.05,1089.78,0.0,0.0,0.473,0.454133,0.0,1,0.0038269548,1.3518781481,1.4063149328463762
10.54661,10.45745,10.54661,0.882268,1351.9,1532.3,0.0,0.0,0.655,0.742405,0.0,1,0.0012747314,0.5623183529,0.6198366166863127
10.35764,10.23297,10.35764,0.893987,1370.16,1532.64,0.0,0.0,0.63,0.704708,0.0,1,0.0011327791,0.5653021896,0.5389137740273529
10.32563,10.2098,10.32563,1.16569,1103.61,946.742,0.0,0.0,0.6056,0.519521,0.0,0,0.0008945153,0.4172507419,0.41260102291017
9.77409,9.63706,9.77409,0.990438,1290.67,1303.13,0.0,0.0,0.592,0.597716,0.0,1,0.001008589,0.5190641947,0.5017840056868471
6.75364,5.16047,6.74991,0.798706,2521.08,3156.46,0.0,0.0,0.6402,0.801547,0.0,0,0.0053488817,2.2311341356,2.2378519926388796
10.21454,6.03558,10.21454,0.764371,2087.31,2730.76,0.0,0.0,0.673,0.880463,0.0,0,0.002992087,1.3894586113,1.3270948698745608
8.00306,5.96794,8.00133,0.730038,2383.55,3264.96,0.0,0.0,0.687,0.941046,0.0,0,0.0038448421,1.6566588254,1.7140923947369782
5.12362,3.97858,5.12362,1.3287,794.481,597.937,0.0,0.0,0.5126,0.38579,0.0,1,0.001626726,0.5924024086,0.6347590426174703
6.19335,4.27368,6.19335,1.1646,2251.25,1933.07,0.0,0.0,0.6174,0.530141,0.0,1,0.0036582253,1.4880821212,1.5123767952976028
6.03659,3.7841,6.03659,1.16905,1945.06,1663.8,0.0,0.0,0.6102,0.521964,0.0,1,0.0035901448,1.4172981244,1.4494311736643113
6.19267,4.31969,6.19,1.11108,2308.45,2077.66,0.0,0.0,0.6196,0.557654,0.0,1,0.0038061372,1.5101409118,1.5716888861433116
6.14614,4.2626,6.11668,1.06295,2329.37,2191.42,0.0,0.0,0.6258,0.58874,0.0,1,0.0036221493,1.484729635,1.5159445923684949
15.16495,5.42937,15.16495,1.28137,1222.88,954.353,401.433,313.284,0.472,0.368356,0.11956,1,0.0018953361,0.8198568964,0.8149168341993516
15.93969,5.38602,15.93969,1.55026,1210.88,781.08,479.733,309.453,0.6876,0.443538,0.0,1,0.0014176038,0.6202338128,0.6523549729019147
7.75357,4.72091,7.64098,1.06732,1559.59,1461.22,0.0,0.0,0.5544,0.519432,0.0,1,0.0038474078,1.3519612133,1.499743792127654
8.07729,5.36514,8.07375,0.705667,2478.07,3511.67,0.0,0.0,0.72,1.02031,0.0,0,0.0016244474,0.7843323053,0.7813370782381397
6.49399,4.71424,6.45917,1.07075,1422.45,1328.47,0.0,0.0,0.585,0.546348,0.0,1,0.0020422444,0.9206206262,0.8803567637997485
6.49176,4.26641,6.49176,1.04973,1376.89,1311.66,0.0,0.0,0.5628,0.536136,0.0,1,0.0020938878,0.9012376093,0.9227069771281765
6.27069,4.79422,6.26455,0.943025,2150.91,2280.86,0.0,0.0,0.668,0.708359,0.0,1,0.0034921786,1.4973764838,1.460718693423936
9.97626,6.15688,9.95158,0.782835,2372.61,3030.79,0.0,0.0,0.7306,0.933274,0.0,1,0.0030191975,1.3342565512,1.3799057573862379
5.23694,3.82822,5.23519,1.91723,1689.31,881.121,0.0,0.0,0.5532,0.288542,0.0,1,0.0011819428,0.4926515282,0.5334774424231649
5.61731,4.74798,5.61731,1.17978,1409.15,1194.41,0.0,0.0,0.5534,0.469069,0.0,0,0.001467837,0.6950110299,0.6610801103312385
18.4936,4.06846,18.4936,0.9977,1657.17,1660.99,0.0,0.0,0.7322,0.733888,0.0,0,0.0023218826,1.0935626777,0.9825742384786044
13.79678,9.90606,13.29085,0.543859,2105.6,3871.6,0.0,0.0,0.815,1.49855,0.0,1,0.0023114681,1.0923463997,1.1044773264165313
5.92703,4.3432,5.92703,1.02128,2025.04,1982.84,0.0,0.0,0.6088,0.596113,0.0,1,0.0034378715,1.4277458532,1.434900326311305
21.72315,20.98793,21.52659,0.308304,1399.52,4539.4,0.0,0.0,0.9064,2.93995,0.0,1,0.00206942,1.0315821407,1.1173632733214909
18.57439,17.55669,18.57439,0.321672,1460.76,4541.16,0.0,0.0,0.8984,2.79291,0.0,1,0.0020634832,0.9951840955,1.0852942070756826
4.67684,3.43732,4.67684,1.38964,1289.29,927.79,0.0,0.0,0.5428,0.390606,0.0,1,0.0035371637,1.3677427623,1.2940117064055934
13.3117,8.62623,13.3117,0.583969,2196.14,3760.71,0.0,0.0,0.7246,1.24082,0.0,0,0.0025625021,1.2116988212,1.2088773442586835
21.31368,10.23686,21.31368,0.503862,1906.53,3783.82,0.0,0.0,0.7964,1.58059,0.0,1,0.0029602323,1.4804190792,1.3704967810035447
21.10286,10.09364,21.09225,0.511736,1907.73,3727.96,0.0,0.0,0.7778,1.51992,0.0,1,0.0035743279,1.5578264578,1.5850549358610866
21.88013,9.52705,21.05522,0.471575,1883.78,3994.65,0.0,0.0,0.7874,1.66972,0.0,1,0.0031484428,1.4501269005,1.4433740011319058
18.61448,16.92881,18.61448,0.43749,1960.32,4480.84,0.0,0.0,0.8374,1.9141,0.0,1,0.0023815693,1.168024985,1.1725555232668978
5.22147,4.62031,5.22147,1.62242,863.635,532.315,0.0,0.0,0.4264,0.262818,0.0,1,0.0017852322,0.676235803,0.6104701701295365
6.48832,4.86094,6.48832,1.33798,1247.05,932.038,0.0,0.0,0.5134,0.383713,0.0,1,0.0021593955,0.8669326585,0.8741356067029683
29.73511,11.96997,29.73511,0.466941,1434.98,3073.15,0.0,0.0,0.843,1.80537,0.0,1,0.0022749187,1.0306835147,1.0965580836061846
18.63687,3.90699,18.63687,0.676975,1941.67,2868.16,0.0,0.0,0.7214,1.06562,0.0,0,0.0025477382,1.1449411449,1.2035153341165796
8.31867,7.50799,8.23674,1.3283,1507.88,1135.19,0.0,0.0,0.5826,0.438604,0.0,1,0.0012611225,0.6147486934,0.5884373940802627
8.33704,7.53322,8.33704,1.33737,1512.13,1130.67,0.0,0.0,0.5802,0.433835,0.0,1,0.0013881433,0.6101443753,0.641206629020336
7.9618,7.16704,7.94594,1.42154,1501.18,1056.02,0.0,0.0,0.5718,0.402241,0.0,1,0.0012483629,0.5914060165,0.5750290854531176
8.9412,8.20862,8.9412,1.41865,1440.37,1015.31,0.0,0.0,0.5976,0.421246,0.0,1,0.0012758857,0.546490305,0.6051993300281737
8.11197,6.3971,8.1065,0.849879,2006.01,2360.34,0.0,0.0,0.6572,0.773287,0.0,0,0.0029810621,1.341433364,1.324006485456549
8.82584,6.80117,8.82584,0.838203,2031.61,2423.76,0.0,0.0,0.6668,0.795512,0.0,0,0.0030399856,1.330752254,1.2960686834158908
8.33004,6.47185,8.30636,0.855248,2017.93,2359.47,0.0,0.0,0.661,0.772875,0.0,0,0.0031023108,1.3386454125,1.3373324143982595
8.09188,6.36998,8.09188,0.865187,2004.99,2317.41,0.0,0.0,0.6566,0.758911,0.0,0,0.0030752096,1.3437703682,1.345049273959145
5.54889,5.25047,5.54889,1.10605,695.341,628.668,98.2069,88.7903,0.5312,0.480266,0.0,0,0.0014906772,0.5975047208,0.6511446228096183
7.07757,4.49353,7.07641,1.32957,1554.46,1169.14,0.0,0.0,0.5416,0.407349,0.0,1,0.0014709696,0.6614183913,0.6943088127911259
6.90751,5.24121,6.77761,1.23618,1521.62,1230.9,0.0,0.0,0.572,0.462715,0.0,1,0.0034757,1.3519031477,1.3004334511298978
7.01096,4.61744,6.88238,1.0069,1455.4,1445.42,181.324,180.081,0.5804,0.57642,0.0,1,0.0040454569,1.4758575971,1.4898279259214204
15.52711,9.99848,15.50545,0.770284,1323.45,1718.13,449.917,584.092,0.7344,0.953414,0.0,1,0.0025908166,1.0999664562,1.148524987221595
18.0621,10.42327,18.0621,0.790526,1355.07,1714.14,197.917,250.36,0.69,0.872836,0.0,1,0.0035904761,1.1262325636,1.281823900806777
4.39053,3.85775,4.38747,1.58321,405.121,255.886,388.713,245.521,0.5092,0.321625,0.0,0,0.0019180371,0.7737864134,0.741461925887581
4.92609,4.59373,4.92609,1.2701,571.535,449.993,0.0,0.0,0.42,0.330683,0.0,0,0.0027349493,0.8115217602,0.8713612450389385
9.47252,6.48081,9.47252,1.142,1531.96,1341.47,0.0,0.0,0.5924,0.518737,0.0,1,0.0014400336,0.6050628326,0.6999216780312333
5.87158,4.75385,5.8575,1.05542,1850.88,1753.69,0.0,0.0,0.6,0.568494,0.0,1,0.0045527994,1.7133951806,1.7767303536002124
6.15469,4.01567,6.15002,1.24414,1139.51,915.903,0.0,0.0,0.502,0.403491,0.0,1,0.0029900513,1.091710422,1.1138625972071896
7.20698,3.66387,7.20698,1.23952,885.576,714.451,0.0,0.0,0.5112,0.412418,0.0,1,0.0019309014,0.7639618167,0.7395888664099769
4.71556,3.52125,4.69979,1.38457,757.197,546.884,0.91517,0.66098,0.4988,0.360257,0.0,1,0.002652837,0.9748498189,0.9343986636436947
5.36914,3.4206,5.36914,1.22099,548.684,449.375,0.0,0.0,0.4634,0.379527,0.0,1,0.003059485,0.8641892648,0.9076749964341229
8.06989,6.31772,7.96603,0.986571,2261.23,2292.01,0.0,0.0,0.6822,0.691486,0.0,1,0.0023425776,1.0766915906,1.050478889360603
4.69508,4.16375,4.68969,1.65941,1093.22,658.798,0.0,0.0,0.5332,0.321319,0.0,1,0.0009443916,0.4098302215,0.40307037728006767
5.90111,4.73838,5.90111,0.853512,2933.47,3436.94,0.0,0.0,0.7038,0.824593,0.0,1,0.0030065918,1.4457217607,1.3645295929055365
10.63994,5.17607,10.63994,0.946218,2406.2,2542.96,0.0,0.0,0.7374,0.779313,0.0,1,0.0018024266,0.8425534661,0.8357561574347533
7.8305,4.27284,7.79516,1.49467,1437.06,961.456,0.0,0.0,0.5544,0.370918,0.0,1,0.0014367391,0.6202515337,0.6630063062913494
39.11063,37.47642,39.11063,0.375289,1307.21,3483.2,0.0,0.0,0.8658,2.30702,0.0,1,0.0024939708,1.2158202457,1.180830463135096
38.39638,36.09316,38.39638,0.330751,1417.57,4285.91,0.0,0.0,0.8776,2.65335,0.0,1,0.0028819655,1.3433157414,1.3650903006125994
8.00881,3.79594,6.88527,1.70124,1586.52,932.564,97.3647,57.2315,0.582,0.342103,0.00105805,0,0.0011864439,0.5115696829,0.5845346788574087
5.03897,4.14527,5.03897,1.26322,872.21,690.465,0.0,0.0,0.5016,0.39708,0.0,1,0.0050124955,1.5626755555,1.4589553597140759
5.25312,4.62411,5.25312,1.36621,795.034,581.927,0.0,0.0,0.4348,0.318253,0.0,0,0.0020306127,0.7347476502,0.7132204114439489
8.30102,5.43995,8.30102,0.998622,1908.3,1910.93,0.0,0.0,0.629,0.629868,0.0,1,0.0033525974,1.3916633894,1.3832553500544635
7.07895,5.43293,7.07895,1.23597,749.429,606.348,0.0,0.0,0.4656,0.376708,0.0,0,0.0011847655,0.4782898429,0.5078060002650883
6.9387,5.51917,6.92321,1.06823,1491.74,1396.46,0.0,0.0,0.5618,0.525916,0.0,0,0.0036474037,1.4486499207,1.4507355131476347
4.88072,3.66399,4.88072,1.23567,2100.31,1699.73,0.0,0.0,0.5996,0.485242,0.0,1,0.0027235679,1.1245656991,1.1704053039253608
7.02744,5.38791,7.02744,1.22872,811.616,660.538,0.0,0.0,0.4574,0.372258,0.0,0,0.0010604814,0.4700014768,0.47206875514081925
6.82532,5.20998,6.82532,1.26745,776.672,612.785,0.0,0.0,0.469,0.370036,0.0,0,0.0010826905,0.4698210284,0.4717106874264392
10.81747,8.62628,10.81747,0.682989,2289.3,3351.88,0.0,0.0,0.7066,1.03457,0.0,0,0.0040142831,1.7657515274,1.7466485539577061
5.18793,3.64341,5.18793,1.32106,1477.38,1118.33,1.23611,0.935694,0.6038,0.457058,0.0,1,0.0011012258,0.4938049524,0.523298332588659
5.16551,3.78381,5.16551,1.21126,1971.74,1627.85,16.6796,13.7705,0.662,0.54654,0.0,1,0.0012201178,0.5708759652,0.5841626995432405
5.20646,3.81875,5.20646,1.17377,2092.97,1783.12,2.40975,2.053,0.6684,0.569448,0.0,1,0.0012542223,0.6080418444,0.5852214352717598
5.10112,3.76343,4.43149,1.37664,488.999,355.212,519.913,377.668,0.5386,0.391242,0.0,1,0.0045935899,1.6762344245,1.45341906150817
33.37685,31.81617,33.36969,0.55548,1448.92,2608.41,0.0,0.0,0.8332,1.49996,0.000360049,1,0.0020417791,0.9851739219,0.964791980053299
12.62762,5.23882,12.62762,1.04827,1808.67,1725.39,210.803,201.096,0.6818,0.650406,0.0,1,0.0040591485,1.2180553588,1.4580183586182165
8.83143,6.21194,8.83143,0.592358,2322.31,3920.45,0.0,0.0,0.7494,1.26511,0.0,0,0.002453249,1.1085721656,1.1523762409771705
7.04652,4.99124,7.03394,1.10591,1252.19,1132.28,0.0,0.0,0.53,0.479244,0.0,1,0.0026167531,1.0827719145,1.0397593384751274
16.11055,7.03802,16.11055,0.497,2186.45,4399.29,0.0,0.0,0.7782,1.5658,0.0,1,0.0031007176,1.4799373004,1.4079625844862063
6.92785,5.95944,6.79754,0.95198,1569.85,1649.04,0.0,0.0,0.5884,0.61808,0.0,1,0.0034875339,1.3175761279,1.4367067512455507
12.70758,7.22422,12.62907,0.840959,1997.99,2375.84,0.0,0.0,0.7324,0.87091,0.0,0,0.0014469026,0.7219192923,0.6855391592731541
5.4044,4.48945,5.38726,1.33709,1164.94,871.248,14.4818,10.8309,0.513,0.383669,0.0,1,0.0025326519,1.0062640352,0.9952501182271547
5.64911,4.27538,5.64911,1.35969,1108.37,815.17,0.0,0.0,0.4986,0.366702,0.0,1,0.0030892159,1.0969362148,1.0947633455393375
6.56089,5.15548,6.36711,0.972386,1739.81,1789.21,0.0,0.0,0.6012,0.618273,0.0,1,0.0036441527,1.4979507188,1.509979866069541
6.21978,5.55178,6.21978,0.911359,2530.42,2776.54,0.0,0.0,0.701,0.769181,0.0,0,0.0043920769,1.9236230908,1.9718650006242315
7.09855,5.91102,7.08643,1.4765,1374.61,930.993,0.0,0.0,0.5276,0.357332,0.0,1,0.0026374864,1.0577944648,1.0470722953346412
8.00553,6.19741,8.00553,0.932782,1633.12,1750.81,0.0,0.0,0.6212,0.665964,0.0,1,0.0035404571,1.5432084918,1.455463386554416
11.72847,10.48758,11.72847,1.03086,1570.44,1523.42,0.0,0.0,0.6508,0.631316,0.0,1,0.0016239962,0.7623835759,0.7622246380781054
11.9944,10.81728,11.9944,1.03032,1587.16,1540.45,0.0,0.0,0.6594,0.639995,0.0,1,0.0017324692,0.8352072025,0.7917667301468072
11.99779,10.81941,11.9905,1.02929,1587.08,1541.92,0.0,0.0,0.6598,0.641025,0.0,1,0.0017841231,0.8318610678,0.8241583828140078
11.54428,10.77033,11.54428,1.02257,1607.9,1572.4,0.0,0.0,0.664,0.649342,0.0,1,0.0017543553,0.8018786035,0.8170629823707479
11.73822,10.49789,11.73822,1.02922,1570.21,1525.64,0.0,0.0,0.6512,0.632715,0.0,1,0.0016115993,0.7534887875,0.7577038197057611
9.56221,8.33336,9.07575,0.705297,1946.55,2759.91,0.0,0.0,0.6886,0.976327,0.0,0,0.002757739,1.2461183846,1.2657901250786232
15.77585,8.21654,15.76128,0.595584,2156.28,3620.44,0.0,0.0,0.7746,1.30057,0.0,1,0.0025736753,1.1763615552,1.213553224769644
12.56279,7.41464,12.35901,0.699904,2125.04,3036.19,0.0,0.0,0.7334,1.04786,0.0,1,0.0023445831,1.0657451145,1.0908788793953856
33.68342,15.87888,33.68342,0.207465,1336.6,6442.53,0.0,0.0,0.9124,4.39786,0.0,1,0.0034989748,1.7092284666,1.6459342173144569
6.42415,4.65473,6.4148,0.850252,2400.69,2823.5,0.0,0.0,0.6736,0.792235,0.0,1,0.0030640217,1.3856352407,1.3917849740396895
13.14811,11.57992,13.14609,0.737977,1944.6,2635.04,0.0,0.0,0.7482,1.01385,0.000271011,1,0.002383598,1.0644981715,1.070334495849186
15.86893,5.53957,7.79231,0.722489,2062.25,2854.37,0.0,0.0,0.6916,0.957247,0.000276821,0,0.0023043137,1.0832822456,1.057393576989284
6.63883,4.78268,6.63883,1.11548,2206.23,1977.84,0.0,0.0,0.6348,0.569083,0.0,1,0.0028368639,1.2113451378,1.2522828313289518
4.17501,3.53659,4.16494,1.26214,543.593,430.693,0.0,0.0,0.4638,0.367472,0.0,0,0.0015855991,0.6782249918,0.6760283670041887
5.87273,4.76439,5.85793,1.68022,875.321,520.957,0.0,0.0,0.4288,0.255205,0.0,0,0.003498626,1.0358876659,0.9884018991728514
6.19996,3.79741,6.11559,1.07892,1261.13,1168.88,0.0,0.0,0.546,0.50606,0.0,1,0.0035497058,1.3739718467,1.3059392258769562
6.93935,4.21694,6.93935,0.944373,1810.25,1916.88,0.0,0.0,0.5966,0.631742,0.0,1,0.0033802658,1.3632156502,1.41788321366392
8.93125,8.46949,8.93125,1.07172,1754.82,1637.38,0.0,0.0,0.614,0.572909,0.0,1,0.0022332506,0.9761416454,0.9857805678822555
6.08438,5.45003,6.05599,1.74666,1447.28,828.595,0.0,0.0,0.5044,0.288779,0.0,0,0.0061844835,1.8594312035,1.871257562763673
10.28847,9.36955,10.28847,0.959454,1312.84,1368.32,0.0,0.0,0.585,0.609722,0.0,1,0.002576808,0.9615049367,1.0591372013097002
5.24143,4.75286,5.24143,1.73091,867.69,501.29,0.0,0.0,0.4214,0.243455,0.0,0,0.0032055367,0.9561821497,0.9437023651695268
19.92035,7.75151,19.86628,0.416148,1969.69,4733.15,0.0,0.0,0.8146,1.95748,0.0,0,0.0025094534,1.2267585526,1.2296205928077149
20.42812,7.78019,20.42812,0.407456,1942.56,4767.53,0.0,0.0,0.8202,2.01298,0.0,1,0.0026715796,1.2699116694,1.2827681870942458
11.59355,10.81405,11.59355,1.12398,1567.91,1394.96,0.0,0.0,0.6396,0.569048,0.0,1,0.0020729652,0.9759941529,0.9619467268746219
11.60689,10.81841,11.60689,1.12075,1577.05,1407.14,0.0,0.0,0.6396,0.57069,0.0,1,0.0020693316,0.9501992717,0.9614447094725485
11.30625,10.52946,11.30625,1.14718,1579.61,1376.96,0.0,0.0,0.6282,0.547605,0.0,1,0.0019984765,0.9481226729,0.9146894469734801
11.47981,10.7455,11.47981,1.14506,1582.63,1382.13,0.0,0.0,0.6306,0.550713,0.0,1,0.0021801562,0.9733161944,1.0061641821846592
11.4766,10.80771,11.4766,1.14451,1589.9,1389.16,0.0,0.0,0.6324,0.552552,0.0,1,0.0021020339,0.9845003956,0.9716788675601075
11.51419,10.74209,11.51419,1.143,1585.27,1386.93,0.0,0.0,0.6362,0.556603,0.0,1,0.0021002171,0.9880158975,0.972427341285522
6.07325,3.85926,6.03932,1.21319,1423.03,1172.97,0.0,0.0,0.5422,0.446922,0.0,0,0.0023652061,0.9614392562,0.9581976114836233
9.21896,5.54947,8.26542,0.933786,1488.97,1594.55,0.0,0.0,0.591,0.632907,0.0,0,0.0035722801,1.5802252191,1.4561654808453968
9.32301,5.43687,8.01925,0.950981,1467.16,1542.78,0.0,0.0,0.579,0.608845,0.0,0,0.0037355323,1.5978670747,1.5207174792550333
5.03658,3.98397,5.03257,1.74975,597.309,341.369,0.0,0.0,0.4322,0.247007,0.0,1,0.002007038,0.6686899558,0.6390858586339163
6.26427,5.09264,6.24536,0.832059,2251.27,2705.66,0.0,0.0,0.6506,0.781916,0.0,1,0.0031616789,1.4517100717,1.3983630565897995
8.49795,6.03194,7.93874,0.769652,2649.07,3441.9,0.0,0.0,0.7384,0.959394,0.0,1,0.0020924513,0.9561336538,1.018064847170887
4.76954,3.53933,4.76954,1.84478,851.951,461.818,0.0,0.0,0.4894,0.265289,0.0,1,0.0008911888,0.363511307,0.37576225589552736
4.43901,3.87534,4.42525,1.46079,690.461,472.661,0.0,0.0,0.4246,0.290664,0.0,1,0.0035624317,1.0337541251,1.1372237084548773
10.21413,5.8901,10.08749,0.853623,2217.93,2598.26,0.0,0.0,0.735,0.861036,0.0,1,0.0025299686,1.1789164364,1.1636871513591434
8.90548,6.79186,8.80947,0.613586,2659.69,4334.67,0.0,0.0,0.7608,1.23992,0.0,1,0.0029416933,1.3735852189,1.3720992627550188
5.3255,4.52273,5.32364,1.62985,1218.16,747.41,0.0,0.0,0.5184,0.318067,0.0,1,0.0018157768,0.7456876693,0.6952491104990217
6.77494,3.84893,6.77491,1.21968,1760.79,1443.65,0.0,0.0,0.6118,0.501606,0.0,1,0.0049989433,1.9201603156,1.8408415301043837
5.89862,5.05783,5.89274,1.36113,1575.61,1157.57,0.0,0.0,0.5628,0.413479,0.0,1,0.0015086378,0.6438783951,0.66978596619267
5.90298,3.79569,5.88477,1.04758,1099.93,1049.97,0.0,0.0,0.521,0.497338,0.0,0,0.0020301044,0.7863853069,0.8527069600781448
5.56032,3.64308,4.81937,1.07672,1426.07,1324.45,4.06218,3.77273,0.5636,0.523441,0.0,1,0.0025698553,1.0485338208,1.078312857411482
6.20263,3.99405,6.1987,0.988457,1905.85,1928.11,0.0,0.0,0.5896,0.596485,0.0,1,0.0021839042,0.9840835894,1.0019879625759807
5.34194,3.72114,5.30915,1.18992,1017.05,854.72,0.0,0.0,0.4786,0.40221,0.0,0,0.0027138155,1.0442001513,0.9962994732511401
4.69664,4.11195,4.68637,1.09749,1702.36,1551.13,0.0,0.0,0.5844,0.532487,0.0,0,0.0049011673,1.9307319722,1.9077923832010586
5.76822,4.62513,5.72988,1.11065,1442.06,1298.4,0.0,0.0,0.5672,0.510693,0.0,1,0.0023933653,1.0298241303,1.0000416979277948
8.26997,6.53639,8.26997,0.770939,2356.88,3057.16,0.0,0.0,0.7266,0.942487,0.0,1,0.0035287761,1.5592901326,1.5540340127600651
4.83661,3.74279,4.83563,1.15821,667.849,576.623,201.392,173.883,0.5058,0.436709,0.0,0,0.005003153,1.366913619,1.4024496266977171
4.92521,3.49647,4.87249,1.18083,1031.61,873.629,0.0,0.0,0.5556,0.470517,0.0,0,0.0046259023,1.5516775913,1.5997332309831918
10.40468,5.07098,10.12255,0.834367,2007.02,2405.44,0.0,0.0,0.668,0.800607,0.0,1,0.0033787262,1.3755864192,1.377678304159498
4.68057,3.6532,4.67686,1.10074,1075.03,976.65,11.638,10.5729,0.4874,0.442795,0.0,1,0.0057021342,1.9796269286,1.8431364440141695
4.62764,3.59212,4.62764,1.09202,987.897,904.65,4.23835,3.8812,0.4894,0.44816,0.0,1,0.0051587621,1.8940098091,1.7356608243391127
17.06774,7.18297,17.06774,0.779609,1749.67,2244.29,0.0,0.0,0.6902,0.885316,0.0,0,0.0025762954,1.1612983419,1.1511586481238973
6.32079,5.69332,6.32079,1.49326,566.795,379.568,60.4946,40.5117,0.4478,0.29988,0.0,1,0.0010306849,0.4435072099,0.45329190373765127
6.1572,4.57393,6.1572,1.23684,1051.25,849.954,0.0,0.0,0.5146,0.416062,0.0,0,0.0011785731,0.5155486991,0.5201516793934066
10.58889,8.21137,10.57587,0.621509,2301.94,3703.79,0.0,0.0,0.8104,1.30392,0.0,1,0.0012803529,0.6406102776,0.6628409090392625
15.26084,10.84338,15.26084,0.834696,1931.13,2313.57,0.0,0.0,0.7224,0.865465,0.0,1,0.0027703546,1.1855888327,1.180578494312466
11.07723,9.2554,11.07723,0.942046,1274.04,1352.42,0.0,0.0,0.6274,0.665997,0.0,1,0.001935824,0.8731473081,0.8451743217679033
5.86482,4.33377,5.84465,0.919505,1402.89,1525.7,0.0,0.0,0.564,0.613373,0.0,1,0.0049930489,1.8594869258,1.805977039951648
5.80851,5.16856,5.80851,1.17303,1403.54,1196.51,0.0,0.0,0.544,0.463755,0.0,1,0.0041487448,1.4873767823,1.4498810448571104
10.24439,9.01949,10.24042,0.733938,2150.52,2930.12,0.0,0.0,0.6824,0.929779,0.0,1,0.0034243643,1.48813237,1.4926608024911303
8.24371,5.76486,8.24371,0.761139,2746.38,3608.25,0.0,0.0,0.7488,0.983788,0.0,1,0.0018510557,0.8957332401,0.8922664535521249
5.04549,3.73361,5.01118,1.73625,237.061,136.536,547.429,315.294,0.5092,0.293276,0.0,1,0.0024928605,0.9391008689,0.8188776668295208
5.06435,3.71465,5.06435,1.72692,240.436,139.228,509.807,295.211,0.5158,0.298682,0.0,1,0.0024855981,0.912872571,0.823628676084859
5.08065,3.70225,5.00391,1.56415,1026.35,656.171,0.0,0.0,0.547,0.349712,0.0,1,0.0027398772,1.1007421722,0.9979153729428689
15.60203,7.15132,15.60203,0.583758,2414.48,4136.1,0.0,0.0,0.7788,1.33412,0.0,1,0.0035479066,1.558771642,1.5625294530498255
8.40281,5.25443,8.32688,0.998279,1037.93,1039.71,82.5858,82.7282,0.5322,0.533117,0.0,1,0.0034307688,1.1917075166,1.170623053206805
6.91567,6.30981,6.88477,1.43035,1426.63,997.402,0.0,0.0,0.5266,0.368162,0.0,0,0.0020419412,0.8652160364,0.8659492225045652
8.13471,7.32788,8.13207,1.23149,2046.97,1662.19,0.793114,0.644029,0.6562,0.532851,0.0,0,0.0019459939,0.8374482119,0.8716456657519707
8.21788,7.67164,8.21788,1.21042,2075.04,1714.31,0.0,0.0,0.6722,0.555343,0.0,0,0.0019953679,0.8733088772,0.9073251651806729
8.32352,7.79985,8.25756,1.23467,2023.32,1638.75,0.0,0.0,0.6682,0.541198,0.0,0,0.0018966199,0.8360953643,0.8481454562885177
8.16009,7.52386,8.14429,1.22695,2058.62,1677.84,0.0,0.0,0.6684,0.544765,0.0,0,0.0019242694,0.8544730254,0.8794707579083378
8.41278,7.79803,8.41278,1.20596,2061.81,1709.68,0.0,0.0,0.6754,0.560051,0.0,0,0.0018920117,0.8547883607,0.8471481142733989
10.90949,3.96313,10.90949,0.997777,2106.31,2111.0,0.0,0.0,0.6492,0.650646,0.0,1,0.0058893994,1.7876250422,2.004318601824802
6.03686,5.8505,6.03686,1.12119,1527.32,1362.24,0.0,0.0,0.5816,0.518737,0.0,0,0.0033456732,1.2930497116,1.3162914362639497
7.25727,6.70407,7.25727,1.2275,1056.33,860.551,0.0,0.0,0.4792,0.390387,0.0,1,0.0028930829,1.0899819171,1.086854045412107
11.62501,8.78986,11.62501,0.556141,2268.15,4078.37,0.0,0.0,0.7584,1.36368,0.0,1,0.0028124216,1.3500811992,1.3052884666602196
7.09965,5.06719,7.09965,1.05656,1959.47,1854.58,0.0,0.0,0.6212,0.587946,0.0,0,0.003174667,1.3987498858,1.30685041178538
13.2781,6.68961,13.2781,0.886331,2090.67,2358.79,0.0,0.0,0.7192,0.811435,0.0,1,0.003314235,1.265913765,1.2446989551871317
13.193,6.5701,13.193,0.888496,2142.98,2411.92,0.0,0.0,0.7196,0.809908,0.0,1,0.0033168182,1.307885464,1.2583544944850285
13.20287,6.64275,13.20287,0.881027,2105.19,2389.47,0.0,0.0,0.7198,0.817001,0.0,1,0.0034098131,1.2780237677,1.2672262937873446
13.19195,6.68183,13.19195,0.878773,2116.69,2408.69,0.0,0.0,0.7208,0.820234,0.0,1,0.0032703207,1.2674042666,1.2577964030128868
13.25601,6.66924,13.25601,0.875822,2120.67,2421.34,0.0,0.0,0.7216,0.823911,0.0,1,0.0033400669,1.2837894516,1.2646889856179546
13.22876,6.69209,13.22876,0.883303,2102.85,2380.67,0.0,0.0,0.72,0.815122,0.0,1,0.003489892,1.2610521982,1.2722789663403997
7.14687,6.82418,7.14687,0.9646,1570.17,1627.8,0.0,0.0,0.6102,0.632594,0.0,0,0.0034880034,1.5556717375,1.4894233995603965
7.24848,7.00179,7.24848,0.962828,1577.69,1638.6,0.0,0.0,0.6114,0.635005,0.0,0,0.0035405762,1.5595459488,1.540001618076623
7.34601,7.12573,7.34601,0.962415,1571.81,1633.19,0.0,0.0,0.6104,0.634238,0.0,0,0.0037427792,1.5575825568,1.6371335925262036
7.37407,7.1534,7.3737,0.963767,1557.96,1616.53,0.0,0.0,0.6114,0.634385,0.0,0,0.0037023386,1.5582983557,1.6318983076276732
7.38381,7.16186,7.38381,0.96386,1556.21,1614.56,0.0,0.0,0.6126,0.635569,0.0,0,0.0037124488,1.5599200245,1.6321417371584817
7.36182,7.1382,7.36181,0.964358,1561.39,1619.1,0.0,0.0,0.612,0.634619,0.0,0,0.0036174133,1.5826982029,1.5944578038203
7.31824,7.09159,7.31824,0.964626,1573.17,1630.86,0.0,0.0,0.6112,0.633614,0.0,0,0.0035789947,1.5862630435,1.5636935970460533
7.35887,7.1334,7.35887,0.964937,1562.46,1619.23,0.0,0.0,0.6116,0.633824,0.0,0,0.0036881844,1.5432281592,1.621111452080825
7.39937,7.12527,7.39534,0.965163,1550.6,1606.57,0.0,0.0,0.6104,0.632432,0.0,0,0.0035345101,1.5234243883,1.5273756666751246
7.05984,6.6215,7.05984,0.967154,1574.94,1628.43,0.0,0.0,0.6042,0.62472,0.0,0,0.0036436997,1.5421827692,1.5656651630970426
7.36621,7.1125,7.36621,0.965299,1563.1,1619.29,0.0,0.0,0.6096,0.631514,0.0,0,0.0034475627,1.5439803547,1.507489074309779
7.39406,7.16617,7.39402,0.965634,1544.09,1599.05,0.0,0.0,0.61,0.63171,0.0,0,0.0037104268,1.547919271,1.6180246819916082
7.43156,7.13669,7.43156,0.965551,1537.41,1592.26,0.0,0.0,0.6112,0.633006,0.0,0,0.003532488,1.5042090284,1.5179884830164543
7.13232,6.79915,7.13232,0.950095,1594.31,1678.06,0.0,0.0,0.6096,0.64162,0.0,0,0.0037118757,1.6200747232,1.6247372320666242
7.12797,6.78403,7.12797,0.949982,1591.61,1675.41,0.0,0.0,0.6094,0.641486,0.0,0,0.0037364984,1.6141550099,1.6191845176215924
7.13993,6.81973,7.13993,0.949535,1597.17,1682.06,0.0,0.0,0.609,0.641367,0.0,0,0.003919117,1.6170030383,1.6678402721911114
7.13108,6.79826,7.13108,0.949161,1601.41,1687.19,0.0,0.0,0.6114,0.644148,0.0,0,0.0037488098,1.6219563097,1.6247468889360737
7.16075,6.82592,7.16075,0.948967,1591.48,1677.07,0.0,0.0,0.6092,0.641961,0.0,0,0.0038739753,1.6168081084,1.6729212330793073
7.17072,6.86808,7.17072,0.948742,1590.12,1676.03,0.0,0.0,0.6094,0.642324,0.0,0,0.0037180314,1.6130469873,1.633001050407294
7.16028,6.84144,7.16028,0.947823,1600.53,1688.64,0.0,0.0,0.611,0.644635,0.0,0,0.0037406022,1.6420197263,1.6334952256337607
7.14422,6.83019,7.14422,0.947615,1603.14,1691.76,0.0,0.0,0.6106,0.644355,0.0,0,0.0038493526,1.6410101946,1.6702598875699355
7.02034,6.52714,7.01966,0.96948,1649.91,1701.85,0.0,0.0,0.609,0.628172,0.0,0,0.0044523464,1.9249539661,1.8518674571530693
5.76264,4.30885,5.7542,1.44577,991.836,686.024,142.148,98.3197,0.5294,0.366171,0.0,1,0.0025381555,0.8595001734,0.9584301730923247
10.55498,6.2941,10.55218,0.575823,2408.0,4181.84,0.0,0.0,0.7504,1.30318,0.0,1,0.0026096466,1.2257057986,1.23457781821603
10.84171,6.54754,10.84171,0.653951,2390.98,3656.2,0.0,0.0,0.7696,1.17685,0.0,1,0.0022002704,1.1050029171,1.0843601326305499
10.13832,6.56369,10.13026,0.615207,2370.03,3852.42,0.0,0.0,0.7534,1.22463,0.0,1,0.0026308147,1.2395550617,1.2359273170960565
3.78989,3.49285,3.78989,1.48867,302.667,203.313,0.0,0.0,0.4624,0.310612,0.0,1,0.0008800788,0.389891604,0.3631251312409628
4.26772,3.45383,4.24866,1.74897,903.437,516.555,0.0,0.0,0.5768,0.329795,0.0,1,0.003236125,1.1271593921,1.1898060823423027
4.57469,3.97634,4.52445,1.63521,1494.85,914.162,0.0,0.0,0.5962,0.364602,0.0,0,0.0046816345,1.7016613885,1.627863123770684
4.34102,3.83565,4.34102,1.88869,770.385,407.893,0.0,0.0,0.4956,0.262404,0.0,1,0.0019058257,0.7705441632,0.7333153310491143
4.3292,3.79384,4.32865,1.92319,755.058,392.607,0.0,0.0,0.4878,0.253641,0.0,1,0.0018865647,0.7860436266,0.7168237861717695
6.41217,5.04769,5.92617,0.978354,2161.34,2209.16,0.0,0.0,0.6438,0.658044,0.0,1,0.0039041598,1.605290565,1.6156005461225011
10.09171,9.35609,10.09171,0.716453,1773.43,2475.29,0.0,0.0,0.707,0.986805,0.0,0,0.002444583,1.1295300673,1.120674083442698
11.49614,10.90273,11.4945,1.13639,1559.35,1372.2,0.0,0.0,0.646,0.568466,0.0,1,0.0022219425,1.0423281301,1.0262038556103712
11.78987,10.95857,11.78969,1.07449,1572.51,1463.5,0.0,0.0,0.6544,0.609034,0.0,1,0.0017728108,0.8200940325,0.8242341555923952
11.6018,10.75702,11.60156,1.22798,1610.43,1311.45,0.0,0.0,0.6686,0.544469,0.0,1,0.0021774882,1.0266527667,0.9929602904479508
11.53314,10.69952,11.53296,0.910755,1588.72,1744.4,0.0,0.0,0.66,0.724674,0.0,1,0.0028440633,1.3042748493,1.259996468143225
11.31709,10.61593,11.31663,1.308,1523.61,1164.84,0.0,0.0,0.6476,0.495108,0.0,1,0.0014708086,0.6975662222,0.7147509586968717
11.43729,10.88858,11.43526,1.1695,1547.4,1323.13,0.0,0.0,0.6482,0.554254,0.0,1,0.0018244592,0.8689839566,0.8409803933513293
11.69077,10.88298,11.69034,1.22651,1596.45,1301.62,0.0,0.0,0.6696,0.545941,0.0,1,0.0022433172,1.0305871211,1.01395567976538
8.84098,5.5446,8.84098,0.885689,1897.06,2141.9,0.0,0.0,0.6258,0.706568,0.0,1,0.0044111413,1.6692941244,1.744323842441136
5.47401,3.72166,5.47401,1.25742,393.122,312.642,0.0,0.0,0.4288,0.341015,0.0,0,0.0026259982,0.6587402319,0.7768482523443354
6.51206,3.51527,6.51206,1.25751,617.251,490.851,2.6328,2.09366,0.4496,0.357531,0.0,1,0.0015862636,0.5992544592,0.6344499092394449
5.88006,4.17812,5.70456,1.30534,1614.08,1236.52,0.0,0.0,0.5814,0.445402,0.0,1,0.0028441243,1.1312531895,1.1594350547411032
5.14726,4.24065,5.13338,1.08125,1135.23,1049.92,0.0,0.0,0.5266,0.487029,0.0,0,0.0042154413,1.5217323428,1.497651255838348
5.06649,4.15335,5.05658,1.08454,1114.76,1027.86,0.0,0.0,0.52,0.479465,0.0,0,0.0042521734,1.5629264751,1.5102475005307512
9.63817,7.84231,9.63817,0.968257,1898.84,1961.09,0.0,0.0,0.697,0.71985,0.0,1,0.001737865,0.7930006381,0.7860675627604128
5.03463,4.22302,4.98223,1.34292,669.782,498.75,0.0,0.0,0.3872,0.288327,0.0,1,0.0032389567,1.1199561316,0.9582773381074179
6.75649,5.53249,6.75411,1.20645,2145.39,1778.27,0.0,0.0,0.6618,0.548553,0.0,1,0.0016647711,0.7634207134,0.7642555577247048
6.74228,5.52931,6.73491,1.23822,2114.95,1708.06,0.0,0.0,0.6464,0.522042,0.0,1,0.0016842482,0.7597906269,0.7674464420375824
6.72492,5.5633,6.71793,1.24692,2127.23,1705.98,0.0,0.0,0.644,0.516471,0.0,1,0.0016009201,0.7460305883,0.7446930961699789
10.13386,5.37207,10.11324,0.637133,2279.97,3578.48,0.0,0.0,0.7374,1.15737,0.0,1,0.0027586458,1.2453534433,1.2831399932788308
7.59167,4.35736,7.59084,1.4363,1409.0,980.994,0.0,0.0,0.55,0.382928,0.0,1,0.0015093164,0.6375133671,0.672684050666976
5.5757,4.21323,5.5757,0.840322,1200.85,1429.04,0.0,0.0,0.5078,0.604292,0.0,1,0.0019288205,0.8050320808,0.883588700021072
4.38086,4.0721,4.38086,1.35437,330.655,244.139,49.7338,36.721,0.4262,0.314685,0.0,0,0.0031442863,0.9235147475,0.915545130541773
7.21934,5.21879,7.21721,0.929294,2597.37,2794.99,0.0,0.0,0.6854,0.737549,0.0,1,0.0030063201,1.3098570943,1.3830681409271688
4.70734,4.27142,4.70734,1.65503,1163.02,702.72,14.5035,8.7633,0.5338,0.322532,0.0,1,0.0017137177,0.7453912411,0.6992062535779462
4.71891,4.29348,4.71891,1.65805,1181.97,712.869,13.2923,8.01679,0.5418,0.326769,0.0,1,0.0017805632,0.7529173536,0.7181367129841119
4.8322,4.10064,4.8322,1.27011,1172.94,923.5,0.0,0.0,0.5356,0.421697,0.0,1,0.002621811,1.0598720285,1.0242435842873008
5.05781,4.25829,5.05781,2.01174,699.865,347.89,0.0,0.0,0.3956,0.196645,0.0,0,0.0025363969,0.6818355261,0.7574867906867548
6.0834,3.52201,5.92291,1.54452,1012.49,655.538,0.0,0.0,0.489,0.316603,0.0,1,0.0010955456,0.4428820751,0.473200033003786
5.10711,4.11246,5.10711,2.00854,711.044,354.01,0.0,0.0,0.4216,0.209904,0.0,0,0.00108375,0.3905168102,0.4266569571138693
5.66406,3.97439,5.65405,1.2172,2284.73,1877.03,0.0,0.0,0.6392,0.525138,0.0,1,0.0038033479,1.6700261638,1.5853491304475424
7.03622,3.75437,6.89995,0.977205,1831.45,1874.17,0.0,0.0,0.6154,0.629756,0.0,1,0.0023707227,1.0054846657,1.0602018447176864
4.94603,4.45617,4.94603,1.56048,1158.67,742.507,0.0,0.0,0.5224,0.334768,0.0,1,0.0023085576,0.8456445875,0.8823843374658693
5.05516,4.50865,5.05476,1.94091,1202.57,619.589,0.0,0.0,0.5384,0.277396,0.0,1,0.0018538664,0.7482984113,0.6984158865210677
7.45968,5.41366,5.85768,0.680928,2377.88,3492.12,0.0,0.0,0.7016,1.03036,0.0,1,0.0034374494,1.5186377191,1.54514228367909
5.93389,5.13786,5.93375,1.75724,1823.79,1037.87,0.0,0.0,0.6128,0.348728,0.0,1,0.0021138209,0.8900088657,0.8741214276545086
5.69204,4.57463,5.69204,1.10643,1361.29,1230.35,0.0,0.0,0.5686,0.513906,0.0,0,0.0032330702,1.3337943487,1.2302785149665687
8.5131,5.3048,8.50413,0.597247,2569.07,4301.52,0.0,0.0,0.7222,1.20921,0.0,1,0.0036002407,1.5680933803,1.5967729551703849
8.23055,4.00763,8.23055,0.791399,1552.16,1961.29,0.863838,1.09153,0.6424,0.811727,0.0,1,0.0019259856,0.8720984744,0.8751512445014622
9.52504,4.72038,9.52504,1.26402,1793.73,1419.06,0.0,0.0,0.654,0.517396,0.0,0,0.0013054486,0.6081178321,0.5952987885733041
5.59049,4.15781,5.59049,1.21714,1921.05,1578.33,0.0,0.0,0.5986,0.491808,0.0,1,0.0030839031,1.1517771001,1.2709658006152187
28.01343,12.17996,27.60124,0.247232,1408.41,5696.7,0.0,0.0,0.9076,3.67105,0.0,0,0.0032022512,1.4276645,1.558363760763781
5.815,4.76876,5.815,0.737304,2684.86,3641.46,0.0,0.0,0.6944,0.941809,0.0,0,0.0037194954,1.7268983154,1.6838902719939974
4.67101,3.44264,4.47333,0.835534,2247.71,2690.15,0.0,0.0,0.666,0.797095,0.0,0,0.0033284815,1.5234407476,1.5135745523073474
12.81562,12.03113,12.80804,1.65786,1432.65,864.159,0.0,0.0,0.6442,0.388573,0.0,1,0.0012359098,0.4994948847,0.506417093408676
11.49174,10.88335,11.49174,1.17569,1542.4,1311.91,0.0,0.0,0.635,0.540109,0.0,1,0.0017683631,0.8480431896,0.8286018748476773
6.09533,3.90326,6.09533,1.40599,1180.08,839.321,0.0,0.0,0.5142,0.365721,0.0,1,0.004573977,1.4283243884,1.474471451033604
6.3126,4.22285,6.24291,1.35207,1327.35,981.718,0.0,0.0,0.5216,0.38578,0.0,0,0.0027217614,1.0483582567,1.0365541776625733
6.81153,5.91204,6.80774,1.05332,2229.66,2116.79,0.0,0.0,0.6498,0.616908,0.0,1,0.0029309374,1.2231508454,1.2954052232301208
5.59834,5.04687,5.59211,1.08566,2410.48,2220.29,0.0,0.0,0.6696,0.616766,0.0,1,0.0020165038,0.9062066314,0.8945542401334166
5.2963,3.43417,5.2963,1.4085,970.687,689.164,0.0,0.0,0.509,0.361378,0.0,1,0.0039343349,1.2553887484,1.2431002073522976
4.56916,3.40748,4.56916,1.05387,1849.74,1755.19,0.0,0.0,0.6276,0.59552,0.0,0,0.0027352945,1.1963800854,1.2585409739932198
7.47672,4.58604,7.47672,0.942864,1947.64,2065.66,0.0,0.0,0.6222,0.659904,0.0,1,0.0049123674,2.0152832391,1.864452273983006
5.04944,3.83367,4.87007,1.16048,1383.0,1191.75,0.0,0.0,0.5718,0.492727,0.0,1,0.0040508787,1.4891456347,1.4895853051330064
5.05464,3.82141,5.04976,1.16139,1360.51,1171.44,0.0,0.0,0.5758,0.495783,0.0,1,0.0041594113,1.4828678278,1.5089275830405275
5.93116,3.4012,5.93116,1.19033,685.642,576.011,28.078,23.5885,0.47,0.394849,0.0,1,0.0028948378,1.1446500223,0.9102280420974375
5.77537,4.11633,5.61896,0.856547,2860.27,3339.3,0.0,0.0,0.6996,0.816768,0.0,1,0.00301741,1.3885950851,1.3613352190884793
6.8959,6.15645,6.8959,0.724543,2828.29,3903.55,0.0,0.0,0.6932,0.956741,0.0,1,0.0041222725,1.8818119057,1.8431414639456705
5.17797,3.83142,5.17477,1.30054,1151.53,885.425,0.0,0.0,0.514,0.395219,0.0,1,0.0036083472,1.3054943455,1.2694066970974618
18.71129,17.36648,18.69765,0.589373,1296.58,2199.93,0.0,0.0,0.7274,1.23419,0.0,1,0.0027005828,1.197983319,1.146046110643386
4.73082,3.55854,4.7198,1.89726,1369.77,721.97,0.0,0.0,0.558,0.294108,0.0,0,0.0012850076,0.5927074668,0.5918076272932912
4.6964,3.56133,4.68951,1.91805,1368.69,713.581,0.0,0.0,0.56,0.291963,0.0,0,0.0012445671,0.5971647947,0.5592154709560964
8.83929,3.81491,8.83929,0.983115,1714.88,1744.33,0.0,0.0,0.601,0.611322,0.0,0,0.0056450135,2.3435701216,2.084387450522459
9.66168,8.17907,9.66128,0.727331,2334.02,3209.02,0.0,0.0,0.7244,0.99597,0.0,1,0.0031145468,1.4069911078,1.3885314866879146
10.04293,8.51588,10.03567,0.702304,2308.4,3286.89,0.0,0.0,0.7318,1.042,0.0,1,0.0032330935,1.4510244943,1.4278796286421924
6.53637,3.58733,6.4961,1.65009,1230.44,745.682,0.0,0.0,0.5248,0.318042,0.0,1,0.0017994024,0.737603549,0.7088843143657724
5.27377,3.53794,5.26479,1.49897,1060.75,707.651,0.047289,0.0315476,0.5304,0.353842,0.0,1,0.0023781115,0.9001121671,0.8826136996996885
4.37827,3.40648,4.37827,1.74065,715.841,411.25,0.0,0.0,0.5478,0.314711,0.0,0,0.0007025228,0.3151969254,0.34007606611991736
10.83342,6.67267,9.96393,0.814427,2128.52,2613.52,0.0,0.0,0.7096,0.871288,0.0,1,0.0045343577,1.6239243352,1.6885055149399903
10.79495,6.61419,10.65384,0.825495,2120.6,2568.89,0.0,0.0,0.704,0.852822,0.0,1,0.0041677565,1.4903700826,1.5548915827507153
5.91398,4.13588,5.88727,1.34754,1386.92,1029.23,0.0,0.0,0.5694,0.422549,0.0,1,0.0028926335,1.0777578779,1.1207031437619386
5.94592,4.16513,5.91791,1.30338,1417.2,1087.33,0.0,0.0,0.5806,0.445458,0.0,1,0.0028678781,1.0664413524,1.1459887768481754
8.33476,5.09032,8.29465,1.08397,2205.78,2034.91,0.0,0.0,0.6634,0.612008,0.0,1,0.0022812764,0.9912998907,1.0325674024393723
10.02859,8.74362,10.02158,0.833317,2083.55,2500.31,0.0,0.0,0.7206,0.864737,0.0,1,0.002515034,1.1497224368,1.1114799072124566
4.81728,3.69845,4.80154,1.21376,550.063,453.189,0.0,0.0,0.4588,0.377999,0.0,1,0.0015949517,0.5884127295,0.6189837143567396
11.8768,6.79638,11.8768,0.823875,2185.0,2652.11,0.0,0.0,0.7074,0.858625,0.0,1,0.004135419,1.5640888049,1.559415889805266
10.03517,4.39114,9.81197,1.07113,1518.35,1417.52,0.0,0.0,0.6004,0.560529,0.0,1,0.0021012581,0.8970784949,0.8991739545545925
9.02256,7.15114,9.02256,0.917569,1768.62,1927.51,0.0,0.0,0.6346,0.69161,0.0,0,0.0023679465,1.0429210228,1.0342895948365123
5.0065,3.44702,5.0065,2.43277,611.699,251.441,0.0,0.0,0.401,0.164832,0.0,1,0.001158927,0.3846933213,0.3888069539599942
5.36745,4.59869,5.35848,1.40464,933.9,664.867,0.0,0.0,0.4578,0.325919,0.0,0,0.0031372317,1.0115445363,1.0333485481151483
5.38914,4.65491,5.38091,1.40413,956.091,680.914,0.0,0.0,0.473,0.336864,0.0,0,0.0031387926,1.0295128871,1.0496939318639176
5.52672,4.41246,5.51306,1.33702,1014.57,758.83,0.0,0.0,0.4726,0.353472,0.0,0,0.0033027809,1.0919042586,1.1142366213827348
5.49841,4.3714,5.48581,1.35332,991.393,732.566,0.0,0.0,0.483,0.356901,0.0,0,0.0035537161,1.1261508167,1.1671701332084132
7.07962,5.54367,6.68431,0.995326,1963.72,1972.94,0.0,0.0,0.6428,0.645818,0.0,1,0.0036823712,1.4606718865,1.5306700043646568
6.44243,4.38111,6.43204,0.976829,1852.41,1896.35,0.0,0.0,0.5892,0.603176,0.0,1,0.0041027334,1.745270771,1.6457113673133015
5.05189,3.47503,5.00056,1.41655,729.858,515.235,3.30907,2.336,0.487,0.343792,0.0,0,0.0027092554,0.8430376108,0.9401834949049583
7.62222,6.92477,7.62222,0.882059,2131.41,2416.4,0.0,0.0,0.65,0.736913,0.0,1,0.0029311821,1.3190734721,1.3400975932136734
7.57949,6.81104,7.57786,0.890235,2156.64,2422.55,0.0,0.0,0.6646,0.746545,0.0,1,0.0029685485,1.3739002787,1.3335497932056004
7.50015,6.78537,7.50015,0.876532,2176.78,2483.4,0.0,0.0,0.6518,0.743612,0.0,1,0.0028792844,1.3268705826,1.311367478396989
9.51714,7.06696,9.49794,1.05415,1137.31,1078.89,0.0,0.0,0.5474,0.519279,0.0,1,0.0015992403,0.7108556554,0.6968296964458143
5.40643,4.54366,5.40121,1.71115,1533.38,896.109,0.0,0.0,0.5346,0.312421,0.0,1,0.0020521523,0.8066156636,0.8103344218217134
4.49857,3.8442,4.48892,1.5866,672.4,423.8,0.0,0.0,0.4622,0.291315,0.0,1,0.0030240147,0.9594815575,0.9911569332851581
4.98345,3.78027,4.98096,1.03045,1372.42,1331.87,0.0,0.0,0.5442,0.52812,0.0,1,0.0027549985,1.1726285732,1.163289196981329
5.43686,4.14383,5.43686,1.07065,1502.42,1403.28,0.0,0.0,0.5314,0.496335,0.0,0,0.0032275331,1.283804781,1.2949875353671683
6.73498,5.41814,6.73498,1.052,1333.52,1267.6,0.0,0.0,0.5288,0.50266,0.0,0,0.0033619692,1.3672415921,1.2848411767849655
5.45833,4.42032,5.43874,1.21453,1418.68,1168.08,0.0,0.0,0.5298,0.436217,0.0,1,0.0037558043,1.4490393238,1.3680530823489236
5.87443,4.69467,5.85064,1.07984,2256.84,2089.97,0.0,0.0,0.6052,0.560452,0.0,1,0.0027811459,1.2234631509,1.2019413538366337
4.43033,3.99236,4.42996,1.33979,549.564,410.186,188.414,140.63,0.5546,0.413945,0.0,1,0.0014571355,0.6523008803,0.6075282340628305
6.28134,5.12336,6.25197,1.10154,1366.18,1240.24,0.0,0.0,0.5242,0.475878,0.0,0,0.0029131305,1.2158937639,1.1387276648034963
6.85928,3.77665,6.81852,1.76082,1527.11,867.274,0.0,0.0,0.5524,0.313718,0.0,1,0.0012421278,0.5602856413,0.5314084347113739
5.18714,3.79158,5.1767,1.26241,1435.68,1137.26,0.0,0.0,0.5344,0.423318,0.0,1,0.0027232796,1.0709305337,1.0918124127409816
5.20142,3.64055,5.19254,1.24367,1493.92,1201.22,0.0,0.0,0.5352,0.430338,0.0,1,0.0027545672,1.1015182587,1.108443800279548
7.28064,4.66536,7.28064,1.6199,977.704,603.558,0.0,0.0,0.4976,0.307179,0.0,1,0.0015389792,0.624926313,0.6064062938464405
5.60649,4.70814,5.13464,1.76959,946.581,534.916,0.0,0.0,0.4236,0.239378,0.000565104,1,0.0020532168,0.7196322856,0.7188991956603108
6.10817,4.16928,5.9554,1.53541,899.273,585.691,0.0598489,0.0389792,0.5054,0.329164,0.0,1,0.0017694834,0.6655514946,0.6687879432442994
9.37426,8.42221,9.36118,0.760114,2220.47,2921.23,0.0,0.0,0.6854,0.901706,0.0,1,0.0034581526,1.547147198,1.503086768239538
9.44546,8.47192,9.44155,0.754531,2221.93,2944.78,0.0,0.0,0.6746,0.894065,0.0,1,0.0035036932,1.5464391141,1.507203170681239
12.83987,7.4101,12.68863,0.522471,2354.64,4506.73,0.0,0.0,0.796,1.52353,0.0,1,0.003102744,1.3686420178,1.4195463575720861
6.28011,3.53464,6.28011,1.12464,1454.75,1293.53,0.0,0.0,0.5698,0.506652,0.0,1,0.003526357,1.4049743751,1.3157060714149194
6.33441,3.59662,6.33441,1.11373,1441.4,1294.21,0.0,0.0,0.581,0.521669,0.0,1,0.0035237855,1.3940891917,1.3170778157031768
6.26495,3.45129,6.22166,1.15151,1468.87,1275.6,0.0,0.0,0.5682,0.493438,0.0,1,0.0037258304,1.4246382095,1.4427784425853472
9.28847,5.74363,7.91915,0.92545,1489.11,1609.07,0.0,0.0,0.5874,0.634718,0.0,0,0.003540252,1.5849050433,1.442453641853241
9.17575,5.94989,7.9915,0.929043,1495.06,1609.25,0.0,0.0,0.5892,0.634201,0.0,0,0.0036523504,1.5887976047,1.5018268417618403
13.18363,6.64307,13.17065,0.881735,2096.71,2377.93,0.0,0.0,0.7124,0.807952,0.0,1,0.002927402,1.2318078848,1.1976587592873627
13.27896,6.89092,13.26587,0.883073,2036.2,2305.8,0.0,0.0,0.7186,0.813749,0.0,1,0.0030216885,1.2056621098,1.1841656413770472
5.51513,4.27188,5.50941,1.06812,1036.17,970.09,0.0,0.0,0.5198,0.486651,0.0,1,0.0040330686,1.4144725073,1.3818306262832647
5.64071,4.66315,5.45064,1.16869,1439.96,1232.11,0.0,0.0,0.5486,0.469413,0.0,1,0.0017987864,0.7560031248,0.7602992291911492
8.33531,6.07292,8.1953,0.867063,1783.84,2057.33,0.0,0.0,0.6398,0.737893,0.0,1,0.0032208353,1.3420818193,1.372475110687232
20.3631,9.01147,20.3631,0.521418,1774.76,3403.71,0.0,0.0,0.8332,1.59795,0.0,1,0.001801674,0.8793176458,0.8975329436690384
5.93254,5.15214,5.88831,1.0803,2344.41,2170.15,0.0,0.0,0.6392,0.59169,0.0,1,0.0031642679,1.3400995569,1.3560938532627427
5.00365,3.53364,4.98221,1.08104,1844.81,1706.51,0.0,0.0,0.6206,0.574076,0.0,1,0.003704118,1.5225883645,1.5514220733291129
4.93354,4.81445,4.92328,1.42734,510.614,357.738,113.486,79.5089,0.4866,0.340914,0.0,1,0.0018262237,0.6702044232,0.6817027065897019
5.63742,3.98335,5.62763,1.20442,696.106,577.961,65.1595,54.1004,0.5032,0.417795,0.0,1,0.0016435165,0.6578891501,0.6565151185472866
5.28515,5.1054,5.28515,1.34186,1223.75,911.977,0.0,0.0,0.5794,0.431788,0.0,1,0.0033598926,1.2025445268,1.2266054497120495
9.50738,3.99435,9.49132,0.925424,1888.23,2040.4,0.0,0.0,0.6264,0.676879,0.0,1,0.0027262335,1.2414326502,1.2034600646646787
7.1658,4.7152,7.1658,1.41392,1322.21,935.139,0.0,0.0,0.5174,0.365933,0.0,1,0.0023703474,0.9285977109,0.9484659484285214
4.37543,3.51099,4.3605,1.7281,376.515,217.879,0.0,0.0,0.374,0.216423,0.0,0,0.0033626216,0.8362176038,0.904560832533471
5.54342,3.85621,5.5369,1.27196,1497.59,1177.39,0.0,0.0,0.5676,0.446239,0.0,1,0.0029550227,1.1589480686,1.161388517209219
6.92307,5.14701,6.92307,1.38513,740.657,534.72,0.0,0.0,0.4578,0.330511,0.0,1,0.0010980662,0.4413836762,0.4641709236722582
7.01246,4.52059,7.01246,1.55856,1353.3,868.3,0.0,0.0,0.5366,0.344293,0.0,1,0.0029214298,1.1141481555,1.1085359293728858
4.99101,3.50509,4.98216,1.8068,621.631,344.051,0.0,0.0,0.4322,0.239208,0.0,0,0.0016743966,0.555838554,0.5934699049513363
5.10735,4.25399,5.10735,1.35619,773.026,569.999,0.0,0.0,0.4762,0.351131,0.0,1,0.0018962195,0.6889919518,0.6836340487868685
5.60421,4.00046,5.58702,1.12972,1092.67,967.204,0.0,0.0,0.499,0.441701,0.0,1,0.0056114073,1.8082079811,1.6889564661556147
8.13637,5.96872,8.13476,1.18044,720.043,609.981,519.992,440.508,0.5282,0.447462,0.0,1,0.0032268755,1.2976075353,1.2108267052455381
5.79906,5.20244,5.74892,1.1266,1080.97,959.499,0.0,0.0,0.4364,0.387361,0.0,1,0.0019752685,0.7876614652,0.8159228948928618
7.04655,4.39343,7.04655,1.0337,1721.47,1665.34,0.466736,0.451519,0.6006,0.581018,0.0,1,0.0025595017,1.0993211469,1.1286875383408328
6.43543,6.35486,6.43543,1.16514,1539.67,1321.44,0.0,0.0,0.5912,0.507406,0.0,0,0.004136009,1.5974562451,1.6189631039267043
7.12052,6.90641,7.12052,1.14518,1600.5,1397.6,0.0,0.0,0.6142,0.536335,0.0,0,0.0043711704,1.8010806368,1.8366330433622062
12.12577,5.64086,12.12577,0.985409,1409.44,1430.31,390.474,396.256,0.664,0.673832,0.0,1,0.0019193571,0.889361255,0.8626402085987244
7.55824,6.21149,7.55824,1.32954,1214.76,913.669,0.0,0.0,0.54,0.406156,0.0,1,0.0012658466,0.5268593068,0.5653107529282995
6.58677,6.27426,6.58677,1.16648,1563.6,1340.44,0.0,0.0,0.6108,0.523628,0.0,0,0.0047090705,1.8103261648,1.7912013365133617
6.11281,4.48624,6.11281,1.17289,1293.73,1103.03,0.0,0.0,0.5656,0.482229,0.0,1,0.0021888223,0.9331659108,0.9028582580120466
5.83429,5.37899,5.82078,1.0599,1634.79,1542.4,0.0,0.0,0.5844,0.551373,0.0,0,0.0064362688,2.107073062,2.3516803523275787
4.47276,3.50575,4.44835,1.90606,879.044,461.183,0.0,0.0,0.519,0.272289,0.0,1,0.0030238635,1.049031024,1.0476768270323558
4.65105,3.76809,4.64879,1.78136,1057.62,593.716,0.0,0.0,0.5468,0.306956,0.0,1,0.0026503696,0.9517753872,0.9702956809454742
6.40369,4.15529,6.40369,1.15157,1694.44,1471.42,0.0,0.0,0.6046,0.525024,0.0,1,0.0011429885,0.5401289583,0.5357718151693375
19.11403,11.74027,19.11403,0.458248,1880.45,4103.57,0.0,0.0,0.8106,1.76891,0.0,1,0.0023886162,1.128958656,1.1522624676680133
4.93494,3.49142,4.86694,2.00135,1263.38,631.266,0.0,0.0,0.5166,0.258126,0.0,0,0.0022116032,0.8470850855,0.8736630078966864
7.25048,6.08004,7.24863,1.09392,1335.78,1221.09,0.0,0.0,0.5476,0.500583,0.0,0,0.0029790328,1.2471805341,1.1965285834201407
7.17371,5.8712,7.17371,1.10727,1329.12,1200.36,0.0,0.0,0.5452,0.492383,0.0,0,0.0030592549,1.2468319026,1.2018492389186586
5.41735,4.7264,5.40719,1.2729,1870.44,1469.44,0.0,0.0,0.6244,0.490534,0.0,1,0.0046501184,1.8098395936,1.7721673661734587
5.16942,3.66649,5.16942,1.65561,855.86,516.946,0.0,0.0,0.4144,0.250301,0.0,1,0.0009403904,0.3886863354,0.3792052433963904
10.92488,6.00637,10.24342,0.779781,2417.09,3099.71,0.0,0.0,0.7388,0.947446,0.0,1,0.002985115,1.3500322241,1.3658393189313558
18.33861,11.31425,18.33733,0.529585,1559.27,2944.33,0.0,0.0,0.811,1.53139,0.0,1,0.0019121692,0.9337793004,0.9171085673534229
13.15947,6.68014,13.15947,1.04413,1452.16,1390.78,0.0,0.0,0.5972,0.571957,0.0,1,0.0027088366,1.0816336018,1.0850284441596192
5.38027,3.4809,5.34205,1.27884,677.396,529.696,4.06005,3.17479,0.4624,0.361578,0.0,1,0.0035956506,1.0026081964,1.0339812819596466
5.28968,3.60886,5.25875,1.23201,362.386,294.143,41.4473,33.6421,0.4702,0.381654,0.0,1,0.0020032577,0.6222655527,0.66569321658782
4.78039,3.84263,4.78039,1.76597,828.843,469.341,0.0,0.0,0.4496,0.254591,0.0,0,0.0033300164,1.0252248117,1.0144289915734324
4.75958,3.82785,4.75554,1.76954,805.711,455.323,0.0,0.0,0.4502,0.254417,0.0,0,0.0033258556,1.0012919658,1.0129603919883852
4.39406,3.66786,4.39093,1.82931,560.452,306.373,0.0,0.0,0.4366,0.238669,0.0,0,0.0022690158,0.7956755887,0.792697121398741
4.97891,3.78832,4.59863,1.23681,1734.27,1402.21,0.0,0.0,0.5936,0.479945,0.0,1,0.0055031218,2.0542517552,2.0796168640176065
5.07683,3.95879,4.81355,1.20337,1860.11,1545.75,0.0,0.0,0.6076,0.504916,0.0,1,0.0058541934,2.1636630585,2.2076607073776513
9.93002,6.46763,9.91751,0.795967,2168.14,2723.91,0.0,0.0,0.7348,0.923153,0.0,1,0.0026671955,1.2320281928,1.2056536214289584
4.86217,4.34562,4.86217,1.66926,2251.32,1348.69,0.0,0.0,0.6184,0.370463,0.0,1,0.0015754033,0.7227066971,0.706126963011771
8.5072,5.95019,7.5941,0.701061,2581.34,3682.05,0.0,0.0,0.7402,1.05583,0.0,1,0.003186772,1.482355049,1.4743909531186465
6.93958,6.05366,6.90375,0.735097,2642.04,3594.14,0.0,0.0,0.7204,0.980006,0.0,1,0.003526758,1.5600215001,1.580739608400151
6.82996,5.62808,6.81318,0.906851,2249.11,2480.13,0.0,0.0,0.6722,0.741246,0.0,1,0.0028203361,1.2801508447,1.267576632674709
4.35263,3.47485,4.33203,1.3646,1032.9,756.92,0.0,0.0,0.5148,0.377252,0.0,0,0.0037500984,1.3956093072,1.3612281752045392
4.54182,3.68421,4.38679,1.45633,495.592,340.302,181.958,124.943,0.4774,0.32781,0.0,0,0.0036692573,1.2741153092,1.2060496837679522
7.67361,6.90082,7.6375,1.23834,1391.29,1123.51,0.0,0.0,0.5864,0.473535,0.0,1,0.0011815042,0.5537224112,0.5655705865371122
7.06957,4.91595,7.06648,0.920284,2531.68,2750.98,0.0,0.0,0.6946,0.754767,0.0,1,0.0036763463,1.6412823656,1.6346524512349114
5.41107,3.63654,5.41022,1.51085,1084.42,717.756,0.0,0.0,0.4906,0.324718,0.0,0,0.0011789763,0.5079557675,0.5077859734840983
5.89375,3.67074,5.89375,1.25605,1195.64,951.909,0.0,0.0,0.5408,0.430557,0.0,0,0.0030580713,1.1103462606,1.1235563034718983
12.21806,7.03158,12.21806,0.59675,2360.49,3955.57,0.0,0.0,0.7812,1.30909,0.0,1,0.0035810625,1.6005024962,1.552392010370752
4.98159,3.61041,4.97646,1.20745,1001.48,829.422,0.0,0.0,0.4772,0.395214,0.0,1,0.0049373545,1.6053588592,1.5567505221845306
5.15491,3.70129,5.14806,1.1957,1007.34,842.47,0.0,0.0,0.4888,0.408797,0.0,1,0.0048998819,1.5845407156,1.5546953235591972
5.06354,4.01259,5.06354,1.09045,1520.09,1394.01,0.0,0.0,0.5732,0.525654,0.0,1,0.0042021113,1.6438610406,1.5869722156348365
4.82351,3.61774,4.82351,1.61026,574.177,356.574,0.0,0.0,0.414,0.257101,0.0,0,0.0011846714,0.4424187462,0.4581697919249834
4.74887,3.57779,4.74887,1.57979,558.843,353.745,0.0,0.0,0.4136,0.261807,0.0,0,0.0014731226,0.5159848056,0.5607615911805516
7.05454,6.70514,7.05454,1.61812,1500.38,927.234,0.0,0.0,0.5486,0.339035,0.0,1,0.0025576941,1.0269561219,1.050608088152254
6.77782,5.19916,6.76838,1.13174,1870.74,1652.98,0.0,0.0,0.589,0.520437,0.0,1,0.0031986323,1.3624271459,1.3170737662112824
5.69411,4.34501,5.6755,1.35778,616.318,453.917,180.508,132.944,0.4634,0.341293,0.0,0,0.0018459495,0.6462299976,0.6865107571172182
5.78746,4.90776,5.77533,1.02316,2423.56,2368.7,0.0,0.0,0.6678,0.652682,0.0,1,0.0023335819,1.0299727063,1.0432910952583876
10.22426,8.07829,10.22419,0.790487,2342.19,2962.97,0.0,0.0,0.7238,0.915638,0.0,1,0.0027440999,1.277276298,1.2528480946910379
5.90692,5.38954,5.89965,0.987787,1345.25,1361.88,0.0,0.0,0.583,0.590208,0.0,1,0.0038848494,1.45281187,1.4815585060735403
5.12157,4.43835,5.12005,1.31199,1365.8,1041.01,0.0,0.0,0.4802,0.36601,0.0,1,0.0024801079,0.9416960006,0.9924577872653183
6.87089,4.98271,6.87089,1.21823,856.833,703.343,0.0,0.0,0.4828,0.396313,0.0,0,0.001375005,0.6262718301,0.5337591144720824
4.88805,4.01037,4.88805,1.43329,945.622,659.759,0.0,0.0,0.4914,0.342849,0.0,1,0.0025569114,0.8966695284,0.9489529239331832
5.91503,4.28149,5.90688,1.32412,773.007,583.789,0.0,0.0,0.4832,0.364921,0.0,1,0.001285797,0.490616722,0.5214826328558757
5.05411,4.785,5.05411,1.40153,572.024,408.141,0.0,0.0,0.4148,0.295961,0.0,1,0.0042327883,1.1027550131,1.0960319016107871
4.79857,4.01377,4.75701,1.19981,1900.99,1584.41,0.0,0.0,0.5936,0.494745,0.0,1,0.0038909487,1.5346547012,1.5814173636779962
11.63969,10.91793,11.63255,0.407232,1818.5,4465.52,0.0,0.0,0.8666,2.12803,0.0,1,0.0019872262,0.9520151555,0.9857604894131659
6.82408,6.14054,6.82408,2.34011,1768.65,755.799,0.0,0.0,0.6164,0.263406,0.0,1,0.0010384867,0.4289728481,0.47130038535262975
4.92982,3.72004,4.92982,1.77302,851.953,480.51,0.0,0.0,0.4508,0.254256,0.0,0,0.0012027178,0.5318296889,0.49341163013451816
7.09885,6.53196,7.09077,0.672755,2256.65,3354.34,0.591427,0.879112,0.6938,1.03128,0.0,1,0.002647774,1.1926923486,1.2393357945555332
9.62468,7.97439,9.62468,0.668028,2323.97,3478.84,0.0,0.0,0.7968,1.19276,0.0,0,0.0013056231,0.6459359563,0.6597832344387067
15.05124,7.91583,15.05124,0.593338,2225.74,3751.22,0.0,0.0,0.8098,1.36482,0.0,0,0.0020982684,1.005569784,1.0434871162140795
15.04959,5.6073,15.03522,0.712902,1939.67,2720.81,0.0,0.0,0.7442,1.0439,0.0,0,0.0024444527,1.1657677734,1.1118774889615062
20.93415,10.62864,20.9324,0.373403,1788.47,4789.64,0.0,0.0,0.862,2.3085,0.0,0,0.0027108559,1.351023842,1.3106438006709082
11.33412,8.20992,11.33412,0.445208,2301.41,5169.29,0.0,0.0,0.8028,1.8032,0.0,1,0.0024533081,1.1150507157,1.2045536572780997
11.56522,8.64377,10.65601,0.433579,2251.34,5192.46,0.0,0.0,0.8194,1.88985,0.0,1,0.0025972419,1.1834765476,1.2531988745241032
6.13983,5.63757,6.13983,1.11988,1513.16,1351.17,0.0,0.0,0.5868,0.523983,0.0,0,0.0032704871,1.3289401504,1.3097964141784888
10.28948,6.13196,9.71774,0.910166,1438.69,1580.69,202.393,222.369,0.6216,0.682952,0.0,1,0.004113363,1.4956782846,1.467287060361621
10.40168,6.18945,10.40168,0.9137,1441.31,1577.44,199.174,217.986,0.6294,0.688847,0.0,1,0.0043854861,1.5337186287,1.5303918536843277
6.67559,6.34874,6.67559,1.77157,892.601,503.846,0.0,0.0,0.3714,0.209644,0.0,0,0.0028537077,0.9857217027,0.9233877915308395
7.25975,4.31318,7.25513,0.959509,2426.34,2528.73,0.0,0.0,0.7032,0.732875,0.0,1,0.0022857675,1.0694758945,1.0656690496574623
10.61507,9.35673,10.60597,0.815931,1600.87,1962.02,0.0,0.0,0.6556,0.803499,0.0,1,0.0038716944,1.4127073218,1.5470279949097248
5.96917,5.11285,5.74626,1.20816,2033.24,1682.93,0.0,0.0,0.6202,0.513343,0.0,1,0.0030669131,1.3157655106,1.2805628437154948
10.26084,8.70015,10.25879,0.680562,2082.85,3060.48,75.8285,111.42,0.7408,1.08851,0.0,0,0.0027109436,1.1684918041,1.2245371662728413
7.46224,7.0558,7.4593,0.947391,1658.83,1750.95,0.0,0.0,0.6114,0.645351,0.0,0,0.0046491143,2.0090460708,1.940503318785889
7.32559,6.86607,7.31942,0.950432,1658.89,1745.4,0.0,0.0,0.6086,0.640341,0.0,0,0.0044508963,2.0157494449,1.857670343350454
9.74551,8.51622,9.74551,1.04544,1332.95,1275.02,6.1078,5.84232,0.6136,0.58693,0.0,1,0.0034007138,0.7328314675,1.2370587845892942
5.25614,3.66279,5.25614,1.73248,965.076,557.05,0.0,0.0,0.56,0.323237,0.0,1,0.0035131518,1.1927145092,1.0962421313133774
5.41079,3.41231,5.40089,2.22058,1080.51,486.589,0.0,0.0,0.5328,0.239937,0.0,1,0.0013951403,0.5703750662,0.5361686579300148
5.56183,3.59241,5.55524,2.07064,1253.24,605.245,0.0,0.0,0.547,0.26417,0.0,1,0.0013128606,0.5416589128,0.5371268540911559
5.39044,3.4677,5.39044,2.17273,1093.47,503.269,0.185996,0.0856051,0.5364,0.246879,0.0,1,0.0013050189,0.5151686908,0.5391443502778679
5.37684,3.4053,5.1859,2.19821,1066.99,485.393,0.0,0.0,0.5324,0.242197,0.0,1,0.001163202,0.4908453751,0.4884481849605773
7.57594,7.11735,7.57594,0.939011,1706.06,1816.86,0.0,0.0,0.618,0.658139,0.0,0,0.0047191914,2.0363641223,1.9038031364424148
6.39565,4.30182,6.34251,0.942507,1857.91,1971.24,0.0,0.0,0.5942,0.630446,0.0,1,0.0032311206,1.3655082897,1.3744948557903895
12.53345,9.36877,12.53345,0.673241,1975.18,2933.84,0.0,0.0,0.7674,1.13986,0.0,1,0.0016633533,0.8531596348,0.787263179256841
4.29785,3.46947,4.29785,1.53852,788.843,512.727,0.0,0.0,0.4966,0.322777,0.0,1,0.0014999675,0.6055822592,0.6227675974435504
7.54682,4.16239,7.5307,1.29085,1431.56,1109.01,0.0,0.0,0.5368,0.415851,0.0,1,0.0019646233,0.7617759691,0.8212388349163193
4.41106,3.42867,4.41106,1.63804,321.449,196.241,0.0,0.0,0.4172,0.254695,0.0,0,0.0026124901,0.7827909227,0.7639637684654805
6.61542,5.14354,6.60525,1.21526,2002.74,1648.0,0.0,0.0,0.6146,0.505737,0.0,1,0.0030677619,1.3759777905,1.2818584460315008
7.61675,7.30447,7.61675,1.24495,1308.01,1050.65,0.0,0.0,0.569,0.457046,0.0,1,0.0034104673,1.2377300867,1.298704406049298
11.06416,8.02745,11.06416,0.972371,1585.84,1630.9,0.0,0.0,0.6092,0.62651,0.0,0,0.0019673504,0.8744599864,0.8702950444819778
7.0748,4.1882,7.0748,0.915782,1244.35,1358.78,0.0,0.0,0.592,0.646442,0.0,1,0.0019837519,0.8341584817,0.8740197393352546
13.06874,6.51652,13.06768,0.765708,2243.35,2929.77,0.0,0.0,0.7112,0.928814,0.0,1,0.0031298593,1.439270652,1.3986414841540828
5.0309,3.85268,5.0309,1.48251,1155.21,779.228,0.0,0.0,0.5,0.337266,0.0,1,0.0030855192,1.1613628775,1.109271761204804
4.99766,3.80728,4.99701,1.51189,1166.85,771.784,0.0,0.0,0.4966,0.328463,0.0,1,0.002994209,1.1577253344,1.0952789241986824
4.95561,3.7268,4.95492,1.57969,1129.17,714.803,0.0,0.0,0.4908,0.310694,0.0,1,0.0029734874,1.1048376861,1.0619099875205433
4.95628,3.69174,4.9556,1.61177,1116.59,692.775,0.0,0.0,0.4992,0.309722,0.0,1,0.0030246734,1.0576610586,1.046681485397162
4.98078,3.65658,4.98016,1.63697,1110.94,678.659,0.0,0.0,0.487,0.297501,0.0,1,0.0029893452,1.0487569801,1.0480120545516436
4.97952,3.62473,4.97952,1.64354,1091.64,664.203,0.0,0.0,0.4882,0.297042,0.0,1,0.0029044791,1.0290622846,1.0237464160630836
4.49095,3.64747,4.47832,1.68009,831.421,494.867,0.0,0.0,0.4708,0.280223,0.0,1,0.0019186769,0.7393814518,0.7338427143146536
4.38047,3.64592,4.38047,1.73198,794.119,458.504,0.0,0.0,0.4624,0.266978,0.0,1,0.0019388445,0.729230068,0.7385538396361133
7.29475,4.84283,7.29475,1.35618,833.24,614.402,0.0,0.0,0.4816,0.355115,0.0,0,0.0016440778,0.6192934963,0.6540979427313478
6.67757,5.81943,6.67757,1.11834,959.829,858.263,0.0,0.0,0.5032,0.449953,0.0,1,0.0009473207,0.4318497213,0.4285009828866909
11.21755,3.61918,11.21755,0.925375,1521.72,1644.44,0.0,0.0,0.637,0.688369,0.0,0,0.0014004782,0.7009782223,0.6615187154520983
7.56186,4.84974,7.24948,1.40224,2851.33,2033.41,0.0,0.0,0.6898,0.491927,0.0,1,0.0028650301,1.2511783345,1.276546963717992
6.95421,5.10297,6.95421,1.53443,2307.47,1503.8,0.0,0.0,0.6448,0.420222,0.0,1,0.0034283971,1.4294421063,1.3839352174686486
10.6209,7.98188,10.6209,0.698012,2320.47,3324.4,0.0,0.0,0.7472,1.07047,0.000573056,1,0.002714112,1.2576307058,1.228181855203004
4.57808,3.51835,4.56928,1.23803,572.381,462.333,0.0,0.0,0.4556,0.368005,0.0,1,0.0014175332,0.5233916199,0.5698179930615319
9.89745,6.63764,9.89048,1.19874,1975.94,1648.35,0.0,0.0,0.6738,0.562089,0.0,1,0.002725785,1.0161593737,1.1294174286072622
4.58864,4.1598,4.58113,1.33735,718.625,537.349,0.0,0.0,0.4534,0.339028,0.0,1,0.0055413796,1.5324140486,1.502128643451874
8.38054,5.7847,8.27724,0.639206,2434.82,3809.13,4.9539,7.75009,0.7442,1.16426,0.0,1,0.0027662684,1.281904654,1.301747391621688
8.35126,5.49783,8.35126,0.626692,2424.85,3869.29,2.07427,3.30987,0.7316,1.1674,0.0,1,0.0029072565,1.2885750118,1.3032054924381016
13.78566,6.83219,13.78098,0.585033,2323.11,3970.91,0.0,0.0,0.7686,1.31377,0.0,1,0.0027182953,1.2700255947,1.2637809346669318
6.962,4.5443,6.96157,1.14432,1841.89,1609.59,0.0,0.0,0.6018,0.525903,0.0,1,0.0020719749,0.9468868373,0.9240498536693349
6.6554,4.37963,6.6554,0.992256,1823.18,1837.41,0.0,0.0,0.5804,0.58493,0.0,1,0.0023912367,1.0797983637,1.043513652690731
9.0167,5.78838,9.01452,1.0207,1622.24,1589.34,0.0,0.0,0.589,0.577054,0.0,1,0.0029080119,1.2299035774,1.2256359274715525
6.81302,4.75487,6.75625,1.04896,1506.97,1436.63,0.0,0.0,0.539,0.513843,0.0,0,0.0025476697,1.1084040361,1.089254418280553
5.88152,5.35243,5.87056,1.27191,1143.58,899.1,0.0,0.0,0.5064,0.398141,0.0,0,0.0029404945,1.1526884325,1.1002643803826426
12.63938,6.49016,12.62405,0.677616,2253.72,3325.96,0.0,0.0,0.7494,1.10594,0.0,1,0.0038940844,1.5978521988,1.6005646351839173
9.18286,8.73453,9.17503,0.495184,2583.42,5217.09,0.0,0.0,0.8544,1.72542,0.0,1,0.0010974729,0.5321778903,0.5933480197205799
9.19024,8.74095,9.18226,0.492814,2582.15,5239.6,0.0,0.0,0.8536,1.73209,0.0,1,0.0011433015,0.5284006538,0.6104833024224166
5.47224,4.77054,5.47224,0.955888,1699.64,1778.08,0.0,0.0,0.613,0.641289,0.0,0,0.0027769489,1.2517299328,1.1917951272241505
8.66462,5.10134,8.65703,0.830188,1832.92,2207.84,0.0,0.0,0.646,0.778137,0.0,1,0.0033363328,1.5487339225,1.392714294238212
11.53586,5.50716,8.36401,1.01632,2227.68,2191.92,0.0,0.0,0.6942,0.683055,0.0,1,0.0040243984,1.772398692,1.5591096403631073
10.3431,8.94026,10.3375,1.11121,2058.72,1852.68,0.0,0.0,0.6522,0.586926,0.000719933,1,0.0020408046,0.8724566572,0.9025180578765434
12.01377,10.18099,12.01377,0.963545,2126.75,2207.22,0.0,0.0,0.6966,0.722955,0.0,1,0.0023066027,1.0398997484,1.0203251915628404
7.33047,5.25494,7.19533,0.879553,2401.32,2730.16,0.0,0.0,0.685,0.778805,0.0,1,0.0029893027,1.2554343714,1.3662820500180763
5.64254,3.51162,5.62378,1.23268,1079.22,875.507,0.0,0.0,0.5468,0.443586,0.0,1,0.0027088087,1.0156588387,1.0125058273610785
10.65116,5.48487,10.46238,0.840538,2241.03,2666.18,0.0,0.0,0.709,0.843508,0.0,1,0.0035904762,1.4961755824,1.4597826947331394
5.34059,3.74867,5.34025,1.39658,907.085,649.503,0.0,0.0,0.4828,0.345701,0.0,1,0.0043076667,0.819587934,1.3141681982362918
4.3604,3.42673,4.35329,1.50899,684.051,453.317,0.0,0.0,0.4548,0.301394,0.0,0,0.0023105691,0.9084446702,0.8562852040897908
8.92635,6.96534,8.92635,0.799593,1925.59,2408.22,0.0,0.0,0.6678,0.835175,0.0,1,0.0023623696,1.116203316,1.069042508998426
9.74436,7.85759,9.7385,0.884315,1769.89,2001.42,0.0,0.0,0.6546,0.740234,0.0,1,0.0024221856,1.0608268361,1.0996290227605388
4.75347,3.71612,4.73943,1.3675,535.723,391.753,0.0,0.0,0.4534,0.331553,0.0,1,0.0032479111,0.9206916794,0.997768966395769
6.08793,3.97207,6.06402,1.14221,1213.02,1061.99,0.0,0.0,0.5254,0.459984,0.0,1,0.0039339881,1.3770717997,1.370268218768736
5.00328,3.89627,5.00219,1.37708,632.788,459.514,0.0,0.0,0.4448,0.323002,0.0,1,0.0029323838,0.8800740105,0.9235518038586558
5.39674,3.78301,5.31113,0.83454,2154.55,2581.72,0.0,0.0,0.6546,0.784384,0.0,0,0.0043396016,1.8207888344,1.8448280937076478
5.10587,3.69765,5.10587,1.24278,879.237,707.477,0.0,0.0,0.5044,0.405865,0.0,1,0.0043661829,1.2941644443,1.3769882037810914
6.88268,6.30555,6.87572,1.51625,1264.35,833.868,0.0,0.0,0.5472,0.36089,0.0,1,0.0024461178,0.9990696544,0.9805454277242088
8.81259,5.05152,8.81259,1.42533,1454.27,1020.3,0.0,0.0,0.5856,0.410852,0.0,0,0.0022836577,0.9408619954,0.9237943657431305
5.25592,4.31073,5.18518,1.28541,1797.52,1398.4,0.0,0.0,0.597,0.464442,0.0,0,0.0040884376,1.5745298578,1.589370756046602
5.24833,4.2623,5.18742,1.29046,1800.98,1395.62,0.0,0.0,0.6108,0.473321,0.0,0,0.0041633174,1.6056392098,1.631807856657308
6.75428,5.6916,6.72807,1.40497,1349.29,960.372,0.0,0.0,0.5342,0.380221,0.0,0,0.002782728,1.0887579627,1.0861741978295885
6.73405,5.67186,6.7278,1.40899,1346.64,955.749,0.0,0.0,0.5328,0.378145,0.0,0,0.0027983613,1.0918507513,1.0802686176845075
6.73192,5.66128,6.64205,1.40989,1345.84,954.57,0.0,0.0,0.5322,0.377477,0.0,0,0.0028791334,1.1008294785,1.1114014260785867
6.3973,4.82556,6.3973,1.43147,1333.03,931.231,0.0,0.0,0.5244,0.366336,0.0,1,0.0028192057,1.0748486653,1.0820473156443626
6.7467,5.80608,6.7467,1.39203,1364.88,980.494,0.0,0.0,0.5394,0.387491,0.0,1,0.0027201948,1.0626360156,1.0764929651415593
7.24893,6.31165,7.23441,1.36801,1456.76,1064.88,0.0,0.0,0.538,0.393273,0.0,0,0.0028643686,1.1138554943,1.1716886874743793
7.12445,6.33134,7.12445,1.37347,1444.41,1051.64,0.0,0.0,0.5478,0.398843,0.0,1,0.0029996401,1.1388255709,1.2007946285551279
7.33038,6.15605,7.3245,1.35339,1467.91,1084.62,0.0,0.0,0.5522,0.408012,0.0,1,0.0027143323,1.0994648214,1.1024075057518594
5.82794,3.93449,5.82794,1.54928,1195.21,771.464,0.0,0.0,0.4896,0.316018,0.0,1,0.0032239346,1.091272319,1.140777203950414
6.28796,4.55194,6.20677,1.47064,1312.34,892.358,0.0,0.0,0.5172,0.351684,0.0,1,0.0031527162,1.1104300638,1.159989137139381
6.88083,5.87111,6.87535,1.38485,1391.22,1004.61,0.0,0.0,0.5404,0.390224,0.0,0,0.0028804361,1.1264355266,1.1302034441008395
12.89356,7.93773,12.89356,0.721487,1897.63,2630.17,77.994,108.102,0.7242,1.00376,0.0,1,0.0034248149,1.3118937812,1.4046053318203136
4.32284,3.50203,4.32284,1.44521,1297.96,898.111,0.0,0.0,0.6006,0.41558,0.0,0,0.0030228215,1.2486414727,1.1835920457496225
10.32812,8.91862,10.31469,1.07802,2014.96,1869.13,0.0,0.0,0.7346,0.681437,0.0,1,0.0018142901,0.8643410901,0.8050481487786465
6.69684,4.77946,6.69684,1.08358,2483.86,2292.26,0.0,0.0,0.649,0.598939,0.0,1,0.0024796685,1.1145084669,1.1158916900628661
6.81796,5.05367,6.81796,1.05868,2313.65,2185.42,0.0,0.0,0.6546,0.61832,0.0,1,0.0025651789,1.1267285729,1.155830274973802
6.80678,5.11467,6.80678,1.12771,2231.39,1978.7,0.0,0.0,0.6388,0.56646,0.0,1,0.0026958232,1.2381693799,1.1790292609427455
6.80904,5.16362,6.80904,1.11208,2257.09,2029.61,0.0,0.0,0.6478,0.582511,0.0,1,0.002678606,1.1277368776,1.185333461661833
5.81491,4.70834,5.54365,1.17141,2276.97,1943.78,0.0,0.0,0.6496,0.554545,0.0,1,0.0018972915,0.8575798621,0.8331008347768927
6.79458,5.19238,6.79458,1.13284,2254.4,1990.05,0.0,0.0,0.6454,0.569721,0.0,1,0.0024818624,1.1219166678,1.095259019408791
6.74215,5.18388,6.74215,1.16256,2288.23,1968.27,0.0,0.0,0.6442,0.554124,0.0,1,0.002544424,1.0960527862,1.1355805467556934
5.84738,4.10522,5.84738,1.34804,1113.36,825.908,0.0,0.0,0.511,0.379069,0.0,1,0.0034346245,1.1423125007,1.1913237680347861
5.81183,4.79897,5.70377,1.51395,1510.72,997.869,0.0,0.0,0.6306,0.416527,0.0,0,0.0027285569,1.0226679733,1.0466703612309876
5.78427,4.68209,5.77551,1.52654,1503.21,984.721,0.0,0.0,0.622,0.407458,0.0,0,0.0027527749,1.0344971017,1.0638772174910665
4.84869,4.31374,4.84869,1.3172,2256.73,1713.27,0.0,0.0,0.6028,0.457637,0.0,1,0.0024568431,1.0528184447,1.0748189500333158
7.6272,6.3767,7.6272,1.10873,1926.39,1737.47,0.0,0.0,0.6356,0.573266,0.0,1,0.0026481783,1.1431334007,1.1395390024586123
13.34989,4.00312,13.34989,0.730238,1776.02,2432.11,0.0,0.0,0.6852,0.938325,0.0,0,0.0031993956,1.4119643643,1.372405585760702
6.17269,4.02251,6.17269,1.31229,854.868,651.434,42.1748,32.1384,0.5236,0.398999,0.0,1,0.0018421425,0.6181797626,0.7122411813928503
6.67679,5.04188,6.67679,1.28811,935.874,726.551,97.6899,75.84,0.5222,0.405402,0.0,1,0.0020483594,0.8407695101,0.788742219109053
5.27695,4.27032,5.27695,0.98944,1543.01,1559.48,0.0,0.0,0.5212,0.526762,0.0,1,0.0019884808,0.8819119616,0.9043665294006666
8.8715,5.37575,8.86492,1.06655,1848.87,1733.49,0.0,0.0,0.6318,0.592375,0.0,1,0.0039318402,1.4927302572,1.533018863406883
6.33794,4.33255,6.21155,1.43397,1521.86,1061.29,0.0,0.0,0.5584,0.389408,0.0,1,0.0028766675,1.1331189935,1.1309933121755535
5.3745,3.92262,5.34265,1.5074,1102.05,731.093,0.0,0.0,0.4832,0.320551,0.0,1,0.0039682608,1.2203587046,1.2884075691256227
4.83999,3.93851,4.82956,1.53551,1049.12,683.243,0.0,0.0,0.4838,0.315075,0.0,1,0.0032021228,1.105766908,1.10083749305711
4.91998,4.00691,4.90722,1.50366,1094.53,727.909,0.0,0.0,0.4888,0.325073,0.0,1,0.003252561,1.1245011384,1.1385198556351888
6.54739,5.55468,6.37809,0.995743,2287.2,2296.98,0.0,0.0,0.6682,0.671057,0.0,1,0.0027728651,1.2519040427,1.2178057368152695
6.36107,5.38638,6.36107,1.35369,1897.91,1402.03,0.0,0.0,0.613,0.452836,0.0,1,0.0021957387,0.9119432876,0.9758601693698639
4.25922,3.99552,4.25922,1.59647,254.293,159.284,0.0,0.0,0.3716,0.232763,0.0,0,0.0011145857,0.3550528102,0.39293236086634764
8.06678,6.82094,8.05126,1.11278,1981.43,1780.62,0.0,0.0,0.6252,0.561838,0.0,1,0.002840296,1.2384761488,1.2431085986242836
6.09706,5.36823,6.07492,1.05799,2424.88,2291.97,0.0,0.0,0.6762,0.639136,0.0,1,0.0034272458,1.4227592451,1.465118375690023
11.18858,8.47337,10.82571,0.877,1675.84,1910.87,0.0,0.0,0.721,0.822121,0.0,1,0.0010244267,0.5083487353,0.518162030729236
7.55965,4.88065,7.45386,1.29422,1660.56,1283.06,0.0,0.0,0.5852,0.452164,0.0,1,0.0021225034,0.86348266,0.9137656080168332
8.27068,4.14256,8.27068,0.819136,1552.0,1894.68,19.4699,23.7688,0.6382,0.779114,0.0,1,0.0018241196,0.8725050939,0.8423015675302754
10.9668,6.77359,10.9668,1.34773,1718.01,1274.74,128.947,95.6773,0.6772,0.502475,0.0,1,0.0016006528,0.6606135066,0.6605529241389321
4.98437,3.71955,4.67631,1.89432,1307.11,690.013,0.0,0.0,0.588,0.310402,0.0,1,0.0011751189,0.479681304,0.493640385226926
7.25351,7.13068,7.2425,1.02495,1673.9,1633.14,0.0,0.0,0.6088,0.593978,0.0,0,0.0033847406,1.4970581225,1.480575734956306
7.24683,7.11371,7.24683,1.02502,1683.52,1642.43,0.0,0.0,0.597,0.58243,0.0,0,0.0033405158,1.4950350946,1.4592521816240764
5.61373,5.00672,5.60841,1.03591,1864.27,1799.64,0.0,0.0,0.6158,0.594451,0.0,0,0.0041457468,1.6254108239,1.6347870738452706
13.28738,7.77882,13.22247,0.710367,1789.01,2518.43,0.0,0.0,0.7024,0.988785,0.0,1,0.0015275275,0.7317962557,0.7340021647606707
5.5848,3.98697,5.5848,1.1948,1036.21,867.268,0.0,0.0,0.5148,0.430868,0.0,0,0.0028958364,0.9762968539,1.0584718302759826
8.12774,5.83469,8.12774,0.997324,2427.09,2433.6,0.0,0.0,0.6904,0.692252,0.0,1,0.0028599689,1.2524425354,1.2906523526750384
8.27418,5.89212,8.06359,0.922433,2431.08,2635.51,0.0,0.0,0.694,0.752358,0.0,1,0.0024611698,1.1152818941,1.1498693670398377
8.18337,5.84697,8.18337,0.974997,2429.97,2492.29,0.0,0.0,0.6902,0.7079,0.0,1,0.0025532854,1.1231159408,1.1797374078193124
6.01873,4.52997,6.01625,1.02499,1441.95,1406.78,0.0,0.0,0.5778,0.563711,0.0,1,0.0031302367,1.2425239318,1.2733211717004953
5.30026,4.78345,5.30026,1.17129,1076.67,919.215,0.0,0.0,0.476,0.406389,0.0,0,0.00398029,1.3630124093,1.3504800217700557
5.6482,4.90134,5.6482,1.14412,1130.85,988.403,0.0,0.0,0.4858,0.424607,0.0,0,0.0042365476,1.4171030564,1.4010300094683728
5.1372,4.14128,5.1327,1.2462,687.896,551.996,0.0,0.0,0.4534,0.363827,0.0,1,0.003992583,1.1017654432,1.129353542240976
8.58626,4.2007,8.58626,1.51602,1671.68,1102.68,0.0,0.0,0.5836,0.384955,0.000527697,0,0.002672331,1.0781725264,0.9946918747075169
5.18743,4.58908,5.18743,1.41786,514.897,363.149,0.0,0.0,0.4536,0.319918,0.0,1,0.0020041671,0.627890771,0.6643104261790367
4.86841,4.201,4.86841,1.36805,410.17,299.821,0.0,0.0,0.4216,0.308176,0.0,1,0.0020334746,0.6358869177,0.6624743593010718
5.4535,4.4976,5.43411,1.36504,878.599,643.645,0.0,0.0,0.4944,0.362188,0.0,1,0.0019768101,0.7190489762,0.7193240803913423
6.22091,4.91314,6.06649,1.26527,1070.0,845.668,0.0,0.0,0.5366,0.4241,0.0,1,0.0017286228,0.6971052124,0.6925765400509989
5.27092,4.42324,5.21472,1.00292,1781.29,1776.11,0.0,0.0,0.602,0.600249,0.0,0,0.0045962028,1.8460642522,1.7896909873199607
5.09593,4.42786,5.07986,1.44576,1054.74,729.539,0.0,0.0,0.5038,0.348468,0.0,1,0.0029492859,1.06003119,1.0411284914556362
5.29132,3.67742,5.0134,1.09277,1448.77,1325.78,0.0139318,0.0127491,0.5368,0.49123,0.0,1,0.0021478065,0.8711514147,0.9440412375085074
4.84612,4.0465,4.84612,1.4121,763.799,540.896,0.0,0.0,0.426,0.301679,0.0,1,0.0027868633,0.9994925927,0.9224192787580101
6.37389,4.22376,5.90055,1.46265,2225.33,1521.44,0.0,0.0,0.6474,0.442621,0.0,1,0.0009225345,0.4257749366,0.4281663645816456
5.46748,4.37557,5.46748,1.06062,1170.19,1103.31,0.885384,0.834777,0.5442,0.513094,0.0,1,0.0018761015,0.8014983713,0.7798448671380787
4.83565,3.90897,4.83387,1.11657,661.618,592.547,152.346,136.441,0.5228,0.468221,0.0,1,0.0029037604,1.0922464578,1.1060344361002188
13.61199,8.61498,13.60121,0.481098,2019.32,4197.32,0.0,0.0,0.7864,1.63459,0.0,1,0.0023121694,1.1040660611,1.0941813657267803
7.38233,6.89343,7.38233,1.46524,1454.62,992.751,0.0,0.0,0.557,0.380143,0.0,1,0.0020998168,0.8623071621,0.9049652756122359
5.4668,3.66161,5.45525,1.24631,646.137,518.44,0.0,0.0,0.4704,0.377434,0.0,1,0.0037059208,1.0633416352,1.03998728045619
8.56248,6.70705,8.55013,0.843378,1917.39,2273.46,0.0,0.0,0.6388,0.75743,0.0,1,0.0020395808,0.9746548367,0.9257116439424389
9.35143,8.40739,9.35026,0.753404,1654.42,2195.93,0.0,0.0,0.6524,0.865937,0.0,0,0.0026069123,1.2045216601,1.1663712463213791
9.01677,8.0299,9.01677,0.819291,1611.05,1966.39,0.0,0.0,0.6454,0.787754,0.0,0,0.0030914864,1.4061031693,1.3374481095170716
8.51474,7.6757,8.51474,0.756909,1726.74,2281.31,0.0,0.0,0.6586,0.870118,0.0,0,0.0027261074,1.3245729205,1.2241282856655813
7.731,5.84497,7.731,0.960238,2118.84,2206.58,0.0,0.0,0.6484,0.675249,0.0,1,0.0027552526,1.2335574881,1.2248716468790437
16.15249,9.49143,16.1486,0.447193,2181.58,4878.38,0.0,0.0,0.8038,1.79743,0.0,0,0.0028580256,1.3174177348,1.3573386905024498
14.29727,6.50644,14.29727,0.67257,2359.31,3507.91,0.0,0.0,0.7568,1.12524,0.0,1,0.0035067241,1.5050585241,1.5301278351657555
14.19972,6.54893,14.18609,0.666736,2302.24,3453.0,0.0,0.0,0.7576,1.13628,0.0,1,0.0034533222,1.4852235364,1.5044997195785088
13.92314,6.55268,13.92314,0.674226,2354.83,3492.63,0.0,0.0,0.7532,1.11713,0.0,1,0.0034482363,1.5265998293,1.51237025122773
8.52966,7.16955,8.46063,1.09037,1242.28,1139.32,72.6595,66.6376,0.5784,0.530463,0.0,0,0.0028052509,1.2007249214,1.0811140392527863
8.58478,6.98003,8.57286,1.05217,1307.67,1242.83,85.7897,81.5358,0.5892,0.559985,0.0,0,0.0032484459,1.3238545978,1.2519341341836168
7.23633,7.07944,7.22228,1.10849,1601.62,1444.86,0.0,0.0,0.5964,0.538029,0.0,0,0.0034849034,1.5114089112,1.5147891191993275
7.25163,7.0872,7.25163,1.12925,1578.62,1397.94,0.0,0.0,0.5966,0.528317,0.0,0,0.0036858218,1.5575834472,1.5904629610109824
7.22558,7.07954,7.22145,1.12985,1598.05,1414.39,0.0,0.0,0.5978,0.529098,0.0,0,0.0035680928,1.5736964653,1.5407917464369825
5.35554,3.64691,5.34801,1.44151,1313.99,911.54,0.0,0.0,0.536,0.371832,0.0,1,0.0033354799,1.2179088007,1.2053679088026403
5.30496,3.71196,5.30496,1.22203,1264.33,1034.61,0.0,0.0,0.5172,0.423229,0.0,1,0.0037022984,1.3789414366,1.3464401942075432
9.12316,6.55123,9.12316,1.31137,1730.77,1319.82,0.0,0.0,0.6458,0.492464,0.0,0,0.0012165754,0.5614297778,0.5628214337037849
8.96134,6.03917,8.96134,1.3138,1736.65,1321.85,0.0,0.0,0.6496,0.494443,0.0,0,0.0011790511,0.585467016,0.5593605256773426
8.43305,5.99885,8.43305,1.37514,1658.2,1205.84,0.0,0.0,0.6292,0.457553,0.0,0,0.0011198023,0.563937977,0.5358287410476675
6.8791,5.35126,6.8791,1.62906,838.805,514.901,0.0,0.0,0.3778,0.231913,0.0,1,0.0029158695,0.8671048476,0.9065769307960844
5.79545,4.39914,5.79038,3.73156,1762.91,472.433,0.0,0.0,0.572,0.153287,0.0,1,0.0009016547,0.3792509618,0.35983109874197383
7.36263,6.76595,7.35007,1.28937,1714.12,1329.42,0.0,0.0,0.6144,0.476511,0.0,1,0.0019155522,0.8464994819,0.8472075719882688
4.92999,3.7145,4.92517,1.89194,1016.62,537.341,0.0,0.0,0.477,0.252122,0.0,1,0.0011140366,0.4517787266,0.4602364361948077
5.42171,4.28978,5.42171,1.20951,1168.02,965.69,4.12251,3.4084,0.5226,0.432074,0.0,1,0.0016031974,0.6468155428,0.7112081345941034
6.83841,4.77149,6.83841,1.02578,1903.53,1855.69,0.0,0.0,0.6082,0.592913,0.0,0,0.0033895924,1.3559066656,1.4008892758202984
5.35311,4.52327,5.34725,1.54964,901.531,581.768,0.0,0.0,0.481,0.310395,0.0,0,0.001162915,0.4714621749,0.46974995789814844
4.89361,4.27611,4.89361,1.63035,784.518,481.195,0.0,0.0,0.4718,0.289385,0.0,1,0.0011813497,0.4747101152,0.47211950231673094
4.81694,4.18094,4.81252,1.69685,756.814,446.011,0.0,0.0,0.4616,0.272033,0.0,1,0.0011425257,0.4607717282,0.45531115765806673
12.90794,5.24047,12.8925,0.673936,2011.51,2984.72,0.0,0.0,0.742,1.10099,0.0,1,0.0025670713,1.1264551682,1.176844909265986
11.32938,4.75784,11.28719,0.745804,1782.19,2389.63,0.0,0.0,0.6898,0.924908,0.0,1,0.0022638464,1.0507687861,1.0352416995211946
8.33734,7.34032,8.33734,0.888945,1770.92,1992.16,0.0,0.0,0.637,0.71658,0.0,0,0.0022230759,1.0049840415,1.0241910532163272
12.559,10.1499,12.53561,0.533674,1990.43,3729.68,0.0,0.0,0.7818,1.46494,0.0,1,0.0032321701,1.4060188055,1.424718368349112
11.36736,8.26719,11.16554,0.777904,1704.81,2191.54,0.0,0.0,0.681,0.875429,0.0,1,0.0028254672,1.1877260605,1.2542398732257884
5.79137,4.59346,5.79018,0.989543,1846.09,1865.6,0.0,0.0,0.6174,0.623924,0.0,0,0.0042133831,1.7555823215,1.682908241606265
10.76463,6.58995,10.58338,0.833076,2133.05,2560.44,0.0,0.0,0.7044,0.845541,0.0,1,0.0041938301,1.5212381562,1.5629259492485206
9.54146,5.39642,9.54146,0.925869,2090.23,2257.59,1.94532,2.10107,0.6792,0.733581,0.0,1,0.0032008818,1.3238201758,1.3061131451745398
8.47974,5.36674,8.47974,0.984083,2012.57,2045.13,0.0,0.0,0.6646,0.67535,0.0,0,0.0023066034,1.0508194496,1.0133884495208731
8.87571,6.35025,8.74283,0.77796,2120.63,2725.88,0.0,0.0,0.673,0.865083,0.0,0,0.0029155957,1.3646494583,1.306861020584183
13.10906,11.59751,13.10906,0.53928,2135.2,3959.36,0.0,0.0,0.77,1.42783,0.0,0,0.0022117366,1.0987578888,1.0546848097439523
4.86334,3.89341,4.85268,1.78217,1115.48,625.914,0.0,0.0,0.5442,0.305359,0.0,1,0.0017392481,0.6835641929,0.6836239214525346
7.75569,7.04294,7.74271,0.956692,1636.76,1710.86,0.0,0.0,0.6308,0.659355,0.0,0,0.002531254,1.1710132542,1.1605668708247991
5.11637,4.26776,5.11637,1.65956,1220.45,735.403,0.0,0.0,0.5874,0.353949,0.0,0,0.0031981163,1.1271308015,1.1351469125268887
5.18964,4.3206,5.16791,1.64976,1282.11,777.148,0.0,0.0,0.607,0.367932,0.0,0,0.0032260342,1.1512502086,1.1643087070247307
9.23636,5.60978,9.22645,0.773392,2340.66,3026.49,0.0,0.0,0.7012,0.906656,0.0,1,0.0038617227,1.5017703254,1.6632066609220622
10.23981,6.40536,10.23981,0.784123,1831.24,2335.4,115.057,146.734,0.6978,0.889911,0.0,1,0.0036330278,1.3052832307,1.473271907385557
4.63344,3.59285,4.63329,1.52979,1125.91,735.991,2.57897,1.68584,0.5188,0.339132,0.0,1,0.0020362206,0.8400321882,0.8295289144639719
4.92077,3.87767,4.92014,1.42345,1457.89,1024.2,0.0,0.0,0.5614,0.394393,0.0,1,0.0022740969,0.9457451821,0.9553810761184988
4.58957,3.56818,4.49102,1.91412,810.164,423.257,0.0,0.0,0.5446,0.284517,0.0,0,0.0044742682,1.2693753302,1.3656488012226018
4.38967,3.93713,4.357,1.63655,694.151,424.154,0.0,0.0,0.3828,0.233906,0.0,0,0.0028485009,0.854062476,0.9136463232588703
5.32147,5.14959,5.31527,2.34625,1158.3,493.681,0.0,0.0,0.4776,0.203559,0.0,1,0.0015332314,0.6024928933,0.5880106254354021
5.35536,5.19712,5.35116,2.28568,1163.85,509.19,0.0,0.0,0.467,0.204315,0.0,1,0.0014707516,0.60394094,0.5909476545075041
6.50134,3.77167,6.50134,0.923858,1579.47,1709.64,0.0,0.0,0.5876,0.636029,0.0,0,0.0051085227,1.8610307588,1.9893516022214577
6.25646,4.72399,6.2395,0.913381,2517.97,2756.76,0.0586414,0.0642026,0.6538,0.715802,0.0,1,0.0034739342,1.5179215842,1.5180102892078957
5.731,4.17822,5.71686,1.30044,1433.54,1102.35,0.0,0.0,0.5822,0.447694,0.0,1,0.0019816489,0.8122426899,0.8181441622832171
5.828,5.10591,5.828,1.19338,806.933,676.177,0.0,0.0,0.487,0.408086,0.0,0,0.0011054068,0.494469121,0.4602585033524398
5.3367,3.42361,5.26159,1.29192,845.674,654.588,0.0,0.0,0.5226,0.404515,0.0,1,0.0014904816,0.5998269109,0.5874951165455335
15.99327,15.90265,15.99327,0.698397,1517.46,2172.77,0.0,0.0,0.7102,1.0169,0.0,1,0.0015022861,0.7205447597,0.7287220929994717
7.43152,6.20566,7.41957,0.862729,2447.09,2836.45,0.0,0.0,0.7008,0.812306,0.0,1,0.0031252988,1.4447238108,1.4375309367372742
16.15291,14.69313,16.15291,0.412792,1738.34,4211.18,0.0,0.0,0.8636,2.09209,0.0,1,0.002850138,1.293968429,1.348983464270718
12.64493,7.03976,9.83966,0.68535,2218.22,3236.63,0.0,0.0,0.7642,1.11505,0.0,1,0.002970136,1.3319713688,1.350909157528483
4.81383,4.49281,4.81367,1.28928,625.276,484.979,115.997,89.97,0.4752,0.368577,0.0,1,0.0036248728,1.2285722915,1.238853873301187
6.04512,4.24356,6.04078,0.977861,1901.41,1944.46,0.0,0.0,0.5916,0.604994,0.0,1,0.0023613857,1.0679480276,1.0458421885052596
5.99897,3.96607,5.98731,0.985465,1849.24,1876.51,1.01814,1.03316,0.5914,0.600123,0.0,1,0.0023651766,1.0194226918,1.0140518341675089
4.79076,3.93215,4.75885,1.01704,1531.07,1505.43,0.0,0.0,0.567,0.557502,0.0,1,0.0018259752,0.8884730648,0.8372703957736581
4.73813,3.78761,4.73813,1.03017,1649.03,1600.74,0.0,0.0,0.5794,0.562433,0.0,1,0.0018623965,0.9106397407,0.8500658342678111
4.72449,3.84654,4.62424,1.03535,1611.82,1556.78,0.0,0.0,0.5846,0.564637,0.0,1,0.0016673392,0.790682168,0.7840352831190238
6.24558,4.36754,6.24558,1.21214,1512.33,1247.65,0.0,0.0,0.5622,0.463807,0.0,1,0.0029254119,1.1730706065,1.1783576337334647
6.70189,5.92513,6.34809,1.0601,1583.25,1493.5,0.0,0.0,0.594,0.560326,0.0,0,0.0034738324,1.417258278,1.423074504081437
5.82926,5.08135,5.82926,1.24507,1266.69,1017.36,0.0,0.0,0.5318,0.427125,0.0,1,0.0035309066,1.2659427255,1.2630103704295732
5.85717,5.09946,5.85717,1.24136,1271.74,1024.47,0.0,0.0,0.5328,0.429205,0.0,1,0.0035294976,1.2597375728,1.2685450109926395
5.87678,5.11703,5.87678,1.23925,1279.62,1032.57,0.0,0.0,0.5332,0.430259,0.0,1,0.003570358,1.2680125187,1.300392751547638
5.91316,5.13983,5.91316,1.23456,1288.47,1043.66,0.0,0.0,0.5342,0.432705,0.0,1,0.003575994,1.2619637629,1.3037840857869
5.94737,5.16221,5.94737,1.2314,1299.48,1055.29,0.0,0.0,0.534,0.433654,0.0,1,0.0033195594,1.2579270322,1.222737976543952
5.98426,5.17875,5.98426,1.22798,1308.75,1065.77,0.0,0.0,0.5354,0.436,0.0,1,0.0034801833,1.2677490392,1.262821745737314
6.03525,5.21694,6.03525,1.22274,1324.94,1083.58,0.0,0.0,0.5378,0.43983,0.0,1,0.0033308313,1.2672883024,1.2295345141065384
6.04424,5.23566,6.03957,1.22037,1336.43,1095.1,0.0,0.0,0.5392,0.441833,0.0,1,0.0033843725,1.260168721,1.251635129680646
5.83014,5.0814,5.83014,1.23386,1262.75,1023.41,0.0,0.0,0.5344,0.433111,0.0,1,0.0033463301,1.2249695558,1.208236230129841
5.8948,5.11958,5.8948,1.23559,1318.02,1066.71,0.0,0.0,0.5368,0.434449,0.0,1,0.0034900461,1.2674024299,1.2592530073601316
5.11347,3.64709,5.11347,1.4525,1805.45,1242.99,0.0,0.0,0.5992,0.412529,0.0,1,0.0016230276,0.747688329,0.7234028048194132
6.92559,6.57184,6.92559,1.58281,1548.76,978.488,0.0,0.0,0.5618,0.354939,0.0,0,0.0024378639,1.0252536152,1.002898256967392
6.58892,4.46794,6.58892,1.28412,1352.77,1053.46,0.0,0.0,0.5288,0.4118,0.0,1,0.002301869,0.980190633,0.9499100462093726
7.61133,5.3287,7.60971,1.06942,1916.91,1792.48,0.0,0.0,0.6258,0.585176,0.0,1,0.0017427691,0.8342734066,0.7836181100973308
4.96245,3.57593,4.95367,2.04735,760.785,371.594,0.0,0.0,0.4152,0.202798,0.0,1,0.000974614,0.370107409,0.4092243764818204
5.38201,3.65359,5.35586,1.48851,1135.66,762.952,0.0,0.0,0.5586,0.375274,0.0,1,0.0024861964,0.9321221315,0.9267628503977879
6.5379,4.8064,6.53406,1.09146,1614.42,1479.13,0.0,0.0,0.5916,0.542026,0.0,0,0.0032851252,1.297582848,1.3391472440510606
4.43579,3.68809,4.4295,1.35731,462.184,340.514,181.053,133.391,0.4954,0.364986,0.0,0,0.0028610925,0.9986291892,1.0433754357424314
4.72303,3.65899,4.72303,1.75011,750.863,429.037,0.0,0.0,0.4464,0.255069,0.0,0,0.0022960888,0.7897212499,0.7863941339982672
7.03668,6.10812,7.03668,0.718413,2358.57,3283.03,0.0,0.0,0.7048,0.981051,0.0,1,0.0028987962,1.4072804354,1.350321109328784
6.7853,6.06191,6.78493,0.71467,2582.63,3613.74,0.0,0.0,0.693,0.969679,0.0,1,0.0029522975,1.4110960489,1.3879104480986983
6.1215,5.54396,6.11958,0.794887,2656.05,3341.42,0.0,0.0,0.6666,0.838609,0.0,1,0.0036414501,1.6814990225,1.643186279671704
7.15818,6.15135,7.14286,0.673811,2389.65,3546.47,0.0,0.0,0.7144,1.06024,0.0,1,0.0030781296,1.4230873351,1.4274474772099461
9.86717,4.17287,8.68985,1.08823,1175.78,1080.45,0.0,0.0,0.5382,0.494564,0.0,1,0.0011664939,0.5473845654,0.507064226844757
4.35737,3.84524,4.35737,1.27732,941.275,736.915,0.0,0.0,0.4314,0.337739,0.0,1,0.001616731,0.707710143,0.6756081603943611
5.69894,4.7333,5.69894,2.0333,1248.63,614.092,0.0,0.0,0.458,0.22525,0.0,1,0.0010846355,0.4574017087,0.4668884700696756
4.62011,3.85906,4.62011,1.58881,555.753,349.792,0.0,0.0,0.3874,0.24383,0.0,1,0.0013281099,0.4825062596,0.4918628695272331
8.70901,6.58612,8.70709,0.867344,2020.64,2329.69,0.0,0.0,0.6644,0.766017,0.0,1,0.0027142556,1.1873446972,1.182179850344481
4.86095,4.4492,4.8459,1.39709,775.702,555.227,0.0,0.0,0.452,0.32353,0.0,0,0.0048450033,1.31618751,1.2833357844794828
4.8597,4.4269,4.8597,1.38069,783.577,567.528,0.0,0.0,0.4546,0.329257,0.0,0,0.004861722,1.312914528,1.2903628503174784
6.9711,4.44534,6.9711,1.09535,1552.88,1417.7,0.0,0.0,0.5846,0.533709,0.0,1,0.004322494,1.5413940335,1.6395908294388557
4.96285,4.14038,4.9303,1.87592,1245.59,663.988,0.0,0.0,0.5966,0.318031,0.0,1,0.0015701225,0.6447344061,0.6349710597556948
7.23927,6.67302,7.23927,0.822249,1870.22,2274.52,0.0,0.0,0.6338,0.770813,0.0,1,0.0032803677,1.3503112322,1.414579890077518
4.14624,3.73304,4.14504,1.37748,413.35,300.078,0.0,0.0,0.4306,0.312601,0.0,0,0.0017341378,0.6759809763,0.6331225768652939
8.8968,8.56106,8.8968,1.19075,983.087,825.606,363.949,305.648,0.581,0.48793,0.0,1,0.0033517496,1.2077858385,1.1841638415138152
5.79638,3.84056,5.66635,1.22762,1981.83,1614.37,0.0,0.0,0.5912,0.481583,0.0,1,0.0037634428,1.4931258254,1.4953121228201733
4.70842,3.66843,4.69527,1.05376,821.167,779.27,0.0,0.0,0.51,0.483979,0.0,1,0.0031642634,1.1773745657,1.1900108918068641
5.87537,3.57797,5.87537,1.84319,650.747,353.054,0.0,0.0,0.4432,0.240452,0.0,1,0.0012663259,0.4793063147,0.45501077961933534
6.29792,5.29972,6.23782,1.24637,1399.4,1122.77,0.0,0.0,0.5656,0.453796,0.0,1,0.002592056,0.9255230138,1.0354136985468003
9.63063,4.26523,9.63063,1.03635,2192.11,2115.22,0.0,0.0,0.6976,0.67313,0.0,1,0.0012081488,0.6041691132,0.5927301590305379
17.46562,10.38181,17.46523,0.786041,1513.55,1925.54,116.509,148.223,0.691,0.879089,0.0,1,0.0016486556,0.7735560011,0.7741407847825051
13.09568,7.43748,13.09568,0.582855,2174.14,3730.15,0.0,0.0,0.7556,1.29638,0.0,0,0.003481417,1.5807250848,1.501991722465105
33.62157,29.92948,33.55545,0.240324,765.124,3183.71,0.0,0.0,0.9206,3.83066,0.0,1,0.0033422974,1.4783585632,1.584686104670991
6.90856,3.45436,6.49799,1.14952,1115.5,970.402,0.0,0.0,0.525,0.45671,0.0,1,0.0016483393,0.6699837185,0.7137245313656448
5.86564,3.51663,5.02799,1.32713,811.807,611.702,0.0,0.0,0.504,0.379767,0.0,1,0.0017320616,0.6269747331,0.6468768130248252
5.2601,3.59083,5.25053,1.14964,1141.44,992.863,0.0,0.0,0.4984,0.433527,0.0,0,0.002557194,0.9710732196,1.0031446555686545
8.11684,7.23133,8.11684,1.24691,2021.29,1621.04,0.0,0.0,0.6644,0.532838,0.0,0,0.0018511958,0.8361631713,0.8368653425907038
7.29309,6.51816,7.28407,0.803706,2501.45,3112.39,0.0,0.0,0.7112,0.8849,0.0,1,0.0029433258,1.3424395755,1.384871359200933
5.53443,4.01054,5.50524,1.19557,1378.79,1153.25,0.0,0.0,0.5554,0.464549,0.0,1,0.0054444842,1.8470994264,1.7757421691930708
6.48528,4.12203,6.4155,1.3617,1522.72,1118.25,0.0,0.0,0.5858,0.430197,0.0,1,0.0041020607,1.5129467667,1.4900521035902574
5.52821,3.42388,5.52134,1.16361,1148.32,986.858,0.0,0.0,0.5352,0.459948,0.0,1,0.0044232047,1.66707283,1.5375539645629641
6.69521,5.2041,6.68616,1.12957,2214.41,1960.41,0.0,0.0,0.6298,0.557558,0.0,1,0.0028514243,1.2931527809,1.2448580773470859
6.30412,4.59254,6.30412,1.11042,1258.26,1133.14,0.0,0.0,0.5296,0.476938,0.0,0,0.0034833426,1.2523173645,1.2595047011688256
9.48772,8.77545,9.48772,0.930198,1473.55,1584.13,0.0,0.0,0.6084,0.654055,0.0,0,0.0031626858,1.1530985265,1.288630965101481
13.21557,12.47689,13.21557,0.543761,1970.91,3624.58,0.0,0.0,0.7842,1.44218,0.0,1,0.0027408613,1.2539440607,1.245759257769921
9.5586,7.20173,9.50846,0.864162,1603.61,1855.68,0.0,0.0,0.6396,0.740139,0.0,1,0.0024876987,1.0485762151,1.1016199832512235
12.69722,8.47633,12.65144,0.718278,2115.98,2945.9,0.0,0.0,0.7464,1.03915,0.0,1,0.0017525924,0.8267464184,0.8312090788083096
4.13712,3.42264,4.1139,1.63785,320.686,195.797,0.0,0.0,0.4366,0.266569,0.0,1,0.0021305307,0.7321420515,0.6997638431950952
11.05152,9.97547,11.05152,0.995058,1664.82,1673.09,0.0,0.0,0.6552,0.658454,0.0,1,0.0010818648,0.5121096101,0.5326475367821835
5.13622,4.08548,4.9972,1.59979,1236.67,773.017,0.0,0.0,0.4932,0.30829,0.0,1,0.0024591387,0.9161705454,0.9242665577638667
5.22313,4.14656,5.21824,1.4906,1212.59,813.493,0.0,0.0,0.5048,0.338655,0.0,1,0.0024467487,0.9540680548,0.932654650157614
10.39839,9.40181,10.39839,1.04415,1643.14,1573.66,0.0,0.0,0.6396,0.612553,0.0,1,0.0009463345,0.4912355642,0.4453082880463627
11.70294,10.66498,11.70294,1.01253,1536.34,1517.33,0.0,0.0,0.6416,0.633661,0.0,1,0.0010129108,0.496369072,0.5304776657191103
6.78768,5.03504,6.78768,0.817663,2795.18,3418.5,0.0,0.0,0.708,0.865883,0.0,1,0.0017555886,0.884101402,0.8497098073407341
6.71846,5.39444,6.71589,0.983709,1614.06,1640.79,0.0,0.0,0.5708,0.580253,0.0,1,0.0026330703,1.0617064797,1.1260087619122616
6.0154,4.82285,5.99433,1.02626,1867.85,1820.05,0.0,0.0,0.6442,0.627713,0.0,0,0.0038859754,1.5864131286,1.5919656183673963
5.24587,4.08263,5.23555,1.0782,1939.66,1798.98,0.0,0.0,0.611,0.566685,0.0,1,0.0048504617,1.9507016589,1.8859233236062523
9.30232,6.36524,9.14367,0.891296,2041.5,2290.48,0.0,0.0,0.6794,0.762261,0.0,1,0.0027821002,1.2539428064,1.214906389504725
4.00169,3.86741,4.00169,1.98354,581.815,293.322,0.0,0.0,0.4022,0.202769,0.0,1,0.00138332,0.5227666964,0.5213822508068198
4.8198,4.16045,4.8198,1.4521,612.494,421.799,0.0,0.0,0.4284,0.295021,0.0,0,0.0021108885,0.6846447963,0.7192498842750858
11.38543,11.12419,11.3774,0.437316,1877.39,4292.99,0.0,0.0,0.832,1.90251,0.0,0,0.002746806,1.2939995563,1.2629942170273234
6.42799,4.66248,6.41167,1.2058,1179.26,977.987,0.0,0.0,0.5038,0.417814,0.0,1,0.0033226376,1.2400999569,1.1953802439149517
4.74703,3.54387,4.71052,1.02013,1169.51,1146.44,0.0,0.0,0.5838,0.572282,0.0,0,0.0037481994,1.5167068252,1.458491480345125
6.66763,4.36115,6.66763,1.04515,2329.85,2229.2,0.0,0.0,0.6722,0.64316,0.0,1,0.0037756665,1.5842799235,1.5916072940529302
8.56972,8.26373,8.56972,0.874357,2020.35,2310.67,0.0,0.0,0.694,0.793726,0.0,1,0.0028717594,1.2661555778,1.2580929302164225
7.02111,6.32962,7.02111,1.11473,2097.73,1881.83,0.0,0.0,0.6286,0.563903,0.0,1,0.0031107868,1.3268513493,1.3253788651399088
5.86066,4.67676,5.86066,1.79494,889.419,495.515,0.0,0.0,0.4512,0.251373,0.0,1,0.0027223355,0.9080260654,0.8642759990399864
15.43787,6.70397,14.77017,0.729552,2339.56,3206.84,0.0,0.0,0.7494,1.02721,0.0,1,0.0031768606,1.4735761901,1.428883438511207
6.6659,5.14076,6.6659,1.16041,1633.36,1407.57,0.0,0.0,0.5642,0.486207,0.0,1,0.0026625627,1.1233430882,1.082812321188021
10.38317,5.82029,10.02176,0.765244,2450.36,3202.06,0.0,0.0,0.7244,0.946626,0.0,1,0.0037456015,1.612045309,1.5960729767225548
10.59453,5.69918,10.59344,0.768776,2454.62,3192.89,0.0,0.0,0.7144,0.929269,0.0,1,0.0031933975,1.4494484861,1.442706559885747
15.6839,9.81587,15.64212,0.743275,1280.66,1723.0,458.409,616.743,0.721,0.970032,0.0,1,0.0028694987,1.2795555747,1.2720758379889372
13.27563,13.09101,13.27563,1.53244,1385.3,903.983,0.0,0.0,0.652,0.425465,0.0,1,0.0011139532,0.5373503859,0.47568928364312735
28.66522,11.53771,28.66522,0.279149,1594.77,5712.98,0.0,0.0,0.8816,3.15817,0.0,1,0.0030655034,1.536997963,1.4954643367077756
10.08038,7.17794,10.08038,0.589363,2617.83,4441.79,0.0,0.0,0.7728,1.31125,0.0,1,0.003121459,1.4140498022,1.4129741896107415
5.28974,3.50395,5.28106,1.05699,1056.2,999.25,0.0,0.0,0.5634,0.533021,0.0,1,0.0022528798,0.9715338101,0.9192851577175237
4.80108,4.30234,4.80108,1.51624,1143.74,754.324,0.0,0.0,0.5456,0.359838,0.0,1,0.0009393959,0.4254678576,0.415844131425803
4.80464,4.28777,4.80464,1.53408,1142.39,744.678,0.0,0.0,0.5448,0.355132,0.0,1,0.0009653105,0.4272685547,0.4317603621508288
4.67022,4.137,4.66388,1.35819,1115.52,821.33,0.0,0.0,0.5302,0.390373,0.0,1,0.0013965476,0.5742439693,0.6117713384905823
7.51924,6.97754,7.50411,1.17363,1179.25,1004.78,0.0,0.0,0.5068,0.431822,0.0,1,0.002332695,0.9945900378,0.952549959615555
10.40242,4.28813,10.40242,0.962357,1197.69,1244.54,67.8044,70.4566,0.5764,0.598946,0.0,0,0.0028667498,0.9583401225,1.0847473457040788
7.13587,6.98688,7.13339,0.8258,2198.4,2662.15,0.0,0.0,0.6726,0.814482,0.0,0,0.0035174829,1.5920092783,1.5335010389661188
5.53835,4.38226,5.51111,1.15379,1524.15,1321.0,0.0,0.0,0.573,0.496625,0.0,1,0.004326313,1.612996952,1.590592089372548
5.47258,4.30508,5.46713,1.19194,1490.51,1250.49,0.0,0.0,0.5688,0.477205,0.0,1,0.0045095525,1.6402093393,1.602280870445385
5.4678,4.29561,5.44556,1.2061,1479.57,1226.74,0.0,0.0,0.5666,0.469779,0.0,1,0.0046808646,1.6484266092,1.6198767269045122
7.22233,4.73121,7.22233,1.05141,1110.85,1056.54,0.0,0.0,0.5324,0.50637,0.0,0,0.0039511908,1.4077013407,1.4046790383454926
4.45838,3.94557,4.41836,1.61624,1125.98,696.667,0.0,0.0,0.4868,0.301193,0.0,1,0.0033022496,1.1937456684,1.1415860233027368
4.30272,3.79858,4.29463,1.63832,1104.37,674.089,0.0,0.0,0.4846,0.295792,0.0,1,0.0026687829,0.966251171,0.9831624517126485
4.43647,3.87557,4.43647,1.65372,1132.95,685.091,0.0,0.0,0.471,0.284812,0.0,1,0.0030703035,1.0957150028,1.096200612873192
5.14591,3.62459,5.10569,1.20211,1101.2,916.058,0.0,0.0,0.5036,0.418931,0.0,0,0.0032113185,1.2067109978,1.1785402781567293
9.85959,7.82076,9.85959,0.707147,2014.24,2848.41,0.0,0.0,0.7242,1.02411,0.0,1,0.0023794144,1.1273085193,1.103992118564808
9.78617,8.86105,9.78617,0.959935,1692.37,1763.0,0.0,0.0,0.6186,0.644419,0.0,1,0.0019741841,0.8744198224,0.8714837133600292
5.17093,4.52481,5.06299,1.36553,783.142,573.505,0.0,0.0,0.4372,0.320168,0.0,0,0.0018730287,0.6862614414,0.6581354238608033
5.68191,5.17685,5.68191,1.29989,1899.11,1460.97,0.0,0.0,0.6252,0.480962,0.0,1,0.0031124891,1.2276384178,1.271328981843154
5.42545,4.61164,5.42545,1.32331,1222.55,923.858,0.0,0.0,0.5596,0.42288,0.0,1,0.0045457021,1.5034435561,1.5416031897227225
9.58074,6.82289,7.89267,0.900136,2106.29,2339.97,0.0,0.0,0.6514,0.723668,0.0,1,0.0034702228,1.4867383806,1.4362480541705027
5.89078,3.42545,5.89078,1.13599,1083.97,954.205,0.0,0.0,0.5156,0.453877,0.0,0,0.0023554327,0.9598102126,0.9466976589487657
10.55388,8.11262,10.55388,0.996818,2113.88,2120.63,0.0,0.0,0.7028,0.705043,0.0,1,0.0013195816,0.645679769,0.6093513709375891
10.13591,3.81582,10.13591,1.29721,1601.1,1234.26,0.0,0.0,0.591,0.455593,0.0,1,0.0018625599,0.7773994224,0.7630591780000809
6.45005,4.67913,6.43264,1.07947,2326.66,2155.37,0.0,0.0,0.632,0.585473,0.0,1,0.0035022129,1.48315506,1.4556323651936633
5.0096,3.45081,4.98262,1.23925,1556.79,1256.24,20.5089,16.5495,0.5694,0.459473,0.0,1,0.0028146056,1.1794313029,1.1402510121015577
6.04452,4.23776,6.03554,1.11864,2304.55,2060.12,0.0,0.0,0.6118,0.546912,0.0,1,0.0039560336,1.5754640396,1.6069025631140015
5.44628,3.82645,5.44628,1.17011,2237.72,1912.41,0.0,0.0,0.5966,0.509868,0.0,1,0.0042356606,1.6387865542,1.6710872408593274
4.82283,3.73359,4.81042,1.38544,1023.08,738.448,0.0,0.0,0.5156,0.372155,0.0,1,0.0056832907,1.7590334665,1.6883018911779355
6.10424,4.23086,6.10424,1.10708,2330.43,2105.02,0.0,0.0,0.618,0.558223,0.0,1,0.0038208042,1.5879028546,1.5931756517187847
6.8646,4.02613,6.8646,1.20789,1460.83,1209.4,0.0,0.0,0.5606,0.464115,0.0,1,0.0042344122,1.4617780415,1.4715620818924644
6.16288,4.28316,6.16288,1.08963,2317.05,2126.45,0.0,0.0,0.629,0.577258,0.0,1,0.0037176631,1.5027106098,1.55416327370116
6.73786,6.27962,6.66229,1.04811,1399.46,1335.23,0.0,0.0,0.5478,0.522657,0.0,0,0.0014633441,0.6171907548,0.6744474244099606
10.73095,6.57358,10.72652,0.838883,2111.23,2516.71,0.0,0.0,0.6964,0.830152,0.0,1,0.0042479828,1.5213193853,1.5624707757245928
6.93892,3.80818,6.45255,1.05982,1273.96,1202.05,0.0,0.0,0.5412,0.510651,0.0,0,0.0026278859,1.10525297,1.0531197428877057
9.16485,6.64251,9.16485,1.11428,1571.66,1410.47,39.9079,35.815,0.625,0.560902,0.0,1,0.004169123,1.4184814166,1.4749254093553885
4.82967,4.48576,4.82967,1.6967,607.999,358.342,0.0,0.0,0.4016,0.236695,0.0,1,0.0024080641,0.6904443008,0.7466062446412367
7.97174,5.12774,7.97032,1.15353,2068.35,1793.06,0.0,0.0,0.6172,0.535054,0.0,1,0.0015257186,0.7275514743,0.7164136659349594
4.63167,4.31957,4.63167,1.28045,1230.74,961.183,0.0,0.0,0.5428,0.423914,0.0,1,0.0027892789,1.0693903579,1.0919999796662045
6.39385,4.60431,6.39349,0.877136,2189.88,2496.63,0.0,0.0,0.6554,0.747205,0.0,1,0.0049427225,1.8868584208,2.0333544366526253
4.89316,3.86869,4.89316,1.79298,1637.93,913.522,0.0,0.0,0.5838,0.325603,0.0,1,0.0017793784,0.767072195,0.7574297286223516
5.04966,3.95603,5.04926,1.69109,1647.45,974.192,0.0,0.0,0.5932,0.35078,0.0,1,0.0015118735,0.7163726409,0.6727419758898627
4.93593,3.90727,4.93593,1.7362,1686.39,971.31,0.0,0.0,0.5894,0.339477,0.0,1,0.0017288016,0.7553086205,0.7268926411575434
4.65103,4.01588,4.65103,1.69435,1544.77,911.715,0.0,0.0,0.5744,0.339009,0.0,1,0.001177714,0.5585414849,0.5414485822613504
4.85877,3.85756,4.85723,1.80735,1636.84,905.654,0.0,0.0,0.586,0.324231,0.0,1,0.0018481038,0.7759966328,0.7732272016202046
9.02646,6.62876,9.00319,0.768463,2450.96,3189.43,0.0,0.0,0.7778,1.01215,0.0,1,0.0018725902,0.9339277516,0.8976695532112339
4.46145,3.72288,4.46145,1.49644,287.06,191.829,0.0,0.0,0.4038,0.269841,0.0,1,0.0024804774,0.6399107239,0.6745455081125604
4.50395,3.69554,4.50367,1.50379,303.721,201.971,0.0,0.0,0.4016,0.267059,0.0,1,0.0025771461,0.6505617622,0.7406066756532674
4.21373,3.61145,4.21373,1.53199,237.412,154.969,0.0,0.0,0.4018,0.262273,0.0,1,0.0020535546,0.5639709335,0.6275077828200287
7.56113,5.5145,7.12706,1.15475,978.763,847.594,187.52,162.389,0.5516,0.477677,0.0,1,0.0027477329,1.1144009234,0.976154963050309
6.49431,5.39638,6.48428,1.08851,2690.71,2471.91,0.0,0.0,0.726,0.666964,0.0,1,0.0010338471,0.5097012319,0.5029520936412178
5.98913,5.07662,5.983,1.31215,1025.01,781.164,0.0,0.0,0.5226,0.398277,0.0,1,0.0020303561,0.8017944408,0.7827626718519063
6.71051,5.85889,6.69498,1.05932,1949.1,1839.96,0.0,0.0,0.6024,0.568668,0.0,1,0.0032317528,1.26570829,1.3426241427248446
10.85901,8.03964,10.85901,1.03314,1392.4,1347.74,0.0,0.0,0.6084,0.588883,0.0,0,0.0022523172,0.8972390392,0.9573974343549412
15.27666,13.37931,15.27666,0.777112,1815.11,2335.71,0.0,0.0,0.723,0.930368,0.0,0,0.0018823488,0.8539976079,0.8502466006880385
15.24588,13.37948,15.24588,0.777112,1827.71,2351.93,0.0,0.0,0.724,0.931654,0.0,0,0.0018882128,0.8537700841,0.8514943760191211
7.18513,5.72761,7.17339,0.897407,2341.84,2609.57,0.0,0.0,0.648,0.72208,0.0,1,0.002366804,1.0428710086,1.0974620063538743
6.05356,4.17814,6.05356,1.07197,1658.11,1546.78,2.02848,1.89228,0.5834,0.544229,0.0,1,0.002719572,1.1102421408,1.1057519349639424
5.12494,3.68789,4.86231,1.25758,738.946,587.595,101.966,81.0816,0.492,0.391229,0.0,1,0.0031289783,1.032529097,1.1094569572638382
6.18603,4.18536,6.1755,1.09485,1872.24,1710.03,0.0,0.0,0.5864,0.535596,0.0,1,0.0027247021,1.1258408422,1.1468412039531837
17.36935,5.40179,17.36935,1.04037,1505.92,1447.48,0.0,0.0,0.6542,0.628815,0.0,0,0.0013623925,0.5517094052,0.5606082366611014
7.22845,6.88703,7.22003,0.852646,2024.04,2373.83,0.0,0.0,0.6572,0.770777,0.0,0,0.0024679393,1.1193726055,1.1285303303818115
5.72746,4.12193,5.64984,1.21514,2074.82,1707.48,0.0,0.0,0.605,0.497886,0.0,1,0.0026722673,1.0891808292,1.1189120933974726
5.85565,4.3241,5.81433,1.11314,2290.27,2057.49,0.0,0.0,0.6456,0.579983,0.0,1,0.0027292134,1.0850275231,1.1901501688429657
5.27749,3.98975,5.17779,1.10089,1767.3,1605.34,0.0,0.0,0.5602,0.508863,0.0,1,0.0034077012,1.2896682461,1.3746429846248094
8.22407,5.82511,8.22407,0.843093,1913.32,2269.41,1.31012,1.55395,0.6484,0.769073,0.0,1,0.001846887,0.8790154646,0.8258296939595888
14.8276,14.77034,14.8276,0.887088,1281.1,1444.16,0.0,0.0,0.6208,0.699818,0.0,1,0.0013425605,0.6106433557,0.589647514053812
7.09205,5.80307,7.09205,0.944258,2774.42,2938.2,0.0,0.0,0.7154,0.757632,0.0,1,0.0019406617,0.9135792708,0.9291331981415301
6.68622,4.50914,6.67956,0.770633,1838.89,2386.21,0.0,0.0,0.6402,0.830746,0.0,1,0.0034309014,1.4480894891,1.4783986257741528
8.1775,6.04263,8.04141,1.00533,1638.23,1629.55,0.0,0.0,0.6412,0.637802,0.0,0,0.003288689,1.2117555693,1.3977776712003016
6.72825,5.09275,6.72825,1.1538,2875.75,2492.42,0.0,0.0,0.7648,0.662854,0.0,0,0.0007583449,0.3778459259,0.3710854196166633
10.37122,8.95436,10.37122,0.787001,1611.54,2047.69,0.0,0.0,0.6654,0.845489,0.0,1,0.001587545,0.756078241,0.7762675488045534
7.10002,5.21425,6.59335,0.943193,1754.71,1860.4,1.38955,1.47324,0.6182,0.655433,0.0,1,0.0044089783,1.755792362,1.6807760321751544
6.68492,5.17244,6.67225,1.16398,1342.18,1153.1,0.0,0.0,0.5428,0.466332,0.0,1,0.0054264055,1.4415940114,1.5532364919578978
6.67259,5.28318,6.67068,1.1406,1107.96,971.384,0.0,0.0,0.4988,0.437316,0.0,1,0.002368212,0.9812814395,0.9239566945842727
6.30239,4.60575,6.30081,0.99242,2117.8,2133.98,0.0,0.0,0.6346,0.639447,0.0,1,0.0017961992,0.8002373962,0.8187320733637731
6.09971,4.27883,6.09943,0.947205,2272.9,2399.59,0.0,0.0,0.644,0.679895,0.0,1,0.0019593218,0.8952491187,0.8994499924991377
6.86464,4.18996,6.61474,0.930991,1654.01,1776.62,0.0,0.0,0.6014,0.645979,0.0,1,0.003255075,1.3930547979,1.4032539020417167
8.48171,3.92126,8.48171,0.891092,1361.54,1527.95,0.0,0.0,0.6076,0.68186,0.0,1,0.0015737728,0.7393515758,0.7318249498944838
5.76197,4.68972,5.75144,1.29019,1221.31,946.616,0.0,0.0,0.4888,0.37886,0.0,0,0.0031462536,1.0506443875,1.1362151305288217
7.68451,4.9879,7.6811,1.00363,1922.96,1916.01,0.0,0.0,0.6122,0.609987,0.0,1,0.0029080143,1.2763258474,1.2477849589778063
5.81423,4.04124,5.79708,1.35939,665.654,489.672,0.0,0.0,0.4506,0.331473,0.0,1,0.0029056084,0.913462234,0.8995295088226495
6.06791,4.72083,6.0579,1.2094,1573.94,1301.42,0.0,0.0,0.5582,0.461552,0.0,1,0.0034623388,1.3355976363,1.3278188236257074
5.28957,4.33779,5.28957,0.956875,1608.61,1681.11,0.0,0.0,0.5938,0.620562,0.0,1,0.0034911904,1.3979768324,1.4114367653646347
13.3149,6.32995,13.3149,0.498432,2835.47,5688.77,0.0,0.0,0.778,1.5609,0.0,1,0.002613994,1.3451930446,1.2855826644956334
6.68707,6.10275,6.68707,1.23624,984.626,796.47,83.5539,67.5873,0.5306,0.429206,0.0,1,0.0016487365,0.7323268697,0.6811279619908721
6.69718,6.09535,6.69718,1.23624,986.103,797.665,80.349,64.9948,0.5296,0.428397,0.0,1,0.0015431356,0.7290907133,0.648838463744035
5.44718,4.31032,5.44265,0.953017,1818.67,1908.33,0.0,0.0,0.6068,0.636715,0.0,1,0.0044165502,1.7386387498,1.7716759169541398
6.06489,4.97271,6.06019,1.23962,1992.38,1607.25,0.0,0.0,0.6032,0.486602,0.0,1,0.0030699888,1.28495983,1.261429210260286
4.25802,3.49743,4.22359,1.39734,591.978,423.648,0.0,0.0,0.4574,0.327337,0.0,1,0.0026767986,0.8707501124,0.9656147990234895
16.10036,15.32514,16.09835,0.674334,1617.68,2398.93,0.0,0.0,0.7312,1.08433,0.0,0,0.0022526961,1.0440614173,1.0203667460319743
8.69308,7.48414,8.68762,0.756867,2252.53,2976.13,0.0,0.0,0.7044,0.930679,0.0,0,0.0027340906,1.1875652292,1.2491974181937173
15.98104,7.52003,15.97479,0.734572,1758.78,2394.29,252.635,343.921,0.7614,1.03652,0.0,1,0.0022585783,1.0448610507,1.0550829465348657
11.05938,6.30446,11.02908,0.918977,2242.53,2440.24,0.0,0.0,0.738,0.803067,0.0,1,0.0019481181,0.8698840288,0.8834486825353363
9.61074,7.33598,9.61074,0.662989,2371.82,3577.46,0.0,0.0,0.7958,1.20032,0.0,0,0.0013351049,0.6306117319,0.6622805423758503
5.83475,4.30482,5.82509,1.2153,836.856,688.601,251.586,207.016,0.5296,0.435778,0.0,0,0.0037321077,1.2774799444,1.3098895979616585
13.64672,8.62891,13.57643,0.814725,1868.84,2293.83,0.829839,1.01855,0.7426,0.911474,0.0,0,0.001114918,0.5480998545,0.5421980063988864
6.00262,3.86824,5.65571,1.31,1012.28,772.734,0.0,0.0,0.4954,0.378168,0.0,1,0.0024780147,0.9321578257,0.8993750845136336
7.33297,4.64507,7.06229,0.957966,1896.24,1979.44,0.0,0.0,0.6126,0.63948,0.0,0,0.0031902309,1.4114227297,1.3513414647086355
9.17432,7.72525,9.0966,0.709696,2365.23,3332.74,0.0,0.0,0.7732,1.08948,0.0,0,0.0013176715,0.6394604595,0.6516049867387139
9.46604,8.41122,9.46604,0.69659,2357.29,3384.04,0.0,0.0,0.789,1.13266,0.0,0,0.0012635062,0.6514364199,0.6126813808686764
6.46175,4.9377,6.46175,1.4824,1450.9,978.754,0.0,0.0,0.5424,0.365894,0.0,1,0.0022431555,0.9112160924,0.9331882468786601
8.83128,4.93156,8.81323,1.43518,1000.0,696.779,0.0,0.0,0.4548,0.316894,0.0,1,0.0019914163,0.693612735,0.7634990380134508
6.18049,4.11372,6.17321,0.97822,1677.34,1714.69,0.0,0.0,0.6008,0.614177,0.0,0,0.003192622,1.2974207148,1.351497741932472
5.62972,5.12114,5.55282,1.20445,928.209,770.649,0.0,0.0,0.499,0.414297,0.0,1,0.0013487809,0.5744597354,0.5472910072160454
6.13867,3.70141,6.13867,1.60239,1120.27,699.126,0.0,0.0,0.517,0.322643,0.0,0,0.0050796533,1.7384977946,1.5097760510436824
5.81008,4.95296,5.55484,2.37336,1506.6,634.795,0.0,0.0,0.5624,0.236964,0.0,1,0.0018327924,0.714413074,0.7036585220981824
6.58785,4.88173,6.58785,1.68165,1430.07,850.397,0.0,0.0,0.5722,0.340261,0.0,1,0.0029660727,1.1283566871,1.1189570195357872
24.30948,9.03515,24.30948,0.38234,1867.98,4885.64,0.0,0.0,0.8462,2.21321,0.0,1,0.0027773796,1.4179559067,1.3755651069033572
7.22153,5.5004,7.20678,0.929467,1805.81,1942.84,0.0,0.0,0.6346,0.682757,0.0,1,0.0041205803,1.6319826825,1.6397789545907218
10.03253,9.59417,10.02623,0.699735,1785.38,2551.51,0.0,0.0,0.7038,1.00581,0.0,0,0.0026202276,1.2056062314,1.188129624837953
4.62887,4.08311,4.62887,1.93861,903.412,466.011,0.0,0.0,0.5016,0.258742,0.0,1,0.0031511262,1.074983473,0.9924725690631446
15.37241,7.5238,15.37241,0.554007,2040.18,3682.59,0.0,0.0,0.7832,1.4137,0.0,0,0.0020799173,1.036226083,1.0254307810605188
5.59823,4.10574,5.59823,0.989877,1624.62,1641.23,0.0,0.0,0.559,0.564717,0.0,1,0.0041516322,1.6311504333,1.6147875838516357
7.26111,7.14037,7.26111,0.948615,1661.34,1751.34,0.0,0.0,0.5896,0.621538,0.0,0,0.0041985581,1.8497665595,1.8086672515353248
7.19827,5.98763,7.19827,1.10603,1324.83,1197.82,0.0,0.0,0.546,0.493657,0.0,0,0.0030922388,1.2576519897,1.1969217734269977
5.87742,3.45437,5.87742,1.36069,369.973,271.901,0.0,0.0,0.367,0.269716,0.0,0,0.0017144285,0.5088718694,0.5159361584138612
13.26244,6.64572,13.26244,0.873197,2121.07,2429.08,0.0,0.0,0.7212,0.825931,0.0,1,0.0034375824,1.2883830123,1.2904365777864888
6.11767,3.57208,6.10936,1.00677,852.908,847.173,0.0,0.0,0.5204,0.516901,0.0,1,0.0050410133,1.3765641597,1.5709704434315057
5.28648,3.63417,5.2773,0.904106,536.331,593.217,509.7,563.762,0.5196,0.574711,0.0,0,0.0063033888,1.6611602641,1.9031599644232462
5.05238,3.74879,4.99149,1.49581,731.65,489.133,0.0,0.0,0.4222,0.282255,0.0,1,0.0048801509,1.2306344281,1.2592797342781328
8.06664,3.9387,8.06075,1.15948,1831.32,1579.42,0.0,0.0,0.63,0.543345,0.0,0,0.0049788459,1.9584235761,1.9102132070081916
8.08706,3.61748,7.36025,1.26635,1637.77,1293.3,0.0,0.0,0.6148,0.485489,0.0,1,0.0041405582,1.6755352475,1.547378156174218
8.0725,3.53077,8.06497,1.03469,1587.07,1533.85,0.0,0.0,0.6072,0.58684,0.0,1,0.0040814345,1.6949573755,1.6242472452093843
9.12551,3.7795,9.11836,1.17123,1785.15,1524.17,0.0,0.0,0.6208,0.530041,0.0,1,0.0025840418,1.132991297,1.0882304062437584
7.77196,4.02298,7.7515,0.967928,1840.06,1901.03,0.0,0.0,0.6374,0.65852,0.0,1,0.0035785137,1.5530449194,1.5068895102339508
5.83271,4.11171,5.82021,0.775057,2252.16,2905.8,0.0,0.0,0.6658,0.859034,0.0,0,0.0033324421,1.4633612618,1.457386396812723
7.2529,4.09487,7.24788,1.02599,1723.2,1679.54,0.0,0.0,0.6096,0.594156,0.0,1,0.00273665,1.1483858081,1.1877004206932171
7.60143,4.74827,7.04866,1.03116,1778.09,1724.35,0.0,0.0,0.6042,0.58594,0.0,1,0.0043209981,1.6890114559,1.7095313876993392
7.12952,5.0191,7.12952,1.96935,853.811,433.551,0.0,0.0,0.434,0.220378,0.0,0,0.0013187329,0.4896919814,0.5035714100430577
11.32674,4.96034,11.30095,0.840493,2065.42,2457.39,0.0,0.0,0.7018,0.834987,0.0,1,0.0036140193,1.5331193253,1.441303185800051
8.47502,6.8337,8.46296,0.827108,1882.02,2275.42,0.0,0.0,0.6618,0.800137,0.0,1,0.0026235534,1.175558371,1.1561360904732818
7.1275,4.47989,7.11656,1.12613,1773.48,1574.85,0.0,0.0,0.6,0.5328,0.0,1,0.0017137646,0.7665277151,0.7620001247326516
5.66478,3.61524,5.6614,1.54511,1255.98,812.875,0.0,0.0,0.5282,0.341853,0.0,1,0.0015511917,0.668798912,0.65970328395371
10.92187,6.16089,10.13253,0.730979,2352.02,3217.63,0.0,0.0,0.744,1.01781,0.0,1,0.0034353674,1.4977345472,1.4749739869701881
7.18365,5.84135,6.93817,1.26274,1917.74,1518.71,0.0,0.0,0.6256,0.495429,0.00158385,1,0.0011852845,0.5517651518,0.611272864763557
8.35999,7.36684,8.31122,1.01133,1835.07,1814.52,0.0,0.0,0.6542,0.646874,0.0,1,0.0030220347,1.3861964854,1.3054235432349477
9.9371,5.9051,9.93469,0.740129,2096.9,2833.15,0.0,0.0,0.687,0.928217,0.0,0,0.0023726641,1.074579058,1.107964483287311
5.38898,4.39397,5.38845,1.86317,1402.69,752.852,0.0,0.0,0.5556,0.298201,0.0,1,0.0014763228,0.6138928925,0.6323507573315492
5.53374,4.52225,5.53374,1.71424,1549.27,903.767,0.0,0.0,0.5698,0.332393,0.0,1,0.001140108,0.5224616339,0.4937471927353311
12.95456,9.6087,12.76631,0.416845,1954.8,4689.52,0.0,0.0,0.815,1.95516,0.0,1,0.002474281,1.2181246707,1.1787380847023774
5.95677,4.26157,5.93982,1.29463,1394.9,1077.46,0.0,0.0,0.5154,0.398107,0.0,0,0.0028460361,1.0904569874,1.1139650243264883
5.43472,3.75459,5.43472,1.57273,1218.49,774.765,0.0,0.0,0.5248,0.333688,0.0,0,0.0040477125,1.3249335519,1.3227713731202602
5.44774,3.7649,5.44192,1.50867,1222.23,810.136,0.0,0.0,0.526,0.348652,0.0,0,0.0041034181,1.3090792302,1.3612818972502174
5.41179,3.71334,5.38603,1.62695,1198.02,736.358,0.0,0.0,0.519,0.319002,0.0,0,0.0043017576,1.3422660354,1.3432509527697774
5.4288,3.7248,5.42521,1.58725,1209.7,762.135,0.0,0.0,0.523,0.3295,0.0,0,0.0040856158,1.3289755538,1.2989665663960037
6.09263,4.09444,6.07646,0.818977,2614.48,3192.37,0.0,0.0,0.6796,0.829816,0.0,0,0.002437453,1.1628862275,1.1279469130095774
6.94632,6.00048,6.94632,1.03663,2578.05,2486.94,0.0,0.0,0.6936,0.669088,0.0,1,0.0019414707,0.9351160763,0.8941524399660035
7.05521,6.39517,7.05449,1.0177,2567.24,2522.59,0.0,0.0,0.6952,0.683108,0.0,1,0.0020418691,0.9117401954,0.9380421718855237
7.68408,4.67009,7.68408,1.19851,1999.16,1668.03,0.0,0.0,0.6332,0.528321,0.0,1,0.0017784413,0.863732638,0.801939677062413
6.08536,5.42004,6.08536,0.76282,3171.25,4157.27,0.0,0.0,0.7336,0.961695,0.0,1,0.0022280561,1.091925395,1.0841681490124422
4.69189,4.1551,4.68505,1.19151,652.957,548.006,0.0,0.0,0.4618,0.387574,0.0,1,0.0011650148,0.4588872974,0.48479338576215014
5.17721,3.88044,5.16559,1.56809,1108.64,706.999,0.0,0.0,0.4678,0.298324,0.0,0,0.0027655506,1.0070776018,0.9835142710336287
5.55376,3.62598,5.46848,2.06178,1285.48,623.479,0.0,0.0,0.5464,0.265014,0.0,1,0.0013044995,0.5403642532,0.5374074218637032
6.082,4.53553,6.07141,2.27942,1559.62,684.218,0.0,0.0,0.5574,0.244536,0.0,1,0.0007407459,0.3283834419,0.3466415267393219
6.94357,6.25435,6.88861,1.02856,1661.58,1615.44,0.0,0.0,0.5918,0.575367,0.0,1,0.0028001092,1.102572408,1.2292795744108655
9.54316,8.35297,9.54316,1.17123,1191.49,1017.3,0.0,0.0,0.5608,0.478813,0.0,1,0.0021449928,0.8681822379,0.8764369644811897
6.22529,4.73915,6.22421,1.09032,1314.16,1205.3,0.0,0.0,0.551,0.505357,0.0,1,0.0040276743,1.3955556388,1.4177006321366565
5.92457,4.79042,5.92457,1.92239,717.079,373.015,0.0,0.0,0.4062,0.2113,0.0,0,0.0013606904,0.4637615238,0.471103731686901
6.01675,4.74609,6.01675,1.93131,685.918,355.156,0.0,0.0,0.4034,0.208873,0.0,0,0.001311045,0.4354547915,0.4643675232301049
6.0763,4.7602,6.0763,1.95362,711.305,364.096,0.0,0.0,0.416,0.212938,0.0,0,0.0015043139,0.4718210342,0.5337622516061172
5.94961,4.80382,5.94961,1.93345,716.335,370.496,0.0,0.0,0.4134,0.213815,0.0,0,0.0013445529,0.4555510282,0.46710267691264695
5.89979,4.82106,5.89979,1.93984,705.302,363.588,0.0,0.0,0.4094,0.211048,0.0,0,0.0012696901,0.438762181,0.4349723173088642
4.87289,4.04271,4.86475,1.11842,1707.65,1526.84,0.0,0.0,0.5666,0.506605,0.0,1,0.0042739954,1.6719121586,1.673628088740784
9.05788,8.40599,9.04804,0.706681,2105.01,2978.73,0.0,0.0,0.7028,0.994508,0.0,1,0.0023943379,1.1034172467,1.134727678262126
5.51262,3.86354,5.23725,1.5527,956.041,615.728,190.025,122.384,0.5024,0.323565,0.0,1,0.0018778472,0.7566145029,0.7264706670746365
28.43131,15.91754,28.43131,0.251734,1350.35,5364.2,0.0,0.0,0.895,3.55533,0.0,1,0.0028942561,1.4914274349,1.4139821161170236
4.55228,3.8726,4.49338,1.6515,1184.67,717.327,0.0,0.0,0.5308,0.321405,0.0,1,0.0023112401,1.0107030812,0.8959076107968164
4.79099,4.0094,4.67667,1.66988,586.788,351.395,42.4437,25.4172,0.4496,0.26924,0.0,0,0.0038031614,1.047714122,1.0623559296772744
4.83695,4.09471,4.83695,1.59649,796.791,499.09,0.0,0.0,0.4516,0.282871,0.0,0,0.0043860708,1.1991344003,1.2162027242203508
12.5848,12.05657,12.5848,0.73279,1666.47,2274.15,0.0,0.0,0.7016,0.957436,0.0,0,0.0028646432,1.2200632558,1.2560638878657122
15.08334,7.94194,15.08334,0.584242,2219.37,3798.71,0.0,0.0,0.8024,1.3734,0.0,0,0.0020536244,0.9714495853,1.000972806506356
7.88297,4.15104,7.88297,1.15793,1890.02,1632.24,0.0,0.0,0.6168,0.532675,0.0,0,0.0037419797,1.3847780289,1.5264624479731426
7.95891,4.14066,7.95891,1.16582,1897.92,1627.97,0.0,0.0,0.6126,0.525468,0.0,0,0.003677043,1.3869879073,1.5220743821976057
6.82644,4.81311,6.7091,1.14185,1358.99,1190.16,0.0,0.0,0.5914,0.517932,0.0,0,0.0026894168,0.9583051823,1.067690243055632
11.33189,6.86002,11.33189,0.649596,2356.83,3628.15,0.0,0.0,0.774,1.19151,0.0,1,0.0026387334,1.1532394902,1.2296229553952713
8.04408,6.54623,8.01999,0.696864,2211.4,3173.36,0.0,0.0,0.7326,1.05128,0.0,0,0.002512586,1.2206009714,1.1792692179471183
6.18436,4.94333,5.98081,1.31558,928.05,705.433,194.939,148.177,0.529,0.402105,0.0,1,0.0034282155,1.2067729711,1.2099836853382333
6.76103,5.10334,6.76103,1.07696,1941.39,1802.66,0.0,0.0,0.6212,0.57681,0.0,0,0.002728852,1.1571440414,1.1508227872574295
5.66636,4.82954,5.66636,1.37462,738.511,537.249,0.0,0.0,0.318,0.231337,0.0,1,0.002528692,0.8609571001,0.7959020993983291
6.02888,4.81928,6.02888,1.46684,832.757,567.721,0.0,0.0,0.4806,0.327643,0.0,1,0.0020345017,0.7402853863,0.7307282902624308
6.52902,4.63625,6.52902,1.20846,1900.2,1572.41,0.0,0.0,0.613,0.507257,0.0,1,0.0031803759,1.2863064516,1.3099682047004269
5.33619,3.90302,5.22967,1.1804,712.798,603.863,412.05,349.077,0.5362,0.454254,0.0,1,0.0013679784,0.5829484826,0.6099520403600849
5.62306,3.85048,5.61686,1.5787,1548.3,980.742,0.0,0.0,0.6176,0.391207,0.0,1,0.0028927009,1.1190177846,1.107403889693382
17.06952,6.66429,17.06948,0.730619,2158.98,2955.01,0.0,0.0,0.7424,1.01613,0.0,1,0.0032363146,1.4100626392,1.4451124282904313
5.09985,3.87591,5.09025,1.50728,1179.77,782.72,0.0,0.0,0.547,0.362907,0.0,1,0.0029156304,1.057524373,1.0835106845971023
4.98965,4.17051,4.98965,1.41285,672.875,476.256,0.0,0.0,0.4416,0.312561,0.0,0,0.0012825588,0.4763275941,0.5209264863368375
4.92633,4.45881,4.92633,1.33002,1110.7,835.1,0.0,0.0,0.469,0.352627,0.0,0,0.0047933426,1.5586481412,1.5448364079217278
4.56618,4.05009,4.56618,1.4926,751.203,503.284,0.0,0.0,0.4242,0.284201,0.0,0,0.0033946283,1.0175281814,1.040388681590858
4.53296,4.00605,4.52467,1.46371,719.363,491.465,0.0,0.0,0.4314,0.29473,0.0,0,0.0034043437,1.0456697588,1.0750108738624464
6.47441,4.48765,6.46774,0.782233,2543.82,3252.0,0.0,0.0,0.7104,0.90817,0.0,0,0.0025391105,1.2105783588,1.1737154834659134
10.87652,5.94063,10.87549,0.784217,2419.27,3084.95,0.0,0.0,0.7452,0.950247,0.0,1,0.0030280663,1.3410575509,1.3708529751251601
4.75742,3.71555,4.75742,1.43501,995.445,693.686,0.0,0.0,0.5006,0.348848,0.0,0,0.0029911107,1.0683871449,1.0618891487860864
4.62158,3.54405,4.62158,1.37822,778.037,564.523,55.153,40.0175,0.5524,0.400807,0.0,0,0.0009023202,0.4054297284,0.39748032556323665
9.50106,5.60478,9.50106,0.851383,2390.76,2808.08,0.0,0.0,0.7012,0.823601,0.0,1,0.004029957,1.5547141749,1.705153205371029
14.03402,9.0463,14.02308,0.76193,2112.49,2772.55,0.0,0.0,0.7494,0.983555,0.0,1,0.0032565084,1.4045603838,1.4159745321355781
5.41082,3.95109,5.41082,1.19816,1084.16,904.86,0.0,0.0,0.5322,0.444182,0.0,1,0.0018361346,0.748836448,0.7688124615944084
18.78417,14.89456,18.78417,0.315898,1578.36,4996.42,0.0,0.0,0.8756,2.77178,0.0,0,0.0025961623,1.2712350841,1.2836169017056254
8.3495,5.13588,8.1646,0.608298,3093.18,5084.98,0.0,0.0,0.7326,1.20434,0.0,0,0.0044413382,1.9468176855,2.0463347527209574
9.34177,3.71993,9.34177,1.22332,1337.41,1093.26,0.0,0.0,0.5774,0.471995,0.0,1,0.0017946644,0.8133171097,0.7428058103925181
5.61648,4.05301,5.61199,1.31362,1114.73,848.591,0.0,0.0,0.4902,0.373167,0.0,1,0.0039977948,1.3163080422,1.3217863370995808
12.10808,3.4458,10.16044,0.913109,1657.88,1815.64,0.0,0.0,0.663,0.726091,0.0,1,0.0030685236,1.31141306,1.328534790559366
5.56977,4.83187,5.56337,1.16042,1122.88,967.652,0.0,0.0,0.4848,0.417781,0.0,0,0.0041148713,1.3832512342,1.3899238126809401
5.60791,4.87769,5.56878,1.15397,1143.32,990.77,0.0,0.0,0.4896,0.424274,0.0,0,0.0043803469,1.4106099665,1.4583602090643306
5.70711,4.91694,5.69105,1.1407,1134.98,994.985,0.0,0.0,0.4988,0.437277,0.0,0,0.0040460443,1.3327627382,1.3579349340533668
5.74994,5.00317,5.74994,1.13423,1163.97,1026.22,0.0,0.0,0.491,0.432891,0.0,0,0.004085374,1.3968328906,1.3770848275859449
4.86191,4.39042,4.86191,1.23808,888.924,717.986,0.0,0.0,0.4546,0.367182,0.0,0,0.0039526362,1.2211507457,1.2479412847890616
5.27742,4.83558,5.27742,1.18109,1071.17,906.928,0.0,0.0,0.4762,0.403186,0.0,0,0.0040079437,1.3412120717,1.3578502494803262
5.93161,4.23353,5.92922,1.12874,1308.17,1158.97,0.0,0.0,0.541,0.479296,0.0,0,0.0043490155,1.5559304521,1.5275064068630466
8.83543,4.89469,8.82746,0.624336,3070.63,4918.23,0.0,0.0,0.7,1.12119,0.0,0,0.0046713885,2.0322153867,2.1145422959734423
3.99229,3.40619,3.99097,1.96697,432.183,219.72,0.0,0.0,0.4482,0.227863,0.0,1,0.0017719033,0.6811378497,0.6382534614859809
7.93406,5.48339,7.91016,0.971712,2041.64,2101.08,0.0,0.0,0.6486,0.667482,0.0,1,0.0027444763,1.1944708964,1.1927164023824357
5.03956,3.43426,5.01641,1.51423,609.631,402.601,6.8807,4.54403,0.48,0.316993,0.0,1,0.0034667836,1.0005438483,1.0333166446639208
6.71751,4.61596,6.71751,1.15559,1670.87,1445.9,0.0,0.0,0.5844,0.505717,0.0,1,0.0024637011,1.0573774999,1.0314909064887336
7.91812,7.59324,7.91812,1.47122,1126.87,765.945,0.0,0.0,0.5294,0.359837,0.0,1,0.0008499139,0.3865131565,0.3962536296147626
6.74016,3.64875,6.72751,1.24419,1425.52,1145.74,0.0,0.0,0.5586,0.448968,0.0,0,0.0023888255,1.0021476146,0.9626287245169747
6.73347,3.6531,6.72302,1.2549,1424.07,1134.81,0.0,0.0,0.5568,0.443702,0.0,0,0.002507378,1.0115571727,1.012242206488828
6.73085,3.71981,6.7271,1.26713,1437.51,1134.46,0.0,0.0,0.5568,0.439419,0.0,0,0.0025027276,0.9845616434,0.9917484610480211
6.73345,3.74488,6.72117,1.28647,1439.37,1118.85,0.0,0.0,0.5556,0.43188,0.0,0,0.0023839608,1.0014508511,0.9583608041340922
11.37997,7.84586,11.37913,0.791329,2050.25,2590.9,0.0,0.0,0.7294,0.921741,0.0,1,0.0015572332,0.7125408012,0.7597915879253483
11.46361,8.17134,11.46361,0.780594,2181.16,2794.23,0.0,0.0,0.7478,0.957988,0.0,1,0.00143077,0.7222189557,0.7165391055781265
4.58854,4.14721,4.58854,1.14854,1287.04,1120.59,0.0,0.0,0.5678,0.494365,0.0,1,0.0012855093,0.5890325763,0.6242786752020335
4.3139,3.55368,4.30056,2.21162,511.056,231.077,0.0,0.0,0.5152,0.232951,0.0,1,0.0010261724,0.4400741471,0.44097571260091495
5.27825,3.53087,5.19969,0.862596,1941.73,2251.03,0.0,0.0,0.6554,0.7598,0.0,1,0.0030677992,1.322555791,1.3211942039058897
19.48655,7.36184,19.24065,0.593799,2227.14,3750.66,0.0,0.0,0.7806,1.31459,0.0,1,0.0028129439,1.2878870487,1.3245912826799686
9.43814,4.59805,9.43814,1.24517,1642.64,1319.2,2.40063,1.92795,0.6318,0.5074,0.0,1,0.0021939352,1.0099873386,0.9142736563816782
14.98566,9.18322,14.98566,0.727734,1500.13,2061.37,168.676,231.782,0.6626,0.910497,0.0,1,0.0029345329,1.2059834202,1.256952201790976
11.12952,5.24741,11.12952,1.02735,1615.52,1572.51,0.0,0.0,0.5816,0.566115,0.0,1,0.001587948,0.695788433,0.7241558969714816
10.27351,7.23414,10.27351,0.702938,1802.86,2564.75,0.0,0.0,0.6908,0.982733,0.0,1,0.002786245,1.2534392756,1.2635618079866282
10.2361,7.27261,10.14502,0.69251,1823.51,2633.19,0.0,0.0,0.6952,1.00388,0.0,1,0.0025683826,1.1762103197,1.1929125639587335
10.2269,8.71112,10.19864,0.711062,1763.31,2479.82,0.0,0.0,0.6842,0.962223,0.0,1,0.0026629639,1.2433464308,1.1840095555415369
9.73841,7.14116,9.73841,0.752041,1815.26,2413.78,0.0,0.0,0.677,0.900216,0.0,1,0.0027926948,1.235528707,1.2552858142583785
12.11698,9.08074,12.11414,0.619951,1818.86,2933.88,0.0,0.0,0.7208,1.16267,0.0,1,0.0028060762,1.2244438757,1.2788976313887743
7.40163,5.27423,7.39913,1.02718,1852.44,1803.42,0.0,0.0,0.6308,0.61411,0.0,1,0.0043477993,1.5274213125,1.6798353011668823
7.76009,5.17265,7.74555,1.0195,2020.5,1981.85,0.0,0.0,0.6252,0.613242,0.0,1,0.0022826217,0.9798750793,1.0227385392980384
4.97475,3.84254,4.97057,1.32525,657.853,496.398,0.0,0.0,0.4546,0.343029,0.0,1,0.0039644556,1.114942774,1.111742642556945
4.9355,3.41269,4.9355,1.26902,576.242,454.085,0.0,0.0,0.4542,0.357915,0.0,0,0.0031052541,0.9162423864,0.9627900598707196
8.75473,4.69687,8.74085,1.19037,1892.69,1590.0,0.0,0.0,0.6324,0.531265,0.0,0,0.001913094,0.8841701771,0.8312573077036627
6.32885,4.07784,6.32149,0.837909,1976.96,2359.4,0.0,0.0,0.6126,0.731105,0.0,0,0.0043686304,1.8484516683,1.789989938435781
6.60468,3.67142,6.60468,0.952542,1431.54,1502.86,0.0,0.0,0.5926,0.622125,0.0,1,0.0030406149,1.2769220202,1.2599241944854862
9.25957,5.86045,9.25957,0.936428,1023.97,1093.48,181.933,194.284,0.5896,0.629627,0.0,1,0.0021280722,0.8738816328,0.8133778040986523
9.77773,6.64666,9.77773,0.912205,1093.16,1198.37,132.875,145.663,0.5876,0.644153,0.0,1,0.0020492044,0.8766610446,0.7824507436550103
5.36799,3.75589,5.36799,1.02114,1113.68,1090.63,0.0,0.0,0.58,0.567992,0.0,0,0.0060387554,1.913925203,2.031661299873441
9.96894,8.00393,9.95333,0.905605,1288.39,1422.68,0.0,0.0,0.602,0.664749,0.0,1,0.0025963988,0.9988857172,1.061389578066525
11.46912,7.77199,11.4651,0.64457,2049.85,3180.18,0.0,0.0,0.7146,1.10865,0.0,1,0.0027157696,1.2310273903,1.2117501761897826
10.51647,6.32242,10.51647,0.652816,2155.36,3301.64,0.0,0.0,0.7166,1.09771,0.0,0,0.0028940059,1.2830549574,1.312807654871782
10.514,7.06946,10.514,0.669354,2073.02,3097.05,0.0,0.0,0.7026,1.04967,0.0,1,0.0028833927,1.3189722072,1.3016597456479908
9.29118,6.23555,9.29118,0.722566,1940.52,2685.59,0.0,0.0,0.6812,0.942751,0.0,1,0.0028287676,1.2465141344,1.2813038979456313
9.33073,8.38879,9.32654,0.70416,2028.32,2880.48,0.0,0.0,0.6852,0.973074,0.0,0,0.0037449244,1.5561974879,1.6694238237879424
5.88201,4.55805,5.8327,1.10239,1625.66,1474.66,0.0,0.0,0.5558,0.504176,0.0,0,0.0035627513,1.3649355234,1.419614226493375
5.93645,4.5492,5.93645,1.10165,1649.71,1497.5,0.0,0.0,0.558,0.506515,0.0,0,0.0035715951,1.3665551855,1.4262311766543534
6.15206,4.47904,5.79334,1.09763,1721.78,1568.64,0.0,0.0,0.559,0.50928,0.0,0,0.0037358354,1.4287340402,1.4761663809413355
6.00206,4.65234,5.82846,1.09941,1650.0,1500.81,0.0,0.0,0.5576,0.507182,0.0,0,0.0036423447,1.4111123183,1.4538993293597153
7.1268,5.0269,7.1268,1.98004,834.649,421.532,0.0,0.0,0.4306,0.217471,0.0,0,0.0013468752,0.4755094111,0.5022636221895126
7.42906,5.13218,7.42906,1.77226,891.565,503.068,0.0,0.0,0.4602,0.259669,0.0,0,0.0012550092,0.5024120684,0.4903532542946445
9.99905,9.84285,9.99905,1.06849,1087.54,1017.83,0.0,0.0,0.5632,0.527098,0.0,0,0.0010119907,0.4702375937,0.48815482197745397
5.57969,4.82285,5.52558,1.97565,709.524,359.134,0.0,0.0,0.437,0.221193,0.0,1,0.0014362206,0.4775939763,0.5334624531722579
8.07557,7.19713,7.70521,0.981503,1333.18,1358.3,51.1851,52.1497,0.584,0.595006,0.0,0,0.0021244845,0.9663898666,0.9156558738484657
6.1387,4.49344,6.1387,0.940059,2165.41,2303.48,0.0,0.0,0.6574,0.699317,0.0,1,0.0025197748,1.1128221861,1.116327807245084
11.26336,10.79912,11.26336,0.878987,1904.31,2166.48,0.0,0.0,0.7036,0.800467,0.0,1,0.0015172414,0.7273578942,0.7214953554090764
5.08668,4.25333,5.08214,1.48919,879.713,590.733,0.0,0.0,0.5098,0.342334,0.0,1,0.0030106011,0.9581382133,1.0159520313714792
5.2265,4.77382,5.2265,1.35803,835.979,615.584,0.0,0.0,0.4602,0.338874,0.0,1,0.0027642062,0.9248141089,0.9526612162855714
7.09944,5.34059,6.92965,0.893388,2231.12,2497.37,0.0,0.0,0.6764,0.757118,0.0,1,0.0032221336,1.3905602649,1.3969509785026415
6.9462,5.87305,6.9462,1.26346,2180.21,1725.6,0.0,0.0,0.6444,0.51003,0.0,1,0.0024795177,1.1054472978,1.0750867270190048
6.8306,5.22442,6.80585,1.96079,794.081,404.98,10.1093,5.15573,0.4932,0.251531,0.0,1,0.0008585539,0.3422051387,0.34314808208922165
4.58785,3.57723,4.32835,1.52818,688.664,450.644,0.0,0.0,0.5224,0.341845,0.0,0,0.0046445646,1.4847633166,1.3957118287059345
5.26056,3.44551,5.26056,1.3794,1193.29,865.074,0.0,0.0,0.5622,0.407567,0.0,1,0.0027638569,1.0771923424,1.0311700271156534
7.49679,5.33186,7.49523,1.88994,791.307,418.693,0.0,0.0,0.3762,0.199054,0.0,0,0.0020323578,0.6721175727,0.6767613921696235
13.52781,8.78691,13.51433,0.408029,2079.05,5095.35,0.0,0.0,0.8498,2.08269,0.0,0,0.0023956151,1.1446080903,1.1643325939603537
4.17676,3.4851,4.17082,1.22883,636.577,518.037,0.0,0.0,0.5146,0.418774,0.0,0,0.0024909703,1.0250927032,0.9931430895327858
5.53082,4.05182,5.47464,1.47192,707.209,480.467,0.0,0.0,0.4518,0.306946,0.0,0,0.0021045173,0.7012068432,0.7209929223054581
6.76851,6.40962,6.75925,1.06856,1310.99,1226.88,0.0,0.0,0.5662,0.529874,0.0,1,0.0026313623,1.0007416832,1.0755604172572941
8.03748,6.22623,7.97705,1.08776,1912.85,1758.52,0.0,0.0,0.6308,0.579905,0.0,0,0.0023048892,1.0052940382,1.0185085015079212
8.07184,5.576,8.06069,0.920261,2034.27,2210.53,0.0,0.0,0.6426,0.69828,0.0,0,0.0026279163,1.2010355106,1.1570546109143944
5.68988,4.36716,5.68491,1.37492,565.476,411.28,350.976,255.27,0.5054,0.367586,0.0,1,0.0039620404,1.1997217976,1.275990906113966
5.82311,4.37702,5.76138,1.28628,1179.38,916.891,0.0,0.0,0.5444,0.423237,0.0,1,0.0045004305,1.4505716732,1.476324905228828
5.71457,4.11763,5.69455,1.40487,535.949,381.495,295.743,210.514,0.4902,0.34893,0.0,1,0.0041182055,1.1690611169,1.2653489190406273
7.57252,6.20483,7.53216,1.12902,2001.22,1772.53,0.0,0.0,0.6518,0.577314,0.0,0,0.0038404702,1.5134420921,1.6146948051016885
14.06271,4.49755,14.06271,0.931261,2158.03,2317.32,0.0,0.0,0.6974,0.748877,0.0,1,0.0028308574,1.2589994971,1.2053857592712096
5.13222,4.08543,5.13222,1.68431,1029.92,611.476,0.0,0.0,0.4906,0.291276,0.0,1,0.0012987873,0.523026518,0.5247308580506077
5.97545,4.80817,5.79843,0.950435,2209.73,2324.97,0.0,0.0,0.6536,0.687685,0.0,1,0.0029678871,1.2274952938,1.2908899940800647
5.81331,3.76182,5.80948,1.18896,1513.31,1272.8,0.0419839,0.0353114,0.5602,0.471167,0.0,1,0.0033018586,1.3610697211,1.2789450764000019
5.76939,3.85425,5.57935,1.03783,2096.3,2019.88,0.0,0.0,0.6036,0.581597,0.0,1,0.002406077,1.0970861379,1.080811540457845
7.62911,3.95603,7.62911,0.921866,1772.69,1922.93,0.0,0.0,0.5984,0.649118,0.0,1,0.0019256514,0.8787611991,0.8992112218062279
12.68207,7.60887,12.68207,0.711281,1866.25,2623.79,0.0,0.0,0.7144,1.00439,0.0,1,0.0020548322,0.9528226345,0.9483787868756764
9.70753,8.64872,9.70205,0.819549,2343.2,2859.13,0.0,0.0,0.7048,0.859985,0.0,1,0.0029716334,1.3697531464,1.339586015600353
9.0043,8.36575,9.0043,0.810849,2358.37,2908.52,0.0,0.0,0.7174,0.884751,0.0,1,0.0029483594,1.3836427063,1.3248105788026363
13.1918,11.62964,13.1918,0.690929,2270.17,3285.68,0.0,0.0,0.7542,1.09157,0.0,1,0.0028610215,1.2727264377,1.3055977160718348
9.62394,4.35849,9.62394,1.57097,2049.09,1304.34,0.0,0.0,0.6364,0.405099,0.000509239,0,0.0014149958,0.6256576871,0.6059962250064137
10.79969,7.20507,10.77322,1.03513,1844.88,1782.26,0.0,0.0,0.6792,0.656147,0.0,1,0.0022080145,0.9518721895,0.9973733232416501
7.7085,4.09601,7.43001,1.34893,1247.81,925.035,50.2931,37.2837,0.56,0.415144,0.0,1,0.0019698256,0.7991803665,0.7950730516951527
13.89608,6.70448,13.87452,0.615292,2325.45,3779.43,0.0,0.0,0.7826,1.27192,0.0,1,0.0027174831,1.3017557622,1.2699122122729989
5.93683,5.18128,5.93683,1.3408,561.854,419.044,0.0,0.0,0.4314,0.321748,0.0,0,0.0019032457,0.5951938449,0.615784220621711
17.88281,5.61829,17.88281,0.59819,1804.02,3015.8,0.0,0.0,0.749,1.25211,0.000668684,0,0.0025354193,1.1678584581,1.1728825351974665
6.72718,4.71693,5.67099,0.945137,1965.67,2079.78,0.0,0.0,0.6212,0.657259,0.0,1,0.0039085744,1.5677132832,1.5883036019723304
12.9498,9.58722,12.94902,0.417413,1982.69,4749.95,0.0,0.0,0.8202,1.96496,0.0,1,0.0023908783,1.2103543163,1.1479896430112069
5.30738,5.07102,5.30738,1.24196,982.107,790.77,0.0,0.0,0.4718,0.379883,0.0,0,0.003877785,1.2956819334,1.284960243381058
8.74413,5.00268,8.74413,0.838204,1937.33,2311.28,0.0,0.0,0.645,0.769503,0.0,1,0.0026126717,1.1863698057,1.1539095060429776
20.39112,7.95732,20.39112,0.40349,1914.78,4745.53,0.0,0.0,0.8268,2.04912,0.0,0,0.0028278627,1.34303123,1.3565778558467438
20.29966,7.90669,20.29476,0.413296,1915.83,4635.5,0.0,0.0,0.824,1.99373,0.0,0,0.0026710425,1.32422447,1.2744401676491366
20.33339,7.92146,20.31568,0.406521,1928.4,4743.67,0.0,0.0,0.8236,2.02597,0.0,0,0.0027501775,1.3313773865,1.3310433019548722
8.09105,7.71087,8.06629,1.03438,1360.39,1315.18,0.0,0.0,0.5716,0.552602,0.0,1,0.0018485021,0.8047379768,0.8168799920782419
12.6239,9.97272,12.61095,0.806244,1575.25,1953.81,0.0,0.0,0.686,0.850859,0.0,0,0.0020935037,0.9905065533,0.965878619861946
5.79599,4.2449,5.79493,1.26187,1474.68,1168.65,0.0,0.0,0.5752,0.45583,0.0,1,0.0017698767,0.7868793418,0.7633840605334381
10.03153,6.17304,10.03153,0.42881,2478.11,5779.04,0.0,0.0,0.8074,1.88288,0.0,1,0.002766553,1.305181373,1.3488593349530822
10.73827,9.8398,10.73827,0.874765,1685.19,1926.45,0.0,0.0,0.684,0.781924,0.0,0,0.0020975109,0.9942802574,0.970846802410064
9.41711,9.09464,9.41711,0.965845,1677.36,1736.68,0.0,0.0,0.6676,0.691208,0.0,0,0.0024642326,1.1364303844,1.0897510281807918
10.66058,7.94571,10.64148,0.758358,1989.66,2623.65,0.0,0.0,0.7566,0.997682,0.0,1,0.0017236705,0.8066910934,0.8106022905087304
7.26408,5.9349,7.24141,0.928559,1699.23,1829.96,0.0,0.0,0.6226,0.670501,0.0,1,0.0030635908,1.3391466043,1.321964192750642
11.31643,10.12794,11.31643,1.037,1594.72,1537.82,0.0,0.0,0.6458,0.622755,0.0,1,0.0016260624,0.8016218864,0.7646362846603674
8.50919,8.20364,8.50919,1.3525,636.298,470.459,0.0,0.0,0.441,0.326062,0.0,0,0.0011065858,0.4978389118,0.5041042067384622
5.67304,3.77404,5.54772,1.56953,1870.34,1191.66,0.0,0.0,0.6516,0.415157,0.0,1,0.0012291652,0.5349690923,0.5438403084412622
5.50748,4.0974,5.50748,1.36844,1548.79,1131.79,0.0,0.0,0.5726,0.418432,0.0,1,0.0041727544,1.43136538,1.478928399778047
6.32999,3.64698,6.28248,1.49391,1433.42,959.509,0.0,0.0,0.5336,0.357182,0.0,1,0.003529184,1.2479155067,1.2876753421706166
8.07676,5.90613,8.07676,1.09695,1250.92,1140.36,257.39,234.642,0.6018,0.548613,0.0,1,0.0038789791,1.1827909171,1.4463470185376954
5.20725,4.43194,5.19154,1.26433,2211.95,1749.5,0.0,0.0,0.6598,0.521856,0.0,0,0.0030857974,1.3157934336,1.3239183157421164
4.69926,3.5008,4.58086,1.87274,282.887,151.055,108.889,58.1444,0.4116,0.219785,0.0,1,0.0032066168,0.9105121938,0.8696674968358701
6.84915,5.33678,6.8307,1.1268,1367.78,1213.86,0.0,0.0,0.5334,0.473376,0.0,0,0.00299188,1.1945755418,1.180150420708253
6.78044,6.29448,6.78044,1.39086,1751.0,1258.94,0.0,0.0,0.6318,0.454253,0.0,0,0.0011794004,0.5529512892,0.5681759707995748
6.30976,5.8805,6.27431,1.0194,1983.73,1945.99,0.0,0.0,0.653,0.640576,0.0,1,0.002652037,1.1006899279,1.1505172008042712
6.16235,3.65442,6.15987,1.71122,898.254,524.922,0.0,0.0,0.4748,0.277464,0.0,1,0.0029233591,0.9586980834,0.9311931271482209
6.39858,3.56516,6.38456,1.47483,1314.49,891.28,0.423263,0.286991,0.5748,0.389739,0.0,1,0.0035791356,1.3042618133,1.2906405745410372
6.16574,5.62335,6.16574,2.01565,1416.67,702.835,0.0,0.0,0.5266,0.261256,0.0,0,0.0060250988,1.6337924802,1.7275034315361122
4.90885,3.89845,4.88149,1.28693,1923.5,1494.65,0.0,0.0,0.6236,0.484565,0.0,1,0.0023290839,1.022856295,0.9991973488938931
5.60593,4.335,5.59414,1.55077,1730.4,1115.83,0.0,0.0,0.5626,0.362788,0.0,1,0.0020241246,0.8323588997,0.8420799155445033
5.5138,4.26379,5.5027,1.61573,1676.6,1037.67,0.0,0.0,0.5562,0.34424,0.0,1,0.0020544325,0.8499308884,0.8348973043956904
5.48661,4.24072,5.47557,1.63135,1674.67,1026.56,0.0,0.0,0.5538,0.339473,0.0,1,0.0021312918,0.8465831571,0.8636115105507778
13.20001,6.4144,13.20001,0.879595,2120.61,2410.89,0.0,0.0,0.713,0.810601,0.0,1,0.0030765813,1.2085875745,1.2298556012918684
5.47175,4.23311,5.43757,1.66186,1666.92,1003.04,0.0,0.0,0.5532,0.33288,0.0,1,0.002079441,0.8429222236,0.8489333617444459
5.44662,4.20794,5.39592,1.67888,1662.67,990.343,0.0,0.0,0.552,0.328791,0.0,1,0.0021874387,0.8480050953,0.8927640803591566
5.40684,4.19271,5.39701,1.71304,1637.64,955.985,0.0,0.0,0.5474,0.319548,0.0,1,0.0022275879,0.844021727,0.8979358192438538
7.2534,4.34633,7.2534,1.24385,1606.2,1291.31,0.0,0.0,0.5726,0.460344,0.0,1,0.0027879406,1.117445395,1.1515393705610666
5.18747,4.15785,5.187,1.04558,711.454,680.438,252.551,241.541,0.5228,0.500009,0.0,1,0.0033640355,1.2138536057,1.2779517706048682
16.05073,15.64664,16.05073,1.00283,1515.79,1511.5,0.0,0.0,0.658,0.656142,0.0,1,0.0024503429,1.0383416545,1.0361723408183736
16.06628,15.68836,16.05839,1.01053,1521.53,1505.68,0.0,0.0,0.6416,0.634917,0.0,1,0.0025238204,1.0500283081,1.0589573191772328
15.9244,15.48384,15.9244,0.975432,1532.92,1571.53,0.0,0.0,0.643,0.659195,0.0,1,0.0024279783,1.0580173507,1.0337232689231792
4.97225,4.13588,4.96966,1.70618,1252.65,734.185,0.0,0.0,0.581,0.340527,0.0,0,0.0050716446,1.6182986268,1.6279076531780676
5.02137,3.75623,4.99615,1.79998,1015.1,563.953,0.0,0.0,0.5264,0.292448,0.0,1,0.0045200488,1.3130043201,1.365711996841718
5.46839,4.30835,5.46382,1.80799,845.912,467.873,0.0,0.0,0.4296,0.237611,0.0,0,0.0028384506,0.8495113757,0.8739929145856251
5.40466,4.22337,5.40056,1.85928,816.766,439.291,0.0,0.0,0.4238,0.227938,0.0,0,0.0029720718,0.8842052424,0.8897153141789997
6.19427,4.05594,6.18143,1.18958,950.094,798.68,0.0,0.0,0.473,0.397619,0.0,0,0.002285623,0.8833063313,0.8760059249483607
12.63372,9.84913,12.63125,0.49196,2089.33,4246.95,0.0,0.0,0.786,1.59769,0.0,1,0.002525605,1.1966976628,1.1788427662303587
6.13171,4.84213,6.13171,1.27844,834.445,652.704,0.0,0.0,0.4692,0.367009,0.0,1,0.0021721768,0.7952333153,0.8249455118129339
9.35814,4.03338,9.35814,0.94009,1810.27,1925.64,0.0,0.0,0.6284,0.668447,0.0,1,0.0032116925,1.3451330117,1.3779725289843807
8.41076,5.98943,8.40503,1.06348,2136.59,2009.05,13.7433,12.9229,0.6802,0.639596,0.0,1,0.0045216877,1.6453846477,1.7732256442823875
4.27147,3.60968,4.26595,1.49233,736.38,493.444,0.0,0.0,0.5148,0.344964,0.0,1,0.0025172377,0.9060532687,0.9489005344046568
5.272,3.4615,5.24671,1.60135,599.11,374.128,0.0,0.0,0.458,0.286009,0.0,1,0.001629872,0.5837198028,0.5750586014814476
6.20577,4.3891,6.20321,1.19479,1004.19,840.475,0.0,0.0,0.5078,0.42501,0.0,1,0.0008607497,0.3621990139,0.39121887513614195
6.42335,4.78031,6.35158,1.15007,1090.31,948.038,0.0,0.0,0.529,0.459971,0.0,1,0.0008739599,0.392399647,0.40973655390617125
7.95221,7.58337,7.95221,0.978026,1630.8,1667.44,0.0,0.0,0.607,0.620638,0.0,1,0.0029168994,1.3005764823,1.2797652027318642
5.44312,5.07173,5.44201,1.06786,1357.09,1270.86,0.0,0.0,0.5604,0.52479,0.0,1,0.0028799095,1.1483108923,1.1408491322266465
6.5916,4.86656,6.58623,1.1112,2296.52,2066.7,0.0,0.0,0.6394,0.575413,0.0,1,0.0032996884,1.3072413702,1.4048561890846094
5.17469,3.85894,5.16774,1.5676,1161.37,740.859,0.0,0.0,0.5352,0.341413,0.0,1,0.0019803524,0.7560704637,0.7673349861153114
5.9118,5.17695,5.9118,1.3358,1030.18,771.213,0.0,0.0,0.4974,0.372363,0.0,1,0.0023783143,0.9279050487,0.8930475967661801
8.1309,7.21043,8.08032,0.715898,2174.72,3037.76,0.0,0.0,0.7158,0.999863,0.0,0,0.0022625651,1.0671639743,1.071464983370407
6.56789,4.70003,6.53165,0.994726,2095.71,2106.82,0.0,0.0,0.6568,0.660283,0.0,1,0.0037669833,1.5900015061,1.587590305297554
7.54585,4.55729,7.31598,0.9871,1707.16,1729.47,0.0,0.0,0.5864,0.594063,0.0,1,0.004090155,1.6575555252,1.6205985285420748
6.95469,5.55862,6.9488,0.866054,1696.91,1959.36,0.0,0.0,0.6176,0.71312,0.0,1,0.0024852887,1.1057378972,1.0870194108548545
5.87643,3.82611,5.87109,1.02895,1467.53,1426.23,25.3077,24.5957,0.5682,0.552213,0.0,1,0.0054741806,1.8992521224,1.9332389224519342
6.3031,3.72946,5.90938,1.09859,1022.71,930.932,0.0,0.0,0.506,0.460592,0.0,1,0.0036017246,1.2997448679,1.2687154189407637
6.46497,4.73774,6.45982,0.941841,1852.78,1967.19,0.0,0.0,0.5902,0.626645,0.0,1,0.0030743258,1.3503776391,1.312970185638936
6.46968,5.45118,6.44712,1.037,1366.21,1317.47,0.0,0.0,0.5412,0.521892,0.0,1,0.0036939215,1.4075168639,1.4189124550331749
5.78238,3.66955,5.46102,1.63677,1152.51,704.133,59.8933,36.5923,0.516,0.315255,0.0,1,0.0022844208,0.9329951697,0.8704329767131334
6.12408,5.59581,6.1197,2.89163,1515.71,524.173,0.0,0.0,0.544,0.188129,0.0,1,0.0010215608,0.446071014,0.4558026144573367
5.63872,3.87203,5.63872,1.06793,1382.56,1294.62,0.0,0.0,0.5686,0.532434,0.0,1,0.004080642,1.5723433708,1.4967164947229983
4.51038,3.48306,4.50833,2.426,458.262,188.896,79.7243,32.8625,0.4254,0.17535,0.0,1,0.0023330344,0.7238193576,0.7267645203872621
5.03819,3.84363,5.03819,1.81693,898.58,494.56,0.0,0.0,0.4852,0.267044,0.0,0,0.0024601023,0.8074064701,0.8342384335361593
8.08882,6.64746,8.02924,0.857961,1988.29,2317.45,0.0,0.0,0.6604,0.769732,0.0,0,0.0024174163,1.1057308667,1.106153772655604
4.74809,3.58509,4.40546,1.51827,638.51,420.551,0.0,0.0,0.4406,0.290199,0.0,0,0.0024947944,0.8405431066,0.8256288896710758
10.10291,7.15637,9.84044,0.681717,1733.15,2542.34,0.0,0.0,0.6842,1.00364,0.0,1,0.0021621453,1.0596137188,1.0073918823073875
5.27459,4.52668,5.27459,1.48634,1223.66,823.275,0.0,0.0,0.5418,0.36452,0.0,1,0.0033016867,1.2175022124,1.1728372356586778
6.23822,4.28609,6.22408,1.47829,1492.88,1009.86,0.0,0.0,0.5414,0.366233,0.0,1,0.0030763127,1.1454966496,1.1742307078024334
7.52525,4.29732,7.52525,1.3181,1385.19,1050.9,0.0,0.0,0.4828,0.366286,0.0,1,0.001093976,0.500477078,0.5351205719292589
9.10068,4.24338,9.10068,1.22219,1678.76,1373.57,0.0,0.0,0.5934,0.485524,0.0,1,0.0015873138,0.7385345862,0.7162669562382606
9.03723,4.17928,9.03723,1.25701,1700.75,1353.01,0.0,0.0,0.594,0.47255,0.0,1,0.0010857191,0.507153872,0.5200170890623124
9.10772,4.29795,9.10772,1.27221,1742.4,1369.58,0.0,0.0,0.6022,0.473349,0.0,1,0.0011582828,0.5521832638,0.5371743010427126
9.02688,4.19715,9.02563,1.29051,1705.91,1321.89,0.0,0.0,0.6062,0.469736,0.0,1,0.0014652623,0.7138154795,0.6737938443622247
13.76426,6.67603,13.76426,0.642349,2372.68,3693.76,0.0,0.0,0.7784,1.2118,0.0,1,0.0019481896,0.9482196343,0.975681033918737
6.55692,5.28768,6.53155,0.964561,1220.6,1265.44,0.0,0.0,0.5288,0.548229,0.0,0,0.0024167106,0.9504208294,1.0080266488939995
6.35523,5.9549,6.33797,0.780645,2644.49,3387.58,0.0,0.0,0.7136,0.914116,0.0,1,0.0031840091,1.3802192481,1.4676799543855035
5.47758,4.11939,5.46905,1.8094,1349.53,745.844,0.0,0.0,0.534,0.295125,0.000331601,1,0.0019915446,0.7739771754,0.7593624685808178
15.02825,14.15107,15.02825,0.818993,2120.95,2589.7,0.0,0.0,0.749,0.914537,0.000244202,1,0.0020411281,0.9312532207,0.949726515303043
6.94577,6.48704,6.94195,1.01181,1784.75,1763.93,0.0,0.0,0.629,0.621659,0.0,0,0.0028474321,1.2839736569,1.2696935130761853
7.25204,6.74283,7.23817,1.01031,1741.08,1723.31,0.0,0.0,0.638,0.631491,0.0,0,0.0028834983,1.2637819553,1.2764250324859812
7.08623,6.6722,7.07786,1.02717,1639.04,1595.68,0.0,0.0,0.6198,0.603404,0.0,0,0.0027698896,1.2185566554,1.214326612335863
7.14051,6.67398,7.10365,1.01557,1692.36,1666.42,0.0,0.0,0.624,0.614435,0.0,0,0.0027193968,1.2320436373,1.1968108598979716
6.58573,6.10481,6.58573,1.02216,1741.26,1703.51,0.0,0.0,0.611,0.597752,0.0,0,0.0028420221,1.2811172082,1.2525497528760003
6.87071,6.41176,6.84188,1.00146,1800.87,1798.25,0.0,0.0,0.6308,0.629881,0.0,0,0.0027392332,1.2664905322,1.2004271066633745
7.08508,6.6128,7.06755,1.00152,1792.17,1789.44,0.0,0.0,0.6318,0.63084,0.0,0,0.0027193968,1.2553893342,1.1981577834338941
5.21271,3.78909,5.02943,1.47771,847.063,573.227,0.228953,0.154938,0.4794,0.324421,0.0,1,0.0023637281,0.8262146608,0.8235259709236094
6.17038,3.88626,6.17038,1.0897,1053.12,966.424,109.804,100.765,0.5652,0.518674,0.0,1,0.0054333865,1.491841958,1.636213377710207
7.47721,5.13969,7.4691,0.925259,1534.87,1658.86,0.0,0.0,0.5898,0.637443,0.0,0,0.0039981396,1.6356971238,1.5953256428527274
6.42992,4.57524,6.40815,1.20914,1470.44,1216.1,0.0,0.0,0.515,0.425922,0.0,1,0.0036250075,1.4151620885,1.3843194543087793
7.40162,5.12822,7.38112,0.935395,2309.49,2469.0,0.0,0.0,0.6746,0.721193,0.0,1,0.0024352529,1.0789510144,1.1095424775953864
8.64445,5.92674,8.64445,0.762449,2402.32,3150.79,0.0,0.0,0.7046,0.924127,0.0,1,0.0033270594,1.4235920527,1.484785608339787
9.24057,8.58239,9.23056,0.696077,2043.12,2935.2,0.0,0.0,0.7082,1.01742,0.0,1,0.0026617795,1.1713653039,1.2051470890108165
9.19521,5.52341,9.19263,0.879294,1974.29,2245.31,0.0,0.0,0.637,0.724444,0.0,1,0.0038570215,1.613500006,1.550370402402094
7.48898,5.2438,6.05899,1.02061,1910.86,1872.27,0.0,0.0,0.6306,0.617866,0.0,0,0.0033281682,1.3914464332,1.373742857716064
8.6676,5.83377,8.6676,1.34426,1726.36,1284.24,0.0,0.0,0.6354,0.472675,0.0,0,0.0012481747,0.5803953187,0.5751304428581918
5.30249,4.25008,5.30179,1.48751,1231.76,828.073,0.0,0.0,0.5432,0.365175,0.0,1,0.0038540056,1.3259884929,1.3363756588547606
6.12724,4.05651,6.12724,0.946965,2470.71,2609.08,0.0,0.0,0.6612,0.698231,0.000211201,1,0.0041750738,1.8257942866,1.738035835787779
6.23359,4.26512,6.23359,1.39701,1111.0,795.271,29.8587,21.3733,0.5102,0.365209,0.0,1,0.0029729031,1.0082297053,1.0884375680408027
15.09176,9.842,15.04915,0.561619,1319.58,2349.59,286.013,509.264,0.7206,1.28308,0.0,1,0.0020247563,1.0359292513,0.9232434120927742
10.57534,5.75707,6.51584,1.38426,1059.32,765.262,606.777,438.341,0.6424,0.464076,0.0,0,0.0036025454,1.459190525,1.3962185202405388
10.28405,5.66029,7.85884,0.907624,1488.62,1640.12,573.454,631.819,0.6758,0.744581,0.0,1,0.0033714282,1.525546658,1.4956645798689316
24.1004,7.53546,24.1004,0.570649,1958.05,3431.26,0.0,0.0,0.7816,1.36967,0.0,1,0.0023582529,1.091795826,1.1489163058247895
23.87439,6.75259,21.66541,0.54542,1808.89,3316.52,0.0,0.0,0.7792,1.42862,0.0,1,0.0024319483,1.0502394587,1.1816551188661077
8.5642,7.08912,8.42042,0.715311,2209.59,3088.99,0.0,0.0,0.7258,1.01466,0.0,1,0.0035889934,1.5827599507,1.5519120822811125
7.3243,5.53893,7.31909,1.3207,1515.57,1147.55,0.0,0.0,0.5694,0.431134,0.0,1,0.0017922515,0.7812006257,0.7828660452479461
7.0561,5.32108,7.05322,1.40869,1409.46,1000.55,0.0,0.0,0.555,0.393983,0.0,1,0.0018357778,0.7540302658,0.7724024201884736
6.41846,5.04294,5.80487,0.848014,2489.2,2935.33,0.0,0.0,0.6344,0.748101,0.0,1,0.0026424326,1.1787586568,1.2075045193364295
11.09415,6.65734,11.09415,1.14966,1274.48,1108.58,493.769,429.493,0.6432,0.559472,0.0,1,0.0031276646,1.3259021402,1.2439712408168022
8.87098,7.69354,8.87098,1.40672,1456.52,1035.4,0.0,0.0,0.5566,0.395672,0.0,0,0.0012454647,0.6083066068,0.5864195687864246
11.60788,10.85998,11.60788,1.12671,1551.48,1377.0,0.0,0.0,0.6348,0.563411,0.0,1,0.0021856066,1.0082695485,1.0045191302103664
8.24333,6.47099,8.10297,0.864634,1943.01,2247.2,0.0,0.0,0.666,0.770268,0.0,1,0.0021421225,1.0159283727,0.9832803660629982
8.31134,7.66102,8.31134,1.03479,1409.77,1362.37,116.194,112.287,0.5924,0.572482,0.0,1,0.0028225544,1.0857879428,1.1955391197819052
6.91507,6.43648,6.89159,1.15816,1047.86,904.763,0.0,0.0,0.5248,0.453131,0.0,0,0.0028671386,1.0717049985,1.081621774764759
5.77734,4.61223,5.7686,1.06481,2227.7,2092.11,0.0,0.0,0.671,0.630159,0.0,0,0.003380294,1.492917623,1.4306887530922117
6.17779,4.90836,6.17779,0.978371,2446.9,2500.99,0.0,0.0,0.6772,0.692171,0.0,0,0.0025662542,1.1790675759,1.1635998377252155
11.77864,6.5918,11.60527,0.794772,2268.81,2854.67,0.0,0.0,0.7438,0.935866,0.0,1,0.0031804475,1.2555190681,1.4237870678303912
14.29207,10.12824,14.29207,0.648977,1825.21,2812.44,0.0,0.0,0.775,1.19419,0.0,1,0.0033563818,1.2806636281,1.4543651172349497
12.47571,8.72571,12.47571,0.678618,1920.17,2829.53,0.0,0.0,0.7566,1.11491,0.0,1,0.0034485714,1.3349093933,1.459624338014295
11.30323,7.62193,11.30323,0.677748,2157.76,3183.72,0.0,0.0,0.75,1.10661,0.0,1,0.0035134597,1.3374288007,1.4852167570329677
12.36076,7.19983,11.84038,0.687816,2106.83,3063.07,0.0,0.0,0.751,1.09186,0.0,1,0.003446706,1.3650800296,1.4501284099420775
11.02963,8.4918,11.02963,0.735801,2134.61,2901.07,0.0,0.0,0.738,1.00299,0.0,1,0.0035245732,1.35567725,1.466517344676036
11.54376,6.59467,10.51794,0.708658,2222.43,3136.11,0.0,0.0,0.7352,1.03745,0.0,1,0.0036785642,1.3989739402,1.5613710009720936
11.4181,8.43938,10.92264,0.695103,2221.97,3196.61,0.0,0.0,0.7474,1.07524,0.0,0,0.0034955621,1.4643547715,1.5173488083348055
5.65215,4.4572,5.65215,0.864214,1953.72,2260.69,0.0,0.0,0.6454,0.746806,0.0,1,0.0031442623,1.4114839017,1.3412417053897494
31.07244,30.38497,31.07244,0.440944,1502.5,3407.47,0.0,0.0,0.8264,1.87416,0.000453572,0,0.0023017068,1.1400518928,1.0975904689641602
11.91912,9.14993,11.89973,0.619221,2306.85,3725.41,0.0,0.0,0.7606,1.22832,0.0,1,0.0027631189,1.3074721878,1.2780630451528614
10.23354,4.21372,10.21937,1.02655,1874.68,1826.19,0.0,0.0,0.6604,0.643319,0.0,0,0.0010944387,0.4992359117,0.5418405059837095
10.81396,5.19047,10.74347,0.995074,2374.31,2386.06,0.0,0.0,0.7264,0.729996,0.0,1,0.0019513303,0.979007987,0.8899281090556566
27.33946,23.18439,27.33946,0.358752,1494.97,4167.13,0.0,0.0,0.865,2.41113,0.0,1,0.0025269977,1.2437987372,1.218534282219654
27.20941,25.54914,27.20941,0.339031,1450.85,4279.41,0.0,0.0,0.869,2.56319,0.0,1,0.0028812446,1.4293690681,1.3484288103264181
17.5271,9.15991,17.51275,0.493165,2044.36,4145.4,0.0,0.0,0.8062,1.63475,0.000405544,0,0.0018236743,0.8807182598,0.8642427690287919
16.95031,14.45168,16.94349,0.50204,1609.85,3206.61,0.0,0.0,0.8216,1.63652,0.0,1,0.0018100172,0.8816969589,0.8893923211664658
11.55111,8.31224,11.55111,1.02928,1660.34,1613.11,402.375,390.929,0.6934,0.673676,0.000194311,1,0.0023266315,1.0519976724,1.01983273489124
21.37941,8.74134,21.37941,0.420413,1892.53,4501.6,0.0,0.0,0.8218,1.95474,0.000475722,1,0.002414932,1.1764205418,1.1920402532228938
8.83209,4.60356,8.83209,0.894333,2156.88,2411.72,0.0,0.0,0.6544,0.731719,0.0,0,0.0043328142,1.8108090933,1.822357146446672
11.88887,9.00529,11.09267,0.491487,2207.95,4492.38,0.0,0.0,0.8056,1.63911,0.0,0,0.0015476803,0.6820236586,0.8077176654168166
11.3746,9.04299,10.93292,0.509598,2105.05,4130.81,0.0,0.0,0.8058,1.58125,0.0,0,0.0009353936,0.4830036352,0.5190582850398124
5.46454,4.64589,5.42464,1.16038,1353.66,1166.57,0.0,0.0,0.522,0.449854,0.0,1,0.0035718161,1.3510371228,1.3121948141778814
5.66684,4.62581,5.62433,1.17377,1371.36,1168.34,0.0,0.0,0.5236,0.446085,0.0,1,0.003508688,1.343580986,1.275611569301268
17.75046,8.47189,17.75013,0.458587,2258.74,4925.43,0.0,0.0,0.7852,1.71222,0.000436122,0,0.0018221534,0.8691671688,0.902333694827868
21.33814,8.58252,20.92518,0.403686,1883.32,4665.31,0.0,0.0,0.8204,2.03227,0.000495434,0,0.001914804,0.9128064921,0.960605791068843
23.13451,12.211,23.13368,0.298536,1643.34,5504.68,0.0,0.0,0.864,2.89413,0.0,0,0.0020441276,1.0055830982,1.0733160661512864
10.86981,8.81904,10.86239,0.665683,2359.22,3544.05,0.0,0.0,0.7502,1.12696,0.0,0,0.0030991156,1.3261679197,1.3922206592378648
10.97224,8.95533,10.97224,0.663582,2332.5,3515.02,0.0,0.0,0.7592,1.14409,0.0,0,0.0032804981,1.3633331062,1.4540803483676856
21.77625,7.63115,21.77625,0.452533,2037.74,4502.96,0.0,0.0,0.826,1.82528,0.0,0,0.0027718742,1.2815207439,1.3205413858377535
11.87679,10.79351,11.87679,1.06888,1595.23,1492.43,0.0,0.0,0.6484,0.606614,0.0,1,0.0023900351,1.057858731,1.0399919513826141
14.70244,11.79351,14.69456,0.775127,1933.94,2495.0,0.0,0.0,0.7872,1.01557,0.0,1,0.0017355125,0.8007659653,0.793358154066963
14.69185,13.06998,14.68941,0.678878,1913.08,2818.01,0.0,0.0,0.7962,1.17282,0.0,1,0.0018895123,0.9160698975,0.8915121837587046
15.81495,13.61984,15.81495,0.591093,1861.23,3148.79,0.0,0.0,0.7794,1.31858,0.0,1,0.0020172751,0.9372356241,0.9587660289242559
19.24151,15.81933,18.17294,0.414726,1795.61,4329.62,0.0,0.0,0.8236,1.98589,0.0,1,0.0027091438,1.3082217476,1.2750026243690205
22.77836,8.92569,22.41884,0.406231,1793.65,4415.34,0.0,0.0,0.8602,2.11751,0.0,0,0.0026343435,1.2452892882,1.2581484499902225
7.4254,5.9743,7.38064,1.40157,2795.33,1994.43,0.066678,0.0475737,0.7066,0.504148,0.0,1,0.0008283915,0.3964240577,0.3966019302570166
9.61179,5.4202,9.50068,0.666698,1801.22,2701.7,393.55,590.296,0.69,1.03495,0.0,0,0.002689029,1.299680627,1.2367539945010433
9.7447,5.39631,9.52834,0.66078,1783.63,2699.29,403.357,610.425,0.6912,1.04604,0.0,0,0.0027817541,1.3109630207,1.2853832400109813
9.71962,5.45923,9.49261,0.665822,1776.52,2668.16,388.062,582.832,0.695,1.04382,0.0,0,0.0029045523,1.3147923182,1.3195468609594885
8.49651,6.78307,8.47146,1.40015,1810.97,1293.41,0.0,0.0,0.6308,0.450522,0.0,1,0.000831676,0.3815172758,0.4030289789808722
10.00499,6.00632,8.35178,0.770104,1492.72,1938.34,566.054,735.036,0.688,0.893386,0.0,1,0.0034587497,1.589867308,1.569420649043209
20.28746,11.03087,20.28746,0.706861,1313.51,1858.23,15.0052,21.228,0.6976,0.986898,0.0,1,0.0058013439,1.3386644847,1.5727981181763773
27.62636,19.6462,27.62636,0.319125,1432.79,4489.74,0.0,0.0,0.874,2.73874,0.0,1,0.0025470729,1.2051273029,1.28425972820248
9.27827,8.57062,9.27827,1.61278,1536.21,952.52,0.0,0.0,0.6184,0.383437,0.0,1,0.0017053124,0.7881665578,0.7208774831417317
9.33807,8.65245,9.33807,1.33968,1588.12,1185.45,0.0,0.0,0.6278,0.468619,0.0,1,0.0024814132,1.0995791715,1.0250879644158184
17.74549,10.18366,17.61731,0.472151,1971.53,4175.64,0.0,0.0,0.8228,1.74266,0.000423593,0,0.0021283542,0.9971310187,0.988311179836888
14.81093,8.19624,14.81093,0.576281,2199.59,3816.87,0.0,0.0,0.7704,1.33685,0.000347053,0,0.002465187,1.2067130824,1.1104382432727984
15.38405,7.99425,15.37857,0.667947,2168.98,3247.23,0.0,0.0,0.7722,1.15608,0.000299425,0,0.0018292227,0.8583258335,0.8716025705848454
28.056,26.5894,28.056,0.284192,1417.0,4986.05,0.0,0.0,0.8798,3.09579,0.0,1,0.003634665,1.6982602617,1.7224247426946397
6.8732,4.88929,6.87248,1.16013,1658.2,1429.33,0.0,0.0,0.5776,0.497877,0.0,1,0.0023930013,1.0345674896,1.0199580358712053
5.63389,5.12978,5.62594,1.03186,2420.1,2345.38,0.0,0.0,0.6734,0.65261,0.0,1,0.0026472646,1.2033413427,1.1535929995014675
5.97609,4.07891,5.95911,0.794839,2068.46,2602.36,0.0,0.0,0.6772,0.851997,0.0,0,0.0016272861,0.801310793,0.7717144590824087
5.57699,4.27379,5.57277,0.833702,1977.55,2372.01,0.0,0.0,0.6608,0.792609,0.0,0,0.0016163094,0.7751726818,0.75787146736748
5.57167,3.71325,5.56165,0.804799,1950.58,2423.69,0.0,0.0,0.669,0.831263,0.0,0,0.0015751471,0.7119335455,0.7497985171200974
21.13684,18.33831,21.13684,0.755302,1118.2,1480.46,7.09089,9.38816,0.8308,1.09996,0.00158877,1,0.000916931,0.4337287848,0.49834504621195597
4.54107,3.68666,4.49534,0.520686,2635.05,5060.73,0.0,0.0,0.6792,1.30443,0.0,0,0.0016919105,0.7880861821,0.8384332613904146
7.27986,4.97275,7.26799,0.939534,2385.4,2538.91,0.0,0.0,0.669,0.712055,0.0,1,0.0026593771,1.1601114192,1.2027292591950378
5.48014,3.89264,5.47915,1.114,1459.0,1309.69,0.0,0.0,0.5932,0.532494,0.0,1,0.002902173,1.1692493168,1.1646055477476962
7.20433,5.04936,7.20433,1.89362,858.504,453.367,0.0,0.0,0.4412,0.232993,0.0,0,0.0012792328,0.5015712178,0.5071013620956123
5.0551,4.14906,5.0551,1.66961,1339.59,802.333,0.0,0.0,0.4474,0.267966,0.0,1,0.0024613173,0.999289758,0.9342845679027875
11.82785,6.92938,11.82019,0.805938,1577.17,1956.93,0.028495,0.0353563,0.6606,0.819666,0.0,0,0.0010908739,0.5174944874,0.5537784133294026
7.92311,7.02117,7.40406,1.04215,1506.32,1445.4,0.0,0.0,0.5762,0.552895,0.0,1,0.0021316869,0.9011578193,0.9725890521727206
5.42105,4.17711,5.42004,0.867442,2120.17,2444.17,0.0,0.0,0.6348,0.731807,0.0,1,0.0035071076,1.4781364905,1.4811704030995942
4.50507,4.05314,4.50324,1.57483,481.643,305.838,0.0,0.0,0.4424,0.280919,0.0,1,0.0021785517,0.6743423134,0.7471765661103336
4.92906,3.897,4.88525,1.27844,1610.15,1259.46,0.0,0.0,0.5778,0.451957,0.0,0,0.0051257727,1.8789675446,1.911306697029715
12.69533,7.85866,12.69533,0.704617,2272.11,3224.61,0.0,0.0,0.79,1.12118,0.0,1,0.0020844063,0.9330823254,1.0148637103907006
5.87095,4.85353,5.87048,1.43918,1047.46,727.817,0.0,0.0,0.485,0.336998,0.0,1,0.0015990923,0.6286344403,0.651471986509756
6.2294,5.27198,6.22457,1.14554,1736.51,1515.89,0.0,0.0,0.6318,0.55153,0.0,0,0.0031175321,1.3595938719,1.2900628543955284
4.9428,3.96901,4.93448,1.63196,890.669,545.765,0.0,0.0,0.469,0.287384,0.0,0,0.0011608163,0.4774659232,0.4752241839603313
10.25461,9.82723,10.24056,1.07189,1137.99,1061.67,0.0,0.0,0.5772,0.538489,0.0,0,0.001140618,0.5651522173,0.5313447492223312
10.30863,9.86894,10.26273,1.07331,1114.06,1037.97,0.0,0.0,0.5706,0.531626,0.0,0,0.0012949246,0.5580791349,0.5898355752529736
5.77811,5.24857,5.77811,1.0286,1416.31,1376.93,0.0,0.0,0.5656,0.549873,0.0,0,0.0045415247,1.6736903636,1.7043220838208748
5.19284,3.47327,4.97212,1.17487,1114.95,948.996,0.0,0.0,0.5544,0.471883,0.0,1,0.0028649349,1.0467988437,1.1183108348898407
4.48976,3.77657,4.48976,1.63203,829.111,508.026,0.0,0.0,0.4792,0.293623,0.0,1,0.0015312415,0.6813834527,0.6208076440996981
13.89765,5.51402,13.89722,0.824207,1875.6,2275.65,13.4154,16.2767,0.735,0.891766,0.0,1,0.0013293586,0.6382601531,0.6370535231885857
5.75292,4.66172,5.55476,1.28873,519.931,403.445,222.923,172.979,0.4708,0.365321,0.0,1,0.001730936,0.5707715591,0.6512170288695032
6.957,5.13094,6.957,1.57886,1125.97,713.155,0.0,0.0,0.5264,0.333406,0.0,1,0.0012757012,0.5220730937,0.5484632882806733
12.97631,9.4474,12.86758,0.420776,1989.54,4728.27,0.0,0.0,0.8226,1.95496,0.0,1,0.0024183607,1.2010183607,1.1696761867269008
18.63152,8.76045,18.62188,0.609363,1817.58,2982.76,0.0,0.0,0.7992,1.31153,0.0,0,0.0022626573,1.0910109347,1.0676857470008576
9.51377,6.43314,9.51377,0.798695,1989.75,2491.25,0.0,0.0,0.6678,0.836114,0.0,1,0.0025100391,1.117818363,1.1379841530459367
6.90146,4.37137,6.90002,0.999683,1472.23,1472.69,0.0,0.0,0.5752,0.575382,0.0,1,0.0042681157,1.5440544675,1.6316488948756929
4.96868,3.55075,4.83089,1.43147,797.865,557.376,0.0,0.0,0.4912,0.343145,0.0,1,0.0050073731,1.3629847636,1.398096798736345
10.62231,4.72909,10.62231,0.840025,2012.33,2395.56,0.0,0.0,0.6632,0.789501,0.0,1,0.0037450509,1.5672198894,1.511971050438164
4.34391,3.48794,4.33354,1.48639,790.023,531.506,0.0,0.0,0.5002,0.336521,0.0,1,0.0014623484,0.5697922351,0.6164755936494251
4.48882,3.73021,4.48882,1.13994,1278.34,1121.41,0.0,0.0,0.558,0.4895,0.0,1,0.0024961464,1.0149503121,1.0494730819804425
6.87554,6.2746,6.85501,1.0117,2308.98,2282.27,0.0,0.0,0.7136,0.705344,0.0,1,0.0010557394,0.5151116142,0.5231256287380017
15.8468,15.75155,15.8468,0.656923,1385.91,2109.7,0.0,0.0,0.7706,1.17304,0.0,1,0.0020993914,1.0123999808,0.9607982702564211
7.50467,7.0978,7.502,1.02131,1655.17,1620.62,0.0,0.0,0.6276,0.614502,0.0,0,0.0027979931,1.2087785058,1.2506343637558288
7.69309,7.15133,7.69309,1.0015,1823.95,1821.21,0.0,0.0,0.6478,0.646828,0.0,0,0.0030852123,1.3642598004,1.3716582178588703
5.49532,3.6076,5.46456,1.0177,1748.28,1717.87,0.0,0.0,0.5898,0.57954,0.0,1,0.0051301816,1.9387714659,1.9900923460340714
10.00436,3.46125,9.10166,1.00404,871.243,867.739,634.245,631.694,0.6146,0.612128,0.0,0,0.0027985269,1.1711681684,1.1490652332802296
5.88047,3.45324,5.88047,1.10464,953.649,863.311,0.0,0.0,0.5102,0.461869,0.0,1,0.0051413947,1.6839357313,1.6823265329174983
7.85155,7.4129,7.84422,0.988066,1824.14,1846.18,0.0,0.0,0.6392,0.646921,0.0,0,0.0028104641,1.2901004146,1.2629050374404813
6.08117,5.71486,6.04254,1.0654,1666.94,1564.61,0.0,0.0,0.599,0.562229,0.0,0,0.0029754673,1.3033250143,1.2490649125720614
6.63074,6.11727,6.62182,1.03639,1700.67,1640.96,0.0,0.0,0.617,0.595335,0.0,0,0.0029087447,1.2886225991,1.2406251573903622
7.11924,4.2578,6.73222,1.25075,1718.51,1373.98,0.35167,0.281167,0.5804,0.464042,0.0,1,0.0025116481,1.0756094402,1.0570996955621177
5.9515,3.58022,5.94467,1.69538,782.353,461.462,0.0,0.0,0.4474,0.263894,0.0,1,0.0029379161,0.8227737101,0.8834945931937771
5.98148,5.50358,5.98148,1.39089,683.78,491.614,0.0,0.0,0.4456,0.320371,0.0,1,0.0011884736,0.4564907668,0.4759956563030663
6.94384,5.61196,6.94384,1.08226,2751.52,2542.38,0.0,0.0,0.7548,0.697429,0.0,0,0.0010594256,0.4981889264,0.5084418261444332
5.07744,3.63748,5.07744,1.35621,1447.17,1067.07,0.0,0.0,0.563,0.415127,0.0,0,0.0032122161,1.2203984824,1.221472707859936
5.68774,4.91257,5.68774,1.89851,1234.68,650.342,0.0,0.0,0.4776,0.251566,0.0,0,0.0017727412,0.7249925633,0.6782459924224624
8.93591,6.40725,8.93528,0.861374,1865.56,2165.8,0.0,0.0,0.6744,0.782935,0.0,0,0.002543847,1.1609504471,1.1327759952625458
6.54798,4.58648,6.32354,0.991599,1825.87,1841.34,0.0,0.0,0.6014,0.606495,0.0,0,0.0042872523,1.7737849327,1.7075972691653423
8.17701,3.85924,8.17701,1.11826,1495.8,1337.62,0.0,0.0,0.578,0.516876,0.00017885,0,0.0033319425,1.1279298093,1.2811916555215672
8.7001,4.17817,8.7001,1.56011,1731.24,1109.69,0.0,0.0,0.5976,0.383051,0.000256393,0,0.0018081478,0.6926094872,0.7251399263528797
4.822,3.60721,4.822,1.40695,1317.06,936.108,0.0,0.0,0.5446,0.387078,0.0,1,0.0034718449,1.3134268647,1.2552613910472707
5.52619,4.96961,5.37117,1.18279,1951.27,1649.71,0.0,0.0,0.6294,0.53213,0.0,1,0.0030619058,1.2372688451,1.2628152477524512
5.62028,4.9456,5.38973,1.141,1960.49,1718.22,0.0,0.0,0.6228,0.545837,0.0,1,0.0030400674,1.2204052513,1.2491833159083325
5.507,4.94994,5.35679,1.19591,1938.76,1621.16,0.0,0.0,0.616,0.51509,0.0,1,0.0030827169,1.2429970861,1.262138186351084
9.00309,8.54299,8.9671,0.97843,1897.63,1939.47,0.0,0.0,0.6736,0.68845,0.0,1,0.002390329,1.0719955107,1.0504243926214922
14.27976,9.75466,14.27887,0.875377,1931.83,2206.85,0.0,0.0,0.6958,0.794857,0.0,1,0.0026931786,1.1622374842,1.1552050267466303
5.20373,4.91346,5.20373,1.50927,221.957,147.062,328.828,217.872,0.4508,0.298686,0.0,1,0.0053998805,0.9103462301,0.9126159077826747
8.93039,4.11514,8.89727,1.11173,2249.06,2023.03,0.0,0.0,0.7014,0.630911,0.0,1,0.0012723727,0.6021861508,0.5820120934233978
8.86827,4.20402,8.86827,1.11868,2254.43,2015.26,0.0,0.0,0.7004,0.626094,0.0,1,0.0012031151,0.6036599821,0.5789581468228391
6.46523,4.80891,6.4631,0.94279,1718.26,1822.53,0.0,0.0,0.5936,0.629621,0.0,0,0.0046141105,1.7915705498,1.818083564878061
6.33471,4.78818,6.33036,0.937811,1809.34,1929.33,0.0,0.0,0.5982,0.637868,0.0,0,0.0045522322,1.734218893,1.8143603996784796
6.46285,4.62415,6.46285,0.930333,1709.53,1837.55,0.0,0.0,0.6066,0.652024,0.0,0,0.004070682,1.6545158695,1.649419987185356
6.34814,4.18035,6.34814,1.16715,1258.72,1078.45,0.0,0.0,0.5426,0.464892,0.0,1,0.0037600535,1.4078831921,1.33698595700346
9.77148,3.95127,9.76981,1.08328,1654.63,1527.42,0.0,0.0,0.6392,0.590057,0.0,1,0.0032679833,1.2500051475,1.3328236589999927
6.01546,4.14091,6.00986,0.986437,2302.7,2334.36,0.0,0.0,0.6452,0.654071,0.0,1,0.0033552504,1.4641932919,1.4450384143569375
7.65199,6.36839,7.38295,0.889824,2356.91,2648.74,0.0,0.0,0.6808,0.765095,0.0,1,0.0030881445,1.3843171918,1.3832795575474064
9.52843,6.46475,9.52268,1.03139,1993.36,1932.71,0.0,0.0,0.6454,0.62576,0.0,0,0.0012392231,0.5678149381,0.5776012110539173
5.02071,3.4738,5.02071,2.5731,618.391,240.329,0.0,0.0,0.3932,0.152812,0.0,1,0.0012786796,0.3906075316,0.43836232037406964
7.62136,6.38807,7.35051,1.08418,1533.97,1414.86,0.0,0.0,0.5764,0.531645,0.0,1,0.0020849976,0.9077233855,0.9423698603457653
18.21481,15.58526,18.21481,0.462868,1507.18,3256.18,0.0,0.0,0.8126,1.75558,0.0,1,0.0022549067,1.0899956776,1.0792627126068353
5.6946,5.49039,5.6894,1.21439,1338.7,1102.37,0.0,0.0,0.5044,0.415354,0.0,1,0.0055113854,1.8006999935,1.7745300121455632
5.92381,4.85823,5.92381,0.977102,1893.89,1938.27,0.0,0.0,0.5954,0.609353,0.0,1,0.0034567438,1.5093590649,1.4222952782397922
5.16866,4.1674,5.16866,1.42464,1443.53,1013.26,0.0,0.0,0.5604,0.393361,0.0,1,0.0012908251,0.5613518791,0.5919997127768084
5.64435,4.47405,5.63077,1.05807,3043.38,2876.34,0.0,0.0,0.6944,0.656287,0.0,0,0.0016258176,0.7645037713,0.7621488746860663
5.63489,4.44582,5.40576,1.06079,3035.28,2861.33,0.0,0.0,0.6926,0.652908,0.0,0,0.0015059785,0.7652527659,0.7197414830199584
5.644,4.47445,5.6433,1.05807,3043.8,2876.74,0.0,0.0,0.6942,0.656098,0.0,0,0.0016517827,0.7534466138,0.7620327792208055
5.70452,4.56197,5.70452,1.04697,3123.81,2983.66,0.0,0.0,0.6974,0.666112,0.0,0,0.0015898658,0.7707374036,0.7601633912785141
5.73555,4.60029,5.7012,1.03985,3093.95,2975.36,0.0,0.0,0.6996,0.672786,0.0,0,0.0015339409,0.7670004199,0.729606148761051
5.61338,4.40406,5.55816,1.06606,3021.98,2834.73,0.0,0.0,0.6918,0.648934,0.0,0,0.0015559114,0.7515271904,0.7409899238746879
11.08232,7.03865,11.08232,0.706119,2334.22,3305.7,0.0,0.0,0.7482,1.05959,0.0,1,0.0028366556,1.3511098733,1.317416841791172
11.60551,5.69321,11.58639,0.756483,2453.14,3242.83,0.0,0.0,0.7332,0.969223,0.0,1,0.0033682578,1.5388260968,1.478397589832357
4.19377,3.55017,4.10153,1.43831,578.428,402.157,0.568123,0.394992,0.4896,0.340399,0.0,1,0.002247222,0.9403290778,0.889458703804086
6.43501,4.94371,6.43501,0.973544,2580.97,2651.11,0.0,0.0,0.724,0.743675,0.0,0,0.0014920541,0.7079369315,0.7258075376361391
5.90632,4.48545,5.90632,0.991222,2611.36,2634.48,0.0,0.0,0.7042,0.710436,0.0,0,0.0014741732,0.6963382477,0.7185786947203727
6.38762,4.90333,6.38762,0.985223,2558.92,2597.3,0.0,0.0,0.7104,0.721055,0.0,0,0.0014046368,0.725344891,0.6745510117625773
4.97412,3.92327,4.96359,1.11198,578.781,520.497,332.856,299.337,0.5476,0.492456,0.0,1,0.0025826743,1.0468707778,1.0238698332257856
4.93159,3.98659,4.92634,1.07028,1453.04,1357.62,0.0,0.0,0.5542,0.517807,0.0,1,0.0055112926,2.0972961375,1.9814893808620182
5.28754,3.98518,5.28525,1.29873,1052.26,810.224,0.0,0.0,0.5454,0.41995,0.0,1,0.0059617292,1.8038305559,1.8236250037053887
6.20454,3.65645,6.19551,1.18024,913.968,774.393,4.05812,3.43839,0.5244,0.444317,0.0,1,0.0016708441,0.7002213972,0.6851244789156796
13.61666,6.49901,13.37179,0.543402,2314.06,4258.46,0.0,0.0,0.7794,1.4343,0.0,1,0.0034552151,1.5196946686,1.5011395048634375
6.02545,4.0393,5.99647,0.986984,1894.92,1919.91,0.0,0.0,0.59,0.597781,0.0,1,0.0022321245,1.0192927327,1.0145649332161897
4.71415,3.88542,4.71415,1.78814,1095.1,612.422,0.0,0.0,0.4878,0.272797,0.0,1,0.0010809372,0.445278275,0.47787748447583656
5.54329,4.14541,5.54329,1.48949,971.772,652.421,0.0,0.0,0.4996,0.335418,0.0,1,0.0018026625,0.7158399148,0.6702596825479636
6.38285,4.89652,6.37584,1.09177,1385.23,1268.79,0.0,0.0,0.5274,0.483068,0.0,1,0.0026548939,1.0696737186,1.0766981947257062
4.63469,3.96609,4.63178,0.913347,1885.16,2064.02,0.0,0.0,0.6022,0.659333,0.0,1,0.0033930418,1.3954722705,1.4703777883038431
4.90739,3.75202,4.9029,1.59304,664.487,417.119,0.0,0.0,0.5,0.313865,0.0,1,0.000555809,0.236132825,0.2437607484829094
6.53351,5.26079,6.50691,1.20658,1362.71,1129.4,0.0,0.0,0.5562,0.460973,0.0,1,0.0033311935,1.2743759183,1.238468803257418
11.21887,3.60068,11.21229,0.939946,1552.8,1652.01,0.0,0.0,0.65,0.691529,0.0,0,0.0012706391,0.6694693908,0.5681436388587761
4.31904,3.92279,4.31686,2.00589,798.722,398.188,0.0,0.0,0.4762,0.2374,0.0,1,0.0021696464,0.8504988604,0.8025495043776472
4.30909,3.88512,4.30289,2.07432,740.264,356.871,0.0,0.0,0.4854,0.234004,0.0,0,0.0021293957,0.8334949443,0.8091615607898245
5.26498,3.54235,5.26498,1.46293,1254.88,857.787,0.054983,0.0375841,0.5414,0.370079,0.0,1,0.0038813384,1.2924148657,1.3382508224394178
5.20547,3.53873,4.99626,1.38567,317.914,229.429,0.0,0.0,0.4078,0.294297,0.0,1,0.0013632551,0.4104520893,0.4408535218663562
10.39364,10.27787,10.39364,0.990795,1293.94,1305.96,0.0,0.0,0.603,0.608602,0.0,1,0.0012188074,0.6278299488,0.5600127927244304
4.83597,4.0538,4.82906,1.04226,1795.93,1723.11,0.0,0.0,0.619,0.593902,0.0,1,0.0031307888,1.3412983746,1.33338202340649
12.14192,7.10734,11.60914,0.697914,2309.15,3308.64,0.0,0.0,0.7064,1.01216,0.0,1,0.0036706894,1.6766100802,1.5537426131732819
6.97244,5.06027,6.95895,1.05179,1573.15,1495.68,0.0,0.0,0.5538,0.52653,0.0,1,0.0022240769,0.9232537593,0.9803945429896564
5.05147,4.16271,5.05147,1.13092,540.779,478.177,0.321066,0.283899,0.472,0.41736,0.0,1,0.0018151937,0.6764708478,0.6762479072769734
5.083,4.08701,5.083,1.12522,554.857,493.112,3.99845,3.5535,0.4816,0.428007,0.0,1,0.0018280227,0.643854837,0.7228267755579595
6.53651,4.25527,6.53589,1.13006,897.316,794.041,0.0,0.0,0.4944,0.437498,0.0,0,0.002133558,0.878617244,0.8085164646940983
6.26762,4.30044,6.26762,1.44826,1375.59,949.827,0.0,0.0,0.529,0.365266,0.0,1,0.0012759596,0.5614732125,0.5864104554125307
6.23242,4.28797,6.23242,1.46353,1355.07,925.895,0.0,0.0,0.5256,0.359132,0.0,1,0.0013077666,0.5568900479,0.5872444956119012
6.2609,4.2583,5.97896,1.47095,1347.56,916.116,0.0,0.0,0.5236,0.355961,0.0,1,0.0013001729,0.5518583226,0.5830116040054347
7.09051,6.95471,7.08404,1.0379,1177.89,1134.87,0.0,0.0,0.482,0.464398,0.0,1,0.0035976338,1.328994347,1.346959142924466
5.83028,3.92148,5.83028,1.25472,1762.89,1405.01,0.0,0.0,0.5742,0.457633,0.0,1,0.0040263626,1.5727773765,1.5509382051315344
5.86454,4.0944,5.8642,1.28277,1638.51,1277.32,0.0,0.0,0.564,0.439672,0.0,1,0.0045204318,1.7364649087,1.619064062877658
7.61968,5.81939,7.61968,0.929894,1834.94,1973.28,0.0,0.0,0.6418,0.690186,0.0,0,0.0027776053,1.3131991591,1.2248032700518816
6.35889,3.80128,6.35889,1.36336,826.663,606.343,0.0,0.0,0.4722,0.34635,0.0,1,0.0016291083,0.6218150639,0.6384316785978374
8.13442,3.87575,8.10204,1.046,828.231,791.809,624.804,597.328,0.5872,0.561377,0.0,1,0.0024854682,1.0686187514,1.0315611488005278
7.32397,5.11399,7.32397,1.7716,886.883,500.612,0.0,0.0,0.461,0.260217,0.0,0,0.0012572227,0.5140823262,0.4895521540396973
7.31754,5.12695,7.31754,1.78125,881.099,494.651,0.0,0.0,0.4574,0.256786,0.0,0,0.0012605428,0.516106499,0.4890461442130828
9.61717,7.1473,9.61717,0.879264,1566.05,1781.09,99.4285,113.081,0.6478,0.736752,0.0,1,0.0026395085,1.1537056904,1.1154487151764032
9.75224,7.03631,9.74499,0.882485,1556.94,1764.27,99.8155,113.107,0.639,0.724092,0.0,1,0.0026137025,1.135167621,1.0885293215953156
6.85522,4.84816,6.83832,0.971676,1685.5,1734.63,0.0,0.0,0.5992,0.616666,0.0,1,0.002912578,1.2120949081,1.2476189440389436
16.19567,14.7503,16.19567,0.506406,2424.91,4788.47,0.0,0.0,0.7912,1.56238,0.0,1,0.0031037815,1.4415043381,1.4376525437542007
5.27662,4.93416,5.27372,1.16508,1131.52,971.191,0.0,0.0,0.5138,0.440998,0.0,1,0.0024860405,0.9831889097,0.9582088016404414
5.52004,3.68761,5.13882,1.35428,964.882,712.469,2.40449,1.77548,0.5008,0.369791,0.0,1,0.0041606604,1.3118869505,1.2889337616535206
8.14869,7.69355,8.14119,0.987789,1275.19,1290.95,0.0,0.0,0.5856,0.592839,0.0,0,0.0022144485,1.0037522591,0.9609486299690744
8.28379,7.41139,8.23195,0.998413,1202.66,1204.57,0.0,0.0,0.5776,0.578518,0.0,0,0.0018846719,0.8564957513,0.7813425436397349
5.90535,4.58324,5.82203,1.08467,916.631,845.08,0.0,0.0,0.4426,0.408051,0.0,1,0.0014700503,0.6192304254,0.6459169510113926
6.27152,3.95758,6.27152,1.38102,999.488,723.73,0.0,0.0,0.4722,0.34192,0.0,1,0.0016765955,0.67332776,0.6720965778298001
10.99192,9.84925,10.99026,1.18883,1563.88,1315.47,0.0,0.0,0.6324,0.53195,0.0,1,0.0017790481,0.8183817033,0.8220505707343824
11.06598,9.80954,11.06598,1.1867,1573.29,1325.77,0.0,0.0,0.637,0.536783,0.0,1,0.0017861714,0.8416820687,0.8230256858707806
11.01144,9.80964,11.01144,1.18637,1561.55,1316.25,0.0,0.0,0.6378,0.537607,0.0,1,0.0017345274,0.8233181611,0.7922246079236139
11.20025,9.92421,11.20025,1.17831,1553.45,1318.38,0.0,0.0,0.64,0.543152,0.0,1,0.001800418,0.834320122,0.8221912808542005
11.01742,9.84741,11.01742,1.18828,1532.31,1289.52,0.0,0.0,0.6324,0.5322,0.0,1,0.0017879522,0.8150818274,0.8223213205369111
11.38797,10.70957,11.38797,1.17105,1531.31,1307.64,0.0,0.0,0.6356,0.542761,0.0,1,0.0017612398,0.8471527751,0.8280285328666592
10.96072,9.79504,10.96072,1.20031,1612.87,1343.71,0.0,0.0,0.6478,0.539695,0.0,1,0.00169796,0.8320146462,0.7904059384638826
11.0184,9.87166,11.0184,1.18797,1537.56,1294.27,0.0,0.0,0.6322,0.532166,0.0,1,0.0018146647,0.8053763099,0.8265812419757211
5.60667,4.32453,5.60667,1.2413,1001.47,806.796,0.0,0.0,0.493,0.397165,0.0,1,0.0011967569,0.524599704,0.5101636340745226
4.82969,3.81832,4.82273,1.56913,1845.61,1176.2,0.0,0.0,0.5908,0.376513,0.0,1,0.0019343773,0.842006355,0.847505293306045
5.583,3.66466,5.55273,1.2752,1155.67,906.265,0.0,0.0,0.5562,0.436166,0.0,1,0.0024972753,0.9586228885,0.9517195537028975
6.17141,3.90334,6.16279,1.0195,1425.23,1397.97,0.0,0.0,0.5534,0.542815,0.0,0,0.0020531105,0.9050989162,0.9109579444620369
6.57194,5.24744,6.52017,1.04618,2076.22,1984.58,0.0,0.0,0.6344,0.606399,0.0,1,0.0022659531,0.9479484067,1.014349474068351
22.4236,6.86083,22.4236,0.430914,1919.0,4453.33,0.0,0.0,0.8428,1.95584,0.0,1,0.0026474534,1.2769925205,1.2664833720918234
15.32957,4.28733,15.14716,0.82417,1410.27,1711.14,0.0,0.0,0.6424,0.779451,0.0,0,0.0016412323,0.7423118128,0.7494004695356794
4.90891,3.62196,4.90891,1.35907,1386.6,1020.26,0.0,0.0,0.5556,0.40881,0.0,1,0.0031724523,1.2202084548,1.1968323251323738
7.16272,5.01285,7.16272,1.93261,861.664,445.855,0.0,0.0,0.439,0.227154,0.0,0,0.0013052231,0.4962743459,0.5114651679833733
5.14306,4.53772,5.14306,2.05503,811.697,394.98,0.0,0.0,0.4976,0.242137,0.0,1,0.0008150814,0.3385971089,0.3231439470647932
6.38663,4.81205,6.34996,0.850503,2611.85,3070.95,0.0,0.0,0.6758,0.794589,0.0,1,0.0031100178,1.4651886346,1.4218200458390107
4.61683,4.05372,4.60817,1.34015,2066.31,1541.85,0.0,0.0,0.6314,0.47114,0.0,1,0.0029165121,1.2390093595,1.2730297693617019
12.51834,7.61249,12.51295,0.637007,2148.52,3372.84,0.0,0.0,0.739,1.16011,0.0,0,0.0027359476,1.2747696773,1.2543770609545775
8.23736,6.10049,8.23736,1.05875,1568.61,1481.57,0.0,0.0,0.6114,0.577473,0.0,1,0.0028214932,1.1373962711,1.2108758859688655
7.32298,5.66775,7.31573,1.18063,2218.14,1878.78,0.0,0.0,0.6574,0.556822,0.0,1,0.0027598266,1.2291513156,1.1954632715437459
5.10165,4.15013,5.10165,1.44975,1410.84,973.163,0.0,0.0,0.5516,0.38048,0.0,1,0.0025697888,1.0122960569,1.0341288763900098
8.67819,7.37101,8.67819,0.808147,1895.46,2345.44,0.0,0.0,0.644,0.796885,0.0,1,0.0021700048,0.9635057863,1.0140345115480383
9.57077,7.08727,9.56435,0.806267,1675.18,2077.7,0.0,0.0,0.6472,0.802712,0.0,1,0.0017120053,0.7493141455,0.7979918020801338
13.21045,7.45311,13.20856,0.659951,2268.86,3437.92,0.0,0.0,0.7544,1.14311,0.0,0,0.0020850796,0.9819457475,1.0102253663009206
5.33789,3.67614,4.8281,1.21787,366.738,301.132,43.558,35.7659,0.4728,0.38822,0.0,1,0.0019548729,0.6370045839,0.6671641194722402
4.46757,3.79797,4.46575,1.34004,1684.26,1256.87,0.0,0.0,0.5592,0.417301,0.0,0,0.0050313384,1.8115913484,1.874224291216076
5.8077,3.86323,5.63808,1.72243,1551.26,900.621,0.0,0.0,0.5892,0.342074,0.0,1,0.0007836995,0.37176268,0.369126737786894
6.91176,5.48765,6.90468,1.05966,2714.41,2561.59,0.0,0.0,0.7606,0.717779,0.0,1,0.0008873209,0.4343238604,0.4239381534948107
6.83473,3.59668,6.83473,1.18846,813.826,684.776,8.77654,7.38483,0.5106,0.429633,0.0,0,0.0013840835,0.587796306,0.5501500366577625
5.68037,4.76623,5.68037,2.51192,1254.16,499.284,0.0,0.0,0.5368,0.213701,0.0,1,0.0015391266,0.5629950996,0.585144878101328
15.75075,11.00764,15.73688,0.361001,1774.59,4915.74,0.0,0.0,0.8214,2.27534,0.0,1,0.0025358984,1.2386852548,1.277709292550766
5.74302,5.27685,5.74302,1.21834,2265.85,1859.79,0.0,0.0,0.629,0.516277,0.0,1,0.0029874382,1.3393979904,1.267493451108398
6.29773,3.71971,6.29294,1.09675,1370.58,1249.67,0.0,0.0,0.5312,0.48434,0.0,1,0.0035246797,1.367667043,1.323321164858826
7.26398,5.93484,7.26398,0.928582,1704.47,1835.57,0.0,0.0,0.6226,0.670485,0.0,1,0.0031358218,1.3235222911,1.3418939846836795
13.36908,6.74856,13.36908,0.867921,2110.92,2432.16,0.0,0.0,0.7182,0.827495,0.0,1,0.0036486322,1.3924145285,1.3980097791720556
10.27364,5.56329,10.24469,1.27911,1762.02,1377.54,0.0,0.0,0.6464,0.505353,0.0,0,0.0012068928,0.5861133441,0.5461150676203134
10.05627,4.99033,10.05627,1.27605,1802.46,1412.53,0.0,0.0,0.6588,0.51628,0.0,0,0.0013548226,0.631922025,0.5951640291186561
7.57658,5.24596,7.57658,1.02746,1360.51,1324.14,0.363733,0.354011,0.5524,0.537636,0.0,1,0.0026689003,1.0876421082,1.0941223087106782
10.30601,6.64118,10.28692,0.805914,2114.88,2624.2,0.0,0.0,0.7002,0.868827,0.0,1,0.0022145788,0.9739694277,1.0428387977318805
5.2733,3.44165,5.13632,1.92322,520.432,270.604,0.0,0.0,0.4068,0.21152,0.0,1,0.0033829238,0.7395314857,0.8353274798892598
6.42465,5.40382,6.41795,0.966783,2295.27,2374.13,0.0,0.0,0.6476,0.669851,0.0,1,0.0024472247,1.1011929486,1.1065198252348212
9.30565,6.85906,9.27959,0.706361,2166.56,3067.21,0.0,0.0,0.6788,0.960982,0.0,1,0.0028589658,1.3313714562,1.3242639038452255
6.83841,4.27158,6.82898,1.16057,1697.89,1462.98,0.0,0.0,0.622,0.535943,0.0,1,0.0027818691,1.1695991633,1.188307722434651
6.31369,5.23329,6.31062,1.05952,1841.47,1738.01,0.0,0.0,0.633,0.597438,0.0,1,0.0035487728,1.453307299,1.4434197495861147
5.28453,4.80173,5.27514,1.43501,1453.93,1013.18,0.0,0.0,0.553,0.385362,0.0,0,0.002906933,1.0689771781,1.0995590258657648
6.39416,5.57332,6.29797,1.14467,684.064,597.606,672.069,587.128,0.5646,0.493241,0.0,1,0.0027350512,1.116630898,1.0828300832729862
5.85231,3.84033,5.85188,1.01925,1457.17,1429.65,0.0,0.0,0.5954,0.584153,0.0,1,0.0032500329,1.3019413963,1.3312563556947612
12.74626,5.01226,12.74368,0.72706,1886.16,2594.23,0.0,0.0,0.6866,0.944351,0.0,0,0.0041928275,1.6735756237,1.6745320793515401
13.05445,5.12975,13.05445,0.705732,1930.45,2735.39,0.0,0.0,0.696,0.986211,0.0,0,0.003949816,1.6066242166,1.6035709015913857
12.50276,5.7361,12.50276,0.712849,1639.29,2299.63,251.853,353.304,0.6904,0.968508,0.0,0,0.0043636398,1.6777702121,1.6632914650369952
7.74875,6.13477,7.74875,1.18661,1504.44,1267.85,0.0,0.0,0.5684,0.479013,0.0,1,0.0017198275,0.7700484216,0.7840528695084539
4.99697,4.10291,4.99697,1.2735,911.527,715.766,0.0,0.0,0.5088,0.399529,0.0,1,0.0058082968,1.6628229814,1.691316364798693
4.81496,3.82583,4.65063,1.13347,1702.63,1502.14,0.0,0.0,0.5906,0.521054,0.0,1,0.0043245776,1.6723265974,1.7304215268953869
5.27906,4.62985,5.27848,1.04928,1875.68,1787.59,0.0,0.0,0.62,0.590882,0.0,1,0.0033677821,1.4544963796,1.3798936648475215
5.10607,4.02699,5.08197,1.11842,1698.05,1518.26,0.0,0.0,0.5914,0.528783,0.0,1,0.0033636371,1.4016626142,1.3687460926981494
7.14061,4.94756,7.14061,1.20532,1458.34,1209.92,0.0,0.0,0.5588,0.463613,0.0,1,0.003931497,1.5513848796,1.4042625572219969
5.28866,4.84747,5.2531,1.29946,1308.25,1006.77,0.0,0.0,0.533,0.410171,0.0,1,0.0043459933,1.5126004649,1.476176289174924
4.88781,3.95017,4.78327,1.29203,1761.41,1363.29,0.0,0.0,0.6026,0.466399,0.0,1,0.0029444565,1.2420119252,1.2177029592765265
8.49333,5.93464,8.49333,1.13024,2517.32,2227.25,0.0,0.0,0.7308,0.646591,0.0,1,0.0014830949,0.703802667,0.7107640147347172
7.38705,6.71212,7.38296,0.935187,2320.11,2480.9,0.0,0.0,0.6728,0.719428,0.0,1,0.002307562,1.0314404593,1.0583020669090308
6.67772,5.77243,6.67772,1.37946,1565.15,1134.61,0.0,0.0,0.5916,0.428865,0.0,1,0.0023784892,1.0138681169,0.9915848463230589
7.77112,5.22128,7.77112,1.02459,1747.86,1705.92,54.8522,53.5358,0.6324,0.617222,0.0,1,0.0031016078,1.3272035429,1.2971695681636286
4.91604,3.64149,4.71388,1.41984,853.074,600.823,0.0,0.0,0.4516,0.318063,0.0,1,0.0046632621,1.3594534252,1.3262242228313939
8.38907,7.72449,8.38907,1.20127,2069.83,1723.03,0.0,0.0,0.6742,0.561239,0.0,0,0.001876212,0.8396246178,0.8455035390651913
6.13469,4.34629,6.1328,1.17934,2824.52,2395.0,0.0,0.0,0.6914,0.58626,0.0,1,0.0015051576,0.7396813709,0.7188706857900387
4.98066,4.11701,4.97309,1.72073,1391.23,808.509,0.0,0.0,0.5092,0.29592,0.0,0,0.0017890946,0.745282126,0.7253514108982679
6.50752,5.08332,6.49522,1.09349,2330.32,2131.09,0.0,0.0,0.645,0.589856,0.0,1,0.0023905771,1.0514134986,1.0631293780180426
4.62596,4.14329,4.62016,1.44887,799.885,552.077,0.0,0.0,0.4668,0.322183,0.0,0,0.0030956127,1.0836493513,1.030844150018655
21.8367,11.13953,21.8367,0.43704,1909.12,4368.3,0.0,0.0,0.8068,1.84605,0.0,1,0.0028178746,1.3214394766,1.3305679975331963
8.35947,4.46891,5.6634,1.04829,1752.03,1671.32,0.0,0.0,0.5968,0.569309,0.0,1,0.0027654027,1.1122413407,1.1644865777728115
11.13693,10.31061,11.1274,0.748964,1958.48,2614.92,0.0,0.0,0.808,1.07882,0.0,1,0.001004442,0.5838987643,0.5412943615485195
10.05429,4.94116,10.05429,0.926612,2320.72,2504.52,0.0,0.0,0.6828,0.736878,0.0,1,0.003441106,1.5325871886,1.4189584499039025
8.43825,7.66991,8.43825,0.899517,1548.12,1721.06,0.0,0.0,0.606,0.673695,0.0,0,0.0017604711,0.844610099,0.8049258813123901
3.77854,3.49065,3.77854,2.38895,513.1,214.781,0.0,0.0,0.4702,0.196823,0.0,1,0.0029261441,1.0978326729,0.9395098351857581
6.06535,4.45301,6.06535,1.35673,1212.79,893.908,0.0,0.0,0.533,0.392855,0.0,1,0.0024227123,0.9149020347,0.9513932661281611
6.88683,6.50841,6.88683,1.28067,1607.28,1255.03,0.0,0.0,0.5652,0.441333,0.0,0,0.0034438047,1.3804941542,1.394093827661686
6.94207,6.59487,6.94207,1.57026,1544.58,983.644,0.0,0.0,0.5696,0.362742,0.0,0,0.0023923318,1.0245839141,1.0027312454746642
4.97897,3.76472,4.96668,2.4043,872.519,362.9,0.0,0.0,0.4822,0.200558,0.0,1,0.0014497859,0.5441276843,0.5766888662249945
15.10116,7.95608,15.10116,0.589497,2232.85,3787.72,0.0,0.0,0.8124,1.37812,0.0,0,0.0019602779,0.9737081663,0.9653063110722215
15.1002,7.9585,15.1002,0.589907,2229.21,3778.92,0.0,0.0,0.8122,1.37683,0.0,0,0.0019947755,0.9775069656,0.9879287356552278
15.0923,7.9386,15.0599,0.589907,2234.12,3787.24,0.0,0.0,0.812,1.37649,0.0,0,0.0020272439,0.9724642218,1.0009372986853124
15.0745,7.93652,15.0745,0.590588,2230.11,3776.08,0.0,0.0,0.8028,1.35932,0.0,0,0.0019846291,0.9854880969,0.9824660398751405
15.09972,7.93483,15.09787,0.58881,2231.62,3790.06,0.0,0.0,0.8032,1.36411,0.0,0,0.0021834979,0.9849564274,1.0715293299122925
10.27348,3.66364,10.27348,1.54552,1337.51,865.414,0.0,0.0,0.5444,0.352244,0.0,1,0.00188768,0.7994714026,0.7299899319236036
10.46029,3.75562,10.46029,1.55256,1336.79,861.022,0.0,0.0,0.5416,0.348844,0.0,0,0.0018565473,0.8234280233,0.7076547768054067
12.82983,5.12034,12.75758,0.7175,1929.2,2688.78,0.0,0.0,0.678,0.944947,0.0,0,0.0042051541,1.6916535602,1.6766536094874063
5.57744,4.95549,5.57327,1.06968,1869.94,1748.13,0.0,0.0,0.6238,0.583165,0.0,0,0.005221915,1.9420497369,1.9804846111058574
6.24874,4.05552,6.23411,0.996458,1522.19,1527.6,0.0,0.0,0.5832,0.585273,0.0,0,0.003011609,1.2171361072,1.252719347049085
9.34691,6.36719,9.34691,1.04439,1784.83,1708.97,0.0,0.0,0.6322,0.605329,0.0,1,0.0021185448,0.9197776657,0.949513375515588
9.81867,4.43769,9.81443,0.838672,2179.96,2599.3,0.0,0.0,0.7164,0.854207,0.0,1,0.0033766504,1.3751562459,1.4140484336398034
9.36969,4.36946,9.36969,0.882661,2218.78,2513.74,0.0,0.0,0.708,0.80212,0.0,1,0.0031992817,1.3077478897,1.3816790384383268
5.14094,4.21977,5.13595,1.60723,671.365,417.716,0.0,0.0,0.4556,0.28347,0.0,1,0.0034362316,0.8873715535,0.9606524437817524
6.91296,3.51033,6.91296,1.15045,885.224,769.461,0.0,0.0,0.496,0.431137,0.0,1,0.0021460286,0.8076277152,0.807710912648669
8.11845,6.60905,8.11698,0.914085,1985.25,2171.84,0.0,0.0,0.6552,0.716782,0.0,1,0.0023699645,1.0031335093,1.0643076545356567
5.18429,3.8135,5.15632,1.17196,1806.33,1541.29,0.0,0.0,0.5938,0.506672,0.0,1,0.0037481355,1.5384650238,1.5100792233034164
24.94881,9.11981,13.96328,0.407171,1936.47,4755.92,0.0,0.0,0.8288,2.03551,0.0,1,0.0029890025,1.3974317255,1.4192226766003313
6.1081,4.29761,6.1081,1.82473,1754.35,961.429,0.0,0.0,0.562,0.307991,0.0,1,0.0038083798,1.3145166287,1.3508386665707877
11.60038,10.84699,11.60038,1.19087,1547.76,1299.69,0.0,0.0,0.637,0.534904,0.0,1,0.0019262571,0.8642544824,0.8966860558155915
16.5482,9.24625,16.5482,0.458126,1992.46,4349.15,0.0,0.0,0.829,1.80955,0.0,1,0.002579167,1.2698393333,1.245980896721968
5.7573,4.86083,5.74121,1.47804,1284.35,868.952,0.0,0.0,0.5138,0.347622,0.0,1,0.0039377815,1.3722990825,1.3435690884668139
9.52458,5.89518,9.49645,0.725604,2342.81,3228.77,0.0,0.0,0.6884,0.948726,0.0,1,0.0026994797,1.2551481799,1.245725274276497
5.28106,3.76828,5.22671,1.49221,559.092,374.674,165.129,110.661,0.47,0.314969,0.0,0,0.00142749,0.5272018507,0.5640605315270995
9.03703,6.62918,8.94738,0.968421,1920.56,1983.18,0.0,0.0,0.6764,0.698457,0.0,1,0.0022598422,0.9133674212,1.0082977091179202
11.49386,10.72802,11.47361,1.31034,1534.89,1171.37,0.0,0.0,0.6288,0.479875,0.0,1,0.0016207077,0.7895562082,0.7633159893468233
5.52925,4.85253,5.5277,0.807375,2409.06,2983.81,0.0,0.0,0.6688,0.828364,0.0,1,0.0033134803,1.4420833472,1.4694312014705035
8.74289,7.28376,8.74289,0.770513,1869.68,2426.54,0.0,0.0,0.6812,0.884086,0.0,1,0.0021303286,0.9669397698,0.9831697204399148
9.63173,5.48027,9.50266,0.666563,1780.56,2671.25,394.567,591.942,0.7036,1.05556,0.0,0,0.0028506714,1.3099229955,1.3271626505262328
5.70322,4.2936,5.70044,1.41973,1194.97,841.693,0.0,0.0,0.5074,0.357393,0.0,0,0.0036653049,1.2658889141,1.2494137516477408
7.09435,6.39708,7.09435,1.10433,2376.79,2152.25,0.0,0.0,0.6948,0.62916,0.0,1,0.0012070664,0.6374339586,0.56989227172991
11.06769,10.6456,11.06769,1.31092,1583.35,1207.82,0.0,0.0,0.6774,0.516738,0.0,1,0.0014344,0.6363096003,0.6540753400368687
18.31927,17.55519,18.31927,0.940384,1367.76,1454.47,0.0,0.0,0.7778,0.827109,0.0,1,0.0016771852,0.7214972382,0.7381694891518293
20.18098,6.8654,20.18098,0.883011,1005.98,1139.26,176.505,199.889,0.6154,0.696933,0.0,1,0.0051035049,1.502891613,1.3358541856079358
5.76478,3.88293,5.76079,0.975082,1366.72,1401.64,0.0,0.0,0.5706,0.585182,0.0,1,0.0048959945,1.8628269041,1.8085626406713358
4.43687,3.53475,4.41654,1.7513,543.427,310.299,0.0,0.0,0.4316,0.246445,0.0,1,0.0028401559,0.9217912205,0.9124376480263554
9.49015,4.11988,9.48875,1.0718,2134.49,1991.5,0.0,0.0,0.699,0.652175,0.0,1,0.0012602459,0.5999073616,0.5916339203926779
9.51379,4.14819,9.5125,1.05388,2143.29,2033.7,0.0,0.0,0.7,0.66421,0.0,1,0.0012662946,0.5922454546,0.5974679415415408
5.67349,3.43363,5.66285,1.39295,953.777,684.72,0.0,0.0,0.529,0.379771,0.0,1,0.0014364833,0.5679863004,0.5941955090757596
9.48211,4.09783,9.48211,1.10251,2123.81,1926.34,0.0,0.0,0.703,0.637636,0.0,1,0.0012729038,0.5830988906,0.6195597347680624
5.90138,4.68963,5.90138,1.54375,1825.0,1182.18,0.0,0.0,0.5888,0.381408,0.0,1,0.0018069036,0.7303033156,0.7588521613508035
4.46919,3.89223,4.46919,1.80004,671.763,373.194,1.29095,0.717177,0.4414,0.245217,0.0,1,0.0022026719,0.7100638148,0.8060139665358821
5.78145,3.73909,5.7809,1.26392,1211.1,958.208,0.0,0.0,0.5322,0.421072,0.0,0,0.002850153,1.0525058114,1.0940916425396976
5.51731,3.61848,5.51731,1.29733,1177.02,907.264,0.0,0.0,0.5102,0.393268,0.0,0,0.0033975547,1.2029706521,1.1795713412893285
5.55777,4.9763,5.55645,1.04913,1135.92,1082.72,0.164681,0.156969,0.531,0.506133,0.0,1,0.0021334188,0.8873588403,0.8799506857342778
4.91078,3.67872,4.91078,1.2863,552.942,429.872,0.0,0.0,0.425,0.330406,0.0,0,0.0032126999,0.9523906878,0.9317116354714631
4.87208,3.58717,4.87208,1.2994,528.572,406.782,0.0,0.0,0.416,0.320148,0.0,0,0.0032628983,0.9477066545,0.9441481342100593
5.32747,3.70757,5.32747,1.44986,1251.71,863.334,0.0,0.0,0.5234,0.361001,0.0,0,0.003479895,1.2638960794,1.207068211300986
5.98787,3.62357,5.98787,1.13373,1270.63,1120.75,0.0,0.0,0.5214,0.459897,0.0,0,0.0033386767,1.2865918818,1.237557080452935
7.36237,3.74541,7.3233,1.05285,1772.71,1683.72,0.106276,0.100941,0.6258,0.594384,0.0,1,0.0038649649,1.5618023383,1.5830908976618274
6.01025,4.24331,5.99992,1.01002,1613.71,1597.7,0.0,0.0,0.5946,0.588704,0.0,1,0.0040983605,1.5701159145,1.6087928807136915
5.03218,4.49412,5.03218,0.873833,1850.2,2117.34,0.0,0.0,0.6576,0.752547,0.0,1,0.0030248638,1.2921818396,1.3183350610672937
5.90832,4.03567,5.90832,1.60342,1467.86,915.456,0.0,0.0,0.615,0.383556,0.0,0,0.0034611502,1.1975579767,1.2388325828929965
5.30986,3.68842,5.30986,1.40965,1545.05,1096.05,0.0,0.0,0.589,0.417834,0.0,1,0.0020210314,0.8701679278,0.8287476227993359
5.58762,3.9288,5.58762,1.07311,1360.46,1267.78,0.0,0.0,0.5636,0.525205,0.0,1,0.0034355085,1.400436773,1.3097028770560613
5.63611,3.90043,5.63611,1.06263,1387.85,1306.06,0.0,0.0,0.5696,0.536029,0.0,1,0.0035507709,1.407066943,1.3620578030786774
7.0104,5.91491,7.0104,1.01758,1770.03,1739.45,0.0,0.0,0.6232,0.612433,0.0,0,0.0025139295,1.129579242,1.100221163376778
7.2178,3.83248,7.2178,1.09612,1264.7,1153.8,0.0,0.0,0.5608,0.511625,0.0,1,0.0030722824,1.2409429892,1.1871928992565315
6.01281,4.49425,5.60772,1.02042,1998.25,1958.27,0.0,0.0,0.6138,0.601518,0.0,1,0.0038188061,1.5830347681,1.5652677775474981
6.04771,4.78066,6.04165,1.07351,1496.3,1393.84,0.0,0.0,0.5402,0.50321,0.0,1,0.0053852529,1.7424991253,1.8055197741110882
8.11285,4.66596,8.11285,1.07811,1882.69,1746.29,0.0,0.0,0.6276,0.582131,0.0,1,0.0020090303,0.9123781823,0.9086058154193215
6.41625,5.33783,6.41625,1.67137,1436.49,859.47,0.0,0.0,0.5874,0.351448,0.0,1,0.001582117,0.6522224735,0.6619292564414765
6.04161,4.90341,6.00485,1.78682,1392.9,779.539,0.0,0.0,0.5636,0.31542,0.0,1,0.0017680158,0.7218145281,0.7023208154167672
6.7486,3.80235,6.29526,1.47019,2203.5,1498.78,0.0,0.0,0.646,0.439399,0.0,0,0.0030794348,1.3702078864,1.3051678631545007
10.90817,9.80221,10.908,1.08454,1586.63,1462.95,0.0,0.0,0.6414,0.591401,0.0,1,0.001649524,0.7976964885,0.7604301430450113
10.81251,9.68892,10.81235,1.16864,1579.98,1351.99,0.0,0.0,0.6292,0.538405,0.0,1,0.0018114028,0.8856765662,0.8261963591361321
6.31996,4.58953,6.31996,0.918625,1348.48,1467.93,0.0,0.0,0.5474,0.595891,0.0,1,0.0023573918,0.9696751397,1.0107504402961232
14.69858,14.40453,14.61633,0.993806,1433.78,1442.72,0.0,0.0,0.6928,0.697118,0.0,0,0.0036483238,1.3547583122,1.4349951664127265
5.15517,3.73399,5.14768,1.63871,712.948,435.067,0.0,0.0,0.4168,0.254347,0.0,1,0.0018761569,0.633360292,0.5948694957812433
6.37003,3.61495,6.36168,1.37197,938.703,684.2,0.0,0.0,0.4942,0.360212,0.0,1,0.001660662,0.6549428946,0.6636213627526224
6.43284,5.09662,6.26908,0.76383,2342.39,3066.64,0.0,0.0,0.6748,0.883443,0.0,1,0.0058068858,2.4414262152,2.331564211217219
14.55985,13.78223,14.55985,0.784824,1498.1,1908.83,0.0,0.0,0.661,0.842227,0.0,1,0.0031413565,1.2423461816,1.2970631564019808
5.69577,5.32518,5.69577,1.3733,890.048,648.107,0.0,0.0,0.4566,0.332483,0.0,0,0.0017705229,0.6831389345,0.6525649143776924
8.52461,6.17272,8.52461,0.822543,2288.73,2782.5,0.0,0.0,0.7208,0.876306,0.0,1,0.0022737899,1.059963396,1.0706663274899768
13.17739,6.65728,13.17739,0.881906,2096.4,2377.12,0.0,0.0,0.7118,0.807115,0.0,1,0.0032955068,1.2816815672,1.2446197429020704
13.23241,6.67449,13.22045,0.876399,2107.58,2404.81,0.0,0.0,0.7124,0.812871,0.0,1,0.0032509468,1.2821433127,1.2671000182482282
4.96103,4.24915,4.96103,1.44232,901.376,624.947,0.0,0.0,0.4662,0.323228,0.0,0,0.0027110644,0.8954569032,0.9359164639938595
7.70412,5.87256,7.69288,1.02639,1471.97,1434.12,0.0,0.0,0.566,0.551448,0.0,1,0.0038013277,1.6020119014,1.5627311265610186
7.6755,5.87796,7.66911,1.02659,1461.4,1423.54,0.0,0.0,0.5658,0.551143,0.0,1,0.0039337335,1.6135504259,1.5732533551211785
7.52412,5.6534,7.51131,1.03145,1483.45,1438.22,0.0,0.0,0.562,0.544864,0.0,1,0.0040960374,1.6313461921,1.6021215771580626
4.13433,3.66293,4.13433,1.49707,741.631,495.388,0.0,0.0,0.4688,0.313145,0.0,1,0.0054151981,1.8073391085,1.6401345800731577
4.33985,4.02318,4.33985,1.29652,936.621,722.414,0.0,0.0,0.5262,0.405857,0.0,1,0.0041194634,1.4822273952,1.3721384513964983
4.98599,3.44797,4.98599,1.46601,380.372,259.461,0.0,0.0,0.3928,0.267938,0.0,1,0.0019969033,0.5696474311,0.6404910323317557
7.07474,4.6808,7.07474,1.16372,1382.44,1187.95,0.0,0.0,0.5842,0.50201,0.0,1,0.0011068938,0.5435546791,0.5128863380876119
4.04002,3.66815,4.04002,1.33832,308.401,230.438,0.0,0.0,0.4326,0.323241,0.0,1,0.0016826091,0.6515786597,0.5930295190664747
5.16354,4.10534,5.03617,1.38895,415.25,298.967,0.0,0.0,0.404,0.290867,0.0,1,0.001267288,0.4198667114,0.4289866981305712
5.17234,3.93529,5.17234,1.20763,463.383,383.712,171.595,142.093,0.474,0.392504,0.0,0,0.0044722368,1.140961597,1.1960449512716411
7.82073,4.889,7.82073,1.29296,1273.82,985.194,0.0,0.0,0.5548,0.429093,0.0,0,0.0012749932,0.5490148949,0.5865977899420208
5.94433,4.56717,5.90149,1.30513,1995.48,1528.95,0.0,0.0,0.6194,0.474589,0.0,1,0.0028450477,1.1800928768,1.2027324750346742
5.98976,4.51852,5.98976,1.3118,1973.17,1504.17,0.0,0.0,0.6186,0.471565,0.0,1,0.002805134,1.1803084107,1.1792559085354688
5.8494,4.60336,5.8494,1.30478,1964.07,1505.29,0.0,0.0,0.6278,0.481155,0.0,1,0.0028737855,1.1854496928,1.20021935196538
4.91554,3.81154,4.8497,1.42961,733.471,513.055,0.0,0.0,0.4568,0.319527,0.0,1,0.0033545473,0.9784864539,1.0292176395701274
7.54991,6.34934,7.53102,1.01424,2199.81,2168.93,0.0,0.0,0.6806,0.671046,0.0,1,0.0026835382,1.1514093885,1.1922246190075931
6.95292,4.98162,6.95292,1.09152,1536.81,1407.96,0.0,0.0,0.5428,0.497289,0.0,0,0.0032070494,1.2226071675,1.267843788599191
7.37662,6.99185,7.37662,1.00469,1747.18,1739.02,0.0,0.0,0.6396,0.636613,0.0,0,0.0028165427,1.2796671815,1.2747451997063382
5.64907,5.07129,5.64636,1.2313,1163.45,944.9,0.0,0.0,0.5004,0.406401,0.0,0,0.0034343944,1.1572800198,1.2101194796893755
5.25442,4.88912,5.25442,1.20931,1317.3,1089.3,0.0,0.0,0.5332,0.440913,0.0,1,0.0034428453,1.2360036389,1.261883208757735
5.40311,4.9355,5.40311,1.1935,1329.97,1114.34,0.0,0.0,0.5516,0.462169,0.0,1,0.0033366433,1.2541388104,1.225279233767499
5.24171,4.88245,5.22892,1.21123,1320.66,1090.34,0.0,0.0,0.5276,0.435589,0.0,1,0.0035094196,1.2297377239,1.267597490128527
5.42751,4.95925,5.42646,1.17969,1336.79,1133.18,0.0,0.0,0.5422,0.459613,0.0,1,0.0033096965,1.2384779858,1.2175202911776895
5.30336,4.92542,5.30336,1.19355,1298.68,1088.08,0.0,0.0,0.5398,0.452264,0.0,1,0.0033921219,1.2130085394,1.2538183880186011
5.21289,4.69215,5.21289,1.27198,1075.64,845.64,0.0,0.0,0.4926,0.38727,0.0,0,0.0035822374,1.1965338316,1.2360179987954907
6.10412,5.49511,6.10412,1.18923,1245.03,1046.92,0.0,0.0,0.5248,0.441293,0.0,0,0.0033530807,1.239291524,1.2357338460992646
6.14785,5.47386,6.14779,1.1794,1250.19,1060.02,0.0,0.0,0.5326,0.451584,0.0,0,0.0031505357,1.2236748612,1.2000694387177986
11.6475,5.80016,11.64729,0.734641,2294.6,3123.44,0.0,0.0,0.7226,0.98361,0.0,1,0.0036168623,1.5773570376,1.5474545786981784
10.30257,9.44256,10.2197,1.08662,1146.97,1055.54,0.0,0.0,0.5838,0.537262,0.0,1,0.0013658602,0.6183322484,0.5923984452990119
5.64862,4.46205,5.64805,1.16543,1755.8,1506.57,0.0,0.0,0.5904,0.506596,0.0,1,0.003768977,1.3811721107,1.4796608812103071
6.46125,4.54999,6.46125,1.13178,2301.96,2033.92,0.0,0.0,0.6152,0.543567,0.0,1,0.0035704124,1.4326839646,1.487338130855201
13.68943,4.23916,13.68943,1.04302,1835.8,1760.08,13.4841,12.9279,0.692,0.663456,0.0,1,0.0021621651,0.9857372444,0.941411600606463
13.71044,4.29007,13.71044,1.01438,1788.77,1763.41,11.1798,11.0213,0.6608,0.651434,0.0,1,0.0016910856,0.7782169383,0.762524787569602
12.05622,6.74493,12.05603,0.618537,2287.3,3697.93,0.0,0.0,0.7716,1.24746,0.0,1,0.0027384413,1.2402687315,1.2790791749487265
4.81614,3.46612,4.554,1.34495,1416.38,1053.11,0.0,0.0,0.6156,0.457711,0.0,1,0.0015456199,0.6786938005,0.6792615630304021
15.21554,13.85225,15.21554,0.826153,1716.72,2077.96,0.0,0.0,0.7048,0.853111,0.0,0,0.0043319154,1.6437239364,1.7106096515349787
6.14636,4.66385,6.14509,0.864953,1863.69,2154.67,0.0,0.0,0.6302,0.728594,0.0,0,0.0025201114,1.1163935573,1.1046018983989991
8.19723,7.01697,8.18474,1.37403,1823.93,1327.44,0.0,0.0,0.6136,0.44657,0.0,1,0.002991816,1.2936505545,1.254119228923946
4.71712,3.63905,4.71712,1.54053,563.034,365.48,0.0,0.0,0.4068,0.264064,0.0,0,0.0015691227,0.5854590895,0.5810777994671708
4.96705,4.29241,4.96705,1.47907,598.033,404.332,0.0,0.0,0.4092,0.276661,0.0,0,0.0018651285,0.6384401722,0.6146701967043342
5.51433,5.20447,5.51433,1.39065,845.278,607.831,0.0,0.0,0.4446,0.319707,0.0,0,0.001639126,0.6148557133,0.611819265409614
4.95272,4.26488,4.95272,1.45304,582.257,400.715,0.0,0.0,0.4264,0.293453,0.0,0,0.0017724796,0.6253936894,0.6021069380234396
5.18677,4.51055,5.17631,1.52314,635.031,416.921,0.0,0.0,0.412,0.270493,0.0,0,0.0020764304,0.7119163189,0.6863044654776206
10.24604,5.19927,9.76441,0.774705,2445.7,3156.94,0.0,0.0,0.7196,0.92887,0.0,1,0.0031799958,1.3519761833,1.451522533346217
5.38373,3.98212,5.36788,1.15006,1774.93,1543.34,0.0,0.0,0.592,0.514756,0.0,1,0.0036332168,1.459154944,1.4623362653118521
5.76423,4.1915,5.74643,1.09839,2062.25,1877.52,0.0,0.0,0.6384,0.581215,0.0,0,0.0032274235,1.3821803687,1.3789203495288234
7.74379,4.25931,7.73545,0.9596,2206.02,2298.89,0.0,0.0,0.666,0.694039,0.0,0,0.0029066172,1.3078151212,1.2803162186037578
6.77313,5.2032,6.75742,1.14435,2195.85,1918.86,0.0,0.0,0.6464,0.564863,0.0,0,0.0042450702,1.838769917,1.7186345595490584
18.51843,7.97271,18.51843,0.531149,2149.05,4046.05,0.0,0.0,0.8144,1.53328,0.0,1,0.002462813,1.2121835676,1.1920226636267193
5.34764,4.14932,5.34428,1.34276,985.458,733.903,0.0,0.0,0.4968,0.369983,0.0,1,0.0033716917,1.1583797012,1.13290164877632
5.34824,4.13773,5.34698,1.34089,993.502,740.929,0.0,0.0,0.4942,0.368562,0.0,1,0.0035562682,1.1538512361,1.1803089063695915
8.33236,6.80185,8.33236,1.32055,1504.03,1138.94,0.0,0.0,0.578,0.437696,0.0,0,0.00194171,0.8939840184,0.8494519802467091
8.49976,6.89727,8.49976,1.31953,1515.96,1148.87,0.0,0.0,0.5704,0.432276,0.0,0,0.0020309592,0.8692090805,0.8795902309276559
7.29081,6.46944,7.28567,1.08372,1133.62,1046.04,0.0,0.0,0.4976,0.459157,0.0,1,0.0022394361,0.9155046712,0.9324467428314736
4.96992,3.99417,4.90348,1.09301,509.103,465.783,515.606,471.733,0.491,0.44922,0.0,1,0.005702661,1.7139879699,1.6793042873082142
5.08726,4.83873,5.06957,1.27292,905.072,711.021,0.0,0.0,0.4628,0.363574,0.0,0,0.0039033141,1.2582803282,1.2211086166429268
7.43512,5.15007,7.43277,0.84804,2258.38,2663.06,0.0,0.0,0.6712,0.791472,0.0,1,0.0019332966,0.938465528,0.9195702672883849
5.9367,4.07723,5.9367,0.815854,1158.61,1420.12,12.5333,15.3622,0.5888,0.721698,0.0,0,0.0017012457,0.7517961538,0.763721759903199
16.92414,16.84411,16.92414,0.675419,1334.6,1975.96,0.0,0.0,0.764,1.13115,0.0,1,0.0024221973,1.1239890018,1.0742308362019448
16.90358,16.82254,16.90358,0.671459,1350.93,2011.93,0.0,0.0,0.767,1.14229,0.0,1,0.0024549297,1.1117645432,1.0842540729463068
16.8944,16.81333,16.8944,0.672143,1349.09,2007.15,0.0,0.0,0.767,1.14113,0.0,1,0.0024134686,1.1019950142,1.0819633604266952
16.92569,16.84467,16.92569,0.669653,1353.12,2020.63,0.0,0.0,0.7686,1.14776,0.0,1,0.0024789334,1.1098202389,1.0880337991118305
8.1447,5.93208,8.1447,0.901348,2323.1,2577.36,0.0,0.0,0.6668,0.739781,0.0,1,0.0027829133,1.2041801452,1.265866598800846
8.55642,5.36069,8.35991,0.706783,1873.58,2650.85,92.9946,131.574,0.6674,0.944278,0.0,0,0.0020241966,1.0090201328,0.9294491064692023
9.53742,5.44759,9.32696,1.58248,1828.68,1155.58,0.0,0.0,0.6098,0.385344,0.0,0,0.0024633694,1.0427906648,0.9723514007556195
5.3952,3.72256,5.3952,1.47049,1163.8,791.435,0.0,0.0,0.504,0.342742,0.0,0,0.002870852,1.1671954162,1.045762628671501
5.59771,4.30891,5.54289,1.06696,1494.67,1400.87,0.0,0.0,0.5474,0.513047,0.0,1,0.0034872557,1.4286190108,1.3222039326484762
5.48812,3.7418,5.48733,1.43983,1166.77,810.351,0.0,0.0,0.499,0.346569,0.0,0,0.0030334711,1.1862072827,1.0637980890076044
9.00352,4.63709,9.00352,0.93614,1838.21,1963.61,22.2471,23.7647,0.63,0.672976,0.0,1,0.0039241313,1.5714512861,1.5282896280705207
6.97366,6.05295,6.96579,1.20561,1541.67,1278.75,0.0,0.0,0.5886,0.488218,0.0,1,0.0027689966,1.1639645647,1.1721491926833258
10.63499,10.4191,10.6339,1.83144,1181.22,644.965,1.00954,0.551229,0.5826,0.31811,0.0,1,0.005339868,1.8848926693,1.5463768834618334
5.81104,3.45148,5.7898,1.22228,1232.48,1008.35,0.0,0.0,0.5482,0.448508,0.0,1,0.0028266071,1.1373024443,1.073430246839463
5.59699,4.85089,5.59699,1.22385,769.975,629.142,0.0,0.0,0.4788,0.391224,0.0,0,0.0007597909,0.3492756043,0.32236755012410057
9.31006,7.53558,9.30278,0.580679,2625.75,4521.86,0.0,0.0,0.7606,1.30985,0.0,1,0.0025432581,1.2757020159,1.2410661322792786
6.20608,3.81259,6.16409,1.48643,1158.39,779.31,0.0,0.0,0.5192,0.349294,0.0,1,0.0017358502,0.6788250526,0.6977416228483386
6.25491,3.91181,5.95608,1.39707,1185.59,848.625,0.0,0.0,0.547,0.391533,0.0,1,0.0019834948,0.7547014539,0.7987375365178168
9.20624,4.84305,9.20624,1.16023,1655.06,1426.49,0.0,0.0,0.6112,0.526791,0.0,1,0.002296737,0.9435079093,0.9654469583006677
8.96945,4.59437,8.96945,1.16708,1604.04,1374.41,0.0,0.0,0.584,0.500396,0.0,1,0.0023088363,0.8938325426,0.9586843299670321
5.58364,3.90943,5.58364,1.24007,952.192,767.854,70.05,56.4887,0.5222,0.421105,0.0,1,0.005221605,1.6285741328,1.5687339198021244
6.25712,5.16476,6.25712,1.06941,1603.09,1499.04,0.0,0.0,0.5648,0.528144,0.0,1,0.0043218941,1.6277503498,1.6447342936368385
12.50004,9.04853,12.40632,0.6224,2078.93,3340.18,0.0,0.0,0.775,1.24518,0.0,1,0.002925361,1.3608618768,1.3232627361433578
4.93313,4.38082,4.93313,1.57553,2293.93,1455.98,0.0,0.0,0.6088,0.38641,0.0,0,0.0016245921,0.7074400097,0.7207445495347806
8.76979,6.5651,8.76979,1.23234,2527.32,2050.83,0.36923,0.299617,0.7208,0.584904,0.0,1,0.0008605882,0.4439252788,0.42264430141752896
5.33465,4.95075,5.33465,1.06578,1588.39,1490.35,0.0,0.0,0.586,0.549831,0.0,1,0.0037702522,1.4260751832,1.4882183021938977
6.51956,6.14293,6.51763,1.25239,1627.1,1299.19,0.0,0.0,0.6236,0.497928,0.0,0,0.003408974,1.3311524429,1.3915564342664926
12.58218,11.50288,12.56968,0.603307,2027.92,3361.34,0.0,0.0,0.7608,1.26105,0.0,1,0.0024597875,1.220146387,1.1270933299572086
7.68734,5.08903,7.68734,1.09108,1654.78,1516.65,0.0,0.0,0.567,0.51967,0.0,0,0.0029234654,1.2223212628,1.205441217673661
13.6466,4.52582,13.6466,0.969419,2198.16,2267.5,0.0,0.0,0.6876,0.709291,0.0,1,0.0032346892,1.3815335664,1.330359707477023
9.38956,5.60914,9.2442,0.843227,2246.05,2663.63,0.0,0.0,0.685,0.812356,0.0,1,0.0020341417,0.9719702339,0.951071059786361
9.9497,6.81571,9.9489,0.994874,2116.8,2127.71,0.0,0.0,0.683,0.686519,0.0,1,0.0018339802,0.8485785614,0.8315757672501595
12.26016,8.11803,12.26013,0.845073,1643.38,1944.66,0.0,0.0,0.644,0.762064,0.0,1,0.0027708731,1.1389440156,1.1958933652832244
13.36085,7.20564,12.38159,0.61631,2232.14,3621.79,0.0,0.0,0.8056,1.30713,0.0,0,0.0020637708,0.963602386,1.0295794911265066
5.25291,3.40149,5.01155,1.7873,394.206,220.559,29.004,16.2278,0.4246,0.237565,0.0,1,0.0010851135,0.3677900023,0.3898916027768067
4.94918,3.68888,4.93711,1.45476,795.928,547.119,0.0,0.0,0.4866,0.334488,0.0,0,0.003944815,1.0823710301,1.182010443437962
7.46107,4.86322,7.46107,1.31027,1231.65,939.995,0.0,0.0,0.5398,0.411977,0.0,0,0.0012386225,0.5479722698,0.5533670392289072
5.3901,4.95385,5.37594,2.70285,794.745,294.04,0.0,0.0,0.4526,0.167453,0.0,1,0.0017025549,0.5681571579,0.5465323987317168
6.51326,4.65771,6.51326,1.72938,2369.14,1369.94,0.0,0.0,0.6388,0.369382,0.0,1,0.0011923217,0.5610096717,0.5289664004831051
8.80758,7.78405,8.80758,0.713822,2198.53,3079.94,0.0,0.0,0.7072,0.990723,0.0,1,0.0024435416,1.1116783532,1.150009475002592
5.47717,4.50209,5.38717,1.18044,1256.75,1064.65,0.0,0.0,0.5258,0.445429,0.0,1,0.0033225842,1.1885000198,1.2135012113894064
11.10741,9.8382,11.10741,0.853326,1614.16,1891.61,0.0,0.0,0.6702,0.785397,0.0,1,0.0014601282,0.6888154666,0.7170456030438241
10.88215,9.55664,10.87435,0.67542,1854.05,2745.03,0.0,0.0,0.7122,1.05446,0.0,0,0.0021437901,1.032860338,1.0023142466829584
10.07574,8.87881,10.05297,0.69045,1869.43,2707.55,0.0,0.0,0.7086,1.02629,0.0,0,0.0020282091,0.9889063077,0.9555675073442317
5.99775,4.93271,5.97758,1.0207,1831.3,1794.17,0.0,0.0,0.5916,0.579605,0.0,1,0.003719308,1.5197751276,1.5312033498081004
5.99664,4.9389,5.9821,1.0207,1811.65,1774.92,0.0,0.0,0.5912,0.579213,0.0,1,0.0037492564,1.5155723666,1.5301211724305799
6.05079,4.58023,5.97678,0.91647,1939.38,2116.14,0.0,0.0,0.5864,0.639846,0.0,1,0.0041979209,1.7142517693,1.6758243625767113
9.88279,8.82764,9.86175,0.758162,1549.91,2044.3,0.0,0.0,0.642,0.846785,0.0,1,0.002695913,1.2924041304,1.1912367366318402
6.11585,5.67624,6.11585,1.55309,529.015,340.62,76.1683,49.0429,0.441,0.283949,0.0,1,0.0010596232,0.4470100445,0.4422366031049634
6.70296,5.88092,6.70296,1.13456,971.753,856.498,0.0,0.0,0.5046,0.444752,0.0,0,0.0039403667,1.2421568242,1.2785686133829783
6.3068,5.74769,6.3068,1.44498,561.702,388.727,79.3873,54.9401,0.4722,0.326787,0.0,1,0.0011489902,0.4719094448,0.4776483561656485
6.1695,5.71241,6.1695,1.51351,547.592,361.803,81.859,54.0857,0.4488,0.29653,0.0,1,0.0011514866,0.4683953439,0.47486654392868566
6.09339,5.6432,6.09339,1.54719,534.667,345.572,82.6577,53.4242,0.4374,0.282705,0.0,1,0.0011674424,0.4537046615,0.48167422390180237
6.68967,5.56749,6.68967,1.09709,1295.9,1181.22,0.0,0.0,0.5546,0.50552,0.0,0,0.0010954369,0.5106860994,0.5125501415851378
5.90493,5.239,5.89411,2.24827,1626.7,723.534,0.0,0.0,0.5828,0.259221,0.0,1,0.0013041683,0.5545404526,0.558739121327017
11.1144,9.75442,11.1107,0.986032,1267.43,1285.39,0.0,0.0,0.613,0.621683,0.0,1,0.0030966159,1.0418570759,1.1429520857511128
10.4943,7.36608,10.44985,0.729721,2144.38,2938.63,0.0,0.0,0.7612,1.04314,0.0,1,0.0024315437,1.1487924178,1.14688069386116
6.55615,6.26734,6.55615,1.05162,1586.57,1508.69,0.0,0.0,0.6118,0.581771,0.0,0,0.0020771308,0.9101650853,0.9413641588903241
6.49396,4.19114,6.49396,1.29248,1977.91,1530.32,0.0,0.0,0.6424,0.497028,0.0,0,0.0030125223,1.2523801245,1.2642946033681066
4.76638,3.82621,4.60043,2.19605,897.1,408.507,0.0,0.0,0.447,0.203547,9.11e-05,1,0.0013268594,0.5089725822,0.5323251644899151
6.56785,5.33808,6.55603,1.09158,2281.03,2089.65,0.0,0.0,0.6788,0.621849,0.0,0,0.0027775307,1.2519208672,1.212901652037204
12.4058,6.44619,12.40529,0.643237,2322.53,3610.7,0.0,0.0,0.758,1.17841,0.0,1,0.0033557738,1.4601666538,1.4685260931643953
10.49302,6.38821,9.82708,0.743714,2384.9,3206.74,0.0,0.0,0.733,0.985594,0.0,1,0.0028426038,1.2378992254,1.3283710619866054
6.97459,5.00942,6.97459,0.914112,2019.19,2208.91,0.0,0.0,0.6354,0.695101,0.0,0,0.0054402548,1.9474054687,2.0326460654802965
10.84435,6.73283,10.55041,0.748614,2330.25,3112.76,0.0,0.0,0.7394,0.987692,0.0,1,0.0030597366,1.4087566307,1.369417606978514
10.91306,6.61562,10.91306,0.767829,2301.91,2997.95,0.0,0.0,0.734,0.955943,0.0,1,0.0024585161,1.2139139761,1.1441312186566408
4.73204,4.05435,4.73204,1.35155,598.778,443.031,0.0,0.0,0.4396,0.325256,0.0,1,0.0020673024,0.712384423,0.7444283460882766
10.06674,5.89372,10.02896,0.775285,1690.92,2181.03,0.0,0.0,0.666,0.859039,0.0,1,0.0017733577,0.7849867087,0.8412164180507995
5.54234,3.55384,5.35331,2.01055,805.607,400.69,0.0,0.0,0.4136,0.205715,0.0,1,0.0007730711,0.3226334596,0.31996950277080993
4.41914,3.78485,4.34144,1.40491,222.323,158.247,290.552,206.812,0.4588,0.326569,0.0,1,0.0040291497,1.0988248989,1.0402065568611394
5.0132,3.85656,5.0132,1.33687,942.288,704.846,0.0,0.0,0.476,0.356055,0.0,0,0.0021297749,0.8345680994,0.8067015902573431
4.79928,3.48721,4.69113,1.33806,713.958,533.579,0.0,0.0,0.4706,0.351704,0.0,1,0.0032201981,1.0991416115,1.028264897318899
7.9749,7.17885,7.94814,1.43251,1497.34,1045.25,0.0,0.0,0.5716,0.399019,0.0,1,0.0012707406,0.5975550285,0.5753753178743086
9.87335,7.01536,9.87051,1.00037,1639.71,1639.11,0.0,0.0,0.6506,0.650361,0.0,1,0.0029576261,1.1968191717,1.2612791747577978
4.79892,3.66567,4.79892,1.29583,1695.99,1308.8,0.0,0.0,0.5686,0.438791,0.0,1,0.0033077836,1.3308254385,1.314000302438126
4.78648,3.65733,4.78648,1.31907,1696.72,1286.3,0.0,0.0,0.5664,0.429393,0.0,1,0.0032282769,1.3095062514,1.314156209418543
5.21247,3.83096,5.21247,1.25573,2044.79,1628.37,0.0,0.0,0.592,0.47144,0.0,1,0.0038449299,1.5255516092,1.5839066695373996
5.24035,3.78554,5.21637,1.49263,550.2,368.611,159.888,107.118,0.4678,0.313407,0.0,0,0.0014894077,0.5358013085,0.5914694642152322
5.20828,4.58005,5.18499,1.11938,1150.31,1027.63,0.0,0.0,0.506,0.452034,0.0,0,0.0022791828,0.928362553,0.9238599201137906
7.33692,7.13556,7.33692,0.746109,2128.73,2853.11,0.0,0.0,0.7,0.9382,0.0,1,0.0016985216,0.8344443159,0.8553465919791394
5.04646,4.16361,5.04099,1.19416,1034.92,866.655,0.0,0.0,0.4922,0.412174,0.0,0,0.0024975363,0.9617089396,0.9464667620407738
9.12886,8.44595,9.12886,1.00188,1110.93,1108.85,0.0,0.0,0.56,0.558951,0.0,1,0.0013473444,0.6330231354,0.5967707298375335
7.68803,7.36383,7.68803,0.950247,1850.19,1947.06,0.0,0.0,0.627,0.659828,0.0,1,0.002621487,1.1137356901,1.164024892388936
12.42053,9.37645,12.42053,0.730593,2207.0,3020.84,0.0,0.0,0.7162,0.980299,0.0,1,0.0034532756,1.3732274642,1.4810065227836346
7.7972,3.97712,7.7972,1.1623,1447.09,1245.01,77.4656,66.6483,0.573,0.492986,0.0,1,0.0051053921,1.6545627989,1.6140644614364836
10.7008,8.31199,10.7008,0.628411,1977.63,3147.04,0.0,0.0,0.7012,1.11583,0.0,1,0.0037777378,1.5494838877,1.6152749975919516
19.09514,6.59272,18.85083,0.559282,2154.91,3853.0,0.0,0.0,0.789,1.41074,0.0,1,0.0026296294,1.2674945771,1.233903344667319
6.32175,3.7026,6.31403,1.91517,995.288,519.687,0.0,0.0,0.5032,0.262744,0.0,1,0.0012788991,0.5388168748,0.5240331596473861
5.96918,4.1656,5.96918,1.0315,1325.72,1285.24,0.0,0.0,0.5408,0.524287,0.0,0,0.0020873296,0.8659315565,0.9235966144937281
4.49067,3.71104,4.4722,1.86928,279.265,149.397,0.0,0.0,0.3624,0.193872,0.0,1,0.0033956526,0.7568693894,0.7931266949951916
6.00569,3.96893,5.96297,1.13245,277.836,245.342,598.929,528.881,0.5278,0.466071,0.0,1,0.0025933968,0.9735389657,0.9214093564232773
6.24948,5.12409,6.24249,1.30647,1092.9,836.531,0.0,0.0,0.5376,0.411492,0.0,1,0.0012233471,0.5678942194,0.5215391174197459
5.40379,4.11586,5.39113,1.20876,1724.57,1426.72,0.0,0.0,0.5842,0.483303,0.0,1,0.0024032035,1.0256798342,1.0191570711565188
10.7777,6.68804,10.76442,1.37281,1712.63,1247.54,119.227,86.849,0.6828,0.497375,0.0,1,0.0018318029,0.6832202415,0.7261504645639865
13.44844,12.65122,13.43461,0.869875,2175.3,2500.7,0.0,0.0,0.7658,0.880357,0.0,1,0.0015551705,0.763439892,0.7223157408631491
14.169,13.34985,14.06749,0.845802,2182.1,2579.91,0.0,0.0,0.7752,0.916526,0.0,1,0.0015885672,0.7554532181,0.7582266599766583
8.36355,6.76783,8.36355,1.33052,1528.86,1149.07,0.0,0.0,0.5564,0.418184,0.0,0,0.0020666659,0.8704240224,0.9120746008278249
7.33223,5.00492,7.33223,0.937356,1880.0,2005.64,0.0,0.0,0.6136,0.654607,0.0,1,0.0037474957,1.5379634624,1.5394851160005023
7.42883,6.43303,7.42883,0.851362,1993.43,2341.47,0.0,0.0,0.6496,0.763013,0.0,0,0.0028884657,1.2977806553,1.286996798544947
7.09681,5.52234,7.09517,0.917986,1955.18,2129.86,0.0,0.0,0.6202,0.675609,0.0,0,0.003218621,1.396341302,1.3457944770189063
4.60111,3.76823,4.60111,1.18753,1551.89,1306.82,0.0,0.0,0.5832,0.491102,0.0,1,0.002939393,1.29585354,1.2325300751006076
5.36071,4.16389,5.36071,1.95193,861.496,441.357,0.0,0.0,0.5124,0.26251,0.0,1,0.0007497489,0.3041436548,0.30642584247318405
5.66812,5.1578,5.66812,1.35058,1261.14,933.776,0.0,0.0,0.5436,0.402493,0.0,1,0.0020558846,0.7926635348,0.8167250962806321
9.38658,7.66741,9.38512,0.993168,1809.71,1822.16,0.0,0.0,0.6586,0.663131,0.0,1,0.0025418406,1.1214347892,1.134324240497798
8.28155,3.70267,8.27208,0.907108,1694.67,1868.21,61.3387,67.62,0.6404,0.70598,0.0,1,0.0020491126,0.8862999173,0.9226523961320255
4.81469,3.76296,4.81469,1.36731,413.706,302.568,0.0,0.0,0.4354,0.318435,0.0,0,0.0012305272,0.4512177525,0.45767233557534936
5.57567,4.9751,5.5219,1.4259,1132.91,794.523,0.0,0.0,0.4782,0.335368,0.0,1,0.002305199,0.9235431652,0.8829689168668804
8.4023,7.67137,8.36811,1.09338,1571.87,1437.62,0.0,0.0,0.597,0.546011,0.0,1,0.0023755224,1.0338763078,1.0341285326860632
15.66484,9.57746,15.5128,0.72296,1280.06,1770.59,458.981,634.865,0.7258,1.00393,0.0,1,0.0027270782,1.2414856537,1.213646814324333
17.45826,13.87931,17.45826,0.40339,1714.83,4251.06,45.6222,113.097,0.8208,2.03476,0.0,1,0.0048365817,2.0333179028,1.738551939507198
6.29282,4.92678,6.2328,1.05196,1843.91,1752.83,0.0,0.0,0.6012,0.571503,0.0,1,0.0026523835,1.1470580031,1.1246665339110213
9.59326,6.44061,9.30682,0.587991,2547.85,4333.14,0.0,0.0,0.7478,1.27179,0.0,1,0.0030378031,1.4483608853,1.3896378335062098
5.74941,4.06197,5.74941,1.46194,999.211,683.482,0.0,0.0,0.4946,0.338317,0.0,1,0.002441879,0.9182285625,0.8760901788568114
5.55428,3.97006,5.53082,1.38654,927.307,668.791,0.0,0.0,0.4542,0.327578,0.0,1,0.0026401752,0.9551189084,0.9105890312114714
6.17658,3.63409,6.12044,1.11816,999.382,893.777,0.0,0.0,0.5212,0.466125,0.0,0,0.0050564558,1.4456412048,1.5702908180267656
6.32737,4.10631,6.32737,1.16822,1034.31,885.371,0.0,0.0,0.4844,0.414648,0.0,0,0.0027542706,0.9753428777,1.0215639579236468
12.52913,11.45257,12.52913,0.578749,2093.33,3616.99,0.0,0.0,0.7668,1.32493,0.0,1,0.0024400621,1.1959763041,1.1433758500224922
5.34756,3.50411,5.30221,1.22931,1132.44,921.195,0.0,0.0,0.5072,0.412588,0.0,1,0.0035499328,1.328709032,1.2466767940679668
6.34991,4.99732,6.34991,1.15815,2148.84,1855.41,0.0,0.0,0.6062,0.523422,0.0,1,0.0038877539,1.5186218452,1.562768128874687
9.16164,8.79623,9.14564,1.02635,1440.32,1403.34,0.0,0.0,0.5862,0.571148,0.0,1,0.0018546067,0.8042674902,0.8144043591776948
13.12266,12.88152,13.12266,1.5741,1371.05,871.007,0.0,0.0,0.6462,0.41052,0.0,1,0.0011515522,0.5332210907,0.4769405641590191
5.54429,4.75767,5.52159,1.04137,1912.89,1836.9,0.0,0.0,0.6486,0.622835,0.0,0,0.00366938,1.5881560841,1.526434168721343
6.09623,3.46864,4.58597,0.972297,496.247,510.387,355.216,365.337,0.5562,0.572048,0.0,0,0.0044230747,1.3212695748,1.447959893214748
5.15523,4.10902,5.14793,1.47553,1007.23,682.626,0.0,0.0,0.5412,0.366783,0.0,1,0.0033789682,1.1614687838,1.1546419454713845
8.82176,4.19423,8.82039,1.0822,2240.28,2070.12,0.0,0.0,0.7116,0.657551,0.0,1,0.0013199566,0.6060111584,0.6253154474414331
4.57962,3.51552,4.57962,1.96606,599.01,304.676,0.0,0.0,0.431,0.219221,0.0,1,0.0017850509,0.6315004141,0.6096941897869483
7.12232,4.94837,7.12232,0.851796,2450.87,2877.3,0.0,0.0,0.6816,0.800191,0.0,1,0.0036542255,1.581970086,1.6262990720558554
6.53453,3.93626,6.37422,1.34798,1587.17,1177.44,0.0,0.0,0.564,0.418403,0.0,0,0.0050242698,1.7661110434,1.7531005150470778
5.49353,3.97352,5.49353,2.17321,1195.36,550.044,0.0,0.0,0.4624,0.212773,0.0,1,0.0007649978,0.3270457834,0.3403345608594379
7.56745,6.68911,7.56745,1.07613,1712.53,1591.37,0.0,0.0,0.6018,0.559224,0.0,1,0.002231895,0.929088649,1.0091236182187553
17.00981,12.93858,16.43746,0.345463,1901.41,5503.94,0.0,0.0,0.8556,2.47668,0.0,1,0.0032898641,1.4818963449,1.5324996153108175
7.40097,5.49968,7.39892,0.842634,2070.76,2457.48,0.0,0.0,0.6368,0.755726,0.0,1,0.0038284411,1.64152726,1.6267850892551596
5.71546,4.10727,5.46236,1.11201,1652.38,1485.94,0.0,0.0,0.5826,0.523916,0.0,1,0.00372933,1.3881610766,1.4815500604277896
7.6924,7.0244,7.6924,0.745846,2238.41,3001.16,0.0,0.0,0.7254,0.972586,0.0,1,0.0019630422,0.8880388975,0.9455494180849475
8.15867,4.39162,7.93074,1.10978,1802.12,1623.85,0.0,0.0,0.6112,0.550741,0.0,1,0.0026077739,1.1271783133,1.1183950300311272
15.82314,6.52553,15.81665,0.498918,2302.42,4614.84,0.0,0.0,0.813,1.62953,0.0,1,0.0024819388,1.1670701481,1.2153590918698538
9.49894,7.59757,9.49894,1.33539,970.819,726.992,135.046,101.128,0.563,0.421599,0.0,0,0.0022511772,0.9491827931,0.8447386522604843
11.60468,9.32321,11.60031,0.548188,2435.64,4443.09,11.1166,20.2788,0.7802,1.42324,0.0,1,0.0037373169,1.7093892928,1.6411254026770088
6.01321,5.05928,6.00094,1.13873,1248.11,1096.06,0.0,0.0,0.5186,0.45542,0.0,1,0.0027085546,1.0874394007,1.0579612261455797
7.10231,5.27516,7.10043,0.883179,2108.77,2387.7,0.0,0.0,0.6378,0.722164,0.0,1,0.0025357241,1.1645546487,1.1670802364674675
8.21752,5.99671,8.17631,0.756185,2155.93,2851.06,0.0,0.0,0.6702,0.886291,0.0,0,0.0023293217,1.1491350518,1.0882656927915386
7.23193,5.49922,7.23193,0.857312,2138.95,2494.95,0.0,0.0,0.6398,0.746286,0.0,1,0.0025683917,1.15845622,1.1822216795545633
6.52732,5.75532,6.52732,1.40591,2132.81,1517.03,0.0,0.0,0.6336,0.450668,0.0,1,0.0011808368,0.4963137436,0.5608150943319794
5.2858,4.45812,5.28563,1.33637,1775.08,1328.28,0.0,0.0,0.5648,0.422636,0.0,1,0.0037881502,1.4484375565,1.4622057729519744
4.71483,3.76667,4.71105,1.33401,1622.86,1216.53,0.0,0.0,0.597,0.447522,0.0,0,0.0040864257,1.5828534295,1.6046531840280995
7.34019,4.77821,7.34019,1.20148,1239.75,1031.85,0.0,0.0,0.5382,0.447947,0.0,1,0.0014951431,0.6871470748,0.6840809974347623
4.68942,3.81829,4.68942,1.2394,1057.89,853.554,15.7348,12.6955,0.5034,0.406165,0.0,0,0.0038838482,1.3251008601,1.3431963854196338
7.13295,5.12512,7.13295,1.3542,1081.87,798.902,136.454,100.763,0.5622,0.415152,0.0,1,0.0022777882,0.7860913717,0.9055471440093183
10.30187,9.48231,10.30187,0.81249,1810.52,2228.36,0.0,0.0,0.7266,0.894287,0.0,1,0.0014617501,0.7205447674,0.7134650571701512
4.3412,3.92268,4.32302,2.14557,765.165,356.625,0.0,0.0,0.4758,0.221759,0.0,1,0.0021092685,0.8197121706,0.7736352999865934
4.54882,3.46995,4.4502,1.3343,589.598,441.88,43.1614,32.3477,0.4772,0.357642,0.0,1,0.00205881,0.7465642499,0.7844791450604549
12.53445,5.46518,12.53445,1.01277,1389.34,1371.82,0.0,0.0,0.569,0.561827,0.0,1,0.0016962696,0.7208425914,0.7208739173569871
12.25139,5.76203,12.25139,1.08035,1360.26,1259.1,0.0,0.0,0.5706,0.528164,0.0,1,0.0014262803,0.606466287,0.6285288559762767
4.97649,4.04567,4.52041,1.68332,1607.37,954.88,0.0,0.0,0.565,0.335646,0.0,1,0.0017039123,0.7121111266,0.7287685189396489
8.05298,7.05859,8.05298,0.781018,1992.35,2550.96,0.0,0.0,0.686,0.878341,0.0,1,0.0020518508,0.9709793491,0.9690773480526798
6.93106,3.47964,6.92655,1.61189,1003.29,622.432,0.0,0.0,0.4932,0.305976,0.0,1,0.0013774392,0.6157769407,0.5489423665651174
6.94552,5.78544,6.80825,1.42342,1408.53,989.544,0.0,0.0,0.5446,0.3826,0.0,0,0.0023913126,0.925283931,0.9560369431050569
6.98127,5.93133,6.98127,1.4203,1415.91,996.914,0.0,0.0,0.523,0.368233,0.0,0,0.0024028648,0.9382622247,0.9889730886685713
15.05129,7.94511,15.02301,0.572296,2220.51,3880.01,0.0,0.0,0.8096,1.41465,0.0,0,0.0018534642,0.8757949444,0.917195078960483
9.07531,8.9508,9.07531,1.35917,693.606,510.314,30.665,22.5615,0.5322,0.391561,0.0,1,0.0009454422,0.4119109961,0.4012846719059461
18.86769,11.8721,18.86769,0.449382,1927.35,4288.89,0.0,0.0,0.8286,1.84387,0.0,1,0.0025219834,1.213488532,1.21111658628462
32.00355,17.55175,32.00033,0.223433,1188.94,5321.22,0.0,0.0,0.9102,4.0737,0.0,1,0.0030763204,1.5746065944,1.4739000758347895
4.90975,3.65701,4.90975,1.37616,1012.21,735.536,0.0,0.0,0.5236,0.380479,0.0,1,0.0036371715,1.3273586814,1.2719154391962433
11.80846,11.56903,11.80846,0.664854,1743.47,2622.33,0.0,0.0,0.7086,1.0658,0.0,0,0.0025638745,1.1834803955,1.177552822026784
13.9402,7.42068,13.92619,0.633535,2119.03,3344.77,0.0,0.0,0.7538,1.18983,0.0,1,0.0032050754,1.4641009507,1.4059487114494549
7.4378,4.64365,7.4378,1.2326,2395.77,1943.66,0.0,0.0,0.659,0.53464,0.0,1,0.0022018123,1.0102868044,1.0118906622367165
7.49823,4.6446,7.49513,1.19407,2411.1,2019.23,0.0,0.0,0.6618,0.554241,0.0,1,0.0022196893,1.0177009801,1.022650438626936
7.44488,4.63983,7.44488,1.22204,2431.75,1989.92,0.0,0.0,0.6646,0.543847,0.0,1,0.0021875958,1.018396778,1.0067861425869367
7.3331,4.59835,7.3331,1.27304,2426.84,1906.33,0.0,0.0,0.656,0.5153,0.0,1,0.0029227877,1.2502608097,1.267526358598005
16.88905,3.72632,16.88905,0.773731,1979.77,2558.73,0.0,0.0,0.6948,0.897987,0.0,1,0.0030074005,1.3028197609,1.35195825834497
4.75768,3.68765,4.75768,1.76453,773.951,438.616,0.0,0.0,0.4424,0.250719,0.0,0,0.0023135435,0.8236214854,0.7851922493117653
4.7992,3.7527,4.7992,1.74298,825.866,473.823,0.0,0.0,0.449,0.257604,0.0,0,0.0023770152,0.8169585436,0.8102801715265697
4.7247,3.65018,4.71583,1.7748,745.205,419.881,0.0,0.0,0.4386,0.247126,0.0,0,0.0023008492,0.8227693778,0.7826774708964345
4.87963,3.68372,4.87963,1.74048,783.372,450.089,0.0,0.0,0.4496,0.258319,0.0,0,0.0022675265,0.796803105,0.7797449820416098
4.82471,3.66332,4.81898,1.76393,749.866,425.111,0.0,0.0,0.4434,0.25137,0.0,0,0.0024611152,0.8179709172,0.8108859709312182
5.30133,3.89271,5.30133,1.65496,952.5,575.542,0.0,0.0,0.4798,0.289916,0.0,0,0.0022580058,0.7864603913,0.7802701044587574
5.38184,3.95166,5.35574,1.6285,1006.66,618.147,0.0,0.0,0.4894,0.300521,0.0,0,0.0022119888,0.7826758911,0.8099681489067712
5.13346,3.60858,4.57199,1.35089,285.546,211.376,191.611,141.84,0.4084,0.302318,0.0,1,0.0030592633,0.8542734615,0.8745811338046183
7.23675,3.61132,7.23452,1.15081,1184.22,1029.04,0.0,0.0,0.5324,0.462633,0.0,1,0.0020209922,0.8568218977,0.8169303872799984
5.94413,4.27315,5.93398,1.24613,1177.42,944.864,0.0,0.0,0.498,0.399638,0.0,1,0.0029371567,1.0836932776,1.1056322950447017
4.72463,3.68194,4.72463,1.75151,766.584,437.671,0.0,0.0,0.4498,0.256808,0.0,0,0.002408751,0.7977900899,0.8257966942160173
4.56807,3.54686,4.56807,1.80221,654.259,363.032,0.0,0.0,0.4324,0.239928,0.0,0,0.0020485491,0.7564081277,0.7100105106837922
5.06856,3.78234,5.06856,1.67303,915.135,546.992,0.0,0.0,0.4718,0.282003,0.0,0,0.002248485,0.7949116483,0.7921231595268527
4.9018,3.64376,4.89963,1.7317,810.432,467.997,0.0,0.0,0.4504,0.260091,0.0,0,0.0022897416,0.8089849112,0.7947059885629724
4.60883,3.61545,4.57384,1.79637,691.539,384.965,0.0,0.0,0.4298,0.23926,0.0,0,0.002164385,0.7894245197,0.7578242753098402
4.67382,3.68928,4.66396,1.76633,754.073,426.914,0.0,0.0,0.4402,0.249217,0.0,0,0.0022881548,0.8015555486,0.7901777021734968
4.94738,3.78699,4.94738,1.70037,871.961,512.806,0.0,0.0,0.4662,0.274175,0.0,0,0.002324651,0.8058113261,0.7970517016291168
5.8871,5.25211,5.8871,0.735505,2646.72,3598.51,0.0,0.0,0.6844,0.930517,0.0,1,0.0033225338,1.5055301892,1.4871000502992588
9.48433,7.47639,9.46555,0.558554,2612.29,4676.87,0.0,0.0,0.765,1.36961,0.0,1,0.0031419971,1.4671999953,1.4469515887826239
4.79937,4.4136,4.79752,1.0571,1265.99,1197.61,0.0,0.0,0.5494,0.519725,0.0,0,0.0034030335,1.3652516186,1.306353612240886
10.63837,6.01154,10.63837,1.05177,1918.06,1823.65,0.0,0.0,0.667,0.634168,0.0,1,0.0014201751,0.6910326018,0.6617023339013813
8.4539,5.80719,8.43976,0.806367,1866.49,2314.69,0.0,0.0,0.644,0.798644,0.0,1,0.0025722325,1.1143103646,1.1612114669421427
5.86863,4.46882,5.70658,1.13108,1072.3,948.033,0.0,0.0,0.5246,0.463806,0.0,0,0.00253065,1.0011373248,0.9956261049658311
8.39896,7.78516,8.38426,1.2112,2073.27,1711.74,0.0,0.0,0.6754,0.557627,0.0,0,0.0019795682,0.873201571,0.8846874368568989
8.3208,7.63206,8.31922,1.20763,2065.46,1710.34,0.0,0.0,0.6766,0.560269,0.0,0,0.001857779,0.8339466078,0.836327493333657
8.38921,7.68868,8.37589,1.19762,2072.68,1730.66,0.0,0.0,0.6836,0.570798,0.0,0,0.0020026094,0.8455652975,0.9067278257010452
5.28259,5.11208,5.27848,1.1717,1472.77,1256.95,0.0,0.0,0.5292,0.451653,0.0,0,0.0047370642,1.5617861909,1.597632484511296
5.62673,5.01808,5.62673,1.04593,1347.49,1288.32,0.0,0.0,0.553,0.528716,0.0,1,0.0047470699,1.6290742526,1.6116266434531359
5.48382,4.82541,5.46744,1.30816,1237.43,945.928,0.0,0.0,0.5374,0.410806,0.0,1,0.0036322445,1.2958413752,1.2939404051115935
5.50015,4.83636,5.44966,1.30452,1262.04,967.436,0.0,0.0,0.5462,0.418699,0.0,1,0.0035715538,1.2961742543,1.2698863342889606
5.53774,4.87922,5.44835,1.29563,1278.59,986.85,0.0,0.0,0.5392,0.416168,0.0,1,0.0035568409,1.2932353548,1.2572726800456873
6.26764,5.77209,6.22951,1.07441,1685.14,1568.43,0.0,0.0,0.6158,0.57315,0.0,1,0.0023851432,1.0466888994,1.032565976542309
4.42954,4.04745,4.42954,1.74484,414.324,237.458,0.705302,0.404222,0.3944,0.226039,0.0,1,0.0008618222,0.3647717174,0.32492087685451887
4.87174,3.58316,4.87174,1.20089,870.838,725.159,0.0,0.0,0.5258,0.437841,0.0,0,0.0044376495,1.4594012396,1.4231051678122513
6.65675,5.09348,6.63927,0.822826,2730.97,3319.01,0.0,0.0,0.6932,0.842462,0.0,1,0.0034271741,1.5348851094,1.5490275542697183
5.26068,4.9317,5.26068,1.52336,805.604,528.834,0.0,0.0,0.5044,0.331111,0.0,1,0.0015541715,0.6054934696,0.5972516897830484
5.40858,4.54107,5.33613,1.66638,1542.3,925.536,0.0,0.0,0.5474,0.328496,0.0,1,0.0021998265,0.8295646642,0.8853574260256482
4.58304,3.41283,4.57147,1.83959,742.915,403.849,0.0,0.0,0.415,0.225594,0.0,1,0.0011737554,0.5104352281,0.45750755272033294
4.97938,3.79602,4.89937,1.44217,1518.59,1052.99,0.0,0.0,0.5942,0.412019,0.0,0,0.0038219596,1.4961251562,1.4466374403039364
8.36544,4.75817,8.32279,0.872139,1620.2,1857.73,0.0,0.0,0.5908,0.677415,0.0,1,0.0028360909,1.219473304,1.2503774250667448
4.49218,3.71025,4.45459,1.6407,696.202,424.332,0.828968,0.505252,0.5208,0.317425,0.0,1,0.0008329877,0.3520059096,0.35631549777229843
6.1592,4.69936,6.14418,1.00061,2117.03,2115.74,0.0,0.0,0.6142,0.613825,0.0,1,0.0033655904,1.4401860695,1.4295813190403848
5.57218,4.25994,5.56937,1.06467,1684.1,1581.8,0.0,0.0,0.536,0.503441,0.0,0,0.0036941719,1.3941107772,1.4742320166875247
5.39399,4.39499,5.39187,1.00245,1858.17,1853.63,0.0,0.0,0.55,0.548657,0.0,0,0.0044446028,1.6692748507,1.743686912696642
6.02005,5.48184,6.00511,0.946326,1720.55,1818.13,0.0,0.0,0.6136,0.648402,0.0,1,0.0041760718,1.7021611807,1.6705503877608952
9.36325,6.59726,9.2981,1.43951,1651.33,1147.14,0.0,0.0,0.634,0.440427,0.0,1,0.001103152,0.4905874386,0.5040432729795894
14.05418,6.66438,11.10621,0.762781,2298.42,3013.21,0.0,0.0,0.7708,1.01051,0.0,1,0.0022821992,1.042890179,1.097678833338343
11.57277,9.78079,11.57277,0.608967,2225.04,3653.8,0.0,0.0,0.7688,1.26247,0.0,1,0.0026864189,1.2407744427,1.2411419516586253
6.52615,3.99784,6.52615,1.00465,1502.03,1495.08,0.0,0.0,0.556,0.553427,0.0,1,0.0039262596,1.4673298604,1.5308456764929337
4.98599,4.20846,4.98599,1.48214,662.288,446.845,0.0,0.0,0.4874,0.328848,0.0,1,0.0014643174,0.559786113,0.5720078594607269
6.47898,5.73918,6.47898,1.16985,1365.51,1167.25,0.0,0.0,0.54,0.461596,0.0,0,0.0034203026,1.2838096983,1.2949463680392548
6.29424,5.40754,6.23822,1.19809,1344.33,1122.06,0.0,0.0,0.5334,0.445207,0.0,0,0.0034314229,1.2575831422,1.2819401776767319
6.59897,5.83765,6.59897,1.15867,1384.65,1195.03,0.0,0.0,0.5454,0.470712,0.0,0,0.0032709721,1.2576736936,1.255579391545637
6.32198,5.70328,6.32198,1.18747,1340.68,1129.02,0.0,0.0,0.5322,0.448181,0.0,0,0.003321808,1.2747068958,1.253611707218816
6.40452,5.65537,6.40452,1.17792,1346.46,1143.08,0.0,0.0,0.5262,0.44672,0.0,0,0.0033075104,1.2589747748,1.2440926164883814
7.53238,5.74054,7.52156,1.07363,1972.83,1837.54,0.0,0.0,0.6478,0.603375,0.0,1,0.0027878284,1.1759431367,1.2056099287946478
9.94144,7.33631,9.94144,0.845072,2116.0,2503.93,0.0,0.0,0.7364,0.871405,0.0,1,0.0020209709,0.9268526599,0.9218195791729281
7.91316,6.30977,7.91316,1.24187,1907.41,1535.92,0.0,0.0,0.6464,0.520505,0.0,0,0.001298376,0.6111058642,0.6135097009795561
6.11993,4.14765,6.11993,1.236,1832.14,1482.32,0.0,0.0,0.5934,0.480098,0.0,1,0.0037676204,1.4211780059,1.4916248817983302
6.53062,4.6635,6.53062,1.21249,1899.32,1566.47,0.0,0.0,0.5942,0.490068,0.0,1,0.0031510195,1.2879095035,1.2894723942376562
6.55171,4.68685,6.54808,1.21067,1893.64,1564.13,0.0,0.0,0.5964,0.492619,0.0,1,0.0031185835,1.2855749767,1.2854668294665257
4.82032,4.25115,4.82032,1.27602,836.789,655.783,0.0,0.0,0.4866,0.381343,0.0,0,0.0018393592,0.7330999365,0.7081382905341425
4.99291,4.35876,4.99291,1.27773,873.941,683.982,0.0,0.0,0.4864,0.380677,0.0,0,0.0020742395,0.7671865336,0.7937293439872399
10.89201,6.87272,10.20477,0.722737,2294.74,3175.06,0.0,0.0,0.7432,1.02831,0.0,1,0.0024397957,1.2530249726,1.1466656067122174
13.08518,12.35732,13.03987,0.787627,1749.9,2221.74,0.0,0.0,0.7456,0.946641,0.0,0,0.0021303749,0.9466722929,0.9622698136523222
4.60795,3.59775,4.60795,2.15646,840.114,389.58,0.0,0.0,0.4404,0.204223,0.0,1,0.0014428072,0.5772860129,0.5796479107810197
5.84014,3.85397,5.84014,1.503,1203.66,800.838,0.0,0.0,0.5116,0.340385,0.0,1,0.0011325709,0.4966231585,0.49700046490480754
5.68496,3.45366,5.08673,2.30898,1203.77,521.344,0.0,0.0,0.4886,0.211609,0.0,1,0.0008214086,0.3484596851,0.36814700231227215
8.26029,6.82395,8.26029,1.01384,1779.3,1755.01,0.0,0.0,0.6224,0.613905,0.0,1,0.0017473709,0.8357338432,0.7994105808408871
5.00648,4.01028,4.65887,2.41546,964.282,399.213,0.0,0.0,0.4784,0.198058,0.0,1,0.0008983845,0.3640610035,0.35757687461519216
8.44223,7.37969,8.44223,0.972998,1553.57,1596.68,0.0,0.0,0.603,0.619734,0.0,0,0.0034554642,1.3618397779,1.4474298642036176
8.04827,7.09842,8.046,0.982079,1580.94,1609.79,0.0,0.0,0.5956,0.606469,0.0,0,0.0039026784,1.4696323121,1.6595135161820092
9.08651,7.73882,9.08617,0.939446,1595.74,1698.6,0.0,0.0,0.6188,0.658686,0.0,1,0.0032991714,1.3183563272,1.3522895107297306
5.83756,4.97252,5.83756,0.932431,2005.16,2150.46,0.0,0.0,0.6298,0.675439,0.0,1,0.0023940575,1.0968136121,1.0695084545104976
6.94508,5.04977,5.92375,0.848313,1610.41,1898.37,0.0,0.0,0.6028,0.710587,0.0,1,0.0036562291,1.4170849739,1.4976021738645107
8.27924,5.80407,6.33414,0.828843,1754.26,2116.52,0.0,0.0,0.601,0.725107,0.0,1,0.0028514544,1.2072550715,1.2476054861848278
8.65239,7.8304,8.65239,0.77452,2430.14,3137.61,0.0,0.0,0.7298,0.942262,0.0,1,0.0025975868,1.1996144526,1.200731554308508
5.14759,4.35938,5.14759,1.09987,1567.25,1424.95,0.0,0.0,0.565,0.513698,0.0,0,0.0029233051,1.2508244037,1.1924573650148775
4.69226,3.94966,4.47162,1.56841,881.672,562.145,0.0,0.0,0.426,0.271613,0.0,0,0.0017715801,0.6860191916,0.6524431292728752
5.50745,4.89061,5.44518,1.25128,1937.07,1548.08,0.0,0.0,0.5884,0.47024,0.0,1,0.0032572293,1.3677513581,1.312926419534777
5.71674,4.14737,5.66007,1.32226,1442.09,1090.62,0.0,0.0,0.5748,0.43471,0.0,1,0.0018361837,0.7951388472,0.7690883504718353
36.1506,14.04664,36.1506,0.427517,1422.73,3327.89,0.0,0.0,0.8368,1.95735,0.0,1,0.002632005,1.1701697341,1.2268497393507662
5.43724,3.65933,5.43724,1.22157,1397.41,1143.94,27.2256,22.2874,0.5506,0.450731,0.0,1,0.0019057804,0.8278383211,0.8145521254977153
5.43063,3.42226,5.42822,1.47361,1201.66,815.454,0.0,0.0,0.519,0.352197,0.0,1,0.0028825031,1.0740810729,1.057364674765596
5.39686,4.96775,5.37929,1.58503,1157.95,730.556,0.0,0.0,0.5014,0.316334,0.0,1,0.0021330114,0.8201495056,0.799586023706564
4.91031,3.4317,4.90721,1.52702,1101.56,721.382,0.0,0.0,0.5004,0.327698,0.0,1,0.0035716908,1.1938135548,1.2248319101973906
5.00781,3.40979,5.00781,1.50787,1123.4,745.023,0.0,0.0,0.5152,0.341674,0.0,1,0.00299158,1.0830420696,1.0891063352276478
5.16189,3.4562,5.16189,1.4963,1173.27,784.115,0.0,0.0,0.5098,0.340707,0.0,1,0.0031634042,1.1542963157,1.1110623374207846
11.63192,4.40592,11.61962,0.799101,2103.64,2632.5,6.44431,8.06445,0.6938,0.868225,0.0,1,0.0041850371,1.816916353,1.6223822552714577
8.52073,7.26741,8.52073,1.44329,1085.87,752.358,0.0,0.0,0.5848,0.405186,0.0,1,0.0005913652,0.2698095849,0.2628653528555194
8.59093,6.84892,8.59093,1.01269,1735.08,1713.33,0.0,0.0,0.6294,0.621511,0.0,1,0.0035765613,1.5593375805,1.4577105390749279
7.22618,4.59373,7.22618,0.965963,1948.86,2017.54,0.0,0.0,0.634,0.65634,0.0,1,0.0033205199,1.462923527,1.3926964038270864
4.61212,3.63133,4.60194,1.07759,1653.01,1533.99,0.0,0.0,0.5582,0.51801,0.0,0,0.0057269252,2.2224278701,2.125380735965707
10.66695,9.07717,10.66695,0.975199,2204.12,2260.18,0.0,0.0,0.7702,0.789787,0.0,1,0.0012992953,0.6554752293,0.6054932269938123
6.99117,6.70761,6.99117,1.56791,1544.85,985.293,0.0,0.0,0.5694,0.363159,0.0,1,0.0027094611,1.0752421925,1.0910387051458394
7.18693,4.9999,7.18693,1.91678,854.706,445.907,0.0,0.0,0.4402,0.229656,0.0,0,0.0013129057,0.4945364339,0.5071250463150743
7.30457,5.07688,7.30457,1.8342,871.652,475.221,0.0,0.0,0.451,0.245883,0.0,0,0.0013157675,0.5120848768,0.5109923516673717
11.39371,7.77962,11.39371,0.789274,2336.11,2959.83,0.0,0.0,0.7236,0.916792,0.0,1,0.0026944125,1.2710647371,1.2400743571372868
6.29959,4.57313,6.27845,1.15382,1340.43,1161.73,0.0,0.0,0.519,0.449811,0.0,1,0.0026735255,1.1163092248,1.0681206842765958
4.37268,3.46007,4.37113,1.87575,696.078,371.093,0.0,0.0,0.4774,0.254512,0.0,1,0.0021157939,0.8432752967,0.7921106135157652
6.56154,4.20373,6.56131,1.08955,1752.35,1608.33,0.0,0.0,0.6302,0.578404,0.0,0,0.0038650423,1.6420645568,1.5832637768251496
4.92581,3.9125,4.92581,1.40546,832.759,592.516,0.0,0.0,0.5084,0.361731,0.0,0,0.0021924977,0.724170348,0.8180608922308672
5.64492,5.21899,5.64485,1.05864,1853.73,1751.06,0.0,0.0,0.6242,0.589626,0.0,0,0.0027605023,1.1582635935,1.1447514324931054
5.17696,3.68155,5.09885,1.45357,798.238,549.157,0.0,0.0,0.4912,0.337926,0.0,0,0.002358639,0.7982963666,0.8186887532887236
6.21326,5.95602,6.21326,1.24359,1052.97,846.718,0.0,0.0,0.4942,0.397397,0.0,1,0.003109579,1.0780204973,1.1361926361130805
6.21029,5.96321,6.17894,1.2702,1037.22,816.577,0.0,0.0,0.4898,0.385607,0.0,1,0.0035678554,1.1192605064,1.2396392190295222
6.49659,4.27127,6.49659,1.11792,1777.29,1589.82,0.0,0.0,0.603,0.539397,0.0,0,0.0041442984,1.6471946288,1.6363562205326692
10.46212,5.43474,8.12198,0.950984,1724.97,1813.88,0.0,0.0,0.622,0.654059,0.0,1,0.0031236993,1.3759404857,1.3127707928719672
7.34237,6.24854,7.34237,0.908904,1684.85,1853.71,0.0,0.0,0.611,0.672238,0.0,0,0.0030860917,1.278537926,1.3294042289182084
5.83455,3.53797,5.83455,1.63754,706.847,431.65,0.0,0.0,0.4298,0.262466,0.0,1,0.0026998413,0.8784430498,0.7949410562263239
5.91842,4.8868,5.91143,1.15127,1254.68,1089.81,0.0,0.0,0.543,0.471652,0.0,0,0.0045228738,1.4824015646,1.54028877991683
4.60907,4.30122,4.60907,1.97594,752.524,380.843,0.0,0.0,0.396,0.200411,0.0,1,0.0026835876,0.8270737704,0.8305544337807851
4.82674,3.80884,4.82333,2.14546,1510.62,704.1,0.00634264,0.00295631,0.5202,0.242465,0.0,1,0.0009706518,0.4178307257,0.47975285105906496
8.60682,7.88912,8.60682,0.689805,2294.5,3326.3,0.0,0.0,0.734,1.06407,0.0,1,0.0025749637,1.1358602149,1.205925675855662
19.79872,19.3368,19.78262,0.704653,1186.45,1683.74,21.5807,30.626,0.6956,0.987152,0.0,1,0.0018127858,0.8396726101,0.7867131032761849
8.31671,3.81807,7.2234,0.868373,1910.02,2199.54,0.0,0.0,0.6578,0.757508,0.0,1,0.0048235859,1.9554423114,1.9567980851965707
14.07417,9.53484,14.07417,0.650845,2097.18,3222.24,0.0,0.0,0.77,1.18308,0.0,1,0.0025787883,1.1867353722,1.197728913223923
4.43848,3.73339,4.16809,1.19153,558.623,468.829,0.0,0.0,0.4514,0.378841,0.0,0,0.0047584692,1.4203564833,1.3865660717880508
4.42328,3.40802,4.39617,0.903668,1931.69,2137.61,0.0,0.0,0.6342,0.701806,0.0,1,0.0030600601,1.4591654054,1.3916420356225212
6.35409,4.27067,6.35409,1.16036,1077.85,928.894,0.0,0.0,0.549,0.473129,0.0,1,0.0012258472,0.5038700163,0.5291206046579197
5.32479,3.99481,5.32479,1.53026,921.294,602.05,0.0,0.0,0.486,0.317592,0.0,0,0.0027628512,1.0218093382,0.9496089625444465
5.10253,4.2044,5.09658,1.08974,982.283,901.395,83.5631,76.6819,0.5216,0.478648,0.0,0,0.0047087004,1.623768762,1.6525277500717424
5.18521,4.2274,5.17492,1.07871,1159.33,1074.74,0.0,0.0,0.5252,0.486877,0.0,0,0.0042364311,1.633163424,1.5004379975140043
8.8545,8.04507,8.8545,0.943263,2011.47,2132.46,0.0,0.0,0.6862,0.727475,0.0,1,0.0023193615,1.0347901351,1.0310947184043602
10.73228,5.84434,10.36712,0.736536,2434.56,3305.42,0.0,0.0,0.7384,1.00253,0.0,1,0.0030831904,1.3767052411,1.3985830040858436
10.98199,6.35591,10.98199,0.660572,2299.33,3480.81,0.0,0.0,0.7416,1.12266,0.0,1,0.0029880051,1.3567802817,1.3568406312284242
5.85131,3.81671,5.85131,1.37856,1640.47,1189.99,0.0,0.0,0.6336,0.459611,0.0,0,0.0038832197,1.5311124909,1.5282323756326528
8.02314,6.05017,8.02314,1.20795,1391.88,1152.26,0.0,0.0,0.562,0.46525,0.0,1,0.0014171152,0.6416660416,0.6647610311875212
6.88265,5.7276,6.86806,1.02354,1835.21,1793.0,0.0,0.0,0.6172,0.603003,0.0,1,0.0025586173,1.1227878477,1.12983144937221
16.1602,9.89287,16.13331,0.719139,1270.58,1766.81,424.686,590.547,0.722,1.00398,0.0,1,0.0034636242,1.4582150918,1.3502585922080685
13.04043,10.53518,13.0319,0.526318,2030.14,3857.25,0.0,0.0,0.8106,1.54013,0.0,1,0.0026113025,1.2080074274,1.202661515600309
7.38904,5.39567,7.38902,1.09901,1620.41,1474.43,0.0,0.0,0.5644,0.513555,0.0,1,0.0026905511,1.1325949366,1.1345884947896792
5.49135,3.67927,5.48307,2.05035,939.573,458.25,0.0,0.0,0.5336,0.260248,0.0,1,0.0044008404,1.2423450965,1.232360029870241
21.73136,7.72557,21.69935,0.65885,2065.52,3135.04,0.0,0.0,0.8104,1.23002,0.0,1,0.0021445315,0.9775582343,1.0350956483006164
21.96656,7.7864,21.95556,0.652675,2053.5,3146.28,0.0,0.0,0.8126,1.24503,0.0,1,0.0021502617,0.9842038465,1.0456627921128274
18.71438,16.17316,18.71102,0.318003,1216.14,3824.31,0.0,0.0,0.8696,2.73457,0.0,1,0.0017820019,0.9503382097,0.8849189916361561
5.78941,4.64204,5.78941,1.32315,1185.02,895.611,0.0,0.0,0.5286,0.399503,0.0,0,0.0038416487,1.3561538006,1.3362693086625161
4.34496,3.46478,4.34496,1.66467,999.374,600.345,0.0,0.0,0.5336,0.320544,0.0,1,0.0022054523,0.9227208324,0.9042309292153096
7.63636,6.82671,7.63251,1.41267,1546.48,1094.72,0.0,0.0,0.5554,0.393156,0.0,1,0.0013323765,0.6337049509,0.6118710249952044
17.9991,10.13495,17.99088,0.790446,1197.42,1514.86,384.276,486.151,0.722,0.913408,0.0,1,0.0036563934,1.4637106632,1.3251846875523763
4.1797,3.40347,4.03039,1.43766,625.591,435.146,0.0,0.0,0.4234,0.294507,0.0,0,0.0020546172,0.7324616233,0.7932298832505837
4.3926,3.70955,4.3926,1.4951,548.278,366.717,0.0,0.0,0.4282,0.286403,0.0,0,0.0039920304,1.197239643,1.20396066751127
5.9608,4.59988,5.87453,1.18841,1751.48,1473.8,0.0,0.0,0.5816,0.489391,0.0,1,0.0029588338,1.1663466533,1.2317054451834062
7.29162,6.03013,7.28839,1.13101,1136.3,1004.68,0.0,0.0,0.5256,0.464718,0.0,0,0.0017104202,0.778471834,0.7112216786341488
4.54754,3.94914,4.54754,2.40444,540.357,224.733,0.0,0.0,0.4012,0.166858,0.0,1,0.0040574302,0.7632522348,0.8458851466584048
5.11656,4.82152,5.08524,1.96915,768.393,390.215,0.0,0.0,0.4116,0.209024,0.0,1,0.0016440868,0.6132785689,0.5630677346153956
5.47906,4.59982,5.42309,1.16864,1289.46,1103.39,0.0,0.0,0.5586,0.477993,0.0,1,0.0047777839,1.5765254878,1.5705163376914686
9.22928,8.86311,9.22928,0.986231,2193.64,2224.27,0.0,0.0,0.7092,0.719101,0.0,1,0.0025719136,1.1043885982,1.1355784142770011
5.45055,4.49489,5.37157,1.84745,1087.67,588.74,0.0,0.0,0.4966,0.268803,0.0,1,0.0036494707,1.0902425235,1.1317380022224868
5.6202,4.58328,5.56734,1.81543,1128.03,621.358,0.0,0.0,0.505,0.278171,0.0,1,0.0035381934,1.1048397373,1.1097643106256898
8.09828,4.42359,8.09828,0.85933,2801.31,3259.88,0.0,0.0,0.697,0.811097,0.0,1,0.0022185372,1.0458097616,1.0637884131296849
10.98593,10.0178,10.98593,1.04962,2124.9,2024.45,7.18544,6.84576,0.6738,0.641947,0.000381091,1,0.0020378863,0.9364150119,0.9017420230492018
5.15601,3.95885,4.51563,3.15796,940.396,297.786,0.0,0.0,0.4776,0.151237,0.0,1,0.0006977641,0.2825003779,0.2818121919404061
5.10257,3.94634,4.56846,3.16115,912.504,288.662,0.0,0.0,0.4752,0.150325,0.0,1,0.000719381,0.2839825227,0.28663365968473686
11.1071,8.37381,11.01802,1.02581,1703.75,1660.88,0.0,0.0,0.6588,0.642222,0.0,1,0.0014915694,0.6751761769,0.7184109001110432
11.63735,10.86073,11.63667,1.22977,1588.45,1291.67,0.0,0.0,0.669,0.544005,0.0,1,0.0018680062,0.8809234933,0.8486274726572431
11.75163,10.98212,11.75156,1.19791,1581.46,1320.18,0.0,0.0,0.6576,0.548955,0.0,1,0.0019984917,0.9008382068,0.9184916865191693
5.0644,3.74541,5.02547,1.65088,1835.83,1112.03,0.0,0.0,0.5786,0.350479,0.0,1,0.0010917726,0.4996252609,0.5133076527119783
11.72853,7.7572,11.72853,0.760878,1856.28,2439.65,0.0,0.0,0.6772,0.890024,0.0,1,0.0024860081,1.1341637275,1.1185668550985752
4.98278,3.59875,4.86135,1.67769,666.045,397.001,0.0,0.0,0.4328,0.257974,0.0,1,0.0028655227,0.8291299487,0.8752270583488135
5.46185,5.06196,5.40742,0.991485,1397.48,1409.49,0.0,0.0,0.5638,0.568642,0.0,1,0.002866973,1.1369823355,1.1758723340617698
5.76863,5.59566,5.76863,0.884314,1778.32,2010.97,0.0,0.0,0.631,0.713547,0.0,1,0.0029548688,1.2834274033,1.2706685183911877
8.13936,7.62995,8.13936,1.21532,2049.41,1686.32,0.0,0.0,0.6656,0.547676,0.0,0,0.0018274963,0.8417733743,0.841304091673966
7.70472,6.98844,7.7017,1.09814,1952.99,1778.44,0.770215,0.701379,0.6478,0.589904,0.0,1,0.0020459946,0.9464110714,0.9188701464231377
6.5088,4.06646,6.48701,1.06518,1477.94,1387.5,25.9444,24.3569,0.587,0.551081,0.0,1,0.005660156,1.9661165883,1.847286350995684
5.66016,4.49241,5.58709,1.27175,1400.18,1100.98,0.0,0.0,0.5626,0.442381,0.0,1,0.0021538037,0.8650897563,0.8813009683762663
7.63161,5.91717,6.56997,0.849248,2347.96,2764.75,0.0,0.0,0.6812,0.802122,0.0,0,0.0047845405,1.9917965516,2.034592906888375
5.7034,4.97261,5.54406,1.0469,1728.96,1651.5,0.0,0.0,0.5858,0.559554,0.0,0,0.0014692341,0.6703220655,0.6737129891515077
5.619,4.89691,5.42117,1.09458,1697.03,1550.39,0.0,0.0,0.5796,0.529517,0.0,0,0.0014040929,0.6468682894,0.6249390182752952
10.77761,8.01894,10.77717,0.584808,2035.46,3480.57,0.0,0.0,0.7422,1.26913,0.0,1,0.0028288575,1.4367120371,1.2799002830195225
7.28809,7.1769,7.28809,1.35972,1613.99,1187.0,0.0,0.0,0.5986,0.440239,0.0,0,0.0050823731,2.0373287758,1.973081202681282
7.22049,7.09442,7.20844,1.32207,1634.16,1236.06,0.0,0.0,0.6156,0.465632,0.0,0,0.004213531,1.8318087677,1.7163985496915206
5.73499,5.10341,5.72616,1.20537,1243.12,1031.31,0.0,0.0,0.5414,0.449155,0.0,0,0.0063334757,1.8322322746,1.9480743481753349
5.44422,3.64653,5.43023,1.30852,1112.97,850.554,0.0,0.0,0.552,0.421851,0.0,1,0.0059471243,1.8177154553,1.8533477784587944
4.56896,3.82437,4.54982,1.42368,625.25,439.178,0.0,0.0,0.419,0.294307,0.0,0,0.0044708512,1.2086850517,1.231438361440109
6.25402,4.56727,6.25402,0.748874,3565.69,4761.4,0.0,0.0,0.7372,0.984411,0.0,0,0.0030407571,1.4683031444,1.396923887145328
5.10968,4.35413,5.09224,1.37878,906.647,657.571,0.0,0.0,0.4582,0.332323,0.0,0,0.0042309954,1.262043301,1.2572956794642542
11.1719,10.22736,11.1719,0.861706,1688.22,1959.16,0.0,0.0,0.6512,0.75571,0.0,1,0.0021568341,0.9312295896,0.9814444777341818
11.15528,10.21239,11.15528,0.865137,1694.91,1959.13,0.0,0.0,0.6454,0.746009,0.0,1,0.0021440843,0.9343787799,0.9752014080021028
6.31656,4.24661,6.2524,1.60097,1225.59,765.53,134.792,84.1937,0.5422,0.33867,0.0,1,0.0022356676,0.9029351404,0.8774991116770456
5.7329,3.62145,5.72476,1.46061,416.232,284.972,0.0,0.0,0.379,0.259481,0.0,1,0.000963274,0.3604033931,0.35145125122181353
5.87924,5.2518,5.87924,1.52853,828.26,541.866,0.0,0.0,0.4388,0.287073,0.0,1,0.0041149407,1.0850067326,1.1524317364078176
5.3844,4.07127,5.3844,1.26325,906.56,717.64,0.0,0.0,0.4818,0.381397,0.0,1,0.002481547,0.9254816066,0.8928375206011776
6.51812,4.71987,6.51261,2.41124,1158.77,480.568,0.0,0.0,0.5524,0.229094,0.0,1,0.0011082987,0.4313935462,0.4402706674780441
9.58182,5.9765,9.29598,0.840674,2344.57,2788.91,0.0,0.0,0.7226,0.859548,0.0,1,0.0025785398,1.1990262909,1.2039386445776532
7.35052,7.17386,7.35052,1.33314,1629.69,1222.45,0.0,0.0,0.6108,0.458167,0.0,0,0.0045366979,1.9266185134,1.8637428806308423
7.33344,7.17038,7.33344,1.33826,1633.23,1220.41,0.0,0.0,0.6104,0.456115,0.0,0,0.0046815049,1.9632917734,1.8728190545530832
7.42387,7.28396,7.42387,1.32488,1634.57,1233.75,0.0,0.0,0.6134,0.462986,0.0,0,0.0048280779,1.9675883036,1.9328876411948839
7.37728,7.20219,7.37728,1.32559,1638.53,1236.07,0.0,0.0,0.613,0.462436,0.0,0,0.0045861442,1.921135272,1.8538013840504146
7.38305,7.21509,7.38305,1.32603,1628.6,1228.17,0.0,0.0,0.6114,0.461074,0.0,0,0.0043830612,1.9236270123,1.7910412975943109
7.46558,7.33479,7.46558,1.3287,1650.48,1242.18,0.0,0.0,0.6126,0.461053,0.0,0,0.0045190385,1.9222442819,1.8636217932918397
7.41619,7.28781,7.41619,1.32565,1655.33,1248.7,0.0,0.0,0.6148,0.463773,0.0,0,0.0046161652,1.9636785141,1.8869762107356731
8.92733,6.71409,8.92733,0.968913,1708.71,1763.53,0.0,0.0,0.6184,0.638241,0.000412834,1,0.0021775703,0.9231655739,0.9469716975027931
14.23644,11.75665,14.23644,0.378656,1891.92,4996.41,0.0,0.0,0.8398,2.21785,0.0,1,0.0026378772,1.297847829,1.2696738342373886
5.606,4.2786,5.606,1.14741,1253.9,1092.81,0.0,0.0,0.529,0.461039,0.0,1,0.0024849655,0.9813554922,0.9916786667542902
5.57616,4.37097,5.56477,1.14473,1062.1,927.816,0.0,0.0,0.5102,0.445693,0.0,1,0.0029998078,1.1013957278,1.1191988232809682
7.26534,5.19998,7.26225,0.828762,2095.62,2528.62,0.0,0.0,0.6488,0.782855,0.0,0,0.0027700995,1.2891365467,1.2456699260926045
7.18754,5.18545,7.18754,0.839237,2049.14,2441.67,0.0,0.0,0.6438,0.767126,0.0,0,0.0030218228,1.329545067,1.3338357608801332
7.03961,4.95922,7.03961,0.942672,1903.34,2019.09,0.0,0.0,0.627,0.66513,0.0,0,0.0019519735,0.9384221552,0.8671548157153428
5.88824,4.43891,5.88824,1.02509,1694.61,1653.14,0.780383,0.761286,0.599,0.584341,0.0,1,0.0043327327,1.5622930361,1.6857575712836592
9.15018,6.54946,9.15011,0.800859,2321.96,2899.33,0.0,0.0,0.7128,0.890045,0.0,0,0.0030797451,1.4135530686,1.3955838162312704
5.9996,4.29075,5.9996,1.32095,787.004,595.785,77.213,58.4525,0.5,0.378515,0.0,1,0.002773299,0.9698821477,0.9827631093196378
6.28705,5.508,6.2848,1.24834,1230.37,985.608,0.0,0.0,0.5144,0.412068,0.0,1,0.0013327227,0.6081849368,0.6010224831095048
8.19821,4.66417,8.1974,0.956716,1690.02,1766.48,0.0,0.0,0.6112,0.638852,0.0,1,0.0044102787,1.6050921559,1.7503153204417905
9.06209,8.39643,9.06209,1.93215,1090.05,564.166,13.9927,7.24204,0.573,0.296561,0.0,1,0.0013204956,0.5494956943,0.5692129298159787
14.68028,11.95217,14.68028,0.792697,1463.31,1845.99,123.823,156.204,0.696,0.878015,0.0,1,0.0040585758,1.2441692747,1.339264599757125
7.57942,6.42809,7.56103,1.08661,1656.01,1524.01,185.649,170.851,0.6376,0.586778,0.0,1,0.0043478813,1.2128012368,1.6107031187720209
9.10111,6.40889,9.10064,0.579676,2406.76,4151.9,0.0,0.0,0.7488,1.29176,0.0,1,0.0040084592,1.7286295542,1.7013267271371553
8.41834,4.77784,8.41834,1.02358,1872.15,1829.01,0.0951624,0.0929698,0.626,0.611576,0.0,1,0.0027343597,1.1848472981,1.1778515235305502
5.5413,4.80567,5.5333,1.19582,1382.4,1156.02,0.0,0.0,0.5784,0.483684,0.0,1,0.00269895,1.0365458004,1.0485520939805975
5.54513,4.92009,5.54513,1.34386,1289.96,959.889,0.0,0.0,0.5594,0.416262,0.0,1,0.0024387733,0.9411356595,0.9466059416497737
5.10436,4.21189,5.06572,1.19023,1067.87,897.196,0.0,0.0,0.5162,0.433699,0.0,1,0.0033719098,1.2099567949,1.225080620877215
5.43678,4.75451,5.43678,1.24526,1365.54,1096.59,0.0,0.0,0.5928,0.476044,0.0,1,0.0024586887,0.997713573,0.9770547691654048
11.66314,11.04095,11.6623,1.07501,1570.69,1461.09,0.0,0.0,0.6578,0.611902,0.0,1,0.0018721887,0.8357420574,0.8478003769528157
11.77684,11.08852,11.77544,1.07383,1569.26,1461.37,0.0,0.0,0.6592,0.613879,0.0,1,0.0017533921,0.8325196997,0.803364700244979
11.42001,10.68224,11.42001,1.32181,1528.59,1156.43,0.0,0.0,0.6378,0.482518,0.0,1,0.0016976783,0.7876137805,0.7882400094951
11.72543,11.19673,11.71838,0.847503,1673.18,1974.24,0.0,0.0,0.6882,0.812032,0.0,0,0.0022203001,0.9398394546,1.0270796660909676
5.56128,3.90775,5.56038,1.25158,1486.65,1187.82,19.61,15.6682,0.5744,0.458939,0.0,1,0.0024555501,0.9808853583,0.996250572997524
12.85281,10.88454,12.85281,0.723595,1862.94,2574.56,0.0,0.0,0.677,0.935606,0.0,1,0.0045566749,1.7653763475,1.7294105972985645
9.2687,4.50421,9.2687,0.952087,1296.4,1361.64,427.264,448.766,0.6164,0.64742,0.0,0,0.004250468,1.7207794882,1.5982790877701796
12.14001,5.49468,12.1397,0.953828,2043.58,2142.5,0.0,0.0,0.7082,0.742482,0.0,1,0.0031607822,1.1043681915,1.2209666815060534
7.19025,5.05276,7.19025,1.91608,861.592,449.664,0.0,0.0,0.4326,0.225774,0.0,0,0.0012869907,0.4833529591,0.5058891254052464
7.39284,4.83476,7.39284,1.80811,810.66,448.345,0.0,0.0,0.438,0.242241,0.0,0,0.0012428658,0.4597170362,0.47861746224158264
10.09597,6.84011,9.58875,0.817097,2396.15,2932.52,0.0,0.0,0.7324,0.896344,0.0,1,0.0022382804,1.0662450947,1.0640289846741415
4.14867,3.74838,4.12901,1.41027,380.17,269.572,0.0,0.0,0.4056,0.287604,0.0,0,0.0031743328,0.875305192,1.017152226322787
5.27989,4.58936,5.26433,1.11804,1118.78,1000.66,0.0,0.0,0.502,0.449,0.0,1,0.005336744,1.6710536171,1.6895122345586695
6.90619,6.37667,6.76731,0.69817,2236.54,3203.43,0.0,0.0,0.6838,0.979418,0.0,1,0.0016668039,0.8651602848,0.8438489573071626
7.38605,6.67234,7.38605,0.632325,2400.53,3796.35,0.0,0.0,0.7148,1.13043,0.0,1,0.001815247,0.919867927,0.8971761864978577
6.67552,5.18428,6.65544,1.17133,2054.42,1753.92,0.0,0.0,0.6446,0.550316,0.0,0,0.0027405838,1.2437925694,1.1620886396075576
8.32489,6.77668,8.32489,0.861017,1951.67,2266.71,0.0,0.0,0.6712,0.779544,0.0,1,0.0019968494,0.8967028326,0.9197382107361831
7.81335,6.23608,7.8124,0.973393,1971.82,2025.72,0.0,0.0,0.6118,0.628523,0.0,1,0.002498643,1.1122365783,1.0941921998653952
5.21671,3.87145,5.2007,1.45236,1664.76,1146.24,0.0,0.0,0.5822,0.400864,0.0,1,0.0018870369,0.784314715,0.788681563906385
4.83008,3.80459,4.83008,1.46381,1335.98,912.674,0.0,0.0,0.51,0.348405,0.0,1,0.0019657106,0.8581413165,0.8144717599708886
4.89594,3.826,4.89193,1.4497,1354.61,934.408,0.0,0.0,0.5164,0.356212,0.0,1,0.0021208983,0.8574662501,0.8895041648395013
9.14224,6.89364,9.14224,1.35956,1803.58,1326.59,0.0,0.0,0.6728,0.494866,0.0,1,0.0009008448,0.4503415311,0.41557990870530026
4.70974,3.99855,4.70974,1.47945,319.51,215.966,0.0,0.0,0.4064,0.274697,0.0,1,0.001526956,0.5081238816,0.5284238633315065
6.13543,5.59613,6.13543,1.47554,899.4,609.538,0.0,0.0,0.4724,0.320153,0.0,1,0.001386333,0.5845140357,0.5578145713772131
15.09269,7.93434,15.07573,0.589901,2245.43,3806.46,0.0,0.0,0.8114,1.37549,0.0,0,0.0020008633,0.949257454,0.9883860496404054
6.55951,5.47634,6.55951,1.31717,1348.3,1023.64,0.0,0.0,0.552,0.419081,0.0,1,0.0031656756,1.2355950186,1.180651780791216
6.70842,5.60789,6.69161,1.32053,1380.71,1045.57,0.0,0.0,0.5546,0.419982,0.0,1,0.0032918959,1.217418137,1.2394075129358446
4.42914,3.59275,4.42914,1.43063,530.361,370.719,0.0,0.0,0.4708,0.329086,0.0,1,0.0011095583,0.4508098028,0.47749561742397884
4.24178,3.44241,4.23659,1.42808,542.261,379.715,0.0,0.0,0.474,0.331915,0.0,1,0.0013668264,0.5323422168,0.5489967396111455
4.41751,3.55963,4.41517,1.40923,648.294,460.035,0.0,0.0,0.4816,0.341747,0.0,1,0.0019101075,0.7030345394,0.7598036094325182
5.4738,4.63859,5.45736,1.20371,1399.17,1162.38,0.0,0.0,0.5244,0.435652,0.0,1,0.0042009938,1.4841984096,1.4527870214871603
4.98627,3.51233,4.9807,1.99017,618.984,311.02,0.0,0.0,0.3962,0.199078,0.0,1,0.0021260283,0.6125390988,0.6789971412954084
5.05756,3.46018,5.04486,2.49056,625.358,251.092,0.0,0.0,0.3982,0.159884,0.0,1,0.0011379208,0.3923699353,0.3817152511733034
5.06893,3.45218,5.06893,2.53315,611.744,241.495,0.0,0.0,0.3936,0.15538,0.0,1,0.001221963,0.393229192,0.4022808431032744
5.14211,3.77935,5.14211,1.46568,1144.37,780.78,0.0,0.0,0.5232,0.356968,0.0,0,0.0015583649,0.6539130974,0.6589622351543578
7.77261,4.72411,7.77261,1.78918,1087.16,607.629,0.0,0.0,0.4986,0.278675,0.0,1,0.001136891,0.4944556703,0.46523209709234803
9.7414,9.14394,9.67281,0.771129,2269.17,2942.66,0.0,0.0,0.7412,0.961188,0.0,0,0.002695975,1.250091517,1.221446340581357
6.66878,5.26481,6.65683,0.823111,2211.99,2687.35,0.0,0.0,0.6464,0.785313,0.0,1,0.0029868348,1.3283696786,1.3549374408089043
4.53518,4.08657,4.53518,1.41548,619.125,437.397,0.0,0.0,0.4398,0.310708,0.0,1,0.0017547051,0.6665963967,0.6532915048022425
4.61976,3.65124,4.60921,1.18989,1005.69,845.196,0.0,0.0,0.5078,0.426764,0.0,1,0.0033354952,1.2232973384,1.2210989411690236
9.06577,7.1819,8.76719,0.671525,2063.21,3072.43,0.0,0.0,0.712,1.06027,0.0,1,0.0028792065,1.2558675316,1.3050259881059245
21.55746,10.38341,21.54289,0.51708,1832.88,3544.68,0.0,0.0,0.8016,1.55024,0.0,1,0.0028086213,1.3160545584,1.3144294662750005
6.31603,3.45605,6.31603,1.18528,1197.81,1010.57,0.0,0.0,0.5532,0.466723,0.0,1,0.00474358,1.5713341515,1.6087312491336303
7.9329,6.23525,7.71711,0.684898,2586.98,3777.17,0.0,0.0,0.7318,1.06848,0.0,1,0.0025307371,1.2079395741,1.2500902620732437
5.70014,3.65365,5.70014,1.6367,929.089,567.66,64.7109,39.5375,0.5088,0.31087,0.0,1,0.0022779552,0.7808222383,0.825727588886834
5.20436,4.63461,5.20306,1.48152,1841.93,1243.27,0.0,0.0,0.653,0.440764,0.0,0,0.0021069626,0.9198223667,0.8927310219627027
10.91726,6.85852,7.70966,1.0029,2251.01,2244.49,0.0,0.0,0.6862,0.684214,0.0,1,0.0030103111,1.3525515855,1.2606653052708996
6.74837,6.3776,6.72825,1.05651,1615.67,1529.25,0.0,0.0,0.6178,0.584755,0.0,0,0.0029556309,1.2399655936,1.2713263490801197
7.22831,6.81306,7.22831,1.03011,1642.0,1594.0,0.0,0.0,0.618,0.599935,0.0,0,0.002674314,1.1906648051,1.1830612463324284
6.77242,6.39006,6.75097,1.04905,1614.89,1539.38,0.0,0.0,0.6148,0.586054,0.0,0,0.0027789061,1.1711800025,1.2089166458876603
5.99001,5.4678,5.99001,1.06078,1335.71,1259.17,0.0,0.0,0.5666,0.534134,0.0,1,0.0031082148,1.2128153461,1.2301795608840318
11.13773,3.47627,11.13633,0.923906,1490.46,1613.21,0.0,0.0,0.6306,0.682537,0.0,0,0.0015469334,0.7276239212,0.7362726904271913
14.89727,7.78421,14.89178,0.605776,2230.04,3681.29,0.0,0.0,0.8056,1.32986,0.0,0,0.0019491169,0.9553929614,0.9679314492163128
14.80942,7.88362,14.80084,0.613708,2232.3,3637.4,0.0,0.0,0.8108,1.32115,0.0,0,0.0020962392,1.0028698361,1.0370546037129011
4.99995,3.63805,4.93929,1.21492,686.301,564.895,0.0,0.0,0.4752,0.391137,0.0,1,0.0016913165,0.6451476701,0.6419977375606372
5.54275,4.60824,5.54275,1.0598,1055.66,996.092,0.0,0.0,0.5124,0.483488,0.0,0,0.0034341357,1.3367489226,1.239753760921314
5.34544,4.38509,5.34544,1.05997,1077.55,1016.58,0.0,0.0,0.5136,0.48454,0.0,0,0.0040438039,1.5159955977,1.4170438566870485
6.38992,4.78581,6.38785,0.722856,2527.72,3496.86,0.0,0.0,0.6962,0.963124,0.0,1,0.0027202308,1.3095263993,1.252910518409654
5.13294,4.08127,4.81094,1.41697,1690.94,1193.35,0.0,0.0,0.6078,0.428944,0.0,1,0.0030144484,1.1714158523,1.2152729544126284
5.69089,4.7197,5.69089,1.0552,1032.59,978.576,0.0,0.0,0.5102,0.483511,0.0,0,0.0032032221,1.2807439287,1.1666533969265738
8.8911,6.60199,8.13016,1.41868,1212.67,854.793,531.685,374.776,0.6316,0.445204,0.0,1,0.0048980431,1.9200196543,1.836219259855628
6.08784,5.5601,6.06673,1.08232,1652.36,1526.68,0.0,0.0,0.6232,0.575798,0.0,1,0.001979354,0.8839856008,0.8608051592409942
15.38411,14.18619,15.38378,0.422713,1393.02,3295.43,0.0,0.0,0.8378,1.98196,0.0,1,0.0019513681,0.9386459216,0.9452969566421516
10.22467,9.87308,10.22467,0.904434,1674.99,1851.98,0.0,0.0,0.6484,0.716913,0.0,1,0.0018245329,0.8161639101,0.8314808890349601
7.17773,5.19524,7.1746,0.956819,2131.67,2227.87,0.0,0.0,0.65,0.679334,0.0,1,0.0027144575,1.180752361,1.1884727833631052
7.72003,4.28453,7.71744,1.05835,1674.28,1581.97,0.0,0.0,0.5974,0.564462,0.0,1,0.0034594562,1.4286826519,1.394549437802377
4.56718,3.56694,4.54309,1.41248,518.542,367.114,0.0,0.0,0.408,0.288854,0.0,0,0.002592668,0.7086416511,0.853424884240315
4.36505,3.62057,4.36492,1.46153,400.036,273.71,0.0,0.0,0.4114,0.281486,0.0,1,0.002677709,0.7960918379,0.8481182526434287
6.47127,5.32823,6.30186,1.23035,1074.68,873.471,0.0,0.0,0.4866,0.395496,0.0,0,0.0033755042,1.2125865036,1.174308844795278
5.76653,4.2611,5.71921,1.16552,750.166,643.631,0.0,0.0,0.4826,0.414063,0.0,1,0.0019992854,0.707046576,0.7505168861191279
11.41966,9.93708,11.41966,0.952882,1649.81,1731.39,0.565272,0.593223,0.622,0.652757,0.0,1,0.0023595217,0.9696265445,1.017017173333789
6.95041,5.62583,6.95041,1.04842,2625.12,2503.87,0.0,0.0,0.7248,0.691323,0.0,0,0.0011296037,0.4974858585,0.5258994270367109
7.00442,5.67284,7.00442,1.03221,2628.22,2546.21,0.0,0.0,0.7278,0.705091,0.0,0,0.0010300601,0.4929962968,0.49989669240876333
6.00527,4.8111,5.6775,0.960875,2065.34,2149.44,0.0,0.0,0.6412,0.667309,0.0,1,0.0028005797,1.2295029821,1.2098492011946003
5.02301,4.09369,4.55915,1.6437,1625.99,989.228,0.0,0.0,0.5662,0.344467,0.0,1,0.0016760855,0.7024076624,0.7198945700778021
5.00612,4.07229,4.54032,1.30745,1650.65,1262.5,0.0,0.0,0.5638,0.431222,0.0,1,0.0024970863,1.0330454968,1.045153129567084
4.99576,3.97323,4.53163,1.71361,1574.79,918.993,0.0,0.0,0.5616,0.32773,0.0,1,0.0016463471,0.7056560125,0.7168853345483905
5.7096,4.51588,5.7096,1.18019,1218.01,1032.05,0.0,0.0,0.5404,0.457893,0.0,1,0.0033011626,1.1298630126,1.2090523445365737
9.76079,6.4479,9.73092,0.869183,2049.78,2358.28,0.0,0.0,0.696,0.800752,0.0,1,0.0026153775,1.2078952526,1.1357855204549105
22.31857,8.92625,14.18285,0.425765,2028.03,4763.26,0.0,0.0,0.8332,1.95695,0.0,1,0.0030973365,1.4242101967,1.4386532855764829
5.34783,4.01094,5.34783,1.28087,710.366,554.597,0.0,0.0,0.4518,0.352729,0.0,1,0.0020707657,0.7008951165,0.7410920319354469
5.1465,3.74676,5.14199,0.93374,1597.91,1711.3,0.0,0.0,0.5678,0.608092,0.0,0,0.0048042235,1.9158505814,1.8626422391836457
6.99195,5.64457,6.99195,1.04057,2621.47,2519.27,0.0,0.0,0.7274,0.699041,0.0,0,0.001069012,0.500192291,0.5054012421117375
6.95953,5.63255,6.95953,1.04557,2624.93,2510.51,0.0,0.0,0.7258,0.694164,0.0,0,0.0010113055,0.4991838708,0.4924692330817181
6.97392,5.62462,6.97392,1.04699,2616.52,2499.1,0.0,0.0,0.7262,0.69361,0.0,0,0.0010718973,0.499830183,0.5109231307967486
6.03433,4.98914,5.98921,1.54389,1290.39,835.809,0.0,0.0,0.5212,0.33759,0.0,1,0.0020276782,0.7789822756,0.8156906676019026
15.94965,10.39364,15.94872,0.460887,1949.35,4229.57,0.0,0.0,0.8104,1.75835,0.0,1,0.0026028273,1.280528689,1.2366112363226789
5.16886,3.80347,5.16886,2.04384,546.746,267.509,0.0,0.0,0.4218,0.206376,0.0,1,0.0009691305,0.3673656526,0.3764724093885614
5.22916,3.84535,5.22916,1.97617,548.634,277.625,0.0,0.0,0.4172,0.211116,0.0,1,0.0008122161,0.3219988979,0.3051614397637902
5.0902,4.98067,5.0902,1.44184,520.517,361.01,59.0453,40.9514,0.471,0.326666,0.0,1,0.00207767,0.7049602712,0.7375830391077669
5.14291,3.60228,5.14291,1.21883,774.169,635.173,0.0,0.0,0.4678,0.38381,0.0,1,0.0053442266,1.4261539986,1.4424554392401538
14.83525,11.96507,14.83525,1.26278,1468.55,1162.95,199.616,158.076,0.7018,0.555756,0.00015838,1,0.0023342103,0.8242082439,0.8964812027059788
7.01968,3.83495,7.01968,1.10319,1326.02,1201.98,0.0,0.0,0.5236,0.474622,0.0,1,0.002829563,1.1755320701,1.110465930654475
5.67937,4.56222,5.67937,1.11643,1180.95,1057.79,0.0,0.0,0.5376,0.481534,0.0,1,0.003099369,1.1617101765,1.1599142895537757
7.37109,6.82741,7.37109,1.40599,1511.82,1075.27,0.0,0.0,0.5614,0.399292,0.0,1,0.0025260987,1.0623812792,1.0328970616542026
6.80619,3.42889,6.79194,1.15852,1000.28,863.415,0.0,0.0,0.5272,0.455065,0.0,1,0.0030543757,1.0237931116,1.117927779448912
6.19197,4.53531,6.16887,1.09324,1845.26,1687.87,0.0,0.0,0.5814,0.531812,0.0,0,0.0040274655,1.5657189553,1.593136158471735
4.90891,3.62196,4.89268,1.35117,1395.4,1032.74,0.298007,0.220556,0.5558,0.411349,0.0,1,0.0029617965,1.1371597334,1.1535010896221962
14.70007,10.79864,14.70007,0.483438,2025.11,4188.97,0.0,0.0,0.7802,1.61386,0.0,1,0.0030314721,1.3817606263,1.3725635605695152
7.97392,4.92371,7.96142,0.954107,1622.71,1700.76,0.0,0.0,0.5818,0.609785,0.0,0,0.0050567935,1.8656234926,1.9351179699624579
9.39252,3.7857,9.39207,1.30542,878.942,673.301,73.4571,56.2708,0.5296,0.405693,0.0,0,0.0023648887,0.6508661127,0.8199174931960229
6.99715,5.84689,6.98056,1.03177,2165.84,2099.14,0.0,0.0,0.6538,0.633665,0.0,1,0.0030121882,1.2206615116,1.3044581133632318
6.84685,5.37896,6.83632,1.0569,2169.92,2053.1,0.0,0.0,0.647,0.61217,0.0,1,0.0028728067,1.2427534727,1.2714457714905798
7.03254,5.77219,7.03254,1.04422,2164.07,2072.42,0.0,0.0,0.654,0.626304,0.0,1,0.0029707519,1.2213321308,1.2923265806980722
7.08521,6.02588,7.08155,0.996555,2169.83,2177.33,0.0,0.0,0.6624,0.66469,0.0,1,0.0028027615,1.2314581071,1.252142077415213
5.81593,4.39318,5.8122,0.99503,2005.1,2015.11,0.0,0.0,0.6314,0.634554,0.0,1,0.0021537924,1.0174810605,0.9655479307886277
8.14998,6.76772,8.12163,0.920168,2113.5,2296.86,0.0,0.0,0.6298,0.68444,0.0,1,0.0048282622,1.5438332256,1.8702937194779103
9.53093,8.66388,9.24995,1.0567,1899.67,1797.75,0.0,0.0,0.6656,0.629888,0.0,1,0.0023560733,0.9862660828,1.0315435014873187
9.50607,8.86576,9.50607,0.864037,2169.58,2510.98,0.0,0.0,0.6944,0.803669,0.0,1,0.0035448664,1.5141434912,1.437543982046144
9.30915,8.71365,9.30507,0.821567,2358.23,2870.4,0.0,0.0,0.708,0.861767,0.0,1,0.0030281407,1.4036258819,1.3563535939490938
9.07645,8.51256,9.07645,1.13917,1399.12,1228.2,0.0,0.0,0.572,0.502121,0.0,0,0.0016432994,0.7233957222,0.738540856513409
6.34308,4.86227,6.34308,1.0986,1347.83,1226.86,0.0,0.0,0.5706,0.519389,0.0,1,0.0015220398,0.6630714051,0.671361658164629
7.09135,4.01215,7.09135,1.0722,1770.87,1651.63,0.0,0.0,0.6158,0.574336,0.0,1,0.0035421861,1.4071539876,1.4374034571868821
7.80071,4.22996,5.62381,1.22507,393.72,321.387,874.299,713.674,0.564,0.460383,0.0,1,0.0039585171,1.503398164,1.3309201727228142
5.45506,3.48614,5.2674,1.17898,397.642,337.276,548.508,465.24,0.493,0.418158,0.0,1,0.0036349582,1.1894845894,1.232393258502814
5.46311,3.57221,5.46311,1.50782,1496.51,992.504,0.0,0.0,0.6142,0.407344,0.0,1,0.0010568986,0.4938582745,0.4933585136422447
7.11215,6.70655,7.11215,0.937093,954.53,1018.61,0.0,0.0,0.5324,0.56814,0.0,1,0.0022163129,0.9127248476,0.8989790485922543
5.36415,5.07421,5.36415,1.50028,235.559,157.01,320.725,213.777,0.4614,0.307543,0.0,1,0.0054947556,0.907369666,0.8975610984725807
6.1741,5.21501,6.1741,1.07844,1412.21,1309.49,0.0,0.0,0.5678,0.526503,0.0,1,0.0063731311,2.0730343703,2.0398577807536746
8.03037,6.16762,8.02661,0.894418,1849.84,2068.21,0.0,0.0,0.6498,0.726506,0.0,1,0.0027998056,1.2254124188,1.2496530858573716
4.44828,3.48673,4.44828,1.3532,940.252,694.837,0.0,0.0,0.521,0.385014,0.0,1,0.0027351292,1.0510096833,1.0561117550981811
6.07481,4.74641,6.03797,1.15301,1967.9,1706.74,0.0,0.0,0.6112,0.530089,0.0,0,0.003841065,1.5655715391,1.5412660489826324
5.62914,3.92719,5.62914,1.20596,1932.54,1602.49,0.0,0.0,0.6014,0.49869,0.0,1,0.0036637362,1.404020589,1.4632657550703714
9.00542,5.91155,9.00542,0.805702,2374.94,2947.67,0.0,0.0,0.7118,0.883453,0.0,0,0.0053790065,2.0841746089,2.158509150079416
8.22754,6.95777,8.22754,1.0931,2055.27,1880.23,0.0,0.0,0.6384,0.584028,0.0,1,0.0029019741,1.29857166,1.2613890814830024
10.50578,8.82117,10.50578,0.768678,1898.43,2469.74,0.0,0.0,0.689,0.896344,0.0,1,0.0033883736,1.497023186,1.4094660129745094
4.52797,3.58309,4.52797,1.5745,738.046,468.749,0.0,0.0,0.4104,0.260654,0.0,0,0.0011818122,0.4843303612,0.48861916439550346
5.69776,3.92558,5.6607,1.26995,1498.86,1180.25,0.0,0.0,0.59,0.464585,0.0,0,0.0042645643,1.4296015715,1.5428665111379334
4.83061,4.03981,4.83061,1.24259,1148.92,924.616,0.0,0.0,0.519,0.417676,0.0,0,0.0054733256,1.7143871523,1.7345913220134073
5.73239,3.68789,5.71092,1.28608,1004.7,781.21,0.0,0.0,0.5098,0.396397,0.0,1,0.0044792244,1.372667696,1.3993220909562907
16.4214,9.23775,16.40927,0.447552,2179.79,4870.46,0.0,0.0,0.7972,1.78124,0.0,0,0.0027541294,1.3228784479,1.321783501311068
7.33778,6.60028,7.33778,1.18441,1668.47,1408.69,0.0,0.0,0.6108,0.5157,0.0,1,0.0028025498,1.2689360234,1.2093395080819431
5.31645,4.73242,5.31645,1.56466,1273.49,813.911,0.0,0.0,0.5466,0.349342,0.0,0,0.0026317742,0.9511459165,0.9615971926648863
4.90485,4.23271,4.90165,1.42586,539.675,378.491,0.0,0.0,0.4884,0.34253,0.0,0,0.0023900933,0.7460952156,0.8086087724852076
4.644,4.03482,4.644,1.80951,763.808,422.108,0.0,0.0,0.4542,0.251007,0.0,0,0.0032071382,1.0272510579,0.9868610708155349
4.58512,3.92708,4.57664,1.84741,722.607,391.146,0.0,0.0,0.4522,0.244775,0.0,0,0.0031840306,0.996856366,0.9862765500020609
4.58729,3.99418,4.55638,1.86546,733.177,393.026,0.0,0.0,0.4474,0.239833,0.0,0,0.0030776046,1.0082906425,0.9653337010632618
4.54229,3.95239,4.49763,1.89145,716.655,378.892,0.0,0.0,0.4464,0.236009,0.0,0,0.0030857749,0.9938063399,0.9753402873137714
4.50897,3.9304,4.4621,1.90926,707.48,370.552,0.0,0.0,0.4456,0.233389,0.0,0,0.0031018327,0.9833360757,0.9756134698763888
12.81046,10.08472,12.79582,0.728225,1959.77,2691.16,0.0,0.0,0.7164,0.983763,0.0,1,0.0026740083,1.2813613284,1.1882082911252023
16.48295,9.14033,16.48295,0.959417,1239.84,1292.29,398.029,414.866,0.701,0.730652,0.0,1,0.0033727745,1.3845350419,1.240861880287539
7.81866,7.32218,7.81866,0.998911,1796.0,1797.96,0.0,0.0,0.6356,0.636293,0.0,0,0.0027561061,1.2316845027,1.2297526352238883
7.67318,4.16213,7.67318,1.424,1678.65,1178.83,0.0,0.0,0.625,0.438904,0.0,1,0.0015952651,0.7196662652,0.72968546666823
10.92504,5.92348,10.86207,0.740473,2226.36,3006.67,0.00873198,0.0117924,0.7394,0.998552,0.0,1,0.0025969706,1.2179695631,1.2058967253270603
7.07527,5.39947,6.79315,0.842522,2364.13,2806.02,0.0,0.0,0.7084,0.840809,0.0,0,0.0012176776,0.5809799024,0.5895283588999463
4.84641,3.70884,4.84641,1.26705,1206.55,952.253,0.0,0.0,0.5406,0.426661,0.0,1,0.0021149845,0.9007463776,0.8848599983341803
4.07536,3.5864,4.07536,2.36311,463.12,195.979,0.0,0.0,0.3764,0.159282,0.0,1,0.0051131228,1.0822617741,1.0962995738066135
13.97996,12.87565,13.97503,0.607595,2338.25,3848.36,0.0,0.0,0.7644,1.25807,0.0,1,0.0031370273,1.447065419,1.4118590544889367
6.65732,4.64818,6.52021,0.851853,2010.6,2360.27,0.0,0.0,0.621,0.728999,0.0,1,0.0039486332,1.6707086231,1.633331107743468
5.24683,3.85843,5.23776,1.22144,1138.43,932.039,0.0,0.0,0.537,0.439646,0.0,1,0.0031749244,1.1006787213,1.1625224116660726
9.29834,6.48945,9.29621,1.21668,1222.78,1005.01,0.0,0.0,0.5554,0.456489,0.0,0,0.0013161966,0.5841254889,0.5876968854772153
5.44759,3.80722,5.43097,1.23164,1414.07,1148.12,0.0581087,0.0471799,0.5662,0.459712,0.0,0,0.0048351073,1.6627649684,1.6729887443177112
7.14794,6.36836,7.14653,1.22477,1332.85,1088.25,75.8051,61.8933,0.5956,0.486296,0.0,0,0.0016002323,0.7329175734,0.7032416263274499
6.3577,4.74176,6.3577,1.14455,1283.39,1121.31,0.0,0.0,0.5318,0.464638,0.0,1,0.0041463469,1.5004158313,1.4451272456184348
4.54212,3.52572,4.54212,1.85502,694.124,374.186,0.0,0.0,0.4334,0.233636,0.0,1,0.0033912635,0.944930239,0.9868508578921689
5.50168,5.08562,5.49191,1.08026,1235.17,1143.4,0.0,0.0,0.5322,0.492658,0.0,0,0.0053799463,1.7538359067,1.750166404121825
32.36037,28.26773,32.35632,0.473548,1565.06,3304.96,0.0,0.0,0.826,1.74428,0.000422344,1,0.0025117129,1.1659985101,1.1898309645496454
6.00756,3.91744,6.00756,0.930353,1597.61,1717.21,0.801378,0.86137,0.6088,0.654376,0.0,1,0.0018698663,0.865054019,0.8211374859230014
6.23685,3.59052,6.23393,0.96089,1663.57,1731.28,0.0,0.0,0.5974,0.621716,0.0,0,0.0037499929,1.4606014911,1.5684108811207043
6.6747,4.69389,6.6747,2.0556,1217.11,592.095,0.0,0.0,0.5328,0.259195,0.0,1,0.0029696873,1.1697594605,1.0505753563085185
6.89128,4.79138,6.89128,1.23174,1603.73,1302.0,0.0,0.0,0.5742,0.46617,0.0,1,0.0024885443,1.0208972898,1.0387537692179951
9.72743,8.74819,9.72743,0.867164,1773.91,2045.64,0.0,0.0,0.6572,0.757873,0.0,1,0.0015657724,0.7787043896,0.744801080488187
8.05446,5.26641,8.05325,0.671267,2454.25,3656.15,0.0,0.0,0.7174,1.06873,0.0,0,0.0015168337,0.7523495142,0.745098082283622
5.97055,4.70307,5.97055,1.22492,943.091,769.92,0.0,0.0,0.5008,0.408843,0.0,1,0.0022465358,0.8230429713,0.8536447834682022
8.62906,4.33786,8.62906,1.28033,1914.7,1495.48,0.0,0.0,0.6336,0.494873,0.0,1,0.0022963078,1.0461547598,0.9862390843908844
5.03603,3.89356,5.03603,1.34872,1809.31,1341.5,0.0,0.0,0.6038,0.447684,0.0,1,0.003214995,1.3134930624,1.3123033377095992
6.80431,4.28089,6.76896,1.43909,1279.9,889.381,0.0,0.0,0.5066,0.352029,0.0,1,0.0024793645,0.9905232673,0.9755363664728207
6.73584,5.39558,6.7159,1.14249,2865.04,2507.71,0.0,0.0,0.739,0.646833,0.0,1,0.001583329,0.7233758035,0.7387615174158624
6.57248,5.45743,6.53468,1.21872,2929.79,2404.0,0.0,0.0,0.7294,0.598499,0.0,1,0.0013886541,0.6448574349,0.6422695213441991
5.33833,4.09777,5.32992,1.02323,1464.2,1430.95,0.0,0.0,0.5698,0.556862,0.0,0,0.0031384602,1.2000443427,1.2809206324703348
5.05446,3.86932,5.05446,1.38238,1280.1,926.009,0.0,0.0,0.5378,0.389038,0.0,1,0.0014682482,0.658870065,0.6534581755433442
4.21696,3.7868,4.20902,1.26329,745.535,590.155,0.0,0.0,0.457,0.361755,0.0,0,0.0031984185,1.0839307357,1.1610598518655992
7.90536,6.37424,7.89587,0.88756,1705.8,1921.9,0.0,0.0,0.6366,0.717248,0.0,1,0.0033755416,1.4910395354,1.4157622583269767
4.59203,4.06699,4.58575,1.55074,682.335,440.007,0.0,0.0,0.3988,0.257168,0.0,1,0.0026161038,0.8099552649,0.8360690176904291
4.95412,3.59777,4.40809,1.51133,204.724,135.46,222.59,147.281,0.4446,0.294179,0.0,1,0.0010951376,0.4065626753,0.43518959924486256
6.87756,5.53647,6.83784,1.18214,1480.3,1252.22,0.0,0.0,0.543,0.459336,0.0,1,0.0033336201,1.3803813607,1.2882473993944317
5.40564,4.53621,5.32703,1.33406,1524.22,1142.54,0.0,0.0,0.5456,0.408976,0.0,1,0.002941073,1.1206903334,1.1507496950514489
5.3327,4.51343,5.26398,1.68575,1489.56,883.622,0.0,0.0,0.5396,0.320096,0.0,1,0.0020918704,0.8323892202,0.844956346773337
22.97967,8.76388,22.97967,0.403152,1832.34,4545.03,0.0,0.0,0.8334,2.06721,0.0,1,0.0024417753,1.1907413073,1.2206438498497536
22.48969,11.55679,22.48969,0.431427,1897.73,4398.73,0.0,0.0,0.814,1.88676,0.0,1,0.0028385412,1.3288803679,1.3521479926649445
21.60142,10.45655,21.53105,0.395741,1819.65,4598.09,0.0,0.0,0.8328,2.10441,0.0,1,0.0024702886,1.1908475841,1.229820625015162
29.975,15.02249,29.83505,0.197643,1310.13,6628.79,0.0,0.0,0.9182,4.64576,0.0,1,0.0032557004,1.6078908786,1.5730268234692408
19.81856,17.06364,19.63981,0.211978,1346.05,6349.95,0.0,0.0,0.9118,4.30139,0.0,1,0.0029310494,1.5702537507,1.4228770505460686
6.45845,5.65073,6.45505,1.52092,1546.0,1016.49,0.0,0.0,0.5696,0.374511,0.0,1,0.0016938191,0.7492870657,0.7351481482121485
7.79609,3.48851,7.69085,1.10244,1557.79,1413.04,0.0,0.0,0.6186,0.56112,0.0,0,0.0041584667,1.7054368217,1.6725096409531526
5.93943,5.1846,5.93943,1.67865,1062.24,632.793,0.0,0.0,0.4286,0.255324,0.0,0,0.0048742399,1.49311322,1.2980578570545522
5.62714,5.2779,5.62443,1.65942,1085.12,653.917,0.0,0.0,0.4334,0.261175,0.0,0,0.0040550267,1.3700378732,1.1874145072717346
5.79604,4.18591,5.79604,1.38102,1479.67,1071.43,0.0,0.0,0.5506,0.398692,0.0,1,0.0028036622,1.1445337685,1.1056066742774933
7.02176,3.66753,6.99115,1.3176,1021.05,774.937,0.0,0.0,0.496,0.376443,0.0,1,0.0017476925,0.6793894485,0.6961325869152505
7.01529,3.79079,6.96918,1.33247,1014.37,761.274,0.0,0.0,0.4906,0.368189,0.0,1,0.0017700035,0.6958382102,0.708231204778609
7.05009,3.74248,7.03715,1.31954,1023.92,775.964,0.0,0.0,0.4934,0.373918,0.0,1,0.0016974929,0.6873544643,0.6929811758931325
7.04216,3.76029,6.51395,1.3253,1016.32,766.86,0.0,0.0,0.4928,0.37184,0.0,1,0.0018183439,0.6838302609,0.7235044987257475
7.03774,3.77448,6.9742,1.32931,1016.48,764.667,0.0,0.0,0.4848,0.364699,0.0,1,0.0017467629,0.6894814433,0.7022596122080846
7.07082,3.72352,7.02334,1.31235,1023.45,779.863,0.0,0.0,0.497,0.378709,0.0,1,0.0017012114,0.687491119,0.6867708067097683
7.01869,3.81528,6.63722,1.33794,1007.41,752.957,0.0,0.0,0.4858,0.363096,0.0,1,0.0017560592,0.7012969605,0.7074225972317945
7.01033,3.79821,6.75812,1.33845,1014.35,757.851,0.0,0.0,0.488,0.364601,0.0,1,0.0017820886,0.6958512249,0.7112109622679099
7.02333,3.67551,6.68721,1.32015,1014.75,768.665,0.0,0.0,0.4954,0.375261,0.0,1,0.0017532703,0.6820742017,0.6943126993363935
7.03275,3.83288,6.70379,1.33192,1017.39,763.856,0.0,0.0,0.4894,0.36744,0.0,1,0.0017895256,0.7050768104,0.7175837333624862
7.01606,3.82362,7.01606,1.3363,1014.56,759.23,0.0,0.0,0.4868,0.364289,0.0,1,0.0017541999,0.7041406794,0.7074610265611574
7.04297,3.82338,7.04297,1.33044,1025.08,770.483,0.0,0.0,0.4874,0.366345,0.0,1,0.0017402556,0.6959655686,0.6998898840607932
7.01083,3.77871,6.95045,1.33425,1016.66,761.974,0.0,0.0,0.4834,0.362301,0.0,1,0.0017077187,0.6998207181,0.6969683907449191
7.01624,3.71089,6.8329,1.32411,1025.99,774.855,0.0,0.0,0.4912,0.370967,0.0,1,0.0017328186,0.6879940454,0.6986395098432261
7.06378,3.79902,6.95616,1.31604,1025.34,779.109,0.0,0.0,0.4946,0.375823,0.0,1,0.0017597777,0.6904268706,0.7104881234700607
5.30234,4.62006,5.27677,1.31152,1132.35,863.381,0.0,0.0,0.538,0.410209,0.0,1,0.0048510788,1.5350427731,1.5589436636332505
5.66796,4.25652,5.66268,1.43346,1155.57,806.137,0.0,0.0,0.5024,0.350479,0.0,0,0.0037115026,1.2990679813,1.2530749905290537
4.99075,4.07072,4.98875,1.39072,1473.66,1059.64,0.0,0.0,0.5964,0.428841,0.0,1,0.0045818017,1.5941640996,1.629129383883247
5.27687,4.07489,5.26218,1.3881,1464.38,1054.95,0.0,0.0,0.585,0.421438,0.0,1,0.004526799,1.550881733,1.5946546974614049
4.30865,3.85554,4.26496,1.71497,435.499,253.939,0.0,0.0,0.3688,0.215047,0.0,1,0.0032674624,0.7374162724,0.9213805418474383
4.41255,3.41758,4.32307,1.9759,693.219,350.838,235.178,119.024,0.5434,0.275014,0.0,1,0.0012263231,0.5381733977,0.5228749535577829
5.73732,4.27265,5.65548,1.56934,1252.52,798.122,0.0,0.0,0.5388,0.343329,0.0,1,0.0027122351,0.9558351598,0.9936750266160106
6.23329,4.79223,6.23329,0.956504,2173.22,2272.05,0.0,0.0,0.6332,0.661994,0.0,1,0.0045650579,1.8304530856,1.8853285355022933
5.8822,4.848,5.86939,0.949674,2240.73,2359.47,0.0,0.0,0.658,0.692869,0.0,1,0.0028248271,1.2212927978,1.2375808177614338
4.76534,3.95054,4.76534,1.34356,1133.18,843.42,0.0,0.0,0.5016,0.373337,0.0,1,0.0046919869,1.5567805826,1.5019247330744832
5.90984,4.72024,5.82362,0.936419,2363.81,2524.31,0.0,0.0,0.6642,0.709298,0.0,1,0.0029363654,1.2168506662,1.3115676922568285
7.41052,7.00984,7.40327,0.944282,1611.38,1706.46,0.0,0.0,0.6124,0.648535,0.0,0,0.0045510064,1.9659806963,1.9365415877263426
7.05411,5.65156,7.03914,0.967554,1983.39,2049.91,0.0,0.0,0.6408,0.662289,0.0,1,0.0025039587,1.0784557882,1.1082832841510952
4.21204,3.56876,4.20993,1.51146,562.274,372.007,0.0,0.0,0.4702,0.31109,0.0,1,0.0047266032,1.4858690259,1.4573468951543795
6.77563,4.15655,6.73512,1.06978,1861.11,1739.71,0.0,0.0,0.6378,0.596196,0.0,1,0.0037077772,1.4915924083,1.5485687932091992
8.63633,6.73186,8.63063,0.935461,1473.57,1575.23,0.0,0.0,0.5784,0.618305,0.0,0,0.0028041885,1.271045165,1.1893619484638194
8.39175,6.59132,8.39175,0.957359,1460.22,1525.26,0.0,0.0,0.566,0.59121,0.0,0,0.0030072902,1.2709136105,1.2845567264786002
8.08316,3.97327,8.04054,1.14357,1840.46,1609.4,0.0,0.0,0.6224,0.54426,0.0,1,0.0021686269,0.9385599891,0.979877186967743
6.12081,5.11749,6.09552,1.41231,1533.09,1085.52,0.0,0.0,0.5616,0.397647,0.0,1,0.0019426055,0.8544496461,0.8112598284097382
11.03802,8.53557,11.03802,1.03996,1270.59,1221.78,36.3048,34.91,0.5972,0.574255,0.0,1,0.0030302222,0.9457381169,1.0999974236677912
9.81819,9.19443,9.81819,1.3396,1377.74,1028.47,0.0,0.0,0.5818,0.434308,0.0,1,0.0007088575,0.352589267,0.3540072671160319
6.4221,3.84022,6.40906,1.13898,1211.49,1063.66,0.0,0.0,0.5446,0.478145,0.0,0,0.004257327,1.4310551009,1.4714586967133378
16.36508,5.22924,16.36508,0.720668,2111.4,2929.78,0.0,0.0,0.7092,0.984087,0.0,1,0.0033253484,1.4612543453,1.4513522629176925
16.40599,5.24588,16.39933,0.71711,2129.23,2969.18,0.0,0.0,0.7138,0.995384,0.0,1,0.0032532182,1.4710390247,1.457088788355755
16.39644,5.24663,16.39644,0.717349,2130.73,2970.28,0.0,0.0,0.7132,0.994216,0.0,1,0.0032502741,1.4686550487,1.4562222996777574
16.38928,5.24682,16.38928,0.717588,2130.87,2969.49,0.0,0.0,0.7132,0.993885,0.0,1,0.0034018947,1.4653723896,1.473282467568489
16.36646,5.23896,16.35136,0.718227,2134.13,2971.38,0.0,0.0,0.7136,0.993558,0.0,1,0.0033849662,1.481088672,1.466541394227554
16.35712,5.2326,16.35248,0.718547,2136.57,2973.47,0.0,0.0,0.7128,0.992003,0.0,1,0.0033098919,1.4776183273,1.4503524721998933
16.34087,5.22933,16.33846,0.718946,2138.82,2974.94,0.0,0.0,0.7138,0.992842,0.0,1,0.0033400688,1.4868701265,1.4529385165467705
16.28739,5.21999,16.28739,0.722396,2138.93,2960.89,0.0,0.0,0.713,0.986993,0.0,1,0.0033658296,1.4836831503,1.4697326014852856
4.54942,3.60193,4.54942,1.23234,1331.25,1080.26,0.0,0.0,0.5634,0.457179,0.0,0,0.0034688985,1.3883521645,1.3273875925385226
4.94177,4.05577,4.93292,1.11879,802.645,717.419,483.544,432.201,0.5788,0.517342,0.0,0,0.0048067378,1.7238235762,1.6558624308975758
10.48256,4.17052,10.46235,1.23045,1614.41,1312.05,0.0,0.0,0.6222,0.505669,0.0,1,0.0012844799,0.5857399984,0.5926020506324832
4.97686,4.54571,4.97686,1.56592,814.078,519.872,0.0,0.0,0.4264,0.2723,0.0,1,0.0027267078,0.8544905667,0.8947670360601616
4.84676,3.51441,4.84676,1.2958,520.065,401.348,0.0,0.0,0.4678,0.361013,0.0,1,0.0021155851,0.6643892389,0.7359643518624648
6.17873,3.70632,6.16879,1.24989,1414.19,1131.45,0.0,0.0,0.5442,0.435399,0.0,0,0.0029492186,1.1630542165,1.144439690380112
7.99116,6.98056,7.99116,0.854766,1939.43,2268.96,0.0,0.0,0.6666,0.779862,0.0,0,0.0017762248,0.8635034622,0.8315957820095305
6.68191,4.62372,6.68191,0.987311,1445.66,1464.24,0.0,0.0,0.5434,0.550384,0.0,1,0.0041522806,1.5249457166,1.5678103737530906
4.31787,3.88877,4.31787,2.05035,791.695,386.128,0.0,0.0,0.4768,0.232546,0.0,1,0.0021373918,0.8289809489,0.7872087746589798
4.30346,3.89395,4.29928,2.06117,790.339,383.442,0.0,0.0,0.481,0.233363,0.0,1,0.0025676781,0.9304748476,0.9306196180077423
5.93426,3.61461,5.81162,1.33898,708.592,529.204,195.452,145.971,0.4828,0.360574,0.0,0,0.0042056708,1.1796507306,1.286998331922411
7.94677,5.42884,7.94677,0.862455,2489.26,2886.25,0.0,0.0,0.7028,0.814884,0.0,1,0.0049875998,2.0144706047,2.1087400548473774
8.20803,5.81249,8.20591,0.948677,2479.72,2613.87,0.0,0.0,0.7154,0.754103,0.0,1,0.0032856616,1.4416897538,1.42985572179954
10.06165,6.49649,10.06165,0.726621,2197.25,3023.92,0.0,0.0,0.7314,1.00658,0.0,1,0.0030506063,1.3648921004,1.3602220148239292
9.102,7.19033,9.102,0.965103,1741.04,1804.0,0.0,0.0,0.668,0.692154,0.0,1,0.0034226904,1.5052650772,1.4073583104495144
6.73488,4.98598,6.69979,1.11309,1471.92,1322.37,0.0,0.0,0.585,0.525564,0.0,1,0.0031428308,1.1547679383,1.2450066267569315
10.66909,7.4091,8.27581,0.565023,2406.95,4259.92,0.0,0.0,0.764,1.35216,0.0,1,0.002453543,1.1951897403,1.177934188069915
5.41421,3.75067,5.4093,1.171,1325.63,1132.04,0.0,0.0,0.5476,0.467633,0.0,1,0.0018161501,0.7715323562,0.7686051400459208
7.15336,4.82289,7.11748,0.903996,1600.62,1770.61,0.0,0.0,0.599,0.662614,0.0,1,0.0025105701,1.0782462923,1.1040592678537258
4.38791,3.69157,4.27847,1.86379,1077.12,577.916,0.0,0.0,0.549,0.294561,0.0,1,0.0019900748,0.752803014,0.8117699683907137
5.86223,4.35313,5.84737,1.55825,1478.82,949.028,0.0,0.0,0.4966,0.31869,0.0,1,0.0028419338,1.1124054411,1.093916213371185
5.89004,4.39215,5.87319,1.54457,1464.98,948.466,0.0,0.0,0.5138,0.332648,0.0,1,0.0030046713,1.1018774317,1.1507138956102139
9.48553,8.8403,9.48103,1.4036,1600.03,1139.94,0.0,0.0,0.619,0.441008,0.0,1,0.001232564,0.5696748277,0.5634647416814437
6.97329,4.88825,6.97329,0.93136,2191.25,2352.75,0.0,0.0,0.6512,0.699193,0.0,1,0.0016971149,0.7600993651,0.794647775060602
10.9643,9.26908,10.9643,0.761133,2031.27,2668.75,0.0,0.0,0.7024,0.922834,0.0,1,0.0019343442,0.9120189145,0.9203611127153205
5.08011,4.95466,5.07716,1.28742,668.968,519.62,0.0,0.0,0.4346,0.337575,0.0,0,0.0022442364,0.7437331515,0.7670524199713531
5.42763,5.00502,5.42763,1.15566,1031.44,892.51,0.0,0.0,0.5104,0.441654,0.0,0,0.001518148,0.6073439435,0.6350439589510539
4.89776,4.80325,4.89776,1.32249,640.157,484.055,0.0,0.0,0.4324,0.326959,0.0,0,0.002563804,0.8289899236,0.83102554256023
6.80616,5.48586,6.79539,1.14478,1985.3,1734.22,0.0,0.0,0.6386,0.557835,0.0,1,0.002777409,1.1990229716,1.2050627205204913
19.03849,6.57368,19.03849,0.594852,2177.49,3660.55,0.0,0.0,0.7766,1.30553,0.0,1,0.0029524511,1.3078856828,1.3693437297787003
5.76966,4.83521,5.76966,1.51984,1227.59,807.709,0.0,0.0,0.4906,0.322798,0.0,1,0.0031696523,1.0870969243,1.115840252911764
6.16839,5.15091,6.14553,1.469,1288.74,877.291,0.0,0.0,0.5068,0.344997,0.0,1,0.0030041998,1.070605092,1.1171913934510225
8.57661,7.89234,8.55843,1.19439,2063.73,1727.86,0.0,0.0,0.673,0.563469,0.0,0,0.0018011635,0.8290250075,0.8154054887279291
5.69914,3.57907,5.69914,1.37889,1612.66,1169.53,0.0,0.0,0.555,0.402497,0.0,1,0.0021217223,0.8954802099,0.8748313023884807
5.60983,3.56003,5.60983,1.35998,1546.68,1137.28,0.0,0.0,0.565,0.415449,0.0,1,0.0020331406,0.8803010907,0.8341982373830471
16.74527,9.32901,16.72649,0.807635,1226.12,1518.16,378.27,468.367,0.6974,0.863509,0.0,1,0.0038483732,1.5683904186,1.3386671589460946
8.10283,5.74584,7.78942,0.857006,2630.83,3069.79,0.0,0.0,0.7212,0.841534,0.0,1,0.0022868529,1.0950320809,1.0767467736655834
4.83097,3.827,4.78914,1.13652,871.617,766.914,0.0,0.0,0.4996,0.439586,0.0,1,0.0048739932,1.6437132783,1.5250609360779652
5.09989,3.45083,5.0749,2.38949,628.019,262.825,0.0,0.0,0.4048,0.169408,0.0,1,0.0012126614,0.3905786628,0.4074325380174798
5.08501,3.51139,5.08501,2.43093,644.893,265.287,0.0,0.0,0.4018,0.165287,0.0,1,0.0012050279,0.3995864933,0.3997883520428904
5.58846,4.62948,5.58392,1.75407,1139.55,649.659,0.0,0.0,0.5118,0.291778,0.0,1,0.0034710534,1.0808873005,1.104027789237558
5.60614,4.62847,5.47098,1.77494,1148.07,646.824,0.0,0.0,0.5046,0.284292,0.0,1,0.0035024503,1.0916722265,1.1090003228232728
4.59869,3.5679,4.59657,1.86048,691.944,371.917,0.0,0.0,0.4344,0.233488,0.0,0,0.0012369036,0.5193347873,0.5008745328934747
17.18258,16.37707,17.18252,0.61117,1430.17,2340.05,0.0,0.0,0.7478,1.22355,0.0,1,0.0029537435,1.3400193336,1.263772050449767
17.92516,17.51395,17.92516,0.536552,1469.43,2738.65,0.0,0.0,0.7562,1.40937,0.0,1,0.0029869292,1.3095320217,1.3222212962939852
24.44059,23.62721,24.44059,0.439059,1246.56,2839.17,0.0,0.0,0.7912,1.80203,0.0,1,0.0030512678,1.4343330001,1.334628270402852
36.78756,36.43313,36.78756,0.334728,1010.86,3019.95,0.0,0.0,0.8506,2.54117,0.0,1,0.0028130789,1.267267587,1.263053559435509
53.57674,53.26429,53.57674,0.23463,734.576,3130.78,0.0,0.0,0.8668,3.69432,0.0,0,0.0026674713,1.3478967036,1.3363476193685369
71.64119,71.50197,71.64119,0.179103,619.991,3461.66,0.0,0.0,0.8986,5.01724,0.0,1,0.0033378202,1.5002918712,1.6648109777615407
8.85312,4.24768,8.85312,0.848051,1428.37,1684.3,0.0,0.0,0.631,0.744059,0.0,1,0.0017977751,0.8079986722,0.8263953583637677
13.87561,10.03609,13.87561,0.965847,1665.9,1724.8,0.0,0.0,0.7062,0.731172,0.0,1,0.0020705214,0.8821779986,0.9529971105673158
9.49471,7.12348,9.49471,1.03474,1089.85,1053.26,0.0,0.0,0.5584,0.539655,0.0,1,0.0020250681,0.8800632023,0.8395527629673663
8.06325,5.70271,8.06325,1.05948,1118.14,1055.37,0.0,0.0,0.5424,0.511951,0.0,1,0.0022252789,0.9192423225,0.9109901948165495
6.11234,4.00379,6.11037,0.853384,2274.69,2665.5,0.0,0.0,0.6316,0.740112,0.0,1,0.0039781563,1.7137086123,1.6776301619271634
13.47425,9.8037,13.46784,0.502799,2109.81,4196.14,0.0,0.0,0.8088,1.6086,0.0,1,0.0028955273,1.4079953902,1.3319714329755579
13.90455,9.65699,13.67506,0.424006,2112.55,4982.37,0.0,0.0,0.8122,1.91554,0.0,1,0.0026652711,1.3334624194,1.2665386548002073
7.82014,4.3293,7.82014,1.54095,1272.68,825.908,0.0,0.0,0.459,0.297868,0.0,1,0.0009371357,0.4203786775,0.44766981348147217
7.88308,6.20532,7.88308,1.40501,1615.19,1149.59,0.0,0.0,0.5966,0.424622,0.0,0,0.0024884862,1.0700235887,1.0318594269908568
7.72531,5.99694,7.71841,1.07668,1740.27,1616.34,0.0,0.0,0.608,0.564701,0.0,0,0.0031592614,1.4202282769,1.320749269809702
6.00247,5.30071,6.00247,1.71779,1047.72,609.926,0.0,0.0,0.4804,0.279662,0.0,0,0.002000943,0.7141672067,0.7353437046105096
6.52014,5.78584,6.51985,1.60919,731.041,454.292,0.0,0.0,0.4398,0.273306,0.0,1,0.0009865401,0.3921064827,0.42811171222314104
6.62287,5.81813,6.60232,1.44048,711.488,493.924,0.0,0.0,0.4434,0.307814,0.0,1,0.0009894391,0.417355828,0.4414793699064232
4.15601,3.75321,4.15601,2.20306,528.853,240.053,0.0,0.0,0.3622,0.164407,0.0,0,0.003577249,1.0568645189,0.954720095303799
4.22072,4.03217,4.22072,2.18549,633.476,289.856,0.0,0.0,0.367,0.167926,0.0,0,0.0046778489,1.1983377128,1.1431909903513073
5.75637,3.63199,5.752,1.21306,695.864,573.642,0.0,0.0,0.461,0.380029,0.0,0,0.0022896326,0.7468774375,0.7764696527587309
6.37556,5.47534,6.06532,1.03259,2464.11,2386.34,0.0,0.0,0.6836,0.662025,0.0,1,0.0032758789,1.4529279781,1.429642566296537
9.45537,5.54963,9.26082,0.925798,2318.33,2504.14,0.0,0.0,0.7126,0.769715,0.0,1,0.0028472121,1.2569944595,1.2574617633353595
7.78665,6.48187,7.78665,0.899667,2411.03,2679.92,0.0,0.0,0.7204,0.800741,0.0,1,0.002783648,1.2804109487,1.2783310475627345
9.5023,7.30426,9.5023,0.978772,2065.68,2110.48,0.0,0.0,0.6764,0.69107,0.0,1,0.0024687514,1.0305271572,1.0868785015777762
5.39014,4.09776,5.39014,1.21945,848.775,696.033,0.0,0.0,0.4626,0.379352,0.0,0,0.0044702617,1.2982730438,1.2975814013895073
5.09966,4.72276,5.09966,1.21463,819.918,675.033,0.0,0.0,0.4664,0.383984,0.0,0,0.004212945,1.2482661434,1.2809478637712561
5.70035,3.74465,5.68395,1.36188,872.92,640.965,0.0,0.0,0.4694,0.344669,0.0,1,0.0031437857,1.0210540008,1.015579934395858
4.59119,3.58129,4.35696,1.13884,1005.06,882.529,15.2393,13.3814,0.5666,0.497524,0.0,0,0.0032891424,1.244445493,1.2636236550569735
12.46985,5.92009,12.2403,0.703058,2170.85,3087.73,0.0,0.0,0.7184,1.02182,0.0,1,0.003558811,1.5579917709,1.491630870716749
7.20015,5.05884,7.19749,1.17107,1370.13,1169.98,0.0,0.0,0.5526,0.471877,0.0,1,0.0019985529,0.8545827731,0.8277953242135219
8.08493,5.70512,8.08493,1.37969,1708.34,1238.2,0.0,0.0,0.6152,0.445897,0.0,0,0.0012659494,0.578303836,0.5815168668130309
8.63785,5.56771,8.63785,1.36162,1719.14,1262.57,0.0,0.0,0.6254,0.459305,0.0,0,0.0012718742,0.5948283263,0.5779659846628995
10.39698,6.23971,7.4603,1.26275,1736.17,1374.91,0.0,0.0,0.6598,0.522512,0.0,0,0.0012264502,0.5791036948,0.5654868358407206
8.37909,6.69323,8.37909,1.32806,1739.82,1310.04,0.0,0.0,0.6402,0.482057,0.0,1,0.0012007757,0.5598735094,0.5702398611224468
9.20954,5.96123,9.20203,1.33437,1715.88,1285.91,0.0,0.0,0.627,0.469885,0.0,0,0.0012264502,0.5747370583,0.5733321775740474
8.77344,5.77864,8.77344,1.35848,1719.23,1265.56,0.0,0.0,0.6372,0.469054,0.0,1,0.0012067006,0.5862352754,0.5670305232070916
4.19945,3.50951,4.19839,1.29344,533.841,412.731,0.0,0.0,0.4586,0.35456,0.0,0,0.0014949421,0.5700522783,0.6457366422698163
13.17296,6.59717,13.17189,0.883255,2124.84,2405.69,0.0,0.0,0.7188,0.813808,0.0,1,0.0034104589,1.3235389599,1.2857939394769689
5.40721,5.27542,5.40721,1.18423,1439.71,1215.73,0.0,0.0,0.5374,0.453797,0.0,0,0.005375298,1.7168880839,1.8017885683323058
5.17319,4.55903,5.17319,1.10092,1367.69,1242.32,0.0,0.0,0.552,0.5014,0.0,1,0.0031968503,1.1796020906,1.2331158910344806
14.21059,13.62195,14.20905,0.470058,1999.64,4254.04,0.0,0.0,0.8176,1.73936,0.0,1,0.0020925799,1.0199025552,1.0301232995564376
5.97505,5.0342,5.95251,0.92739,2392.13,2579.42,0.0,0.0,0.666,0.718144,0.0,0,0.0031011055,1.3961532274,1.3675847730364956
6.08901,5.09508,6.08573,0.93229,2330.9,2500.19,0.0,0.0,0.6512,0.698495,0.0,0,0.0032731934,1.3861947955,1.4094474626115683
4.32886,3.44721,4.31075,1.25081,566.106,452.592,0.0,0.0,0.462,0.369361,0.0,1,0.001296864,0.5762770696,0.5343758996178628
4.3699,3.50423,4.34774,1.23163,597.681,485.277,0.0,0.0,0.468,0.379984,0.0,1,0.0013428324,0.6028388697,0.5381894856776668
6.02864,4.29629,6.02864,1.13222,1723.76,1522.46,0.0,0.0,0.6098,0.538588,0.0,0,0.0042345353,1.7037203933,1.6560776328615772
4.93156,4.16902,4.92505,2.31703,753.709,325.291,0.0,0.0,0.3776,0.162967,0.0,0,0.0020518295,0.6043104689,0.6298681831257698
5.77452,4.19628,5.77452,1.18323,2019.49,1706.76,0.0,0.0,0.6626,0.559992,0.0,0,0.002532888,1.0847116084,1.1260490771459088
7.23442,6.64943,7.23442,1.25736,958.585,762.382,0.0,0.0,0.4932,0.392252,0.0,0,0.0009541172,0.4228487784,0.43094972825503663
5.40468,4.16071,5.24069,1.54847,1362.91,880.165,0.0,0.0,0.5192,0.335298,0.0,1,0.0018623041,0.7674201661,0.7472427892870753
10.50032,10.04767,10.50032,0.982459,1440.31,1466.03,0.0,0.0,0.6132,0.624148,0.0,1,0.0023776177,1.0708814366,1.0133045973653751
5.96762,4.61739,5.59799,1.1098,1315.0,1184.9,1.14823,1.03463,0.578,0.520815,0.0,1,0.0015416275,0.6473374261,0.6575181240729275
6.00946,4.04752,5.99904,1.21211,664.521,548.234,0.0,0.0,0.4704,0.388083,0.0,1,0.0026383151,0.8354318071,0.8667889751088511
6.35159,4.65776,6.34133,1.14836,1013.62,882.673,0.0,0.0,0.5162,0.449512,0.0,1,0.0034463296,1.1818174819,1.1978220944119224
9.94535,8.42715,9.94535,0.56995,2088.86,3665.0,0.0,0.0,0.7428,1.30327,0.0,0,0.0039146311,1.645091313,1.711961767094045
8.30815,7.80553,8.30815,1.20426,2064.05,1713.96,0.0,0.0,0.6688,0.555362,0.0,0,0.0018992532,0.8405890566,0.8511222629066979
8.27117,7.50835,8.18647,1.23809,2073.81,1675.0,0.0,0.0,0.6628,0.535339,0.0,1,0.001976935,0.8742325001,0.8841017512661733
4.63321,3.54746,4.62492,1.48698,355.273,238.923,0.0,0.0,0.3958,0.266178,0.0,1,0.0014265631,0.5409045364,0.5177411468862202
5.32542,4.68558,5.29552,1.52248,1574.19,1033.97,0.0,0.0,0.575,0.377674,0.0,1,0.001269363,0.5639614179,0.547651713774908
5.06604,4.01581,5.06032,1.4577,413.629,283.754,105.001,72.0315,0.443,0.303902,0.0,1,0.0020795716,0.7522406232,0.7282831577027473
5.8918,4.42295,5.82087,1.11408,2330.31,2091.69,0.0,0.0,0.6462,0.580029,0.0,1,0.002279491,1.0172102608,1.0253895090813674
6.74711,5.16908,6.7416,0.926118,2487.32,2685.75,0.0,0.0,0.688,0.742886,0.0,1,0.0019242681,0.9230583695,0.9237832793009373
7.26111,4.49108,7.2508,1.17019,1831.91,1565.48,0.0,0.0,0.6072,0.51889,0.0,1,0.0018521132,0.8382179261,0.8072880656592814
4.67601,3.58614,4.53668,1.50157,646.168,430.33,0.0,0.0,0.452,0.301019,0.0,1,0.0015159349,0.5774161175,0.5989175029261955
5.08447,4.36113,5.07274,1.22435,722.372,590.005,0.0,0.0,0.469,0.38306,0.0,1,0.0052409144,1.3002742229,1.4526130908070713
9.61015,5.51941,9.61015,1.44392,1795.25,1243.32,0.0,0.0,0.604,0.418306,0.0,0,0.0013463407,0.656729499,0.6014600525011309
8.20229,7.33404,8.17219,0.896085,1741.45,1943.4,0.0,0.0,0.6732,0.751268,0.0,0,0.0026022395,1.2342836032,1.1718460662678958
5.56844,4.5608,5.56844,2.09957,1607.82,765.783,0.0,0.0,0.5896,0.280819,0.0,1,0.0011938263,0.494276969,0.5180141047085814
4.94875,3.6681,4.74718,1.32167,723.976,547.773,0.0,0.0,0.481,0.363934,0.0,1,0.0017503051,0.6462022733,0.6553531777555434
6.50353,4.02235,6.48646,1.01612,1524.25,1500.07,0.0,0.0,0.5582,0.549344,0.0,0,0.0040144653,1.6208826217,1.572079989332116
21.09518,19.24681,20.98484,0.298857,1270.61,4251.56,0.0,0.0,0.868,2.9044,0.0,1,0.0025820712,1.2827155844,1.2654989846511302
4.4617,3.54667,4.45263,1.35931,320.757,235.971,161.359,118.706,0.4638,0.341202,0.0,1,0.0037427382,1.2480907272,1.0958145046844538
8.70379,4.00842,8.70379,1.20121,1712.27,1425.46,0.0,0.0,0.5914,0.492338,0.000832496,0,0.0026708431,1.0257289277,1.0385873441821538
4.69173,3.85639,4.65615,1.66558,994.805,597.274,0.0,0.0,0.4696,0.281944,0.0,1,0.0031995171,1.1538850582,1.0687440698952346
5.41592,3.76809,5.41592,1.32563,1019.52,769.082,0.0,0.0,0.4806,0.362546,0.0,0,0.0017240311,0.7251543536,0.6763149415180316
10.67067,8.77989,10.67019,0.799166,1949.96,2439.99,0.0,0.0,0.71,0.888426,0.0,1,0.002014384,0.9300402397,0.9209333524274154
6.51947,4.18889,6.51947,1.08279,1782.29,1646.02,0.0,0.0,0.638,0.589221,0.0,0,0.0038341134,1.5836237213,1.593658832424952
9.17489,7.98957,9.06653,0.92991,1617.71,1739.64,0.0,0.0,0.6164,0.66286,0.0,1,0.003134621,1.2992280314,1.2931057314309118
10.01133,8.72369,10.0082,0.889531,2175.51,2445.69,0.0,0.0,0.787,0.884736,0.0,1,0.0011123416,0.51845856,0.5383216874510269
9.94292,8.65457,9.91903,0.903529,2165.07,2396.24,0.0,0.0,0.7826,0.86616,0.0,1,0.0009790205,0.5212557498,0.49894779482701146
7.47442,6.27169,7.47442,1.39226,1576.48,1132.32,0.0,0.0,0.6106,0.438569,0.0,1,0.0009888154,0.4464811837,0.5006182506868291
5.01128,4.18788,4.96894,1.11888,878.165,784.859,0.0,0.0,0.5036,0.450092,0.0,1,0.0045432351,1.4352114602,1.4767108789855636
15.36971,3.55595,15.36971,0.839199,1628.5,1940.54,0.0,0.0,0.652,0.776931,0.0,0,0.0040982403,1.7972826113,1.665195265711026
3.89523,3.56149,3.89523,2.03382,242.444,119.206,0.0,0.0,0.4326,0.212703,0.0,1,0.0019712039,0.6555267091,0.6300017323629084
5.8356,4.62926,5.8296,1.09463,1307.34,1194.33,0.0,0.0,0.5502,0.502636,0.0,0,0.0052620899,1.7302461128,1.7447575242944633
13.61739,4.61754,13.61739,0.953237,2216.88,2325.64,0.0,0.0,0.6886,0.722381,0.0,1,0.0031738384,1.4286674862,1.298314223432977
4.37304,3.99561,4.36427,1.79681,1037.11,577.197,0.0,0.0,0.5372,0.298975,0.0,1,0.0025911134,0.9533537578,0.9536604102229762
6.47922,3.93218,6.4245,1.19886,1481.92,1236.11,0.0,0.0,0.5554,0.463273,0.0,1,0.0025282746,1.0524895399,1.0599459275324594
6.54942,3.9072,6.54694,1.21025,1492.0,1232.81,0.0,0.0,0.5598,0.46255,0.0,1,0.0026103384,1.0694354251,1.0601223988722595
6.44133,3.78742,6.3358,1.2672,1503.0,1186.08,0.0,0.0,0.5486,0.432924,0.0,1,0.0026576812,1.0610654142,1.0440768206132383
6.54291,3.90146,6.54291,1.24418,1488.27,1196.19,0.0,0.0,0.5602,0.450258,0.0,1,0.0025529572,1.0507561483,1.0552261279295505
5.22433,4.41387,5.22043,1.2008,1767.14,1471.63,0.0,0.0,0.5696,0.474351,0.0,1,0.005064012,1.9110354143,1.892099061853842
5.03981,3.90859,5.01601,1.48698,1131.86,761.178,0.0,0.0,0.4928,0.331409,0.0,1,0.0032176777,1.1799826334,1.1282795278937854
5.17293,4.0299,5.17293,1.53238,836.842,546.106,0.0,0.0,0.4794,0.312847,0.0,1,0.0025191634,0.8607723644,0.8566419059085021
5.03811,3.94141,5.03811,1.46802,1178.02,802.454,0.0,0.0,0.5092,0.346863,0.0,1,0.0031891465,1.190255426,1.1377887860077078
6.72021,5.65873,6.72021,1.01181,1054.68,1042.37,0.0,0.0,0.5302,0.52401,0.0,0,0.0008188925,0.3633284198,0.39485946219417956
6.55761,6.38772,6.55761,1.0684,1052.58,985.194,0.0,0.0,0.5174,0.484275,0.0,0,0.0009448096,0.4439255578,0.41873834181003866
5.71975,3.68772,5.7164,1.35451,1400.63,1034.05,0.0,0.0,0.5398,0.398522,0.0,1,0.002097611,0.8751715492,0.8665931387430212
9.69288,7.37414,9.69288,1.14102,1457.05,1276.97,0.0,0.0,0.586,0.513575,0.0,0,0.0016886538,0.7537548065,0.7562693541627199
9.76179,7.44687,9.76179,1.1629,1436.26,1235.07,0.0,0.0,0.573,0.492735,0.0,1,0.0017247362,0.7714513934,0.7435256290088534
9.68542,7.26317,9.68542,1.1664,1438.72,1233.47,0.0,0.0,0.575,0.49297,0.0,1,0.0016237056,0.7523241415,0.7271974750060677
9.62315,7.47258,9.62297,1.13645,1456.84,1281.92,0.0,0.0,0.5872,0.516695,0.0,0,0.0015614635,0.7507121627,0.717757231153666
9.67783,7.26872,9.67783,1.16505,1440.32,1236.27,0.0,0.0,0.5776,0.495773,0.0,1,0.0015957418,0.753377746,0.7236298404136343
12.21297,10.12216,12.21297,0.962787,1461.82,1518.32,0.0,0.0,0.6354,0.659959,0.0,1,0.001887931,0.8505104778,0.8314508969248275
15.8929,13.20205,15.79897,0.679059,1536.4,2262.54,0.0,0.0,0.7374,1.08592,0.0,0,0.0017579605,0.8131016564,0.8146830012116635
5.2699,4.49334,5.2699,1.45263,1149.42,791.271,0.0,0.0,0.5294,0.364442,0.0,1,0.0018722666,0.7306660192,0.7267803007817772
4.47894,3.61798,4.46305,1.15409,1529.36,1325.16,0.0,0.0,0.5662,0.490602,0.0,0,0.0042890182,1.7309547493,1.6811792763219287
6.81493,5.97974,6.81375,1.3839,1674.07,1209.68,0.0,0.0,0.6086,0.439772,0.0,1,0.0024085361,1.0062437489,1.0211572978028927
7.01984,6.76477,7.01984,0.978971,1612.66,1647.3,0.0,0.0,0.5868,0.599405,0.0,0,0.0049116531,2.0427496468,2.0145569473778675
8.1061,7.63768,8.07477,1.2392,2030.48,1638.54,0.0,0.0,0.6692,0.540025,0.0,1,0.0018702871,0.841916888,0.8385469033616765
7.11187,6.8054,7.11187,1.50504,1508.7,1002.44,0.0,0.0,0.5702,0.378862,0.0,1,0.0025121142,1.0619325516,1.033234174754752
6.85652,6.48147,6.85652,1.67165,1571.6,940.146,0.0,0.0,0.549,0.328417,0.0,0,0.0031803584,1.2001642282,1.2396712717977434
7.87003,7.35,7.87003,0.987944,1759.25,1780.72,0.0,0.0,0.6412,0.649025,0.0,0,0.0027166143,1.2572068812,1.201516059973461
7.24131,5.09073,7.23502,0.88875,2564.25,2885.23,0.0,0.0,0.6954,0.782447,0.0,1,0.0027965651,1.2954402292,1.3033599194596643
5.5169,5.02553,5.5169,1.03225,2416.65,2341.14,0.0,0.0,0.6696,0.648678,0.0,1,0.0026218799,1.1680166784,1.1543787036212323
18.35498,16.34268,18.35498,1.06535,1653.8,1552.35,0.0,0.0,0.7432,0.697612,0.00112639,1,0.0011024813,0.504275189,0.5531120979586299
5.2131,3.75496,5.20977,1.33753,1363.66,1019.54,0.0,0.0,0.5834,0.436178,0.0,1,0.0009471706,0.4464006398,0.42703792644637617
6.61883,4.82903,6.58035,1.50455,1309.82,870.575,0.0,0.0,0.5346,0.355323,0.0,1,0.0031863597,1.2205088937,1.1929602666681225
10.62623,9.13273,10.62623,0.914395,1723.95,1885.35,0.0,0.0,0.6746,0.737756,0.0,1,0.0025880657,1.1692404655,1.141841567324235
10.65559,9.10715,10.62918,0.918282,1715.69,1868.37,0.0,0.0,0.6836,0.744434,0.0,1,0.0025825651,1.1450773732,1.1352896705222346
10.68647,9.07282,10.64358,0.778283,1708.0,2194.57,0.0,0.0,0.6882,0.884254,0.0,1,0.0029877977,1.322234386,1.304163269467351
11.61678,10.99568,11.61678,1.13145,1593.32,1408.21,0.0,0.0,0.6444,0.569535,0.0,1,0.0022146753,1.0132657397,1.0198253859234914
11.26396,10.8267,11.26396,1.13289,1578.11,1393.0,0.0,0.0,0.6352,0.560691,0.0,1,0.0020856828,0.9642867142,0.9635966271474423
11.57288,10.94497,11.57288,1.13911,1582.39,1389.14,0.0,0.0,0.6384,0.560437,0.0,1,0.0020911331,1.0239466882,0.9719817623714869
4.34974,3.44315,4.3363,1.72993,254.091,146.879,149.818,86.6033,0.429,0.247987,0.0,1,0.001612108,0.5934166992,0.5906733607867206
8.84902,7.39282,8.55302,0.84182,1819.29,2161.13,0.0,0.0,0.6546,0.7776,0.0,0,0.0022321031,1.0847599025,1.0246746629991264
16.36523,5.22927,16.36523,0.720658,2117.08,2937.7,0.0,0.0,0.7092,0.9841,0.0,1,0.003281187,1.4639732114,1.4510923163317186
7.74471,4.63206,7.74435,1.3092,888.245,678.465,0.0,0.0,0.4856,0.370914,0.0,0,0.0014836882,0.6265323042,0.6184356688986377
11.52297,3.67055,11.52297,0.903784,1536.01,1699.54,0.0,0.0,0.6434,0.711896,0.0,0,0.0014668407,0.6859757144,0.6906046650755492
11.26795,3.60856,11.26795,0.928704,1552.88,1672.09,0.0,0.0,0.6514,0.701407,0.0,0,0.0014640461,0.6725031823,0.6826539555000741
5.47631,4.61623,5.47631,1.08146,2270.04,2099.06,0.0,0.0,0.6446,0.596049,0.0,1,0.0038121135,1.6073747289,1.5870548436307812
7.02055,6.72566,7.02055,1.5497,1564.27,1009.4,0.0,0.0,0.5642,0.364069,0.0,0,0.0025218681,1.04240569,1.0339103694243987
5.28042,3.84303,5.01194,1.17037,1017.74,869.583,0.0,0.0,0.5124,0.437809,0.0,1,0.0016840047,0.7162255435,0.7153293773939415
6.18995,5.53555,6.17075,1.00925,1555.89,1541.63,0.0,0.0,0.5934,0.587963,0.0,1,0.0047479003,1.7538679005,1.7777603374209945
7.6925,5.22397,7.6925,0.967552,1457.91,1506.8,0.0,0.0,0.5822,0.601725,0.0,1,0.0032184189,1.2397829123,1.3121199716995762
10.07441,8.56931,10.07441,0.708098,2363.51,3337.82,0.0,0.0,0.7424,1.04844,0.0,1,0.0032104678,1.4087664569,1.420158030445571
11.28347,6.23061,11.2833,0.73908,2383.12,3224.44,0.0,0.0,0.7306,0.988527,0.0,1,0.0036778471,1.5485805026,1.565915660391595
4.71148,4.0993,4.71148,1.05303,1402.23,1331.61,0.0,0.0,0.6032,0.572822,0.0,1,0.0031132814,1.3487749927,1.2934642854009761
14.47047,3.66339,14.46844,0.794221,1742.27,2193.69,0.0,0.0,0.7298,0.918888,0.0,1,0.0027315496,1.235249919,1.2106936057013304
4.42679,4.26632,4.42679,1.31307,1092.38,831.931,0.0,0.0,0.5278,0.40196,0.0,0,0.0050511778,1.4941818244,1.6339758659794228
4.49444,4.34625,4.49444,1.29869,1133.37,872.699,0.0,0.0,0.5334,0.410721,0.0,0,0.0049001987,1.5315398796,1.6239390451248759
4.41727,4.22902,4.41727,1.31505,1081.66,822.523,0.0,0.0,0.5234,0.398009,0.0,0,0.0048326554,1.4735903949,1.5796098146449757
7.85539,7.34267,7.85421,0.993925,1777.54,1788.41,0.0,0.0,0.6354,0.639284,0.0,0,0.002645402,1.2650138503,1.1614827834620098
6.38657,4.98443,6.37723,0.814512,2668.09,3275.69,0.0,0.0,0.6874,0.843941,0.0,0,0.0033775915,1.4639416065,1.5089353075272958
9.1752,7.37433,9.1752,0.963135,2062.24,2141.17,0.0,0.0,0.6686,0.694191,0.0,1,0.0016694677,0.7132230853,0.7669331209529031
5.89707,5.20358,5.89707,1.03265,2825.78,2736.42,0.0,0.0,0.6948,0.672829,0.0,0,0.0022369964,1.0476397353,1.040798360197784
4.80607,4.08896,4.78655,1.66902,1314.15,787.374,0.0,0.0,0.5938,0.355777,0.0,0,0.0028698283,1.1417153956,1.0888222008129431
18.76086,11.86635,18.76086,0.419881,1773.06,4222.76,0.0,0.0,0.8408,2.00247,0.0,1,0.0028646507,1.3753906816,1.3488527616329673
4.92676,4.21433,4.92676,0.888887,2386.29,2684.58,0.0,0.0,0.6492,0.730352,0.0,0,0.0023140671,1.0256508743,1.0699875786251896
5.80887,4.60559,5.80549,1.29073,2087.2,1617.07,0.0,0.0,0.6484,0.502351,0.0,0,0.0033734465,1.3798732367,1.40201048858928
5.38066,4.73377,5.38066,1.02212,1743.14,1705.42,0.0,0.0,0.596,0.583103,0.0,1,0.0027974567,1.2036435791,1.18786506252645
5.99511,5.1936,5.99511,1.69632,1257.02,741.025,0.0,0.0,0.5152,0.303716,0.0,1,0.0032001703,1.0707355057,1.114703791676827
5.99338,5.23289,5.99338,1.66873,1254.35,751.683,0.0,0.0,0.5178,0.310297,0.0,1,0.0031008442,1.0784055397,1.0973170714786853
5.97003,5.21528,5.97003,1.65966,1234.67,743.931,0.0,0.0,0.5184,0.312353,0.0,1,0.00316119,1.0662850192,1.1034647041649808
6.00511,5.20372,6.00511,1.61583,1236.89,765.482,0.0,0.0,0.521,0.322434,0.0,1,0.0031949801,1.0892006755,1.1203523944323097
8.31266,6.47199,8.20556,0.679186,2443.34,3597.46,0.0,0.0,0.7546,1.11104,0.0,1,0.0029914791,1.4408245523,1.394138361010135
8.43693,5.95196,8.03277,1.35381,1577.05,1164.9,0.0,0.0,0.616,0.455013,0.0,1,0.0022513665,0.974695876,0.9653740630692917
6.78942,4.98966,6.77665,1.39975,1050.66,750.605,0.0,0.0,0.4732,0.33806,0.0,1,0.0021317054,0.81839688,0.839695684471844
19.22538,6.71018,19.22499,0.693763,2153.01,3103.37,0.0,0.0,0.757,1.09115,0.0,1,0.0034166292,1.5507136923,1.503517747126304
7.06044,5.44324,7.04565,0.861876,2509.51,2911.69,0.0,0.0,0.7062,0.819376,0.0,1,0.0025546393,1.2436806845,1.2089070908827884
6.38354,5.71555,6.35379,1.16333,2168.31,1863.88,0.0,0.0,0.653,0.561321,0.0,1,0.0025032058,1.1299878133,1.0876067939690004
6.23207,5.25681,6.23207,1.2688,1153.66,909.256,0.0,0.0,0.5338,0.420714,0.0,1,0.0016054875,0.7137693341,0.6884407173994416
4.82292,4.04207,4.82292,1.2506,823.12,658.177,0.0,0.0,0.481,0.384614,0.0,1,0.002348814,0.836839047,0.8723237067375575
8.13654,7.41946,8.10265,1.23579,2022.73,1636.78,0.0,0.0,0.6656,0.538601,0.0,0,0.0018709454,0.8338024357,0.8347655765003189
8.77466,8.24178,8.76382,1.17605,2072.16,1761.97,0.0,0.0,0.686,0.583311,0.0,0,0.0020355254,0.8380874406,0.9048798733945669
8.72478,7.97366,8.7184,1.18471,2089.45,1763.69,0.0,0.0,0.6672,0.563178,0.0,0,0.0019130779,0.840785236,0.866558322573938
8.46136,7.91648,8.46136,1.21276,2069.15,1706.15,0.0,0.0,0.6704,0.552789,0.0,0,0.0018492209,0.846459296,0.8393853189863886
6.25393,4.92061,6.24311,1.24524,1162.74,933.744,0.0,0.0,0.513,0.411967,0.0,1,0.0035191367,1.2442293915,1.2385918105660805
8.78676,6.77563,8.78676,0.847279,2062.57,2434.34,0.0,0.0,0.6744,0.79596,0.0,1,0.0025618095,1.1579400011,1.1452628742304904
6.70484,6.32665,6.70484,1.05966,2286.47,2157.74,0.0,0.0,0.6502,0.613593,0.0,0,0.00463112,1.9584998837,1.9418790103386887
8.11347,7.39172,8.11088,1.23046,2025.07,1645.79,0.0,0.0,0.6712,0.545487,0.0,0,0.0018235464,0.8223450345,0.8221252136173371
6.70637,6.34214,6.70637,1.04875,2285.42,2179.2,0.0,0.0,0.6702,0.639049,0.0,0,0.0045441434,1.9348559943,1.9194959000225835
6.97799,5.28288,6.97799,1.00094,2334.34,2332.14,0.0,0.0,0.674,0.673365,0.0,1,0.0021543017,0.936015826,0.9948413211502853
6.62072,5.41763,6.62072,1.09079,2319.93,2126.83,0.0,0.0,0.6638,0.608548,0.0,1,0.0020562823,0.910360458,0.9272616093375923
6.50923,5.39354,6.50923,1.11456,2282.12,2047.56,0.0,0.0,0.6604,0.592523,0.0,1,0.0020750691,0.9137538791,0.9609049063599758
11.07564,6.55104,11.07564,0.882976,2163.69,2450.45,0.0,0.0,0.717,0.812027,0.0,1,0.003355566,1.2654307081,1.29951770005566
13.18133,6.56576,13.18133,0.88151,2137.18,2424.45,0.0,0.0,0.7168,0.81315,0.0,1,0.0032987358,1.2762981957,1.2657396043587648
13.19327,6.63983,13.19327,0.881013,2113.29,2398.7,0.0,0.0,0.7204,0.817695,0.0,1,0.0034563105,1.2814697455,1.2883379857234631
7.99336,6.43639,7.96868,0.786263,2208.41,2808.75,0.0,0.0,0.6702,0.852386,0.0,1,0.0029805993,1.3316222597,1.3884212372335456
8.78838,7.50509,8.78838,0.73171,2217.3,3030.3,0.0,0.0,0.6802,0.929603,0.0,0,0.002661914,1.2533276287,1.2102052209705887
8.29809,6.85068,8.29809,0.790491,2059.77,2605.68,0.0,0.0,0.6598,0.834671,0.0,1,0.0028373902,1.3082232561,1.3268791869141978
4.66034,3.46037,4.63504,1.16769,974.945,834.933,0.0,0.0,0.5088,0.435731,0.0,0,0.0051300675,1.4148227594,1.738687783983805
6.18672,5.12197,6.18672,1.20466,2258.56,1874.85,0.0,0.0,0.6516,0.540898,0.0,1,0.0019585853,0.8606448223,0.8745286022795231
4.88485,4.19849,4.88485,1.17469,1409.46,1199.86,0.0,0.0,0.5526,0.470422,0.0,1,0.002141505,0.8906303663,0.918841032384335
4.19176,3.82361,4.19176,1.2075,1328.47,1100.17,0.0,0.0,0.5406,0.4477,0.0,1,0.001811971,0.7496433835,0.8200266194121244
16.78989,6.64048,16.78989,0.755158,2186.99,2896.07,0.0,0.0,0.742,0.982576,0.0,1,0.0031477579,1.406464704,1.4093938668751655
7.82825,4.19616,7.82511,1.75226,1007.81,575.152,0.0,0.0,0.4478,0.255556,0.0,1,0.0022267833,0.866251051,0.8059150692772682
13.18202,6.56101,13.18202,0.874244,2168.24,2480.14,0.0,0.0,0.7172,0.820366,0.0,1,0.0027925818,1.1661817644,1.1869366764475306
8.59808,3.83664,8.57584,1.027,1782.17,1735.31,0.0,0.0,0.6252,0.608761,0.0,1,0.0038107557,1.6343387699,1.5887285504518618
8.81736,4.01112,8.59398,0.978332,1794.66,1834.4,0.0,0.0,0.6308,0.644771,0.0,1,0.0036425804,1.6227381215,1.5600298037254738
8.87095,4.01926,8.85196,0.99882,1779.57,1781.67,0.0,0.0,0.63,0.630744,0.0,1,0.0036680605,1.6242972015,1.5502800623363124
8.7376,3.97317,8.68094,0.99936,1793.88,1795.03,0.0,0.0,0.631,0.631404,0.0,1,0.003716886,1.6303264359,1.5858634500803706
8.70746,3.96873,8.68609,1.0202,1783.95,1748.63,0.0,0.0,0.6284,0.615958,0.0,1,0.0038049576,1.6346729302,1.5805134663825353
9.97573,6.14945,9.9755,0.833875,1650.14,1978.89,0.0,0.0,0.635,0.761505,0.0,0,0.0027773415,1.2505998851,1.2049435629739529
10.78647,9.46825,10.78641,1.0639,1328.84,1249.03,0.0,0.0,0.569,0.534826,0.0,1,0.0012894324,0.6105272076,0.6189833448882269
5.45181,5.00801,5.45026,0.91452,1466.61,1603.69,0.0,0.0,0.6234,0.681669,0.0,0,0.0030320616,1.3127714401,1.2289056219676207
12.99556,11.59411,12.53696,0.409914,1974.15,4816.02,0.0,0.0,0.8394,2.04775,0.0,0,0.0022985863,1.1657819158,1.109409863814332
5.79435,4.06776,5.78784,1.1064,1279.06,1156.05,0.0,0.0,0.5442,0.491863,0.0,1,0.0047076398,1.7840479962,1.5790799957400279
8.35438,6.74513,8.35438,1.25512,1629.48,1298.27,0.0,0.0,0.6082,0.484574,0.0,0,0.0022770027,1.0045839353,0.9878712261770375
7.55155,6.59808,7.55155,1.24948,986.433,789.474,0.0,0.0,0.5334,0.426897,0.0,1,0.0013907886,0.5954566912,0.59184722611234
5.76528,3.44001,5.76528,2.05587,771.787,375.407,0.0,0.0,0.4332,0.210714,0.0,1,0.0014888808,0.5323280558,0.5445474263737464
9.64677,7.09331,9.64677,0.59954,2372.38,3957.0,0.0,0.0,0.7742,1.29132,0.0,1,0.0029076903,1.3444581441,1.3263638557810258
10.7978,7.28862,10.07334,0.52652,2852.06,5416.81,0.601169,1.14178,0.7786,1.47877,0.0,1,0.0032673622,1.5751560809,1.4669307201960142
6.56646,4.08998,6.54784,1.26553,1485.95,1174.18,0.0,0.0,0.5694,0.449931,0.0,0,0.0026853746,1.0772188412,1.0707934723388322
4.89634,3.8976,4.73512,1.37366,1723.73,1254.84,0.0,0.0,0.596,0.433877,0.0,1,0.0030023098,1.2383570822,1.2240823966942673
7.25953,5.23411,7.25953,1.08539,2701.3,2488.77,0.0,0.0,0.709,0.653219,0.0,1,0.0038176682,1.6916434366,1.6216421501140652
4.38797,3.72635,4.38797,1.29817,708.567,545.82,0.0,0.0,0.448,0.345101,0.0,0,0.0018074779,0.6821938088,0.7067161878484944
4.90044,3.63709,4.9004,1.39724,1278.69,915.152,0.0,0.0,0.5378,0.384902,0.0,1,0.0024386818,0.9840788838,0.9753286389526641
9.47366,7.57886,8.89706,0.818244,1562.75,1909.88,0.0,0.0,0.6376,0.779229,0.0,1,0.001873209,0.8709830853,0.8460904831392673
6.18933,6.06319,6.18525,1.70548,627.561,367.968,0.0,0.0,0.428,0.250956,0.0,0,0.0015790965,0.51296005,0.5759109307567662
6.03338,5.92233,6.03037,1.73347,616.775,355.803,0.0,0.0,0.4186,0.241481,0.0,0,0.0017045495,0.5246720658,0.5774324906031438
6.11363,6.00668,6.11363,1.71163,630.3,368.246,0.0,0.0,0.4286,0.250405,0.0,0,0.0015837002,0.5000545043,0.5692396578638387
6.83932,5.17767,6.83932,0.667047,2492.87,3737.18,0.0,0.0,0.6944,1.04101,0.0,1,0.003611017,1.6820310701,1.6351943006043104
5.56445,4.67968,5.55486,1.27739,2127.97,1665.87,0.0,0.0,0.6456,0.505404,0.0,0,0.0028038694,1.2619424618,1.205725912900736
12.9835,12.22348,12.9835,0.782876,1609.55,2055.94,0.0,0.0,0.6462,0.825418,0.0,1,0.0035046184,1.396652421,1.4172627745124011
12.20204,12.01283,12.20204,0.782648,1673.73,2138.55,0.0,0.0,0.6702,0.856323,0.0,1,0.0041292064,1.5534419387,1.594971796893356
6.41454,5.84385,6.41454,1.06115,1369.43,1290.51,0.0,0.0,0.545,0.513592,0.0,0,0.0016462532,0.7280274043,0.7330115387457266
4.96323,4.04573,4.95818,1.11527,1604.24,1438.44,0.0,0.0,0.5578,0.500149,0.0,0,0.0012911933,0.6195250932,0.6134898079418308
5.65756,4.12237,5.64659,1.3278,950.233,715.647,0.0,0.0,0.4958,0.373401,0.0,1,0.0012035379,0.504383577,0.48775426850022185
8.9985,5.11189,8.9985,0.769828,1964.88,2552.36,0.0,0.0,0.6538,0.849281,0.0,1,0.0037136078,1.6064624839,1.5699786474818307
7.19373,5.47476,7.19162,0.743514,2474.93,3328.7,0.0,0.0,0.678,0.911886,0.0,1,0.0033594365,1.4821141076,1.5126517447420305
10.31674,9.51664,10.31674,1.55109,1234.33,795.781,0.0,0.0,0.5892,0.379861,0.0,1,0.0012113045,0.5168527301,0.5362305674892822
10.20812,9.46941,10.20812,1.57295,1231.54,782.951,0.0,0.0,0.5872,0.373312,0.0,1,0.0012139892,0.5208082399,0.5279779063146534
7.09237,6.9712,7.09237,1.23349,1578.28,1279.52,0.0,0.0,0.5866,0.47556,0.0,0,0.005855884,2.3835845374,2.23115799362849
7.05263,6.93916,7.05263,1.17979,1573.47,1333.69,0.0,0.0,0.5826,0.493819,0.0,0,0.0045757261,1.9232838348,1.8675877334367217
5.69893,5.36843,5.69893,1.57809,498.722,316.029,0.0,0.0,0.4096,0.259554,0.0,1,0.0014747588,0.4918725023,0.5255496680899269
8.38886,8.25863,8.38886,0.927218,1939.79,2092.05,0.0,0.0,0.7086,0.764222,0.0,0,0.0014967649,0.768953312,0.7360397459980439
4.98254,4.66211,4.92513,1.2855,367.973,286.249,0.0,0.0,0.4142,0.32221,0.0,1,0.0017118084,0.525389552,0.5575960773318239
11.93851,7.45098,11.93851,0.561345,2465.98,4393.0,0.0,0.0,0.7892,1.40591,0.0,1,0.0019148571,0.940708783,0.9569828959136275
7.60995,6.84404,7.60152,1.19319,1872.8,1569.57,0.0,0.0,0.6146,0.515088,0.0,1,0.0016895667,0.7402103352,0.7677528529738273
7.61281,6.7795,7.61281,1.23616,1858.69,1503.6,0.0,0.0,0.6202,0.501716,0.0,1,0.0018344537,0.788530567,0.8318503402124732
8.94506,6.39643,8.9366,0.932619,2044.77,2192.51,0.0,0.0,0.6812,0.730416,0.0,1,0.0027745604,1.3023514524,1.1986700178222527
4.72389,3.94843,4.7043,1.63068,1518.12,930.97,0.0,0.0,0.6006,0.368312,0.0,0,0.0046029262,1.652231017,1.5937492663063022
7.27421,6.44823,7.26586,0.918654,1410.21,1535.08,0.0,0.0,0.5716,0.622215,0.0,1,0.0028284862,1.1767798723,1.21790911894819
5.31191,3.45332,5.31191,1.3024,757.68,581.756,0.0,0.0,0.4834,0.371161,0.0,0,0.0012554212,0.5218900653,0.4944088790746025
11.11165,6.76913,11.10718,0.977004,2218.73,2270.96,0.0,0.0,0.7358,0.753118,0.0,1,0.0025038175,0.9985085816,1.058701572607487
11.12433,6.7889,11.12433,0.98349,2237.28,2274.84,0.0,0.0,0.7358,0.748152,0.0,1,0.0024595387,0.9924228299,1.0462725732118452
6.36917,5.18527,6.3624,0.882052,2917.95,3308.15,0.0,0.0,0.7278,0.825122,0.0,0,0.0016697483,0.7883516326,0.7808497860099106
6.29319,4.18887,6.28108,1.16711,1136.4,973.681,0.0,0.0,0.5084,0.435605,0.0,1,0.0031830049,1.1345592854,1.1642938704497425
4.80997,3.90285,4.79195,1.24859,706.426,565.776,0.0,0.0,0.4748,0.380268,0.0,1,0.003094234,1.0514784849,1.0047674395721582
8.09113,4.61719,8.09113,1.43313,1313.7,916.666,0.0,0.0,0.5436,0.379311,0.0,0,0.004568514,1.1496997962,1.527481727161407
5.04484,3.57491,5.04484,1.22875,1458.35,1186.85,0.0,0.0,0.6306,0.513203,0.0,0,0.0026444023,1.0490889909,1.0560393545554563
4.03108,3.48324,4.03108,1.38569,387.305,279.502,0.0,0.0,0.442,0.318974,0.0,0,0.0010402325,0.4400499993,0.4829387783402206
7.12468,6.03948,7.12468,1.31037,1062.37,810.735,0.0,0.0,0.4896,0.373634,0.0,1,0.0013940224,0.5879799637,0.5935530871202253
4.65952,3.80073,4.61652,1.92155,1014.2,527.802,0.0,0.0,0.4756,0.247508,0.0,1,0.0009992646,0.4275282428,0.4462651505486297
4.64544,3.84764,4.60599,1.88324,1040.62,552.567,0.0,0.0,0.4686,0.248826,0.0,1,0.001005794,0.4237611367,0.4448532669075592
9.74723,4.32378,9.74723,0.807529,2116.71,2621.22,0.0,0.0,0.6822,0.844799,0.0,0,0.0027229513,1.1519302815,1.2117256677874406
15.71457,10.86579,15.71457,0.592467,1916.3,3234.44,0.0,0.0,0.745,1.25745,0.0,1,0.0022317461,1.0722657367,1.0721370069836722
6.34819,4.3477,6.32525,1.05624,2172.8,2057.11,0.0,0.0,0.6388,0.604787,0.0,1,0.0017274517,0.7832792679,0.7906310013466935
4.21874,3.59841,4.17878,1.6409,883.632,538.504,0.0,0.0,0.5372,0.327381,0.0,1,0.0016758548,0.6694492305,0.6848739085175779
4.76391,3.62987,4.72184,1.92126,733.455,381.758,0.0,0.0,0.4574,0.238073,0.0,0,0.0024720156,0.8139736923,0.8133401980896571
4.59329,3.52297,4.53885,1.97043,629.425,319.434,0.0,0.0,0.444,0.225331,0.0,0,0.0022188574,0.7833400576,0.7735086843708718
4.89772,3.64059,4.89772,1.88802,794.062,420.579,0.0,0.0,0.468,0.247879,0.0,0,0.0025196689,0.8350617727,0.8443032678915042
4.84681,3.6521,4.84681,1.89478,778.542,410.888,0.0,0.0,0.4634,0.244567,0.0,0,0.0024347865,0.8112336268,0.8270533296929299
5.12402,3.76853,5.12402,1.20256,906.265,753.612,0.0,0.0,0.4818,0.400645,0.0,1,0.0044792626,1.3672083872,1.4205265797818845
5.1192,3.89364,5.10203,1.1805,1020.25,864.259,0.0,0.0,0.4966,0.420671,0.0,1,0.0045391636,1.4378383051,1.495201155444743
5.07264,3.5666,4.83614,1.48604,1551.78,1044.24,0.0,0.0,0.6264,0.421523,0.0,0,0.0035918263,1.3547875369,1.3607060234415336
4.31733,3.92478,4.29293,1.79014,708.62,395.847,0.0,0.0,0.4326,0.241658,0.0,1,0.0021861242,0.7504197785,0.7879651364564411
4.87344,3.46442,4.87344,1.07454,850.662,791.651,5.08913,4.73609,0.5344,0.497328,0.0,1,0.002376837,0.9357803284,0.9579454781684944
7.88517,4.63235,7.88517,1.00373,1853.27,1846.38,0.563729,0.561634,0.6258,0.623475,0.0,1,0.0014927945,0.6753253678,0.7162722621775093
6.92662,5.60326,6.92662,1.05598,2650.36,2509.85,0.0,0.0,0.7402,0.700958,0.0,0,0.0010459294,0.506746301,0.5091183587404216
4.96978,3.43779,4.70211,1.57704,459.833,291.579,0.0,0.0,0.3926,0.248947,0.0,1,0.0011291484,0.4429465537,0.4136556141977711
4.94141,3.41905,4.94141,1.59594,416.437,260.936,0.0,0.0,0.3934,0.246501,0.0,0,0.0010706486,0.4308262879,0.42134022272505467
4.95366,3.41712,4.75042,1.6098,421.45,261.803,0.0,0.0,0.389,0.241646,0.0,0,0.001108998,0.4480528187,0.41679573480413235
5.16708,4.02438,5.14791,1.34501,828.176,615.737,0.0,0.0,0.4914,0.365349,0.0,1,0.0023336167,0.8452256341,0.8440409552723098
6.09614,5.02444,6.09614,1.07096,1529.04,1427.73,0.0,0.0,0.5558,0.518974,0.0,0,0.0045479066,1.6621174833,1.6542963202972258
10.6324,4.41521,10.62231,0.802555,2137.19,2662.99,0.0,0.0,0.6594,0.821626,0.0,1,0.0046948009,1.9771362806,1.79534238406035
8.9528,6.92043,8.9528,0.77854,2139.65,2748.28,0.0,0.0,0.7276,0.934569,0.0,1,0.0018702015,0.9600915588,0.8885577544436478
8.51649,4.04507,8.50623,0.818285,2218.52,2711.18,0.0,0.0,0.665,0.812676,0.0,0,0.004048374,1.8812063126,1.7169064547217894
7.38507,6.83905,7.38507,1.43185,1792.23,1251.69,0.0,0.0,0.6648,0.464295,0.0,0,0.0016429562,0.7279353827,0.7473423215187741
10.11718,8.98959,10.11479,1.13998,1639.27,1437.98,0.0,0.0,0.6544,0.574044,0.0,1,0.0021385663,0.9467161907,0.9574010406920933
20.17115,6.28286,20.17115,0.598403,2258.24,3773.78,0.0,0.0,0.7822,1.30715,0.0,1,0.0028284197,1.3039700307,1.3282062731292577
5.89344,4.18847,5.89146,0.984353,1685.69,1712.48,0.0,0.0,0.5842,0.593486,0.0,0,0.0051187341,1.8970810863,1.9845433584598577
6.18172,4.54627,6.18172,1.23378,1539.69,1247.95,0.0,0.0,0.5958,0.482905,0.0,1,0.003533641,1.336296664,1.3402973294292846
5.98694,4.00719,5.95033,1.17836,1406.99,1194.02,0.0,0.0,0.5528,0.469125,0.0,1,0.0032392764,1.2264922332,1.241010884991769
5.56011,4.7997,5.54043,0.908517,1594.37,1754.91,0.0,0.0,0.5744,0.632239,0.0,1,0.0027605218,1.2465272241,1.1736120970681543
4.69422,3.90104,4.69422,1.33698,611.28,457.21,0.0,0.0,0.4482,0.335234,0.0,1,0.0036742228,1.0928965067,1.1160272790412318
8.17686,3.88128,8.17686,0.785515,2106.51,2681.7,0.0,0.0,0.6434,0.819081,0.0,0,0.0039581039,1.8416395063,1.7230224073343057
8.07783,3.80615,8.07783,0.808912,2062.02,2549.12,0.0,0.0,0.628,0.776351,0.0,0,0.0035329333,1.6507012844,1.5480598369730982
8.01411,3.79872,8.01411,0.818446,2057.67,2514.12,0.0,0.0,0.6292,0.768774,0.0,0,0.0036100953,1.6888231365,1.587008081842094
8.13737,3.84778,8.13737,0.811081,2093.45,2581.06,0.0,0.0,0.6356,0.783646,0.0,0,0.0040107116,1.7928503583,1.7166425937953864
5.04936,3.67231,5.03861,1.16476,1436.77,1233.53,0.0,0.0,0.5708,0.490058,0.0,1,0.002226813,0.9264024127,0.9467165169318896
5.15558,3.73306,5.14713,1.14909,1453.8,1265.17,0.0,0.0,0.5738,0.499351,0.0,1,0.0022509053,0.9110281099,0.9629519425372028
5.4126,3.81862,5.4126,1.10851,1564.49,1411.34,0.0,0.0,0.5858,0.528458,0.0,1,0.0021813422,0.919913605,0.9414202138595644
5.30819,3.79107,5.29306,1.12185,1513.8,1349.38,0.0,0.0,0.5828,0.519498,0.0,1,0.0022753505,0.9368594827,0.9728013920739939
5.01927,3.67935,4.85274,1.1494,1435.4,1248.83,0.0,0.0,0.5704,0.496261,0.0,1,0.0021987511,0.9413440297,0.9743955733628951
5.31982,3.78089,5.2376,1.14355,1498.22,1310.14,0.0,0.0,0.5788,0.506141,0.0,1,0.0022113252,0.9197581119,0.9548960663023236
8.92456,5.42795,8.42869,0.747114,2560.53,3427.22,0.0,0.0,0.6974,0.933458,0.0,1,0.0031405818,1.3989262917,1.4286297304428377
12.65101,8.2906,12.63941,0.451159,2031.86,4503.64,0.0,0.0,0.8026,1.77897,0.0,1,0.0027155291,1.2970189581,1.2569481940714613
13.15242,8.94797,13.15242,0.566631,2049.64,3617.24,0.0,0.0,0.7342,1.29573,0.0,1,0.0033921002,1.4827722015,1.4236229885940748
11.37766,5.00759,10.17753,0.697273,2365.25,3392.15,0.0,0.0,0.715,1.02542,0.0,1,0.0036344198,1.6603739146,1.570195762631063
22.84213,13.1462,21.49189,0.3316,1563.99,4716.49,0.0,0.0,0.8634,2.60374,0.0,1,0.0030998733,1.4347327821,1.447228352245924
6.93499,4.73179,6.92745,1.00825,1925.88,1910.13,0.0,0.0,0.619,0.613938,0.0,1,0.0074800177,2.2677727104,2.6325499449746643
10.15584,5.70866,7.95557,0.889254,1486.62,1671.76,593.787,667.736,0.6774,0.761762,0.0,1,0.0034337204,1.4648828079,1.5941023271179948
6.06928,5.16457,6.05534,0.997154,1436.69,1440.79,3.8223,3.83321,0.5782,0.57985,0.0,1,0.0028188716,1.1824055841,1.1739197136643476
4.88487,4.27765,4.88487,1.14926,1012.18,880.723,0.0,0.0,0.4974,0.4328,0.0,1,0.0027474554,0.9969338182,1.0332622190254834
13.77283,9.32974,13.77283,0.843356,2144.73,2543.09,0.0,0.0,0.7158,0.848752,0.0,1,0.0015594494,0.6921562968,0.7329812120137137
5.6085,3.84866,5.6085,1.73795,888.172,511.045,0.0,0.0,0.4598,0.264564,0.0,1,0.002607192,0.8558466221,0.8416766330467254
5.27232,3.84215,5.27232,1.23985,960.484,774.675,0.0,0.0,0.4788,0.386175,0.0,0,0.0025611873,1.0002642212,0.9420397301688127
5.76369,4.27387,5.76369,1.22067,1421.06,1164.17,0.0,0.0,0.5556,0.455161,0.0,1,0.0032380355,1.2581657482,1.2369685832660267
4.7672,3.81876,4.49087,1.57647,290.479,184.259,229.56,145.616,0.4148,0.263119,0.0,0,0.00281004,0.8060163001,0.8216351543677018
4.77865,3.86046,4.77243,1.14723,1098.41,957.446,0.0,0.0,0.5416,0.472093,0.0,1,0.0044403833,1.6383919099,1.5776497570905654
5.65806,4.28444,5.64037,1.20241,974.646,810.578,0.0,0.0,0.5012,0.41683,0.0,1,0.0024159274,0.9663400499,0.901525881599264
5.03348,3.75359,4.98119,1.1597,1353.77,1167.35,0.0,0.0,0.5642,0.486504,0.0,1,0.0038388382,1.4099962274,1.4462077902739843
4.83008,3.62775,4.83008,1.3408,1128.82,841.902,0.0,0.0,0.5312,0.396182,0.0,1,0.0042319371,1.4688678987,1.4494323094940667
6.14578,4.61369,6.05606,1.50948,1150.01,761.861,0.0,0.0,0.5096,0.3376,0.0,1,0.0024837689,0.8770389111,0.9294229316192192
4.88368,4.4419,4.87874,1.30126,809.227,621.881,0.0,0.0,0.487,0.374254,0.0,1,0.0055808481,1.5329129307,1.552049703748677
4.86654,3.68424,4.60956,0.816785,1409.59,1725.78,0.0,0.0,0.5472,0.669943,0.0,1,0.001483599,0.6541320748,0.7769098745420282
5.38124,3.40475,5.38124,1.42901,1463.26,1023.97,0.0,0.0,0.6194,0.433446,0.0,0,0.005309621,1.7459944981,1.8661944921014995
6.92653,4.99633,6.92653,1.00914,1370.8,1358.39,0.0,0.0,0.5476,0.542641,0.0,0,0.0031881824,1.3424592035,1.2829284675626447
6.01435,4.39558,5.97493,1.05478,1276.17,1209.89,0.0,0.0,0.5208,0.493754,0.0,0,0.0032538214,1.2660459736,1.2689627565328525
6.77386,4.80527,6.75967,1.02251,1388.25,1357.69,0.0,0.0,0.5348,0.523025,0.0,0,0.0034632412,1.375050554,1.3688137806776415
7.74765,6.0396,7.74488,1.02371,1471.87,1437.78,0.0,0.0,0.5658,0.552697,0.0,1,0.0037427217,1.5421170335,1.5428731847310808
5.48587,4.03732,5.48587,1.18223,1310.67,1108.64,0.0,0.0,0.5692,0.481463,0.0,1,0.006066501,1.8711900739,1.952604818567956
8.88409,8.01315,8.88409,1.36955,1074.66,784.684,0.0,0.0,0.5192,0.379103,0.0,1,0.0009766131,0.4475930582,0.46820521938534565
4.8768,4.71272,4.8768,2.40571,1479.77,615.106,0.0,0.0,0.5964,0.24791,0.0,1,0.0011572215,0.4829975513,0.48102631312144695
24.23226,22.89921,24.21499,0.438068,1818.16,4150.4,0.0,0.0,0.8258,1.8851,0.0,1,0.0023562372,1.2086663115,1.1529806220055516
8.25861,7.55924,8.25861,1.22262,2063.77,1688.0,0.0,0.0,0.67,0.548005,0.0,1,0.0018163049,0.853947686,0.8277256635187077
4.65972,3.79898,4.65972,1.24715,773.765,620.428,0.335064,0.268664,0.4924,0.394821,0.0,1,0.0027679716,0.966851862,1.012256137679443
6.32023,4.85158,6.32023,1.4352,1385.63,965.467,0.0,0.0,0.5604,0.390469,0.0,1,0.0024296803,0.9757920827,0.9669954577356034
6.33067,4.85437,6.2578,1.46159,1391.18,951.831,0.0,0.0,0.5718,0.391219,0.0,1,0.0024809034,0.975242802,0.9683590249884177
13.17014,6.56871,13.16847,0.882705,2115.68,2396.81,0.0,0.0,0.7142,0.809104,0.0,1,0.0033607324,1.2782200903,1.2731119211829593
6.74707,6.10487,6.74209,1.02439,1598.25,1560.2,14.8613,14.5075,0.5836,0.569706,0.0,1,0.0022580571,0.9779413766,1.0136012275124493
7.86092,6.25774,7.86092,1.30122,2380.04,1829.08,0.0681927,0.0524066,0.6862,0.52735,0.0,1,0.0012324305,0.5448483022,0.563499178640471
28.23748,11.69499,28.22828,0.681201,1337.39,1963.29,46.9906,68.9819,0.7606,1.11656,0.0,1,0.0041354117,1.1618343056,1.271723044959398
4.58421,3.93064,4.58097,3.59569,711.428,197.856,0.0,0.0,0.4032,0.112134,0.0,1,0.0034676277,0.7499164893,0.7889527009143192
7.09807,6.30763,7.09096,1.42891,1721.24,1204.58,0.0,0.0,0.5872,0.410943,0.0,1,0.0013664012,0.5876792255,0.6168957279333536
3.8787,3.48972,3.87221,1.84634,417.315,226.022,88.8958,48.1469,0.4466,0.241883,0.0,1,0.0021075457,0.6889299379,0.7821357789627499
7.28617,5.35852,7.10503,0.754992,3088.35,4090.58,0.0,0.0,0.7422,0.983057,0.0,1,0.0023744351,1.1802512846,1.137193325454317
6.75773,4.04783,6.73846,1.05377,1465.81,1391.02,0.0,0.0,0.5784,0.548886,0.0,1,0.002190753,0.9245412944,0.9601735128367109
5.2808,5.11213,5.27438,2.36936,1181.21,498.534,0.0,0.0,0.4788,0.20208,0.0,1,0.0015654746,0.595659219,0.6003778922413925
7.38156,5.81733,6.18024,0.675677,2389.77,3536.85,0.0,0.0,0.7014,1.03807,0.0,1,0.0031859794,1.4859424626,1.4737948500842883
4.89575,4.03861,4.89307,1.29414,1150.64,889.116,1.22671,0.947894,0.5042,0.389602,0.0,1,0.0022614749,0.9016117792,0.903792509894885
5.38504,4.20309,4.96349,1.22232,1169.34,956.656,0.0,0.0,0.5274,0.431476,0.0,1,0.005493595,1.6271742971,1.7552822570395041
4.84717,4.36591,4.84717,1.73201,1080.53,623.859,0.0,0.0,0.576,0.332562,0.0,1,0.0008755963,0.3900066232,0.3703536062711339
4.93212,3.89765,4.93212,1.32119,1664.14,1259.57,0.0,0.0,0.5574,0.421891,0.0,0,0.0047369013,1.7519014744,1.7347492825454913
5.09262,3.57011,5.0696,1.51761,748.067,492.925,0.0,0.0,0.446,0.293883,0.0,0,0.0020727758,0.7144071554,0.7424880092053618
13.55212,8.93511,12.0856,0.540431,2097.88,3881.87,0.0,0.0,0.7682,1.42146,0.0,1,0.0021966266,1.0467675907,1.0747232172984245
4.46683,3.5414,4.46683,1.21484,1347.94,1109.56,67.5496,55.6038,0.5582,0.459485,0.0,1,0.0040395588,1.6671174857,1.5015080125043192
4.86939,3.4331,4.86939,1.44888,987.806,681.772,2.33073,1.60864,0.5456,0.376567,0.0,0,0.0013940757,0.5571224074,0.5772211015829067
19.23413,9.51535,19.23413,0.420332,1982.45,4716.4,0.0,0.0,0.8898,2.1169,0.0,1,0.0011509508,0.5813547361,0.6840984054042792
7.09242,5.53096,7.08797,1.15967,2195.41,1893.13,0.0,0.0,0.6436,0.554986,0.0,1,0.0015330116,0.708035082,0.7158290173173971
10.2017,5.3119,10.02065,0.774012,2238.72,2892.35,0.0,0.0,0.6914,0.893268,0.0,0,0.0030384699,1.4079889761,1.3570979658565128
5.01926,3.81172,4.98641,1.35653,485.975,358.247,0.0,0.0,0.4304,0.317279,0.0,1,0.0046081854,1.0305668213,1.1400310990344742
6.98994,4.84446,6.98994,1.13705,1711.16,1504.91,0.0,0.0,0.5842,0.513788,0.0,0,0.0031612599,1.2406727975,1.2964538172360514
7.03658,4.81444,7.03658,1.1542,1709.08,1480.75,0.0,0.0,0.5836,0.505632,0.0,0,0.0032908871,1.2364071949,1.335829648783656
6.96134,4.79708,6.96134,1.16653,1696.68,1454.47,0.0,0.0,0.581,0.49806,0.0,0,0.0031804895,1.2621973545,1.3021704800148062
7.0082,4.78738,7.0082,1.16844,1713.29,1466.3,0.0,0.0,0.5844,0.500152,0.000171168,0,0.0031474193,1.2383873141,1.2559159210240696
4.56996,3.476,4.56996,1.58485,612.499,386.472,21.3828,13.492,0.4954,0.312585,0.0,1,0.0015558372,0.6018543094,0.6179997566976154
5.16699,3.99697,5.16538,2.08607,1456.61,698.257,0.0,0.0,0.5214,0.249944,0.0,1,0.0019071878,0.7530156399,0.7419685450774495
6.90717,5.2805,6.90717,1.43379,1465.65,1022.22,1.90531,1.32886,0.5222,0.364209,0.0138095,1,0.0036269129,0.9804242313,1.260363432121903
5.27643,3.51743,4.89733,1.04387,1032.19,988.815,0.0,0.0,0.5466,0.523628,0.0,0,0.0035710011,1.3691244488,1.3481026105053133
5.27064,3.49026,5.03731,1.02909,1016.13,987.412,0.0,0.0,0.5346,0.51949,0.0,0,0.0030962993,1.171427393,1.2060482931868854
6.13177,4.39371,6.11357,1.30509,966.034,740.207,0.0,0.0,0.4766,0.365187,0.0,1,0.0029615382,0.8696044277,1.056804870852141
6.57121,5.40028,5.95167,1.35328,2211.75,1634.36,0.0,0.0,0.6272,0.463465,0.0,1,0.0024465988,1.0492276876,1.052451991827137
8.86217,6.43433,8.86217,1.31015,1733.6,1323.21,0.0,0.0,0.6522,0.497807,0.0,0,0.0012639744,0.5742709677,0.5716404620558565
5.14269,4.75945,5.14269,1.14921,1898.67,1652.16,0.0,0.0,0.6398,0.556733,0.0,0,0.0030621644,1.2433457852,1.2848547536764212
8.90326,5.05379,8.67673,1.06985,1916.16,1791.07,0.0,0.0,0.5972,0.558212,0.0,1,0.0017568776,0.7938083804,0.7846141488786914
8.30632,6.09762,8.27233,0.751545,2616.23,3481.13,0.0,0.0,0.734,0.976654,0.0,0,0.0029130359,1.3080403357,1.3397772607186051
6.2978,4.37155,6.14715,1.16372,1476.0,1268.34,0.0,0.0,0.5854,0.50304,0.0,0,0.0046867614,1.5808426249,1.6663796703202403
6.19405,5.34016,6.17707,1.64272,1285.83,782.746,0.0,0.0,0.5076,0.309,0.0,1,0.0029906432,1.0562759079,1.0919265576839816
7.17863,4.94429,6.16873,1.58166,1384.15,875.123,0.0,0.0,0.5566,0.351908,0.0,1,0.003039687,1.1360858536,1.13471307889611
7.17498,4.93769,6.17391,1.56952,1391.65,886.672,0.0,0.0,0.5498,0.350298,0.0,1,0.0030305515,1.1299411319,1.1432834508618215
5.93545,4.3172,5.83035,1.61863,1574.22,972.568,0.0,0.0,0.547,0.337941,0.0,1,0.0037570593,1.3593316357,1.3326448917266673
5.96732,4.46538,5.94889,1.62337,1487.02,916.008,0.0,0.0,0.5378,0.331286,0.0,1,0.0036191856,1.357495738,1.3110475306159142
8.23557,7.15317,8.23557,1.10058,2014.92,1830.78,0.0,0.0,0.622,0.565157,0.0,1,0.002929764,1.2603365988,1.27305152050405
11.72616,5.98085,11.72563,0.505624,2624.2,5190.03,0.0,0.0,0.792,1.56638,0.0,1,0.002924715,1.409074015,1.4027455001215265
11.74556,6.09657,11.74553,0.512375,2648.86,5169.77,0.0,0.0,0.7876,1.53716,0.0,1,0.0029043337,1.437342863,1.3859638843984072
9.82687,5.92931,9.82687,0.641251,2696.95,4205.76,1.10178,1.71818,0.73,1.1384,0.0,1,0.0037467603,1.7101668,1.6034695046243
9.81532,6.14212,9.81476,0.699468,2487.48,3556.24,0.0,0.0,0.705,1.00791,0.0,1,0.0037807291,1.7058052041,1.6297151696196743
9.73892,6.12776,9.73892,0.704912,2451.84,3478.22,0.0,0.0,0.7064,1.00211,0.0,1,0.0035735194,1.7171983448,1.5634393835581035
9.30813,6.0393,8.12664,0.731985,2350.62,3211.3,0.0,0.0,0.696,0.95084,0.0,1,0.0041747674,1.7172628855,1.7534228941329781
12.498,6.04018,12.42609,0.48038,2503.44,5211.38,0.0,0.0,0.7972,1.65952,0.0,1,0.0027888397,1.3506884152,1.3614376084770248
11.30468,5.41503,11.30468,0.512269,2642.07,5157.57,0.0,0.0,0.7812,1.52498,0.0,1,0.0028145717,1.4111907886,1.365329231233705
11.61852,5.42066,11.35102,0.51003,2634.97,5166.3,0.0,0.0,0.785,1.53913,0.0,1,0.0028736876,1.390207943,1.3859310626163521
11.36787,5.34922,11.36787,0.533932,2752.39,5154.94,0.0,0.0,0.771,1.444,0.0,1,0.0029919193,1.4670191487,1.4275934704028441
11.16649,5.2519,11.16649,0.555198,2855.76,5143.68,0.0,0.0,0.7652,1.37825,0.0,1,0.0032283827,1.5169753335,1.5106654974589937
11.33302,5.24933,11.33302,0.558087,2863.98,5131.77,0.0,0.0,0.7612,1.36394,0.0,1,0.0032218143,1.5295735798,1.5019860366675273
7.50813,5.20054,6.29758,0.647965,2827.66,4363.91,0.0,0.0,0.7222,1.11457,0.0,1,0.0041315417,1.7763166055,1.8361098262801998
7.58377,5.1021,6.14779,0.720299,2563.17,3558.48,0.0,0.0,0.6962,0.966543,0.0,1,0.0044238368,1.7650681712,1.9387496506698683
8.26869,5.10695,6.12476,0.739009,2428.99,3286.83,0.0,0.0,0.6872,0.929894,0.0,1,0.0040888469,1.7095058325,1.775061701059855
7.88398,5.10678,6.00855,0.750929,2393.61,3187.54,0.0,0.0,0.6846,0.911671,0.0,1,0.0042103628,1.7528508938,1.7868167331723597
8.08,5.10727,6.08981,0.75692,2343.08,3095.55,0.0,0.0,0.6792,0.89732,0.0,1,0.003983752,1.7371063701,1.7176662107603642
11.39121,5.37416,11.39121,0.528259,2720.83,5150.56,0.0,0.0,0.7764,1.46973,0.0,1,0.0030543194,1.4600861722,1.4342179930142946
13.02556,5.98917,13.02556,0.473838,2451.04,5172.75,0.0,0.0,0.8008,1.69003,0.0,1,0.0029459403,1.3237879916,1.4034913848299622
11.09362,5.25928,11.09362,0.56801,2915.72,5133.22,0.0,0.0,0.7592,1.3366,0.0,1,0.0033466144,1.5727807041,1.5124492915560488
12.07339,5.35338,12.07339,0.527677,2756.54,5223.93,0.0,0.0,0.7746,1.46794,0.0,1,0.0029656456,1.4570384212,1.418918790005426
9.53314,6.14559,9.53308,0.644874,2729.74,4232.98,0.0,0.0,0.7296,1.13138,0.0,1,0.0037526143,1.6917037255,1.661501592742613
9.81757,5.20485,6.37863,0.582326,2920.59,5015.39,0.0,0.0,0.7482,1.28485,0.0,1,0.0034582777,1.562714587,1.5886791795171056
9.91334,5.23079,9.91334,0.575954,2919.56,5069.08,0.0,0.0,0.75,1.30219,0.0,1,0.0033039197,1.55271087,1.5228895904415425
10.42971,5.27481,10.42971,0.557764,2866.15,5138.64,0.0,0.0,0.7608,1.36402,0.0,1,0.0031397089,1.5173989971,1.487996595091682
11.15907,5.34276,11.15907,0.535598,2770.05,5171.89,0.0,0.0,0.7696,1.4369,0.0,1,0.0029492245,1.4675610441,1.4141910907498627
11.42851,5.36939,11.42851,0.532371,2746.88,5159.71,0.0,0.0,0.7732,1.45237,0.0,1,0.0032316669,1.4591567395,1.502862442746196
9.75422,5.20239,6.39739,0.581306,2933.81,5046.92,0.0,0.0,0.7442,1.28022,0.0,1,0.0032415196,1.5747183905,1.5279549864670523
10.47066,8.24292,10.42077,0.843112,1761.07,2088.78,0.0,0.0,0.6618,0.784949,0.0,1,0.00211847,0.9853073351,0.9727274339563795
10.92239,5.82104,10.1736,0.537309,2802.84,5216.45,0.0,0.0,0.7724,1.43754,0.0,1,0.0033289439,1.4870732086,1.512380698144852
10.32083,5.66439,10.32083,0.556946,2888.61,5186.51,0.0,0.0,0.7674,1.37787,0.0,1,0.0035191693,1.5467971797,1.5765206063632984
11.7936,5.96806,11.76218,0.502437,2621.26,5217.08,0.0,0.0,0.7922,1.57671,0.0,1,0.0030198277,1.4000892633,1.4285233280555227
12.08323,6.02223,11.77524,0.495095,2551.4,5153.36,0.0,0.0,0.7958,1.60737,0.0,1,0.0027480772,1.3887538696,1.3286972741417042
12.44931,6.04966,11.64464,0.481059,2488.51,5172.97,0.0,0.0,0.8008,1.66466,0.0,1,0.0026733458,1.358005298,1.2987164625555592
9.53653,5.34452,9.53653,0.572297,2816.69,4921.73,0.0,0.0,0.7558,1.32064,0.0,1,0.0030018229,1.4119767033,1.4293154014268397
9.27242,5.3599,9.27242,0.544667,2828.76,5193.56,0.0,0.0,0.7628,1.40049,0.0,1,0.0031096641,1.4205907603,1.4853229299598205
9.66223,5.42293,9.66221,0.547658,2688.94,4909.89,0.0,0.0,0.7644,1.39576,0.0,1,0.0027447861,1.3302573536,1.3200195119854117
9.29709,5.30741,9.29709,0.582563,2853.3,4897.84,0.0,0.0,0.748,1.28398,0.0,1,0.0029008441,1.4090789191,1.3827718185127615
8.68074,5.21106,8.68074,0.619321,2929.2,4729.69,0.0,0.0,0.724,1.16902,0.0,1,0.0033445387,1.5197485709,1.5417527852449975
8.08915,5.1527,6.21939,0.677127,2892.06,4271.07,0.0,0.0,0.7078,1.0453,0.0,1,0.0038739121,1.7517702023,1.7741111237569274
10.24236,5.23581,10.24236,0.576725,2914.77,5054.0,0.0,0.0,0.7536,1.30669,0.0,1,0.0033893092,1.5794378066,1.5366815434161623
10.43104,5.29557,10.43104,0.565681,2914.18,5151.62,0.0,0.0,0.7596,1.34281,0.0,1,0.0032612249,1.530204149,1.5235707319236504
11.2434,5.32116,11.2434,0.544527,2831.33,5199.61,0.0,0.0,0.7672,1.40893,0.0,1,0.0032612249,1.4901433021,1.5145923865005044
10.36323,5.21129,10.36305,0.581505,2938.31,5052.94,0.0,0.0,0.7516,1.29251,0.0,1,0.0034911199,1.5897830819,1.564330650682093
6.9638,6.58355,6.9638,1.56774,1538.59,981.409,0.0,0.0,0.5776,0.368429,0.0,0,0.0024302752,1.0095184844,1.0108794803301469
4.88677,3.80399,4.88677,1.1967,1362.48,1138.53,0.0,0.0,0.5566,0.465112,0.0,0,0.0051636653,1.8095526734,1.8313074423718747
5.62402,4.63088,5.62402,1.0296,1173.78,1140.03,0.0,0.0,0.5218,0.506796,0.0,0,0.0043975314,1.61795871,1.541475004734537
7.2826,3.59407,7.2826,0.863333,1569.2,1817.6,0.0,0.0,0.6162,0.713745,0.0,1,0.0026644402,1.1065110504,1.152178098896599
8.53899,7.85329,8.41522,0.74811,2058.38,2751.44,0.0,0.0,0.7178,0.959485,0.0,1,0.0030793274,1.4203375232,1.369142589977896
9.76128,4.51984,9.76128,1.07567,2198.26,2043.62,0.0,0.0,0.6792,0.631422,0.0,1,0.0023300708,0.9549157666,1.0204054048902569
9.27008,8.60913,9.21935,1.12073,1091.29,973.727,41.1176,36.688,0.5796,0.517161,0.0,1,0.0008998641,0.4574126747,0.41580418581916423
8.66526,5.94328,8.64173,1.00954,1665.76,1650.02,0.0,0.0,0.6018,0.596112,0.0,0,0.0018866792,0.8749328336,0.8286791080361418
9.78266,6.59544,9.77545,1.19807,1982.01,1654.33,0.0,0.0,0.6746,0.563072,0.0,1,0.002713724,1.0301091211,1.1201985256286808
4.36706,3.58238,4.17257,1.44082,204.986,142.27,0.0,0.0,0.3816,0.264849,0.0,0,0.0021874924,0.599710055,0.6845767840957232
5.26933,4.60511,5.26933,1.1789,1588.69,1347.6,0.0,0.0,0.5772,0.489609,0.0,1,0.0022468042,0.9632182665,0.9723094404835155
6.42663,5.71174,6.42663,1.58208,1915.35,1210.65,0.0,0.0,0.6074,0.383924,0.0,0,0.003681411,1.4676676766,1.412827861873633
10.00482,8.08324,10.00482,1.1027,1897.31,1720.61,0.0,0.0,0.673,0.610321,0.0,1,0.0011910904,0.5637861335,0.5655872361775014
5.9737,4.97659,5.79418,1.5664,1976.27,1261.66,0.0,0.0,0.6122,0.390833,0.000127682,1,0.0014576868,0.6581900615,0.6800112297082284
8.09581,6.09927,8.09581,0.734825,2275.05,3096.04,0.0,0.0,0.6682,0.909332,0.0,1,0.0035149936,1.593871541,1.5377946031798548
14.59149,9.55269,14.59149,0.752086,1312.92,1745.71,424.373,564.261,0.7204,0.957869,0.0,1,0.0036044777,1.5725101476,1.380457878123964
6.29693,3.9636,6.29186,1.00241,1350.02,1346.77,59.1211,58.9791,0.5926,0.591177,0.0,0,0.0034259238,1.3324359637,1.3662530659342207
6.32412,4.71832,6.32412,1.02969,1479.29,1436.63,0.0,0.0,0.5216,0.506558,0.0,1,0.0042427922,1.7033125528,1.5867879149169444
6.30527,4.82361,6.30527,1.02298,1494.45,1460.88,0.0,0.0,0.5268,0.514966,0.0,1,0.0043987859,1.7037436195,1.6599558151839693
4.41246,3.54295,4.40979,1.75943,1064.28,604.898,0.0,0.0,0.5628,0.319876,0.0,0,0.0037194751,1.3792219456,1.3579402101465685
7.79568,5.2994,7.79517,0.823227,2568.33,3119.83,0.0,0.0,0.6984,0.848369,0.0,1,0.0028903143,1.287119265,1.3304234539871889
4.85728,3.61043,4.47871,1.46742,436.6,297.529,393.627,268.244,0.5082,0.346323,0.0,1,0.0033238534,1.2475294942,1.125175027298305
13.08634,6.53433,13.08634,0.765991,2243.91,2929.42,0.0,0.0,0.7048,0.920115,0.0,1,0.0032099966,1.4566937754,1.4155231508351278
4.33279,3.86236,4.33279,1.23597,436.504,353.166,0.0,0.0,0.445,0.36004,0.0,0,0.0014627559,0.5913809972,0.5895975911123812
13.16154,6.50431,13.16154,0.868575,2146.52,2471.31,0.0,0.0,0.7192,0.828023,0.0,1,0.0027058232,1.136030883,1.1324961982634436
13.17946,6.58449,13.17946,0.87003,2145.41,2465.9,0.0,0.0,0.7218,0.829627,0.0,1,0.0027854063,1.1493512568,1.1792093896909388
11.52321,9.17095,11.02494,1.0394,1689.27,1625.24,0.0,0.0,0.6776,0.651916,0.0,1,0.0024078454,1.0422059762,1.0541510129262994
5.89761,4.70396,5.31275,1.14377,1514.01,1323.7,0.0,0.0,0.5466,0.477894,0.0,1,0.0043371113,1.5662458194,1.566337622673101
5.70984,4.07494,5.63813,1.12706,1693.32,1502.42,0.0,0.0,0.5456,0.484089,0.0,0,0.0055294916,2.0092362614,1.95776872427584
8.57419,8.06777,8.57419,0.978062,1809.81,1850.4,0.0,0.0,0.611,0.624705,0.0,1,0.0030851312,1.26675279,1.2774365585821683
6.1259,4.66623,6.123,1.0094,1933.04,1915.04,0.0,0.0,0.5992,0.59362,0.0,0,0.0049994325,1.9266981123,1.8892677840896004
7.1779,7.04787,7.1779,1.13503,1629.42,1435.57,0.0,0.0,0.592,0.521571,0.0,0,0.003228377,1.4150344463,1.4183712670332325
13.20708,6.69761,13.19407,0.878357,2102.35,2393.51,0.0,0.0,0.7182,0.817663,0.0,1,0.0033019648,1.2776556629,1.2401235171715077
7.36512,5.79316,6.13107,0.678518,2356.29,3472.7,0.0,0.0,0.6988,1.02989,0.0,1,0.0033314579,1.4859112886,1.5145703133936306
7.3374,5.72246,6.07377,0.669934,2447.15,3652.82,0.0,0.0,0.7066,1.05473,0.0,1,0.0032088403,1.4913895938,1.484198286761245
4.54158,3.74063,4.4159,1.84541,1216.19,659.037,0.0,0.0,0.4962,0.268884,0.0,1,0.0032430273,1.1723619279,1.1305558132648228
4.70366,3.77441,4.70214,2.20784,876.761,397.113,0.0,0.0,0.4486,0.203185,0.0,1,0.0012733676,0.5101480988,0.5148036761496447
6.64538,5.8584,6.63953,1.01975,1889.57,1852.97,0.0,0.0,0.5996,0.587987,0.0,0,0.0035402504,1.4400283758,1.4599168867323198
4.14214,4.05323,4.14214,1.37391,738.742,537.692,0.0,0.0,0.5042,0.366981,0.0,0,0.0022197817,0.8748131661,0.8594361891435485
8.53124,8.3704,8.53124,1.18192,1047.12,885.95,0.0,0.0,0.5384,0.455532,0.0,0,0.0015664762,0.730623874,0.689556264922546
25.84424,11.11801,22.64252,0.527457,1593.04,3020.23,0.0,0.0,0.8434,1.59899,0.000379178,1,0.0016966222,0.8888103006,0.8557163920533206
4.24405,3.53009,4.22084,1.10757,515.209,465.173,34.0376,30.7319,0.4648,0.419659,0.0,0,0.0017096407,0.6759852131,0.741051172774259
5.22912,3.96499,5.18849,1.68714,1215.2,720.275,0.0,0.0,0.594,0.352075,0.0,1,0.0033165152,1.1804695146,1.1521492411215615
10.23495,9.48231,10.23335,1.57268,1211.54,770.363,0.0,0.0,0.5868,0.37312,0.0,1,0.001248364,0.5250836263,0.5265239149597766
14.92091,13.26042,14.92091,0.364732,1875.05,5140.9,0.0,0.0,0.86,2.3579,0.0,1,0.0028626396,1.3141647978,1.3701799125520142
15.28058,14.48863,15.28058,0.352218,1827.73,5189.2,0.0,0.0,0.863,2.45019,0.0,1,0.002621783,1.3433874127,1.2713675167631868
5.66319,4.40941,5.66319,0.999593,1775.32,1776.04,0.0,0.0,0.611,0.611249,0.0,1,0.0040565989,1.6793617744,1.6178319573863151
4.59496,3.72145,4.53376,1.21451,948.028,780.582,0.0,0.0,0.4972,0.409382,0.0,0,0.0040800852,1.1600362348,1.4048794820978316
5.81668,4.4159,5.81214,1.29937,901.437,693.751,0.0,0.0,0.489,0.376337,0.0,1,0.0021439887,0.7755917524,0.7879526817335679
5.75711,4.40654,5.75688,1.31802,917.051,695.781,0.0,0.0,0.4754,0.360693,0.0,1,0.0022836145,0.7901748756,0.8413361363116711
6.3986,4.82003,6.3986,1.14511,2295.95,2005.01,0.0,0.0,0.6334,0.553137,0.0,1,0.0033005195,1.3630376033,1.3860915807144565
6.23826,4.86854,6.23826,1.64521,1240.0,753.701,0.0,0.0,0.5196,0.315826,0.0,1,0.0035073362,1.1366254006,1.1886270095282025
5.21348,4.28071,5.21348,1.82071,1261.82,693.039,0.0,0.0,0.5078,0.278902,0.0,1,0.0018508812,0.7217544753,0.7040892119336537
10.17237,6.1037,8.0425,0.867774,1499.07,1727.49,576.042,663.816,0.6792,0.782692,0.0,1,0.002656164,1.2215398399,1.2403475243090154
9.98876,6.23965,8.39165,0.742505,1487.88,2003.86,574.813,774.154,0.69,0.929286,0.0,1,0.0032874496,1.522577875,1.5357584165258746
9.6783,6.73158,8.21464,0.83384,1503.01,1802.51,543.478,651.776,0.6804,0.815983,0.0,1,0.0024902387,1.1717713798,1.1871273217778755
11.49062,10.84702,11.48896,1.17541,1553.24,1321.44,0.0,0.0,0.6476,0.550957,0.0,1,0.0019268569,0.8757119282,0.896651568252702
8.56369,6.00066,8.56369,0.853114,2214.19,2595.42,0.0,0.0,0.6496,0.761445,0.0,1,0.0032373618,1.3791136331,1.4094604143448755
12.11733,10.70076,12.11733,0.488133,1807.7,3703.29,0.0,0.0,0.8496,1.74051,0.0,1,0.0015384352,0.8579632051,0.7794078315371014
6.25794,3.6162,5.25123,1.10539,876.554,792.979,162.666,147.157,0.5196,0.470059,0.0,0,0.0059773831,1.4044954593,1.6202046528343144
10.13522,6.68232,9.92269,0.858555,1863.51,2170.52,0.0,0.0,0.6104,0.710962,0.0,0,0.0031188612,1.3773379462,1.2871922067762112
7.50874,4.26843,7.47113,0.807576,2145.36,2656.54,0.0,0.0,0.6264,0.775655,0.0,0,0.0042158013,1.8854054369,1.7697957127404158
5.87532,4.55866,5.87532,1.54574,1464.11,947.192,0.0,0.0,0.5206,0.336796,0.0,1,0.0014300907,0.6244015605,0.6410104615676959
5.86586,4.56127,5.86586,1.56054,1486.93,952.828,0.0,0.0,0.5192,0.332705,0.0,0,0.0014684929,0.6238360064,0.6523423208848914
5.84482,4.53722,5.84482,1.58678,1481.54,933.678,0.0,0.0,0.517,0.325818,0.0,0,0.001449006,0.6276978127,0.6427495129110327
5.82317,4.52383,5.82317,1.64203,1481.82,902.431,0.0,0.0,0.511,0.311201,0.0,0,0.0014806454,0.6271454478,0.6553442234392778
6.24288,4.56068,6.2408,1.07396,2025.67,1886.18,0.0,0.0,0.6304,0.586989,0.0,1,0.0042258127,1.7187823557,1.6698463561392003
4.41725,4.15949,4.41175,1.15817,1130.8,976.371,0.0,0.0,0.53,0.45762,0.0,0,0.002766254,1.0345789862,1.1084350942798522
6.86024,4.81417,6.53187,1.27918,1131.8,884.793,0.0,0.0,0.5156,0.403072,0.0,1,0.0012049674,0.5105203921,0.526800934385739
4.75369,3.54535,4.74028,1.35574,615.159,453.744,0.0,0.0,0.4098,0.30227,0.0,0,0.0015230051,0.6042642752,0.5914695706085377
7.38612,5.95802,7.38612,2.25172,1314.88,583.946,0.0,0.0,0.537,0.238485,0.0,0,0.0010892464,0.4579761913,0.4937956999677404
5.86599,4.67382,5.86599,1.53817,2040.49,1326.58,0.0,0.0,0.622,0.404378,0.0,1,0.0012997772,0.5725770357,0.5910197370062185
6.86582,3.53622,6.72322,1.11335,919.514,825.896,6.20036,5.56908,0.527,0.473345,0.0,1,0.0014660468,0.6518362718,0.6215037784216688
5.03461,4.5915,5.03461,1.23766,828.566,669.464,0.0,0.0,0.453,0.366014,0.0,0,0.0046913716,1.3642958461,1.3452785873037607
15.08014,7.93969,15.07583,0.589901,2233.7,3786.57,0.0,0.0,0.8002,1.3565,0.0,0,0.0019156339,0.9741688113,0.9368113353116717
17.30249,9.82354,17.30249,0.511068,1917.15,3751.27,0.0,0.0,0.8468,1.65692,0.0,0,0.0024050497,1.1427024919,1.1699789537260799
9.10711,7.36025,9.10711,1.61302,1710.75,1060.59,0.0,0.0,0.6522,0.404334,0.0,1,0.0007902071,0.3783926942,0.3664007053668158
6.01158,4.07874,6.00756,1.03866,1741.67,1676.84,0.0,0.0,0.5802,0.558605,0.0,0,0.0035262368,1.4284407133,1.4364282211611406
5.93857,4.06358,5.90891,1.05075,1647.57,1567.99,0.0,0.0,0.5592,0.532191,0.0,0,0.0036352498,1.4336833486,1.463908294140777
5.91757,4.12403,5.88473,1.04313,1656.13,1587.65,0.0,0.0,0.5804,0.556402,0.0,0,0.0034839665,1.3818632407,1.4161791835458146
26.23164,8.97115,26.23164,0.749461,1794.02,2393.75,0.0,0.0,0.8278,1.10453,0.000266859,1,0.0015427022,0.756056497,0.7591689854951987
14.28068,6.83408,11.22906,0.743695,2268.42,3050.2,0.0,0.0,0.7746,1.04156,0.0,1,0.0021197538,1.017312985,1.0357443143535847
13.77124,4.50888,13.77124,0.959384,2184.49,2276.97,0.0,0.0,0.6924,0.721713,0.0,1,0.0031109371,1.4006018615,1.2970867558406636
5.23023,3.70327,5.22427,1.49837,1455.04,971.08,0.0,0.0,0.63,0.420457,0.0,0,0.0041140261,1.4601901565,1.4942316511934832
6.28215,5.72913,6.26507,1.2974,1101.09,848.689,0.0,0.0,0.5058,0.389856,0.0,1,0.0008963418,0.400162479,0.4030184975078408
17.65342,7.8833,11.58918,0.646039,2104.35,3257.31,0.0,0.0,0.7972,1.23398,0.0,1,0.001939428,0.9512029554,0.9560211098849786
6.55973,5.0687,6.54696,0.921332,2008.21,2179.68,0.0,0.0,0.6708,0.728076,0.0,0,0.0030864085,1.3177724624,1.336826537721113
3.68255,3.48411,3.67149,1.93689,201.323,103.941,0.0,0.0,0.4778,0.246685,0.0,0,0.0023014382,0.8285219353,0.8141635781136998
5.87539,4.41454,5.87539,1.26001,982.755,779.959,0.0,0.0,0.5246,0.416346,0.0,1,0.0026859749,0.9481545789,0.9747288104772788
7.0981,6.10195,7.04022,0.882251,2276.97,2580.86,0.0,0.0,0.6758,0.765995,0.0,1,0.0028687091,1.2742939457,1.3083696950317014
14.01468,13.16757,14.01422,0.723032,1733.84,2398.01,0.0,0.0,0.741,1.02485,0.0,1,0.0015136449,0.7676671421,0.7283062043362352
8.8382,8.57859,8.83401,0.859762,1844.22,2145.04,0.0,0.0,0.7008,0.815109,0.0,1,0.0023083727,1.0223144348,1.035092424340566
5.11588,3.68593,5.09821,1.26749,1347.57,1063.18,0.0,0.0,0.5488,0.432983,0.0,0,0.0040893094,1.470960319,1.4307591601615068
5.13248,3.64573,5.11696,1.27033,1309.23,1030.62,0.0,0.0,0.551,0.433745,0.0,0,0.0039760851,1.4775464451,1.3929553100945953
5.42382,3.86113,5.42382,1.28962,856.154,663.88,0.0,0.0,0.4412,0.342116,0.0,0,0.0028596087,0.9128881843,0.9514740086304738
6.62806,4.69762,5.65255,0.902784,2439.76,2702.49,0.0,0.0,0.6684,0.740376,0.0,1,0.0034945035,1.5397022543,1.5199395062460572
11.97194,10.54967,11.9427,0.470726,2101.15,4463.64,0.0,0.0,0.7866,1.67104,0.0,0,0.0028004939,1.2807999318,1.3059704705811754
5.90319,4.58543,5.60032,0.850194,2471.89,2907.44,0.0,0.0,0.6584,0.774411,0.0,1,0.0035899387,1.5610902293,1.5907468939645109
9.7712,5.86323,9.7712,0.773292,2071.81,2679.21,0.0,0.0,0.6628,0.857115,0.0,0,0.0030027387,1.3780506485,1.3216802162726744
3.81592,3.45137,3.81592,1.45798,155.953,106.965,20.8457,14.2976,0.425,0.291499,0.0,1,0.0034932746,1.136428754,0.9893326010588659
5.30875,4.09789,5.30496,1.03603,1478.6,1427.18,0.0,0.0,0.565,0.545353,0.0,0,0.0029547046,1.1488734246,1.2360281787650877
6.16109,5.04479,6.14883,1.68509,1433.05,850.43,0.0,0.0,0.5712,0.338974,0.0,1,0.0009550257,0.4288835031,0.40220190341439344
5.3607,4.59016,5.36062,1.2053,1282.83,1064.32,0.0,0.0,0.529,0.438894,0.0,1,0.0038761891,1.3542074016,1.376527169554962
9.39066,7.30655,9.39066,1.12702,1893.97,1680.51,0.0,0.0,0.6384,0.56645,0.0,1,0.0022337934,1.016205337,0.9980200820168438
4.56016,3.89151,4.55758,1.54463,762.225,493.466,0.0,0.0,0.455,0.294568,0.0,1,0.0028167455,0.9731547868,0.972722919560283
4.62845,3.89522,4.6169,1.17508,1256.18,1069.02,0.0,0.0,0.532,0.452736,0.0,1,0.007316201,2.2040294699,2.273145244801702
4.98641,4.39323,4.97616,1.53429,1079.28,703.439,0.0,0.0,0.512,0.333704,0.0,1,0.0023053512,0.8727838549,0.8684073397454154
7.24501,5.7858,6.68018,1.08742,2630.21,2418.77,0.0,0.0,0.715,0.65752,0.0,1,0.0018096438,0.8357831787,0.8274073218783182
8.76574,6.10267,8.74057,1.07917,1888.77,1750.21,0.0,0.0,0.6338,0.587305,0.0,1,0.0023105056,1.0958693566,1.0120269017643793
6.93618,5.76476,6.92128,1.4786,1370.63,926.978,0.0,0.0,0.519,0.351007,0.0,1,0.0025043567,1.0312050249,1.0114634141432473
6.94119,5.72919,6.85845,1.49624,1369.03,914.98,0.0,0.0,0.526,0.351548,0.0,1,0.0025065947,1.0345594418,1.01347789251841
6.87611,5.69177,6.87611,1.52398,1353.45,888.103,0.0,0.0,0.5184,0.340161,0.0,1,0.0025160509,1.0289663132,0.998498963807967
6.49065,4.97595,6.49065,1.07139,1218.54,1137.35,2.44835,2.28522,0.5566,0.519514,0.0,1,0.0018766434,0.8425787393,0.7445270826829037
4.81929,3.4802,4.68813,1.37889,639.979,464.125,0.0,0.0,0.4514,0.327364,0.0,1,0.0015074258,0.5408877967,0.5931998901348495
6.5503,4.41913,6.52435,1.44375,1672.31,1158.32,0.0,0.0,0.5838,0.404365,0.0,1,0.001073199,0.5077823556,0.5024339702459529
5.54122,3.41506,5.5298,1.61736,1205.53,745.366,0.0,0.0,0.5346,0.330538,0.0,1,0.0013402623,0.5943168108,0.5524265370633096
9.56168,4.85659,9.53534,0.901746,1718.7,1905.97,37.8251,41.9466,0.6334,0.702415,0.0,1,0.0035779969,1.3299706765,1.4189278187074779
9.80611,5.23388,9.77319,0.869727,1722.79,1980.84,39.7443,45.6975,0.6458,0.742532,0.0,1,0.0038239315,1.3425814994,1.4660540488202645
6.64322,4.15157,6.64322,1.41271,1889.38,1337.41,0.0,0.0,0.6434,0.455437,0.0,0,0.0024537591,1.0408617738,1.0404493177997436
5.48718,4.89154,5.42033,1.09462,2414.99,2206.24,0.0,0.0,0.6474,0.59144,0.0,1,0.0017313256,0.8070286759,0.7727330012293365
12.63096,6.04016,12.48762,0.859273,2339.33,2722.46,0.0,0.0,0.7402,0.861426,0.0,1,0.0017421426,0.8469418498,0.832610973242046
5.60515,5.02913,5.58159,1.46758,1606.87,1094.91,0.0,0.0,0.544,0.37068,0.0,0,0.0026199206,1.0268332904,1.0218949999967888
10.55409,4.56253,10.55409,0.761137,2666.36,3503.12,0.0,0.0,0.738,0.969602,0.0,0,0.0029715363,1.3819114946,1.3435841943161697
10.03238,7.42233,9.74376,0.749914,2221.9,2962.88,0.0,0.0,0.7282,0.971044,0.0,0,0.0017982772,0.9411248576,0.8527240783134808
5.5254,4.43575,5.51234,1.26722,1839.76,1451.8,0.0,0.0,0.5992,0.472845,0.0,1,0.0025628587,1.0566270663,1.0851100837274577
4.37729,3.47803,4.37729,1.252,989.147,790.053,0.0,0.0,0.4922,0.393131,0.0,1,0.0034239492,1.3440967733,1.2558547176293726
7.28777,5.97881,7.28116,1.0447,1818.88,1741.05,0.0,0.0,0.6212,0.594621,0.0,1,0.0036158823,1.3162826095,1.514096487007369
11.63962,10.76348,11.63962,0.91487,1549.21,1693.37,0.0,0.0,0.6396,0.699116,0.0,1,0.0026987128,1.1912241907,1.1633316282570012
6.19077,5.31352,6.18884,0.976178,2056.2,2106.38,0.0,0.0,0.6384,0.653979,0.0,1,0.0050251126,2.1010074255,1.9946392800846284
11.11495,8.75374,11.11495,0.70291,1891.75,2691.32,0.0,0.0,0.7388,1.05106,0.0,1,0.0028462396,1.2209061663,1.2902463110650801
10.3381,9.26479,10.3381,1.24231,1086.56,874.625,129.189,103.991,0.6084,0.489732,0.0,1,0.0020056658,0.7698541424,0.7853994758833782
5.31005,4.78872,5.30922,1.60595,966.902,602.074,0.0,0.0,0.507,0.315701,0.0,0,0.0055705695,1.3610068144,1.43388574512942
5.95724,5.2412,5.95724,1.32376,1286.35,971.741,0.0,0.0,0.5334,0.402943,0.0,1,0.0035097995,1.2497315641,1.2659825449215951
8.96483,7.98484,8.95338,1.07697,1629.75,1513.27,0.0,0.0,0.6138,0.569932,0.0,1,0.0026143379,1.1267353561,1.101922467519077
8.30737,6.78194,8.30193,0.816834,1552.78,1900.97,4.35487,5.33141,0.5892,0.721322,0.0,1,0.0029038897,1.2536381313,1.2403886085946403
5.14274,3.67598,5.1312,1.34119,1161.62,866.113,0.0,0.0,0.5308,0.395769,0.0,1,0.0032379545,1.1902513534,1.173666498467268
6.80539,3.65176,6.80539,1.34151,1369.86,1021.14,0.0,0.0,0.6092,0.454115,0.0,1,0.0021586841,0.8515411042,0.8912515998786936
5.75088,3.78769,5.73674,1.21298,1196.61,986.497,0.0,0.0,0.5614,0.462825,0.0,1,0.0024208213,0.9057967272,0.9689280114313749
7.75927,5.99619,7.75927,1.41123,1642.21,1163.68,0.0,0.0,0.619,0.438625,0.0,0,0.0011968258,0.5731649901,0.5636051922982973
4.04395,3.64101,4.04395,1.92522,503.149,261.347,0.0,0.0,0.4222,0.2193,0.0,1,0.0013260374,0.5271663282,0.5072021200961263
6.32363,4.82237,6.31689,1.49229,1377.55,923.11,0.0,0.0,0.5686,0.381025,0.0,1,0.0029155327,1.096834453,1.1080855797274698
7.83796,6.35433,7.79579,1.04646,1263.29,1207.21,74.2007,70.9066,0.5712,0.545842,0.0,0,0.00341757,1.4094852968,1.3653046822173633
7.74052,6.24667,7.74052,1.0594,1255.22,1184.84,68.8954,65.0324,0.5682,0.536341,0.0,0,0.0035741,1.3705160897,1.3620925491534326
7.75346,6.26253,7.72478,1.06296,1251.42,1177.3,67.8457,63.8273,0.5624,0.529091,0.0,0,0.0034302266,1.3642569668,1.3090017374004772
7.99474,6.54413,7.99474,1.10841,1223.87,1104.17,67.208,60.6345,0.5792,0.522549,0.0,0,0.0029367512,1.239817912,1.154999512410462
7.72851,6.23818,7.68217,1.11585,1251.2,1121.3,68.7821,61.641,0.5678,0.508849,0.0,0,0.0032565563,1.3702507462,1.2537789425175547
4.48985,4.30755,4.48985,1.91615,471.61,246.123,0.0,0.0,0.4148,0.216475,0.0,1,0.0033310299,0.7578075859,0.858227431915134
10.15164,5.15951,10.13819,1.26924,1812.62,1428.11,0.0,0.0,0.6596,0.519681,0.0,0,0.0012580495,0.6141809593,0.5484737590007889
18.44776,6.57566,18.44776,0.562611,2173.89,3863.94,0.0,0.0,0.7874,1.39955,0.0,1,0.0029403568,1.3739347056,1.3550359387617066
4.9896,3.40405,4.97821,1.45464,736.58,506.365,85.4496,58.7426,0.4856,0.333827,0.0,0,0.0024346962,0.8721874737,0.871626092576275
10.78925,9.42624,10.78325,0.664624,1937.19,2914.72,0.0,0.0,0.7148,1.0755,0.0,0,0.002200789,1.04780037,1.0355676092783868
5.74617,4.59937,5.73998,1.07923,2058.01,1906.93,0.0,0.0,0.6268,0.580787,0.0,1,0.002746034,1.1865866601,1.1614686366240445
5.60355,4.27431,5.58989,1.40562,1023.78,728.344,0.0374766,0.026662,0.486,0.345754,0.0,1,0.003028958,1.0430121331,1.0371337748763279
5.61851,4.19073,5.60379,1.41892,799.153,563.212,172.003,121.221,0.487,0.343219,0.0,1,0.0029835125,1.0380583836,1.056356692448495
5.58633,4.32231,5.37322,1.41396,1054.33,745.662,0.0,0.0,0.4904,0.346829,0.0,1,0.0029644801,1.0231005062,1.0431322198227164
6.57621,5.30461,6.57621,1.34132,1253.69,934.67,0.0,0.0,0.5342,0.398265,0.0,1,0.002854595,1.0238423629,1.108533119296068
4.52056,3.43974,4.50577,1.5127,759.724,502.229,0.0,0.0,0.4534,0.299728,0.0,1,0.0056518849,1.5051273646,1.472874336275939
4.87594,3.54867,4.87222,1.55224,358.688,231.077,25.2971,16.2971,0.4518,0.291063,0.0,1,0.002131348,0.7916680513,0.6789562858914324
4.81422,4.24964,4.81422,1.04625,1425.24,1362.23,0.0,0.0,0.5584,0.533714,0.0,1,0.0042633762,1.5937090117,1.644026160543713
4.89363,4.31451,4.87033,1.033,1471.86,1424.84,0.0,0.0,0.5576,0.539787,0.0,1,0.0040829906,1.5973622137,1.6037940572572849
5.04139,4.46098,5.03992,1.00728,1566.78,1555.46,0.0,0.0,0.5754,0.571243,0.0,1,0.0042555334,1.6354314341,1.6570617389396078
5.59171,4.33137,5.56182,0.953551,2657.55,2787.0,0.0,0.0,0.6734,0.706202,0.0,0,0.0046585055,1.9890690445,1.9974135111644515
14.98828,7.97019,14.98828,0.594675,2204.82,3707.61,0.0,0.0,0.8008,1.34662,0.0,0,0.0019602779,1.0105252691,0.9622505145560853
8.86215,6.25992,8.83975,1.16678,1520.16,1302.87,0.0,0.0,0.593,0.508237,0.0,0,0.0028441806,1.2017166689,1.17484350645545
7.56763,5.28078,7.56763,0.714751,2308.57,3229.9,0.0,0.0,0.6884,0.963133,0.0,0,0.003699356,1.6592962901,1.6702634473205966
5.85197,4.01773,5.50246,1.2803,1937.61,1513.4,0.0,0.0,0.6248,0.488009,0.0,1,0.0017123348,0.745926785,0.7436832883363731
5.80274,3.92866,4.7438,1.30723,1855.76,1419.61,0.0,0.0,0.6136,0.46939,0.0,1,0.0016399826,0.7522015627,0.7324504132446288
5.93486,4.28251,5.93486,1.19094,2095.13,1759.22,0.0,0.0,0.6604,0.55452,0.0,1,0.0015690491,0.6941084425,0.7290727401959142
9.47863,4.42976,9.47863,1.26842,1786.23,1408.23,0.0,0.0,0.615,0.484855,0.0,1,0.0012670382,0.6074905019,0.5645115617872387
9.49902,4.44037,9.49902,1.29862,1698.78,1308.14,0.0,0.0,0.5936,0.457099,0.0,1,0.0011828697,0.5560555451,0.5536870592519613
4.64816,3.73698,4.61775,2.65265,613.804,231.393,27.6543,10.4252,0.4246,0.160066,0.0,1,0.0013055582,0.5019463313,0.469479876235698
4.91116,3.78472,4.77837,1.29423,994.219,768.194,0.0,0.0,0.4692,0.362532,0.0,1,0.0021102082,0.8306331245,0.8353774976664315
5.33673,4.40357,5.33673,1.28737,815.264,633.278,0.0,0.0,0.4692,0.364464,0.0,1,0.0030501867,0.9848594201,1.0236407148702014
16.20891,7.16155,16.20891,0.580972,2068.66,3560.7,0.0,0.0,0.759,1.30643,0.0,1,0.002842809,1.3747730778,1.3060716165297335
15.95836,6.79866,15.95836,0.49512,2275.95,4596.76,0.0,0.0,0.781,1.57739,0.0,1,0.0030066239,1.5081851226,1.4042086803154625
16.02728,6.94786,16.02728,0.608079,2054.1,3378.01,0.0,0.0,0.7564,1.24392,0.0,1,0.0028893215,1.3716554362,1.312105663506522
16.15521,7.17077,16.15521,0.498613,2156.59,4325.17,0.0,0.0,0.7774,1.55913,0.0,1,0.0031379175,1.5172378177,1.4247284721119977
6.41579,6.06601,6.40923,1.24433,1319.37,1060.3,0.0,0.0,0.541,0.434771,0.0,1,0.0029129252,1.2103828432,1.141805888424336
4.73309,3.92758,4.72517,1.16625,391.638,335.809,365.08,313.037,0.5,0.428724,0.0,1,0.0048444347,1.4585661332,1.4104799130841106
15.93828,10.49353,15.93828,0.575196,2135.23,3712.18,0.0,0.0,0.7842,1.36336,0.0,1,0.0030428051,1.4206582761,1.3619100095410985
11.32631,6.15412,11.32631,0.742906,2435.38,3278.19,0.0,0.0,0.7266,0.978051,0.0,1,0.0036792298,1.5804605058,1.5782339551585096
4.50079,3.43707,4.48085,1.30508,566.366,433.969,0.0,0.0,0.4924,0.377294,0.0,1,0.0046033122,1.4445701349,1.3577824450777918
9.30669,8.11233,9.29943,0.819886,2162.64,2637.74,0.0,0.0,0.722,0.880611,0.0,1,0.0024405812,1.1141132776,1.1211431229414175
11.77413,6.99458,11.77413,0.695804,2361.16,3393.43,0.0,0.0,0.7362,1.05806,0.0,1,0.0032993287,1.404296468,1.4562801783833526
11.92108,6.99954,11.92108,0.79488,2039.53,2565.84,0.0,0.0,0.7422,0.933726,0.0,1,0.0024213794,1.0750062837,1.1063895278135538
6.17335,5.62341,6.16091,1.2809,1123.23,876.911,0.0,0.0,0.4772,0.372552,0.0,1,0.0013791901,0.5379510661,0.5951368754261076
6.27516,5.38886,5.82916,1.20156,1848.31,1538.27,0.0,0.0,0.6418,0.534141,0.0,1,0.0014762758,0.6892754704,0.6981095136196394
8.92408,8.10678,8.90273,0.931064,1602.41,1721.06,0.0,0.0,0.6094,0.65452,0.0,0,0.0033322624,1.3678067223,1.4058924712808636
10.60263,4.61939,9.00037,0.666978,2426.86,3638.59,0.0,0.0,0.7138,1.0702,0.0,0,0.0035998595,1.6753387323,1.5798006788803014
10.8507,4.21913,8.79858,0.655054,2519.15,3845.71,0.0,0.0,0.7108,1.0851,0.0,0,0.0039923253,1.7917826827,1.7468357858568055
4.79566,3.75004,4.7947,1.6227,1326.67,817.573,0.0,0.0,0.5394,0.332409,0.0,1,0.0043586193,1.5314910745,1.511040956612217
4.81498,3.73544,4.8133,1.62849,1353.34,831.04,0.0,0.0,0.533,0.327297,0.000122813,1,0.0042181464,1.5097230577,1.405452706118299
10.26547,8.18203,10.23692,0.66377,1981.42,2985.1,0.0,0.0,0.7732,1.16486,0.0,1,0.0019589131,0.9348859916,0.918198471231074
7.91312,4.47781,7.90396,1.01651,1145.58,1126.98,498.965,490.863,0.6102,0.600292,0.0,0,0.0032519867,1.3069358156,1.359939834686669
18.88525,7.91531,18.88525,0.52911,1993.81,3768.23,0.0,0.0,0.7926,1.49799,0.0,1,0.0026931486,1.2247709086,1.2679481941840587
8.40665,6.61758,8.40665,1.07627,1621.77,1506.84,0.0,0.0,0.6056,0.562685,0.0,0,0.0030802824,1.2351416331,1.2872267512808246
7.07433,6.89369,7.07243,0.955162,1592.82,1667.59,0.0,0.0,0.6076,0.636122,0.0,0,0.0047612376,1.9157854786,1.9507867135476564
19.11149,16.87545,19.11149,0.689845,2240.23,3247.44,0.0,0.0,0.788,1.14229,0.0,1,0.0033793376,1.4203817416,1.4988627535181747
6.32569,5.26533,6.09075,1.27587,1622.74,1271.87,0.0,0.0,0.5952,0.466504,0.0,1,0.0027961163,1.0872554744,1.140873502810338
5.13884,4.48422,5.13105,1.20369,945.898,785.834,0.0,0.0,0.4976,0.413397,0.0,1,0.0017771751,0.7331130922,0.7106998468500495
5.92737,4.9743,5.92737,1.01088,914.95,905.103,64.8197,64.122,0.5454,0.53953,0.0,1,0.0026342996,0.9437647593,1.0139807562407988
5.20127,4.18257,5.20127,1.3,804.684,618.987,0.0,0.0,0.4758,0.365999,0.0,1,0.0037803668,1.1193844627,1.1737001237149276
5.5219,5.04903,5.5219,0.826455,2177.69,2634.97,0.0,0.0,0.6214,0.751886,0.0,0,0.0046195442,1.9167914793,1.883289046820844
6.73931,4.78997,6.67269,1.07497,1461.44,1359.51,0.0,0.0,0.5704,0.530617,0.0,0,0.003180051,1.2727804903,1.2732123134689357
4.30666,3.54798,4.30607,2.06143,662.208,321.237,0.0,0.0,0.4722,0.229064,0.0,1,0.0021574601,0.8644792262,0.7809077153924779
4.85962,3.90561,4.85655,1.68872,896.439,530.839,0.0,0.0,0.4452,0.263631,0.0,0,0.0032174114,0.9996685783,1.0025505058752777
4.84334,3.88578,4.83342,1.72479,895.132,518.979,0.0,0.0,0.4484,0.259973,0.0,0,0.0032687465,0.9993396309,1.0223507977621735
11.12087,6.65331,11.08978,1.1494,1264.36,1100.02,490.634,426.862,0.6338,0.551419,0.0,1,0.0031994227,1.3263203169,1.2581398967388528
10.71326,6.70339,10.52268,0.819904,2131.67,2599.9,0.0,0.0,0.7068,0.862052,0.0,1,0.0044746164,1.6292164105,1.6607364589503368
10.89625,6.78698,10.2645,0.812812,2126.87,2616.68,0.0,0.0,0.7052,0.867605,0.0,1,0.0045403318,1.6438241314,1.6763534835886547
10.86494,6.69089,10.846,0.80874,2143.96,2650.98,0.0,0.0,0.7268,0.898682,0.0,1,0.0044965216,1.6384334831,1.6482750005831484
11.37189,6.87066,11.36953,0.813465,2137.05,2627.1,0.0,0.0,0.727,0.893708,0.0,1,0.00460306,1.6538307837,1.6883226086509788
11.40663,8.63285,11.3324,0.700785,2325.03,3317.76,0.0,0.0,0.7666,1.09392,0.0,1,0.0025623703,1.1933348256,1.2051114123233446
4.83761,4.30379,4.83761,1.70777,2244.04,1314.02,0.0,0.0,0.608,0.356019,0.0,1,0.0016075044,0.7206407124,0.727282714267899
4.83981,4.27369,4.83981,1.75476,2235.14,1273.76,0.0,0.0,0.5942,0.338622,0.0,1,0.0021578138,0.9543743768,0.9188321696541987
5.09454,3.5623,5.09454,2.38239,649.886,272.788,0.0,0.0,0.4074,0.171005,0.0,1,0.001104526,0.3871415016,0.39412203649277355
5.03643,3.47331,4.82197,2.42633,623.511,256.977,0.0,0.0,0.4032,0.166177,0.0,1,0.0011806969,0.3896107573,0.4168401003822463
4.97873,3.46394,4.79411,2.52518,613.235,242.848,0.0,0.0,0.3982,0.157692,0.0,1,0.001218207,0.3951973537,0.4162747769018952
4.95352,4.39275,4.95352,1.55656,2295.37,1474.65,0.0,0.0,0.629,0.404097,0.0,0,0.0015346782,0.7058441856,0.6827121287703368
4.87971,4.37038,4.87971,1.63348,2285.5,1399.16,0.0,0.0,0.604,0.369763,0.0,1,0.0015065211,0.7069481624,0.6854111554021128
4.85948,4.34946,4.85948,1.66666,2253.59,1352.15,0.0,0.0,0.5992,0.35952,0.0,1,0.0015507876,0.7252366416,0.7055685011330424
4.8612,4.33226,4.8612,1.68559,2254.63,1337.59,0.0,0.0,0.5966,0.353942,0.0,1,0.0015560251,0.7167423689,0.7044980366482481
4.6267,3.86158,4.59914,1.41831,894.104,630.401,0.0,0.0,0.4764,0.335893,0.0,0,0.0038100918,1.2512656399,1.2454597057110863
7.34891,5.7859,7.21721,1.50223,520.443,346.446,27.0727,18.0216,0.4484,0.298489,0.0,1,0.0010071699,0.4160568091,0.44479133008726934
7.34523,5.77431,7.33779,1.55847,525.754,337.351,34.2975,22.0071,0.4426,0.283996,0.0,1,0.0010289258,0.439807611,0.42985710048930437
7.45284,5.80961,7.45284,1.59702,595.668,372.986,17.5491,10.9886,0.4418,0.276639,0.0,1,0.0012029136,0.4936506305,0.4893230798128597
8.30134,7.08669,8.30134,1.3689,1061.52,775.455,0.0,0.0,0.5704,0.416684,0.0,1,0.0005545361,0.2757103324,0.2691241566403719
5.27812,3.52606,5.27812,1.59275,798.942,501.612,5.51079,3.45992,0.4646,0.291697,0.0,0,0.0011496424,0.4911135114,0.4625526639540982
4.98825,4.19272,4.98346,1.40649,999.163,710.396,0.0,0.0,0.5104,0.36289,0.0,1,0.0016169445,0.6496966695,0.662001311248196
4.51815,3.68584,4.44811,1.14062,1514.82,1328.07,0.0,0.0,0.5714,0.500956,0.0,0,0.0044738555,1.7590519925,1.735433602040077
4.54995,3.78626,4.54995,1.12516,1590.17,1413.29,0.0,0.0,0.5782,0.513884,0.0,0,0.004444043,1.7834326166,1.7735913389927611
4.49445,3.64175,4.49445,1.14735,1525.05,1329.2,0.0,0.0,0.568,0.495054,0.0,0,0.0043605681,1.7321094849,1.7325711260859982
4.52093,3.69835,4.50827,1.13868,1559.53,1369.6,0.0,0.0,0.5718,0.502162,0.0,0,0.0044977054,1.7591354674,1.774395381296889
4.40257,3.44728,4.36821,1.18614,1438.51,1212.76,0.0,0.0,0.5546,0.467566,0.0,1,0.0041578435,1.6550482688,1.5649151058176114
7.60111,7.11755,7.60111,1.01218,1727.14,1706.35,0.0,0.0,0.63,0.622417,0.0,0,0.0028023492,1.2560745933,1.2653466422475332
4.94352,3.57815,4.9376,1.23221,1172.12,951.24,0.0,0.0,0.5416,0.439537,0.0,1,0.0049458719,1.6487841806,1.6449354911408651
4.98664,4.03769,4.97035,1.60991,948.127,588.931,0.0,0.0,0.473,0.293805,0.0,0,0.0011576228,0.48401727,0.4849937497171487
9.73279,7.22908,9.72646,0.781161,2141.5,2741.43,0.0,0.0,0.7076,0.905831,0.0,0,0.0027862018,1.2148511499,1.2749531436839336
10.21317,6.80397,9.6529,0.728441,2006.16,2754.05,0.0,0.0,0.7122,0.977705,0.0,1,0.0025040499,1.2232064769,1.1559706697412546
14.24395,11.55698,14.23198,0.475086,1730.44,3642.38,0.0,0.0,0.8226,1.73148,0.0,1,0.0020857608,1.0004395884,1.0352799509984594
7.61954,3.92787,7.61954,0.877202,2692.33,3069.22,0.0,0.0,0.7338,0.836523,0.0,0,0.0012906561,0.6349892796,0.6416073968699159
5.56765,4.22978,5.55876,1.17628,572.115,486.376,3.29466,2.80092,0.4396,0.373721,0.0,1,0.0008239104,0.356188262,0.3409205693102463
4.40563,4.06842,4.39346,1.59545,414.383,259.728,154.011,96.5316,0.4902,0.307249,0.0,1,0.003752847,1.1324269415,1.207187231041015
4.61767,3.60434,4.60806,1.63777,404.45,246.951,107.478,65.6246,0.4794,0.292715,0.0,1,0.0035282198,1.001535136,1.0213205299305355
5.04706,4.025,5.04249,1.31109,1273.98,971.693,0.0,0.0,0.578,0.440854,0.0,1,0.0024329056,0.9294417342,0.969760592186192
4.81584,3.50149,4.81584,1.10493,799.46,723.542,0.0,0.0,0.5386,0.487453,0.0,0,0.0033991068,1.3902975811,1.220265590016691
4.94527,3.59812,4.94527,1.22278,1150.61,940.978,0.0,0.0,0.5326,0.435564,0.0,1,0.0046032957,1.6446961303,1.5549453785038745
6.83572,4.03275,6.83132,1.10561,1802.61,1630.43,0.0,0.0,0.614,0.55535,0.0,0,0.0026632087,1.1316647663,1.1196964795612752
17.38546,6.83963,17.38546,0.742862,1607.16,2163.48,0.0,0.0,0.6666,0.897341,0.0,1,0.0020597265,0.8651221829,0.9439596207431002
8.09669,7.0815,8.09669,0.92351,1288.54,1395.26,130.958,141.805,0.578,0.625873,0.0,1,0.0053444682,1.5177084968,1.6654474746966406
6.21484,4.39834,6.20863,1.03298,1693.59,1639.51,90.392,87.5058,0.5878,0.569032,0.0,1,0.0043136067,1.5008496571,1.6246445914560654
5.88607,4.95547,5.85988,1.02366,1929.46,1884.87,0.0,0.0,0.5976,0.583788,0.0,1,0.0036413676,1.5135694951,1.4856503150431835
20.46084,11.48372,20.46084,0.586943,1702.14,2900.02,0.0,0.0,0.7774,1.32449,0.0,1,0.0024659913,1.0806298589,1.1606927772484184
7.1828,5.28792,5.5333,1.16005,1460.05,1258.61,0.0,0.0,0.5844,0.50377,0.0,1,0.0047442585,1.6538550576,1.6467214567712611
5.55509,4.14993,5.55509,1.52455,953.655,625.532,0.0,0.0,0.496,0.325342,0.0,1,0.0019310504,0.7043659452,0.719812974472803
5.5468,4.15747,5.5468,1.51166,957.433,633.365,0.0,0.0,0.499,0.330101,0.0,1,0.0018149259,0.7104964223,0.6737083201692279
5.49903,4.14636,5.49903,1.53964,937.998,609.231,0.0,0.0,0.4952,0.321633,0.0,1,0.001761845,0.6902122881,0.6657837376539129
6.69801,4.2951,6.69801,1.32919,1592.17,1197.85,0.0,0.0,0.5518,0.41514,0.0,1,0.0009664922,0.4782969499,0.4624986679515636
11.388,10.51295,11.388,1.29023,1549.54,1200.97,0.0,0.0,0.6408,0.496654,0.0,1,0.0017833688,0.8915493279,0.7971795633559715
6.09672,4.22892,6.07575,0.908366,2253.73,2481.08,0.0,0.0,0.6284,0.691792,0.0,0,0.0048323355,2.027137515,2.0103861678102994
11.68121,10.84815,11.68121,1.21577,1583.43,1302.41,0.0,0.0,0.6636,0.545826,0.0,1,0.0021783431,1.0212291369,1.0052618849304522
5.74395,5.29156,5.74395,1.06237,2263.33,2130.44,0.0,0.0,0.6418,0.604119,0.0,1,0.0030508966,1.339115604,1.2990132105638794
5.80963,5.50482,5.80963,1.36819,906.494,662.552,0.0,0.0,0.4696,0.343228,0.0,0,0.0016595603,0.6463701007,0.6462700039267961
6.26224,4.9385,6.26224,0.976988,2134.32,2184.59,0.0,0.0,0.6306,0.645453,0.0,1,0.0034133157,1.4214220101,1.4416503861603955
4.33773,3.41599,4.33773,1.49576,352.527,235.684,0.0,0.0,0.417,0.278788,0.0,0,0.0015601466,0.546650333,0.5823409770295644
4.85776,4.01614,4.85252,1.45202,314.846,216.834,0.0,0.0,0.3664,0.252339,0.0,1,0.0007550614,0.2780124178,0.2813426292388711
6.29331,4.20233,6.29331,1.17761,1945.22,1651.83,0.0,0.0,0.5978,0.507636,0.0,1,0.0037675988,1.4429535025,1.4813805665599822
6.32968,4.348,6.32927,1.20953,2082.36,1721.62,0.0,0.0,0.5984,0.494736,0.0,1,0.0036491342,1.4243244716,1.4874231728123437
5.77002,3.85246,5.77002,1.252,1972.92,1575.81,0.0,0.0,0.591,0.472044,0.0,1,0.0037783032,1.4756372191,1.5013637499680168
5.45253,3.7803,5.34777,1.25131,1519.07,1213.99,0.0,0.0,0.5746,0.459198,0.0,1,0.0025512629,1.0326167804,1.0416029109266731
9.92256,5.8874,9.91786,0.624717,2477.67,3966.07,0.0,0.0,0.7426,1.1887,0.0,1,0.0028546506,1.3330353097,1.344111240436844
13.08079,12.38023,13.06205,0.690785,1403.08,2031.14,0.0,0.0,0.695,1.0061,0.0,1,0.0014034781,0.7095062383,0.6661581198138883
11.61446,10.87886,11.61282,1.12308,1562.97,1391.69,0.0,0.0,0.6468,0.575919,0.0,1,0.0022437441,1.0392949878,1.0133590448330059
11.66235,10.95208,11.66071,1.12361,1554.7,1383.67,0.0,0.0,0.6474,0.57618,0.0,1,0.0022201257,1.0329434661,1.015756466166532
9.81174,6.0117,9.81174,0.930964,2043.98,2195.55,1.24552,1.33788,0.6752,0.725269,0.0,1,0.0031329586,1.3306209883,1.2518717708747664
9.28052,5.47786,6.88618,0.953453,2042.04,2141.73,5.77107,6.05281,0.6674,0.699982,0.0,1,0.0031142797,1.3671008521,1.3373551954399507
7.54466,5.76979,7.52984,0.764767,2839.31,3712.64,0.0,0.0,0.7218,0.943817,0.0,1,0.003103187,1.4129238798,1.4314821702489513
6.27181,5.14016,6.27181,1.1,1232.84,1120.77,0.0,0.0,0.519,0.471819,0.0,0,0.0025963725,1.0256487116,1.0274967769098895
8.00513,4.84682,8.00513,0.97425,1418.35,1455.84,0.0,0.0,0.579,0.594304,0.0,1,0.001876939,0.8344847451,0.8135290930899914
5.23028,4.01485,5.22391,1.22139,660.545,540.814,0.0,0.0,0.4386,0.359099,0.0,0,0.0028115332,0.9012969969,0.9158431878786351
12.3325,5.92345,11.43456,0.799114,2266.72,2836.54,0.0,0.0,0.716,0.895992,0.0,1,0.0038073419,1.6052074639,1.6080639507346604
12.52097,5.76234,12.52097,0.820913,2240.31,2729.05,0.0,0.0,0.7178,0.874392,0.0,1,0.0040145237,1.6181563297,1.59657073518038
11.44556,6.40417,11.33705,0.730607,2384.2,3263.31,0.0,0.0,0.7356,1.00683,0.0,1,0.0038382981,1.6684813985,1.6128143118722633
10.93441,7.53577,10.93441,0.740914,2058.85,2778.79,0.0,0.0,0.6834,0.922374,0.0,1,0.0028675348,1.3000751192,1.3005970474463524
20.08743,6.60038,20.08743,0.594513,2262.76,3806.08,0.0,0.0,0.7896,1.32814,0.0,1,0.0028024313,1.3134250772,1.3295119461015064
13.2515,6.69559,13.2515,0.880841,2071.01,2351.17,0.0,0.0,0.7102,0.806275,0.0,1,0.0031011217,1.2102304844,1.208345609771574
13.2528,6.68289,13.24082,0.879538,2081.51,2366.6,0.0,0.0,0.7114,0.808834,0.0,1,0.0031721594,1.2213569369,1.210224394261273
7.08547,5.79444,7.06039,0.976074,2045.35,2095.49,0.0,0.0,0.6658,0.682121,0.0,1,0.0033661465,1.5004069382,1.4221891266706965
5.11473,4.16376,5.10357,1.08866,1006.1,924.169,87.4124,80.2937,0.5292,0.486103,0.0,0,0.0044060982,1.5970540585,1.5937157982132355
5.08733,4.17716,5.07679,1.08852,1089.8,1001.18,0.0,0.0,0.5174,0.475323,0.0,0,0.0041192383,1.5318161682,1.4879440585843242
5.04996,4.14711,5.04511,1.09607,962.033,877.707,77.5987,70.7969,0.5244,0.478435,0.0,0,0.0040055438,1.5108683983,1.489902668529095
5.13748,4.1998,5.12786,1.08542,1130.58,1041.61,0.0,0.0,0.5222,0.481103,0.0,0,0.0044200914,1.5885339694,1.5746924924863581
5.06256,4.10802,5.0479,1.09653,996.696,908.953,84.6011,77.1534,0.5168,0.471304,0.0,0,0.0042014482,1.5620641462,1.557476518016099
6.32965,4.86396,6.30162,0.999228,1791.69,1793.08,0.0,0.0,0.6306,0.631087,0.0,1,0.0028201785,1.1832169373,1.222734728395354
12.65678,12.45148,12.65678,0.754809,1718.63,2276.91,0.0,0.0,0.7462,0.988595,0.0,0,0.0022905541,1.0736116705,1.0313112336568138
4.92252,4.16141,4.92016,1.02848,1305.43,1269.29,149.801,145.653,0.5256,0.511047,0.0,1,0.0023186252,0.9957838384,0.9930778918343022
6.86556,5.42795,6.77124,1.72448,1373.37,796.394,0.0,0.0,0.5618,0.325779,0.0,0,0.0008488081,0.3699129057,0.3855390524892266
8.78773,6.19333,8.65663,0.743413,2043.29,2748.52,0.0,0.0,0.6694,0.900442,0.0,0,0.0027075035,1.2313070477,1.2228200516770125
9.35403,6.16685,9.35403,0.696817,2021.29,2900.75,0.0,0.0,0.689,0.988782,0.0,0,0.0024332222,1.1816978382,1.136797737892617
9.37986,6.91474,9.3766,0.799877,2024.21,2530.65,0.0,0.0,0.6774,0.84688,0.0,0,0.0023776944,1.1155422317,1.075728064943396
9.29397,7.061,9.29397,0.804304,2026.73,2519.86,0.0,0.0,0.6664,0.828542,0.0,1,0.0026191291,1.1419472597,1.1702493370618008
9.2643,7.0803,9.2643,0.838826,2017.64,2405.31,0.0,0.0,0.6628,0.790152,0.0,1,0.0024108295,1.0976241089,1.0932746181391295
9.33636,7.09924,9.33362,0.775219,2017.38,2602.33,0.0,0.0,0.6762,0.87227,0.0,1,0.0023132896,1.1262641568,1.0764841463944412
9.26232,6.95652,9.26232,0.838222,1987.56,2371.16,0.0,0.0,0.6778,0.808616,0.0,1,0.002449372,1.0992431845,1.0929979169734914
8.73316,6.23369,8.71341,0.740492,2050.34,2768.88,0.0,0.0,0.675,0.911557,0.0,1,0.0027914361,1.3777249498,1.2844725717616965
6.46856,4.61872,6.46856,1.24305,1893.89,1523.58,0.0,0.0,0.5932,0.477214,0.0,1,0.0032488884,1.2967745379,1.3231630548343514
13.23644,6.65907,13.23644,0.875752,2128.62,2430.62,0.0,0.0,0.7182,0.820095,0.0,1,0.0033271509,1.2729271305,1.2630217254244211
13.24642,6.64739,13.24642,0.87412,2116.36,2421.13,0.0,0.0,0.718,0.821397,0.0,1,0.0032806535,1.2534886128,1.2620698498892817
5.56472,4.25664,5.46687,1.21878,1831.56,1502.78,0.0,0.0,0.5704,0.46801,0.0,1,0.0017829698,0.8317536905,0.7678550079998996
6.46377,5.36376,6.20996,1.13461,1899.46,1674.11,0.0,0.0,0.5878,0.518062,0.0,1,0.0023315654,0.9949888212,0.9972228764171656
4.46675,3.68033,4.46518,1.46572,1326.74,905.182,0.0,0.0,0.5588,0.381246,0.0,1,0.0050543978,1.7013981971,1.7635198692871266
14.91316,13.24304,14.91316,0.365184,1896.05,5192.05,0.0,0.0,0.8544,2.33964,0.0,1,0.0026573193,1.3249125289,1.2790684381214241
14.21921,13.28886,14.21921,0.359874,1854.43,5152.99,0.0,0.0,0.8504,2.36305,0.0,1,0.0027757733,1.3244189703,1.3314894703100775
14.83912,13.174,14.83912,0.366991,1878.61,5118.95,0.0,0.0,0.845,2.30251,0.0,1,0.0025786423,1.2944744554,1.2658144886453686
5.48557,4.55432,5.48557,1.58071,2319.33,1467.27,0.0,0.0,0.6272,0.396784,0.0,1,0.002395679,1.0559552626,1.006679155934595
8.5954,7.40656,8.5954,0.71813,2299.0,3201.36,0.0,0.0,0.725,1.00957,0.0,1,0.0024150754,1.1328510066,1.1428096561032979
12.36916,10.86748,12.33885,0.374438,1946.72,5199.04,0.0,0.0,0.8398,2.24283,0.0,1,0.0025354406,1.248941266,1.2431652668175612
17.29514,15.33221,17.29514,0.284265,1476.32,5193.45,0.0,0.0,0.8856,3.1154,0.0,1,0.0031116266,1.4841019147,1.4895264038748943
5.39358,4.37499,5.38893,1.33376,2734.04,2049.88,0.0,0.0,0.6868,0.514937,0.0,0,0.0028375025,1.2230062838,1.2851798323974952
7.98338,7.19596,7.98212,0.722195,2566.22,3553.36,0.0,0.0,0.733,1.01496,0.0,0,0.0039573799,1.8117235132,1.7880660844126466
6.07415,4.27878,5.44099,0.965162,1660.14,1720.06,0.0,0.0,0.5906,0.611918,0.0,0,0.0036541662,1.5029437348,1.5248829253210454
8.8329,3.77071,4.46909,1.00158,193.263,192.958,1002.0,1000.42,0.5486,0.547735,0.0,1,0.0025610467,0.9505751814,0.982602252864738
12.23219,8.02038,12.23219,0.853098,1638.56,1920.72,0.0,0.0,0.6458,0.757006,0.0,1,0.0027624047,1.0875304313,1.2017679131701162
12.08969,7.27048,11.78932,0.880979,1591.93,1807.0,0.0,0.0,0.6308,0.716022,0.0,1,0.0026508194,1.0921178604,1.1265697171960432
12.38727,7.83288,12.25594,0.880388,1559.27,1771.12,0.0,0.0,0.6108,0.693785,0.0,1,0.002633801,1.0811898767,1.0738136579582511
12.0955,7.67742,12.0955,0.88783,1530.66,1724.05,0.0,0.0,0.6136,0.691123,0.0,1,0.0023389967,1.067590004,1.0021828938039512
8.90504,3.86123,4.56441,1.0015,203.674,203.369,1009.04,1007.53,0.5542,0.55337,0.0,1,0.002553885,0.9335430747,1.0024584637167904
8.77917,3.81164,4.50991,0.995838,192.509,193.314,1019.4,1023.66,0.5598,0.562139,0.0,1,0.0025238056,0.9572327571,0.9597649311112671
8.8251,3.77258,4.48452,0.998614,192.623,192.891,1030.53,1031.96,0.5614,0.562179,0.0,1,0.002460782,0.9392739182,0.9407662079207194
11.1437,9.04409,11.1437,0.650684,2284.21,3510.47,0.0,0.0,0.7594,1.16708,0.0,1,0.0034043315,1.3247279266,1.4691776927958877
8.28708,3.55494,4.42564,1.01761,177.365,174.295,1049.0,1030.85,0.5566,0.546967,0.0,1,0.0023461938,0.8916224064,0.935181672584246
10.30936,8.99249,10.23213,0.734436,2165.04,2947.89,0.0,0.0,0.7052,0.960192,0.0,1,0.0025384292,1.1488386012,1.2027509646867214
16.53276,6.69779,16.53276,0.78335,1957.27,2498.59,0.0,0.0,0.7286,0.930107,0.0,1,0.0031199165,1.3866525657,1.348881140495513
16.29659,6.6292,16.03149,0.78852,1944.95,2466.59,0.0,0.0,0.7412,0.939989,0.0,1,0.0029895551,1.3563085325,1.3106593175975079
13.18662,6.72456,13.18662,0.882605,2071.54,2347.07,0.0,0.0,0.7186,0.81418,0.0,1,0.0034511441,1.2470667982,1.269493851168178
13.17767,6.71826,13.17767,0.884458,2085.56,2358.0,0.0,0.0,0.7192,0.813153,0.0,1,0.003422729,1.2862176519,1.270932997348395
13.16192,6.69067,13.16192,0.887821,2084.01,2347.33,0.0,0.0,0.7178,0.808496,0.0,1,0.0034149794,1.2828750018,1.2723265451877148
13.11018,6.61787,13.11018,0.895381,2105.3,2351.29,0.0,0.0,0.717,0.800776,0.0,1,0.0035415558,1.3114631845,1.2990822116477183
13.20706,6.72961,13.20706,0.879722,2074.04,2357.61,0.0,0.0,0.7196,0.817985,0.0,1,0.0033736484,1.2475007744,1.2505334429305728
6.14583,4.4748,6.13418,0.794677,2426.04,3052.86,0.0,0.0,0.655,0.824234,0.0,1,0.0043916887,2.0033328918,1.9393161286597174
6.91782,5.66055,6.91782,1.1601,1892.28,1631.14,0.0,0.0,0.5818,0.50151,0.0,0,0.001865358,0.8088708694,0.799482415188141
8.13608,7.45425,8.13237,1.22623,2069.1,1687.37,0.0,0.0,0.6692,0.545739,0.0,0,0.0018992532,0.8545678235,0.8508254845720997
7.30662,7.12733,7.30662,1.1168,1599.91,1432.58,0.0,0.0,0.598,0.535457,0.0,0,0.0036066271,1.5388733762,1.5531256618592069
7.31075,7.15837,7.31075,1.119,1594.88,1425.28,0.0,0.0,0.597,0.533514,0.0,0,0.0036111353,1.5374442503,1.5426154520957904
7.33092,7.2403,7.33092,1.11449,1591.26,1427.79,0.0,0.0,0.599,0.537465,0.0,0,0.0035547818,1.5046442314,1.5287349133003307
7.31581,7.08591,7.31581,1.1114,1611.64,1450.1,0.0,0.0,0.6012,0.540938,0.0,0,0.0037554004,1.5454396916,1.6343558237432445
8.43698,7.85452,8.43698,1.19984,2075.29,1729.64,0.0,0.0,0.6726,0.560573,0.0,0,0.0019203194,0.8493802619,0.8688345518433157
4.30393,3.46273,4.2974,1.65851,453.916,273.69,0.0,0.0,0.4906,0.295808,0.0,1,0.0018991236,0.8435610751,0.6764528334822104
5.69788,4.67127,5.65245,1.33358,1307.89,980.739,0.0,0.0,0.5882,0.44107,0.0,1,0.0018394174,0.7513813895,0.7409389279873466
6.36937,5.09614,6.24616,0.987749,1999.77,2024.57,0.0,0.0,0.6554,0.663529,0.0,0,0.0034961037,1.491358349,1.4624120819067694
5.59461,4.17124,5.5868,1.43565,1333.03,928.52,0.0,0.0,0.5274,0.36736,0.0,1,0.0047137092,1.4829338467,1.5274267791553118
7.01351,4.77674,6.96552,1.46731,1437.82,979.906,0.0,0.0,0.555,0.378244,0.0,1,0.0030674845,1.1689680624,1.1849811194856315
5.96341,5.54999,5.95022,1.02109,1555.57,1523.45,0.0,0.0,0.5744,0.562538,0.0,1,0.0033461252,1.4094805391,1.3475012071650445
5.3717,3.49252,5.3717,1.8286,687.912,376.196,166.963,91.3066,0.5254,0.287324,0.0,1,0.0017530878,0.7052032863,0.6479901041064692
13.51875,4.58024,13.51875,0.967914,2185.15,2257.59,0.0,0.0,0.6906,0.713493,0.0,1,0.0032903941,1.4364062852,1.326550861018664
8.21663,6.97386,8.21491,1.11162,2036.98,1832.45,0.0,0.0,0.6426,0.578078,0.0,1,0.0029979998,1.3186298253,1.275471607121975
6.68504,4.40867,6.68504,1.13487,1861.75,1640.49,0.0,0.0,0.6014,0.529928,0.0,1,0.002254267,1.0015905726,0.9844544330703325
8.52599,5.82023,8.33095,0.788781,2129.05,2699.16,0.0,0.0,0.69,0.874767,0.0,1,0.003877734,1.5562693856,1.6294578471416026
7.56959,6.44554,7.50387,0.891969,1666.54,1868.38,0.0,0.0,0.6382,0.715495,0.0,1,0.0031646576,1.3563465811,1.3502041823116875
7.82348,7.29552,7.82348,0.99494,1791.82,1800.93,0.0,0.0,0.636,0.639234,0.0,1,0.0026869372,1.2631535006,1.193196403979389
4.21946,3.54584,4.20969,1.16836,1052.94,901.216,0.0,0.0,0.57,0.487865,0.0,1,0.0025614272,1.1350318623,1.0692685740925718
4.2412,3.56279,4.22796,1.15986,1110.01,957.016,0.0,0.0,0.5978,0.515406,0.0,1,0.0026178256,1.1355535475,1.0784094904947132
4.73064,4.15643,4.70239,1.61284,1526.71,946.596,0.0,0.0,0.5556,0.344486,0.0,1,0.0014694256,0.6278407305,0.6801701117311263
12.08201,9.91355,12.06465,0.465059,2182.46,4692.86,0.0,0.0,0.813,1.74817,0.0,1,0.0023449865,1.2291725484,1.1371874501807573
7.07898,5.31452,7.01634,0.998068,1852.97,1856.56,0.0,0.0,0.6184,0.619597,0.0,1,0.0021131685,0.9243744721,0.9585300048946188
5.03615,3.51292,5.0361,0.885985,1404.83,1585.62,0.0,0.0,0.61,0.688499,0.0,1,0.0053858229,2.1123158781,2.019365503070996
6.83643,4.32814,6.8224,1.14242,1819.25,1592.45,0.0,0.0,0.6186,0.541481,0.0,1,0.0025725725,1.0654180206,1.1236864242705218
8.03848,5.65574,8.03848,1.06612,2083.29,1954.09,0.0,0.0,0.6316,0.59243,0.0,1,0.0024641145,1.0567625375,1.0890306982291371
7.4125,4.89988,7.38387,1.09762,2034.16,1853.25,0.0,0.0,0.6302,0.574154,0.0,1,0.0024416293,1.0757215374,1.0793610350625842
7.81736,4.94122,7.81736,1.03321,2328.38,2253.55,0.0,0.0,0.6462,0.625431,0.0,1,0.0021479989,1.0229844617,0.9902439966078266
8.255,5.9525,8.24564,1.11832,1646.01,1471.86,0.0,0.0,0.6014,0.537769,0.0,0,0.002003194,0.8388143602,0.8902264440474034
6.60096,5.85838,6.60096,1.03463,2226.74,2152.21,0.0,0.0,0.653,0.631143,0.0,1,0.0023252352,1.0572618414,1.0460699963980202
4.75094,3.73804,4.73309,1.40294,806.249,574.687,0.0,0.0,0.4558,0.32489,0.0,0,0.0022573185,0.8636419567,0.8208524384618477
5.24127,3.85188,5.21916,1.33454,931.861,698.265,0.0,0.0,0.4838,0.362522,0.0,0,0.002255294,0.8430082436,0.8354910555917485
4.81303,3.64676,4.81303,1.40908,773.939,549.25,0.0,0.0,0.452,0.320776,0.0,0,0.002214804,0.8726246671,0.815557295294949
4.73753,3.78928,4.73753,1.38845,832.486,599.579,0.0,0.0,0.4634,0.333753,0.0,0,0.0022532695,0.8554832181,0.8414181738245798
4.34072,3.48491,4.33485,1.56158,471.476,301.922,0.0,0.0,0.4076,0.261018,0.0,0,0.0042572927,1.1185508182,1.1653633226298898
5.88115,4.91006,5.87893,0.940943,2247.61,2388.68,0.0,0.0,0.6062,0.644247,0.0,1,0.0043086586,1.8104171024,1.7743341877379692
4.64233,3.82793,4.64153,1.9066,1018.44,534.165,0.0,0.0,0.4706,0.246827,0.0,1,0.0009632316,0.4361140793,0.41395965039881655
5.58663,3.48947,5.56914,1.35723,1328.82,979.066,0.0,0.0,0.5714,0.421003,0.0,1,0.0030341074,1.1409778818,1.1091313418183901
8.87023,8.12641,8.87023,1.28139,1148.81,896.537,0.0,0.0,0.5282,0.41221,0.0,1,0.0008203221,0.4029317332,0.399671985781478
8.72919,8.14175,8.68787,1.12133,1390.1,1239.69,0.0,0.0,0.5646,0.50351,0.0,1,0.0020848697,0.9653783666,0.9085722040860933
8.3881,8.06353,8.36842,1.12082,1406.28,1254.68,0.0,0.0,0.5662,0.505164,0.0,1,0.0021680687,0.960177938,0.9710054854649414
9.62722,8.85338,9.62722,1.05458,1424.32,1350.6,0.0,0.0,0.595,0.564206,0.0,1,0.0018705099,0.8612787662,0.8140004797131868
19.50435,6.85327,19.46967,0.908856,1908.32,2099.7,0.0,0.0,0.7472,0.822132,0.000220057,1,0.0015372541,0.720880738,0.7074910311546663
6.2924,4.02189,6.26235,1.33234,1949.8,1463.44,0.0,0.0,0.6146,0.461294,0.000450336,1,0.0026033456,1.0162606227,1.0609755071475493
19.52135,6.64584,19.52135,1.26176,1911.12,1514.64,0.0,0.0,0.7502,0.594564,0.000158508,1,0.0011184412,0.523251481,0.5091834779272594
7.40475,6.25511,7.40475,1.09542,1351.03,1233.34,0.0,0.0,0.5684,0.518888,0.0,0,0.0033723973,1.3580984324,1.3268391611676214
16.05314,15.78983,16.05314,0.493271,1893.57,3838.8,0.0,0.0,0.781,1.58331,0.0,1,0.002754714,1.2572038916,1.2803641838304782
18.90864,18.72951,18.90864,0.692037,1357.79,1962.03,0.0,0.0,0.7528,1.0878,0.0,1,0.0020678364,0.9310064017,0.9560540171784708
9.46287,6.0394,9.46287,1.26391,1742.96,1379.02,0.0,0.0,0.6604,0.522504,0.0,0,0.0012007757,0.5679984948,0.5607856262162725
5.64298,3.8792,5.64298,1.08478,1405.71,1295.85,0.0,0.0,0.5704,0.525822,0.0,1,0.0033649101,1.4135216074,1.3021856876251503
5.63541,3.87826,5.63541,1.09092,1426.31,1307.44,0.0,0.0,0.5682,0.520843,0.0,1,0.0038344719,1.4660108148,1.4648015381119106
7.63373,5.31385,7.61296,0.988669,1586.87,1605.06,0.0,0.0,0.5862,0.592918,0.0,0,0.0046199807,1.8770520427,1.8190782560065348
5.41924,4.10207,5.41262,1.543,726.815,471.04,0.0,0.0,0.4344,0.281529,0.0,0,0.0027393418,0.8096390424,0.8563464338270068
7.58694,5.52656,7.5744,1.14161,1954.46,1712.03,0.0,0.0,0.624,0.546598,0.0,1,0.0024727525,1.0565386756,1.0730820249054223
7.45128,5.46523,7.15276,1.17603,1960.28,1666.86,0.0,0.0,0.6188,0.526177,0.0,1,0.0024550567,1.0822422623,1.0460667485444843
6.90955,4.49306,6.89631,1.14557,2040.23,1780.98,0.0,0.0,0.6396,0.558325,0.0,1,0.0020071435,0.8618696684,0.9028597484008898
5.04407,3.94718,5.0182,1.1747,1719.75,1463.99,0.0,0.0,0.6072,0.516898,0.0,1,0.0038009896,1.5120245048,1.5338263242891215
10.02626,5.46429,10.02412,0.66541,2246.71,3376.43,0.0,0.0,0.7296,1.09647,0.0,1,0.0027923559,1.2586075738,1.2940887401224779
11.26084,5.01855,11.26084,0.828925,2008.18,2422.64,0.0,0.0,0.6806,0.821064,0.0,1,0.0041334366,1.6943896388,1.5887044126137648
6.60663,5.9994,6.60453,2.29175,1025.32,447.396,0.0,0.0,0.5236,0.228472,0.0,1,0.0015382713,0.5802306917,0.614745995128628
4.26164,3.52891,4.24796,2.34877,351.985,149.859,0.0,0.0,0.3304,0.140669,0.0,0,0.0045214646,0.8288756844,0.9632479903126316
5.47886,3.44903,5.47476,2.18371,1125.64,515.471,0.227584,0.104219,0.5372,0.246003,0.0,1,0.0011775955,0.5093405102,0.5017502438152066
5.38208,3.4319,5.38208,2.211,1054.39,476.883,0.0,0.0,0.5314,0.240344,0.0,1,0.0012466048,0.4987767758,0.49462615075103944
5.43529,3.40185,5.40249,2.21366,1083.86,489.625,0.0,0.0,0.5328,0.240687,0.0,1,0.0012062705,0.4960042432,0.49139874808146233
20.28488,4.16314,9.48492,0.98367,1835.3,1865.77,0.0,0.0,0.6704,0.681529,0.0,1,0.0027155982,1.1720263085,1.1733557011332119
5.74983,3.78405,5.68214,1.22917,1255.73,1021.6,0.0,0.0,0.5252,0.427279,0.0,1,0.00275634,1.1165405306,1.05273274211817
6.47036,4.69494,6.47036,1.17962,2196.81,1862.3,0.0,0.0,0.6472,0.548652,0.0,1,0.0017080131,0.7653399087,0.7865093494429702
7.01927,4.56509,7.01927,1.20631,1535.66,1273.03,0.0,0.0,0.6016,0.498713,0.0,1,0.0032630061,1.2698646992,1.2920033539821816
4.7478,3.45863,4.7478,2.16707,449.011,207.197,0.0,0.0,0.3986,0.183935,0.0,1,0.0013613875,0.4463731438,0.46050514766012285
5.94246,4.25779,5.52872,0.995112,2064.21,2074.35,0.0,0.0,0.6074,0.610384,0.0,1,0.0050312559,1.9603452643,2.0204493477956236
6.08861,4.66373,6.08699,1.18202,859.304,726.977,313.731,265.419,0.5438,0.460059,0.0,1,0.0045675737,1.3904778803,1.4514598676117085
5.5226,3.96675,5.5226,1.11957,1446.11,1291.67,0.0,0.0,0.5666,0.506089,0.0,1,0.0022478691,0.9790844973,0.9598063753288654
5.53948,4.71058,5.5345,1.05182,1628.72,1548.47,0.0,0.0,0.5582,0.5307,0.0,0,0.0038401797,1.4996297709,1.5101077566644334
4.71137,3.51837,4.71137,1.22336,1024.9,837.774,81.2251,66.395,0.5446,0.445167,0.0,1,0.0020863728,0.8590395148,0.8923208158799887
6.02139,4.57668,6.02139,1.94823,1837.76,943.297,0.0,0.0,0.586,0.300786,0.0,1,0.0029081001,1.0907105001,1.1056600419398888
5.14072,4.00351,5.14055,1.55556,2014.34,1294.93,0.0,0.0,0.6006,0.386099,0.0,1,0.0015782369,0.6729155866,0.6951865357490286
5.67034,4.65738,5.67034,1.50505,1984.46,1318.53,0.0,0.0,0.6152,0.408756,0.0,1,0.0014148028,0.618137105,0.6367937990763152
8.84143,7.37067,8.64635,0.961303,1776.26,1847.76,0.0,0.0,0.6086,0.633099,0.0,1,0.0023998894,1.0465694336,1.0543482135263678
4.5925,3.72441,4.55253,1.45522,1114.56,765.906,0.0,0.0,0.459,0.315416,0.0,1,0.0024494151,0.9724251621,0.9420978705108777
5.74841,4.13919,5.74724,1.29056,1444.67,1119.41,0.0,0.0,0.5696,0.44136,0.0,1,0.001954869,0.7892973627,0.8124296684858913
13.73802,11.42638,13.39901,0.433642,2002.7,4618.32,0.0,0.0,0.8224,1.89649,0.0,1,0.0026321142,1.283736824,1.2392654054017342
7.41561,4.13146,7.41561,0.925084,1684.83,1821.27,0.0,0.0,0.5816,0.6287,0.0,1,0.0028082083,1.1763999608,1.2506295303889514
15.20268,12.48764,14.68508,0.499,1903.11,3813.84,0.0,0.0,0.7876,1.57836,0.0,1,0.0023766474,1.1275708552,1.1285605276353867
11.92741,6.17876,10.43844,0.841842,2109.15,2505.4,0.0,0.0,0.7154,0.849804,0.0,1,0.0025002158,1.1195168649,1.0914259761295837
8.67531,5.1775,8.35832,0.937633,1918.83,2046.46,0.0,0.0,0.6496,0.692809,0.0,1,0.0026215245,1.1653353608,1.152694538780253
6.34584,5.04991,6.34584,1.10902,1973.56,1779.55,0.0,0.0,0.6464,0.582857,0.0,1,0.0029904365,1.2547774591,1.2599567154085045
4.43917,3.40706,4.39655,1.31985,159.122,120.561,0.0,0.0,0.4154,0.314732,0.0,0,0.0009203926,0.3301376571,0.3531433303267548
9.12848,8.18722,9.12848,0.813283,1954.3,2402.97,0.0,0.0,0.7082,0.870792,0.0,1,0.0023511454,1.0889172628,1.0465909747668094
16.80237,4.60613,16.77492,0.589197,2123.72,3604.43,0.0,0.0,0.7212,1.22404,0.0,1,0.0037156521,1.6792861796,1.6278766916217133
6.64754,5.07389,6.16433,0.794522,2382.26,2998.35,0.0,0.0,0.6836,0.860391,0.0,1,0.0035471319,1.6285568735,1.5707338272773967
13.17229,10.75846,13.16843,0.287208,1805.38,6285.97,0.0,0.0,0.8682,3.02289,0.0,0,0.0024541875,1.2775546946,1.1955945120876523
7.92656,5.00523,7.92544,0.836736,1842.18,2201.63,0.0,0.0,0.617,0.737389,0.0,0,0.0041888067,1.788354412,1.680487087800101
5.4813,5.1227,5.47077,1.25424,1931.27,1539.79,0.0,0.0,0.6264,0.499425,0.0,1,0.0031834777,1.2535066809,1.2852615749770648
5.51001,5.03328,5.49298,1.14233,1980.67,1733.88,0.0,0.0,0.6382,0.55868,0.0,1,0.002920909,1.2050963917,1.2047072443047036
15.07113,13.13968,15.07113,0.479637,2165.37,4514.6,0.0,0.0,0.7968,1.66126,0.0,1,0.0024921824,1.3285378345,1.2007169145251888
7.02178,4.13589,6.48548,1.19698,1845.1,1541.47,0.0,0.0,0.6186,0.516801,0.0,1,0.0030182505,1.3310582974,1.2608273026984118
5.12079,3.85633,4.1425,1.60147,940.147,587.051,0.0,0.0,0.5148,0.321454,0.0,1,0.0020586155,0.7508568903,0.7744769617535693
4.78048,4.01708,4.28221,1.6121,814.456,505.215,0.0,0.0,0.519,0.32194,0.0,1,0.0022203487,0.752767616,0.8204443496087039
8.749,6.77808,8.749,0.964207,1741.38,1806.02,6.02633,6.25004,0.65,0.674129,0.0,1,0.0022027236,1.0358287077,1.000398470892327
7.79113,6.77532,7.7776,0.987389,1670.12,1691.45,5.68352,5.75611,0.6296,0.637641,0.0,1,0.0018270478,0.8204185139,0.8282878113246639
8.17522,6.25474,8.17454,1.00629,1672.2,1661.75,6.89892,6.8558,0.6166,0.612746,0.0,1,0.0021387026,0.9461796985,0.9608493007234535
4.87973,4.18958,4.87973,1.91746,825.152,430.337,0.0,0.0,0.4374,0.228115,0.0,1,0.0023511927,0.7640308064,0.7779584940855055
4.44594,3.74599,4.44594,1.19018,680.577,571.825,0.0,0.0,0.4774,0.401114,0.0,1,0.0013292193,0.5095511881,0.5541786627801273
4.66636,3.48033,4.66636,1.03943,1194.85,1149.52,0.0,0.0,0.547,0.52625,0.0,0,0.0046789898,1.7344880472,1.7420885423790078
4.62568,3.53484,4.62568,1.03032,1206.44,1170.94,0.0,0.0,0.5394,0.523527,0.0,0,0.0045058273,1.6317256291,1.6485323273788577
10.70302,9.67182,10.70302,0.961173,1387.15,1443.19,0.0,0.0,0.6238,0.648999,0.0,1,0.0023218995,1.0319848128,0.996733309588423
5.07878,4.0341,5.03574,1.22095,872.445,714.565,0.0,0.0,0.486,0.398052,0.0,0,0.0042648376,1.4753466347,1.3312889838474224
5.63038,4.40455,5.63038,0.959184,2069.23,2157.28,0.0,0.0,0.682,0.711021,0.0,0,0.0013484736,0.6435976049,0.6162816430094267
4.94209,4.00194,4.9385,1.70772,1160.33,679.462,0.0,0.0,0.57,0.333779,0.0,1,0.0015677329,0.6448698633,0.6284459379606254
9.16363,5.74685,9.12289,0.890102,2297.06,2580.67,0.0,0.0,0.7262,0.815861,0.0,1,0.0022583196,1.0507624267,1.0407286102032685
5.98818,5.09996,5.98666,1.2421,2236.34,1800.46,0.0,0.0,0.6648,0.535224,0.0,1,0.0021855402,1.0013777265,0.9918408492021302
5.27147,3.77137,4.73746,1.58778,810.938,510.737,0.0,0.0,0.471,0.296641,0.0,0,0.002100137,0.7316861435,0.7466780418906194
9.91839,8.86286,9.91839,0.965245,1733.93,1796.36,0.0,0.0,0.6864,0.711115,0.0,1,0.0017274637,0.7815004182,0.7834335991498547
9.88958,8.7039,9.88958,1.06981,1632.82,1526.27,0.0,0.0,0.6406,0.598799,0.0,1,0.0017360289,0.822815693,0.7674436023864716
4.79083,4.0345,4.51089,1.48936,1096.45,736.189,0.0,0.0,0.5422,0.364049,0.0,1,0.002493251,0.9702765177,0.9474506223692637
9.86186,4.91496,9.72199,0.854434,1940.85,2271.51,0.0,0.0,0.6662,0.779698,0.0,1,0.0028071408,1.2558172042,1.2246675040670318
7.42586,6.54227,7.42586,1.26071,1716.68,1361.67,0.0,0.0,0.6098,0.483696,0.0,1,0.001535892,0.6882315089,0.7146430554722312
5.80792,5.38349,5.80792,1.12998,1474.82,1305.18,0.0,0.0,0.591,0.52302,0.0,0,0.0032792787,1.2814629936,1.2781970202120823
6.88443,4.8384,6.1725,0.827487,2774.06,3352.39,0.0,0.0,0.6498,0.785269,0.0,1,0.0028499655,1.3126026203,1.3437506539651298
6.99053,5.65806,6.99053,1.03643,2661.11,2567.58,0.0,0.0,0.7442,0.718045,0.0,0,0.0010704546,0.498071579,0.5140157329074939
7.31661,4.83808,7.31661,1.36986,1339.97,978.182,0.0,0.0,0.5642,0.411867,0.0,1,0.002381324,0.8187402538,0.9546951812116684
5.20851,4.05507,5.20188,1.12752,1913.28,1696.88,0.0,0.0,0.6196,0.549523,0.0,0,0.003181018,1.3666421053,1.3207817064639862
13.71017,3.97085,13.71017,1.23134,1607.97,1305.87,0.0,0.0,0.6056,0.491823,0.0,1,0.003672697,1.3513088053,1.399545832768795
6.4533,5.02363,5.80415,0.985188,2310.11,2344.84,0.0,0.0,0.6394,0.649013,0.0,1,0.0030109053,1.3104919705,1.3009022962046963
7.62702,5.92083,7.58526,0.977291,1976.53,2022.46,0.0,0.0,0.6138,0.628063,0.0,1,0.0026101129,1.1266644186,1.1318829469346332
7.55002,6.86281,7.5454,0.941882,1957.97,2078.79,0.0,0.0,0.639,0.678429,0.0,1,0.0023429188,1.0831443178,1.0586081569117127
5.04252,3.59258,5.00865,2.17111,739.471,340.597,0.0,0.0,0.4584,0.211137,0.0,1,0.004656838,1.2053040984,1.1350833432526035
6.87778,6.50668,6.87778,1.59244,1555.51,976.807,0.0,0.0,0.5806,0.364597,0.0,0,0.002502595,1.0111911643,1.0125216890057753
9.71746,9.09929,9.71746,1.3312,1383.23,1039.09,0.0,0.0,0.5818,0.43705,0.0,1,0.0007103374,0.3417558823,0.3595840313317791
6.25531,4.55241,6.24369,1.60942,1024.12,636.328,2.59362,1.61152,0.5428,0.337264,0.0,1,0.0011880906,0.4580047279,0.4809376539788912
6.98334,4.14157,6.98202,1.19557,2249.87,1881.83,0.0,0.0,0.6508,0.544341,0.0,1,0.0017525757,0.81543782,0.8022566366491832
5.97739,3.43415,5.31131,1.09565,745.656,680.561,250.74,228.851,0.5084,0.464017,0.0,1,0.0033031539,0.9973249778,1.1812829968123733
4.66852,3.42869,4.24306,1.43993,703.496,488.563,0.0,0.0,0.4898,0.340155,0.0,1,0.0041482401,1.1872299885,1.30832919788529
5.59824,4.74384,5.59824,0.895752,2281.69,2547.24,0.0,0.0,0.6272,0.700194,0.0,1,0.003213286,1.4403429807,1.367625078618512
9.06042,4.04226,9.06042,1.25445,1709.74,1362.94,22.3665,17.8297,0.6492,0.517517,0.0,1,0.0012637489,0.6067766304,0.568420702443826
8.98552,4.23883,8.98552,1.25419,1702.48,1357.43,21.0421,16.7774,0.6478,0.516507,0.0,1,0.0013341943,0.6159195972,0.6056415946769864
9.10869,5.99614,8.54669,0.787709,2364.52,3001.77,0.0,0.0,0.7242,0.919375,0.0,1,0.0027091709,1.1820234771,1.2545073585943327
6.47025,4.23928,6.47025,1.06649,1898.08,1779.75,0.0,0.0,0.616,0.577597,0.0,0,0.003189061,1.3576773178,1.3364166364467656
5.89247,4.24175,5.78451,1.04927,1964.15,1871.92,0.0,0.0,0.628,0.598513,0.0,0,0.0033152468,1.3358288088,1.3690781446687323
5.29805,4.38969,5.29805,1.14172,1383.89,1212.11,0.0,0.0,0.5194,0.454928,0.0,1,0.0032434227,1.2451554677,1.2476624764975819
5.57662,4.55736,5.57662,1.15159,1292.51,1122.37,0.0,0.0,0.5342,0.463881,0.0,1,0.0032390248,1.2035495011,1.2223844273356526
4.43071,3.40597,4.26593,1.3553,678.182,500.394,0.0,0.0,0.4342,0.320372,0.0,1,0.0049968843,1.2965524392,1.4082639056214923
4.32621,3.78826,4.32621,3.27612,950.357,290.086,0.0,0.0,0.4232,0.129177,0.0,1,0.0016728406,0.5985418233,0.5768221630114843
7.47444,4.87179,7.47444,1.1331,1630.87,1439.3,0.0,0.0,0.577,0.509222,0.0,1,0.0017021868,0.7596809898,0.754465719196009
7.22451,3.90462,7.20186,1.01646,1810.83,1781.5,0.0,0.0,0.6044,0.594611,0.0,1,0.0027428488,1.2318470607,1.204600508229131
5.41707,3.94622,5.41707,1.08258,1617.69,1494.29,0.0,0.0,0.5648,0.521716,0.0,0,0.004320764,1.6544319372,1.6707248131706025
7.01269,5.15498,7.0057,1.25891,2052.76,1630.59,0.0,0.0,0.6916,0.549364,0.0,0,0.0008544224,0.3974778807,0.41247714096145205
5.93872,4.77854,5.93164,1.27431,2083.27,1634.82,0.0,0.0,0.6888,0.540527,0.0,1,0.0008275173,0.3987828186,0.3992950508271389
4.72359,3.58415,4.71426,1.46617,963.816,657.369,0.0,0.0,0.4922,0.335704,0.0,0,0.0031388065,1.1688701484,1.0910904649800697
7.99703,7.36677,7.98615,1.64643,944.835,573.867,0.0,0.0,0.4756,0.288867,0.0,0,0.0015084683,0.659333476,0.6350803562541282
8.10881,7.62421,8.10881,1.55257,958.181,617.157,0.0,0.0,0.488,0.314317,0.0,0,0.0012939568,0.5598759216,0.5747114952930745
9.69314,7.13433,9.69314,0.65232,2302.34,3529.46,0.0,0.0,0.7484,1.14729,0.0,1,0.0025422652,1.153965796,1.2047473654733372
9.64125,7.09583,9.64125,0.653616,2314.51,3541.09,0.0,0.0,0.7532,1.15236,0.0,1,0.0025214892,1.1443789889,1.1783834359045207
9.69113,7.20147,9.69113,0.660405,2307.63,3494.27,0.0,0.0,0.7614,1.15293,0.0,1,0.0024574878,1.174252712,1.1540960527106945
13.22354,6.67449,13.22354,0.8764,2113.41,2411.46,0.0,0.0,0.7206,0.822227,0.0,1,0.0032186569,1.2614474265,1.2384723881900395
6.22868,3.97762,6.13994,1.44635,836.354,578.253,0.0,0.0,0.4804,0.332147,0.0,1,0.005551731,1.2437429168,1.3817322602409974
5.29821,4.82783,5.29821,2.09158,1030.37,492.631,0.0,0.0,0.4588,0.219356,0.0,1,0.0020909797,0.6967839007,0.7284695960489023
7.27536,4.86667,7.27536,0.966335,1538.49,1592.09,200.889,207.888,0.6076,0.628767,0.0,1,0.0040682026,1.5427710982,1.5598380075054878
21.60336,14.63737,21.60336,0.354351,1695.85,4785.8,0.0,0.0,0.8718,2.46027,0.0,1,0.0027709867,1.3755150296,1.3379261618086884
5.41632,4.78135,5.41632,1.32576,1175.0,886.282,0.0,0.0,0.499,0.376388,0.0,1,0.0048464534,1.5367269913,1.5348289495944174
10.82894,9.41793,10.82894,0.926286,1458.82,1574.92,0.0,0.0,0.651,0.702807,0.0,1,0.0022623736,1.0180505631,1.00175609828801
4.10269,3.52572,4.10269,1.25337,612.446,488.638,0.0,0.0,0.5006,0.399402,0.0,0,0.002472072,0.9837403939,0.9659538816943395
11.86103,5.70578,11.72639,0.691421,2206.3,3190.97,0.0,0.0,0.7668,1.10902,0.0,1,0.0024924497,1.2056184259,1.1708195559767096
7.44579,3.94305,6.4772,1.00681,1672.8,1661.47,0.0,0.0,0.5814,0.577465,0.0,0,0.0048852158,1.7703055579,1.9097091224949878
4.43567,3.44353,4.43166,1.44767,531.139,366.891,0.0,0.0,0.4788,0.330738,0.0,1,0.0007733217,0.3325737467,0.34162344793533705
8.38023,4.12707,8.38023,0.867162,1938.3,2235.22,0.0,0.0,0.6224,0.717744,0.0,0,0.0031228602,1.3654294655,1.350785843982801
6.06957,5.53792,6.06957,0.892995,1622.17,1816.55,0.0,0.0,0.629,0.704371,0.0,1,0.0020127349,0.9495883192,0.898354753376595
7.16525,4.74264,7.03966,0.861413,1929.99,2240.49,0.0,0.0,0.6146,0.713479,0.0,0,0.0046606489,1.8877770215,1.792012676018073
6.53052,5.58315,6.53052,1.14575,936.289,817.183,0.0,0.0,0.503,0.439013,0.0,0,0.0040235267,1.281282702,1.277949089799751
6.69444,5.84937,6.69444,1.13629,975.718,858.686,0.0,0.0,0.5104,0.44918,0.0,0,0.003956291,1.2732993456,1.2969104229726567
6.69706,5.82012,6.69706,1.12302,945.662,842.074,0.0,0.0,0.503,0.447901,0.0,0,0.0037937336,1.2178839927,1.2663926555211646
6.823,5.88003,6.823,1.1136,990.517,889.476,0.0,0.0,0.5056,0.454025,0.0,0,0.0040395746,1.3011055969,1.3151968257540485
6.67565,4.79784,6.64558,1.08038,1016.53,940.902,0.0,0.0,0.5102,0.47224,0.0,0,0.0043698859,1.3042907476,1.4269401305636422
6.44081,4.04722,6.44081,1.09379,982.779,898.504,0.0,0.0,0.5092,0.465535,0.0,0,0.0045568615,1.3446293889,1.4362011829121917
6.73531,5.14118,6.73531,1.08477,941.654,868.069,0.0,0.0,0.5218,0.481024,0.0,0,0.0043164643,1.314595772,1.368939960452631
7.09133,6.25516,7.09133,1.0672,1026.65,962.001,0.0,0.0,0.525,0.491941,0.0,0,0.0035391802,1.1779940998,1.224864934876417
7.29129,6.3252,7.29129,1.04682,1086.92,1038.31,0.0,0.0,0.5424,0.518142,0.0,0,0.0036433523,1.2021860661,1.3343012908149026
5.00131,3.86562,5.00092,1.39238,1497.55,1075.53,0.0,0.0,0.5584,0.401039,0.0,1,0.0022503092,0.912537659,0.9469581670471647
5.10696,4.09246,5.10696,1.36597,1540.95,1128.11,0.0,0.0,0.565,0.413627,0.0,1,0.0023977925,0.9465317595,0.997046974913795
4.53154,3.47646,4.53046,2.03962,960.704,471.022,1.31722,0.645816,0.5242,0.257009,0.0,1,0.0015108758,0.6181182966,0.6474117666535952
7.83476,4.57838,7.67886,1.07865,1348.62,1250.29,0.0,0.0,0.5716,0.529923,0.0,0,0.0022461452,0.9559018385,0.9236783913647566
4.99022,3.91645,4.98963,1.38859,1498.87,1079.42,0.0,0.0,0.5588,0.402423,0.0,1,0.0022685464,0.9253734609,0.9386552774506451
6.08705,4.94831,6.08705,1.19906,1535.33,1280.44,0.0,0.0,0.57,0.475373,0.0,1,0.0032382511,1.3154150483,1.2637351786514655
6.78829,4.53676,6.76727,1.15506,1800.97,1559.2,0.0,0.0,0.6172,0.534345,0.0,1,0.0025461193,1.1016575656,1.1122713342979333
6.09359,4.9062,6.08114,0.831336,2354.2,2831.83,0.0,0.0,0.6718,0.808097,0.0,1,0.0038530723,1.6372787821,1.6959171712120011
6.07463,4.45798,5.9729,0.984585,2401.71,2439.31,0.0,0.0,0.6528,0.663021,0.0,1,0.0024758303,1.0792531728,1.11471142406031
10.89993,6.77637,10.89993,0.718001,2324.4,3237.32,0.0,0.0,0.7434,1.03537,0.0,1,0.0027671386,1.2605145781,1.2734442579554441
11.91055,8.94015,11.87908,0.448758,2210.67,4926.21,0.0,0.0,0.8084,1.80142,0.0,1,0.0027612883,1.3243103685,1.3198485207059307
5.85992,4.34741,5.85992,1.1473,1614.58,1407.28,0.0,0.0,0.5232,0.456026,0.0,0,0.0032788389,1.3133167396,1.3038641570334808
4.29835,3.4152,4.29262,1.35163,393.739,291.306,2.25484,1.66823,0.4592,0.339737,0.0,1,0.00144216,0.562884018,0.5717934992358458
5.62483,3.84836,5.59785,1.06417,2334.41,2193.65,0.0,0.0,0.607,0.5704,0.0,1,0.003330181,1.4081947086,1.3935834974425074
9.79433,6.58571,9.76919,1.05716,1773.48,1677.58,0.0,0.0,0.674,0.637556,0.0,1,0.0018450329,0.8260451616,0.8212709916444805
6.81125,6.65142,6.81125,1.26369,1689.58,1337.02,0.0,0.0,0.6178,0.488886,0.0,1,0.0010846057,0.5458169545,0.5336537751752947
4.39479,3.63152,4.30622,1.20023,327.056,272.493,228.818,190.645,0.4452,0.370927,0.0,0,0.0049051343,1.4362777996,1.2951305340790285
4.51501,3.79299,4.16091,1.19194,612.464,513.84,0.0,0.0,0.4502,0.377705,0.0,0,0.0047468291,1.4040324198,1.3981273962237422
9.13708,7.11095,9.13708,0.82221,2053.25,2497.23,0.0,0.0,0.684,0.831905,0.0,0,0.002964874,1.332951074,1.2953367015764923
13.69253,8.47609,13.69253,0.683521,2000.04,2926.08,0.0,0.0,0.7552,1.10487,0.0,0,0.0020395925,0.9419951491,0.9549511742542189
8.234,7.52617,8.234,0.858047,2501.02,2914.78,0.0,0.0,0.7128,0.830724,0.0,1,0.0025606649,1.1610044566,1.2074818132153653
7.90101,7.08763,7.8976,1.07399,1764.62,1643.06,0.0,0.0,0.6344,0.590696,0.0,1,0.0026156237,1.1455257902,1.1430976012670135
6.91612,5.83867,6.83043,1.00356,2150.65,2143.01,0.0,0.0,0.6578,0.655465,0.0,1,0.0026975176,1.2069708637,1.1917093206671203
37.3405,13.00592,37.31547,0.403891,1712.88,4240.94,0.0,0.0,0.8324,2.06095,0.0,1,0.0028453828,1.3390239262,1.3715006740714841
5.63795,4.77812,5.63069,1.59088,1761.52,1107.26,0.0,0.0,0.5624,0.353516,0.0,0,0.0026060493,1.0605330396,1.01878646592017
5.82433,3.93601,5.82433,1.29826,1025.59,789.97,0.0,0.0,0.5686,0.437971,0.0,0,0.0008180184,0.3498253343,0.3653376673644947
17.65359,14.41981,17.65359,0.688928,1805.53,2620.78,0.0,0.0,0.7418,1.07675,0.0,0,0.002357594,1.0699288889,1.0794391922989446
7.81236,5.76726,7.81236,0.879883,2108.57,2396.42,0.0,0.0,0.6624,0.752827,0.0,0,0.0024909842,1.1214361134,1.1190675690698104
5.37118,4.47094,5.33272,1.34967,1149.04,851.347,10.6722,7.90727,0.5126,0.379797,0.0,1,0.0025994205,1.007983325,0.9890458204985637
5.22265,4.3746,5.21018,1.35436,1100.13,812.287,11.7356,8.66502,0.5156,0.380696,0.0,1,0.0024871279,0.9467884454,0.933142264510094
5.28891,4.25116,5.28891,1.21408,1053.59,867.808,5.10787,4.20721,0.5256,0.432922,0.0,1,0.0023609587,0.8946296095,0.908114835259604
24.28264,10.2733,24.27637,0.405541,1930.72,4760.85,0.0,0.0,0.8426,2.07772,0.0,1,0.0032369908,1.4921226878,1.5334974569277882
20.08724,6.66271,20.08724,0.597835,2261.64,3783.05,0.0,0.0,0.7894,1.32043,0.0,1,0.003097385,1.4388844183,1.423703905168043
7.04018,5.00118,6.73681,1.11887,1297.93,1160.04,0.0,0.0,0.528,0.471906,0.0,1,0.0022887152,0.9742536297,0.9507437401744262
7.11877,4.99085,7.01426,1.11442,1299.63,1166.19,0.0,0.0,0.527,0.472891,0.0,1,0.002401959,0.9618186742,0.9899973753455102
13.14331,6.50331,13.13039,0.890304,2133.37,2396.22,0.0,0.0,0.7114,0.799053,0.0,1,0.0034033551,1.3027642864,1.2766492595579546
8.16636,3.63608,8.16636,1.40372,1642.88,1170.38,0.0,0.0,0.568,0.40464,0.00156727,0,0.0018449024,0.7025432588,0.7834186940142502
10.74057,8.40432,8.92854,0.504189,2700.75,5356.61,0.0,0.0,0.8076,1.60178,0.0,1,0.0025638603,1.2052671659,1.2700270378061835
5.77457,3.67413,5.75944,1.64692,1133.89,688.489,59.8527,36.3421,0.521,0.316347,0.0,1,0.0022749017,0.925352035,0.862062298162698
14.43115,13.28451,14.43115,0.493906,1518.29,3074.04,0.0,0.0,0.7906,1.60071,0.0,1,0.0016925841,0.8628153715,0.8227333518780666
4.16883,3.64959,4.16883,1.16973,666.603,569.875,0.0,0.0,0.5526,0.472415,0.0,0,0.0012853062,0.6098980327,0.5988282803238354
5.22384,3.95101,5.21614,1.32405,863.286,652.003,0.0,0.0,0.4802,0.362674,0.0,1,0.005362849,1.3818536371,1.5118967742340372
5.39742,4.45708,5.33979,1.26627,1762.86,1392.17,0.0,0.0,0.5648,0.446036,0.0,1,0.0025496406,1.0372767904,1.0874440194949755
5.34624,4.4404,5.30939,1.2826,1715.57,1337.57,0.0,0.0,0.5728,0.446594,0.0,1,0.0025737384,1.0436989376,1.0741137514618067
5.37051,4.47073,5.34338,1.28123,1720.75,1343.05,0.0,0.0,0.573,0.447228,0.0,1,0.0024854364,1.0383240857,1.0310737403248365
5.35189,4.46399,5.34326,1.29856,1713.78,1319.75,0.0,0.0,0.5712,0.439871,0.0,1,0.0025506052,1.047081026,1.062271611943286
5.32077,4.48233,5.32077,1.33464,1678.44,1257.6,0.0,0.0,0.5746,0.430529,0.0,1,0.0024867348,1.0542747986,1.023304725310509
5.30607,4.48289,5.30386,1.35411,1643.73,1213.88,0.0,0.0,0.5664,0.418282,0.0,1,0.0025238694,1.0470682609,1.022113913021855
5.3264,4.54894,5.3264,1.35472,1669.82,1232.6,0.0,0.0,0.5738,0.423556,0.0,1,0.0025837976,1.0277603752,1.0496954965928214
7.10606,3.80774,7.0844,1.02768,1719.77,1673.45,0.0,0.0,0.5972,0.581114,0.0,1,0.0027435402,1.25024457,1.1767505002375502
4.6264,3.66432,4.6264,1.37262,652.64,475.472,0.0,0.0,0.459,0.334398,0.0,0,0.0023865404,0.8664407503,0.8265749602477608
5.08255,3.56751,5.06998,1.24486,1045.2,839.611,0.0,0.0,0.4974,0.399562,0.0,1,0.0038976917,1.3692487195,1.3118782125362278
5.6482,4.818,5.6482,1.03468,1377.31,1331.15,0.0,0.0,0.5112,0.494067,0.0,1,0.0058829622,1.9925619558,1.9653651509751509
8.24038,5.23853,8.14946,0.765451,2630.89,3437.05,0.0,0.0,0.7374,0.963354,0.0,1,0.003323522,1.5199877281,1.486743361129079
5.43641,4.11889,5.43641,1.10203,1510.94,1371.05,0.0,0.0,0.521,0.472764,0.0,0,0.0033136254,1.2986612131,1.3066078622381465
4.88259,3.42627,4.87229,1.37031,946.317,690.584,0.0,0.0,0.58,0.423261,0.0,1,0.0023608948,0.936219216,0.8938125156438456
6.86808,4.73515,6.86808,1.25879,1604.0,1274.24,0.0,0.0,0.5842,0.464096,0.0,1,0.002592265,1.0225886747,1.0780846271213942
6.85728,4.76238,6.85728,1.25559,1624.77,1294.03,0.0,0.0,0.5694,0.453492,0.0,1,0.0024734783,1.0651382487,1.0353942832730187
6.82109,4.77027,6.82109,1.2492,1610.37,1289.12,0.0,0.0,0.5834,0.467017,0.0,1,0.0025685904,1.0602657407,1.0771382538261518
6.88408,4.79829,6.69844,1.21505,1604.06,1320.16,0.0,0.0,0.5894,0.485082,0.0,1,0.002443998,1.0407423944,1.0249349894790825
9.63216,5.48309,9.63216,0.807059,2178.07,2698.78,0.0,0.0,0.7352,0.910962,0.0,1,0.0012793558,0.5573408362,0.6536022423030459
5.26061,4.96221,5.22095,1.17428,998.963,850.705,0.0,0.0,0.5002,0.425964,0.0,0,0.001479816,0.6080540938,0.6281940859152204
20.32962,7.50871,20.32962,0.465536,2204.15,4734.65,0.0,0.0,0.8128,1.74594,0.0,1,0.0030372201,1.3858011415,1.4204428599899583
7.07783,5.58584,7.07783,0.782965,2562.61,3272.96,0.0,0.0,0.6992,0.893015,0.0,1,0.0032631456,1.4403136497,1.496918074032597
5.81598,3.9573,5.81598,0.969805,2178.44,2246.27,0.0,0.0,0.6456,0.665701,0.0,1,0.0039909848,1.6430411191,1.681356872498138
4.9863,4.28704,4.9863,0.999721,1029.25,1029.53,0.0,0.0,0.551,0.551154,0.0,1,0.0021214822,0.9033701225,0.911383824576429
4.97187,3.8062,4.93999,0.952981,1353.58,1420.37,0.0,0.0,0.5664,0.594346,0.0,1,0.0026423205,1.1705640165,1.1317473809529146
9.14666,5.88445,8.01264,0.927388,1498.69,1616.04,0.0,0.0,0.5906,0.636843,0.0,0,0.0035379643,1.5274671715,1.44921883779555
9.30653,7.96955,8.40209,0.639421,2480.2,3878.82,0.0,0.0,0.7576,1.18482,0.0,1,0.0027731991,1.3726257248,1.3098741360928945
8.92267,4.20987,8.92267,1.114,2237.68,2008.69,0.0,0.0,0.7006,0.628903,0.0,1,0.0011886488,0.58375554,0.5795130078911458
4.76853,3.96927,4.66022,1.28743,834.269,648.011,0.0,0.0,0.4838,0.375787,0.0,1,0.0045540529,1.5095791411,1.3966472333062663
4.87799,4.0904,4.87799,1.19653,987.013,824.893,0.0,0.0,0.5152,0.430577,0.0,1,0.0031686197,1.2417682081,1.1412179875251853
5.9099,4.91539,5.73695,1.28892,1160.38,900.27,0.0,0.0,0.5204,0.403748,0.0,0,0.0044925171,1.3897817417,1.4428005106226536
7.47107,4.53903,7.43631,1.09467,1585.65,1448.51,0.0,0.0,0.5836,0.533128,0.0,1,0.0032571763,1.2721738478,1.3415066357359204
8.07986,5.82761,8.06722,0.702361,2633.85,3750.0,0.0,0.0,0.7174,1.02141,0.0,1,0.0026722791,1.278200335,1.2535001604767284
9.41161,6.60227,9.39434,0.678974,2530.56,3727.03,0.0,0.0,0.7552,1.11227,0.0,1,0.0029122533,1.3186902831,1.3450024393998052
11.92122,6.68196,11.92122,0.814891,2190.64,2688.27,0.0,0.0,0.7046,0.864656,0.0,1,0.0040461171,1.5691642445,1.534778419106252
6.0596,4.54083,6.0596,1.15823,1419.36,1225.46,0.0,0.0,0.5808,0.501457,0.0,1,0.0027831006,1.1353217168,1.1157837491376486
6.81689,4.16129,6.80143,1.34232,1279.03,952.844,0.0,0.0,0.53,0.394837,0.0,1,0.0012431796,0.555934499,0.5552337357736314
5.49902,3.71803,5.37867,1.30831,1870.03,1429.35,0.0,0.0,0.6444,0.492544,0.0,1,0.0049781671,1.8947529059,1.906974760512259
4.77783,3.48746,4.76506,1.70684,334.136,195.762,173.298,101.532,0.4902,0.287197,0.0,1,0.0016261647,0.6021221142,0.5961176078726715
7.30118,5.11086,5.92942,1.04457,1885.43,1804.99,0.0160738,0.015388,0.6212,0.594697,0.0,0,0.0036566146,1.450815805,1.4988957564907546
4.08199,3.46421,4.07007,1.50938,399.978,264.995,0.0,0.0,0.4188,0.277465,0.0,1,0.0033276611,1.1246775784,1.051477973562974
5.81277,5.4291,5.81277,1.09047,1603.64,1470.59,0.0,0.0,0.5888,0.539951,0.0,0,0.0034191891,1.3211190638,1.3804112079381143
6.48565,4.23405,6.48051,1.20859,1651.45,1366.43,0.0,0.0,0.5628,0.465668,0.0,1,0.0027663243,1.1963965082,1.1434914922444142
4.0542,3.70372,4.05121,1.83709,560.464,305.082,53.3835,29.0587,0.4362,0.237441,0.0,1,0.0021802039,0.8164612918,0.8263115936409945
5.02966,4.18682,5.02966,1.54704,1064.88,688.333,0.0,0.0,0.4702,0.303935,0.0,1,0.0033777606,1.1144021338,1.1315763793727804
5.03517,4.18078,5.03517,1.52077,1109.78,729.746,0.0,0.0,0.4686,0.308133,0.0,1,0.0033101796,1.1236226787,1.1482582792806835
6.12654,3.97231,6.12654,1.08189,1594.49,1473.8,0.0,0.0,0.5652,0.522421,0.0,0,0.0029375443,1.2329860624,1.2149118431413068
4.68848,3.56399,4.68848,1.21981,1104.24,905.252,0.0,0.0,0.5638,0.462202,0.0,1,0.0039679943,1.457892218,1.452005033405729
4.86162,3.45547,4.8534,1.16782,1166.3,998.701,0.0,0.0,0.5894,0.504701,0.0,1,0.0045121682,1.6527064501,1.6008199317361675
