LCD,PLD,LFPD,cm3_g,ASA_m2_cm3,ASA_m2_g,NASA_m2_cm3,NASA_m2_g,AV_VF,AV_cm3_g,NAV_cm3_g,Has_OMS,0.01,y_true,y_pred
24.60642,13.0343,24.60642,0.349927,1537.41,4393.52,0.0,0.0,0.863,2.46623,0.0,1,0.0037779022999999,1.8328340337,1.7724933748974152
24.38417,13.22222,24.38417,0.346494,1518.48,4382.42,0.0,0.0,0.8644,2.49471,0.0,1,0.0038462383,1.8801679105,1.8081570082622922
23.29182,13.11646,23.29182,0.343144,1530.83,4461.21,0.0,0.0,0.8618,2.51148,0.0,1,0.0038958197,1.8539999669,1.8187617386579669
9.69678,6.71185,9.61668,0.664961,2272.9,3418.09,0.0,0.0,0.7302,1.09811,0.0,0,0.0034870392,1.551607799,1.5994348148200868
11.28381,4.52903,11.28381,0.822811,2257.22,2743.3,0.0,0.0,0.6948,0.844422,0.0,1,0.0053891652,1.92074847,2.1254135123219458
11.40609,8.52606,11.40609,2.31198,1582.43,684.446,0.0,0.0,0.647,0.279846,8.65e-05,1,0.0004696855,0.2200342128,0.27349718197058936
5.46218,4.59563,5.46034,1.83317,1345.91,734.196,0.0,0.0,0.576,0.31421,0.0,0,0.0146332068,2.451730572,2.982353050791805
12.8003,5.50166,12.79961,0.784559,2116.78,2698.05,0.0,0.0,0.7198,0.917458,0.0,1,0.0052782481,2.0632188101,2.090286756354698
11.85007,7.21214,11.45277,0.623261,2219.01,3560.32,0.0,0.0,0.7618,1.22228,0.0,1,0.0033185919,1.5643104824,1.5306966668423556
10.12518,7.5272,10.12318,0.775574,2361.78,3045.2,0.0,0.0,0.7158,0.922929,0.0,1,0.0047228353,2.0356746592,2.0133812022403905
10.5847,3.84767,10.5847,0.968927,2122.87,2190.95,0.0,0.0,0.6504,0.671258,0.0,1,0.0076982145999999,2.3826863571,2.5105227396166967
5.64584,4.05596,5.63489,1.01371,1738.43,1714.92,0.32856,0.324118,0.6096,0.601358,0.0,1,0.0093644014,3.1627956076,2.988831039973276
12.92538,6.29785,12.92538,0.898119,2356.63,2623.96,0.0,0.0,0.6828,0.760255,0.0,1,0.0040714361,1.7008150303,1.6359213869914369
5.13144,3.67825,5.11456,1.3623,1196.21,878.085,0.0,0.0,0.5018,0.368349,0.0,0,0.0048802724,1.4440322682,1.5853327551777734
11.43013,9.61646,11.40927,0.476468,2123.61,4456.97,0.0,0.0,0.8196,1.72016,0.0,1,0.0033644778,1.6249406141999998,1.6192959852229503
4.28323,3.79801,4.26635,1.30528,1237.19,947.835,0.0,0.0,0.5092,0.390108,0.0,1,0.0101853402,2.5296955317,2.7633359955235868
3.87179,3.50198,3.85722,1.36931,1031.87,753.568,0.0,0.0,0.5022,0.366754,0.0,1,0.0074092924,2.0333061289,2.128184989210829
18.34605,17.1599,18.34605,0.724278,1666.73,2301.23,0.0,0.0,0.776,1.07141,0.0,1,0.0118896108,2.6859424702,3.0122694971088655
8.3585,6.26342,8.18439,0.855984,1774.61,2073.18,0.0,0.0,0.6172,0.721042,0.0,1,0.0034835817999999,1.4192218158,1.5449221915280518
15.33666,5.40917,6.36274,0.990293,1940.65,1959.67,0.0,0.0,0.6518,0.658189,0.0,1,0.0088095272,2.8239862329000003,2.7210190866341053
11.35851,4.44127,11.35851,0.998372,1829.81,1832.79,0.0,0.0,0.6236,0.624617,0.0,1,0.0130392526,3.296469122,3.1144347269123447
5.38919,4.13551,5.38919,1.62989,1386.73,850.81,0.0,0.0,0.5466,0.33536,0.0,1,0.0093948757,2.3982240783,2.354263489254182
5.00001,3.6207,4.99072,1.72941,572.133,330.826,0.0,0.0,0.4138,0.239272,0.0,0,0.0013371012,0.4651284226,0.46923101500981157
4.68198,3.57584,4.68198,1.98004,493.025,248.998,0.0,0.0,0.4188,0.211511,0.0,1,0.0009801819,0.3529334054999999,0.3591689186506175
12.43011,5.54656,12.43011,1.34061,1862.24,1389.1,0.0,0.0,0.6814,0.508277,0.000596744,0,0.0028166955,1.293858422,1.0748529252823191
5.29408,4.17227,5.29408,1.81161,1362.6,752.15,0.0,0.0,0.5006,0.276328,0.0,1,0.0054574206999999,1.6790679404,1.603800647321201
10.14478,9.16125,10.14478,1.64843,1361.9,826.183,0.0,0.0,0.588,0.356703,0.0,1,0.0010694716,0.5149635231,0.47414563274855204
6.45831,4.45817,6.45831,1.05764,1467.29,1387.32,0.0,0.0,0.552,0.521916,0.0,1,0.0084530356,2.0784180596,2.564974737036164
6.58115,3.73125,6.58115,0.993282,1853.01,1865.55,0.0,0.0,0.582,0.585936,0.0,0,0.0111887005,3.9958380815,3.751548097070631
12.36152,9.64623,12.36152,0.670312,1969.74,2938.54,0.0,0.0,0.7304,1.08964,0.0,0,0.0034856186,1.5552936597,1.589650352864459
11.05462,4.21804,11.05462,0.944025,1733.14,1835.91,0.0,0.0,0.6684,0.708032,0.0,1,0.0024616767,1.1428230070999998,1.1268124341657275
8.87015,7.61141,8.84647,0.61411,2422.25,3944.33,0.0,0.0,0.804,1.30921,0.0,0,0.0016857054,0.8831534073999999,0.8109904655493866
6.02059,3.60964,6.01517,1.26554,923.516,729.74,0.0,0.0,0.497,0.392717,0.0,0,0.0043311757,1.3383725874,1.3216153406625222
9.90767,8.8856,9.90767,1.25703,2053.39,1633.52,0.0,0.0,0.7078,0.563072,0.0,0,0.0091407482,2.4758540091,3.3026071560293655
13.20977,6.6958,13.20977,0.618713,2108.92,3408.56,2.69185,4.35072,0.73,1.17987,0.0,0,0.0032157661999999,1.5562316806,1.464264791897618
11.83799,7.63891,11.7221,0.673503,2318.04,3441.77,0.0,0.0,0.7596,1.12783,0.0,1,0.0047726452,2.0547138393,2.0587460498086076
11.37885,6.17998,10.24831,0.783377,2242.23,2862.26,0.0,0.0,0.6804,0.868548,0.0,1,0.0045754116999999,1.9581960596,1.8599403833478532
19.34511,12.33787,19.24026,0.450433,1674.23,3716.94,0.0,0.0,0.8472,1.88086,0.0,1,0.0032873934999999,1.5304551876,1.5515988287935045
12.64207,6.13059,12.56929,0.688272,2372.6,3447.18,0.0,0.0,0.7544,1.09608,0.0,1,0.0075683007,2.6033467145,2.715202098933813
11.30689,5.72282,11.30689,0.75113,2376.62,3164.06,0.0,0.0,0.7236,0.963349,0.0,1,0.0056728082999999,2.1423151719,2.2283600305219657
8.37126,7.81796,8.37126,2.71612,1505.4,554.246,0.0,0.0,0.6104,0.224732,0.0,1,0.0007932458,0.3429513016,0.3425620726390761
14.19695,6.32486,14.19695,0.780735,2310.25,2959.08,0.0,0.0,0.7264,0.930405,0.0,1,0.0045367506,2.1363155188,1.9169318031320242
8.05407,6.75932,7.96872,0.960767,1454.92,1514.34,0.0,0.0,0.5674,0.59057,0.0,0,0.0022663194,1.0339991188,1.0521885245034963
7.32162,4.55611,5.93566,1.50685,1363.44,904.833,0.0,0.0,0.5076,0.336863,0.0,1,0.0014934510999999,0.6510080061,0.6423007691777808
4.16596,3.6754,4.15153,1.12701,1392.79,1235.82,0.0,0.0,0.5518,0.489614,0.0,1,0.0074528871,2.6014461174,2.536212880929913
6.69548,4.06015,6.67985,1.03219,1589.58,1540.01,0.0,0.0,0.5732,0.555324,0.0,1,0.0077485715,2.5800446082,2.499213459592884
6.42322,5.39187,6.42322,1.55223,1810.57,1166.43,0.0,0.0,0.6266,0.403676,0.0,0,0.0051302653999999,1.8016180756,1.8633271220652352
7.77133,6.76319,7.77133,0.912847,1827.53,2002.01,0.0,0.0,0.6452,0.7068,0.0,0,0.0045545,1.8908992299,1.8848525831618095
6.3721,5.81224,6.36767,1.69788,895.639,527.505,0.0,0.0,0.47,0.276816,0.0,1,0.0019143059,0.7107778908,0.6870311875350615
7.38214,4.96534,7.38214,1.07307,1447.07,1348.53,0.0720169,0.0671129,0.5318,0.495588,0.0,1,0.0081914181,2.0641114962,2.3857905946908975
8.91053,4.46746,8.91053,4.13717,1136.38,274.675,0.0,0.0,0.4164,0.100649,0.000386738,1,0.0022986003,0.5567146685000001,0.8176613183697482
5.62039,5.35711,5.62039,1.66496,1129.92,678.647,0.152502,0.091595,0.484,0.290697,0.0,1,0.0022530297,0.8513641206999999,0.8493933418957693
6.03864,3.8691,6.03864,2.05539,1028.56,500.422,0.0,0.0,0.503,0.244722,0.0,1,0.0009121393,0.3795492029,0.41401754712670646
11.10015,5.6209,11.10015,0.767516,2426.29,3161.23,0.0,0.0,0.7292,0.950078,0.0,1,0.0055775742,2.248039994,2.2361056519942455
5.86918,4.59668,5.81577,0.986332,2188.93,2219.27,0.0,0.0,0.6352,0.644002,0.0,1,0.0071348479,2.7258010558,2.6839795333377303
17.97302,15.80148,17.15199,0.243844,1288.51,5284.15,0.0,0.0,0.909,3.72779,0.0,1,0.0039342716,1.8399448323,1.8179176942554602
8.37247,7.3895,8.37077,1.20081,1241.45,1033.84,0.0,0.0,0.5362,0.446532,0.0,0,0.005029242,1.9118191314,1.6282542286676043
5.25371,3.53655,5.25051,1.61178,698.642,433.459,0.0,0.0,0.4448,0.275968,0.0,1,0.0150822346,1.787383029,1.8795015974402722
5.33631,4.08532,4.88589,1.30265,1571.53,1206.41,0.0,0.0,0.5888,0.452001,0.0,1,0.0054651521,1.6977716124000002,1.8945828319519413
11.30814,4.84088,11.28951,0.953196,1460.99,1532.73,328.938,345.089,0.656,0.688211,0.0,0,0.0047473735,1.5437967958,1.724517851734149
13.11846,6.60097,13.10556,1.02457,1662.31,1622.44,0.0,0.0,0.6408,0.625431,0.0,1,0.0059310304,2.1954669247,2.036950263119782
8.12516,5.69593,7.90061,1.15636,2071.75,1791.62,0.0,0.0,0.639,0.552597,0.0,0,0.0112642451,3.9625097511,3.9249871279974773
8.39259,6.42224,8.39259,0.858615,2621.58,3053.27,0.0,0.0,0.7534,0.87746,0.0,1,0.0055234954,2.0377938999,2.247952994163128
25.81792,14.43274,25.36207,0.55407,1540.39,2780.13,0.0,0.0,0.8362,1.5092,0.0,1,0.0047632184,1.9510342654,2.0218676075208464
8.27667,5.74162,8.27274,1.20417,741.315,615.623,530.043,440.172,0.5268,0.437479,0.0,1,0.0053495193,1.9450124727,1.7905864264941416
9.02668,4.87755,9.02668,0.958168,1617.77,1688.4,0.0,0.0,0.6126,0.639345,0.0,1,0.0064944081,2.6119043411,2.2872634141617154
4.73188,3.71957,4.56441,1.30231,281.161,215.894,153.376,117.772,0.4962,0.381015,0.0,1,0.0048979675,1.1547873427,1.3638317944817389
9.99521,7.8188,9.31419,0.670932,2064.07,3076.42,0.0,0.0,0.7104,1.05883,0.0,1,0.0033448192,1.5458572506,1.5377049704021952
21.49045,20.91759,21.49045,0.763691,1446.12,1893.59,0.0,0.0,0.7166,0.938337,0.0,1,0.0019862418,0.8744462312000001,0.959330873708714
20.34484,16.57615,20.32874,0.744987,1552.98,2084.58,0.0389169,0.0522383,0.7072,0.949278,0.0,1,0.0015799036,0.7312405603000001,0.7917588567303029
4.00389,3.67365,4.00389,1.98749,501.521,252.339,0.0,0.0,0.386,0.194214,0.0,0,0.0140377843,1.9655438506,1.7495517748250355
5.66693,4.72038,5.66453,1.32843,1075.3,809.448,0.0,0.0,0.5358,0.403332,0.0,1,0.0008286471,0.3726855340999999,0.4030440840443019
4.94749,4.06581,4.8956,1.42755,1119.79,784.412,0.0,0.0,0.5024,0.351932,0.0,1,0.0055815904,1.6091634416999998,1.693577761108795
12.82141,3.84026,12.82141,2.18826,1494.62,683.017,0.0,0.0,0.5914,0.270261,0.0,0,0.0071467086,1.9180129633,1.8813359872503252
11.12176,8.60837,11.10384,0.690728,2384.44,3452.06,0.0,0.0,0.7446,1.07799,0.0,0,0.0052378705,2.0350830034,2.237938576916275
12.39923,7.07299,12.39923,0.815139,2115.12,2594.8,0.0,0.0,0.691,0.847708,0.0,1,0.0071757644999999,2.2450419293,2.3327641995253288
25.32442,15.73034,25.32073,0.347361,1224.7,3525.73,0.0,0.0,0.9,2.59097,0.0,0,0.0035128838,1.6093553121000002,1.5774183117334553
9.46971,6.7544,9.46722,1.01741,1558.89,1532.22,0.0,0.0,0.6188,0.608213,0.0,1,0.0037184717,1.1460960796,1.507172367822233
11.68128,4.3201,11.68059,0.797571,1974.27,2475.35,0.0,0.0,0.6798,0.852338,0.0,1,0.0087606007,2.4460868092,2.6068518189687744
11.6271,4.37686,9.57037,0.725635,2073.78,2857.89,0.0,0.0,0.7062,0.973216,0.0,1,0.0087906936,2.4833717028,2.677903126026864
7.79579,7.10452,7.79579,1.16703,1042.73,893.491,0.0,0.0,0.5546,0.475225,0.0,0,0.0020309548,0.8553203526000001,0.8548857874805179
7.39946,6.7038,7.38889,1.19584,1297.81,1085.27,0.0,0.0,0.5626,0.470465,0.0,1,0.0097833129,2.4575395905,2.912219961346082
4.96088,3.91158,4.96088,1.33226,1771.15,1329.44,0.0,0.0,0.6226,0.467327,0.0,0,0.0029149734,1.1835086179,1.1746972104255584
5.17995,4.0381,5.17546,1.35947,2064.83,1518.84,0.0,0.0,0.6576,0.483717,0.0,0,0.0037712551,1.5518805162,1.5340432137059563
5.19153,4.38458,5.1913,1.43907,1901.77,1321.52,0.0,0.0,0.6098,0.423745,0.0,1,0.0055984076,2.0500392018,1.9972668971106964
7.56046,6.76685,7.56046,0.96801,1567.25,1619.05,0.0,0.0,0.6008,0.620655,0.0,1,0.0034718792,1.4940176069,1.5409278873442975
9.01895,5.30438,9.01895,0.963226,2097.19,2177.26,0.0,0.0,0.6844,0.710529,0.0,0,0.0060668806,2.3650743640000003,2.3033524863225825
7.38576,7.26835,7.38576,1.40447,1641.95,1169.09,0.0,0.0,0.6066,0.431907,0.0,0,0.0080043411,2.9961881507,2.843697389301207
25.10343,17.21264,25.10343,0.432192,1480.29,3425.07,0.0,0.0,0.8414,1.94682,0.0,1,0.00285547,1.4486948388,1.396370985204937
5.65647,4.17101,5.65647,1.21689,891.966,732.986,0.0,0.0,0.4942,0.406116,0.0,1,0.0074002493,1.6610133338,1.7946532102748907
8.2912,6.01432,8.2912,1.23039,1203.44,978.095,0.0,0.0,0.5204,0.422954,0.0,1,0.0055342625,1.4909757729,1.749552793386532
8.33031,6.08017,8.32272,1.02014,2081.17,2040.08,0.0,0.0,0.6416,0.628934,0.0,0,0.0047202431,2.1123931243,1.8878084707523617
6.91166,3.5646,6.91166,1.35887,1058.17,778.71,0.0,0.0,0.4948,0.364126,0.0,1,0.0064982806,1.9532849302,1.8410336109267145
5.65646,4.67756,5.65646,1.06232,1172.37,1103.6,0.0,0.0,0.5212,0.490626,0.0,0,0.0070413003,2.2595383659,2.1626604048559726
5.75308,4.76749,5.73877,1.05859,1169.51,1104.78,0.0,0.0,0.5176,0.488953,0.0,0,0.0063481153,2.1267387127,2.049733117212779
5.59493,4.61612,5.59493,1.06274,1144.25,1076.7,0.0,0.0,0.509,0.478952,0.0,0,0.0069186959999999,2.1768043642,2.107399677115487
6.73446,3.80347,6.73446,1.51633,1348.21,889.13,0.0,0.0,0.5788,0.381711,0.0,1,0.0070951977,2.2948911198,2.1084299877860317
8.20883,4.88885,8.12686,0.902793,1817.93,2013.68,0.0,0.0,0.618,0.684542,0.0,1,0.0043115947,1.7193217251,1.7454198987428506
17.92481,8.14411,17.86267,0.48374,2192.72,4532.85,0.0,0.0,0.805,1.66412,0.0,0,0.0040244172999999,1.8958669718,1.8165579743157214
5.43401,3.9261,5.4268,1.48279,1376.93,928.609,0.0,0.0,0.5268,0.355276,0.0,1,0.0023943459,0.9512364297,0.9586772517568896
6.48503,4.23046,4.73284,1.35341,178.981,132.245,677.871,500.863,0.475,0.350966,0.0,1,0.0029645069,0.9461805969,1.0105549340555862
15.61182,13.11587,15.60898,0.621293,2170.48,3493.49,0.0,0.0,0.7232,1.16402,0.0,0,0.0031378681,1.45899605,1.429284473523629
6.85299,4.5996,6.84418,1.41253,1137.63,805.384,0.0,0.0,0.4974,0.352134,0.0,1,0.003802952,1.2426004129,1.3132202082340119
5.48611,3.75413,5.4744,1.70121,1138.25,669.081,0.0,0.0,0.4918,0.289089,0.0,1,0.0106350526,2.1275304237,2.244228517035586
15.80637,8.55438,15.80637,0.434111,2007.26,4623.85,0.0,0.0,0.8372,1.92854,0.0,1,0.0031075236,1.5258569532,1.523550838618635
10.75705,6.21115,10.75089,1.13958,2252.0,1976.17,0.0,0.0,0.6778,0.594779,0.0,1,0.0046164105,1.9189474533,1.6964960206743287
6.41067,5.52308,6.4074,2.22496,990.681,445.257,0.0,0.0,0.446,0.200453,0.0,0,0.007366178,1.7169427567,1.4068991412154812
20.99168,6.62083,20.99168,0.583055,2159.7,3704.11,0.0,0.0,0.7806,1.33881,0.0,1,0.0049758745,2.2172079877,2.082304915314113
5.99188,4.04402,5.19077,1.42676,820.695,575.214,0.0,0.0,0.3986,0.279373,0.0,1,0.0010809241999999,0.4404139829,0.43973857584878306
5.46061,4.28764,5.45105,1.39446,1294.07,928.009,0.0,0.0,0.546,0.391549,0.0,1,0.0054066383999999,1.5336862901,1.6984343747915525
5.8632,5.042,5.82773,1.375,1086.49,790.181,181.915,132.302,0.54,0.392729,0.0,1,0.005531843,1.4807416547,1.585858534356088
5.77332,4.6821,5.75387,1.37197,1078.45,786.062,190.643,138.956,0.5392,0.393013,0.0,1,0.0054129243,1.4806439715000002,1.5791451547658084
6.24181,4.91804,6.10517,1.36057,1316.22,967.403,0.0,0.0,0.552,0.405711,0.0,1,0.005024315,1.4412818824,1.5479951794576519
6.09772,3.45398,5.95541,1.14086,1067.63,935.814,0.0,0.0,0.5034,0.441246,0.0,1,0.0042037993,1.5475442897,1.4300790204304235
5.6655,4.98419,5.65746,1.25322,1742.86,1390.71,0.0,0.0,0.5754,0.459137,0.0,1,0.00780356,2.6270769672,2.4643483954691137
7.23867,5.86079,7.23867,1.59448,533.217,334.414,0.0,0.0,0.397,0.248984,0.0,0,0.0024139148,0.8834362890999999,0.8291900462770184
7.02003,5.91062,7.02003,1.6404,493.979,301.134,0.0,0.0,0.3806,0.232017,0.0,0,0.0022759088,0.8439856172,0.7996260551295906
6.89105,5.80728,6.89105,1.67548,498.219,297.36,0.0,0.0,0.3654,0.218087,0.0,0,0.0022949441,0.8300559370999999,0.8333739161423755
6.74437,6.14599,6.74437,1.73737,495.479,285.189,0.0,0.0,0.3518,0.20249,0.0,0,0.0022158285999999,0.8044284666,0.8052371569769158
7.30465,6.40041,7.2683,1.88786,438.985,232.53,0.0,0.0,0.3024,0.160181,0.0,1,0.0025927107,0.7604320956,0.8505637473106898
7.0294,5.84289,7.0294,1.58635,523.994,330.314,0.0,0.0,0.397,0.25026,0.0,0,0.00235205,0.8997703663,0.817398816899623
7.04062,5.87984,7.04062,1.60692,511.167,318.104,0.0,0.0,0.3892,0.242203,0.0,0,0.0022360535999999,0.8424663618000001,0.7844775451821989
6.87873,5.8578,6.87873,1.63822,509.358,310.921,0.0,0.0,0.3836,0.234156,0.0,0,0.0025453773,0.9209608259,0.8428915894092781
6.96664,5.8084,6.96664,1.59803,514.864,322.187,0.0,0.0,0.3906,0.244426,0.0,0,0.0026893318,0.9482717314,0.8611910941045119
6.44753,5.88333,6.44753,1.88939,387.159,204.912,0.0,0.0,0.2574,0.136235,0.0,1,0.0007195569,0.2418997386,0.24958449611649725
7.25313,6.2676,7.10214,1.05922,1980.57,1869.84,0.0,0.0,0.6472,0.611017,0.0,1,0.0036925772,1.5377872421,1.6180595077014754
11.44273,8.46463,11.4041,0.752428,2161.9,2873.23,9.41673,12.5151,0.746,0.991457,0.0,1,0.0047450491999999,2.0533286669,2.0132786642424
5.94516,4.40671,5.62899,1.06833,1884.21,1763.7,0.0,0.0,0.666,0.623402,0.0,0,0.0092241322,3.4469584282,3.219642184093875
8.12277,6.57853,7.8081,0.814422,2692.15,3305.6,0.0,0.0,0.7176,0.881116,0.000491146,1,0.0037890626,1.7129030071,1.6589489845447276
8.0398,4.43833,8.0398,1.04873,1982.28,1890.18,0.0,0.0,0.641,0.611218,0.000572123,1,0.0053038821,2.1084970226,2.05408409877943
17.98452,9.34908,17.98452,0.462491,1934.3,4182.35,0.0,0.0,0.837,1.80977,0.0,0,0.0034165199,1.6418651493,1.6586701307288951
9.03293,4.92005,8.03384,1.44808,1218.66,841.568,0.0,0.0,0.5302,0.366141,0.0,0,0.0089486147999999,2.2487971137,2.5441681041944255
4.69015,3.69955,4.69015,1.12654,1103.97,979.963,0.0,0.0,0.5668,0.503132,0.0,0,0.0039732612,1.5762432023,1.459065589478554
6.22352,3.46281,6.21155,1.2742,1383.19,1085.53,43.8432,34.4085,0.5994,0.470413,0.0,1,0.0151721013999999,3.4609388214,2.985379030857519
20.79847,8.00163,20.79847,0.806562,1676.14,2078.13,0.0,0.0,0.7324,0.908052,0.0,0,0.001988559,0.9996569065,0.9619958037065653
9.92705,7.22424,9.91479,0.991769,2097.63,2115.04,0.0,0.0,0.6876,0.693307,0.0,1,0.0032677025,1.5362114667,1.4104797872847807
9.83189,7.12324,9.82847,0.920871,2079.45,2258.13,0.0,0.0,0.6902,0.749507,0.0,1,0.0029675497999999,1.3409824337,1.3144521072676152
9.97681,7.2596,9.97191,0.933756,2065.72,2212.27,0.0,0.0,0.6892,0.738095,0.0,1,0.0025667962,1.328680545,1.150370869522799
9.98388,7.09034,9.97982,0.917953,2085.87,2272.31,0.0,0.0,0.69,0.751673,0.0,1,0.0028522531,1.3632972521000002,1.260548810601479
5.62999,4.2146,5.61662,1.21831,1657.43,1360.44,0.0,0.0,0.5722,0.469669,0.0,1,0.0055007965,1.7773619393,1.8816372154971488
4.9936,3.76376,4.99295,1.55118,587.725,378.89,0.0,0.0,0.3948,0.254516,0.0,0,0.0032277467,0.9018187436,0.8948526805178897
6.09414,4.53148,6.04647,1.2268,2259.24,1841.57,0.0,0.0,0.705,0.574664,0.0,0,0.0011307008,0.5327421839,0.5232586640596382
7.22417,4.98345,7.22345,1.05866,1756.83,1659.47,0.0,0.0,0.6354,0.60019,0.0,0,0.0042873075,1.6305696268,1.7486839132916883
4.75635,3.88223,4.75635,1.70104,552.032,324.527,36.9511,21.7227,0.4418,0.259724,0.0,0,0.006665184,1.3646001947,1.4633673380024865
6.24462,3.8099,6.24462,2.75365,1288.14,467.793,0.0,0.0,0.511,0.185572,7.26e-05,0,0.0023053395999999,0.7124843349,0.8705717103839336
14.58128,7.2695,14.58128,0.949199,1744.45,1837.81,0.0,0.0,0.6154,0.648336,0.0,1,0.0137746277,2.9127325797,3.3291204431327315
10.20501,4.32102,10.20501,1.07008,1864.88,1742.75,0.0,0.0,0.6276,0.586499,0.0,0,0.0099054035,2.2240186614,3.2738103715451916
5.68928,5.15984,5.68602,1.20112,1133.38,943.601,0.0,0.0,0.508,0.422938,0.0,0,0.0066804058999999,1.9107510333,1.9062023053639456
5.72288,5.00575,5.71258,1.7362,623.828,359.307,0.0,0.0,0.4442,0.255846,0.0,1,0.0038840284,0.9285708288,1.06661274402922
11.69529,10.43289,11.69529,0.774366,1771.67,2287.9,0.0,0.0,0.6506,0.840172,0.0,1,0.0028552318,1.2307110059,1.2793308451187733
8.86857,5.43796,8.86857,1.74467,1156.2,662.705,0.0,0.0,0.545,0.31238,0.0,1,0.0006249987,0.3007048993,0.2802567023782765
23.8524,20.39274,23.77655,0.290995,1592.86,5473.82,0.0,0.0,0.8752,3.00761,0.0,1,0.0035437595,1.7540746571,1.833855520660242
13.01175,6.7865,13.01175,0.928859,1613.49,1737.07,0.0,0.0,0.649,0.698706,0.0,1,0.0033744124,1.4790477807,1.4268299053626126
8.39885,4.78933,7.86209,0.797668,1803.87,2261.43,0.0,0.0,0.6378,0.79958,0.0,0,0.0053253326,2.005551145,2.200703481776927
10.47263,8.40011,10.41547,0.683981,2144.01,3134.6,0.0,0.0,0.734,1.07313,0.0,1,0.0033355982,1.5618437845,1.5649221275900105
5.20433,4.31707,5.18919,2.0196,573.799,284.115,0.0,0.0,0.4548,0.225193,0.0,0,0.0023526414,0.5844652658,0.7241673685427906
4.88805,3.48372,4.75798,1.89312,918.977,485.428,0.0,0.0,0.536,0.28313,0.0,0,0.0147536884,2.5387264641,2.442809490394942
8.73889,4.47796,8.73889,1.29976,1302.13,1001.82,0.0,0.0,0.5268,0.405305,0.0,1,0.0074996105,1.7011736648,2.1300318923579455
5.88584,3.69969,5.83238,2.5678,470.928,183.398,0.0,0.0,0.2652,0.103279,0.0,1,0.0058993516,0.6160378192,1.0288074319998328
6.55769,3.80885,6.25374,1.35422,531.365,392.376,0.404029,0.298347,0.4662,0.344256,0.0,1,0.0006993117,0.3164761769999999,0.3072357846263909
13.64098,13.34789,13.63908,0.604316,2269.16,3754.93,0.0,0.0,0.793,1.31223,0.0,1,0.0042671122,1.9271036146,1.8654581537382215
13.38503,12.66061,13.38102,0.629028,2341.28,3722.06,0.0,0.0,0.78,1.24001,0.0,1,0.0046394619,2.0646015178,2.04487322526364
16.21859,9.18486,11.94903,0.616739,2046.86,3318.84,0.0,0.0,0.7336,1.18948,0.0,1,0.0037114009999999,1.7062838436,1.70654344991229
8.01757,3.70704,7.93302,1.68308,428.741,254.736,345.699,205.397,0.4804,0.285429,0.0,1,0.0007224280999999,0.3113610287,0.39425472529524974
9.81405,8.96526,9.81405,1.68894,1459.56,864.19,0.0,0.0,0.6214,0.367924,0.0,1,0.0038785407,1.4291675829,1.4240438642080455
7.03312,5.99915,7.03312,1.58114,529.815,335.085,0.0,0.0,0.3982,0.251844,0.0,0,0.0020171476,0.8049787059000001,0.7515208862746723
6.99241,5.91522,6.99241,1.59971,524.86,328.098,0.0,0.0,0.393,0.24567,0.0,0,0.0019160225,0.7525846206999999,0.6917059817414507
6.7419,6.18576,6.7419,1.68982,538.529,318.691,0.0,0.0,0.3576,0.21162,0.0,0,0.002035588,0.7699323279000001,0.7836485591095994
6.70506,6.18332,6.70506,1.72629,549.827,318.502,0.0,0.0,0.3412,0.197649,0.0,0,0.0021985779,0.8610311389,0.8289832513289007
6.88857,6.56673,6.88857,1.78418,556.743,312.044,0.0,0.0,0.331,0.185519,0.0,1,0.0020185922,0.8060653329,0.7838793741439182
6.80475,6.55642,6.80475,1.8372,603.527,328.504,0.0,0.0,0.3222,0.175376,0.0,1,0.0025213283,1.0071235441,0.9144759254552863
7.19047,6.08402,7.19047,1.57527,553.109,351.12,0.0,0.0,0.394,0.250116,0.0,0,0.002046844,0.8155287256,0.7579214457320184
5.45872,4.0869,5.45872,1.34142,1585.35,1181.84,0.0,0.0,0.5752,0.4288,0.0,1,0.0067589897,1.9360850458,2.091279135303049
10.22764,5.8145,10.22764,0.798105,2273.51,2848.64,0.0,0.0,0.7076,0.8866,0.0,1,0.0042496847,2.0137966226,1.7996653914779839
10.85959,9.44525,10.85959,0.579291,2065.83,3566.14,0.0,0.0,0.7778,1.34268,0.0,1,0.0033157763,1.620270362,1.5470897319450927
5.40585,4.42661,5.40585,1.07764,1110.36,1030.36,0.0,0.0,0.5072,0.470657,0.0,0,0.0076335718,2.3286090568,2.117337624139178
8.24491,4.53271,8.24491,0.809297,1780.75,2200.36,0.0,0.0,0.6282,0.776229,0.0,0,0.0032805104999999,1.4737921325,1.4733599473816386
6.95447,5.78801,6.95447,1.44957,1129.68,779.321,87.9996,60.7072,0.5158,0.355829,0.0,1,0.0079275446,1.5820914689,1.9922290361019446
8.17605,4.71571,8.17605,2.17241,1103.1,507.776,0.0,0.0,0.5056,0.232737,0.0,1,0.0009588807,0.4045734959,0.3932533338735682
6.19757,4.01106,6.19757,1.45575,826.006,567.408,0.0,0.0,0.474,0.325604,0.0,1,0.0102416759,1.6290956719,1.9056998742952092
5.40281,4.28093,5.40281,1.18436,1608.89,1358.45,0.0,0.0,0.5606,0.473337,0.0,1,0.0049252799,1.8202308585,1.7853177836429093
11.83739,10.43961,11.83739,0.634446,2047.9,3227.86,0.0,0.0,0.7402,1.16669,0.0,1,0.003854659,1.5480298716999998,1.7531674949951455
7.14331,5.40483,7.14331,1.44939,1285.98,887.257,42.2152,29.1262,0.5348,0.368983,0.0,1,0.0030457254999999,1.1758924755,1.1848888407495153
6.58402,3.94503,6.58402,1.00815,1971.57,1955.64,0.0,0.0,0.578,0.57333,0.0,0,0.0112139233,4.0677257615,3.7366915815894624
16.93112,9.01585,16.93112,0.615402,2165.98,3519.61,0.0,0.0,0.7858,1.27689,0.0,1,0.0055463197999999,2.3846972617,2.3500365513288646
5.9006,5.23774,5.9006,1.30709,1576.97,1206.47,0.0,0.0,0.571,0.436847,0.0,1,0.0061110435,2.0442723376,1.9519076423900565
16.33925,5.69725,16.33925,0.874313,1862.92,2130.72,0.0,0.0,0.7038,0.804975,0.000228751,0,0.0052079743,2.0405384366,1.9328731554689353
13.98436,10.86418,13.89482,0.502876,1948.39,3874.49,0.0,0.0,0.797,1.58488,0.0,1,0.0041692347,1.9055932547,1.8653258784347617
11.58737,3.83412,11.58737,0.92986,1525.64,1640.72,0.0,0.0,0.645,0.693653,0.0,0,0.0026333481,1.1893361081,1.1391450965461463
10.09928,9.13648,10.09928,0.711506,2224.92,3127.06,0.0,0.0,0.7638,1.0735,0.0,0,0.0030453236999999,1.4853359833000002,1.4404101215355725
10.07647,9.04237,10.07647,0.718146,2256.82,3142.56,0.0,0.0,0.7528,1.04825,0.0,0,0.0032001707,1.4807499323,1.4866793377033594
11.55893,3.45239,11.55893,0.94881,1479.04,1558.83,0.0,0.0,0.6372,0.671578,0.0,0,0.0031029519,1.3793374233000002,1.3490206116925623
11.13191,5.72159,11.13191,0.767426,2419.7,3153.01,0.0,0.0,0.7292,0.950189,0.0,1,0.0055657121,2.2190821585,2.222126385695784
17.4505,7.65306,17.4505,0.65071,2199.17,3379.65,0.0,0.0,0.7686,1.18117,0.0,0,0.0071581365,3.0606633837,2.665288663656031
14.16979,6.91811,12.94276,0.599196,2206.88,3683.06,0.0,0.0,0.7614,1.2707,0.0,1,0.0049509947,2.0102080655,2.1204192211253234
24.65699,17.09587,24.65699,0.438285,1508.06,3440.83,0.0,0.0,0.8424,1.92204,0.000456324,1,0.0028301256,1.4701868972,1.345486427826288
18.84439,11.02909,18.84439,0.389439,1879.81,4826.98,0.0,0.0,0.8376,2.15079,0.00051356,0,0.0030996928,1.4951845836000002,1.5006495333737597
28.6797,24.93616,28.6797,0.353838,1453.6,4108.09,0.0,0.0,0.8748,2.47232,0.0,1,0.0031504846999999,1.4689920394,1.5187936864401699
28.04628,26.50518,28.04628,0.350938,1434.54,4087.73,0.0,0.0,0.8658,2.4671,0.0,1,0.0034767794,1.6369970985,1.6838022081871673
5.1025,4.19518,4.95899,1.35732,1188.64,875.723,0.0,0.0,0.488,0.359531,0.0,0,0.0043195872999999,1.4914458662,1.400697096669913
11.43481,6.24659,11.43433,0.715716,2413.07,3371.55,0.0,0.0,0.7402,1.03421,0.0,1,0.0054916439,2.2076336114,2.231964844176405
13.72158,6.77108,13.72158,0.777101,2196.2,2826.14,0.0,0.0,0.7498,0.964868,0.000514734,0,0.0019092989,0.9170038607,0.8783176186661346
11.36875,4.57229,11.36875,0.827579,2351.53,2841.46,0.0,0.0,0.6996,0.845357,0.0,1,0.005558504,2.0694761319,2.1835588319370483
5.10814,3.94987,5.09674,1.90453,697.67,366.322,0.0,0.0,0.4102,0.215382,0.0,1,0.0029953645,0.8953853074,0.8482365991945289
22.16597,8.69473,22.16597,0.48225,1899.59,3939.01,0.0,0.0,0.8054,1.67009,0.000414723,1,0.0038178572999999,1.7855265643,1.724922394412887
21.40599,8.60608,20.3343,0.48265,1906.91,3950.91,0.0,0.0,0.8026,1.6629,0.000414379,1,0.0039336087,1.7924359012,1.7537373397142129
10.98282,6.54194,10.97083,0.963718,2282.53,2368.46,0.0,0.0,0.7164,0.743371,0.0,1,0.0033568543,1.5803496762,1.4073866912558235
7.08241,5.52674,6.9259,3.59589,1474.22,409.973,0.0,0.0,0.4916,0.136711,0.0,1,0.0004832855999999,0.2133552657999999,0.27498889997377196
7.04726,4.27705,7.02404,1.31095,1329.11,1013.85,0.0,0.0,0.5362,0.409016,0.0,1,0.0037556274,1.3025294599,1.3667280031421605
5.13731,3.85682,5.13731,1.48243,1119.92,755.465,0.0,0.0,0.4988,0.336475,0.0,0,0.0080746908,2.0571645861000003,1.9272652809770077
8.90649,6.59853,8.90649,1.06181,2105.95,1983.36,0.0,0.0,0.6938,0.653414,0.0,1,0.0054827468999999,1.7199233390000002,1.9785460682037865
8.94072,4.22762,8.82545,1.16306,2118.43,1821.42,0.0,0.0,0.6882,0.591713,0.0,1,0.001603425,0.7748643041,0.7430237292027824
9.40882,5.41413,9.40882,1.00634,2107.27,2094.0,0.0,0.0,0.6462,0.642132,0.0,0,0.0104272615,3.6847001618,3.521973943276011
6.72992,4.20356,6.59748,1.50078,1661.97,1107.4,0.0,0.0,0.603,0.401791,0.0,1,0.0028564058,1.1873212331999998,1.1373122202306103
5.94177,3.85345,5.94177,1.15836,1692.78,1461.35,3.23237,2.79047,0.5546,0.478779,0.0,0,0.0302741823,6.0881376064,4.126341148759795
7.66764,4.96521,7.66764,1.12411,2024.36,1800.85,0.0,0.0,0.6074,0.540337,0.0,1,0.0079015735,2.7891570297,2.6152845726646907
6.65854,3.7171,6.64815,1.05848,1659.61,1567.91,0.0,0.0,0.5926,0.559858,0.0,1,0.0035185221999999,1.500621674,1.4908471763149576
6.70555,5.36137,6.69224,1.02667,1476.42,1438.07,0.0,0.0,0.596,0.580519,0.0,0,0.0051895512,1.9194364519,1.990674414928952
6.83617,4.31178,6.83617,2.04431,589.974,288.593,3.15896,1.54524,0.4406,0.215525,0.0,1,0.0070481858,1.3635835031,1.4485629732040743
6.96433,4.30157,6.96433,2.10755,601.281,285.298,0.506718,0.24043,0.4434,0.210386,0.0,1,0.0102333219,1.4632013169,1.520245337915174
7.12004,4.41244,7.12004,2.09673,622.975,297.118,3.20164,1.52697,0.448,0.213666,0.0,1,0.0097995237,1.4881845179,1.5900418630558346
9.14865,6.57962,8.64921,1.30232,2344.83,1800.5,0.233416,0.179231,0.6924,0.531667,0.0,1,0.0010893225,0.5076935388,0.4997322969011825
9.14342,6.58506,9.14342,1.30232,2351.43,1805.57,0.204239,0.156827,0.6926,0.53182,0.0,1,0.0010574669,0.5054802682,0.487428437954349
28.54072,12.23604,28.54072,0.302864,1428.61,4716.99,0.0,0.0,0.8826,2.91418,0.0,1,0.0035666454,1.8302625702,1.6765862183247389
10.24525,8.92291,10.23663,0.907947,1704.68,1877.51,60.6525,66.8018,0.6662,0.733743,0.0,1,0.0124009584,1.9927274286,2.7838893638079414
17.79121,17.46158,17.79121,1.09527,1160.5,1059.55,0.0,0.0,0.6994,0.638563,0.0,1,0.003314038,1.4418545071000002,1.2725098641208843
13.94656,10.8971,13.94656,0.785099,1996.38,2542.84,0.0,0.0,0.6776,0.863076,0.0,1,0.0058458719,2.4871555511000003,2.151986639631248
9.45292,5.8367,9.45292,1.00526,2164.69,2153.37,0.0,0.0,0.6652,0.661721,0.0,1,0.005961157,2.3646943733000003,2.1668376773266758
8.2988,5.7298,8.2988,0.945764,1995.72,2110.17,179.673,189.977,0.662,0.699963,0.0,1,0.0044613334,1.9433204155,1.7600814734036263
9.35168,6.74694,9.35021,0.752382,2169.18,2883.09,0.0,0.0,0.6922,0.920012,0.0,1,0.0034053663,1.6572405751,1.5604360017937606
6.7023,3.90662,6.7023,1.13087,1228.85,1086.65,0.0,0.0,0.5372,0.475032,0.0,1,0.0040614907,1.41274551,1.495287714697784
15.51079,7.93845,15.33563,0.599908,2098.95,3498.78,0.0,0.0,0.7678,1.27986,0.0,1,0.0065025629,2.3811606652,2.440753557094328
14.29494,6.44811,14.29494,0.699724,2201.6,3146.38,0.0,0.0,0.7396,1.05699,0.0,1,0.0075709266,2.6847430597,2.7131750964566717
17.59724,12.77954,17.59724,0.373345,1754.11,4698.37,0.0,0.0,0.8458,2.26547,0.0,1,0.0038547793,1.8723328323,1.7982862229866303
17.46459,13.36465,17.46459,0.380351,1759.4,4625.73,0.0,0.0,0.8424,2.21479,0.0,1,0.0039553128,1.8766983535,1.8319625851422854
6.18491,5.22174,6.13,1.03702,2650.66,2556.04,0.0,0.0,0.747,0.720336,0.0,1,0.0012139994,0.5798654219,0.5551412366182205
6.79778,4.16971,6.53453,1.58223,946.888,598.451,0.0,0.0,0.4988,0.315251,0.0,1,0.0012547741,0.5055462681,0.49935375798592996
7.18198,3.98931,7.17216,1.75912,848.078,482.104,0.0,0.0,0.4794,0.272523,0.0,1,0.0017129985999999,0.6364910464,0.5979428214245939
7.31724,4.08974,7.31724,1.65797,902.036,544.061,0.0,0.0,0.4878,0.294215,0.0,1,0.0015843075,0.6123877521,0.5986150246739166
18.13342,6.69424,12.87691,0.621417,2220.07,3572.59,0.0,0.0,0.7588,1.22108,0.0,1,0.0038463115,1.8182822932,1.7269264466495247
13.67194,6.45338,13.67194,0.778071,2218.0,2850.64,0.0,0.0,0.719,0.92408,0.0,1,0.0083553111,2.7909532168,2.6883527844441435
5.38035,4.73063,5.37764,1.08774,2028.26,1864.66,0.0,0.0,0.5984,0.550133,0.0,1,0.0112196081,3.4022184546,3.284238986076544
5.88988,4.79787,5.74819,0.995436,2128.35,2138.11,0.0,0.0,0.6234,0.626258,0.0,1,0.0086226036,3.0344914117000004,2.9457187003214287
5.043,4.16027,5.043,1.07174,1871.72,1746.44,0.0,0.0,0.587,0.547708,0.0,0,0.0041340711,1.7429022143,1.7123155033922972
4.98387,4.62619,4.98387,1.23288,2036.05,1651.46,0.0,0.0,0.5874,0.476445,0.0,0,0.005861768,2.2285323581,2.15418363413675
11.75384,5.77917,10.9055,0.7403,2339.25,3159.86,0.0,0.0,0.728,0.983385,0.0,1,0.0072787296,2.4138001694,2.4827254995512194
6.96325,5.60613,6.9631,1.05672,2615.87,2475.46,0.0,0.0,0.7412,0.701416,0.0,0,0.0012548842,0.5965651777000001,0.6017712815372314
4.55984,3.67657,4.54982,1.22852,1180.85,961.195,0.0,0.0,0.5162,0.42018,0.0,1,0.0090577944999999,2.7671210933,2.561957879423122
5.76222,3.92954,5.75675,1.87163,1115.45,595.979,0.0,0.0,0.5392,0.288092,0.0,1,0.0029017008,0.9324278901,0.9672987031223609
22.37295,9.74126,15.85817,0.406542,1874.4,4610.6,0.0,0.0,0.8348,2.05341,0.0,1,0.0040328262,1.8544368001,1.9102527083657532
10.57457,7.88389,10.57457,0.724012,2075.47,2866.63,0.0,0.0,0.7454,1.02954,0.0,1,0.0032988412,1.5477962725,1.5249844647958946
10.46973,7.87545,10.46973,0.738468,2086.61,2825.59,0.0,0.0,0.7458,1.00993,0.0,1,0.0033523198999999,1.5379014993,1.5341516258095698
8.64392,7.56813,8.64392,1.32804,1594.81,1200.87,0.0,0.0,0.5826,0.438691,0.0,1,0.0102564831,2.4062846218,3.065088328795592
9.38886,6.3118,6.70875,0.66218,2520.92,3807.0,0.0,0.0,0.7062,1.06648,0.0,1,0.0028072034999999,1.3705939747,1.3560619884153584
6.07852,4.93483,6.07852,1.10025,1440.15,1308.92,0.0,0.0,0.5372,0.488252,0.0,1,0.0081674317,2.3666631739,2.4448553823542625
10.75813,9.26028,10.75813,1.01792,1232.26,1210.56,0.0,0.0,0.595,0.584524,0.0,1,0.0055621186,1.4011134431,1.642317641854664
11.48015,5.54799,11.48015,0.751265,2238.05,2979.04,0.0,0.0,0.6966,0.927235,0.0,1,0.0060661485,2.0712188851,2.2366649318271676
8.77455,8.32709,8.77455,1.39055,1211.67,871.361,0.0,0.0,0.542,0.389775,0.0,1,0.0012253262,0.5725014724,0.524688453623861
5.63973,4.20214,5.63973,1.33333,1496.0,1122.0,0.0,0.0,0.5418,0.40635,0.0,1,0.0046798893,1.7328293746,1.6167668169711813
5.85951,3.93163,5.85747,0.998165,1648.55,1651.58,0.0,0.0,0.5924,0.593489,0.0,1,0.0041706565,1.6776391097,1.6681251330480227
17.52243,13.2696,17.52243,0.353615,1734.78,4905.83,0.0,0.0,0.8448,2.38904,0.0,1,0.0043670574,2.213242907,1.9758507058421546
6.54289,4.24913,6.41069,1.18041,2725.22,2308.7,0.0,0.0,0.7086,0.600298,0.0,1,0.0011317627,0.5631507850999999,0.5525043812352612
6.27753,3.98136,5.70385,2.37062,1034.62,436.436,0.0,0.0,0.5084,0.214459,0.0,1,0.0011291073,0.4495126818,0.4597437898789982
5.47437,4.15922,5.45635,1.58777,611.158,384.916,0.0,0.0,0.467,0.294124,0.0,1,0.0019572448,0.6455305507,0.6769155011979312
4.91681,4.19541,4.74683,1.50398,326.541,217.118,372.303,247.545,0.4758,0.316361,0.0,1,0.0082552229,1.3295173752,1.5617013796999426
5.07245,4.30959,5.07245,1.09741,1894.95,1726.75,0.0,0.0,0.5778,0.526513,0.0,0,0.0050184426,2.0103916907,1.9308666379523296
5.63153,3.9554,5.61978,1.17451,1015.77,864.844,0.0,0.0,0.5246,0.446654,0.0,0,0.0072225381,1.837847587,1.8505337090774192
10.08543,5.68643,10.01287,0.89499,1881.89,2102.69,0.0,0.0,0.632,0.706153,0.0,1,0.0033015062,1.5146783141,1.4311780363857984
6.59183,6.26977,6.57302,1.22444,1079.67,881.768,0.0,0.0,0.531,0.433667,0.0,1,0.0029523009,1.152053624,1.1214612875947225
8.75721,7.78778,8.74627,1.19678,1224.87,1023.47,99.9871,83.5467,0.567,0.473771,0.0,1,0.0026984043,1.0797206128,1.0355729405315202
23.63664,14.31993,19.5758,0.701228,1663.19,2371.82,0.0,0.0,0.827,1.17936,0.0,1,0.0020427997,0.9696345539,0.9887549519001753
23.89274,9.6738,23.89274,0.500285,1776.43,3550.84,0.0,0.0,0.8514,1.70183,0.0,1,0.0018668473,0.870813462,0.9708533912505545
4.58414,3.42916,4.57221,1.15745,652.399,563.652,0.0,0.0,0.5004,0.43233,0.0,1,0.006619434,1.8488494811,1.8000817714599364
4.38921,3.97026,4.38921,1.66698,711.745,426.966,0.0,0.0,0.445,0.266949,0.0,1,0.0091248229,1.9749398128,1.8657130136618494
4.9495,3.52882,4.91814,1.71859,1100.33,640.251,0.0,0.0,0.4958,0.288493,0.0,1,0.0043696676,1.4195786921,1.3466921845378825
5.59939,4.02992,5.59939,1.54548,471.321,304.968,0.0,0.0,0.3828,0.247691,0.0,1,0.0018827152,0.5596789959,0.5866934767516708
5.59427,3.7203,5.58851,1.22195,1633.54,1336.83,0.0,0.0,0.5402,0.442081,0.0,0,0.0119829333,3.0944915554000003,3.1711146223162645
10.40329,4.10605,10.37784,1.07199,1355.57,1264.53,0.0,0.0,0.5958,0.555788,0.0,0,0.0027890397,1.2261177188,1.0703652558455727
6.91715,4.85787,6.80515,1.20639,1419.32,1176.5,0.0,0.0,0.5452,0.451927,0.0,1,0.0052457488,1.6792992591999998,1.759801571231352
6.8237,5.05077,6.8237,1.16475,1401.88,1203.6,0.0,0.0,0.5646,0.484741,0.0,1,0.0061109627,1.8326736623,1.9130723842180568
9.03257,8.2459,9.03257,1.20375,1198.02,995.242,19.6744,16.3443,0.5232,0.434643,0.0,1,0.0050410259,2.0341501954,1.5641617107367494
10.04486,7.28733,8.32739,1.10725,1597.55,1442.8,0.0,0.0,0.6074,0.548566,0.0,1,0.006220391,1.8882625156,2.2086932630072624
11.08356,10.07272,11.08356,1.04241,2157.14,2069.38,0.0,0.0,0.6704,0.643125,0.000575589,1,0.0030437148999999,1.3047558271,1.3052796851835513
11.0199,9.96279,11.0199,1.02397,2131.01,2081.12,2.80083,2.73525,0.6704,0.654704,0.000390635,1,0.0027597564,1.241362397,1.1800076309892258
11.1654,5.76413,11.16529,0.768695,2412.13,3137.96,0.0,0.0,0.7286,0.947841,0.0,1,0.0056582367,2.2812610795,2.2574554350690823
6.85219,5.8161,6.82993,0.945875,2241.09,2369.33,0.0,0.0,0.6656,0.703687,0.0,0,0.0126314790999999,3.4802539025,3.9444742674929376
5.1368,3.79878,5.1368,1.2109,986.179,814.421,0.0,0.0,0.4988,0.411926,0.0,1,0.0116044989999999,2.588260311,2.513967469688435
5.69878,4.15176,5.69426,1.30487,1528.5,1171.39,0.0,0.0,0.5762,0.441578,0.0,1,0.0047723438,1.5955839316,1.6765423553598358
12.0686,4.7874,12.0686,0.713789,1872.2,2622.9,0.0,0.0,0.6712,0.940333,0.0,1,0.0044796298,1.7953170138,1.8500195791199343
11.04439,8.71548,11.04439,0.72332,1810.35,2502.84,0.0,0.0,0.6956,0.961677,0.0,1,0.0023562756,1.0876873026,1.1255159200032239
16.51036,13.08019,16.51036,0.865049,1760.16,2034.75,0.0,0.0,0.7388,0.854055,0.0,1,0.0026194791,1.1805336236,1.1660728391677393
5.2151,3.68936,5.21444,1.57762,664.94,421.484,0.0,0.0,0.4366,0.276747,0.0,1,0.0045155472,1.0367472652,1.1499795851183143
5.12845,3.67184,5.12666,1.49187,656.885,440.311,0.0,0.0,0.4242,0.284342,0.0,1,0.0049684311,1.1080420222,1.2406643404552453
5.42809,3.78005,5.42809,2.82711,1122.0,396.872,0.0,0.0,0.4876,0.172473,0.0,1,0.0045673436999999,1.1239339089,1.2772806486409805
5.81147,5.44043,5.81147,1.41497,1048.95,741.327,0.0,0.0,0.4866,0.343895,0.0,1,0.0068201817,1.8373573268,1.79327945382785
10.45034,5.06084,10.45034,1.57916,2084.61,1320.07,0.0,0.0,0.6474,0.409964,0.000253299,0,0.0150020001,3.4281640019,3.6243101008049914
13.99523,6.27881,13.98885,1.13186,2079.02,1836.82,0.0,0.0,0.712,0.629056,0.00123691,0,0.0037737675,1.66955376,1.4037404436357819
10.02705,9.63343,10.02705,0.905218,1687.34,1864.01,0.0,0.0,0.6458,0.71342,0.0,1,0.0023813088,1.1076402012,1.0751837103607347
15.32333,11.13291,15.32333,0.488773,1874.4,3834.91,0.0,0.0,0.8254,1.68872,0.0,0,0.0034993849,1.6599621494,1.6412185201771763
12.10195,9.86984,11.94213,0.53152,1907.5,3588.78,0.0,0.0,0.7308,1.37493,0.0,0,0.0031379884999999,1.5313383872,1.4405442037274474
5.23607,3.48613,5.20368,1.30167,934.815,718.167,0.0,0.0,0.481,0.369526,0.0,1,0.0022377297,0.8371615919,0.8308254315570814
10.98616,5.10232,10.98616,0.916508,2445.22,2667.98,0.0,0.0,0.701,0.76486,0.0,0,0.0104627414,3.350881769,3.1897092300075243
11.33641,4.82375,11.33641,0.84337,2328.1,2760.47,0.0,0.0,0.7052,0.836169,0.0,1,0.0054264143999999,1.91141354,2.1158721737346173
11.39413,4.45603,11.39395,0.823222,2176.06,2643.34,0.0,0.0,0.6782,0.823836,0.0,1,0.0072735504,2.3897915174,2.434417555472162
11.35974,4.90438,11.35974,0.939411,2072.64,2206.31,0.0,0.0,0.6858,0.730032,0.0,1,0.0050182949,1.7703399547999998,1.9049901769812085
9.4503,8.03208,9.44131,0.783125,2001.73,2556.08,0.0,0.0,0.6954,0.88798,0.0,1,0.0031024573,1.4508152848,1.412741388704896
7.11373,6.811,7.11373,1.26887,1254.11,988.366,0.0,0.0,0.5466,0.430777,0.0,0,0.0152405356,2.6570206439,3.4423516717998113
11.14892,6.14756,10.82233,0.696915,2278.27,3269.08,0.0,0.0,0.7598,1.09023,0.0,0,0.0042187075,1.8323279735,1.853794310553155
4.75518,3.45443,4.66797,1.42132,625.227,439.891,255.697,179.901,0.5156,0.362761,0.0,1,0.0051738259,1.6038401700999998,1.554097314848421
12.94588,7.66866,12.94473,0.72242,1683.33,2330.13,0.0,0.0,0.6926,0.958722,0.0,1,0.0039003441999999,1.6822389371000002,1.655365854730497
6.44452,4.39633,6.26218,0.848839,2656.63,3129.72,0.0,0.0,0.6752,0.795439,0.0,1,0.0048154739,2.2102935495,2.146840652898748
5.04832,3.46231,5.04832,1.78813,230.047,128.652,0.0,0.0,0.3434,0.192044,0.0,0,0.0003125392,0.1391797824,0.20891112651202026
4.78,3.54213,4.78,1.57799,239.569,151.819,1.50875,0.956125,0.405,0.256656,0.0,1,0.0022905478,0.5553365407,0.6749242444157562
4.55358,3.93395,4.55358,1.57579,234.822,149.019,76.9833,48.8538,0.4096,0.259933,0.0,1,0.0057669292,0.911505658,1.2088148194492658
11.27758,5.77514,11.27758,0.754326,2377.38,3151.67,0.0,0.0,0.7286,0.965895,0.0,1,0.0054609538,2.0915097332,2.1811856642270717
17.3936,6.5256,17.3936,0.714443,2314.93,3240.19,0.0,0.0,0.7448,1.04249,0.0,1,0.0053504148,2.344349517,2.2363277636136853
14.1625,12.23837,14.01017,0.445038,1622.66,3646.11,0.0,0.0,0.8192,1.84074,0.0,0,0.0027445611,1.2958094727,1.2885231453700965
8.42834,7.30081,8.42834,1.12746,2081.49,1846.18,0.0,0.0,0.6604,0.585741,0.0,1,0.0070353557999999,2.085236729,2.5399997556535228
8.23485,7.33998,8.22968,1.08218,2034.99,1880.45,0.0,0.0,0.6656,0.615052,0.0,1,0.0049449381,1.7645419813,1.9896410918626204
4.70593,3.52651,4.70593,1.57273,262.668,167.014,0.0,0.0,0.3982,0.25319,0.0,0,0.0011007398,0.3454092928,0.3827883443091262
7.48231,5.79274,7.48231,1.22218,1603.95,1312.37,0.0,0.0,0.5772,0.472271,0.0,0,0.007828006,2.5135189615,2.634251830686453
4.7226,4.53264,4.7226,2.05578,528.256,256.961,0.0,0.0,0.3428,0.166749,0.0,0,0.0039173672,0.8450956205,0.9589379129177469
16.86752,8.38436,16.86674,0.654639,2227.03,3401.91,0.0,0.0,0.7522,1.14903,0.0,0,0.0064628356,2.74863886,2.5643756288236927
8.39897,4.41455,7.24132,1.53561,1235.4,804.498,0.0,0.0,0.537,0.349697,0.0,1,0.0037329221999999,1.3129298329,1.329234706396543
7.34363,6.78558,7.34363,2.03979,1347.27,660.495,0.0,0.0,0.5606,0.274833,0.0,1,0.0008935988,0.3860815932,0.3884147021665032
7.95322,7.17933,7.95063,2.27911,1239.6,543.896,0.0,0.0,0.5128,0.225,0.0,1,0.0010284896,0.4308854635,0.44546003129143874
9.73357,7.77994,9.73357,1.04203,1469.46,1410.19,0.0,0.0,0.5926,0.568698,0.0,1,0.0021846999,0.9473271425,0.9953538613534163
10.96057,3.9466,10.96057,0.96925,2139.32,2207.19,0.0,0.0,0.6522,0.672892,0.0,1,0.0080551732,2.32874319,2.4072772739111907
5.16012,4.53444,5.16012,1.3403,741.014,552.871,0.0,0.0,0.4724,0.352458,0.0,1,0.0064507311,1.3469302313999998,1.5301424988612864
8.73929,3.8669,8.73929,1.62446,1658.83,1021.16,0.0,0.0,0.5686,0.350023,0.000123118,0,0.0078079373,2.1479560879,2.1531532471256227
8.7506,3.87613,8.7506,1.62628,1652.91,1016.38,0.0,0.0,0.5644,0.347051,0.00012298,0,0.0079269126,2.166029592,2.2229239535629293
8.7392,3.86679,8.7392,1.61914,1660.3,1025.42,0.0,0.0,0.5678,0.35068,0.000123522,0,0.0079505643999999,2.1878393526,2.185927697394812
11.51038,11.00419,11.51038,0.791669,2046.48,2585.02,0.0,0.0,0.7196,0.908965,0.0,1,0.0030928281,1.3245012341,1.3865968926773073
6.4139,3.72776,6.34123,1.44908,755.301,521.226,133.822,92.3491,0.5074,0.350152,0.0,0,0.0096964617,1.9751458837,1.8376563016635632
15.48179,8.59456,15.48179,0.827341,1070.73,1294.18,649.279,784.778,0.7024,0.848985,0.0,1,0.004283678,1.8793892253,1.7600673057352576
8.67978,6.03579,8.67978,1.44387,1169.53,809.996,0.0,0.0,0.528,0.365683,0.0,0,0.0095988185,1.9806722089,2.6820619906403094
7.6401,7.16451,7.6401,1.03687,1572.96,1517.02,0.0,0.0,0.6052,0.583678,0.0,0,0.0033432088,1.4626969011000002,1.4893332676525721
7.22635,3.6325,7.22635,1.12288,1450.11,1291.42,116.271,103.547,0.6152,0.547876,0.0,1,0.0087561167,2.5039396106,2.425495145483849
5.25288,3.93402,5.25288,1.60089,1259.27,786.607,0.906546,0.566275,0.553,0.345433,0.0,1,0.0009903019,0.4435448788,0.4511097193197746
5.07507,4.00874,5.06633,0.83188,1576.83,1895.5,14.3781,17.2839,0.6032,0.725105,0.0,1,0.0081267151,2.9359989448,2.6831411129985185
5.3028,4.79056,5.23858,2.17471,1211.49,557.081,0.0,0.0,0.5374,0.247113,0.0,1,0.0044753899,1.3774463514,1.3527118553864037
4.97649,3.71436,4.80086,1.82817,1160.84,634.973,0.0,0.0,0.5496,0.300629,0.0,0,0.0107793315,2.2699970253,2.4780158981723632
6.69716,5.18096,6.69716,1.19378,889.708,745.285,0.0,0.0,0.5462,0.457538,0.0,1,0.0025795551,0.9228370567,0.9749453084255957
5.64759,3.74556,5.63124,1.14128,1695.81,1485.89,0.0,0.0,0.6038,0.529056,0.0,0,0.0062057688,2.2559934601,2.2171177746930804
22.96741,14.74434,21.68942,0.423627,1862.02,4395.43,0.0,0.0,0.8094,1.91064,0.0,1,0.0035005577,1.6612816485,1.6827383462395853
15.71173,14.36824,15.70209,0.304225,1659.94,5456.29,0.0,0.0,0.8758,2.87879,0.0,1,0.0036383452,1.764557721,1.7380182791676242
8.7439,3.85039,8.7439,1.61905,1664.15,1027.86,0.0,0.0,0.5698,0.351935,0.000123529,0,0.0079864003,2.1916451307,2.185197661352527
8.75193,3.87567,8.75193,1.61914,1674.22,1034.02,0.0,0.0,0.5708,0.352533,0.000123522,0,0.0080587889,2.1622445988,2.221993713595958
7.07448,3.50364,7.07448,0.974588,1203.79,1235.18,0.0,0.0,0.5756,0.590608,0.0,1,0.002886621,1.2057567094,1.1276216798171559
6.11386,4.64051,6.10962,1.23527,1692.68,1370.29,0.0,0.0,0.5696,0.461113,0.0,1,0.0051631746999999,1.9338410231,1.8391827669745386
10.57747,9.21067,10.57747,0.779734,1974.44,2532.19,79.8475,102.404,0.7166,0.919031,0.0,1,0.0044210984,1.575393438,1.8140908949880215
17.25569,8.09715,17.25569,0.556792,2001.58,3594.84,0.0,0.0,0.8118,1.45799,0.0,0,0.0026370017999999,1.2704431787,1.2652833773829393
5.38838,3.99776,5.38838,1.49315,564.33,377.946,0.0,0.0,0.462,0.309413,0.0,1,0.0013063168,0.4502160397,0.4459197963037087
4.51281,3.91001,4.51281,1.28172,1102.17,859.911,0.0,0.0,0.5092,0.397278,0.0,1,0.0065585003,2.0316496446000003,2.0099586618211
6.50092,5.08477,6.48929,1.07548,2661.96,2475.15,0.0,0.0,0.732,0.680628,0.0,1,0.0012998378,0.6338476414,0.5856428999976898
4.14172,3.70815,4.13635,1.81907,447.316,245.904,0.0,0.0,0.3944,0.216814,0.0,1,0.0062884099,1.3511056171,1.2577606630443634
4.94343,3.60013,4.89104,2.53459,858.107,338.559,0.0,0.0,0.4532,0.178806,0.0,1,0.0009205835,0.3571210733,0.36475476978663113
4.42426,3.78879,4.41806,2.68502,271.798,101.228,0.0,0.0,0.3626,0.135046,0.0,1,0.0009351689999999,0.2866105157999999,0.2561689670271421
6.43035,3.58774,6.40263,1.17796,1255.08,1065.47,0.0,0.0,0.5356,0.454684,0.0,1,0.0047235396,1.669717919,1.6057914507774182
7.20792,4.54762,7.18428,2.94358,462.695,157.188,0.0,0.0,0.3644,0.123795,0.0,0,0.0252041800999999,0.9103141833,1.82983258753991
7.27569,3.40268,7.27569,1.19506,1324.35,1108.19,0.0,0.0,0.5504,0.460564,0.0,1,0.002844469,1.1736870472,1.1061123561095085
14.57882,8.27004,14.57002,0.828014,1665.84,2011.86,0.0,0.0,0.6674,0.806025,0.0,1,0.0030553934999999,1.3265615599,1.345548985672021
23.87987,23.45836,23.87987,0.417441,1745.24,4180.81,0.0,0.0,0.8514,2.03957,0.0,1,0.0035830378,1.6137772511,1.7339285305820473
5.3997,3.7276,5.38981,1.60552,1283.87,799.661,0.0,0.0,0.5344,0.332851,0.0,1,0.0021592448999999,0.8397376622,0.8521957018746903
6.0532,4.88486,6.0532,1.5961,1140.46,714.525,0.0,0.0,0.4812,0.301484,0.0,1,0.0089305105,2.0915396968,2.042914790186142
13.62192,8.69235,13.61731,0.709108,2139.96,3017.82,0.0,0.0,0.7494,1.05682,0.0,1,0.0055282522,2.3654636969,2.2983732706044226
8.69136,6.12819,8.69136,1.41245,1732.73,1226.76,0.0,0.0,0.648,0.458778,0.0,0,0.001683887,0.7479365509,0.7352734745876499
8.64627,5.79102,8.63931,1.45123,1704.6,1174.59,0.0,0.0,0.6308,0.434666,0.0,0,0.0017972432,0.7686094182,0.7691468649969844
8.99985,5.9392,8.99985,1.59852,1738.06,1087.3,0.0,0.0,0.6478,0.40525,0.0,0,0.0018673359,0.8280432594,0.7946829487825561
6.17523,5.02799,6.17017,1.45638,1635.51,1123.0,0.0,0.0,0.5482,0.376414,0.0,1,0.0036542655,1.3661543282,1.3888671166829967
8.68301,5.26839,8.68301,0.613738,2959.15,4821.52,0.0,0.0,0.7366,1.20019,0.0,1,0.0045401813,2.0263667037,2.0903864939467742
9.1769,5.34749,9.1769,0.570426,2833.6,4967.52,0.0,0.0,0.7508,1.31621,0.0,1,0.0037423337,1.8305489284,1.7613792698303883
9.17279,5.31913,9.17279,0.580043,2871.76,4950.95,0.0,0.0,0.7526,1.29749,0.0,1,0.0041737884,1.883474034,1.9558447156312042
10.19907,5.488,10.19907,0.599366,2923.9,4878.33,0.0,0.0,0.7518,1.25433,0.0,1,0.0045104299,2.0888509072,2.0769864123202875
7.70148,5.09259,6.16713,0.70962,2883.03,4062.77,0.0,0.0,0.6922,0.975452,0.0,1,0.0056119706,2.419903762,2.409808629119289
7.15478,5.03775,6.09393,0.736061,2757.31,3746.04,0.0,0.0,0.6812,0.925467,0.0,1,0.00566399,2.4460633786000003,2.4245050348080097
7.82903,4.99743,6.01083,0.808894,2359.81,2917.33,0.0,0.0,0.6612,0.817412,0.0,1,0.0062692064,2.5744527454,2.5305906940934797
8.83339,5.23908,8.83268,0.625162,2968.14,4747.79,0.0,0.0,0.7388,1.18177,0.0,1,0.0044984463,2.0780824397,2.091943232239897
10.38875,3.81692,9.82399,1.06757,1652.24,1547.67,0.38238,0.358178,0.625,0.585442,0.0,0,0.0140261361,3.6209518453,3.7826154755750734
17.37115,8.63776,17.37115,0.586277,2129.19,3631.71,0.0,0.0,0.7812,1.33248,0.0,0,0.0067435799,2.9489995441000003,2.587764921180027
15.46668,6.67243,15.45862,0.75459,2172.96,2879.66,0.0,0.0,0.7356,0.974835,0.0,1,0.0047689298,1.9350948235,1.9596112592896957
10.72389,9.68617,10.71468,0.687876,2071.59,3011.58,0.0,0.0,0.7326,1.06502,0.0,0,0.0038356145,1.8251777902,1.7352183019439604
5.58337,4.79072,5.5596,1.57279,1503.83,956.154,0.0,0.0,0.6132,0.38988,0.0,0,0.0057628375,1.8119739284,1.8293943720311265
5.42504,4.97343,5.42504,1.96219,875.799,446.337,0.0,0.0,0.4652,0.237082,0.0,1,0.0006140087,0.2954153157,0.2652822109420312
5.8975,3.62321,5.8791,1.25938,1494.83,1186.95,0.0,0.0,0.5682,0.451174,0.0,1,0.0062676306,2.0854173338,2.0435203201299963
25.48776,13.70158,25.4679,0.386827,1629.94,4213.63,0.0,0.0,0.8474,2.19064,0.0,1,0.0049881844,2.2321410976,2.2091170156348396
6.16822,4.1914,6.16041,0.853713,2759.78,3232.68,0.668484,0.783032,0.701,0.821119,0.0,1,0.0035734804999999,1.6356395893,1.6701701450729727
10.0339,6.95835,10.02217,0.642755,2514.17,3911.56,0.0,0.0,0.7686,1.19579,0.0,1,0.0030812232,1.520752626,1.4606069441696732
10.04314,6.94027,10.02007,0.640476,2529.62,3949.59,0.0,0.0,0.7656,1.19536,0.0,1,0.0032272827,1.5539902286000002,1.5296478889108829
6.75056,3.96368,6.747,0.886506,2055.95,2319.17,0.0,0.0,0.618,0.697119,0.0,0,0.0049732012,2.2312666873,2.1167196298644493
12.34505,7.48961,12.34505,0.843457,1880.34,2229.33,0.0,0.0,0.7078,0.839165,0.0,0,0.0027342111,1.2551907529000002,1.2204223291872869
8.45052,7.3406,8.18626,0.767479,2121.67,2764.47,0.0,0.0,0.657,0.856049,0.0,1,0.0040324536,1.6385530324000002,1.7951197061116488
11.39286,3.40894,11.39286,0.949095,1469.34,1548.15,0.0,0.0,0.625,0.658522,0.0,0,0.0029536001,1.3699688763,1.2778766345334331
10.67429,9.81504,10.67429,0.700095,2177.13,3109.76,0.0,0.0,0.7556,1.07928,0.0,1,0.0068987366,2.5276537735,2.537682043819095
4.82892,4.12995,4.82892,1.46465,383.946,262.141,174.084,118.857,0.4494,0.30683,0.0,1,0.0015712824,0.5868060619,0.5880278518047942
18.47685,6.99909,18.46157,1.33324,1894.12,1420.69,0.0,0.0,0.773,0.579791,0.0,1,0.0011905537,0.5448340697999999,0.5393868148595807
16.89388,11.18221,11.76527,0.561351,1860.71,3314.7,0.0,0.0,0.8394,1.49532,0.0,1,0.0022628466,1.1298563739,1.1138622360597459
4.19663,3.48452,4.18843,1.78125,717.81,402.982,0.0,0.0,0.4498,0.25252,0.0,0,0.0019335005999999,0.8107230673,0.7830412756099021
4.1199,3.4264,4.1125,1.98175,599.261,302.39,0.0,0.0,0.3996,0.20164,0.0,0,0.0041611947999999,1.3437690616,1.2155808915942001
10.99131,5.30484,10.99131,1.00093,1319.63,1318.4,0.0,0.0,0.5658,0.565276,0.0,1,0.0055015154,1.7449914159,1.6789020956911185
8.9893,8.47778,8.9893,1.37751,1084.84,787.534,0.0,0.0,0.5664,0.411177,0.0,1,0.0016556507999999,0.7254805404000001,0.6491320926094766
5.92871,5.26453,5.92106,1.32162,1764.11,1334.81,0.0,0.0,0.577,0.436585,0.0,0,0.0103725074,3.243018425,3.1056817897836844
18.70668,6.62188,18.70668,0.560742,2180.91,3889.33,0.0,0.0,0.7898,1.40849,0.0,1,0.0037857595,1.6607677387,1.715533316778996
5.75842,4.01754,5.72554,1.25557,1414.52,1126.59,0.0,0.0,0.5766,0.459233,0.0,1,0.0059442278,2.0129117583,1.8910799209165834
6.23579,5.49714,6.23579,1.58729,766.396,482.833,0.0,0.0,0.4186,0.26372,0.0,1,0.0017263311999999,0.6354687991,0.607941649805926
23.95302,15.31723,23.95302,0.391691,1362.13,3477.56,0.0,0.0,0.858,2.1905,0.0,1,0.003336514,1.6077084550999998,1.5883253676225026
5.64465,5.55803,5.64465,1.60299,480.063,299.48,0.0,0.0,0.2714,0.169309,0.0,1,0.0009167286999999,0.3360357321,0.341362881393904
5.95888,4.93789,5.95575,1.04375,1513.2,1449.77,0.0,0.0,0.5402,0.517556,0.0,1,0.0075443971,2.0375636762,2.4010758512264916
7.24883,5.55813,7.22701,0.963729,1535.75,1593.55,0.0,0.0,0.587,0.609093,0.0,1,0.0074372278,2.7055824048000003,2.5633906161106426
11.27878,4.48127,11.27878,0.837758,2209.49,2637.39,0.0,0.0,0.6896,0.82315,0.0,1,0.0071448713,2.3489802453,2.4122761985061043
11.33875,4.69312,11.33857,0.842421,2322.16,2756.54,0.0,0.0,0.7046,0.836399,0.0,1,0.0056783218999999,2.0155275502000003,2.1662442309459635
11.34841,4.3749,11.34841,0.826694,2186.19,2644.5,0.0,0.0,0.6798,0.822311,0.0,1,0.0083513107,2.6818076008,2.5427197370353998
4.79977,4.11571,4.78874,1.39327,642.346,461.037,0.0,0.0,0.4326,0.310494,0.0,0,0.0144169224,1.8134013788,2.1339072741445864
4.60008,4.02922,4.60008,1.40928,601.135,426.556,0.0,0.0,0.4274,0.303276,0.0,0,0.0122525909,1.7916800618000002,2.0927762170764
6.59501,4.67756,6.50224,3.15641,1845.41,584.655,0.0,0.0,0.5866,0.185844,0.0,1,0.0003570547,0.171364357,0.17434997848528866
6.48524,4.68827,6.48524,3.20545,1822.68,568.619,0.0,0.0,0.5808,0.181191,0.0,1,0.0003779555999999,0.1756940327,0.18086929455025325
7.95711,5.4342,7.9468,1.06291,2099.4,1975.14,0.0,0.0,0.6506,0.612092,0.0,1,0.0102891814,3.8074847077,3.688180962379911
9.9978,7.95845,9.98195,0.747982,2000.14,2674.04,0.0,0.0,0.7406,0.990131,0.0,0,0.0017242603,0.8475156109,0.8209030532696189
14.9385,4.22033,14.9385,1.02521,1957.71,1909.57,0.0,0.0,0.681,0.664253,0.0,1,0.0071238698,2.4859168732,2.1886543029462078
18.31229,16.60062,18.31229,0.879226,2151.59,2447.14,0.0,0.0,0.7156,0.813897,0.0,1,0.0050238945,2.0518336978,1.9326371183160795
6.58265,5.73847,6.58265,0.935373,2650.07,2833.17,0.0,0.0,0.714,0.763331,0.0,1,0.0032529140999999,1.4463644341,1.4911870180056523
11.77316,5.55523,10.53677,0.739178,2326.74,3147.73,0.0,0.0,0.723,0.978114,0.0,1,0.0069201187,2.3830253594,2.425430560497024
10.86576,4.1334,10.86576,1.02008,1886.77,1849.62,0.0,0.0,0.6346,0.622107,0.0,1,0.0061606443,2.2702609223,2.0602303421509434
9.6009,5.08261,9.6009,1.17729,1491.03,1266.49,0.448003,0.380537,0.5982,0.508115,0.0,1,0.0014868016,0.6571267285,0.6874037279126095
7.19858,6.30301,7.18221,1.72847,1512.87,875.263,0.0,0.0,0.6126,0.354417,0.0,1,0.0016665112,0.7373464061,0.6925742803173517
6.40693,3.94167,6.40005,1.39129,1423.49,1023.14,0.0,0.0,0.589,0.423347,0.0,1,0.0040168415999999,1.3915893550999998,1.4566878857650987
4.60036,4.13679,4.36405,1.42758,1221.11,855.37,0.0,0.0,0.5356,0.375181,0.0,1,0.0061992654,1.9602767992,1.9651765219756905
4.99549,4.15902,4.98439,1.15851,933.473,805.753,15.0963,13.0308,0.5306,0.458002,0.0,0,0.0093985485,2.5092346933000003,2.355141266247586
5.44215,4.30539,5.37431,1.11963,1253.26,1119.35,133.185,118.955,0.53,0.473371,0.0,1,0.0103415951,2.439651897,2.439907009161402
12.0686,6.65136,12.0686,0.914878,2088.61,2282.94,0.0,0.0,0.7304,0.798358,0.000218608,1,0.0029438466999999,1.3150446257,1.239059428386845
5.26924,4.23427,4.80256,1.90066,2151.09,1131.76,0.0,0.0,0.5702,0.300001,0.0,1,0.0110466245,2.86065534,2.6319147918029224
7.51192,4.80683,7.51192,1.08065,1227.66,1136.03,0.0,0.0,0.5226,0.483596,0.0,1,0.0075046261999999,1.9649574404,2.054893173599634
5.91166,4.30758,5.61164,1.12104,1432.33,1277.68,0.0,0.0,0.5304,0.473134,0.0,1,0.0141486384,2.4522931369,2.963556524067234
6.8358,6.48385,6.8358,1.24403,1197.74,962.797,0.0,0.0,0.5018,0.403368,0.0,0,0.0059177293999999,2.0017361925,1.8283364074262165
6.02466,3.88519,6.02146,1.3674,1040.09,760.632,0.0,0.0,0.5138,0.375749,0.0,1,0.0138235119,2.4884158108000003,2.6447137316013567
11.84752,7.82774,11.74488,0.869535,1611.99,1853.86,0.0,0.0,0.6302,0.724755,0.0,1,0.0040343641,1.4882908184,1.562186352278095
7.00841,6.87174,7.00841,1.1901,1390.91,1168.73,0.0,0.0,0.6142,0.516091,0.0,0,0.0022207265,1.016458506,1.0041714650594673
7.92851,7.20939,7.92851,0.942982,1648.65,1748.33,0.0,0.0,0.6634,0.703513,0.0,1,0.0027858222,1.2925404799,1.3096052770473166
7.89402,7.78212,7.89402,1.16156,1545.11,1330.2,0.0,0.0,0.6286,0.541169,0.0,0,0.0033224674,1.4894176791,1.464045812517567
8.08658,7.93125,8.08658,1.12874,1428.77,1265.81,0.0,0.0,0.627,0.555487,0.0,0,0.0026269336,1.1541454635,1.1460179683372624
7.80034,7.66637,7.80034,1.1623,1830.3,1574.73,0.0,0.0,0.6326,0.544267,0.0,0,0.009425154,3.083598465,3.4240851719607717
7.80283,7.09635,7.80283,0.978047,1597.51,1633.37,0.0,0.0,0.6454,0.659886,0.0,1,0.0026055023999999,1.2503281639,1.2240405454253223
8.34862,7.90874,8.34862,0.946048,1600.25,1691.51,0.0,0.0,0.6642,0.702079,0.0,1,0.0033911249,1.5920485389,1.516441410977467
8.47885,8.09304,8.47885,0.942478,1573.71,1669.76,0.0,0.0,0.6686,0.709407,0.0,1,0.0034864482,1.5293020044,1.559012484936598
8.35756,7.91059,8.35756,0.939122,1667.31,1775.39,0.0,0.0,0.6656,0.708747,0.0,1,0.0036079853,1.6289720028,1.5699704325514183
8.40037,8.01066,8.40037,0.935791,1631.15,1743.07,0.0,0.0,0.6708,0.716827,0.0,1,0.0034769158,1.5776880901,1.5547795690635449
8.39367,7.99618,8.39367,0.933711,1580.24,1692.42,0.0,0.0,0.662,0.708999,0.0,1,0.0031194535999999,1.4450052644999998,1.3765089930146788
8.11701,7.49064,8.11701,0.931625,1637.23,1757.39,0.0,0.0,0.6638,0.712518,0.0,1,0.0027882053,1.3343039822,1.2861408082497923
4.79162,4.0639,4.76831,2.00034,450.789,225.357,0.0,0.0,0.3928,0.196367,0.0,1,0.0013690059,0.4340684704,0.4160302002469922
5.33112,3.97403,5.33043,1.32579,1407.65,1061.75,0.0,0.0,0.5238,0.395087,0.0,1,0.0030827981,1.1898785548,1.1871084927104065
6.57708,4.78728,6.57708,1.06399,2038.67,1916.06,0.0,0.0,0.598,0.562035,0.0,1,0.0069840049,2.5401496621,2.489887293279224
6.54816,4.77769,6.53027,1.05483,2022.76,1917.62,0.0,0.0,0.5918,0.561039,0.0,1,0.0072580833999999,2.5456890165,2.561411932482493
5.72446,3.86989,5.72446,1.71463,866.46,505.333,0.0,0.0,0.4918,0.286825,0.0,1,0.005984268,1.2239996341,1.4171596145582834
6.93402,4.62894,6.60917,2.15591,497.721,230.864,0.0,0.0,0.4174,0.193607,0.0,1,0.0007031425,0.2628542198,0.244733284903367
20.28017,4.1755,10.09474,0.997235,1823.44,1828.5,0.0,0.0,0.6744,0.67627,0.0,1,0.0036935158,1.5790145533000002,1.5363650247152651
5.38174,3.9098,5.38174,1.47361,430.645,292.238,0.0,0.0,0.4026,0.273206,0.0,1,0.0019531956,0.5467390956,0.6043691323553995
8.65147,5.97828,8.65147,0.851979,2400.52,2817.58,0.0,0.0,0.7112,0.834762,0.0,1,0.0065790043999999,2.8498213804000003,2.4041670439325684
15.50229,14.17026,15.50229,0.301134,1628.27,5407.15,0.0,0.0,0.8756,2.90768,0.0,1,0.0037590411,1.7656678053,1.764263554726771
16.79092,3.56449,16.79092,0.69015,1946.61,2820.56,0.0,0.0,0.6888,0.998044,0.0,1,0.0057910153,2.4458665152,2.288133506473767
17.95239,10.63646,17.95239,0.600011,2087.15,3478.52,0.0,0.0,0.8014,1.33564,0.0,1,0.0037122928999999,1.5981521287,1.7139550007799507
10.9533,4.13648,10.9533,0.807681,2413.25,2987.87,0.0,0.0,0.7156,0.885993,0.0,0,0.0034252322,1.5613132072999998,1.6083053897931125
8.53821,5.48688,8.53821,1.65002,1657.02,1004.24,0.0,0.0,0.6194,0.375389,0.0,1,0.0022120366,0.8689704788,0.8997009738844259
4.91122,3.52707,4.65913,1.29542,529.055,408.404,0.0,0.0,0.4438,0.342591,0.0,0,0.0145183554,1.7686835146000002,2.0442473171957505
8.11383,5.17636,8.11364,0.914073,1890.45,2068.16,0.0,0.0,0.6398,0.699944,0.0,0,0.004838971,2.0068612782,1.959514617184419
5.61977,4.05885,5.24298,1.02873,1985.67,1930.22,0.0,0.0,0.6746,0.655761,0.0,0,0.0024717362,1.1323156854,1.0558156831193033
10.83921,9.14744,10.55157,0.903963,1890.69,2091.55,0.0,0.0,0.6694,0.740517,0.0,0,0.0105603588999999,3.8097928736,3.649306489599317
7.00427,5.66417,7.00427,1.03301,2659.19,2574.21,0.0,0.0,0.7456,0.721774,0.0,0,0.0012406887,0.6107780454999999,0.6075331543253544
6.99143,5.65004,6.99143,1.03721,2660.09,2564.66,0.0,0.0,0.745,0.718274,0.0,0,0.0012796405,0.6078768538,0.6156519341421841
5.88391,4.37273,5.87003,1.21357,1253.26,1032.7,0.0,0.0,0.5114,0.4214,0.0,0,0.0084638541,2.422732847,2.2561884621043635
4.9292,4.14717,4.92841,1.4991,1150.12,767.207,0.0,0.0,0.5208,0.347408,0.0,1,0.0054082188,1.7422311654,1.6761658620682172
6.69295,5.30296,6.37064,1.01854,1974.65,1938.7,0.0,0.0,0.6366,0.62501,0.0,0,0.0086297889,2.5921774827,2.89789046152931
4.82964,4.23812,4.82964,1.13369,1456.59,1284.82,0.0,0.0,0.5224,0.460795,0.0,0,0.0093117835,2.7768081506,2.7358929411601043
6.05222,4.44321,5.98107,1.39413,1611.64,1156.02,0.0,0.0,0.6292,0.451321,0.0,1,0.0009891821,0.4442117829999999,0.48109087553193697
6.72761,5.04686,6.72761,1.27847,2081.66,1628.24,0.0,0.0,0.6874,0.537673,0.0,0,0.0010872491,0.5278201538,0.5162296337767006
16.14545,8.60739,16.14545,1.16801,1743.0,1492.28,0.0,0.0,0.7494,0.641603,0.0,1,0.0023360076,1.1165394063,1.0214341334882984
6.91924,4.32242,6.91924,1.0538,1682.56,1596.67,112.281,106.549,0.5988,0.56823,0.0,1,0.0160317671999999,3.7446494987,3.014968596644854
17.04599,8.24613,17.00411,0.824323,1373.69,1666.44,0.0,0.0,0.6834,0.829044,0.0,0,0.001414711,0.654495655,0.6598768956530444
6.34779,5.30766,6.27636,1.13523,1975.78,1740.43,0.0,0.0,0.6154,0.542095,0.0,0,0.0080001782999999,2.7336317017,2.6036160900391985
8.26642,3.87936,8.26616,1.4767,1152.52,780.471,0.0,0.0,0.5144,0.348345,0.0,1,0.0100596177,2.3306079105,2.4951820432734086
9.23238,6.19771,8.9716,0.865828,1917.28,2214.39,0.0,0.0,0.6654,0.768513,0.0,1,0.0053413204,2.2433147821,2.0689321644019945
7.59087,4.25441,7.5897,1.05116,2258.39,2148.48,0.0,0.0,0.646,0.614561,0.0,1,0.0086441541,3.0709391927,3.0326110194321543
6.61101,4.67195,6.5886,1.53404,1279.24,833.903,0.0,0.0,0.5336,0.347839,0.0,1,0.0027655375,1.1101626379,1.0304968334397304
10.33904,5.80354,10.2816,1.15853,1627.88,1405.12,5.62491,4.8552,0.626,0.540338,0.0,1,0.0046400958,1.742622356,1.6971531683804635
4.9314,3.8688,4.91047,1.33575,1333.04,997.967,0.0,0.0,0.5954,0.445741,0.0,1,0.004631565,1.6341858453,1.62240130771626
8.56153,4.50798,8.56153,2.05613,1364.45,663.603,0.0,0.0,0.4994,0.242884,0.0,1,0.0055319146,1.184101753,1.6269699118098986
21.35428,13.61239,21.35428,0.516145,2019.82,3913.28,0.0,0.0,0.8142,1.57746,0.0,1,0.0039506361,1.8338769747,1.780735119157185
8.29052,7.70457,8.2843,0.849869,2437.69,2868.31,0.0,0.0,0.7226,0.850249,0.0,0,0.0081945129,3.4184169777,3.184899454719705
6.60273,3.87772,6.60273,0.987073,2004.83,2031.09,0.0,0.0,0.58,0.587596,0.0,0,0.0120948464999999,4.3103801587,3.965675127924418
13.06588,6.72307,12.14953,0.80175,2346.37,2926.56,0.0,0.0,0.7098,0.885314,0.0,1,0.0069408115,2.6431543127,2.384891151320702
11.39486,4.3226,11.27409,0.949126,1428.73,1505.31,409.494,431.444,0.6636,0.69917,0.0,0,0.0048585433,1.6581960396000002,1.907876655162663
11.27344,4.5108,11.27344,0.979267,1463.42,1494.4,419.062,427.935,0.6638,0.677854,0.0,0,0.0050394216999999,1.7067877733,1.94507700398894
5.87931,4.42492,5.57015,3.74291,1747.69,466.934,0.0,0.0,0.5646,0.150845,0.0,1,0.0013079189999999,0.5360875716,0.5298694043218001
9.47418,7.83744,9.45292,0.597233,2275.99,3810.89,0.0,0.0,0.7302,1.22264,0.0,0,0.0034219135999999,1.6716838040000002,1.606744963061916
4.82084,4.14331,4.80387,1.76082,968.791,550.193,3.54724,2.01454,0.494,0.280551,0.0,1,0.0022006924,0.808462948,0.8311263512200093
18.8079,13.71867,18.7996,0.674371,1650.25,2447.09,10.9626,16.2561,0.753,1.1166,0.0,0,0.0052740634,1.9810841886,2.077570176407435
4.7727,4.04921,4.7549,1.81243,948.305,523.222,8.72645,4.81477,0.5026,0.277307,0.0,1,0.0021574737,0.7871257541,0.8049574115031128
4.74458,4.0168,4.72731,1.84813,905.952,490.198,6.39745,3.46157,0.4864,0.263185,0.0,1,0.0021881633,0.7746421483,0.8122315668087575
4.73097,3.9715,4.71386,1.90641,913.695,479.276,5.68199,2.98047,0.4682,0.245593,0.0,1,0.0019987563,0.7562320841,0.7536676326799431
4.70447,3.94356,4.68752,1.9293,894.021,463.392,4.63057,2.40013,0.4642,0.240606,0.0,1,0.002084876,0.7480513825,0.7844271897708653
4.69665,3.92183,4.69665,1.96962,879.845,446.707,3.91969,1.99007,0.464,0.235578,0.0,1,0.0020973999,0.7374491928,0.7796798004939097
4.33176,3.82431,4.32093,1.34661,564.007,418.836,0.0,0.0,0.4458,0.331055,0.0,0,0.0021859939,0.7384792155,0.7957319685596718
8.50423,8.27985,8.50423,1.12072,1220.76,1089.26,0.0,0.0,0.5906,0.526983,0.0,0,0.0012938371,0.5996092201,0.6315650760414087
6.1865,5.74044,6.1865,1.30148,981.157,753.879,0.0,0.0,0.4824,0.370656,0.0,0,0.001994837,0.8020666206,0.7871590608919808
8.25776,7.03071,8.25776,1.10094,2063.01,1873.86,0.0,0.0,0.6554,0.595309,0.0,1,0.0040655073,1.7682113284,1.7549291277499262
7.1439,4.65537,7.12384,1.14924,1729.7,1505.09,0.0,0.0,0.598,0.520346,0.0,0,0.0041031506,1.6524249185,1.6497057065298177
5.20085,3.89327,4.84433,1.15458,1432.82,1240.99,0.0,0.0,0.5566,0.482082,0.0,0,0.0062617616,2.061576905,2.0954003202453197
5.20115,3.94888,4.8971,1.25952,1433.77,1138.35,0.0,0.0,0.5544,0.440168,0.0,0,0.0058108458,1.8734354981,1.909413719025655
8.42183,5.53552,8.41851,0.863411,2226.99,2579.3,0.0,0.0,0.6794,0.786879,0.0,1,0.0032412034,1.4728988534,1.4468366090794955
5.00451,3.93435,5.00451,1.28464,1087.15,846.274,0.0,0.0,0.4874,0.379407,0.0,1,0.0033277675,1.2421887053,1.2265890194468623
9.19439,3.959,7.03116,0.906382,2290.66,2527.25,0.0,0.0,0.6912,0.762592,0.0,1,0.0040052139,1.8121206393,1.720523411072033
5.32506,4.91361,5.32498,1.2624,1666.29,1319.94,0.0,0.0,0.5558,0.440273,0.0,0,0.0117380474,3.1159906043,3.229676732782093
29.41365,23.60037,29.35162,0.156124,881.282,5644.76,0.0,0.0,0.9382,6.00933,0.0,0,0.0032979389,1.7862036607,1.6716980133893011
14.46967,11.94118,14.45544,0.429595,1931.96,4497.16,0.0,0.0,0.8224,1.91436,0.0,0,0.0028533094,1.2876478586,1.3485174895225096
20.5205,15.85622,20.5205,0.295002,1403.53,4757.71,0.0,0.0,0.8866,3.00541,0.0,0,0.0029639881,1.4397389473,1.410159166941659
10.8747,9.02496,10.86921,0.338372,2296.38,6786.58,0.0,0.0,0.8498,2.51144,0.0,0,0.0029716576,1.4837260643,1.509208065139027
7.3732,5.53143,7.30173,1.04632,1848.9,1767.06,0.0,0.0,0.6162,0.588923,0.0,0,0.0082128645,2.1701373924,2.9120220891317734
5.7583,4.46842,5.7583,0.958855,3178.07,3314.45,0.0,0.0,0.7062,0.736503,0.0,0,0.0029098871,1.3540340331999998,1.3250477056387242
7.194,7.0599,7.194,1.21033,1596.38,1318.96,0.0,0.0,0.591,0.488296,0.0,0,0.008361677,3.2629677908,3.135915054651192
11.38761,10.4443,11.38761,1.02785,1047.76,1019.37,62.4425,60.7507,0.593,0.576933,0.0,0,0.0069555629,1.499107859,1.5886050475964015
7.28268,5.80535,7.28268,1.16215,782.38,673.218,0.0,0.0,0.4952,0.426107,0.0,0,0.0015513528,0.6610998864000001,0.6165409623482767
6.29847,5.43889,6.29847,1.11326,868.696,780.315,0.0,0.0,0.5092,0.457394,0.0,1,0.0012061342,0.5073473714,0.5867034526371612
15.68052,8.0633,15.68052,0.473321,2336.0,4935.34,0.0,0.0,0.7938,1.67709,0.0,0,0.003916358,1.7953261059,1.8123606315472576
6.36153,3.76503,6.36153,0.960789,1995.17,2076.59,0.0,0.0,0.6214,0.64676,0.0,1,0.0094019222,3.4214553596,3.3468223288123493
13.37732,6.88163,13.37732,0.804279,2195.74,2730.07,0.0,0.0,0.74,0.920079,0.00124335,0,0.0024238115,1.1529341711,1.1161088575449656
6.09101,5.53211,6.09101,1.35156,1494.27,1105.59,0.0,0.0,0.6002,0.44408,0.0,1,0.0015155048,0.6575154752000001,0.6579798031527097
12.13124,5.0609,12.1281,0.908718,2183.39,2402.71,0.0,0.0,0.6878,0.75689,0.0,0,0.0048049818,1.9823628846,1.864687769536292
8.49751,4.07254,8.49751,1.27238,1692.83,1330.45,0.0,0.0,0.6072,0.477217,0.000157186,0,0.003354084,1.1907601261,1.315818362076251
6.48174,4.30295,6.47204,2.30944,1238.98,536.484,0.0,0.0,0.5252,0.227414,0.0,1,0.0040178732,1.0927465906,1.2926004783609493
11.50806,7.82539,10.51641,0.694288,2343.63,3375.59,0.0,0.0,0.739,1.0644,0.0,1,0.003199487,1.4988335966,1.492796642333504
5.192,4.5372,5.18708,1.71994,820.91,477.29,0.0,0.0,0.4076,0.236985,0.0,1,0.0028713294,0.8977878529000001,0.82500065549757
12.29205,5.40077,12.29205,0.881935,2191.85,2485.27,7.83761,8.88684,0.6948,0.787813,0.0,1,0.0039214267,1.69742194,1.638134808502321
21.62414,10.92309,17.5655,0.435607,1820.41,4179.02,0.0,0.0,0.8462,1.94258,0.0,1,0.0030326032,1.5296355701,1.4905445109332869
18.07263,6.71346,18.07263,0.63164,2223.07,3519.51,0.0,0.0,0.7846,1.24216,0.0,1,0.0042133702,1.8604325176,1.8457817872865636
17.16775,6.7332,17.16775,0.625693,2275.03,3636.01,0.0,0.0,0.7672,1.22616,0.0,1,0.003407935,1.6181347568,1.5671211640955929
26.33515,10.27637,16.37091,0.33727,1729.95,5129.28,0.0,0.0,0.871,2.5825,0.0,1,0.0040088794,1.8171777231,1.8447140039348178
24.55082,12.17426,18.62931,0.377577,1712.52,4535.57,0.0,0.0,0.8764,2.32112,0.0,1,0.0028227165,1.4821635395,1.3967545536656727
10.5421,9.07611,10.5421,0.632077,2324.74,3677.95,0.0,0.0,0.7278,1.15144,0.0,1,0.0027353355,1.3490260012000002,1.3295907127355968
10.34629,8.86044,10.34629,0.640612,2322.12,3624.84,0.0,0.0,0.73,1.13953,0.0,1,0.0027711738,1.2859176274,1.3440927484009673
10.21446,8.80719,10.21446,0.655338,2331.18,3557.22,0.0,0.0,0.7302,1.11423,0.0,1,0.0029842665,1.3839451157,1.4185473627132563
10.15021,8.70819,10.15021,0.656268,2410.23,3672.63,0.0,0.0,0.719,1.09559,0.0,1,0.0030501315,1.4060370178,1.4623113779157744
5.93338,5.29096,5.57799,1.31573,1050.53,798.439,0.0,0.0,0.521,0.395977,0.0,0,0.0049933346,1.477546178,1.5186979760576613
25.68553,17.12424,25.68553,0.402567,1285.84,3194.1,0.0,0.0,0.8358,2.07617,0.0,1,0.0025688672,1.1640546331,1.2581182890719946
5.99825,5.12689,5.98721,1.10129,1640.7,1489.79,0.0,0.0,0.5808,0.52738,0.0,1,0.004327371,1.7152538847,1.6564384713806821
4.49346,3.41581,4.45719,1.24906,796.3,637.522,0.0,0.0,0.4856,0.388774,0.0,1,0.003624305,1.4039459125,1.241531163738806
4.37538,3.90569,4.37538,1.83885,841.292,457.509,0.0,0.0,0.5032,0.273649,0.0,1,0.0029714031,1.0884016787000002,1.027068748951319
4.64022,4.09997,4.63375,1.06928,1521.04,1422.49,0.0,0.0,0.5262,0.492105,0.0,0,0.010489868,2.9529120063,3.126266222022533
7.14066,5.08524,7.12439,1.32285,1391.46,1051.86,0.0,0.0,0.5322,0.402312,0.0,1,0.0035070659,1.2261855453,1.3362229665516074
6.3306,4.52097,6.32879,1.12223,1320.24,1176.44,0.0,0.0,0.5702,0.508096,0.0,0,0.0027526422999999,0.9997799556,1.0384227903405898
8.7931,6.77287,8.7931,1.07439,1647.74,1533.66,0.0,0.0,0.6144,0.571859,0.0,0,0.0048719954,1.7420352388999998,1.8858962977758817
8.80212,6.81408,8.79682,1.05969,1683.28,1588.47,0.0,0.0,0.614,0.579417,0.0,0,0.0045914771,1.7280883635,1.7994423163129465
8.32882,6.54754,8.28902,1.04077,1670.63,1605.18,0.0,0.0,0.61,0.586104,0.0,0,0.0047949549,1.7708010646,1.906302329955254
8.81515,6.86051,8.81515,1.02206,1673.56,1637.43,0.0,0.0,0.619,0.605638,0.0,0,0.0047292388,1.7250751845,1.8244446736801316
8.79334,6.74118,8.79334,1.0948,1657.47,1513.94,0.0,0.0,0.6104,0.557543,0.0,0,0.0048926621,1.7605694078999998,1.9064248747618786
8.78847,6.84598,8.77538,1.04816,1663.77,1587.32,0.0,0.0,0.6228,0.594182,0.0,0,0.0048557803,1.7676568097,1.8849402172697267
5.94533,4.22739,5.94533,0.978122,1810.39,1850.89,0.0,0.0,0.6112,0.624871,0.0,1,0.0041422055,1.6724902748,1.7163330654944902
5.92566,5.81418,5.92369,1.68224,585.772,348.21,0.0,0.0,0.4054,0.240988,0.0,0,0.0015813634,0.5057250102,0.5663227927231265
9.08566,8.61929,9.08005,0.761887,2055.27,2697.6,0.0,0.0,0.71,0.931897,0.0,1,0.0027792798,1.3072389115,1.3181405434451963
7.73482,5.71785,7.72321,0.979448,1633.89,1668.18,0.0,0.0,0.588,0.600338,0.0,0,0.0026448165999999,1.2148482191,1.1724047509711486
8.69504,5.47442,8.69504,0.784292,2017.86,2572.85,0.0,0.0,0.6382,0.813728,0.0,1,0.0038687839,1.6244686761000002,1.6868033340405926
5.43312,4.58891,5.43311,1.38641,2204.93,1590.39,0.0,0.0,0.6146,0.443303,0.0,1,0.0037746053,1.5981723316999998,1.4821974328794811
6.77693,6.25183,6.7733,1.77195,1346.33,759.804,0.0,0.0,0.5056,0.285336,0.0,0,0.0018322423,0.7389910762999999,0.8012591936938547
10.92956,6.85619,7.97786,0.99837,2250.02,2253.69,0.0,0.0,0.6896,0.690726,0.0,1,0.004321044,1.8034145355,1.6960975423978977
12.6138,8.71559,12.59801,0.583675,1959.85,3357.77,0.0,0.0,0.767,1.31409,0.0,1,0.0027281965,1.2786903164,1.3048357361519303
6.16099,5.90611,6.12795,1.08253,2263.15,2090.61,0.0,0.0,0.6752,0.623722,0.0,0,0.0036491229999999,1.5581486896,1.5568672034291529
13.91201,9.20691,13.91201,0.616035,2114.14,3431.85,0.0,0.0,0.7722,1.2535,0.0,1,0.0031555786,1.4516493378,1.4506930981055768
4.44036,3.90831,4.43859,2.24993,500.113,222.279,0.0,0.0,0.401,0.178228,0.0,1,0.0052004933,0.8748185122,1.1169239593957765
9.26829,6.21673,9.2669,0.759287,2415.98,3181.91,0.0,0.0,0.7146,0.941146,0.0,1,0.0039527244,1.7560948518,1.7888813194279556
4.30721,3.46839,4.30721,1.92701,892.53,463.167,0.0,0.0,0.4868,0.252619,0.0,1,0.006609443,1.72322625,1.6184355246220985
4.49939,3.47861,4.49939,1.88207,939.705,499.294,0.0,0.0,0.4884,0.259502,0.0,1,0.0034805129999999,1.2176916869,1.1689661335198545
4.49188,3.54288,4.49188,1.73966,1360.22,781.89,0.0,0.0,0.5116,0.29408,0.0,1,0.0035498015999999,1.3962249256,1.3568837349928948
5.2765,4.32303,5.27104,1.36723,1066.44,780.005,8.76449,6.41042,0.5024,0.367459,0.0,1,0.0036783392999999,1.235119258,1.2829209250080087
5.15455,4.85632,5.13093,1.95651,774.474,395.845,0.0,0.0,0.4138,0.211499,0.0,1,0.0024048392,0.8652666383,0.7433424785036314
6.60857,4.38157,6.58169,1.52914,1380.73,902.948,0.0,0.0,0.5468,0.357587,0.0,1,0.0045739954,1.5024166825999998,1.58338633546976
5.94406,5.31262,5.94406,0.925851,1673.96,1808.02,0.0,0.0,0.5828,0.629475,0.0,0,0.0065676917,2.4422764387,2.3219877080562967
4.84557,3.80044,4.84557,1.15061,997.702,867.108,0.0,0.0,0.498,0.432814,0.0,1,0.0047699074,1.5948865318,1.6040291395418111
5.56086,3.46237,5.08522,2.37535,1051.21,442.55,0.0,0.0,0.4804,0.202244,0.0,1,0.0011334153,0.4930183200999999,0.46546383630138033
5.04792,4.38484,5.0448,1.30477,1062.64,814.426,0.0,0.0,0.5004,0.383515,0.0,0,0.0046527834,1.4280433434,1.4800444980646608
7.1812,5.45466,7.18023,1.36604,1533.73,1122.76,0.0,0.0,0.5724,0.41902,0.0,1,0.0026206511,1.0614413272,1.0780050477904268
8.58065,5.8094,8.54388,0.697286,2813.81,4035.37,0.0,0.0,0.7542,1.08162,0.0,1,0.0039320540999999,1.9092625147,1.793252037740945
19.86541,14.56862,19.86541,0.274675,1427.0,5195.22,0.0,0.0,0.8942,3.25548,0.0,1,0.0036192864,1.7443931581999998,1.718626475441312
18.20917,7.10984,11.84134,0.592075,2208.62,3730.3,0.0,0.0,0.783,1.32247,0.0,1,0.0039850027,1.760064039,1.7520685144225747
5.78407,3.96262,5.7827,1.90553,677.8,355.702,0.0,0.0,0.434,0.227759,0.0,1,0.0026376774,0.7505792289,0.8314343083006099
13.10382,3.67767,13.10382,1.322,940.809,711.658,184.278,139.394,0.5642,0.426778,0.0,0,0.0018512164,0.7252218049,0.7163335557825283
12.98786,3.46699,12.98786,1.43218,894.164,624.337,203.647,142.194,0.5692,0.397436,0.0,0,0.0015927101999999,0.6219334102,0.6688089062613293
6.17139,3.91412,6.17139,1.43262,670.443,467.985,13.6022,9.49467,0.4726,0.329886,0.0,1,0.0031442075,1.1166679649,1.0084909111311327
7.8603,5.01976,7.84665,0.979833,2007.79,2049.12,0.0,0.0,0.6394,0.65256,0.0,1,0.0032762649,1.4300655373,1.459659514882363
6.38387,5.75713,6.38387,1.33865,1367.26,1021.37,0.0,0.0,0.5492,0.410264,0.0,1,0.0007993755,0.3859932646,0.39671330534167737
6.86569,5.12412,6.86243,1.19169,992.554,832.898,0.0,0.0,0.537,0.450621,0.0,1,0.0007019286,0.3406177204999999,0.374764947276623
5.99288,4.42191,5.93648,1.43356,1311.29,914.712,0.0,0.0,0.5364,0.374173,0.0,1,0.0040627873,1.4749196375,1.4476011726662774
6.08943,4.42337,5.91878,1.4324,1320.62,921.959,0.0,0.0,0.5424,0.378664,0.0,1,0.0042099307,1.4699419042,1.4544218482063531
8.54387,6.77342,8.52787,0.56692,2883.21,5085.74,0.0,0.0,0.7934,1.39949,0.0,1,0.0029553251,1.4515917517,1.3922256288902968
8.54799,6.78315,8.52991,0.582411,2894.93,4970.58,0.0,0.0,0.7922,1.36021,0.0,1,0.002863964,1.4130420844,1.3396042256295697
8.53005,6.74275,8.5229,0.590909,2900.24,4908.1,0.0,0.0,0.7924,1.34099,0.0,1,0.0028899538,1.41627838,1.348328120392117
7.81513,5.26988,7.81513,0.929552,2122.82,2283.71,0.0,0.0,0.6652,0.715614,0.0,1,0.0030878251,1.4362390393,1.394046445616073
6.8318,3.73291,6.33433,1.05182,1255.59,1193.73,0.0,0.0,0.5338,0.507503,0.0,0,0.0036789213,1.4732798612,1.3849359118544937
6.8305,3.71719,6.1852,1.05415,1260.09,1195.37,0.0,0.0,0.5302,0.502967,0.0,0,0.0037119047999999,1.5037362554,1.38254206353142
6.87946,3.53974,6.12375,1.07753,1201.6,1115.15,0.0,0.0,0.5294,0.49131,0.0,0,0.0038366393,1.5205707030000002,1.4369359423520582
6.60314,5.66314,6.60314,1.49249,870.16,583.026,0.0,0.0,0.4392,0.294274,0.0,1,0.0049207256,1.2810373651,1.3913690728898918
6.93247,6.0951,6.93247,1.45916,960.382,658.174,0.0,0.0,0.4598,0.315113,0.0,1,0.0044663208,1.3465368639,1.4477348215107635
11.39418,11.07263,11.39418,0.982365,1253.76,1276.27,0.0,0.0,0.6124,0.623394,0.0,1,0.0047246106,1.3529977091,1.431512331025746
11.21563,10.87494,11.21563,0.985981,1260.64,1278.57,0.0,0.0,0.6026,0.611168,0.0,1,0.0048393001,1.3418728299,1.4346061212017538
8.56321,6.70069,8.56321,0.575734,2862.5,4971.91,0.0,0.0,0.7896,1.37147,0.000694765,1,0.0034255865,1.5261827677000002,1.610213204905882
8.38842,6.72694,8.33928,0.577283,2917.64,5054.09,0.0,0.0,0.7804,1.35185,0.0,1,0.0032307793,1.5266593987,1.5376696594022912
4.82905,4.48972,4.82035,1.16972,759.125,648.979,0.0,0.0,0.4596,0.392914,0.0,0,0.0044547376,1.2469728485,1.3325170303953806
5.11388,4.36379,5.09892,1.34461,989.368,735.801,0.0,0.0,0.4928,0.366499,0.0,1,0.0025413282,0.9277577822,0.9205764818360324
4.74814,3.78436,4.74702,1.30283,544.632,418.038,0.0,0.0,0.4486,0.344328,0.0,1,0.0066556564,1.4249677022,1.5013185901118693
10.40349,8.69532,10.40349,0.914151,1431.03,1565.42,0.0,0.0,0.6498,0.710823,0.0,1,0.0014135161,0.7326062026000001,0.6741707419375047
8.64297,7.79614,8.57936,1.02442,1402.26,1368.83,0.421846,0.411789,0.5964,0.582182,0.0,1,0.0014206766,0.6469795482999999,0.7144511413331219
5.45667,5.01969,5.45432,1.52823,1486.52,972.705,0.0,0.0,0.5628,0.368269,0.0,1,0.0039865629,1.3116839594,1.424164590178404
6.92762,6.10595,6.92762,1.43826,1562.19,1086.17,0.0,0.0,0.5924,0.411885,0.0,0,0.0045150845,1.7607612113999995,1.7485370848334485
5.09322,4.44244,5.09322,1.49981,585.282,390.237,0.0,0.0,0.4068,0.271234,0.0,0,0.0015113777,0.5262047205,0.5025395082089626
7.28969,4.98752,7.24267,0.833729,2493.01,2990.19,0.0,0.0,0.6952,0.833844,0.0,1,0.0048635319,2.1367484754,2.088433289321653
14.4419,10.2051,14.4419,0.443469,2088.1,4708.57,0.0,0.0,0.8326,1.87747,0.0,1,0.0030536621999999,1.4930913353,1.5277165529036658
13.85309,6.75838,13.85309,0.567973,2306.32,4060.62,0.0,0.0,0.7948,1.39936,0.0,1,0.0034991795,1.6160876080000002,1.6224290025772206
5.65344,4.07573,5.64183,1.00727,1776.16,1763.34,0.75218,0.746751,0.6264,0.621879,0.0,1,0.0090435525,3.0506881736,2.889374556833306
12.00094,11.06312,12.00094,0.965457,1025.27,1061.95,99.7383,103.307,0.6016,0.623124,0.0,0,0.0062379005,1.435618022,1.4036348231143216
5.96805,4.21212,5.96805,1.10941,2139.9,1928.86,0.0,0.0,0.6164,0.555611,0.0,1,0.0062357893,2.2828693451,2.27746666069069
6.02417,4.10555,6.02138,1.04671,2066.79,1974.55,0.0,0.0,0.6206,0.592904,0.0,1,0.0055322536,2.1138874906,2.1180683645932774
6.57194,4.51844,6.57194,0.970314,2263.88,2333.14,0.0,0.0,0.6264,0.645564,0.0,1,0.0056484151,2.1887049849,2.268104175309216
6.61049,4.70522,6.61049,0.97171,2250.82,2316.35,0.0,0.0,0.6362,0.654722,0.0,1,0.0054104973999999,2.1040577751,2.1883754426549666
7.1095,4.86225,7.1095,0.893607,2183.36,2443.31,0.0,0.0,0.6554,0.733432,0.0,1,0.0048427606,2.0121651977,1.9998147849588748
6.38612,4.28228,6.36726,1.14648,2047.77,1786.13,0.0,0.0,0.6026,0.525607,0.0,1,0.005464747,1.9354717299,2.0285516204063825
4.58202,3.62787,4.5574,1.65192,481.079,291.224,0.0,0.0,0.4828,0.292266,0.0,1,0.006976832,1.447286539,1.624234839494833
5.40727,4.06272,5.33928,1.31041,1192.91,910.333,0.0,0.0,0.513,0.391481,0.0,1,0.0058870144,1.7402343238999998,1.7467411790889587
5.6853,5.37606,5.64875,1.07587,1742.46,1619.58,0.0,0.0,0.6052,0.56252,0.0,0,0.0050378127,1.9052594079,1.9198638777661334
6.30636,5.13016,6.19765,1.10057,1724.95,1567.33,0.0,0.0,0.6202,0.563526,0.0,0,0.0058059793,2.2172018207,2.1230926579662155
7.60741,6.30843,7.59214,0.861714,1966.86,2282.5,0.0,0.0,0.658,0.763595,0.0,1,0.0035168151,1.61526021,1.5646099350158371
8.64919,5.459,8.64919,0.934501,1104.45,1181.86,0.0,0.0,0.5626,0.602032,0.0,1,0.0016780501,0.7270683921,0.7034890489377565
15.46142,7.44821,15.40352,1.15975,1222.53,1054.13,396.899,342.228,0.6494,0.559948,0.0,1,0.0042298581,1.4886724913999998,1.6233542982298585
15.5822,9.65924,15.5822,0.788284,1287.18,1632.89,417.804,530.017,0.712,0.903228,0.0,1,0.0047503655,1.8105962156,1.8552503057432492
15.65949,6.23259,15.65949,1.14479,1297.32,1133.23,389.885,340.573,0.648,0.566042,0.0,1,0.0039621127,1.474775675,1.5368052394268794
15.71951,9.72839,15.71951,0.76692,1281.45,1670.9,425.267,554.513,0.7184,0.936734,0.0,1,0.0043389979,1.7596589852000002,1.7929055317016287
15.83521,9.82464,15.8304,0.749306,1274.9,1701.44,431.482,575.842,0.7222,0.963826,0.0,1,0.0041591537,1.7120685092,1.7680496746059782
9.38154,5.59471,9.38154,1.04219,1955.75,1876.59,0.0,0.0,0.6824,0.654777,0.0,1,0.0021974749,0.9994163154,1.0144469774941394
11.41407,10.59979,11.41389,1.19971,1576.67,1314.22,0.0,0.0,0.6588,0.549134,0.0,1,0.0025139439,1.1504356447,1.1473149425608575
11.51533,10.7235,11.51515,1.1988,1578.94,1317.1,0.0,0.0,0.662,0.55222,0.0,1,0.0024702464,1.1687386542,1.1373780152123598
9.38408,5.62446,8.32943,1.03958,1962.23,1887.52,0.0,0.0,0.6752,0.649493,0.0,1,0.0022072291,0.9967130172,1.0199219574595433
11.3608,10.54479,11.3608,1.19943,1577.62,1315.3,0.0,0.0,0.659,0.549427,0.0,1,0.0024541942,1.1278877353,1.139037520152879
4.03231,3.46877,4.03231,1.63524,245.521,150.143,0.0,0.0,0.397,0.242778,0.0,1,0.0024683756,0.7780373976,0.7875062981570079
5.98273,5.3868,5.98273,1.18176,2613.25,2211.32,0.0,0.0,0.645,0.545797,0.0,1,0.0038895483,1.7924372999,1.6351489755200181
8.89536,8.62816,8.89536,0.837745,1861.72,2222.3,0.0,0.0,0.6918,0.825789,0.0,1,0.0035357198,1.6308715439,1.5756357062345863
7.45121,6.98768,7.45121,0.945343,1746.6,1847.59,0.0,0.0,0.6538,0.691601,0.0,1,0.0038398068,1.6935814635,1.7136631201711183
6.01834,3.95176,6.01834,1.15627,1427.45,1234.53,0.0,0.0,0.5724,0.49504,0.0,1,0.0044655314,1.6602848003,1.6327039784125081
6.18036,4.30595,6.18036,1.16997,1430.3,1222.5,0.0,0.0,0.575,0.491464,0.0,1,0.0075136864,2.2987899677000003,2.284252366823729
5.37817,4.58095,5.37264,1.47856,1357.43,918.075,0.0,0.0,0.5162,0.349122,0.0,1,0.0057554706999999,1.8327917758,1.7578505427369433
4.94052,4.11721,4.9348,1.67517,1504.56,898.154,0.0,0.0,0.6094,0.363784,0.0,0,0.007323915,2.2413924477,2.1680983372467124
6.42024,5.0837,6.41252,1.7783,988.209,555.703,0.0,0.0,0.4528,0.254625,0.0,1,0.0039508428999999,1.0995139319,1.234439364446743
5.76705,4.61254,5.76705,1.521,1240.97,815.894,0.0,0.0,0.5144,0.338199,0.0,0,0.0029620325,1.0923471209,1.0659692898074244
7.58274,6.68199,7.16375,2.10294,1485.76,706.516,0.0,0.0,0.5748,0.273331,0.0,1,0.000670797,0.3226027051,0.29998724892003326
6.38635,5.15151,6.24805,1.43745,1124.79,782.485,0.0,0.0,0.5026,0.349646,0.0,1,0.0021148322,0.8259648128,0.8528663572586567
4.14952,3.66327,4.14952,1.74866,569.673,325.777,0.0,0.0,0.506,0.289365,0.0,1,0.0014088235999999,0.5371656909,0.5875838833739908
4.13262,3.6686,4.1292,1.75655,575.771,327.784,0.0,0.0,0.5006,0.28499,0.0,1,0.0014448694,0.533259723,0.5805126302749509
9.7655,7.73483,9.74652,0.727417,1863.77,2562.17,0.0,0.0,0.6748,0.927666,0.0,1,0.0037811807,1.6104056315000002,1.6540976629481576
12.40052,7.22634,12.40052,0.666065,1847.56,2773.85,0.0,0.0,0.713,1.07047,0.0,1,0.0034575365999999,1.5186770635,1.5887949814612918
8.85063,6.25728,8.83155,0.902561,1517.6,1681.44,0.0,0.0,0.6232,0.69048,0.0,1,0.0028763643,1.3121703629,1.2230517856139271
9.00205,6.2555,8.99942,0.893575,1516.45,1697.06,0.0,0.0,0.6152,0.688471,0.0,1,0.0028124045,1.3211009807,1.2153046681605026
12.32132,7.27063,11.94622,0.538243,2328.12,4325.4,0.0,0.0,0.795,1.47703,0.0,1,0.0032105508,1.5175724662,1.5259336416832106
6.56282,6.27917,6.55848,1.03902,1614.33,1553.7,0.0,0.0,0.6152,0.592095,0.0,0,0.0027163015,1.1656071952,1.2132656047093207
5.72633,5.3133,5.71091,1.03379,949.896,918.849,0.0,0.0,0.495,0.478821,0.0,1,0.0035148117,1.2866382231,1.3062813139193843
9.52144,5.9183,9.51707,0.828676,2119.74,2557.99,0.0,0.0,0.6796,0.820103,0.0,1,0.0037986634999999,1.5988933978,1.6188013664366605
4.79531,3.45398,4.78239,1.18884,601.717,506.139,0.156486,0.131629,0.504,0.423944,0.0,1,0.0049040854,1.5363821611,1.43438711717723
4.78914,3.45844,4.64139,1.18597,613.731,517.491,0.198684,0.167528,0.5058,0.426485,0.0,1,0.0049276943,1.5383823564,1.4503956808179432
7.16113,4.73321,7.10699,1.15085,1085.85,943.517,0.0,0.0,0.5382,0.467654,0.0,1,0.003443473,1.2764096486,1.2695596218345246
6.40025,5.70377,6.3929,1.21508,2093.15,1722.65,0.0,0.0,0.6392,0.526057,0.0,1,0.0044968738,1.8443184824,1.7539469933406981
10.41989,5.8507,10.41891,0.781859,2402.26,3072.5,0.0,0.0,0.7182,0.91858,0.0,1,0.0049826301,2.1364388261,2.0784741753136884
10.54748,5.75428,10.54661,0.825883,2349.73,2845.11,0.0,0.0,0.7048,0.853389,0.0,1,0.004656453,2.0186771644,1.8899581883702643
7.47545,6.2198,7.47545,0.467817,3303.45,7061.42,0.0,0.0,0.7762,1.6592,0.0,1,0.0037814436,1.8029355261,1.7883356100044878
10.25531,8.1108,10.25531,0.751133,2430.54,3235.83,0.0,0.0,0.7324,0.975061,0.0,1,0.0050078596,2.0557192644,2.16346575413111
10.53968,7.74023,10.53968,0.687634,2293.89,3335.91,0.0,0.0,0.7586,1.1032,0.0,1,0.003573503,1.6588959779,1.6475568511159904
4.88713,3.88543,4.88713,1.64828,882.041,535.129,0.0,0.0,0.4606,0.279443,0.0,0,0.0017563932,0.6499245791,0.6490336645927605
5.12784,4.01813,5.11026,1.59271,1003.99,630.367,0.0,0.0,0.4816,0.302377,0.0,0,0.0016653801,0.660454955,0.6470476890605272
5.13844,4.03284,5.13064,1.58929,1001.62,630.232,0.0,0.0,0.4764,0.299756,0.0,0,0.0017372326,0.6548313031,0.6583262093628592
4.92972,3.79229,4.92858,1.6758,825.852,492.811,0.0,0.0,0.4524,0.269961,0.0,0,0.0016813473999999,0.6580055847999999,0.6223963644241272
5.2478,3.97372,5.19698,1.59515,971.718,609.171,0.0,0.0,0.4788,0.30016,0.0,0,0.0017244588,0.6472883925,0.6302077194634691
4.9438,3.91943,4.9438,1.60993,940.703,584.311,0.0,0.0,0.4708,0.292434,0.0,0,0.0016094948999999,0.6248305098,0.6274198201041203
17.44029,16.95439,17.44029,0.753394,1262.36,1675.56,0.0,0.0,0.7098,0.942136,0.0,1,0.0010673778,0.5360256844,0.5585981247856026
6.03489,5.11879,6.02804,1.08037,1988.86,1840.92,0.0,0.0,0.5946,0.550369,0.0,1,0.0034766121999999,1.4300726337,1.5044269056042927
4.75983,4.08689,4.75983,1.55048,933.775,602.248,10.5817,6.82478,0.5034,0.324673,0.0,0,0.0062571169999999,1.8254457165,1.7438669536537952
5.55487,4.3075,5.55487,1.61783,1414.83,874.522,0.0,0.0,0.6026,0.372475,0.0,0,0.0053097879,1.6423571525999998,1.7054323431720573
9.54888,7.69493,9.54888,0.866747,1781.33,2055.19,0.0,0.0,0.6812,0.785928,0.0,1,0.0033851349,1.5680503322,1.5136744939547322
9.60606,7.73922,9.60387,0.865497,1776.39,2052.45,0.0,0.0,0.6816,0.787524,0.0,1,0.003233078,1.524601951,1.440805435075669
4.7399,4.20115,4.72096,1.75805,590.761,336.032,0.0,0.0,0.3948,0.224567,0.0,0,0.0063213387,1.0709054988,1.3141869912212267
4.77305,4.26622,4.76857,1.33788,1125.79,841.477,0.0,0.0,0.484,0.361768,0.0,1,0.0017866771,0.7418604798,0.7671538447060606
37.52571,19.54108,37.52571,0.164116,999.284,6088.87,0.0,0.0,0.9304,5.66915,0.0,1,0.0042581186,2.1273556221,2.011192498836726
26.25291,12.57512,26.25291,0.207415,1259.45,6072.13,0.0,0.0,0.913,4.40181,0.0,1,0.0040834955,1.9302933842,1.8789139826914631
5.36267,3.61603,5.3498,1.32796,1049.23,790.108,0.0,0.0,0.535,0.402873,0.0,1,0.0099737013,2.4388978424000003,2.4013752735370817
5.44587,3.64311,5.44587,1.30707,1099.34,841.068,0.0,0.0,0.5528,0.42293,0.0,1,0.0098612433999999,2.399806308,2.429472640941241
4.51878,3.91316,4.51878,1.20992,526.263,434.955,0.0,0.0,0.4704,0.388785,0.0,0,0.0033346606,1.0542177216,1.0607171710633645
8.10638,4.88927,8.10638,0.902679,1696.47,1879.38,0.0,0.0,0.605,0.670227,0.0,1,0.0029122878,1.3019673309,1.2381144342620998
7.89565,4.97897,7.87662,0.907269,1685.58,1857.86,0.0,0.0,0.6116,0.674111,0.0,1,0.0026878584999999,1.1968243186,1.1900622334561808
7.54994,6.22752,7.22874,0.801255,2259.4,2819.83,0.0,0.0,0.702,0.876126,0.0,1,0.0044988135,2.0330620103,1.9617382819864586
5.87217,4.28231,5.84929,0.954537,2386.36,2500.02,0.0,0.0,0.6616,0.693111,0.0,1,0.0088322818999999,3.4120325393,3.1907441472364306
6.33732,4.06042,6.33561,1.18458,2288.74,1932.12,0.0,0.0,0.6222,0.525251,0.0,1,0.0050316313,2.0638766163,1.9033704492688357
5.69318,3.49916,5.67679,1.19478,1755.51,1469.31,2.63176,2.20271,0.6268,0.524615,0.0,0,0.0081954442,2.8534970367000003,2.662095931440521
4.17515,3.43562,4.17515,1.60472,795.582,495.775,0.0,0.0,0.4962,0.309212,0.0,0,0.0039517265999999,1.3362426383,1.2298834627956796
6.88379,6.45442,6.88379,1.62124,1571.08,969.06,0.0,0.0,0.5722,0.35294,0.0,0,0.0038021609999999,1.394149956,1.4447069541494562
6.82367,6.45553,6.82367,1.66276,1569.85,944.123,0.0,0.0,0.5622,0.338112,0.0,0,0.0037672186,1.409948054,1.4420451684165974
5.73292,4.38571,5.54624,1.22616,1137.64,927.807,0.0,0.0,0.5176,0.422132,0.0,1,0.0075933206999999,1.9279295449,2.0487105809964525
5.70679,3.6399,5.68672,1.24095,795.076,640.701,0.0545715,0.0439757,0.4934,0.397599,0.0,1,0.0039942047,1.263706292,1.2422710470794112
7.26399,5.25081,7.26386,0.96381,1855.66,1925.33,0.0,0.0,0.5882,0.610286,0.0,1,0.0057635615,2.1124528448,2.090452102144513
6.57451,5.5873,6.57451,0.939158,1727.44,1839.35,0.0,0.0,0.604,0.64313,0.0,1,0.0052960970999999,2.1107797498,2.1227174008038556
11.69294,6.93274,11.69294,0.710904,1782.6,2507.52,25.4741,35.8333,0.6994,0.983817,0.0,0,0.0046358747,2.0513197418,1.8233130751640803
11.79938,6.70311,11.79938,0.734288,1705.89,2323.19,141.576,192.807,0.7142,0.972643,0.0,1,0.0044250764,1.8833571881,1.8063373007244155
11.94166,7.13512,11.94166,0.709142,1885.38,2658.68,0.0,0.0,0.7218,1.01785,0.0,1,0.0045109548,1.8640002112,1.828184065995245
12.04076,6.91892,12.04076,0.729779,1690.09,2315.89,127.81,175.136,0.7162,0.981393,0.0,1,0.0042876710999999,1.8297363165,1.80012665558066
10.64181,4.52481,5.22943,0.89363,2280.68,2552.15,0.0,0.0,0.6776,0.758256,0.0,1,0.0048836881,2.0847292441,1.9883475753975854
8.54501,7.28684,8.54501,0.99094,1266.94,1278.53,0.0,0.0,0.599,0.604476,0.0,1,0.0023005423999999,1.0573065141,1.0443449211298277
8.03493,4.40002,8.02722,1.14872,740.321,644.475,67.7082,58.9423,0.4848,0.422035,0.0,1,0.0033892905,1.0991624157,1.1590187552944915
5.66517,3.68033,5.65855,1.19573,631.039,527.745,0.0,0.0,0.5032,0.420832,0.0,1,0.0021263123,0.7127853965000001,0.7248313697665476
4.69319,4.39635,4.67513,2.36864,953.131,402.396,0.0,0.0,0.479,0.202226,0.0,1,0.0015403189,0.5562201281,0.5843111617121074
5.09655,4.11557,4.6794,2.36169,945.621,400.401,0.0,0.0,0.4824,0.204261,0.0,1,0.0013905144,0.5297802436,0.5354784687132081
9.42427,4.27216,9.42427,0.982453,1582.3,1610.56,0.0,0.0,0.6066,0.617434,0.0,1,0.0041308806,1.4777040419999998,1.6492534036750963
10.88001,10.50387,10.88001,1.19375,1315.8,1102.24,0.0,0.0,0.6004,0.502953,0.0,1,0.0039408299,1.2918197136,1.3790134217822292
10.6197,8.65931,10.61387,0.747212,1607.37,2151.16,0.0,0.0,0.6408,0.857588,0.0,1,0.0046551808,1.6429245853,1.8127460163128901
5.84706,3.42755,5.84706,1.53516,287.064,186.993,30.7793,20.0495,0.4222,0.27502,0.0,1,0.0010981968,0.2658711791,0.2888455928740754
5.8274,3.41984,5.8274,1.53516,283.608,184.741,30.6343,19.9551,0.4216,0.274629,0.0,1,0.0011027099,0.2607374853999999,0.3025999376629842
5.44554,4.19244,5.4181,1.31908,2093.99,1587.46,0.0,0.0,0.5974,0.452892,0.0,1,0.0044745329,1.786110611,1.694999271806896
18.42063,9.23563,18.42063,0.348553,1743.14,5001.08,0.0,0.0,0.8538,2.44956,0.0,1,0.0035454094,1.7195640687,1.7268639910688208
6.59817,6.13172,6.59498,2.82524,1689.3,597.93,0.0,0.0,0.606,0.214495,0.0,1,0.0008945944999999,0.3983253707999999,0.37733230498142833
19.47488,13.27772,19.47462,0.402001,1509.07,3753.89,0.0,0.0,0.8346,2.07611,0.0,1,0.0035958563,1.6397564714,1.6859270182875241
5.37744,3.53202,5.37744,1.38918,653.213,470.214,0.0,0.0,0.4478,0.322348,0.0,0,0.0037197432,0.9532132801,1.0077091319390195
6.81111,4.3641,6.75959,1.50078,1988.24,1324.81,0.0,0.0,0.6082,0.405257,0.0,1,0.0022086219,0.9327085644,0.9880049397164508
6.48792,4.04495,6.46524,1.63435,1656.81,1013.74,0.0,0.0,0.5904,0.361245,0.0,1,0.0023844129,0.9497668973,0.9804589627181614
6.41608,3.94175,6.40902,1.68088,1551.99,923.32,0.0,0.0,0.574,0.341488,0.0,1,0.0024068824,0.9501178184,0.976179500703113
9.91084,4.94321,9.90364,0.792408,1603.43,2023.49,0.0,0.0,0.6302,0.795297,0.0,1,0.0029892649,1.3246600584,1.3108484089851344
7.21454,5.63203,7.19196,1.06453,1024.66,962.545,0.0,0.0,0.4958,0.465746,0.0,1,0.0041443063,1.0630515806,1.443956073013295
12.16451,6.87343,12.16451,0.774775,2322.28,2997.35,0.0,0.0,0.7066,0.912006,0.0,1,0.0033524845,1.5888087118,1.5276129336526743
12.69936,7.89199,12.69936,1.08786,1666.19,1531.63,0.0,0.0,0.6204,0.570296,0.0,1,0.003027644,1.132780472,1.2696003468095967
4.56554,4.01347,4.56554,1.5219,1198.03,787.192,0.0,0.0,0.5324,0.349826,0.0,1,0.0055039961,1.6391894272999998,1.7792164446573349
5.27678,3.99297,4.86471,1.01321,1059.99,1046.17,0.0,0.0,0.5368,0.529802,0.0,1,0.0089106639,2.4449458475,2.4182567210293606
5.65614,4.89759,5.3467,1.11309,1245.12,1118.62,0.0,0.0,0.5586,0.501848,0.0,1,0.0058237503,1.9304703386,1.8479345276641364
5.44142,4.51467,5.32983,1.81828,1092.81,601.015,0.0,0.0,0.5076,0.279165,0.0,1,0.0055486878,1.4092799354,1.5160341015686407
4.13891,3.52594,4.05476,2.44574,369.977,151.274,133.125,54.4315,0.4542,0.185711,0.0,1,0.0035403436,0.8047406726,1.0774123635107626
5.99991,4.88169,5.99991,1.10463,1885.15,1706.59,0.0,0.0,0.6184,0.559825,0.0,1,0.0048605551,1.9398667198,1.8399009415282932
5.16583,4.20229,5.16583,1.16624,909.575,779.923,0.0,0.0,0.5142,0.440905,0.0,0,0.0042596401,1.3516422541,1.3506902786954418
8.60576,7.13629,8.60576,0.984728,1990.18,2021.04,0.0,0.0,0.6528,0.662924,0.0,0,0.0027073915,1.2111721271,1.206516053271057
5.34617,4.27166,5.33175,2.14248,360.006,168.032,116.013,54.1487,0.3902,0.182125,0.0,1,0.0032596899,0.7282467928,0.8716005304001351
6.19215,5.21845,6.19129,0.959339,2059.17,2146.44,0.0,0.0,0.6236,0.650031,0.0,0,0.0064894141,2.5706317007,2.480190138921972
7.11646,6.19226,7.11412,1.03097,1502.21,1457.08,0.0,0.0,0.5848,0.56723,0.0,0,0.0050819716,2.0051092339,2.0187035178948305
6.79615,5.75134,6.79615,1.10764,1482.92,1338.8,0.0,0.0,0.5666,0.511536,0.0,1,0.0018284608,0.8420062088,0.8183336961686902
6.76349,5.81846,6.76349,1.11335,1511.81,1357.89,0.0,0.0,0.5736,0.515203,0.0,1,0.0020434676,0.9017780872,0.9407927806510756
12.36039,11.54677,12.35976,1.38142,1564.69,1132.67,0.0,0.0,0.6892,0.498906,0.0,1,0.0019826051999999,0.9375169772,0.8575544061868637
5.4946,5.30289,5.4946,0.925783,1729.65,1868.31,0.0,0.0,0.6062,0.654797,0.0,1,0.0071938573,2.4878390832,2.49707311445021
13.54985,9.13066,13.54893,0.629882,1979.75,3143.05,0.0,0.0,0.7794,1.23737,0.0,1,0.0032267047999999,1.4491618455000002,1.528192523384575
7.29901,5.68693,7.29887,2.71918,1447.8,532.44,20.7388,7.62687,0.5782,0.212638,0.0,1,0.0012442292,0.5387001553999999,0.5450389787205059
4.08461,3.48945,4.06863,1.30493,544.936,417.597,0.0,0.0,0.4766,0.36523,0.0,0,0.0042423447,1.5473200655,1.3220553576085692
4.03285,3.42273,4.0125,1.31623,519.268,394.513,0.0,0.0,0.474,0.360121,0.0,0,0.0042793958,1.6136870383000002,1.3110028121800217
5.31376,5.06628,5.30265,1.49933,912.911,608.879,0.0,0.0,0.437,0.291463,0.0,1,0.0045673222,1.3099712358,1.298918417042231
20.24597,8.58384,20.24597,0.340053,1825.41,5368.02,0.0,0.0,0.8648,2.54313,0.0,1,0.003181088,1.5809816071,1.5494678135763438
42.79818,24.24061,42.79818,0.126526,810.47,6405.57,0.0,0.0,0.9392,7.42299,0.0,1,0.004858283,2.5618549847,2.1004304021125835
27.24034,13.9632,26.75245,0.334895,1602.49,4785.05,0.0,0.0,0.8624,2.57514,0.0,1,0.0034654914,1.6758008881,1.6647843233116342
13.37019,12.10117,13.37019,0.621294,2143.77,3450.5,0.0,0.0,0.742,1.19428,0.0,1,0.0038608804,1.8017607155,1.7411647236302017
8.75902,7.46421,8.75317,0.770453,2094.53,2718.57,0.0,0.0,0.676,0.877405,0.0,1,0.004225498,1.739268466,1.8045557740727296
33.05863,31.49051,33.05863,0.462445,1416.09,3062.18,0.0,0.0,0.8292,1.79308,0.000432484,1,0.0031240698,1.5528412183000002,1.4372845218385992
7.21036,5.21436,7.21036,1.28754,867.89,674.07,0.0,0.0,0.459,0.356494,0.0,1,0.0015497463,0.64713098,0.5903667250669316
5.92256,4.27878,5.89247,1.03427,1509.77,1459.74,0.0802539,0.0775946,0.5748,0.555753,0.0,1,0.0048701019,1.8357888573,1.828488525041638
5.64744,4.1969,5.5822,1.08566,1393.43,1283.49,0.0,0.0,0.5582,0.51416,0.0,1,0.0051191255,1.8572898185,1.8168363320076768
4.10218,3.42336,4.09595,1.4733,653.043,443.252,0.0,0.0,0.4814,0.32675,0.0,1,0.0047270939,1.5024312746,1.4543931998638961
5.62502,3.68781,5.62502,1.15041,1146.89,996.943,0.0,0.0,0.4858,0.422284,0.0,1,0.0054735573,1.7324067359,1.7026481576625645
5.75474,3.70828,5.75474,1.24694,1151.54,923.496,0.0,0.0,0.5016,0.402265,0.0,1,0.0046775354,1.5269926548,1.5230526803191058
5.3188,3.97632,5.3188,1.04154,1135.05,1089.78,0.0,0.0,0.473,0.454133,0.0,1,0.0060199575,1.8463303691,1.8757329839973533
10.54661,10.45745,10.54661,0.882268,1351.9,1532.3,0.0,0.0,0.655,0.742405,0.0,1,0.0015330845,0.7279766481000001,0.6828549533086289
10.35764,10.23297,10.35764,0.893987,1370.16,1532.64,0.0,0.0,0.63,0.704708,0.0,1,0.0014990159,0.7312529064,0.6526360471075109
10.32219,10.19883,10.32219,0.893387,1335.35,1494.71,0.0,0.0,0.6494,0.726897,0.0,1,0.0015365772,0.7258231895,0.6766873402650833
10.36311,10.23127,10.36311,0.890303,1334.01,1498.37,0.0,0.0,0.6478,0.727618,0.0,1,0.0015764883,0.7098188401000001,0.7049657229102181
9.77409,9.63706,9.77409,0.990438,1290.67,1303.13,0.0,0.0,0.592,0.597716,0.0,1,0.0013371445,0.6865332598,0.6542663699816162
10.03622,9.89092,10.03622,0.960732,1283.35,1335.81,0.0,0.0,0.613,0.638055,0.0,1,0.0015184969,0.6963407511,0.7028107672592419
6.64209,5.02845,6.632,0.808218,2539.09,3141.59,0.0,0.0,0.6368,0.787906,0.0,0,0.0075755655,3.1167522337,3.003247759533016
7.19383,5.44633,7.19383,0.766283,2502.2,3265.37,0.0,0.0,0.6548,0.854514,0.0,0,0.0066634118,2.8158700734,2.8252583458961187
6.75186,5.16957,6.7451,0.798706,2519.19,3154.09,0.0,0.0,0.64,0.801296,0.0,0,0.0073743774,3.0504826751,2.9474213987701736
6.75364,5.16047,6.74991,0.798706,2521.08,3156.46,0.0,0.0,0.6402,0.801547,0.0,0,0.007316895,3.0404172172000004,2.924975460587694
10.21454,6.03558,10.21454,0.764371,2087.31,2730.76,0.0,0.0,0.673,0.880463,0.0,0,0.0040021894,1.856557251,1.6998599611031648
8.00306,5.96794,8.00133,0.730038,2383.55,3264.96,0.0,0.0,0.687,0.941046,0.0,0,0.0048378657,2.2277201295,2.1520925798640276
5.12362,3.97858,5.12362,1.3287,794.481,597.937,0.0,0.0,0.5126,0.38579,0.0,1,0.0024885133,0.7801505593000001,0.8930047054760479
4.87498,3.77095,4.87498,1.35072,712.934,527.818,0.0,0.0,0.5034,0.37269,0.0,1,0.0024310608,0.7647844822,0.8586899100681706
4.94352,3.50226,4.94123,1.37749,785.436,570.193,0.160637,0.116616,0.4914,0.356735,0.0,1,0.0007498646,0.3690896295,0.3522742313593217
6.19335,4.27368,6.19335,1.1646,2251.25,1933.07,0.0,0.0,0.6174,0.530141,0.0,1,0.0051126826,2.0324083731,1.9197642658688103
6.11094,3.88458,6.10684,1.1806,2108.93,1786.32,0.0,0.0,0.6132,0.519398,0.0,1,0.0053863564,2.0353485208,2.023048621357482
6.20622,4.32109,6.20622,1.07862,2315.47,2146.71,0.0,0.0,0.6288,0.582969,0.0,1,0.0055183529,2.0610101597,2.1478777334483783
6.14614,4.2626,6.11668,1.06295,2329.37,2191.42,0.0,0.0,0.6258,0.58874,0.0,1,0.0053522691,2.0304228483,2.1375438962212607
6.1095,4.21478,5.89063,1.06153,2331.97,2196.8,0.0,0.0,0.6284,0.591977,0.0,1,0.0054339491,2.0630243853,2.1331449032539647
15.21578,5.06222,15.21578,1.31768,1287.77,977.304,381.116,289.233,0.6412,0.486614,0.0,1,0.0035636067,1.1750583364,1.2976423706994056
14.00278,4.06192,14.00278,1.35807,1041.82,767.136,450.295,331.571,0.6224,0.458298,0.0,1,0.0025323839,0.9768638315,1.1502113824252693
15.16495,5.42937,15.16495,1.28137,1222.88,954.353,401.433,313.284,0.472,0.368356,0.11956,1,0.0028020791,1.0862871756,1.1913134027844339
15.53135,9.65919,15.53135,0.735216,1298.07,1765.57,466.651,634.712,0.7352,0.999978,0.0,1,0.0032984161,1.3914385443,1.4991203300288418
15.93969,5.38602,15.93969,1.55026,1210.88,781.08,479.733,309.453,0.6876,0.443538,0.0,1,0.0019264872,0.829072668,0.8934197625348475
16.17666,10.50859,16.17666,0.819587,1287.14,1570.48,480.797,586.633,0.7656,0.934129,0.0,1,0.0025034573,1.1732317198,1.2498285654483239
10.23635,8.28637,9.99929,0.717556,2413.7,3363.78,0.0,0.0,0.7708,1.0742,0.0,0,0.0015639399,0.8191422996,0.7667626755468611
6.17717,5.82599,6.17717,0.749009,3226.03,4307.06,0.0,0.0,0.7082,0.945516,0.0,1,0.0067873973,2.9813998798,2.8987303216481677
8.04962,5.28644,8.01765,0.683962,2466.36,3605.99,0.0,0.0,0.7172,1.0486,0.0,0,0.0023440279,1.1169672191,1.1362980544790187
8.04915,5.31359,8.00625,0.699237,2471.17,3534.09,0.0,0.0,0.7174,1.02598,0.0,0,0.0020950206,0.9782347961,1.0258125572640897
8.07729,5.36514,8.07375,0.705667,2478.07,3511.67,0.0,0.0,0.72,1.02031,0.0,0,0.0022024344,0.9879743351,1.062526046122382
8.11263,5.64009,8.11263,0.639388,2590.56,4051.63,0.0,0.0,0.7392,1.15611,0.0,0,0.0021332403,1.0000852975,1.0016830358701125
6.49399,4.71424,6.45917,1.07075,1422.45,1328.47,0.0,0.0,0.585,0.546348,0.0,1,0.0030089873,1.2675328609,1.2225485673813286
6.21678,4.72062,6.15067,0.992771,1456.96,1467.57,0.0,0.0,0.5884,0.592684,0.0,1,0.0030797341,1.2753845977,1.2889105644160486
6.27069,4.79422,6.26455,0.943025,2150.91,2280.86,0.0,0.0,0.668,0.708359,0.0,1,0.0050640405,2.0498808478,2.0727653548468226
9.97626,6.15688,9.95158,0.782835,2372.61,3030.79,0.0,0.0,0.7306,0.933274,0.0,1,0.0040939369,1.7787173899000002,1.8471107078322295
5.23694,3.82822,5.23519,1.91723,1689.31,881.121,0.0,0.0,0.5532,0.288542,0.0,1,0.0016184968,0.6832445021,0.6880983021425091
5.61731,4.74798,5.61731,1.17978,1409.15,1194.41,0.0,0.0,0.5534,0.469069,0.0,0,0.0020275722,0.9428719413,0.8774473875625629
18.4936,4.06846,18.4936,0.9977,1657.17,1660.99,0.0,0.0,0.7322,0.733888,0.0,0,0.0032173610999999,1.4807151975,1.3744795984947276
19.69299,7.98654,19.69299,0.409554,1997.19,4876.5,0.0,0.0,0.826,2.01683,0.000488336,0,0.0029010315,1.3915765222999998,1.3853012184170288
10.87246,9.01928,10.87246,1.75205,1220.8,696.781,0.0,0.0,0.5534,0.315858,0.0,1,0.0008539064,0.3954082274,0.3693792438128325
5.92703,4.3432,5.92703,1.02128,2025.04,1982.84,0.0,0.0,0.6088,0.596113,0.0,1,0.0049774180999999,1.9534319498,1.9376509449178705
4.67684,3.43732,4.67684,1.38964,1289.29,927.79,0.0,0.0,0.5428,0.390606,0.0,1,0.0057606775,1.9221263167,1.899831870180209
5.20728,3.51213,5.20728,1.39622,1478.14,1058.67,0.0,0.0,0.539,0.386042,0.0,1,0.0067566825,2.2235389611,2.0565362169852883
13.14316,8.49712,13.14316,0.600599,2185.42,3638.73,0.0,0.0,0.7212,1.2008,0.0,0,0.0035642996,1.6204455168,1.6177649758417785
21.31368,10.23686,21.31368,0.503862,1906.53,3783.82,0.0,0.0,0.7964,1.58059,0.0,1,0.0044701803,1.8770030126,2.029380028822358
21.10286,10.09364,21.09225,0.511736,1907.73,3727.96,0.0,0.0,0.7778,1.51992,0.0,1,0.0045753225,2.0008831351,2.049398841249677
21.88013,9.52705,21.05522,0.471575,1883.78,3994.65,0.0,0.0,0.7874,1.66972,0.0,1,0.0041121563,1.8511627242,1.8837298372018414
7.36646,5.75458,7.16866,1.07595,1632.15,1516.94,0.0,0.0,0.6014,0.558949,0.0,1,0.0022962203,0.9778626571,1.0670817140160282
18.61448,16.92881,18.61448,0.43749,1960.32,4480.84,0.0,0.0,0.8374,1.9141,0.0,1,0.0026599346,1.4340405334,1.3336925755038207
4.74191,3.53352,4.74191,1.13318,1109.52,979.12,0.0,0.0,0.542,0.478299,0.0,1,0.0079071392,2.2211578706,2.2887872814627563
5.22147,4.62031,5.22147,1.62242,863.635,532.315,0.0,0.0,0.4264,0.262818,0.0,1,0.0028606338,0.9151733167,0.8748140743369454
5.54904,4.6855,5.54904,1.2621,494.559,391.853,0.0,0.0,0.4238,0.335789,0.0,1,0.0015379577,0.5889643139999999,0.5117282259723798
6.37536,4.74657,6.37536,1.3786,1214.29,880.813,0.0,0.0,0.4994,0.362252,0.0,1,0.0037033601,1.2513503398,1.3244401978646363
18.63687,3.90699,18.63687,0.676975,1941.67,2868.16,0.0,0.0,0.7214,1.06562,0.0,0,0.0033721887,1.5059451084,1.6071720302382173
6.61997,3.93876,6.61997,3.35504,1248.51,372.13,0.0,0.0,0.4698,0.140028,0.0,1,0.0006800089,0.3072006267,0.27926158484458985
8.31867,7.50799,8.23674,1.3283,1507.88,1135.19,0.0,0.0,0.5826,0.438604,0.0,1,0.0019240201999999,0.8190040478,0.8211134442328298
8.33704,7.53322,8.33704,1.33737,1512.13,1130.67,0.0,0.0,0.5802,0.433835,0.0,1,0.0016802779,0.82645296,0.7251607860447751
7.95789,5.70379,7.949,1.02105,1875.01,1836.36,0.0,0.0,0.6212,0.608393,0.0,1,0.0033747866999999,1.4326769048,1.5060300650485665
7.9618,7.16704,7.94594,1.42154,1501.18,1056.02,0.0,0.0,0.5718,0.402241,0.0,1,0.0017783282,0.7904983015000001,0.7373274431555606
8.9412,8.20862,8.9412,1.41865,1440.37,1015.31,0.0,0.0,0.5976,0.421246,0.0,1,0.001734167,0.739086604,0.7268136011698322
8.11197,6.3971,8.1065,0.849879,2006.01,2360.34,0.0,0.0,0.6572,0.773287,0.0,0,0.0043761854,1.824793895,1.784347748420479
8.82584,6.80117,8.82584,0.838203,2031.61,2423.76,0.0,0.0,0.6668,0.795512,0.0,0,0.0043841348999999,1.804459625,1.7517347111545083
8.09188,6.36998,8.09188,0.865187,2004.99,2317.41,0.0,0.0,0.6566,0.758911,0.0,0,0.0044633565,1.8221738016,1.8528110063745329
4.81526,3.42101,4.526,1.37869,1402.34,1017.16,0.0,0.0,0.5962,0.43244,0.0,1,0.002118256,0.914223583,0.8968336535520787
5.54889,5.25047,5.54889,1.10605,695.341,628.668,98.2069,88.7903,0.5312,0.480266,0.0,0,0.0021822977,0.8123838259,0.9088702741881045
7.07757,4.49353,7.07641,1.32957,1554.46,1169.14,0.0,0.0,0.5416,0.407349,0.0,1,0.0019751048,0.8821798575,0.8542562779526581
7.91374,5.10301,7.55666,0.900168,2008.9,2231.69,0.0,0.0,0.6468,0.718533,0.0,1,0.0055698319,2.1266541887,2.159742956167424
18.71247,7.75585,17.49896,0.466942,1971.58,4222.32,0.0,0.0,0.8076,1.72955,0.0,0,0.0030254823,1.4851951066,1.465588594639033
5.96735,4.28567,5.96735,1.1236,1334.13,1187.38,0.0,0.0,0.5368,0.477752,0.0,1,0.0050394511999999,1.8016019799,1.7184482419913307
6.90751,5.24121,6.77761,1.23618,1521.62,1230.9,0.0,0.0,0.572,0.462715,0.0,1,0.0050776236,1.8563886813,1.7893246979570985
5.76843,4.22597,5.76235,1.21128,1167.42,963.79,0.0,0.0,0.531,0.43838,0.0,1,0.0133274188999999,2.6784865149,2.835284115100846
8.36121,7.81351,8.30025,0.894084,1398.32,1563.97,0.0,0.0,0.6136,0.686289,0.0,1,0.0027264031,1.2606912443,1.1610038448769764
18.0621,10.42327,18.0621,0.790526,1355.07,1714.14,197.917,250.36,0.69,0.872836,0.0,1,0.0058775601,1.4067042517,1.6626062911537156
4.39053,3.85775,4.38747,1.58321,405.121,255.886,388.713,245.521,0.5092,0.321625,0.0,0,0.0030202802,1.0885170345,1.1233770255145608
12.37213,6.12785,11.76706,0.613909,2396.05,3902.93,0.0,0.0,0.7532,1.22689,0.0,1,0.0050479332,1.9460135555,2.149857215058085
4.92609,4.59373,4.92609,1.2701,571.535,449.993,0.0,0.0,0.42,0.330683,0.0,0,0.0044572749,1.0772722791,1.1589024970607618
6.15469,4.01567,6.15002,1.24414,1139.51,915.903,0.0,0.0,0.502,0.403491,0.0,1,0.0048937215,1.4918791677,1.5687344709293418
4.52128,3.65213,4.52128,2.72539,937.142,343.857,0.0,0.0,0.5338,0.195862,0.0,1,0.0017668014,0.6325684338,0.67079830729644
7.20698,3.66387,7.20698,1.23952,885.576,714.451,0.0,0.0,0.5112,0.412418,0.0,1,0.002661002,1.0669415443,0.9481564514566665
4.71556,3.52125,4.69979,1.38457,757.197,546.884,0.91517,0.66098,0.4988,0.360257,0.0,1,0.0043274211,1.3449544749000002,1.3197816558547666
5.36914,3.4206,5.36914,1.22099,548.684,449.375,0.0,0.0,0.4634,0.379527,0.0,1,0.0050208091999999,1.1373932887,1.242357433840602
8.06989,6.31772,7.96603,0.986571,2261.23,2292.01,0.0,0.0,0.6822,0.691486,0.0,1,0.003439357,1.4351695476,1.5229315293037096
4.67913,4.1432,4.67313,1.68326,1087.13,645.849,0.0,0.0,0.5314,0.315696,0.0,1,0.0013784009,0.5670000689,0.5813036787586238
4.72085,4.19082,4.71595,1.60879,1101.18,684.479,0.0,0.0,0.538,0.334413,0.0,1,0.0014183595999999,0.5598909067,0.5877010455804205
4.72751,4.18275,4.72118,1.638,1097.7,670.147,0.0,0.0,0.5356,0.326984,0.0,1,0.0013534037,0.5509530831,0.5601113908459573
10.18784,5.8011,10.17435,0.90051,2432.65,2701.41,0.0,0.0,0.7394,0.821091,0.0,1,0.0022005454999999,1.0733628422,1.050161279587603
10.56885,5.12331,10.56885,0.827757,2720.18,3286.2,0.0,0.0,0.764,0.922976,0.0,1,0.0020945708,0.9782750635,1.0309788302639753
5.10209,3.53964,5.09477,0.92244,1064.13,1153.61,0.0,0.0,0.5144,0.557651,0.0,0,0.0086898756,2.4860343538,2.3258767287432542
7.8305,4.27284,7.79516,1.49467,1437.06,961.456,0.0,0.0,0.5544,0.370918,0.0,1,0.0019517965,0.8362503420999999,0.8442364422488622
39.11063,37.47642,39.11063,0.375289,1307.21,3483.2,0.0,0.0,0.8658,2.30702,0.0,1,0.0031111336,1.4802254565,1.5021229966084777
38.39638,36.09316,38.39638,0.330751,1417.57,4285.91,0.0,0.0,0.8776,2.65335,0.0,1,0.0033689559,1.6233897287,1.6719807649384106
8.00881,3.79594,6.88527,1.70124,1586.52,932.564,97.3647,57.2315,0.582,0.342103,0.00105805,0,0.0014930531,0.6824728393,0.7739471583154103
5.03897,4.14527,5.03897,1.26322,872.21,690.465,0.0,0.0,0.5016,0.39708,0.0,1,0.008260388,2.0415072749000003,1.9694693103736278
5.25312,4.62411,5.25312,1.36621,795.034,581.927,0.0,0.0,0.4348,0.318253,0.0,0,0.0029730912,0.9860124114,0.9234141718797753
8.30102,5.43995,8.30102,0.998622,1908.3,1910.93,0.0,0.0,0.629,0.629868,0.0,1,0.0049517112,1.8620561617,1.9417878941661464
7.07895,5.43293,7.07895,1.23597,749.429,606.348,0.0,0.0,0.4656,0.376708,0.0,0,0.0015994335,0.6407037735,0.6358410487813814
6.9387,5.51917,6.92321,1.06823,1491.74,1396.46,0.0,0.0,0.5618,0.525916,0.0,0,0.0054567315,1.9845523427,2.0492658647475905
7.02744,5.38791,7.02744,1.22872,811.616,660.538,0.0,0.0,0.4574,0.372258,0.0,0,0.0014546918,0.6508246627000001,0.5885005616560977
7.08217,5.70931,7.08217,1.19421,800.187,670.058,0.0,0.0,0.4798,0.401773,0.0,0,0.0018051781,0.7710796462999999,0.7029346705138769
6.82532,5.20998,6.82532,1.26745,776.672,612.785,0.0,0.0,0.469,0.370036,0.0,0,0.0015046621,0.6535647024,0.5828634758770631
7.01349,5.55881,7.01349,1.21167,786.339,648.971,0.0,0.0,0.4712,0.388885,0.0,0,0.0017510435999999,0.8006829017,0.6732687840849779
10.81747,8.62628,10.81747,0.682989,2289.3,3351.88,0.0,0.0,0.7066,1.03457,0.0,0,0.0056633039,2.3993225461,2.3561872472369885
10.88811,8.55613,10.38381,0.702067,2220.12,3162.26,0.0,0.0,0.6958,0.991073,0.0,0,0.0060769472,2.4578600098,2.4481754975184646
5.18793,3.64341,5.18793,1.32106,1477.38,1118.33,1.23611,0.935694,0.6038,0.457058,0.0,1,0.0015610895999999,0.6729234104999999,0.7186248045687313
5.23161,3.83405,5.2282,1.19035,2065.33,1735.06,0.0,0.0,0.6496,0.545721,0.0,1,0.001846948,0.8427607051999999,0.8355611451680676
5.20646,3.81875,5.20646,1.17377,2092.97,1783.12,2.40975,2.053,0.6684,0.569448,0.0,1,0.0016364615,0.8273635145999999,0.7476130555979997
11.48655,6.30332,11.4793,0.804674,2171.28,2698.33,0.0,0.0,0.7258,0.90198,0.0,1,0.003722151,1.6001123124,1.5801596887107257
5.10112,3.76343,4.43149,1.37664,488.999,355.212,519.913,377.668,0.5386,0.391242,0.0,1,0.0075617557,2.3249534624,2.0069414320317924
33.37685,31.81617,33.36969,0.55548,1448.92,2608.41,0.0,0.0,0.8332,1.49996,0.000360049,1,0.0025487036,1.2345554173,1.1672141022520408
8.83143,6.21194,8.83143,0.592358,2322.31,3920.45,0.0,0.0,0.7494,1.26511,0.0,0,0.0030275263,1.3863926954,1.405240575533213
12.29704,9.67035,12.2571,0.522428,2226.93,4262.65,0.0,0.0,0.794,1.51983,0.0,1,0.003004233,1.4070162627,1.451334210256686
16.11055,7.03802,16.11055,0.497,2186.45,4399.29,0.0,0.0,0.7782,1.5658,0.0,1,0.0040985490999999,1.924011709,1.8620714389501254
7.29772,5.9904,7.16104,1.02623,1329.56,1295.58,0.0,0.0,0.5566,0.542374,0.0,0,0.0042844988,1.6466916526,1.6582079942642889
6.92785,5.95944,6.79754,0.95198,1569.85,1649.04,0.0,0.0,0.5884,0.61808,0.0,1,0.0049330979,1.7785403149,1.9648921363358673
8.5781,4.08235,8.5781,1.22102,1656.3,1356.48,0.0,0.0,0.5914,0.484347,0.000163797,0,0.0035730871999999,1.2396659601,1.3564877730122475
12.70758,7.22422,12.62907,0.840959,1997.99,2375.84,0.0,0.0,0.7324,0.87091,0.0,0,0.0018428581,0.9282934914,0.8627664849685418
5.4044,4.48945,5.38726,1.33709,1164.94,871.248,14.4818,10.8309,0.513,0.383669,0.0,1,0.0039681754,1.4054412379,1.4001941349963323
6.56089,5.15548,6.36711,0.972386,1739.81,1789.21,0.0,0.0,0.6012,0.618273,0.0,1,0.0052992405,2.0334963646,2.042766255277069
6.21978,5.55178,6.21978,0.911359,2530.42,2776.54,0.0,0.0,0.701,0.769181,0.0,0,0.0060612526,2.5895602541,2.4971853518458307
7.09855,5.91102,7.08643,1.4765,1374.61,930.993,0.0,0.0,0.5276,0.357332,0.0,1,0.0036262215,1.4573762298,1.3757929140516907
8.00553,6.19741,8.00553,0.932782,1633.12,1750.81,0.0,0.0,0.6212,0.665964,0.0,1,0.0050688782,2.1391936871,1.980692308455431
11.72847,10.48758,11.72847,1.03086,1570.44,1523.42,0.0,0.0,0.6508,0.631316,0.0,1,0.0020961122,1.0007132847,1.0019788776589973
11.99779,10.81941,11.9905,1.02929,1587.08,1541.92,0.0,0.0,0.6598,0.641025,0.0,1,0.0023419844,1.097376184,1.103535251914634
11.54428,10.77033,11.54428,1.02257,1607.9,1572.4,0.0,0.0,0.664,0.649342,0.0,1,0.0022615385999999,1.051804601,1.0502536373029174
11.73822,10.49789,11.73822,1.02922,1570.21,1525.64,0.0,0.0,0.6512,0.632715,0.0,1,0.0020950791,0.999784549,0.9975561607160878
5.67441,4.44258,5.66536,1.13028,1138.37,1007.16,0.0,0.0,0.5446,0.481828,0.0,1,0.0110165712999999,2.499033769,2.6546118589052146
9.56221,8.33336,9.07575,0.705297,1946.55,2759.91,0.0,0.0,0.6886,0.976327,0.0,0,0.0037520827,1.6566529676,1.6829666334963154
12.83222,6.18664,12.83222,0.918215,2210.46,2407.34,0.0,0.0,0.7204,0.784565,0.0,1,0.0057140201,1.8653898997,2.0035326258672423
54.27623,28.17362,54.19829,0.0636525,512.685,8054.44,0.0,0.0,0.9694,15.2296,0.0,0,0.0084056,4.0112723832,2.3743620858456502
33.68342,15.87888,33.68342,0.207465,1336.6,6442.53,0.0,0.0,0.9124,4.39786,0.0,1,0.0044855106,1.9912255552,2.0163600341824646
6.42415,4.65473,6.4148,0.850252,2400.69,2823.5,0.0,0.0,0.6736,0.792235,0.0,1,0.0042519694,1.8851079763,1.8581658335181745
13.32178,10.04301,13.32178,0.313342,1952.24,6230.37,0.0,0.0,0.8528,2.72162,0.0,1,0.0028181023,1.3584883213,1.5017729859945501
13.14811,11.57992,13.14609,0.737977,1944.6,2635.04,0.0,0.0,0.7482,1.01385,0.000271011,1,0.0035563282,1.4129778122,1.567009899099097
15.86893,5.53957,7.79231,0.722489,2062.25,2854.37,0.0,0.0,0.6916,0.957247,0.000276821,0,0.003111065,1.4121300262,1.4207020308273486
4.53725,3.92462,4.47478,1.06179,1786.16,1682.21,0.0,0.0,0.5552,0.522889,0.0,1,0.0094796118999999,3.1399389332,3.1008124660965537
6.63883,4.78268,6.63883,1.11548,2206.23,1977.84,0.0,0.0,0.6348,0.569083,0.0,1,0.0039350048,1.6353509446,1.6349043180128149
6.71582,4.81933,6.71582,1.09675,2218.01,2022.35,0.0,0.0,0.6388,0.58245,0.0,1,0.0034957496999999,1.4745230911000002,1.5355069432051869
4.17501,3.53659,4.16494,1.26214,543.593,430.693,0.0,0.0,0.4638,0.367472,0.0,0,0.0025159506,1.0575520563,0.929553083070756
9.02799,5.29308,7.06322,0.961699,2031.62,2112.53,9.03866,9.39864,0.6624,0.688781,0.0,1,0.0047410408,1.9043701319,1.9268953184748632
5.87273,4.76439,5.85793,1.68022,875.321,520.957,0.0,0.0,0.4288,0.255205,0.0,0,0.0051191465,1.37075797,1.206631115536382
13.93661,8.23046,13.93661,0.705662,2053.08,2909.44,0.0,0.0,0.7554,1.07048,0.0,1,0.0056294395,1.8874917433,2.283781038179177
13.27741,7.61293,13.27741,0.545408,2173.64,3985.35,0.0,0.0,0.787,1.44296,0.0,1,0.0044529982,1.8057957938,1.966885526215688
6.98874,4.43531,6.97328,0.861557,1846.01,2142.64,0.0,0.0,0.6044,0.70152,0.0,1,0.006372722,2.2073434738,2.399627238636147
6.93935,4.21694,6.93935,0.944373,1810.25,1916.88,0.0,0.0,0.5966,0.631742,0.0,1,0.0051445656,1.8525514436,2.05749632316393
6.57321,4.9271,6.57235,0.884567,1797.13,2031.65,0.0,0.0,0.588,0.664732,0.0,1,0.0060784711,2.4473331659,2.2786556886663196
8.93125,8.46949,8.93125,1.07172,1754.82,1637.38,0.0,0.0,0.614,0.572909,0.0,1,0.0032119758,1.344951393,1.3783485153630695
6.59085,5.37966,6.59085,1.11008,2109.4,1900.22,0.0,0.0,0.6376,0.574371,0.0,1,0.0045241054,1.821013066,1.8121975249041449
6.08438,5.45003,6.05599,1.74666,1447.28,828.595,0.0,0.0,0.5044,0.288779,0.0,0,0.0097347691,2.4079277572,2.343875356009774
5.24143,4.75286,5.24143,1.73091,867.69,501.29,0.0,0.0,0.4214,0.243455,0.0,0,0.0049079557,1.2475259604,1.205670666511272
20.25907,7.7782,20.25907,0.40269,1930.55,4794.14,0.0,0.0,0.8198,2.03581,0.0,0,0.0031801266,1.5265607388,1.5420718237843496
19.92035,7.75151,19.86628,0.416148,1969.69,4733.15,0.0,0.0,0.8146,1.95748,0.0,0,0.0031485742,1.5095658756,1.539616144377788
20.42812,7.78019,20.42812,0.407456,1942.56,4767.53,0.0,0.0,0.8202,2.01298,0.0,1,0.003319963,1.5905888784,1.6395703118553937
8.06449,6.42877,8.06449,0.994088,1841.55,1852.5,0.0,0.0,0.6396,0.643404,0.0,1,0.0067071718999999,2.0357141928,2.448416147313728
7.18071,5.30054,7.16429,1.02665,1966.55,1915.49,0.0,0.0,0.6398,0.62319,0.0,1,0.0068243711,2.0435194319,2.3660546765239916
6.03054,5.46806,6.0217,1.37834,1107.72,803.663,0.0,0.0,0.5324,0.386261,0.0,0,0.0016945476,0.7124452978,0.683017046084919
8.70352,6.17686,8.67533,1.10684,1589.76,1436.3,0.0,0.0,0.6378,0.576233,0.0,1,0.0042495879,1.726126295,1.6467582467706088
6.97816,4.93144,6.97816,0.905214,1990.01,2198.39,0.0,0.0,0.6108,0.674758,0.0,1,0.0045981327,1.7510706787,1.894824164638307
10.46003,5.71128,10.46003,0.724219,2006.33,2770.34,0.0,0.0,0.6846,0.945294,0.0,0,0.0023212949,1.0967479690000002,1.1140309063263385
10.87616,5.2726,10.87615,0.837152,1928.01,2303.05,0.0,0.0,0.6672,0.796988,0.0,0,0.0034862646,1.5016831553,1.5067435094833963
11.60689,10.81841,11.60689,1.12075,1577.05,1407.14,0.0,0.0,0.6396,0.57069,0.0,1,0.0026652409,1.2771155084,1.2197100567572101
11.47981,10.7455,11.47981,1.14506,1582.63,1382.13,0.0,0.0,0.6306,0.550713,0.0,1,0.0027905999,1.3216342977,1.2625177998046893
11.4766,10.80771,11.4766,1.14451,1589.9,1389.16,0.0,0.0,0.6324,0.552552,0.0,1,0.0028160351,1.3187147052,1.264237776488366
11.51419,10.74209,11.51419,1.143,1585.27,1386.93,0.0,0.0,0.6362,0.556603,0.0,1,0.0030395011,1.3223119629,1.378552257442618
6.07325,3.85926,6.03932,1.21319,1423.03,1172.97,0.0,0.0,0.5422,0.446922,0.0,0,0.0034131101,1.3483511358000002,1.312669709487863
9.32301,5.43687,8.01925,0.950981,1467.16,1542.78,0.0,0.0,0.579,0.608845,0.0,0,0.0054384956,2.2142093039,2.1607703228090998
6.80768,3.74439,6.80768,1.98488,984.427,495.962,6.49147,3.27046,0.4704,0.236991,0.0,1,0.0005905483,0.2374161886,0.2816417585706119
5.0519,4.88565,5.0519,1.50882,682.819,452.551,0.0,0.0,0.463,0.306862,0.0,0,0.0014426754,0.5091149271000001,0.5201214171763103
5.16273,4.98367,5.16273,1.48699,695.762,467.899,0.0,0.0,0.4646,0.312443,0.0,0,0.0014171188,0.5096925084,0.5188966317767615
6.90917,5.51195,6.89676,1.65926,1248.25,752.294,0.0,0.0,0.5378,0.32412,0.0,1,0.0027601603,1.0397629919,0.9844742612278548
5.97925,4.27197,5.97925,1.3965,1570.86,1124.85,0.0,0.0,0.5832,0.417615,0.0,1,0.0018621059,0.7953483816,0.8022300061805843
7.01369,4.99057,7.01369,1.16777,715.513,612.717,0.0,0.0,0.471,0.403332,0.0,0,0.0009266361,0.4499519682,0.42837032863351765
7.10061,5.08651,7.10061,1.15597,734.4,635.313,0.0,0.0,0.476,0.411777,0.0,0,0.0010732889,0.4918372009,0.4721157719394904
5.03658,3.98397,5.03257,1.74975,597.309,341.369,0.0,0.0,0.4322,0.247007,0.0,1,0.0032252532,0.9112966825,0.9095429061157391
6.26427,5.09264,6.24536,0.832059,2251.27,2705.66,0.0,0.0,0.6506,0.781916,0.0,1,0.0045412765,1.9554620157,1.9245341608343005
5.66465,5.15984,5.65666,2.39766,855.034,356.611,0.0,0.0,0.4118,0.171751,0.0,1,0.0015727851,0.5908617449,0.5310364743534682
8.49795,6.03194,7.93874,0.769652,2649.07,3441.9,0.0,0.0,0.7384,0.959394,0.0,1,0.002693385,1.2476622349,1.2839024333692342
5.4924,4.94828,5.32905,1.21421,1932.36,1591.46,0.0,0.0,0.6236,0.513586,0.0,1,0.0045286516,1.643107171,1.7064998197647072
4.82541,3.97638,4.82307,1.91831,724.949,377.909,0.0,0.0,0.4724,0.246258,0.0,1,0.0014562207999999,0.5111500492000001,0.5342133119386991
4.43901,3.87534,4.42525,1.46079,690.461,472.661,0.0,0.0,0.4246,0.290664,0.0,1,0.0054518048,1.3428660497,1.4496699154286208
10.21413,5.8901,10.08749,0.853623,2217.93,2598.26,0.0,0.0,0.735,0.861036,0.0,1,0.0035276225,1.5591010923,1.5457633092696452
7.19009,4.36372,6.93205,1.03983,1483.83,1427.0,0.0,0.0,0.5552,0.533934,0.0,0,0.0055986659,2.0927316712,2.0025378533962175
8.90548,6.79186,8.80947,0.613586,2659.69,4334.67,0.0,0.0,0.7608,1.23992,0.0,1,0.0039211123,1.7530121123,1.7881224409775496
5.3255,4.52273,5.32364,1.62985,1218.16,747.41,0.0,0.0,0.5184,0.318067,0.0,1,0.00272443,1.0333620883,0.9656127821376216
6.77494,3.84893,6.77491,1.21968,1760.79,1443.65,0.0,0.0,0.6118,0.501606,0.0,1,0.0073854043,2.6790284223,2.4356890545665992
8.21931,4.12189,8.21931,1.27633,1215.32,952.199,71.8847,56.3212,0.5908,0.462888,0.0,1,0.0018931235999999,0.8467283136,0.8231163332005839
6.19698,4.05893,5.0808,0.999903,1127.63,1127.74,0.0,0.0,0.537,0.537052,0.0,1,0.0120732082,2.7665494898,2.858729441682333
5.89862,5.05783,5.89274,1.36113,1575.61,1157.57,0.0,0.0,0.5628,0.413479,0.0,1,0.0019725006,0.8554865285,0.8565055734670193
10.22503,9.4107,10.22503,0.619603,1948.44,3144.66,0.0,0.0,0.6924,1.11749,0.0,1,0.0028544090999999,1.2841238094,1.353706116951239
9.71439,7.35018,9.71439,1.06464,1786.46,1678.0,0.0,0.0,0.68,0.638714,0.0,1,0.0014828485,0.6762457099,0.6804471358049158
5.90298,3.79569,5.88477,1.04758,1099.93,1049.97,0.0,0.0,0.521,0.497338,0.0,0,0.0030799938,1.0569484904000002,1.166316201737549
4.58077,3.60286,4.56313,1.13657,1013.54,891.755,16.0108,14.0869,0.5734,0.504499,0.0,0,0.0051231744,1.743882181,1.7821129319124027
5.56032,3.64308,4.81937,1.07672,1426.07,1324.45,4.06218,3.77273,0.5636,0.523441,0.0,1,0.0040961017,1.4628010686,1.6353070442334108
6.20263,3.99405,6.1987,0.988457,1905.85,1928.11,0.0,0.0,0.5896,0.596485,0.0,1,0.0031581646,1.3750188022,1.3588844880434348
5.3037,3.76464,5.15402,1.22825,976.383,794.936,0.0,0.0,0.5114,0.416364,0.0,0,0.0134207932,2.4628704204,2.625571280574281
5.34194,3.72114,5.30915,1.18992,1017.05,854.72,0.0,0.0,0.4786,0.40221,0.0,0,0.0042925532,1.4294109937,1.3753768528050248
4.98405,3.48688,4.91647,1.80625,1199.75,664.222,0.0,0.0,0.5452,0.30184,0.0,1,0.0022820741,0.8552270379000001,0.8993024293118306
6.23351,5.51273,6.19042,0.921282,2509.58,2724.01,0.0,0.0,0.696,0.755469,0.0,0,0.0062823884,2.6644093965,2.6457712877668484
5.21581,3.97485,5.21581,1.32224,2143.79,1621.34,0.0,0.0,0.6406,0.484482,0.0,0,0.0075810155,2.9100280074,2.766408187430116
4.26728,3.40774,4.26728,1.22723,425.532,346.741,0.0,0.0,0.4466,0.363908,0.0,0,0.0014053929,0.5525071511,0.5959061614896498
6.49481,4.26763,6.39496,1.12226,1820.26,1621.96,0.0,0.0,0.6138,0.546932,0.0,0,0.0049816454999999,1.8813044908,1.897686231016698
13.79617,7.99146,13.47475,0.563648,2128.96,3777.11,0.0,0.0,0.7834,1.38987,0.0,1,0.0051117066999999,1.8624949502,2.213061059134313
12.65792,7.41339,12.43712,0.667569,2346.54,3515.05,0.0,0.0,0.7554,1.13157,0.0,1,0.0041812711,1.8058318834,1.8513053396221366
8.20931,6.61957,8.1877,0.786825,2323.24,2952.68,0.0,0.0,0.7066,0.898039,0.0,1,0.0040183302,1.9947850737,1.7569622985259232
6.04182,4.78062,6.04182,1.0885,1374.83,1263.05,0.0,0.0,0.5536,0.508589,0.0,1,0.0048331864,1.7481598752,1.7340854095580425
7.03754,5.53828,7.03754,0.930114,2289.08,2461.07,0.0,0.0,0.6592,0.70873,0.0,1,0.0035983634,1.5634889034,1.572079213194745
5.58191,4.61814,5.576,1.28231,662.205,516.417,0.0,0.0,0.4432,0.345627,0.0,0,0.0017750489,0.5939960563000001,0.5804549599733405
11.24994,9.49767,11.24883,0.554498,2069.35,3731.94,0.0,0.0,0.7928,1.42976,0.0,0,0.0030738523,1.509377394,1.4474090242353757
10.40468,5.07098,10.12255,0.834367,2007.02,2405.44,0.0,0.0,0.668,0.800607,0.0,1,0.0048488428,1.8335764653,1.912935861956318
4.68057,3.6532,4.67686,1.10074,1075.03,976.65,11.638,10.5729,0.4874,0.442795,0.0,1,0.0087877897,2.7225104862,2.427228197609806
6.32079,5.69332,6.32079,1.49326,566.795,379.568,60.4946,40.5117,0.4478,0.29988,0.0,1,0.0015891055,0.6093740816,0.5977827403469695
6.41301,4.86183,6.41301,1.15346,875.131,758.698,0.0,0.0,0.4984,0.43209,0.0,0,0.0071853746999999,1.7427744917,1.7036476117582087
6.1572,4.57393,6.1572,1.23684,1051.25,849.954,0.0,0.0,0.5146,0.416062,0.0,0,0.0016429226,0.6960494642,0.6740215228785358
9.02632,7.52711,9.02632,0.738263,2435.69,3299.23,0.0,0.0,0.7636,1.03432,0.0,0,0.0015741181,0.7640758917,0.7912498951532677
10.58889,8.21137,10.57587,0.621509,2301.94,3703.79,0.0,0.0,0.8104,1.30392,0.0,1,0.001427762,0.7589292097,0.7432292185600375
11.07723,9.2554,11.07723,0.942046,1274.04,1352.42,0.0,0.0,0.6274,0.665997,0.0,1,0.0026142344,1.1742446744,1.0800144293279765
5.86482,4.33377,5.84465,0.919505,1402.89,1525.7,0.0,0.0,0.564,0.613373,0.0,1,0.0076151075,2.5328330794,2.3775243430985054
16.94263,7.25585,10.11151,0.592421,2320.63,3917.2,0.0,0.0,0.7834,1.32237,0.0,1,0.0034170767,1.6308437409,1.6315553669668175
5.1054,4.19275,5.1054,1.86722,389.052,208.359,0.0,0.0,0.4158,0.222684,0.0,0,0.0011598736999999,0.3854957803,0.399208061766992
15.54833,7.92817,14.85181,0.630454,2258.1,3581.71,0.0,0.0,0.764,1.21183,0.0,1,0.0036498084,1.6705809535,1.6655934901625524
9.17673,8.30352,9.17673,1.04661,1668.34,1594.05,0.0,0.0,0.6532,0.624113,0.0,1,0.0038494859,1.3604906831,1.6241536163010755
5.56405,4.03207,5.56103,0.979977,1797.6,1834.33,0.0,0.0,0.591,0.603075,0.0,1,0.0046741495,1.9297270007,1.8313923453102658
6.0819,4.13005,6.0819,0.982136,1846.77,1880.36,0.0,0.0,0.6008,0.611728,0.0,1,0.0047205985,1.8710326202,1.836066653501601
5.80851,5.16856,5.80851,1.17303,1403.54,1196.51,0.0,0.0,0.544,0.463755,0.0,1,0.0060910252,1.9921456615,1.9160745702827826
9.37773,7.98095,9.37773,0.746179,1903.8,2551.39,0.0,0.0,0.6868,0.920422,0.0,1,0.0039797973,1.8043911747,1.7103329803713676
10.24439,9.01949,10.24042,0.733938,2150.52,2930.12,0.0,0.0,0.6824,0.929779,0.0,1,0.0047758938,1.994620976,2.0511457719656585
8.24371,5.76486,8.24371,0.761139,2746.38,3608.25,0.0,0.0,0.7488,0.983788,0.0,1,0.0022542131,1.1276397451,1.0746817997910416
7.90061,6.44934,7.90061,1.08801,1993.5,1832.24,0.0,0.0,0.6246,0.574075,0.0,1,0.0033060442,1.4914347038,1.4636774834833068
5.04549,3.73361,5.01118,1.73625,237.061,136.536,547.429,315.294,0.5092,0.293276,0.0,1,0.0040069065999999,1.3347153833,1.2512551286996874
5.06435,3.71465,5.06435,1.72692,240.436,139.228,509.807,295.211,0.5158,0.298682,0.0,1,0.0038325285999999,1.2885256853,1.2688806464102411
5.08065,3.70225,5.00391,1.56415,1026.35,656.171,0.0,0.0,0.547,0.349712,0.0,1,0.0044053609,1.5519665613,1.4140316137246458
5.72943,4.43683,5.71847,1.42641,2600.15,1822.87,0.0,0.0,0.6914,0.484714,0.0,1,0.0018464798,0.9007650632,0.7952928856280151
4.79005,3.99723,4.76699,1.72886,1140.31,659.571,0.0,0.0,0.5,0.289207,0.0,1,0.0047020643,1.3651486408000002,1.4837725834640099
8.40281,5.25443,8.32688,0.998279,1037.93,1039.71,82.5858,82.7282,0.5322,0.533117,0.0,1,0.0054573952,1.6263123007,1.6190999166367257
5.3881,4.01709,5.3881,1.06088,1244.8,1173.37,0.0,0.0,0.5492,0.517684,0.0,1,0.003952657,1.5325846145,1.469451649299265
8.13471,7.32788,8.13207,1.23149,2046.97,1662.19,0.793114,0.644029,0.6562,0.532851,0.0,0,0.0026234052,1.1442411309,1.1571207941973058
8.18288,7.41537,8.15939,1.23146,2070.3,1681.17,0.299565,0.243259,0.6662,0.540982,0.0,0,0.0027445360999999,1.1751426717,1.1984843546709205
8.21788,7.67164,8.21788,1.21042,2075.04,1714.31,0.0,0.0,0.6722,0.555343,0.0,0,0.0027254448,1.1767799135,1.1940199425679234
6.72158,5.37996,6.72158,1.16391,939.134,806.877,0.0,0.0,0.5184,0.445394,0.0,0,0.0017396567999999,0.6425599138,0.6883362983278162
4.43409,3.66305,4.43409,1.41147,330.488,234.144,0.0,0.0,0.4122,0.292036,0.0,1,0.0009624422,0.3909160021,0.38059806821373376
6.03686,5.8505,6.03686,1.12119,1527.32,1362.24,0.0,0.0,0.5816,0.518737,0.0,0,0.004642975,1.7503756892,1.7253690181083445
7.25727,6.70407,7.25727,1.2275,1056.33,860.551,0.0,0.0,0.4792,0.390387,0.0,1,0.0043348377,1.459773824,1.4833687616705942
11.62501,8.78986,11.62501,0.556141,2268.15,4078.37,0.0,0.0,0.7584,1.36368,0.0,1,0.0039182446,1.7317122851,1.7381612324669602
11.94079,10.66908,11.94079,0.51806,2178.92,4205.92,0.0,0.0,0.7776,1.50099,0.0,1,0.0038622915,1.7018329794,1.7607323056533821
6.28804,4.63482,6.27649,0.925761,2471.95,2670.19,0.0,0.0,0.6686,0.722217,0.0,1,0.0063375207999999,2.5894794073,2.590784825258127
7.09965,5.06719,7.09965,1.05656,1959.47,1854.58,0.0,0.0,0.6212,0.587946,0.0,0,0.004591218,1.9309131286,1.8432048042619908
13.193,6.5701,13.193,0.888496,2142.98,2411.92,0.0,0.0,0.7196,0.809908,0.0,1,0.005065639,1.7070169989,1.7974813287870588
13.20287,6.64275,13.20287,0.881027,2105.19,2389.47,0.0,0.0,0.7198,0.817001,0.0,1,0.0049597281,1.6740270575,1.704240338690152
13.18132,6.60546,13.18132,0.885001,2136.53,2414.16,0.0,0.0,0.72,0.813558,0.0,1,0.0049493953,1.6950439053,1.749632589945223
13.19195,6.68183,13.19195,0.878773,2116.69,2408.69,0.0,0.0,0.7208,0.820234,0.0,1,0.0050139751,1.6680133872,1.7390601402358281
13.19966,6.69993,13.19966,0.880672,2105.24,2390.49,0.0,0.0,0.7198,0.81733,0.0,1,0.004851234,1.6515171249,1.6826904945870291
13.25601,6.66924,13.25601,0.875822,2120.67,2421.34,0.0,0.0,0.7216,0.823911,0.0,1,0.004796987,1.6570632375,1.7028399507656693
13.22876,6.69209,13.22876,0.883303,2102.85,2380.67,0.0,0.0,0.72,0.815122,0.0,1,0.004918397,1.6428014361,1.6920187266116127
7.0434,6.64625,7.0434,0.965639,1593.91,1650.63,0.0,0.0,0.608,0.629635,0.0,0,0.0050065486,2.1700860556,2.0801012998705133
7.06313,6.65574,7.06313,0.967105,1569.67,1623.06,0.0,0.0,0.6028,0.623304,0.0,0,0.0050752976,2.1288548229,2.1008302524896765
7.14687,6.82418,7.14687,0.9646,1570.17,1627.8,0.0,0.0,0.6102,0.632594,0.0,0,0.0050287909,2.1478861780000003,2.0743643839259156
7.34601,7.12573,7.34601,0.962415,1571.81,1633.19,0.0,0.0,0.6104,0.634238,0.0,0,0.0050752976,2.1453242649,2.1080006682462833
7.35028,7.12879,7.35028,0.963076,1569.66,1629.84,0.0,0.0,0.6114,0.634841,0.0,0,0.0050854078,2.1662805934,2.1278528039512925
7.37407,7.1534,7.3737,0.963767,1557.96,1616.53,0.0,0.0,0.6114,0.634385,0.0,0,0.0050267689,2.1544294701,2.0868680087470786
7.38381,7.16186,7.38381,0.96386,1556.21,1614.56,0.0,0.0,0.6126,0.635569,0.0,0,0.0051339365,2.1718998174,2.1276130697380395
7.35887,7.1334,7.35887,0.964937,1562.46,1619.23,0.0,0.0,0.6116,0.633824,0.0,0,0.0049357775,2.1244488175,2.0724522441080646
7.38658,7.1188,7.38658,0.965403,1554.96,1610.69,0.0,0.0,0.6116,0.633518,0.0,0,0.0050227247999999,2.0949352541,2.0825969513743545
7.39406,7.16617,7.39402,0.965634,1544.09,1599.05,0.0,0.0,0.61,0.63171,0.0,0,0.0052087517,2.1346418755000003,2.1624820120716626
7.062,6.64337,7.062,0.967007,1580.84,1634.77,0.0,0.0,0.6034,0.623987,0.0,0,0.0051966195,2.1579154515,2.176632354554018
7.13232,6.79915,7.13232,0.950095,1594.31,1678.06,0.0,0.0,0.6096,0.64162,0.0,0,0.0050681774,2.2406474021,2.088936678819803
7.12797,6.78403,7.12797,0.949982,1591.61,1675.41,0.0,0.0,0.6094,0.641486,0.0,0,0.0053759615,2.2209348593,2.228844883606816
7.15467,6.82431,7.15467,0.949754,1589.94,1674.05,0.0,0.0,0.609,0.641219,0.0,0,0.0052836263,2.235630522,2.2160796191662055
7.13993,6.81973,7.13993,0.949535,1597.17,1682.06,0.0,0.0,0.609,0.641367,0.0,0,0.0053287679,2.2455739989,2.235348627028337
7.13817,6.81007,7.13817,0.949354,1600.74,1686.14,0.0,0.0,0.6102,0.642753,0.0,0,0.0054149475,2.2456745416,2.2292560810204667
7.13108,6.79826,7.13108,0.949161,1601.41,1687.19,0.0,0.0,0.6114,0.644148,0.0,0,0.0053369755,2.2346189384,2.2245416147450356
7.16075,6.82592,7.16075,0.948967,1591.48,1677.07,0.0,0.0,0.6092,0.641961,0.0,0,0.0053492869,2.2233273674,2.2363163181398793
7.17072,6.86808,7.17072,0.948742,1590.12,1676.03,0.0,0.0,0.6094,0.642324,0.0,0,0.0052569517,2.2149146032,2.2222878257098935
7.17066,6.85243,7.17066,0.948507,1596.68,1683.36,0.0,0.0,0.6094,0.642483,0.0,0,0.0050353471,2.2262779905000003,2.1037275856247737
7.13585,6.82109,7.13585,0.948063,1604.12,1692.0,0.0,0.0,0.6108,0.644261,0.0,0,0.0054190513,2.2581910932,2.2369390439412027
7.16028,6.84144,7.16028,0.947823,1600.53,1688.64,0.0,0.0,0.611,0.644635,0.0,0,0.0053226123,2.2448907183,2.2320130492780983
7.14422,6.83019,7.14422,0.947615,1603.14,1691.76,0.0,0.0,0.6106,0.644355,0.0,0,0.0053287679,2.2572841562,2.2320130492780983
7.15171,6.83611,7.15171,0.947452,1603.8,1692.75,0.0,0.0,0.6108,0.644676,0.0,0,0.005133838,2.2396727526,2.1213565984324876
7.13372,6.81979,7.13372,0.947313,1605.9,1695.22,0.0,0.0,0.6114,0.645405,0.0,0,0.0054272588,2.2620117193,2.2368322358953634
7.02034,6.52714,7.01966,0.96948,1649.91,1701.85,0.0,0.0,0.609,0.628172,0.0,0,0.0063760774,2.7062217715,2.5696348023409996
5.76264,4.30885,5.7542,1.44577,991.836,686.024,142.148,98.3197,0.5294,0.366171,0.0,1,0.0038977998,1.147070674,1.296545802260311
8.89284,8.27815,8.8249,0.8398,2517.0,2997.14,0.0,0.0,0.7562,0.900452,0.0,1,0.0025382532,1.163195525,1.1985753501962313
15.71318,6.14739,15.71318,0.538882,2078.74,3857.5,0.0,0.0,0.7762,1.44039,0.0,1,0.0030813702,1.5015064409,1.4487321581720016
10.55498,6.2941,10.55218,0.575823,2408.0,4181.84,0.0,0.0,0.7504,1.30318,0.0,1,0.0033502613,1.5750106366,1.5837550325671057
10.84171,6.54754,10.84171,0.653951,2390.98,3656.2,0.0,0.0,0.7696,1.17685,0.0,1,0.0032099834999999,1.4033605869,1.4890560315275962
10.13832,6.56369,10.13026,0.615207,2370.03,3852.42,0.0,0.0,0.7534,1.22463,0.0,1,0.0033283793,1.5896384911,1.5720718903654265
4.57469,3.97634,4.52445,1.63521,1494.85,914.162,0.0,0.0,0.5962,0.364602,0.0,0,0.0075242177,2.358278417,2.2780899910417816
4.34102,3.83565,4.34102,1.88869,770.385,407.893,0.0,0.0,0.4956,0.262404,0.0,1,0.0029954912,1.1117505572,1.006071351981498
4.3292,3.79384,4.32865,1.92319,755.058,392.607,0.0,0.0,0.4878,0.253641,0.0,1,0.003009889,1.1153740694,1.020533725765552
6.55692,3.55923,6.55642,1.27214,782.617,615.2,0.966661,0.759873,0.4932,0.387695,0.0,1,0.0022577492,0.8001317870999999,0.8528441974741159
5.98836,4.70156,5.95362,1.13574,1753.04,1543.53,0.0,0.0,0.578,0.508922,0.0,1,0.0054005687,1.9431740285,1.9684333056982926
6.41217,5.04769,5.92617,0.978354,2161.34,2209.16,0.0,0.0,0.6438,0.658044,0.0,1,0.0059727075,2.1862558226,2.2824439270006285
10.09171,9.35609,10.09171,0.716453,1773.43,2475.29,0.0,0.0,0.707,0.986805,0.0,0,0.0032827258,1.4783249206,1.4969213135769617
11.49614,10.90273,11.4945,1.13639,1559.35,1372.2,0.0,0.0,0.646,0.568466,0.0,1,0.0030767454,1.4117892063,1.398893188582069
11.457,10.75448,11.457,1.17248,1560.69,1331.1,0.0,0.0,0.6422,0.547727,0.0,1,0.0023996669,1.1436171572,1.1269934952642318
11.6018,10.75702,11.60156,1.22798,1610.43,1311.45,0.0,0.0,0.6686,0.544469,0.0,1,0.0030418151,1.3839395086,1.3783675368634938
11.53314,10.69952,11.53296,0.910755,1588.72,1744.4,0.0,0.0,0.66,0.724674,0.0,1,0.0039256084999999,1.7637427208,1.5856108545544199
11.55541,10.79186,11.54889,1.17423,1558.36,1327.14,0.0,0.0,0.6464,0.550488,0.0,1,0.0025269961999999,1.1726072709,1.1593402051127757
11.69077,10.88298,11.69034,1.22651,1596.45,1301.62,0.0,0.0,0.6696,0.545941,0.0,1,0.0030589134999999,1.3952056803,1.3728038758719883
5.12764,4.65835,5.12764,1.20027,1190.29,991.679,0.0,0.0,0.5368,0.447232,0.0,1,0.0127835628,2.7611971938,2.8290213949476386
8.84098,5.5446,8.84098,0.885689,1897.06,2141.9,0.0,0.0,0.6258,0.706568,0.0,1,0.0064265458999999,2.2265398759,2.329704408368419
5.47401,3.72166,5.47401,1.25742,393.122,312.642,0.0,0.0,0.4288,0.341015,0.0,0,0.0041823311,0.8553689979000001,1.0339848734092831
7.55288,6.66056,7.53462,1.14065,1084.94,951.161,0.0,0.0,0.5048,0.442555,0.0,0,0.0031768708,1.2531998758,1.1644325054895088
7.65838,4.8543,7.65838,0.97068,1543.72,1590.34,0.0,0.0,0.5742,0.591544,0.0,1,0.0058773601,1.8874492064,2.0450734028050395
6.51206,3.51527,6.51206,1.25751,617.251,490.851,2.6328,2.09366,0.4496,0.357531,0.0,1,0.0025188131,0.8228184890000001,0.8344634852469501
8.23055,5.78857,8.23055,1.332,1912.43,1435.75,0.0,0.0,0.608,0.456455,0.0,0,0.0124490682,3.9920065923,4.0039953750407
7.76168,6.6264,7.46116,0.69781,2656.93,3807.52,0.0,0.0,0.7034,1.00801,0.0,1,0.0054706348,2.4975404187,2.323072551313672
12.15536,11.69752,12.13047,0.719622,2150.19,2987.95,0.0,0.0,0.7504,1.04277,0.0,1,0.0043431276,1.9541579674,1.8302057423178488
8.75515,7.45633,8.75515,0.883978,2550.25,2884.97,0.0,0.0,0.6928,0.78373,0.0,1,0.0068480488,2.4854273723,2.5851142041820943
5.88006,4.17812,5.70456,1.30534,1614.08,1236.52,0.0,0.0,0.5814,0.445402,0.0,1,0.0042570824,1.5587913565,1.564659659200421
5.96406,4.24876,5.86955,1.32545,1637.27,1235.25,0.0,0.0,0.5874,0.443169,0.0,1,0.0040727224,1.4793809944,1.5789690655660302
5.14726,4.24065,5.13338,1.08125,1135.23,1049.92,0.0,0.0,0.5266,0.487029,0.0,0,0.0067359604,2.1085917426,2.1274464281273637
5.06649,4.15335,5.05658,1.08454,1114.76,1027.86,0.0,0.0,0.52,0.479465,0.0,0,0.0065383069,2.1659637242,2.088778339264686
9.63817,7.84231,9.63817,0.968257,1898.84,1961.09,0.0,0.0,0.697,0.71985,0.0,1,0.0024221916,1.0465287663,1.1229124307246185
6.75649,5.53249,6.75411,1.20645,2145.39,1778.27,0.0,0.0,0.6618,0.548553,0.0,1,0.0021892113,0.9995289232,1.0112291813612648
6.74228,5.52931,6.73491,1.23822,2114.95,1708.06,0.0,0.0,0.6464,0.522042,0.0,1,0.002237093,1.0019844158,1.0032778175984687
6.72492,5.5633,6.71793,1.24692,2127.23,1705.98,0.0,0.0,0.644,0.516471,0.0,1,0.0021887152,0.9838082946,1.0047886085837214
6.71015,5.5309,6.7037,1.25989,2128.6,1689.51,0.0,0.0,0.6534,0.518616,0.0,1,0.0021464057,0.9854182992,0.9649912472080239
8.70899,8.38156,8.70899,0.6876,2308.5,3357.33,0.0,0.0,0.7964,1.15823,0.0,0,0.0014318960999999,0.7471020102,0.7379277376068142
8.57279,8.24745,8.57279,0.705939,2310.51,3272.96,0.0,0.0,0.7916,1.12134,0.0,0,0.0015483925,0.7467675903000001,0.7668154292038997
8.79766,8.47314,8.79766,0.659131,2297.83,3486.15,0.0,0.0,0.8002,1.21402,0.0,0,0.0016300836999999,0.9252347033,0.8068695145113258
6.30223,4.25857,6.12676,1.16488,1753.9,1505.65,0.0,0.0,0.5836,0.500994,0.0,1,0.0031564022999999,1.2912492115,1.2665003547686096
9.57313,6.95581,9.57313,0.931123,1860.71,1998.35,0.0,0.0,0.6788,0.729012,0.0,1,0.0020510763,0.9431775904,0.9929761947567635
4.38086,4.0721,4.38086,1.35437,330.655,244.139,49.7338,36.721,0.4262,0.314685,0.0,0,0.0053806631,1.2111093341,1.3906980769852106
6.88574,5.43307,6.8031,0.934938,2543.4,2720.39,0.0,0.0,0.6874,0.735236,0.0,0,0.006753079,2.7727481803,2.8149198224240553
6.84864,5.58095,6.83586,0.914088,2542.3,2781.24,0.0,0.0,0.6982,0.763822,0.0,0,0.0059875406,2.6354823462,2.5563908891377274
6.24407,5.54414,6.24407,0.899727,2546.22,2829.99,0.0,0.0,0.6998,0.777791,0.0,0,0.005157963,2.3375250419,2.195028344848166
7.21934,5.21879,7.21721,0.929294,2597.37,2794.99,0.0,0.0,0.6854,0.737549,0.0,1,0.0039464459,1.759454424,1.727305852604267
6.46234,4.56978,6.46234,1.32198,676.004,511.358,0.0,0.0,0.4376,0.331019,0.0,0,0.0016939867,0.6245295854999999,0.5855697046485955
4.5789,3.79593,4.57845,1.66764,167.634,100.522,0.0,0.0,0.381,0.228466,0.0,1,0.0006943803,0.2482216539,0.22625798512742
4.25316,3.64523,4.25225,1.37123,1248.02,910.151,0.0,0.0,0.5164,0.376597,0.0,1,0.0048320222,1.6800761123,1.7273551026863285
4.71812,4.30637,4.71207,1.61022,1190.26,739.19,16.3088,10.1283,0.5368,0.33337,0.0,1,0.0026870645,1.0509785681,1.016053902747285
4.71891,4.29348,4.71891,1.65805,1181.97,712.869,13.2923,8.01679,0.5418,0.326769,0.0,1,0.0027294965,1.0506303176,1.017744277637021
4.8322,4.10064,4.8322,1.27011,1172.94,923.5,0.0,0.0,0.5356,0.421697,0.0,1,0.0039006863,1.5248247519,1.3894439621262
5.19472,4.72553,5.19472,1.64523,654.329,397.714,0.0,0.0,0.462,0.280812,0.0,0,0.0005813230999999,0.2743926753,0.2558959804076488
5.05781,4.25829,5.05781,2.01174,699.865,347.89,0.0,0.0,0.3956,0.196645,0.0,0,0.004028156,0.8723389890000001,1.022202397286494
5.65665,4.97039,5.61572,1.60054,1129.91,705.955,0.0,0.0,0.5292,0.330638,0.0,0,0.0015868104999999,0.6558384326,0.6324474529891466
6.0834,3.52201,5.92291,1.54452,1012.49,655.538,0.0,0.0,0.489,0.316603,0.0,1,0.0015235901,0.5967001555,0.603222960159807
5.10711,4.11246,5.10711,2.00854,711.044,354.01,0.0,0.0,0.4216,0.209904,0.0,0,0.0017054176,0.5320855253,0.5760241058503772
5.66406,3.97439,5.65405,1.2172,2284.73,1877.03,0.0,0.0,0.6392,0.525138,0.0,1,0.0055333279,2.3387373147,2.064854088730379
7.03622,3.75437,6.89995,0.977205,1831.45,1874.17,0.0,0.0,0.6154,0.629756,0.0,1,0.0031487174,1.3478152980000002,1.3799645525038862
9.05758,5.6508,9.05758,1.63668,1779.69,1087.38,0.0,0.0,0.6298,0.384804,0.0,1,0.000683306,0.3223279913,0.3154535551723827
5.05516,4.50865,5.05476,1.94091,1202.57,619.589,0.0,0.0,0.5384,0.277396,0.0,1,0.0031365505,1.0085578171,1.023484233459683
7.09668,6.48549,7.07965,1.23144,1193.32,969.043,0.0,0.0,0.53,0.430389,0.0,0,0.0031957985,1.2301517383,1.193146170499835
7.45968,5.41366,5.85768,0.680928,2377.88,3492.12,0.0,0.0,0.7016,1.03036,0.0,1,0.0044100771999999,2.0340140529,1.9285336541424527
5.69204,4.57463,5.69204,1.10643,1361.29,1230.35,0.0,0.0,0.5686,0.513906,0.0,0,0.0047709439,1.8512393633,1.7386340390385562
5.44132,4.56825,5.41816,1.11997,1366.06,1219.73,0.0,0.0,0.5636,0.503227,0.0,0,0.0048436744,1.8068150558,1.734022515852828
18.30047,4.50008,17.86541,0.672661,1852.6,2754.14,0.138515,0.205922,0.7088,1.05373,0.0,1,0.0031583215999999,1.3478794958000002,1.4279300380946514
8.5131,5.3048,8.50413,0.597247,2569.07,4301.52,0.0,0.0,0.7222,1.20921,0.0,1,0.0046719772,2.078434449,2.091315592690515
8.23055,4.00763,8.23055,0.791399,1552.16,1961.29,0.863838,1.09153,0.6424,0.811727,0.0,1,0.0025922218,1.1667859994,1.1687234699943443
9.52504,4.72038,9.52504,1.26402,1793.73,1419.06,0.0,0.0,0.654,0.517396,0.0,0,0.0018623873,0.7939437931000001,0.8394385912569889
11.02009,9.16908,10.48925,1.0226,1239.44,1212.05,0.0,0.0,0.5864,0.57344,0.0,0,0.0028333578999999,1.2440261171,1.0804528473201807
28.01343,12.17996,27.60124,0.247232,1408.41,5696.7,0.0,0.0,0.9076,3.67105,0.0,0,0.0035254995,1.6982419336,1.6720186260977647
5.815,4.76876,5.815,0.737304,2684.86,3641.46,0.0,0.0,0.6944,0.941809,0.0,0,0.0051940653,2.3212880826,2.3299508280219965
4.67101,3.44264,4.47333,0.835534,2247.71,2690.15,0.0,0.0,0.666,0.797095,0.0,0,0.0050326018,2.159383037,2.334202932895288
5.49146,4.83933,5.49049,0.750845,2776.04,3697.22,0.0,0.0,0.7042,0.937877,0.0,0,0.0057141203,2.4420847925,2.483708460596979
7.59116,5.99994,7.59116,0.996691,2065.1,2071.96,0.0,0.0,0.6486,0.650753,0.0,1,0.0026674731,1.1951188967,1.1818818491933512
6.25146,5.06086,6.0647,1.02515,1494.68,1458.01,0.0,0.0,0.5362,0.523046,0.0,0,0.0075009805,2.4406417017,2.4602784323864566
5.59653,4.5385,5.59247,1.00212,1543.11,1539.84,0.0,0.0,0.5404,0.539255,0.0,0,0.0078099014,2.6141049512,2.503067395088033
12.77883,12.02741,12.74392,1.65471,1447.16,874.57,0.0,0.0,0.651,0.393423,0.0,1,0.001627428,0.6364751349000001,0.615960973629223
12.87614,12.03249,12.87614,1.65921,1433.06,863.702,0.0,0.0,0.643,0.387534,0.0,1,0.0019107202,0.6721223970999999,0.7002895612738979
6.50652,4.77619,6.38844,1.06179,1622.41,1527.99,0.0,0.0,0.5708,0.537581,0.0,0,0.0040145182,1.5331651298,1.5545346715009494
7.16308,4.76212,7.16308,1.01279,1797.12,1774.42,0.0,0.0,0.5942,0.586695,0.0,1,0.0038073028999999,1.533925445,1.567729033967977
5.62994,3.54616,5.59519,1.08751,1437.05,1321.41,0.0,0.0,0.5562,0.511443,0.0,0,0.0068595265,2.066120256,2.302291114155735
5.59458,3.68098,5.59458,1.45813,1146.31,786.151,0.0,0.0,0.4962,0.340299,0.0,1,0.0069761314,1.796817467,1.8898430410273321
6.3126,4.22285,6.24291,1.35207,1327.35,981.718,0.0,0.0,0.5216,0.38578,0.0,0,0.003943574,1.4194416172,1.401366995709796
6.81153,5.91204,6.80774,1.05332,2229.66,2116.79,0.0,0.0,0.6498,0.616908,0.0,1,0.00386735,1.6313117728,1.6647204253920562
5.20089,3.52692,5.18895,1.36291,1137.88,834.888,0.0,0.0,0.5102,0.374345,0.0,1,0.0086769386,2.1095460899000003,2.219492318339567
6.33115,4.3932,6.33115,1.11728,2292.11,2051.51,0.0,0.0,0.638,0.571029,0.0,1,0.0051880637,1.9785608141,2.068344558159499
6.90107,4.04842,6.50474,1.24221,1455.33,1171.56,0.0,0.0,0.5514,0.443886,0.0,1,0.0067045027,1.9329866312,2.01452611134904
5.39541,4.09689,5.37407,1.23338,1385.07,1122.99,0.0,0.0,0.496,0.402148,0.0,1,0.0063755605,1.9865037815,1.95362405337006
5.59834,5.04687,5.59211,1.08566,2410.48,2220.29,0.0,0.0,0.6696,0.616766,0.0,1,0.0027621017999999,1.197572364,1.1798477570527914
5.2963,3.43417,5.2963,1.4085,970.687,689.164,0.0,0.0,0.509,0.361378,0.0,1,0.0063124457,1.6659156953,1.6590474789014629
4.56916,3.40748,4.56916,1.05387,1849.74,1755.19,0.0,0.0,0.6276,0.59552,0.0,0,0.0038269590999999,1.7131897512,1.7069514654853981
7.47672,4.58604,7.47672,0.942864,1947.64,2065.66,0.0,0.0,0.6222,0.659904,0.0,1,0.0074037602,2.7956398432,2.6599496379343677
5.05464,3.82141,5.04976,1.16139,1360.51,1171.44,0.0,0.0,0.5758,0.495783,0.0,1,0.0060496874,2.0438728289,2.0452084336586984
5.93116,3.4012,5.93116,1.19033,685.642,576.011,28.078,23.5885,0.47,0.394849,0.0,1,0.0047514335999999,1.6139816442,1.2885388028646043
5.77537,4.11633,5.61896,0.856547,2860.27,3339.3,0.0,0.0,0.6996,0.816768,0.0,1,0.0044847177,1.9070077499,2.021641818960472
7.28891,6.40353,7.28891,0.848239,1646.33,1940.88,0.0,0.0,0.624,0.735642,0.0,1,0.0075635677,2.1343122682,2.7558192638634864
6.8959,6.15645,6.8959,0.724543,2828.29,3903.55,0.0,0.0,0.6932,0.956741,0.0,1,0.0057926459999999,2.5623391099,2.4725443675919245
5.17797,3.83142,5.17477,1.30054,1151.53,885.425,0.0,0.0,0.514,0.395219,0.0,1,0.0056943244999999,1.7838427937,1.7479406652995941
6.0526,4.95704,6.0412,1.09523,933.141,852.004,0.0,0.0,0.4902,0.447577,0.0,1,0.0028139114,1.0161826626,1.0371747046634034
8.09916,4.69208,7.74628,1.04866,1110.94,1059.38,0.0,0.0,0.5094,0.485762,0.0,1,0.0026419257,1.0402469495,1.077039112518075
18.71129,17.36648,18.69765,0.589373,1296.58,2199.93,0.0,0.0,0.7274,1.23419,0.0,1,0.0039232048,1.560669481,1.6500382318966271
4.77214,3.58642,4.71473,1.86251,1387.29,744.847,0.0,0.0,0.5582,0.299703,0.0,0,0.0018666985,0.8253964898,0.8260668931570614
8.83929,3.81491,8.83929,0.983115,1714.88,1744.33,0.0,0.0,0.601,0.611322,0.0,0,0.0088086392,3.2554197244,3.1088038397837288
3.83746,3.40945,3.83746,1.6077,380.608,236.741,0.0,0.0,0.4436,0.275923,0.0,1,0.0017622048,0.7135285306,0.6171867216136959
9.66168,8.17907,9.66128,0.727331,2334.02,3209.02,0.0,0.0,0.7244,0.99597,0.0,1,0.0042461295,1.898165369,1.8840802891892632
6.53637,3.58733,6.4961,1.65009,1230.44,745.682,0.0,0.0,0.5248,0.318042,0.0,1,0.0026343033,1.016942011,0.9652501333725894
5.20512,3.82408,5.11079,1.13589,1063.56,936.32,0.0,0.0,0.5332,0.469412,0.0,1,0.0049023406,1.5586159597,1.6762033226836024
5.84798,3.71152,5.7374,1.67689,1727.89,1030.41,0.0,0.0,0.5894,0.351484,0.0,1,0.0019266224,0.7838081954999999,0.7963958218613858
5.00613,3.59286,5.00613,1.85953,1943.24,1045.01,0.0,0.0,0.5872,0.315779,0.0,0,0.0021574822,0.938982588,0.9412141795833523
10.56447,5.75649,10.52532,0.937929,2177.49,2321.59,0.0,0.0,0.7172,0.764663,0.0,1,0.0046420446,1.5863318132,1.7994209825635537
10.79495,6.61419,10.65384,0.825495,2120.6,2568.89,0.0,0.0,0.704,0.852822,0.0,1,0.0060380323,1.9369969416,2.0177381089586532
8.9514,8.55667,8.9514,1.07791,1424.0,1321.08,0.0,0.0,0.6034,0.559789,0.0,1,0.0019448444,0.8337503163,0.9288551909666911
5.91398,4.13588,5.88727,1.34754,1386.92,1029.23,0.0,0.0,0.5694,0.422549,0.0,1,0.0042625304,1.4413239808000002,1.4783583059338437
4.44925,3.63681,4.42486,1.58343,818.36,516.827,0.0,0.0,0.5166,0.326254,0.0,1,0.003836257,1.3120828178,1.2870122155782135
8.33476,5.09032,8.29465,1.08397,2205.78,2034.91,0.0,0.0,0.6634,0.612008,0.0,1,0.0033341732,1.3274660348,1.4780442104812226
8.31671,7.58192,8.27853,1.19599,2079.9,1739.06,0.0,0.0,0.676,0.565222,0.0,0,0.0025437485,1.133409792,1.1139269601657624
10.07569,8.829,10.07569,0.816116,2083.89,2553.43,0.0,0.0,0.7258,0.889335,0.0,1,0.0034266303999999,1.4901474028,1.5476932276880857
5.14628,4.13045,5.14063,1.48117,701.768,473.794,0.0,0.0,0.4344,0.293282,0.0,0,0.0038890501,1.0104100514,1.0784580987116201
11.12385,5.1267,11.12385,0.988754,1494.17,1511.16,320.813,324.462,0.6592,0.666697,0.0,0,0.0049283709,1.5913066023,1.725384798005191
14.13138,12.09179,14.13138,0.764894,1790.29,2340.57,0.0191816,0.0250774,0.7044,0.920911,0.0,1,0.0017811277,0.8549000701999999,0.7517887496283812
10.03517,4.39114,9.81197,1.07113,1518.35,1417.52,0.0,0.0,0.6004,0.560529,0.0,1,0.0029273821999999,1.2170530319,1.2185415566130702
9.02256,7.15114,9.02256,0.917569,1768.62,1927.51,0.0,0.0,0.6346,0.69161,0.0,0,0.0034707158,1.3788907226,1.522891141957127
5.55335,3.71297,5.5372,1.88262,726.028,385.647,0.0,0.0,0.4308,0.22883,0.0,1,0.0012281242,0.4754055462,0.4397500901403226
5.36745,4.59869,5.35848,1.40464,933.9,664.867,0.0,0.0,0.4578,0.325919,0.0,0,0.0048664756,1.3434574488,1.360422308846702
5.49841,4.3714,5.48581,1.35332,991.393,732.566,0.0,0.0,0.483,0.356901,0.0,0,0.0053472634,1.4993266085,1.5173966438446431
7.07962,5.54367,6.68431,0.995326,1963.72,1972.94,0.0,0.0,0.6428,0.645818,0.0,1,0.0053344043999999,2.0065750313,2.1253385536787777
6.44243,4.38111,6.43204,0.976829,1852.41,1896.35,0.0,0.0,0.5892,0.603176,0.0,1,0.0060935304,2.4744373423,2.276569136422764
9.11595,5.71973,9.11595,1.61188,1283.24,796.112,0.0,0.0,0.5532,0.343202,0.0,1,0.0015460489999999,0.6712661295,0.6185017407976746
7.03379,5.33899,6.88955,1.07778,2082.97,1932.65,0.0,0.0,0.6328,0.587134,0.0,1,0.002363985,1.0892986656,1.0767814581081936
7.67683,6.96811,7.64287,0.883035,2122.43,2403.56,0.0,0.0,0.652,0.738362,0.0,1,0.0042390041999999,1.8412141601,1.804850605424202
7.62222,6.92477,7.62222,0.882059,2131.41,2416.4,0.0,0.0,0.65,0.736913,0.0,1,0.004016882,1.8180262675,1.710191850214479
7.57949,6.81104,7.57786,0.890235,2156.64,2422.55,0.0,0.0,0.6646,0.746545,0.0,1,0.0041393606,1.8802308513,1.763178977408711
7.50015,6.78537,7.50015,0.876532,2176.78,2483.4,0.0,0.0,0.6518,0.743612,0.0,1,0.0040708556,1.793235774,1.763799828364681
4.22344,3.46939,4.21901,1.31115,709.801,541.36,0.0,0.0,0.5062,0.386075,0.0,1,0.0036310233,1.0445920311,1.215727970188036
5.40643,4.54366,5.40121,1.71115,1533.38,896.109,0.0,0.0,0.5346,0.312421,0.0,1,0.0029936617999999,1.1220213267,1.126158669536439
4.8082,3.42715,4.52912,1.36761,1390.79,1016.96,0.0,0.0,0.6218,0.454663,0.0,1,0.002161465,0.9125213466,0.9299361664852366
9.02838,5.92782,8.88373,1.15645,1730.76,1496.61,0.0,0.0,0.6316,0.546154,0.0,1,0.0018464703,0.8892129314,0.8725961359270165
5.43686,4.14383,5.43686,1.07065,1502.42,1403.28,0.0,0.0,0.5314,0.496335,0.0,0,0.0048962806,1.7678916511000002,1.84220953105096
6.73498,5.41814,6.73498,1.052,1333.52,1267.6,0.0,0.0,0.5288,0.50266,0.0,0,0.0050256479,1.8969490363,1.7219499947604997
11.23796,5.9406,11.23796,0.599562,2425.76,4045.89,0.0,0.0,0.7354,1.22656,0.0,1,0.0028597644,1.3447352821,1.3703569721151272
5.29628,3.94728,5.28006,1.07008,2144.58,2004.14,0.0,0.0,0.6404,0.598462,0.0,1,0.005656565,2.2947216682,2.202288148998914
5.45833,4.42032,5.43874,1.21453,1418.68,1168.08,0.0,0.0,0.5298,0.436217,0.0,1,0.0057278786,1.9691066412,1.8461239692565434
5.87443,4.69467,5.85064,1.07984,2256.84,2089.97,0.0,0.0,0.6052,0.560452,0.0,1,0.0037255841999999,1.6575755645,1.5502478150586947
4.43033,3.99236,4.42996,1.33979,549.564,410.186,188.414,140.63,0.5546,0.413945,0.0,1,0.0022247337,0.9698841442,0.8552648227703206
6.85928,3.77665,6.81852,1.76082,1527.11,867.274,0.0,0.0,0.5524,0.313718,0.0,1,0.0017222389,0.7522743008,0.7452761143721167
5.18714,3.79158,5.1767,1.26241,1435.68,1137.26,0.0,0.0,0.5344,0.423318,0.0,1,0.0039797989,1.4833152233000002,1.4693380329626082
5.20142,3.64055,5.19254,1.24367,1493.92,1201.22,0.0,0.0,0.5352,0.430338,0.0,1,0.0041597576,1.5274501869,1.5603955579316948
7.28064,4.66536,7.28064,1.6199,977.704,603.558,0.0,0.0,0.4976,0.307179,0.0,1,0.0022263019,0.8550726748999999,0.8094145260227298
4.67091,3.76726,4.63755,2.4194,389.97,161.184,0.0,0.0,0.4246,0.175498,0.0,1,0.0010056538999999,0.3350863757,0.35403382883338885
8.13146,3.74741,8.1255,0.911325,1740.68,1910.06,27.7822,30.4855,0.6372,0.699202,0.0,1,0.0024336882,1.1067850212,1.1393144162997313
5.60649,4.70814,5.13464,1.76959,946.581,534.916,0.0,0.0,0.4236,0.239378,0.000565104,1,0.0032572537,0.9715360827,0.9546083775599468
6.10817,4.16928,5.9554,1.53541,899.273,585.691,0.0598489,0.0389792,0.5054,0.329164,0.0,1,0.0026994413,0.9193538079,0.9290781530610015
16.82847,3.4822,16.82847,0.80886,1885.97,2331.64,0.0,0.0,0.6836,0.84514,0.0,1,0.0039797878,1.6923559532,1.6891575409036717
8.63632,7.63034,8.63632,0.777557,2368.36,3045.9,0.0,0.0,0.6702,0.86193,0.0,1,0.0054075869,2.2368018351,2.2514653434389214
9.37426,8.42221,9.36118,0.760114,2220.47,2921.23,0.0,0.0,0.6854,0.901706,0.0,1,0.0048890109,2.1165921033,2.0774402703974597
12.83987,7.4101,12.68863,0.522471,2354.64,4506.73,0.0,0.0,0.796,1.52353,0.0,1,0.0039217241,1.717585265,1.8017538211073183
6.33441,3.59662,6.33441,1.11373,1441.4,1294.21,0.0,0.0,0.581,0.521669,0.0,1,0.0053572470999999,1.9282732169,1.933960252235028
6.26495,3.45129,6.22166,1.15151,1468.87,1275.6,0.0,0.0,0.5682,0.493438,0.0,1,0.0056002451,1.9818440691,1.9478052764088059
9.28847,5.74363,7.91915,0.92545,1489.11,1609.07,0.0,0.0,0.5874,0.634718,0.0,0,0.0051485216,2.1754682611,2.1305602935637196
13.27896,6.89092,13.26587,0.883073,2036.2,2305.8,0.0,0.0,0.7186,0.813749,0.0,1,0.0044075709,1.570069736,1.5820084552146756
5.64071,4.66315,5.45064,1.16869,1439.96,1232.11,0.0,0.0,0.5486,0.469413,0.0,1,0.0025667047,1.0464685436,1.0475254549710198
5.87796,4.78268,5.87796,1.71391,1532.86,894.368,0.0,0.0,0.5492,0.320438,0.0,1,0.0010286923,0.4669376967,0.46585157731997784
8.33531,6.07292,8.1953,0.867063,1783.84,2057.33,0.0,0.0,0.6398,0.737893,0.0,1,0.0046802763,1.7881966476,1.8751990007639776
19.43102,8.59079,19.40135,0.448746,1849.48,4121.45,0.0,0.0,0.824,1.83623,0.000445686,1,0.0026443671999999,1.2984614356,1.2767383145668152
5.00365,3.53364,4.98221,1.08104,1844.81,1706.51,0.0,0.0,0.6206,0.574076,0.0,1,0.0055154603,2.1436366733,2.1260470973915915
4.09318,3.46859,4.09318,1.84238,155.54,84.4234,0.0,0.0,0.347,0.188344,0.0,1,0.0008145492999999,0.3364629641,0.25353359826455946
5.63742,3.98335,5.62763,1.20442,696.106,577.961,65.1595,54.1004,0.5032,0.417795,0.0,1,0.0025152803,0.9355842638,0.9344530957903096
5.28515,5.1054,5.28515,1.34186,1223.75,911.977,0.0,0.0,0.5794,0.431788,0.0,1,0.0050259165999999,1.6381355693,1.5864323448983062
7.1658,4.7152,7.1658,1.41392,1322.21,935.139,0.0,0.0,0.5174,0.365933,0.0,1,0.0034554016999999,1.2724230182,1.3274831388849215
4.37543,3.51099,4.3605,1.7281,376.515,217.879,0.0,0.0,0.374,0.216423,0.0,0,0.0056812965,1.0576754898,1.1470577302389664
4.3222,3.9714,4.30868,1.64821,471.45,286.037,0.0806433,0.0489277,0.4054,0.245963,0.0,0,0.000797984,0.3158032276,0.3810290519247277
5.54342,3.85621,5.5369,1.27196,1497.59,1177.39,0.0,0.0,0.5676,0.446239,0.0,1,0.0042858531,1.6004324893,1.5566702543780924
4.99101,3.50509,4.98216,1.8068,621.631,344.051,0.0,0.0,0.4322,0.239208,0.0,0,0.0026146078,0.7357820605,0.8175483733922798
5.10735,4.25399,5.10735,1.35619,773.026,569.999,0.0,0.0,0.4762,0.351131,0.0,1,0.0026846684,0.95735432,0.9040034855892579
4.6785,3.79643,4.6785,1.49483,851.868,569.877,0.0,0.0,0.5076,0.339571,0.0,1,0.0034963769,1.1362612099,1.2000444083553337
5.60421,4.00046,5.58702,1.12972,1092.67,967.204,0.0,0.0,0.499,0.441701,0.0,1,0.0091709143999999,2.3878561366,2.3560407730059962
6.62435,5.36027,6.62435,1.08308,2578.79,2380.98,0.0,0.0,0.7368,0.68028,0.0,1,0.0006565813,0.3495386989,0.36424672397542723
6.63462,5.37244,6.6246,1.07895,2591.9,2402.25,0.0,0.0,0.7454,0.690858,0.0,1,0.0007591722,0.3497380182,0.39566565711766577
6.62226,5.36537,6.62226,1.08651,2583.31,2377.63,0.0,0.0,0.7438,0.684577,0.0,1,0.0007152047,0.3519715672,0.37540819624692157
18.25013,13.54682,18.2492,0.68587,1384.82,2019.07,0.0,0.0,0.7758,1.13112,0.0,1,0.0014465551999999,0.6719145618000001,0.7193580874503046
18.43381,14.45488,18.43381,0.66329,1341.32,2022.22,0.0,0.0,0.7914,1.19314,0.0,0,0.0014772348999999,0.7359306503,0.7330153858986242
8.13637,5.96872,8.13476,1.18044,720.043,609.981,519.992,440.508,0.5282,0.447462,0.0,1,0.0049682134,1.8292215315,1.6558974282320307
5.79906,5.20244,5.74892,1.1266,1080.97,959.499,0.0,0.0,0.4364,0.387361,0.0,1,0.0028764094,1.0827146901,1.0883962489112795
6.48379,4.41641,6.4829,1.03451,1661.2,1605.79,0.0954102,0.0922278,0.5846,0.565101,0.0,1,0.0037402406,1.5133131591,1.530486744357003
7.04655,4.39343,7.04655,1.0337,1721.47,1665.34,0.466736,0.451519,0.6006,0.581018,0.0,1,0.0036824451,1.5111024777000002,1.5386179052120976
5.4573,3.6514,5.4573,1.13,941.26,832.97,0.0,0.0,0.5158,0.456458,0.0,1,0.0052865603,1.5595521443,1.6880903970310248
6.43543,6.35486,6.43543,1.16514,1539.67,1321.44,0.0,0.0,0.5912,0.507406,0.0,0,0.0059498732,2.1630845469,2.1762168445509635
6.49774,6.1972,6.46918,1.18453,1598.35,1349.36,0.0,0.0,0.5994,0.506024,0.0,0,0.0072713861,2.4984282421,2.6447316596663244
5.83858,5.56044,5.83858,1.23493,1480.59,1198.93,0.0,0.0,0.573,0.463996,0.0,0,0.0075522307,2.2573329527,2.3222589474889705
5.08195,4.10328,5.08195,1.44854,506.69,349.793,246.756,170.348,0.4778,0.329849,0.0,1,0.0152629626,2.3379899918,1.9789341866584564
12.12577,5.64086,12.12577,0.985409,1409.44,1430.31,390.474,396.256,0.664,0.673832,0.0,1,0.0025485853,1.1600792922,1.214300604037621
12.13355,5.61514,12.13355,0.984545,1406.36,1428.44,392.743,398.909,0.6676,0.67808,0.0,1,0.0025739234,1.160748639,1.2119267292814484
7.55824,6.21149,7.55824,1.32954,1214.76,913.669,0.0,0.0,0.54,0.406156,0.0,1,0.0017388235,0.7043364954000001,0.6963704650494579
6.89012,5.94748,6.89012,1.02954,1487.46,1444.77,0.0,0.0,0.5948,0.577731,0.0,0,0.0045549182,1.8261147194,1.8130788637234019
3.83387,3.5005,3.83387,1.28492,358.59,279.076,0.0,0.0,0.476,0.370451,0.0,1,0.0031291277,1.1605882868,1.0761639644931245
5.31241,3.65877,4.34235,1.179,656.388,556.733,287.867,244.163,0.4348,0.368788,0.0,1,0.0082704172,1.8393024225,1.5881452597282082
4.30528,3.70581,4.14603,1.35136,548.483,405.876,0.0,0.0,0.4236,0.313463,0.0,0,0.0144013703,2.1498833436,2.2548040859106244
6.58677,6.27426,6.58677,1.16648,1563.6,1340.44,0.0,0.0,0.6108,0.523628,0.0,0,0.0068817209999999,2.4643188874,2.5667772468236123
6.11281,4.48624,6.11281,1.17289,1293.73,1103.03,0.0,0.0,0.5656,0.482229,0.0,1,0.0033592509999999,1.2907922104,1.2608042772081212
5.83429,5.37899,5.82078,1.0599,1634.79,1542.4,0.0,0.0,0.5844,0.551373,0.0,0,0.0095436755,2.737567283,3.0077209727753713
4.65105,3.76809,4.64879,1.78136,1057.62,593.716,0.0,0.0,0.5468,0.306956,0.0,1,0.0039558024,1.3321177943,1.3355042251883131
6.82504,4.15814,6.82504,0.987346,2244.54,2273.31,0.0,0.0,0.6424,0.650633,0.0,1,0.0062296046,2.3884600065,2.4348955387606224
4.93494,3.49142,4.86694,2.00135,1263.38,631.266,0.0,0.0,0.5166,0.258126,0.0,0,0.0032975401,1.1978056262,1.1591039051419223
7.25048,6.08004,7.24863,1.09392,1335.78,1221.09,0.0,0.0,0.5476,0.500583,0.0,0,0.004517307,1.7240867415,1.6403729135428364
7.17371,5.8712,7.17371,1.10727,1329.12,1200.36,0.0,0.0,0.5452,0.492383,0.0,0,0.0043676155,1.7169593935,1.5659020034879267
5.41735,4.7264,5.40719,1.2729,1870.44,1469.44,0.0,0.0,0.6244,0.490534,0.0,1,0.0071930831999999,2.4788021975,2.398617062875432
5.16942,3.66649,5.16942,1.65561,855.86,516.946,0.0,0.0,0.4144,0.250301,0.0,1,0.0012964763,0.5525084934000001,0.4571352080920348
8.84791,6.66406,8.84791,0.84398,2430.67,2880.0,0.0,0.0,0.75,0.888646,0.0,1,0.0024960014,1.2118909562,1.181992547625999
8.44616,7.81761,8.44616,1.12069,1457.55,1300.59,0.0,0.0,0.5722,0.51058,0.0,1,0.0011601779,0.5691563871,0.5953153687058682
18.33861,11.31425,18.33733,0.529585,1559.27,2944.33,0.0,0.0,0.811,1.53139,0.0,1,0.0024964432,1.1492601918,1.205670051275763
5.38027,3.4809,5.34205,1.27884,677.396,529.696,4.06005,3.17479,0.4624,0.361578,0.0,1,0.005746343,1.3088119031,1.4148779168604448
6.16228,5.32315,6.13437,1.37535,1593.73,1158.79,0.0,0.0,0.5806,0.422148,0.0,1,0.0043399703,1.5878632082,1.586346512360072
5.28968,3.60886,5.25875,1.23201,362.386,294.143,41.4473,33.6421,0.4702,0.381654,0.0,1,0.0031212422,0.8302300737999999,0.868270100098209
4.78039,3.84263,4.78039,1.76597,828.843,469.341,0.0,0.0,0.4496,0.254591,0.0,0,0.0052966816,1.3358372577,1.323647303343416
4.75958,3.82785,4.75554,1.76954,805.711,455.323,0.0,0.0,0.4502,0.254417,0.0,0,0.0051704711,1.3274199859,1.3057879712929092
4.39406,3.66786,4.39093,1.82931,560.452,306.373,0.0,0.0,0.4366,0.238669,0.0,0,0.0038861749,1.0935255145,1.1353343101047342
5.08043,3.95835,5.08043,1.20337,1874.89,1558.04,0.0,0.0,0.6064,0.503919,0.0,1,0.0088818105,2.9629089832,2.976945851287
4.97891,3.78832,4.59863,1.23681,1734.27,1402.21,0.0,0.0,0.5936,0.479945,0.0,1,0.0083942111,2.8451379758,2.828116696950051
4.99541,3.81551,4.9844,1.23241,1776.81,1441.74,0.0,0.0,0.5952,0.482957,0.0,1,0.0082861891,2.8450809642,2.806536970625313
5.01407,3.87283,4.97867,1.22609,1774.32,1447.13,0.0,0.0,0.5944,0.484792,0.0,1,0.0085937518,2.9054637731,2.8769526081349968
5.04935,3.8892,5.03687,1.21647,1807.28,1485.67,0.0,0.0,0.6062,0.498328,0.0,1,0.0086252582,2.9312705337,2.8661374338175896
4.98043,3.76476,4.96686,1.23681,1716.03,1387.47,0.0,0.0,0.593,0.47946,0.0,1,0.0082831885,2.826796737,2.7593652841806158
4.99037,3.79418,4.86577,1.23241,1722.87,1397.97,0.0,0.0,0.5938,0.481821,0.0,1,0.008457224,2.8320012979,2.858250687838683
5.00423,3.8343,4.58368,1.22609,1739.06,1418.37,0.0,0.0,0.5986,0.488218,0.0,1,0.0085517433,2.8879942119,2.8831617880364853
9.76192,5.55983,9.75209,1.11305,1740.01,1563.28,62.6529,56.2895,0.67,0.60195,0.0,1,0.0033944053,1.1386676752,1.4148229654389086
4.86217,4.34562,4.86217,1.66926,2251.32,1348.69,0.0,0.0,0.6184,0.370463,0.0,1,0.0022113083,0.983913216,0.9350378251687262
4.86021,4.34715,4.86021,1.66839,2272.53,1362.11,0.0,0.0,0.6004,0.359868,0.0,1,0.0022072057,0.9845026247,0.9157654627851674
8.5072,5.95019,7.5941,0.701061,2581.34,3682.05,0.0,0.0,0.7402,1.05583,0.0,1,0.0042926659,1.9374792406,1.9235698253773486
6.93958,6.05366,6.90375,0.735097,2642.04,3594.14,0.0,0.0,0.7204,0.980006,0.0,1,0.0045813833,2.0460034536,2.054415973913575
6.82996,5.62808,6.81318,0.906851,2249.11,2480.13,0.0,0.0,0.6722,0.741246,0.0,1,0.0040491754,1.7177719934,1.7695829751017529
7.4726,6.03228,7.03921,0.972318,2397.88,2466.15,0.0,0.0,0.7166,0.737002,0.0,1,0.0030127813,1.4182118435,1.3639399735691113
4.7722,3.99598,4.7722,1.5688,655.828,418.043,0.0,0.0,0.462,0.294492,0.0,0,0.0031250715,0.9325966901,0.9480853946802997
4.35263,3.47485,4.33203,1.3646,1032.9,756.92,0.0,0.0,0.5148,0.377252,0.0,0,0.0059143202,1.9551436831,1.7902598740823825
4.54182,3.68421,4.38679,1.45633,495.592,340.302,181.958,124.943,0.4774,0.32781,0.0,0,0.0062469434,1.7597742974,1.647952425517742
4.53313,3.88732,4.40894,1.15892,1217.93,1050.91,0.0,0.0,0.5062,0.436785,0.0,1,0.0114682065,2.8861919096,2.8966907152747976
6.08213,4.77192,5.96456,1.01187,1589.69,1571.04,0.0,0.0,0.5968,0.589801,0.0,0,0.0075367596999999,2.4469590563,2.518546992211694
5.27957,3.6902,5.27957,3.398,604.136,177.792,174.249,51.28,0.4708,0.138552,0.0,1,0.0004413843,0.1872201630999999,0.18675698681816577
4.52649,3.62009,4.52649,1.39154,383.437,275.549,0.0,0.0,0.4574,0.328701,0.0,1,0.0009004661,0.3751646297,0.3828587363619984
7.06957,4.91595,7.06648,0.920284,2531.68,2750.98,0.0,0.0,0.6946,0.754767,0.0,1,0.0054609583,2.256077784,2.266962354294699
5.41107,3.63654,5.41022,1.51085,1084.42,717.756,0.0,0.0,0.4906,0.324718,0.0,0,0.0018119635,0.6801792981,0.7061309942647968
5.89375,3.67074,5.89375,1.25605,1195.64,951.909,0.0,0.0,0.5408,0.430557,0.0,0,0.004639543,1.4881271343,1.5382474722341668
12.21806,7.03158,12.21806,0.59675,2360.49,3955.57,0.0,0.0,0.7812,1.30909,0.0,1,0.004982648,2.065281143,2.1371781737378583
4.98159,3.61041,4.97646,1.20745,1001.48,829.422,0.0,0.0,0.4772,0.395214,0.0,1,0.0081214738,2.1595403221,2.0680414112093155
5.06494,3.47701,5.06494,1.20126,1010.26,841.002,0.0,0.0,0.4938,0.411069,0.0,1,0.0077147168,2.1224868515,1.967840825198759
5.15491,3.70129,5.14806,1.1957,1007.34,842.47,0.0,0.0,0.4888,0.408797,0.0,1,0.0080005129,2.1072081849,2.0283736108720123
5.06354,4.01259,5.06354,1.09045,1520.09,1394.01,0.0,0.0,0.5732,0.525654,0.0,1,0.0062543051,2.3336571494,2.2510064585220455
4.82351,3.61774,4.82351,1.61026,574.177,356.574,0.0,0.0,0.414,0.257101,0.0,0,0.0017970185,0.6049608689,0.6030523647579124
4.74887,3.57779,4.74887,1.57979,558.843,353.745,0.0,0.0,0.4136,0.261807,0.0,0,0.0023352912,0.7026081363,0.753335730196152
6.98757,6.64177,6.98757,1.55436,1566.68,1007.93,0.0,0.0,0.573,0.368642,0.0,0,0.0036021177,1.3880160058000002,1.457088915268992
7.13111,6.78821,7.13111,1.50724,1561.7,1036.13,0.0,0.0,0.5636,0.373929,0.0,0,0.0030112941,1.2796970877,1.233936311273652
7.05454,6.70514,7.05454,1.61812,1500.38,927.234,0.0,0.0,0.5486,0.339035,0.0,1,0.0037736471,1.4060246882,1.45004797557696
10.15108,7.28168,10.14731,0.88059,1949.39,2213.74,0.147124,0.167074,0.6452,0.732691,0.0,1,0.003832763,1.5849668604,1.6012575289520528
6.77782,5.19916,6.76838,1.13174,1870.74,1652.98,0.0,0.0,0.589,0.520437,0.0,1,0.0044911742,1.8407085667,1.7455164007003208
4.76005,3.76742,4.75297,1.25917,1007.84,800.402,0.0,0.0,0.5458,0.433462,0.0,1,0.0055308245999999,1.7448494508,1.7843903072773546
5.78746,4.90776,5.77533,1.02316,2423.56,2368.7,0.0,0.0,0.6678,0.652682,0.0,1,0.0031730912,1.3944883556,1.363246546195565
10.22426,8.07829,10.22419,0.790487,2342.19,2962.97,0.0,0.0,0.7238,0.915638,0.0,1,0.0039232278999999,1.7160976131,1.756580076080305
5.90692,5.38954,5.89965,0.987787,1345.25,1361.88,0.0,0.0,0.583,0.590208,0.0,1,0.0056383153,1.9603981568,1.9596802453926647
6.03622,4.38011,5.42071,1.1026,1157.92,1050.17,0.0,0.0,0.4992,0.452746,0.0,1,0.0057341286,1.8582107717,1.8003152728000635
5.12157,4.43835,5.12005,1.31199,1365.8,1041.01,0.0,0.0,0.4802,0.36601,0.0,1,0.0035849717,1.3069137736,1.3234059836229204
6.87089,4.98271,6.87089,1.21823,856.833,703.343,0.0,0.0,0.4828,0.396313,0.0,0,0.0021788817,0.8685520164,0.8422202506408799
4.09039,3.62411,4.09039,1.61904,470.381,290.531,0.0,0.0,0.4766,0.294372,0.0,0,0.0012585127999999,0.4743650774,0.5399251664221009
5.16051,3.4158,5.15302,1.53177,706.487,461.221,0.0,0.0,0.4352,0.284115,0.0,1,0.0074777104,1.4571329608,1.3368042211722642
6.39219,4.6444,6.38001,1.02837,1438.77,1399.08,0.0,0.0,0.541,0.526076,0.0,1,0.0037383492,1.5020517130000002,1.4716731753448438
5.91503,4.28149,5.90688,1.32412,773.007,583.789,0.0,0.0,0.4832,0.364921,0.0,1,0.0019120778,0.6746342142,0.7144747940455592
5.05411,4.785,5.05411,1.40153,572.024,408.141,0.0,0.0,0.4148,0.295961,0.0,1,0.006975514,1.4141713875,1.416867926420888
5.33632,3.54871,5.31165,1.34842,1018.67,755.456,0.0,0.0,0.5336,0.395722,0.0,1,0.0103271404,2.448531249,2.3789836623394014
4.79857,4.01377,4.75701,1.19981,1900.99,1584.41,0.0,0.0,0.5936,0.494745,0.0,1,0.0057647004,2.156600431,2.1753081122290396
18.9972,17.57546,18.98876,0.325331,1156.9,3556.08,0.0,0.0,0.873,2.68342,0.0,1,0.0023467023,1.2933014248,1.1961976560153678
5.75377,5.01577,5.75377,3.73963,1778.59,475.605,0.0,0.0,0.5632,0.150603,0.0,1,0.0012278604,0.5213160924,0.5191864094732832
4.63332,3.88728,4.61559,1.24361,944.143,759.198,93.0933,74.8575,0.5198,0.417978,0.0,1,0.0088290952,2.178009789,2.2457771916086475
4.92982,3.72004,4.92982,1.77302,851.953,480.51,0.0,0.0,0.4508,0.254256,0.0,0,0.0019781134,0.7225350466,0.7238338253303863
4.66461,3.62215,4.66149,1.84563,725.213,392.936,0.0,0.0,0.435,0.235692,0.0,0,0.0018320469,0.6984962297,0.6677828769967623
4.90414,3.69066,4.90414,1.79444,798.923,445.222,0.0,0.0,0.4496,0.250552,0.0,0,0.0021241799,0.7452499417,0.7355073153036555
7.09885,6.53196,7.09077,0.672755,2256.65,3354.34,0.591427,0.879112,0.6938,1.03128,0.0,1,0.0039118022999999,1.6268775264,1.7523753425235244
9.62468,7.97439,9.62468,0.668028,2323.97,3478.84,0.0,0.0,0.7968,1.19276,0.0,0,0.0015499009,0.7790716044,0.7696269726156632
5.43148,4.91725,5.43148,1.632,451.699,276.776,0.0,0.0,0.4036,0.247304,0.0,1,0.0009093727,0.3330450584,0.3198020031522524
4.99635,3.98785,4.76329,1.3412,2179.84,1625.29,0.0,0.0,0.601,0.448105,0.0,0,0.0027851794,1.2316154663,1.1489183232046682
8.29315,6.04438,8.28681,0.809806,2146.39,2650.49,0.0,0.0,0.6716,0.829334,0.0,0,0.0041655795,1.8079160547,1.8233207404308727
15.05124,7.91583,15.05124,0.593338,2225.74,3751.22,0.0,0.0,0.8098,1.36482,0.0,0,0.0025447085,1.2451985336,1.2104109186066119
14.97276,6.60675,14.97057,0.720686,2039.23,2829.56,0.0,0.0,0.7584,1.05233,0.0,0,0.002381805,1.1554099905,1.1285800506083083
15.04959,5.6073,15.03522,0.712902,1939.67,2720.81,0.0,0.0,0.7442,1.0439,0.0,0,0.0032516788,1.5237805658,1.4806964233749706
11.56522,8.64377,10.65601,0.433579,2251.34,5192.46,0.0,0.0,0.8194,1.88985,0.0,1,0.0031868456,1.4850252853,1.5492871078199717
6.13983,5.63757,6.13983,1.11988,1513.16,1351.17,0.0,0.0,0.5868,0.523983,0.0,0,0.0049042653,1.7965831702,1.8591788021062614
10.28948,6.13196,9.71774,0.910166,1438.69,1580.69,202.393,222.369,0.6216,0.682952,0.0,1,0.0062242385,1.974299702,1.906944257689848
10.40168,6.18945,10.40168,0.9137,1441.31,1577.44,199.174,217.986,0.6294,0.688847,0.0,1,0.0067000694999999,2.0242681069,1.9095176667877476
6.67559,6.34874,6.67559,1.77157,892.601,503.846,0.0,0.0,0.3714,0.209644,0.0,0,0.0044318006,1.336065765,1.2376929219727222
5.23309,4.44144,5.224,2.23497,2650.04,1185.72,0.0,0.0,0.6472,0.289579,0.0,1,0.0006641681,0.3208999135,0.2977408507381283
5.43531,4.50362,5.41958,2.18747,2824.93,1291.41,0.0,0.0,0.6522,0.298153,0.0,1,0.0006822731,0.317798239,0.30787868863490675
7.25975,4.31318,7.25513,0.959509,2426.34,2528.73,0.0,0.0,0.7032,0.732875,0.0,1,0.0029917223999999,1.4000688541,1.3549163984674646
10.25144,8.68741,10.25144,0.847968,1429.66,1685.99,106.489,125.581,0.6438,0.759227,0.0,1,0.0060436193999999,1.8460999322,1.7434965421516826
5.96917,5.11285,5.74626,1.20816,2033.24,1682.93,0.0,0.0,0.6202,0.513343,0.0,1,0.0042283064,1.7830629166999998,1.6673936794097444
10.26084,8.70015,10.25879,0.680562,2082.85,3060.48,75.8285,111.42,0.7408,1.08851,0.0,0,0.0035749394,1.4740677342,1.6321224592067993
7.46224,7.0558,7.4593,0.947391,1658.83,1750.95,0.0,0.0,0.6114,0.645351,0.0,0,0.0065652220999999,2.8016479803,2.670613127968205
7.32559,6.86607,7.31942,0.950432,1658.89,1745.4,0.0,0.0,0.6086,0.640341,0.0,0,0.0066633301,2.8017781235,2.7031780848482225
9.74551,8.51622,9.74551,1.04544,1332.95,1275.02,6.1078,5.84232,0.6136,0.58693,0.0,1,0.0067057214,0.9168339753,2.0067082025060308
7.0311,5.28936,7.0311,1.03834,1885.29,1815.68,0.0,0.0,0.6226,0.599612,0.0,1,0.0041914623,1.6962712698,1.7140990773175382
5.56485,3.57227,5.56485,2.06302,1265.0,613.179,0.0,0.0,0.5486,0.265921,0.0,1,0.0019148226999999,0.7476968871999999,0.7239920958219298
5.56183,3.59241,5.55524,2.07064,1253.24,605.245,0.0,0.0,0.547,0.26417,0.0,1,0.0018536997,0.7475065429000001,0.7060499426984141
5.5462,3.57781,5.45874,2.0894,1245.04,595.885,0.0,0.0,0.5448,0.260744,0.0,1,0.0018931435,0.7452995260999999,0.7169852949219473
5.47293,3.47311,5.47293,2.13433,1158.89,542.974,0.0,0.0,0.5398,0.252913,0.0,1,0.0017897713,0.7191093229000001,0.7173246622858849
5.44616,3.48144,5.44616,2.1778,1155.98,530.802,0.0,0.0,0.5374,0.246762,0.0,1,0.0018779322,0.7413834787000001,0.7432409092663266
5.39044,3.4677,5.39044,2.17273,1093.47,503.269,0.185996,0.0856051,0.5364,0.246879,0.0,1,0.0017621912,0.7115896251999999,0.669998145947231
5.37684,3.4053,5.1859,2.19821,1066.99,485.393,0.0,0.0,0.5324,0.242197,0.0,1,0.0017189311,0.6712306856999999,0.6403127650187685
7.57594,7.11735,7.57594,0.939011,1706.06,1816.86,0.0,0.0,0.618,0.658139,0.0,0,0.0063309644,2.845031705,2.590995516684088
6.18029,3.5251,6.17561,1.28701,834.589,648.47,1.25956,0.978668,0.5024,0.390361,0.0,0,0.0040404593,1.1953275296,1.2605807207257318
4.96443,3.71594,4.96443,1.51785,665.78,438.633,0.0,0.0,0.4902,0.322956,0.0,1,0.0006514026,0.2760096781,0.2977701923873315
6.39565,4.30182,6.34251,0.942507,1857.91,1971.24,0.0,0.0,0.5942,0.630446,0.0,1,0.0047742343,1.9785760008,1.9630638125789455
4.29785,3.46947,4.29785,1.53852,788.843,512.727,0.0,0.0,0.4966,0.322777,0.0,1,0.0023005282,0.8407549112,0.8750393378043693
4.44167,3.60442,4.4347,1.47939,700.956,473.814,0.0,0.0,0.4646,0.314048,0.0,1,0.0025754457,0.9819337952,0.8887461437663489
6.49751,6.10381,6.49751,1.26256,795.165,629.804,0.0342194,0.0271032,0.4812,0.38113,0.0,1,0.0023320259,0.8644550798,0.934572896787547
4.41106,3.42867,4.41106,1.63804,321.449,196.241,0.0,0.0,0.4172,0.254695,0.0,0,0.004668133,1.0455971594,1.077908652614293
4.43428,3.43441,4.41751,1.64611,319.015,193.799,0.0,0.0,0.4126,0.250651,0.0,0,0.0042976932,1.0017842384,0.9881429009984491
4.38581,3.45093,4.3809,1.70718,319.337,187.056,0.0,0.0,0.4042,0.236765,0.0,0,0.0046024835999999,1.018644213,1.072223069758957
5.53957,5.19564,5.53023,1.2074,1563.35,1294.8,0.0,0.0,0.5696,0.471756,0.0,1,0.0055174387,1.9866939637,1.913532332331283
6.61542,5.14354,6.60525,1.21526,2002.74,1648.0,0.0,0.0,0.6146,0.505737,0.0,1,0.0045981231,1.8757526658,1.7134208908828086
7.61675,7.30447,7.61675,1.24495,1308.01,1050.65,0.0,0.0,0.569,0.457046,0.0,1,0.0051725871999999,1.6694372734,1.8255134519522074
11.06416,8.02745,11.06416,0.972371,1585.84,1630.9,0.0,0.0,0.6092,0.62651,0.0,0,0.0027928376,1.1670569954,1.186138893256493
12.15079,8.26476,12.15067,0.865202,1608.01,1858.54,0.0,0.0,0.685,0.791723,0.0,1,0.0013562429,0.6342281496,0.6241964853697043
13.06874,6.51652,13.06768,0.765708,2243.35,2929.77,0.0,0.0,0.7112,0.928814,0.0,1,0.004390447,1.9186361535,1.8080147984570503
5.0309,3.85268,5.0309,1.48251,1155.21,779.228,0.0,0.0,0.5,0.337266,0.0,1,0.0049001586,1.5870665263,1.5560096347296708
5.04335,3.82798,5.04275,1.49693,1142.39,763.156,0.0,0.0,0.4918,0.328538,0.0,1,0.0049907462,1.6075157265,1.5492403789468434
4.99766,3.80728,4.99701,1.51189,1166.85,771.784,0.0,0.0,0.4966,0.328463,0.0,1,0.004915702,1.5755584369,1.5582888822848515
4.97213,3.73339,4.97213,1.55809,1148.96,737.416,0.0,0.0,0.4918,0.315643,0.0,1,0.004609858,1.512729134,1.4754594293961363
4.95628,3.69174,4.9556,1.61177,1116.59,692.775,0.0,0.0,0.4992,0.309722,0.0,1,0.0045828840999999,1.4535488441,1.457020079068825
4.98078,3.65658,4.98016,1.63697,1110.94,678.659,0.0,0.0,0.487,0.297501,0.0,1,0.0046552203,1.4503594301,1.4435515430797983
4.97952,3.62473,4.97952,1.64354,1091.64,664.203,0.0,0.0,0.4882,0.297042,0.0,1,0.0044101207,1.4219813444,1.3924410024708442
5.2439,3.95274,4.46811,3.13806,963.536,307.048,0.0,0.0,0.4846,0.154427,6.37e-05,1,0.0010137923,0.3844631236,0.3910961405990776
4.49095,3.64747,4.47832,1.68009,831.421,494.867,0.0,0.0,0.4708,0.280223,0.0,1,0.0028434417999999,1.0515855403,0.947158226523377
7.29475,4.84283,7.29475,1.35618,833.24,614.402,0.0,0.0,0.4816,0.355115,0.0,0,0.0023000971,0.8330413454000001,0.8488225992710646
6.67757,5.81943,6.67757,1.11834,959.829,858.263,0.0,0.0,0.5032,0.449953,0.0,1,0.001278131,0.5737509734,0.6142171967017896
5.84513,5.03009,5.84513,1.22272,803.232,656.921,0.0,0.0,0.473,0.386841,0.0,1,0.0009886705,0.4598813904,0.43538221270556754
7.56186,4.84974,7.24948,1.40224,2851.33,2033.41,0.0,0.0,0.6898,0.491927,0.0,1,0.0040120866,1.6868430693,1.6733858929976093
6.95421,5.10297,6.95421,1.53443,2307.47,1503.8,0.0,0.0,0.6448,0.420222,0.0,1,0.0051702108,1.9323811203,1.9754661144946466
10.6209,7.98188,10.6209,0.698012,2320.47,3324.4,0.0,0.0,0.7472,1.07047,0.000573056,1,0.0037544181,1.6159928678,1.662981606472272
35.58882,34.51057,35.58779,0.382184,1428.23,3737.01,0.0,0.0,0.8516,2.22824,0.000523308,1,0.0033242979,1.5599559787,1.5669254573731812
4.57808,3.51835,4.56928,1.23803,572.381,462.333,0.0,0.0,0.4556,0.368005,0.0,1,0.0019824921,0.7250579788,0.7548033246781719
11.6148,4.31195,11.6148,2.54245,1508.6,593.364,0.0,0.0,0.575,0.22616,0.0,1,0.00064246,0.2921308412,0.29212173561280275
4.58864,4.1598,4.58113,1.33735,718.625,537.349,0.0,0.0,0.4534,0.339028,0.0,1,0.0095750618,1.9861062111,2.1286819364784666
8.35126,5.49783,8.35126,0.626692,2424.85,3869.29,2.07427,3.30987,0.7316,1.1674,0.0,1,0.0035358526,1.6773365675,1.628276393067342
13.78566,6.83219,13.78098,0.585033,2323.11,3970.91,0.0,0.0,0.7686,1.31377,0.0,1,0.0034751584999999,1.6334561847,1.6056371695501581
13.82069,6.83124,13.8201,0.581484,2340.51,4025.06,0.0,0.0,0.7906,1.35962,0.0,1,0.0034637082,1.6423862543,1.6327343867686923
6.962,4.5443,6.96157,1.14432,1841.89,1609.59,0.0,0.0,0.6018,0.525903,0.0,1,0.0028863709,1.3046756107,1.1959281721757962
10.08149,7.22011,10.08149,0.573061,2335.96,4076.29,0.0,0.0,0.7798,1.36076,0.0,1,0.003681995,1.6229185137,1.7063387478101382
6.04006,4.14792,6.02363,0.993739,1774.39,1785.57,0.0,0.0,0.6108,0.614648,0.0,1,0.0049614501,2.0344853019,1.909937420083189
5.57968,5.07062,5.57968,1.63787,1052.89,642.84,0.0,0.0,0.4624,0.282318,0.0,0,0.0030752971,1.0042946648,0.9905725069391242
10.23983,9.51593,10.22611,1.29505,1477.19,1140.64,0.0,0.0,0.5948,0.459286,0.0,1,0.0016385751,0.7338148509,0.7471505450399837
5.19961,3.47948,5.18752,1.66805,743.29,445.603,0.0,0.0,0.4886,0.292916,0.0,1,0.0012654868,0.4928467139,0.4525784955447403
7.92371,4.89913,7.91993,0.908491,1989.28,2189.65,0.0,0.0,0.6342,0.69808,0.0,1,0.005886209,2.1252976536,2.244489774996819
5.88152,5.35243,5.87056,1.27191,1143.58,899.1,0.0,0.0,0.5064,0.398141,0.0,0,0.0043444739,1.5903930519,1.4603916593994257
8.78791,3.92519,8.78786,1.21365,1182.3,974.168,0.0,0.0,0.5234,0.431261,0.0,1,0.0042822973,1.3182943373,1.4548536312132039
8.46111,3.62498,8.46069,1.24571,1153.47,925.96,0.0,0.0,0.5226,0.419521,0.0,1,0.0050690787,1.4659789164,1.6231212674881892
12.63938,6.49016,12.62405,0.677616,2253.72,3325.96,0.0,0.0,0.7494,1.10594,0.0,1,0.0052534367,2.0915040543,2.1805502746473366
9.18286,8.73453,9.17503,0.495184,2583.42,5217.09,0.0,0.0,0.8544,1.72542,0.0,1,0.0011191812,0.6122837662,0.6285088717665714
9.19024,8.74095,9.18226,0.492814,2582.15,5239.6,0.0,0.0,0.8536,1.73209,0.0,1,0.0012952592999999,0.6132473715,0.6735924621941752
7.63453,6.61136,7.601,0.575241,2982.7,5185.13,0.0,0.0,0.779,1.35421,0.0,1,0.0033237348,1.6889474047,1.6269171966874822
8.66462,5.10134,8.65703,0.830188,1832.92,2207.84,0.0,0.0,0.646,0.778137,0.0,1,0.004961914,2.1155140202,1.931118932713087
5.65308,5.10575,5.50654,1.08357,1441.7,1330.51,0.0,0.0,0.5522,0.509612,0.0,0,0.0091308829,2.7286017065,2.7670610291233286
6.01885,5.05908,5.99018,0.890782,1989.22,2233.11,0.0,0.0,0.6458,0.724981,0.0,1,0.0076804245,2.7636039589,2.6957284709190734
7.68652,6.98261,7.68519,1.19569,1340.21,1120.87,0.0,0.0,0.551,0.460823,0.0,1,0.0025934443,1.0301278319,1.0812034772976042
4.62524,4.02529,4.62419,2.01313,877.337,435.807,0.0,0.0,0.4672,0.232076,9.93e-05,0,0.0029257816,0.9562601028,0.9451902439937283
4.70314,4.11847,4.7011,1.94101,957.405,493.252,0.0,0.0,0.4856,0.250179,0.000103039,0,0.0027798956,0.969181432,0.9315189564157916
11.53586,5.50716,8.36401,1.01632,2227.68,2191.92,0.0,0.0,0.6942,0.683055,0.0,1,0.0056868992,2.4283165446,2.0266163506071315
8.72809,7.46409,8.72809,0.942162,2285.98,2426.31,0.0,0.0,0.718,0.762077,0.0,1,0.0018640527,0.910809615,0.8532127841603161
12.83976,11.91501,12.83976,0.685959,2103.01,3065.8,0.0,0.0,0.7502,1.09365,0.000291563,1,0.0028132593,1.319450523,1.2600426401371423
5.00416,3.86566,5.00416,1.13683,1255.14,1104.07,0.0,0.0,0.5352,0.470783,0.0,0,0.0087591609,2.3828329915,2.443745511560442
7.33047,5.25494,7.19533,0.879553,2401.32,2730.16,0.0,0.0,0.685,0.778805,0.0,1,0.0037991388,1.698442691,1.6508515948768057
7.45113,4.52945,7.45095,1.32558,1000.06,754.431,0.0,0.0,0.5014,0.378249,0.0,1,0.0016913810999999,0.6821490484999999,0.6379391595909023
11.67849,9.57613,11.66558,0.426775,2035.73,4770.02,0.0,0.0,0.8318,1.94903,0.0,0,0.0015292415,0.8058667495999999,0.7796411651443332
5.34059,3.74867,5.34025,1.39658,907.085,649.503,0.0,0.0,0.4828,0.345701,0.0,1,0.0076910792,1.1141632008,1.7755631374317564
4.3604,3.42673,4.35329,1.50899,684.051,453.317,0.0,0.0,0.4548,0.301394,0.0,0,0.0037480097,1.3033475874,1.1660923742995075
8.92635,6.96534,8.92635,0.799593,1925.59,2408.22,0.0,0.0,0.6678,0.835175,0.0,1,0.0032923874,1.5055292944999998,1.4932294972885685
7.69209,6.08736,7.69209,1.80232,1148.27,637.106,0.0,0.0,0.5264,0.292069,0.0,1,0.0011350174,0.5225084989,0.48872217223524794
4.75347,3.71612,4.73943,1.3675,535.723,391.753,0.0,0.0,0.4534,0.331553,0.0,1,0.0055109976,1.2130425341,1.4203368477361218
5.00328,3.89627,5.00219,1.37708,632.788,459.514,0.0,0.0,0.4448,0.323002,0.0,1,0.0046828643,1.1628121401,1.2588389777240676
5.5251,4.77538,5.51126,1.28472,744.013,579.127,0.0,0.0,0.486,0.378294,0.0,1,0.0049923465,1.257070561,1.4191936093942388
5.39674,3.78301,5.31113,0.83454,2154.55,2581.72,0.0,0.0,0.6546,0.784384,0.0,0,0.0062889414,2.5692994438,2.6165233633677145
5.10587,3.69765,5.10587,1.24278,879.237,707.477,0.0,0.0,0.5044,0.405865,0.0,1,0.0068316603,1.7136395848,1.8017004822318954
5.9241,3.78187,5.9241,1.17049,1289.9,1102.02,0.0,0.0,0.5438,0.464593,0.0,1,0.0035664449,1.3659437125999998,1.3395400239408677
6.88268,6.30555,6.87572,1.51625,1264.35,833.868,0.0,0.0,0.5472,0.36089,0.0,1,0.0035363790999999,1.361296125,1.319663998324655
5.0954,4.12899,5.0954,1.32897,1274.07,958.69,0.0,0.0,0.5378,0.404673,0.0,0,0.0103502113,2.7741612294,2.680957004937465
8.81259,5.05152,8.81259,1.42533,1454.27,1020.3,0.0,0.0,0.5856,0.410852,0.0,0,0.0034142677,1.284778106,1.2700136457351316
5.30554,4.43053,5.27741,1.28243,1799.46,1403.16,0.0,0.0,0.6102,0.475814,0.0,0,0.0061818631999999,2.196861308,2.231474694843393
5.24833,4.2623,5.18742,1.29046,1800.98,1395.62,0.0,0.0,0.6108,0.473321,0.0,0,0.0061861419999999,2.1809921368,2.271057385730444
6.75428,5.6916,6.72807,1.40497,1349.29,960.372,0.0,0.0,0.5342,0.380221,0.0,0,0.0041050449,1.4871909378,1.5056495632933096
6.73405,5.67186,6.7278,1.40899,1346.64,955.749,0.0,0.0,0.5328,0.378145,0.0,0,0.0041363115,1.4838857969,1.512692742184008
6.73192,5.66128,6.64205,1.40989,1345.84,954.57,0.0,0.0,0.5322,0.377477,0.0,0,0.0042209919,1.4853383913,1.5103346595579632
6.9676,6.06182,6.9676,1.36538,1434.64,1050.72,0.0,0.0,0.5472,0.400767,0.0,0,0.0039630424,1.4921154284,1.4885553597314443
6.3973,4.82556,6.3973,1.43147,1333.03,931.231,0.0,0.0,0.5244,0.366336,0.0,1,0.0041706179,1.4717330748,1.4869091540118968
6.44994,4.84687,6.44994,1.43017,1343.92,939.69,0.0,0.0,0.5242,0.366529,0.0,1,0.00427484,1.4775469267,1.513656605680661
7.22634,6.19526,7.22634,1.36351,1450.27,1063.63,0.0,0.0,0.544,0.398969,0.0,1,0.0041393513,1.5545965308,1.5585241033981283
7.24893,6.31165,7.23441,1.36801,1456.76,1064.88,0.0,0.0,0.538,0.393273,0.0,0,0.0039517517,1.4951587113999998,1.483561626879525
7.05543,5.76553,7.05417,1.36444,1437.77,1053.75,0.0,0.0,0.5426,0.397672,0.0,1,0.0040837662,1.5208893917,1.5220980680363647
7.12445,6.33134,7.12445,1.37347,1444.41,1051.64,0.0,0.0,0.5478,0.398843,0.0,1,0.0041389171,1.5609853408,1.5568780411301568
5.82794,3.93449,5.82794,1.54928,1195.21,771.464,0.0,0.0,0.4896,0.316018,0.0,1,0.0047698946,1.4838471479,1.5209461246403473
6.28796,4.55194,6.20677,1.47064,1312.34,892.358,0.0,0.0,0.5172,0.351684,0.0,1,0.0045093395,1.5009881965,1.5278473896389928
6.88083,5.87111,6.87535,1.38485,1391.22,1004.61,0.0,0.0,0.5404,0.390224,0.0,0,0.0041753948,1.5269659699,1.5356723968559425
12.89356,7.93773,12.89356,0.721487,1897.63,2630.17,77.994,108.102,0.7242,1.00376,0.0,1,0.0050022723,1.7290774553,1.914976638565968
4.32284,3.50203,4.32284,1.44521,1297.96,898.111,0.0,0.0,0.6006,0.41558,0.0,0,0.0045571737,1.7592300083,1.6141084571606095
10.32812,8.91862,10.31469,1.07802,2014.96,1869.13,0.0,0.0,0.7346,0.681437,0.0,1,0.002357865,1.1384436883,1.056439091915133
6.69684,4.77946,6.69684,1.08358,2483.86,2292.26,0.0,0.0,0.649,0.598939,0.0,1,0.0033493868,1.4868148255000002,1.4919321456978525
6.81796,5.05367,6.81796,1.05868,2313.65,2185.42,0.0,0.0,0.6546,0.61832,0.0,1,0.0034202384999999,1.5076822817,1.53630982495904
6.6678,4.96877,6.6678,1.10092,2405.28,2184.79,0.0,0.0,0.6552,0.595139,0.0,1,0.0036282415999999,1.5675001073,1.5766774896620925
6.80904,5.16362,6.80904,1.11208,2257.09,2029.61,0.0,0.0,0.6478,0.582511,0.0,1,0.0036846455,1.5282134731,1.5837808534147935
5.81491,4.70834,5.54365,1.17141,2276.97,1943.78,0.0,0.0,0.6496,0.554545,0.0,1,0.0027423554,1.137667264,1.1395067242065196
6.74215,5.18388,6.74215,1.16256,2288.23,1968.27,0.0,0.0,0.6442,0.554124,0.0,1,0.0034594534999999,1.4741726568,1.4987800914086162
5.92538,4.00393,5.92538,2.21544,1336.48,603.256,0.0,0.0,0.5274,0.238056,0.0,1,0.0009925844,0.4593189996,0.44389921420203193
5.84738,4.10522,5.84738,1.34804,1113.36,825.908,0.0,0.0,0.511,0.379069,0.0,1,0.0053001987,1.4972077444999998,1.6588409636216515
5.81183,4.79897,5.70377,1.51395,1510.72,997.869,0.0,0.0,0.6306,0.416527,0.0,0,0.0037901109,1.3949383931,1.3645813825413036
5.78427,4.68209,5.77551,1.52654,1503.21,984.721,0.0,0.0,0.622,0.407458,0.0,0,0.0039596366,1.4023679252,1.402361290602528
6.68041,4.65647,6.65888,0.848377,2297.1,2707.64,0.0,0.0,0.6174,0.727742,0.0,0,0.0059813075,2.2652988278,2.5074193660468165
4.93842,4.37104,4.93842,1.56386,2303.31,1472.84,0.0,0.0,0.6098,0.389934,0.0,0,0.0021545067,0.9581413138,0.9453855688211218
4.30967,3.74181,4.30967,1.76757,1105.02,625.163,0.0,0.0,0.5662,0.320327,0.0,0,0.0058903462,1.7146356563999998,1.7472528635959768
7.6272,6.3767,7.6272,1.10873,1926.39,1737.47,0.0,0.0,0.6356,0.573266,0.0,1,0.0038646234,1.5814577671,1.6303317303306468
13.34989,4.00312,13.34989,0.730238,1776.02,2432.11,0.0,0.0,0.6852,0.938325,0.0,0,0.004874863,1.9208347486,2.0071615315353193
6.17269,4.02251,6.17269,1.31229,854.868,651.434,42.1748,32.1384,0.5236,0.398999,0.0,1,0.0029972452,0.8425249318000001,1.0356754757049678
6.69286,4.9654,6.69286,1.28252,924.55,720.888,100.648,78.477,0.5186,0.404362,0.0,1,0.0030430965,1.1286565378,1.07937062286313
6.67679,5.04188,6.67679,1.28811,935.874,726.551,97.6899,75.84,0.5222,0.405402,0.0,1,0.0034468799,1.1566795243,1.2011892015049879
5.27695,4.27032,5.27695,0.98944,1543.01,1559.48,0.0,0.0,0.5212,0.526762,0.0,1,0.0027564706,1.1739842744,1.1826767092338835
8.8715,5.37575,8.86492,1.06655,1848.87,1733.49,0.0,0.0,0.6318,0.592375,0.0,1,0.0058198206,1.9721959524,2.070981675892377
6.33794,4.33255,6.21155,1.43397,1521.86,1061.29,0.0,0.0,0.5584,0.389408,0.0,1,0.0043421077,1.531068164,1.541319334359427
5.3745,3.92262,5.34265,1.5074,1102.05,731.093,0.0,0.0,0.4832,0.320551,0.0,1,0.0061792073,1.6020984436,1.7016546480568127
4.83999,3.93851,4.82956,1.53551,1049.12,683.243,0.0,0.0,0.4838,0.315075,0.0,1,0.0048577140999999,1.5099220599,1.5144916528092371
6.54739,5.55468,6.37809,0.995743,2287.2,2296.98,0.0,0.0,0.6682,0.671057,0.0,1,0.0037894532,1.6869901957,1.6260136194231334
6.45735,5.55117,6.42218,0.997683,2278.25,2283.54,0.0,0.0,0.6672,0.66875,0.0,1,0.0039264037,1.7464361463999998,1.6736074901271474
6.36107,5.38638,6.36107,1.35369,1897.91,1402.03,0.0,0.0,0.613,0.452836,0.0,1,0.0028790677,1.2314857351,1.1756467261573564
6.02152,4.9088,6.0177,1.04306,2495.54,2392.52,0.0,0.0,0.6576,0.630455,0.0,1,0.0048193722999999,1.9204432857,2.002682691194071
6.09706,5.36823,6.07492,1.05799,2424.88,2291.97,0.0,0.0,0.6762,0.639136,0.0,1,0.0047166676,1.9382289754,1.901894528050363
11.18858,8.47337,10.82571,0.877,1675.84,1910.87,0.0,0.0,0.721,0.822121,0.0,1,0.001287484,0.6288931692,0.6251726417568286
11.25293,8.38573,11.25293,0.979503,1671.61,1706.59,0.0,0.0,0.7086,0.723428,0.0,1,0.001105305,0.5592041664,0.5456148146846858
8.27068,4.14256,8.27068,0.819136,1552.0,1894.68,19.4699,23.7688,0.6382,0.779114,0.0,1,0.002418839,1.1467389128,1.1051582609091168
8.54083,3.87619,8.54083,1.52305,1283.51,842.727,0.0,0.0,0.5696,0.373988,0.0,1,0.0010884528,0.4903916395,0.5042193389400623
10.9668,6.77359,10.9668,1.34773,1718.01,1274.74,128.947,95.6773,0.6772,0.502475,0.0,1,0.0024780292,0.8600165651,0.8929297599485713
4.98437,3.71955,4.67631,1.89432,1307.11,690.013,0.0,0.0,0.588,0.310402,0.0,1,0.0016819087,0.6593580872,0.6720668128525731
7.25351,7.13068,7.2425,1.02495,1673.9,1633.14,0.0,0.0,0.6088,0.593978,0.0,0,0.0047269121,2.0786719556,1.9669129885556467
7.24683,7.11371,7.24683,1.02502,1683.52,1642.43,0.0,0.0,0.597,0.58243,0.0,0,0.0047783363,2.0696984334,2.0086487003089237
7.06551,3.91163,7.06551,1.10612,1247.35,1127.68,0.0,0.0,0.5336,0.482408,0.0,1,0.0085395168,2.0874447488,2.2597723139825456
5.61373,5.00672,5.60841,1.03591,1864.27,1799.64,0.0,0.0,0.6158,0.594451,0.0,0,0.0057838224,2.1930267616,2.1636923632327765
13.28738,7.77882,13.22247,0.710367,1789.01,2518.43,0.0,0.0,0.7024,0.988785,0.0,1,0.0018130047,0.9113509803,0.8664331006173536
6.05951,4.4083,6.05951,0.950557,1966.63,2068.92,0.0,0.0,0.6264,0.658982,0.0,0,0.0050485207,2.0300918783,2.087518987142297
8.81916,5.67239,8.81916,0.860889,2066.43,2400.34,0.0,0.0,0.7104,0.825193,0.0,1,0.0025351139999999,1.2282796803,1.169194878167136
5.5848,3.98697,5.5848,1.1948,1036.21,867.268,0.0,0.0,0.5148,0.430868,0.0,0,0.0044537484,1.2889111959,1.459988162350988
6.22107,4.0898,6.22107,1.22274,852.187,696.948,9.45855,7.73552,0.5232,0.427891,0.0,1,0.0014150691,0.4956186619,0.5963532820322411
8.14361,5.87215,7.68514,0.961963,2469.42,2567.06,0.0,0.0,0.6732,0.699819,0.0,1,0.0037287716,1.6024021104,1.6499261030720727
8.12774,5.83469,8.12774,0.997324,2427.09,2433.6,0.0,0.0,0.6904,0.692252,0.0,1,0.0037690981,1.66498573,1.616589319302531
8.23387,5.84668,8.15455,0.958955,2430.13,2534.15,0.0,0.0,0.6902,0.719741,0.0,1,0.0032593753,1.471374398,1.4536464980794113
8.27418,5.89212,8.06359,0.922433,2431.08,2635.51,0.0,0.0,0.694,0.752358,0.0,1,0.0032827635,1.4878845838,1.4824442463185852
4.93073,3.99192,4.90572,1.26506,819.807,648.04,0.0,0.0,0.5008,0.395872,0.0,0,0.007237561,1.7351043184,1.8235975430425126
5.22809,3.75233,5.19001,1.80933,1456.46,804.973,0.0,0.0,0.5686,0.314261,0.0,1,0.0030429108,1.1313127607,1.1475233767515411
4.87284,4.37059,4.87284,1.23337,902.039,731.365,0.0,0.0,0.4534,0.367612,0.0,0,0.0064820285,1.670947477,1.6910076579897004
5.30026,4.78345,5.30026,1.17129,1076.67,919.215,0.0,0.0,0.476,0.406389,0.0,0,0.0062534244999999,1.8112660639,1.764797844533959
5.58794,4.86495,5.58794,1.14902,1119.33,974.163,0.0,0.0,0.4862,0.423145,0.0,0,0.0065834254,1.9177991974,1.88414469243987
5.1372,4.14128,5.1327,1.2462,687.896,551.996,0.0,0.0,0.4534,0.363827,0.0,1,0.006203384,1.4325159630000002,1.5761927196310592
8.58626,4.2007,8.58626,1.51602,1671.68,1102.68,0.0,0.0,0.5836,0.384955,0.000527697,0,0.0039603463,1.4816838025,1.3782798858315024
5.4535,4.4976,5.43411,1.36504,878.599,643.645,0.0,0.0,0.4944,0.362188,0.0,1,0.0030261821999999,0.9505925604,1.0009870112624277
11.22482,4.58247,11.22482,1.02492,1340.94,1308.34,253.285,247.127,0.6156,0.600633,0.0,0,0.0091803446,2.6350259283,2.421681129729991
5.09593,4.42786,5.07986,1.44576,1054.74,729.539,0.0,0.0,0.5038,0.348468,0.0,1,0.0044164865,1.4382095942,1.3838633938309626
5.29132,3.67742,5.0134,1.09277,1448.77,1325.78,0.0139318,0.0127491,0.5368,0.49123,0.0,1,0.0032182162,1.2136322192,1.3078592487528689
4.49645,4.20268,4.49184,1.20151,964.988,803.144,198.183,164.944,0.618,0.514351,0.0,0,0.0021854849,0.9324568031,1.072938780203247
4.84612,4.0465,4.84612,1.4121,763.799,540.896,0.0,0.0,0.426,0.301679,0.0,1,0.0043716495,1.3562852774,1.2172354748576701
4.83565,3.90897,4.83387,1.11657,661.618,592.547,152.346,136.441,0.5228,0.468221,0.0,1,0.0044894858,1.5358079612,1.520558738673251
13.61199,8.61498,13.60121,0.481098,2019.32,4197.32,0.0,0.0,0.7864,1.63459,0.0,1,0.0028202245,1.3774826819,1.3666030539093061
7.38233,6.89343,7.38233,1.46524,1454.62,992.751,0.0,0.0,0.557,0.380143,0.0,1,0.0028276359,1.20592142,1.143166867880694
5.2216,3.54475,5.2216,1.24357,1161.81,934.26,0.0,0.0,0.5266,0.42346,0.0,1,0.0128425721,2.7729366473000003,2.851160400736255
5.42928,5.0549,5.42928,0.789805,2259.65,2861.02,0.0,0.0,0.6494,0.822229,0.0,0,0.0064971443999999,2.5530222131,2.5871401362584634
15.83326,12.70856,15.77354,0.465056,1930.74,4151.64,0.0,0.0,0.8222,1.76796,0.0,1,0.0034860644,1.5149810924,1.6358337043922904
9.85392,4.35513,9.85392,0.853176,2077.29,2434.78,0.0,0.0,0.6662,0.780847,0.0,0,0.0075389633999999,2.5811211058000003,2.665825245994668
8.56248,6.70705,8.55013,0.843378,1917.39,2273.46,0.0,0.0,0.6388,0.75743,0.0,1,0.0029979001,1.3014038814,1.3275291793547759
9.35143,8.40739,9.35026,0.753404,1654.42,2195.93,0.0,0.0,0.6524,0.865937,0.0,0,0.0036245566,1.6047839535,1.6083630507041473
9.12795,8.03305,9.12795,0.879649,1631.51,1854.72,0.0,0.0,0.6538,0.743251,0.0,0,0.0031115372,1.4414444694,1.3658257317387514
9.01677,8.0299,9.01677,0.819291,1611.05,1966.39,0.0,0.0,0.6454,0.787754,0.0,0,0.0042124927,1.8879988857,1.7237208193937221
7.731,5.84497,7.731,0.960238,2118.84,2206.58,0.0,0.0,0.6484,0.675249,0.0,1,0.0039684843,1.6459379179,1.6939355365503275
16.15249,9.49143,16.1486,0.447193,2181.58,4878.38,0.0,0.0,0.8038,1.79743,0.0,0,0.0035923427,1.6768439512,1.7159188227239976
6.52279,5.33991,6.32184,1.08899,1435.02,1317.76,0.0,0.0,0.579,0.531688,0.0,1,0.0039398301,1.48638106,1.5599259349874346
5.47116,3.44168,5.42276,1.84097,1146.35,622.691,0.0,0.0,0.5828,0.316572,0.0,1,0.0016291246,0.6365298782,0.6218500233544213
5.64075,4.31698,5.64026,1.89914,1788.53,941.762,0.0,0.0,0.5702,0.300242,0.0,1,0.0157256507,2.9961514337,2.886231798231628
6.65756,4.5203,6.48608,1.39374,1687.85,1211.03,0.0,0.0,0.5882,0.422031,0.0,1,0.0014131244,0.6809809278,0.6378528005184534
14.29727,6.50644,14.29727,0.67257,2359.31,3507.91,0.0,0.0,0.7568,1.12524,0.0,1,0.0045747619,1.9754096565,2.00852744301811
14.19972,6.54893,14.18609,0.666736,2302.24,3453.0,0.0,0.0,0.7576,1.13628,0.0,1,0.0045315317999999,1.924100612,1.9796328246973114
13.92314,6.55268,13.92314,0.674226,2354.83,3492.63,0.0,0.0,0.7532,1.11713,0.0,1,0.0046408785,2.0061462586000003,2.009424559876919
8.52966,7.16955,8.46063,1.09037,1242.28,1139.32,72.6595,66.6376,0.5784,0.530463,0.0,0,0.0044534104,1.7069882129,1.5114609381944024
8.31522,6.68432,8.30333,1.04032,1268.68,1219.51,89.2086,85.7514,0.5834,0.560791,0.0,0,0.0060122743999999,1.9992323384,1.8842978373855477
8.58478,6.98003,8.57286,1.05217,1307.67,1242.83,85.7897,81.5358,0.5892,0.559985,0.0,0,0.0052805043999999,1.8505686413,1.7125505235752336
5.21362,4.0339,5.21362,1.50842,1029.25,682.337,0.211472,0.140194,0.5204,0.344996,0.0,1,0.0007777607,0.3436124159,0.36313396899497796
7.23633,7.07944,7.22228,1.10849,1601.62,1444.86,0.0,0.0,0.5964,0.538029,0.0,0,0.0052160844,2.1433778822,2.13095194600964
7.25163,7.0872,7.25163,1.12925,1578.62,1397.94,0.0,0.0,0.5966,0.528317,0.0,0,0.0050464967,2.1802450743,2.038152621419762
7.22558,7.07954,7.22145,1.12985,1598.05,1414.39,0.0,0.0,0.5978,0.529098,0.0,0,0.0051913939,2.1859934168,2.116160179578172
5.35554,3.64691,5.34801,1.44151,1313.99,911.54,0.0,0.0,0.536,0.371832,0.0,1,0.0053939033999999,1.6426358429,1.718486721371515
5.30496,3.71196,5.30496,1.22203,1264.33,1034.61,0.0,0.0,0.5172,0.423229,0.0,1,0.00605323,1.8767842403,1.836235339282434
7.25665,7.09719,7.24714,1.10687,1602.27,1447.57,0.0,0.0,0.5958,0.538276,0.0,0,0.0050718193,2.1052625967,2.061836150958662
6.5257,5.85477,6.5257,1.16183,1319.81,1135.97,0.0,0.0,0.544,0.468226,0.0,0,0.0045058191999999,1.6032306045,1.6004601922182895
9.12316,6.55123,9.12316,1.31137,1730.77,1319.82,0.0,0.0,0.6458,0.492464,0.0,0,0.0015523185999999,0.731598256,0.7385137852636476
8.96134,6.03917,8.96134,1.3138,1736.65,1321.85,0.0,0.0,0.6496,0.494443,0.0,0,0.0016629163,0.766450375,0.7610446962874697
8.43305,5.99885,8.43305,1.37514,1658.2,1205.84,0.0,0.0,0.6292,0.457553,0.0,0,0.0017557394,0.7419016223,0.7676661205061205
6.8791,5.35126,6.8791,1.62906,838.805,514.901,0.0,0.0,0.3778,0.231913,0.0,1,0.0044140989,1.1328271886,1.2679196081865742
6.26684,3.62781,6.26416,1.63231,1189.76,728.882,0.0,0.0,0.5338,0.327022,0.0,1,0.0044308459,1.3588653427,1.4364388799443804
5.67537,4.91896,5.66915,1.31877,1672.64,1268.34,0.0,0.0,0.5816,0.441018,0.0,1,0.0021906564,0.9227037984,0.9197082608314844
5.79545,4.39914,5.79038,3.73156,1762.91,472.433,0.0,0.0,0.572,0.153287,0.0,1,0.0012970824,0.5105913332,0.5437196254111936
4.81739,3.70783,4.8165,1.82727,1025.9,561.439,0.0,0.0,0.4878,0.266955,0.0,1,0.0015804403,0.6164145779,0.6357866897332455
4.92999,3.7145,4.92517,1.89194,1016.62,537.341,0.0,0.0,0.477,0.252122,0.0,1,0.0016293863,0.6322105107,0.6284673429676954
11.53016,8.55287,11.53016,0.606791,2204.88,3633.67,0.0,0.0,0.8008,1.31973,0.0,1,0.0026362741999999,1.2947687802,1.2628759240877372
4.53669,4.03212,4.53669,1.59797,796.91,498.701,0.0,0.0,0.4212,0.263584,0.0,1,0.0046348857,1.2723164970999998,1.246916717388176
6.83841,4.77149,6.83841,1.02578,1903.53,1855.69,0.0,0.0,0.6082,0.592913,0.0,0,0.0049010354999999,1.8548725104,1.9606751328370782
5.57142,4.50196,5.49969,1.52705,956.016,626.056,0.0,0.0,0.4838,0.316821,0.0,1,0.0018433364,0.7050876209999999,0.6887391553651108
5.35311,4.52327,5.34725,1.54964,901.531,581.768,0.0,0.0,0.481,0.310395,0.0,0,0.0016096541,0.6578615078,0.5912848714606782
4.8913,4.26213,4.88425,1.63875,774.721,472.75,0.0,0.0,0.4632,0.282654,0.0,1,0.0018229448999999,0.6630641097,0.6234797868052067
4.86763,4.2119,4.84866,1.64912,773.676,469.146,0.0,0.0,0.4688,0.284274,0.0,1,0.0018632417,0.6443477488,0.6425736986216631
4.81694,4.18094,4.81252,1.69685,756.814,446.011,0.0,0.0,0.4616,0.272033,0.0,1,0.0018122477,0.6465416129,0.6190194500696637
4.93663,4.37848,4.91876,1.68898,774.259,458.419,0.0,0.0,0.459,0.271762,0.0,1,0.0019551883999999,0.6740012140999999,0.6888035360594
6.87609,5.10388,6.87609,1.0919,2445.17,2239.37,0.0,0.0,0.6468,0.592361,0.0,1,0.0034477901,1.5041505668,1.5472813409119293
12.90794,5.24047,12.8925,0.673936,2011.51,2984.72,0.0,0.0,0.742,1.10099,0.0,1,0.0033292299,1.4811963667,1.5553705760475232
11.32938,4.75784,11.28719,0.745804,1782.19,2389.63,0.0,0.0,0.6898,0.924908,0.0,1,0.0032426675,1.4059776423,1.4699424354014412
11.51198,6.01308,11.45567,0.74228,1782.59,2401.5,0.0,0.0,0.7098,0.956244,0.0,1,0.0031548734,1.397276996,1.403110337320573
8.33734,7.34032,8.33734,0.888945,1770.92,1992.16,0.0,0.0,0.637,0.71658,0.0,0,0.0031879403,1.3672199428999998,1.3663920246334964
12.559,10.1499,12.53561,0.533674,1990.43,3729.68,0.0,0.0,0.7818,1.46494,0.0,1,0.0045616054,1.8114392349,2.0067086938946583
11.36736,8.26719,11.16554,0.777904,1704.81,2191.54,0.0,0.0,0.681,0.875429,0.0,1,0.0038825167999999,1.566541111,1.650335022198389
6.57316,4.4573,6.55727,1.65256,1476.29,893.337,1.47172,0.89057,0.5356,0.324103,0.0,1,0.0015580337,0.5393175043999999,0.6460067143072259
7.63868,5.99081,7.63868,1.64589,749.747,455.527,0.0,0.0,0.4048,0.245946,0.0,1,0.001701052,0.6648564303,0.6133001233206249
5.74693,4.41081,5.68235,2.16525,873.054,403.211,0.0,0.0,0.4638,0.214201,0.0,1,0.000787498,0.3511199523,0.3252907077151539
5.08924,4.38524,5.07804,1.23823,1158.3,935.44,0.0,0.0,0.5392,0.435459,0.0,1,0.0052202591,1.648754889,1.6888719009516329
17.28638,15.74639,17.27933,0.293688,1491.04,5076.95,0.0,0.0,0.8788,2.99229,0.0,1,0.003599077,1.7468342034,1.6937071310929097
5.54178,3.96898,5.52138,0.97764,1036.11,1059.8,74.179,75.8756,0.5832,0.596539,0.0,1,0.0062995461,1.9929938168,1.8914313192356553
5.79137,4.59346,5.79018,0.989543,1846.09,1865.6,0.0,0.0,0.6174,0.623924,0.0,0,0.0064842206,2.4051470549,2.3946764873176605
10.76463,6.58995,10.58338,0.833076,2133.05,2560.44,0.0,0.0,0.7044,0.845541,0.0,1,0.0063268469999999,1.9755366556,2.158613152190464
10.09798,5.67724,10.08611,0.924829,2051.69,2218.46,0.0,0.0,0.69,0.746084,0.0,1,0.0041931593,1.7043459624,1.675397121153939
9.54146,5.39642,9.54146,0.925869,2090.23,2257.59,1.94532,2.10107,0.6792,0.733581,0.0,1,0.0043216148999999,1.7838811306,1.670956425294127
8.47974,5.36674,8.47974,0.984083,2012.57,2045.13,0.0,0.0,0.6646,0.67535,0.0,0,0.0032225965,1.4386169188,1.4110070684253782
5.54956,5.03901,5.54956,1.56747,1415.29,902.91,0.0,0.0,0.5562,0.354839,0.0,0,0.0015334974,0.65234104,0.6286233697123292
8.87571,6.35025,8.74283,0.77796,2120.63,2725.88,0.0,0.0,0.673,0.865083,0.0,0,0.0040802052,1.8025833357,1.8031159924975024
7.78612,6.37885,7.6796,0.828568,2134.58,2576.23,0.0,0.0,0.6746,0.814176,0.0,0,0.004111966,1.7729460659,1.8200915267660895
13.10906,11.59751,13.10906,0.53928,2135.2,3959.36,0.0,0.0,0.77,1.42783,0.0,0,0.0026437163,1.3701707942,1.2286425218004424
4.86334,3.89341,4.85268,1.78217,1115.48,625.914,0.0,0.0,0.5442,0.305359,0.0,1,0.0025508971,0.9416670153,0.930240947875974
7.13681,4.81158,7.13681,1.15152,1310.71,1138.24,0.0,0.0,0.528,0.458524,0.0,0,0.0031489137,1.2310988578,1.1751112192248803
7.75569,7.04294,7.74271,0.956692,1636.76,1710.86,0.0,0.0,0.6308,0.659355,0.0,0,0.0035985157,1.6130029922,1.5996585849167695
5.11637,4.26776,5.11637,1.65956,1220.45,735.403,0.0,0.0,0.5874,0.353949,0.0,0,0.0049754455,1.5290547687,1.521450098498528
5.18964,4.3206,5.16791,1.64976,1282.11,777.148,0.0,0.0,0.607,0.367932,0.0,0,0.0048940462,1.5556447442,1.5472195522228342
5.38209,4.56613,5.38209,1.67781,1972.59,1175.69,0.0,0.0,0.6206,0.369888,0.0,1,0.0013063814999999,0.5468676972,0.5264330501229327
9.23636,5.60978,9.22645,0.773392,2340.66,3026.49,0.0,0.0,0.7012,0.906656,0.0,1,0.0054612411999999,1.9525899675,2.2006498034386346
10.23981,6.40536,10.23981,0.784123,1831.24,2335.4,115.057,146.734,0.6978,0.889911,0.0,1,0.0055450081,1.6890847693000002,1.9215110043717891
4.50859,3.42442,4.50859,2.0439,895.257,438.014,0.0,0.0,0.5236,0.256177,0.0,1,0.0021390404999999,0.8432673408,0.8068132092793482
4.63344,3.59285,4.63329,1.52979,1125.91,735.991,2.57897,1.68584,0.5188,0.339132,0.0,1,0.0031114212,1.1755613819,1.1382735375041557
4.92077,3.87767,4.92014,1.42345,1457.89,1024.2,0.0,0.0,0.5614,0.394393,0.0,1,0.0036648799,1.2979209549,1.3800882832303603
4.58957,3.56818,4.49102,1.91412,810.164,423.257,0.0,0.0,0.5446,0.284517,0.0,0,0.0076215941,1.6674580598,1.7864381600994044
4.70494,3.78141,4.69575,1.30344,385.722,295.926,85.5055,65.5998,0.4704,0.36089,0.0,1,0.0015580435,0.6377794617,0.5848361309647654
4.38967,3.93713,4.357,1.63655,694.151,424.154,0.0,0.0,0.3828,0.233906,0.0,0,0.0048088952,1.135775596,1.3024723540098742
13.46293,4.10343,6.99036,0.839472,1304.99,1554.54,374.213,445.771,0.6142,0.731651,0.0,0,0.0062312834999999,1.9305763563,2.270955713205623
6.14892,5.48137,6.14892,1.01825,1528.57,1501.17,0.0,0.0,0.5802,0.569801,0.0,1,0.0071465309,2.3594858788,2.431628222293851
6.25646,4.72399,6.2395,0.913381,2517.97,2756.76,0.0586414,0.0642026,0.6538,0.715802,0.0,1,0.0046350398,2.0628812282,1.9837669597146417
6.80795,5.29768,6.78405,1.3201,2032.7,1539.8,0.0,0.0,0.6256,0.473902,0.0,1,0.0037344855,1.5820467023,1.5242648806633439
5.60935,4.76331,5.55768,1.11089,1381.78,1243.85,0.0,0.0,0.563,0.5068,0.0,1,0.0049724521,1.7102658684,1.7553949647431575
5.3367,3.42361,5.26159,1.29192,845.674,654.588,0.0,0.0,0.5226,0.404515,0.0,1,0.0023506273,0.7996499323,0.8820952414877085
7.43152,6.20566,7.41957,0.862729,2447.09,2836.45,0.0,0.0,0.7008,0.812306,0.0,1,0.0039422334,1.9221215741,1.759101524929427
16.15291,14.69313,16.15291,0.412792,1738.34,4211.18,0.0,0.0,0.8636,2.09209,0.0,1,0.0033820096,1.5972566423,1.6421737116218624
4.81383,4.49281,4.81367,1.28928,625.276,484.979,115.997,89.97,0.4752,0.368577,0.0,1,0.005868406,1.6723116045,1.5726655108260263
4.83064,4.51142,4.83037,1.28879,636.461,493.845,117.284,91.0034,0.48,0.372443,0.0,1,0.0057414782999999,1.6783160862,1.5825292137161735
6.04512,4.24356,6.04078,0.977861,1901.41,1944.46,0.0,0.0,0.5916,0.604994,0.0,1,0.0034627783,1.5076264713,1.5367932845256362
4.8407,4.42587,4.8407,1.29544,593.069,457.813,123.778,95.5491,0.468,0.361267,0.0,1,0.0057654916,1.6650801549,1.4758869838752138
4.79076,3.93215,4.75885,1.01704,1531.07,1505.43,0.0,0.0,0.567,0.557502,0.0,1,0.0028243885,1.2452082801,1.2192264263959822
4.8017,3.95118,4.74576,1.02025,1565.01,1533.95,0.0,0.0,0.5802,0.568687,0.0,1,0.0028697709,1.2960125686,1.2265192079163612
4.73813,3.78761,4.73813,1.03017,1649.03,1600.74,0.0,0.0,0.5794,0.562433,0.0,1,0.0028082908,1.2701757845,1.248203529912647
4.72449,3.84654,4.62424,1.03535,1611.82,1556.78,0.0,0.0,0.5846,0.564637,0.0,1,0.0024956647,1.1133123003,1.120718976957832
6.24558,4.36754,6.24558,1.21214,1512.33,1247.65,0.0,0.0,0.5622,0.463807,0.0,1,0.0043955953,1.5940227659,1.6397580570164592
6.70189,5.92513,6.34809,1.0601,1583.25,1493.5,0.0,0.0,0.594,0.560326,0.0,0,0.0051683849,1.9162337611,2.0207895812639918
7.34002,6.13056,7.33722,1.22326,1581.46,1292.83,0.0,0.0,0.608,0.497033,0.0,1,0.0035513604999999,1.5607651247,1.484025192674819
5.82926,5.08135,5.82926,1.24507,1266.69,1017.36,0.0,0.0,0.5318,0.427125,0.0,1,0.0051765965,1.7050559044999998,1.6937209347466329
5.91316,5.13983,5.91316,1.23456,1288.47,1043.66,0.0,0.0,0.5342,0.432705,0.0,1,0.0050807858,1.6833491421,1.660236379093327
5.94737,5.16221,5.94737,1.2314,1299.48,1055.29,0.0,0.0,0.534,0.433654,0.0,1,0.0049342516999999,1.6953057555000002,1.6334880454252094
5.98426,5.17875,5.98426,1.22798,1308.75,1065.77,0.0,0.0,0.5354,0.436,0.0,1,0.0050258355,1.6993593941,1.6506876512143205
6.03525,5.21694,6.03525,1.22274,1324.94,1083.58,0.0,0.0,0.5378,0.43983,0.0,1,0.0049652493,1.7142255534,1.592509579274066
6.04424,5.23566,6.03957,1.22037,1336.43,1095.1,0.0,0.0,0.5392,0.441833,0.0,1,0.0050103367,1.7113794116,1.5946756664641895
5.79441,4.98095,5.78067,1.23638,1249.85,1010.9,0.0,0.0,0.5298,0.428511,0.0,1,0.0045820065,1.5728159857,1.5537098491837977
5.83014,5.0814,5.83014,1.23386,1262.75,1023.41,0.0,0.0,0.5344,0.433111,0.0,1,0.0049722942,1.6359002954,1.6294943069855767
5.8948,5.11958,5.8948,1.23559,1318.02,1066.71,0.0,0.0,0.5368,0.434449,0.0,1,0.0050455612,1.693481125,1.6215973789262474
11.71715,10.90932,11.71715,1.21946,1612.88,1322.61,0.0,0.0,0.6614,0.54237,0.0,1,0.0028964782,1.3189303294,1.2903123934632859
6.58892,4.46794,6.58892,1.28412,1352.77,1053.46,0.0,0.0,0.5288,0.4118,0.0,1,0.0033760746,1.363664786,1.294942236105811
7.39108,4.72102,7.39108,1.5002,1093.27,728.749,0.0,0.0,0.506,0.337289,0.0,1,0.000659124,0.3224798974,0.31736577681470357
7.37726,6.47542,7.37726,1.82096,874.8,480.405,0.0,0.0,0.4718,0.259093,0.0,0,0.0125158306,2.1983910783,2.263999584156685
7.61133,5.3287,7.60971,1.06942,1916.91,1792.48,0.0,0.0,0.6258,0.585176,0.0,1,0.002528656,1.1278410455,1.1214756647357076
8.67616,3.56541,8.61027,1.50156,1522.94,1014.24,0.0,0.0,0.6126,0.407975,0.0,1,0.0010205794,0.469198962,0.4939651588409971
4.96245,3.57593,4.95367,2.04735,760.785,371.594,0.0,0.0,0.4152,0.202798,0.0,1,0.0014049762,0.5003075784000001,0.5065563758570076
8.7496,5.24839,8.73677,1.17241,1659.79,1415.71,0.0,0.0,0.6,0.511765,0.0,1,0.0027028827,1.1577512228,1.1344589570900676
8.7337,4.60012,8.08289,1.3997,1628.14,1163.2,0.0,0.0,0.614,0.438665,0.0,1,0.0011862891,0.5430549185,0.5487941498989817
8.681,4.51126,8.681,1.41696,1585.78,1119.14,0.0,0.0,0.6192,0.436992,0.0,1,0.0010937416999999,0.5246183592,0.5034143989205218
5.38201,3.65359,5.35586,1.48851,1135.66,762.952,0.0,0.0,0.5586,0.375274,0.0,1,0.0039232933,1.257853418,1.323353723776692
6.5379,4.8064,6.53406,1.09146,1614.42,1479.13,0.0,0.0,0.5916,0.542026,0.0,0,0.0046861005,1.8080996296,1.827733323875244
6.55849,4.8515,6.50444,1.08595,1635.33,1505.9,0.0,0.0,0.5862,0.539805,0.0,0,0.0049149727,1.7928900315,1.875301790913966
6.35636,4.74684,6.35358,1.04617,1413.94,1351.54,0.0,0.0,0.5724,0.547139,0.0,0,0.0050713071,1.9734306811,1.8679754686477976
5.20561,3.82141,5.20561,1.29023,881.425,683.154,0.0,0.0,0.5118,0.396674,0.0,0,0.0087361329,2.0493604737,1.9674573390680568
4.65881,3.97386,4.65881,1.34738,766.026,568.53,0.0,0.0,0.4744,0.35209,0.0,0,0.0119186713,2.3162522119,2.4188920971024004
4.43579,3.68809,4.4295,1.35731,462.184,340.514,181.053,133.391,0.4954,0.364986,0.0,0,0.0047618938,1.4425319205,1.4771438652357989
4.72303,3.65899,4.72303,1.75011,750.863,429.037,0.0,0.0,0.4464,0.255069,0.0,0,0.0036353416999999,1.0768942004000002,1.0765888296255564
7.03668,6.10812,7.03668,0.718413,2358.57,3283.03,0.0,0.0,0.7048,0.981051,0.0,1,0.0041050067,1.8680577086,1.87776317069904
6.70534,6.02432,6.70378,0.728308,2391.07,3283.04,0.0,0.0,0.6994,0.960308,0.0,1,0.004177963,1.8539236453,1.8993399752897846
6.7853,6.06191,6.78493,0.71467,2582.63,3613.74,0.0,0.0,0.693,0.969679,0.0,1,0.0040855517,1.8965203853,1.9025187095288596
6.1215,5.54396,6.11958,0.794887,2656.05,3341.42,0.0,0.0,0.6666,0.838609,0.0,1,0.0051722365999999,2.2811785374,2.260266635564239
6.62054,6.03585,6.61701,0.714161,2609.57,3654.03,0.0,0.0,0.6944,0.97233,0.0,1,0.0046274452,2.1632434001,2.0584304031646585
8.47321,7.4886,8.47321,1.47389,1193.71,809.905,0.0,0.0,0.5488,0.372348,0.0,1,0.0007462584,0.3591376655,0.3822935037864654
9.86717,4.17287,8.68985,1.08823,1175.78,1080.45,0.0,0.0,0.5382,0.494564,0.0,1,0.0017679674,0.7334932034,0.7077670611200598
4.35737,3.84524,4.35737,1.27732,941.275,736.915,0.0,0.0,0.4314,0.337739,0.0,1,0.00263679,1.0437695617,0.9877967743658612
4.57167,3.52743,4.40749,2.12433,1354.32,637.526,0.0,0.0,0.5842,0.275004,0.0,1,0.0007928911,0.3887033640999999,0.3727991113039455
4.63823,4.0753,4.63823,2.18775,1209.41,552.809,0.0,0.0,0.4796,0.219221,0.0,1,0.0345343215,2.934358618,3.052140602577249
5.69673,4.73568,5.69673,2.0333,1245.18,612.394,0.0,0.0,0.4572,0.224856,0.0,1,0.0015901657999999,0.6025280749,0.6186842725510556
5.69894,4.7333,5.69894,2.0333,1248.63,614.092,0.0,0.0,0.458,0.22525,0.0,1,0.0016400069,0.6000929851,0.6221823178033534
4.68091,3.50866,4.67789,1.41648,465.948,328.948,0.0,0.0,0.4326,0.305405,0.0,0,0.0033997416999999,1.0396952033,0.9940109330046518
4.62011,3.85906,4.62011,1.58881,555.753,349.792,0.0,0.0,0.3874,0.24383,0.0,1,0.0019482979,0.6457382271000001,0.6634947817181001
4.86095,4.4492,4.8459,1.39709,775.702,555.227,0.0,0.0,0.452,0.32353,0.0,0,0.008300616,1.7099328459999998,1.7056929999888855
4.8597,4.4269,4.8597,1.38069,783.577,567.528,0.0,0.0,0.4546,0.329257,0.0,0,0.0077827485,1.7150697866,1.7030766378928541
6.9711,4.44534,6.9711,1.09535,1552.88,1417.7,0.0,0.0,0.5846,0.533709,0.0,1,0.0063818062,2.1173715142,2.232019473075535
6.77119,4.51348,6.77119,1.0583,1552.58,1467.05,0.0,0.0,0.588,0.555606,0.0,1,0.0055250174,1.9474090325,2.0173905367627603
4.34506,3.45753,4.34017,1.59314,531.012,333.311,0.0,0.0,0.4696,0.294764,0.0,1,0.0009546132,0.4014216515,0.42408362477239736
7.23927,6.67302,7.23927,0.822249,1870.22,2274.52,0.0,0.0,0.6338,0.770813,0.0,1,0.0044855516,1.8501396983,1.8617919217879946
4.14624,3.73304,4.14504,1.37748,413.35,300.078,0.0,0.0,0.4306,0.312601,0.0,0,0.003013825,0.9579171721,0.9622044397421897
8.8968,8.56106,8.8968,1.19075,983.087,825.606,363.949,305.648,0.581,0.48793,0.0,1,0.0051728736,1.6070637607,1.7073194584839184
4.11323,3.75301,4.10779,1.67795,655.16,390.454,0.0,0.0,0.4424,0.263656,0.0,1,0.0096064442,2.0134207787,1.8041798109020588
7.41662,4.5384,7.41662,0.990309,1837.3,1855.28,0.0,0.0,0.6302,0.636367,0.0,0,0.0044259496,1.8810546955,1.8155548726105273
4.68396,3.93383,4.68242,1.69201,643.159,380.115,0.0,0.0,0.4636,0.273994,0.0,1,0.0028439876,0.8602509168000001,0.8867023935312185
4.70842,3.66843,4.69527,1.05376,821.167,779.27,0.0,0.0,0.51,0.483979,0.0,1,0.0046856191999999,1.6359182837,1.679957838499602
5.87537,3.57797,5.87537,1.84319,650.747,353.054,0.0,0.0,0.4432,0.240452,0.0,1,0.0019369657,0.6601173985000001,0.6292236621347685
6.29792,5.29972,6.23782,1.24637,1399.4,1122.77,0.0,0.0,0.5656,0.453796,0.0,1,0.0037847198,1.2229983556,1.414369763433991
9.35233,4.33657,9.35233,1.04043,2153.98,2070.28,0.0,0.0,0.6962,0.669144,0.0,1,0.0014889992999999,0.7476625011,0.7316784692308781
9.63063,4.26523,9.63063,1.03635,2192.11,2115.22,0.0,0.0,0.6976,0.67313,0.0,1,0.0015229842,0.7758951807,0.7493158578717942
9.58088,4.20865,9.58088,1.06074,2156.73,2033.24,0.0,0.0,0.7006,0.660485,0.0,1,0.0014622893,0.7723691106,0.72119791406608
7.46367,6.87207,7.46367,0.921652,1895.01,2056.1,0.0,0.0,0.6264,0.679649,0.0,1,0.0028700101,1.183677668,1.2763052720019648
13.09568,7.43748,13.09568,0.582855,2174.14,3730.15,0.0,0.0,0.7556,1.29638,0.0,0,0.0045959498,2.0725596187,2.0171715603994436
6.90856,3.45436,6.49799,1.14952,1115.5,970.402,0.0,0.0,0.525,0.45671,0.0,1,0.0023629241,0.9181934814,1.009049489007305
5.86564,3.51663,5.02799,1.32713,811.807,611.702,0.0,0.0,0.504,0.379767,0.0,1,0.0025164939999999,0.8623251253,0.8794844537384505
5.92888,3.43151,5.75387,1.33896,878.863,656.376,0.0,0.0,0.4994,0.372975,0.0,1,0.0026024839,0.8923336198,0.915200396369902
5.29743,3.61946,5.29013,1.16444,1132.68,972.722,0.0,0.0,0.4982,0.427845,0.0,0,0.0040101839,1.3700502103,1.3416427970467955
5.68172,4.34787,5.68172,1.93205,592.227,306.527,51.4334,26.6211,0.4372,0.226288,0.0,1,0.0014989166,0.4875111934,0.4546781643188804
8.13737,7.41793,8.13713,1.22976,2049.34,1666.45,0.0,0.0,0.6726,0.546935,0.0,0,0.0026833123,1.1435755694,1.1817116744736291
8.59245,7.9025,8.57984,1.19129,2067.73,1735.7,0.0,0.0,0.6832,0.573495,0.0,0,0.0024923995,1.1364670301000002,1.0921382421109873
8.11684,7.23133,8.11684,1.24691,2021.29,1621.04,0.0,0.0,0.6644,0.532838,0.0,0,0.0025259738,1.1363603822,1.1249192308457827
4.81179,3.53828,4.81179,1.32608,706.882,533.061,0.0,0.0,0.4668,0.352014,0.0,0,0.0119421484,1.93708383,2.2658079841303094
7.76038,5.54861,7.76038,0.846504,2469.98,2917.86,0.0,0.0,0.7118,0.84087,0.0,1,0.0039527845,1.8208815685,1.7413164413787645
7.29309,6.51816,7.28407,0.803706,2501.45,3112.39,0.0,0.0,0.7112,0.8849,0.0,1,0.0041727303,1.7985916794,1.89750052483728
7.05179,4.74765,7.05179,0.905742,2494.35,2753.93,0.0,0.0,0.6642,0.733321,0.0,1,0.0048276203,2.1184745911,2.08493842464202
6.48528,4.12203,6.4155,1.3617,1522.72,1118.25,0.0,0.0,0.5858,0.430197,0.0,1,0.0061244186,2.0489391673,2.012647303244769
5.52821,3.42388,5.52134,1.16361,1148.32,986.858,0.0,0.0,0.5352,0.459948,0.0,1,0.0066783497,2.3064545073,1.958579560875774
5.87633,5.25314,5.79727,1.51981,1332.09,876.486,0.0,0.0,0.5216,0.3432,0.0,1,0.0040580231,1.4195021646,1.4580343209555455
4.68606,3.56586,4.60097,1.64124,1221.33,744.153,0.0,0.0,0.5528,0.336819,0.0,1,0.0005456377,0.2657853452,0.2785173861664034
6.69521,5.2041,6.68616,1.12957,2214.41,1960.41,0.0,0.0,0.6298,0.557558,0.0,1,0.0040453133,1.7800783903,1.6572020475815772
13.21557,12.47689,13.21557,0.543761,1970.91,3624.58,0.0,0.0,0.7842,1.44218,0.0,1,0.0033701013,1.5836001925999998,1.5913618661155247
5.61963,3.40645,5.61963,1.09956,890.548,809.916,0.30381,0.276303,0.5202,0.4731,0.0,1,0.0032973276,1.229150472,1.2265337518834767
6.24379,4.83507,6.24379,1.06947,1236.73,1156.4,0.0,0.0,0.53,0.495574,0.0,0,0.0072742538,2.2651367173,2.1442759009686965
12.69722,8.47633,12.65144,0.718278,2115.98,2945.9,0.0,0.0,0.7464,1.03915,0.0,1,0.0021983105,1.0446976988,1.0423585303259446
4.93892,3.56519,4.93892,1.22098,496.28,406.459,457.279,374.517,0.5202,0.42605,0.0,0,0.0074089042,1.8644035821,1.9029872155243484
9.28425,8.43309,9.28425,1.37609,1096.56,796.865,0.0,0.0,0.5274,0.383259,0.0,1,0.0009343191999999,0.4388180126,0.47094029789644165
8.81158,7.98715,8.81158,1.41389,1094.82,774.331,0.0,0.0,0.5082,0.359435,0.0,1,0.0009566057,0.4422329921,0.4628252327967428
10.403,9.40744,10.403,1.04916,1635.25,1558.63,0.0,0.0,0.6366,0.606772,0.0,1,0.0013719472,0.6224931058,0.6524337436154561
10.33776,9.35961,10.33776,1.05489,1621.43,1537.05,0.0,0.0,0.6312,0.598353,0.0,1,0.0013743249,0.6455760581000001,0.6921087575135659
11.05152,9.97547,11.05152,0.995058,1664.82,1673.09,0.0,0.0,0.6552,0.658454,0.0,1,0.0014028576,0.6832249523999999,0.6847435144605666
11.58923,10.47029,11.58875,1.00075,1596.28,1595.09,0.0,0.0,0.6602,0.659706,0.0,1,0.0015146107,0.6847966284999999,0.7262212798676404
8.32809,6.43068,8.32781,1.55213,780.748,503.018,0.0,0.0,0.4718,0.30397,0.0,1,0.0005859703,0.3003082655,0.27216004814024886
5.13622,4.08548,4.9972,1.59979,1236.67,773.017,0.0,0.0,0.4932,0.30829,0.0,1,0.0038123312,1.2668546762,1.2609655644139444
10.20459,9.2057,10.20459,1.06882,1617.37,1513.23,0.0,0.0,0.6304,0.589811,0.0,1,0.0014076131,0.6419952046,0.7232594874398877
10.44819,9.48819,10.44819,1.0407,1643.53,1579.26,0.0,0.0,0.6404,0.615354,0.0,1,0.0013933467,0.6432577764,0.6724717193666233
10.54817,9.56428,10.54817,1.03431,1651.72,1596.94,0.0,0.0,0.643,0.621671,0.0,1,0.0013125041,0.6574789484,0.630286284092069
10.39839,9.40181,10.39839,1.04415,1643.14,1573.66,0.0,0.0,0.6396,0.612553,0.0,1,0.0013695695,0.6492995751,0.6475983546572253
10.8347,9.87565,10.8347,1.0024,1663.43,1659.45,0.0,0.0,0.6588,0.657225,0.0,1,0.0015764314999999,0.7184604561,0.7555927304788933
6.74859,4.59542,6.74676,1.05193,1186.33,1127.76,0.0,0.0,0.5202,0.49452,0.0,0,0.0040780398,1.3882780438999998,1.5083331615721325
6.78768,5.03504,6.78768,0.817663,2795.18,3418.5,0.0,0.0,0.708,0.865883,0.0,1,0.0023141849,1.1167346213,1.1380422915477642
6.71846,5.39444,6.71589,0.983709,1614.06,1640.79,0.0,0.0,0.5708,0.580253,0.0,1,0.0038150453999999,1.4381989332,1.5453690332472025
5.60643,4.51803,5.59058,1.0369,2090.75,2016.34,0.0,0.0,0.6318,0.609316,0.0,1,0.0065258904,2.5386299823,2.426788385073514
6.0154,4.82285,5.99433,1.02626,1867.85,1820.05,0.0,0.0,0.6442,0.627713,0.0,0,0.0052874747,2.1751549586000003,2.1133510783550546
7.46662,4.79581,7.42523,1.0101,2335.64,2312.29,0.0,0.0,0.6514,0.644887,0.0,1,0.0055224999,2.3239786877,2.171156075168958
6.70042,6.11185,6.67865,0.956816,2069.71,2163.12,0.0,0.0,0.6692,0.699403,0.0,1,0.0044465751,1.9650727602,1.8575954513458126
5.24587,4.08263,5.23555,1.0782,1939.66,1798.98,0.0,0.0,0.611,0.566685,0.0,1,0.0073062706999999,2.6942116947000003,2.5477447727594758
4.72075,4.28777,4.72075,1.63519,1202.62,735.465,19.983,12.2206,0.5424,0.331705,0.0,1,0.0026223741,1.0458588497,1.0071723890447746
9.30232,6.36524,9.14367,0.891296,2041.5,2290.48,0.0,0.0,0.6794,0.762261,0.0,1,0.0040641556,1.6868793966,1.6681584962352758
5.41797,4.41204,5.39267,1.02127,2112.61,2068.61,0.0,0.0,0.6324,0.619229,0.0,1,0.0060493807,2.5227140465,2.2906931732205646
6.60161,5.99656,6.60161,1.76662,404.855,229.169,0.0,0.0,0.3004,0.170042,0.0,1,0.0006633494,0.2553004098999999,0.26725168539783817
6.59075,5.99281,6.59075,1.83217,393.9,214.991,0.0,0.0,0.278,0.151733,0.0,1,0.0007003147,0.2452093964999999,0.2691915051981526
6.56118,5.97328,6.56118,1.8467,394.83,213.803,0.0,0.0,0.2718,0.147181,0.0,1,0.0006861361999999,0.2497156153,0.2534540984912601
6.54806,5.98797,6.54806,1.86856,393.33,210.499,0.0,0.0,0.2642,0.141392,0.0,1,0.0006987956,0.2434087319,0.2613689319743029
7.45171,4.92598,7.05573,1.06861,2012.96,1883.72,0.0,0.0,0.6538,0.611823,0.0,1,0.0031541702,1.3563321132,1.3600838295419746
4.00169,3.86741,4.00169,1.98354,581.815,293.322,0.0,0.0,0.4022,0.202769,0.0,1,0.0021508132,0.736068733,0.7589922164759284
4.8198,4.16045,4.8198,1.4521,612.494,421.799,0.0,0.0,0.4284,0.295021,0.0,0,0.0032417215999999,0.9124241482,0.9675371817577545
10.16266,8.68185,10.16266,0.899748,1582.07,1758.35,0.0,0.0,0.6434,0.715089,0.0,1,0.0023323324,0.9896904791,1.0858322605734116
4.90132,3.779,4.87424,0.834486,2400.21,2876.28,0.217355,0.260466,0.6646,0.796418,0.0,0,0.0080919614,3.1022386316,3.1713027700375287
11.38543,11.12419,11.3774,0.437316,1877.39,4292.99,0.0,0.0,0.832,1.90251,0.0,0,0.0031573455,1.5770179161000002,1.4941550809733768
6.42799,4.66248,6.41167,1.2058,1179.26,977.987,0.0,0.0,0.5038,0.417814,0.0,1,0.005071556,1.7124462445,1.6445783043448077
8.56972,8.26373,8.56972,0.874357,2020.35,2310.67,0.0,0.0,0.694,0.793726,0.0,1,0.0040688518,1.7100117702000002,1.7129769022589854
7.02111,6.32962,7.02111,1.11473,2097.73,1881.83,0.0,0.0,0.6286,0.563903,0.0,1,0.0041553514,1.802025174,1.7507458062560843
5.86066,4.67676,5.86066,1.79494,889.419,495.515,0.0,0.0,0.4512,0.251373,0.0,1,0.0043198262,1.2213402102,1.1862591794124109
8.30223,7.00364,8.30223,1.50475,1042.04,692.502,0.0,0.0,0.5772,0.383584,0.0,1,0.0008073319,0.3560285839,0.3677126693982826
6.6659,5.14076,6.6659,1.16041,1633.36,1407.57,0.0,0.0,0.5642,0.486207,0.0,1,0.0038726726,1.5170573173,1.516811899863882
15.6839,9.81587,15.64212,0.743275,1280.66,1723.0,458.409,616.743,0.721,0.970032,0.0,1,0.0039616524,1.6609206754,1.713928481670258
13.27563,13.09101,13.27563,1.53244,1385.3,903.983,0.0,0.0,0.652,0.425465,0.0,1,0.0015342244,0.7010249468,0.6080248527871368
28.66522,11.53771,28.66522,0.279149,1594.77,5712.98,0.0,0.0,0.8816,3.15817,0.0,1,0.0039302747,1.832117803,1.812589818115918
10.08038,7.17794,10.08038,0.589363,2617.83,4441.79,0.0,0.0,0.7728,1.31125,0.0,1,0.0042389635,1.8504919754,1.9267149259850465
5.28974,3.50395,5.28106,1.05699,1056.2,999.25,0.0,0.0,0.5634,0.533021,0.0,1,0.0034519932,1.4160609031,1.3114485245347451
4.80108,4.30234,4.80108,1.51624,1143.74,754.324,0.0,0.0,0.5456,0.359838,0.0,1,0.0014240964999999,0.5738289337,0.5985095340238552
4.67022,4.137,4.66388,1.35819,1115.52,821.33,0.0,0.0,0.5302,0.390373,0.0,1,0.0018549478,0.7885629051999999,0.8074332437326335
4.75047,4.21764,4.75047,1.60269,1138.62,710.445,0.0,0.0,0.5414,0.337808,0.0,1,0.0014696817999999,0.6042389045000001,0.5981234965716548
7.51924,6.97754,7.50411,1.17363,1179.25,1004.78,0.0,0.0,0.5068,0.431822,0.0,1,0.0031460358,1.3867393752,1.2033993014106132
7.53059,4.20216,7.34521,1.13363,1510.82,1332.73,0.0,0.0,0.5782,0.510042,0.0,1,0.0030539206,1.1577163105,1.2487324807382654
12.82817,4.31562,12.82817,0.868866,1783.25,2052.39,0.0,0.0,0.6754,0.777335,0.0,1,0.00438091,1.6947003843,1.6905864990874762
5.58892,4.38006,5.58663,1.1363,1527.33,1344.12,0.0,0.0,0.5756,0.506555,0.0,1,0.0068566806999999,2.1961113994,2.284513657347979
5.53835,4.38226,5.51111,1.15379,1524.15,1321.0,0.0,0.0,0.573,0.496625,0.0,1,0.0067781865,2.1978860413,2.229296275641891
5.51894,4.34952,5.51894,1.16479,1506.37,1293.26,0.0,0.0,0.5712,0.49039,0.0,1,0.0067911564,2.1972747808,2.1741324253280743
5.48563,4.3317,5.48563,1.18591,1487.56,1254.36,0.0,0.0,0.5682,0.479126,0.0,1,0.0070062827,2.2345460704,2.2191608430384795
5.4678,4.29561,5.44556,1.2061,1479.57,1226.74,0.0,0.0,0.5666,0.469779,0.0,1,0.0071336514,2.2173608061000003,2.2355268420807763
7.22233,4.73121,7.22233,1.05141,1110.85,1056.54,0.0,0.0,0.5324,0.50637,0.0,0,0.0060985771,1.8935129431,1.7760439656099614
4.38052,3.88796,4.36788,1.61033,1121.78,696.613,0.0,0.0,0.4852,0.301304,0.0,1,0.0046726469,1.4803348547,1.5667897467964016
4.45838,3.94557,4.41836,1.61624,1125.98,696.667,0.0,0.0,0.4868,0.301193,0.0,1,0.0053752374,1.6366092196000002,1.7020173757306345
4.30272,3.79858,4.29463,1.63832,1104.37,674.089,0.0,0.0,0.4846,0.295792,0.0,1,0.004065049,1.3370076883,1.4248683844995793
4.43647,3.87557,4.43647,1.65372,1132.95,685.091,0.0,0.0,0.471,0.284812,0.0,1,0.0049256887,1.5003360698,1.5556409416441803
11.12255,10.84777,11.12255,1.34756,1641.0,1217.75,0.0,0.0,0.6774,0.502685,0.0,1,0.0022691992,0.9144934588,1.0044812783371597
5.64924,4.02494,5.64854,0.918331,1776.39,1934.36,0.0,0.0,0.633,0.689294,0.0,1,0.0038535987,1.5737324486000002,1.625812649491207
7.13166,6.36797,7.11779,1.0643,1692.45,1590.2,0.0,0.0,0.616,0.578785,0.0,1,0.005257045,2.1701895945,2.04340011287569
5.14591,3.62459,5.10569,1.20211,1101.2,916.058,0.0,0.0,0.5036,0.418931,0.0,0,0.0050596285,1.6968895413,1.61907946914083
7.30469,6.9637,7.3003,1.77656,565.048,318.057,10.6196,5.97759,0.4542,0.255662,0.0,1,0.0006206364,0.2708245318,0.2937250018996409
9.85959,7.82076,9.85959,0.707147,2014.24,2848.41,0.0,0.0,0.7242,1.02411,0.0,1,0.0033841494,1.4493408156999998,1.5701370652209141
5.63603,3.80534,5.63603,1.31969,1996.73,1513.03,0.0,0.0,0.6636,0.502846,0.0,1,0.0010791954,0.5192862554,0.5080934994638365
9.78617,8.86105,9.78617,0.959935,1692.37,1763.0,0.0,0.0,0.6186,0.644419,0.0,1,0.0027067681,1.1497436453,1.1991484599791193
5.17093,4.52481,5.06299,1.36553,783.142,573.505,0.0,0.0,0.4372,0.320168,0.0,0,0.0028395459,0.9379223537,0.8952582479889626
5.68191,5.17685,5.68191,1.29989,1899.11,1460.97,0.0,0.0,0.6252,0.480962,0.0,1,0.0042825124,1.6715784805,1.660807188865527
9.58074,6.82289,7.89267,0.900136,2106.29,2339.97,0.0,0.0,0.6514,0.723668,0.0,1,0.0047339077,2.0148899194,1.8898447796346332
7.25944,3.65684,7.23718,1.37181,1135.72,827.897,0.0,0.0,0.497,0.362294,0.0,1,0.0017351041,0.7104201599,0.7134503692914418
5.89078,3.42545,5.89078,1.13599,1083.97,954.205,0.0,0.0,0.5156,0.453877,0.0,0,0.0035093086,1.3341452072,1.3174088362184142
10.55388,8.11262,10.55388,0.996818,2113.88,2120.63,0.0,0.0,0.7028,0.705043,0.0,1,0.0016956541,0.8187712692,0.7428835025789002
10.13591,3.81582,10.13591,1.29721,1601.1,1234.26,0.0,0.0,0.591,0.455593,0.0,1,0.0027598416999999,1.0724998342,1.1522734670861285
6.54643,4.98654,6.54643,1.05474,2262.59,2145.17,0.0,0.0,0.6334,0.600529,0.0,1,0.0044434708,1.8128336982,1.80428137161798
6.04452,4.23776,6.03554,1.11864,2304.55,2060.12,0.0,0.0,0.6118,0.546912,0.0,1,0.0059753068999999,2.1642094009,2.204310473749996
5.44628,3.82645,5.44628,1.17011,2237.72,1912.41,0.0,0.0,0.5966,0.509868,0.0,1,0.0060264954,2.2583848522,2.1605281501423965
4.82283,3.73359,4.81042,1.38544,1023.08,738.448,0.0,0.0,0.5156,0.372155,0.0,1,0.0090730739,2.3533612249,2.2361759279598017
6.16288,4.28316,6.16288,1.08963,2317.05,2126.45,0.0,0.0,0.629,0.577258,0.0,1,0.0052624874,2.0722763132,2.093675238572331
6.73786,6.27962,6.66229,1.04811,1399.46,1335.23,0.0,0.0,0.5478,0.522657,0.0,0,0.0021286425,0.8290289453,0.9356784000037358
6.43441,5.83045,6.43102,0.991134,1373.29,1385.58,0.0,0.0,0.5466,0.55149,0.0,0,0.001951002,0.8068480823999999,0.8900961604084193
10.73095,6.57358,10.72652,0.838883,2111.23,2516.71,0.0,0.0,0.6964,0.830152,0.0,1,0.0062225528,1.9757973911,2.128892825973618
4.4734,3.53731,4.46972,1.51151,780.594,516.434,0.0,0.0,0.4522,0.299171,0.0,1,0.0098976248,1.9692519983,2.0098061680079766
4.44976,3.51616,4.44506,1.53378,754.006,491.601,0.0,0.0,0.45,0.293393,0.0,1,0.0103323314,1.9991310317,2.029989746676761
4.63719,3.51738,4.44195,1.53214,779.383,508.688,0.0,0.0,0.4588,0.29945,0.0,1,0.0104635693,2.0188476798,2.0775614832080853
4.95342,3.83497,4.95342,1.99384,910.263,456.538,0.0,0.0,0.4388,0.220078,0.0,1,0.0011525457,0.4655307773,0.4565160665912924
4.09249,3.45067,4.09249,1.44433,525.305,363.701,0.0,0.0,0.487,0.33718,0.0,1,0.0022109691,0.8382152804999999,0.8220665048597131
6.93892,3.80818,6.45255,1.05982,1273.96,1202.05,0.0,0.0,0.5412,0.510651,0.0,0,0.0037537646,1.5569622407,1.368510300790675
8.51519,7.38328,8.51519,1.47529,1095.68,742.686,1.06498,0.721878,0.5678,0.384873,0.0,1,0.0006507368,0.306620357,0.2868511583292128
7.57798,7.34904,7.57798,1.05603,938.983,889.166,0.0,0.0,0.5286,0.500556,0.0,1,0.0010157246,0.4956940454,0.4942103680516685
6.41874,3.48818,6.41739,1.68473,668.393,396.736,0.0,0.0,0.4826,0.286455,0.0,1,0.0026406711,0.9470360331,0.8330597339857181
5.46888,4.61181,5.39982,1.67855,1326.24,790.111,0.0,0.0,0.5498,0.327545,0.0,1,0.0011331041,0.5059578445,0.4838079748454043
7.97174,5.12774,7.97032,1.15353,2068.35,1793.06,0.0,0.0,0.6172,0.535054,0.0,1,0.0021245352,0.9981747764,0.950690887254045
4.63167,4.31957,4.63167,1.28045,1230.74,961.183,0.0,0.0,0.5428,0.423914,0.0,1,0.0043798065999999,1.47117214,1.5160017822197593
3.78387,3.47181,3.77533,1.63861,422.447,257.809,0.0,0.0,0.4372,0.266812,0.0,1,0.0022627773,0.8073469934,0.7962545294021032
8.71143,5.70228,8.71143,1.44846,1502.61,1037.38,0.0,0.0,0.5786,0.399459,0.0,1,0.003485194,1.3885344029,1.343728649211547
6.39385,4.60431,6.39349,0.877136,2189.88,2496.63,0.0,0.0,0.6554,0.747205,0.0,1,0.0071528632999999,2.5942311029,2.7551315751386998
4.89641,3.86855,4.89641,1.80531,1632.56,904.31,0.0,0.0,0.5842,0.323601,0.0,1,0.0025803735999999,1.0508481234,1.0007985120525027
4.89316,3.86869,4.89316,1.79298,1637.93,913.522,0.0,0.0,0.5838,0.325603,0.0,1,0.0025762779,1.0790055965,0.9992819999499469
4.79715,3.78414,4.66858,1.84797,1560.79,844.598,0.0,0.0,0.5808,0.31429,0.0,1,0.0026262773,1.0989385169,1.0686402374730317
5.04966,3.95603,5.04926,1.69109,1647.45,974.192,0.0,0.0,0.5932,0.35078,0.0,1,0.0023395823,0.9882712516,0.9466312884933623
4.93593,3.90727,4.93593,1.7362,1686.39,971.31,0.0,0.0,0.5894,0.339477,0.0,1,0.0025395245,1.0527865158,0.9978879503233977
4.65103,4.01588,4.65103,1.69435,1544.77,911.715,0.0,0.0,0.5744,0.339009,0.0,1,0.0018605751999999,0.7547922618999999,0.7950879917015129
4.85877,3.85756,4.85723,1.80735,1636.84,905.654,0.0,0.0,0.586,0.324231,0.0,1,0.0026723071999999,1.0628521138,1.0473207101120083
9.02646,6.62876,9.00319,0.768463,2450.96,3189.43,0.0,0.0,0.7778,1.01215,0.0,1,0.0024782922,1.174627253,1.1846024155172539
11.11776,6.67504,11.11673,0.856122,2399.62,2802.89,0.0,0.0,0.7336,0.856887,0.0,1,0.0029677517,1.3735444736000002,1.3287385259123499
4.46145,3.72288,4.46145,1.49644,287.06,191.829,0.0,0.0,0.4038,0.269841,0.0,1,0.0042009744,0.8127872473000001,0.8830485789637698
7.56113,5.5145,7.12706,1.15475,978.763,847.594,187.52,162.389,0.5516,0.477677,0.0,1,0.0040086341,1.5220631406,1.3105891568190438
16.88394,10.60987,16.88394,0.446812,2036.44,4557.7,0.0,0.0,0.8226,1.84104,0.0,0,0.0032083003,1.5297532665,1.5347352977545792
6.71051,5.85889,6.69498,1.05932,1949.1,1839.96,0.0,0.0,0.6024,0.568668,0.0,1,0.0049245757,1.712382695,1.8946150070142473
10.85901,8.03964,10.85901,1.03314,1392.4,1347.74,0.0,0.0,0.6084,0.588883,0.0,0,0.0028949525,1.2075991629,1.144416494315107
15.27666,13.37931,15.27666,0.777112,1815.11,2335.71,0.0,0.0,0.723,0.930368,0.0,0,0.002518008,1.1277591459,1.116946568610106
15.24588,13.37948,15.24588,0.777112,1827.71,2351.93,0.0,0.0,0.724,0.931654,0.0,0,0.0024886879,1.1285402327,1.115436499595644
7.21449,5.67473,7.21449,0.867445,2262.97,2608.78,0.0,0.0,0.6652,0.76685,0.0,1,0.0026996671,1.2328037577,1.2296060719888107
7.18513,5.72761,7.17339,0.897407,2341.84,2609.57,0.0,0.0,0.648,0.72208,0.0,1,0.0033484715999999,1.413296478,1.5174852535045034
5.12494,3.68789,4.86231,1.25758,738.946,587.595,101.966,81.0816,0.492,0.391229,0.0,1,0.0047071819,1.4151274039,1.4169927274644702
6.18603,4.18536,6.1755,1.09485,1872.24,1710.03,0.0,0.0,0.5864,0.535596,0.0,1,0.0039827245,1.5726474237,1.5993468142254506
17.36935,5.40179,17.36935,1.04037,1505.92,1447.48,0.0,0.0,0.6542,0.628815,0.0,0,0.0018889034,0.7044164636,0.788304969444835
7.22845,6.88703,7.22003,0.852646,2024.04,2373.83,0.0,0.0,0.6572,0.770777,0.0,0,0.0034076778,1.4538024012,1.5682581407480525
5.35034,4.96809,5.33586,1.46578,931.664,635.609,0.0,0.0,0.4966,0.338795,0.0,0,0.0034177419,1.0005712812,1.1193012561632871
5.41931,4.91867,5.41931,1.46994,924.604,629.008,0.0,0.0,0.4898,0.333211,0.0,0,0.0033308374,0.9725580843,1.0794742379102589
5.72746,4.12193,5.64984,1.21514,2074.82,1707.48,0.0,0.0,0.605,0.497886,0.0,1,0.0038971273,1.4622313875,1.5359374028104815
5.85565,4.3241,5.81433,1.11314,2290.27,2057.49,0.0,0.0,0.6456,0.579983,0.0,1,0.0037567985999999,1.4539339072,1.5949459952274476
6.15959,5.08946,6.15959,0.966844,2140.02,2213.41,0.0,0.0,0.6424,0.66443,0.0,1,0.0042422473,1.7001179826,1.7777604382779282
4.75858,3.81827,4.66708,0.984908,1381.16,1402.32,0.0,0.0,0.5818,0.590715,0.0,0,0.0098571425,3.1216187711,3.015890115172483
17.26438,5.3381,17.26438,1.05121,1516.89,1443.0,0.0,0.0,0.6532,0.621382,0.0,0,0.0019005229999999,0.7218617687000001,0.7780429348616458
5.27749,3.98975,5.17779,1.10089,1767.3,1605.34,0.0,0.0,0.5602,0.508863,0.0,1,0.0049542321999999,1.7746070565,1.849297467743917
8.22407,5.82511,8.22407,0.843093,1913.32,2269.41,1.31012,1.55395,0.6484,0.769073,0.0,1,0.0026959683,1.1604642805,1.2226798078510213
4.95936,4.07145,4.95936,1.0628,2097.01,1973.11,0.0,0.0,0.6348,0.597292,0.0,1,0.0098454591,3.449118613,3.329354168922171
4.59875,4.17002,4.59043,0.999501,2126.38,2127.44,0.0,0.0,0.617,0.617308,0.0,1,0.0079001711,3.0238934747000004,2.9161037127493037
4.79892,4.35574,4.79892,2.78878,865.091,310.204,296.77,106.416,0.5306,0.190263,0.0,1,0.0013254362,0.5251362351,0.4719481940348371
14.8276,14.77034,14.8276,0.887088,1281.1,1444.16,0.0,0.0,0.6208,0.699818,0.0,1,0.0017662316,0.7980434727,0.7074302740681002
6.68622,4.50914,6.67956,0.770633,1838.89,2386.21,0.0,0.0,0.6402,0.830746,0.0,1,0.0047697898,1.9616563139,2.0184956116338846
6.72825,5.09275,6.72825,1.1538,2875.75,2492.42,0.0,0.0,0.7648,0.662854,0.0,0,0.0010088074,0.4667925934,0.4825071090452826
10.37122,8.95436,10.37122,0.787001,1611.54,2047.69,0.0,0.0,0.6654,0.845489,0.0,1,0.0020902676,0.9886172061,0.9939985745442527
7.10002,5.21425,6.59335,0.943193,1754.71,1860.4,1.38955,1.47324,0.6182,0.655433,0.0,1,0.006953132,2.3490163979,2.3204332561928314
4.73101,4.56435,4.72097,1.48128,186.327,125.788,8.43694,5.69572,0.3958,0.267202,0.0,0,0.0008357783,0.277319693,0.36882549792810737
15.42527,11.20267,15.42527,0.794433,1878.77,2364.92,0.0,0.0,0.6966,0.876851,0.0,1,0.0052983011,1.9105464404,2.059654683186228
6.67259,5.28318,6.67068,1.1406,1107.96,971.384,0.0,0.0,0.4988,0.437316,0.0,1,0.0036563015999999,1.3429830871,1.330923651940805
6.30239,4.60575,6.30081,0.99242,2117.8,2133.98,0.0,0.0,0.6346,0.639447,0.0,1,0.0023980281,1.0712405772,1.086923282208129
6.09971,4.27883,6.09943,0.947205,2272.9,2399.59,0.0,0.0,0.644,0.679895,0.0,1,0.0026031783,1.1959606179,1.1789875201692035
5.10287,4.04623,5.10287,1.31647,2066.97,1570.09,0.0,0.0,0.6518,0.495113,0.0,0,0.0029634759,1.2570315125,1.2225221479449813
6.17269,4.47662,6.08707,1.25773,1864.63,1482.53,0.0,0.0,0.6658,0.529365,0.0,1,0.0009028812,0.4355646202,0.43905110806880443
8.78437,8.58193,8.78437,1.65394,1300.1,786.066,0.0,0.0,0.597,0.360957,0.0,1,0.0023044418,0.8497117287,0.9335164113292284
6.86464,4.18996,6.61474,0.930991,1654.01,1776.62,0.0,0.0,0.6014,0.645979,0.0,1,0.0048122325,1.9342388746,1.8926754219821074
8.48171,3.92126,8.48171,0.891092,1361.54,1527.95,0.0,0.0,0.6076,0.68186,0.0,1,0.0021175094,0.9854191879,0.9510963080497451
4.84299,3.46778,4.84299,1.43835,1253.58,871.544,0.0,0.0,0.5374,0.373624,0.0,1,0.0065174992,2.0301567749,1.9689989906168877
5.76197,4.68972,5.75144,1.29019,1221.31,946.616,0.0,0.0,0.4888,0.37886,0.0,0,0.004847893,1.3910368618,1.5861039134059722
5.81423,4.04124,5.79708,1.35939,665.654,489.672,0.0,0.0,0.4506,0.331473,0.0,1,0.0047041507,1.2018242035,1.274608140069583
5.28957,4.33779,5.28957,0.956875,1608.61,1681.11,0.0,0.0,0.5938,0.620562,0.0,1,0.0051229084999999,1.934121029,1.9451792136534176
13.3149,6.32995,13.3149,0.498432,2835.47,5688.77,0.0,0.0,0.778,1.5609,0.0,1,0.0034968205,1.7251532823,1.7222392098962829
8.2386,5.1093,8.2386,0.972915,1925.54,1979.14,0.0,0.0,0.6264,0.643838,0.0,1,0.0039865297,1.6712847255,1.6661797799415154
5.72092,4.53231,5.72092,1.21796,1067.45,876.424,0.0,0.0,0.5332,0.437781,0.0,1,0.0039221931,1.351351681,1.3255690731968894
6.69718,6.09535,6.69718,1.23624,986.103,797.665,80.349,64.9948,0.5296,0.428397,0.0,1,0.0024066784,0.9967327722,1.0214062691595256
5.44718,4.31032,5.44265,0.953017,1818.67,1908.33,0.0,0.0,0.6068,0.636715,0.0,1,0.006683784,2.4639793937,2.408415006878705
4.85912,4.51007,4.85912,1.20599,627.214,520.082,14.592,12.0996,0.4608,0.382092,0.0,0,0.0015496613,0.5761234399,0.6276878181465879
6.06489,4.97271,6.06019,1.23962,1992.38,1607.25,0.0,0.0,0.6032,0.486602,0.0,1,0.004589062,1.7268715135,1.7336907584417856
4.47722,3.75995,4.47722,1.44705,840.737,581.002,0.0,0.0,0.4724,0.326458,0.0,1,0.0085454888,1.9377316632,2.024326024818145
4.32787,3.5712,4.32787,1.83607,854.103,465.181,0.0,0.0,0.4892,0.266439,0.0,1,0.0078406934999999,2.0109295165,1.815618916623789
4.25802,3.49743,4.22359,1.39734,591.978,423.648,0.0,0.0,0.4574,0.327337,0.0,1,0.0043294046,1.2182777327,1.3072668229076454
16.10036,15.32514,16.09835,0.674334,1617.68,2398.93,0.0,0.0,0.7312,1.08433,0.0,0,0.0031472616,1.3622279200999998,1.3670335182685343
8.69308,7.48414,8.68762,0.756867,2252.53,2976.13,0.0,0.0,0.7044,0.930679,0.0,0,0.0036747271,1.5897263428,1.6634360379676023
15.98104,7.52003,15.97479,0.734572,1758.78,2394.29,252.635,343.921,0.7614,1.03652,0.0,1,0.0029496593,1.3844880897999998,1.3813983387549382
11.05938,6.30446,11.02908,0.918977,2242.53,2440.24,0.0,0.0,0.738,0.803067,0.0,1,0.0025303615,1.140202533,1.1259534204247275
7.6136,7.16835,7.6136,1.27683,1846.33,1446.03,0.0,0.0,0.6334,0.496073,0.0,1,0.0015495174,0.7124040492,0.7369843134323982
5.27869,4.82624,5.26972,1.35338,1171.24,865.416,0.0,0.0,0.5066,0.374323,0.0,0,0.0194652575,2.8338851363,3.3348862014649185
5.83475,4.30482,5.82509,1.2153,836.856,688.601,251.586,207.016,0.5296,0.435778,0.0,0,0.0059759316,1.7484004513,1.671426770021459
23.87093,10.84779,23.87093,0.911245,1630.75,1789.58,0.0,0.0,0.8024,0.880553,0.0,1,0.0008480855999999,0.4424355851,0.5248034864244379
12.69031,3.67391,12.69031,0.919646,1552.86,1688.54,0.0,0.0,0.6966,0.757465,0.0,0,0.0012998532,0.6021911326,0.6431153034891147
13.64672,8.62891,13.57643,0.814725,1868.84,2293.83,0.829839,1.01855,0.7426,0.911474,0.0,0,0.0013737907999999,0.6770361470999999,0.6907928744120194
20.68684,7.65386,20.68684,0.945467,1548.81,1638.15,1.11326,1.17747,0.7196,0.761105,0.0,0,0.0014578264,0.6534072113,0.6797543101728191
6.00262,3.86824,5.65571,1.31,1012.28,772.734,0.0,0.0,0.4954,0.378168,0.0,1,0.0036367908,1.2787148003,1.220480774339719
7.33297,4.64507,7.06229,0.957966,1896.24,1979.44,0.0,0.0,0.6126,0.63948,0.0,0,0.0047381175,1.9147296386,1.9474210098496525
9.17432,7.72525,9.0966,0.709696,2365.23,3332.74,0.0,0.0,0.7732,1.08948,0.0,0,0.0015464633,0.7753755184000001,0.7666802344407985
9.46604,8.41122,9.46604,0.69659,2357.29,3384.04,0.0,0.0,0.789,1.13266,0.0,0,0.0015393717,0.7819313401000001,0.7819909452356334
6.46175,4.9377,6.46175,1.4824,1450.9,978.754,0.0,0.0,0.5424,0.365894,0.0,1,0.0032851271999999,1.2382312716,1.272249911375262
4.67375,3.80751,4.66389,1.32281,575.521,435.074,0.0,0.0,0.4708,0.355908,0.0,0,0.0061290512,1.4407260482,1.527700535307448
8.83128,4.93156,8.81323,1.43518,1000.0,696.779,0.0,0.0,0.4548,0.316894,0.0,1,0.0032975258,0.9285102965,1.0999876856419732
5.74545,3.94509,5.74323,1.37815,1848.48,1341.28,0.0,0.0,0.614,0.445526,0.0,1,0.0019222604999999,0.8216959145,0.8341573610750611
8.21847,7.49363,8.20971,1.22679,2052.71,1673.24,0.0,0.0,0.664,0.54125,0.0,0,0.0025588898,1.1349370944,1.1252781308713222
8.46005,7.97124,8.46005,1.21092,2060.95,1701.98,0.0,0.0,0.6704,0.55363,0.0,1,0.002602339,1.16189464,1.1558056393883207
11.49557,10.72535,11.49539,1.14498,1547.17,1351.26,0.0,0.0,0.6402,0.559135,0.0,1,0.0028069511,1.3128473599,1.2795555464595991
4.84037,3.9654,4.82716,1.41449,886.753,626.908,0.0,0.0,0.4542,0.321106,0.0,1,0.0013770578,0.5753447536,0.5647941997300461
5.62972,5.12114,5.55282,1.20445,928.209,770.649,0.0,0.0,0.499,0.414297,0.0,1,0.0019143387,0.7654303664,0.7573254374800256
6.24254,3.72061,6.24254,1.49869,1194.16,796.807,0.0,0.0,0.5316,0.354711,0.0,0,0.0082966228,2.4047081985,2.143906416085163
6.13867,3.70141,6.13867,1.60239,1120.27,699.126,0.0,0.0,0.517,0.322643,0.0,0,0.0082464861,2.3707108625,1.9196031087494825
5.81008,4.95296,5.55484,2.37336,1506.6,634.795,0.0,0.0,0.5624,0.236964,0.0,1,0.0026728221999999,0.9805932721,0.9622222919898873
6.58785,4.88173,6.58785,1.68165,1430.07,850.397,0.0,0.0,0.5722,0.340261,0.0,1,0.0042116121,1.5507552305,1.4923942384630533
24.30948,9.03515,24.30948,0.38234,1867.98,4885.64,0.0,0.0,0.8462,2.21321,0.0,1,0.0039676851,1.7450767391,1.8656141337699697
7.22153,5.5004,7.20678,0.929467,1805.81,1942.84,0.0,0.0,0.6346,0.682757,0.0,1,0.0061115441,2.24929197,2.3082456223953125
4.62887,4.08311,4.62887,1.93861,903.412,466.011,0.0,0.0,0.5016,0.258742,0.0,1,0.0051860903,1.4359781452,1.4743092833757319
5.00398,3.75819,5.00288,1.4388,1552.49,1079.02,0.0,0.0,0.603,0.4191,0.0,0,0.0079148525,2.446240892,2.47938028811611
15.37241,7.5238,15.37241,0.554007,2040.18,3682.59,0.0,0.0,0.7832,1.4137,0.0,0,0.0027691922,1.2850946368,1.3039241704876106
5.59823,4.10574,5.59823,0.989877,1624.62,1641.23,0.0,0.0,0.559,0.564717,0.0,1,0.0062603256999999,2.2197967777,2.119863827302931
7.26111,7.14037,7.26111,0.948615,1661.34,1751.34,0.0,0.0,0.5896,0.621538,0.0,0,0.0058642904,2.5855562638,2.3001641189407285
5.35067,4.98225,5.35067,1.31519,1804.28,1371.88,0.0,0.0,0.6304,0.479324,0.0,1,0.0022598505,0.8874528908,0.9685378557946397
7.19827,5.98763,7.19827,1.10603,1324.83,1197.82,0.0,0.0,0.546,0.493657,0.0,0,0.0045339092,1.7171050723,1.6084651905963874
7.11031,6.37447,7.11031,1.26291,989.015,783.122,12.4903,9.89007,0.5394,0.427108,0.0,0,0.001777107,0.7573041193000001,0.7144909708555064
5.88281,3.51824,5.88281,1.36262,373.489,274.096,0.0,0.0,0.3676,0.269774,0.0,0,0.0026344883,0.6464032217,0.6343240806723017
5.886,3.5289,5.886,1.35798,373.139,274.776,0.0,0.0,0.3686,0.271433,0.0,0,0.0026043223999999,0.6469746979,0.6345049503747531
5.93833,3.59787,5.73261,1.34629,399.566,296.791,0.0,0.0,0.3782,0.28092,0.0,0,0.0024367341,0.6437905199,0.6347012339299699
13.26244,6.64572,13.26244,0.873197,2121.07,2429.08,0.0,0.0,0.7212,0.825931,0.0,1,0.0047162623,1.6724538937,1.6801253733224575
5.05238,3.74879,4.99149,1.49581,731.65,489.133,0.0,0.0,0.4222,0.282255,0.0,1,0.0081308079,1.5968923341,1.5297052703836385
7.25791,5.03113,6.91895,1.17911,1594.01,1351.88,0.0,0.0,0.5908,0.501055,0.0,1,0.0050911479,1.9562799279,1.8432151772849454
8.06664,3.9387,8.06075,1.15948,1831.32,1579.42,0.0,0.0,0.63,0.543345,0.0,0,0.0074032245,2.7065158665,2.585969963080902
8.0725,3.53077,8.06497,1.03469,1587.07,1533.85,0.0,0.0,0.6072,0.58684,0.0,1,0.005950908,2.3750568687,2.15006300526243
9.12551,3.7795,9.11836,1.17123,1785.15,1524.17,0.0,0.0,0.6208,0.530041,0.0,1,0.0035989073,1.5611790285,1.4578331497855588
8.02196,4.1722,8.01469,1.33184,2031.27,1525.15,0.0,0.0,0.6558,0.4924,0.0,1,0.0060650189,2.4596404356,2.1756357623916514
7.77196,4.02298,7.7515,0.967928,1840.06,1901.03,0.0,0.0,0.6374,0.65852,0.0,1,0.0051973140999999,2.1399833419,2.094363608527072
5.83271,4.11171,5.82021,0.775057,2252.16,2905.8,0.0,0.0,0.6658,0.859034,0.0,0,0.0045975184,2.0142573808,2.0576361900106566
7.2529,4.09487,7.24788,1.02599,1723.2,1679.54,0.0,0.0,0.6096,0.594156,0.0,1,0.0037938216,1.5943148013,1.5634500371957882
5.97637,5.66826,5.96867,0.916107,2203.56,2405.35,0.0,0.0,0.6442,0.703193,0.0,1,0.0069000926,2.7583421509,2.591496931246974
7.60143,4.74827,7.04866,1.03116,1778.09,1724.35,0.0,0.0,0.6042,0.58594,0.0,1,0.0063699093999999,2.28248454,2.274352839931967
7.19899,4.51752,7.19899,1.177,1685.21,1431.79,101.434,86.1807,0.6014,0.510961,0.0,1,0.0022958317,0.9582242852,1.0123391436491573
7.40345,4.51665,7.18933,1.1831,1645.32,1390.68,107.302,90.6958,0.5974,0.504945,0.0,1,0.0022393041,0.9463401604,0.948937268267177
8.47502,6.8337,8.46296,0.827108,1882.02,2275.42,0.0,0.0,0.6618,0.800137,0.0,1,0.0035249278,1.5835032958000002,1.5603918242952626
7.1275,4.47989,7.11656,1.12613,1773.48,1574.85,0.0,0.0,0.6,0.5328,0.0,1,0.0025206712,1.0450782956,1.0860952795045322
10.92187,6.16089,10.13253,0.730979,2352.02,3217.63,0.0,0.0,0.744,1.01781,0.0,1,0.0048457821,1.9525353802,2.046187608379889
7.18365,5.84135,6.93817,1.26274,1917.74,1518.71,0.0,0.0,0.6256,0.495429,0.00158385,1,0.0016188735,0.7363391562,0.7707774860085695
8.35999,7.36684,8.31122,1.01133,1835.07,1814.52,0.0,0.0,0.6542,0.646874,0.0,1,0.00428095,1.8797981522,1.7666438684107098
9.9371,5.9051,9.93469,0.740129,2096.9,2833.15,0.0,0.0,0.687,0.928217,0.0,0,0.0030490584,1.3970209432,1.415858513210524
5.53374,4.52225,5.53374,1.71424,1549.27,903.767,0.0,0.0,0.5698,0.332393,0.0,1,0.0017482715,0.6874311321,0.6920885941716565
6.39369,3.9398,5.95965,1.27695,1466.95,1148.79,0.116669,0.0913651,0.5758,0.450916,0.0,1,0.0053265282,1.8416090061,1.830991237134347
4.8576,4.0805,4.8576,1.31729,1109.65,842.374,1.31609,0.999089,0.544,0.41297,0.0,1,0.0020971532999999,0.8799816789,0.8443653806357868
8.34589,6.74867,8.34589,2.21863,955.771,430.794,0.0,0.0,0.5032,0.226807,0.0,1,0.0010829869999999,0.462286407,0.41723562613154286
12.95456,9.6087,12.76631,0.416845,1954.8,4689.52,0.0,0.0,0.815,1.95516,0.0,1,0.0030024983,1.4767519025,1.5124264415422057
5.95677,4.26157,5.93982,1.29463,1394.9,1077.46,0.0,0.0,0.5154,0.398107,0.0,0,0.0044005936,1.4970853854,1.5619656319509678
5.43472,3.75459,5.43472,1.57273,1218.49,774.765,0.0,0.0,0.5248,0.333688,0.0,0,0.0063744493,1.778778433,1.769254964735431
5.41474,3.72498,5.39995,1.55868,1201.98,771.152,0.0,0.0,0.522,0.334898,0.0,0,0.0064951217,1.7754480097,1.7959470942604943
5.41179,3.71334,5.38603,1.62695,1198.02,736.358,0.0,0.0,0.519,0.319002,0.0,0,0.0066592411,1.7874404791999998,1.756432458672904
5.4288,3.7248,5.42521,1.58725,1209.7,762.135,0.0,0.0,0.523,0.3295,0.0,0,0.0064643706,1.7833942386,1.7628291208298144
5.36818,3.69998,5.3038,1.61776,1179.03,728.804,0.0,0.0,0.5186,0.320567,0.0,0,0.0068341577,1.8175682717,1.7820355846969447
6.09263,4.09444,6.07646,0.818977,2614.48,3192.37,0.0,0.0,0.6796,0.829816,0.0,0,0.0032103607,1.5917010186000002,1.4899068393257113
7.05521,6.39517,7.05449,1.0177,2567.24,2522.59,0.0,0.0,0.6952,0.683108,0.0,1,0.0027185804999999,1.2110174471,1.2370692067862121
6.85987,6.20916,6.70163,1.02767,2542.94,2474.47,0.0,0.0,0.6868,0.668309,0.0,1,0.0028215867,1.2332759066,1.2734035274619684
8.05193,5.7692,8.05193,1.0871,1247.11,1147.19,0.0,0.0,0.6042,0.555788,0.0,1,0.0008859822,0.3870912522999999,0.4848455641814191
7.09546,5.16312,7.09546,0.822497,1782.71,2167.43,0.0,0.0,0.6384,0.776173,0.0,1,0.0033288999,1.4091764033,1.4842502529846466
7.68408,4.67009,7.68408,1.19851,1999.16,1668.03,0.0,0.0,0.6332,0.528321,0.0,1,0.0025054609,1.1702541082,1.0956127127019937
6.08536,5.42004,6.08536,0.76282,3171.25,4157.27,0.0,0.0,0.7336,0.961695,0.0,1,0.00313545,1.4430957922,1.467911675713398
4.69189,4.1551,4.68505,1.19151,652.957,548.006,0.0,0.0,0.4618,0.387574,0.0,1,0.0015754648,0.6307642906,0.6627175249390593
6.16705,5.25559,6.16705,2.0588,1791.16,870.001,0.0,0.0,0.601,0.291917,0.0,1,0.0013394101,0.5587376068,0.5691798651114831
5.55376,3.62598,5.46848,2.06178,1285.48,623.479,0.0,0.0,0.5464,0.265014,0.0,1,0.0018967784,0.754163129,0.7406692135303838
5.55564,3.58661,5.41937,2.08307,1276.82,612.952,0.0,0.0,0.5458,0.262017,0.0,1,0.0019174416,0.7477705431,0.7220628277514817
6.12669,4.55303,6.11551,2.25914,1566.11,693.232,0.0,0.0,0.5588,0.247351,0.0,1,0.0010158001,0.4346672174,0.4333739946565198
8.17736,6.62352,8.16605,0.938004,1961.34,2090.97,0.0,0.0,0.6256,0.666948,0.0,1,0.0036452875,1.5068105919,1.5771010717436682
6.94357,6.25435,6.88861,1.02856,1661.58,1615.44,0.0,0.0,0.5918,0.575367,0.0,1,0.0038169452,1.5069007791999998,1.608534093403052
6.92505,4.2277,6.91906,1.17857,874.958,742.388,0.0119262,0.0101192,0.491,0.416606,0.0,0,0.0008667966,0.3754693481,0.4059629123220867
9.34267,6.30544,9.30322,1.26616,1290.92,1019.56,0.0,0.0,0.564,0.445443,0.0,1,0.003585489,1.3305757044,1.3214744565491445
9.54316,8.35297,9.54316,1.17123,1191.49,1017.3,0.0,0.0,0.5608,0.478813,0.0,1,0.0033929013,1.1606477631999998,1.311933774650738
6.22529,4.73915,6.22421,1.09032,1314.16,1205.3,0.0,0.0,0.551,0.505357,0.0,1,0.0059439502,1.8453038606,1.8926508821706403
6.01939,4.81592,6.01939,1.89872,712.25,375.122,0.0,0.0,0.4102,0.216041,0.0,0,0.0016203275,0.5288161333,0.5465395100902771
6.01675,4.74609,6.01675,1.93131,685.918,355.156,0.0,0.0,0.4034,0.208873,0.0,0,0.0019562229,0.5730421088000001,0.6146391076653959
5.94961,4.80382,5.94961,1.93345,716.335,370.496,0.0,0.0,0.4134,0.213815,0.0,0,0.0018783310999999,0.6086563234000001,0.6038593404034741
5.89979,4.82106,5.89979,1.93984,705.302,363.588,0.0,0.0,0.4094,0.211048,0.0,0,0.0019324433,0.5720167756,0.6219506351356419
4.87289,4.04271,4.86475,1.11842,1707.65,1526.84,0.0,0.0,0.5666,0.506605,0.0,1,0.0065958933,2.3009739129,2.3017110523199578
5.22361,3.40377,5.22361,1.39671,578.501,414.189,0.0,0.0,0.4356,0.311876,0.0,1,0.0043759666,0.9743646365,1.0568842300837675
9.05788,8.40599,9.04804,0.706681,2105.01,2978.73,0.0,0.0,0.7028,0.994508,0.0,1,0.0031235106,1.4440469507,1.4488941343630977
6.9282,3.87493,6.90819,1.74491,1526.38,874.763,0.0,0.0,0.561,0.321507,0.0,1,0.0016692107999999,0.7379394495,0.7113258455575573
5.51262,3.86354,5.23725,1.5527,956.041,615.728,190.025,122.384,0.5024,0.323565,0.0,1,0.0028159966999999,1.0475383889,0.9874089836492727
5.58258,4.94247,5.58258,1.66592,467.165,280.425,0.0,0.0,0.3124,0.187524,0.0,1,0.0009319982,0.3291195253,0.3082572808302184
28.43131,15.91754,28.43131,0.251734,1350.35,5364.2,0.0,0.0,0.895,3.55533,0.0,1,0.0032722373,1.7635631022,1.6105934966069662
4.55228,3.8726,4.49338,1.6515,1184.67,717.327,0.0,0.0,0.5308,0.321405,0.0,1,0.0034931242,1.4378705669,1.263273720802903
5.31956,3.48582,5.3054,1.56034,1406.04,901.106,0.0,0.0,0.6028,0.386325,0.0,1,0.0013961635,0.6543591209,0.5806864183280754
4.68206,3.60956,4.68206,1.41956,703.501,495.576,0.0,0.0,0.4404,0.310237,0.0,0,0.0033890145,1.1228833445,1.0511198262856372
4.81263,3.80435,4.77754,1.65937,798.009,480.911,0.0,0.0,0.4498,0.271067,0.0,0,0.001534449,0.6347046332999999,0.593213078740953
4.78823,4.34338,4.74662,1.25646,1202.69,957.206,0.0,0.0,0.553,0.440126,0.0,1,0.0155903285,3.2247037866,3.135955803703646
4.79099,4.0094,4.67667,1.66988,586.788,351.395,42.4437,25.4172,0.4496,0.26924,0.0,0,0.0062761378,1.3628511992,1.5001743386165245
4.83695,4.09471,4.83695,1.59649,796.791,499.09,0.0,0.0,0.4516,0.282871,0.0,0,0.0071533975,1.6198690300999998,1.518604968014104
4.77714,4.04915,4.77714,1.67198,561.972,336.111,24.6403,14.7372,0.4404,0.2634,0.0,0,0.0064168915,1.3306793363,1.4384889501166738
12.5848,12.05657,12.5848,0.73279,1666.47,2274.15,0.0,0.0,0.7016,0.957436,0.0,0,0.0040017951,1.6185179922,1.5944268981286773
15.08334,7.94194,15.08334,0.584242,2219.37,3798.71,0.0,0.0,0.8024,1.3734,0.0,0,0.0024351278,1.2173041448,1.167448165252718
7.88297,4.15104,7.88297,1.15793,1890.02,1632.24,0.0,0.0,0.6168,0.532675,0.0,0,0.0054607741,1.9000449801,2.0403785028621737
6.30533,4.49793,6.29978,1.16773,1014.53,868.802,0.0,0.0,0.5164,0.442225,0.0,1,0.0012455575,0.5226202739,0.5726943849559517
9.00136,6.57223,9.00136,0.85431,2140.93,2506.03,0.0,0.0,0.7094,0.830378,0.0,0,0.0037310959999999,1.451684094,1.596125549901834
6.82644,4.81311,6.7091,1.14185,1358.99,1190.16,0.0,0.0,0.5914,0.517932,0.0,0,0.0040069803999999,1.2946263561,1.475091958679135
11.33189,6.86002,11.33189,0.649596,2356.83,3628.15,0.0,0.0,0.774,1.19151,0.0,1,0.0031731991,1.4487104393,1.455591256684046
4.86314,3.46095,4.86114,1.09882,730.753,665.036,0.0,0.0,0.4806,0.437379,0.0,0,0.0091873154,2.1379211843,2.186352104275695
7.23376,3.90094,7.22167,1.02876,1762.4,1713.12,0.0,0.0,0.6028,0.585946,0.0,1,0.0040262689,1.7145418564,1.6166116089339977
10.55614,5.67197,10.5437,1.00791,1714.99,1701.54,0.0538795,0.0534569,0.6458,0.640735,0.0,1,0.0039652403,1.475407775,1.5637531519527024
7.45404,4.653,7.45404,0.903111,1947.01,2155.89,0.0,0.0,0.6178,0.68408,0.0,0,0.0065384825,2.3696939677,2.4937863730910728
8.04408,6.54623,8.01999,0.696864,2211.4,3173.36,0.0,0.0,0.7326,1.05128,0.0,0,0.0033916687,1.5937425662,1.587398632650749
4.65728,3.47175,4.65433,1.22153,961.191,786.878,69.3358,56.7617,0.5406,0.442561,0.0,1,0.0031323297,1.2265803812,1.2237421927283494
4.42922,3.63352,4.42922,1.96256,310.567,158.245,0.0,0.0,0.4212,0.214617,0.0,1,0.0004712193,0.2037318818,0.17433053347793281
5.16871,3.64786,5.16485,0.985668,753.397,764.352,500.835,508.117,0.5382,0.546026,0.0,0,0.0148750981,3.1332243536,3.1177039011614056
6.18436,4.94333,5.98081,1.31558,928.05,705.433,194.939,148.177,0.529,0.402105,0.0,1,0.0054074499,1.6300186416999998,1.5151614209721036
6.76103,5.10334,6.76103,1.07696,1941.39,1802.66,0.0,0.0,0.6212,0.57681,0.0,0,0.0038836738,1.5905437636000002,1.625847050949672
5.66636,4.82954,5.66636,1.37462,738.511,537.249,0.0,0.0,0.318,0.231337,0.0,1,0.0038999153999999,1.1524644669,1.1277963850596564
6.52902,4.63625,6.52902,1.20846,1900.2,1572.41,0.0,0.0,0.613,0.507257,0.0,1,0.004516038,1.7593063768,1.7193606760491043
5.33619,3.90302,5.22967,1.1804,712.798,603.863,412.05,349.077,0.5362,0.454254,0.0,1,0.0018677465,0.7666953385999999,0.9254997566249483
4.49598,3.52102,4.49598,1.26918,746.378,588.079,0.0,0.0,0.5282,0.416174,0.0,1,0.0009560066999999,0.4613528848,0.4652325985988308
4.58174,3.69427,4.58174,1.68973,1137.53,673.202,0.0,0.0,0.5902,0.349287,0.0,1,0.0051786073,1.6122784454,1.696031599977201
5.62306,3.85048,5.61686,1.5787,1548.3,980.742,0.0,0.0,0.6176,0.391207,0.0,1,0.0044722501,1.5221365046000002,1.5698347255073632
5.19394,3.96476,5.19394,1.59085,1442.83,906.957,0.0,0.0,0.6148,0.386461,0.0,0,0.0056458121,1.8207769238,1.7735970597273938
10.15365,9.81645,10.15365,1.11827,1552.73,1388.51,0.0,0.0,0.6486,0.580004,0.0,0,0.0013381476999999,0.6080333726,0.6903399830698764
17.06952,6.66429,17.06948,0.730619,2158.98,2955.01,0.0,0.0,0.7424,1.01613,0.0,1,0.0043081039,1.8335101466,1.8206701443350164
5.09985,3.87591,5.09025,1.50728,1179.77,782.72,0.0,0.0,0.547,0.362907,0.0,1,0.0045599103,1.4621321249,1.4972324605193994
5.11247,3.90242,5.06469,1.50181,1156.11,769.817,0.0,0.0,0.5508,0.366759,0.0,1,0.0042886889,1.4723443652,1.420493654238641
6.30539,5.26051,6.30539,1.49546,1378.73,921.943,0.0,0.0,0.5664,0.378747,0.0,1,0.00416989,1.4229303041,1.496729854162902
4.98965,4.17051,4.98965,1.41285,672.875,476.256,0.0,0.0,0.4416,0.312561,0.0,0,0.0018897879999999,0.6381184179,0.6667971916224918
4.92633,4.45881,4.92633,1.33002,1110.7,835.1,0.0,0.0,0.469,0.352627,0.0,0,0.0075938783999999,2.1148227382,1.9405780493539002
4.56618,4.05009,4.56618,1.4926,751.203,503.284,0.0,0.0,0.4242,0.284201,0.0,0,0.005447813,1.3416320332,1.4142977123313871
4.53296,4.00605,4.52467,1.46371,719.363,491.465,0.0,0.0,0.4314,0.29473,0.0,0,0.0055849037,1.4358754123,1.4889450275991636
5.08767,3.82439,5.07588,1.48605,1252.4,842.773,0.0,0.0,0.5402,0.363514,0.0,1,0.0021551241,0.8994213737000001,0.8833088296286712
9.75671,8.56589,9.45457,1.06294,1335.32,1256.25,0.0,0.0,0.5826,0.548103,0.0,1,0.0024574489,1.1006063712,1.0685859764081436
6.47441,4.48765,6.46774,0.782233,2543.82,3252.0,0.0,0.0,0.7104,0.90817,0.0,0,0.0034330761,1.5947290165,1.6432929125650952
4.7504,3.70252,4.74887,1.26142,1014.67,804.388,0.0,0.0,0.555,0.439981,0.0,1,0.004655605,1.6385218317,1.556041236430139
10.87652,5.94063,10.87549,0.784217,2419.27,3084.95,0.0,0.0,0.7452,0.950247,0.0,1,0.0039171581,1.7916101944999998,1.77706818783685
4.62158,3.54405,4.62158,1.37822,778.037,564.523,55.153,40.0175,0.5524,0.400807,0.0,0,0.0013054845,0.5584874477,0.606533691096689
14.03402,9.0463,14.02308,0.76193,2112.49,2772.55,0.0,0.0,0.7494,0.983555,0.0,1,0.0043486981,1.8858750011,1.8449176576548831
5.41082,3.95109,5.41082,1.19816,1084.16,904.86,0.0,0.0,0.5322,0.444182,0.0,1,0.002685512,1.0250465699,1.0176357940136953
18.78417,14.89456,18.78417,0.315898,1578.36,4996.42,0.0,0.0,0.8756,2.77178,0.0,0,0.0032232822999999,1.5430601403,1.5408668891978483
8.3495,5.13588,8.1646,0.608298,3093.18,5084.98,0.0,0.0,0.7326,1.20434,0.0,0,0.0058689112,2.6087543597,2.5385558657710945
12.10808,3.4458,10.16044,0.913109,1657.88,1815.64,0.0,0.0,0.663,0.726091,0.0,1,0.0043081627,1.7563948455,1.8299153030426316
8.32537,4.10495,8.32349,0.82756,1557.76,1882.35,17.9805,21.7271,0.651,0.78665,0.0,1,0.0025368006,1.1204404156,1.1294223727582122
23.70226,22.8547,23.70226,0.394433,1769.36,4485.82,0.0,0.0,0.844,2.13978,0.0,0,0.0030135138,1.4690084418,1.4893287167147957
8.52957,6.78202,7.76045,1.30479,1180.46,904.71,435.839,334.03,0.602,0.461377,0.0,1,0.0101699755,3.1752000673,2.9235870567337816
5.63983,4.88733,5.62365,1.14617,1146.47,1000.26,0.0,0.0,0.486,0.424021,0.0,0,0.0060672229,1.8455105687,1.8186881270513569
5.60791,4.87769,5.56878,1.15397,1143.32,990.77,0.0,0.0,0.4896,0.424274,0.0,0,0.0062663295999999,1.8665107924,1.8865902338677845
5.70711,4.91694,5.69105,1.1407,1134.98,994.985,0.0,0.0,0.4988,0.437277,0.0,0,0.0060026976,1.7741125941,1.8151974947240084
4.86191,4.39042,4.86191,1.23808,888.924,717.986,0.0,0.0,0.4546,0.367182,0.0,0,0.0065078385999999,1.6189087348,1.6776503838594616
5.27742,4.83558,5.27742,1.18109,1071.17,906.928,0.0,0.0,0.4762,0.403186,0.0,0,0.0062147093,1.7839792313,1.7680784900206457
5.93161,4.23353,5.92922,1.12874,1308.17,1158.97,0.0,0.0,0.541,0.479296,0.0,0,0.006681222,2.1114542432,2.066198331469588
8.83543,4.89469,8.82746,0.624336,3070.63,4918.23,0.0,0.0,0.7,1.12119,0.0,0,0.0061631892,2.786893643,2.6644574777271472
5.50159,4.45937,5.49668,1.2167,2188.23,1798.5,0.0,0.0,0.652,0.535877,0.0,1,0.0021745588,0.9569126238,0.9339952674843912
6.8261,5.31039,6.2759,1.01498,2208.17,2175.58,0.0,0.0,0.6538,0.644149,0.0,1,0.0045042312,1.9253269285,1.8502549611537598
5.03956,3.43426,5.01641,1.51423,609.631,402.601,6.8807,4.54403,0.48,0.316993,0.0,1,0.005533013,1.3166374007,1.4721580472334297
6.71751,4.61596,6.71751,1.15559,1670.87,1445.9,0.0,0.0,0.5844,0.505717,0.0,1,0.003720319,1.4480787827,1.4603610955095956
7.29706,4.00765,6.07294,1.2292,1638.5,1332.99,0.0,0.0,0.575,0.467785,0.0,1,0.0057817619,1.9442525011000005,1.9576254354955718
5.63987,3.43131,5.63987,1.70238,1080.26,634.558,0.0,0.0,0.5028,0.295352,0.0,1,0.0047442858,1.356763414,1.3997425548827043
6.32021,4.20706,6.31633,1.716,1292.29,753.082,0.0,0.0,0.5408,0.315151,0.0,1,0.0054290495999999,1.5827795751,1.676489815840108
6.42466,5.8923,6.42466,1.33156,1407.54,1057.05,0.0,0.0,0.5312,0.398929,0.0,1,0.0035488058,1.4815822114,1.3701511099715953
6.33252,5.73011,6.33252,1.22757,1418.96,1155.91,0.0,0.0,0.5282,0.430281,0.0,1,0.0043201698,1.8301754831,1.5477291919648961
6.155,5.22739,6.12328,1.60811,1166.91,725.638,0.0,0.0,0.4436,0.275852,0.0,1,0.0035752612,1.2326291369,1.1966136163760006
5.4823,3.49814,5.47353,1.38751,591.329,426.179,114.439,82.4776,0.4482,0.323024,0.0,1,0.0015613252,0.5997132743,0.5440292850808601
7.91812,7.59324,7.91812,1.47122,1126.87,765.945,0.0,0.0,0.5294,0.359837,0.0,1,0.0011534546,0.5040985957999999,0.5326535164105533
8.69843,6.41352,8.68476,1.38534,1756.27,1267.75,0.0,0.0,0.642,0.463424,0.0,0,0.0013095183,0.6134884261,0.6098944181878727
5.47734,4.35167,5.29891,2.01178,1095.39,544.49,0.870043,0.432475,0.5328,0.264841,0.0,1,0.0028044544,0.8143213609000001,0.9535951842991058
5.37435,4.22886,5.37435,1.12816,1186.89,1052.06,0.0,0.0,0.5522,0.48947,0.0,0,0.0080937049,2.539316204,2.29758395789536
6.73203,3.67524,6.71149,1.26793,1413.13,1114.52,0.0,0.0,0.5564,0.438826,0.0,0,0.0035866140999999,1.3851618152,1.3885331763640292
6.73345,3.74488,6.72117,1.28647,1439.37,1118.85,0.0,0.0,0.5556,0.43188,0.0,0,0.0034278905,1.3857450619,1.3786843654107128
5.85435,3.49017,5.85435,1.41425,459.28,324.752,4.50371,3.18452,0.4168,0.294714,0.0,0,0.0026235365,0.7408334045,0.7402515950862657
5.86312,3.92573,5.85006,1.18848,1521.84,1280.49,0.0,0.0,0.5574,0.469003,0.0,1,0.0057080195999999,1.9619763199,1.9701086545192947
11.02675,7.87011,11.02675,0.803859,2205.78,2743.99,0.0,0.0,0.7232,0.89966,0.0,1,0.0018250376,0.9243369107,0.8480080244305611
9.90019,7.46213,9.90004,0.9042,1987.19,2197.73,0.0,0.0,0.6998,0.773944,0.0,1,0.0023077468,1.0358526593,1.096556656089477
11.37997,7.84586,11.37913,0.791329,2050.25,2590.9,0.0,0.0,0.7294,0.921741,0.0,1,0.0017283304,0.8891677418,0.7912792762495118
10.82518,7.21362,10.82516,0.846584,2017.74,2383.39,0.0,0.0,0.7126,0.841735,0.0,1,0.001837436,0.8746839854999999,0.8567430068958954
8.97021,6.86873,8.96999,1.02124,1801.67,1764.2,0.0,0.0,0.6662,0.652342,0.0,1,0.0021341699,0.9940106967,0.9801795535933361
12.94916,9.87431,12.94916,0.591794,2246.92,3796.8,0.0,0.0,0.7696,1.30045,0.0,1,0.002995824,1.4049663556999998,1.4079726965207529
4.58854,4.14721,4.58854,1.14854,1287.04,1120.59,0.0,0.0,0.5678,0.494365,0.0,1,0.0018513144,0.8042444839,0.82800648158155
4.79853,3.61328,4.79853,1.52895,747.86,489.132,0.0,0.0,0.4994,0.326629,0.0,1,0.0013692684,0.5653538896,0.49286099897907143
5.15548,4.03539,5.14476,1.3667,952.931,697.251,1.82887,1.33817,0.456,0.333651,0.0,1,0.0008146423,0.3792077521,0.4104962544013131
12.53944,4.7914,12.4029,0.822662,2143.27,2605.28,0.0,0.0,0.7056,0.857703,0.0,1,0.0058507605,2.2639113324,2.123514966834859
5.27825,3.53087,5.19969,0.862596,1941.73,2251.03,0.0,0.0,0.6554,0.7598,0.0,1,0.0044121685999999,1.8495697937,1.8219803140529092
19.48655,7.36184,19.24065,0.593799,2227.14,3750.66,0.0,0.0,0.7806,1.31459,0.0,1,0.0035689022999999,1.6380742277000002,1.6527407700860521
9.43814,4.59805,9.43814,1.24517,1642.64,1319.2,2.40063,1.92795,0.6318,0.5074,0.0,1,0.0030833684,1.3802556858,1.2343848895247178
5.18269,3.6406,5.1729,1.69201,1269.56,750.33,0.0,0.0,0.571,0.337469,0.0,0,0.0160629776,2.8338149758,3.198258444474746
7.49376,5.16023,7.49376,0.72122,2310.7,3203.88,0.0,0.0,0.6912,0.958376,0.0,0,0.0050332008,2.2840255372,2.122789989511077
11.12952,5.24741,11.12952,1.02735,1615.52,1572.51,0.0,0.0,0.5816,0.566115,0.0,1,0.0022164819,0.9708135557,0.9739853974868493
10.2361,7.27261,10.14502,0.69251,1823.51,2633.19,0.0,0.0,0.6952,1.00388,0.0,1,0.0036040527,1.5512852716,1.6265335101844876
10.11008,7.63969,10.07674,0.70182,1853.59,2641.12,0.0,0.0,0.6866,0.978314,0.0,1,0.003964282,1.6742885588999998,1.7220397896574122
10.39855,7.33583,10.39855,0.70723,1815.66,2567.28,0.0,0.0,0.6916,0.9779,0.0,1,0.0037524074,1.6224865847,1.651457504812664
10.2269,8.71112,10.19864,0.711062,1763.31,2479.82,0.0,0.0,0.6842,0.962223,0.0,1,0.0036976933,1.6709512718,1.6503926632147354
12.11698,9.08074,12.11414,0.619951,1818.86,2933.88,0.0,0.0,0.7208,1.16267,0.0,1,0.0036037134,1.6050908847999998,1.6499124277563082
7.76009,5.17265,7.74555,1.0195,2020.5,1981.85,0.0,0.0,0.6252,0.613242,0.0,1,0.0029775879999999,1.3192378918,1.3027426767366592
4.97475,3.84254,4.97057,1.32525,657.853,496.398,0.0,0.0,0.4546,0.343029,0.0,1,0.0060720055,1.4639310205,1.5018486073253434
5.48842,3.66587,5.4468,1.48531,1066.45,718.001,0.0,0.0,0.5288,0.356021,0.0,1,0.0090492044,2.2813948204,2.143143593247523
4.9355,3.41269,4.9355,1.26902,576.242,454.085,0.0,0.0,0.4542,0.357915,0.0,0,0.0050226390999999,1.1872094799,1.2767261900748927
6.29862,4.63989,6.29862,1.01225,1229.62,1214.75,0.0,0.0,0.5338,0.527343,0.0,0,0.0079523518,2.210904231,2.336719728166241
6.32885,4.07784,6.32149,0.837909,1976.96,2359.4,0.0,0.0,0.6126,0.731105,0.0,0,0.0062824110999999,2.5909264481,2.569873254856832
8.32795,7.15006,8.32795,1.52785,1060.51,694.117,0.0,0.0,0.5724,0.374644,0.0,1,0.0006053412,0.310801073,0.28331410834994086
9.25957,5.86045,9.25957,0.936428,1023.97,1093.48,181.933,194.284,0.5896,0.629627,0.0,1,0.0030105763,1.2008636665,1.0713896182148932
9.77773,6.64666,9.77773,0.912205,1093.16,1198.37,132.875,145.663,0.5876,0.644153,0.0,1,0.0032662169,1.1774181579,1.1163528220106937
10.78123,7.93542,10.78123,0.823199,1422.11,1727.54,11.597,14.0878,0.6292,0.764335,0.0,0,0.0019065651,0.8914094425,0.8217200962107133
11.74767,8.70516,11.74078,0.798853,1389.42,1739.27,15.3936,19.2696,0.6548,0.819675,0.0,0,0.0024096826,0.8574072645999999,1.023635415358606
5.36799,3.75589,5.36799,1.02114,1113.68,1090.63,0.0,0.0,0.58,0.567992,0.0,0,0.0096749047,2.5699011257,2.7119709230963993
10.51647,6.32242,10.51647,0.652816,2155.36,3301.64,0.0,0.0,0.7166,1.09771,0.0,0,0.0036378346999999,1.6987212361,1.6446239577727406
10.514,7.06946,10.514,0.669354,2073.02,3097.05,0.0,0.0,0.7026,1.04967,0.0,1,0.0040320493,1.7742236277,1.7758390516269957
9.29118,6.23555,9.29118,0.722566,1940.52,2685.59,0.0,0.0,0.6812,0.942751,0.0,1,0.0040745134,1.6729875736000002,1.7733234863809586
9.33073,8.38879,9.32654,0.70416,2028.32,2880.48,0.0,0.0,0.6852,0.973074,0.0,0,0.0053732131,2.067661519,2.305223259783755
5.93645,4.5492,5.93645,1.10165,1649.71,1497.5,0.0,0.0,0.558,0.506515,0.0,0,0.0053403368999999,1.8534645364,1.9446005844093797
6.15206,4.47904,5.79334,1.09763,1721.78,1568.64,0.0,0.0,0.559,0.50928,0.0,0,0.0054502515,1.9174487712,1.9761015786509206
7.16916,5.08713,7.16916,1.9547,862.063,441.02,0.0,0.0,0.4422,0.226224,0.0,0,0.001813922,0.6465776342,0.648147451034576
7.32486,5.10994,7.32486,1.82355,868.952,476.517,0.0,0.0,0.451,0.24732,0.0,0,0.0018194684,0.6859659173,0.6625842035319515
7.25865,5.07987,7.25865,1.86882,874.187,467.775,0.0,0.0,0.4444,0.237797,0.0,0,0.001924827,0.6713440004000001,0.6762664053734155
7.23101,5.08834,7.23101,1.90327,884.824,464.897,0.0,0.0,0.4492,0.236015,0.0,0,0.0018408638,0.6569539502,0.6809809080994326
6.06432,4.11134,6.06432,2.34842,1354.27,576.674,0.0,0.0,0.5366,0.228494,0.0,1,0.0010207562,0.4682182327,0.44938411610511797
9.97802,9.8426,9.97802,1.0723,1065.95,994.074,0.0,0.0,0.5548,0.517392,0.0,0,0.0012509016,0.6153083762,0.5858525087105194
10.07018,9.94208,10.07018,1.22593,1035.72,844.843,0.0,0.0,0.5562,0.453697,0.0,0,0.0010774317,0.5500495394,0.5228476163864583
9.99905,9.84285,9.99905,1.06849,1087.54,1017.83,0.0,0.0,0.5632,0.527098,0.0,0,0.0011968086,0.6158312757,0.5713266070131447
6.08051,3.77232,6.05891,1.56855,1166.99,743.994,0.0,0.0,0.5416,0.345287,0.0,1,0.0025810912,0.9102485096,0.9316370003759599
5.114,4.10664,5.114,1.17728,905.001,768.724,0.0,0.0,0.527,0.447643,0.0,1,0.0023413326,0.9185437769,0.9426034129221779
5.57969,4.82285,5.52558,1.97565,709.524,359.134,0.0,0.0,0.437,0.221193,0.0,1,0.0021819156,0.6350871764,0.6859107428550327
8.07557,7.19713,7.70521,0.981503,1333.18,1358.3,51.1851,52.1497,0.584,0.595006,0.0,0,0.0031508027,1.3591414572999998,1.2545677967535198
6.31717,4.2524,6.31717,0.893807,2347.07,2625.93,0.0,0.0,0.6358,0.711339,0.0,0,0.0051481414,2.1894975286,2.2451487852929466
9.5634,6.50142,9.5634,0.680526,2284.07,3356.33,0.0,0.0,0.7158,1.05183,0.0,0,0.0026940122999999,1.2527273885,1.2795811959111496
6.1387,4.49344,6.1387,0.940059,2165.41,2303.48,0.0,0.0,0.6574,0.699317,0.0,1,0.0035972296,1.498795857,1.5813125216582902
11.26336,10.79912,11.26336,0.878987,1904.31,2166.48,0.0,0.0,0.7036,0.800467,0.0,1,0.0021126871,0.9390426512,0.9981479180512924
5.08668,4.25333,5.08214,1.48919,879.713,590.733,0.0,0.0,0.5098,0.342334,0.0,1,0.0046699092999999,1.272514522,1.4073946229448089
4.28353,4.03476,4.28353,1.49492,252.024,168.587,0.0,0.0,0.3994,0.267172,0.0,1,0.001076489,0.3647876145,0.3858466408508747
5.43084,3.59671,5.41371,0.985749,2031.66,2061.03,0.0,0.0,0.67,0.679686,0.0,1,0.0012570934,0.5738740414,0.5805507157388453
5.2265,4.77382,5.2265,1.35803,835.979,615.584,0.0,0.0,0.4602,0.338874,0.0,1,0.0042918668,1.2344255317,1.2708427826735997
6.9462,5.87305,6.9462,1.26346,2180.21,1725.6,0.0,0.0,0.6444,0.51003,0.0,1,0.003587001,1.4994195696,1.5260931444257224
4.58785,3.57723,4.32835,1.52818,688.664,450.644,0.0,0.0,0.5224,0.341845,0.0,0,0.0080914988,1.9789259663,1.9171637679964828
5.26056,3.44551,5.26056,1.3794,1193.29,865.074,0.0,0.0,0.5622,0.407567,0.0,1,0.0041040291999999,1.4708729355,1.4284332285389287
9.5696,5.43482,9.51118,0.6688,2216.08,3313.52,0.0,0.0,0.6986,1.04456,0.0,0,0.0037229681,1.7286505355,1.6587569155837536
13.52781,8.78691,13.51433,0.408029,2079.05,5095.35,0.0,0.0,0.8498,2.08269,0.0,0,0.0028877959999999,1.3998402924000002,1.4073762993828414
4.17676,3.4851,4.17082,1.22883,636.577,518.037,0.0,0.0,0.5146,0.418774,0.0,0,0.0040072131,1.5292804813999998,1.3007296382487836
5.53082,4.05182,5.47464,1.47192,707.209,480.467,0.0,0.0,0.4518,0.306946,0.0,0,0.0034167761,0.926914066,1.028763659362645
6.76851,6.40962,6.75925,1.06856,1310.99,1226.88,0.0,0.0,0.5662,0.529874,0.0,1,0.0037978047,1.3627197156,1.5052998550810746
8.03478,4.99407,8.03478,0.817121,2079.34,2544.72,0.0,0.0,0.6862,0.839778,0.0,1,0.005043813,2.1662468230000003,2.067527493362316
8.07184,5.576,8.06069,0.920261,2034.27,2210.53,0.0,0.0,0.6426,0.69828,0.0,0,0.0037830444,1.615999715,1.6144337731834821
8.36266,5.62116,8.35172,0.801466,2331.72,2909.32,0.0,0.0,0.6656,0.830478,0.0,1,0.0062965306,2.5918246506,2.428633876037913
5.34889,4.37091,5.2699,1.32744,1070.91,806.748,0.0,0.0,0.5284,0.398059,0.0,1,0.0080726572,2.1073853046,2.0812179808470583
5.82311,4.37702,5.76138,1.28628,1179.38,916.891,0.0,0.0,0.5444,0.423237,0.0,1,0.0066875406999999,1.9395721265,1.9021674245695297
5.71457,4.11763,5.69455,1.40487,535.949,381.495,295.743,210.514,0.4902,0.34893,0.0,1,0.0065265828,1.5195854638,1.5059868818096682
5.082,3.77684,5.05347,1.04512,1065.89,1019.88,0.0,0.0,0.4842,0.463297,0.0,0,0.0122502004,2.69803981,2.762020019803116
5.40217,4.39968,5.38357,1.7244,1051.83,609.969,0.0,0.0,0.4942,0.286592,0.0,1,0.001568611,0.6100061137,0.5750961603185735
5.13222,4.08543,5.13222,1.68431,1029.92,611.476,0.0,0.0,0.4906,0.291276,0.0,1,0.0018369659,0.7239537765999999,0.6665770087725232
5.76939,3.85425,5.57935,1.03783,2096.3,2019.88,0.0,0.0,0.6036,0.581597,0.0,1,0.0034422859,1.5311954806,1.5029606262223287
8.32761,5.8376,8.32761,0.662866,2535.19,3824.58,0.0,0.0,0.725,1.09373,0.0,0,0.0035446833,1.5928008486,1.6384544020100962
7.15079,6.5153,7.14534,0.88298,1302.1,1474.67,43.0565,48.7627,0.5668,0.641917,0.0,1,0.0021320754,0.9570793877,0.9514442666282873
6.90703,4.72819,6.90703,1.13022,1690.08,1495.36,0.0,0.0,0.5888,0.520963,0.0,1,0.0034065990999999,1.3920128536,1.4028137932430798
12.68207,7.60887,12.68207,0.711281,1866.25,2623.79,0.0,0.0,0.7144,1.00439,0.0,1,0.002523686,1.2314859752,1.1623947723471004
9.70753,8.64872,9.70205,0.819549,2343.2,2859.13,0.0,0.0,0.7048,0.859985,0.0,1,0.0040446607,1.8006894756,1.7647009677550316
9.0043,8.36575,9.0043,0.810849,2358.37,2908.52,0.0,0.0,0.7174,0.884751,0.0,1,0.0041173315,1.824068613,1.805872508811681
9.64298,8.71131,9.6207,0.809539,2189.42,2704.52,0.0,0.0,0.7184,0.887419,0.0,1,0.0049444102,1.9640272183,2.0295459238218423
12.65736,11.14997,12.63796,0.678305,2348.61,3462.47,0.0,0.0,0.757,1.11602,0.0,1,0.0037561169,1.6876172969999998,1.7035973851014519
9.62394,4.35849,9.62394,1.57097,2049.09,1304.34,0.0,0.0,0.6364,0.405099,0.000509239,0,0.0019040342999999,0.8542138837000001,0.8189405193027597
10.79969,7.20507,10.77322,1.03513,1844.88,1782.26,0.0,0.0,0.6792,0.656147,0.0,1,0.0029411297999999,1.2680962696,1.2906625499719897
7.7085,4.09601,7.43001,1.34893,1247.81,925.035,50.2931,37.2837,0.56,0.415144,0.0,1,0.0028200753,1.1125529359,1.0570351854759186
8.53834,6.535,8.52358,0.823713,2522.95,3062.9,0.0,0.0,0.705,0.85588,0.0,1,0.0061045619999999,2.5103928294,2.379144634715415
12.81278,3.94057,12.81278,0.929822,1555.72,1673.14,0.0,0.0,0.6134,0.659696,0.0,1,0.0069536301,2.3311789264,2.345795030086285
4.64861,4.20723,4.64861,1.96566,477.402,242.871,0.0,0.0,0.3902,0.198508,0.0,1,0.001478867,0.5018306547,0.4725466212385876
6.72718,4.71693,5.67099,0.945137,1965.67,2079.78,0.0,0.0,0.6212,0.657259,0.0,1,0.0055210146,2.1646126393,2.188150542677201
6.29254,4.20047,6.29254,1.82522,2184.33,1196.75,0.0,0.0,0.6642,0.363901,0.0,1,0.0013954136999999,0.5947968292,0.6180959406936037
12.9498,9.58722,12.94902,0.417413,1982.69,4749.95,0.0,0.0,0.8202,1.96496,0.0,1,0.0030024983,1.4737586712,1.509853053857031
6.6968,4.95321,6.255,1.67243,1875.63,1121.5,0.0,0.0,0.609,0.364141,0.000119587,1,0.0008641905,0.4107746253,0.4039928221576168
5.30738,5.07102,5.30738,1.24196,982.107,790.77,0.0,0.0,0.4718,0.379883,0.0,0,0.0059950886,1.7140794131,1.621002252493315
8.74413,5.00268,8.74413,0.838204,1937.33,2311.28,0.0,0.0,0.645,0.769503,0.0,1,0.0035108415,1.5972323729,1.5616242567428802
20.39112,7.95732,20.39112,0.40349,1914.78,4745.53,0.0,0.0,0.8268,2.04912,0.0,0,0.0034300024,1.6685669842,1.693461224366896
20.29966,7.90669,20.29476,0.413296,1915.83,4635.5,0.0,0.0,0.824,1.99373,0.0,0,0.0033873401,1.6317211489,1.6788987260941675
8.09105,7.71087,8.06629,1.03438,1360.39,1315.18,0.0,0.0,0.5716,0.552602,0.0,1,0.0025095170999999,1.0915755843,1.109123497761204
7.44329,6.41787,7.44329,0.943252,2339.38,2480.12,0.0,0.0,0.7078,0.750383,0.0,1,0.0030542528,1.2987516056,1.3986093923667544
8.79152,6.71431,8.77922,0.851648,2192.52,2574.44,0.0,0.0,0.6926,0.813247,0.0,1,0.0044275514,1.8257451031,1.7739994232731533
12.6239,9.97272,12.61095,0.806244,1575.25,1953.81,0.0,0.0,0.686,0.850859,0.0,0,0.0028587761,1.2887626666,1.2474857366680552
12.5506,9.93166,12.1307,0.813948,1593.28,1957.47,0.0,0.0,0.685,0.841577,0.0,0,0.0029291459999999,1.3397126544,1.2952613099524193
4.97918,4.38997,4.82512,1.76091,1048.99,595.709,0.0,0.0,0.479,0.272019,0.0,1,0.0011005456,0.4511596461,0.47430467935083676
5.79599,4.2449,5.79493,1.26187,1474.68,1168.65,0.0,0.0,0.5752,0.45583,0.0,1,0.0026440588,1.0559318853,1.0586089806522336
10.03153,6.17304,10.03153,0.42881,2478.11,5779.04,0.0,0.0,0.8074,1.88288,0.0,1,0.0031202675,1.6057881980000002,1.5765449368324185
6.62997,6.29787,6.59524,1.04722,1606.71,1534.25,0.0,0.0,0.612,0.584403,0.0,0,0.0039708964,1.6142739722,1.64921335739872
10.73827,9.8398,10.73827,0.874765,1685.19,1926.45,0.0,0.0,0.684,0.781924,0.0,0,0.0030268064,1.3205230847,1.339819506202807
9.41711,9.09464,9.41711,0.965845,1677.36,1736.68,0.0,0.0,0.6676,0.691208,0.0,0,0.0033958328,1.5490675622,1.5301474973362728
4.95983,4.34552,4.92681,3.2621,618.922,189.731,0.0,0.0,0.4194,0.128567,0.0,1,0.0005246035,0.2032298376,0.20713979760551937
7.26408,5.9349,7.24141,0.928559,1699.23,1829.96,0.0,0.0,0.6226,0.670501,0.0,1,0.0042454395,1.8103069455,1.7552148940014876
9.64796,7.3234,9.64796,0.745691,1847.95,2478.17,0.0,0.0,0.6678,0.895545,0.0,1,0.0020718225,0.9693037033,1.0073637992297328
11.31643,10.12794,11.31643,1.037,1594.72,1537.82,0.0,0.0,0.6458,0.622755,0.0,1,0.0021921883,1.0341508709,1.0431659389784533
7.28997,5.75367,7.27102,1.31871,593.793,450.282,0.0,0.0,0.4674,0.354437,0.0,0,0.0007269233,0.3353060481,0.3294828446550011
8.23002,7.90173,8.23002,1.32672,694.39,523.389,0.0,0.0,0.4528,0.341293,0.0,0,0.0010002239,0.5179117152,0.46106104682267945
4.26001,3.61738,4.26001,1.58988,662.885,416.939,121.875,76.6569,0.5738,0.360907,0.0,0,0.0009864678,0.4552401533,0.5245459132435791
6.32999,3.64698,6.28248,1.49391,1433.42,959.509,0.0,0.0,0.5336,0.357182,0.0,1,0.0055212374,1.664220764,1.7875234567514975
16.24786,12.96845,16.24786,0.632439,2294.44,3627.92,0.0,0.0,0.7656,1.21055,0.0,1,0.0029088369,1.3740847911,1.3541703463356871
8.07676,5.90613,8.07676,1.09695,1250.92,1140.36,257.39,234.642,0.6018,0.548613,0.0,1,0.0058802481999999,1.5312384327000002,1.8531483225447118
7.73199,5.01492,7.73199,1.17458,1427.74,1215.53,0.0,0.0,0.5802,0.493962,0.0,1,0.0075099388,2.1827462173,2.2424180423147924
5.20725,4.43194,5.19154,1.26433,2211.95,1749.5,0.0,0.0,0.6598,0.521856,0.0,0,0.0044637093,1.8093578418,1.7979121965427953
5.76124,3.82869,5.74335,1.27239,1739.17,1366.85,0.0,0.0,0.5698,0.447817,0.0,1,0.0062722685999999,2.1367106595,2.1132714388636464
5.75448,3.84672,5.66179,1.27352,1748.75,1373.16,0.0,0.0,0.5668,0.445064,0.0,1,0.0061638143999999,2.1106974649,2.065497419476285
9.86619,7.72074,9.86533,2.03715,1524.44,748.321,0.0,0.0,0.6278,0.308175,0.0,0,0.0004939941,0.2443587123,0.302914699251533
4.69926,3.5008,4.58086,1.87274,282.887,151.055,108.889,58.1444,0.4116,0.219785,0.0,1,0.0052532272,1.2047300238,1.2386199887848237
6.84915,5.33678,6.8307,1.1268,1367.78,1213.86,0.0,0.0,0.5334,0.473376,0.0,0,0.0044135118,1.6269843274,1.6156711791696994
4.91096,3.9591,4.91096,1.65468,587.51,355.059,0.0,0.0,0.4326,0.26144,0.0,0,0.001839503,0.6276816365,0.6137252150179848
5.80337,3.48765,5.78397,1.34417,868.475,646.107,0.0,0.0,0.4594,0.341773,0.0,0,0.0060578764,1.4169759746,1.5124760495117524
6.78044,6.29448,6.78044,1.39086,1751.0,1258.94,0.0,0.0,0.6318,0.454253,0.0,0,0.0017057336999999,0.7418519253,0.8176525842771897
5.45406,4.34442,5.40178,1.56119,1403.37,898.914,0.0,0.0,0.5862,0.375483,0.0,0,0.0054159142,1.6415575694,1.7255730195752375
4.87031,3.7868,4.87031,2.14625,806.195,375.629,0.0,0.0,0.4228,0.196995,0.0,1,0.0011264582,0.4330514114,0.4353796246661259
5.07944,3.8505,5.07201,1.90767,927.816,486.36,0.0,0.0,0.4506,0.236204,0.0,1,0.0012504544,0.4745831647,0.4877098931392345
4.64256,3.74008,4.5445,1.27422,518.012,406.533,0.0,0.0,0.439,0.344525,0.0,0,0.0015269423,0.5809896904999999,0.5589767134469735
6.30976,5.8805,6.27431,1.0194,1983.73,1945.99,0.0,0.0,0.653,0.640576,0.0,1,0.0038667811999999,1.4934232217,1.6516116727644667
6.16235,3.65442,6.15987,1.71122,898.254,524.922,0.0,0.0,0.4748,0.277464,0.0,1,0.0045625612,1.2860820217,1.3006685999167042
6.79743,4.32524,6.79743,1.08441,2203.63,2032.1,0.0,0.0,0.6682,0.616187,0.0,1,0.0061756208,2.497585413,2.4725601538011346
6.7342,4.37179,6.7342,1.07253,2222.65,2072.34,0.0,0.0,0.6664,0.621333,0.0,1,0.0059041923,2.4284981452000003,2.3380400049195726
6.16574,5.62335,6.16574,2.01565,1416.67,702.835,0.0,0.0,0.5266,0.261256,0.0,0,0.0095988206,2.1087891903,2.2431306084855622
5.60593,4.335,5.59414,1.55077,1730.4,1115.83,0.0,0.0,0.5626,0.362788,0.0,1,0.0029554414,1.1429514836,1.144989327065564
5.5138,4.26379,5.5027,1.61573,1676.6,1037.67,0.0,0.0,0.5562,0.34424,0.0,1,0.003094749,1.1589095175,1.1609485533277741
13.18345,6.57771,10.98623,0.873765,2179.56,2494.44,0.0,0.0,0.722,0.826309,0.0,1,0.0039015257,1.5144038628999998,1.5592238145110813
5.48661,4.24072,5.47557,1.63135,1674.67,1026.56,0.0,0.0,0.5538,0.339473,0.0,1,0.0030688147,1.1668553951,1.168135551753586
13.20001,6.4144,13.20001,0.879595,2120.61,2410.89,0.0,0.0,0.713,0.810601,0.0,1,0.0045644998,1.5823599163,1.662942684277481
5.47175,4.23311,5.43757,1.66186,1666.92,1003.04,0.0,0.0,0.5532,0.33288,0.0,1,0.0030518633,1.1524715989,1.1673881234329841
13.22557,6.52759,13.22557,0.869317,2182.06,2510.09,0.0,0.0,0.7238,0.832608,0.0,1,0.0037488828999999,1.4919510096000002,1.5225378429702094
5.44662,4.20794,5.39592,1.67888,1662.67,990.343,0.0,0.0,0.552,0.328791,0.0,1,0.0031193207,1.1478814118,1.1688425578054815
5.40684,4.19271,5.39701,1.71304,1637.64,955.985,0.0,0.0,0.5474,0.319548,0.0,1,0.003089399,1.157507758,1.1668958360325061
5.18747,4.15785,5.187,1.04558,711.454,680.438,252.551,241.541,0.5228,0.500009,0.0,1,0.0053396188,1.6661248633,1.745332206503206
16.05073,15.64664,16.05073,1.00283,1515.79,1511.5,0.0,0.0,0.658,0.656142,0.0,1,0.0036802401,1.400772649,1.4811257338001207
16.06628,15.68836,16.05839,1.01053,1521.53,1505.68,0.0,0.0,0.6416,0.634917,0.0,1,0.0037221049,1.4017760618,1.4751736407255016
4.97225,4.13588,4.96966,1.70618,1252.65,734.185,0.0,0.0,0.581,0.340527,0.0,0,0.0082522701,2.1316174771000003,2.1686140908216607
5.00176,4.50394,4.98274,1.67146,1332.86,797.421,0.0,0.0,0.5778,0.345685,0.0,0,0.0075358221,2.0605841801,2.063149439790479
6.70756,4.84545,6.68635,1.15517,2264.75,1960.54,0.0,0.0,0.6434,0.556977,0.0,1,0.0039998889,1.6966998237,1.6464799220294093
6.60931,5.74465,6.60446,1.16881,1703.33,1457.32,0.0,0.0,0.5968,0.510603,0.0,1,0.0030651798999999,1.259380622,1.2849735246138945
5.02137,3.75623,4.99615,1.79998,1015.1,563.953,0.0,0.0,0.5264,0.292448,0.0,1,0.0072334664,1.6923413230000002,1.7521358465847807
4.95574,3.57203,4.9334,2.30558,814.836,353.419,0.0,0.0,0.4958,0.215043,0.0,1,0.0159387491999999,2.2981522948,2.2298731817611044
5.51379,4.36093,5.51127,1.7785,832.969,468.356,0.0,0.0,0.4352,0.244701,0.0,0,0.0041241372,1.0794940848,1.0670449994298594
5.46839,4.30835,5.46382,1.80799,845.912,467.873,0.0,0.0,0.4296,0.237611,0.0,0,0.0043277034,1.0972082048,1.0727362522219814
7.40414,5.70962,7.40414,1.17288,870.384,742.093,0.0,0.0,0.5052,0.430735,0.0,0,0.0015145473,0.6470042912,0.6069034131270113
4.81641,3.7003,4.81641,3.15291,1757.15,557.309,0.0,0.0,0.577,0.183005,0.0,1,0.0004991384999999,0.2386766537,0.2827328980961945
12.63372,9.84913,12.63125,0.49196,2089.33,4246.95,0.0,0.0,0.786,1.59769,0.0,1,0.0030629098,1.4917788800999998,1.472623155139721
4.34425,3.82182,4.33967,1.80066,838.501,465.663,0.0,0.0,0.5398,0.299779,0.0,1,0.0009943267,0.4167876464,0.4447053824471596
5.63215,4.41962,5.58123,0.709614,2844.3,4008.23,0.0,0.0,0.7052,0.99378,0.0,1,0.0047356366,2.0037971345,2.108361599782729
9.35814,4.03338,9.35814,0.94009,1810.27,1925.64,0.0,0.0,0.6284,0.668447,0.0,1,0.0043682661,1.8480603788,1.739002847817178
5.27982,3.88793,5.27982,1.92173,1036.22,539.212,0.0,0.0,0.5212,0.271214,0.0,1,0.0029991796999999,1.0404169159,0.988528258996886
5.65697,3.6533,5.65697,1.24473,444.163,356.836,0.0,0.0,0.424,0.340637,0.0,1,0.0014152548,0.4514749588,0.45202326303688256
4.27147,3.60968,4.26595,1.49233,736.38,493.444,0.0,0.0,0.5148,0.344964,0.0,1,0.0038916494,1.2937921976,1.3014793999643361
5.272,3.4615,5.24671,1.60135,599.11,374.128,0.0,0.0,0.458,0.286009,0.0,1,0.002546825,0.7774793347,0.775125669974663
6.2915,4.5306,6.2915,1.16326,1032.52,887.604,0.0,0.0,0.5158,0.443408,0.0,1,0.0011900202,0.5219046516,0.5588496249357653
5.29891,3.4654,5.27682,1.58723,589.473,371.386,0.0,0.0,0.45,0.283514,0.0,1,0.0023627238,0.7488698774,0.7431102539233093
6.20577,4.3891,6.20321,1.19479,1004.19,840.475,0.0,0.0,0.5078,0.42501,0.0,1,0.0011068768,0.4844880426,0.5252995375403359
6.42335,4.78031,6.35158,1.15007,1090.31,948.038,0.0,0.0,0.529,0.459971,0.0,1,0.0010741989,0.5248306429999999,0.5605553180408466
5.44312,5.07173,5.44201,1.06786,1357.09,1270.86,0.0,0.0,0.5604,0.52479,0.0,1,0.0041246328999999,1.5732927744,1.5986278235608071
5.44441,4.81551,5.37454,1.57966,1489.86,943.154,0.0,0.0,0.6242,0.395149,0.0,0,0.0056468212,1.762912143,1.7764953816187312
7.07203,5.90208,7.07203,1.44306,1593.23,1104.06,0.0,0.0,0.6048,0.419109,0.0,1,0.0013506145,0.6272124878,0.6074420822015275
4.19682,3.6848,4.18995,1.35995,968.941,712.483,0.0,0.0,0.4832,0.355307,0.0,1,0.0025968888,1.0368421854,0.9927986590936174
5.9118,5.17695,5.9118,1.3358,1030.18,771.213,0.0,0.0,0.4974,0.372363,0.0,1,0.0037204974,1.2489193453,1.2607246628580362
5.58529,4.21049,5.58529,1.73559,1483.34,854.658,0.0,0.0,0.546,0.314591,0.0,1,0.0014247104,0.6430767131,0.6233415078651632
5.1026,4.0827,5.09122,1.64165,725.772,442.098,0.0,0.0,0.4456,0.271434,0.0,1,0.0017873359,0.6748989225,0.5994578049181483
6.56789,4.70003,6.53165,0.994726,2095.71,2106.82,0.0,0.0,0.6568,0.660283,0.0,1,0.0055819843999999,2.1560197249,2.20315648926325
5.16976,4.01341,5.16976,1.5881,979.709,616.905,0.0,0.0,0.4814,0.303129,0.0,0,0.0016989113,0.6600909026,0.6463891820144482
7.54585,4.55729,7.31598,0.9871,1707.16,1729.47,0.0,0.0,0.5864,0.594063,0.0,1,0.006035689,2.2908928685,2.119462438539763
5.87643,3.82611,5.87109,1.02895,1467.53,1426.23,25.3077,24.5957,0.5682,0.552213,0.0,1,0.0083332858,2.6031674435,2.47253884093292
7.17756,4.14343,7.15508,0.93657,1757.51,1876.54,0.0,0.0,0.5934,0.633589,0.0,0,0.0034550909,1.57597745,1.537080554803852
6.46497,4.73774,6.45982,0.941841,1852.78,1967.19,0.0,0.0,0.5902,0.626645,0.0,1,0.004408179,1.878029962,1.8052290774573265
6.46968,5.45118,6.44712,1.037,1366.21,1317.47,0.0,0.0,0.5412,0.521892,0.0,1,0.0055362717,1.8903878282,1.9017413423111975
5.78238,3.66955,5.46102,1.63677,1152.51,704.133,59.8933,36.5923,0.516,0.315255,0.0,1,0.0033900698999999,1.3069345071,1.2474492546669518
5.63872,3.87203,5.63872,1.06793,1382.56,1294.62,0.0,0.0,0.5686,0.532434,0.0,1,0.006290704,2.1481373868,2.109353142935676
4.795,4.07473,4.77797,1.13588,2690.44,2368.6,0.0,0.0,0.6968,0.613446,0.0,1,0.0008440305999999,0.4139462317,0.4720067159326766
4.51038,3.48306,4.50833,2.426,458.262,188.896,79.7243,32.8625,0.4254,0.17535,0.0,1,0.0039932188,0.9988257898,1.10081953225825
5.03819,3.84363,5.03819,1.81693,898.58,494.56,0.0,0.0,0.4852,0.267044,0.0,0,0.0037288717999999,1.0694848022,1.1123789768867234
9.85225,8.07125,9.85225,1.06602,1798.13,1686.76,17.9557,16.8436,0.664,0.622875,0.0,1,0.0017936576,0.7736678940999999,0.8257495706301657
5.00227,4.2399,4.99534,1.10398,955.442,865.452,106.221,96.2163,0.515,0.466494,0.0,0,0.008206992,2.4616935508,2.1665000157567347
5.53585,3.92423,5.52778,1.23909,1879.29,1516.67,0.0,0.0,0.6304,0.508762,0.0,0,0.0067199281,2.3970129009,2.3755189880063026
8.08882,6.64746,8.02924,0.857961,1988.29,2317.45,0.0,0.0,0.6604,0.769732,0.0,0,0.0032957701,1.4746679733,1.481364760333277
4.74809,3.58509,4.40546,1.51827,638.51,420.551,0.0,0.0,0.4406,0.290199,0.0,0,0.0037031199,1.175697891,1.0905482383481389
5.24294,3.86797,5.24294,1.46762,1975.27,1345.9,0.0,0.0,0.64,0.436082,0.0,0,0.0062670701,2.3337557136,2.3474250712837685
5.27459,4.52668,5.27459,1.48634,1223.66,823.275,0.0,0.0,0.5418,0.36452,0.0,1,0.0052426849,1.6514523873,1.6392490177102048
6.23822,4.28609,6.22408,1.47829,1492.88,1009.86,0.0,0.0,0.5414,0.366233,0.0,1,0.0044350313,1.5703115584,1.5738256219949132
7.52525,4.29732,7.52525,1.3181,1385.19,1050.9,0.0,0.0,0.4828,0.366286,0.0,1,0.0014957459,0.6721054543000001,0.6643755908442721
9.10068,4.24338,9.10068,1.22219,1678.76,1373.57,0.0,0.0,0.5934,0.485524,0.0,1,0.0021377309,1.0184021969,0.9307659513822174
9.03723,4.17928,9.03723,1.25701,1700.75,1353.01,0.0,0.0,0.594,0.47255,0.0,1,0.0013783436,0.6850203628,0.6600027275518527
9.10772,4.29795,9.10772,1.27221,1742.4,1369.58,0.0,0.0,0.6022,0.473349,0.0,1,0.0014293703,0.7370539631,0.6912057207085274
9.02688,4.19715,9.02563,1.29051,1705.91,1321.89,0.0,0.0,0.6062,0.469736,0.0,1,0.0022111178,0.9635078094,0.9833250729272089
4.69268,4.51959,4.68546,1.86097,534.218,287.064,156.241,83.9569,0.4064,0.218381,0.0,0,0.0179211923,2.1508687244,2.1351291598637125
13.76426,6.67603,13.76426,0.642349,2372.68,3693.76,0.0,0.0,0.7784,1.2118,0.0,1,0.0026741708,1.2073047166,1.2737695194738854
5.10392,4.12276,5.06017,1.12645,2627.06,2332.16,0.0,0.0,0.6972,0.618936,0.0,1,0.0009558771,0.4238379635,0.47918717795620136
6.55692,5.28768,6.53155,0.964561,1220.6,1265.44,0.0,0.0,0.5288,0.548229,0.0,0,0.0031063118,1.2966515863,1.227130031066897
6.35523,5.9549,6.33797,0.780645,2644.49,3387.58,0.0,0.0,0.7136,0.914116,0.0,1,0.0040710196999999,1.813952047,1.9225159227324766
4.63531,3.53624,4.63082,1.05655,1090.22,1031.87,0.0,0.0,0.503,0.476077,0.0,1,0.0040110371,1.5469498547999998,1.5490046957206163
11.25458,10.39011,10.80502,0.837465,1965.46,2346.92,0.0,0.0,0.6976,0.83299,0.000955264,1,0.00275014,1.2376821439,1.2316529223864245
5.47758,4.11939,5.46905,1.8094,1349.53,745.844,0.0,0.0,0.534,0.295125,0.000331601,1,0.003010949,1.0768756393,1.013253299923666
15.02825,14.15107,15.02825,0.818993,2120.95,2589.7,0.0,0.0,0.749,0.914537,0.000244202,1,0.0027549496,1.225432239,1.2058846287029197
7.26036,3.75863,5.90499,3.37203,985.803,292.347,369.675,109.63,0.5588,0.165716,0.0,1,0.0004901908999999,0.2088924945,0.2974704443503575
5.70852,4.41794,5.70852,1.67395,1266.62,756.664,0.0,0.0,0.5296,0.316377,0.0,0,0.0076055209,1.6422527172,1.9338096655064503
5.5699,4.33438,5.5699,1.93342,1150.89,595.258,0.0,0.0,0.516,0.266884,0.0,0,0.0063838179,1.3692395659,1.5792953585171206
4.74076,3.59919,4.72141,1.46415,983.567,671.767,0.0,0.0,0.4992,0.340949,0.0,0,0.0047926047,1.5630328728999998,1.4888944678246583
6.94577,6.48704,6.94195,1.01181,1784.75,1763.93,0.0,0.0,0.629,0.621659,0.0,0,0.0040917184,1.7431766263,1.7959059443551644
7.14051,6.67398,7.10365,1.01557,1692.36,1666.42,0.0,0.0,0.624,0.614435,0.0,0,0.0038699108,1.706059024,1.6756021898218252
6.58573,6.10481,6.58573,1.02216,1741.26,1703.51,0.0,0.0,0.611,0.597752,0.0,0,0.0040556521,1.7337452966,1.7808256235496924
6.87071,6.41176,6.84188,1.00146,1800.87,1798.25,0.0,0.0,0.6308,0.629881,0.0,0,0.0038933539,1.6946458527,1.705107257119482
7.08508,6.6128,7.06755,1.00152,1792.17,1789.44,0.0,0.0,0.6318,0.63084,0.0,0,0.0038663041999999,1.7147473886000002,1.702422334880945
5.21271,3.78909,5.02943,1.47771,847.063,573.227,0.228953,0.154938,0.4794,0.324421,0.0,1,0.0036228548,1.1367027403,1.1360502553242433
6.17038,3.88626,6.17038,1.0897,1053.12,966.424,109.804,100.765,0.5652,0.518674,0.0,1,0.0086567231999999,1.9372920792,2.1394359214358745
5.42414,4.17526,5.42124,1.15055,1597.74,1388.68,0.0,0.0,0.5668,0.492633,0.0,1,0.0078342161,2.5487373997,2.43081302356213
7.47721,5.13969,7.4691,0.925259,1534.87,1658.86,0.0,0.0,0.5898,0.637443,0.0,0,0.0057821196999999,2.2625219125,2.159483758991761
7.03999,4.83767,7.03999,1.19258,1520.7,1275.13,0.0,0.0,0.565,0.473761,0.0,0,0.0053652482,1.9805539553,1.9600027809324834
6.96485,4.61788,6.92434,1.17533,1527.18,1299.36,0.0,0.0,0.552,0.469655,0.0,1,0.0053637903,1.9549272062,1.8674368079872556
6.42992,4.57524,6.40815,1.20914,1470.44,1216.1,0.0,0.0,0.515,0.425922,0.0,1,0.0056204443,1.9182781647,1.880974059587785
7.40162,5.12822,7.38112,0.935395,2309.49,2469.0,0.0,0.0,0.6746,0.721193,0.0,1,0.0034086757,1.4756920408,1.5158154742028973
5.79357,5.23786,5.68144,1.42202,1531.27,1076.83,0.0,0.0,0.5756,0.404777,0.0,1,0.0052959962,1.8323770944,1.7665988129353938
8.64445,5.92674,8.64445,0.762449,2402.32,3150.79,0.0,0.0,0.7046,0.924127,0.0,1,0.0045896831,1.9107366853,1.9906787777311319
9.24057,8.58239,9.23056,0.696077,2043.12,2935.2,0.0,0.0,0.7082,1.01742,0.0,1,0.0034535417,1.5545209133000002,1.6237000920286335
9.19521,5.52341,9.19263,0.879294,1974.29,2245.31,0.0,0.0,0.637,0.724444,0.0,1,0.0055035099,2.1823373168,2.0904650410620733
7.48898,5.2438,6.05899,1.02061,1910.86,1872.27,0.0,0.0,0.6306,0.617866,0.0,0,0.0046989881,1.885671801,1.857375911930041
7.42959,4.86526,7.42403,1.59483,1008.69,632.478,0.0,0.0,0.5194,0.325678,0.0,1,0.0011576329,0.5032865975,0.4766252950317218
5.30249,4.25008,5.30179,1.48751,1231.76,828.073,0.0,0.0,0.5432,0.365175,0.0,1,0.0061657476,1.8170908917,1.7990977876314
6.18145,3.97754,6.17448,0.943184,2480.99,2630.44,0.0,0.0,0.6618,0.701666,0.0,1,0.0058144958,2.4265083566,2.3887402029504448
6.12724,4.05651,6.12724,0.946965,2470.71,2609.08,0.0,0.0,0.6612,0.698231,0.000211201,1,0.0061649481,2.5107226362,2.4900826025877496
9.96651,8.62113,9.96126,0.918137,1921.78,2093.13,0.0,0.0,0.6824,0.743244,0.0,0,0.002386687,1.0624986286,1.1045444122480053
7.25841,4.65632,7.2501,1.15015,1882.43,1636.69,0.0,0.0,0.5978,0.519759,0.0,0,0.0072032777,2.5783835782,2.4753192040139576
9.1569,7.01562,9.1569,0.894019,1922.0,2149.85,0.0,0.0,0.6824,0.763294,0.0,0,0.0021931892,1.0336439094,1.0436946978208437
6.23359,4.26512,6.23359,1.39701,1111.0,795.271,29.8587,21.3733,0.5102,0.365209,0.0,1,0.0047257438,1.3475242549000002,1.5199574800240687
14.23268,4.75487,14.22709,0.637403,1240.77,1946.61,289.582,454.315,0.6812,1.06871,0.0,1,0.0026845655,1.3030086938,1.2082187751933953
15.09176,9.842,15.04915,0.561619,1319.58,2349.59,286.013,509.264,0.7206,1.28308,0.0,1,0.0030080709,1.3224177329,1.3248288166759117
6.51824,4.42782,6.29573,1.10634,2352.12,2126.04,0.0,0.0,0.625,0.564928,0.0,1,0.0047685715,1.8864012893,1.9026821378730645
3.9737,3.59297,3.9737,1.83936,288.006,156.579,0.0,0.0,0.4124,0.224208,0.0,1,0.0012918786,0.4469952007,0.4396556134834919
10.57534,5.75707,6.51584,1.38426,1059.32,765.262,606.777,438.341,0.6424,0.464076,0.0,0,0.0053061209,1.9944616126,1.8861209556335012
24.1004,7.53546,24.1004,0.570649,1958.05,3431.26,0.0,0.0,0.7816,1.36967,0.0,1,0.0033680367,1.3739708197999998,1.6250169369600014
23.87439,6.75259,21.66541,0.54542,1808.89,3316.52,0.0,0.0,0.7792,1.42862,0.0,1,0.0031140228,1.3275521239,1.4619731794740554
6.84955,5.26119,6.84595,0.91964,1931.75,2100.55,0.9049,0.983971,0.6246,0.679179,0.0,1,0.0071215262,2.38255795,2.4524140305834754
9.04728,8.48639,9.03641,0.87931,1735.67,1973.9,0.0,0.0,0.6642,0.755365,0.0,1,0.0066759006,2.273460129,2.4038571436217984
7.3243,5.53893,7.31909,1.3207,1515.57,1147.55,0.0,0.0,0.5694,0.431134,0.0,1,0.0025646494,1.0650802899,1.030544519577356
7.25076,5.4614,7.24597,1.35223,1495.67,1106.08,0.0,0.0,0.5682,0.420196,0.0,1,0.0026485845,1.0808438776,1.0617298969988398
7.0561,5.32108,7.05322,1.40869,1409.46,1000.55,0.0,0.0,0.555,0.393983,0.0,1,0.0024504304,1.0290662452,1.0067545501263289
18.94727,10.51321,18.93676,1.00603,1791.25,1780.51,0.0981256,0.0975376,0.7888,0.784073,0.0,1,0.0008240764999999,0.4114413045,0.46447778695108943
5.57902,4.64149,5.57902,1.29431,1246.48,963.048,0.0,0.0,0.5324,0.411338,0.0,0,0.002034972,0.8228732861,0.8352182053700099
10.56188,10.34053,10.56188,0.902736,1518.51,1682.12,0.0,0.0,0.6572,0.728009,0.0,1,0.0015564512,0.7214169395000001,0.6955332420543581
15.02646,7.9821,15.02646,0.595037,2203.3,3702.8,0.0,0.0,0.8104,1.36193,0.0,0,0.0026339965999999,1.2668508781,1.257237250661339
8.14433,7.67619,8.14433,1.22499,2017.42,1646.89,0.0,0.0,0.654,0.533883,0.0,0,0.0025338737,1.1207786062,1.125146354769862
6.41846,5.04294,5.80487,0.848014,2489.2,2935.33,0.0,0.0,0.6344,0.748101,0.0,1,0.0036051179,1.5943356486000002,1.6427099469999715
11.09415,6.65734,11.09415,1.14966,1274.48,1108.58,493.769,429.493,0.6432,0.559472,0.0,1,0.004538083,1.7907463412,1.7570006136136733
18.775,6.41603,18.72266,0.610707,2220.68,3636.25,0.0,0.0,0.7614,1.24675,0.0,1,0.0036356659,1.7227885859,1.6765996271074457
8.87098,7.69354,8.87098,1.40672,1456.52,1035.4,0.0,0.0,0.5566,0.395672,0.0,0,0.0017172089,0.8149005098000001,0.7427919827393625
11.60788,10.85998,11.60788,1.12671,1551.48,1377.0,0.0,0.0,0.6348,0.563411,0.0,1,0.0028360198,1.3583045247,1.2797292248715464
5.82674,4.72231,5.76849,1.30832,751.163,574.141,0.193696,0.148049,0.5654,0.432156,0.0,0,0.001084051,0.4539490088,0.43785296332666124
16.78888,16.71746,16.78888,0.713223,1373.37,1925.59,0.0,0.0,0.772,1.08241,0.0,1,0.0029799619,1.3429591247,1.3224163219546743
8.24333,6.47099,8.10297,0.864634,1943.01,2247.2,0.0,0.0,0.666,0.770268,0.0,1,0.0030003808,1.3482420372,1.3554129889680342
15.27185,8.36501,15.01039,0.495502,2200.94,4441.83,0.0,0.0,0.774,1.56205,0.0,0,0.003279449,1.4605387072,1.5473344755406981
6.91507,6.43648,6.89159,1.15816,1047.86,904.763,0.0,0.0,0.5248,0.453131,0.0,0,0.0042852655,1.4305889028999998,1.471040341140563
5.77734,4.61223,5.7686,1.06481,2227.7,2092.11,0.0,0.0,0.671,0.630159,0.0,0,0.0050087407,2.0750994368,2.040333627822268
6.17779,4.90836,6.17779,0.978371,2446.9,2500.99,0.0,0.0,0.6772,0.692171,0.0,0,0.0035440934999999,1.6176881694999998,1.564063456728592
24.11444,19.56277,24.11444,0.396669,1099.67,2772.25,0.0,0.0,0.86,2.16806,0.0,1,0.0026646594,1.2181543192,1.2807458686137623
11.77864,6.5918,11.60527,0.794772,2268.81,2854.67,0.0,0.0,0.7438,0.935866,0.0,1,0.0045415519,1.6196122479,1.8646572960419778
14.29207,10.12824,14.29207,0.648977,1825.21,2812.44,0.0,0.0,0.775,1.19419,0.0,1,0.0049684579,1.6223365432,2.132851566145418
12.47571,8.72571,12.47571,0.678618,1920.17,2829.53,0.0,0.0,0.7566,1.11491,0.0,1,0.0050701395,1.7459193911000002,2.141211424741231
11.30323,7.62193,11.30323,0.677748,2157.76,3183.72,0.0,0.0,0.75,1.10661,0.0,1,0.0049162018,1.7380609453,2.0967627157137896
12.36076,7.19983,11.84038,0.687816,2106.83,3063.07,0.0,0.0,0.751,1.09186,0.0,1,0.0052965436,1.765506632,2.189889009868695
11.02963,8.4918,11.02963,0.735801,2134.61,2901.07,0.0,0.0,0.738,1.00299,0.0,1,0.0049917165999999,1.7701954742,2.0718394819159047
11.82924,9.14708,11.82924,0.688549,2055.52,2985.28,0.0,0.0,0.7528,1.09331,0.0,1,0.0050916902,1.7373439663,2.172252929944542
11.54376,6.59467,10.51794,0.708658,2222.43,3136.11,0.0,0.0,0.7352,1.03745,0.0,1,0.0050266094,1.8346108826,2.036489455319625
11.4181,8.43938,10.92264,0.695103,2221.97,3196.61,0.0,0.0,0.7474,1.07524,0.0,0,0.0047578484,1.8879114763,2.041596809077797
5.65215,4.4572,5.65215,0.864214,1953.72,2260.69,0.0,0.0,0.6454,0.746806,0.0,1,0.0046502316,1.9137561681,1.8710529465014147
17.33749,14.32817,17.33749,0.750299,1914.17,2551.21,1.3371,1.78209,0.7272,0.969213,0.00026656,0,0.0025834206,1.1433871966,1.1284516297204652
11.91912,9.14993,11.89973,0.619221,2306.85,3725.41,0.0,0.0,0.7606,1.22832,0.0,1,0.0037301408,1.7126571681,1.699742647863929
6.34772,3.79741,5.91821,1.34881,2067.47,1532.8,0.0,0.0,0.5966,0.442315,0.000444835,1,0.0027546196999999,1.0951089414,1.1046264378908148
12.20585,6.15217,12.20585,0.793444,2143.73,2701.8,0.0,0.0,0.7068,0.8908,0.000252066,0,0.0015796406,0.7715287791,0.7812642251292228
19.46238,14.48757,19.44715,0.798895,1320.38,1652.76,18.6426,23.3354,0.7758,0.971091,0.000500691,0,0.0006526015,0.3462448488,0.5810113647177103
10.81396,5.19047,10.74347,0.995074,2374.31,2386.06,0.0,0.0,0.7264,0.729996,0.0,1,0.002810464,1.2743923201,1.2545815364888966
4.6846,4.2919,4.67468,1.31892,765.522,580.418,0.0,0.0,0.4712,0.357263,0.0,1,0.0086751797,1.94087845,1.9478849674557621
27.33946,23.18439,27.33946,0.358752,1494.97,4167.13,0.0,0.0,0.865,2.41113,0.0,1,0.0032443909999999,1.5175769707,1.5988349371462744
17.5271,9.15991,17.51275,0.493165,2044.36,4145.4,0.0,0.0,0.8062,1.63475,0.000405544,0,0.0021389371,1.0642788337,1.037516416994503
11.55111,8.31224,11.55111,1.02928,1660.34,1613.11,402.375,390.929,0.6934,0.673676,0.000194311,1,0.0030006040999999,1.4200092261,1.3981856539301591
21.37941,8.74134,21.37941,0.420413,1892.53,4501.6,0.0,0.0,0.8218,1.95474,0.000475722,1,0.0030789246,1.4574713251,1.495431705461246
8.83209,4.60356,8.83209,0.894333,2156.88,2411.72,0.0,0.0,0.6544,0.731719,0.0,0,0.0061292705,2.4825583253,2.4096006334969524
11.88887,9.00529,11.09267,0.491487,2207.95,4492.38,0.0,0.0,0.8056,1.63911,0.0,0,0.0015241592999999,0.8110221051000001,0.7545129253896996
5.66684,4.62581,5.62433,1.17377,1371.36,1168.34,0.0,0.0,0.5236,0.446085,0.0,1,0.0052173799,1.8122895301,1.7298219125001166
5.66299,4.65074,5.65798,1.30634,1428.94,1093.85,0.0,0.0,0.5386,0.412296,0.0,1,0.0054500691,1.7605471493,1.7521907470550613
13.2428,11.09142,13.2428,0.709182,2154.21,3037.6,0.0,0.0,0.7414,1.04543,0.0,0,0.0015207285,0.6835997122,0.7499678585964203
17.75046,8.47189,17.75013,0.458587,2258.74,4925.43,0.0,0.0,0.7852,1.71222,0.000436122,0,0.002328132,1.0629916428,1.1153173800798297
23.13451,12.211,23.13368,0.298536,1643.34,5504.68,0.0,0.0,0.864,2.89413,0.0,0,0.0025100801,1.157876186,1.3057797404575648
10.86981,8.81904,10.86239,0.665683,2359.22,3544.05,0.0,0.0,0.7502,1.12696,0.0,0,0.0044671091,1.7285364305000002,1.9643245005463126
10.97224,8.95533,10.97224,0.663582,2332.5,3515.02,0.0,0.0,0.7592,1.14409,0.0,0,0.0048034748,1.7815981779,2.1059651360266645
21.77625,7.63115,21.77625,0.452533,2037.74,4502.96,0.0,0.0,0.826,1.82528,0.0,0,0.0034614291,1.6158592963999998,1.6841468576643606
11.87679,10.79351,11.87679,1.06888,1595.23,1492.43,0.0,0.0,0.6484,0.606614,0.0,1,0.0032305548,1.4022169656,1.4485962533620356
17.68621,16.73879,17.68621,0.597274,1774.03,2970.22,0.0,0.0,0.8228,1.37759,0.0,1,0.0024693073,1.0704187856,1.1969175638862415
14.70244,11.79351,14.69456,0.775127,1933.94,2495.0,0.0,0.0,0.7872,1.01557,0.0,1,0.0021482876,1.0115817727,0.9721029948996575
14.69185,13.06998,14.68941,0.678878,1913.08,2818.01,0.0,0.0,0.7962,1.17282,0.0,1,0.0026207506,1.1584255147,1.2515529186156984
19.24151,15.81933,18.17294,0.414726,1795.61,4329.62,0.0,0.0,0.8236,1.98589,0.0,1,0.00344746,1.612982568,1.6668223317655955
12.24865,4.72993,12.24865,0.820334,2060.46,2511.73,0.0,0.0,0.6832,0.832831,0.0,0,0.0021052157,1.054392487,1.013461183313489
7.4254,5.9743,7.38064,1.40157,2795.33,1994.43,0.066678,0.0475737,0.7066,0.504148,0.0,1,0.0010519102,0.4861520921,0.512864859982474
9.7447,5.39631,9.52834,0.66078,1783.63,2699.29,403.357,610.425,0.6912,1.04604,0.0,0,0.0036563777,1.7329375756999998,1.7803192608672618
9.71962,5.45923,9.49261,0.665822,1776.52,2668.16,388.062,582.832,0.695,1.04382,0.0,0,0.0037641392999999,1.7247251359,1.7627129031165507
4.29453,3.62408,4.28019,1.76637,1054.03,596.719,0.0,0.0,0.558,0.315902,0.0,0,0.0063776012,2.0779895659,1.8330805292887442
8.53606,6.74383,8.51304,1.39796,1816.6,1299.47,0.0,0.0,0.6282,0.44937,0.0,1,0.0010558988,0.4995500578,0.536597063983491
8.49651,6.78307,8.47146,1.40015,1810.97,1293.41,0.0,0.0,0.6308,0.450522,0.0,1,0.00108814,0.49934049,0.5432458473484953
10.00499,6.00632,8.35178,0.770104,1492.72,1938.34,566.054,735.036,0.688,0.893386,0.0,1,0.0047170493,2.1257304101,2.156405101220393
20.28746,11.03087,20.28746,0.706861,1313.51,1858.23,15.0052,21.228,0.6976,0.986898,0.0,1,0.0108436131,1.6778331007,2.0840346395420912
27.62636,19.6462,27.62636,0.319125,1432.79,4489.74,0.0,0.0,0.874,2.73874,0.0,1,0.0032068995,1.4523707431,1.5740628214806047
9.27827,8.57062,9.27827,1.61278,1536.21,952.52,0.0,0.0,0.6184,0.383437,0.0,1,0.0024418792,1.0754818924,1.016589201092923
14.81093,8.19624,14.81093,0.576281,2199.59,3816.87,0.0,0.0,0.7704,1.33685,0.000347053,0,0.0034017164,1.5475916536,1.5407744090837745
15.4905,7.85668,15.48477,0.558595,2165.23,3876.2,0.0,0.0,0.7746,1.38669,0.000358041,0,0.0027778776,1.2989640299,1.2705222548535653
28.38912,26.8915,28.38912,0.324235,1424.57,4393.62,0.0,0.0,0.8668,2.67337,0.0,1,0.0037586813,1.7345864088,1.7961886637615305
28.056,26.5894,28.056,0.284192,1417.0,4986.05,0.0,0.0,0.8798,3.09579,0.0,1,0.0045014684999999,2.0413420982,2.086774481381088
8.83227,8.6768,8.83227,0.846692,1685.24,1990.38,0.0,0.0,0.6728,0.794622,0.0,0,0.0029195078,1.3413983683,1.2936619584908895
6.8732,4.88929,6.87248,1.16013,1658.2,1429.33,0.0,0.0,0.5776,0.497877,0.0,1,0.0036419236,1.4245163421,1.4401119192796539
5.63389,5.12978,5.62594,1.03186,2420.1,2345.38,0.0,0.0,0.6734,0.65261,0.0,1,0.0036590273999999,1.6420565563,1.6014592753167283
5.40649,3.68585,5.39971,1.18993,400.217,336.338,47.5494,39.9599,0.4748,0.399016,0.0,1,0.0026720796,0.7932306198000001,0.8594526173894469
7.18163,6.66781,7.16788,1.29779,1736.11,1337.74,0.0,0.0,0.6626,0.51056,0.0,1,0.0010984449,0.5068790367,0.5537970455365991
5.97609,4.07891,5.95911,0.794839,2068.46,2602.36,0.0,0.0,0.6772,0.851997,0.0,0,0.0022255127,1.0494211539,1.023392458987559
5.57699,4.27379,5.57277,0.833702,1977.55,2372.01,0.0,0.0,0.6608,0.792609,0.0,0,0.0022611867,1.017564216,1.0100598170804531
5.57167,3.71325,5.56165,0.804799,1950.58,2423.69,0.0,0.0,0.669,0.831263,0.0,0,0.0019950033,0.9390373719,0.9802144656314068
20.72686,7.8738,20.45456,0.987929,1836.17,1858.6,0.0,0.0,0.7646,0.773942,0.000202444,1,0.0011203072,0.5374317086,0.5777808233445004
21.13684,18.33831,21.13684,0.755302,1118.2,1480.46,7.09089,9.38816,0.8308,1.09996,0.00158877,1,0.0012596453,0.5301654129,0.7682360877499209
4.54107,3.68666,4.49534,0.520686,2635.05,5060.73,0.0,0.0,0.6792,1.30443,0.0,0,0.002249053,1.0982916251,1.2100656945557624
4.78374,3.98828,4.76573,1.2488,1042.64,834.91,0.0,0.0,0.5318,0.425847,0.0,0,0.0080276816,2.1830237037,2.182113154245318
5.48014,3.89264,5.47915,1.114,1459.0,1309.69,0.0,0.0,0.5932,0.532494,0.0,1,0.0044135736,1.6313736546000002,1.6490245509043768
7.20433,5.04936,7.20433,1.89362,858.504,453.367,0.0,0.0,0.4412,0.232993,0.0,0,0.0019280876,0.6836896297,0.7015061839701457
5.0551,4.14906,5.0551,1.66961,1339.59,802.333,0.0,0.0,0.4474,0.267966,0.0,1,0.0036624131,1.3841151138,1.2384235653768205
11.82785,6.92938,11.82019,0.805938,1577.17,1956.93,0.028495,0.0353563,0.6606,0.819666,0.0,0,0.0014125585,0.6454328511999999,0.7013817487374729
9.81493,7.51137,9.63023,0.647443,2248.07,3472.22,0.0,0.0,0.754,1.16458,0.0,1,0.0029258215999999,1.4211528018,1.358385296402088
6.6136,5.51475,6.6136,2.20984,1180.92,534.391,0.0,0.0,0.4712,0.213228,0.0,1,0.0031388564,1.0886150913,1.0548939513395443
12.8466,11.09496,12.83423,0.704786,1452.89,2061.46,0.0,0.0,0.6858,0.973062,0.0,1,0.0031017759,1.2631993893,1.3499053281376177
9.92059,7.48583,9.85803,1.01231,1221.66,1206.81,0.0,0.0,0.5698,0.56287,0.0,1,0.0030671657,1.1351478364,1.1976994828646037
6.92889,6.03574,6.92889,0.751805,1979.79,2633.39,0.0,0.0,0.6492,0.863522,0.0,1,0.0052769235,2.1648215469,2.209037750816737
7.92311,7.02117,7.40406,1.04215,1506.32,1445.4,0.0,0.0,0.5762,0.552895,0.0,1,0.0029958051,1.2089173714,1.3086967628933963
5.42105,4.17711,5.42004,0.867442,2120.17,2444.17,0.0,0.0,0.6348,0.731807,0.0,1,0.0049615955,2.0658787092,2.0512239573397273
4.50507,4.05314,4.50324,1.57483,481.643,305.838,0.0,0.0,0.4424,0.280919,0.0,1,0.0034924876,0.9098130319,1.0020670488971042
4.92906,3.897,4.88525,1.27844,1610.15,1259.46,0.0,0.0,0.5778,0.451957,0.0,0,0.008189863,2.5313801717,2.6883608614156747
12.69533,7.85866,12.69533,0.704617,2272.11,3224.61,0.0,0.0,0.79,1.12118,0.0,1,0.0024791438,1.1781974373,1.1879094900528973
6.46265,4.53541,6.46076,1.0284,1784.75,1735.46,0.0,0.0,0.5772,0.561258,0.0,0,0.0061073714,2.4537473843,2.2635449722478875
5.87095,4.85353,5.87048,1.43918,1047.46,727.817,0.0,0.0,0.485,0.336998,0.0,1,0.0022193245,0.8532353963,0.8290055618579153
4.74821,3.43684,4.74019,0.96574,1149.8,1190.59,1.38371,1.4328,0.5672,0.587322,0.0,1,0.0033954015,1.3549064466999998,1.4713104856198904
4.91458,3.91959,4.91458,1.63925,888.533,542.037,0.0,0.0,0.4672,0.285009,0.0,0,0.0016478162,0.6449939043,0.6248066287575693
4.89442,3.8959,4.88243,1.64878,881.814,534.829,0.0,0.0,0.4588,0.278267,0.0,0,0.0016621867,0.6372450166,0.6334225006816869
4.9428,3.96901,4.93448,1.63196,890.669,545.765,0.0,0.0,0.469,0.287384,0.0,0,0.0015456260999999,0.6576223717,0.5985329420152737
10.25461,9.82723,10.24056,1.07189,1137.99,1061.67,0.0,0.0,0.5772,0.538489,0.0,0,0.0015388959,0.7313446325,0.6906798532764566
10.34811,9.92334,10.34811,1.06947,1137.02,1063.16,0.0,0.0,0.5768,0.53933,0.0,0,0.0017077991,0.7305001165,0.7410917834837236
10.30863,9.86894,10.26273,1.07331,1114.06,1037.97,0.0,0.0,0.5706,0.531626,0.0,0,0.001568089,0.7227660178,0.678621336051954
6.00475,5.39741,6.00471,1.02738,1409.26,1371.7,0.0,0.0,0.5578,0.542934,0.0,0,0.0059422842,2.0448577571,2.041107549978475
5.73459,5.3907,5.73388,1.0417,1399.8,1343.76,0.0,0.0,0.5588,0.536429,0.0,0,0.0064737245999999,2.1248385216,2.201745380052211
5.77811,5.24857,5.77811,1.0286,1416.31,1376.93,0.0,0.0,0.5656,0.549873,0.0,0,0.0066293266,2.2245297771,2.2313204971112404
5.22329,3.73672,5.11659,0.962226,1097.58,1140.67,0.0,0.0,0.5588,0.580737,0.0,0,0.0106818799,2.846074563,2.9593037482861813
4.48976,3.77657,4.48976,1.63203,829.111,508.026,0.0,0.0,0.4792,0.293623,0.0,1,0.0026455009,0.9832560433,0.9200918498325615
13.89765,5.51402,13.89722,0.824207,1875.6,2275.65,13.4154,16.2767,0.735,0.891766,0.0,1,0.0017253662,0.8129994803,0.8121966074204722
5.75292,4.66172,5.55476,1.28873,519.931,403.445,222.923,172.979,0.4708,0.365321,0.0,1,0.0026735795,0.7426156531999999,0.9255623444413592
6.957,5.13094,6.957,1.57886,1125.97,713.155,0.0,0.0,0.5264,0.333406,0.0,1,0.0016944242,0.7100968041,0.6588347359567335
4.6871,3.79057,4.64785,1.04241,1656.32,1588.93,0.0,0.0,0.5686,0.545465,0.0,1,0.0025511091,1.1637185824,1.1451222498917417
18.63152,8.76045,18.62188,0.609363,1817.58,2982.76,0.0,0.0,0.7992,1.31153,0.0,0,0.0027972158,1.3810411994,1.3451289215548046
4.67354,3.99704,4.67354,1.55632,737.434,473.833,0.0,0.0,0.5056,0.32487,0.0,1,0.0008866842,0.365095089,0.3909152660926971
4.68166,4.00596,4.68147,1.55341,734.6,472.896,0.0,0.0,0.502,0.323161,0.0,1,0.0008878357,0.3748405542,0.38993142999317887
4.65592,3.94576,4.65486,1.57353,726.043,461.41,0.0,0.0,0.5,0.317757,0.0,1,0.0008352488,0.3566328209,0.3666715934035092
4.65545,3.95436,4.6545,1.5749,721.126,457.885,0.0,0.0,0.5016,0.318495,0.0,1,0.0008924419,0.3662270508,0.3785103697562575
4.65344,3.95436,4.65249,1.5749,718.186,456.019,0.0,0.0,0.5018,0.318622,0.0,1,0.000879775,0.3660312893,0.3785103697562575
4.62045,3.87167,4.62045,1.57557,703.325,446.394,0.0,0.0,0.499,0.31671,0.0,1,0.000879775,0.3634668143999999,0.36364337146387005
5.04569,3.84468,4.80961,1.54631,723.173,467.677,0.0,0.0,0.5112,0.330594,0.0,1,0.0008843811,0.3610577972,0.38244466166109703
5.00078,3.76275,4.99703,1.55706,710.679,456.424,0.0,0.0,0.5092,0.327027,0.0,1,0.0009177757,0.3516980972,0.3771676384708422
5.00078,3.76275,4.99703,1.55706,710.679,456.424,0.0,0.0,0.5092,0.327027,0.0,1,0.0009131695,0.3580845263,0.3771676384708422
4.99892,3.69875,4.99892,1.57161,677.229,430.914,0.0,0.0,0.5068,0.322472,0.0,1,0.0008314103999999,0.34594962,0.33239422529442897
4.99892,3.69875,4.99892,1.57161,690.001,439.041,0.0,0.0,0.5096,0.324253,0.0,1,0.0008360164999999,0.3598590462,0.34490691012798
10.48054,10.40031,10.48054,1.12044,787.1,702.494,0.0,0.0,0.5464,0.487667,0.0,0,0.0008348066,0.3786576807,0.45768159139445386
6.10079,4.1274,6.09895,1.15948,1782.04,1536.94,0.0,0.0,0.5942,0.512473,0.0,1,0.0024284807,1.019304938,1.048843861369198
5.68246,5.15937,5.6766,1.419,1065.4,750.809,34.7517,24.4903,0.522,0.367865,0.0,1,0.0008488614,0.4322639351,0.4177990622046732
9.51377,6.43314,9.51377,0.798695,1989.75,2491.25,0.0,0.0,0.6678,0.836114,0.0,1,0.0033780994,1.4958268349,1.535950511704385
6.90146,4.37137,6.90002,0.999683,1472.23,1472.69,0.0,0.0,0.5752,0.575382,0.0,1,0.0059866682999999,2.0911110164,2.0731069913929425
4.96868,3.55075,4.83089,1.43147,797.865,557.376,0.0,0.0,0.4912,0.343145,0.0,1,0.0081452065,1.7642261759,1.7936246230549409
10.62231,4.72909,10.62231,0.840025,2012.33,2395.56,0.0,0.0,0.6632,0.789501,0.0,1,0.0053727342,2.1235932955,2.105239790385391
4.31831,3.47722,4.26587,1.49368,756.727,506.618,0.0,0.0,0.503,0.336751,0.0,1,0.0020783828,0.7838451279,0.7901751579267876
4.48882,3.73021,4.48882,1.13994,1278.34,1121.41,0.0,0.0,0.558,0.4895,0.0,1,0.0037740609,1.4322578859,1.5018523442909812
6.87554,6.2746,6.85501,1.0117,2308.98,2282.27,0.0,0.0,0.7136,0.705344,0.0,1,0.0012843589999999,0.6434824633,0.6322707595130286
5.23239,4.07998,5.23239,2.19565,717.149,326.623,0.211459,0.0963082,0.4132,0.188191,0.0,1,0.0007969533,0.3200041629,0.31631826672586216
7.50467,7.0978,7.502,1.02131,1655.17,1620.62,0.0,0.0,0.6276,0.614502,0.0,0,0.0035710913,1.6267110767,1.5909171909662114
12.93309,6.73336,12.93309,0.876804,2105.23,2401.03,0.0,0.0,0.7182,0.819111,0.0,1,0.0059893366,1.9022081716,2.002052966024769
5.49532,3.6076,5.46456,1.0177,1748.28,1717.87,0.0,0.0,0.5898,0.57954,0.0,1,0.0078528508,2.6332120454,2.544751266536048
6.1601,4.88151,6.1601,0.959179,1807.63,1884.57,0.0,0.0,0.5894,0.614484,0.0,1,0.0064683702,2.3692568685,2.3310511790949304
6.35365,5.03774,6.35365,1.16137,2402.86,2068.99,0.0,0.0,0.662,0.570019,0.0,1,0.0028461139,1.2219421984,1.2071580277744787
10.00436,3.46125,9.10166,1.00404,871.243,867.739,634.245,631.694,0.6146,0.612128,0.0,0,0.0043388684,1.6052488719,1.7126023459442696
5.88047,3.45324,5.88047,1.10464,953.649,863.311,0.0,0.0,0.5102,0.461869,0.0,1,0.0081407463,2.3252393586,2.049686171290829
6.08117,5.71486,6.04254,1.0654,1666.94,1564.61,0.0,0.0,0.599,0.562229,0.0,0,0.0045479566999999,1.7828801802,1.7469055913015632
6.63074,6.11727,6.62182,1.03639,1700.67,1640.96,0.0,0.0,0.617,0.595335,0.0,0,0.0042468034,1.7580737994,1.7815223391160078
4.23505,3.57437,4.22469,1.56146,719.857,461.015,0.0,0.0,0.4554,0.29165,0.0,0,0.0027057229999999,0.9640335693,0.9312889743787869
6.68812,5.2162,6.6842,1.12906,2243.68,1987.2,0.0,0.0,0.6588,0.583492,0.0,1,0.003994602,1.7721471421,1.6480669525794822
7.11924,4.2578,6.73222,1.25075,1718.51,1373.98,0.35167,0.281167,0.5804,0.464042,0.0,1,0.0036257104,1.4528759324,1.4261736661571252
7.21804,4.89996,7.21804,1.05199,1093.71,1039.66,0.0,0.0,0.5258,0.499814,0.0,1,0.001789282,0.7669162787999999,0.7634534866950395
5.9515,3.58022,5.94467,1.69538,782.353,461.462,0.0,0.0,0.4474,0.263894,0.0,1,0.0045574297999999,1.0804286168,1.1674179146326242
15.74073,14.87864,15.74073,0.734143,2013.05,2742.03,0.0,0.0,0.7486,1.01969,0.0,1,0.0052713421,2.0221338965,2.1903717661003483
6.94384,5.61196,6.94384,1.08226,2751.52,2542.38,0.0,0.0,0.7548,0.697429,0.0,0,0.0012637094,0.6290921175,0.6073958458942561
5.07744,3.63748,5.07744,1.35621,1447.17,1067.07,0.0,0.0,0.563,0.415127,0.0,0,0.0049092674,1.6935170281,1.7206894884042259
5.68774,4.91257,5.68774,1.89851,1234.68,650.342,0.0,0.0,0.4776,0.251566,0.0,0,0.0027756519,1.0142730335,0.9278742393627314
6.56163,5.01898,6.56163,0.789798,2685.32,3400.01,0.0,0.0,0.699,0.885037,0.0,1,0.0054714327,2.257681066,2.363356961672911
8.93591,6.40725,8.93528,0.861374,1865.56,2165.8,0.0,0.0,0.6744,0.782935,0.0,0,0.003803628,1.5361891275,1.5747205045377397
6.54798,4.58648,6.32354,0.991599,1825.87,1841.34,0.0,0.0,0.6014,0.606495,0.0,0,0.0057774181999999,2.4347219174,2.189529407702432
8.57756,4.11023,8.57756,1.21659,1656.78,1361.82,0.0,0.0,0.594,0.488251,0.000328789,0,0.0034370412,1.2575981673,1.3503871305720616
8.23229,4.10889,8.23229,1.21659,1653.43,1359.07,0.0,0.0,0.5956,0.489565,0.000164394,0,0.003502143,1.2543080225,1.3716425051794305
8.17701,3.85924,8.17701,1.11826,1495.8,1337.62,0.0,0.0,0.578,0.516876,0.00017885,0,0.0048950272,1.4953655066999998,1.8224373100422828
8.7001,4.17817,8.7001,1.56011,1731.24,1109.69,0.0,0.0,0.5976,0.383051,0.000256393,0,0.0026601612,0.9522996345,1.0136332770185947
5.52619,4.96961,5.37117,1.18279,1951.27,1649.71,0.0,0.0,0.6294,0.53213,0.0,1,0.0044551777,1.6588076727,1.70950195895468
5.507,4.94994,5.35679,1.19591,1938.76,1621.16,0.0,0.0,0.616,0.51509,0.0,1,0.0045442856,1.6708817696,1.718163302202164
9.00309,8.54299,8.9671,0.97843,1897.63,1939.47,0.0,0.0,0.6736,0.68845,0.0,1,0.0034034645,1.4371721616,1.5132849843475555
14.27976,9.75466,14.27887,0.875377,1931.83,2206.85,0.0,0.0,0.6958,0.794857,0.0,1,0.0036640002,1.5448391602,1.5221617154668514
10.78843,9.81151,10.76706,1.6648,1720.66,1033.55,0.0,0.0,0.7082,0.425396,0.0,1,0.0008963163,0.4125285621,0.4024871326226971
8.93039,4.11514,8.89727,1.11173,2249.06,2023.03,0.0,0.0,0.7014,0.630911,0.0,1,0.0016213664,0.7720854779999999,0.7740832659350134
8.96058,4.23716,8.87271,1.11708,2278.94,2040.08,0.0,0.0,0.7126,0.637912,0.0,1,0.0016669388,0.7490493162999999,0.7804620057571843
8.4847,6.59254,8.46458,1.73964,1004.17,577.227,0.0,0.0,0.4824,0.277298,0.0,1,0.0018878534,0.7903261090000001,0.6987474190470427
9.06904,5.14285,6.93826,0.88724,1840.24,2074.12,0.0,0.0,0.6138,0.691809,0.0,1,0.0039219217,1.7055557677000002,1.6352993661705602
9.06296,8.67891,9.0551,1.03141,1421.05,1377.78,0.0,0.0,0.5742,0.556714,0.0,1,0.0025330879,1.0737605364,1.1024507284292402
6.54196,4.56831,6.52391,0.938074,1723.71,1837.5,0.0,0.0,0.6008,0.640461,0.0,0,0.0063343385,2.375799586,2.427502462373681
6.33471,4.78818,6.33036,0.937811,1809.34,1929.33,0.0,0.0,0.5982,0.637868,0.0,0,0.0065244458999999,2.3759222280000003,2.4606406120187394
6.46285,4.62415,6.46285,0.930333,1709.53,1837.55,0.0,0.0,0.6066,0.652024,0.0,0,0.0062116897,2.2875018893,2.3651704259321455
9.77148,3.95127,9.76981,1.08328,1654.63,1527.42,0.0,0.0,0.6392,0.590057,0.0,1,0.0047425242,1.6801716781,1.7586739354955072
12.53415,7.4934,12.53415,0.637007,2138.43,3357.0,0.0,0.0,0.7386,1.15949,0.0,0,0.0036272461,1.6325723977000002,1.6513999230881635
13.04357,6.77607,13.04357,0.899644,2279.39,2533.66,0.0,0.0,0.69,0.76697,0.0,1,0.0048160895,1.9751039725,1.7429514280497662
6.20188,4.23592,5.30961,1.89212,1747.42,923.525,0.0,0.0,0.5718,0.3022,0.0,0,0.0025678225,0.9870791761,0.9654764549774911
6.01546,4.14091,6.00986,0.986437,2302.7,2334.36,0.0,0.0,0.6452,0.654071,0.0,1,0.0048778971,2.0229631857,1.985845500619459
5.26252,4.91537,5.26252,1.15534,1485.59,1285.85,0.0,0.0,0.5246,0.454067,0.0,0,0.0072497787,2.1154873748,2.1745784490083846
9.52843,6.46475,9.52268,1.03139,1993.36,1932.71,0.0,0.0,0.6454,0.62576,0.0,0,0.0015641795,0.7407513393,0.7270236315887167
8.73636,5.24821,8.73636,1.1563,1804.89,1560.92,0.0,0.0,0.605,0.523221,0.0,0,0.0018262118,0.8621599312,0.8093127372000689
5.02071,3.4738,5.02071,2.5731,618.391,240.329,0.0,0.0,0.3932,0.152812,0.0,1,0.0018394171,0.5078375714,0.5309461352745211
8.43697,7.72021,8.43697,1.03874,1070.95,1031.01,0.0,0.0,0.5158,0.496565,0.0,0,0.0035582099,1.2595572241,1.275336894464482
5.69693,3.84932,5.6869,1.19116,1393.16,1169.59,0.886343,0.744103,0.5548,0.465766,0.0,0,0.0042563516,1.5656849316,1.5430280335117723
7.62136,6.38807,7.35051,1.08418,1533.97,1414.86,0.0,0.0,0.5764,0.531645,0.0,1,0.0028184298999999,1.2333321061,1.2187947501483753
18.21481,15.58526,18.21481,0.462868,1507.18,3256.18,0.0,0.0,0.8126,1.75558,0.0,1,0.0028514205,1.3482184568,1.343752079431658
5.49315,5.23582,5.46639,1.19412,1383.3,1158.42,0.0,0.0,0.511,0.427931,0.0,1,0.0077431513,2.3307941422,2.1814078217010087
5.92381,4.85823,5.92381,0.977102,1893.89,1938.27,0.0,0.0,0.5954,0.609353,0.0,1,0.0052723617,2.0305376575,2.0724924294824287
5.16866,4.1674,5.16866,1.42464,1443.53,1013.26,0.0,0.0,0.5604,0.393361,0.0,1,0.0019947863,0.7668603304,0.8369023150747452
7.14304,5.71829,7.14304,1.04514,2648.0,2533.63,0.0,0.0,0.759,0.726219,0.0,1,0.0010673435,0.505852738,0.524455861491371
5.62745,4.42901,5.626,1.06272,3032.17,2853.21,0.0,0.0,0.6922,0.651347,0.0,0,0.0020911929,0.9927633679,0.999577876738813
5.73609,4.60094,5.73609,1.03985,3094.03,2975.45,0.0,0.0,0.6998,0.672979,0.0,0,0.0021690882999999,1.0091134205,1.0148531204936484
5.58759,4.3837,5.56019,1.07026,3013.15,2815.34,0.0,0.0,0.6894,0.644141,0.0,0,0.0019913269,0.9792375243,0.9680023531119873
5.60157,4.39581,5.5618,1.06802,3018.73,2826.48,0.0,0.0,0.6908,0.646807,0.0,0,0.0020452546,0.9837694409,0.9945021924047539
5.61357,4.40385,5.61357,1.06606,3021.96,2834.71,0.0,0.0,0.6918,0.648934,0.0,0,0.0020013135,0.9882054862,0.968159720887296
5.6275,4.42824,5.62604,1.06272,3031.79,2852.86,0.0,0.0,0.692,0.651159,0.0,0,0.0021830696,0.9865297356,1.0199494470711123
5.63489,4.44582,5.40576,1.06079,3035.28,2861.33,0.0,0.0,0.6926,0.652908,0.0,0,0.002035268,0.9930669604,0.9895599293369072
5.64072,4.46761,5.621,1.05911,3041.81,2872.03,0.0,0.0,0.6942,0.655454,0.0,0,0.0020272787,0.9847401379,0.9889111359220653
5.644,4.47445,5.6433,1.05807,3043.8,2876.74,0.0,0.0,0.6942,0.656098,0.0,0,0.0020512465,0.9866535694,0.9914608794072435
5.65854,4.50803,5.65314,1.0548,3060.96,2901.94,0.0,0.0,0.6954,0.659272,0.0,0,0.0020392626,0.9965143328,0.9915344963851045
5.67593,4.5303,5.67504,1.05131,3067.91,2918.19,0.0,0.0,0.6962,0.662224,0.0,0,0.0021151607,0.9987313568,0.9983616237364463
5.70452,4.56197,5.70452,1.04697,3123.81,2983.66,0.0,0.0,0.6974,0.666112,0.0,0,0.0021531098,0.9977167188,1.022620889358469
5.73555,4.60029,5.7012,1.03985,3093.95,2975.36,0.0,0.0,0.6996,0.672786,0.0,0,0.0021071714,1.0038664637,0.996291487824412
5.787,4.68615,5.787,1.03012,3120.56,3029.31,0.0,0.0,0.7,0.67953,0.0,0,0.0021850669,0.9988791584,1.0206415748850273
5.61338,4.40406,5.55816,1.06606,3021.98,2834.73,0.0,0.0,0.6918,0.648934,0.0,0,0.0021391285,0.9910057273,1.0019309173858701
11.08232,7.03865,11.08232,0.706119,2334.22,3305.7,0.0,0.0,0.7482,1.05959,0.0,1,0.0038110792,1.7081473668,1.7013719111992922
11.98728,8.05488,11.98728,0.72084,2302.73,3194.5,0.0,0.0,0.7462,1.03518,0.0,1,0.0040102947,1.7638930622,1.7425495840582912
4.19377,3.55017,4.10153,1.43831,578.428,402.157,0.568123,0.394992,0.4896,0.340399,0.0,1,0.0038508795,1.3765252348,1.2675500799242876
5.1885,3.70567,5.1885,1.78935,815.911,455.982,0.0,0.0,0.4748,0.265348,0.0,1,0.0030829996999999,0.9347958293,0.9475380361530766
4.05397,3.78362,4.05397,2.49857,460.926,184.476,0.0,0.0,0.3628,0.145203,0.0,1,0.0010665907,0.3948391806,0.36988291756794545
5.90632,4.48545,5.90632,0.991222,2611.36,2634.48,0.0,0.0,0.7042,0.710436,0.0,0,0.0018715245,0.8999827645999999,0.8865935004028445
6.38762,4.90333,6.38762,0.985223,2558.92,2597.3,0.0,0.0,0.7104,0.721055,0.0,0,0.0020960279999999,0.9237562916,0.9748455120636403
6.39792,4.91247,6.39792,0.989226,2580.25,2608.35,0.0,0.0,0.72,0.727842,0.0,0,0.0020463591,0.9395291506,0.977905870262093
5.17871,3.9347,5.17066,1.30921,1037.24,792.266,0.0,0.0,0.5384,0.411242,0.0,1,0.0102833256,2.5499332228,2.566514872134153
6.20454,3.65645,6.19551,1.18024,913.968,774.393,4.05812,3.43839,0.5244,0.444317,0.0,1,0.0024397958,0.9791069866,0.9524506768821656
13.61666,6.49901,13.37179,0.543402,2314.06,4258.46,0.0,0.0,0.7794,1.4343,0.0,1,0.0044964489,1.9557755039,1.9946835420164386
6.05718,4.26017,6.04665,0.970091,1926.33,1985.72,0.0,0.0,0.5956,0.613963,0.0,1,0.0035335666,1.5821336533,1.5465748996117161
6.02545,4.0393,5.99647,0.986984,1894.92,1919.91,0.0,0.0,0.59,0.597781,0.0,1,0.0032838713,1.4284171992,1.4365421461872416
5.62194,5.11595,5.6016,1.12689,1067.74,947.506,0.0,0.0,0.5322,0.472273,0.0,1,0.0043393282,1.4816058982,1.508818946108461
4.71415,3.88542,4.71415,1.78814,1095.1,612.422,0.0,0.0,0.4878,0.272797,0.0,1,0.0014989520999999,0.6287140123,0.6063130539970956
5.25403,3.55446,5.25403,1.49143,984.672,660.22,0.0,0.0,0.4862,0.325996,0.0,1,0.0074602335,1.7621263025999998,1.812615610761522
6.50043,5.82364,6.50043,1.16086,1001.29,862.542,0.0,0.0,0.5192,0.447255,0.0,1,0.0027105383,0.9825754033,1.0328613944604061
9.52723,4.19884,9.52723,1.04193,2188.13,2100.07,0.0,0.0,0.7092,0.680658,0.0,1,0.0016883766,0.78052595,0.7937548627612728
5.54329,4.14541,5.54329,1.48949,971.772,652.421,0.0,0.0,0.4996,0.335418,0.0,1,0.0027643324,0.9785736689,0.933694266405261
10.50155,5.22557,10.50155,1.81291,2313.92,1276.36,0.0,0.0,0.6966,0.384245,0.0,1,0.0007189849,0.3306384375,0.34114363006997905
6.38285,4.89652,6.37584,1.09177,1385.23,1268.79,0.0,0.0,0.5274,0.483068,0.0,1,0.003544429,1.4421284234,1.4327349764340525
4.89247,3.74563,4.89153,1.59304,659.951,414.272,0.0,0.0,0.4988,0.313112,0.0,1,0.0007861165,0.3250584196,0.32172644670938566
4.90739,3.75202,4.9029,1.59304,664.487,417.119,0.0,0.0,0.5,0.313865,0.0,1,0.0007815103999999,0.3268033832999999,0.3248261912959034
6.53351,5.26079,6.50691,1.20658,1362.71,1129.4,0.0,0.0,0.5562,0.460973,0.0,1,0.0048149932,1.6899155099,1.6555351862254837
11.21887,3.60068,11.21229,0.939946,1552.8,1652.01,0.0,0.0,0.65,0.691529,0.0,0,0.0019295723,0.8772604916,0.9349898536250935
4.30909,3.88512,4.30289,2.07432,740.264,356.871,0.0,0.0,0.4854,0.234004,0.0,0,0.0034093334,1.1817300126,1.135970670148619
5.16268,4.57333,5.16268,3.58491,368.423,102.77,1.6771,0.467821,0.3658,0.102039,0.0,1,0.0003275503,0.1224665302999999,0.11626935195646282
5.26498,3.54235,5.26498,1.46293,1254.88,857.787,0.054983,0.0375841,0.5414,0.370079,0.0,1,0.0057442577,1.7445946384,1.7398704055063843
5.1988,3.52628,5.1988,1.34479,1175.14,873.846,0.0,0.0,0.5262,0.391287,0.0,1,0.0083453609,2.2781643305,2.1938196586014014
6.06928,4.27938,6.0515,1.59401,1653.86,1037.55,0.0,0.0,0.5994,0.376033,0.0,1,0.001544956,0.6812006646,0.6577282184745464
5.20547,3.53873,4.99626,1.38567,317.914,229.429,0.0,0.0,0.4078,0.294297,0.0,1,0.0021442326,0.5327511025,0.5654605523310634
10.39364,10.27787,10.39364,0.990795,1293.94,1305.96,0.0,0.0,0.603,0.608602,0.0,1,0.0016689064,0.8281796348,0.7447211476739813
4.83597,4.0538,4.82906,1.04226,1795.93,1723.11,0.0,0.0,0.619,0.593902,0.0,1,0.0046106094,1.9187257759,1.839032599441869
6.97244,5.06027,6.95895,1.05179,1573.15,1495.68,0.0,0.0,0.5538,0.52653,0.0,1,0.0032501963,1.2596638006,1.3126340962432574
6.25246,5.98089,6.23061,1.0194,1977.32,1939.7,0.0,0.0,0.6526,0.640183,0.0,1,0.0041616579999999,1.5709443025,1.747287402843931
7.75525,5.37339,7.72099,1.46024,1528.12,1046.49,0.0,0.0,0.5768,0.395004,0.0,1,0.0041768837,1.5924905591,1.5660819454422392
5.05147,4.16271,5.05147,1.13092,540.779,478.177,0.321066,0.283899,0.472,0.41736,0.0,1,0.0028161434,0.9079408973,0.9270212199594009
5.083,4.08701,5.083,1.12522,554.857,493.112,3.99845,3.5535,0.4816,0.428007,0.0,1,0.0026460499,0.8746855038,0.9272061004926954
9.88966,4.92572,9.88966,1.29557,1990.08,1536.07,0.0,0.0,0.6774,0.52286,0.0,1,0.0009593864,0.4394252304,0.4694118520026287
9.89689,4.84005,9.89689,1.30206,1987.71,1526.59,0.0,0.0,0.6598,0.506735,0.0,1,0.0009485901,0.4384632697,0.47830972338407585
6.98996,5.50834,6.97989,1.65051,1046.06,633.782,0.0,0.0,0.4498,0.272521,0.0,0,0.0015160295999999,0.629447153,0.6481530240648976
7.3989,7.10265,7.38802,1.86184,543.943,292.153,8.42327,4.52417,0.4534,0.243523,0.0,1,0.0007912464,0.3321614221,0.3432733550821452
5.7578,4.65199,5.7578,1.02515,3140.54,3063.5,0.0,0.0,0.6918,0.674829,0.0,0,0.0020106344,0.9969044758,0.9614664477004142
12.37009,6.46344,11.80655,2.21622,1903.3,858.806,0.0,0.0,0.6734,0.303851,0.0,1,0.0010954728,0.5028171609000001,0.4396669566778353
6.53651,4.25527,6.53589,1.13006,897.316,794.041,0.0,0.0,0.4944,0.437498,0.0,0,0.0032127545,1.1925189394,1.074827094099424
6.26762,4.30044,6.26762,1.44826,1375.59,949.827,0.0,0.0,0.529,0.365266,0.0,1,0.0017618776999999,0.7395774699,0.7361503385045605
6.2609,4.2583,5.97896,1.47095,1347.56,916.116,0.0,0.0,0.5236,0.355961,0.0,1,0.0018310628,0.7328866939,0.7455528957152088
7.09051,6.95471,7.08404,1.0379,1177.89,1134.87,0.0,0.0,0.482,0.464398,0.0,1,0.0053413951,1.8065747257,1.7783355522672115
5.83028,3.92148,5.83028,1.25472,1762.89,1405.01,0.0,0.0,0.5742,0.457633,0.0,1,0.0063762039,2.1626417604,2.1863804160833364
5.86454,4.0944,5.8642,1.28277,1638.51,1277.32,0.0,0.0,0.564,0.439672,0.0,1,0.0065584671999999,2.3851370828,2.051164853476728
6.38674,3.78902,6.38674,1.36238,822.472,603.704,0.0,0.0,0.4712,0.345866,0.0,1,0.0022871255,0.8366755093000001,0.8581634527638006
6.35889,3.80128,6.35889,1.36336,826.663,606.343,0.0,0.0,0.4722,0.34635,0.0,1,0.0022571304,0.8406836031,0.813247787776957
8.13442,3.87575,8.10204,1.046,828.231,791.809,624.804,597.328,0.5872,0.561377,0.0,1,0.0034552168,1.4873304551,1.4120204136312582
7.3154,5.12362,7.3154,1.77872,899.08,505.464,0.0,0.0,0.461,0.259175,0.0,0,0.0019079682,0.7025307053000001,0.7051374841804176
7.34058,5.07386,7.34058,1.77151,892.32,503.707,0.0,0.0,0.46,0.259666,0.0,0,0.0018769803,0.7093081978,0.7036507829799998
7.32397,5.11399,7.32397,1.7716,886.883,500.612,0.0,0.0,0.461,0.260217,0.0,0,0.0018426723,0.712643822,0.69361685260037
9.61717,7.1473,9.61717,0.879264,1566.05,1781.09,99.4285,113.081,0.6478,0.736752,0.0,1,0.0036765253999999,1.5378302653,1.4946174880943643
6.48228,4.55814,6.48011,1.0623,1935.66,1822.14,0.0,0.0,0.6082,0.57253,0.0,1,0.0036440195,1.4961236921,1.532079575846106
15.61444,13.71841,15.61444,0.514247,2543.27,4945.62,0.0,0.0,0.7936,1.54323,0.0,1,0.0038297093,1.6769651431,1.7970809657415012
8.28379,7.41139,8.23195,0.998413,1202.66,1204.57,0.0,0.0,0.5776,0.578518,0.0,0,0.0026057886999999,1.1684017677,1.0691037784339326
5.90535,4.58324,5.82203,1.08467,916.631,845.08,0.0,0.0,0.4426,0.408051,0.0,1,0.0019657210999999,0.8389143676999999,0.7985350856635344
4.36737,3.44948,4.36567,1.89084,688.357,364.048,0.0,0.0,0.4706,0.248884,0.0,0,0.0035170452,1.2195620123,1.131646095563245
18.94329,3.74567,18.94329,1.10475,1183.2,1071.01,0.0,0.0,0.647,0.585652,0.0,1,0.0009839716,0.4863956737,0.5286607552432666
6.27152,3.95758,6.27152,1.38102,999.488,723.73,0.0,0.0,0.4722,0.34192,0.0,1,0.0023909539,0.919363751,0.8946618666922899
10.99192,9.84925,10.99026,1.18883,1563.88,1315.47,0.0,0.0,0.6324,0.53195,0.0,1,0.0022669952,1.076074769,1.0434091027926007
11.06598,9.80954,11.06598,1.1867,1573.29,1325.77,0.0,0.0,0.637,0.536783,0.0,1,0.0024967221,1.1098677782,1.131670708048124
11.15761,9.87899,11.15761,1.18127,1568.08,1327.45,0.0,0.0,0.6374,0.539589,0.0,1,0.002498503,1.0933790834,1.133562250230642
11.10045,9.86004,11.10045,1.1813,1571.58,1330.38,0.0,0.0,0.6394,0.541269,0.0,1,0.0024967221,1.096173204,1.129862756916747
11.20025,9.92421,11.20025,1.17831,1553.45,1318.38,0.0,0.0,0.64,0.543152,0.0,1,0.0025554895,1.1096558596,1.1567744705779641
11.01399,9.78872,11.01003,1.18277,1548.2,1308.96,0.0,0.0,0.6322,0.534508,0.0,1,0.0023364475,1.0284999248,1.0915337486035248
11.38797,10.70957,11.38797,1.17105,1531.31,1307.64,0.0,0.0,0.6356,0.542761,0.0,1,0.0024824754999999,1.1388632344,1.140677198072794
11.4975,10.81891,11.4975,1.16812,1568.04,1342.37,0.0,0.0,0.638,0.546177,0.0,1,0.0023667216,1.1115007983,1.12290669691723
11.047,9.74411,11.047,1.19777,1578.73,1318.05,0.0,0.0,0.6514,0.543843,0.0,1,0.0025077014,1.1011644854,1.1212996871337828
11.06557,9.9584,11.06504,1.19415,1597.55,1337.81,0.0,0.0,0.6546,0.54817,0.0,1,0.0025790442,1.1177909378,1.1402900096521493
10.96072,9.79504,10.96072,1.20031,1612.87,1343.71,0.0,0.0,0.6478,0.539695,0.0,1,0.0024042542,1.0956282798,1.0969655709198323
11.0184,9.87166,11.0184,1.18797,1537.56,1294.27,0.0,0.0,0.6322,0.532166,0.0,1,0.0023952149,1.0621593719,1.0805937211431342
5.60667,4.32453,5.60667,1.2413,1001.47,806.796,0.0,0.0,0.493,0.397165,0.0,1,0.0018669407,0.7022072884999999,0.74771032606909
4.82969,3.81832,4.82273,1.56913,1845.61,1176.2,0.0,0.0,0.5908,0.376513,0.0,1,0.0028674888,1.1998110222,1.1752211948954419
5.14485,3.87668,5.14485,1.59025,1739.3,1093.73,0.0,0.0,0.5728,0.360194,0.0,1,0.0028277321,1.1677825457,1.1033520077480334
4.69443,3.97759,4.69443,1.13804,1028.96,904.147,0.0,0.0,0.5206,0.457451,0.0,0,0.0036228734999999,1.3855186015,1.3290089301320647
5.583,3.66466,5.55273,1.2752,1155.67,906.265,0.0,0.0,0.5562,0.436166,0.0,1,0.0036763639,1.3083963773,1.2912292732626751
6.57194,5.24744,6.52017,1.04618,2076.22,1984.58,0.0,0.0,0.6344,0.606399,0.0,1,0.0031274102,1.2927879656,1.3591279482343848
22.4236,6.86083,22.4236,0.430914,1919.0,4453.33,0.0,0.0,0.8428,1.95584,0.0,1,0.0032433253,1.5808760651,1.6117213362965044
5.70928,3.86868,5.70928,1.21403,346.494,285.408,0.0,0.0,0.432,0.35584,0.0,0,0.0004156667,0.1803953811,0.15263646544669918
4.90891,3.62196,4.90891,1.35907,1386.6,1020.26,0.0,0.0,0.5556,0.40881,0.0,1,0.0048975399,1.7500560492,1.7221210800507207
7.15013,5.00794,7.15013,1.94765,848.423,435.613,0.0,0.0,0.4292,0.220368,0.0,0,0.0019028229,0.6558968822,0.6509948172281804
7.16272,5.01285,7.16272,1.93261,861.664,445.855,0.0,0.0,0.439,0.227154,0.0,0,0.0020420253,0.672214557,0.7139734449957719
6.38663,4.81205,6.34996,0.850503,2611.85,3070.95,0.0,0.0,0.6758,0.794589,0.0,1,0.0044428826,1.9788718548,1.968678011366106
10.78109,9.76034,10.78096,0.954298,1397.44,1464.37,0.0,0.0,0.6244,0.654303,0.0,1,0.0030823353,1.3809221771,1.2465016674695657
4.79446,3.77144,4.77823,1.53468,1318.31,859.009,0.0,0.0,0.5006,0.326191,0.0,1,0.0067385582999999,2.0215405986,1.9813170979339474
4.61683,4.05372,4.60817,1.34015,2066.31,1541.85,0.0,0.0,0.6314,0.47114,0.0,1,0.0042435434999999,1.7467689333,1.7471489735954377
6.57892,5.89807,6.49701,1.10785,2422.79,2186.93,0.0,0.0,0.699,0.630954,0.0,1,0.0034983783,1.5540740091999998,1.5344116126853433
12.51834,7.61249,12.51295,0.637007,2148.52,3372.84,0.0,0.0,0.739,1.16011,0.0,0,0.0038401986999999,1.6727541608,1.7382769869108576
8.23736,6.10049,8.23736,1.05875,1568.61,1481.57,0.0,0.0,0.6114,0.577473,0.0,1,0.0037791742,1.5380483092,1.562588898896988
8.0106,6.50203,7.98579,1.08206,1519.03,1403.83,0.0,0.0,0.6028,0.557085,0.0,1,0.0040183341,1.5539721689,1.6155043327414038
10.82391,6.6625,10.80154,0.808261,1985.69,2456.74,0.0,0.0,0.6988,0.864572,0.0,1,0.003456799,1.4399826319,1.5249244206535715
6.64483,3.87362,6.64483,1.33823,656.021,490.215,0.0,0.0,0.462,0.345232,0.0,0,0.0040413405,1.0526101153,1.1661586609715506
5.10165,4.15013,5.10165,1.44975,1410.84,973.163,0.0,0.0,0.5516,0.38048,0.0,1,0.00396736,1.3946586649,1.419706555550416
9.57077,7.08727,9.56435,0.806267,1675.18,2077.7,0.0,0.0,0.6472,0.802712,0.0,1,0.0022646467,0.9792231107,1.0670187599109213
13.21045,7.45311,13.20856,0.659951,2268.86,3437.92,0.0,0.0,0.7544,1.14311,0.0,0,0.0028646079,1.258636024,1.325891293828218
5.77631,3.79148,5.77631,1.4748,1923.58,1304.31,0.0,0.0,0.5954,0.403717,0.000135612,1,0.0036614562,1.5366086563,1.4786609588701283
4.46757,3.79797,4.46575,1.34004,1684.26,1256.87,0.0,0.0,0.5592,0.417301,0.0,0,0.0077048861,2.4672801326,2.5255130474653487
5.8077,3.86323,5.63808,1.72243,1551.26,900.621,0.0,0.0,0.5892,0.342074,0.0,1,0.0011053066,0.4982959052,0.49845775549828975
4.95062,4.13329,4.94762,1.10605,938.168,848.212,43.6274,39.4442,0.5178,0.468151,0.0,0,0.0062112167,1.9841785014,2.0380102643410414
17.88791,6.52688,17.88791,0.635531,1938.63,3050.41,0.0,0.0,0.7634,1.2012,0.0,1,0.0041101625,1.8351962188,1.8242432876492276
5.28786,3.80654,5.2803,1.47108,725.981,493.502,0.0,0.0,0.4468,0.303722,0.0,1,0.0020623035,0.7327989920999999,0.7014189012581944
4.66467,3.81788,4.64797,2.25323,873.463,387.649,0.0,0.0,0.4358,0.193411,0.0,1,0.0030313481,0.9130661308,0.9428947097178908
8.09572,7.27616,7.85826,1.05444,1387.54,1315.9,115.306,109.353,0.5816,0.551571,0.0,1,0.0039631688,1.4763958653,1.4701693788320116
6.83473,3.59668,6.83473,1.18846,813.826,684.776,8.77654,7.38483,0.5106,0.429633,0.0,0,0.0020506995,0.8128823034999999,0.8083945653734768
5.68037,4.76623,5.68037,2.51192,1254.16,499.284,0.0,0.0,0.5368,0.213701,0.0,1,0.0022209888,0.7643779135,0.8037346078503961
15.75075,11.00764,15.73688,0.361001,1774.59,4915.74,0.0,0.0,0.8214,2.27534,0.0,1,0.0030843059,1.5006917907,1.5353234067594113
6.75392,4.07419,6.69615,0.89776,1801.49,2006.65,0.0,0.0,0.591,0.658305,0.0,1,0.0030850544,1.3728508037,1.393056149693413
7.7679,4.64075,7.76059,0.97417,2004.06,2057.19,0.0,0.0,0.6464,0.663539,0.0,1,0.0037139158,1.5098605216,1.6023602403327126
5.74302,5.27685,5.74302,1.21834,2265.85,1859.79,0.0,0.0,0.629,0.516277,0.0,1,0.0041565916,1.8284860865,1.65568847993259
9.08968,8.2956,9.08968,0.720728,2297.66,3187.98,0.0,0.0,0.7352,1.02008,0.0,1,0.0034183797,1.5616292576,1.6203266739947706
5.29478,4.2566,5.29396,1.44591,1143.68,790.98,0.0,0.0,0.5108,0.353273,0.0,1,0.0147268722999999,2.6196967556,2.6613776556473185
7.26398,5.93484,7.26398,0.928582,1704.47,1835.57,0.0,0.0,0.6226,0.670485,0.0,1,0.0042603838,1.8115386087,1.7546238870707291
10.27364,5.56329,10.24469,1.27911,1762.02,1377.54,0.0,0.0,0.6464,0.505353,0.0,0,0.0016987360999999,0.7594436869,0.7818537819245326
5.35903,3.85156,5.35903,1.74047,449.583,258.311,0.0,0.0,0.4336,0.249128,0.0,1,0.0005209883999999,0.2105301284,0.1997002217263728
10.30601,6.64118,10.28692,0.805914,2114.88,2624.2,0.0,0.0,0.7002,0.868827,0.0,1,0.0027908703999999,1.2737277935,1.289861989443005
5.2733,3.44165,5.13632,1.92322,520.432,270.604,0.0,0.0,0.4068,0.21152,0.0,1,0.0056993606999999,0.9427212386,1.1752147712010703
9.30565,6.85906,9.27959,0.706361,2166.56,3067.21,0.0,0.0,0.6788,0.960982,0.0,1,0.0036715139,1.7420618892,1.6704516718700928
6.83841,4.27158,6.82898,1.16057,1697.89,1462.98,0.0,0.0,0.622,0.535943,0.0,1,0.003812394,1.5857352568,1.5161547330597773
6.31369,5.23329,6.31062,1.05952,1841.47,1738.01,0.0,0.0,0.633,0.597438,0.0,1,0.0049041598,1.9786783523,1.8796102706332718
5.28453,4.80173,5.27514,1.43501,1453.93,1013.18,0.0,0.0,0.553,0.385362,0.0,0,0.0042457288,1.4320155094999998,1.4810010641978038
6.39416,5.57332,6.29797,1.14467,684.064,597.606,672.069,587.128,0.5646,0.493241,0.0,1,0.0042351928,1.5112326043000002,1.5281065157657674
5.85231,3.84033,5.85188,1.01925,1457.17,1429.65,0.0,0.0,0.5954,0.584153,0.0,1,0.0046239535,1.7857541206,1.7501475395063224
12.74838,4.90662,12.74647,0.732143,1873.63,2559.11,0.0,0.0,0.6698,0.914849,0.0,0,0.0058991903,2.2020092387,2.2363242938702603
12.74626,5.01226,12.74368,0.72706,1886.16,2594.23,0.0,0.0,0.6866,0.944351,0.0,0,0.0059167998,2.2088382118000003,2.1891684963452467
12.50276,5.7361,12.50276,0.712849,1639.29,2299.63,251.853,353.304,0.6904,0.968508,0.0,0,0.0061562893,2.2312903538,2.1587196022196817
7.74875,6.13477,7.74875,1.18661,1504.44,1267.85,0.0,0.0,0.5684,0.479013,0.0,1,0.0024494513,1.0454622929,1.0850330642330668
7.42765,5.89687,7.42765,1.85675,752.998,405.546,104.015,56.0201,0.501,0.269826,0.0,1,0.0013498286,0.5553765990999999,0.4545425676236212
4.99697,4.10291,4.99697,1.2735,911.527,715.766,0.0,0.0,0.5088,0.399529,0.0,1,0.00931663,2.1532415835,2.1756236649251566
4.81496,3.82583,4.65063,1.13347,1702.63,1502.14,0.0,0.0,0.5906,0.521054,0.0,1,0.0062146805,2.3411080177000003,2.2676038627008577
5.49382,4.32281,5.47087,1.02346,1865.76,1823.0,0.0,0.0,0.633,0.618491,0.0,1,0.0046755178,1.8094060361,1.838989160761523
5.10607,4.02699,5.08197,1.11842,1698.05,1518.26,0.0,0.0,0.5914,0.528783,0.0,1,0.0048247364,1.9591372822,1.8328888036076696
7.14061,4.94756,7.14061,1.20532,1458.34,1209.92,0.0,0.0,0.5588,0.463613,0.0,1,0.0058589046,2.1474740189,1.8375134576559233
5.28866,4.84747,5.2531,1.29946,1308.25,1006.77,0.0,0.0,0.533,0.410171,0.0,1,0.0068495506,2.033073052,1.9823429807687827
4.88781,3.95017,4.78327,1.29203,1761.41,1363.29,0.0,0.0,0.6026,0.466399,0.0,1,0.0044832328,1.6956543717,1.755395299395563
4.89671,3.9272,4.87864,1.32887,1753.02,1319.17,0.0,0.0,0.599,0.450758,0.0,1,0.0042758874,1.7162627177,1.6924671181020794
8.49333,5.93464,8.49333,1.13024,2517.32,2227.25,0.0,0.0,0.7308,0.646591,0.0,1,0.0019941613,0.8925224799,0.914498572792077
7.38705,6.71212,7.38296,0.935187,2320.11,2480.9,0.0,0.0,0.6728,0.719428,0.0,1,0.0029621895,1.3672409932,1.3329204394908278
6.67772,5.77243,6.67772,1.37946,1565.15,1134.61,0.0,0.0,0.5916,0.428865,0.0,1,0.0034734201,1.3800315566,1.4163942166434043
7.00326,4.86289,7.00219,1.1818,1642.93,1390.19,0.0,0.0,0.5612,0.474868,0.0,1,0.00483254,1.8332707135,1.771552162580434
7.77112,5.22128,7.77112,1.02459,1747.86,1705.92,54.8522,53.5358,0.6324,0.617222,0.0,1,0.0044516921999999,1.7884580877,1.6961590427009356
4.91604,3.64149,4.71388,1.41984,853.074,600.823,0.0,0.0,0.4516,0.318063,0.0,1,0.0075776861,1.7817454735,1.734080823510056
5.2622,3.52522,5.24789,1.1695,1542.33,1318.79,0.0,0.0,0.5992,0.512354,0.0,0,0.0056435498,2.0087460722,2.023743750484367
8.38907,7.72449,8.38907,1.20127,2069.83,1723.03,0.0,0.0,0.6742,0.561239,0.0,0,0.0025687646,1.1383399505,1.1297915716117792
6.13469,4.34629,6.1328,1.17934,2824.52,2395.0,0.0,0.0,0.6914,0.58626,0.0,1,0.0021306777,0.9533844324,0.9615272171840313
4.98066,4.11701,4.97309,1.72073,1391.23,808.509,0.0,0.0,0.5092,0.29592,0.0,0,0.0027201838,1.0249406999,1.0518330663787987
4.48925,3.88031,4.48925,1.58556,679.109,428.309,0.0,0.0,0.4966,0.313202,0.0,1,0.0008045411,0.3414900976,0.31706113972410166
4.66583,3.98613,4.66523,1.50136,697.933,464.867,0.0,0.0,0.541,0.360339,0.0,1,0.0005885468,0.2839565182,0.30154994775525235
4.69194,4.00507,4.69151,1.56242,721.999,462.102,0.0,0.0,0.5042,0.322704,0.0,1,0.0008728657,0.3650904829,0.3870289915963836
5.00396,3.88434,5.00066,1.56799,698.006,445.161,0.0,0.0,0.506,0.322707,0.0,1,0.0007980158,0.3464298113,0.3458350989354586
15.30437,8.24294,15.30437,0.552463,2030.06,3674.57,0.0,0.0,0.7882,1.4267,0.0,1,0.0067708822,2.4039621808,2.5661494193262158
13.51443,6.53331,13.51443,0.653619,2236.32,3421.44,0.0,0.0,0.7516,1.1499,0.0,1,0.0050404056,1.9869521739,2.1122688575928765
7.01725,4.86799,6.99499,1.23133,2027.11,1646.27,0.0,0.0,0.6304,0.511965,0.0,1,0.004560109,1.8246085984,1.7543653953105904
10.82294,9.52295,10.82294,1.0693,1503.49,1406.04,81.7206,76.4241,0.6418,0.600203,0.0,1,0.0026165498,1.1746085199,1.063676009448948
13.8531,8.72821,13.84085,0.762381,2268.77,2975.9,0.0,0.0,0.7444,0.976415,0.0,1,0.0040001345,1.8051496258,1.7298013683307918
8.35947,4.46891,5.6634,1.04829,1752.03,1671.32,0.0,0.0,0.5968,0.569309,0.0,1,0.0039494401,1.5037081623,1.5800657767752628
10.22208,8.47748,10.22208,0.840267,2115.15,2517.24,0.0,0.0,0.7808,0.929228,0.0,1,0.001216206,0.6305143933,0.587418430838405
11.04017,10.09881,11.0096,0.804882,1997.85,2482.17,0.0,0.0,0.781,0.970328,0.0,1,0.0014880774,0.688413365,0.7186903381030795
11.13693,10.31061,11.1274,0.748964,1958.48,2614.92,0.0,0.0,0.808,1.07882,0.0,1,0.0014476489999999,0.7020134375,0.7015763016314694
4.48241,3.82945,4.48241,1.26627,817.741,645.786,0.0,0.0,0.4948,0.390753,0.0,1,0.0099557908,2.4236962905,2.3064116502315355
5.87388,4.8832,5.87388,1.09727,2738.31,2495.57,0.0,0.0,0.732,0.667111,0.0,1,0.0013305953,0.6144639296,0.5866152451321672
8.43825,7.66991,8.43825,0.899517,1548.12,1721.06,0.0,0.0,0.606,0.673695,0.0,0,0.0024429355,1.1399081219,1.0659158109288895
3.77854,3.49065,3.77854,2.38895,513.1,214.781,0.0,0.0,0.4702,0.196823,0.0,1,0.004753092,1.5529965403,1.303969226885162
4.43208,3.98772,4.43094,2.2011,1075.88,488.794,0.0,0.0,0.5356,0.243333,0.0,1,0.0002969611,0.1436626357,0.202638556753292
6.06535,4.45301,6.06535,1.35673,1212.79,893.908,0.0,0.0,0.533,0.392855,0.0,1,0.0035696671999999,1.2681334888,1.281142286314481
6.88683,6.50841,6.88683,1.28067,1607.28,1255.03,0.0,0.0,0.5652,0.441333,0.0,0,0.0049311154,1.8749194116,1.8865641495259353
6.94207,6.59487,6.94207,1.57026,1544.58,983.644,0.0,0.0,0.5696,0.362742,0.0,0,0.0033883462,1.3791138261000002,1.390309168708477
6.93182,6.57314,6.93182,1.58977,1549.61,974.742,0.0,0.0,0.5672,0.356782,0.0,0,0.0035566158,1.3711101663,1.4013676032285498
6.87869,6.48693,6.87869,1.63046,1549.18,950.153,0.0,0.0,0.5698,0.349473,0.0,0,0.0035837416,1.383749035,1.3904655774241907
6.86565,6.50199,6.86565,1.63118,1543.92,946.504,0.0,0.0,0.5648,0.346252,0.0,0,0.0035837416,1.3916659134,1.3944929557038175
4.97897,3.76472,4.96668,2.4043,872.519,362.9,0.0,0.0,0.4822,0.200558,0.0,1,0.0023955341,0.7299915923,0.8226547384741985
9.32038,5.88413,9.23158,1.53681,2188.0,1423.72,0.0,0.0,0.709,0.461344,0.0,1,0.0015277918,0.7107681585,0.6474732075108409
6.89842,3.95926,6.89842,1.2173,1168.89,960.232,0.0,0.0,0.5192,0.426519,0.0,1,0.0057395493999999,1.7967509677000002,1.7245776159435848
15.0923,7.9386,15.0599,0.589907,2234.12,3787.24,0.0,0.0,0.812,1.37649,0.0,0,0.0024777425,1.2186221577,1.196268031414279
15.0745,7.93652,15.0745,0.590588,2230.11,3776.08,0.0,0.0,0.8028,1.35932,0.0,0,0.0026096453,1.2287817138,1.2506013526965711
15.0805,7.93827,15.0805,0.589428,2230.89,3784.84,0.0,0.0,0.8032,1.36268,0.0,0,0.0022240834,1.2268701385,1.0766553694237262
15.09972,7.93483,15.09787,0.58881,2231.62,3790.06,0.0,0.0,0.8032,1.36411,0.0,0,0.0023296056,1.2251939588,1.1429113212400446
10.27348,3.66364,10.27348,1.54552,1337.51,865.414,0.0,0.0,0.5444,0.352244,0.0,1,0.0025788262,1.1014566193000002,1.0016025061924807
10.46029,3.75562,10.46029,1.55256,1336.79,861.022,0.0,0.0,0.5416,0.348844,0.0,0,0.0026960927,1.1215486329000002,1.0213151681255508
6.45802,4.57521,6.44061,1.03521,1472.0,1421.94,0.0,0.0,0.5658,0.546558,0.0,0,0.0050500195,1.8906981636,1.8697623681972542
4.94973,3.64755,4.74405,1.28266,1115.13,869.385,0.0,0.0,0.5616,0.43784,0.0,1,0.001073337,0.4648036509,0.5163525060438225
9.34691,6.36719,9.34691,1.04439,1784.83,1708.97,0.0,0.0,0.6322,0.605329,0.0,1,0.0029440138,1.2130362719,1.3096292294394911
9.81867,4.43769,9.81443,0.838672,2179.96,2599.3,0.0,0.0,0.7164,0.854207,0.0,1,0.0048340017999999,1.8495505976,1.9995103464141444
9.36969,4.36946,9.36969,0.882661,2218.78,2513.74,0.0,0.0,0.708,0.80212,0.0,1,0.0046652192,1.7332249334999998,1.93245597414005
10.08545,7.23049,10.05263,0.936646,2086.42,2227.54,0.0,0.0,0.727,0.776173,0.0,1,0.0013079617,0.6781293093,0.6003380335914007
5.17343,4.21878,5.16848,1.58915,678.436,426.917,0.0,0.0,0.4584,0.288456,0.0,1,0.0050612537,1.1449421473,1.294500028497358
5.14094,4.21977,5.13595,1.60723,671.365,417.716,0.0,0.0,0.4556,0.28347,0.0,1,0.005133054,1.1346378316,1.3011932228544532
5.18429,3.8135,5.15632,1.17196,1806.33,1541.29,0.0,0.0,0.5938,0.506672,0.0,1,0.0058006282999999,2.1068379919,2.1017449198851015
24.94881,9.11981,13.96328,0.407171,1936.47,4755.92,0.0,0.0,0.8288,2.03551,0.0,1,0.0037812006,1.7440043223,1.8050013986341302
6.30676,4.81909,6.30369,1.04776,2668.26,2546.63,0.0,0.0,0.7428,0.70894,0.0,1,0.0012497053,0.5706267996,0.5835779590495921
5.15076,4.65327,5.14771,1.13486,3020.72,2661.76,0.0,0.0,0.7162,0.631093,0.0,1,0.0013422159,0.6189189829,0.6073929932415515
6.1081,4.29761,6.1081,1.82473,1754.35,961.429,0.0,0.0,0.562,0.307991,0.0,1,0.0061219431999999,1.7856022397,1.8960482972281936
11.60038,10.84699,11.60038,1.19087,1547.76,1299.69,0.0,0.0,0.637,0.534904,0.0,1,0.0025130521,1.1341587723,1.134672731917123
16.5482,9.24625,16.5482,0.458126,1992.46,4349.15,0.0,0.0,0.829,1.80955,0.0,1,0.0033947255,1.5760948058000002,1.6630969827736088
5.7573,4.86083,5.74121,1.47804,1284.35,868.952,0.0,0.0,0.5138,0.347622,0.0,1,0.0061281320999999,1.816642812,1.8032716533351492
5.90205,5.05463,5.89889,1.44105,1311.25,909.93,0.0,0.0,0.5386,0.373756,0.0,1,0.0057094599,1.7822971453,1.723146098972887
7.75367,5.31169,7.43322,1.04806,1544.2,1473.39,0.0,0.0,0.5926,0.565427,0.0,1,0.0028815178,1.262790948,1.1851528833545828
5.28106,3.76828,5.22671,1.49221,559.092,374.674,165.129,110.661,0.47,0.314969,0.0,0,0.0021712322,0.7336212801,0.7560999370542963
9.03703,6.62918,8.94738,0.968421,1920.56,1983.18,0.0,0.0,0.6764,0.698457,0.0,1,0.0032475128,1.2169427842,1.3943178465405694
11.49386,10.72802,11.47361,1.31034,1534.89,1171.37,0.0,0.0,0.6288,0.479875,0.0,1,0.0022330135,1.0322178358,1.0019549827797356
5.52925,4.85253,5.5277,0.807375,2409.06,2983.81,0.0,0.0,0.6688,0.828364,0.0,1,0.0044146964,1.9623292588,1.9337355134052137
8.74289,7.28376,8.74289,0.770513,1869.68,2426.54,0.0,0.0,0.6812,0.884086,0.0,1,0.0027705196999999,1.2400326031,1.2895630862967056
9.63173,5.48027,9.50266,0.666563,1780.56,2671.25,394.567,591.942,0.7036,1.05556,0.0,0,0.0037403315,1.7308236931999998,1.7555259180307639
5.70322,4.2936,5.70044,1.41973,1194.97,841.693,0.0,0.0,0.5074,0.357393,0.0,0,0.0056499984999999,1.6846296014,1.6457564321886955
8.60977,8.56919,8.60977,1.61724,1284.5,794.25,0.0,0.0,0.6168,0.38139,0.0,1,0.0003615116,0.1916183367,0.2173055027243711
7.09435,6.39708,7.09435,1.10433,2376.79,2152.25,0.0,0.0,0.6948,0.62916,0.0,1,0.0017314477,0.8200512326,0.7821502603328504
17.65528,16.43472,17.65528,1.06966,1485.27,1388.55,0.0,0.0,0.7452,0.696673,0.0,1,0.0022348569,0.9107456264,0.9579354621938547
17.65528,16.43472,17.65528,1.06966,1482.59,1386.05,0.0,0.0,0.7454,0.69686,0.0,1,0.0022127623999999,0.904932568,0.9579354621938547
17.89295,17.20825,17.88663,1.0366,1281.21,1235.97,0.0,0.0,0.718,0.692649,0.0,0,0.0018534048,0.6809087288,0.7577637566676825
25.68935,25.43895,25.68935,0.814849,1230.83,1510.5,0.0,0.0,0.8076,0.991104,0.0,1,0.0022227785,0.9168593678,0.9944507801481721
26.75898,26.49317,26.74189,0.733819,1149.99,1567.13,0.0,0.0,0.828,1.12834,0.0,1,0.0018937129,0.8295278443,0.8873362829158452
12.81022,4.05785,12.67653,0.771367,2135.54,2768.51,0.0,0.0,0.6982,0.905146,0.0,1,0.0050989882,1.9718660151,2.125217359573432
20.18098,6.8654,20.18098,0.883011,1005.98,1139.26,176.505,199.889,0.6154,0.696933,0.0,1,0.0081103883,1.9807509435,1.5778843086639984
5.76478,3.88293,5.76079,0.975082,1366.72,1401.64,0.0,0.0,0.5706,0.585182,0.0,1,0.0073478743999999,2.5478856380000003,2.3316099267300423
5.91307,3.93225,5.91307,0.947393,1555.93,1642.33,0.0,0.0,0.5826,0.614951,0.0,1,0.0070547358999999,2.5425877914,2.4058820442073436
4.43687,3.53475,4.41654,1.7513,543.427,310.299,0.0,0.0,0.4316,0.246445,0.0,1,0.004549627,1.2745974579,1.2212505351479817
9.4187,3.8157,9.4187,1.15388,1572.68,1362.95,0.0,0.0,0.5946,0.515306,0.0,1,0.0065274784,1.9447075141,2.2127063432884437
5.73576,4.86589,5.73576,1.67394,1567.04,936.138,0.0,0.0,0.5778,0.345174,0.0,1,0.0016323552,0.6562353638,0.6562763549419589
9.49015,4.11988,9.48875,1.0718,2134.49,1991.5,0.0,0.0,0.699,0.652175,0.0,1,0.0017097926,0.7568269195,0.8141660728443917
9.5213,4.16248,9.5213,1.04525,2148.73,2055.7,0.0,0.0,0.7006,0.670268,0.0,1,0.0016356082,0.7813702449,0.7924070848476378
9.51379,4.14819,9.5125,1.05388,2143.29,2033.7,0.0,0.0,0.7,0.66421,0.0,1,0.00154202,0.7713316732,0.7516541748074452
5.67349,3.43363,5.66285,1.39295,953.777,684.72,0.0,0.0,0.529,0.379771,0.0,1,0.0020995778,0.7738113704999999,0.8049025874337484
4.88856,4.07448,4.86623,1.80949,1151.84,636.557,0.0,0.0,0.5686,0.314232,0.0,0,0.0055600402,1.802165421,1.6361913696963368
6.90304,3.45469,6.90294,3.02612,1351.11,446.482,2.10866,0.696819,0.5404,0.178579,0.0,1,0.0004309619999999,0.2101902229,0.2486311207826457
9.48211,4.09783,9.48211,1.10251,2123.81,1926.34,0.0,0.0,0.703,0.637636,0.0,1,0.0015155975,0.7479869815000001,0.7318007265510431
4.46919,3.89223,4.46919,1.80004,671.763,373.194,1.29095,0.717177,0.4414,0.245217,0.0,1,0.0035503834,0.9630143846,1.0725820218260795
6.16997,4.49229,6.14357,1.15777,1073.38,927.108,0.0,0.0,0.4856,0.419428,0.0,0,0.0048789515,1.6003265869,1.5682272081132684
5.56488,4.14994,5.56158,1.64984,557.624,337.986,0.0,0.0,0.3922,0.23772,0.0,0,0.0098485969999999,1.2146393917,1.321567013124806
5.12552,3.77339,4.88815,1.54716,456.013,294.742,0.0,0.0,0.3458,0.223506,0.0,0,0.0144372978,1.3252457228,1.308918978538706
5.78145,3.73909,5.7809,1.26392,1211.1,958.208,0.0,0.0,0.5322,0.421072,0.0,0,0.0043657453,1.456737797,1.4963182842402352
4.98366,4.55513,4.98366,1.07707,1107.59,1028.34,0.0,0.0,0.5242,0.486692,0.0,0,0.0085575332,2.3644105968,2.395981391469763
4.91078,3.67872,4.91078,1.2863,552.942,429.872,0.0,0.0,0.425,0.330406,0.0,0,0.0053868115,1.2598699545999998,1.3191353342023309
9.96385,4.33568,9.96385,0.897942,1931.52,2151.05,198.042,220.551,0.6648,0.74036,0.0,1,0.0036201877,1.5735546916999998,1.5455715965978978
12.80393,5.86346,12.80393,0.732254,1996.94,2727.12,0.0,0.0,0.725,0.990093,0.0,1,0.0027943442,1.3260176568000002,1.312788934334443
5.32747,3.70757,5.32747,1.44986,1251.71,863.334,0.0,0.0,0.5234,0.361001,0.0,0,0.005482173,1.7209454887,1.6858856125930919
8.59986,6.07561,8.59986,1.33584,1720.59,1288.03,0.0,0.0,0.6236,0.466823,0.0,0,0.0016372417999999,0.7598698083,0.7656031631726836
5.98787,3.62357,5.98787,1.13373,1270.63,1120.75,0.0,0.0,0.5214,0.459897,0.0,0,0.0048697116,1.7517100677000002,1.683097443059261
7.20254,4.1628,7.20254,0.886931,1974.54,2226.26,0.0,0.0,0.6382,0.71956,0.0,1,0.0046727868,1.9099521455,1.898739533495632
7.36237,3.74541,7.3233,1.05285,1772.71,1683.72,0.106276,0.100941,0.6258,0.594384,0.0,1,0.0055122464,2.1436688767,2.0328482460961497
6.01025,4.24331,5.99992,1.01002,1613.71,1597.7,0.0,0.0,0.5946,0.588704,0.0,1,0.0061475407,2.1232742832,2.184229736510632
5.86756,4.66068,5.8615,1.85218,2577.81,1391.77,0.0,0.0,0.691,0.373074,0.0,0,0.0005864383999999,0.2827616554,0.34077245952974744
5.91163,5.00426,5.91034,1.15595,1292.96,1118.53,0.0,0.0,0.5702,0.493275,0.0,0,0.0058888922999999,1.7757088271,1.878289779821764
5.43362,4.03441,5.43362,2.15039,700.892,325.936,0.0,0.0,0.4398,0.204521,0.0,1,0.001202041,0.4668037668,0.40663074954516487
5.89138,4.8352,5.89138,1.26516,1787.77,1413.07,0.0,0.0,0.6376,0.503967,0.0,1,0.0025645103,1.0170019228,1.0633569649268826
4.12479,3.66059,4.10123,1.63001,136.604,83.8054,0.0,0.0,0.3614,0.221716,0.0,1,0.0006163618,0.2083312573,0.2291117006197576
5.58762,3.9288,5.58762,1.07311,1360.46,1267.78,0.0,0.0,0.5636,0.525205,0.0,1,0.0051954109,1.9391578758,1.8780565090888142
5.63611,3.90043,5.63611,1.06263,1387.85,1306.06,0.0,0.0,0.5696,0.536029,0.0,1,0.0052280973,1.9256979768,1.8957650227005303
6.60705,5.3683,6.60705,1.11648,2145.98,1922.1,0.0,0.0,0.6524,0.584335,0.0,1,0.0037246064,1.5705182926,1.5924330764580292
7.0104,5.91491,7.0104,1.01758,1770.03,1739.45,0.0,0.0,0.6232,0.612433,0.0,0,0.0037185208,1.5592211462,1.6051886296746067
7.2178,3.83248,7.2178,1.09612,1264.7,1153.8,0.0,0.0,0.5608,0.511625,0.0,1,0.0045436523,1.6932877469,1.6049872812051733
6.04771,4.78066,6.04165,1.07351,1496.3,1393.84,0.0,0.0,0.5402,0.50321,0.0,1,0.0085610832,2.2804351214,2.5674704634942254
8.04365,4.63845,8.04358,1.07811,1889.15,1752.28,0.0,0.0,0.626,0.580647,0.0,1,0.0026782298999999,1.2255235271,1.163398491449454
8.32475,3.5444,8.32475,1.47637,1351.58,915.479,0.0,0.0,0.5444,0.368742,0.0,0,0.0296420172,4.7945471738,4.852673424015389
11.7072,8.5205,11.7072,1.40177,1826.91,1303.29,0.0,0.0,0.6678,0.476399,0.0,0,0.0006462983,0.3173870747,0.41604565334577615
5.76837,5.02994,5.76476,1.16037,1095.67,944.242,0.0,0.0,0.472,0.406768,0.0,1,0.0047636329,1.6641303008,1.5036102803463163
11.50657,8.6404,11.49116,0.609882,1949.87,3197.13,64.2093,105.281,0.7292,1.19564,0.0,1,0.0052424978999999,1.9526341685,2.1026093707954003
6.41625,5.33783,6.41625,1.67137,1436.49,859.47,0.0,0.0,0.5874,0.351448,0.0,1,0.0020527969,0.8703173066,0.8403867559384436
6.04161,4.90341,6.00485,1.78682,1392.9,779.539,0.0,0.0,0.5636,0.31542,0.0,1,0.0025669849,0.98855946,0.9472547069613976
8.50343,6.96426,8.50343,1.36486,1470.9,1077.7,0.0,0.0,0.5994,0.439167,0.0,1,0.0022741171,0.9936783225,0.9636796960810659
4.04776,3.6459,4.03742,2.02495,342.226,169.005,0.0,0.0,0.431,0.212845,0.0,0,0.0007781721,0.2945968271,0.3494163115934543
5.44799,3.79422,5.44799,1.50469,1945.11,1292.7,0.0,0.0,0.6428,0.427199,0.0,0,0.0055373096,2.0965709527,2.0247831739514766
10.90817,9.80221,10.908,1.08454,1586.63,1462.95,0.0,0.0,0.6414,0.591401,0.0,1,0.0021566757999999,1.0488370301,1.0163300270897644
10.81251,9.68892,10.81235,1.16864,1579.98,1351.99,0.0,0.0,0.6292,0.538405,0.0,1,0.0025613727,1.1915864275,1.1409748702017255
6.31996,4.58953,6.31996,0.918625,1348.48,1467.93,0.0,0.0,0.5474,0.595891,0.0,1,0.0032201572999999,1.3140528247,1.31516020107187
14.69858,14.40453,14.61633,0.993806,1433.78,1442.72,0.0,0.0,0.6928,0.697118,0.0,0,0.0053149723999999,1.7828036641999998,1.899487521765193
14.25248,13.92666,14.25248,0.952578,1304.34,1369.28,0.0,0.0,0.6736,0.707133,0.0,0,0.0065732651,2.0499971247,2.1221936237382644
5.15517,3.73399,5.14768,1.63871,712.948,435.067,0.0,0.0,0.4168,0.254347,0.0,1,0.0029217145,0.8540211027,0.8024750598145318
6.37003,3.61495,6.36168,1.37197,938.703,684.2,0.0,0.0,0.4942,0.360212,0.0,1,0.0026028557,0.879463303,0.9450419557565924
6.43284,5.09662,6.26908,0.76383,2342.39,3066.64,0.0,0.0,0.6748,0.883443,0.0,1,0.0076970908,3.3166131354000004,2.8970950789240435
5.46612,4.37573,5.12432,0.961023,1171.92,1219.45,0.0,0.0,0.527,0.548374,0.0,0,0.0069193378,2.0501684608,2.1988032439912066
10.42908,4.04603,10.42903,1.5407,1428.2,926.981,0.0,0.0,0.5884,0.381905,0.0,1,0.0010795628,0.4687452834,0.5057680557489795
11.66545,8.26406,11.65056,1.01014,1491.41,1476.44,0.0,0.0,0.6388,0.632385,0.0,1,0.0026317234,1.0637964893,1.1721005885596014
14.55985,13.78223,14.55985,0.784824,1498.1,1908.83,0.0,0.0,0.661,0.842227,0.0,1,0.0045522536,1.6282777998,1.7163352662121187
5.69577,5.32518,5.69577,1.3733,890.048,648.107,0.0,0.0,0.4566,0.332483,0.0,0,0.0026509068,0.9341971265,0.871281279300754
7.26238,6.47995,7.26238,1.2744,1043.86,819.095,0.0,0.0,0.5004,0.392655,0.0,0,0.0016201088,0.7177802665,0.7127491352654899
13.15917,12.3614,13.15917,0.992617,1200.54,1209.47,0.0,0.0,0.628,0.632671,0.0,1,0.0016459959,0.7224238953000001,0.6954302969930977
8.26904,7.02568,8.25431,1.05459,2068.88,1961.78,0.0,0.0,0.642,0.608768,0.0,1,0.003300689,1.473951192,1.4690686509580908
8.51481,6.04534,8.51481,0.866707,2299.09,2652.67,0.0,0.0,0.7194,0.830038,0.0,1,0.0030273732,1.340137124,1.3861667246537621
6.13722,3.87042,6.049,1.49949,788.964,526.155,0.0,0.0,0.4632,0.308905,0.0,1,0.0101676845,1.5957690166,1.7777079699399667
6.72845,4.30181,6.72845,1.47246,871.523,591.883,0.0,0.0,0.4702,0.31933,0.0,1,0.0112228215999999,1.8674077315,1.9928914130946662
13.23241,6.67449,13.22045,0.876399,2107.58,2404.81,0.0,0.0,0.7124,0.812871,0.0,1,0.0048964399,1.6624420885,1.7273679751276483
4.96727,4.63026,4.96727,1.29284,870.275,673.148,0.0,0.0,0.4736,0.366324,0.0,1,0.0087035969999999,1.9211568223,1.9237857079575595
4.96103,4.24915,4.96103,1.44232,901.376,624.947,0.0,0.0,0.4662,0.323228,0.0,0,0.0040346265,1.2401425279,1.255776399205003
7.70412,5.87256,7.69288,1.02639,1471.97,1434.12,0.0,0.0,0.566,0.551448,0.0,1,0.0058237194999999,2.1933917137,2.054865333871153
7.66591,5.85542,7.65462,1.02962,1488.42,1445.6,0.0,0.0,0.5648,0.548553,0.0,1,0.005851482,2.2034630966,2.0671733955918525
7.68055,5.84066,7.66172,1.02599,1463.18,1426.13,0.0,0.0,0.565,0.55069,0.0,1,0.0057233473,2.2063269058,2.037647176193611
7.6755,5.87796,7.66911,1.02659,1461.4,1423.54,0.0,0.0,0.5658,0.551143,0.0,1,0.0058429397,2.2215578436000003,2.0553115938879363
7.61946,5.80686,7.57494,1.03101,1474.3,1429.95,0.0,0.0,0.564,0.547035,0.0,1,0.0058194482999999,2.2204815126,2.0197586578482603
7.52412,5.6534,7.51131,1.03145,1483.45,1438.22,0.0,0.0,0.562,0.544864,0.0,1,0.006154734,2.2368080015,2.1344184801692014
4.13433,3.66293,4.13433,1.49707,741.631,495.388,0.0,0.0,0.4688,0.313145,0.0,1,0.0090622964,2.5278345648,2.0118909716911872
4.20915,3.71253,4.20915,1.48805,761.664,511.852,0.0,0.0,0.4716,0.316924,0.0,1,0.010046992,2.5817940428,2.1039433266059895
4.98599,3.44797,4.98599,1.46601,380.372,259.461,0.0,0.0,0.3928,0.267938,0.0,1,0.0031581244,0.7267239233,0.8230495880100982
7.07474,4.6808,7.07474,1.16372,1382.44,1187.95,0.0,0.0,0.5842,0.50201,0.0,1,0.0015853841,0.7194214163,0.7124891802894088
4.74098,3.40425,4.68235,1.23774,661.744,534.639,0.0,0.0,0.5006,0.404447,0.0,1,0.0004870991999999,0.2342876645,0.28997932270110516
5.16354,4.10534,5.03617,1.38895,415.25,298.967,0.0,0.0,0.404,0.290867,0.0,1,0.001770091,0.5591338093,0.5377337766958403
5.17234,3.93529,5.17234,1.20763,463.383,383.712,171.595,142.093,0.474,0.392504,0.0,0,0.0075427095999999,1.4814123025,1.5794298026186626
7.82073,4.889,7.82073,1.29296,1273.82,985.194,0.0,0.0,0.5548,0.429093,0.0,0,0.0017073998,0.7206641361,0.6717101136203576
6.00702,4.53801,6.00702,1.30429,1992.95,1527.99,0.0,0.0,0.6142,0.470906,0.0,1,0.0040105272999999,1.6241246685,1.5558801772508652
5.94433,4.56717,5.90149,1.30513,1995.48,1528.95,0.0,0.0,0.6194,0.474589,0.0,1,0.0039450689,1.6324474706,1.5534164227063179
5.98976,4.51852,5.98976,1.3118,1973.17,1504.17,0.0,0.0,0.6186,0.471565,0.0,1,0.0040568272,1.642124145,1.6384822025442336
6.15923,4.54415,6.13245,1.2924,1996.56,1544.85,0.0,0.0,0.6166,0.477097,0.0,1,0.0038844001,1.570922916,1.5430052029019452
5.8494,4.60336,5.8494,1.30478,1964.07,1505.29,0.0,0.0,0.6278,0.481155,0.0,1,0.0039095457,1.6312037601,1.5485161584961473
5.92168,4.6498,5.91414,1.91328,2588.47,1352.9,0.0,0.0,0.676,0.353321,0.0,1,0.0005181901,0.2563877432,0.2684969648873914
7.54991,6.34934,7.53102,1.01424,2199.81,2168.93,0.0,0.0,0.6806,0.671046,0.0,1,0.0035749965,1.5499946683,1.540373877177932
6.95292,4.98162,6.95292,1.09152,1536.81,1407.96,0.0,0.0,0.5428,0.497289,0.0,0,0.0045074153,1.6425083888,1.680498732349172
7.37662,6.99185,7.37662,1.00469,1747.18,1739.02,0.0,0.0,0.6396,0.636613,0.0,0,0.0039043852,1.749920309,1.7348903679394474
5.25442,4.88912,5.25442,1.20931,1317.3,1089.3,0.0,0.0,0.5332,0.440913,0.0,1,0.0049803959,1.6471573497,1.6933776946512302
5.40311,4.9355,5.40311,1.1935,1329.97,1114.34,0.0,0.0,0.5516,0.462169,0.0,1,0.0050073426,1.6795996673,1.6751897323751388
5.24171,4.88245,5.22892,1.21123,1320.66,1090.34,0.0,0.0,0.5276,0.435589,0.0,1,0.0049645448,1.637746589,1.658553608765517
5.42751,4.95925,5.42646,1.17969,1336.79,1133.18,0.0,0.0,0.5422,0.459613,0.0,1,0.004981981,1.6551779745,1.6659276503960527
5.30336,4.92542,5.30336,1.19355,1298.68,1088.08,0.0,0.0,0.5398,0.452264,0.0,1,0.0049296725,1.6274339043,1.661478723007927
5.21289,4.69215,5.21289,1.27198,1075.64,845.64,0.0,0.0,0.4926,0.38727,0.0,0,0.0054228836,1.5878315465,1.6413668147373333
6.10412,5.49511,6.10412,1.18923,1245.03,1046.92,0.0,0.0,0.5248,0.441293,0.0,0,0.0050325779,1.6743049545,1.6335958555026437
6.09975,5.42401,6.09669,1.18953,1257.58,1057.21,0.0,0.0,0.5236,0.440174,0.0,0,0.0045713075,1.594737296,1.5479601957511013
6.14785,5.47386,6.14779,1.1794,1250.19,1060.02,0.0,0.0,0.5326,0.451584,0.0,0,0.0049645701,1.6368045613999995,1.6709166465662446
11.6475,5.80016,11.64729,0.734641,2294.6,3123.44,0.0,0.0,0.7226,0.98361,0.0,1,0.0049207544,2.0893551769,2.0304056771105405
5.95531,3.72974,5.95531,1.11029,1552.29,1398.09,0.0,0.0,0.5716,0.514821,0.0,1,0.0028993465,1.1985691569,1.158518454078323
5.64862,4.46205,5.64805,1.16543,1755.8,1506.57,0.0,0.0,0.5904,0.506596,0.0,1,0.0055440055,1.8341368841,1.9836979394407543
6.46125,4.54999,6.46125,1.13178,2301.96,2033.92,0.0,0.0,0.6152,0.543567,0.0,1,0.005191985,1.9312277133,2.005029595970827
6.36296,4.2806,6.36272,1.20693,1999.45,1656.65,0.0,0.0,0.5984,0.495805,0.0,1,0.0053995781,1.9252000437,1.9329769358016873
13.68943,4.23916,13.68943,1.04302,1835.8,1760.08,13.4841,12.9279,0.692,0.663456,0.0,1,0.0029790082,1.308815454,1.2024794473836558
13.73946,4.3179,13.73946,0.952497,1834.04,1925.51,15.1519,15.9076,0.6722,0.705724,0.0,1,0.0022951803,1.0425454914,1.0493651795911783
13.71044,4.29007,13.71044,1.01438,1788.77,1763.41,11.1798,11.0213,0.6608,0.651434,0.0,1,0.0022440195,1.0199723308,0.9802440963247021
4.81614,3.46612,4.554,1.34495,1416.38,1053.11,0.0,0.0,0.6156,0.457711,0.0,1,0.0022082252,0.9301532018,0.953533937802918
15.21554,13.85225,15.21554,0.826153,1716.72,2077.96,0.0,0.0,0.7048,0.853111,0.0,0,0.0062356667,2.1526953549,2.287624909439721
6.14636,4.66385,6.14509,0.864953,1863.69,2154.67,0.0,0.0,0.6302,0.728594,0.0,0,0.0037596141999999,1.4975090299,1.6057018947050823
5.37255,3.56877,5.37255,1.53414,1466.89,956.165,0.0,0.0,0.6184,0.403092,0.0,1,0.001563225,0.6536438214,0.6290980160465174
4.71712,3.63905,4.71712,1.54053,563.034,365.48,0.0,0.0,0.4068,0.264064,0.0,0,0.0026552418,0.8106780259999999,0.7724641021017004
4.72309,3.67608,4.72309,1.52978,599.848,392.114,0.0,0.0,0.4106,0.268405,0.0,0,0.0026066859,0.8045088694,0.8001613757437812
4.96705,4.29241,4.96705,1.47907,598.033,404.332,0.0,0.0,0.4092,0.276661,0.0,0,0.0030400987,0.8502203506,0.8786987725546663
5.51433,5.20447,5.51433,1.39065,845.278,607.831,0.0,0.0,0.4446,0.319707,0.0,0,0.0023997582,0.8364159694,0.8126437992774589
4.95272,4.26488,4.95272,1.45304,582.257,400.715,0.0,0.0,0.4264,0.293453,0.0,0,0.0029243635,0.8402182192000001,0.8481815023984722
13.29616,4.97277,13.29616,0.983012,1612.04,1639.9,0.0,0.0,0.67,0.681578,0.0,1,0.0020390235,0.9421621289,0.8967719105306781
9.52684,4.31294,9.52684,2.70363,1850.45,684.433,0.0,0.0,0.6186,0.228804,0.0,1,0.000824985,0.341228899,0.36050904736745615
5.32382,4.69426,5.32382,1.65668,675.478,407.729,0.0,0.0,0.418,0.252311,0.0,0,0.0029570368,0.8351547445,0.8004037836284034
5.18677,4.51055,5.17631,1.52314,635.031,416.921,0.0,0.0,0.412,0.270493,0.0,0,0.0035341898,0.9697393458,0.9506085442430876
6.17503,4.57934,6.17321,1.14403,1406.65,1229.55,266.817,233.224,0.5936,0.518866,0.0,0,0.0057954068,2.0664717383,1.9895911131995572
10.24604,5.19927,9.76441,0.774705,2445.7,3156.94,0.0,0.0,0.7196,0.92887,0.0,1,0.004011535,1.7863438521,1.7945848241580973
5.76423,4.1915,5.74643,1.09839,2062.25,1877.52,0.0,0.0,0.6384,0.581215,0.0,0,0.0050461344,1.910905922,2.007727672225244
5.36278,4.15643,5.36278,1.09674,2370.15,2161.08,0.0,0.0,0.672,0.612723,0.0,1,0.0019058888,0.9343467275,0.8250493186006175
5.32617,4.14354,5.3111,1.10004,2360.03,2145.41,0.0,0.0,0.6692,0.608342,0.0,1,0.002003105,0.9267096073,0.8923961293204632
18.77734,7.81499,18.77734,0.539574,2171.35,4024.19,0.0,0.0,0.8044,1.49081,0.0,1,0.0030627916,1.5047556206,1.4817280566443214
5.34764,4.14932,5.34428,1.34276,985.458,733.903,0.0,0.0,0.4968,0.369983,0.0,1,0.0053484922,1.5378338036,1.5698926335353836
5.34824,4.13773,5.34698,1.34089,993.502,740.929,0.0,0.0,0.4942,0.368562,0.0,1,0.0051878683,1.5286416111,1.5516989085834767
8.56724,6.92833,8.56724,1.27671,1511.52,1183.92,0.0,0.0,0.5678,0.444738,0.0,0,0.0027220859,1.1442022663,1.116144841723668
8.33236,6.80185,8.33236,1.32055,1504.03,1138.94,0.0,0.0,0.578,0.437696,0.0,0,0.0029225327,1.2011410107,1.1582338097937235
8.49976,6.89727,8.49976,1.31953,1515.96,1148.87,0.0,0.0,0.5704,0.432276,0.0,0,0.0028421585999999,1.1830761568,1.151730992571119
5.36353,4.34017,5.23294,1.65348,1412.13,854.037,0.0,0.0,0.5972,0.361179,0.0,0,0.0065200132,1.8536480965,1.9098387910595875
5.08726,4.83873,5.06957,1.27292,905.072,711.021,0.0,0.0,0.4628,0.363574,0.0,0,0.0061001068,1.6614614538,1.6198257310138124
16.84369,16.76415,16.84369,0.692416,1360.98,1965.54,0.0,0.0,0.7588,1.09587,0.0,1,0.0027895116,1.2981794175,1.2514106816131443
5.9367,4.07723,5.9367,0.815854,1158.61,1420.12,12.5333,15.3622,0.5888,0.721698,0.0,0,0.0025705498,0.9796210955,1.053926479404278
16.92414,16.84411,16.92414,0.675419,1334.6,1975.96,0.0,0.0,0.764,1.13115,0.0,1,0.0030659344,1.4561224372,1.3793224529123984
16.90358,16.82254,16.90358,0.671459,1350.93,2011.93,0.0,0.0,0.767,1.14229,0.0,1,0.0031357635,1.4491831693,1.390215474877587
16.8944,16.81333,16.8944,0.672143,1349.09,2007.15,0.0,0.0,0.767,1.14113,0.0,1,0.0030921203,1.425799146,1.3906506640077485
16.92569,16.84467,16.92569,0.669653,1353.12,2020.63,0.0,0.0,0.7686,1.14776,0.0,1,0.0029764658,1.438274553,1.344229123053607
8.1447,5.93208,8.1447,0.901348,2323.1,2577.36,0.0,0.0,0.6668,0.739781,0.0,1,0.0037129031,1.6150888703,1.631630024790761
8.55642,5.36069,8.35991,0.706783,1873.58,2650.85,92.9946,131.574,0.6674,0.944278,0.0,0,0.0029675928999999,1.3596987951,1.3859141504470804
9.53742,5.44759,9.32696,1.58248,1828.68,1155.58,0.0,0.0,0.6098,0.385344,0.0,0,0.0034183149,1.4319426205,1.3665748544975362
5.3952,3.72256,5.3952,1.47049,1163.8,791.435,0.0,0.0,0.504,0.342742,0.0,0,0.0046430171999999,1.6640343833000002,1.4662700570752258
5.48812,3.7418,5.48733,1.43983,1166.77,810.351,0.0,0.0,0.499,0.346569,0.0,0,0.0045624006,1.6842105716999998,1.450340825460787
11.35798,8.5918,11.35555,0.674777,2143.5,3176.61,0.0,0.0,0.7262,1.07621,0.0,1,0.0057629859999999,2.2338881974,2.27749009138504
6.97366,6.05295,6.96579,1.20561,1541.67,1278.75,0.0,0.0,0.5886,0.488218,0.0,1,0.0040135295,1.5919465967,1.6124259437115647
5.81104,3.45148,5.7898,1.22228,1232.48,1008.35,0.0,0.0,0.5482,0.448508,0.0,1,0.0043447738,1.6080968714,1.5006542292048932
5.59699,4.85089,5.59699,1.22385,769.975,629.142,0.0,0.0,0.4788,0.391224,0.0,0,0.0011591682,0.4780587725,0.4726499162215041
6.80849,6.42208,6.80849,1.6895,1568.88,928.61,0.0,0.0,0.5668,0.335485,0.0,0,0.0039422001,1.4840302400999998,1.486638808509425
9.31006,7.53558,9.30278,0.580679,2625.75,4521.86,0.0,0.0,0.7606,1.30985,0.0,1,0.0031913179,1.6046149884999998,1.499685819842069
6.20608,3.81259,6.16409,1.48643,1158.39,779.31,0.0,0.0,0.5192,0.349294,0.0,1,0.0024510204999999,0.9096618844,0.9626398207970143
6.16395,3.77069,6.1156,1.46962,1165.3,792.926,0.0,0.0,0.5354,0.364312,0.0,1,0.0023850582,0.8745508423,0.9736569432443896
6.25491,3.91181,5.95608,1.39707,1185.59,848.625,0.0,0.0,0.547,0.391533,0.0,1,0.0028351338,1.0218395582,1.0322045234814952
8.97967,4.54894,7.97865,1.40065,1635.25,1167.49,0.0,0.0,0.6194,0.442222,0.0,1,0.0012068552,0.5697721308,0.552964431172479
9.20624,4.84305,9.20624,1.16023,1655.06,1426.49,0.0,0.0,0.6112,0.526791,0.0,1,0.0033668621,1.2510936841,1.3974571116036403
5.58364,3.90943,5.58364,1.24007,952.192,767.854,70.05,56.4887,0.5222,0.421105,0.0,1,0.0086552675,2.1956499194,2.0130398763169683
6.79171,5.36307,6.77355,0.962581,2073.83,2154.45,0.0,0.0,0.6394,0.664256,0.0,1,0.0075456970999999,2.7421135085,2.7098280981880505
4.92643,4.38387,4.92643,1.57725,2265.97,1436.66,0.0,0.0,0.6254,0.396513,0.0,1,0.0022569269,0.9684926297,0.9597684777935048
4.93313,4.38082,4.93313,1.57553,2293.93,1455.98,0.0,0.0,0.6088,0.38641,0.0,0,0.0022992707,0.9576511942,0.9971431480591717
5.33465,4.95075,5.33465,1.06578,1588.39,1490.35,0.0,0.0,0.586,0.549831,0.0,1,0.005326049,1.9429877377,1.9720559504718547
5.70954,5.40047,5.70954,0.993165,1765.23,1777.38,0.0,0.0,0.616,0.620239,0.0,1,0.0047714889,1.7728323947,1.8599969177894784
6.51956,6.14293,6.51763,1.25239,1627.1,1299.19,0.0,0.0,0.6236,0.497928,0.0,0,0.0046356415,1.8197638416,1.8112719340340258
12.58218,11.50288,12.56968,0.603307,2027.92,3361.34,0.0,0.0,0.7608,1.26105,0.0,1,0.0033806781,1.5416381667,1.5694797160288385
5.33307,3.93087,5.33307,1.15662,1798.05,1554.58,0.0,0.0,0.618,0.534316,0.0,0,0.0055297223,2.0861245292,2.053532276835337
7.68734,5.08903,7.68734,1.09108,1654.78,1516.65,0.0,0.0,0.567,0.51967,0.0,0,0.0041386899,1.6700902271,1.6354560492815
13.6466,4.52582,13.6466,0.969419,2198.16,2267.5,0.0,0.0,0.6876,0.709291,0.0,1,0.0044003884,1.8902443716,1.8236355726371067
5.77585,4.33422,5.56399,1.19211,1979.16,1660.22,0.0,0.0,0.6036,0.506331,0.0,1,0.0046675023,1.7484533126,1.753272322682189
9.38956,5.60914,9.2442,0.843227,2246.05,2663.63,0.0,0.0,0.685,0.812356,0.0,1,0.0027174161,1.2842020172,1.254834583248263
9.5163,5.76215,9.5163,0.851407,2206.78,2591.93,0.0,0.0,0.6808,0.799618,0.0,1,0.0031428958,1.3986649071,1.3840677296175339
9.9497,6.81571,9.9489,0.994874,2116.8,2127.71,0.0,0.0,0.683,0.686519,0.0,1,0.0023715261999999,1.1374527682,1.065391912606856
12.26016,8.11803,12.26013,0.845073,1643.38,1944.66,0.0,0.0,0.644,0.762064,0.0,1,0.0040648505,1.5217547003,1.6263710153194355
21.82341,9.06966,13.94061,0.408796,1899.79,4647.28,0.0,0.0,0.8328,2.0372,0.0,1,0.003426744,1.6395336658000002,1.7130966585576184
4.70786,3.58668,4.69647,1.26931,973.305,766.801,0.0,0.0,0.5298,0.417393,0.0,0,0.009597939,2.0915701813,2.3667938060920526
4.95338,3.66569,4.91383,1.21757,1152.17,946.288,0.0,0.0,0.5426,0.445643,0.0,0,0.0088319824,2.1665594442,2.333249425411786
5.32267,3.53615,5.32267,1.67671,498.537,297.33,52.5885,31.3641,0.4392,0.261941,0.0,1,0.0018018914,0.5932346944,0.5131211035559599
5.3333,3.56234,5.2261,1.69384,503.361,297.172,49.7521,29.3724,0.4348,0.256695,0.0,1,0.0018532876,0.5887159093,0.5290034359081646
5.26465,3.41703,5.25331,1.72957,398.344,230.313,32.6666,18.8871,0.43,0.248616,0.0,1,0.0016544143,0.514987971,0.492986948699899
5.23285,3.40673,4.67793,1.83571,402.852,219.453,27.5563,15.0113,0.421,0.229339,0.0,1,0.0017173751,0.5075103339,0.5330050439752224
4.94918,3.68888,4.93711,1.45476,795.928,547.119,0.0,0.0,0.4866,0.334488,0.0,0,0.006310519,1.3906724715,1.624972810040484
4.41097,3.81053,4.41097,1.23944,1320.34,1065.27,0.0,0.0,0.561,0.452623,0.0,1,0.0090927828,2.5784000216,2.724666570509852
6.0116,4.19513,6.00621,2.27118,1170.18,515.23,0.0,0.0,0.5276,0.232302,0.0,1,0.0007237155,0.3200601778999999,0.3392486466419431
6.03972,4.19838,6.03396,2.27118,1173.84,516.843,0.0,0.0,0.5134,0.22605,0.0,1,0.0007022275,0.3205793278,0.32295599035948164
7.46107,4.86322,7.46107,1.31027,1231.65,939.995,0.0,0.0,0.5398,0.411977,0.0,0,0.0015659584,0.7380998195,0.6000239197914293
5.42515,3.64983,5.42515,2.53736,330.635,130.307,105.197,41.4594,0.4166,0.164187,0.0,1,0.0015926606,0.5353711976,0.5225189535452051
6.51326,4.65771,6.51326,1.72938,2369.14,1369.94,0.0,0.0,0.6388,0.369382,0.0,1,0.0015302523999999,0.734200242,0.6585650488197647
8.80758,7.78405,8.80758,0.713822,2198.53,3079.94,0.0,0.0,0.7072,0.990723,0.0,1,0.0031226871,1.4496612822,1.4375801117288236
5.47717,4.50209,5.38717,1.18044,1256.75,1064.65,0.0,0.0,0.5258,0.445429,0.0,1,0.0050993201,1.646266803,1.6824888124471165
10.88215,9.55664,10.87435,0.67542,1854.05,2745.03,0.0,0.0,0.7122,1.05446,0.0,0,0.0026821126,1.3070881412,1.260887552752875
5.99775,4.93271,5.97758,1.0207,1831.3,1794.17,0.0,0.0,0.5916,0.579605,0.0,1,0.0055005256,2.0988491328,2.0605047869908417
6.05079,4.58023,5.97678,0.91647,1939.38,2116.14,0.0,0.0,0.5864,0.639846,0.0,1,0.0060034608999999,2.326828265,2.321647227389898
9.88279,8.82764,9.86175,0.758162,1549.91,2044.3,0.0,0.0,0.642,0.846785,0.0,1,0.0037577212,1.7143595052,1.6165354923273862
6.11585,5.67624,6.11585,1.55309,529.015,340.62,76.1683,49.0429,0.441,0.283949,0.0,1,0.0017480701999999,0.6194760371,0.5650841495443673
6.70296,5.88092,6.70296,1.13456,971.753,856.498,0.0,0.0,0.5046,0.444752,0.0,0,0.0064263188,1.6785148422,1.6879621635882627
6.3068,5.74769,6.3068,1.44498,561.702,388.727,79.3873,54.9401,0.4722,0.326787,0.0,1,0.0018703008,0.6490981035,0.7018889240348175
6.24449,5.77613,6.24449,1.46696,557.647,380.138,84.3149,57.4759,0.4544,0.309756,0.0,1,0.0017675342,0.6783210614,0.6506353753093461
6.21252,5.76844,6.21252,1.49343,549.45,367.91,94.3906,63.2038,0.457,0.306006,0.0,1,0.0019791743,0.6758676517000001,0.775790121602712
6.1695,5.71241,6.1695,1.51351,547.592,361.803,81.859,54.0857,0.4488,0.29653,0.0,1,0.0018758593,0.6634127449,0.686670386665872
6.04963,5.68051,6.04963,1.61833,495.105,305.936,63.5383,39.2616,0.4414,0.27275,0.0,1,0.0017757082999999,0.6263640147999999,0.5422375951847337
6.09339,5.6432,6.09339,1.54719,534.667,345.572,82.6577,53.4242,0.4374,0.282705,0.0,1,0.0017852269,0.6382890739,0.5868550423277267
5.77868,4.92206,5.77868,1.33529,705.816,528.586,0.0,0.0,0.4442,0.332662,0.0,0,0.0017894304999999,0.7083633509999999,0.6155981828353102
4.18455,3.46938,4.126,1.22946,1127.43,917.014,0.0,0.0,0.5064,0.411887,0.0,1,0.0064791555,2.204577635,2.0173040219345615
6.68967,5.56749,6.68967,1.09709,1295.9,1181.22,0.0,0.0,0.5546,0.50552,0.0,0,0.0015919576,0.6792848458,0.6947309374372438
5.90493,5.239,5.89411,2.24827,1626.7,723.534,0.0,0.0,0.5828,0.259221,0.0,1,0.0018762035,0.7661583973999999,0.7228693098728861
5.99502,4.85131,5.99502,1.96036,716.905,365.7,0.0,0.0,0.4012,0.204656,0.0,0,0.0022119493,0.6437478877,0.6677685410652807
4.63559,4.00457,4.63559,1.27465,706.955,554.628,0.0,0.0,0.4642,0.364179,0.0,0,0.0191605834,2.6916023401,3.0928762258804974
19.71713,10.83562,19.26567,0.59986,1609.68,2683.42,0.0,0.0,0.7756,1.29297,0.0,1,0.0021916379,0.9860595448,1.067943080087956
5.77879,3.6694,5.74168,1.1744,1435.84,1222.62,0.0,0.0,0.5446,0.463725,0.0,1,0.0044995471,1.6285022117,1.6204608102231264
11.1144,9.75442,11.1107,0.986032,1267.43,1285.39,0.0,0.0,0.613,0.621683,0.0,1,0.0047752527,1.3595796935,1.3934858900432083
11.16343,10.81199,11.16343,0.974993,1274.86,1307.56,0.0,0.0,0.613,0.628722,0.0,1,0.0044833159,1.3541028986,1.406657234226844
4.71676,4.28533,4.60921,1.30405,891.701,683.791,0.0,0.0,0.494,0.378819,0.0,0,0.0302656927,3.7607338621,3.835098615384756
12.01283,7.57315,11.94291,0.692877,2023.51,2920.44,0.0,0.0,0.7558,1.09081,0.0,1,0.0028351194,1.3706722961000002,1.3149582796875228
6.55615,6.26734,6.55615,1.05162,1586.57,1508.69,0.0,0.0,0.6118,0.581771,0.0,0,0.0027128753,1.2145917079000002,1.1853374507995498
6.89591,6.55778,6.89591,1.0419,1703.36,1634.86,0.0,0.0,0.5962,0.572226,0.0,0,0.0036551471999999,1.6033691791,1.586259430053206
6.89591,6.55778,6.89591,1.0419,1723.91,1654.59,0.0,0.0,0.5992,0.575105,0.0,0,0.0036122505999999,1.5828002630000002,1.5896042315496668
4.23855,4.07782,4.23855,2.08216,622.195,298.822,0.0,0.0,0.3756,0.18039,0.0,0,0.1232616659,2.7388434654,2.823065284986936
4.76638,3.82621,4.60043,2.19605,897.1,408.507,0.0,0.0,0.447,0.203547,9.11e-05,1,0.0019139654,0.6806801966,0.6854466745162782
6.11636,4.97088,6.11301,1.14225,2249.13,1969.04,0.0,0.0,0.6532,0.571855,0.0,1,0.0047604333,1.944691997,1.8879135864304906
15.59545,7.18908,15.59545,1.05942,1203.53,1136.02,437.579,413.035,0.6586,0.621658,0.0,1,0.0024709133,1.0334207578,1.192243909471686
11.02015,7.37075,10.14135,0.640306,2311.05,3609.3,0.0,0.0,0.7544,1.17819,0.0,1,0.0037364873,1.6459823256,1.7089106195875958
12.4058,6.44619,12.40529,0.643237,2322.53,3610.7,0.0,0.0,0.758,1.17841,0.0,1,0.0043519088,1.8881561579,1.8660239461035892
10.49302,6.38821,9.82708,0.743714,2384.9,3206.74,0.0,0.0,0.733,0.985594,0.0,1,0.0036593519,1.6124850055000002,1.6877040388527957
7.04459,5.28876,6.99806,2.24046,1871.0,835.095,0.0,0.0,0.6028,0.269052,0.0,1,0.0005967157,0.2882778734,0.29701760132613675
3.8316,3.43471,3.8316,1.99445,193.651,97.0949,0.0,0.0,0.3706,0.185815,0.0,1,0.0010374313,0.4170532199,0.3091301535266473
10.84435,6.73283,10.55041,0.748614,2330.25,3112.76,0.0,0.0,0.7394,0.987692,0.0,1,0.003989827,1.8022413672,1.7507866727667292
5.59367,4.45075,5.58718,1.92976,2690.17,1394.04,0.0,0.0,0.6586,0.341285,0.0,1,0.0020455317,0.9054389863,0.8445405634868492
4.79205,3.60409,4.64994,1.39523,1791.62,1284.1,0.0,0.0,0.6494,0.465443,0.0,0,0.0008127219,0.4049617492,0.5028463093717679
4.73204,4.05435,4.73204,1.35155,598.778,443.031,0.0,0.0,0.4396,0.325256,0.0,1,0.0031293478,0.9647995505,0.9656565811772237
10.06674,5.89372,10.02896,0.775285,1690.92,2181.03,0.0,0.0,0.666,0.859039,0.0,1,0.0019810762,1.029868186,0.9716197663247407
10.54329,3.57347,9.99148,0.796722,1428.62,1793.12,0.0,0.0,0.6376,0.800279,0.0,1,0.0017131446,0.8481195184,0.792094209544929
5.98746,4.8264,5.9716,1.48355,1468.56,989.896,0.0,0.0,0.5258,0.35442,0.0,0,0.0030615460999999,1.2138889873999998,1.1541603154249072
4.66481,4.27217,4.66481,1.62429,1132.96,697.513,6.84199,4.21231,0.5378,0.331099,0.0,1,0.0028865121999999,1.0654237009,1.0360467355898617
6.21836,5.45282,6.15162,1.19004,1495.35,1256.55,0.0,0.0,0.585,0.491579,0.0,1,0.0043879483,1.6064376161000002,1.650666058260185
7.00282,4.91398,6.98169,0.922936,2510.46,2720.08,0.0,0.0,0.6774,0.733962,0.0,1,0.0050005603,2.2377917787,2.105191394236819
5.54234,3.55384,5.35331,2.01055,805.607,400.69,0.0,0.0,0.4136,0.205715,0.0,1,0.0011204152,0.4404922207,0.41290905804877776
4.41914,3.78485,4.34144,1.40491,222.323,158.247,290.552,206.812,0.4588,0.326569,0.0,1,0.0072107038,1.4335835491,1.4180467214457986
6.17338,4.21228,5.94323,1.84008,1775.64,964.98,0.0,0.0,0.577,0.313573,0.0,0,0.0024939238,0.9934705175,0.9755877330501508
5.0132,3.85656,5.0132,1.33687,942.288,704.846,0.0,0.0,0.476,0.356055,0.0,0,0.0035064354999999,1.1208750396,1.1518465319009632
4.79928,3.48721,4.69113,1.33806,713.958,533.579,0.0,0.0,0.4706,0.351704,0.0,1,0.0050857456,1.5094975494999998,1.4407656934547204
7.9749,7.17885,7.94814,1.43251,1497.34,1045.25,0.0,0.0,0.5716,0.399019,0.0,1,0.0019276157999999,0.7912921448000001,0.8083182804115489
5.00847,4.17233,5.00847,1.12183,1419.6,1265.43,13.3609,11.9099,0.5596,0.498828,0.0,1,0.0040227296,1.5092984236000002,1.5365203238132503
5.72133,5.32598,5.72133,0.997473,1372.13,1375.6,0.0,0.0,0.5098,0.511092,0.0,1,0.0080396401,2.4925953541,2.434689577367709
9.87335,7.01536,9.87051,1.00037,1639.71,1639.11,0.0,0.0,0.6506,0.650361,0.0,1,0.0041722245,1.6133475694,1.6581811389849923
4.79892,3.66567,4.79892,1.29583,1695.99,1308.8,0.0,0.0,0.5686,0.438791,0.0,1,0.0049673784999999,1.8689391025,1.8309252487825949
4.78648,3.65733,4.78648,1.31907,1696.72,1286.3,0.0,0.0,0.5664,0.429393,0.0,1,0.005040223,1.8320520752,1.858742063750621
5.24035,3.78554,5.21637,1.49263,550.2,368.611,159.888,107.118,0.4678,0.313407,0.0,0,0.0022059645,0.7557146008,0.7727262266331776
5.20828,4.58005,5.18499,1.11938,1150.31,1027.63,0.0,0.0,0.506,0.452034,0.0,0,0.0035763086,1.2884955426,1.2940463758444969
5.04646,4.16361,5.04099,1.19416,1034.92,866.655,0.0,0.0,0.4922,0.412174,0.0,0,0.0036772649,1.3224660691,1.2748460626728506
9.12886,8.44595,9.12886,1.00188,1110.93,1108.85,0.0,0.0,0.56,0.558951,0.0,1,0.001785067,0.8555899665000001,0.768171845699223
4.76569,4.12526,4.76569,1.26221,800.094,633.883,4.17361,3.30659,0.4918,0.389634,0.0,1,0.004299723,1.3585720595,1.3971676488665525
7.68803,7.36383,7.68803,0.950247,1850.19,1947.06,0.0,0.0,0.627,0.659828,0.0,1,0.0036746541,1.4835208129,1.63697672215315
7.7972,3.97712,7.7972,1.1623,1447.09,1245.01,77.4656,66.6483,0.573,0.492986,0.0,1,0.0078764548,2.2662763112,2.2407460836294764
10.7008,8.31199,10.7008,0.628411,1977.63,3147.04,0.0,0.0,0.7012,1.11583,0.0,1,0.0054019826,2.0566337866,2.243990610193141
19.09514,6.59272,18.85083,0.559282,2154.91,3853.0,0.0,0.0,0.789,1.41074,0.0,1,0.0034778359999999,1.6353026497,1.62340265462243
6.32175,3.7026,6.31403,1.91517,995.288,519.687,0.0,0.0,0.5032,0.262744,0.0,1,0.0018753195999999,0.753827575,0.6988597837247414
6.26363,3.70776,6.26313,1.90371,978.115,513.793,0.0,0.0,0.5022,0.2638,0.0,1,0.0019302488,0.7555709495999999,0.7356343954126396
5.96918,4.1656,5.96918,1.0315,1325.72,1285.24,0.0,0.0,0.5408,0.524287,0.0,0,0.0029894295,1.183124335,1.1625861817210694
6.89695,5.88693,6.88053,1.44086,1384.56,960.922,0.0,0.0,0.5716,0.396706,0.0,0,0.0052252082,1.7968607181999998,1.8132178641080217
4.49067,3.71104,4.4722,1.86928,279.265,149.397,0.0,0.0,0.3624,0.193872,0.0,1,0.0059637089,0.9442785642,1.065533501068831
5.2054,3.59701,5.17347,1.40338,910.102,648.507,0.0,0.0,0.4596,0.327495,0.0,0,0.0077997213,1.6762712751,1.7437890251867154
6.00569,3.96893,5.96297,1.13245,277.836,245.342,598.929,528.881,0.5278,0.466071,0.0,1,0.0040607361,1.3611296461000002,1.2839969439477343
5.12215,3.79398,5.11629,1.52223,483.947,317.921,0.0,0.0,0.445,0.292335,0.0,1,0.003568925,0.8567501795,0.9997435072963381
6.24948,5.12409,6.24249,1.30647,1092.9,836.531,0.0,0.0,0.5376,0.411492,0.0,1,0.0018785479999999,0.7568257466,0.741611904395025
5.82935,5.12372,5.78502,1.29204,2093.52,1620.33,0.0,0.0,0.6306,0.488067,0.0,1,0.0036204375,1.5376397275,1.4710989257685247
6.43873,5.71769,6.32596,3.20394,1423.73,444.368,0.0,0.0,0.5564,0.173661,0.0,1,0.0013453431,0.5381422141,0.5319332687844424
5.40379,4.11586,5.39113,1.20876,1724.57,1426.72,0.0,0.0,0.5842,0.483303,0.0,1,0.003636519,1.430665425,1.4525619894748132
10.7777,6.68804,10.76442,1.37281,1712.63,1247.54,119.227,86.849,0.6828,0.497375,0.0,1,0.0026333721,0.8823834506,0.9323017061328798
14.169,13.34985,14.06749,0.845802,2182.1,2579.91,0.0,0.0,0.7752,0.916526,0.0,1,0.0020155413,0.9550719805,0.9633633826183365
8.36355,6.76783,8.36355,1.33052,1528.86,1149.07,0.0,0.0,0.5564,0.418184,0.0,0,0.00276814,1.1974142805,1.105360951302481
7.33223,5.00492,7.33223,0.937356,1880.0,2005.64,0.0,0.0,0.6136,0.654607,0.0,1,0.0052547178,2.1060514892,2.088561226301669
7.09681,5.52234,7.09517,0.917986,1955.18,2129.86,0.0,0.0,0.6202,0.675609,0.0,0,0.0048137526,1.916050761,1.9853833056275372
4.1653,3.49014,4.1653,1.2541,633.589,505.216,0.0,0.0,0.52,0.414641,0.0,0,0.0040099389,1.5265625859999998,1.2952092425965902
6.10574,5.26029,6.08367,1.19181,1276.39,1070.97,0.0,0.0,0.5272,0.442354,0.0,1,0.0028255602,1.1895021954,1.087196053700302
7.16636,5.68293,7.16636,0.873364,2436.63,2789.93,0.0,0.0,0.6948,0.795545,0.0,0,0.0063534587,2.8354210853,2.7072219936512614
8.10583,6.88134,8.10583,1.58436,1015.28,640.812,0.0,0.0,0.5632,0.355475,0.0,1,0.0006537544999999,0.3166504323999999,0.28211963729818756
5.66812,5.1578,5.66812,1.35058,1261.14,933.776,0.0,0.0,0.5436,0.402493,0.0,1,0.00297514,1.0904289504,1.0817957570260714
8.74352,7.39002,8.74352,1.23265,727.688,590.344,539.668,437.811,0.5772,0.468259,0.0,0,0.0088818587,2.6437097602,2.4210357051994467
4.81469,3.76296,4.81469,1.36731,413.706,302.568,0.0,0.0,0.4354,0.318435,0.0,0,0.0020765146,0.6326104742,0.6868192927228335
5.57567,4.9751,5.5219,1.4259,1132.91,794.523,0.0,0.0,0.4782,0.335368,0.0,1,0.0033294902,1.2510401708,1.1739508737686157
5.6328,3.44137,5.05356,2.33052,1152.05,494.331,0.0,0.0,0.4892,0.209911,0.0,1,0.0010787598,0.4715660961,0.4628170369292961
5.38689,3.95895,5.38689,2.21744,1372.1,618.775,0.0,0.0,0.5208,0.234865,0.0,1,0.0009030957,0.3968543538,0.43260025980510464
6.53947,4.17251,6.17765,1.42791,635.748,445.228,276.909,193.926,0.462,0.323549,0.0,1,0.0079657414,1.6959715141,1.6188148564009741
15.66484,9.57746,15.5128,0.72296,1280.06,1770.59,458.981,634.865,0.7258,1.00393,0.0,1,0.0037903588,1.6412060057,1.6706597936935321
8.01686,3.8968,7.05023,1.88749,1060.89,562.066,12.103,6.41222,0.5204,0.27571,0.000105961,1,0.0009880288,0.3751443774,0.4663642469586746
17.45826,13.87931,17.45826,0.40339,1714.83,4251.06,45.6222,113.097,0.8208,2.03476,0.0,1,0.0063254548,2.6343759745,2.150469735722293
6.29282,4.92678,6.2328,1.05196,1843.91,1752.83,0.0,0.0,0.6012,0.571503,0.0,1,0.0038807014,1.5490629406,1.5974927577384836
6.23732,6.06718,6.23732,1.12213,1424.12,1269.12,0.0,0.0,0.5374,0.47891,0.0,1,0.0100312368,3.0458784984,2.9067172216085955
4.77526,3.80831,4.76074,1.15827,1072.88,926.279,0.0,0.0,0.5544,0.478644,0.0,0,0.0065484102,1.9972274197,1.9805518798655761
9.59326,6.44061,9.30682,0.587991,2547.85,4333.14,0.0,0.0,0.7478,1.27179,0.0,1,0.0040310056,1.8331919531,1.8630471985989498
6.17658,3.63409,6.12044,1.11816,999.382,893.777,0.0,0.0,0.5212,0.466125,0.0,0,0.0078094688,1.8849582691,1.912487993018967
5.01289,4.70268,4.9859,1.56754,1059.53,675.918,0.0,0.0,0.4664,0.297536,0.0,0,0.0119348477,2.2253312313,2.266428559506447
4.53887,4.18445,4.52808,1.74664,609.414,348.906,0.0,0.0,0.3514,0.201186,0.0,1,0.0022214117,0.6914009881000001,0.6675770610732755
7.89572,6.99253,7.70374,1.77084,1845.07,1041.92,0.0,0.0,0.6216,0.35102,0.0,1,0.0007900258,0.3607775661999999,0.3820796824250625
6.32737,4.10631,6.32737,1.16822,1034.31,885.371,0.0,0.0,0.4844,0.414648,0.0,0,0.0044304232,1.3192293901,1.4318582026911248
7.52321,5.78841,7.52321,1.16388,884.56,760.01,0.0,0.0,0.503,0.432176,0.0,0,0.0015450954,0.6618977345,0.6137685952624914
6.03251,4.99461,5.9659,1.6794,1408.86,838.909,0.0,0.0,0.5636,0.335597,0.0,1,0.0033106101,1.20765171,1.2182677910652353
5.34756,3.50411,5.30221,1.22931,1132.44,921.195,0.0,0.0,0.5072,0.412588,0.0,1,0.0052267701,1.8072483106,1.634099113563194
6.289,4.7993,6.289,1.17213,2075.39,1770.61,0.0,0.0,0.6006,0.512401,0.0,1,0.006265562,2.2118206504,2.2346504560942986
9.16164,8.79623,9.14564,1.02635,1440.32,1403.34,0.0,0.0,0.5862,0.571148,0.0,1,0.0025299995,1.1045585447,1.1161430843290068
13.12266,12.88152,13.12266,1.5741,1371.05,871.007,0.0,0.0,0.6462,0.41052,0.0,1,0.0015122794,0.6906553904,0.6023982909194676
16.03482,3.9849,16.03053,0.771409,1799.33,2332.52,0.0,0.0,0.674,0.873726,0.0,1,0.0053101281999999,2.2618330906,2.132047908811996
10.0936,8.00204,10.0936,0.620421,2302.26,3710.81,0.0,0.0,0.7974,1.28526,0.0,1,0.0019633563,0.9093175426,1.0025060319271526
5.54429,4.75767,5.52159,1.04137,1912.89,1836.9,0.0,0.0,0.6486,0.622835,0.0,0,0.0054887808999999,2.1748695623,2.1681762548788677
6.09623,3.46864,4.58597,0.972297,496.247,510.387,355.216,365.337,0.5562,0.572048,0.0,0,0.0072406937,1.7869926366,1.9706627244558266
5.15523,4.10902,5.14793,1.47553,1007.23,682.626,0.0,0.0,0.5412,0.366783,0.0,1,0.0049600027,1.5714424913,1.5277042292035752
8.86151,4.15241,8.85959,0.875522,2235.36,2553.18,0.0,0.0,0.7024,0.802264,0.0,1,0.0022790764,1.0743676926,1.0668746710212795
9.07609,4.33235,9.07609,1.01182,2282.57,2255.9,0.0,0.0,0.7134,0.705063,0.0,1,0.0016811592,0.7994646024,0.80372341425476
9.01357,4.32605,9.01322,1.00423,2256.36,2246.85,0.0,0.0,0.7102,0.707207,0.0,1,0.0017076503,0.8071223781,0.8192541524654757
8.82176,4.19423,8.82039,1.0822,2240.28,2070.12,0.0,0.0,0.7116,0.657551,0.0,1,0.0015589356,0.7894937978000001,0.7401423044989006
3.85567,3.41897,3.84405,2.08835,240.166,115.003,0.0,0.0,0.399,0.19106,0.0,1,0.0008425837,0.349602682,0.26626333622279397
4.62788,3.52973,4.62788,1.93637,626.775,323.686,0.0,0.0,0.4208,0.217314,0.0,1,0.0027492390999999,0.8552606120999999,0.8384039877509911
4.57962,3.51552,4.57962,1.96606,599.01,304.676,0.0,0.0,0.431,0.219221,0.0,1,0.0027956739,0.8595584295,0.8703135705917088
7.10434,4.41446,7.10434,0.83655,2601.4,3109.67,0.0,0.0,0.663,0.79254,0.0,1,0.0054407519999999,2.1750318892,2.3440412472501926
13.45228,4.98216,13.45228,0.776126,1903.68,2452.8,0.0,0.0,0.7,0.901915,0.0,1,0.0054612677,2.1406869856,2.055178013017624
5.49353,3.97352,5.49353,2.17321,1195.36,550.044,0.0,0.0,0.4624,0.212773,0.0,1,0.0010500774,0.4544148387,0.4539162064178994
17.00981,12.93858,16.43746,0.345463,1901.41,5503.94,0.0,0.0,0.8556,2.47668,0.0,1,0.0041182283,1.8341398655,1.927331073238328
7.96067,5.75072,7.91611,0.695846,2746.18,3946.53,0.0,0.0,0.699,1.00453,0.0,1,0.0041470637,1.9307255568,1.90889718401802
11.39615,10.64646,11.39615,1.17113,1550.28,1323.75,0.0,0.0,0.633,0.540502,0.0,1,0.0023506942,1.0400788743,1.12627338751062
4.05904,3.742,4.05904,1.16225,487.528,419.471,0.0,0.0,0.474,0.407831,0.0,0,0.0051658706,1.5984517974,1.5399822076447052
7.40097,5.49968,7.39892,0.842634,2070.76,2457.48,0.0,0.0,0.6368,0.755726,0.0,1,0.0054647742,2.2003474244,2.1729136364713892
5.87047,3.9227,5.87047,0.947947,1478.21,1559.38,0.0,0.0,0.5784,0.610161,0.0,1,0.0071314179,2.5035673752000003,2.4051993306776476
9.09863,5.59872,6.09599,0.664973,2891.83,4348.79,0.0,0.0,0.734,1.1038,0.0,1,0.0044013015,2.0511550218,2.0139749238871576
7.154,7.00039,7.154,1.18269,1555.75,1315.44,0.0,0.0,0.5548,0.469101,0.0,0,0.0097552497999999,3.6064286955,3.317304463229468
5.86925,5.28522,5.86925,1.2305,998.395,811.372,0.0,0.0,0.5042,0.409751,0.0,1,0.0024560852,0.960237749,0.9648867014784662
4.042,3.49537,4.03529,1.20973,330.783,273.436,0.0,0.0,0.4026,0.332802,0.0,1,0.0007825476,0.3625782077,0.3807042433011294
5.90297,3.81726,5.80437,1.72086,950.582,552.388,0.0,0.0,0.5262,0.305777,0.0,0,0.0003768135,0.1817816517,0.2332622753635607
15.82314,6.52553,15.81665,0.498918,2302.42,4614.84,0.0,0.0,0.813,1.62953,0.0,1,0.00306749,1.4765772259,1.4995229104909213
9.49894,7.59757,9.49894,1.33539,970.819,726.992,135.046,101.128,0.563,0.421599,0.0,0,0.0032559653999999,1.3389074053,1.0606730288631834
9.68562,8.04863,9.67315,1.02009,1679.74,1646.65,0.0,0.0,0.6478,0.635039,0.0,1,0.0037051181,1.5493903291,1.5414827631638215
6.32642,5.9567,6.32642,1.52435,1274.9,836.355,0.0,0.0,0.531,0.348344,0.0,1,0.0018879797,0.7530348406,0.7900662734932837
6.63827,3.41985,6.40814,1.54439,1188.39,769.486,0.0,0.0,0.551,0.356774,0.0,1,0.0015833281,0.6289902565,0.6621689431960885
7.10231,5.27516,7.10043,0.883179,2108.77,2387.7,0.0,0.0,0.6378,0.722164,0.0,1,0.0034423517,1.5438423038999998,1.5532327654937699
8.21752,5.99671,8.17631,0.756185,2155.93,2851.06,0.0,0.0,0.6702,0.886291,0.0,0,0.003129745,1.5092805681,1.4220909823569803
7.23193,5.49922,7.23193,0.857312,2138.95,2494.95,0.0,0.0,0.6398,0.746286,0.0,1,0.0035494144,1.5296832107,1.5920929661619292
8.99031,6.43493,8.98641,0.682799,2139.49,3133.41,0.0,0.0,0.724,1.06034,0.0,1,0.0026140148,1.3074924057,1.2574744118354224
5.99531,3.70069,5.99531,1.19863,1096.35,914.669,0.0,0.0,0.5274,0.440003,0.0,0,0.0062325054,1.7759037488999998,1.8363695807806981
4.9876,4.51456,4.96943,1.17458,1752.87,1492.33,0.0,0.0,0.5624,0.478808,0.0,1,0.0164933705,4.2260343913,3.62739148104233
6.52732,5.75532,6.52732,1.40591,2132.81,1517.03,0.0,0.0,0.6336,0.450668,0.0,1,0.0015316373,0.6529969804,0.6972343429163023
5.25791,4.32138,5.25791,1.34435,1760.82,1309.79,0.0,0.0,0.5618,0.417897,0.0,1,0.0061505870999999,1.9957708205,2.060748913657977
4.71483,3.76667,4.71105,1.33401,1622.86,1216.53,0.0,0.0,0.597,0.447522,0.0,0,0.0060359131,2.2029795275,2.180859786885854
7.34019,4.77821,7.34019,1.20148,1239.75,1031.85,0.0,0.0,0.5382,0.447947,0.0,1,0.0021231032,0.9168286602,0.8350007629555826
4.50943,3.7344,4.50943,1.24034,1046.3,843.559,44.3105,35.7246,0.5234,0.421982,0.0,0,0.0059745395,1.8512146564,1.9318916799332841
5.81645,3.98304,5.23805,1.24255,1038.8,836.024,5.34967,4.30539,0.5324,0.428473,0.0,0,0.0066826037,1.756967743,1.9016721413823507
4.90746,3.89074,4.89557,1.60125,914.813,571.31,2.67246,1.66898,0.5046,0.315128,0.0,1,0.0007178695,0.3072314252,0.3614424722919587
5.69957,3.6274,5.51939,1.30616,1011.9,774.717,0.0,0.0,0.4788,0.366572,0.0,0,0.0094262727,2.2574579898,2.117061321837719
4.82648,4.29457,4.79942,1.65303,931.318,563.4,0.0,0.0,0.5062,0.306225,0.0,0,0.0109954731,1.8529725873,2.1574092863297243
10.30187,9.48231,10.30187,0.81249,1810.52,2228.36,0.0,0.0,0.7266,0.894287,0.0,1,0.0019415726,0.9121201938,0.9624558511750908
4.3412,3.92268,4.32302,2.14557,765.165,356.625,0.0,0.0,0.4758,0.221759,0.0,1,0.0035117119,1.1759448071,1.1276270199431986
4.54882,3.46995,4.4502,1.3343,589.598,441.88,43.1614,32.3477,0.4772,0.357642,0.0,1,0.0033488112,1.027272312,1.1530001622128365
12.53445,5.46518,12.53445,1.01277,1389.34,1371.82,0.0,0.0,0.569,0.561827,0.0,1,0.0022376988,0.9598601204,0.9028173951938878
12.25139,5.76203,12.25139,1.08035,1360.26,1259.1,0.0,0.0,0.5706,0.528164,0.0,1,0.0017885103,0.7994499411,0.7336807655421838
6.94552,5.78544,6.80825,1.42342,1408.53,989.544,0.0,0.0,0.5446,0.3826,0.0,0,0.0034695210999999,1.2399340699,1.3271927775344314
6.98127,5.93133,6.98127,1.4203,1415.91,996.914,0.0,0.0,0.523,0.368233,0.0,0,0.0034485559999999,1.2710915162,1.3471725702620858
9.07531,8.9508,9.07531,1.35917,693.606,510.314,30.665,22.5615,0.5322,0.391561,0.0,1,0.001321801,0.5705507470000001,0.5210888911484423
10.14339,9.60102,10.14163,0.701942,1675.6,2387.1,0.0,0.0,0.6396,0.911186,0.0,1,0.0047749275,1.9448551343,1.9292103867991583
9.73301,9.22346,9.73301,0.709285,1668.91,2352.94,0.0,0.0,0.6328,0.892166,0.0,1,0.0047566905,1.9360636524,1.8810553055633588
4.68454,4.06012,4.68454,1.064,2087.99,1962.4,0.0,0.0,0.6166,0.579512,0.0,1,0.0120658857,3.8479327946,3.4902631290346857
4.66904,4.09054,4.65339,0.942406,2112.21,2241.29,0.0,0.0,0.6186,0.656405,0.0,1,0.0141362837999999,4.5300299936,3.708028851589937
6.15081,4.94067,6.15081,1.68632,1580.27,937.116,0.0,0.0,0.5538,0.328408,0.0,1,0.0012264845,0.5232942895,0.5508629207498658
18.86769,11.8721,18.86769,0.449382,1927.35,4288.89,0.0,0.0,0.8286,1.84387,0.0,1,0.0031162726,1.5325169383,1.4582014047209397
32.00355,17.55175,32.00033,0.223433,1188.94,5321.22,0.0,0.0,0.9102,4.0737,0.0,1,0.0035357708,1.8505665155,1.7650946737286388
6.21117,5.18074,6.19848,1.9388,1406.45,725.426,0.0,0.0,0.5234,0.269961,0.0,1,0.0015564002,0.6583124162,0.6170206326586126
4.90975,3.65701,4.90975,1.37616,1012.21,735.536,0.0,0.0,0.5236,0.380479,0.0,1,0.0060029246999999,1.8176565634,1.7644564876845141
11.80846,11.56903,11.80846,0.664854,1743.47,2622.33,0.0,0.0,0.7086,1.0658,0.0,0,0.0031661815,1.5144318262,1.3833308339334942
13.9402,7.42068,13.92619,0.633535,2119.03,3344.77,0.0,0.0,0.7538,1.18983,0.0,1,0.0043173631,1.9277052723,1.8776147130692125
14.03164,7.36423,14.03164,0.622681,2210.2,3549.5,0.0,0.0,0.7674,1.23241,0.0,1,0.0042801934,1.967283677,1.8711744313498337
7.49823,4.6446,7.49513,1.19407,2411.1,2019.23,0.0,0.0,0.6618,0.554241,0.0,1,0.0030658273,1.3748451928999998,1.3382969432784724
7.45855,4.62821,7.45855,1.23037,2420.25,1967.09,0.0,0.0,0.6578,0.534636,0.0,1,0.0032071544,1.4055452721,1.378630071333052
7.44488,4.63983,7.44488,1.22204,2431.75,1989.92,0.0,0.0,0.6646,0.543847,0.0,1,0.0030256765,1.3582394136000002,1.3312177792362783
7.37601,4.62938,6.94846,1.24921,2427.77,1943.44,0.0,0.0,0.6582,0.526892,0.0,1,0.0030322417,1.3677367385,1.3377640835426852
16.88905,3.72632,16.88905,0.773731,1979.77,2558.73,0.0,0.0,0.6948,0.897987,0.0,1,0.0040577697999999,1.7385191999999998,1.8267847701756361
10.42385,9.24875,10.42385,0.730648,2142.0,2931.64,0.0,0.0,0.6842,0.936428,0.0,1,0.0044468258,1.9690388737,1.8976349043292606
4.75768,3.68765,4.75768,1.76453,773.951,438.616,0.0,0.0,0.4424,0.250719,0.0,0,0.0037733926,1.1188267796,1.0636125553295823
4.7992,3.7527,4.7992,1.74298,825.866,473.823,0.0,0.0,0.449,0.257604,0.0,0,0.0039987172,1.1227080741,1.1192920074716122
4.7247,3.65018,4.71583,1.7748,745.205,419.881,0.0,0.0,0.4386,0.247126,0.0,0,0.0038209964,1.1121892264,1.0652312050756392
4.87963,3.68372,4.87963,1.74048,783.372,450.089,0.0,0.0,0.4496,0.258319,0.0,0,0.0036591436,1.095313688,1.06877972165218
4.82471,3.66332,4.81898,1.76393,749.866,425.111,0.0,0.0,0.4434,0.25137,0.0,0,0.0037543511,1.1227366363,1.0444373917768777
5.30133,3.89271,5.30133,1.65496,952.5,575.542,0.0,0.0,0.4798,0.289916,0.0,0,0.0034830096,1.0561008711,1.0892797430169587
5.25122,3.88968,5.21988,1.66955,927.396,555.476,0.0,0.0,0.4762,0.285226,0.0,0,0.0035115719,1.0755612946,1.0811816496246958
7.06296,5.57011,7.05951,3.18911,938.163,294.177,124.289,38.973,0.4932,0.154651,0.0,1,0.0005681023,0.2304620807,0.23426249574612856
9.04941,7.56212,9.04941,1.42787,1214.86,850.82,0.0,0.0,0.5802,0.406339,0.0,1,0.0006881254,0.3254599252,0.32003393730994123
7.96983,7.14498,7.96983,0.958363,1366.23,1425.59,0.0,0.0,0.6056,0.631911,0.0,1,0.0024035557,1.0271934434,1.0992290012084023
4.72463,3.68194,4.72463,1.75151,766.584,437.671,0.0,0.0,0.4498,0.256808,0.0,0,0.0035004643,1.1000502636,1.0769536620841431
4.56807,3.54686,4.56807,1.80221,654.259,363.032,0.0,0.0,0.4324,0.239928,0.0,0,0.0033401983,1.0590015279,1.0173425286546598
4.94759,3.68791,4.94354,1.71164,846.153,494.351,0.0,0.0,0.4572,0.267112,0.0,0,0.0036908794,1.0787158382,1.0976195894753344
5.06856,3.78234,5.06856,1.67303,915.135,546.992,0.0,0.0,0.4718,0.282003,0.0,0,0.0036226472999999,1.0605200883,1.0963009901841567
4.9018,3.64376,4.89963,1.7317,810.432,467.997,0.0,0.0,0.4504,0.260091,0.0,0,0.0036670775,1.0998709561,1.0712283122773392
4.56098,3.58427,4.53545,1.81346,655.548,361.491,0.0,0.0,0.426,0.234911,0.0,0,0.0035448945,1.0775987362,1.0468845210079143
4.86464,3.71164,4.85271,1.72603,830.972,481.435,0.0,0.0,0.4544,0.263263,0.0,0,0.0037210284999999,1.1039426657,1.0958428677763583
4.94738,3.78699,4.94738,1.70037,871.961,512.806,0.0,0.0,0.4662,0.274175,0.0,0,0.0035671096,1.090036016,1.0889127670353933
4.82301,3.70763,4.82301,1.74152,807.966,463.944,0.0,0.0,0.4514,0.259199,0.0,0,0.0037829134,1.1008103373,1.0809596491300089
8.44,5.51406,8.10508,0.6075,2688.56,4425.61,0.0,0.0,0.7444,1.22535,0.0,1,0.0041493868,1.909526687,1.9142437447164897
9.48433,7.47639,9.46555,0.558554,2612.29,4676.87,0.0,0.0,0.765,1.36961,0.0,1,0.0042050789,1.9149245928,1.930768610264247
4.79937,4.4136,4.79752,1.0571,1265.99,1197.61,0.0,0.0,0.5494,0.519725,0.0,0,0.0052357754999999,1.9071014515,1.8798489135406888
6.49972,5.39746,6.49972,1.04902,2642.26,2518.78,0.0,0.0,0.76,0.724483,0.0,1,0.0010427978,0.5089945920000001,0.5090273312036202
8.4539,5.80719,8.43976,0.806367,1866.49,2314.69,0.0,0.0,0.644,0.798644,0.0,1,0.0034376565999999,1.4816468058,1.5575689751385557
4.31898,3.41744,4.31844,1.44504,366.268,253.467,91.9485,63.6306,0.472,0.326636,0.0,1,0.0017509876999999,0.7109487515,0.6831292590725057
5.86863,4.46882,5.70658,1.13108,1072.3,948.033,0.0,0.0,0.5246,0.463806,0.0,0,0.0038149635,1.3527031816,1.2950673570151545
8.39896,7.78516,8.38426,1.2112,2073.27,1711.74,0.0,0.0,0.6754,0.557627,0.0,0,0.0026622460999999,1.180128129,1.1549412467773585
8.3208,7.63206,8.31922,1.20763,2065.46,1710.34,0.0,0.0,0.6766,0.560269,0.0,0,0.0025964141,1.1338455998,1.1558383227461027
8.38921,7.68868,8.37589,1.19762,2072.68,1730.66,0.0,0.0,0.6836,0.570798,0.0,0,0.0025634981,1.1451963532,1.1094700163054845
8.52507,7.77175,8.50752,1.1812,2086.39,1766.33,0.0,0.0,0.685,0.579917,0.0,0,0.0027570442,1.1378416022,1.1946059102666051
5.62673,5.01808,5.62673,1.04593,1347.49,1288.32,0.0,0.0,0.553,0.528716,0.0,1,0.007024779,2.1725971756,2.224508600243405
5.50015,4.83636,5.44966,1.30452,1262.04,967.436,0.0,0.0,0.5462,0.418699,0.0,1,0.0054235387,1.7361282562,1.6833013471315088
5.53774,4.87922,5.44835,1.29563,1278.59,986.85,0.0,0.0,0.5392,0.416168,0.0,1,0.0053021574,1.7303166651,1.6513746707633739
5.4394,4.78188,5.37771,1.31451,1235.22,939.686,0.0,0.0,0.5324,0.405018,0.0,1,0.0054842293999999,1.7516411585,1.6933533096986215
6.26764,5.77209,6.22951,1.07441,1685.14,1568.43,0.0,0.0,0.6158,0.57315,0.0,1,0.0031415696,1.4220832961,1.3407930533870003
4.54438,4.10807,4.54438,1.72564,433.752,251.357,0.0,0.0,0.3964,0.229712,0.0,1,0.0015031553,0.5490215721,0.46021559366559917
4.42954,4.04745,4.42954,1.74484,414.324,237.458,0.705302,0.404222,0.3944,0.226039,0.0,1,0.0013484422,0.502292827,0.41203844379142596
4.87174,3.58316,4.87174,1.20089,870.838,725.159,0.0,0.0,0.5258,0.437841,0.0,0,0.0071176257,1.9686619273,1.9215465340357687
4.93531,4.06199,4.92703,1.21153,1000.68,825.958,0.0,0.0,0.4872,0.402135,0.0,0,0.0037899084,1.3285367054,1.2536924868105854
6.65675,5.09348,6.63927,0.822826,2730.97,3319.01,0.0,0.0,0.6932,0.842462,0.0,1,0.0047291456,2.0891728886000003,2.0853772694342703
4.9549,4.61383,4.95259,1.45912,792.567,543.181,0.0,0.0,0.5256,0.360216,0.0,1,0.0016116320999999,0.6144942571,0.6083636872916135
5.26068,4.9317,5.26068,1.52336,805.604,528.834,0.0,0.0,0.5044,0.331111,0.0,1,0.002453019,0.829941288,0.8438478791159928
6.90613,3.48821,6.90608,1.43733,1400.84,974.616,0.0,0.0,0.5538,0.385299,0.0,0,0.0283870425,4.6316282264,4.655903991524957
4.58304,3.41283,4.57147,1.83959,742.915,403.849,0.0,0.0,0.415,0.225594,0.0,1,0.0016423761,0.6934029821,0.5907182923422974
7.47331,5.41094,7.47331,2.39941,2004.26,835.312,0.0,0.0,0.6598,0.274984,0.0,1,0.0010773629,0.4734375084,0.4606677779808279
11.48526,10.66621,11.48526,1.19832,1550.1,1293.56,0.0,0.0,0.646,0.539086,0.0,1,0.0025201864,1.1325143195,1.132543483475333
4.90223,3.68918,4.90223,1.31657,708.381,538.05,0.0,0.0,0.45,0.341797,0.0,0,0.0114930418999999,1.918768453,2.110533840214205
6.1592,4.69936,6.14418,1.00061,2117.03,2115.74,0.0,0.0,0.6142,0.613825,0.0,1,0.0047638253,1.9526709019,1.899263923967669
5.57218,4.25994,5.56937,1.06467,1684.1,1581.8,0.0,0.0,0.536,0.503441,0.0,0,0.0057260841,1.9263046218,2.04210646235349
5.39399,4.39499,5.39187,1.00245,1858.17,1853.63,0.0,0.0,0.55,0.548657,0.0,0,0.0068868657,2.3074215735,2.4147479377193863
5.7194,3.87373,5.09672,1.68613,1874.51,1111.72,0.0,0.0,0.614,0.364148,0.0,1,0.0031111617999999,1.2376524257,1.2253518940538535
6.02005,5.48184,6.00511,0.946326,1720.55,1818.13,0.0,0.0,0.6136,0.648402,0.0,1,0.0059923716,2.3259380745,2.251404230968611
5.81524,5.30062,5.7997,0.959933,1717.62,1789.31,0.0,0.0,0.6084,0.633794,0.0,1,0.0060868885,2.3360041246,2.243533350161145
9.36325,6.59726,9.2981,1.43951,1651.33,1147.14,0.0,0.0,0.634,0.440427,0.0,1,0.001373756,0.6496331292,0.6194254752725756
14.05418,6.66438,11.10621,0.762781,2298.42,3013.21,0.0,0.0,0.7708,1.01051,0.0,1,0.0027663503,1.3570867372,1.2749341077912448
11.57277,9.78079,11.57277,0.608967,2225.04,3653.8,0.0,0.0,0.7688,1.26247,0.0,1,0.0034950044,1.5910781497,1.6149055340730387
6.52615,3.99784,6.52615,1.00465,1502.03,1495.08,0.0,0.0,0.556,0.553427,0.0,1,0.0063216574,2.0024039708,2.1637719657400396
4.98599,4.20846,4.98599,1.48214,662.288,446.845,0.0,0.0,0.4874,0.328848,0.0,1,0.0021367721,0.7573830673,0.7326282955178967
4.97799,4.21601,4.96375,1.53207,652.698,426.025,0.0,0.0,0.477,0.311344,0.0,1,0.0022186016,0.7415493731999999,0.7411276661626016
6.47898,5.73918,6.47898,1.16985,1365.51,1167.25,0.0,0.0,0.54,0.461596,0.0,0,0.0049739746,1.7288366569,1.7038876950842827
6.59897,5.83765,6.59897,1.15867,1384.65,1195.03,0.0,0.0,0.5454,0.470712,0.0,0,0.0046689593,1.7262710328,1.638906278610488
6.32198,5.70328,6.32198,1.18747,1340.68,1129.02,0.0,0.0,0.5322,0.448181,0.0,0,0.0049358477,1.7225107652,1.7014115865100192
6.40452,5.65537,6.40452,1.17792,1346.46,1143.08,0.0,0.0,0.5262,0.44672,0.0,0,0.0048611825,1.7141021904,1.6751315945084808
8.49623,5.29107,8.49623,1.23125,1460.16,1185.92,0.0,0.0,0.5628,0.457098,0.0,1,0.0019006148,0.8232282840999999,0.7968783523038068
6.20415,3.43588,6.19684,1.14211,1512.51,1324.31,0.0,0.0,0.5816,0.509231,0.0,0,0.0079737806999999,2.7469533386,2.6288055697677697
7.53238,5.74054,7.52156,1.07363,1972.83,1837.54,0.0,0.0,0.6478,0.603375,0.0,1,0.0037309165999999,1.5818390149,1.6017815816044034
9.94144,7.33631,9.94144,0.845072,2116.0,2503.93,0.0,0.0,0.7364,0.871405,0.0,1,0.0025793422,1.2106115544,1.1638202126506607
7.91316,6.30977,7.91316,1.24187,1907.41,1535.92,0.0,0.0,0.6464,0.520505,0.0,0,0.0016877101999999,0.7990155746,0.7648888216594109
5.91571,3.87698,4.38862,0.866172,1483.02,1712.15,0.0,0.0,0.5628,0.649756,0.0,1,0.0045940863,1.8158585286,1.7422247339209913
6.11993,4.14765,6.11993,1.236,1832.14,1482.32,0.0,0.0,0.5934,0.480098,0.0,1,0.0056262972,1.9024424402,1.9830448274602221
6.54623,4.66095,6.54623,1.20529,1894.68,1571.97,0.0,0.0,0.5972,0.495483,0.0,1,0.0044855264,1.7395154855,1.7099707544470562
6.53062,4.6635,6.53062,1.21249,1899.32,1566.47,0.0,0.0,0.5942,0.490068,0.0,1,0.0045059977,1.7600784578,1.726037023356352
4.59282,3.63902,4.53366,1.44559,429.681,297.236,0.0,0.0,0.4222,0.292061,0.0,1,0.0059023492,1.1770687476,1.3882048920049819
5.03229,4.40705,5.03229,0.892035,1713.32,1920.69,0.0,0.0,0.6184,0.693246,0.0,0,0.0019143841,0.8432257153,0.8964166408056938
6.01151,4.33549,6.00656,0.794607,2195.03,2762.41,0.0,0.0,0.6796,0.855265,0.0,1,0.0041467514,1.7350277966999998,1.855613568509177
4.82032,4.25115,4.82032,1.27602,836.789,655.783,0.0,0.0,0.4866,0.381343,0.0,0,0.0028990017,1.0071001066,0.9810399514319497
4.99291,4.35876,4.99291,1.27773,873.941,683.982,0.0,0.0,0.4864,0.380677,0.0,0,0.0031210117999999,1.0543367814,1.041050162665107
4.39424,3.64857,4.38802,1.20073,1518.88,1264.97,0.0,0.0,0.6332,0.527347,0.0,1,0.0037494498,1.5856942017,1.584224539605463
10.89201,6.87272,10.20477,0.722737,2294.74,3175.06,0.0,0.0,0.7432,1.02831,0.0,1,0.0034130953,1.5963640281,1.586508584964633
13.08518,12.35732,13.03987,0.787627,1749.9,2221.74,0.0,0.0,0.7456,0.946641,0.0,0,0.0028198061,1.2464702862,1.2400162752404642
13.08434,12.35689,13.08434,0.80193,1745.22,2176.28,0.0,0.0,0.7446,0.92851,0.0,0,0.0027133268,1.2228102183,1.185612421896027
4.60795,3.59775,4.60795,2.15646,840.114,389.58,0.0,0.0,0.4404,0.204223,0.0,1,0.0022691787,0.7877245905,0.7909980345450756
5.84014,3.85397,5.84014,1.503,1203.66,800.838,0.0,0.0,0.5116,0.340385,0.0,1,0.0017149375,0.6782170066,0.7247650464265241
9.16707,5.75569,9.14121,0.884237,2287.82,2587.34,0.0,0.0,0.7176,0.811547,0.0,1,0.0029827678,1.3749724401,1.3566137650968022
5.68496,3.45366,5.08673,2.30898,1203.77,521.344,0.0,0.0,0.4886,0.211609,0.0,1,0.0010523196,0.4713519306,0.4510173125793999
8.32687,8.01604,8.32687,1.25431,1381.61,1101.49,0.0,0.0,0.5552,0.442633,0.0,1,0.0010642515,0.506691145,0.5163757695315807
4.95462,3.8636,4.94993,1.17037,724.517,619.05,9.52012,8.13429,0.4914,0.419868,0.0,0,0.0056561455,1.647017564,1.6477975165903769
8.26029,6.82395,8.26029,1.01384,1779.3,1755.01,0.0,0.0,0.6224,0.613905,0.0,1,0.002392053,1.0947202543,1.117370236540775
4.96935,4.01792,4.92296,2.37845,904.645,380.351,0.0,0.0,0.4776,0.200803,0.0,1,0.0011084122,0.454708807,0.45309829929838963
5.00648,4.01028,4.65887,2.41546,964.282,399.213,0.0,0.0,0.4784,0.198058,0.0,1,0.0013508141,0.5090303126,0.5277632077656248
8.31415,7.49178,8.31031,0.960232,1571.77,1636.87,0.0,0.0,0.605,0.630056,0.0,0,0.0049162606,1.7743027459,1.9107644671096882
9.08651,7.73882,9.08617,0.939446,1595.74,1698.6,0.0,0.0,0.6188,0.658686,0.0,1,0.0046918798,1.7563058587,1.7642246675955984
5.83756,4.97252,5.83756,0.932431,2005.16,2150.46,0.0,0.0,0.6298,0.675439,0.0,1,0.0034892446999999,1.5147912900999998,1.5508130472174733
6.94508,5.04977,5.92375,0.848313,1610.41,1898.37,0.0,0.0,0.6028,0.710587,0.0,1,0.0049127686,1.9099400274,1.913223208840068
8.27924,5.80407,6.33414,0.828843,1754.26,2116.52,0.0,0.0,0.601,0.725107,0.0,1,0.0038473496,1.6020264887,1.6784640985923172
5.13358,4.46715,5.12837,1.36036,1938.87,1425.26,0.0,0.0,0.5966,0.43856,0.0,1,0.0038205482,1.5354552144,1.4655982026514123
8.65239,7.8304,8.65239,0.77452,2430.14,3137.61,0.0,0.0,0.7298,0.942262,0.0,1,0.003412161,1.534549284,1.6011717166431025
8.45577,7.46863,8.45577,1.46042,1170.56,801.525,0.571901,0.391601,0.5536,0.37907,0.0,1,0.0007113205,0.3476015310999999,0.3718632237006705
5.14759,4.35938,5.14759,1.09987,1567.25,1424.95,0.0,0.0,0.565,0.513698,0.0,0,0.0043168709,1.7451317677,1.6451257729431772
4.69226,3.94966,4.47162,1.56841,881.672,562.145,0.0,0.0,0.426,0.271613,0.0,0,0.0027987896999999,0.9676116342,0.9315379767496272
5.7662,4.18465,5.76016,1.3013,1459.07,1121.24,0.0,0.0,0.5724,0.439868,0.0,1,0.0027706528999999,1.0599828218,1.0783841448818916
5.22769,3.7877,5.2092,1.25606,1523.79,1213.15,0.0455347,0.036252,0.5456,0.434374,0.0,1,0.0028522354,1.13904978,1.1469530818154876
5.32208,3.84167,5.31587,1.29298,1290.04,997.724,16.7653,12.9664,0.525,0.406038,0.0,1,0.003303422,1.3363840262,1.2479044950272105
36.1506,14.04664,36.1506,0.427517,1422.73,3327.89,0.0,0.0,0.8368,1.95735,0.0,1,0.0036004678,1.4711181475,1.6762939807289452
5.43724,3.65933,5.43724,1.22157,1397.41,1143.94,27.2256,22.2874,0.5506,0.450731,0.0,1,0.002636412,1.1635675207,1.088749476487424
4.6531,4.04819,4.6531,1.52024,995.727,654.982,0.0,0.0,0.479,0.315083,0.0,1,0.0080186095999999,2.1513702105,1.9812297935432657
5.39686,4.96775,5.37929,1.58503,1157.95,730.556,0.0,0.0,0.5014,0.316334,0.0,1,0.003109539,1.1073835752,1.0649834327434295
5.00781,3.40979,5.00781,1.50787,1123.4,745.023,0.0,0.0,0.5152,0.341674,0.0,1,0.0043825172999999,1.4577104328,1.3630538925755122
5.75405,4.36229,5.74596,1.52699,807.66,528.922,146.001,95.6134,0.5294,0.346694,0.0,1,0.0042273508,1.0851395121,1.3156937951741252
8.52073,7.26741,8.52073,1.44329,1085.87,752.358,0.0,0.0,0.5848,0.405186,0.0,1,0.0007141624,0.3427139324,0.2959981544884729
8.59093,6.84892,8.59093,1.01269,1735.08,1713.33,0.0,0.0,0.6294,0.621511,0.0,1,0.0050890002,2.1260743096,1.9497304456604851
10.36031,7.47097,10.26209,0.552173,2299.01,4163.57,0.0,0.0,0.7816,1.4155,0.0,1,0.0036844366,1.6598756119,1.7121045239115107
6.13875,4.52515,6.13614,0.993468,1787.67,1799.42,0.0,0.0,0.5926,0.596497,0.0,1,0.0052400816,2.0274875672,2.0251954404150734
7.22618,4.59373,7.22618,0.965963,1948.86,2017.54,0.0,0.0,0.634,0.65634,0.0,1,0.0049277,2.0002860509,1.9771881819734936
7.00262,4.84122,6.9907,1.05423,1743.61,1653.92,0.0,0.0,0.6044,0.57331,0.0,0,0.0033611571,1.5158093730000002,1.4322092985291117
4.61212,3.63133,4.60194,1.07759,1653.01,1533.99,0.0,0.0,0.5582,0.51801,0.0,0,0.009385033,3.0846808569,2.9877020048158967
6.66002,5.04848,6.62254,0.964914,2093.57,2169.69,0.0,0.0,0.6352,0.658297,0.0,1,0.0047794451,1.8590336559,1.9517685074419446
11.42925,8.90439,11.4135,0.968512,2176.57,2247.34,0.0,0.0,0.7636,0.788426,0.000206502,1,0.00167226,0.8179601149,0.7290129469380751
10.66695,9.07717,10.66695,0.975199,2204.12,2260.18,0.0,0.0,0.7702,0.789787,0.0,1,0.0016905028,0.8095136818,0.736124775378833
6.57238,4.30728,6.57238,1.26099,1569.04,1244.3,0.0,0.0,0.577,0.457578,0.0,1,0.0037877865,1.4166014943,1.4864223737940052
6.99117,6.70761,6.99117,1.56791,1544.85,985.293,0.0,0.0,0.5694,0.363159,0.0,1,0.0036880388,1.4634203605,1.4754362831020302
11.42842,3.43062,11.4146,0.893311,1495.78,1674.42,0.0,0.0,0.6708,0.750915,0.0,0,0.0015149776999999,0.7333014567,0.7360363230086794
11.51766,3.43919,11.48105,0.924676,1442.14,1559.62,0.0,0.0,0.6416,0.693865,0.0,0,0.0017737356,0.8762701343000001,0.7915090228769786
7.18693,4.9999,7.18693,1.91678,854.706,445.907,0.0,0.0,0.4402,0.229656,0.0,0,0.0020505416,0.67846797,0.7205036574936615
6.29959,4.57313,6.27845,1.15382,1340.43,1161.73,0.0,0.0,0.519,0.449811,0.0,1,0.0041107777,1.5105503748,1.5187374168344232
4.37268,3.46007,4.37113,1.87575,696.078,371.093,0.0,0.0,0.4774,0.254512,0.0,1,0.0035081059999999,1.223092834,1.1428781962621963
5.30083,4.49138,5.29823,1.50666,1791.35,1188.95,0.0,0.0,0.5642,0.374471,0.0,1,0.0023861735,1.0037392918,0.9844329030602434
4.92581,3.9125,4.92581,1.40546,832.759,592.516,0.0,0.0,0.5084,0.361731,0.0,0,0.0033100467,0.9857464004,1.0841581185075029
5.17696,3.68155,5.09885,1.45357,798.238,549.157,0.0,0.0,0.4912,0.337926,0.0,0,0.0039192316,1.0743480159,1.1885302801298463
6.21326,5.95602,6.21326,1.24359,1052.97,846.718,0.0,0.0,0.4942,0.397397,0.0,1,0.004746827,1.4657919511000002,1.5491660600482582
14.74547,10.54801,14.74547,0.504959,2054.21,4068.08,0.0,0.0,0.8166,1.61716,0.0,1,0.0032966626,1.4828538304,1.565685291610249
6.21029,5.96321,6.17894,1.2702,1037.22,816.577,0.0,0.0,0.4898,0.385607,0.0,1,0.0050673888,1.5020830394,1.601216289903322
6.49659,4.27127,6.49659,1.11792,1777.29,1589.82,0.0,0.0,0.603,0.539397,0.0,0,0.0061009002,2.2589133142,2.2657274171015933
10.46212,5.43474,8.12198,0.950984,1724.97,1813.88,0.0,0.0,0.622,0.654059,0.0,1,0.0044088863,1.880442457,1.7729242484040668
9.8373,8.87116,9.8373,1.07364,1299.27,1210.15,0.0,0.0,0.577,0.537422,0.0,0,0.0049324861,1.4010800044,1.6545420249225375
7.34237,6.24854,7.34237,0.908904,1684.85,1853.71,0.0,0.0,0.611,0.672238,0.0,0,0.004477967,1.7470302435,1.8558281526937266
4.11991,3.42248,4.10899,1.27165,539.273,424.075,0.0,0.0,0.4916,0.386586,0.0,0,0.0030747968,1.1823352749,1.04424069603286
5.83455,3.53797,5.83455,1.63754,706.847,431.65,0.0,0.0,0.4298,0.262466,0.0,1,0.0044558843,1.1911542368,1.1216230808108412
5.91842,4.8868,5.91143,1.15127,1254.68,1089.81,0.0,0.0,0.543,0.471652,0.0,0,0.0068549304,1.9231682912,2.054234438447135
5.22451,4.43244,5.1107,1.2284,1098.1,893.932,0.0,0.0,0.5162,0.420223,0.0,0,0.0099188644,2.2852453605000003,2.3872723634461517
4.30684,3.71246,4.30684,1.30435,366.699,281.135,0.0,0.0,0.4222,0.323685,0.0,0,0.0044085884999999,1.174916751,1.1848059796650359
4.60907,4.30122,4.60907,1.97594,752.524,380.843,0.0,0.0,0.396,0.200411,0.0,1,0.0043902436,1.0875390826,1.1501453681106382
14.09837,12.86508,14.09837,0.808879,1803.58,2229.73,0.123257,0.15238,0.8014,0.990754,0.0,1,0.0011654829,0.565797251,0.5613307203486666
4.82674,3.80884,4.82333,2.14546,1510.62,704.1,0.00634264,0.00295631,0.5202,0.242465,0.0,1,0.0014288537,0.5695003972,0.6490548048389132
19.79872,19.3368,19.78262,0.704653,1186.45,1683.74,21.5807,30.626,0.6956,0.987152,0.0,1,0.0024163681,1.1015233043,1.030870106000116
5.38643,4.20657,5.38643,1.10966,1491.09,1343.75,0.0,0.0,0.561,0.505563,0.0,1,0.0066218665,2.3634768929,2.1857033589561716
4.64307,3.99735,4.61496,1.33375,842.543,631.712,0.0,0.0,0.4524,0.339195,0.0,1,0.0047647906,1.3650580199000002,1.4746129736291287
6.43933,5.37715,5.61608,1.49915,1863.16,1242.81,0.0,0.0,0.6578,0.438781,0.0,1,0.0009501727,0.4241929202,0.4642733614143617
4.90891,3.57241,4.90749,1.56645,415.712,265.385,0.0,0.0,0.3406,0.217434,0.0,0,0.0152036301,1.3084751448,1.3194616011863471
4.8581,3.49488,4.85158,1.57533,393.933,250.064,0.0,0.0,0.3384,0.214812,0.0,0,0.0158408959,1.3061781645,1.279339942264408
4.44294,3.73093,4.20318,1.19551,569.391,476.274,0.0,0.0,0.4482,0.374902,0.0,0,0.0083319771,1.9231408975,1.8507899282290685
6.35409,4.27067,6.35409,1.16036,1077.85,928.894,0.0,0.0,0.549,0.473129,0.0,1,0.0017028132,0.6678348840999999,0.722971593434644
5.32479,3.99481,5.32479,1.53026,921.294,602.05,0.0,0.0,0.486,0.317592,0.0,0,0.0042833107,1.4218728716999998,1.2639178602531833
4.44244,4.08974,4.44244,2.43122,732.513,301.295,0.0,0.0,0.4692,0.19299,0.0,1,0.0026266537,0.7693670264,0.8366089324669169
5.10253,4.2044,5.09658,1.08974,982.283,901.395,83.5631,76.6819,0.5216,0.478648,0.0,0,0.0072799447,2.2428684169,2.1332510660636093
5.03837,4.11286,5.03612,1.09856,959.969,873.844,73.9627,67.327,0.5172,0.470799,0.0,0,0.0066957301,2.1432685577,2.129412186746502
5.18521,4.2274,5.17492,1.07871,1159.33,1074.74,0.0,0.0,0.5252,0.486877,0.0,0,0.0066065236,2.2559292884,2.1211852168185743
10.73228,5.84434,10.36712,0.736536,2434.56,3305.42,0.0,0.0,0.7384,1.00253,0.0,1,0.00431898,1.8220607789,1.899247359518512
24.78598,13.19796,24.78598,0.313235,1548.59,4943.87,0.0,0.0,0.8766,2.79854,0.0,1,0.0037376647999999,1.7195171905000002,1.748908178281363
10.98199,6.35591,10.98199,0.660572,2299.33,3480.81,0.0,0.0,0.7416,1.12266,0.0,1,0.0038785582,1.8187753176,1.739094249504938
23.06458,12.98274,23.06458,0.330655,1597.33,4830.79,0.0,0.0,0.865,2.61602,0.0,1,0.0034984116999999,1.7347203944,1.6804010709377464
5.85131,3.81671,5.85131,1.37856,1640.47,1189.99,0.0,0.0,0.6336,0.459611,0.0,0,0.005838869,2.12291685,2.035404747204654
8.02314,6.05017,8.02314,1.20795,1391.88,1152.26,0.0,0.0,0.562,0.46525,0.0,1,0.0019463992,0.8468559423,0.8962488639279623
6.98637,4.05835,6.98637,1.31839,1367.83,1037.5,0.0,0.0,0.5798,0.439778,0.0,1,0.0018786588,0.7978621414,0.792806505700936
16.1602,9.89287,16.13331,0.719139,1270.58,1766.81,424.686,590.547,0.722,1.00398,0.0,1,0.0047025762,1.919921431,1.899762063911969
13.04043,10.53518,13.0319,0.526318,2030.14,3857.25,0.0,0.0,0.8106,1.54013,0.0,1,0.0032422399,1.5206355065,1.5318219708374172
10.67083,6.6024,10.66881,0.812728,2368.58,2914.35,0.0,0.0,0.7332,0.902146,0.0,1,0.0043683828999999,1.935536987,1.7886303063406621
5.7945,5.1746,5.79081,1.16161,989.952,852.226,0.0,0.0,0.5026,0.432676,0.0,1,0.0022414545,0.8352493273999999,0.9180192915613167
5.45136,3.48672,5.44746,1.49162,882.297,591.504,0.0,0.0,0.5148,0.345129,0.0,0,0.015801304,2.8366610908,2.5635481205962343
7.38904,5.39567,7.38902,1.09901,1620.41,1474.43,0.0,0.0,0.5644,0.513555,0.0,1,0.0037213678,1.5473688642,1.482211251838153
5.49135,3.67927,5.48307,2.05035,939.573,458.25,0.0,0.0,0.5336,0.260248,0.0,1,0.0069686248999999,1.6450623356999998,1.5744212580114854
5.24341,3.62169,5.16602,1.1791,539.772,457.781,0.0,0.0,0.4566,0.387243,0.0,0,0.0090281814,1.5922193300999998,1.6568602091161253
21.73136,7.72557,21.69935,0.65885,2065.52,3135.04,0.0,0.0,0.8104,1.23002,0.0,1,0.0027791522999999,1.2618211078,1.3551050915599008
21.96656,7.7864,21.95556,0.652675,2053.5,3146.28,0.0,0.0,0.8126,1.24503,0.0,1,0.0027505013,1.2596278695999998,1.3540279351826108
6.41327,4.65956,6.41327,1.12783,2048.27,1816.12,0.0,0.0,0.6196,0.549375,0.0,1,0.0061763611,2.2238894638,2.249469130708169
18.71438,16.17316,18.71102,0.318003,1216.14,3824.31,0.0,0.0,0.8696,2.73457,0.0,1,0.0021189831,1.1157331209,1.0722934945651477
8.70869,7.89064,8.69934,0.794155,1863.49,2346.5,0.0,0.0,0.6608,0.83208,0.0,1,0.0029373428999999,1.3685663094999998,1.3512088524513826
5.66391,3.7745,5.54501,1.39723,1126.09,805.946,11.0536,7.91109,0.5124,0.366727,0.0,1,0.0110247121,2.4925179203,2.4821844383592757
5.78941,4.64204,5.78941,1.32315,1185.02,895.611,0.0,0.0,0.5286,0.399503,0.0,0,0.0058133972,1.844933909,1.7337900979031242
11.70127,10.88776,11.68193,0.905898,1551.84,1713.04,0.0,0.0,0.6624,0.731208,0.0,1,0.003926753,1.7746256979,1.5658640207343295
4.34496,3.46478,4.34496,1.66467,999.374,600.345,0.0,0.0,0.5336,0.320544,0.0,1,0.0033126010999999,1.3035343284,1.1743691770170457
17.9991,10.13495,17.99088,0.790446,1197.42,1514.86,384.276,486.151,0.722,0.913408,0.0,1,0.0050534403999999,1.9187975787,1.8284172470135815
4.3926,3.70955,4.3926,1.4951,548.278,366.717,0.0,0.0,0.4282,0.286403,0.0,0,0.0067742133999999,1.6381940776,1.5694758537594151
5.9608,4.59988,5.87453,1.18841,1751.48,1473.8,0.0,0.0,0.5816,0.489391,0.0,1,0.0043354513,1.5848339135,1.6567258941360348
7.29162,6.03013,7.28839,1.13101,1136.3,1004.68,0.0,0.0,0.5256,0.464718,0.0,0,0.002550081,1.0363513677,1.0286502591411144
4.54754,3.94914,4.54754,2.40444,540.357,224.733,0.0,0.0,0.4012,0.166858,0.0,1,0.0068552431,0.9182462549,1.218224693332978
7.73235,4.1602,7.73235,1.08482,1352.95,1247.16,189.787,174.948,0.5938,0.547371,0.0,1,0.0089750132,2.0150592195,2.5714417329910124
5.11656,4.82152,5.08524,1.96915,768.393,390.215,0.0,0.0,0.4116,0.209024,0.0,1,0.0024575867,0.8541606942000001,0.7589241427916202
5.44049,4.47163,5.40893,1.18349,1270.62,1073.62,0.0,0.0,0.5504,0.465066,0.0,1,0.0073488004,2.1291456244,2.130586905744815
5.40051,4.82483,5.39518,1.19788,1160.82,969.063,0.0,0.0,0.5318,0.443952,0.0,1,0.007280828,2.0815135885,2.0397268737838896
5.44129,4.56082,5.37025,1.17091,1266.4,1081.56,0.0,0.0,0.5586,0.477065,0.0,1,0.0069217678,2.0633571794,2.056920150297351
5.45055,4.49489,5.37157,1.84745,1087.67,588.74,0.0,0.0,0.4966,0.268803,0.0,1,0.0055122725,1.4055607186,1.4836323444688773
5.6202,4.58328,5.56734,1.81543,1128.03,621.358,0.0,0.0,0.505,0.278171,0.0,1,0.0056290561999999,1.4477227355000002,1.5578333561727895
5.63723,4.61311,5.63723,1.46954,1129.77,768.793,0.0,0.0,0.507,0.345006,0.0,1,0.0074662081999999,1.8841346331,1.9057184480296419
5.19109,4.86993,5.18739,1.04071,742.936,713.872,0.0,0.0,0.4654,0.447194,0.0,0,0.0032494321,1.1300832537,1.0714118176702399
8.09828,4.42359,8.09828,0.85933,2801.31,3259.88,0.0,0.0,0.697,0.811097,0.0,1,0.0031283083,1.4148274911,1.4734465732431774
10.98593,10.0178,10.98593,1.04962,2124.9,2024.45,7.18544,6.84576,0.6738,0.641947,0.000381091,1,0.0028509881,1.2613501041,1.1939225802380908
11.24927,10.05552,11.24927,1.02086,2177.77,2133.26,0.0,0.0,0.6808,0.666886,0.000195912,1,0.0027939683,1.2444779567,1.1926407993337025
7.2326,3.56865,7.1357,2.62668,817.31,311.158,0.924344,0.351906,0.4758,0.181141,0.0,1,0.0005678833,0.2495644723,0.2397087414564225
5.25424,3.9856,4.37611,3.15937,963.013,304.812,0.0,0.0,0.479,0.151613,6.33e-05,1,0.0010614839,0.4063019424,0.41104793759112335
5.15601,3.95885,4.51563,3.15796,940.396,297.786,0.0,0.0,0.4776,0.151237,0.0,1,0.00103749,0.3980583239,0.37443785519560224
6.24665,4.6565,6.24665,1.39534,1020.81,731.587,0.0,0.0,0.5102,0.365646,0.0,1,0.0005268382,0.2451613382,0.3062137449416851
6.79191,5.8597,6.78824,0.948194,2192.57,2312.36,0.0,0.0,0.6432,0.678343,0.0,0,0.0044784884,1.7681331096,1.9029645885211792
11.63735,10.86073,11.63667,1.22977,1588.45,1291.67,0.0,0.0,0.669,0.544005,0.0,1,0.0025921257,1.1827599471,1.1784773628118588
11.38312,11.03917,11.38312,1.17282,1538.11,1311.46,0.0,0.0,0.6442,0.549274,0.0,1,0.0024593247,1.147324843,1.13906032472211
11.42805,11.05994,11.42805,1.09099,1549.25,1420.05,0.0,0.0,0.6484,0.594324,0.0,1,0.0022571353,1.0259849843000002,1.0709173833272165
5.0644,3.74541,5.02547,1.65088,1835.83,1112.03,0.0,0.0,0.5786,0.350479,0.0,1,0.0016363066,0.6962480097,0.6980919620008471
4.90586,4.18695,4.898,1.66342,1280.2,769.617,0.0,0.0,0.5884,0.353728,0.0,0,0.0047009753,1.666850929,1.5105184842937487
11.72853,7.7572,11.72853,0.760878,1856.28,2439.65,0.0,0.0,0.6772,0.890024,0.0,1,0.0035424034999999,1.4999263741,1.5709438147211336
5.76863,5.59566,5.76863,0.884314,1778.32,2010.97,0.0,0.0,0.631,0.713547,0.0,1,0.0041897393,1.7208685279,1.7282801268655192
4.71118,4.05137,4.70087,1.96063,444.374,226.648,0.0,0.0,0.4546,0.231864,0.0,1,0.0015354261,0.498120365,0.5028470436317859
4.48519,3.90629,4.42091,1.97236,391.928,198.71,0.0,0.0,0.4512,0.228762,0.0,1,0.0015104598,0.4987706231,0.49415267347574354
4.45544,3.93912,4.44865,1.99203,383.618,192.577,0.0,0.0,0.4342,0.217969,0.0,1,0.0015881957,0.4985317412,0.5039045755211617
6.5088,4.06646,6.48701,1.06518,1477.94,1387.5,25.9444,24.3569,0.587,0.551081,0.0,1,0.0089210051,2.6507036797,2.638608916596775
5.66016,4.49241,5.58709,1.27175,1400.18,1100.98,0.0,0.0,0.5626,0.442381,0.0,1,0.0031852999,1.1867122646,1.1579991279578092
5.4068,4.18826,5.4054,1.41887,599.478,422.503,0.0,0.0,0.4032,0.28417,0.0,1,0.0115817207,1.7529877551,1.6017493917194436
7.63161,5.91717,6.56997,0.849248,2347.96,2764.75,0.0,0.0,0.6812,0.802122,0.0,0,0.0072241975,2.7443757228,2.8620231422114157
12.67704,9.31362,12.67704,0.655199,1619.49,2471.76,0.0,0.0,0.7266,1.10898,0.0,1,0.0021479137,0.9474138623,0.9905035586740625
7.25379,5.92825,6.48374,0.846977,2257.66,2665.55,0.0,0.0,0.6554,0.773811,0.0,0,0.0078086245999999,2.762563146,2.9712608525166724
5.58723,4.86765,5.58723,1.11303,1703.16,1530.2,0.0,0.0,0.5774,0.518764,0.0,0,0.0020308881,0.8605097225,0.889555671369634
5.59343,4.88116,5.59343,1.10464,1681.99,1522.66,0.0,0.0,0.5666,0.512927,0.0,0,0.0019444973999999,0.8551180104,0.8527056643046799
5.7034,4.97261,5.54406,1.0469,1728.96,1651.5,0.0,0.0,0.5858,0.559554,0.0,0,0.0021480458999999,0.886544661,0.9371818325121929
5.619,4.89691,5.42117,1.09458,1697.03,1550.39,0.0,0.0,0.5796,0.529517,0.0,0,0.0020158123999999,0.8635922668000001,0.90341632967791
8.76686,5.54904,8.76285,0.758956,2118.77,2791.7,0.0,0.0,0.6858,0.90361,0.0,1,0.0069619858999999,2.7823521247000005,2.488877032807667
10.77761,8.01894,10.77717,0.584808,2035.46,3480.57,0.0,0.0,0.7422,1.26913,0.0,1,0.0041363938,1.8940904346,1.8629725047018455
7.28809,7.1769,7.28809,1.35972,1613.99,1187.0,0.0,0.0,0.5986,0.440239,0.0,0,0.0072562443,2.8507062596,2.7117886892939946
7.04903,4.97186,7.04895,1.01719,2261.56,2223.34,0.0,0.0,0.6676,0.65632,0.0,0,0.0020410147,0.9438869261,0.9645641831098415
4.56896,3.82437,4.54982,1.42368,625.25,439.178,0.0,0.0,0.419,0.294307,0.0,0,0.0075308618,1.5794229934,1.607003024028866
5.97222,5.38811,5.95841,1.10964,1272.64,1146.9,0.0,0.0,0.5134,0.462673,0.0,0,0.0061097231,1.8867971764,1.9282803216911317
4.84074,4.45864,4.84074,1.17554,1203.72,1023.97,0.0,0.0,0.5354,0.45545,0.0,1,0.0023176965,0.9682383556,1.0052559243492523
6.25402,4.56727,6.25402,0.748874,3565.69,4761.4,0.0,0.0,0.7372,0.984411,0.0,0,0.0041618851,1.9465373846,2.0240480725715244
4.51109,3.41338,4.48101,1.61175,574.481,356.434,0.0,0.0,0.423,0.262448,0.0,0,0.0063443164,1.3524084361000002,1.4210678671164325
5.10968,4.35413,5.09224,1.37878,906.647,657.571,0.0,0.0,0.4582,0.332323,0.0,0,0.007063539,1.646478365,1.706878874081056
11.1719,10.22736,11.1719,0.861706,1688.22,1959.16,0.0,0.0,0.6512,0.75571,0.0,1,0.0029876933,1.2243082815000002,1.3190594092146402
11.15528,10.21239,11.15528,0.865137,1694.91,1959.13,0.0,0.0,0.6454,0.746009,0.0,1,0.0028665706,1.2258701269,1.2485833154100292
6.23847,3.92545,6.16497,1.66734,1557.5,934.127,0.0,0.0,0.5496,0.329627,0.000239904,1,0.001532007,0.6944163887,0.6629853759804563
6.31656,4.24661,6.2524,1.60097,1225.59,765.53,134.792,84.1937,0.5422,0.33867,0.0,1,0.003322631,1.2363112041,1.2045248797046375
5.3844,4.07127,5.3844,1.26325,906.56,717.64,0.0,0.0,0.4818,0.381397,0.0,1,0.0037081328999999,1.2924165094,1.203990108661154
6.51812,4.71987,6.51261,2.41124,1158.77,480.568,0.0,0.0,0.5524,0.229094,0.0,1,0.0015687889,0.5777626826,0.55978813551544
7.09169,4.92914,7.08099,2.29972,1368.63,595.127,0.0,0.0,0.5708,0.248204,0.0,1,0.0013285709,0.5636791378,0.4930419219460467
9.58182,5.9765,9.29598,0.840674,2344.57,2788.91,0.0,0.0,0.7226,0.859548,0.0,1,0.0033330797,1.5885918726,1.5217991675544982
8.02011,4.26959,8.02011,1.00925,2055.28,2036.44,0.0,0.0,0.642,0.636114,0.0,1,0.0057955035,2.2328900915,2.2638476098949125
6.37079,4.45129,6.36918,1.04803,1419.15,1354.11,0.0,0.0,0.5498,0.524602,0.0,0,0.0112002432,3.1992515860000004,3.0786296510095985
7.35052,7.17386,7.35052,1.33314,1629.69,1222.45,0.0,0.0,0.6108,0.458167,0.0,0,0.0069489708999999,2.6992981616,2.7829154235485256
7.33344,7.17038,7.33344,1.33826,1633.23,1220.41,0.0,0.0,0.6104,0.456115,0.0,0,0.0068959927,2.7358707631,2.7482367362510765
7.42387,7.28396,7.42387,1.32488,1634.57,1233.75,0.0,0.0,0.6134,0.462986,0.0,0,0.0070831823,2.7275567212,2.790934724596239
7.37728,7.20219,7.37728,1.32559,1638.53,1236.07,0.0,0.0,0.613,0.462436,0.0,0,0.0066416975,2.6898133019,2.686424175969407
7.38305,7.21509,7.38305,1.32603,1628.6,1228.17,0.0,0.0,0.6114,0.461074,0.0,0,0.006511018,2.6870655005,2.616878329589639
7.46814,7.33893,7.46814,1.32685,1640.34,1236.26,0.0,0.0,0.612,0.461241,0.0,0,0.006858908,2.6858611299,2.7548821197503246
7.41619,7.28781,7.41619,1.32565,1655.33,1248.7,0.0,0.0,0.6148,0.463773,0.0,0,0.0068394827,2.7219675235,2.726462067158435
8.24396,6.91953,8.2349,0.925347,1653.05,1786.41,0.0,0.0,0.6152,0.664832,0.0,1,0.0048147496,1.6881973537,1.8843456561279266
14.23644,11.75665,14.23644,0.378656,1891.92,4996.41,0.0,0.0,0.8398,2.21785,0.0,1,0.0032628794,1.5894389566,1.5826055436158153
5.57616,4.37097,5.56477,1.14473,1062.1,927.816,0.0,0.0,0.5102,0.445693,0.0,1,0.0043986461,1.5082934654,1.497886414631825
7.26534,5.19998,7.26225,0.828762,2095.62,2528.62,0.0,0.0,0.6488,0.782855,0.0,0,0.0039797889,1.7351136516,1.7136676422328534
7.18754,5.18545,7.18754,0.839237,2049.14,2441.67,0.0,0.0,0.6438,0.767126,0.0,0,0.0041490107,1.7856214654,1.8027157481111356
5.88824,4.43891,5.88824,1.02509,1694.61,1653.14,0.780383,0.761286,0.599,0.584341,0.0,1,0.006447863,2.1403489478,2.2218307045428842
9.15018,6.54946,9.15011,0.800859,2321.96,2899.33,0.0,0.0,0.7128,0.890045,0.0,0,0.0043226995,1.9236351821,1.8780820609958209
6.28705,5.508,6.2848,1.24834,1230.37,985.608,0.0,0.0,0.5144,0.412068,0.0,1,0.0018777269,0.8147591691,0.8213503762934138
19.10077,13.85784,19.10077,0.601751,1192.03,1980.93,80.0846,133.086,0.7556,1.25567,0.000332363,0,0.0080702228,1.4925789844,1.7118006957432745
8.19821,4.66417,8.1974,0.956716,1690.02,1766.48,0.0,0.0,0.6112,0.638852,0.0,1,0.0065194978,2.1352458183,2.373806020614351
9.06209,8.39643,9.06209,1.93215,1090.05,564.166,13.9927,7.24204,0.573,0.296561,0.0,1,0.001913015,0.7590830259,0.7281474375998159
9.55583,4.63693,9.55583,0.834794,1714.96,2054.35,0.0,0.0,0.6424,0.769531,0.0,1,0.0025567231,1.1569644118,1.1387437469228534
14.68028,11.95217,14.68028,0.792697,1463.31,1845.99,123.823,156.204,0.696,0.878015,0.0,1,0.0062279132,1.5682308329,1.6337831449130187
9.45168,7.14174,9.44893,0.790347,2325.92,2942.91,0.982216,1.24277,0.7298,0.923392,0.0,1,0.0028595956,1.2716152698,1.3184191651960646
7.57942,6.42809,7.56103,1.08661,1656.01,1524.01,185.649,170.851,0.6376,0.586778,0.0,1,0.0066323988,1.5602402982,2.1605590590980386
9.10111,6.40889,9.10064,0.579676,2406.76,4151.9,0.0,0.0,0.7488,1.29176,0.0,1,0.0052546315,2.2788682383000003,2.2461784629113293
10.37041,7.95909,10.26711,0.677921,2034.96,3001.77,0.0,0.0,0.7108,1.0485,0.0,1,0.0051440981,2.2310649611,2.156168359487987
8.41834,4.77784,8.41834,1.02358,1872.15,1829.01,0.0951624,0.0929698,0.626,0.611576,0.0,1,0.0038977363,1.6379052202000002,1.6202776025631844
5.5413,4.80567,5.5333,1.19582,1382.4,1156.02,0.0,0.0,0.5784,0.483684,0.0,1,0.0038815837,1.4311263955000002,1.4635418651999341
5.54513,4.92009,5.54513,1.34386,1289.96,959.889,0.0,0.0,0.5594,0.416262,0.0,1,0.0035794023,1.2825218295,1.2894777967177398
5.10436,4.21189,5.06572,1.19023,1067.87,897.196,0.0,0.0,0.5162,0.433699,0.0,1,0.0049395649,1.62745236,1.6179695216800645
5.64539,5.08904,5.62805,1.07782,1464.13,1358.41,0.0,0.0,0.5738,0.532369,0.0,1,0.0044794188,1.6875020965,1.674596714071405
6.46772,5.63481,6.46128,1.35316,1406.83,1039.66,0.0,0.0,0.5486,0.40542,0.0,1,0.0049497073,1.7414693341,1.6426947682970416
5.43678,4.75451,5.43678,1.24526,1365.54,1096.59,0.0,0.0,0.5928,0.476044,0.0,1,0.0036160991,1.3673542246,1.3859408495849974
11.77684,11.08852,11.77544,1.07383,1569.26,1461.37,0.0,0.0,0.6592,0.613879,0.0,1,0.002276554,1.0947814645,1.071908128578397
11.76704,10.98127,11.76502,1.07223,1568.4,1462.75,0.0,0.0,0.6546,0.610504,0.0,1,0.0023759319,1.0701677234,1.1280815942017306
11.32593,10.60044,11.32547,1.32216,1533.89,1160.14,0.0,0.0,0.6396,0.483754,0.0,1,0.0022252299,1.0305357245,1.0016668614804656
14.42262,6.94223,14.41025,1.08844,2172.35,1995.84,0.0,0.0,0.7086,0.651024,0.0,1,0.0012241405,0.6039277211999999,0.5245950062774731
6.93068,4.23947,6.93068,1.54491,905.644,586.213,0.0,0.0,0.4772,0.308886,0.0,0,0.0005462523,0.2437839346999999,0.2981436183046926
7.73062,5.40152,7.60787,0.954052,1660.24,1740.2,0.0,0.0,0.5924,0.620931,0.0,1,0.0049207196,1.9962633984,1.9185417407731873
11.72543,11.19673,11.71838,0.847503,1673.18,1974.24,0.0,0.0,0.6882,0.812032,0.0,0,0.0029232790999999,1.2444851591,1.2849547069051885
4.75354,4.10738,4.75354,2.43205,513.87,211.291,0.0,0.0,0.3964,0.16299,0.0,1,0.0005592916,0.2256976887,0.21238379748878544
4.86901,4.27875,4.86901,1.90484,508.538,266.971,0.0,0.0,0.3924,0.206001,0.0,1,0.0006824539,0.2760777358,0.24384037982803064
5.56128,3.90775,5.56038,1.25158,1486.65,1187.82,19.61,15.6682,0.5744,0.458939,0.0,1,0.0036175871,1.3561223650999998,1.4054915819926646
12.85281,10.88454,12.85281,0.723595,1862.94,2574.56,0.0,0.0,0.677,0.935606,0.0,1,0.0068002882,2.3718024608,2.3540955930352436
9.2687,4.50421,9.2687,0.952087,1296.4,1361.64,427.264,448.766,0.6164,0.64742,0.0,0,0.006400668,2.368328297,2.3472701037463177
12.14001,5.49468,12.1397,0.953828,2043.58,2142.5,0.0,0.0,0.7082,0.742482,0.0,1,0.0044159899,1.4302365971000002,1.6047901935151856
7.19025,5.05276,7.19025,1.91608,861.592,449.664,0.0,0.0,0.4326,0.225774,0.0,0,0.0018586291,0.6703666529,0.6646617270625882
10.09597,6.84011,9.58875,0.817097,2396.15,2932.52,0.0,0.0,0.7324,0.896344,0.0,1,0.0029496613,1.3956293537,1.360438939255541
5.66983,3.45515,5.06855,2.32316,1166.36,502.057,0.0,0.0,0.4938,0.212555,0.0,1,0.0010681837,0.4708918712,0.4598327330859291
7.38605,6.67234,7.38605,0.632325,2400.53,3796.35,0.0,0.0,0.7148,1.13043,0.0,1,0.0021757516,1.1926384751,1.0614978758354545
6.67552,5.18428,6.65544,1.17133,2054.42,1753.92,0.0,0.0,0.6446,0.550316,0.0,0,0.0040706689,1.6868760818,1.7100604018219894
8.32489,6.77668,8.32489,0.861017,1951.67,2266.71,0.0,0.0,0.6712,0.779544,0.0,1,0.0025205329,1.1503785644,1.1505782302267387
7.81335,6.23608,7.8124,0.973393,1971.82,2025.72,0.0,0.0,0.6118,0.628523,0.0,1,0.0036502340999999,1.4821139318,1.594104149874524
5.21671,3.87145,5.2007,1.45236,1664.76,1146.24,0.0,0.0,0.5822,0.400864,0.0,1,0.0028698955,1.0845122359,1.1198867347985684
4.89594,3.826,4.89193,1.4497,1354.61,934.408,0.0,0.0,0.5164,0.356212,0.0,1,0.0029977086999999,1.174878079,1.146875781218252
9.14224,6.89364,9.14224,1.35956,1803.58,1326.59,0.0,0.0,0.6728,0.494866,0.0,1,0.0012863838,0.5788971619,0.601808890290432
7.80785,6.68696,7.80785,0.911859,1500.87,1645.94,0.0,0.0,0.5982,0.656023,0.0,1,0.0056306977,1.9146900612,2.052983387387302
4.70831,4.3739,4.70531,1.34518,952.077,707.768,16.532,12.2898,0.553,0.411097,0.0,1,0.0123077887,2.6655737745,2.7233818040772952
4.70974,3.99855,4.70974,1.47945,319.51,215.966,0.0,0.0,0.4064,0.274697,0.0,1,0.002569164,0.694816465,0.6898740819621199
6.13543,5.59613,6.13543,1.47554,899.4,609.538,0.0,0.0,0.4724,0.320153,0.0,1,0.0020494684,0.8153832226000001,0.7937628635318035
15.09269,7.93434,15.07573,0.589901,2245.43,3806.46,0.0,0.0,0.8114,1.37549,0.0,0,0.002496006,1.1910007062,1.1998366954816178
6.61682,6.0615,6.61682,1.19245,2068.35,1734.53,0.0,0.0,0.6212,0.520944,0.0,0,0.0161008879,4.1659173838,4.135210791676775
6.55951,5.47634,6.55951,1.31717,1348.3,1023.64,0.0,0.0,0.552,0.419081,0.0,1,0.0052068367,1.6715365322,1.6715101707067066
9.50189,8.00757,9.50189,1.0519,1670.24,1587.83,0.0,0.0,0.6432,0.611463,0.0,1,0.003441482,1.4894262923,1.520248651130553
6.71056,3.90525,6.68671,1.19472,875.451,732.768,0.0,0.0,0.5094,0.426377,0.0,1,0.0008340246,0.3998993472,0.4078530871762247
4.42914,3.59275,4.42914,1.43063,530.361,370.719,0.0,0.0,0.4708,0.329086,0.0,1,0.0016945197,0.6286610762,0.6066066996284336
4.24178,3.44241,4.23659,1.42808,542.261,379.715,0.0,0.0,0.474,0.331915,0.0,1,0.0021745618,0.7387416204999999,0.7955931605281614
4.60881,3.89017,4.60881,1.36646,760.056,556.224,0.0,0.0,0.4938,0.361373,0.0,1,0.0031547675,1.0723033048,1.0471866382339468
5.4738,4.63859,5.45736,1.20371,1399.17,1162.38,0.0,0.0,0.5244,0.435652,0.0,1,0.0061622277,1.9973421676,1.9552880972478015
4.98627,3.51233,4.9807,1.99017,618.984,311.02,0.0,0.0,0.3962,0.199078,0.0,1,0.0032350498999999,0.7960393932,0.8664623604647922
5.05756,3.46018,5.04486,2.49056,625.358,251.092,0.0,0.0,0.3982,0.159884,0.0,1,0.0018931779,0.514253334,0.5676593098490226
5.06893,3.45218,5.06893,2.53315,611.744,241.495,0.0,0.0,0.3936,0.15538,0.0,1,0.0017127514,0.5238289903,0.5084101906422135
5.14211,3.77935,5.14211,1.46568,1144.37,780.78,0.0,0.0,0.5232,0.356968,0.0,0,0.0024580395,0.9147739737,0.9378421770999036
5.79765,4.80371,5.79765,1.25943,995.966,790.809,0.0,0.0,0.488,0.387478,0.0,1,0.0013711026,0.5614656610000001,0.5924912800278065
7.77261,4.72411,7.77261,1.78918,1087.16,607.629,0.0,0.0,0.4986,0.278675,0.0,1,0.0017378595,0.6665348692999999,0.6367643550086011
9.7414,9.14394,9.67281,0.771129,2269.17,2942.66,0.0,0.0,0.7412,0.961188,0.0,0,0.00364135,1.6619233632,1.6479032704081422
4.53518,4.08657,4.53518,1.41548,619.125,437.397,0.0,0.0,0.4398,0.310708,0.0,1,0.0030063947999999,0.9135170414,0.936925085556852
4.61976,3.65124,4.60921,1.18989,1005.69,845.196,0.0,0.0,0.5078,0.426764,0.0,1,0.0051013457,1.7126630955000002,1.7290381774475736
5.04305,3.66818,5.03506,1.84132,581.447,315.776,13.9718,7.58794,0.4556,0.247431,0.0,1,0.0033661703999999,0.9473997725,1.0748630878771304
9.06566,7.46673,9.06566,0.753022,2058.76,2734.0,0.0,0.0,0.7058,0.93729,0.0,1,0.0029011377,1.3066801312,1.3270846670339993
6.31603,3.45605,6.31603,1.18528,1197.81,1010.57,0.0,0.0,0.5532,0.466723,0.0,1,0.0072749143,2.0966654051,2.1299791073328906
8.96214,8.00387,8.96214,0.962495,1990.53,2068.1,0.0,0.0,0.7004,0.727692,0.0,1,0.0030413544,1.318756001,1.3617381343237935
7.9329,6.23525,7.71711,0.684898,2586.98,3777.17,0.0,0.0,0.7318,1.06848,0.0,1,0.0031774811,1.5163270763,1.4625533315342425
5.20436,4.63461,5.20306,1.48152,1841.93,1243.27,0.0,0.0,0.653,0.440764,0.0,0,0.003162462,1.2666255826,1.235143640013903
5.10254,3.95909,5.10254,1.42412,833.906,585.559,0.0,0.0,0.4934,0.34646,0.0,0,0.0035983090999999,1.0401939,1.119347181013747
10.91726,6.85852,7.70966,1.0029,2251.01,2244.49,0.0,0.0,0.6862,0.684214,0.0,1,0.0041979096999999,1.8118338475,1.6833727276987163
4.51864,3.40095,4.50908,1.52523,488.244,320.112,0.0,0.0,0.42,0.275368,0.0,0,0.005872664,1.4116967337000002,1.3563352786796408
4.38796,3.85266,4.37809,1.51141,576.087,381.159,0.0,0.0,0.4116,0.272329,0.0,0,0.0073285806999999,1.695075521,1.5924429291223656
6.74837,6.3776,6.72825,1.05651,1615.67,1529.25,0.0,0.0,0.6178,0.584755,0.0,0,0.0039600765,1.6730511733000002,1.6556826902867563
7.22831,6.81306,7.22831,1.03011,1642.0,1594.0,0.0,0.0,0.618,0.599935,0.0,0,0.0035849872999999,1.6185712683000002,1.551120897246582
6.77242,6.39006,6.75097,1.04905,1614.89,1539.38,0.0,0.0,0.6148,0.586054,0.0,0,0.0038320412,1.6048318226,1.6458554448653524
5.48105,5.23227,5.47438,1.20095,1296.27,1079.37,0.0,0.0,0.5572,0.463966,0.0,0,0.004912226,1.652130933,1.6755938849157004
5.99001,5.4678,5.99001,1.06078,1335.71,1259.17,0.0,0.0,0.5666,0.534134,0.0,1,0.0044997505,1.6345861581,1.6323090987812794
11.13773,3.47627,11.13633,0.923906,1490.46,1613.21,0.0,0.0,0.6306,0.682537,0.0,0,0.0020343547,0.9425996074,1.0018377605558066
4.23888,3.58587,4.23888,1.92889,451.698,234.175,0.0,0.0,0.4172,0.21629,0.0,1,0.0021049342,0.7398399579,0.7004773364872642
14.89727,7.78421,14.89178,0.605776,2230.04,3681.29,0.0,0.0,0.8056,1.32986,0.0,0,0.002473684,1.2070431251,1.1957181386907947
14.80942,7.88362,14.80084,0.613708,2232.3,3637.4,0.0,0.0,0.8108,1.32115,0.0,0,0.0025994989,1.2731132151,1.250234513493407
4.99995,3.63805,4.93929,1.21492,686.301,564.895,0.0,0.0,0.4752,0.391137,0.0,1,0.0026641818,0.9084519693,0.8831009581495132
9.8037,7.11476,9.8037,1.04146,1816.14,1743.84,0.0,0.0,0.6896,0.662146,0.0,1,0.0015184725,0.6979050945,0.7101061430146416
17.77125,7.51947,12.45937,0.588936,2255.4,3829.62,0.0,0.0,0.7974,1.35397,0.0,1,0.0035492167,1.6632001808,1.6508943546485324
5.34544,4.38509,5.34544,1.05997,1077.55,1016.58,0.0,0.0,0.5136,0.48454,0.0,0,0.0065556932,2.1114668366,1.9936211730292321
6.38992,4.78581,6.38785,0.722856,2527.72,3496.86,0.0,0.0,0.6962,0.963124,0.0,1,0.0037097065,1.7181434569,1.7268098867891652
5.13294,4.08127,4.81094,1.41697,1690.94,1193.35,0.0,0.0,0.6078,0.428944,0.0,1,0.0044287821,1.6284933293,1.6210667169006532
4.73554,3.50341,4.73554,1.41341,845.394,598.124,0.0,0.0,0.4704,0.332812,0.0,0,0.0113836329,2.1090951523,2.2002919630191817
5.69089,4.7197,5.69089,1.0552,1032.59,978.576,0.0,0.0,0.5102,0.483511,0.0,0,0.0050477147999999,1.7854745744,1.7093997762437219
8.8911,6.60199,8.13016,1.41868,1212.67,854.793,531.685,374.776,0.6316,0.445204,0.0,1,0.0075172073,2.6820196427000003,2.2451040398657818
12.50562,10.18861,12.50562,0.9535,1419.23,1488.44,0.0,0.0,0.6362,0.667226,0.0,1,0.001887931,0.8580702628,0.8530300999915289
6.08784,5.5601,6.06673,1.08232,1652.36,1526.68,0.0,0.0,0.6232,0.575798,0.0,1,0.0028067625,1.192493306,1.1888721363249255
15.37191,14.18335,15.35887,0.42304,1389.84,3285.35,0.0,0.0,0.8366,1.97759,0.0,1,0.0023838728,1.1354894512,1.1669987917545162
15.38411,14.18619,15.38378,0.422713,1393.02,3295.43,0.0,0.0,0.8378,1.98196,0.0,1,0.0023460104999999,1.1326818111,1.1621133996307622
10.22467,9.87308,10.22467,0.904434,1674.99,1851.98,0.0,0.0,0.6484,0.716913,0.0,1,0.0023676623,1.0861224492,1.0806780136104623
15.49369,14.25357,15.47411,0.458724,1374.44,2996.23,0.0,0.0,0.8362,1.82288,0.0,1,0.0019937109,0.9690451897,1.0155850994533557
7.17773,5.19524,7.1746,0.956819,2131.67,2227.87,0.0,0.0,0.65,0.679334,0.0,1,0.003826139,1.6007334199,1.6165960658950318
7.72003,4.28453,7.71744,1.05835,1674.28,1581.97,0.0,0.0,0.5974,0.564462,0.0,1,0.0051087062,2.0329916627,1.88354507700786
7.7619,4.42953,7.71379,1.03258,1688.46,1635.19,0.0,0.0,0.5902,0.57158,0.0,1,0.0049742085,2.0091943964,1.8614845442508043
4.36505,3.62057,4.36492,1.46153,400.036,273.71,0.0,0.0,0.4114,0.281486,0.0,1,0.0047300926,1.0499515527,1.2094123044838179
14.75395,5.96588,14.75395,0.935418,1803.08,1927.56,0.0,0.0,0.656,0.70129,0.0,0,0.0083407605,2.2518982132,2.832441559920611
6.12931,4.00789,6.08289,1.09199,859.144,786.767,2.75763,2.52532,0.5414,0.495791,0.0,0,0.0059742631,1.7779221009,1.7082750663324624
8.28575,7.67913,8.28575,1.27602,1385.29,1085.63,0.0,0.0,0.5522,0.432752,0.0,0,0.0027708594,1.1323514407,1.1210629524339508
5.76653,4.2611,5.71921,1.16552,750.166,643.631,0.0,0.0,0.4826,0.414063,0.0,1,0.0029826926,0.9472437821,0.9996363153487211
11.41966,9.93708,11.41966,0.952882,1649.81,1731.39,0.565272,0.593223,0.622,0.652757,0.0,1,0.0033812207,1.3054298287,1.4381362840195349
6.96517,5.63588,6.96517,1.04478,2626.41,2513.83,0.0,0.0,0.7254,0.694307,0.0,0,0.0012551153,0.6149747471,0.6071467372003777
6.91935,5.60013,6.91935,1.05779,2618.81,2475.74,0.0,0.0,0.7212,0.681798,0.0,0,0.0012825258,0.6285977971,0.616622230992586
6.00527,4.8111,5.6775,0.960875,2065.34,2149.44,0.0,0.0,0.6412,0.667309,0.0,1,0.0039984034,1.6511005524000002,1.6576215729962713
5.02301,4.09369,4.55915,1.6437,1625.99,989.228,0.0,0.0,0.5662,0.344467,0.0,1,0.0023910259,0.9585256006,0.9532089148519801
5.38703,4.44024,5.38703,1.21672,1189.38,977.523,0.0,0.0,0.5254,0.431815,0.0,1,0.0059406969999999,1.8621301917,1.7614913696627008
5.69309,4.64481,5.67801,1.18335,1207.09,1020.06,0.0,0.0,0.5368,0.453627,0.0,1,0.0047138342,1.5288051472,1.5616613048969983
5.3818,4.43333,5.37307,1.2127,1196.95,987.011,0.0,0.0,0.5248,0.432754,0.0,1,0.0060058567,1.8445687392,1.8113518352388926
5.7096,4.51588,5.7096,1.18019,1218.01,1032.05,0.0,0.0,0.5404,0.457893,0.0,1,0.0047148809,1.5359321283,1.566424343419343
16.09028,3.85233,16.09028,1.0369,1784.32,1720.83,0.0,0.0,0.67,0.64616,0.0,1,0.0040809077,1.7056951108,1.6587925473026162
12.6133,10.84896,12.6133,0.646582,1753.98,2712.69,2.26513,3.50323,0.7374,1.14046,0.0,1,0.0018978791,0.8855059104999999,0.9336475899836792
6.39676,5.12111,6.38825,0.921688,1695.17,1839.2,6.74347,7.31643,0.6078,0.659442,0.0,1,0.0039576952,1.6744618832,1.627674282145914
22.31857,8.92625,14.18285,0.425765,2028.03,4763.26,0.0,0.0,0.8332,1.95695,0.0,1,0.0039046490999999,1.7838521209,1.8478547124209792
5.34783,4.01094,5.34783,1.28087,710.366,554.597,0.0,0.0,0.4518,0.352729,0.0,1,0.0032410046,0.943170244,1.0063033772802399
5.1465,3.74676,5.14199,0.93374,1597.91,1711.3,0.0,0.0,0.5678,0.608092,0.0,0,0.007050201,2.6753597902,2.485225277385801
6.99195,5.64457,6.99195,1.04057,2621.47,2519.27,0.0,0.0,0.7274,0.699041,0.0,0,0.001341675,0.6133878197,0.6378782606755554
6.98557,5.64932,6.97231,1.04143,2630.55,2525.91,0.0,0.0,0.7252,0.69635,0.0,0,0.0013705282,0.6156282726,0.6397292471967342
6.96628,5.64795,6.96628,1.04283,2632.71,2524.58,0.0,0.0,0.7246,0.694838,0.0,0,0.0013431176,0.6203659721,0.6397292471967342
15.94965,10.39364,15.94872,0.460887,1949.35,4229.57,0.0,0.0,0.8104,1.75835,0.0,1,0.0032034798,1.5674305023,1.529386023501698
4.44927,3.87743,4.29992,1.20216,336.435,279.858,237.315,197.407,0.504,0.419245,0.0,1,0.0021907932,0.7637780674,0.9099932144445922
5.16886,3.80347,5.16886,2.04384,546.746,267.509,0.0,0.0,0.4218,0.206376,0.0,1,0.0014277023,0.4985171807999999,0.46227240075319376
5.24976,3.94365,5.24501,1.70126,572.314,336.407,0.0,0.0,0.4264,0.250638,0.0,1,0.0013129474,0.5108598164,0.40817027096893166
5.21903,3.84136,5.20793,2.02039,562.699,278.51,0.0,0.0,0.4168,0.206297,0.0,1,0.0011353189999999,0.4160115288,0.3734361163637314
5.23291,4.00143,5.18374,1.95789,573.341,292.837,0.0,0.0,0.4166,0.21278,0.0,1,0.0010845361,0.4040482663,0.36472945467492024
5.22916,3.84535,5.22916,1.97617,548.634,277.625,0.0,0.0,0.4172,0.211116,0.0,1,0.0011495735,0.4321309181,0.37627782336808746
4.50015,3.80804,4.49155,1.64999,1209.33,732.928,0.0,0.0,0.534,0.323637,0.0,1,0.0031672544,1.250965408,1.1305344469285143
5.06326,4.95206,5.06326,1.44271,500.914,347.204,76.3428,52.9162,0.4724,0.327439,0.0,1,0.0035235435,1.0154857421,1.1159526784717693
5.0902,4.98067,5.0902,1.44184,520.517,361.01,59.0453,40.9514,0.471,0.326666,0.0,1,0.0032934245,0.9360295054,1.0339733080674676
7.01968,3.83495,7.01968,1.10319,1326.02,1201.98,0.0,0.0,0.5236,0.474622,0.0,1,0.0043344687,1.5962918236,1.5611540497555414
5.67937,4.56222,5.67937,1.11643,1180.95,1057.79,0.0,0.0,0.5376,0.481534,0.0,1,0.0048247676,1.5507025309,1.6449241157870718
7.4772,6.20805,7.45867,0.784087,1906.95,2432.06,0.0,0.0,0.6546,0.834856,0.0,1,0.0040895321,1.7598782194999998,1.8128394892726918
7.37109,6.82741,7.37109,1.40599,1511.82,1075.27,0.0,0.0,0.5614,0.399292,0.0,1,0.0034544488,1.462803153,1.4010910330647066
4.67797,3.97904,4.67797,1.06036,1507.72,1421.89,0.0,0.0,0.5284,0.498321,0.0,0,0.0102799715,2.9043917284,3.1050093620527113
6.80619,3.42889,6.79194,1.15852,1000.28,863.415,0.0,0.0,0.5272,0.455065,0.0,1,0.0045561896999999,1.3662590391,1.4804562545420454
6.19197,4.53531,6.16887,1.09324,1845.26,1687.87,0.0,0.0,0.5814,0.531812,0.0,0,0.0060797182,2.1225599349,2.258784524617865
4.90891,3.62196,4.89268,1.35117,1395.4,1032.74,0.298007,0.220556,0.5558,0.411349,0.0,1,0.0044229972,1.5933677165,1.5606766459205053
7.97392,4.92371,7.96142,0.954107,1622.71,1700.76,0.0,0.0,0.5818,0.609785,0.0,0,0.007882036,2.5431739286000004,2.709361497326144
9.39252,3.7857,9.39207,1.30542,878.942,673.301,73.4571,56.2708,0.5296,0.405693,0.0,0,0.0039621507,0.8641487075,1.275773894013199
6.84685,5.37896,6.83632,1.0569,2169.92,2053.1,0.0,0.0,0.647,0.61217,0.0,1,0.0042304854,1.6771641794,1.7589114366293312
7.03254,5.77219,7.03254,1.04422,2164.07,2072.42,0.0,0.0,0.654,0.626304,0.0,1,0.00405056,1.6357174729,1.7338952944978057
5.81593,4.39318,5.8122,0.99503,2005.1,2015.11,0.0,0.0,0.6314,0.634554,0.0,1,0.0032179593,1.3686841516,1.4255708350480842
8.14998,6.76772,8.12163,0.920168,2113.5,2296.86,0.0,0.0,0.6298,0.68444,0.0,1,0.0071118998,2.0184470538,2.5724071190158515
9.53093,8.66388,9.24995,1.0567,1899.67,1797.75,0.0,0.0,0.6656,0.629888,0.0,1,0.0032479333,1.3111720413,1.4442901748932206
9.50607,8.86576,9.50607,0.864037,2169.58,2510.98,0.0,0.0,0.6944,0.803669,0.0,1,0.0050046429,2.0299204898,1.9946101433805206
9.30915,8.71365,9.30507,0.821567,2358.23,2870.4,0.0,0.0,0.708,0.861767,0.0,1,0.0041495931,1.8655438248,1.8014020610951653
7.09135,4.01215,7.09135,1.0722,1770.87,1651.63,0.0,0.0,0.6158,0.574336,0.0,1,0.0051408591,1.904782799,1.9528534726422004
7.80071,4.22996,5.62381,1.22507,393.72,321.387,874.299,713.674,0.564,0.460383,0.0,1,0.0065953899,2.0597098902,1.8565712606680207
5.45506,3.48614,5.2674,1.17898,397.642,337.276,548.508,465.24,0.493,0.418158,0.0,1,0.0057390941,1.6364340418,1.5844963504267442
5.71977,3.98662,5.71104,1.66821,1567.24,939.473,0.0,0.0,0.6384,0.382685,0.0,1,0.0016517803,0.688790954,0.6454059292406172
5.46311,3.57221,5.46311,1.50782,1496.51,992.504,0.0,0.0,0.6142,0.407344,0.0,1,0.0015132866,0.641186732,0.6481709967579482
7.11215,6.70655,7.11215,0.937093,954.53,1018.61,0.0,0.0,0.5324,0.56814,0.0,1,0.0031672015,1.2477026369,1.1732196883120092
5.15222,4.10448,5.15222,1.41779,682.397,481.312,0.0,0.0,0.4322,0.304841,0.0,0,0.003439063,0.9890805898,1.0350479083665538
5.37589,5.08075,5.29758,1.50363,233.241,155.118,324.657,215.915,0.4578,0.304462,0.0,1,0.0096029627,1.0688494102,1.1249723803858362
5.36415,5.07421,5.36415,1.50028,235.559,157.01,320.725,213.777,0.4614,0.307543,0.0,1,0.0096715471,1.0704062767,1.1178093352046967
6.1741,5.21501,6.1741,1.07844,1412.21,1309.49,0.0,0.0,0.5678,0.526503,0.0,1,0.0096790878,2.716280041,2.740468121928547
8.03037,6.16762,8.02661,0.894418,1849.84,2068.21,0.0,0.0,0.6498,0.726506,0.0,1,0.0040805976,1.663594609,1.7328672683926976
5.09479,3.51841,5.0825,3.89183,1036.85,266.417,0.0,0.0,0.4494,0.115473,0.0,1,0.0005632683999999,0.2323649291,0.21697179777298192
4.44828,3.48673,4.44828,1.3532,940.252,694.837,0.0,0.0,0.521,0.385014,0.0,1,0.0042983482,1.5050068325,1.4956266812121888
6.07481,4.74641,6.03797,1.15301,1967.9,1706.74,0.0,0.0,0.6112,0.530089,0.0,0,0.0056927118999999,2.1310774356,2.1308235299470946
5.99071,5.7142,5.99071,1.16612,1343.68,1152.27,0.0,0.0,0.5688,0.487772,0.0,0,0.0031843128999999,1.1865796124,1.147017978025734
5.62914,3.92719,5.62914,1.20596,1932.54,1602.49,0.0,0.0,0.6014,0.49869,0.0,1,0.0055142878,1.9436574394,1.9523704778940196
8.22754,6.95777,8.22754,1.0931,2055.27,1880.23,0.0,0.0,0.6384,0.584028,0.0,1,0.0041228733,1.7745228413999998,1.7586548486129954
10.50578,8.82117,10.50578,0.768678,1898.43,2469.74,0.0,0.0,0.689,0.896344,0.0,1,0.0049522383,2.0394840817,2.0132792506686554
4.80954,3.64569,4.72725,1.26832,891.081,702.566,0.0,0.0,0.4874,0.384287,0.0,1,0.0108644007,2.3609118122,2.4203240810153974
4.52797,3.58309,4.52797,1.5745,738.046,468.749,0.0,0.0,0.4104,0.260654,0.0,0,0.0018631751,0.672997395,0.6711038828945285
8.13748,6.87673,8.13748,1.50852,1009.54,669.222,0.0,0.0,0.5634,0.373478,0.0,1,0.0007193344999999,0.3189947896,0.34586420630980186
5.69776,3.92558,5.6607,1.26995,1498.86,1180.25,0.0,0.0,0.59,0.464585,0.0,0,0.0061687718,1.8695187008,2.0965497562258895
4.83061,4.03981,4.83061,1.24259,1148.92,924.616,0.0,0.0,0.519,0.417676,0.0,0,0.0088649688,2.2996913729,2.3030644459656457
5.73239,3.68789,5.71092,1.28608,1004.7,781.21,0.0,0.0,0.5098,0.396397,0.0,1,0.0072703948,1.8406798868,1.8850043074893976
6.70975,6.33216,6.70975,1.05033,2275.23,2166.2,0.0,0.0,0.6682,0.636179,0.0,0,0.0066514175,2.6717717103,2.720553308672458
15.09144,8.39804,15.08737,0.46153,2323.48,5034.3,0.0,0.0,0.8014,1.7364,0.0,0,0.0036944779999999,1.7835875978,1.7398244501214368
7.33778,6.60028,7.33778,1.18441,1668.47,1408.69,0.0,0.0,0.6108,0.5157,0.0,1,0.0040231629,1.7524831539,1.6200692354314037
5.31645,4.73242,5.31645,1.56466,1273.49,813.911,0.0,0.0,0.5466,0.349342,0.0,0,0.0039530385,1.2834085555,1.2928157900366015
4.90485,4.23271,4.90165,1.42586,539.675,378.491,0.0,0.0,0.4884,0.34253,0.0,0,0.0038236149,0.9740612201,1.093418650680024
4.644,4.03482,4.644,1.80951,763.808,422.108,0.0,0.0,0.4542,0.251007,0.0,0,0.0052787191,1.4022331559,1.3775550761414035
4.58729,3.99418,4.55638,1.86546,733.177,393.026,0.0,0.0,0.4474,0.239833,0.0,0,0.0051000762,1.3603555238999998,1.3550846982985751
12.81046,10.08472,12.79582,0.728225,1959.77,2691.16,0.0,0.0,0.7164,0.983763,0.0,1,0.0038307894,1.6978884231,1.68816717907887
4.99286,4.09874,4.71178,1.12214,865.652,771.429,0.0,0.0,0.4996,0.44522,0.0,0,0.0061171047,1.7029451703999998,1.8003176464583164
7.81866,7.32218,7.81866,0.998911,1796.0,1797.96,0.0,0.0,0.6356,0.636293,0.0,0,0.0035925896,1.6457465443,1.62939858772379
7.68357,4.14824,7.68357,1.41986,1680.89,1183.84,0.0,0.0,0.6244,0.439761,0.0,1,0.0021033759,0.9563348945,0.8870977214219186
7.67318,4.16213,7.67318,1.424,1678.65,1178.83,0.0,0.0,0.625,0.438904,0.0,1,0.0022355908,0.9648883335,0.9334067438026186
7.07527,5.39947,6.79315,0.842522,2364.13,2806.02,0.0,0.0,0.7084,0.840809,0.0,0,0.0015593801999999,0.7320240495,0.7532427753117047
4.84641,3.70884,4.84641,1.26705,1206.55,952.253,0.0,0.0,0.5406,0.426661,0.0,1,0.0032006915,1.3054081385,1.1866041474560478
6.65732,4.64818,6.52021,0.851853,2010.6,2360.27,0.0,0.0,0.621,0.728999,0.0,1,0.0056841681,2.3088341439,2.2697855600023957
5.24683,3.85843,5.23776,1.22144,1138.43,932.039,0.0,0.0,0.537,0.439646,0.0,1,0.0048418701,1.4942081694,1.591581932039111
5.6311,3.58556,5.5035,1.43101,772.342,539.717,0.0,0.0,0.4414,0.308453,0.0,0,0.0050179067,1.2190647166,1.2355577095299966
5.10915,3.79672,5.10915,1.21674,1321.26,1085.9,0.0,0.0,0.55,0.452026,0.0,0,0.0075385906,2.290585858,2.216823715255706
6.3577,4.74176,6.3577,1.14455,1283.39,1121.31,0.0,0.0,0.5318,0.464638,0.0,1,0.006565153,2.0430130834,1.97891200991498
8.86764,6.4582,8.76206,0.663333,2493.74,3759.41,0.0,0.0,0.781,1.17739,0.0,1,0.0022974279,1.2612081195,1.1598275361963013
5.34571,3.76875,5.30515,1.53902,932.084,605.634,189.024,122.821,0.49,0.318384,0.0,1,0.002627432,0.998946809,0.9440493133702001
4.54212,3.52572,4.54212,1.85502,694.124,374.186,0.0,0.0,0.4334,0.233636,0.0,1,0.0056859376,1.2500667316,1.376208859793048
4.49398,3.4919,4.49398,1.89418,683.645,360.919,0.0,0.0,0.429,0.226483,0.0,1,0.0063725108999999,1.2954533158,1.4283562291384335
5.50168,5.08562,5.49191,1.08026,1235.17,1143.4,0.0,0.0,0.5322,0.492658,0.0,0,0.0085595551,2.3426462487,2.3972696337450228
9.81772,5.95471,9.68668,0.686123,2457.39,3581.56,0.0,0.0,0.7136,1.04005,0.0,0,0.0047934621,2.0605016656,2.102214197146658
32.36037,28.26773,32.35632,0.473548,1565.06,3304.96,0.0,0.0,0.826,1.74428,0.000422344,1,0.0032255331,1.4671405468,1.5207143529172715
5.21452,3.49325,5.21452,1.29869,492.691,379.376,29.3469,22.5974,0.4466,0.343886,0.0,0,0.0017319089,0.5942676067,0.5794027221455655
5.79435,3.44834,5.51643,1.42081,1141.45,803.374,0.0,0.0,0.5468,0.38485,0.0,0,0.0063803276,1.8392389115,1.9270405423028143
7.20474,5.54936,7.20474,2.98733,1121.05,375.269,0.0,0.0,0.4558,0.152577,0.0,0,0.0105649227,1.6363050865,1.9138278294221964
4.40066,3.54145,4.40066,1.45403,577.348,397.068,0.0,0.0,0.4282,0.294492,0.0,1,0.0114405846999999,2.1945719180000003,1.9913476866047746
6.6747,4.69389,6.6747,2.0556,1217.11,592.095,0.0,0.0,0.5328,0.259195,0.0,1,0.0047272387,1.621066195,1.4560175502888741
7.06657,4.49673,7.06657,1.70049,1062.54,624.842,0.0,0.0,0.5092,0.299443,0.0,0,0.0012450102,0.5455887977,0.5543858821676529
6.89128,4.79138,6.89128,1.23174,1603.73,1302.0,0.0,0.0,0.5742,0.46617,0.0,1,0.0036394294,1.3893281436000002,1.43916920130871
6.85219,4.97206,6.85219,1.41693,1021.65,721.035,55.4121,39.1073,0.5212,0.367839,0.0,1,0.0122252168999999,2.166230489,2.419736486261248
6.25588,3.45747,6.04611,1.73068,941.451,543.977,0.0,0.0,0.483,0.279081,0.0,1,0.0014081328,0.5410195111,0.564575033588773
5.14127,4.23557,5.11201,2.30609,2556.32,1108.51,0.0,0.0,0.6426,0.278653,0.0,1,0.0007222947,0.3250030811,0.338100415972431
9.72743,8.74819,9.72743,0.867164,1773.91,2045.64,0.0,0.0,0.6572,0.757873,0.0,1,0.0021944903,1.0020172599,1.0382204493353746
8.05446,5.26641,8.05325,0.671267,2454.25,3656.15,0.0,0.0,0.7174,1.06873,0.0,0,0.002041654,0.9308378258,1.0148355317503546
5.10002,3.64368,4.72082,0.794412,2326.28,2928.3,0.0,0.0,0.6568,0.826775,0.0,1,0.005000257,2.197701781,2.230088610252661
5.97055,4.70307,5.97055,1.22492,943.091,769.92,0.0,0.0,0.5008,0.408843,0.0,1,0.0031469053,1.1115525796,1.068620216709237
8.62906,4.33786,8.62906,1.28033,1914.7,1495.48,0.0,0.0,0.6336,0.494873,0.0,1,0.0031387457,1.4373704443000002,1.2609830311024
5.03603,3.89356,5.03603,1.34872,1809.31,1341.5,0.0,0.0,0.6038,0.447684,0.0,1,0.0049837211,1.828984144,1.8482600663935673
6.80431,4.28089,6.76896,1.43909,1279.9,889.381,0.0,0.0,0.5066,0.352029,0.0,1,0.0038442152,1.3540570877000002,1.391314822100073
6.57248,5.45743,6.53468,1.21872,2929.79,2404.0,0.0,0.0,0.7294,0.598499,0.0,1,0.00172044,0.8233246564,0.7340671159281216
5.33833,4.09777,5.32992,1.02323,1464.2,1430.95,0.0,0.0,0.5698,0.556862,0.0,0,0.0045182807,1.6393323504,1.7048063789737147
6.03486,4.47657,5.9683,0.924756,2925.59,3163.63,0.0,0.0,0.7036,0.760849,0.0,1,0.0019682619,0.9613035936,0.9814640666705656
5.96532,3.96258,5.96532,1.08722,942.027,866.452,0.0,0.0,0.4728,0.434869,0.00073582,1,0.0032292055,1.1946317846,1.120796590668184
7.90536,6.37424,7.89587,0.88756,1705.8,1921.9,0.0,0.0,0.6366,0.717248,0.0,1,0.004620872,2.039122606,1.8087765880461084
4.59203,4.06699,4.58575,1.55074,682.335,440.007,0.0,0.0,0.3988,0.257168,0.0,1,0.0044008944,1.063152694,1.2215907434513045
4.95412,3.59777,4.40809,1.51133,204.724,135.46,222.59,147.281,0.4446,0.294179,0.0,1,0.0017203784,0.5609013333,0.6543351212656239
6.87756,5.53647,6.83784,1.18214,1480.3,1252.22,0.0,0.0,0.543,0.459336,0.0,1,0.0045620189,1.9350415328,1.6612757530646107
5.40564,4.53621,5.32703,1.33406,1524.22,1142.54,0.0,0.0,0.5456,0.408976,0.0,1,0.0045509235,1.4906950058,1.5846775266743234
5.3327,4.51343,5.26398,1.68575,1489.56,883.622,0.0,0.0,0.5396,0.320096,0.0,1,0.0032988549,1.1207328514,1.2220213385750613
22.97967,8.76388,22.97967,0.403152,1832.34,4545.03,0.0,0.0,0.8334,2.06721,0.0,1,0.0031390551,1.4626285783,1.5588935312832068
22.48969,11.55679,22.48969,0.431427,1897.73,4398.73,0.0,0.0,0.814,1.88676,0.0,1,0.0036516396999999,1.6783276787,1.7630146282147126
21.60142,10.45655,21.53105,0.395741,1819.65,4598.09,0.0,0.0,0.8328,2.10441,0.0,1,0.0030742521,1.4599405518000002,1.5389329049279172
29.975,15.02249,29.83505,0.197643,1310.13,6628.79,0.0,0.0,0.9182,4.64576,0.0,1,0.0037637555,1.8911782852,1.7517305547087982
6.45845,5.65073,6.45505,1.52092,1546.0,1016.49,0.0,0.0,0.5696,0.374511,0.0,1,0.0024097632,1.0185309597,1.0216934169135494
7.79609,3.48851,7.69085,1.10244,1557.79,1413.04,0.0,0.0,0.6186,0.56112,0.0,0,0.0061380404,2.3781848673,2.2962744084990847
5.93943,5.1846,5.93943,1.67865,1062.24,632.793,0.0,0.0,0.4286,0.255324,0.0,0,0.0075410237,1.9316085551,1.5076621245618962
5.62714,5.2779,5.62443,1.65942,1085.12,653.917,0.0,0.0,0.4334,0.261175,0.0,0,0.0066357852,1.8034419321,1.4692290938230261
5.79604,4.18591,5.79604,1.38102,1479.67,1071.43,0.0,0.0,0.5506,0.398692,0.0,1,0.0042078978,1.5741913902000002,1.5255437161991545
5.79442,4.21505,5.67699,1.39648,1468.21,1051.36,0.0,0.0,0.5488,0.392987,0.0,1,0.0043553116999999,1.5405411153,1.5155136295335094
7.02176,3.66753,6.99115,1.3176,1021.05,774.937,0.0,0.0,0.496,0.376443,0.0,1,0.0025471689,0.941846388,0.9544802188388333
7.03734,3.63732,6.65847,1.31371,1014.75,772.431,0.0,0.0,0.5018,0.381972,0.0,1,0.0024170216,0.9344633166,0.9294554665363858
7.01529,3.79079,6.96918,1.33247,1014.37,761.274,0.0,0.0,0.4906,0.368189,0.0,1,0.0026522164,0.9504045037,0.9763528434062142
7.0665,3.70053,7.05456,1.31094,1039.62,793.032,0.0,0.0,0.501,0.382168,0.0,1,0.0025555355,0.9280842388,0.9850352597029113
7.05009,3.74248,7.03715,1.31954,1023.92,775.964,0.0,0.0,0.4934,0.373918,0.0,1,0.0025769169,0.9456550563,0.9625020241849197
7.04216,3.76029,6.51395,1.3253,1016.32,766.86,0.0,0.0,0.4928,0.37184,0.0,1,0.0024709398,0.9344075392,0.957693233559951
7.03774,3.77448,6.9742,1.32931,1016.48,764.667,0.0,0.0,0.4848,0.364699,0.0,1,0.0025871427,0.9448769612,0.9862291828454101
7.07082,3.72352,7.02334,1.31235,1023.45,779.863,0.0,0.0,0.497,0.378709,0.0,1,0.0025927205,0.9450684637,0.9833099056905936
7.01033,3.79821,6.75812,1.33845,1014.35,757.851,0.0,0.0,0.488,0.364601,0.0,1,0.0025704095,0.9525798232,0.9520970731926067
7.0091,3.78553,6.9949,1.33735,1014.06,758.26,0.0,0.0,0.4828,0.361012,0.0,1,0.0026866125,0.9576537093,0.9805965379083837
7.01938,3.75717,6.78624,1.32807,1011.93,761.958,0.0,0.0,0.4912,0.36986,0.0,1,0.0025676206,0.9431552981,0.949573562276135
7.01702,3.80696,7.00767,1.33459,1022.86,766.423,0.0,0.0,0.4802,0.35981,0.0,1,0.002594683,0.9562497709,0.9778931977756754
7.05519,3.79599,6.7273,1.31521,1027.79,781.463,0.0,0.0,0.4944,0.37591,0.0,1,0.0025880724,0.9461505457,0.9985830766625063
7.07208,3.67099,6.65977,1.31088,1023.42,780.716,0.0,0.0,0.4996,0.381118,0.0,1,0.0025425207999999,0.9341463149,0.9669609776574979
7.02333,3.67551,6.68721,1.32015,1014.75,768.665,0.0,0.0,0.4954,0.375261,0.0,1,0.0025118432,0.9487479143,0.9556866209707426
7.02313,3.82948,7.02313,1.33462,1010.65,757.254,0.0,0.0,0.4866,0.364598,0.0,1,0.0025955094,0.9621289178,0.9671604685331077
7.03275,3.83288,6.70379,1.33192,1017.39,763.856,0.0,0.0,0.4894,0.36744,0.0,1,0.002596439,0.9587367209,0.9875739748965165
7.01606,3.82362,7.01606,1.3363,1014.56,759.23,0.0,0.0,0.4868,0.364289,0.0,1,0.0026048056,0.9548927269,0.9671604685331077
7.04297,3.82338,7.04297,1.33044,1025.08,770.483,0.0,0.0,0.4874,0.366345,0.0,1,0.002589002,0.9547635092,0.9899077306262514
7.04341,3.83129,7.04341,1.32486,1021.89,771.322,0.0,0.0,0.4928,0.371964,0.0,1,0.0026364128,0.9504835217,0.9876641505209302
7.02932,3.80353,7.02932,1.32333,1025.15,774.676,0.0,0.0,0.4948,0.373906,0.0,1,0.0025295061,0.9451967518,0.9673389429164098
7.03046,3.79465,6.68948,1.32008,1029.49,779.869,0.0,0.0,0.4982,0.377401,0.0,1,0.0025694799,0.9557061477,0.9660736055347791
7.07034,3.75403,6.76838,1.31589,1019.32,774.626,0.0,0.0,0.4958,0.37678,0.0,1,0.0026689496,0.9463987552,0.9910752004488086
7.02958,3.74465,6.95589,1.32702,1017.45,766.718,0.0,0.0,0.49,0.36925,0.0,1,0.002551817,0.9539333553,0.9633649503381744
7.01624,3.71089,6.8329,1.32411,1025.99,774.855,0.0,0.0,0.4912,0.370967,0.0,1,0.0025508874,0.9523502061,0.9683552685526287
5.30234,4.62006,5.27677,1.31152,1132.35,863.381,0.0,0.0,0.538,0.410209,0.0,1,0.0076778993999999,2.0051984631,2.068592765022877
9.67197,6.44372,9.67197,0.77122,2332.16,3023.99,0.0,0.0,0.771,0.999714,0.0,1,0.0020549293,1.0212458823,1.0235088789641595
5.66796,4.25652,5.66268,1.43346,1155.57,806.137,0.0,0.0,0.5024,0.350479,0.0,0,0.0059880089,1.7262041307,1.6853107301998809
4.30865,3.85554,4.26496,1.71497,435.499,253.939,0.0,0.0,0.3688,0.215047,0.0,1,0.0055620616,0.9243734227,1.2574189466991954
4.41255,3.41758,4.32307,1.9759,693.219,350.838,235.178,119.024,0.5434,0.275014,0.0,1,0.0018334037,0.7671745347,0.72682901476992
5.73732,4.27265,5.65548,1.56934,1252.52,798.122,0.0,0.0,0.5388,0.343329,0.0,1,0.0038627258,1.298025425,1.3384850300930915
6.23329,4.79223,6.23329,0.956504,2173.22,2272.05,0.0,0.0,0.6332,0.661994,0.0,1,0.0065441593,2.4570368499,2.5034760459948697
6.28295,5.19194,6.16876,0.913349,2335.71,2557.31,0.0,0.0,0.6626,0.725462,0.0,1,0.0036080196,1.5844782773,1.5976186584366223
5.8822,4.848,5.86939,0.949674,2240.73,2359.47,0.0,0.0,0.658,0.692869,0.0,1,0.0040226508,1.6472427842,1.6768785479595936
4.76534,3.95054,4.76534,1.34356,1133.18,843.42,0.0,0.0,0.5016,0.373337,0.0,1,0.0073344581999999,2.0807400804,2.0553271017250814
6.10211,4.91381,6.0286,0.939951,2318.74,2466.88,0.0,0.0,0.6558,0.697696,0.0,1,0.0038674672,1.6413045853,1.6793087930647759
5.00224,4.42588,5.00224,2.00794,611.459,304.521,0.0,0.0,0.4062,0.202297,0.0,1,0.003150185,0.7470249017,0.8514633965796775
7.05411,5.65156,7.03914,0.967554,1983.39,2049.91,0.0,0.0,0.6408,0.662289,0.0,1,0.0034781592,1.4458663040000002,1.5490227339056015
4.21204,3.56876,4.20993,1.51146,562.274,372.007,0.0,0.0,0.4702,0.31109,0.0,1,0.0076996812,2.0347725761,1.8231887451506679
6.77563,4.15655,6.73512,1.06978,1861.11,1739.71,0.0,0.0,0.6378,0.596196,0.0,1,0.005451029,2.0772403434,2.0814000532463464
8.05472,3.98,7.82448,1.13518,1829.79,1611.9,0.0,0.0,0.6248,0.550399,0.0,1,0.0030144921,1.277548469,1.2880910628751243
6.12081,5.11749,6.09552,1.41231,1533.09,1085.52,0.0,0.0,0.5616,0.397647,0.0,1,0.0029678696,1.1719892051,1.1399719970983706
8.09283,3.98695,8.04748,1.17505,1628.38,1385.79,0.0,0.0,0.6158,0.524061,0.0,1,0.0029577001,1.2466393381999998,1.2029763572946612
6.98929,6.77562,6.98929,1.52277,1495.88,982.34,0.0,0.0,0.5546,0.364204,0.0,1,0.0037864179999999,1.4740485256,1.4779541816905581
9.81819,9.19443,9.81819,1.3396,1377.74,1028.47,0.0,0.0,0.5818,0.434308,0.0,1,0.0009656148,0.455487553,0.4691243926264004
9.82811,9.16141,9.82811,1.34846,1344.96,997.404,0.0,0.0,0.5734,0.425224,0.0,1,0.0009389772,0.4173772136999999,0.4225289697423322
16.36508,5.22924,16.36508,0.720668,2111.4,2929.78,0.0,0.0,0.7092,0.984087,0.0,1,0.0048018089,1.9528936326,1.9798255346212699
16.40599,5.24588,16.39933,0.71711,2129.23,2969.18,0.0,0.0,0.7138,0.995384,0.0,1,0.0045545055,1.9535317638,1.926598278621361
16.38928,5.24682,16.38928,0.717588,2130.87,2969.49,0.0,0.0,0.7132,0.993885,0.0,1,0.0045890984999999,1.9538114523,1.9456359686944127
16.36646,5.23896,16.35136,0.718227,2134.13,2971.38,0.0,0.0,0.7136,0.993558,0.0,1,0.0047951847,1.9640274406,1.99620845248777
16.35712,5.2326,16.35248,0.718547,2136.57,2973.47,0.0,0.0,0.7128,0.992003,0.0,1,0.0046163313,1.9713493896,1.9490091905776354
16.34087,5.22933,16.33846,0.718946,2138.82,2974.94,0.0,0.0,0.7138,0.992842,0.0,1,0.0047171664,1.9718616611,1.9711560145884217
16.32287,5.22574,16.32052,0.719907,2137.74,2969.47,0.0,0.0,0.7132,0.990684,0.0,1,0.0047223184999999,1.9656886428,1.9679322467513365
16.28739,5.21999,16.28739,0.722396,2138.93,2960.89,0.0,0.0,0.713,0.986993,0.0,1,0.00477016,1.9772272631,1.9974332106415476
4.25979,3.61253,4.24685,2.02207,509.832,252.133,0.0,0.0,0.4388,0.217005,0.0,1,0.0027706325,0.8280683701999999,0.8845866210594244
4.8362,3.81563,4.76917,1.19541,1260.2,1054.2,0.0,0.0,0.5442,0.455241,0.0,1,0.0092580202,2.6415597431,2.5597500486306646
4.54942,3.60193,4.54942,1.23234,1331.25,1080.26,0.0,0.0,0.5634,0.457179,0.0,0,0.0056018306,1.9592921676,1.985970163219547
4.94177,4.05577,4.93292,1.11879,802.645,717.419,483.544,432.201,0.5788,0.517342,0.0,0,0.0069958304,2.3845635429,2.2275202305605037
10.48256,4.17052,10.46235,1.23045,1614.41,1312.05,0.0,0.0,0.6222,0.505669,0.0,1,0.0017744597,0.7789397393999999,0.7907393543869651
7.14967,3.85025,7.14967,1.8852,994.903,527.743,2.6105,1.38473,0.4918,0.260874,0.0,1,0.0011644902,0.5063730298,0.48449169798720426
9.12367,7.3846,9.12367,0.60089,2399.82,3993.78,0.0,0.0,0.7754,1.29042,0.0,1,0.0042364791,1.7998711969,1.88177161175693
6.19638,4.53832,6.17045,1.05792,1773.86,1676.75,0.0,0.0,0.5902,0.557888,0.0,1,0.0078479117,2.5950741173,2.598457087814083
4.97686,4.54571,4.97686,1.56592,814.078,519.872,0.0,0.0,0.4264,0.2723,0.0,1,0.0042993072,1.115938838,1.1564554809002314
4.84676,3.51441,4.84676,1.2958,520.065,401.348,0.0,0.0,0.4678,0.361013,0.0,1,0.0033924103,0.8540548731000001,1.022139011284434
7.99116,6.98056,7.99116,0.854766,1939.43,2268.96,0.0,0.0,0.6666,0.779862,0.0,0,0.0024139497,1.1186313789,1.1327094779988702
6.68191,4.62372,6.68191,0.987311,1445.66,1464.24,0.0,0.0,0.5434,0.550384,0.0,1,0.0067138866,2.0452702049,2.1541141264246204
4.31787,3.88877,4.31787,2.05035,791.695,386.128,0.0,0.0,0.4768,0.232546,0.0,1,0.0033803495,1.185156472,1.1574017509240875
5.02709,3.72665,4.99488,1.27657,629.658,493.241,0.0,0.0,0.4654,0.36457,0.0,1,0.0064423143999999,1.3402930652,1.522988412064833
7.94677,5.42884,7.94677,0.862455,2489.26,2886.25,0.0,0.0,0.7028,0.814884,0.0,1,0.0067644836,2.7103249985000004,2.7080461313308
8.20803,5.81249,8.20591,0.948677,2479.72,2613.87,0.0,0.0,0.7154,0.754103,0.0,1,0.0043479563,1.9353968069,1.8101284249030893
5.24917,3.7405,5.24587,0.948381,1199.28,1264.55,0.0,0.0,0.5468,0.576561,0.0,1,0.0056722273,2.0515894137,1.9569114274610504
10.06165,6.49649,10.06165,0.726621,2197.25,3023.92,0.0,0.0,0.7314,1.00658,0.0,1,0.0043673209999999,1.796311711,1.855243124146287
9.102,7.19033,9.102,0.965103,1741.04,1804.0,0.0,0.0,0.668,0.692154,0.0,1,0.0046180049,2.0549315133,1.8396839889643177
6.73488,4.98598,6.69979,1.11309,1471.92,1322.37,0.0,0.0,0.585,0.525564,0.0,1,0.0044434938,1.5444305916,1.669405176229424
10.66909,7.4091,8.27581,0.565023,2406.95,4259.92,0.0,0.0,0.764,1.35216,0.0,1,0.00312845,1.5105223982,1.475100163995607
5.41421,3.75067,5.4093,1.171,1325.63,1132.04,0.0,0.0,0.5476,0.467633,0.0,1,0.0026802588,1.044058024,1.0857767194431243
7.15336,4.82289,7.11748,0.903996,1600.62,1770.61,0.0,0.0,0.599,0.662614,0.0,1,0.0035713197999999,1.4818518857,1.5126019697578639
4.38791,3.69157,4.27847,1.86379,1077.12,577.916,0.0,0.0,0.549,0.294561,0.0,1,0.0029366811,1.0646415647,1.0720778675803295
5.91349,3.768,5.90805,2.1648,1012.46,467.691,0.0,0.0,0.5258,0.242886,0.0,1,0.0008004417999999,0.3782505919,0.36818709585324316
5.86223,4.35313,5.84737,1.55825,1478.82,949.028,0.0,0.0,0.4966,0.31869,0.0,1,0.0042005444,1.4976764265,1.4937785586435295
5.89004,4.39215,5.87319,1.54457,1464.98,948.466,0.0,0.0,0.5138,0.332648,0.0,1,0.0041940989,1.4920549232,1.4869296371935843
5.17149,3.8322,5.17149,1.55185,476.457,307.026,0.0,0.0,0.3482,0.224378,0.0,0,0.0143505812,1.3540366268,1.3513777573123156
5.01673,3.67388,5.01071,1.5629,457.79,292.911,0.0,0.0,0.336,0.214985,0.0,0,0.0148365972,1.3275598448,1.3792916479996893
4.90652,3.5734,4.90652,1.57471,420.432,266.99,0.0,0.0,0.3326,0.211213,0.0,0,0.0158429126,1.3205005124,1.4434634569903695
9.48553,8.8403,9.48103,1.4036,1600.03,1139.94,0.0,0.0,0.619,0.441008,0.0,1,0.0017049476999999,0.7631675351999999,0.7726627314134368
6.83344,4.71663,6.83296,1.06807,1813.41,1697.83,0.0,0.0,0.6246,0.584793,0.0,1,0.0015265329999999,0.6843670879000001,0.7158438721795363
10.9643,9.26908,10.9643,0.761133,2031.27,2668.75,0.0,0.0,0.7024,0.922834,0.0,1,0.0025585228,1.1881678772,1.1581147730609416
5.79552,5.04854,5.77825,1.51587,900.967,594.354,0.0,0.0,0.4678,0.308601,0.0,0,0.0025129145,0.8506274504000001,0.847546055655917
5.08011,4.95466,5.07716,1.28742,668.968,519.62,0.0,0.0,0.4346,0.337575,0.0,0,0.0034668246999999,1.0013240348,1.0706509801105875
5.42763,5.00502,5.42763,1.15566,1031.44,892.51,0.0,0.0,0.5104,0.441654,0.0,0,0.0021203636,0.8393613459999999,0.8544876466016234
4.89776,4.80325,4.89776,1.32249,640.157,484.055,0.0,0.0,0.4324,0.326959,0.0,0,0.0042100615,1.1039560867,1.185898477650102
5.90739,4.56726,5.89705,1.28251,410.79,320.302,304.548,237.463,0.4784,0.373019,0.0,0,0.0149510590999999,2.0413980322,2.034821905524349
6.80616,5.48586,6.79539,1.14478,1985.3,1734.22,0.0,0.0,0.6386,0.557835,0.0,1,0.0040443251,1.6439034759,1.658239713576173
5.60258,3.44233,5.60258,1.27525,1106.44,867.624,0.0,0.0,0.5354,0.419839,0.0,1,0.0056730705,1.7320781276,1.7373141205991058
5.76966,4.83521,5.76966,1.51984,1227.59,807.709,0.0,0.0,0.4906,0.322798,0.0,1,0.0045688329,1.4616878088999998,1.4978365150255348
8.57661,7.89234,8.55843,1.19439,2063.73,1727.86,0.0,0.0,0.673,0.563469,0.0,0,0.0025924642,1.1213414698,1.151230010279819
8.45824,7.8928,8.45069,1.20511,2057.23,1707.09,0.0,0.0,0.6724,0.557956,0.0,1,0.0025207073,1.1331596304,1.1058783402183836
8.39033,7.40998,8.36675,1.20923,2036.82,1684.4,0.0,0.0,0.668,0.55242,0.0,0,0.002454217,1.1064792375,1.1033510492280616
6.63021,4.74893,6.28969,1.14411,2264.35,1979.14,0.0,0.0,0.7132,0.623366,0.0,1,0.0010052146,0.4651651501,0.48347553050039194
5.69914,3.57907,5.69914,1.37889,1612.66,1169.53,0.0,0.0,0.555,0.402497,0.0,1,0.0031934562,1.270368043,1.2127526861443167
6.05316,4.94809,6.0477,1.2743,1610.55,1263.87,0.0,0.0,0.5832,0.457663,0.0,1,0.0045385759,1.7518109033000002,1.680075459257561
16.74527,9.32901,16.72649,0.807635,1226.12,1518.16,378.27,468.367,0.6974,0.863509,0.0,1,0.0055259567,2.0721484436,1.8645274970927137
8.10283,5.74584,7.78942,0.857006,2630.83,3069.79,0.0,0.0,0.7212,0.841534,0.0,1,0.0028439425,1.4295170485,1.3294423676368445
5.34593,4.56791,5.34593,1.18507,1106.86,934.001,0.0,0.0,0.485,0.409257,0.0,1,0.0128230881,2.6456455509,2.6907926961296047
4.83097,3.827,4.78914,1.13652,871.617,766.914,0.0,0.0,0.4996,0.439586,0.0,1,0.0075898295999999,2.2493344088,2.0494391000551837
5.09989,3.45083,5.0749,2.38949,628.019,262.825,0.0,0.0,0.4048,0.169408,0.0,1,0.0017674989999999,0.5035788785,0.519238362373415
5.08501,3.51139,5.08501,2.43093,644.893,265.287,0.0,0.0,0.4018,0.165287,0.0,1,0.0018133045,0.5250630679,0.5339102802973883
5.58846,4.62948,5.58392,1.75407,1139.55,649.659,0.0,0.0,0.5118,0.291778,0.0,1,0.0054040278,1.4197036184,1.5899378717968993
5.60614,4.62847,5.47098,1.77494,1148.07,646.824,0.0,0.0,0.5046,0.284292,0.0,1,0.0053789856,1.4287540747,1.5426163861761264
6.06205,4.36461,6.04226,1.22934,1821.97,1482.08,0.0,0.0,0.617,0.501897,0.0,1,0.0040778361,1.6150643497,1.6220069709973428
4.59869,3.5679,4.59657,1.86048,691.944,371.917,0.0,0.0,0.4344,0.233488,0.0,0,0.0019827751,0.7092429949,0.7298773129522678
17.18258,16.37707,17.18252,0.61117,1430.17,2340.05,0.0,0.0,0.7478,1.22355,0.0,1,0.0039470378,1.76522509,1.6291831029923909
17.92516,17.51395,17.92516,0.536552,1469.43,2738.65,0.0,0.0,0.7562,1.40937,0.0,1,0.0039720642,1.7353408461000002,1.7214216378796139
24.44059,23.62721,24.44059,0.439059,1246.56,2839.17,0.0,0.0,0.7912,1.80203,0.0,1,0.0042275078,1.8651119334,1.84442358363105
28.21772,27.5597,28.21772,0.383766,1182.94,3082.47,0.0,0.0,0.7968,2.07627,0.0,1,0.0031610029,1.3933096058,1.495926903966865
34.85961,34.35542,34.85961,0.286106,1008.2,3523.86,0.0,0.0,0.8406,2.93808,0.0,1,0.0035108571,1.6540525518,1.6804840726482229
38.22812,38.06649,38.22812,0.326773,945.437,2893.25,0.0,0.0,0.8304,2.54121,0.0,1,0.002711587,1.2252264752,1.3365702743543708
8.85312,4.24768,8.85312,0.848051,1428.37,1684.3,0.0,0.0,0.631,0.744059,0.0,1,0.0025850767,1.0816138495,1.1450026220945975
15.81778,9.45289,13.62877,0.959285,1554.88,1620.88,0.0,0.0,0.6988,0.728459,0.0,1,0.0019354178,0.9012739614,0.9150293862035126
13.87561,10.03609,13.87561,0.965847,1665.9,1724.8,0.0,0.0,0.7062,0.731172,0.0,1,0.0027052681,1.1733252778,1.194583465137988
8.06325,5.70271,8.06325,1.05948,1118.14,1055.37,0.0,0.0,0.5424,0.511951,0.0,1,0.0033322125,1.2582199491,1.2531540295393206
6.83933,5.19617,6.83933,1.09861,1246.82,1134.91,0.0,0.0,0.5274,0.480063,0.0,1,0.0034833934,1.2859701315,1.3576452243170019
13.47425,9.8037,13.46784,0.502799,2109.81,4196.14,0.0,0.0,0.8088,1.6086,0.0,1,0.003755137,1.79319553,1.747149817277154
13.90455,9.65699,13.67506,0.424006,2112.55,4982.37,0.0,0.0,0.8122,1.91554,0.0,1,0.0034323491,1.681593626,1.6923356664324727
5.22922,5.1443,5.20974,1.6171,770.443,476.435,163.357,101.019,0.5102,0.315503,0.0,1,0.0018006035999999,0.7299467962,0.6366158884114824
7.82014,4.3293,7.82014,1.54095,1272.68,825.908,0.0,0.0,0.459,0.297868,0.0,1,0.0012432589,0.5472426931000001,0.5672242231457283
7.67887,4.23308,7.64737,1.56136,1212.02,776.259,0.0,0.0,0.456,0.292053,0.0,1,0.0011764044,0.5372684726,0.5204556789940685
7.88308,6.20532,7.88308,1.40501,1615.19,1149.59,0.0,0.0,0.5966,0.424622,0.0,0,0.0035986417,1.4761007865,1.442645582204041
6.00247,5.30071,6.00247,1.71779,1047.72,609.926,0.0,0.0,0.4804,0.279662,0.0,0,0.002998725,0.9394252445,0.9645685755062774
6.27741,5.87074,6.27741,1.48318,1233.99,831.987,0.0,0.0,0.4452,0.300165,0.000134845,1,0.0041019403999999,1.3878261272,1.4232801487389883
4.15601,3.75321,4.15601,2.20306,528.853,240.053,0.0,0.0,0.3622,0.164407,0.0,0,0.0061101856999999,1.4134768479,1.3105970670906277
5.75637,3.63199,5.752,1.21306,695.864,573.642,0.0,0.0,0.461,0.380029,0.0,0,0.0034898144,1.0098744243,1.0677835732922456
6.37556,5.47534,6.06532,1.03259,2464.11,2386.34,0.0,0.0,0.6836,0.662025,0.0,1,0.0047615171,1.9661514983,1.8919015826321892
9.45537,5.54963,9.26082,0.925798,2318.33,2504.14,0.0,0.0,0.7126,0.769715,0.0,1,0.0038279665,1.7007685426,1.6157064495090496
7.78665,6.48187,7.78665,0.899667,2411.03,2679.92,0.0,0.0,0.7204,0.800741,0.0,1,0.0037414868,1.6980400495,1.6614894861116078
9.2158,6.6287,9.19553,0.813635,2298.6,2825.1,0.0,0.0,0.7402,0.909744,0.0,1,0.0034041956,1.5114645371000002,1.5416146198619087
9.5023,7.30426,9.5023,0.978772,2065.68,2110.48,0.0,0.0,0.6764,0.69107,0.0,1,0.0033973944,1.3885108318,1.460200259489201
5.39014,4.09776,5.39014,1.21945,848.775,696.033,0.0,0.0,0.4626,0.379352,0.0,0,0.0071912905,1.6697496283000002,1.6935439505412426
7.01256,4.27999,7.01256,1.09096,1719.24,1575.89,0.0,0.0,0.5716,0.523941,0.0,0,0.0072029048,2.2053228008000003,2.466823846794086
5.3045,3.72656,5.30006,1.51504,527.124,347.927,0.0,0.0,0.4244,0.280124,0.0,1,0.003568112,0.9009165788,0.9691329402604562
5.33635,3.74229,5.33635,1.17983,1069.98,906.899,0.0,0.0,0.5116,0.433623,0.0,1,0.0032799597999999,1.328429534,1.2161832471096083
5.70035,3.74465,5.68395,1.36188,872.92,640.965,0.0,0.0,0.4694,0.344669,0.0,1,0.0047778828,1.3759295453,1.3972346151935309
18.51106,6.94262,11.7916,0.597667,2260.57,3782.32,0.0,0.0,0.7806,1.30608,0.0,1,0.0035753619,1.7267135109,1.6466319796788296
7.20015,5.05884,7.19749,1.17107,1370.13,1169.98,0.0,0.0,0.5526,0.471877,0.0,1,0.0029384129,1.1704544484,1.1191864660876427
8.08493,5.70512,8.08493,1.37969,1708.34,1238.2,0.0,0.0,0.6152,0.445897,0.0,0,0.0017833889,0.7769275378,0.7741935681664989
8.77219,5.8473,8.77219,1.32352,1734.33,1310.39,0.0,0.0,0.6516,0.492323,0.0,0,0.0015878678,0.7411471875,0.7388836464970613
8.63785,5.56771,8.63785,1.36162,1719.14,1262.57,0.0,0.0,0.6254,0.459305,0.0,0,0.0017340149,0.7783672836,0.7671862836453134
8.48446,5.31586,8.48446,1.36884,1680.23,1227.48,0.0,0.0,0.6354,0.464188,0.0,0,0.0017379648,0.7757800859999999,0.7466539522827289
8.6384,5.67843,8.6331,1.35953,1719.61,1264.86,0.0,0.0,0.6318,0.464721,0.0,0,0.001676741,0.7890458923,0.737860368587196
8.37909,6.69323,8.37909,1.32806,1739.82,1310.04,0.0,0.0,0.6402,0.482057,0.0,1,0.0016510666,0.7396086937,0.7458005571789993
9.20954,5.96123,9.20203,1.33437,1715.88,1285.91,0.0,0.0,0.627,0.469885,0.0,0,0.0016135423,0.7410484395,0.7618697829660237
8.77344,5.77864,8.77344,1.35848,1719.23,1265.56,0.0,0.0,0.6372,0.469054,0.0,1,0.0017221651,0.764870407,0.7721111213587528
8.55578,6.22037,8.55578,1.35087,1711.36,1266.85,0.0,0.0,0.6414,0.474804,0.0,0,0.0016471166,0.7525407318,0.7476398845335533
4.19945,3.50951,4.19839,1.29344,533.841,412.731,0.0,0.0,0.4586,0.35456,0.0,0,0.0023252849,0.7759512972,0.8716745517925567
10.02209,6.26863,9.82831,0.811705,2149.78,2648.47,0.0,0.0,0.7198,0.886775,0.0,0,0.0084140199,2.4844078189,2.9791925445532694
13.17296,6.59717,13.17189,0.883255,2124.84,2405.69,0.0,0.0,0.7188,0.813808,0.0,1,0.0048073197999999,1.71924712,1.709532110184879
6.75417,5.73604,6.69554,1.53002,424.431,277.402,27.8439,18.1983,0.422,0.275813,0.0,1,0.0013805695999999,0.5330553423,0.5056392570263661
5.17319,4.55903,5.17319,1.10092,1367.69,1242.32,0.0,0.0,0.552,0.5014,0.0,1,0.0048434422999999,1.5968695521,1.7481571952151562
10.58306,9.90235,10.58306,0.641816,2266.19,3530.9,0.0,0.0,0.7602,1.18445,0.0,1,0.0022007549,1.1000037196,1.088022972652814
8.61957,8.10066,8.61957,0.817919,2366.84,2893.73,0.0,0.0,0.7116,0.870012,0.0,1,0.0022219092,1.0010903673,1.0471905118235534
5.97505,5.0342,5.95251,0.92739,2392.13,2579.42,0.0,0.0,0.666,0.718144,0.0,0,0.004195767,1.8653972546,1.8028014523057976
6.08901,5.09508,6.08573,0.93229,2330.9,2500.19,0.0,0.0,0.6512,0.698495,0.0,0,0.0040954071,1.8727886663,1.7951239967770385
7.94342,5.01622,7.94342,0.877067,2617.13,2983.95,0.0,0.0,0.7178,0.818409,0.0,1,0.0039263401,1.8440649682,1.7531678376773079
11.37522,8.59238,11.37522,0.399184,2277.32,5704.93,0.0,0.0,0.821,2.0567,0.0,1,0.0032948559,1.6281473607,1.670641422739215
4.32733,3.40584,4.32733,1.68108,513.916,305.705,0.0,0.0,0.4398,0.261617,0.0,0,0.0008897491,0.3709319865,0.423862068334002
13.18615,6.52783,13.17424,0.879718,2150.81,2444.89,0.0,0.0,0.7148,0.812533,0.0,1,0.0049054811,1.7478869666,1.7737346028794951
5.81313,3.54807,5.80072,1.27517,844.386,662.176,100.563,78.8628,0.5018,0.393516,0.0,1,0.0031389413,1.0653792231,1.085377561462122
5.6172,4.23676,5.6163,1.93171,1255.63,650.01,0.0,0.0,0.475,0.245896,0.0,1,0.0015429511,0.6227258362,0.6056838881733602
12.93918,4.8446,12.92898,0.716983,1922.33,2681.14,0.0,0.0,0.6812,0.950093,0.0,0,0.005613916,2.1533558872,2.194527260218024
4.3699,3.50423,4.34774,1.23163,597.681,485.277,0.0,0.0,0.468,0.379984,0.0,1,0.0021136144,0.8841984691,0.8139231746105977
6.02864,4.29629,6.02864,1.13222,1723.76,1522.46,0.0,0.0,0.6098,0.538588,0.0,0,0.0063738119999999,2.3122521728,2.299332062329431
4.93156,4.16902,4.92505,2.31703,753.709,325.291,0.0,0.0,0.3776,0.162967,0.0,0,0.0031551718,0.7910952708,0.8773274026660013
7.23442,6.64943,7.23442,1.25736,958.585,762.382,0.0,0.0,0.4932,0.392252,0.0,0,0.0012588353,0.5616686749,0.5990949596090087
7.16555,6.65101,7.16555,1.28891,929.295,720.995,0.0,0.0,0.4824,0.374271,0.0,0,0.0013104542,0.5872500069,0.5903493604076469
5.40468,4.16071,5.24069,1.54847,1362.91,880.165,0.0,0.0,0.5192,0.335298,0.0,1,0.002856224,1.0573614522,1.0490441252899703
5.96,4.10144,5.96,2.02284,1713.13,846.891,0.0,0.0,0.5442,0.269027,0.0,1,0.0010967027,0.4941148467,0.5062043209993861
8.69638,4.93276,7.75095,1.22642,1303.46,1062.82,0.0,0.0,0.5456,0.444872,0.0,1,0.0039220953,1.4262575165,1.3645640893805917
5.22026,3.78444,5.12438,2.19337,1554.84,708.882,0.0,0.0,0.5434,0.247747,0.0,1,0.0010467478,0.4794091782999999,0.4809404995661293
4.74355,4.40879,4.74355,1.30487,1087.67,833.549,0.0,0.0,0.5116,0.392069,0.0,0,0.0014296879,0.6087506699,0.6715809453007605
10.50032,10.04767,10.50032,0.982459,1440.31,1466.03,0.0,0.0,0.6132,0.624148,0.0,1,0.0034126716999999,1.4625372680000002,1.3869615279252059
6.00946,4.04752,5.99904,1.21211,664.521,548.234,0.0,0.0,0.4704,0.388083,0.0,1,0.0038974241999999,1.1058610078,1.18590033408669
9.94535,8.42715,9.94535,0.56995,2088.86,3665.0,0.0,0.0,0.7428,1.30327,0.0,0,0.0052746827,2.1668490182,2.32671761590051
8.18384,7.49831,8.16337,1.22176,2051.61,1679.23,0.0,0.0,0.667,0.545934,0.0,0,0.0024989827,1.1281886561,1.1180474344890572
8.30815,7.80553,8.30815,1.20426,2064.05,1713.96,0.0,0.0,0.6688,0.555362,0.0,0,0.0026701459,1.1383261257,1.174692010169669
8.35741,7.50788,8.28491,1.24126,2090.26,1683.99,0.0,0.0,0.6636,0.534619,0.0,0,0.0028116847,1.2142567544,1.247658894068338
8.27117,7.50835,8.18647,1.23809,2073.81,1675.0,0.0,0.0,0.6628,0.535339,0.0,1,0.0027267614,1.1860595922,1.206511858616255
4.63321,3.54746,4.62492,1.48698,355.273,238.923,0.0,0.0,0.3958,0.266178,0.0,1,0.0022315468,0.7772205847,0.6620206406599038
5.32542,4.68558,5.29552,1.52248,1574.19,1033.97,0.0,0.0,0.575,0.377674,0.0,1,0.0018930065,0.7736657022,0.7759537140860917
5.06604,4.01581,5.06032,1.4577,413.629,283.754,105.001,72.0315,0.443,0.303902,0.0,1,0.0033613659999999,1.0895787494,1.0289864486182247
5.6803,4.28854,5.40999,1.1313,2335.01,2064.0,0.0,0.0,0.6432,0.568548,0.0,1,0.0032825892,1.3880985609,1.417765863421734
5.8918,4.42295,5.82087,1.11408,2330.31,2091.69,0.0,0.0,0.6462,0.580029,0.0,1,0.0031573928,1.3816707933,1.3466690588608647
6.78863,5.28492,6.57422,1.08447,2132.05,1965.99,0.0,0.0,0.649,0.598451,0.0,1,0.0031421249,1.3293043352,1.3665437450477482
7.01898,5.1049,7.00748,0.913193,2450.75,2683.71,0.0,0.0,0.7006,0.767198,0.0,1,0.0024628146,1.187925902,1.1264170764952317
5.33017,3.84032,5.33017,1.2463,995.82,799.02,0.0,0.0,0.527,0.422851,0.0,1,0.0030725533,1.1160594021,1.1035471727675368
7.26111,4.49108,7.2508,1.17019,1831.91,1565.48,0.0,0.0,0.6072,0.51889,0.0,1,0.0027066562,1.1258675856,1.1290874374755182
6.54271,5.20454,6.54271,1.10411,1262.09,1143.08,86.4297,78.2797,0.5632,0.510092,0.0,0,0.0051707671,1.7205420116,1.7251588898970536
4.67601,3.58614,4.53668,1.50157,646.168,430.33,0.0,0.0,0.452,0.301019,0.0,1,0.0024674110999999,0.7954131475,0.8450968999205613
9.09448,7.62606,9.09448,1.45289,1203.19,828.136,0.0,0.0,0.5812,0.400029,0.0,1,0.0006331563,0.3112233377,0.3350601566335101
5.08447,4.36113,5.07274,1.22435,722.372,590.005,0.0,0.0,0.469,0.38306,0.0,1,0.0086210624,1.633594618,1.8181274484513263
9.61015,5.51941,9.61015,1.44392,1795.25,1243.32,0.0,0.0,0.604,0.418306,0.0,0,0.0019200535,0.8548488723000001,0.837271604879348
5.83208,4.50922,5.82484,1.11758,1988.36,1779.17,0.0,0.0,0.6574,0.588235,0.0,1,0.0011255721,0.52707725,0.5289156219163654
6.44623,4.93162,6.4436,1.11083,2786.39,2508.38,0.0,0.0,0.7422,0.668147,0.0,1,0.0011465233,0.5314594811,0.5394182115630749
8.20229,7.33404,8.17219,0.896085,1741.45,1943.4,0.0,0.0,0.6732,0.751268,0.0,0,0.0037304435999999,1.6424156787,1.6113116318363363
5.0614,3.45442,5.0614,1.30915,1167.77,892.008,0.0,0.0,0.6106,0.466408,0.0,0,0.0016660480999999,0.7017634526000001,0.7239672987028883
5.56844,4.5608,5.56844,2.09957,1607.82,765.783,0.0,0.0,0.5896,0.280819,0.0,1,0.0016898076999999,0.6757714486,0.6600791545312858
9.60382,5.42977,9.56238,0.669195,1791.93,2677.74,407.039,608.252,0.711,1.06247,0.0,0,0.0036544014,1.7310307343,1.7447874705240516
6.42929,6.08998,6.42929,0.7293,3122.65,4281.71,0.0,0.0,0.7,0.959824,0.0,1,0.0070808939,3.0859831752,3.088342883089944
4.94875,3.6681,4.74718,1.32167,723.976,547.773,0.0,0.0,0.481,0.363934,0.0,1,0.0025284929999999,0.9116606868,0.8851263265021414
6.50353,4.02235,6.48646,1.01612,1524.25,1500.07,0.0,0.0,0.5582,0.549344,0.0,0,0.006041925,2.2120679705,2.1689941306963276
8.75922,3.76722,8.42147,1.05929,1657.4,1564.64,0.0,0.0,0.5928,0.559622,0.0,0,0.0076735676,2.8455049005,2.712407650047429
6.65259,5.04516,6.56274,1.17392,1308.03,1114.24,0.0,0.0,0.5524,0.47056,0.0,1,0.0093062157,1.8593835805,2.335409002697096
6.60108,5.14039,6.60108,1.17875,1322.43,1121.89,0.0,0.0,0.5472,0.464219,0.0,1,0.0091683968,1.8651766385,2.287721957614801
6.57261,5.08535,6.54322,1.19171,1317.71,1105.73,1.69583,1.42302,0.5486,0.460348,0.0,1,0.0098329791,1.9593269704,2.429767237125012
21.09518,19.24681,20.98484,0.298857,1270.61,4251.56,0.0,0.0,0.868,2.9044,0.0,1,0.0030803656,1.568494995,1.5026838322751703
4.4617,3.54667,4.45263,1.35931,320.757,235.971,161.359,118.706,0.4638,0.341202,0.0,1,0.0065786265,1.6980151450999998,1.4781490688273653
8.49537,3.88559,8.49537,1.23841,1654.63,1336.08,0.0,0.0,0.5866,0.47367,0.000322994,0,0.003846014,1.2984069798,1.4764424110768684
8.46299,3.95011,8.46299,1.23778,1637.26,1322.74,0.0,0.0,0.6028,0.487,0.000161579,0,0.0009211279,0.4431836293,0.4860923013653584
4.40498,3.818,4.39366,2.16054,906.666,419.648,0.0,0.0,0.5218,0.241514,0.0,1,0.0014060010999999,0.5615480812,0.6014557138332531
4.69173,3.85639,4.65615,1.66558,994.805,597.274,0.0,0.0,0.4696,0.281944,0.0,1,0.0052349931,1.5800156280000002,1.5179118329394963
7.49731,4.21343,7.49731,1.44845,1008.29,696.116,0.0,0.0,0.4786,0.330421,0.0,1,0.0026113343,0.9775182133,0.9337279730939254
5.41592,3.76809,5.41592,1.32563,1019.52,769.082,0.0,0.0,0.4806,0.362546,0.0,0,0.0025750981,1.0385032156,0.911701904380401
10.67067,8.77989,10.67019,0.799166,1949.96,2439.99,0.0,0.0,0.71,0.888426,0.0,1,0.0027189981,1.2276759779000002,1.2557348620820326
6.51947,4.18889,6.51947,1.08279,1782.29,1646.02,0.0,0.0,0.638,0.589221,0.0,0,0.0054856222,2.184572709,2.1135177313830114
5.21341,3.72816,5.20196,1.19066,1517.77,1274.73,0.0,0.0,0.586,0.492165,0.0,0,0.0078109409,2.5449374735,2.540910133948648
6.00951,5.54585,6.00744,1.22913,1471.94,1197.55,0.0,0.0,0.5726,0.465859,0.0,0,0.0069979944,2.2057286271,2.1595660950321323
10.02499,8.76011,10.02499,0.882826,2167.55,2455.24,0.0,0.0,0.7844,0.88851,0.0,1,0.0012382372,0.6335711317,0.6039713835115997
8.44935,6.89767,8.44935,1.57222,1115.58,709.56,0.0,0.0,0.577,0.366998,0.0,1,0.0006130487,0.2869547089,0.25790702082781913
5.01128,4.18788,4.96894,1.11888,878.165,784.859,0.0,0.0,0.5036,0.450092,0.0,1,0.0072435493,1.9103576078,1.9823198269371873
3.89523,3.56149,3.89523,2.03382,242.444,119.206,0.0,0.0,0.4326,0.212703,0.0,1,0.0035256602,0.9211297432,1.0101034094901147
5.8356,4.62926,5.8296,1.09463,1307.34,1194.33,0.0,0.0,0.5502,0.502636,0.0,0,0.0080497995,2.3021443559,2.358098749670946
13.61739,4.61754,13.61739,0.953237,2216.88,2325.64,0.0,0.0,0.6886,0.722381,0.0,1,0.0045221956,1.9491912307,1.8508877060558429
4.26453,3.57847,4.26352,2.09861,723.866,344.926,0.0,0.0,0.4906,0.233773,0.0,1,0.0070202473999999,1.8693337124,1.6664008619608468
4.37304,3.99561,4.36427,1.79681,1037.11,577.197,0.0,0.0,0.5372,0.298975,0.0,1,0.0039414372,1.3218592837,1.381269211677664
9.32937,5.73491,9.31763,2.81322,981.321,348.825,12.3418,4.38706,0.4998,0.177661,0.0,1,0.0003397428,0.1553373206,0.17717339217420247
6.48006,3.76789,6.3774,1.27344,1499.33,1177.39,0.0,0.0,0.5498,0.431746,0.0,1,0.0035340503999999,1.4241543898,1.389768296514682
6.54942,3.9072,6.54694,1.21025,1492.0,1232.81,0.0,0.0,0.5598,0.46255,0.0,1,0.0038572717,1.4994287253,1.5141347115456267
6.44133,3.78742,6.3358,1.2672,1503.0,1186.08,0.0,0.0,0.5486,0.432924,0.0,1,0.0039555796,1.486066937,1.4882085237858378
6.54291,3.90146,6.54291,1.24418,1488.27,1196.19,0.0,0.0,0.5602,0.450258,0.0,1,0.0036501784999999,1.461893975,1.4216679011772362
24.61263,14.64846,24.61263,0.240823,1468.58,6098.18,0.0,0.0,0.9018,3.74465,0.0,0,0.0034523327,1.6533011978,1.7124051547598065
6.09913,3.98908,5.99424,1.3777,1258.08,913.177,14.3931,10.4472,0.545,0.395586,0.0,0,0.0035134289,1.2855296431,1.2526556149199322
3.8115,3.49015,3.80241,1.48235,185.395,125.068,39.5872,26.7057,0.4088,0.275779,0.0,1,0.0009118252,0.4243209632999999,0.4741710016715268
5.03981,3.90859,5.01601,1.48698,1131.86,761.178,0.0,0.0,0.4928,0.331409,0.0,1,0.0050309896,1.6122704954,1.5419515443228222
5.12851,4.00559,5.12851,1.54997,877.489,566.133,0.0,0.0,0.4642,0.29949,0.0,1,0.0049434269,1.4450746618,1.4004086101879365
5.03811,3.94141,5.03811,1.46802,1178.02,802.454,0.0,0.0,0.5092,0.346863,0.0,1,0.0051356038,1.6372178002000002,1.6482650310907139
6.55761,6.38772,6.55761,1.0684,1052.58,985.194,0.0,0.0,0.5174,0.484275,0.0,0,0.0012298924,0.5833272375,0.5883604653856369
6.65442,5.67424,6.65442,1.10163,1013.24,919.768,0.0,0.0,0.4878,0.442798,0.0,0,0.0014493270999999,0.6360084109,0.6136521898874636
5.71975,3.68772,5.7164,1.35451,1400.63,1034.05,0.0,0.0,0.5398,0.398522,0.0,1,0.0032405589,1.2066014390000002,1.2305178211705479
9.71547,7.35837,9.71529,1.15099,1450.59,1260.3,0.0,0.0,0.5838,0.507215,0.0,1,0.0022416158,1.0516912521,1.0244461600266135
9.69288,7.37414,9.69288,1.14102,1457.05,1276.97,0.0,0.0,0.586,0.513575,0.0,0,0.0022434199,1.0174680484999998,1.0237948073363603
9.76179,7.44687,9.76179,1.1629,1436.26,1235.07,0.0,0.0,0.573,0.492735,0.0,1,0.0022831105,1.0343915711,1.0626180149357345
9.68542,7.26317,9.68542,1.1664,1438.72,1233.47,0.0,0.0,0.575,0.49297,0.0,1,0.0022542446,1.0144199923,1.0223973495533665
9.62315,7.47258,9.62297,1.13645,1456.84,1281.92,0.0,0.0,0.5872,0.516695,0.0,0,0.0022380075,0.9928598881,1.0072605130328813
9.67783,7.26872,9.67783,1.16505,1440.32,1236.27,0.0,0.0,0.5776,0.495773,0.0,1,0.0022921311,1.01693854,1.069662653913756
12.21297,10.12216,12.21297,0.962787,1461.82,1518.32,0.0,0.0,0.6354,0.659959,0.0,1,0.0024344797,1.1291310383,1.0867976183775183
15.8929,13.20205,15.79897,0.679059,1536.4,2262.54,0.0,0.0,0.7374,1.08592,0.0,0,0.0022128958999999,1.0498085084,1.021175636836426
5.57075,3.47029,5.07859,2.36782,1042.81,440.408,0.0,0.0,0.4718,0.199255,0.0,1,0.0008983779,0.4134675604,0.39250955786460295
5.55577,4.78031,5.52738,1.59859,1464.21,915.939,0.0,0.0,0.603,0.377208,0.0,0,0.0057154387,1.7417799541,1.7802682523293263
5.2699,4.49334,5.2699,1.45263,1149.42,791.271,0.0,0.0,0.5294,0.364442,0.0,1,0.0023845784,0.9723025185,0.9327904950844235
6.81493,5.97974,6.81375,1.3839,1674.07,1209.68,0.0,0.0,0.6086,0.439772,0.0,1,0.0033539428,1.3751178726,1.3938535621659507
6.48998,6.20475,6.48998,1.00596,1532.58,1523.5,0.0,0.0,0.5966,0.593066,0.0,0,0.0083591956,2.8775094324,3.046431544582065
6.26548,5.9824,6.25328,0.999416,1586.53,1587.46,0.0,0.0,0.5914,0.591745,0.0,0,0.0077885679,2.7604566674,2.7273237536659174
7.01984,6.76477,7.01984,0.978971,1612.66,1647.3,0.0,0.0,0.5868,0.599405,0.0,0,0.0070339878,2.8153282795,2.7674887799791725
7.11187,6.8054,7.11187,1.50504,1508.7,1002.44,0.0,0.0,0.5702,0.378862,0.0,1,0.0035794169,1.4452384919,1.436807011280641
6.85652,6.48147,6.85652,1.67165,1571.6,940.146,0.0,0.0,0.549,0.328417,0.0,0,0.0044883059,1.641541709,1.6322400439330398
7.87003,7.35,7.87003,0.987944,1759.25,1780.72,0.0,0.0,0.6412,0.649025,0.0,0,0.0037241353,1.7202313637,1.6684430674455066
7.24131,5.09073,7.23502,0.88875,2564.25,2885.23,0.0,0.0,0.6954,0.782447,0.0,1,0.0037414076,1.7515060025,1.6643492973371183
7.44507,6.67773,7.44507,1.18884,1185.58,997.26,0.0,0.0,0.5216,0.438748,0.0,1,0.0026045657,1.0971308311,1.0597690321980306
6.95776,5.62966,6.95776,1.0485,2631.43,2509.71,0.0,0.0,0.7242,0.690701,0.0,0,0.0013460029,0.6188165539,0.6403003166241064
6.75939,5.98836,6.75562,0.832145,2447.69,2941.42,0.0,0.0,0.6812,0.818608,0.0,1,0.0042532060999999,1.9569386597,1.8836793221222679
6.806,6.26285,6.79743,1.09035,1505.97,1381.18,0.0,0.0,0.546,0.500758,0.0,1,0.0064819011,2.2661146541,2.285753143690609
5.58245,5.12904,5.58245,1.03675,2394.2,2309.33,0.0,0.0,0.6546,0.631396,0.0,1,0.0038185885999999,1.6565457972,1.6173004213861264
5.5169,5.02553,5.5169,1.03225,2416.65,2341.14,0.0,0.0,0.6696,0.648678,0.0,1,0.0035012795,1.6044889699,1.5340067757305091
17.7233,14.92578,17.7233,0.954529,1589.06,1664.76,49.7541,52.1243,0.7288,0.763518,0.000419055,1,0.0018859969,0.8855786056999999,0.8086348604414924
18.35498,16.34268,18.35498,1.06535,1653.8,1552.35,0.0,0.0,0.7432,0.697612,0.00112639,1,0.0013746335999999,0.6527369394,0.6552567474451614
7.83578,6.98017,7.83578,0.980713,1609.04,1640.69,0.0,0.0,0.611,0.623016,0.0,0,0.0030800517999999,1.3974320616,1.4126977394316405
6.64431,4.85626,6.63808,1.45126,1299.25,895.255,0.0,0.0,0.529,0.36451,0.0,1,0.0067755307,2.1228677387,2.0037644049828254
6.61883,4.82903,6.58035,1.50455,1309.82,870.575,0.0,0.0,0.5346,0.355323,0.0,1,0.0047665969,1.6579289035,1.6154269956420502
6.60456,4.91636,6.49799,1.53725,1315.89,856.008,0.0,0.0,0.5322,0.346204,0.0,1,0.0046718882,1.5930683523,1.5769149942833556
10.6229,9.13911,10.59086,0.899459,1701.71,1891.92,0.0,0.0,0.6748,0.750228,0.0,1,0.0035508456,1.5153805223,1.5028064684184477
10.62623,9.13273,10.62623,0.914395,1723.95,1885.35,0.0,0.0,0.6746,0.737756,0.0,1,0.0036738633,1.5295319269999998,1.5644830795737008
6.47651,3.98462,6.43461,1.44924,1500.2,1035.16,0.0,0.0,0.568,0.391929,0.0,1,0.0016529589,0.7102540831999999,0.7255034002677968
11.28011,10.79695,11.27845,1.13003,1551.23,1372.74,0.0,0.0,0.643,0.569013,0.0,1,0.0029086917,1.3397949987,1.2968941264111697
11.61678,10.99568,11.61678,1.13145,1593.32,1408.21,0.0,0.0,0.6444,0.569535,0.0,1,0.0030903714,1.3807946526,1.3893826303013266
11.26396,10.8267,11.26396,1.13289,1578.11,1393.0,0.0,0.0,0.6352,0.560691,0.0,1,0.0029486612,1.297122075,1.3262647715917433
11.57288,10.94497,11.57288,1.13911,1582.39,1389.14,0.0,0.0,0.6384,0.560437,0.0,1,0.0031575928999999,1.3703208188999998,1.380020468090636
4.34974,3.44315,4.3363,1.72993,254.091,146.879,149.818,86.6033,0.429,0.247987,0.0,1,0.0026397959,0.8412083438,0.9228899773098617
9.2766,6.16862,9.2766,1.10826,1838.17,1658.6,0.0,0.0,0.6536,0.589751,0.0,0,0.00217919,0.8974366449,1.0040863315444573
5.64735,4.63209,5.64735,1.5207,2001.22,1315.99,0.0,0.0,0.609,0.400475,0.0,1,0.0019839764,0.8490914672,0.8612412161403259
16.36523,5.22927,16.36523,0.720658,2117.08,2937.7,0.0,0.0,0.7092,0.9841,0.0,1,0.0046884615,1.9387708383,1.9579991045090979
7.74471,4.63206,7.74435,1.3092,888.245,678.465,0.0,0.0,0.4856,0.370914,0.0,0,0.0019792932999999,0.8531066624,0.7499064603008121
11.61381,3.82654,11.61381,0.901728,1567.52,1738.35,0.0,0.0,0.642,0.711966,0.0,0,0.001695677,0.8190714837999999,0.7859912435969016
11.26795,3.60856,11.26795,0.928704,1552.88,1672.09,0.0,0.0,0.6514,0.701407,0.0,0,0.0018958385,0.8756637592000001,0.8907243026573713
11.26494,3.61002,11.26494,0.914157,1525.26,1668.49,0.0,0.0,0.6436,0.704037,0.0,0,0.0019199366,0.9531855747,0.8857873173551335
11.5954,3.6311,11.5954,0.926162,1578.03,1703.84,0.0,0.0,0.6492,0.700957,0.0,0,0.0015315137,0.7178863634999999,0.7314916989362046
10.04679,9.57778,10.04679,1.2245,885.139,722.858,0.0,0.0,0.519,0.423847,0.0,1,0.0010673469,0.5126541069,0.4881067864789239
4.54304,3.58735,4.3932,1.55869,710.369,455.747,0.0,0.0,0.505,0.32399,0.0,1,0.0006548412,0.2874960212,0.30575549679583225
5.75155,4.35756,5.66689,1.44623,1469.69,1016.22,4.17576,2.88733,0.5848,0.404361,0.0,1,0.0008022734,0.3676920927,0.408428690391188
5.51627,4.61799,5.4977,1.32529,2244.33,1693.46,0.0,0.0,0.6396,0.482611,0.0,1,0.0038588445,1.620124654,1.5878565999746348
5.44704,4.60331,5.44667,1.3755,2258.75,1642.13,0.0,0.0,0.6246,0.454089,0.0,1,0.003904646,1.6104930332,1.5567212067771994
5.41612,4.59352,5.36104,1.41024,2230.71,1581.8,0.0,0.0,0.6402,0.453966,0.0,1,0.0050454623,1.9854350857,1.889972415362436
5.47631,4.61623,5.47631,1.08146,2270.04,2099.06,0.0,0.0,0.6446,0.596049,0.0,1,0.0054120281999999,2.228078299,2.140329680219098
4.8676,3.87877,4.8676,1.74504,1289.65,739.04,0.0,0.0,0.497,0.284807,0.0,1,0.0065301904,2.1054346254,1.7898480157707597
7.02055,6.72566,7.02055,1.5497,1564.27,1009.4,0.0,0.0,0.5642,0.364069,0.0,0,0.0036242185,1.4271143553,1.4518026640611086
5.72411,4.04304,5.72411,1.14687,1108.91,966.904,0.0,0.0,0.5276,0.460036,0.0,1,0.0027455965,1.1230064862,1.0730050674470615
5.28042,3.84303,5.01194,1.17037,1017.74,869.583,0.0,0.0,0.5124,0.437809,0.0,1,0.0024396478,1.021960552,0.9744734289934698
15.37344,3.88956,15.37344,0.850165,1726.79,2031.12,0.0,0.0,0.6596,0.77585,0.0,1,0.0062052782999999,2.4839266336000003,2.292708201049068
5.53296,4.93164,5.53296,1.1424,1232.92,1079.24,0.0,0.0,0.546,0.477942,0.0,1,0.0084422495,2.2355913523,2.3345063223247102
6.18995,5.53555,6.17075,1.00925,1555.89,1541.63,0.0,0.0,0.5934,0.587963,0.0,1,0.0067624415,2.3694259274,2.3644548977122035
7.6925,5.22397,7.6925,0.967552,1457.91,1506.8,0.0,0.0,0.5822,0.601725,0.0,1,0.0044468069,1.6956336569,1.6864153269005866
8.81658,8.12377,8.8037,1.17608,1441.79,1225.93,0.0,0.0,0.577,0.490611,0.0,1,0.0022539576,0.9438255855,1.0094195550421223
14.47047,3.66339,14.46844,0.794221,1742.27,2193.69,0.0,0.0,0.7298,0.918888,0.0,1,0.0036121469,1.6516317204,1.645144542173067
4.42679,4.26632,4.42679,1.31307,1092.38,831.931,0.0,0.0,0.5278,0.40196,0.0,0,0.0077674771,1.968085336,2.0496806670287393
4.49444,4.34625,4.49444,1.29869,1133.37,872.699,0.0,0.0,0.5334,0.410721,0.0,0,0.0075502791,2.0058963284,2.1666566638941807
7.85539,7.34267,7.85421,0.993925,1777.54,1788.41,0.0,0.0,0.6354,0.639284,0.0,0,0.0037610601,1.7281702072999998,1.6881209935735402
7.76352,7.22608,7.76352,0.996606,1737.41,1743.32,0.0,0.0,0.6204,0.622513,0.0,0,0.0041906779,1.7374218369,1.8382990535945138
8.05582,7.60574,8.05085,0.990751,1790.54,1807.25,0.0,0.0,0.6356,0.641533,0.0,0,0.0043439598999999,1.9212963849,1.8225792792366626
6.38657,4.98443,6.37723,0.814512,2668.09,3275.69,0.0,0.0,0.6874,0.843941,0.0,0,0.0049290723,1.9608398872,2.2055282403080856
9.1752,7.37433,9.1752,0.963135,2062.24,2141.17,0.0,0.0,0.6686,0.694191,0.0,1,0.0021270964,0.9400187622,0.9869960024709997
5.89707,5.20358,5.89707,1.03265,2825.78,2736.42,0.0,0.0,0.6948,0.672829,0.0,0,0.003073232,1.38599071,1.4029634084571623
4.80607,4.08896,4.78655,1.66902,1314.15,787.374,0.0,0.0,0.5938,0.355777,0.0,0,0.0045570129,1.6059777392,1.5359939644113734
18.76086,11.86635,18.76086,0.419881,1773.06,4222.76,0.0,0.0,0.8408,2.00247,0.0,1,0.0036811643,1.7283908426,1.710844352491586
9.18075,7.95829,9.18075,1.0779,1545.97,1434.24,0.0,0.0,0.5948,0.551815,0.0,0,0.002998127,1.1261088248,1.295981754528427
4.92676,4.21433,4.92676,0.888887,2386.29,2684.58,0.0,0.0,0.6492,0.730352,0.0,0,0.0030148057,1.3994425509,1.4059750941995184
6.53029,4.26393,6.50771,1.2109,2088.91,1725.09,0.0,0.0,0.6104,0.504089,0.0,1,0.0034675365999999,1.4460290238,1.4518055443560574
5.80887,4.60559,5.80549,1.29073,2087.2,1617.07,0.0,0.0,0.6484,0.502351,0.0,0,0.0047369112,1.8871724031,1.8448213163313965
5.31594,4.0774,5.2787,1.47588,738.038,500.065,0.0,0.0,0.506,0.342845,0.0,0,0.0012365405,0.5099978546,0.4592808107843285
4.78607,3.41332,4.77151,1.37032,965.525,704.599,0.103074,0.0752192,0.535,0.39042,0.0,1,0.0037961341999999,1.3735332119,1.2708819930373287
5.38066,4.73377,5.38066,1.02212,1743.14,1705.42,0.0,0.0,0.596,0.583103,0.0,1,0.0042228173999999,1.6746837336000002,1.6839793294923338
4.41588,3.6646,4.35167,1.61069,592.834,368.062,0.0,0.0,0.4254,0.26411,0.0,1,0.0021786613,0.7217899478,0.7431596235399697
5.99511,5.1936,5.99511,1.69632,1257.02,741.025,0.0,0.0,0.5152,0.303716,0.0,1,0.0046865882,1.4160216377,1.4808678223717942
5.99338,5.23289,5.99338,1.66873,1254.35,751.683,0.0,0.0,0.5178,0.310297,0.0,1,0.0047303371999999,1.4269120859,1.4756547501288615
5.97003,5.21528,5.97003,1.65966,1234.67,743.931,0.0,0.0,0.5184,0.312353,0.0,1,0.0045773116999999,1.4308303038,1.449936539559157
6.67296,3.57209,6.58264,1.4371,626.277,435.791,0.0,0.0,0.4524,0.3148,0.0,1,0.0027255040999999,0.9108927264,0.8652217025632274
5.24448,3.98805,5.17797,1.10666,1685.18,1522.76,0.0,0.0,0.6024,0.544339,0.0,1,0.0038193209,1.5483635063,1.5167810489722617
5.24396,4.0676,5.24396,1.11955,1644.75,1469.11,0.0,0.0,0.6106,0.545397,0.0,1,0.0038927983,1.5645495095,1.5483997670137355
6.47513,4.62269,6.40533,1.38853,1236.89,890.797,0.0,0.0,0.5274,0.379827,0.0,0,0.0046707119,1.4328954131,1.5478328038889886
4.87776,4.03318,4.87776,1.72206,462.742,268.715,0.0,0.0,0.3598,0.208936,0.0,0,0.0090069943,1.1118638921,1.2045658638258887
4.95346,3.52092,4.93971,1.30798,969.125,740.933,0.0,0.0,0.499,0.381505,0.0,1,0.0101241148,2.3266721308,2.177541098557107
6.78942,4.98966,6.77665,1.39975,1050.66,750.605,0.0,0.0,0.4732,0.33806,0.0,1,0.0031186809,1.1154495503,1.0867735883041085
4.72876,3.487,4.72876,1.43464,1201.3,837.352,0.0,0.0,0.525,0.365944,0.0,1,0.0108682840999999,2.5472840624,2.6691742000601573
5.30158,4.93345,5.25562,1.24028,1722.57,1388.85,0.0,0.0,0.5708,0.460217,0.0,1,0.0019718448,0.8301889229,0.8904070737989578
7.06044,5.44324,7.04565,0.861876,2509.51,2911.69,0.0,0.0,0.7062,0.819376,0.0,1,0.0036056537,1.6309457301,1.6430647920808898
3.66826,3.40979,3.66826,1.5968,132.944,83.257,0.0,0.0,0.3902,0.244364,0.0,0,0.0004977792,0.203707357,0.3235618765026369
4.92821,3.76656,4.9265,1.39799,1007.61,720.756,0.0,0.0,0.501,0.358372,0.0,1,0.0046041061,1.3329032137,1.4575224212714668
4.72864,4.01613,4.71178,1.34536,905.757,673.244,0.0,0.0,0.4682,0.34801,0.0,1,0.0091626463,2.1148840841,2.1979019884824194
6.23207,5.25681,6.23207,1.2688,1153.66,909.256,0.0,0.0,0.5338,0.420714,0.0,1,0.0024550839999999,0.9510837069,0.9856574227916377
4.82292,4.04207,4.82292,1.2506,823.12,658.177,0.0,0.0,0.481,0.384614,0.0,1,0.0035715066999999,1.1485929531,1.2063311089482456
8.65383,8.02301,8.62464,1.19399,2084.79,1746.06,0.0,0.0,0.6688,0.560138,0.0,0,0.0025977307,1.1475347059,1.1579111937701865
8.13654,7.41946,8.10265,1.23579,2022.73,1636.78,0.0,0.0,0.6656,0.538601,0.0,0,0.0025950974,1.1295158292,1.1645930147462609
8.20693,7.56134,7.97833,1.2172,2055.43,1688.66,0.0,0.0,0.6606,0.542722,0.0,0,0.0024515837,1.0957604713,1.102655285054624
8.77466,8.24178,8.76382,1.17605,2072.16,1761.97,0.0,0.0,0.686,0.583311,0.0,0,0.0026675126,1.1272795162,1.1683329979498769
8.72478,7.97366,8.7184,1.18471,2089.45,1763.69,0.0,0.0,0.6672,0.563178,0.0,0,0.0025700813,1.1427329198,1.135450303906564
8.46136,7.91648,8.46136,1.21276,2069.15,1706.15,0.0,0.0,0.6704,0.552789,0.0,0,0.0027030619,1.1559763432,1.1874671454473686
6.25393,4.92061,6.24311,1.24524,1162.74,933.744,0.0,0.0,0.513,0.411967,0.0,1,0.0053652188,1.6932047433,1.688139565232525
8.78676,6.77563,8.78676,0.847279,2062.57,2434.34,0.0,0.0,0.6744,0.79596,0.0,1,0.0037684896,1.5537480469999998,1.587401910598175
6.1792,5.66918,6.17838,1.21138,852.75,703.947,80.7869,66.6897,0.5432,0.448412,0.0,0,0.0044245132,1.5528256867,1.4321383475766887
6.70484,6.32665,6.70484,1.05966,2286.47,2157.74,0.0,0.0,0.6502,0.613593,0.0,0,0.0066865132999999,2.70547131,2.70611681832799
5.31439,4.17423,5.31439,1.94035,1774.06,914.299,0.0,0.0,0.5988,0.308604,0.0,1,0.0023841642,0.9621962678,0.9322767133061551
6.00629,4.14523,5.99555,1.89659,1733.95,914.246,0.0,0.0,0.6016,0.317201,0.0,1,0.0025605379,1.0163310864,0.9829964944350388
5.85854,4.29712,5.84922,1.62759,2447.15,1503.54,0.0,0.0,0.6492,0.398872,0.0,1,0.0016551514999999,0.7567678587000001,0.6810644156027419
6.71551,6.34258,6.71551,1.05531,2284.15,2164.44,0.0,0.0,0.6512,0.61707,0.0,0,0.0065888554,2.6691181625,2.670001585087526
6.73279,6.35537,6.73279,1.03071,2266.62,2199.08,0.0,0.0,0.6584,0.63878,0.0,0,0.0063325034999999,2.6494614614,2.6155917535512154
6.00203,5.70916,6.00203,1.30077,1538.34,1182.64,0.0,0.0,0.5758,0.442662,0.0,0,0.0083113633,2.5206386982,2.493725290863499
6.62072,5.41763,6.62072,1.09079,2319.93,2126.83,0.0,0.0,0.6638,0.608548,0.0,1,0.0029297843,1.18427857,1.3129623358872522
6.50923,5.39354,6.50923,1.11456,2282.12,2047.56,0.0,0.0,0.6604,0.592523,0.0,1,0.0029042675,1.2033244856999998,1.2399222186357908
11.07564,6.55104,11.07564,0.882976,2163.69,2450.45,0.0,0.0,0.717,0.812027,0.0,1,0.0047453232,1.6531135374,1.749734015640535
13.18133,6.56576,13.18133,0.88151,2137.18,2424.45,0.0,0.0,0.7168,0.81315,0.0,1,0.004918397,1.6739030643,1.7673498584224343
13.20026,6.62162,13.20026,0.879921,2126.12,2416.26,0.0,0.0,0.7172,0.815073,0.0,1,0.0047608223,1.6738668996,1.6845930311781903
13.19327,6.63983,13.19327,0.881013,2113.29,2398.7,0.0,0.0,0.7204,0.817695,0.0,1,0.0048873987,1.6458444359,1.718046712832962
8.29809,6.85068,8.29809,0.790491,2059.77,2605.68,0.0,0.0,0.6598,0.834671,0.0,1,0.0039224516,1.7586138715,1.7127052282353539
4.66034,3.46037,4.63504,1.16769,974.945,834.933,0.0,0.0,0.5088,0.435731,0.0,0,0.0081388942,1.8618630426,2.1690544738168294
6.21348,5.18247,6.21348,1.16378,2263.81,1945.21,0.0,0.0,0.6514,0.559726,0.0,1,0.0025701169,1.1413478844,1.1026724047573104
6.18672,5.12197,6.18672,1.20466,2258.56,1874.85,0.0,0.0,0.6516,0.540898,0.0,1,0.0025442321,1.161565588,1.101828065169507
6.12649,5.14189,6.12133,1.25484,2251.96,1794.63,0.0,0.0,0.645,0.514011,0.0,1,0.0028009128,1.1782363434,1.1912228101926052
4.88485,4.19849,4.88485,1.17469,1409.46,1199.86,0.0,0.0,0.5526,0.470422,0.0,1,0.0029790490999999,1.1962512159,1.1927717583756903
4.19176,3.82361,4.19176,1.2075,1328.47,1100.17,0.0,0.0,0.5406,0.4477,0.0,1,0.0026047083,1.0392189937,1.1267245767183467
16.78989,6.64048,16.78989,0.755158,2186.99,2896.07,0.0,0.0,0.742,0.982576,0.0,1,0.0042667511,1.8583819004,1.8266283616887526
7.87287,4.28499,7.87287,1.75813,1069.27,608.188,0.0,0.0,0.4738,0.26949,0.0,1,0.0032922533,1.1547217687,1.1063078110798703
4.60508,3.53241,4.56134,1.47456,918.914,623.177,0.0,0.0,0.5152,0.349392,0.0,1,0.0038778522,1.4004643071,1.342134808462202
13.17245,6.57882,13.17245,0.881994,2147.64,2434.99,0.0,0.0,0.7166,0.812478,0.0,1,0.0047582391,1.6697596248,1.6991074938660873
13.18202,6.56101,13.18202,0.874244,2168.24,2480.14,0.0,0.0,0.7172,0.820366,0.0,1,0.0039413172999999,1.5294222256,1.5530924277854616
8.59808,3.83664,8.57584,1.027,1782.17,1735.31,0.0,0.0,0.6252,0.608761,0.0,1,0.0053640399,2.2580332591,2.0891460073265176
8.62412,3.75854,8.61676,1.03974,1771.69,1703.98,0.0,0.0,0.6218,0.598036,0.0,1,0.0062504654,2.4672700601,2.301783031470721
8.81736,4.01112,8.59398,0.978332,1794.66,1834.4,0.0,0.0,0.6308,0.644771,0.0,1,0.005354778,2.194286717,2.114486654768177
8.8027,3.99777,8.80075,0.979603,1802.77,1840.31,0.0,0.0,0.6322,0.645363,0.0,1,0.0051974490999999,2.2186873777,2.079318851222701
8.7376,3.97317,8.68094,0.99936,1793.88,1795.03,0.0,0.0,0.631,0.631404,0.0,1,0.0053041033999999,2.2325945461,2.1150349600398233
8.74499,3.992,8.31175,1.01024,1785.62,1767.53,0.0,0.0,0.6274,0.621043,0.0,1,0.005211858,2.2433377776,2.03460967907672
8.70746,3.96873,8.68609,1.0202,1783.95,1748.63,0.0,0.0,0.6284,0.615958,0.0,1,0.0053814515,2.2345318761,2.0873475294422903
9.97573,6.14945,9.9755,0.833875,1650.14,1978.89,0.0,0.0,0.635,0.761505,0.0,0,0.0039193036,1.7055605747,1.5919652038519305
5.75412,5.30597,5.75185,0.900285,1657.72,1841.33,0.0,0.0,0.6148,0.682895,0.0,1,0.0029531704,1.3496571747,1.2839657438480796
6.49481,4.4278,6.49481,0.863231,1967.74,2279.51,0.0,0.0,0.608,0.704331,0.0,0,0.0081773885,2.5169330351,3.0773491542300966
10.78647,9.46825,10.78641,1.0639,1328.84,1249.03,0.0,0.0,0.569,0.534826,0.0,1,0.0018240751,0.7821690336,0.7818869171750097
6.30332,3.54841,6.29414,1.24899,1424.61,1140.61,0.0,0.0,0.571,0.457169,0.0,1,0.0113253875,2.8933597475,2.9461144269085797
12.99556,11.59411,12.53696,0.409914,1974.15,4816.02,0.0,0.0,0.8394,2.04775,0.0,0,0.0030504839,1.4125531966,1.503326714923541
5.79435,4.06776,5.78784,1.1064,1279.06,1156.05,0.0,0.0,0.5442,0.491863,0.0,1,0.0077453639,2.5314494462,2.24342641119961
11.92534,10.15941,10.7957,0.715863,1973.75,2757.16,0.0,0.0,0.807,1.12731,0.000279383,1,0.0022723871,1.1032903927,1.0967520835399118
8.35438,6.74513,8.35438,1.25512,1629.48,1298.27,0.0,0.0,0.6082,0.484574,0.0,0,0.0032782906,1.3660310463,1.3879090078468783
5.76528,3.44001,5.76528,2.05587,771.787,375.407,0.0,0.0,0.4332,0.210714,0.0,1,0.0022046071,0.7156964865000001,0.7009459378472632
9.64677,7.09331,9.64677,0.59954,2372.38,3957.0,0.0,0.0,0.7742,1.29132,0.0,1,0.0041227775,1.7220027828,1.8693985998147296
10.7978,7.28862,10.07334,0.52652,2852.06,5416.81,0.601169,1.14178,0.7786,1.47877,0.0,1,0.0042178061,2.0294141328,1.937624545787987
6.56646,4.08998,6.54784,1.26553,1485.95,1174.18,0.0,0.0,0.5694,0.449931,0.0,0,0.0038053831,1.4761557112,1.430272671621478
4.89155,3.90131,4.73471,1.36084,1754.51,1289.29,0.0,0.0,0.5968,0.438553,0.0,1,0.0044520858,1.7037463853,1.7010344593182187
4.89634,3.8976,4.73512,1.37366,1723.73,1254.84,0.0,0.0,0.596,0.433877,0.0,1,0.0045136001,1.6998298961000002,1.734531780671115
4.89048,3.89627,4.72752,1.37509,1744.51,1268.65,0.0,0.0,0.5894,0.428626,0.0,1,0.0044798156,1.7175464521,1.7075075391128798
9.82615,5.81764,9.823,0.800346,2153.22,2690.36,0.0,0.0,0.6784,0.847633,0.0,0,0.0032824287,1.5103211703,1.487274739377803
7.25953,5.23411,7.25953,1.08539,2701.3,2488.77,0.0,0.0,0.709,0.653219,0.0,1,0.0054012351,2.322200217,2.173987682023694
6.37976,3.41068,6.37976,1.61288,1257.56,779.698,0.0,0.0,0.5318,0.329721,0.0,1,0.0097432932999999,2.5985054656,2.273461351106066
4.38797,3.72635,4.38797,1.29817,708.567,545.82,0.0,0.0,0.448,0.345101,0.0,0,0.0028252943,0.9467809789,0.9783043813888451
15.6562,6.95834,15.6562,0.815704,1584.31,1942.26,314.611,385.692,0.6944,0.851289,0.0,1,0.004050581,1.7327709003999998,1.6628149331293018
9.47366,7.57886,8.89706,0.818244,1562.75,1909.88,0.0,0.0,0.6376,0.779229,0.0,1,0.0026601784999999,1.1956233885,1.1978528917590987
4.11781,3.54093,4.10826,2.15064,560.827,260.772,0.0,0.0,0.499,0.232024,0.0,0,0.0081832654,1.8898272073,1.6065144530852822
6.18933,6.06319,6.18525,1.70548,627.561,367.968,0.0,0.0,0.428,0.250956,0.0,0,0.0023180031,0.6639433102000001,0.8222912712798247
6.03338,5.92233,6.03037,1.73347,616.775,355.803,0.0,0.0,0.4186,0.241481,0.0,0,0.0024653241,0.6782622162999999,0.7963900666896753
6.11363,6.00668,6.11363,1.71163,630.3,368.246,0.0,0.0,0.4286,0.250405,0.0,0,0.0023433239,0.6427348476,0.8211404191274222
6.848,5.25293,6.59533,0.694132,2524.62,3637.09,0.0,0.0,0.711,1.0243,0.0,1,0.0051727306,2.307380678,2.2681693186399388
6.83932,5.17767,6.83932,0.667047,2492.87,3737.18,0.0,0.0,0.6944,1.04101,0.0,1,0.0049436262,2.2534585935,2.1538454111772327
12.9835,12.22348,12.9835,0.782876,1609.55,2055.94,0.0,0.0,0.6462,0.825418,0.0,1,0.0053364534,1.860977617,2.0133137687493186
12.20204,12.01283,12.20204,0.782648,1673.73,2138.55,0.0,0.0,0.6702,0.856323,0.0,1,0.0060049526,2.0546415556,2.1304253220629983
6.41454,5.84385,6.41454,1.06115,1369.43,1290.51,0.0,0.0,0.545,0.513592,0.0,0,0.002460026,0.9717477035,1.0263839670617265
4.96323,4.04573,4.95818,1.11527,1604.24,1438.44,0.0,0.0,0.5578,0.500149,0.0,0,0.0017723454999999,0.8298048518000001,0.799423069250095
4.64533,3.41141,4.64533,1.22769,600.487,489.118,0.0,0.0,0.4834,0.393746,0.0,1,0.008224403,1.9061477264,1.7461820011348952
7.12719,5.34262,7.10815,0.804618,2476.05,3077.29,0.0,0.0,0.6892,0.856555,0.0,1,0.0040021379,1.7969905755000002,1.7581255708632686
7.18408,5.4183,7.18408,0.735724,2753.27,3742.25,0.0,0.0,0.7098,0.964764,0.0,1,0.004039559,1.887461881,1.861816457935638
8.9985,5.11189,8.9985,0.769828,1964.88,2552.36,0.0,0.0,0.6538,0.849281,0.0,1,0.0050406696,2.1522127963,2.03502277775795
7.19373,5.47476,7.19162,0.743514,2474.93,3328.7,0.0,0.0,0.678,0.911886,0.0,1,0.0044761774,1.9829871133,2.0031426205544545
10.5248,9.55919,10.5248,1.53175,1232.21,804.446,0.0,0.0,0.5862,0.3827,0.0,1,0.0017457465,0.6804900298000001,0.699923380995675
10.52986,9.57688,10.52986,1.52454,1236.56,811.103,0.0,0.0,0.5926,0.388707,0.0,1,0.001703963,0.6703284556,0.7008747435101429
10.20812,9.46941,10.20812,1.57295,1231.54,782.951,0.0,0.0,0.5872,0.373312,0.0,1,0.0017391804,0.673742007,0.6847054150279004
6.76714,4.26504,6.76714,1.06143,2653.84,2500.25,0.0,0.0,0.7164,0.674939,0.0,1,0.0008852166,0.4379097047,0.47716382271946856
5.69893,5.36843,5.69893,1.57809,498.722,316.029,0.0,0.0,0.4096,0.259554,0.0,1,0.0022863908,0.6369590696,0.7632237523878616
8.38886,8.25863,8.38886,0.927218,1939.79,2092.05,0.0,0.0,0.7086,0.764222,0.0,0,0.0021872827,0.9954971631,1.0408078454582816
4.98254,4.66211,4.92513,1.2855,367.973,286.249,0.0,0.0,0.4142,0.32221,0.0,1,0.0029035602,0.6877732112999999,0.753253520799082
5.52201,5.05683,5.52201,1.5754,822.863,522.32,0.0,0.0,0.431,0.273582,0.0,1,0.0009944259,0.4280577939,0.375770366566085
5.7222,5.11854,5.62643,1.61442,844.237,522.933,0.0,0.0,0.433,0.268207,0.0,1,0.000921066,0.3865230767,0.35468346221570357
5.90162,5.41792,5.90162,1.76228,855.544,485.476,0.0,0.0,0.4612,0.261707,0.0,1,0.0009083336,0.4036790729999999,0.3748053518904877
7.61281,6.7795,7.61281,1.23616,1858.69,1503.6,0.0,0.0,0.6202,0.501716,0.0,1,0.0025019037,1.0610097957,1.1034761448379635
7.18775,6.56186,7.17833,1.27687,1841.49,1442.19,0.0,0.0,0.6088,0.47679,0.0,1,0.0025336853,1.0874961643,1.1322163527054476
7.31506,6.71653,7.31506,1.25001,1853.82,1483.05,0.0,0.0,0.6122,0.489757,0.0,1,0.0026121315,1.0924134077,1.1486156178182456
7.28953,6.56977,7.27292,1.26788,1836.09,1448.15,0.0,0.0,0.6064,0.478278,0.0,1,0.0026201755,1.0668150394,1.1570853878964238
7.39302,4.84143,7.39302,1.10616,2095.82,1894.67,0.0,0.0,0.6304,0.569897,0.0,1,0.0053468024,2.0679913653,2.0176680497180524
8.94506,6.39643,8.9366,0.932619,2044.77,2192.51,0.0,0.0,0.6812,0.730416,0.0,1,0.0037970998,1.7578505687,1.5743327325833698
4.72389,3.94843,4.7043,1.63068,1518.12,930.97,0.0,0.0,0.6006,0.368312,0.0,0,0.0072593336999999,2.2801558166,2.221164284394756
11.03662,6.77118,11.03522,0.972357,2245.68,2309.52,0.0,0.0,0.737,0.757952,0.0,1,0.0035183118,1.2981451636,1.4079656482998244
4.8997,3.82043,4.80699,1.96517,851.036,433.06,0.0,0.0,0.4368,0.222271,0.0,1,0.0011378418,0.4682103024,0.45241302582531717
6.36917,5.18527,6.3624,0.882052,2917.95,3308.15,0.0,0.0,0.7278,0.825122,0.0,0,0.002323848,1.0474993228,1.1327645600478347
5.16992,3.60905,5.14467,1.12529,1198.87,1065.39,0.0,0.0,0.54,0.479875,0.0,1,0.004498244,1.4790588858000002,1.6059285378822383
8.09113,4.61719,8.09113,1.43313,1313.7,916.666,0.0,0.0,0.5436,0.379311,0.0,0,0.0072019824,1.4405127762,2.174241400182437
7.12468,6.03948,7.12468,1.31037,1062.37,810.735,0.0,0.0,0.4896,0.373634,0.0,1,0.0019584073,0.7912436307999999,0.8752892591381503
4.74057,3.77757,4.73232,1.91081,991.998,519.151,0.0,0.0,0.479,0.250679,0.0,1,0.0015289816,0.6234501315,0.6103125583637303
4.64544,3.84764,4.60599,1.88324,1040.62,552.567,0.0,0.0,0.4686,0.248826,0.0,1,0.00151827,0.6016219197,0.626155654940051
4.64155,3.86357,4.62359,1.88003,1035.3,550.681,0.0,0.0,0.4662,0.247975,0.0,1,0.0014311012,0.6022119856,0.6074838918244061
6.34819,4.3477,6.32525,1.05624,2172.8,2057.11,0.0,0.0,0.6388,0.604787,0.0,1,0.0022922426,1.0584414913,1.080825865756669
6.00734,3.70386,5.68806,1.19067,1432.59,1203.18,0.0,0.0,0.596,0.500558,0.0,1,0.0066735967,2.2580739245,2.1346276428088404
4.70544,3.52951,4.70544,1.19795,706.636,589.87,0.0,0.0,0.5124,0.42773,0.0,1,0.0037638005,1.2026866679,1.2495434888358192
4.21138,3.62218,4.19081,1.63762,863.669,527.392,0.0,0.0,0.5414,0.330601,0.0,1,0.0025585823,0.9480343698,0.9208097323565377
9.38994,9.11674,9.38994,1.90854,1244.92,652.292,0.0,0.0,0.5738,0.300649,0.0,0,0.0101068374,2.8773876681,2.73166599955726
5.13889,3.8044,5.11428,1.3464,751.257,557.976,64.4982,47.9043,0.4882,0.362598,0.0,0,0.0036560699,1.1732265976,1.243533520995264
4.59329,3.52297,4.53885,1.97043,629.425,319.434,0.0,0.0,0.444,0.225331,0.0,0,0.0036633484999999,1.0584351902,1.0769880858125134
4.56897,3.54471,4.54551,1.97903,632.114,319.407,0.0,0.0,0.4392,0.221927,0.0,0,0.0038092866999999,1.0701355678,1.0780639927125129
4.84681,3.6521,4.84681,1.89478,778.542,410.888,0.0,0.0,0.4634,0.244567,0.0,0,0.0038658751,1.1015703738,1.1105947686680655
5.12439,3.80032,5.11789,1.20574,872.156,723.339,0.0,0.0,0.4772,0.395775,0.0,1,0.0069560019999999,1.8343790875,1.7929689874276873
5.12402,3.76853,5.12402,1.20256,906.265,753.612,0.0,0.0,0.4818,0.400645,0.0,1,0.0071115781999999,1.8468505559,1.8689102044802786
5.1192,3.89364,5.10203,1.1805,1020.25,864.259,0.0,0.0,0.4966,0.420671,0.0,1,0.0069468504,1.9557788348,1.9745971082140843
6.18548,4.52304,6.11894,1.1169,1248.24,1117.59,0.0,0.0,0.5306,0.475064,0.0,1,0.0068071254,1.9368605975,2.061932251655989
5.39311,4.19786,5.39311,1.06903,921.952,862.419,0.0,0.0,0.508,0.475197,0.0,1,0.0036126744,1.3321840392,1.3178218405460125
7.0595,6.90616,7.0592,1.03857,2192.07,2110.66,0.0,0.0,0.6778,0.652626,0.0,0,0.0019712814,0.9585034597,0.9670776410762615
4.2096,4.02928,4.2096,1.31378,1082.38,823.864,182.179,138.667,0.5798,0.44132,0.0,0,0.0017776585,0.7405692016,0.8448836972755837
4.67398,3.53239,4.41116,1.37462,661.997,481.587,0.0,0.0,0.4932,0.358791,0.0,1,0.0012482087,0.5534709255,0.5140254697555605
5.07264,3.5666,4.83614,1.48604,1551.78,1044.24,0.0,0.0,0.6264,0.421523,0.0,0,0.0056231078,1.8449847937,1.930929955879203
4.31733,3.92478,4.29293,1.79014,708.62,395.847,0.0,0.0,0.4326,0.241658,0.0,1,0.0035632538,1.0236319874,1.094909825132338
4.87344,3.46442,4.87344,1.07454,850.662,791.651,5.08913,4.73609,0.5344,0.497328,0.0,1,0.0038069546,1.3061437289,1.4971045837275059
5.55473,4.01932,4.70025,1.57489,444.086,281.979,505.527,320.992,0.4674,0.296782,0.0,1,0.0057500808,1.5258927332,1.593397971621754
7.88517,4.63235,7.88517,1.00373,1853.27,1846.38,0.563729,0.561634,0.6258,0.623475,0.0,1,0.001810847,0.8862967347,0.8448849088589578
5.76983,4.47642,5.76568,1.10794,2807.97,2534.4,0.0,0.0,0.7218,0.651478,0.0,0,0.0012724272,0.6000646628,0.599373966368459
5.60602,4.41216,5.60244,1.12946,2808.42,2486.52,0.0,0.0,0.7174,0.635172,0.0,1,0.0013957747,0.6270518053,0.6425285106253952
4.96613,3.45527,4.96613,1.61722,430.124,265.965,0.0,0.0,0.3844,0.237692,0.0,0,0.0019057354,0.6621544592999999,0.6213154288030547
4.96978,3.43779,4.70211,1.57704,459.833,291.579,0.0,0.0,0.3926,0.248947,0.0,1,0.0017417271,0.630489547,0.5499105773965305
4.94141,3.41905,4.94141,1.59594,416.437,260.936,0.0,0.0,0.3934,0.246501,0.0,0,0.0017095001,0.6188057524,0.5921945711875087
9.31104,7.31301,9.26469,0.758181,2378.0,3136.45,0.0,0.0,0.7986,1.05331,0.0,0,0.0012089501,0.6860165088,0.6220452838065376
5.16708,4.02438,5.14791,1.34501,828.176,615.737,0.0,0.0,0.4914,0.365349,0.0,1,0.0037212391,1.1682291849,1.1842439891289906
6.9378,5.1125,6.91934,1.1916,1497.46,1256.68,0.0,0.0,0.5672,0.475998,0.0,1,0.0101436006,2.3474512189,2.910809606347586
6.09614,5.02444,6.09614,1.07096,1529.04,1427.73,0.0,0.0,0.5558,0.518974,0.0,0,0.0067941769999999,2.2411582665000003,2.2835310556721917
10.6324,4.41521,10.62231,0.802555,2137.19,2662.99,0.0,0.0,0.6594,0.821626,0.0,1,0.0066892088,2.7025698009,2.4116369286701724
11.19601,4.56022,11.19601,1.01627,1481.21,1457.5,344.513,338.997,0.6604,0.649826,0.0,0,0.0055317527,1.7339838189,1.9439352221418364
8.9528,6.92043,8.9528,0.77854,2139.65,2748.28,0.0,0.0,0.7276,0.934569,0.0,1,0.0028587739,1.2224153627,1.3219001053050845
8.51649,4.04507,8.50623,0.818285,2218.52,2711.18,0.0,0.0,0.665,0.812676,0.0,0,0.0061700697,2.612972817,2.509507123163569
10.64745,9.47902,10.64745,1.06964,1632.11,1525.85,0.0,0.0,0.6686,0.625069,0.0,1,0.0027870222999999,1.2879100379,1.2465274316152737
10.72174,9.5428,10.71607,1.08933,1630.18,1496.5,0.0,0.0,0.666,0.611383,0.0,1,0.0027672137,1.2742253307,1.2227208465076784
10.11718,8.98959,10.11479,1.13998,1639.27,1437.98,0.0,0.0,0.6544,0.574044,0.0,1,0.002833168,1.273611319,1.2582305956732895
4.70069,3.85298,4.60227,1.25512,1271.42,1012.99,0.0,0.0,0.5644,0.449677,0.0,1,0.006978816,2.0280581717,2.2351273286920574
20.17115,6.28286,20.17115,0.598403,2258.24,3773.78,0.0,0.0,0.7822,1.30715,0.0,1,0.0036476647,1.6682194074,1.6817598260287323
9.79069,6.17903,9.78331,0.576207,2737.54,4750.96,0.0,0.0,0.7668,1.33077,0.0,1,0.0042138459999999,1.9964263949,1.9263304449051117
6.18172,4.54627,6.18172,1.23378,1539.69,1247.95,0.0,0.0,0.5958,0.482905,0.0,1,0.005349164,1.8306424854,1.9300345211719532
9.35136,7.4656,9.35136,0.787935,1703.38,2161.83,0.0,0.0,0.6612,0.839156,0.0,0,0.0028603361,1.3517670818,1.2976102477772138
5.68269,4.05076,5.58356,1.1925,2235.99,1875.04,0.0,0.0,0.6214,0.52109,0.0,1,0.0055722572999999,2.2891859855,2.0713910580256973
5.98694,4.00719,5.95033,1.17836,1406.99,1194.02,0.0,0.0,0.5528,0.469125,0.0,1,0.0049975965999999,1.6840438008,1.718171717651246
5.56011,4.7997,5.54043,0.908517,1594.37,1754.91,0.0,0.0,0.5744,0.632239,0.0,1,0.0041500669,1.72075825,1.6832490134896978
4.69422,3.90104,4.69422,1.33698,611.28,457.21,0.0,0.0,0.4482,0.335234,0.0,1,0.0059526685,1.4530757128,1.4681765205893909
7.42094,6.92579,7.42094,1.50963,792.043,524.661,0.0,0.0,0.4632,0.30683,0.0,1,0.0012030887,0.5114032408,0.49320406119486193
8.01411,3.79872,8.01411,0.818446,2057.67,2514.12,0.0,0.0,0.6292,0.768774,0.0,0,0.0053200068999999,2.3549529511,2.3968875438396324
4.69191,4.1146,4.69191,1.30005,589.458,453.412,0.0,0.0,0.4408,0.339064,0.0,0,0.0171332543,2.4621623553,2.49176965115734
8.32819,5.0756,8.31268,0.957644,2418.19,2525.15,0.0,0.0,0.6634,0.692742,0.0,1,0.006061965,2.4960317193,2.3368260382310777
5.41891,3.81819,5.4137,1.12525,1554.01,1381.04,0.0,0.0,0.5844,0.519353,0.0,1,0.0031079014,1.2400887827,1.2706808275095505
5.04936,3.67231,5.03861,1.16476,1436.77,1233.53,0.0,0.0,0.5708,0.490058,0.0,1,0.0033298943,1.287139243,1.3403915727294795
5.15558,3.73306,5.14713,1.14909,1453.8,1265.17,0.0,0.0,0.5738,0.499351,0.0,1,0.0032593384,1.2396052167,1.3061464398553297
5.4126,3.81862,5.4126,1.10851,1564.49,1411.34,0.0,0.0,0.5858,0.528458,0.0,1,0.0031893207,1.2625201172,1.2663411765732195
5.30819,3.79107,5.29306,1.12185,1513.8,1349.38,0.0,0.0,0.5828,0.519498,0.0,1,0.0032432884999999,1.2834247915,1.3238339220972946
5.01927,3.67935,4.85274,1.1494,1435.4,1248.83,0.0,0.0,0.5704,0.496261,0.0,1,0.0034835321,1.3153110352,1.4260610374748321
5.31982,3.78089,5.2376,1.14355,1498.22,1310.14,0.0,0.0,0.5788,0.506141,0.0,1,0.0032249209,1.2741311442,1.3205649196289895
8.7872,8.28484,8.78484,1.1627,1327.18,1141.46,0.0,0.0,0.5712,0.49127,0.0,0,0.0027029757,1.1215425656,1.0909999469019376
5.19491,4.25541,5.19491,1.88967,495.266,262.092,0.0,0.0,0.436,0.230728,0.0,0,0.0007828284,0.308305246,0.28921349946420416
8.92456,5.42795,8.42869,0.747114,2560.53,3427.22,0.0,0.0,0.6974,0.933458,0.0,1,0.0040918033,1.847189419,1.8818951596406244
13.68087,10.37066,13.68087,0.399582,1892.74,4736.79,0.0,0.0,0.837,2.09469,0.0,1,0.003576369,1.6207983458000002,1.7212021382624372
12.42499,8.36781,12.422,0.470537,2039.96,4335.39,0.0,0.0,0.8052,1.71124,0.0,1,0.0038451385,1.6829842544999998,1.7946912335418368
7.14215,5.30329,7.13909,0.862488,2071.68,2401.98,0.0,0.0,0.6594,0.764532,0.0,1,0.0050939047,1.9808283446,2.051270853827453
13.15242,8.94797,13.15242,0.566631,2049.64,3617.24,0.0,0.0,0.7342,1.29573,0.0,1,0.0042285084999999,1.9531403359,1.8572749096569134
11.37766,5.00759,10.17753,0.697273,2365.25,3392.15,0.0,0.0,0.715,1.02542,0.0,1,0.0052898234,2.2230866568,2.1797659638445643
22.84213,13.1462,21.49189,0.3316,1563.99,4716.49,0.0,0.0,0.8634,2.60374,0.0,1,0.0038203517,1.7930365659999998,1.761589014254332
8.82467,7.77952,8.82467,0.718839,2198.94,3059.02,0.0,0.0,0.7032,0.978244,0.0,1,0.0030846688,1.4322350634999998,1.4336204289660754
6.93499,4.73179,6.92745,1.00825,1925.88,1910.13,0.0,0.0,0.619,0.613938,0.0,1,0.012547373,2.9467295353,3.492930979026955
8.86609,7.97255,8.86609,0.87729,1618.53,1844.92,0.0,0.0,0.6006,0.684609,0.0,1,0.0064780019,2.325364659,2.211507561801909
10.15584,5.70866,7.95557,0.889254,1486.62,1671.76,593.787,667.736,0.6774,0.761762,0.0,1,0.0044413239,1.9699478832,2.0696099962571948
6.06928,5.16457,6.05534,0.997154,1436.69,1440.79,3.8223,3.83321,0.5782,0.57985,0.0,1,0.0042502834999999,1.5966668649000002,1.645942515051332
4.88487,4.27765,4.88487,1.14926,1012.18,880.723,0.0,0.0,0.4974,0.4328,0.0,1,0.0039249363,1.3804988344999998,1.3596150961569435
6.89787,6.74832,6.89787,1.06186,1595.8,1502.83,0.0,0.0,0.5884,0.55412,0.0,0,0.0118855787,4.3419004666,4.095402112908844
13.77283,9.32974,13.77283,0.843356,2144.73,2543.09,0.0,0.0,0.7158,0.848752,0.0,1,0.0021406987,0.8752498324,0.9698186889926381
5.6085,3.84866,5.6085,1.73795,888.172,511.045,0.0,0.0,0.4598,0.264564,0.0,1,0.003910788,1.1545944183,1.135724976542659
4.85188,4.35004,4.85188,1.22218,733.491,600.149,0.0,0.0,0.4892,0.400268,0.0,1,0.0018133123,0.683272416,0.7031538255455442
5.27232,3.84215,5.27232,1.23985,960.484,774.675,0.0,0.0,0.4788,0.386175,0.0,0,0.0039193056,1.4050509675999998,1.2312601330356836
5.76369,4.27387,5.76369,1.22067,1421.06,1164.17,0.0,0.0,0.5556,0.455161,0.0,1,0.0049534691999999,1.7070740866,1.6784293434063031
4.7672,3.81876,4.49087,1.57647,290.479,184.259,229.56,145.616,0.4148,0.263119,0.0,0,0.0047343542,1.0419258111,1.1162747273981217
4.77865,3.86046,4.77243,1.14723,1098.41,957.446,0.0,0.0,0.5416,0.472093,0.0,1,0.007219616,2.2850556234,2.147346265004186
5.65806,4.28444,5.64037,1.20241,974.646,810.578,0.0,0.0,0.5012,0.41683,0.0,1,0.0037979295,1.3483874828,1.2692498460551274
4.78803,3.71858,4.78803,1.19719,1092.19,912.297,0.0,0.0,0.5342,0.446213,0.0,1,0.0069389337,2.1611874031,2.113877558558744
4.83008,3.62775,4.83008,1.3408,1128.82,841.902,0.0,0.0,0.5312,0.396182,0.0,1,0.0065415705,1.9978393109,1.948497084035612
4.44242,3.69598,4.44242,1.23691,1067.61,863.126,0.0,0.0,0.5056,0.40876,0.0,0,0.0085379944,2.4217306126,2.3023644374896577
6.14578,4.61369,6.05606,1.50948,1150.01,761.861,0.0,0.0,0.5096,0.3376,0.0,1,0.0037075529999999,1.183114658,1.273509766559424
4.86654,3.68424,4.60956,0.816785,1409.59,1725.78,0.0,0.0,0.5472,0.669943,0.0,1,0.0017751732999999,0.8763481858,0.8887594324962513
5.38124,3.40475,5.38124,1.42901,1463.26,1023.97,0.0,0.0,0.6194,0.433446,0.0,0,0.0078979101,2.3073770627,2.3692281769876105
6.62446,4.36886,6.61015,1.02982,1359.58,1320.21,0.0,0.0,0.5506,0.534658,0.0,0,0.0046298972,1.7905031458,1.6919930605274602
6.01435,4.39558,5.97493,1.05478,1276.17,1209.89,0.0,0.0,0.5208,0.493754,0.0,0,0.0047869621,1.7647355213999998,1.7020221476107968
6.77386,4.80527,6.75967,1.02251,1388.25,1357.69,0.0,0.0,0.5348,0.523025,0.0,0,0.0048354099,1.9108839892,1.8317763651686663
7.58539,5.94334,7.58539,1.03555,1488.56,1437.45,0.0,0.0,0.5586,0.539422,0.0,1,0.0057724656,2.2101282335,2.0278127878735943
6.55313,5.09154,6.45158,1.05742,1473.03,1393.05,0.0,0.0,0.5626,0.532052,0.0,1,0.0063672059,2.2134355105,2.149480642566675
5.48587,4.03732,5.48587,1.18223,1310.67,1108.64,0.0,0.0,0.5692,0.481463,0.0,1,0.0095069075,2.4418248082,2.6322464859997257
5.84321,4.88702,5.4789,3.20354,994.943,310.576,0.0,0.0,0.468,0.146088,0.0,1,0.0004430892,0.2064099864999999,0.17265896492988775
9.01467,4.33972,9.01467,1.00323,2258.33,2251.06,0.0,0.0,0.7092,0.706918,0.0,1,0.0016919203,0.7945088633,0.7968546274115238
9.06373,3.5335,9.05923,1.06444,1888.19,1773.89,0.0,0.0,0.6828,0.641464,0.0,1,0.0015623834,0.6964117657,0.7271130856344004
8.921,4.25748,8.91848,1.03154,2274.68,2205.14,0.0,0.0,0.7106,0.688873,0.0,1,0.0016605445,0.7821795820999999,0.788945419227414
8.88409,8.01315,8.88409,1.36955,1074.66,784.684,0.0,0.0,0.5192,0.379103,0.0,1,0.0012170856,0.589766328,0.5619392508581073
4.8768,4.71272,4.8768,2.40571,1479.77,615.106,0.0,0.0,0.5964,0.24791,0.0,1,0.0016197426,0.6625047239,0.6233941989259836
24.23226,22.89921,24.21499,0.438068,1818.16,4150.4,0.0,0.0,0.8258,1.8851,0.0,1,0.0029362341,1.4993716078,1.4620637757715562
8.25861,7.55924,8.25861,1.22262,2063.77,1688.0,0.0,0.0,0.67,0.548005,0.0,1,0.0026675126,1.1587353623,1.1696428809935489
7.09336,6.41082,6.96082,0.845931,2610.44,3085.88,0.0,0.0,0.7132,0.843094,0.0,1,0.0034749335999999,1.6224063483000002,1.6267646321857812
6.6651,5.3887,6.6651,1.08106,2567.3,2374.8,0.0,0.0,0.7436,0.687844,0.0,1,0.000741601,0.3649407049,0.3921722307758144
4.65972,3.79898,4.65972,1.24715,773.765,620.428,0.335064,0.268664,0.4924,0.394821,0.0,1,0.0042558745,1.305097051,1.3868966782458618
6.32023,4.85158,6.32023,1.4352,1385.63,965.467,0.0,0.0,0.5604,0.390469,0.0,1,0.0036399492,1.3326465261,1.3439949011711685
6.31608,4.83612,6.30774,1.45624,1389.21,953.967,0.0,0.0,0.5674,0.389633,0.0,1,0.0035412774,1.3337282128,1.3305611692437793
6.33067,4.85437,6.2578,1.46159,1391.18,951.831,0.0,0.0,0.5718,0.391219,0.0,1,0.0036104296,1.3149846778,1.3476122526169279
13.17014,6.56871,13.16847,0.882705,2115.68,2396.81,0.0,0.0,0.7142,0.809104,0.0,1,0.0048409013,1.6717357664,1.7345632786159924
8.1734,7.22847,8.12249,1.21949,2095.07,1717.98,0.0,0.0,0.6692,0.548752,0.0,0,0.0027570442,1.1850892285,1.200840673519091
7.99802,7.49345,7.99418,1.22768,2022.24,1647.21,0.0,0.0,0.665,0.541674,0.0,0,0.0026306466999999,1.1316389112,1.161233375724676
6.74707,6.10487,6.74209,1.02439,1598.25,1560.2,14.8613,14.5075,0.5836,0.569706,0.0,1,0.0032545277,1.3933400845,1.4132830828385938
7.86092,6.25774,7.86092,1.30122,2380.04,1829.08,0.0681927,0.0524066,0.6862,0.52735,0.0,1,0.0016212098,0.6925870367,0.7302488724238261
6.35635,5.83008,6.34586,1.00359,1563.59,1558.0,0.0,0.0,0.6334,0.631134,0.0,1,0.0031948643,1.4479068899,1.385181764752592
13.79937,11.17997,13.79937,0.783809,1782.29,2273.88,0.0,0.0,0.7968,1.01657,0.0,1,0.0043200988,1.7216346416,1.768960267759336
4.58421,3.93064,4.58097,3.59569,711.428,197.856,0.0,0.0,0.4032,0.112134,0.0,1,0.0059758876,0.9343379499,1.0942353682764145
11.10402,3.55246,11.07204,1.28591,1551.09,1206.21,48.2971,37.5586,0.5878,0.457107,0.0,1,0.0136143584,2.6654580718000003,2.860967936982947
7.11427,6.32764,7.10696,1.42622,1719.35,1205.53,0.0,0.0,0.5884,0.412559,0.0,1,0.0017317604,0.7777262015,0.7619820550304776
7.19202,6.41478,7.18204,1.40092,1718.44,1226.65,0.0,0.0,0.5958,0.425293,0.0,1,0.0016990259,0.7451585465,0.7981382262339829
3.8787,3.48972,3.87221,1.84634,417.315,226.022,88.8958,48.1469,0.4466,0.241883,0.0,1,0.0033292124,0.9580405929,1.1324254827432094
7.28617,5.35852,7.10503,0.754992,3088.35,4090.58,0.0,0.0,0.7422,0.983057,0.0,1,0.0033506943,1.5290006675,1.596178221432338
6.75773,4.04783,6.73846,1.05377,1465.81,1391.02,0.0,0.0,0.5784,0.548886,0.0,1,0.0030306223,1.2755760143,1.2521544868014962
5.2808,5.11213,5.27438,2.36936,1181.21,498.534,0.0,0.0,0.4788,0.20208,0.0,1,0.0023017587,0.8231454424,0.8348189796046885
4.79304,3.6453,4.79304,1.31843,760.934,577.154,0.0,0.0,0.5036,0.381971,0.0,1,0.001253793,0.5517919486,0.5293325451077486
4.49854,3.78199,4.40172,1.42532,684.322,480.117,0.0,0.0,0.4402,0.308843,0.0,1,0.0123014492,2.2795240887,2.080507184204089
7.38156,5.81733,6.18024,0.675677,2389.77,3536.85,0.0,0.0,0.7014,1.03807,0.0,1,0.0044454077,2.0072044413,1.964370708357688
4.89575,4.03861,4.89307,1.29414,1150.64,889.116,1.22671,0.947894,0.5042,0.389602,0.0,1,0.0034012583,1.2228762104000002,1.2729139199672526
4.77323,4.07807,4.77323,1.79667,684.632,381.056,127.779,71.1197,0.5662,0.315138,0.0,1,0.0011909411,0.5385635472,0.45760693149521603
4.84717,4.36591,4.84717,1.73201,1080.53,623.859,0.0,0.0,0.576,0.332562,0.0,1,0.0012089524,0.5467719855,0.4739798341197907
4.77594,4.10655,4.77594,1.75746,691.545,393.492,145.139,82.5845,0.5694,0.323991,0.0,1,0.0008587253,0.3883338739999999,0.378724299975854
4.93212,3.89765,4.93212,1.32119,1664.14,1259.57,0.0,0.0,0.5574,0.421891,0.0,0,0.0070777871999999,2.438787509,2.3157100195459073
5.09262,3.57011,5.0696,1.51761,748.067,492.925,0.0,0.0,0.446,0.293883,0.0,0,0.0032621489,0.9645343768,0.9646656839996645
13.55212,8.93511,12.0856,0.540431,2097.88,3881.87,0.0,0.0,0.7682,1.42146,0.0,1,0.0027541196,1.3253442316,1.3004973601773466
33.07784,21.40391,33.07784,0.19136,873.381,4564.06,0.0,0.0,0.937,4.89652,0.0,0,0.004103756,1.9451306106,1.8924907790635108
7.15939,6.10118,7.07981,0.989707,2008.92,2029.81,0.0,0.0,0.6442,0.6509,0.0,1,0.0041727034999999,1.849214076,1.759771772514703
4.86939,3.4331,4.86939,1.44888,987.806,681.772,2.33073,1.60864,0.5456,0.376567,0.0,0,0.0019610984,0.7794761820999999,0.8340347311019276
19.23413,9.51535,19.23413,0.420332,1982.45,4716.4,0.0,0.0,0.8898,2.1169,0.0,1,0.0013486435,0.6568896072,0.745998291885138
5.75366,4.18708,5.75366,1.11983,1989.69,1776.77,0.0,0.0,0.6036,0.539008,0.0,1,0.00193503,0.8273100875,0.8772050008622598
7.01875,6.807,7.01875,2.47032,548.528,222.047,0.0,0.0,0.3284,0.132938,0.0,1,0.002965106,0.7816090440000001,0.9106751808051246
6.77742,5.67068,6.76869,0.861722,2505.7,2907.78,0.0,0.0,0.7082,0.821843,0.0,1,0.0024177657,1.1495890386,1.1285451400561142
10.2017,5.3119,10.02065,0.774012,2238.72,2892.35,0.0,0.0,0.6914,0.893268,0.0,0,0.0040172078,1.8796062521,1.740409506093064
5.01926,3.81172,4.98641,1.35653,485.975,358.247,0.0,0.0,0.4304,0.317279,0.0,1,0.0076871397,1.2950230398,1.5218415755457153
6.98994,4.84446,6.98994,1.13705,1711.16,1504.91,0.0,0.0,0.5842,0.513788,0.0,0,0.0046873275,1.6778181299,1.8030660120455153
7.03658,4.81444,7.03658,1.1542,1709.08,1480.75,0.0,0.0,0.5836,0.505632,0.0,0,0.0045494604,1.6717805964,1.7294604543928653
6.96134,4.79708,6.96134,1.16653,1696.68,1454.47,0.0,0.0,0.581,0.49806,0.0,0,0.0046523557,1.6855120567,1.7297710133079494
7.0082,4.78738,7.0082,1.16844,1713.29,1466.3,0.0,0.0,0.5844,0.500152,0.000171168,0,0.0046465028,1.6622868003,1.6912603346504016
10.77132,8.65206,10.76899,0.789293,2030.11,2572.07,0.0,0.0,0.7756,0.982652,0.0,1,0.0012391728,0.6217555238,0.6072965909144729
4.56996,3.476,4.56996,1.58485,612.499,386.472,21.3828,13.492,0.4954,0.312585,0.0,1,0.0025399243,0.8500437468,0.8698150917720362
10.57455,7.52574,10.57455,0.823179,2075.57,2521.41,0.0,0.0,0.6786,0.824365,0.0,1,0.0029516063,1.2761252913,1.3399919840475982
13.66711,9.63813,13.66009,0.628902,2104.6,3346.47,0.0,0.0,0.7776,1.23644,0.0,1,0.0036796396999999,1.6761824951,1.7006632493612526
5.16699,3.99697,5.16538,2.08607,1456.61,698.257,0.0,0.0,0.5214,0.249944,0.0,1,0.0030020063,1.0464252491,1.0626970084686946
7.9794,5.83185,7.9636,0.893496,2137.53,2392.33,0.0,0.0,0.6356,0.711363,0.0,1,0.0027643357,1.3134660509,1.247144499034995
5.27643,3.51743,4.89733,1.04387,1032.19,988.815,0.0,0.0,0.5466,0.523628,0.0,0,0.0059158326,1.8843103703,1.8825857525432044
8.38485,6.51445,8.17533,0.647842,2428.58,3748.72,0.0,0.0,0.7298,1.12651,0.0,1,0.0017575593,0.8410431976999999,0.8404387607373334
6.13177,4.39371,6.11357,1.30509,966.034,740.207,0.0,0.0,0.4766,0.365187,0.0,1,0.0044170095,1.1468506158,1.3667959614599057
5.00183,3.7748,4.85322,1.2693,515.601,406.208,162.351,127.906,0.476,0.375009,0.0,0,0.0087545876,1.8607543049,1.7007006867524486
6.57121,5.40028,5.95167,1.35328,2211.75,1634.36,0.0,0.0,0.6272,0.463465,0.0,1,0.0033157304,1.4236543292,1.384804051606563
8.7673,6.34979,8.7673,1.30492,1735.79,1330.19,0.0,0.0,0.637,0.488152,0.0,0,0.0016431667,0.7537395325,0.762339836890301
5.14269,4.75945,5.14269,1.14921,1898.67,1652.16,0.0,0.0,0.6398,0.556733,0.0,0,0.0045252232,1.704626389,1.7735757662047036
5.68466,5.22417,5.68466,1.23934,1941.33,1566.43,0.0,0.0,0.6118,0.493651,0.0,1,0.0044094588,1.786604651,1.6637791413211682
5.41853,4.65091,5.41146,1.04463,1738.12,1663.87,0.0,0.0,0.574,0.549478,0.0,1,0.0047505532,1.9120478539,1.796520427708909
8.20629,5.26943,8.19367,1.3504,1744.84,1292.1,0.0,0.0,0.632,0.46801,0.0,0,0.0016471166,0.7652752737999999,0.7378319867232792
7.1388,4.96773,6.18362,1.60251,1384.6,864.024,0.0,0.0,0.5636,0.351699,0.0,1,0.0044662786999999,1.5410569193,1.5318185276424061
8.30632,6.09762,8.27233,0.751545,2616.23,3481.13,0.0,0.0,0.734,0.976654,0.0,0,0.0036665877,1.6899864392,1.6864422627937006
6.2978,4.37155,6.14715,1.16372,1476.0,1268.34,0.0,0.0,0.5854,0.50304,0.0,0,0.0071605157,2.0966053429,2.328127523273767
6.29398,5.39006,6.2901,1.61584,1305.01,807.638,0.0,0.0,0.54,0.334192,0.0,1,0.0044981006,1.4444180317,1.4962538613115648
6.19405,5.34016,6.17707,1.64272,1285.83,782.746,0.0,0.0,0.5076,0.309,0.0,1,0.0044979982,1.4106563547,1.4824963337875832
7.11235,5.04643,6.16421,1.65932,1412.73,851.388,0.0,0.0,0.558,0.336282,0.0,1,0.0055032369,1.8102621046,1.7296545453656735
8.23557,7.15317,8.23557,1.10058,2014.92,1830.78,0.0,0.0,0.622,0.565157,0.0,1,0.0039580167,1.7297389803999998,1.6595282692744568
11.72616,5.98085,11.72563,0.505624,2624.2,5190.03,0.0,0.0,0.792,1.56638,0.0,1,0.0038826356,1.7698941679,1.835907751588662
11.74556,6.09657,11.74553,0.512375,2648.86,5169.77,0.0,0.0,0.7876,1.53716,0.0,1,0.0039030169,1.8144952224,1.8284025883701203
9.82687,5.92931,9.82687,0.641251,2696.95,4205.76,1.10178,1.71818,0.73,1.1384,0.0,1,0.0052006256,2.2742971063,2.2323414214588535
9.81532,6.14212,9.81476,0.699468,2487.48,3556.24,0.0,0.0,0.705,1.00791,0.0,1,0.0053840571999999,2.2802042833,2.24557856251628
9.73892,6.12776,9.73892,0.704912,2451.84,3478.22,0.0,0.0,0.7064,1.00211,0.0,1,0.0056795859,2.2902522589,2.309739012237956
9.64899,6.11183,9.64836,0.717947,2412.56,3360.35,0.0,0.0,0.7028,0.978902,0.0,1,0.0055471075,2.2970698001,2.269209427486857
9.5277,6.07844,9.52714,0.722374,2381.06,3296.16,0.0,0.0,0.701,0.970411,0.0,1,0.0057848892,2.2910097634,2.2788234778226024
12.498,6.04018,12.42609,0.48038,2503.44,5211.38,0.0,0.0,0.7972,1.65952,0.0,1,0.0034274534999999,1.6875503628,1.7067787056627055
11.30468,5.41503,11.30468,0.512269,2642.07,5157.57,0.0,0.0,0.7812,1.52498,0.0,1,0.0037472886,1.7764414056,1.779667931095079
11.36787,5.34922,11.36787,0.533932,2752.39,5154.94,0.0,0.0,0.771,1.444,0.0,1,0.0039574783,1.8732666137,1.853463168724099
11.16649,5.2519,11.16649,0.555198,2855.76,5143.68,0.0,0.0,0.7652,1.37825,0.0,1,0.0042858997999999,1.9592571985,1.9766792702160842
11.33302,5.24933,11.33302,0.558087,2863.98,5131.77,0.0,0.0,0.7612,1.36394,0.0,1,0.0042464892,1.9731461411,1.9560457294815459
7.50813,5.20054,6.29758,0.647965,2827.66,4363.91,0.0,0.0,0.7222,1.11457,0.0,1,0.0051135218,2.3901001449,2.2695001231672465
7.58377,5.1021,6.14779,0.720299,2563.17,3558.48,0.0,0.0,0.6962,0.966543,0.0,1,0.0057835015,2.4073586914,2.3793959258781543
8.26869,5.10695,6.12476,0.739009,2428.99,3286.83,0.0,0.0,0.6872,0.929894,0.0,1,0.005760512,2.370000753,2.3699851630435655
7.88398,5.10678,6.00855,0.750929,2393.61,3187.54,0.0,0.0,0.6846,0.911671,0.0,1,0.0059805543999999,2.3662501802,2.3997028150608806
8.08,5.10727,6.08981,0.75692,2343.08,3095.55,0.0,0.0,0.6792,0.89732,0.0,1,0.0058360489,2.3578557282,2.352459009582944
11.39121,5.37416,11.39121,0.528259,2720.83,5150.56,0.0,0.0,0.7764,1.46973,0.0,1,0.0040165942,1.8544053705,1.8527278117669734
13.02556,5.98917,13.02556,0.473838,2451.04,5172.75,0.0,0.0,0.8008,1.69003,0.0,1,0.0035436673,1.6550929688,1.7323876893817383
12.07339,5.35338,12.07339,0.527677,2756.54,5223.93,0.0,0.0,0.7746,1.46794,0.0,1,0.003983752,1.8541918966,1.8505003914441276
9.53314,6.14559,9.53308,0.644874,2729.74,4232.98,0.0,0.0,0.7296,1.13138,0.0,1,0.0052441252,2.2518546232,2.2708644090092123
9.81757,5.20485,6.37863,0.582326,2920.59,5015.39,0.0,0.0,0.7482,1.28485,0.0,1,0.0043384472,2.0621384979,1.9899427639826168
10.42971,5.27481,10.42971,0.557764,2866.15,5138.64,0.0,0.0,0.7608,1.36402,0.0,1,0.0042070786,1.9695138,1.95727971921038
11.15907,5.34276,11.15907,0.535598,2770.05,5171.89,0.0,0.0,0.7696,1.4369,0.0,1,0.0038852256,1.886905956,1.828355971005701
11.42851,5.36939,11.42851,0.532371,2746.88,5159.71,0.0,0.0,0.7732,1.45237,0.0,1,0.0039312046,1.8833918466,1.8478410212852496
9.75422,5.20239,6.39739,0.581306,2933.81,5046.92,0.0,0.0,0.7442,1.28022,0.0,1,0.004259626,2.0371489108,1.9711857728701632
10.36799,5.68179,9.99869,0.557538,2889.19,5182.06,0.0,0.0,0.7634,1.36923,0.0,1,0.0042936583,1.9999581602,1.9793311314080675
10.40783,5.7016,10.40783,0.554264,2884.62,5204.42,0.0,0.0,0.768,1.38562,0.0,1,0.0043514052,1.9811632147,1.985372968441984
10.92239,5.82104,10.1736,0.537309,2802.84,5216.45,0.0,0.0,0.7724,1.43754,0.0,1,0.0040117171,1.8873141718,1.855136493498037
11.43321,6.00494,11.43286,0.521066,2715.35,5211.14,0.0,0.0,0.7844,1.50538,0.0,1,0.0038962231,1.8363337738,1.8358972974708536
10.32083,5.66439,10.32083,0.556946,2888.61,5186.51,0.0,0.0,0.7674,1.37787,0.0,1,0.0043514052,1.982416664,1.9898797136599464
11.7936,5.96806,11.76218,0.502437,2621.26,5217.08,0.0,0.0,0.7922,1.57671,0.0,1,0.0036550445,1.7428346097,1.7800957176459211
12.08323,6.02223,11.77524,0.495095,2551.4,5153.36,0.0,0.0,0.7958,1.60737,0.0,1,0.003814698,1.7620949279,1.7924237367928249
12.44931,6.04966,11.64464,0.481059,2488.51,5172.97,0.0,0.0,0.8008,1.66466,0.0,1,0.0036652352,1.6970140747,1.7711567546511067
9.53653,5.34452,9.53653,0.572297,2816.69,4921.73,0.0,0.0,0.7558,1.32064,0.0,1,0.003800473,1.8346737574,1.768443303528326
9.27242,5.3599,9.27242,0.544667,2828.76,5193.56,0.0,0.0,0.7628,1.40049,0.0,1,0.004030456,1.8068836795,1.8938896225383444
9.29709,5.30741,9.29709,0.582563,2853.3,4897.84,0.0,0.0,0.748,1.28398,0.0,1,0.0039228715,1.8422716434,1.8325435094054974
8.68074,5.21106,8.68074,0.619321,2929.2,4729.69,0.0,0.0,0.724,1.16902,0.0,1,0.0043757459,2.0143333162,1.9933868084754018
8.08915,5.1527,6.21939,0.677127,2892.06,4271.07,0.0,0.0,0.7078,1.0453,0.0,1,0.0052080556,2.3429671332,2.3342080997302617
7.20985,4.99864,5.97659,0.754372,2435.06,3227.93,0.0,0.0,0.675,0.894784,0.0,1,0.0053569242,2.1607079442,2.3039875780826917
10.2026,5.23269,10.2026,0.576016,2921.2,5071.38,0.0,0.0,0.7524,1.30621,0.0,1,0.0047916688,2.0379732486,2.1816187100049165
10.24236,5.23581,10.24236,0.576725,2914.77,5054.0,0.0,0.0,0.7536,1.30669,0.0,1,0.0046011843,2.0753410397,2.11048851914893
10.43104,5.29557,10.43104,0.565681,2914.18,5151.62,0.0,0.0,0.7596,1.34281,0.0,1,0.0042300681,1.9842467857,1.9682903506414196
11.2434,5.32116,11.2434,0.544527,2831.33,5199.61,0.0,0.0,0.7672,1.40893,0.0,1,0.0041019837,1.9276991826,1.9289831928289034
10.36323,5.21129,10.36305,0.581505,2938.31,5052.94,0.0,0.0,0.7516,1.29251,0.0,1,0.0044468263,2.0897029091,2.060651106736783
6.75931,3.87519,6.75562,1.24165,1862.26,1499.83,0.0,0.0,0.6188,0.498371,0.0,0,0.0070983656,2.555140143,2.5037121256767865
6.96079,6.02919,6.95596,0.981792,1984.33,2021.13,0.0,0.0,0.6686,0.681,0.0,1,0.004516013,1.9524579924,1.8324449006159451
6.99295,6.04603,6.99295,0.980411,1997.43,2037.34,0.0,0.0,0.6572,0.670331,0.0,1,0.0042962324,1.9821073473,1.793824156682203
8.22196,7.00638,8.21981,1.18297,2033.93,1719.35,0.0,0.0,0.6502,0.549636,0.0,1,0.0038977690999999,1.6469501250999998,1.6269941924404814
7.62122,4.89032,7.61772,1.27361,1516.85,1190.98,7.98461,6.26926,0.5702,0.447703,0.0,1,0.0013498334,0.6100113811,0.5893015911216295
34.00674,17.63763,34.00674,0.237838,1109.56,4665.2,0.0,0.0,0.9182,3.86062,0.0,1,0.0031772472,1.5305881246000002,1.571709506603278
6.9638,6.58355,6.9638,1.56774,1538.59,981.409,0.0,0.0,0.5776,0.368429,0.0,0,0.0036216982,1.3828360743,1.4553239205312578
5.90125,3.62484,5.90125,1.49858,1462.39,975.848,0.0,0.0,0.5542,0.369817,0.0,1,0.0029906405,1.1680907205,1.1550599269440527
5.62402,4.63088,5.62402,1.0296,1173.78,1140.03,0.0,0.0,0.5218,0.506796,0.0,0,0.0069713532,2.2536332885,2.1756034717487434
8.53899,7.85329,8.41522,0.74811,2058.38,2751.44,0.0,0.0,0.7178,0.959485,0.0,1,0.0040745303,1.8941701397,1.822596750807485
4.97933,3.80174,4.64142,1.58439,1154.53,728.69,0.0,0.0,0.5098,0.321764,0.0,1,0.0039488489,1.2617818935,1.346336315667432
4.98141,3.80725,4.69195,1.62966,1156.15,709.443,0.0,0.0,0.5054,0.310125,0.0,1,0.0038981896999999,1.2494267166,1.3141995286967327
9.76128,4.51984,9.76128,1.07567,2198.26,2043.62,0.0,0.0,0.6792,0.631422,0.0,1,0.0034636188,1.2701326287,1.512323559277341
9.27008,8.60913,9.21935,1.12073,1091.29,973.727,41.1176,36.688,0.5796,0.517161,0.0,1,0.001287197,0.5992410428,0.6326795986791846
8.03408,7.13721,8.03408,1.22198,1033.12,845.441,0.0,0.0,0.5468,0.447469,0.0,1,0.0013517523999999,0.6498896997,0.5796999856117033
8.66526,5.94328,8.64173,1.00954,1665.76,1650.02,0.0,0.0,0.6018,0.596112,0.0,0,0.0026747857,1.1861632589,1.1641877917175756
9.78266,6.59544,9.77545,1.19807,1982.01,1654.33,0.0,0.0,0.6746,0.563072,0.0,1,0.0041513946,1.363991247,1.5088469867032146
4.36706,3.58238,4.17257,1.44082,204.986,142.27,0.0,0.0,0.3816,0.264849,0.0,0,0.0037094804,0.7896029088,0.8890639389506618
4.41857,3.83614,4.34351,1.41445,243.314,172.02,0.0,0.0,0.4008,0.28336,0.0,1,0.0047501227,0.8531142415999999,0.996573007272904
5.26933,4.60511,5.26933,1.1789,1588.69,1347.6,0.0,0.0,0.5772,0.489609,0.0,1,0.0033429087,1.3229995156,1.353847472638469
5.38089,5.04943,5.38089,1.1373,1931.44,1698.26,0.0,0.0,0.635,0.558338,0.0,0,0.0045207627,1.7369541912,1.765427506829866
7.94489,4.42991,7.94489,1.30315,1252.83,961.391,0.0,0.0,0.5286,0.405634,0.0,1,0.0030078832,1.1245942978,1.111525803752478
7.57859,3.49654,7.57859,1.1652,1628.8,1397.88,0.0,0.0,0.6024,0.516994,0.0,1,0.0019580694,0.8564913592,0.9057018799367251
14.59149,9.55269,14.59149,0.752086,1312.92,1745.71,424.373,564.261,0.7204,0.957869,0.0,1,0.0051375159,2.1384542264,1.9471250695964664
6.29693,3.9636,6.29186,1.00241,1350.02,1346.77,59.1211,58.9791,0.5926,0.591177,0.0,0,0.0048472718,1.8229975848,1.7853808777632223
4.41246,3.54295,4.40979,1.75943,1064.28,604.898,0.0,0.0,0.5628,0.319876,0.0,0,0.0063309785999999,1.9420019444,1.8212508247637933
7.64843,6.25721,7.64843,1.71749,808.319,470.64,196.079,114.166,0.5024,0.29252,0.0,0,0.0107386487,2.177246203,2.133519798227562
7.79568,5.2994,7.79517,0.823227,2568.33,3119.83,0.0,0.0,0.6984,0.848369,0.0,1,0.0040869163,1.7281486175999998,1.8462911795928998
5.06012,3.86427,5.04389,0.990442,2050.94,2070.73,0.0,0.0,0.6266,0.632647,0.0,0,0.006001994,2.4097614345,2.428277884490102
13.08634,6.53433,13.08634,0.765991,2243.91,2929.42,0.0,0.0,0.7048,0.920115,0.0,1,0.0044210613,1.9429808041,1.8054140659469349
13.16154,6.50431,13.16154,0.868575,2146.52,2471.31,0.0,0.0,0.7192,0.828023,0.0,1,0.0037743233,1.4821290278,1.5294306058357436
13.17946,6.58449,13.17946,0.87003,2145.41,2465.9,0.0,0.0,0.7218,0.829627,0.0,1,0.0038956549,1.4981650096,1.5565460571699303
11.52321,9.17095,11.02494,1.0394,1689.27,1625.24,0.0,0.0,0.6776,0.651916,0.0,1,0.0031263337,1.3809232027,1.3360524589684002
5.451,3.54467,5.41568,1.01248,1767.35,1745.57,0.0,0.0,0.5884,0.581148,0.0,1,0.0074369862,2.5024990458,2.511942945612309
5.70984,4.07494,5.63813,1.12706,1693.32,1502.42,0.0,0.0,0.5456,0.484089,0.0,0,0.0084255941,2.7769286049,2.61272621030377
9.32796,8.05126,9.01112,0.931594,1638.77,1759.1,0.0,0.0,0.6392,0.686136,0.0,1,0.0035299415,1.4412644816,1.5213728792452492
5.3893,5.04349,5.3893,1.74291,842.153,483.187,0.0,0.0,0.4972,0.28527,0.0,1,0.0005630634,0.2612062158,0.24282240129963029
5.25063,5.01707,5.2326,1.46007,406.574,278.462,0.0,0.0,0.4604,0.315327,0.0,1,0.0004021298,0.1622803866,0.1659789391990123
6.18002,3.46612,6.18002,1.398,1132.15,809.836,0.0,0.0,0.5144,0.367953,0.0,1,0.0054991,1.5544704392,1.6598221913482536
7.1779,7.04787,7.1779,1.13503,1629.42,1435.57,0.0,0.0,0.592,0.521571,0.0,0,0.0047067722,1.9966504409,1.939418752337563
13.20708,6.69761,13.19407,0.878357,2102.35,2393.51,0.0,0.0,0.7182,0.817663,0.0,1,0.0048286310999999,1.669432851,1.6875570882844462
7.36512,5.79316,6.13107,0.678518,2356.29,3472.7,0.0,0.0,0.6988,1.02989,0.0,1,0.0044828164,2.015665056,1.9851308230034186
7.33818,5.78241,6.14442,0.675641,2374.29,3514.13,0.0,0.0,0.7026,1.0399,0.0,1,0.0044890512,2.0285232782,1.9852396894250335
7.3374,5.72246,6.07377,0.669934,2447.15,3652.82,0.0,0.0,0.7066,1.05473,0.0,1,0.0043394162,2.0282053037,1.912334074385827
7.19018,5.3716,7.19018,1.13147,742.019,655.8,0.0,0.0,0.4556,0.402661,0.0,0,0.0018674699,0.69080917,0.7071072887260864
4.54158,3.74063,4.4159,1.84541,1216.19,659.037,0.0,0.0,0.4962,0.268884,0.0,1,0.0052682502,1.5863299534,1.6496027561031672
5.69712,4.77135,5.69535,1.53417,1383.93,902.072,0.0,0.0,0.5298,0.345334,0.0,1,0.0028716007,1.0749610852,1.0633897072783511
4.76828,3.67807,4.76182,1.66742,847.636,508.351,0.0,0.0,0.4118,0.246968,0.0,1,0.0016060306,0.6065802847999999,0.5754030647479302
6.64538,5.8584,6.63953,1.01975,1889.57,1852.97,0.0,0.0,0.5996,0.587987,0.0,0,0.0050758044,1.972603456,2.0107785447172857
6.16935,4.44214,6.16935,0.864572,2160.34,2498.74,0.0,0.0,0.6496,0.751355,0.0,1,0.0051329168,2.1240118041,2.1137070484780445
4.15957,3.7187,4.14785,1.30213,762.369,585.479,74.3878,57.1279,0.576,0.442353,0.0,0,0.0016427035,0.6932194394,0.7295778235780261
7.30425,6.5808,7.30425,1.26614,1045.59,825.812,0.0,0.0,0.4964,0.392058,0.0,0,0.0017049495,0.7109767392,0.7418139124888911
7.04016,6.80377,7.04016,0.930569,2533.92,2722.98,0.0,0.0,0.6628,0.712252,0.0,0,0.0084515429,2.8314967443,3.406147638174323
8.53124,8.3704,8.53124,1.18192,1047.12,885.95,0.0,0.0,0.5384,0.455532,0.0,0,0.0021801473,0.988367524,0.8704761234559898
8.50715,8.34107,8.50715,1.18054,1091.35,924.448,0.0,0.0,0.5186,0.439291,0.0,0,0.0018840779,0.9108906524,0.8037645692690596
25.84424,11.11801,22.64252,0.527457,1593.04,3020.23,0.0,0.0,0.8434,1.59899,0.000379178,1,0.0022667985,1.0829289112,1.0826781762834756
4.24405,3.53009,4.22084,1.10757,515.209,465.173,34.0376,30.7319,0.4648,0.419659,0.0,0,0.002866004,0.980907041,1.0488048059915476
6.05449,4.8127,6.05449,1.78797,959.833,536.829,0.0,0.0,0.4822,0.269692,0.0,1,0.0018571812,0.6924265806000001,0.6773041030163833
5.4847,3.8221,5.12718,1.96889,508.317,258.175,0.0,0.0,0.435,0.220937,0.0,1,0.0014398521,0.4892954283,0.45191541113636124
10.23495,9.48231,10.23335,1.57268,1211.54,770.363,0.0,0.0,0.5868,0.37312,0.0,1,0.0017424793,0.6780474373,0.6741467643207145
4.15802,3.46053,4.1496,2.48318,463.195,186.533,0.0,0.0,0.361,0.145378,0.0,1,0.0016173845,0.5225431665,0.5363840601133241
14.92091,13.26042,14.92091,0.364732,1875.05,5140.9,0.0,0.0,0.86,2.3579,0.0,1,0.0033640951,1.5972186539,1.6109286952832962
5.66319,4.40941,5.66319,0.999593,1775.32,1776.04,0.0,0.0,0.611,0.611249,0.0,1,0.0059466519999999,2.2998295064,2.169334438288959
5.69119,4.40372,5.677,0.872253,1821.29,2088.03,0.0,0.0,0.638,0.731439,0.0,1,0.0044296921,1.8512489906,1.7882050691727123
6.4105,3.89316,6.4105,1.19065,828.698,696.007,460.809,387.025,0.5728,0.481084,0.0,1,0.0078960744,2.2738622642,2.2667747776833966
5.94599,4.30466,5.94599,1.08689,1479.94,1361.63,0.0,0.0,0.5432,0.499775,0.0,0,0.006345226,1.9266497989,2.1979075981693366
4.59496,3.72145,4.53376,1.21451,948.028,780.582,0.0,0.0,0.4972,0.409382,0.0,0,0.0068350617,1.5139174657,1.9467982194440407
5.81668,4.4159,5.81214,1.29937,901.437,693.751,0.0,0.0,0.489,0.376337,0.0,1,0.0034613609,1.036423776,1.193572453932747
5.75711,4.40654,5.75688,1.31802,917.051,695.781,0.0,0.0,0.4754,0.360693,0.0,1,0.0036589732,1.0456069239,1.1804736273062792
6.66297,4.23051,6.65497,1.06844,1185.87,1109.9,0.0,0.0,0.5198,0.486502,0.0,1,0.0046129996,1.5766593752000002,1.5936054336771395
9.85702,7.76622,8.65886,1.09206,1071.39,981.073,0.0,0.0,0.5342,0.489167,0.0,1,0.0022221091,0.8774755377,0.917544344562081
6.23826,4.86854,6.23826,1.64521,1240.0,753.701,0.0,0.0,0.5196,0.315826,0.0,1,0.0051112933,1.5015560878,1.5636136685210942
5.21348,4.28071,5.21348,1.82071,1261.82,693.039,0.0,0.0,0.5078,0.278902,0.0,1,0.0025798276,0.9880210973,0.9105012333437734
10.17237,6.1037,8.0425,0.867774,1499.07,1727.49,576.042,663.816,0.6792,0.782692,0.0,1,0.0036249842,1.6247049727,1.7594126236588745
9.98876,6.23965,8.39165,0.742505,1487.88,2003.86,574.813,774.154,0.69,0.929286,0.0,1,0.004412236,2.0452470941,2.068879083869148
9.6783,6.73158,8.21464,0.83384,1503.01,1802.51,543.478,651.776,0.6804,0.815983,0.0,1,0.0034490353999999,1.5728665513,1.7218859656296248
10.17011,5.92824,8.44426,0.888503,1485.32,1671.71,572.74,644.613,0.6916,0.778388,0.0,1,0.0036739471,1.6852207247,1.7691794062769435
10.47061,5.58858,8.23634,0.777087,1484.63,1910.51,601.467,774.002,0.6808,0.876093,0.0,1,0.0049336935,2.2330196657,2.24176519331451
7.70786,5.78406,7.70755,1.38137,1401.32,1014.44,0.0,0.0,0.5594,0.404959,0.0,0,0.0010303683,0.4716029582,0.4709334603633686
11.48256,10.83475,11.48089,1.17217,1544.63,1317.75,0.0,0.0,0.6478,0.55265,0.0,1,0.0025225441,1.1700998638,1.1612233110871746
8.56369,6.00066,8.56369,0.853114,2214.19,2595.42,0.0,0.0,0.6496,0.761445,0.0,1,0.0043440879,1.8812259445,1.7551875383525226
11.28278,7.20114,10.99968,0.910221,2188.91,2404.81,0.0,0.0,0.7194,0.790358,0.0,1,0.0023136557,1.0379635577,1.0684921166379602
12.11733,10.70076,12.11733,0.488133,1807.7,3703.29,0.0,0.0,0.8496,1.74051,0.0,1,0.0018883135,1.0072583113,0.9427825426887542
5.15651,3.56832,5.15424,2.0755,483.988,233.191,0.0,0.0,0.4372,0.210648,0.0,1,0.0018368717,0.5340457811,0.5566325742087023
4.23153,3.44235,4.23153,1.69156,935.756,553.19,0.0,0.0,0.5808,0.343351,0.0,0,0.0056987889,1.8421664286,1.6659040230943205
6.67359,4.11194,6.66829,0.964951,2096.06,2172.19,0.0,0.0,0.6192,0.641691,0.0,0,0.0056562923,2.4585297592,2.3428321750836854
7.50874,4.26843,7.47113,0.807576,2145.36,2656.54,0.0,0.0,0.6264,0.775655,0.0,0,0.0059689439,2.6473054653,2.5003353394417847
8.41083,6.51113,8.31612,1.24989,2285.05,1828.2,0.0,0.0,0.6966,0.55733,0.0,1,0.0009734916,0.453409037,0.47879230075468593
5.86586,4.56127,5.86586,1.56054,1486.93,952.828,0.0,0.0,0.5192,0.332705,0.0,0,0.0020766854,0.860578141,0.8686099977695362
5.84482,4.53722,5.84482,1.58678,1481.54,933.678,0.0,0.0,0.517,0.325818,0.0,0,0.0021028947,0.8701930603,0.8739559249136066
6.24288,4.56068,6.2408,1.07396,2025.67,1886.18,0.0,0.0,0.6304,0.586989,0.0,1,0.0063982375,2.3594825186,2.362665691372355
4.41725,4.15949,4.41175,1.15817,1130.8,976.371,0.0,0.0,0.53,0.45762,0.0,0,0.0039757342,1.4351501854,1.432616743908383
6.86024,4.81417,6.53187,1.27918,1131.8,884.793,0.0,0.0,0.5156,0.403072,0.0,1,0.0016604613,0.6981374147,0.7091246261839541
5.8425,4.85588,5.8425,1.4789,2001.31,1353.25,0.0,0.0,0.6196,0.418961,0.0,1,0.0019400687,0.8222736359999999,0.8710407546655058
5.69723,4.67285,5.69723,1.60096,1965.06,1227.43,0.0,0.0,0.61,0.381022,0.0,1,0.0018846183,0.8473796959000001,0.7986018269686638
5.86599,4.67382,5.86599,1.53817,2040.49,1326.58,0.0,0.0,0.622,0.404378,0.0,1,0.0017510073,0.7704385140000001,0.7383219640460627
5.03461,4.5915,5.03461,1.23766,828.566,669.464,0.0,0.0,0.453,0.366014,0.0,0,0.0074213857999999,1.7810995931,1.7613880649230755
15.08014,7.93969,15.07583,0.589901,2233.7,3786.57,0.0,0.0,0.8002,1.3565,0.0,0,0.0023783081,1.1927012371,1.1550318648630995
15.07409,7.93508,15.07409,0.591689,2246.58,3796.89,0.0,0.0,0.8116,1.37167,0.0,0,0.0025041231,1.1969332863,1.1998366954816178
5.40728,3.62986,4.72861,1.2151,591.936,487.152,249.544,205.37,0.5232,0.430584,0.0,1,0.0051371531,1.3986528028,1.503373888038112
9.10711,7.36025,9.10711,1.61302,1710.75,1060.59,0.0,0.0,0.6522,0.404334,0.0,1,0.0009937929,0.4878243029,0.4388541846582925
6.01158,4.07874,6.00756,1.03866,1741.67,1676.84,0.0,0.0,0.5802,0.558605,0.0,0,0.0051113747999999,1.9449476413,1.946557835173619
5.93857,4.06358,5.90891,1.05075,1647.57,1567.99,0.0,0.0,0.5592,0.532191,0.0,0,0.0053316256,1.9292052743,1.9776750434378854
5.95596,4.00314,5.95596,1.05093,1663.77,1583.13,0.0,0.0,0.5708,0.543136,0.0,0,0.0049311697,1.8632012404,1.8428735031934347
5.91912,4.12997,5.83809,1.04225,1662.62,1595.23,0.0,0.0,0.5592,0.536534,0.0,0,0.0050835654,1.8905123338,1.8658733311502111
26.23164,8.97115,26.23164,0.749461,1794.02,2393.75,0.0,0.0,0.8278,1.10453,0.000266859,1,0.0020867642,0.9492700999,1.0412291868330357
8.78437,6.6937,8.25223,0.765372,2471.66,3229.36,0.0,0.0,0.7812,1.02068,0.0,1,0.0023334169,1.1417097382,1.1296931488558088
14.09924,6.85678,11.19448,0.748313,2267.56,3030.24,0.0,0.0,0.7708,1.03005,0.0,1,0.0027647577,1.3246517973,1.2804517465756236
14.28068,6.83408,11.22906,0.743695,2268.42,3050.2,0.0,0.0,0.7746,1.04156,0.0,1,0.002699461,1.3223202275,1.2659552684999227
4.71553,3.44976,4.62826,1.6429,1000.4,608.925,0.0,0.0,0.6102,0.371417,0.0,0,0.0071291622,2.0650367531,1.9588745719000222
5.23023,3.70327,5.22427,1.49837,1455.04,971.08,0.0,0.0,0.63,0.420457,0.0,0,0.0062663973,1.958794073,2.0299204815388725
6.28215,5.72913,6.26507,1.2974,1101.09,848.689,0.0,0.0,0.5058,0.389856,0.0,1,0.001156151,0.5378895075,0.5628481615496946
9.30754,7.04491,9.30754,1.35949,2124.85,1562.97,0.0,0.0,0.7316,0.538142,0.0,1,0.0009612211,0.4507272211,0.46029992062534775
17.65342,7.8833,11.58918,0.646039,2104.35,3257.31,0.0,0.0,0.7972,1.23398,0.0,1,0.0024161982,1.1879256873,1.1692489691346446
3.68255,3.48411,3.67149,1.93689,201.323,103.941,0.0,0.0,0.4778,0.246685,0.0,0,0.003851954,1.2024048297,1.1111568030459011
5.87539,4.41454,5.87539,1.26001,982.755,779.959,0.0,0.0,0.5246,0.416346,0.0,1,0.0041411797,1.2868082343,1.3606713854377657
7.0981,6.10195,7.04022,0.882251,2276.97,2580.86,0.0,0.0,0.6758,0.765995,0.0,1,0.0038961073,1.7209186028,1.7065691780297316
7.14137,6.23055,7.14137,0.816125,2268.41,2779.48,0.0,0.0,0.6764,0.828795,0.0,1,0.0034063826,1.5325370778999998,1.592289050564696
14.01468,13.16757,14.01422,0.723032,1733.84,2398.01,0.0,0.0,0.741,1.02485,0.0,1,0.0019801974,0.9641202232,0.9672990745631715
8.8382,8.57859,8.83401,0.859762,1844.22,2145.04,0.0,0.0,0.7008,0.815109,0.0,1,0.0028297401,1.371282966,1.288243424759145
5.11588,3.68593,5.09821,1.26749,1347.57,1063.18,0.0,0.0,0.5488,0.432983,0.0,0,0.0061913115,2.0269652331,1.9665163238300738
5.13248,3.64573,5.11696,1.27033,1309.23,1030.62,0.0,0.0,0.551,0.433745,0.0,0,0.0061229356999999,2.012232838,1.9259976299454236
5.42382,3.86113,5.42382,1.28962,856.154,663.88,0.0,0.0,0.4412,0.342116,0.0,0,0.0045943877,1.2320423508,1.2760183594703962
17.23979,11.94779,17.22882,0.311959,1757.5,5633.74,0.0,0.0,0.8662,2.77664,0.0,1,0.0036849183,1.6952470783000002,1.767376444935047
6.62806,4.69762,5.65255,0.902784,2439.76,2702.49,0.0,0.0,0.6684,0.740376,0.0,1,0.0047602103,2.1060856156,2.0217828606829604
11.97194,10.54967,11.9427,0.470726,2101.15,4463.64,0.0,0.0,0.7866,1.67104,0.0,0,0.0035233146,1.5892593156,1.6473677256396173
10.25798,6.23412,9.8049,0.70339,1968.06,2797.96,0.0,0.0,0.6656,0.946275,0.0,1,0.0031213185,1.3830185871,1.4342967738918975
5.90319,4.58543,5.60032,0.850194,2471.89,2907.44,0.0,0.0,0.6584,0.774411,0.0,1,0.0054375155,2.1349753833,2.2904810055269413
8.87752,5.53782,8.86061,0.793323,2105.74,2654.33,0.0,0.0,0.6702,0.844801,0.0,0,0.0028439501,1.3311897437,1.2909948316546198
9.7712,5.86323,9.7712,0.773292,2071.81,2679.21,0.0,0.0,0.6628,0.857115,0.0,0,0.0043210814,1.8512145637,1.8283116296141746
4.65057,4.08181,4.52458,1.14596,958.267,836.212,0.0,0.0,0.5148,0.44923,0.0,0,0.0084171049,2.2168829385,2.273195798759336
5.74056,4.35551,5.71651,1.76429,1367.25,774.956,0.0,0.0,0.5562,0.315255,0.0,1,0.0019906768,0.7763276054000001,0.7990603842971645
9.39066,7.30655,9.39066,1.12702,1893.97,1680.51,0.0,0.0,0.6384,0.56645,0.0,1,0.0030955994,1.3770725701,1.3500644088063605
9.98256,7.27933,9.98256,0.808976,2165.4,2676.71,0.0,0.0,0.7268,0.898419,0.0,1,0.0015372659,0.7025220814,0.7404702755183816
4.56016,3.89151,4.55758,1.54463,762.225,493.466,0.0,0.0,0.455,0.294568,0.0,1,0.0045223224,1.3125980587,1.344913097582376
4.98641,4.39323,4.97616,1.53429,1079.28,703.439,0.0,0.0,0.512,0.333704,0.0,1,0.0034580269,1.1878089793000002,1.2132067665180053
3.96779,3.62056,3.96779,1.9401,482.244,248.567,0.0,0.0,0.419,0.215969,0.0,1,0.0020543752,0.7249493679000001,0.7494676872771965
6.07104,5.56303,6.07104,1.4189,1653.8,1165.55,0.0,0.0,0.5644,0.397774,0.0,0,0.0050560748,1.8598617652,1.770169952387408
8.76574,6.10267,8.74057,1.07917,1888.77,1750.21,0.0,0.0,0.6338,0.587305,0.0,1,0.0033135329,1.478237546,1.4288760062254031
6.93618,5.76476,6.92128,1.4786,1370.63,926.978,0.0,0.0,0.519,0.351007,0.0,1,0.0038004259,1.4273529491,1.3953205629439938
6.94119,5.72919,6.85845,1.49624,1369.03,914.98,0.0,0.0,0.526,0.351548,0.0,1,0.0036377433,1.4362227986000002,1.365868276381229
6.97691,5.80939,6.97691,1.4748,1347.25,913.518,0.0,0.0,0.5226,0.354354,0.0,1,0.0036253601,1.4325210949,1.3619083069352036
6.49065,4.97595,6.49065,1.07139,1218.54,1137.35,2.44835,2.28522,0.5566,0.519514,0.0,1,0.0028443766,1.1645246026,1.0620843027464157
6.70111,4.65532,6.60342,1.36906,1688.36,1233.22,0.0,0.0,0.5926,0.432851,0.0,1,0.0014853519,0.6933873490000001,0.6612390500017904
6.65159,4.57304,6.53476,1.38205,1680.39,1215.87,0.0,0.0,0.5904,0.427192,0.0,1,0.0015070892,0.6849942142000001,0.6621810229522308
6.55466,4.31565,6.43849,1.43716,1676.29,1166.39,0.0,0.0,0.5778,0.402043,0.0,1,0.0015241795,0.6987117187999999,0.6705001837978947
6.5503,4.41913,6.52435,1.44375,1672.31,1158.32,0.0,0.0,0.5838,0.404365,0.0,1,0.0015806193,0.6752548054999999,0.7015711640001328
5.55555,3.41902,5.54549,1.58885,1213.98,764.058,0.0,0.0,0.5354,0.336973,0.0,1,0.0020245668,0.8288204073000001,0.8173492845188564
5.54122,3.41506,5.5298,1.61736,1205.53,745.366,0.0,0.0,0.5346,0.330538,0.0,1,0.0020118771,0.8289349179000001,0.7656114896941091
9.80611,5.23388,9.77319,0.869727,1722.79,1980.84,39.7443,45.6975,0.6458,0.742532,0.0,1,0.0058827553,1.7441519237,1.9182691487453072
6.64322,4.15157,6.64322,1.41271,1889.38,1337.41,0.0,0.0,0.6434,0.455437,0.0,0,0.0036178143,1.4379620221,1.506939777870696
5.48718,4.89154,5.42033,1.09462,2414.99,2206.24,0.0,0.0,0.6474,0.59144,0.0,1,0.0024850878,1.0740556549,1.086052220805739
10.93877,6.90793,10.8516,0.690693,2354.05,3408.24,0.0,0.0,0.7722,1.11801,0.0,1,0.0037119865,1.6125568507,1.6892840708231924
12.63096,6.04016,12.48762,0.859273,2339.33,2722.46,0.0,0.0,0.7402,0.861426,0.0,1,0.0021564901,1.0856216666,1.0131412154680088
5.60515,5.02913,5.58159,1.46758,1606.87,1094.91,0.0,0.0,0.544,0.37068,0.0,0,0.003656067,1.4112279727,1.3690038342935917
5.10341,3.76231,5.02058,1.31458,1263.39,961.063,0.0,0.0,0.5412,0.411691,0.0,1,0.0110062372999999,2.7692165853,2.7526759375570364
5.08356,3.73927,5.05208,1.32275,1249.3,944.47,0.0,0.0,0.538,0.406727,0.0,1,0.0113477971999999,2.827839781,2.8057560592154953
10.55409,4.56253,10.55409,0.761137,2666.36,3503.12,0.0,0.0,0.738,0.969602,0.0,0,0.0039830672,1.8747582559,1.8065412049221286
10.03238,7.42233,9.74376,0.749914,2221.9,2962.88,0.0,0.0,0.7282,0.971044,0.0,0,0.0025993279,1.2092526555,1.209864901165632
8.73473,6.34609,8.6886,1.3133,1742.87,1327.09,0.0,0.0,0.6462,0.492044,0.0,0,0.0017024154999999,0.768818352,0.7873446244574089
4.64455,3.59836,4.63854,1.95569,361.005,184.592,0.902313,0.461378,0.4234,0.216497,0.0,1,0.0013947011,0.4816355052,0.4920289306536908
5.5254,4.43575,5.51234,1.26722,1839.76,1451.8,0.0,0.0,0.5992,0.472845,0.0,1,0.0039074667,1.4644017757,1.5415513507161906
4.37729,3.47803,4.37729,1.252,989.147,790.053,0.0,0.0,0.4922,0.393131,0.0,1,0.0055168276,1.9395240425,1.776994577928759
4.95925,3.73408,4.95925,1.25635,976.237,777.039,0.0,0.0,0.4616,0.367412,0.0,0,0.0063837765,1.840933364,1.7184515872954467
7.28777,5.97881,7.28116,1.0447,1818.88,1741.05,0.0,0.0,0.6212,0.594621,0.0,1,0.0052313232,1.7694801279,2.013737228257911
6.3407,5.90199,6.31652,1.20352,848.809,705.272,0.0,0.0,0.4862,0.403982,0.0,1,0.0013940962,0.5972146004,0.5967543169878218
11.06118,7.00733,10.18392,0.767126,2192.56,2858.15,0.0,0.0,0.7242,0.944043,0.0,1,0.0050906028,1.9704957503,2.0651474413036874
6.19077,5.31352,6.18884,0.976178,2056.2,2106.38,0.0,0.0,0.6384,0.653979,0.0,1,0.0074500918,2.9017654585000003,2.615476111762228
11.11495,8.75374,11.11495,0.70291,1891.75,2691.32,0.0,0.0,0.7388,1.05106,0.0,1,0.0037197032,1.6112001694,1.667272218855504
10.3381,9.26479,10.3381,1.24231,1086.56,874.625,129.189,103.991,0.6084,0.489732,0.0,1,0.0030952518,1.0525336421,1.0012651182710868
5.31005,4.78872,5.30922,1.60595,966.902,602.074,0.0,0.0,0.507,0.315701,0.0,0,0.0086065529,1.6943991889,1.7810480197981702
5.95724,5.2412,5.95724,1.32376,1286.35,971.741,0.0,0.0,0.5334,0.402943,0.0,1,0.0052265824,1.7001792155000002,1.6497282018708477
6.80539,3.65176,6.80539,1.34151,1369.86,1021.14,0.0,0.0,0.6092,0.454115,0.0,1,0.0030561002,1.1751971542,1.244749829448071
5.75088,3.78769,5.73674,1.21298,1196.61,986.497,0.0,0.0,0.5614,0.462825,0.0,1,0.0033871863,1.2217335472,1.2749049066325808
4.28545,3.52898,4.277,1.97331,1033.2,523.587,0.0,0.0,0.5514,0.279428,0.0,0,0.0006838975,0.3273731744,0.4134825058289384
8.28524,6.29263,8.24088,1.28416,2599.39,2024.19,0.195596,0.152314,0.7268,0.565973,0.0,1,0.0011067645,0.5074225286999999,0.5172637361559304
6.32363,4.82237,6.31689,1.49229,1377.55,923.11,0.0,0.0,0.5686,0.381025,0.0,1,0.0042529229,1.4812485465,1.5034981805524206
4.39803,3.46666,4.37592,1.64467,1017.25,618.512,0.0,0.0,0.5534,0.33648,0.0,1,0.0031861413,1.2759005977,1.0791693564707798
7.83796,6.35433,7.79579,1.04646,1263.29,1207.21,74.2007,70.9066,0.5712,0.545842,0.0,0,0.0055705346,1.9899893471,1.8553985832819166
7.75346,6.26253,7.72478,1.06296,1251.42,1177.3,67.8457,63.8273,0.5624,0.529091,0.0,0,0.0055308756999999,1.9513696323,1.8566931078409805
7.98476,6.4639,7.95078,1.05743,1260.94,1192.45,76.2558,72.1141,0.574,0.542824,0.0,0,0.0058165071,1.9633604161,1.884296086323006
7.85489,6.36686,7.85489,1.08455,1259.8,1161.59,65.0961,60.0213,0.5694,0.525011,0.0,0,0.0052458678,1.90447757,1.8119776677619976
7.98273,6.46173,7.98207,1.08037,1258.25,1164.65,72.9124,67.4885,0.5732,0.53056,0.0,0,0.0051438197999999,1.8867327984,1.7797930489009186
7.90027,6.40337,7.90027,1.10679,1245.86,1125.65,61.7559,55.7974,0.5642,0.509764,0.0,0,0.0046609009,1.8023576672,1.612948846511711
7.99474,6.54413,7.99474,1.10841,1223.87,1104.17,67.208,60.6345,0.5792,0.522549,0.0,0,0.0047631691,1.7777080333000002,1.6622158362967239
7.72851,6.23818,7.68217,1.11585,1251.2,1121.3,68.7821,61.641,0.5678,0.508849,0.0,0,0.0056562288,1.9546356031,1.8452373239297803
10.15164,5.15951,10.13819,1.26924,1812.62,1428.11,0.0,0.0,0.6596,0.519681,0.0,0,0.0017063654,0.8022248004000001,0.776195490683055
18.44776,6.57566,18.44776,0.562611,2173.89,3863.94,0.0,0.0,0.7874,1.39955,0.0,1,0.00402493,1.7568378331,1.768573033792596
14.72034,13.81107,14.72034,1.23894,1154.41,931.773,0.0,0.0,0.6248,0.504303,0.0,1,0.000983959,0.463040374,0.4712368908987934
4.9896,3.40405,4.97821,1.45464,736.58,506.365,85.4496,58.7426,0.4856,0.333827,0.0,0,0.0037440407,1.1991584702,1.1741940528109933
8.26088,7.40668,8.26088,0.854534,1806.41,2113.91,0.0,0.0,0.6414,0.750584,0.0,0,0.0031975651,1.4436021475,1.4246736655633028
10.78925,9.42624,10.78325,0.664624,1937.19,2914.72,0.0,0.0,0.7148,1.0755,0.0,0,0.0026472799,1.3235988083,1.2505401588463254
5.74617,4.59937,5.73998,1.07923,2058.01,1906.93,0.0,0.0,0.6268,0.580787,0.0,1,0.00382291,1.6094169191,1.56812039855176
5.60355,4.27431,5.58989,1.40562,1023.78,728.344,0.0374766,0.026662,0.486,0.345754,0.0,1,0.0046216084,1.4314770986,1.3983727880639534
5.61851,4.19073,5.60379,1.41892,799.153,563.212,172.003,121.221,0.487,0.343219,0.0,1,0.0048001336,1.4177482202,1.423309674292169
5.58633,4.32231,5.37322,1.41396,1054.33,745.662,0.0,0.0,0.4904,0.346829,0.0,1,0.0045873707,1.3872526253,1.4022869638702307
6.2708,4.86549,6.2708,1.34321,1213.42,903.374,0.0,0.0,0.5134,0.38222,0.0,1,0.0045602980999999,1.4195772188999998,1.5319841106044358
6.57621,5.30461,6.57621,1.34132,1253.69,934.67,0.0,0.0,0.5342,0.398265,0.0,1,0.0045604941,1.4220626534,1.536287450369617
4.52056,3.43974,4.50577,1.5127,759.724,502.229,0.0,0.0,0.4534,0.299728,0.0,1,0.0090697239,1.9569488209,1.889897553446875
5.01507,3.95686,5.01507,1.39517,753.359,539.978,0.0,0.0,0.4446,0.318672,0.0,1,0.005200867,1.4521243878,1.4145664739966095
4.87594,3.54867,4.87222,1.55224,358.688,231.077,25.2971,16.2971,0.4518,0.291063,0.0,1,0.0035889941,1.1294779643,0.973092979603761
5.05124,3.61434,5.04105,1.01673,972.711,956.701,0.0,0.0,0.5318,0.523047,0.0,0,0.0120443563,2.8357360000000003,2.8408402356340927
8.61002,3.76636,8.58351,1.65942,1147.35,691.414,0.0,0.0,0.5252,0.316496,0.0,1,0.0011135661,0.4915347622,0.47024953927660884
8.87764,7.99015,8.87736,0.6011,2717.65,4521.13,0.0,0.0,0.7556,1.25703,0.0,1,0.0024968813,1.165971703,1.1983654940172128
11.32844,10.26466,11.32844,0.790589,1731.69,2190.38,0.0,0.0,0.6654,0.841651,0.0,1,0.0056609731,2.1239430973,2.0915017685346524
4.81422,4.24964,4.81422,1.04625,1425.24,1362.23,0.0,0.0,0.5584,0.533714,0.0,1,0.0064248672,2.1798903028,2.2444065381668517
4.89363,4.31451,4.87033,1.033,1471.86,1424.84,0.0,0.0,0.5576,0.539787,0.0,1,0.0062633043999999,2.2065026799000003,2.256991657943396
5.04139,4.46098,5.03992,1.00728,1566.78,1555.46,0.0,0.0,0.5754,0.571243,0.0,1,0.0063982015,2.2871099797,2.274222483653307
6.97233,5.60829,6.97233,1.35846,1074.25,790.79,0.0,0.0,0.5344,0.393388,0.0,1,0.0014026503,0.607050358,0.638847181399645
4.29138,3.47068,4.23523,1.58197,597.238,377.529,0.0,0.0,0.4322,0.273204,0.0,1,0.001181651,0.4574255929999999,0.46985657024282923
6.57096,5.95893,6.55565,1.3407,1084.43,808.849,0.0,0.0,0.5052,0.376817,0.0,1,0.0011569174,0.5179471724,0.5831889894018709
14.98828,7.97019,14.98828,0.594675,2204.82,3707.61,0.0,0.0,0.8008,1.34662,0.0,0,0.0024594791,1.2564488239,1.1816361906146398
4.71954,3.57694,4.71245,1.57661,1081.4,685.901,0.0,0.0,0.5506,0.349231,0.0,0,0.0068776168,2.0752207371,1.9096847665648564
8.86215,6.25992,8.83975,1.16678,1520.16,1302.87,0.0,0.0,0.593,0.508237,0.0,0,0.0040212373,1.6331280748,1.5276697194956368
5.66843,4.07448,5.66811,1.11008,1893.61,1705.84,0.0,0.0,0.6012,0.541584,0.0,1,0.0049230507,1.8247749782,1.826358792455284
7.56763,5.28078,7.56763,0.714751,2308.57,3229.9,0.0,0.0,0.6884,0.963133,0.0,0,0.0049932653999999,2.2589660276,2.127086784676451
4.92775,3.91462,4.90973,1.78273,1357.93,761.713,0.0,0.0,0.5942,0.333308,0.0,1,0.0011406146,0.5122375421,0.492978228098906
5.9528,4.29679,5.9528,1.18253,2130.19,1801.39,0.0,0.0,0.6496,0.549332,0.0,1,0.0021180744,0.9074310216,0.9507534341227669
5.93486,4.28251,5.93486,1.19094,2095.13,1759.22,0.0,0.0,0.6604,0.55452,0.0,1,0.0019932314,0.9143839235,0.9056565689106794
5.64639,3.6405,5.64639,1.49122,938.691,629.478,0.0,0.0,0.4216,0.282721,0.0,1,0.0012303761999999,0.596524297,0.4936419505627846
9.47863,4.42976,9.47863,1.26842,1786.23,1408.23,0.0,0.0,0.615,0.484855,0.0,1,0.0016875278,0.8150898331,0.7651875825599203
9.49902,4.44037,9.49902,1.29862,1698.78,1308.14,0.0,0.0,0.5936,0.457099,0.0,1,0.0016074210999999,0.7414510056999999,0.7358382202809423
9.48082,4.42797,9.48082,1.193,1861.05,1559.97,0.0,0.0,0.6462,0.54166,0.0,1,0.001535001,0.7198331866,0.7114716647738738
6.11102,5.03298,6.08461,1.15501,1387.0,1200.86,0.0,0.0,0.5472,0.473763,0.0,1,0.0052592689,1.8244227644,1.787114552987767
4.91116,3.78472,4.77837,1.29423,994.219,768.194,0.0,0.0,0.4692,0.362532,0.0,1,0.0032593653,1.1773194688,1.148783216867768
5.33673,4.40357,5.33673,1.28737,815.264,633.278,0.0,0.0,0.4692,0.364464,0.0,1,0.0049959211,1.2925011673,1.4184668364278548
16.20891,7.16155,16.20891,0.580972,2068.66,3560.7,0.0,0.0,0.759,1.30643,0.0,1,0.0037199652,1.7961821057,1.692053398685633
15.95836,6.79866,15.95836,0.49512,2275.95,4596.76,0.0,0.0,0.781,1.57739,0.0,1,0.0040438435,1.943668552,1.8182716252067466
16.02728,6.94786,16.02728,0.608079,2054.1,3378.01,0.0,0.0,0.7564,1.24392,0.0,1,0.0038182248999999,1.794716914,1.7174249699823596
16.15521,7.17077,16.15521,0.498613,2156.59,4325.17,0.0,0.0,0.7774,1.55913,0.0,1,0.0040088318,1.9645814374,1.789640234500348
6.41579,6.06601,6.40923,1.24433,1319.37,1060.3,0.0,0.0,0.541,0.434771,0.0,1,0.0044523213,1.6779734943,1.5358313898738214
4.73309,3.92758,4.72517,1.16625,391.638,335.809,365.08,313.037,0.5,0.428724,0.0,1,0.0080463481,1.9049248957,1.9007288084119485
15.93828,10.49353,15.93828,0.575196,2135.23,3712.18,0.0,0.0,0.7842,1.36336,0.0,1,0.004093192,1.8369542589,1.8462355238010022
7.20791,6.51318,7.17561,0.94264,1559.88,1654.8,0.0,0.0,0.5968,0.633115,0.0,1,0.0069733452,2.6652699362,2.634007536868052
11.32631,6.15412,11.32631,0.742906,2435.38,3278.19,0.0,0.0,0.7266,0.978051,0.0,1,0.0051809562,2.0841104887,2.1571034961947575
4.50079,3.43707,4.48085,1.30508,566.366,433.969,0.0,0.0,0.4924,0.377294,0.0,1,0.0078357851,1.9486531277,1.80363207061539
9.30669,8.11233,9.29943,0.819886,2162.64,2637.74,0.0,0.0,0.722,0.880611,0.0,1,0.0032522196,1.4608061234,1.4629277487751187
8.54706,6.43178,8.54706,0.665022,2729.5,4104.38,0.0,0.0,0.7646,1.14974,0.0,1,0.0039520352,1.8618017795,1.7962854239598125
11.77413,6.99458,11.77413,0.695804,2361.16,3393.43,0.0,0.0,0.7362,1.05806,0.0,1,0.0043440521,1.8301192008,1.8474028592798675
11.92108,6.99954,11.92108,0.79488,2039.53,2565.84,0.0,0.0,0.7422,0.933726,0.0,1,0.0030031071,1.4023615346,1.3579925169784215
6.17335,5.62341,6.16091,1.2809,1123.23,876.911,0.0,0.0,0.4772,0.372552,0.0,1,0.0019481780999999,0.7149271197,0.8477088807199505
6.27516,5.38886,5.82916,1.20156,1848.31,1538.27,0.0,0.0,0.6418,0.534141,0.0,1,0.0019562567,0.889354825,0.881360263344621
8.9,7.73975,8.81765,1.24649,1402.71,1125.33,0.0,0.0,0.5316,0.426479,0.0,0,0.01954119,3.2495496258,3.385283415891274
8.92408,8.10678,8.90273,0.931064,1602.41,1721.06,0.0,0.0,0.6094,0.65452,0.0,0,0.0049212427,1.8547405445,1.8966047244474238
10.60263,4.61939,9.00037,0.666978,2426.86,3638.59,0.0,0.0,0.7138,1.0702,0.0,0,0.0050986731,2.2905222351,2.209426367218957
10.8507,4.21913,8.79858,0.655054,2519.15,3845.71,0.0,0.0,0.7108,1.0851,0.0,0,0.0055249723,2.4590592647,2.374307216597585
10.4656,7.25807,10.12341,1.59439,2004.76,1257.39,0.0,0.0,0.6606,0.414328,0.0,1,0.0006482212999999,0.3153784828,0.3169413417632647
7.24568,4.22882,6.95314,2.14337,1730.17,807.218,0.0,0.0,0.582,0.271535,0.0,1,0.000425342,0.227240368,0.22398149580589322
4.79566,3.75004,4.7947,1.6227,1326.67,817.573,0.0,0.0,0.5394,0.332409,0.0,1,0.0070310186,2.1019737922,2.0539624939977794
10.26547,8.18203,10.23692,0.66377,1981.42,2985.1,0.0,0.0,0.7732,1.16486,0.0,1,0.0024965772,1.1699070401,1.186633292026121
15.02274,4.23694,15.02053,0.819731,1973.4,2407.37,0.0,0.0,0.6752,0.823685,0.0,1,0.0057889416,2.3053476358,2.209583237791467
18.88525,7.91531,18.88525,0.52911,1993.81,3768.23,0.0,0.0,0.7926,1.49799,0.0,1,0.0034577648999999,1.5523438655,1.6468192601354756
10.46531,7.24737,10.06993,0.692819,2068.45,2985.55,0.0,0.0,0.7192,1.03808,0.0,1,0.0039779359,1.7226199387,1.7511340561863946
7.05522,6.73992,7.05522,1.02658,1675.75,1632.35,0.0,0.0,0.6178,0.601802,0.0,0,0.0027695263,1.2267331561,1.2350078707202563
6.99879,6.49457,6.99879,0.979768,1578.78,1611.38,0.0,0.0,0.5878,0.599938,0.0,0,0.0070757838,2.7221385151,2.722107646167368
7.34688,6.90533,7.3455,0.98047,1670.06,1703.32,0.0,0.0,0.606,0.618071,0.0,0,0.0073200525,2.9932587636,2.8412561402023266
5.1953,4.60615,5.12813,1.85198,863.616,466.321,0.0,0.0,0.4452,0.240392,0.0,1,0.0032453165999999,0.9639782005,0.9424316387115615
19.11149,16.87545,19.11149,0.689845,2240.23,3247.44,0.0,0.0,0.788,1.14229,0.0,1,0.0043842109,1.8774547194,1.914405601657048
6.32569,5.26533,6.09075,1.27587,1622.74,1271.87,0.0,0.0,0.5952,0.466504,0.0,1,0.0039699576,1.4648528133,1.548152598363708
5.39661,3.78553,5.39661,1.22212,951.616,778.662,0.0,0.0,0.476,0.389488,0.0,1,0.0077025989,2.0197358039,1.8606706463422422
4.70975,3.71197,4.69989,1.52733,833.701,545.856,0.0,0.0,0.5236,0.342821,0.0,0,0.0041654615,1.3528893773,1.3430230863464059
5.13884,4.48422,5.13105,1.20369,945.898,785.834,0.0,0.0,0.4976,0.413397,0.0,1,0.0026237732,0.9665676226,0.9784856679451561
5.92737,4.9743,5.92737,1.01088,914.95,905.103,64.8197,64.122,0.5454,0.53953,0.0,1,0.0039759926,1.2738909884,1.3974640958190607
5.5219,5.04903,5.5219,0.826455,2177.69,2634.97,0.0,0.0,0.6214,0.751886,0.0,0,0.0071810763,2.6234567004,2.7000085265873888
6.73931,4.78997,6.67269,1.07497,1461.44,1359.51,0.0,0.0,0.5704,0.530617,0.0,0,0.0041387249,1.7432098296,1.626634821908742
4.30666,3.54798,4.30607,2.06143,662.208,321.237,0.0,0.0,0.4722,0.229064,0.0,1,0.0036001435,1.2291941967,1.1447044638519885
4.84334,3.88578,4.83342,1.72479,895.132,518.979,0.0,0.0,0.4484,0.259973,0.0,0,0.0051797061,1.3221702586,1.3490154525713516
10.89625,6.78698,10.2645,0.812812,2126.87,2616.68,0.0,0.0,0.7052,0.867605,0.0,1,0.0068533121999999,2.1453784523,2.202627611194347
10.711,6.72932,10.68633,0.81633,2148.04,2631.34,0.0,0.0,0.7146,0.875382,0.0,1,0.0065715328,2.153975212,2.148929512939885
10.86494,6.69089,10.846,0.80874,2143.96,2650.98,0.0,0.0,0.7268,0.898682,0.0,1,0.0066581576,2.1466867847,2.134021074427073
11.11094,5.77138,11.07598,0.73357,2315.41,3156.35,0.0,0.0,0.7568,1.03167,0.0,1,0.0037696702,1.7822026904,1.708386908322086
11.03891,6.32706,11.01433,0.80868,2264.04,2799.67,0.0,0.0,0.7142,0.883167,0.0,1,0.0050028378,1.9272397696,1.9159898935176856
11.74533,5.64839,11.7384,0.778372,2312.59,2971.06,0.0,0.0,0.736,0.945563,0.0,1,0.0035584831,1.7042529144,1.622402697525617
4.83981,4.27369,4.83981,1.75476,2235.14,1273.76,0.0,0.0,0.5942,0.338622,0.0,1,0.0031445461,1.3353909748,1.237086674797237
5.03643,3.47331,4.82197,2.42633,623.511,256.977,0.0,0.0,0.4032,0.166177,0.0,1,0.0018030599,0.5105169337,0.5470054228313771
4.97873,3.46394,4.79411,2.52518,613.235,242.848,0.0,0.0,0.3982,0.157692,0.0,1,0.0018517247,0.5113902585,0.5482353680752617
5.02432,3.48688,5.02432,2.56501,609.55,237.64,0.0,0.0,0.3952,0.154074,0.0,1,0.0018158983,0.5157881611,0.5061529694487743
5.01302,4.40435,5.01302,1.50314,2329.65,1549.85,0.0,0.0,0.6306,0.419521,0.0,0,0.0021220235,0.9510235828,0.9422287639348594
4.9238,4.37132,4.9238,1.57984,2315.52,1465.67,0.0,0.0,0.6202,0.392572,0.0,0,0.0022047028,0.9645842929,0.9652445388621714
4.90097,4.37647,4.90097,1.61335,2291.08,1420.07,0.0,0.0,0.6242,0.386896,0.0,1,0.0021850043,0.9709753377,0.9176626667006358
4.87971,4.37038,4.87971,1.63348,2285.5,1399.16,0.0,0.0,0.604,0.369763,0.0,1,0.0021644147,0.974004599,0.9193318774672034
4.85948,4.34946,4.85948,1.66666,2253.59,1352.15,0.0,0.0,0.5992,0.35952,0.0,1,0.0022263511999999,0.9840882608,0.919559142387483
4.8612,4.33226,4.8612,1.68559,2254.63,1337.59,0.0,0.0,0.5966,0.353942,0.0,1,0.0022213413,0.9876889751,0.9233538214994453
4.6267,3.86158,4.59914,1.41831,894.104,630.401,0.0,0.0,0.4764,0.335893,0.0,0,0.006022991,1.7252673511,1.6832408943878776
7.34523,5.77431,7.33779,1.55847,525.754,337.351,34.2975,22.0071,0.4426,0.283996,0.0,1,0.0015654129,0.6049236592,0.5392052427168397
7.45595,5.7787,7.37267,1.54828,597.632,385.997,35.4694,22.9089,0.4528,0.292453,0.0,1,0.001979449,0.741293377,0.739161686566055
7.43383,5.78969,7.30816,1.58521,593.074,374.131,15.956,10.0656,0.4384,0.276557,0.0,1,0.0018135851999999,0.6752771470000001,0.6226950594582442
7.45284,5.80961,7.45284,1.59702,595.668,372.986,17.5491,10.9886,0.4418,0.276639,0.0,1,0.0017313809,0.6795398268,0.6030797161336495
4.87361,4.61034,4.87361,1.39877,1201.03,858.632,0.0,0.0,0.5228,0.373756,0.0,0,0.0081461798,1.9583059633,2.1860961812952198
8.03523,6.79991,8.03523,1.55221,1025.68,660.788,0.0,0.0,0.5644,0.363612,0.0,1,0.0006309858,0.3040340125,0.3022506210377329
8.44067,7.27418,8.44067,1.48575,1083.43,729.214,0.77233,0.519826,0.5778,0.388896,0.0,1,0.0006167456999999,0.307288277,0.2764736455513974
8.57681,7.4662,8.57681,1.43976,1130.1,784.921,4.16739,2.8945,0.5708,0.396454,0.0,1,0.000658822,0.3148609351999999,0.3105963452315528
5.27812,3.52606,5.27812,1.59275,798.942,501.612,5.51079,3.45992,0.4646,0.291697,0.0,0,0.0017180702,0.6739415239000001,0.6232329104153432
4.98825,4.19272,4.98346,1.40649,999.163,710.396,0.0,0.0,0.5104,0.36289,0.0,1,0.0022469604,0.8823762794,0.8602748300970975
4.51815,3.68584,4.44811,1.14062,1514.82,1328.07,0.0,0.0,0.5714,0.500956,0.0,0,0.0068131393,2.4715696205,2.4196707348058206
4.54995,3.78626,4.54995,1.12516,1590.17,1413.29,0.0,0.0,0.5782,0.513884,0.0,0,0.0066601019999999,2.4871058835,2.434388067824706
4.4842,3.61074,4.45602,1.15336,1507.95,1307.45,0.0,0.0,0.565,0.489873,0.0,0,0.0065428397,2.4067016977,2.3808191607570777
4.52093,3.69835,4.50827,1.13868,1559.53,1369.6,0.0,0.0,0.5718,0.502162,0.0,0,0.0067972393,2.4805093814,2.4368101247315836
4.54883,3.77222,4.52816,1.12759,1562.09,1385.34,0.0,0.0,0.5786,0.51313,0.0,0,0.0068290392,2.5154853514,2.4656306939301214
4.54974,3.80687,4.54906,1.12252,1599.36,1424.8,0.0,0.0,0.5812,0.517765,0.0,0,0.007007914,2.5338915599000003,2.526810539119771
4.56818,3.83214,4.56487,1.10391,1656.82,1500.86,0.0,0.0,0.5884,0.533013,0.0,0,0.0053363927,2.1496232526,2.090485846933388
4.40257,3.44728,4.36821,1.18614,1438.51,1212.76,0.0,0.0,0.5546,0.467566,0.0,1,0.006363965,2.3417999874,2.271298947960562
8.732,7.51715,8.732,1.34422,1127.95,839.11,0.0,0.0,0.5656,0.420764,0.0,1,0.0006348362,0.3341009157,0.32315589749884865
9.62612,6.21746,9.61657,0.927119,1704.27,1838.25,6.32101,6.81791,0.6464,0.697214,0.0,1,0.0021253509,0.9667016809,0.9902986535714389
4.986,4.06891,4.90495,1.61194,943.479,585.307,0.0,0.0,0.463,0.287232,0.0,0,0.0016877342,0.6511061528000001,0.6360787007634119
7.60111,7.11755,7.60111,1.01218,1727.14,1706.35,0.0,0.0,0.63,0.622417,0.0,0,0.0039312235,1.7330564308,1.7206570753488504
6.98663,4.18313,6.97418,1.49157,1020.42,684.125,118.512,79.4544,0.5482,0.367533,0.0,1,0.0011315611,0.4827086126,0.5315388267416501
5.41352,3.48109,5.41227,1.38051,840.521,608.85,0.0,0.0,0.4942,0.357985,0.0,0,0.0019677085,0.7401960622,0.7518898219623776
4.98664,4.03769,4.97035,1.60991,948.127,588.931,0.0,0.0,0.473,0.293805,0.0,0,0.0016526064,0.6512738085,0.6233001605189408
10.21317,6.80397,9.6529,0.728441,2006.16,2754.05,0.0,0.0,0.7122,0.977705,0.0,1,0.0034923259999999,1.6312456799,1.5907382354701562
5.56765,4.22978,5.55876,1.17628,572.115,486.376,3.29466,2.80092,0.4396,0.373721,0.0,1,0.0011659315,0.4786318357,0.4677164153567621
4.61767,3.60434,4.60806,1.63777,404.45,246.951,107.478,65.6246,0.4794,0.292715,0.0,1,0.005764476,1.4131965532,1.451564828937587
5.04706,4.025,5.04249,1.31109,1273.98,971.693,0.0,0.0,0.578,0.440854,0.0,1,0.0036167283,1.290007745,1.3180973587561042
4.65234,4.0796,4.6262,1.34338,777.291,578.609,0.382682,0.284865,0.4858,0.361625,0.0,0,0.0086325847999999,1.9798053524,1.9854582033238772
4.81584,3.50149,4.81584,1.10493,799.46,723.542,0.0,0.0,0.5386,0.487453,0.0,0,0.0054357762,2.0483042299000003,1.7851872360210823
6.22413,4.97143,6.22113,1.10896,2859.64,2578.66,0.0,0.0,0.7412,0.668372,0.0,1,0.001187779,0.5585883037,0.5416099732976937
4.85065,3.63556,4.83812,1.14632,1509.08,1316.45,0.0,0.0,0.552,0.481541,0.0,1,0.0057029973,2.0114066497,2.0687117235475516
4.94527,3.59812,4.94527,1.22278,1150.61,940.978,0.0,0.0,0.5326,0.435564,0.0,1,0.0073688122,2.2429375087,2.1533580661209575
6.48105,4.74292,6.45525,1.18111,1714.15,1451.31,0.0,0.0,0.5818,0.492588,0.0,1,0.0068915074,2.3421446451,2.323655392390858
17.38546,6.83963,17.38546,0.742862,1607.16,2163.48,0.0,0.0,0.6666,0.897341,0.0,1,0.0027750153,1.1259583518,1.2261707032779712
8.09669,7.0815,8.09669,0.92351,1288.54,1395.26,130.958,141.805,0.578,0.625873,0.0,1,0.0087180529,1.9779909955,2.0951041757175757
5.3857,3.74409,5.37745,1.51731,1051.5,692.999,0.0,0.0,0.4932,0.325048,0.0,1,0.0074544968,1.8991553821,1.8219124839875311
8.95121,6.85436,8.94162,0.828799,2404.18,2900.8,0.0,0.0,0.747,0.901304,0.0,1,0.0025985398,1.1873626834,1.227486376679094
6.21484,4.39834,6.20863,1.03298,1693.59,1639.51,90.392,87.5058,0.5878,0.569032,0.0,1,0.0066488352,2.0017661665,2.1506699462279735
7.1828,5.28792,5.5333,1.16005,1460.05,1258.61,0.0,0.0,0.5844,0.50377,0.0,1,0.007147643,2.1998637025,2.2390513585027882
5.87719,4.74286,5.84645,1.30118,2520.95,1937.44,0.0,0.0,0.693,0.532594,0.0,0,0.0009967219,0.4879651698,0.46702489081386167
9.09166,6.13483,9.09166,0.794129,2337.82,2943.87,0.0,0.0,0.7296,0.918742,0.0,1,0.0038244123,1.6876386187,1.700804217734039
5.55509,4.14993,5.55509,1.52455,953.655,625.532,0.0,0.0,0.496,0.325342,0.0,1,0.0028230996,0.9594366532,0.9521473095375039
5.60421,3.86066,5.60127,1.48994,937.281,629.074,0.0,0.0,0.4916,0.329946,0.0,1,0.0026475414,0.9089273028,0.9265311028555987
5.49903,4.14636,5.49903,1.53964,937.998,609.231,0.0,0.0,0.4952,0.321633,0.0,1,0.0027717544,0.936586224,0.9304543685881608
6.69801,4.2951,6.69801,1.32919,1592.17,1197.85,0.0,0.0,0.5518,0.41514,0.0,1,0.0012944373,0.6149728170000001,0.5921046347754053
11.388,10.51295,11.388,1.29023,1549.54,1200.97,0.0,0.0,0.6408,0.496654,0.0,1,0.0025374107,1.1967481927,1.1168999696854078
6.09672,4.22892,6.07575,0.908366,2253.73,2481.08,0.0,0.0,0.6284,0.691792,0.0,0,0.0069945516,2.8569623399,2.735359042343391
12.74499,5.77928,12.74499,0.733163,2254.93,3075.61,0.0,0.0,0.725,0.988866,0.00027279,0,0.0016747617,0.8232451909,0.8141202017602318
11.82299,11.04159,11.82299,1.21909,1551.12,1272.35,0.0,0.0,0.6516,0.534496,0.0,1,0.0027408822999999,1.2424369732,1.23534138047041
11.68121,10.84815,11.68121,1.21577,1583.43,1302.41,0.0,0.0,0.6636,0.545826,0.0,1,0.0030281363,1.3857203126,1.3647417117172809
5.74395,5.29156,5.74395,1.06237,2263.33,2130.44,0.0,0.0,0.6418,0.604119,0.0,1,0.0043039745,1.8639237662,1.765916609635237
5.80963,5.50482,5.80963,1.36819,906.494,662.552,0.0,0.0,0.4696,0.343228,0.0,0,0.0023716715,0.8785268637,0.8582865078463748
4.42221,3.69918,4.41972,1.50844,549.218,364.098,0.0,0.0,0.4148,0.274987,0.0,0,0.0085831568,1.7037030053,1.6376950769786753
6.26224,4.9385,6.26224,0.976988,2134.32,2184.59,0.0,0.0,0.6306,0.645453,0.0,1,0.0047701272,1.9353129767,1.951227558662424
5.99818,3.55745,5.99789,1.43122,1129.23,788.996,0.0,0.0,0.5054,0.353125,0.0,1,0.0028696234999999,1.0244302065000002,1.0078345605972663
5.7179,4.33245,5.7179,1.22921,2521.0,2050.91,0.0,0.0,0.7142,0.581024,0.0,1,0.0010988927,0.5688849587,0.4877439250045552
4.33773,3.41599,4.33773,1.49576,352.527,235.684,0.0,0.0,0.417,0.278788,0.0,0,0.0026063196,0.7704548187000001,0.7978093406942537
5.72419,4.44331,5.72419,1.42898,2534.05,1773.33,0.0,0.0,0.696,0.487062,0.0,1,0.0018883817,0.8835629114,0.8076131642868192
4.76467,4.03549,4.66336,1.44804,377.496,260.695,0.0,0.0,0.3538,0.244331,0.0,1,0.000884108,0.3346401409,0.2994706262458908
6.29331,4.20233,6.29331,1.17761,1945.22,1651.83,0.0,0.0,0.5978,0.507636,0.0,1,0.0055887686,1.9447171049,1.9876736199770448
5.77002,3.85246,5.77002,1.252,1972.92,1575.81,0.0,0.0,0.591,0.472044,0.0,1,0.0057243135,2.0097561951,2.049622058924376
5.45253,3.7803,5.34777,1.25131,1519.07,1213.99,0.0,0.0,0.5746,0.459198,0.0,1,0.0036326568,1.4036216550999998,1.4360069922063803
9.92256,5.8874,9.91786,0.624717,2477.67,3966.07,0.0,0.0,0.7426,1.1887,0.0,1,0.0038628762,1.7254349202,1.7797292237456535
13.08079,12.38023,13.06205,0.690785,1403.08,2031.14,0.0,0.0,0.695,1.0061,0.0,1,0.0019335589,0.8884867729000001,0.9405257343395621
11.66235,10.95208,11.66071,1.12361,1554.7,1383.67,0.0,0.0,0.6474,0.57618,0.0,1,0.0030031651,1.388775841,1.3611300655495702
10.90023,10.70959,10.90023,1.18162,1552.96,1314.27,0.0,0.0,0.6334,0.536045,0.0,1,0.0030113407,1.4107172962,1.3244838602846658
5.25085,4.08598,5.25085,2.1223,863.13,406.696,0.0,0.0,0.445,0.209679,0.0,1,0.0011566974,0.4444791689,0.4348500641974309
8.46756,5.64741,8.46756,0.942685,2103.28,2231.16,0.0,0.0,0.6726,0.713494,0.0,1,0.0051180146999999,1.91403221,2.0287059916644203
9.28052,5.47786,6.88618,0.953453,2042.04,2141.73,5.77107,6.05281,0.6674,0.699982,0.0,1,0.0046629291,1.8541544948,1.8932133347549631
7.54466,5.76979,7.52984,0.764767,2839.31,3712.64,0.0,0.0,0.7218,0.943817,0.0,1,0.0038995418,1.8531955657,1.7954448412435582
6.27181,5.14016,6.27181,1.1,1232.84,1120.77,0.0,0.0,0.519,0.471819,0.0,0,0.0037654198999999,1.412211879,1.392635382996877
5.11803,3.57569,5.1143,1.5953,423.001,265.155,0.0,0.0,0.4296,0.269291,0.0,1,0.0011204859,0.4174819240999999,0.3474448302672797
8.00513,4.84682,8.00513,0.97425,1418.35,1455.84,0.0,0.0,0.579,0.594304,0.0,1,0.0026008595,1.1098372429,1.1163113144522028
5.63894,4.87372,5.6352,0.95923,2385.0,2486.37,0.0,0.0,0.6578,0.685758,0.0,1,0.0047044237,2.0105927138,1.9404544753691897
12.32799,5.95231,12.30286,0.80227,2262.64,2820.29,0.0,0.0,0.7248,0.903436,0.0,1,0.0061094135999999,2.2902586781,2.2940737533838713
12.3325,5.92345,11.43456,0.799114,2266.72,2836.54,0.0,0.0,0.716,0.895992,0.0,1,0.0054723032999999,2.1380761871,2.1367208479922755
12.52097,5.76234,12.52097,0.820913,2240.31,2729.05,0.0,0.0,0.7178,0.874392,0.0,1,0.0056524614,2.1472469868,2.1177261413445105
4.31723,3.81301,4.31723,1.71018,546.548,319.586,0.0,0.0,0.3908,0.228514,0.0,1,0.0059230696,1.4460462691,1.3561782819927886
11.44556,6.40417,11.33705,0.730607,2384.2,3263.31,0.0,0.0,0.7356,1.00683,0.0,1,0.0053033520999999,2.1970217332,2.159036437478646
10.93441,7.53577,10.93441,0.740914,2058.85,2778.79,0.0,0.0,0.6834,0.922374,0.0,1,0.0038353278,1.7126091068,1.6968194770577127
7.08547,5.79444,7.06039,0.976074,2045.35,2095.49,0.0,0.0,0.6658,0.682121,0.0,1,0.004586725,2.0806811642,1.8440881777003493
5.11473,4.16376,5.10357,1.08866,1006.1,924.169,87.4124,80.2937,0.5292,0.486103,0.0,0,0.0070508066,2.2075444178,2.126148900970684
5.10474,4.13393,5.10321,1.0969,978.875,892.401,83.5224,76.1441,0.514,0.468593,0.0,0,0.0070403118,2.2417244755000003,2.1435620177332106
5.08733,4.17716,5.07679,1.08852,1089.8,1001.18,0.0,0.0,0.5174,0.475323,0.0,0,0.0065925305,2.1309790594,2.1393826937380913
5.04996,4.14711,5.04511,1.09607,962.033,877.707,77.5987,70.7969,0.5244,0.478435,0.0,0,0.00649108,2.1247923308,2.0744774357795186
5.13748,4.1998,5.12786,1.08542,1130.58,1041.61,0.0,0.0,0.5222,0.481103,0.0,0,0.0066904826,2.2011792763,2.116105500039902
5.06349,3.71152,5.06349,1.47923,1116.55,754.816,0.0,0.0,0.5356,0.362081,0.0,1,0.0061580555,1.7342324138,1.7891961792703164
6.32965,4.86396,6.30162,0.999228,1791.69,1793.08,0.0,0.0,0.6306,0.631087,0.0,1,0.0036660659,1.5997740852000002,1.5812605450403
6.92026,6.59227,6.92026,1.32896,1046.66,787.578,0.0,0.0,0.471,0.354412,0.0,0,0.0017874361,0.7302220475,0.779342857546305
5.70656,4.20407,5.70656,1.37248,1878.22,1368.48,0.0,0.0,0.6602,0.481026,0.0,1,0.0008708955,0.4220108907,0.4326160151426315
4.47666,3.4574,4.38159,1.49843,1071.95,715.381,0.0,0.0,0.5224,0.348632,0.0,0,0.0031619790999999,1.1968326292,1.118991652882534
10.30385,9.54542,10.30385,0.791501,1993.93,2519.18,0.0,0.0,0.7574,0.956916,0.0,1,0.002175522,0.9972777052,1.015370517656756
8.48774,6.12459,8.47169,0.953346,1562.83,1639.31,0.0,0.0,0.592,0.62097,0.0,1,0.0029876847,1.3044248572,1.3114154924305563
10.27954,6.68603,10.27954,0.811613,2141.53,2638.61,0.0,0.0,0.7038,0.867162,0.0,1,0.0064800626,1.9570401663,2.201717918284288
7.39924,5.0967,7.39924,1.7772,885.87,498.464,0.0,0.0,0.459,0.258271,0.0,0,0.0018282851,0.7064871937999999,0.6756811790588564
12.65678,12.45148,12.65678,0.754809,1718.63,2276.91,0.0,0.0,0.7462,0.988595,0.0,0,0.0030164603999999,1.3768787775,1.3321834696580712
7.17175,4.98444,7.17175,1.90997,842.378,441.043,0.0,0.0,0.429,0.224611,0.0,0,0.0020208506,0.7038165286,0.7090358909262506
7.46533,5.15143,7.46533,1.74528,880.071,504.258,0.0,0.0,0.4664,0.267235,0.0,0,0.0018227515,0.6844791572,0.6638514028708771
7.16776,4.98308,7.16776,1.90582,867.573,455.224,0.0,0.0,0.4432,0.232551,0.0,0,0.0020403653,0.6982461795999999,0.7208459189880333
4.92252,4.16141,4.92016,1.02848,1305.43,1269.29,149.801,145.653,0.5256,0.511047,0.0,1,0.0033600744,1.3884140368,1.4199771279107758
9.10759,5.82003,9.09622,0.79426,2035.41,2562.65,0.0,0.0,0.6788,0.854632,0.0,0,0.0031613013,1.4174527161,1.389701789518478
9.31132,6.13762,9.25337,0.805528,2027.45,2516.92,0.0,0.0,0.6802,0.844415,0.0,0,0.0031629323,1.3773560151,1.3886896019872577
9.35403,6.16685,9.35403,0.696817,2021.29,2900.75,0.0,0.0,0.689,0.988782,0.0,0,0.0033773432,1.5368561768,1.5608671261913254
9.37986,6.91474,9.3766,0.799877,2024.21,2530.65,0.0,0.0,0.6774,0.84688,0.0,0,0.0033798909,1.5106565196,1.5400508184010946
9.29397,7.061,9.29397,0.804304,2026.73,2519.86,0.0,0.0,0.6664,0.828542,0.0,1,0.0034614271,1.5358712413,1.586931139861429
9.2643,7.0803,9.2643,0.838826,2017.64,2405.31,0.0,0.0,0.6628,0.790152,0.0,1,0.0034065706,1.4863858204,1.534011436523853
9.26232,6.95652,9.26232,0.838222,1987.56,2371.16,0.0,0.0,0.6778,0.808616,0.0,1,0.0033460172,1.4853439585,1.4919424943702218
8.73316,6.23369,8.71341,0.740492,2050.34,2768.88,0.0,0.0,0.675,0.911557,0.0,1,0.00431543,1.8446797447,1.8005781364751008
6.97207,5.82661,6.96816,0.933596,1700.54,1821.49,0.0,0.0,0.6474,0.693448,0.0,1,0.0028500739,1.2226519318,1.268240401796719
5.90641,4.49569,5.71401,1.1598,896.995,773.404,0.0,0.0,0.4966,0.428177,0.0,0,0.0035776459,1.1585708647,1.163400462472578
6.46856,4.61872,6.46856,1.24305,1893.89,1523.58,0.0,0.0,0.5932,0.477214,0.0,1,0.0045831552,1.7614896649,1.7502084234874915
6.3423,4.46517,6.3423,1.25711,1867.55,1485.59,0.0,0.0,0.5936,0.472195,0.0,1,0.0044143103,1.7397157513,1.7142026515141693
13.23644,6.65907,13.23644,0.875752,2128.62,2430.62,0.0,0.0,0.7182,0.820095,0.0,1,0.0049080643,1.6671299356,1.7369991924376107
13.24642,6.64739,13.24642,0.87412,2116.36,2421.13,0.0,0.0,0.718,0.821397,0.0,1,0.0049442289,1.6372527403,1.7295126140844077
5.56472,4.25664,5.46687,1.21878,1831.56,1502.78,0.0,0.0,0.5704,0.46801,0.0,1,0.0027089415999999,1.1256850572,1.1231601498267487
6.46377,5.36376,6.20996,1.13461,1899.46,1674.11,0.0,0.0,0.5878,0.518062,0.0,1,0.0032574199,1.3637299173,1.3785536893884514
5.02813,3.93675,5.02538,1.19627,575.885,481.401,200.588,167.678,0.4922,0.411446,0.0,1,0.0144178583,2.2986832749,2.1580895286101267
4.96518,4.05764,4.96518,2.7729,1349.87,486.806,0.0,0.0,0.5428,0.195751,0.0,1,0.0024691831,0.8091302529000001,0.9288821500532162
4.46675,3.68033,4.46518,1.46572,1326.74,905.182,0.0,0.0,0.5588,0.381246,0.0,1,0.0079086459,2.3161215533,2.3984968849332535
14.91316,13.24304,14.91316,0.365184,1896.05,5192.05,0.0,0.0,0.8544,2.33964,0.0,1,0.0031982594,1.6019686614,1.54076431274658
14.22916,13.19368,14.22916,0.358398,1899.33,5299.5,0.0,0.0,0.8506,2.37334,0.0,1,0.002974489,1.5569101888,1.4575859418365957
14.83912,13.174,14.83912,0.366991,1878.61,5118.95,0.0,0.0,0.845,2.30251,0.0,1,0.0031975164,1.5508470377,1.528702512382677
23.72832,19.63801,23.72795,0.329166,1685.62,5120.87,0.0,0.0,0.8726,2.65094,0.0,1,0.0035624934999999,1.6731579915,1.7594370811826499
5.48557,4.55432,5.48557,1.58071,2319.33,1467.27,0.0,0.0,0.6272,0.396784,0.0,1,0.003606322,1.4270635778,1.4302868206831225
8.5954,7.40656,8.5954,0.71813,2299.0,3201.36,0.0,0.0,0.725,1.00957,0.0,1,0.003402386,1.4820397337,1.5905123976118096
14.31673,13.37952,14.23422,0.356183,1691.25,4748.26,0.0,0.0,0.8698,2.442,0.0,1,0.0032179163,1.5283238894,1.5368535856148136
17.29514,15.33221,17.29514,0.284265,1476.32,5193.45,0.0,0.0,0.8856,3.1154,0.0,1,0.0038350974,1.7834326709,1.7944894080795148
23.03533,21.60719,23.02579,0.170429,1040.62,6105.88,0.0,0.0,0.9292,5.45213,0.0,1,0.0043979410999999,2.1663829201,2.1091621477938807
8.58247,7.41664,8.57789,0.88698,2088.4,2354.51,0.0,0.0,0.6722,0.757852,0.0,0,0.0082400929,2.8392503646,3.0504062028007817
7.98338,7.19596,7.98212,0.722195,2566.22,3553.36,0.0,0.0,0.733,1.01496,0.0,0,0.0052522724,2.4289313438,2.3290490589015693
6.07415,4.27878,5.44099,0.965162,1660.14,1720.06,0.0,0.0,0.5906,0.611918,0.0,0,0.0054713731,2.0877008544,2.060851030493706
8.8329,3.77071,4.46909,1.00158,193.263,192.958,1002.0,1000.42,0.5486,0.547735,0.0,1,0.0038759465999999,1.2790251287,1.282305937977644
12.23219,8.02038,12.23219,0.853098,1638.56,1920.72,0.0,0.0,0.6458,0.757006,0.0,1,0.0038311215999999,1.4845528496,1.54488024464695
12.1779,8.09448,10.99703,0.853016,1612.06,1889.83,0.0,0.0,0.6372,0.746997,0.0,1,0.0039598419,1.5130017222,1.5454602858376514
12.14685,7.7394,12.14685,0.885336,1547.82,1748.28,0.0,0.0,0.616,0.695781,0.0,1,0.0038778103,1.428445034,1.4399886144912344
12.08969,7.27048,11.78932,0.880979,1591.93,1807.0,0.0,0.0,0.6308,0.716022,0.0,1,0.003809216,1.4766446412,1.4703476209144242
12.14217,7.80534,11.99319,0.869373,1588.95,1827.7,0.0,0.0,0.6226,0.716148,0.0,1,0.0038371886,1.4785550082,1.4951786030822154
12.38727,7.83288,12.25594,0.880388,1559.27,1771.12,0.0,0.0,0.6108,0.693785,0.0,1,0.0039863371,1.4664764072999998,1.437195304127146
12.14021,7.5095,12.14021,0.892504,1531.39,1715.83,0.0,0.0,0.6302,0.706103,0.0,1,0.0039231648,1.4690259785,1.473036290311296
12.0955,7.67742,12.0955,0.88783,1530.66,1724.05,0.0,0.0,0.6136,0.691123,0.0,1,0.0036801942,1.419207293,1.4013781004319623
8.90504,3.86123,4.56441,1.0015,203.674,203.369,1009.04,1007.53,0.5542,0.55337,0.0,1,0.0039031613,1.2537455348,1.2979972604978895
8.97205,3.95645,4.60423,0.992163,207.149,208.786,995.754,1003.62,0.5564,0.560795,0.0,1,0.0038515966,1.2702734533,1.314155231198473
8.8251,3.77258,4.48452,0.998614,192.623,192.891,1030.53,1031.96,0.5614,0.562179,0.0,1,0.0037642231,1.2366446752,1.2517705454662045
11.1437,9.04409,11.1437,0.650684,2284.21,3510.47,0.0,0.0,0.7594,1.16708,0.0,1,0.004354414,1.7358725694,1.8784430821340847
8.28708,3.55494,4.42564,1.01761,177.365,174.295,1049.0,1030.85,0.5566,0.546967,0.0,1,0.0033889465999999,1.2018786089,1.2137992158959092
8.72809,3.86749,4.52721,0.991405,208.075,209.879,1052.86,1061.99,0.545,0.549725,0.0,1,0.0037728171999999,1.2306946818,1.2518730168129646
18.68299,9.17237,18.68299,0.551216,1809.24,3282.27,0.0,0.0,0.7988,1.44916,0.0,1,0.0026177568,1.2898105147,1.2973912323778842
16.53276,6.69779,16.53276,0.78335,1957.27,2498.59,0.0,0.0,0.7286,0.930107,0.0,1,0.0042367434,1.855668334,1.7257266213827824
16.29659,6.6292,16.03149,0.78852,1944.95,2466.59,0.0,0.0,0.7412,0.939989,0.0,1,0.0040412014,1.8016481527,1.6887646615057725
13.17767,6.71826,13.17767,0.884458,2085.56,2358.0,0.0,0.0,0.7192,0.813153,0.0,1,0.005119886,1.6695478031,1.7288735388174103
12.94074,6.40333,12.94074,0.919994,2127.62,2312.64,0.0,0.0,0.711,0.772831,0.0,1,0.005848346,1.7906555802000002,1.933687369785034
13.11018,6.61787,13.11018,0.895381,2105.3,2351.29,0.0,0.0,0.717,0.800776,0.0,1,0.0053911211,1.699257091,1.842141279151052
9.05929,7.3957,8.92663,0.731602,2360.06,3225.88,0.0,0.0,0.7172,0.980315,0.0,0,0.0036408925,1.5405921216,1.6742888519733632
10.98297,5.31916,10.97484,0.745521,2263.49,3036.11,6.87382,9.22015,0.704,0.944306,0.0,1,0.0026239221999999,1.2814343748,1.2794895810385367
6.14583,4.4748,6.13418,0.794677,2426.04,3052.86,0.0,0.0,0.655,0.824234,0.0,1,0.0065105983,2.7848274766000003,2.6795651029523264
6.11311,4.49275,6.10612,0.785206,2427.23,3091.21,0.0,0.0,0.6562,0.835705,0.0,1,0.0068230969,2.8336095488,2.762164439625689
8.13608,7.45425,8.13237,1.22623,2069.1,1687.37,0.0,0.0,0.6692,0.545739,0.0,0,0.0026471046999999,1.1581902734,1.1714669905856767
7.3057,7.1276,7.3057,1.11442,1602.91,1438.33,0.0,0.0,0.599,0.537499,0.0,0,0.0050019409,2.1492724633,2.013467110823961
7.30662,7.12733,7.30662,1.1168,1599.91,1432.58,0.0,0.0,0.598,0.535457,0.0,0,0.0053085042,2.1529106483,2.156032601539442
7.31075,7.15837,7.31075,1.119,1594.88,1425.28,0.0,0.0,0.597,0.533514,0.0,0,0.0049591122,2.1193013925,2.008284005074432
7.30941,7.11813,7.30941,1.12085,1593.11,1421.33,0.0,0.0,0.597,0.53263,0.0,0,0.0051755097999999,2.141229685,2.1099544440848503
7.33092,7.2403,7.33092,1.11449,1591.26,1427.79,0.0,0.0,0.599,0.537465,0.0,0,0.0050154657,2.0978847902,2.0215870029960534
7.33103,7.26133,7.33103,1.11607,1588.71,1423.49,0.0,0.0,0.5978,0.535629,0.0,0,0.0049365708,2.0744259354,2.0084729547756948
7.31581,7.08591,7.31581,1.1114,1611.64,1450.1,0.0,0.0,0.6012,0.540938,0.0,0,0.0051259187,2.1640957005000003,2.0865407203608854
8.23812,7.71066,8.23292,1.2095,2057.71,1701.29,0.0,0.0,0.6722,0.555769,0.0,0,0.0026227469,1.1422404964,1.1551268535369614
8.43698,7.85452,8.43698,1.19984,2075.29,1729.64,0.0,0.0,0.6726,0.560573,0.0,0,0.002649738,1.1503852315,1.167627518426459
10.47318,8.63887,10.47223,1.31181,2059.34,1569.85,0.148904,0.11351,0.7314,0.557551,0.0,1,0.0006865214999999,0.3402417667,0.30698808673128375
4.30393,3.46273,4.2974,1.65851,453.916,273.69,0.0,0.0,0.4906,0.295808,0.0,1,0.003118905,1.285257315,1.0080835634241236
5.69788,4.67127,5.65245,1.33358,1307.89,980.739,0.0,0.0,0.5882,0.44107,0.0,1,0.0026693625,1.0200246159,1.0052792089975084
6.36937,5.09614,6.24616,0.987749,1999.77,2024.57,0.0,0.0,0.6554,0.663529,0.0,0,0.0048109649,2.0276739121,1.9222553973014922
5.59461,4.17124,5.5868,1.43565,1333.03,928.52,0.0,0.0,0.5274,0.36736,0.0,1,0.0075005781,1.9425024762,2.0451063597292496
5.96341,5.54999,5.95022,1.02109,1555.57,1523.45,0.0,0.0,0.5744,0.562538,0.0,1,0.0050113226,2.0221293295,1.8372269074022207
4.84062,3.90347,4.82463,0.992255,1242.53,1252.23,0.0,0.0,0.541,0.545223,0.0,1,0.0036118993,1.4120323956,1.4643321293177822
5.3717,3.49252,5.3717,1.8286,687.912,376.196,166.963,91.3066,0.5254,0.287324,0.0,1,0.0025296026,0.9550461412,0.8119629814724578
13.51875,4.58024,13.51875,0.967914,2185.15,2257.59,0.0,0.0,0.6906,0.713493,0.0,1,0.0045029094,1.9482713626,1.844697821006576
6.68504,4.40867,6.68504,1.13487,1861.75,1640.49,0.0,0.0,0.6014,0.529928,0.0,1,0.0031022805,1.3788372544999998,1.3161029518459681
7.56959,6.44554,7.50387,0.891969,1666.54,1868.38,0.0,0.0,0.6382,0.715495,0.0,1,0.0044738239,1.8246277937,1.7964557108005277
15.62831,12.51365,15.62831,0.534545,1877.9,3513.08,0.0,0.0,0.7824,1.46367,0.0,1,0.004933899,2.0720546703,2.171691061649951
4.21946,3.54584,4.20969,1.16836,1052.94,901.216,0.0,0.0,0.57,0.487865,0.0,1,0.0039596375,1.5894713551,1.4657243728195102
4.2412,3.56279,4.22796,1.15986,1110.01,957.016,0.0,0.0,0.5978,0.515406,0.0,1,0.0040324854999999,1.6167775795,1.5673372738278837
7.07898,5.31452,7.01634,0.998068,1852.97,1856.56,0.0,0.0,0.6184,0.619597,0.0,1,0.0028279165999999,1.2440471403,1.2399465989983123
4.9958,3.46915,4.97725,0.885985,1404.66,1585.43,0.0,0.0,0.6048,0.68263,0.0,1,0.0085318376,2.9705480397,2.854788498944398
5.03615,3.51292,5.0361,0.885985,1404.83,1585.62,0.0,0.0,0.61,0.688499,0.0,1,0.0084804216,2.9586098941000003,2.74676229529915
10.92065,8.43628,10.92065,1.03509,1442.59,1393.7,0.0,0.0,0.609,0.588357,0.0,0,0.0034810146,1.3085105776,1.3762651051271861
4.84924,3.94171,4.80226,1.78705,773.954,433.09,0.0,0.0,0.5042,0.282141,0.0,0,0.0060287342,1.2536234723000002,1.4405427964761846
7.48304,4.32366,7.48304,1.13521,1918.18,1689.72,0.0,0.0,0.6406,0.564302,0.0,1,0.0052089061,1.9903742015,1.9666354478973385
12.14022,5.32775,12.13484,1.5096,998.115,661.177,50.3608,33.3603,0.5416,0.35877,0.0,1,0.0350059145,1.9293343106,3.4185394496021884
4.04864,3.84801,4.03945,1.23647,540.504,437.135,0.0,0.0,0.4578,0.370247,0.0,0,0.0048671963,1.5158937996,1.467421192627835
4.24138,4.03203,4.24093,1.2014,660.067,549.414,0.0,0.0,0.487,0.40536,0.0,0,0.0057498391,1.6024723769999998,1.7203438995814377
6.83643,4.32814,6.8224,1.14242,1819.25,1592.45,0.0,0.0,0.6186,0.541481,0.0,1,0.0034508184,1.4616894229,1.481967267329591
6.8392,4.32331,6.8392,1.14242,1823.4,1596.08,0.0,0.0,0.6078,0.532027,0.0,1,0.0036439267,1.4701557658000002,1.4978616143977859
8.03848,5.65574,8.03848,1.06612,2083.29,1954.09,0.0,0.0,0.6316,0.59243,0.0,1,0.0033172298,1.4413998277000002,1.426491813799164
7.4125,4.89988,7.38387,1.09762,2034.16,1853.25,0.0,0.0,0.6302,0.574154,0.0,1,0.0034733036,1.4738922786000002,1.5101953496184455
7.81736,4.94122,7.81736,1.03321,2328.38,2253.55,0.0,0.0,0.6462,0.625431,0.0,1,0.0031942225,1.3762416575,1.4056955688302948
8.255,5.9525,8.24564,1.11832,1646.01,1471.86,0.0,0.0,0.6014,0.537769,0.0,0,0.0027716381,1.1299114612,1.1905161958072383
4.88109,3.65952,4.87411,1.39164,808.303,580.827,0.0,0.0,0.4608,0.33112,0.0,0,0.0035145335,1.1514267825,1.1285661409179424
5.24127,3.85188,5.21916,1.33454,931.861,698.265,0.0,0.0,0.4838,0.362522,0.0,0,0.0034983375,1.1289244552,1.1636239818838374
4.81303,3.64676,4.81303,1.40908,773.939,549.25,0.0,0.0,0.452,0.320776,0.0,0,0.0036218321,1.1944109854,1.1088774607319154
4.73753,3.78928,4.73753,1.38845,832.486,599.579,0.0,0.0,0.4634,0.333753,0.0,0,0.0036724446,1.179798138,1.1891735467993008
4.34072,3.48491,4.33485,1.56158,471.476,301.922,0.0,0.0,0.4076,0.261018,0.0,0,0.0075681333,1.4819768275999998,1.5385709030347592
4.12173,3.57853,4.12173,1.5597,414.634,265.842,0.0,0.0,0.4006,0.256844,0.0,0,0.001427687,0.5171121606,0.548881970312864
5.88115,4.91006,5.87893,0.940943,2247.61,2388.68,0.0,0.0,0.6062,0.644247,0.0,1,0.0059059629,2.4942172646,2.3701169493190073
4.10568,3.45704,3.93638,1.4574,748.354,513.486,0.0,0.0,0.4558,0.312749,0.0,1,0.001028291,0.4406633315,0.45728799178478496
8.29403,6.89914,8.29403,0.556974,2324.09,4172.71,0.0,0.0,0.7312,1.31281,0.0,1,0.0020516921,0.9585260114,1.0142805486823157
7.32998,6.03401,7.3267,0.822036,2196.41,2671.92,0.0,0.0,0.6598,0.802641,0.0,1,0.0041802509999999,1.8352187497,1.8325124260182921
4.28444,3.44611,4.27407,1.60371,375.808,234.337,301.542,188.028,0.4528,0.282345,0.0,1,0.0122598853,1.7365010192,1.8142639941129268
5.14969,3.64809,5.0808,0.940411,1672.05,1778.0,0.0,0.0,0.6138,0.652693,0.0,1,0.0035916254,1.5663520027000002,1.5465906881192644
5.58663,3.48947,5.56914,1.35723,1328.82,979.066,0.0,0.0,0.5714,0.421003,0.0,1,0.0044574665999999,1.5448430935,1.4980273108052862
5.51146,4.60933,5.51146,1.37083,876.068,639.08,0.0,0.0,0.4564,0.332938,0.0,1,0.0025212566,0.9192028743,0.8726776793858937
9.85685,9.29464,9.85685,1.10591,1360.23,1229.96,0.0,0.0,0.5664,0.512158,0.0,1,0.0019739976,0.9256506211,0.9316722951011074
9.9038,9.36477,9.9038,1.10837,1274.59,1149.97,0.0,0.0,0.5552,0.500916,0.0,1,0.0014798446,0.6868762184,0.6865972902472366
10.14317,9.85365,10.14317,1.23585,1309.87,1059.89,0.0,0.0,0.5666,0.45847,0.0,1,0.0010905375,0.5021481937,0.5276416326727136
10.31182,9.72546,10.31182,1.3077,1323.78,1012.29,0.0,0.0,0.5742,0.439091,0.0,1,0.0009991150999999,0.4650304556,0.4596971803445966
8.87023,8.12641,8.87023,1.28139,1148.81,896.537,0.0,0.0,0.5282,0.41221,0.0,1,0.0011763767999999,0.5345009225,0.5386692135835366
8.58001,7.48221,8.58001,1.10647,1594.92,1441.46,0.0,0.0,0.5888,0.532145,0.0,1,0.0014772039,0.7075473968000001,0.7332169600267393
8.64993,8.01633,8.63141,1.0685,1374.86,1286.72,0.0,0.0,0.5518,0.516424,0.0,0,0.0022503380999999,0.9747714433,0.9814677278620189
8.01945,7.40132,8.00563,1.23661,1375.89,1112.63,0.0,0.0,0.5666,0.458188,0.0,0,0.0020714823,0.8789773058,0.926124893663392
7.04809,6.65056,7.03557,1.241,1207.66,973.134,0.0,0.0,0.527,0.424658,0.0,1,0.0040287905,1.5740575481,1.4925377077272592
8.72919,8.14175,8.68787,1.12133,1390.1,1239.69,0.0,0.0,0.5646,0.50351,0.0,1,0.003197779,1.3195243203,1.264253672080918
8.3881,8.06353,8.36842,1.12082,1406.28,1254.68,0.0,0.0,0.5662,0.505164,0.0,1,0.0030612347999999,1.3280240796,1.2477662769128453
9.62722,8.85338,9.62722,1.05458,1424.32,1350.6,0.0,0.0,0.595,0.564206,0.0,1,0.0026442608,1.1858166335,1.1397716112956524
6.22077,4.79076,5.73209,1.34353,2239.47,1666.86,0.0,0.0,0.6636,0.493924,0.0,1,0.0022225367,0.9401016355,0.9682763632358455
6.9167,4.63591,6.73101,0.936691,2313.06,2469.39,0.0,0.0,0.6504,0.694359,0.0,1,0.0058425878,2.3967862539,2.31182514265704
19.50435,6.85327,19.46967,0.908856,1908.32,2099.7,0.0,0.0,0.7472,0.822132,0.000220057,1,0.0019605559,0.9306317959,0.926803927175044
19.59015,6.72401,19.59015,0.902602,1911.89,2118.2,0.0,0.0,0.7472,0.827829,0.000221582,1,0.0020804018,0.9218285004,0.9603004700471786
6.23549,4.07005,5.99515,1.80747,1927.34,1066.32,0.0,0.0,0.6084,0.336603,0.000442607,1,0.0027552564,1.019985581,1.0383759479144392
6.2924,4.02189,6.26235,1.33234,1949.8,1463.44,0.0,0.0,0.6146,0.461294,0.000450336,1,0.0037634139,1.3883416169999998,1.4823976792214506
19.52135,6.64584,19.52135,1.26176,1911.12,1514.64,0.0,0.0,0.7502,0.594564,0.000158508,1,0.0014282572,0.6697711624,0.640198209227523
7.40475,6.25511,7.40475,1.09542,1351.03,1233.34,0.0,0.0,0.5684,0.518888,0.0,0,0.0051657277,1.8797649056,1.8508441995402933
16.05314,15.78983,16.05314,0.493271,1893.57,3838.8,0.0,0.0,0.781,1.58331,0.0,1,0.0034393745,1.6090808348,1.6201454921477032
9.50274,8.84024,9.48896,1.39627,1580.72,1132.1,0.0,0.0,0.6078,0.435304,0.0,1,0.0016644871,0.7626655729999999,0.7467077653091092
18.90864,18.72951,18.90864,0.692037,1357.79,1962.03,0.0,0.0,0.7528,1.0878,0.0,1,0.0027812399,1.2068749753,1.2599568495452895
9.42856,6.02587,9.42856,1.28204,1741.22,1358.17,0.0,0.0,0.657,0.512466,0.0,0,0.0016708162,0.7488712561,0.7608470251817
9.46287,6.0394,9.46287,1.26391,1742.96,1379.02,0.0,0.0,0.6604,0.522504,0.0,0,0.0015898428,0.7384197678,0.7520541662721942
9.11851,6.40194,9.11851,1.31172,1721.81,1312.64,0.0,0.0,0.6494,0.495075,0.0,0,0.0015582433999999,0.7441234523,0.7178562519253906
7.07949,4.99162,7.07464,0.478412,3315.96,6931.17,0.0,0.0,0.7822,1.63499,0.0,1,0.0016050692999999,0.7637652677,0.8364975583744585
4.88127,3.7293,4.77721,1.106,908.9,821.794,0.0,0.0,0.4886,0.441774,0.0,0,0.0055829338,1.6099421124000002,1.7938967631381733
5.98845,3.99073,5.69816,1.03053,1765.29,1712.99,0.0,0.0,0.576,0.558935,0.0,1,0.0050651644,1.9018166817,1.8972426825858666
6.08478,4.0122,6.08478,1.01421,1817.12,1791.66,0.0,0.0,0.6044,0.595933,0.0,1,0.0048261456,1.8850819751,1.8892834985443083
5.64298,3.8792,5.64298,1.08478,1405.71,1295.85,0.0,0.0,0.5704,0.525822,0.0,1,0.0052380717,1.9434890168,1.8928802549791846
7.63373,5.31385,7.61296,0.988669,1586.87,1605.06,0.0,0.0,0.5862,0.592918,0.0,0,0.0067546807,2.6542917534,2.3808234276037075
8.02024,6.48918,8.00532,0.699116,2353.41,3366.26,0.0,0.0,0.7058,1.00956,0.0,0,0.0067647593,2.820510625,2.754526919430696
8.05462,5.1792,8.05462,0.833153,2078.06,2494.21,0.0,0.0,0.6418,0.770326,0.0,1,0.004468905,2.0368905163,1.8933903513398849
7.46835,4.491,7.46835,0.893159,2015.14,2256.2,0.0,0.0,0.622,0.696404,0.0,1,0.0049924118,2.1357651338,2.0213305847102787
7.75339,4.84522,7.60552,0.848736,2042.74,2406.8,0.0,0.0,0.6436,0.758304,0.0,1,0.0048451209,2.0728150106,2.0214817846442754
5.41924,4.10207,5.41262,1.543,726.815,471.04,0.0,0.0,0.4344,0.281529,0.0,0,0.0042283846,1.0648118386,1.088969895307692
7.72889,5.88361,7.72889,0.997869,1989.71,1993.96,0.0,0.0,0.6604,0.66181,0.0,1,0.0019149647,0.906276637,0.8851711987055407
7.58694,5.52656,7.5744,1.14161,1954.46,1712.03,0.0,0.0,0.624,0.546598,0.0,1,0.0035847926,1.4081109894,1.4943774236460337
7.73943,5.5228,7.73943,1.0858,1985.75,1828.83,0.0,0.0,0.6324,0.582427,0.0,1,0.003207593,1.3485134638,1.3747533797044735
7.45128,5.46523,7.15276,1.17603,1960.28,1666.86,0.0,0.0,0.6188,0.526177,0.0,1,0.0038092496,1.4846983269999998,1.5502375163194406
6.90955,4.49306,6.89631,1.14557,2040.23,1780.98,0.0,0.0,0.6396,0.558325,0.0,1,0.0024805798,1.1537757988,1.0977495665015835
7.32941,4.58436,7.32711,1.21765,2007.19,1648.41,0.0,0.0,0.6216,0.510492,0.0,1,0.0041128719,1.6065086283,1.6379058033406229
5.04407,3.94718,5.0182,1.1747,1719.75,1463.99,0.0,0.0,0.6072,0.516898,0.0,1,0.0055305193,2.1494735154,2.062386694981464
5.52138,3.68821,5.51435,1.34752,969.124,719.188,2.26658,1.68203,0.5016,0.372238,0.0,1,0.0064229778,1.7169486132,1.7260600720657329
6.60663,5.9994,6.60453,2.29175,1025.32,447.396,0.0,0.0,0.5236,0.228472,0.0,1,0.0022379476,0.8041872411,0.8159114937931621
8.54513,8.23246,8.54513,0.722133,2313.21,3203.31,0.0,0.0,0.7918,1.09647,0.0,0,0.0016342207999999,0.8788823658,0.8013475911779903
5.57167,3.60863,5.43096,2.052,1278.23,622.917,0.0,0.0,0.549,0.267544,0.0,1,0.0018813442,0.7548930928,0.7339102128617686
5.43529,3.40185,5.40249,2.21366,1083.86,489.625,0.0,0.0,0.5328,0.240687,0.0,1,0.0017570039,0.6825405133,0.6447576008067853
20.28488,4.16314,9.48492,0.98367,1835.3,1865.77,0.0,0.0,0.6704,0.681529,0.0,1,0.0039494009,1.5883446112,1.6022187593614972
5.97449,3.48385,5.9665,2.03706,967.647,475.021,0.0,0.0,0.5188,0.25468,0.0,1,0.0018339914,0.6471046364999999,0.6590148601783491
5.97089,3.4618,5.97089,2.03022,1036.5,510.537,0.0,0.0,0.5304,0.261252,0.0,1,0.0016610627999999,0.621837609,0.6413499782949638
5.74983,3.78405,5.68214,1.22917,1255.73,1021.6,0.0,0.0,0.5252,0.427279,0.0,1,0.0044351025,1.5234983293000002,1.512626124348415
5.52611,4.54089,5.51535,1.339,1839.55,1373.82,0.0,0.0,0.5986,0.44705,0.0,1,0.0056810767,1.9843679723,1.9742559769143466
6.47036,4.69494,6.47036,1.17962,2196.81,1862.3,0.0,0.0,0.6472,0.548652,0.0,1,0.0023656201999999,1.00831249,1.063000368827567
5.26222,4.56445,5.26222,1.41259,749.294,530.438,0.0,0.0,0.5012,0.354809,0.0,1,0.0033775861999999,1.098050578,1.0809100778742955
7.01927,4.56509,7.01927,1.20631,1535.66,1273.03,0.0,0.0,0.6016,0.498713,0.0,1,0.0046828175,1.7609993036000002,1.743644189210469
4.7478,3.45863,4.7478,2.16707,449.011,207.197,0.0,0.0,0.3986,0.183935,0.0,1,0.0021888479,0.5807696701,0.6656923678578498
6.08861,4.66373,6.08699,1.18202,859.304,726.977,313.731,265.419,0.5438,0.460059,0.0,1,0.0080198096,1.8312660345,1.9266879293552597
5.5226,3.96675,5.5226,1.11957,1446.11,1291.67,0.0,0.0,0.5666,0.506089,0.0,1,0.0035229990999999,1.3665243616,1.3804933709958418
7.50726,5.3332,7.50699,0.991241,2013.82,2031.62,0.0,0.0,0.621,0.626488,0.0,1,0.0036453475,1.5289936222999998,1.5596130695460906
5.56779,4.25341,5.54313,1.05181,1608.8,1529.56,0.0,0.0,0.552,0.524811,0.0,1,0.003779267,1.434533433,1.4672097680155989
4.71137,3.51837,4.71137,1.22336,1024.9,837.774,81.2251,66.395,0.5446,0.445167,0.0,1,0.0031180323,1.2181247378,1.2194954813610175
5.14072,4.00351,5.14055,1.55556,2014.34,1294.93,0.0,0.0,0.6006,0.386099,0.0,1,0.0020758572,0.9179094273,0.8996571145656601
5.67034,4.65738,5.67034,1.50505,1984.46,1318.53,0.0,0.0,0.6152,0.408756,0.0,1,0.0018896562,0.8210637356999999,0.8188423890328014
8.78779,6.45971,8.7759,0.828086,1735.59,2095.91,0.0,0.0,0.6318,0.762964,0.0,1,0.0036955325,1.5056739886,1.5752829189397928
8.84143,7.37067,8.64635,0.961303,1776.26,1847.76,0.0,0.0,0.6086,0.633099,0.0,1,0.0032835246,1.412700569,1.4283573741678963
4.5925,3.72441,4.55253,1.45522,1114.56,765.906,0.0,0.0,0.459,0.315416,0.0,1,0.0037788876,1.3415651345,1.301613875649823
6.298,3.81619,6.27425,1.33376,798.487,598.675,0.0,0.0,0.4626,0.34684,0.0,1,0.0055442105,1.3413241841,1.45289797165722
4.3234,3.46915,4.32329,1.51036,756.835,501.096,0.0,0.0,0.4966,0.328796,0.0,1,0.0021356407999999,0.7953252003,0.7986739334962644
11.45503,9.77333,11.45503,0.404958,2012.2,4968.9,0.0,0.0,0.8444,2.08515,0.0,1,0.0033938424,1.553309666,1.6890180016984022
9.04253,7.30249,9.03111,0.610216,2352.44,3855.09,0.0,0.0,0.7448,1.22055,0.0,1,0.0033028704,1.5241348494,1.5511727860915596
13.73802,11.42638,13.39901,0.433642,2002.7,4618.32,0.0,0.0,0.8224,1.89649,0.0,1,0.0029500528,1.5816087581,1.4678199624012618
6.57595,5.59779,6.5535,1.07267,2264.54,2111.12,0.0,0.0,0.6676,0.622371,0.0,1,0.0045574874,1.7533689815,1.8648989166673449
11.92741,6.17876,10.43844,0.841842,2109.15,2505.4,0.0,0.0,0.7154,0.849804,0.0,1,0.0031834358,1.4470894518,1.3681877259801816
8.67531,5.1775,8.35832,0.937633,1918.83,2046.46,0.0,0.0,0.6496,0.692809,0.0,1,0.0036464003,1.5787187266,1.563649878808057
12.36127,6.84234,12.36127,0.492653,2292.38,4653.12,0.0,0.0,0.8076,1.63929,0.0,1,0.0033473146,1.6027005762,1.5930198900986317
11.39057,6.9563,11.17218,0.55889,2521.72,4512.0,0.0,0.0,0.7746,1.38596,0.0,1,0.0036257032,1.6707473412,1.7185020661464798
6.34584,5.04991,6.34584,1.10902,1973.56,1779.55,0.0,0.0,0.6464,0.582857,0.0,1,0.0041060739,1.7036333909,1.7056198972137646
5.92099,5.48654,5.7966,1.63199,1266.45,776.015,0.0,0.0,0.5438,0.333212,0.0,0,0.0084802904,2.3225213482,2.1488158407365825
4.43917,3.40706,4.39655,1.31985,159.122,120.561,0.0,0.0,0.4154,0.314732,0.0,0,0.0014869328,0.4420095840999999,0.5765757713033223
16.80237,4.60613,16.77492,0.589197,2123.72,3604.43,0.0,0.0,0.7212,1.22404,0.0,1,0.0051020252,2.2276957669,2.1984336310014747
6.64754,5.07389,6.16433,0.794522,2382.26,2998.35,0.0,0.0,0.6836,0.860391,0.0,1,0.0050708245,2.1919303644,2.1469787983736466
7.45351,5.81909,7.11831,0.709523,2586.66,3645.63,0.0,0.0,0.7068,0.996162,0.0,1,0.0044219203999999,1.975182881,1.9693328917887414
5.27863,4.66019,5.2635,1.38078,911.096,659.843,0.0,0.0,0.496,0.359218,0.0,1,0.0023737839,0.8111517984000001,0.8659824540056502
5.88914,4.75213,5.84985,1.23811,1386.84,1120.12,0.0,0.0,0.5304,0.428394,0.0,0,0.0066366223,2.0044260705,2.0069380935133085
5.22333,3.76094,5.20942,1.23729,1450.85,1172.61,0.0,0.0,0.566,0.457452,0.0,0,0.0064361407,2.0996199533,2.137061952682176
5.23926,3.75063,5.23926,1.23622,1470.1,1189.19,0.0,0.0,0.5596,0.452669,0.0,0,0.0062398361999999,2.0973525261000003,2.0736292552278277
5.94415,4.22176,5.9168,1.20125,1179.74,982.099,0.0,0.0,0.5426,0.451698,0.0,1,0.0084448867,2.3895540661,2.255878729401914
6.71193,5.19255,6.7113,1.00366,2512.55,2503.38,0.0,0.0,0.6472,0.644838,0.0,1,0.0042873115,1.8099563216,1.8309611007734925
13.17229,10.75846,13.16843,0.287208,1805.38,6285.97,0.0,0.0,0.8682,3.02289,0.0,0,0.0030486071,1.4862018335,1.5629965013942588
8.37622,7.86065,8.37622,1.08186,1183.03,1093.52,0.0,0.0,0.5464,0.505057,0.0,1,0.0016904675,0.7851941105,0.7388500889860136
5.24244,3.69297,5.22761,1.21845,601.492,493.654,0.0,0.0,0.4622,0.379335,0.0,0,0.0075282319999999,1.5066541215,1.5781312002916639
5.51001,5.03328,5.49298,1.14233,1980.67,1733.88,0.0,0.0,0.6382,0.55868,0.0,1,0.0043525488,1.6205509618,1.6889901395200269
4.49594,4.05224,4.48031,1.03604,1057.86,1021.06,0.0,0.0,0.4874,0.470444,0.0,0,0.0100993744,2.4814719098,2.6248226743481817
4.43369,3.93895,4.41861,1.01112,1121.76,1109.42,0.0,0.0,0.495,0.489555,0.0,1,0.0094051546,2.5356892266,2.69780204562667
4.24603,3.78968,4.24603,1.0539,1014.98,963.071,0.0,0.0,0.475,0.450706,0.0,0,0.0100294143,2.5052762968,2.4978005155747587
5.47061,4.41529,5.45212,1.01415,1093.33,1078.08,0.0,0.0,0.49,0.483165,0.0,0,0.0102801048,2.437101259,2.5431343957409
4.3912,3.544,4.3912,1.10854,669.818,604.235,0.0,0.0,0.4582,0.413336,0.0,1,0.006474004,1.8454893667,1.8959023425074923
15.07113,13.13968,15.07113,0.479637,2165.37,4514.6,0.0,0.0,0.7968,1.66126,0.0,1,0.003546769,1.6702029233000002,1.6617972362940043
6.21978,5.41115,6.21978,1.07724,1379.45,1280.54,0.0,0.0,0.5818,0.540085,0.0,1,0.0062832301,1.9870048964,2.130797147794681
8.57387,5.22151,8.55217,0.997477,1382.53,1386.02,0.0,0.0,0.5736,0.575051,0.0,1,0.0029977575,1.1607947443000002,1.2046457875882712
4.4926,3.78091,4.4926,2.14584,718.007,334.605,0.0,0.0,0.4438,0.206819,0.0,1,0.0122674109,2.0441987579,1.9054513754141773
4.42154,3.80283,4.41884,1.51094,575.938,381.179,0.0,0.0,0.432,0.285915,0.0,1,0.0028856553999999,0.9702121377,0.8979455741417063
5.82793,4.33044,5.82793,1.0705,1501.93,1403.02,0.0,0.0,0.5582,0.521438,0.0,1,0.0070266661,2.3059464486000003,2.353964192534903
5.63288,5.50957,5.62983,1.07586,1552.96,1443.46,0.0,0.0,0.5528,0.513822,0.0,0,0.0060817809,1.8818902725,2.1514275454245
6.77398,3.93575,6.76774,1.0241,1743.19,1702.16,0.0,0.0,0.5738,0.560295,0.0,0,0.0054988845,2.1667845887,2.101351321016182
5.12079,3.85633,4.1425,1.60147,940.147,587.051,0.0,0.0,0.5148,0.321454,0.0,1,0.0032067085999999,1.0311894267,1.06913439891896
4.78048,4.01708,4.28221,1.6121,814.456,505.215,0.0,0.0,0.519,0.32194,0.0,1,0.0037356201,1.0266777216,1.221457557118426
4.64582,3.70971,4.64582,1.82012,796.602,437.666,0.0,0.0,0.4462,0.245149,0.0,0,0.0020340537,0.720791572,0.7597284501638292
4.9953,3.83765,4.98464,1.73124,921.603,532.338,0.0,0.0,0.4702,0.271598,0.0,0,0.0019314964,0.7028347156,0.745533729271913
4.71059,3.74,4.66327,1.80873,823.157,455.102,0.0,0.0,0.451,0.249346,0.0,0,0.0021459345,0.7354184229,0.7619900266556557
8.749,6.77808,8.749,0.964207,1741.38,1806.02,6.02633,6.25004,0.65,0.674129,0.0,1,0.0033206471999999,1.4226157945,1.4342723714407313
9.23645,7.54223,9.20879,0.838059,1650.76,1969.74,3.89826,4.65153,0.6584,0.785625,0.0,1,0.0019657202,0.9177105266,0.9767307962111215
8.17522,6.25474,8.17454,1.00629,1672.2,1661.75,6.89892,6.8558,0.6166,0.612746,0.0,1,0.0030692669,1.2974618717,1.322458698904996
6.56305,4.53526,6.55951,1.09172,1547.89,1417.84,0.0,0.0,0.554,0.507454,0.0,1,0.0031936367,1.3317454669,1.2509991131465574
4.87973,4.18958,4.87973,1.91746,825.152,430.337,0.0,0.0,0.4374,0.228115,0.0,1,0.0035717399,1.0182049977,1.020781546030622
4.44594,3.74599,4.44594,1.19018,680.577,571.825,0.0,0.0,0.4774,0.401114,0.0,1,0.0019019589,0.7175169075,0.7617860906028251
4.67624,4.03616,4.54961,1.19852,280.172,233.766,258.386,215.589,0.447,0.372961,0.0,1,0.0126769096,1.7302281416999998,1.584085574796259
4.66636,3.48033,4.66636,1.03943,1194.85,1149.52,0.0,0.0,0.547,0.52625,0.0,0,0.0073272505,2.3984790513,2.4775587928914504
10.70302,9.67182,10.70302,0.961173,1387.15,1443.19,0.0,0.0,0.6238,0.648999,0.0,1,0.0029707875,1.3832819861,1.2009436697025078
5.07878,4.0341,5.03574,1.22095,872.445,714.565,0.0,0.0,0.486,0.398052,0.0,0,0.0068582902,2.0376780192,1.7832366892361549
5.04398,3.94642,5.02513,1.29452,830.585,641.616,0.0,0.0,0.4644,0.358743,0.0,1,0.010235239,1.9080055925,2.0871667991086094
4.91899,3.58217,4.91899,1.2259,1844.97,1504.99,0.0,0.0,0.6484,0.528917,0.0,0,0.0009580067,0.4577806039,0.5298198866126185
6.79463,6.1943,6.7496,1.01911,2644.72,2595.13,0.0,0.0,0.7536,0.73947,0.0,1,0.0009097758,0.4919772721,0.4895477942491486
7.33631,5.31685,7.33003,0.762014,2989.95,3923.75,0.0,0.0,0.7604,0.997882,0.0,0,0.0015821188,0.7875179331000001,0.7908030868011574
7.77175,4.5942,7.75648,0.810672,2535.58,3127.75,0.0,0.0,0.7232,0.8921,0.0,0,0.0017635821,0.8299729264,0.8448514925187649
5.63038,4.40455,5.63038,0.959184,2069.23,2157.28,0.0,0.0,0.682,0.711021,0.0,0,0.0018270364,0.8449584823,0.8307268224572344
11.27088,6.03691,11.27088,0.827082,2236.87,2704.53,0.0,0.0,0.7068,0.85457,0.0,0,0.0026931421,1.2181738139,1.2331842964796618
4.94209,4.00194,4.9385,1.70772,1160.33,679.462,0.0,0.0,0.57,0.333779,0.0,1,0.0022627238,0.8735875173000001,0.8436142909929012
5.98818,5.09996,5.98666,1.2421,2236.34,1800.46,0.0,0.0,0.6648,0.535224,0.0,1,0.003274516,1.3555073357,1.4172503726198302
5.27147,3.77137,4.73746,1.58778,810.938,510.737,0.0,0.0,0.471,0.296641,0.0,0,0.0031608752,0.9854461818,0.9558989439066458
9.91839,8.86286,9.91839,0.965245,1733.93,1796.36,0.0,0.0,0.6864,0.711115,0.0,1,0.0022662844,1.0127678017,1.0670302480892617
9.88958,8.7039,9.88958,1.06981,1632.82,1526.27,0.0,0.0,0.6406,0.598799,0.0,1,0.0026767341999999,1.1024959335,1.1985615531249145
9.82749,8.59259,9.81107,1.05385,1634.41,1550.89,0.0,0.0,0.6474,0.614319,0.0,1,0.0023143664,1.0210811572,1.1039549583121864
4.84619,4.06844,4.72468,1.45348,1121.07,771.298,0.0,0.0,0.5442,0.374412,0.0,1,0.0037935653999999,1.3656869655,1.3239131098878114
4.78155,4.02282,4.65286,1.48818,1095.49,736.125,0.0,0.0,0.5464,0.36716,0.0,1,0.0039647313,1.3904176306,1.3587678663450427
4.79083,4.0345,4.51089,1.48936,1096.45,736.189,0.0,0.0,0.5422,0.364049,0.0,1,0.0038198264,1.3531238016,1.2995108669519402
15.48597,6.62234,15.4779,0.747785,2189.36,2927.8,0.0,0.0,0.7402,0.989857,0.0,1,0.0044839201,1.8762797807,1.8984334684374318
9.86186,4.91496,9.72199,0.854434,1940.85,2271.51,0.0,0.0,0.6662,0.779698,0.0,1,0.0042958072,1.7126839882,1.7279884737576177
10.4496,5.49019,10.26922,0.855998,1928.74,2253.21,0.0,0.0,0.6638,0.775469,0.0,1,0.0057749418999999,1.8622300984,2.0936931395887153
6.58573,4.52277,6.51086,1.38834,1531.01,1102.76,0.0,0.0,0.6034,0.434618,0.0,1,0.0008375005,0.3748339179,0.41865140523161437
7.42586,6.54227,7.42586,1.26071,1716.68,1361.67,0.0,0.0,0.6098,0.483696,0.0,1,0.0021651273,0.9438513659,0.9931586819912565
4.97966,4.34921,4.97473,3.91304,903.181,230.813,0.0,0.0,0.4372,0.111729,0.0,1,0.0008015586,0.2952976993,0.28578495751519006
6.50595,4.6947,6.4958,2.40269,1158.01,481.966,0.0,0.0,0.5536,0.230409,0.0,1,0.0014985447,0.5787556419,0.5420792263598272
6.10819,5.25433,6.10592,0.863424,2602.75,3014.46,0.0,0.0,0.6904,0.799607,0.0,0,0.0069097322,2.8647279777,2.777689681398166
4.58853,4.19832,4.58853,1.42471,389.253,273.216,49.369,34.652,0.47,0.329892,0.0,1,0.0010741108,0.4391939386,0.43054051544644034
6.81519,6.14414,6.81519,1.60609,1346.83,838.578,0.0,0.0,0.5478,0.341077,0.0,0,0.0013864905,0.6170063383,0.6288334483006873
5.69122,4.8418,5.69122,1.08403,1663.7,1534.74,7.50334,6.92174,0.592,0.546112,0.0,1,0.0030748815,1.2247610739,1.262965816336381
6.88443,4.8384,6.1725,0.827487,2774.06,3352.39,0.0,0.0,0.6498,0.785269,0.0,1,0.0037295845,1.7847868844,1.7415544822923843
5.4499,3.81156,5.4499,1.25884,985.671,783.002,173.283,137.653,0.514,0.408314,0.0,1,0.008858975,2.362747048,2.007973180918205
7.0118,5.67657,7.0118,1.03009,2663.85,2586.03,0.0,0.0,0.7454,0.723623,0.0,0,0.0013258057,0.611636429,0.6125133620913746
6.99053,5.65806,6.99053,1.03643,2661.11,2567.58,0.0,0.0,0.7442,0.718045,0.0,0,0.0011829822,0.6087438932,0.5778573941442372
7.31661,4.83808,7.31661,1.36986,1339.97,978.182,0.0,0.0,0.5642,0.411867,0.0,1,0.0036763992,1.1000611318,1.3315370176369805
7.13593,3.78757,7.13593,1.08644,2189.73,2015.5,27.1266,24.9682,0.6726,0.619084,0.0,0,0.0005684889,0.2611207509,0.5910692629229432
5.20851,4.05507,5.20188,1.12752,1913.28,1696.88,0.0,0.0,0.6196,0.549523,0.0,0,0.0045086082,1.962502158,1.7809491468549006
6.88886,4.03008,6.66292,1.04955,1124.4,1071.32,29.6858,28.2844,0.5406,0.51508,0.0,0,0.0057045093999999,1.8293009881,1.7739605699905687
13.71017,3.97085,13.71017,1.23134,1607.97,1305.87,0.0,0.0,0.6056,0.491823,0.0,1,0.0055648641,1.8320682939,1.8956376350873927
6.4533,5.02363,5.80415,0.985188,2310.11,2344.84,0.0,0.0,0.6394,0.649013,0.0,1,0.0043044794,1.8076867167,1.7840113664340242
7.62702,5.92083,7.58526,0.977291,1976.53,2022.46,0.0,0.0,0.6138,0.628063,0.0,1,0.0034629948,1.4766866839,1.5461400132914886
7.55002,6.86281,7.5454,0.941882,1957.97,2078.79,0.0,0.0,0.639,0.678429,0.0,1,0.003207771,1.4078523441,1.4070641509106196
5.04252,3.59258,5.00865,2.17111,739.471,340.597,0.0,0.0,0.4584,0.211137,0.0,1,0.0080856013,1.562790924,1.4814093082502764
4.97553,4.09686,4.67636,1.71885,1447.62,842.207,0.0,0.0,0.5806,0.337785,0.0,1,0.0063249803,1.9696931168,1.961325385618777
6.87778,6.50668,6.87778,1.59244,1555.51,976.807,0.0,0.0,0.5806,0.364597,0.0,0,0.0035641311,1.3914071135,1.4234667891677004
21.49217,18.9061,21.49217,0.794834,1364.82,1717.11,0.605784,0.762152,0.7146,0.899055,0.0,1,0.0014777894,0.6680961137,0.712657449695214
5.99633,4.79932,5.81502,0.74227,3172.25,4273.71,0.0,0.0,0.734,0.988859,0.0,1,0.0009709123,0.4972099307,0.5329500323049557
7.24971,4.97645,7.24971,1.58621,997.869,629.089,110.417,69.6106,0.5532,0.348755,0.0,1,0.0016673235999999,0.6358542161999999,0.585512187579499
17.82348,5.70059,17.82348,0.555715,2326.25,4186.05,0.0,0.0,0.7742,1.39316,0.000719793,0,0.0038737363,1.6606789108000002,1.6963388848041387
6.98334,4.14157,6.98202,1.19557,2249.87,1881.83,0.0,0.0,0.6508,0.544341,0.0,1,0.0024214330999999,1.1053352896,1.1003748771260138
7.76134,3.87237,7.76134,1.15876,1542.78,1331.4,0.0,0.0,0.5858,0.505539,0.0,1,0.0023199785,0.9598466848,1.0275772745866871
5.97739,3.43415,5.31131,1.09565,745.656,680.561,250.74,228.851,0.5084,0.464017,0.0,1,0.0050368535,1.3128875002,1.5826161289563836
4.66852,3.42869,4.24306,1.43993,703.496,488.563,0.0,0.0,0.4898,0.340155,0.0,1,0.0071050624,1.5845671409,1.7214378177450644
9.06042,4.04226,9.06042,1.25445,1709.74,1362.94,22.3665,17.8297,0.6492,0.517517,0.0,1,0.0017333853,0.8188025211,0.7994523488578877
9.10869,5.99614,8.54669,0.787709,2364.52,3001.77,0.0,0.0,0.7242,0.919375,0.0,1,0.0036309001,1.588826873,1.682273737872527
5.57662,4.55736,5.57662,1.15159,1292.51,1122.37,0.0,0.0,0.5342,0.463881,0.0,1,0.0048222549,1.652953751,1.669302188052141
5.26078,4.28352,5.26078,1.18451,1235.25,1042.84,0.0,0.0,0.5154,0.435117,0.0,1,0.0050663362,1.6536288228,1.6655758077634077
4.80903,3.55203,4.73589,1.40486,557.682,396.966,0.0,0.0,0.407,0.289708,0.0,1,0.0041366479,1.2742589093,1.0830381087567462
9.47139,8.23796,9.47139,0.666821,2383.65,3574.65,0.0,0.0,0.7906,1.18563,0.0,0,0.0020484101,1.0198302819,1.0334220569582435
7.47444,4.87179,7.47444,1.1331,1630.87,1439.3,0.0,0.0,0.577,0.509222,0.0,1,0.0023202179999999,1.0152025398,1.0131824778686591
7.22451,3.90462,7.20186,1.01646,1810.83,1781.5,0.0,0.0,0.6044,0.594611,0.0,1,0.0039783337,1.7122233363,1.6315398068505182
5.41707,3.94622,5.41707,1.08258,1617.69,1494.29,0.0,0.0,0.5648,0.521716,0.0,0,0.0064183357,2.3047375972,2.2288094542893626
6.84017,5.52979,6.84017,1.2226,2050.0,1676.76,0.0,0.0,0.7014,0.573697,0.0,0,0.0010912759,0.5035734932,0.5015792903267994
6.76345,5.40521,6.76332,1.26054,2049.12,1625.6,0.0,0.0,0.6972,0.553098,0.0,0,0.0010731551,0.5188896108,0.5103564524688688
5.71951,3.80264,5.71876,1.30733,2035.3,1556.84,0.0,0.0,0.6656,0.509129,0.0,1,0.0010523497,0.5205077327000001,0.4921142722883146
6.74773,5.04258,6.74039,1.26894,2076.98,1636.78,0.0,0.0,0.6788,0.534934,0.0,1,0.0011345645,0.5101573902000001,0.5228334652169561
6.07798,4.22779,6.07163,1.30832,2060.98,1575.28,0.0,0.0,0.6732,0.514552,0.0,0,0.0011667792999999,0.5212956527,0.5372207827368477
6.81948,5.37501,6.81948,1.22536,2128.85,1737.32,0.0,0.0,0.696,0.567996,0.0,0,0.0010600678,0.5048988296,0.503257791079909
7.99703,7.36677,7.98615,1.64643,944.835,573.867,0.0,0.0,0.4756,0.288867,0.0,0,0.0021775866,0.9124304431,0.8653279857453873
8.10881,7.62421,8.10881,1.55257,958.181,617.157,0.0,0.0,0.488,0.314317,0.0,0,0.0017269157,0.7733817464,0.7118236622923063
5.13693,3.97105,5.11342,0.982113,1295.69,1319.28,0.0,0.0,0.5422,0.552075,0.0,1,0.0040584522999999,1.6703836688,1.609706281188196
8.32701,3.59268,8.32701,1.46991,1382.6,940.602,0.383122,0.260644,0.553,0.376215,0.0,0,0.0292889666,4.8494109575,4.788602193331676
9.69314,7.13433,9.69314,0.65232,2302.34,3529.46,0.0,0.0,0.7484,1.14729,0.0,1,0.0030498278,1.4883634609,1.447061335492124
9.64125,7.09583,9.64125,0.653616,2314.51,3541.09,0.0,0.0,0.7532,1.15236,0.0,1,0.0030716323,1.4793155738,1.4556963700109977
6.8059,5.18062,6.8059,1.41637,1048.63,740.368,38.6647,27.2985,0.5234,0.369537,0.0,1,0.0113407237999999,2.1397663836,2.4379196299914168
13.16813,6.65727,13.16813,0.881908,2114.87,2398.07,0.0,0.0,0.7196,0.815958,0.0,1,0.0049442289,1.6316368815,1.72502543833331
13.22354,6.67449,13.22354,0.8764,2113.41,2411.46,0.0,0.0,0.7206,0.822227,0.0,1,0.0049493953,1.6417836585,1.7295126140844077
6.22868,3.97762,6.13994,1.44635,836.354,578.253,0.0,0.0,0.4804,0.332147,0.0,1,0.0090044172,1.5511788525,1.842555146221742
5.29821,4.82783,5.29821,2.09158,1030.37,492.631,0.0,0.0,0.4588,0.219356,0.0,1,0.0031158986,0.9092821351,0.9459084762905087
7.27536,4.86667,7.27536,0.966335,1538.49,1592.09,200.889,207.888,0.6076,0.628767,0.0,1,0.0059475763,2.0655041819,1.9725313625088572
23.49364,11.53361,23.48524,0.424505,1906.84,4491.91,0.0,0.0,0.849,1.99997,0.0,1,0.0032112247999999,1.5880091543,1.591924740530795
5.41632,4.78135,5.41632,1.32576,1175.0,886.282,0.0,0.0,0.499,0.376388,0.0,1,0.0077319891,2.0002814252000003,2.0615635442845064
5.28351,3.76449,3.92047,1.16809,406.535,348.035,406.008,347.584,0.5144,0.440378,0.0,0,0.004163023,1.2955587381,1.4314046055367702
10.82894,9.41793,10.82894,0.926286,1458.82,1574.92,0.0,0.0,0.651,0.702807,0.0,1,0.0032197425,1.3644492380000002,1.3716741205869871
4.10269,3.52572,4.10269,1.25337,612.446,488.638,0.0,0.0,0.5006,0.399402,0.0,0,0.0038376642,1.4370091516,1.2796298977581497
4.47915,3.70978,4.27429,1.38219,507.522,367.187,328.529,237.688,0.4744,0.343224,0.0,1,0.0059790089,1.8883427514,1.6671455985884547
11.86103,5.70578,11.72639,0.691421,2206.3,3190.97,0.0,0.0,0.7668,1.10902,0.0,1,0.0033720672,1.5807339013,1.5761199264614323
8.38023,4.12707,8.38023,0.867162,1938.3,2235.22,0.0,0.0,0.6224,0.717744,0.0,0,0.0047217168,1.8481553909,1.944348369678285
6.06957,5.53792,6.06957,0.892995,1622.17,1816.55,0.0,0.0,0.629,0.704371,0.0,1,0.0027321096,1.2652287632,1.2000234928872102
6.29142,5.79696,6.29077,1.36514,595.047,435.886,0.0,0.0,0.467,0.342088,0.0,1,0.0027027233,0.8600250429999999,0.9055686465751113
7.16525,4.74264,7.03966,0.861413,1929.99,2240.49,0.0,0.0,0.6146,0.713479,0.0,0,0.0067959341,2.5598867911000003,2.61694392320407
6.53052,5.58315,6.53052,1.14575,936.289,817.183,0.0,0.0,0.503,0.439013,0.0,0,0.0066988004,1.7050163299,1.7050259512735546
6.55588,5.45199,6.55588,1.14259,922.719,807.568,0.0,0.0,0.4978,0.435677,0.0,0,0.0072331474,1.7447314048,1.7619987961006736
6.69444,5.84937,6.69444,1.13629,975.718,858.686,0.0,0.0,0.5104,0.44918,0.0,0,0.0070225934,1.6897662082,1.846312774963489
6.7589,5.79486,6.7589,1.1199,967.709,864.099,0.0,0.0,0.5112,0.456468,0.0,0,0.0069719804,1.7041274475,1.8266208946829017
6.823,5.88003,6.823,1.1136,990.517,889.476,0.0,0.0,0.5056,0.454025,0.0,0,0.0067119902,1.6989948531,1.7739539675149965
6.86662,5.74381,6.86662,1.1179,982.695,879.053,0.0,0.0,0.5126,0.458537,0.0,0,0.0068853169999999,1.6754577869999998,1.8153237559329913
6.44081,4.04722,6.44081,1.09379,982.779,898.504,0.0,0.0,0.5092,0.465535,0.0,0,0.0075391216,1.7621538249000002,1.863649226530695
7.09133,6.25516,7.09133,1.0672,1026.65,962.001,0.0,0.0,0.525,0.491941,0.0,0,0.0056092668,1.5785571816,1.6155016411988923
6.79198,5.2818,6.79198,1.07942,946.208,876.593,0.0,0.0,0.5242,0.485633,0.0,0,0.0068913849,1.7224562427,1.730913340958506
5.00131,3.86562,5.00092,1.39238,1497.55,1075.53,0.0,0.0,0.5584,0.401039,0.0,1,0.0032382885,1.2607686509,1.2592707789204343
4.80402,3.83038,4.80248,1.49755,1398.05,933.559,0.0,0.0,0.5346,0.356983,0.0,1,0.0037901614,1.3574804078,1.4015780707703187
5.10696,4.09246,5.10696,1.36597,1540.95,1128.11,0.0,0.0,0.565,0.413627,0.0,1,0.0034959878,1.2929731292,1.353441859633664
4.85942,3.67908,4.85942,1.85926,1388.03,746.548,0.0,0.0,0.5542,0.298075,0.0,1,0.0023437710999999,0.9028069031,0.9319571754375451
4.93942,3.90462,4.93942,1.84087,1437.78,781.033,0.0,0.0,0.5596,0.303986,0.0,1,0.002820666,1.0160417879,1.0606173493024522
4.53154,3.47646,4.53046,2.03962,960.704,471.022,1.31722,0.645816,0.5242,0.257009,0.0,1,0.002238672,0.8904477327,0.8372151240946835
6.17589,4.55995,6.17589,1.24493,1035.54,831.808,0.0,0.0,0.5128,0.411912,0.0,0,0.0017795831,0.6994477465000001,0.693844771221999
7.83476,4.57838,7.67886,1.07865,1348.62,1250.29,0.0,0.0,0.5716,0.529923,0.0,0,0.0034957849,1.3224133281,1.3453205531983048
8.46123,4.31249,7.59373,1.29132,1274.82,987.221,0.0,0.0,0.5562,0.430722,0.0,0,0.0026006834,1.0457752292,0.990363635265037
4.99022,3.91645,4.98963,1.38859,1498.87,1079.42,0.0,0.0,0.5588,0.402423,0.0,1,0.0034579276,1.2778402356999998,1.364343926010627
4.63204,3.60208,4.62987,1.53122,1162.82,759.411,4.86491,3.17715,0.5256,0.343256,0.0,1,0.0032700053999999,1.2091376131,1.2213504461302573
5.21744,4.85597,5.21744,1.23316,795.516,645.106,0.0,0.0,0.5018,0.406924,0.0,1,0.0028949677,0.932310193,0.9621115672043744
13.27907,6.70029,13.26706,0.882932,2074.79,2349.88,0.0,0.0,0.7122,0.80663,0.0,1,0.0049171054,1.6580926394,1.6689811214656425
6.08705,4.94831,6.08705,1.19906,1535.33,1280.44,0.0,0.0,0.57,0.475373,0.0,1,0.0047352304,1.7919136803,1.7336470591536162
8.32775,7.35004,8.32775,1.04928,1799.21,1714.71,0.0,0.0,0.648,0.617564,0.0,1,0.0042408419,1.8979472959,1.7419917139904115
5.8422,3.48658,5.82075,1.92767,1406.23,729.498,0.0,0.0,0.58,0.300882,0.0,1,0.0023156491,0.8579369981,0.9071165914654967
6.78829,4.53676,6.76727,1.15506,1800.97,1559.2,0.0,0.0,0.6172,0.534345,0.0,1,0.0037272542,1.5197396214,1.531538641419541
7.42167,6.24399,7.42167,1.08555,1886.91,1738.2,0.0,0.0,0.6204,0.571506,0.0,1,0.002003829,0.8851398747,0.9670259570482692
7.64047,6.34458,7.63187,1.05425,1899.74,1801.98,0.0,0.0,0.6516,0.618068,0.0,1,0.0018937176,0.8602487473999999,0.8894422332395546
6.09359,4.9062,6.08114,0.831336,2354.2,2831.83,0.0,0.0,0.6718,0.808097,0.0,1,0.0053532602,2.2169629441,2.2626648636709312
6.07463,4.45798,5.9729,0.984585,2401.71,2439.31,0.0,0.0,0.6528,0.663021,0.0,1,0.0033504207,1.4676496019999998,1.4824597015123326
10.89993,6.77637,10.89993,0.718001,2324.4,3237.32,0.0,0.0,0.7434,1.03537,0.0,1,0.003548397,1.6082094765,1.6134986531636906
11.91055,8.94015,11.87908,0.448758,2210.67,4926.21,0.0,0.0,0.8084,1.80142,0.0,1,0.0035538509,1.6447989273,1.7014790923368772
5.98412,4.49111,5.97667,1.61045,1537.35,954.605,0.0,0.0,0.5426,0.336924,0.0,1,0.0055151589,1.7716916141,1.7951251502583587
5.27714,3.46452,5.27652,1.77541,392.456,221.051,0.0,0.0,0.4746,0.267319,0.0,1,0.002239877,0.7203926248,0.6560800533515482
4.62174,3.64026,4.62174,1.16054,790.171,680.867,0.0,0.0,0.4744,0.408776,0.0,0,0.0038652292,1.3193817889,1.2731659420335872
4.29835,3.4152,4.29262,1.35163,393.739,291.306,2.25484,1.66823,0.4592,0.339737,0.0,1,0.0022339679,0.7851077633,0.8233420299356619
5.62483,3.84836,5.59785,1.06417,2334.41,2193.65,0.0,0.0,0.607,0.5704,0.0,1,0.0047928376,1.9206833395,1.9176391627827187
9.79433,6.58571,9.76919,1.05716,1773.48,1677.58,0.0,0.0,0.674,0.637556,0.0,1,0.0024999491,1.0967988066,1.116073618469998
6.81125,6.65142,6.81125,1.26369,1689.58,1337.02,0.0,0.0,0.6178,0.488886,0.0,1,0.0015316518,0.7181881455,0.742773533536618
4.39479,3.63152,4.30622,1.20023,327.056,272.493,228.818,190.645,0.4452,0.370927,0.0,0,0.0081550477,1.9280599999,1.6179162875598097
9.13708,7.11095,9.13708,0.82221,2053.25,2497.23,0.0,0.0,0.684,0.831905,0.0,0,0.0043432309,1.8004807552000002,1.7628373245880171
13.69253,8.47609,13.69253,0.683521,2000.04,2926.08,0.0,0.0,0.7552,1.10487,0.0,0,0.0024872396,1.1904029618,1.1627068689892048
8.234,7.52617,8.234,0.858047,2501.02,2914.78,0.0,0.0,0.7128,0.830724,0.0,1,0.0034316969,1.5574863783,1.592148723896655
7.90101,7.08763,7.8976,1.07399,1764.62,1643.06,0.0,0.0,0.6344,0.590696,0.0,1,0.0036312718,1.5834693094,1.6004014193744753
6.91612,5.83867,6.83043,1.00356,2150.65,2143.01,0.0,0.0,0.6578,0.655465,0.0,1,0.0039200768,1.6265768263999998,1.6640270525241245
4.4966,3.71515,4.45873,1.44519,752.59,520.755,0.0,0.0,0.4252,0.294217,0.0,0,0.0025434331,0.9562583536,0.8513224130251669
4.42187,3.56624,4.4192,1.435,723.425,504.128,0.0,0.0,0.4304,0.29993,0.0,1,0.0019079604,0.7499965715000001,0.6796580032563962
37.3405,13.00592,37.31547,0.403891,1712.88,4240.94,0.0,0.0,0.8324,2.06095,0.0,1,0.0036107206,1.6952501974,1.7247081579821688
5.63795,4.77812,5.63069,1.59088,1761.52,1107.26,0.0,0.0,0.5624,0.353516,0.0,0,0.0037641831,1.4526670394,1.369033693978809
7.90649,6.23902,7.90649,1.39467,1474.83,1057.48,0.0,0.0,0.5612,0.40239,0.0,1,0.0197183448,3.5825198296,3.6379896840952473
5.82433,3.93601,5.82433,1.29826,1025.59,789.97,0.0,0.0,0.5686,0.437971,0.0,0,0.0010968533,0.4679666007,0.49211720256408376
10.83121,6.54663,10.83121,0.97354,1928.71,1981.13,0.0,0.0,0.6686,0.686772,0.0,1,0.0021017610999999,0.9867443791,0.973771198413665
11.21237,6.77529,11.21199,0.978835,1903.75,1944.91,0.0,0.0,0.6474,0.661399,0.0,1,0.0019910923,0.8964664066,0.9389479611758285
5.00131,4.56878,4.98439,1.44177,873.775,606.043,0.0,0.0,0.501,0.347489,0.0,0,0.0046603196,1.2967732227,1.3498151111852168
5.22265,4.3746,5.21018,1.35436,1100.13,812.287,11.7356,8.66502,0.5156,0.380696,0.0,1,0.0037177934,1.3285481653,1.327400682404871
5.28891,4.25116,5.28891,1.21408,1053.59,867.808,5.10787,4.20721,0.5256,0.432922,0.0,1,0.0033915359999999,1.2565308553,1.2335542359984477
24.28264,10.2733,24.27637,0.405541,1930.72,4760.85,0.0,0.0,0.8426,2.07772,0.0,1,0.0042955812,1.8865560167,1.9774287694668196
7.04018,5.00118,6.73681,1.11887,1297.93,1160.04,0.0,0.0,0.528,0.471906,0.0,1,0.0034410198,1.3554737227000002,1.370734499802276
7.11877,4.99085,7.01426,1.11442,1299.63,1166.19,0.0,0.0,0.527,0.472891,0.0,1,0.00344698,1.3523048852,1.3667734149125883
5.15837,3.71285,5.1262,1.26263,639.82,506.735,0.0,0.0,0.4692,0.371605,0.0,1,0.0064100336,1.3176923166,1.524411102299503
8.16636,3.63608,8.16636,1.40372,1642.88,1170.38,0.0,0.0,0.568,0.40464,0.00156727,0,0.0025647510999999,0.9441244666,1.0392738678660889
4.51112,4.19176,4.51112,1.1607,908.617,782.819,0.0,0.0,0.5106,0.439908,0.0,1,0.0049023881,1.7426094404,1.6921752392428977
10.74057,8.40432,8.92854,0.504189,2700.75,5356.61,0.0,0.0,0.8076,1.60178,0.0,1,0.0029941275,1.5038726086,1.476055254713372
6.95842,6.13717,6.94512,1.39957,1222.41,873.413,0.0,0.0,0.5188,0.370684,0.0,1,0.0016075426999999,0.7200839804000001,0.7358247987068879
14.43115,13.28451,14.43115,0.493906,1518.29,3074.04,0.0,0.0,0.7906,1.60071,0.0,1,0.002309242,1.0402064386,1.14795187354188
9.09773,7.66595,9.09773,0.805646,1902.98,2362.06,0.0,0.0,0.6786,0.842305,0.0,1,0.0030328971,1.3557182694,1.4117436832838044
7.04716,6.45776,7.04716,1.849,1998.18,1080.68,0.0,0.0,0.6766,0.365927,0.0,1,0.0012138678,0.55515653,0.5045772544109156
7.63314,6.94265,7.63314,2.76479,1309.37,473.587,0.0,0.0,0.5168,0.186922,0.0,1,0.0005658046,0.2624701219,0.2624017295406955
4.16883,3.64959,4.16883,1.16973,666.603,569.875,0.0,0.0,0.5526,0.472415,0.0,0,0.0019003381,0.8842464503,0.831477466495973
5.22384,3.95101,5.21614,1.32405,863.286,652.003,0.0,0.0,0.4802,0.362674,0.0,1,0.0085596845999999,1.7548139788,1.936573093206328
8.3258,8.06587,8.3258,1.20593,1261.26,1045.89,0.0,0.0,0.5316,0.440823,0.0,0,0.0017635460999999,0.850684883,0.7487001358396729
5.39742,4.45708,5.33979,1.26627,1762.86,1392.17,0.0,0.0,0.5648,0.446036,0.0,1,0.0036093854,1.4155507349,1.4096244006664707
5.34624,4.4404,5.30939,1.2826,1715.57,1337.57,0.0,0.0,0.5728,0.446594,0.0,1,0.0036419472999999,1.4336740677000002,1.3919141984890055
5.37051,4.47073,5.34338,1.28123,1720.75,1343.05,0.0,0.0,0.573,0.447228,0.0,1,0.0036825257,1.4270656697,1.428168804008317
5.35189,4.46399,5.34326,1.29856,1713.78,1319.75,0.0,0.0,0.5712,0.439871,0.0,1,0.003607315,1.438264108,1.3896891965581335
5.33865,4.48097,5.3256,1.32498,1680.96,1268.67,0.0,0.0,0.569,0.42944,0.0,1,0.0036731771999999,1.4362786199000002,1.4048456473111388
5.3264,4.54894,5.3264,1.35472,1669.82,1232.6,0.0,0.0,0.5738,0.423556,0.0,1,0.003642782,1.4085558336,1.3926724923867335
5.30653,4.52403,5.29517,1.36913,1649.04,1204.45,0.0,0.0,0.5562,0.406243,0.0,1,0.0036921221,1.4114637453,1.3871856328116694
5.30179,4.55872,5.30179,1.39948,1649.43,1178.6,0.0,0.0,0.5718,0.40858,0.0,1,0.0038410596,1.4268263606,1.4422675177255748
5.67387,3.7719,5.66477,1.01421,1385.47,1366.06,80.4067,79.2805,0.6032,0.594751,0.0,1,0.0085050888,2.6754055247,2.48574779312151
7.10606,3.80774,7.0844,1.02768,1719.77,1673.45,0.0,0.0,0.5972,0.581114,0.0,1,0.0041497849,1.7632705494,1.6898517427193744
5.11458,4.23281,5.10868,1.21651,1349.89,1109.64,0.0,0.0,0.5426,0.446031,0.0,1,0.0032089578,1.3773947606,1.1765222388809762
5.08255,3.56751,5.06998,1.24486,1045.2,839.611,0.0,0.0,0.4974,0.399562,0.0,1,0.0060004351,1.9017029249,1.7946637912181256
5.65082,4.55391,5.6492,1.03183,1744.09,1690.29,0.0,0.0,0.599,0.580521,0.0,0,0.0068539137,2.4715191130000003,2.477745407089157
5.65964,4.57272,5.65578,1.03183,1734.09,1680.59,0.0,0.0,0.6058,0.587111,0.0,0,0.0070220081,2.4478431068,2.497950956675336
5.6482,4.818,5.6482,1.03468,1377.31,1331.15,0.0,0.0,0.5112,0.494067,0.0,1,0.0087989916,2.6616610347,2.5666268990459744
8.24038,5.23853,8.14946,0.765451,2630.89,3437.05,0.0,0.0,0.7374,0.963354,0.0,1,0.0044221701,2.0018812822,1.9808041166740922
16.90888,11.06843,16.90888,0.361932,1789.5,4944.29,0.0,0.0,0.8714,2.40763,0.0,0,0.0029586066999999,1.444228425,1.472222080310575
4.88259,3.42627,4.87229,1.37031,946.317,690.584,0.0,0.0,0.58,0.423261,0.0,1,0.0035190423999999,1.3047230916,1.2277784301882062
6.86808,4.73515,6.86808,1.25879,1604.0,1274.24,0.0,0.0,0.5842,0.464096,0.0,1,0.0036330453,1.4032659627,1.4443861933926865
6.85728,4.76238,6.85728,1.25559,1624.77,1294.03,0.0,0.0,0.5694,0.453492,0.0,1,0.0038281287,1.4615242208,1.4691813238642928
6.88408,4.79829,6.69844,1.21505,1604.06,1320.16,0.0,0.0,0.5894,0.485082,0.0,1,0.0035294206,1.4079261346,1.4312168789679653
9.63216,5.48309,9.63216,0.807059,2178.07,2698.78,0.0,0.0,0.7352,0.910962,0.0,1,0.001478791,0.7039193629,0.7369841872410489
8.84838,5.55883,8.83355,0.885692,1904.92,2150.77,0.0,0.0,0.6292,0.710405,0.0,1,0.0063187259,2.2205529038,2.3164349969292957
5.32891,3.57912,5.32891,1.33917,571.442,426.715,0.0,0.0,0.4296,0.320796,0.0,1,0.007234009,1.3159521993,1.4208978510077632
11.59694,6.57481,10.91215,0.866393,2057.4,2374.67,0.0,0.0,0.6856,0.791327,0.0,1,0.005937242,1.7741851825,1.9942915592175425
5.26061,4.96221,5.22095,1.17428,998.963,850.705,0.0,0.0,0.5002,0.425964,0.0,0,0.0020961539,0.8344195472,0.8356815644468297
4.34589,3.49261,4.31959,1.10997,397.98,358.549,0.0,0.0,0.4276,0.385235,0.0,1,0.0011967259,0.5239232084000001,0.5718369725503823
5.27877,3.42429,5.23095,1.22527,1101.04,898.609,0.0,0.0,0.5618,0.458512,0.0,1,0.0060260618,1.6872835174,1.814604672446837
7.07783,5.58584,7.07783,0.782965,2562.61,3272.96,0.0,0.0,0.6992,0.893015,0.0,1,0.004180223,1.9447619937,1.8979508387849793
8.81434,4.17837,8.81158,1.15604,2223.72,1923.56,0.0,0.0,0.7056,0.610357,0.0,1,0.0016653979999999,0.7457962445,0.76001358099948
8.8325,4.17886,8.8325,1.13678,2223.09,1955.6,0.0,0.0,0.7064,0.621405,0.0,1,0.0015679717,0.7534169820000001,0.7236650005202654
15.44798,6.02893,15.44798,0.579498,2082.03,3592.82,0.0,0.0,0.7752,1.33771,0.0,1,0.0033629323,1.5198265037,1.5605620053421103
16.39277,6.7436,16.39277,0.781296,1939.71,2482.68,0.0538053,0.0688667,0.7302,0.934601,0.0,1,0.0044702513,1.9228698406,1.7955874096731397
9.10665,6.72913,9.10665,0.629598,2298.43,3650.63,0.0,0.0,0.736,1.169,0.0,1,0.0025444575,1.2148808165,1.1974934867731213
4.76853,3.96927,4.66022,1.28743,834.269,648.011,0.0,0.0,0.4838,0.375787,0.0,1,0.0068981164,2.0486690592,1.8605308573439812
4.87799,4.0904,4.87799,1.19653,987.013,824.893,0.0,0.0,0.5152,0.430577,0.0,1,0.0051506829,1.7066212546,1.6795420684661209
6.53672,5.01398,6.53672,0.717884,2623.55,3654.57,0.0,0.0,0.7268,1.01242,0.0,0,0.0024037956,1.1552416154,1.143087575140204
9.41161,6.60227,9.39434,0.678974,2530.56,3727.03,0.0,0.0,0.7552,1.11227,0.0,1,0.0037763508,1.7033726481,1.7133103577631645
12.72726,10.75924,12.72726,0.565447,2337.99,4134.76,0.0,0.0,0.7702,1.36211,0.0,1,0.0038045596,1.7819696688999995,1.704198026530849
11.92122,6.68196,11.92122,0.814891,2190.64,2688.27,0.0,0.0,0.7046,0.864656,0.0,1,0.005993974,2.0738586005,2.10293937771946
6.0596,4.54083,6.0596,1.15823,1419.36,1225.46,0.0,0.0,0.5808,0.501457,0.0,1,0.0040885756,1.5767412299,1.5712163739588152
6.19749,4.62522,6.12809,1.13009,1429.96,1265.35,0.0,0.0,0.5774,0.510931,0.0,1,0.0038701994,1.4791509961000002,1.508570100855809
6.06034,4.51773,6.06034,1.06034,1392.7,1313.45,0.0,0.0,0.5604,0.52851,0.0,1,0.0046149306,1.7086163574000002,1.6912288276248275
4.77881,3.75238,4.76637,1.43383,643.033,448.471,0.0,0.0,0.4312,0.300732,0.0,1,0.0016136424,0.6656390103000001,0.5696509865421976
6.93984,4.03954,6.93984,0.864343,2031.03,2349.79,0.0,0.0,0.6366,0.736513,0.0,0,0.0067527724,2.6726810465,2.618141790084363
6.81689,4.16129,6.80143,1.34232,1279.03,952.844,0.0,0.0,0.53,0.394837,0.0,1,0.0018222576,0.7775594036,0.7598980187987342
5.49902,3.71803,5.37867,1.30831,1870.03,1429.35,0.0,0.0,0.6444,0.492544,0.0,1,0.0078880292,2.6151594127,2.593744118995033
4.77783,3.48746,4.76506,1.70684,334.136,195.762,173.298,101.532,0.4902,0.287197,0.0,1,0.0026883978,0.8368185152,0.8557059526564066
4.08199,3.46421,4.07007,1.50938,399.978,264.995,0.0,0.0,0.4188,0.277465,0.0,1,0.005471778,1.5548187182,1.4054790404471031
7.97254,6.83417,7.97254,1.12239,1128.68,1005.6,75.4829,67.2521,0.5514,0.491274,0.0,1,0.0056635477,1.410948066,1.6657831647574284
7.7256,6.01065,7.70911,1.03826,1572.11,1514.17,0.0,0.0,0.597,0.574999,0.0,1,0.001895567,0.8581058054999999,0.892708876215696
7.69352,3.71325,7.67785,1.11238,1215.17,1092.41,0.0,0.0,0.5518,0.496052,0.0,1,0.0071485828,2.083649379,2.1064177574279093
5.81277,5.4291,5.81277,1.09047,1603.64,1470.59,0.0,0.0,0.5888,0.539951,0.0,0,0.0050765253999999,1.7646356736000002,1.8896560577261252
6.48565,4.23405,6.48051,1.20859,1651.45,1366.43,0.0,0.0,0.5628,0.465668,0.0,1,0.0041173198,1.6429405866999998,1.5889967266435483
4.0542,3.70372,4.05121,1.83709,560.464,305.082,53.3835,29.0587,0.4362,0.237441,0.0,1,0.0036147781,1.1574800666,1.1708349096743969
9.67095,5.98717,9.67095,0.85339,2198.39,2576.07,0.0,0.0,0.6996,0.819789,0.0,1,0.0037290373,1.6626344264,1.6026366894771855
11.21967,10.68501,10.9966,0.962771,2472.04,2567.63,0.0,0.0,0.7894,0.819925,0.0,1,0.0009963736,0.4981378206,0.5058181685913549
5.02966,4.18682,5.02966,1.54704,1064.88,688.333,0.0,0.0,0.4702,0.303935,0.0,1,0.0050958971,1.5317568184,1.531105705251761
6.12654,3.97231,6.12654,1.08189,1594.49,1473.8,0.0,0.0,0.5652,0.522421,0.0,0,0.0043870595,1.7153612912,1.6985637681969812
4.90807,3.92111,4.90807,1.07774,1554.64,1442.5,0.0,0.0,0.611,0.566926,0.0,1,0.0025946546,1.0573901315,1.1357800233681923
4.86162,3.45547,4.8534,1.16782,1166.3,998.701,0.0,0.0,0.5894,0.504701,0.0,1,0.0074105794999999,2.3008218151,2.2395276846502092
5.89251,3.41929,5.89251,2.16043,1096.32,507.456,0.0,0.0,0.5212,0.241248,0.0,0,0.0318007928,3.1395787618,3.1908448001817638
6.25511,5.54572,6.22585,0.917254,2526.11,2753.99,0.0,0.0,0.7012,0.764456,0.0,0,0.006065249,2.6650328396000003,2.4927308492463336
4.9428,4.31959,4.93372,2.00162,1314.33,656.635,0.0,0.0,0.579,0.289266,0.0,1,0.0020320759,0.7475099370999999,0.7966547037752397
12.38418,6.8566,12.3754,0.903178,2016.22,2232.36,0.0,0.0,0.7248,0.8025,0.0,0,0.0021282752,1.0193890617,0.9512492278032523
