LCD,PLD,LFPD,cm3_g,ASA_m2_cm3,ASA_m2_g,NASA_m2_cm3,NASA_m2_g,AV_VF,AV_cm3_g,NAV_cm3_g,Has_OMS,0.01,y_true,y_pred
24.60642,13.0343,24.60642,0.349927,1537.41,4393.52,0.0,0.0,0.863,2.46623,0.0,1,0.0047986398,0.4877271829999999,0.4447804599540228
24.38417,13.22222,24.38417,0.346494,1518.48,4382.42,0.0,0.0,0.8644,2.49471,0.0,1,0.0051641474,0.5014130045,0.47437453621764575
23.29182,13.11646,23.29182,0.343144,1530.83,4461.21,0.0,0.0,0.8618,2.51148,0.0,1,0.0048727386,0.4916699928999999,0.44468709223633535
6.15808,5.85025,6.15808,2.16583,1748.44,807.285,0.0,0.0,0.542,0.25025,0.0,0,0.0350259754,1.9455993145,2.278802808615494
9.69678,6.71185,9.61668,0.664961,2272.9,3418.09,0.0,0.0,0.7302,1.09811,0.0,0,0.0049203794,0.4711412009,0.46575027413497255
11.28381,4.52903,11.28381,0.822811,2257.22,2743.3,0.0,0.0,0.6948,0.844422,0.0,1,0.0088555078,0.7189251631,0.7723106740813797
8.19182,6.99421,8.19182,0.987281,1565.63,1585.8,78.0532,79.0587,0.641,0.649258,0.0,1,0.0214771198,1.8106728735,1.194057838938799
5.46218,4.59563,5.46034,1.83317,1345.91,734.196,0.0,0.0,0.576,0.31421,0.0,0,0.0251750466,1.5249383061,1.6897078294715495
5.55847,4.74922,5.55001,1.42546,843.163,591.503,0.0,0.0,0.4554,0.319476,0.0,1,0.0097655971,0.7205098426000001,0.7312452611686233
11.58637,3.48934,11.58637,0.907013,1494.34,1647.54,0.0,0.0,0.6382,0.703628,0.0,0,0.0032753858,0.3191300924,0.39016859410442295
6.42874,5.80877,6.41409,1.40393,699.498,498.243,0.0,0.0,0.4248,0.302579,0.0,1,0.0022603759,0.2145062814,0.1942171019622555
12.8003,5.50166,12.79961,0.784559,2116.78,2698.05,0.0,0.0,0.7198,0.917458,0.0,1,0.008344231,0.7309118139,0.7120035645315465
5.54395,4.66139,5.49926,1.46355,1275.66,871.62,0.0,0.0,0.5148,0.351747,0.0,1,0.0117731833,0.9068443142,0.879252289915748
5.00071,3.74213,5.00071,2.31618,778.297,336.026,0.0,0.0,0.406,0.175289,0.0,1,0.0150876439,0.8902026190000001,0.9414580161842772
6.7817,3.86887,6.78051,1.47348,1288.35,874.359,0.0,0.0,0.5612,0.380867,0.0,1,0.0090624645,0.7900155765000001,0.7001363235912818
5.99031,5.00967,5.99031,1.72662,1403.65,812.946,0.0,0.0,0.5696,0.329892,0.0,1,0.0067583172,0.5606745873,0.5437215039131591
11.85007,7.21214,11.45277,0.623261,2219.01,3560.32,0.0,0.0,0.7618,1.22228,0.0,1,0.0044896861,0.4543521064,0.447886180385021
10.12518,7.5272,10.12318,0.775574,2361.78,3045.2,0.0,0.0,0.7158,0.922929,0.0,1,0.0067293769,0.6571739027,0.6246487096432144
10.39835,7.60488,10.39835,0.744295,2329.14,3129.33,0.0,0.0,0.7298,0.980525,0.0,1,0.0056738577,0.5789186467,0.5345663680385033
10.5847,3.84767,10.5847,0.968927,2122.87,2190.95,0.0,0.0,0.6504,0.671258,0.0,1,0.012036568,0.9404738592,0.9146315765888812
5.64584,4.05596,5.63489,1.01371,1738.43,1714.92,0.32856,0.324118,0.6096,0.601358,0.0,1,0.0152237906,1.3296140090000002,1.1515506209440087
12.92538,6.29785,12.92538,0.898119,2356.63,2623.96,0.0,0.0,0.6828,0.760255,0.0,1,0.0061682947,0.5610309155,0.5778125426159766
5.13144,3.67825,5.11456,1.3623,1196.21,878.085,0.0,0.0,0.5018,0.368349,0.0,0,0.0081218696,0.6566200873,0.7368432375739172
11.43013,9.61646,11.40927,0.476468,2123.61,4456.97,0.0,0.0,0.8196,1.72016,0.0,1,0.0039645933,0.4251563509,0.39256809017798017
4.28323,3.79801,4.26635,1.30528,1237.19,947.835,0.0,0.0,0.5092,0.390108,0.0,1,0.0171848467,1.2674003793000002,1.268932451069027
3.87179,3.50198,3.85722,1.36931,1031.87,753.568,0.0,0.0,0.5022,0.366754,0.0,1,0.0129951886,0.9865989477,1.0106247597518936
4.05512,3.67488,4.05512,1.37514,1152.1,837.807,0.0,0.0,0.4946,0.359673,0.0,1,0.0170926858,1.2293756743000002,1.2991616392787324
11.50132,6.68644,11.17198,0.65299,2386.53,3654.78,0.0,0.0,0.7824,1.19818,0.0,1,0.004436999,0.4386528872,0.4381129884692736
18.34605,17.1599,18.34605,0.724278,1666.73,2301.23,0.0,0.0,0.776,1.07141,0.0,1,0.0216277253,1.2565370119,1.1671066737251372
6.67557,4.28336,6.67557,1.36929,1467.6,1071.8,0.0,0.0,0.553,0.403858,0.0,1,0.0032937652,0.3224726188,0.3112166620140178
15.33666,5.40917,6.36274,0.990293,1940.65,1959.67,0.0,0.0,0.6518,0.658189,0.0,1,0.0138626345,1.1563272003,1.048743963245633
6.03525,3.97595,5.98504,1.10262,1309.44,1187.57,0.0,0.0,0.545,0.494276,0.0,0,0.0072000552,0.6727532194,0.620932537462828
11.35851,4.44127,11.35851,0.998372,1829.81,1832.79,0.0,0.0,0.6236,0.624617,0.0,1,0.0251450942,1.4690107466999998,1.3774683182272975
5.38919,4.13551,5.38919,1.62989,1386.73,850.81,0.0,0.0,0.5466,0.33536,0.0,1,0.0155151242,1.2036754127,1.125239163570563
5.78794,5.06217,5.71305,0.851411,2895.4,3400.71,0.0,0.0,0.7096,0.83344,0.0,1,0.0061879153,0.605240781,0.5901179981461723
5.00001,3.6207,4.99072,1.72941,572.133,330.826,0.0,0.0,0.4138,0.239272,0.0,0,0.0021039512,0.1893958466,0.22226068265875148
4.68198,3.57584,4.68198,1.98004,493.025,248.998,0.0,0.0,0.4188,0.211511,0.0,1,0.0015620066,0.1390875107,0.15181925638696714
5.16068,4.44688,5.16068,1.40896,1175.39,834.226,0.0,0.0,0.5236,0.371622,0.0,0,0.0526133081,2.3557173425,2.8136121928239675
12.43011,5.54656,12.43011,1.34061,1862.24,1389.1,0.0,0.0,0.6814,0.508277,0.000596744,0,0.0042142651,0.3997587911999999,0.39257669444968885
5.29408,4.17227,5.29408,1.81161,1362.6,752.15,0.0,0.0,0.5006,0.276328,0.0,1,0.009192747,0.75920647,0.7174882853139765
10.14478,9.16125,10.14478,1.64843,1361.9,826.183,0.0,0.0,0.588,0.356703,0.0,1,0.0015763057,0.1517913306,0.1284299223595371
6.32747,4.74814,6.26915,1.49819,1746.54,1165.77,0.0,0.0,0.584,0.389803,0.0,1,0.0105687457,0.9065732363,0.8380311677618274
11.21193,6.39957,11.21193,0.759207,2393.65,3152.83,0.0,0.0,0.7392,0.973647,0.0,1,0.007613116,0.6873488388,0.6939208103646703
6.45831,4.45817,6.45831,1.05764,1467.29,1387.32,0.0,0.0,0.552,0.521916,0.0,1,0.0144805889,0.9958297076,1.1607678595771407
6.58115,3.73125,6.58115,0.993282,1853.01,1865.55,0.0,0.0,0.582,0.585936,0.0,0,0.018651393,1.6678877397,1.5221109765461256
12.67478,4.17297,12.67478,1.23591,1899.73,1537.11,0.0,0.0,0.6104,0.493887,0.000647296,0,0.0333819449,2.3096904296000003,1.7670314725326242
12.36152,9.64623,12.36152,0.670312,1969.74,2938.54,0.0,0.0,0.7304,1.08964,0.0,0,0.0049784735,0.47980768,0.47396698218353905
11.05462,4.21804,11.05462,0.944025,1733.14,1835.91,0.0,0.0,0.6684,0.708032,0.0,1,0.0033669951,0.3399985471,0.3351327459119131
8.87015,7.61141,8.84647,0.61411,2422.25,3944.33,0.0,0.0,0.804,1.30921,0.0,0,0.0023106499,0.2250745663,0.25738651500195786
7.48534,6.6993,7.48534,0.744889,2472.69,3319.54,0.0,0.0,0.7082,0.950746,0.0,0,0.0111827148,1.0596157484,0.9653064985402476
6.02059,3.60964,6.01517,1.26554,923.516,729.74,0.0,0.0,0.497,0.392717,0.0,0,0.0069632174,0.5800511539000001,0.577411178365326
5.51942,4.46179,5.51261,1.46727,1607.54,1095.6,0.0,0.0,0.5204,0.354673,0.0,0,0.0110045546,0.9734171285,0.8948152166344312
9.90767,8.8856,9.90767,1.25703,2053.39,1633.52,0.0,0.0,0.7078,0.563072,0.0,0,0.0149814032,1.0697892804,1.3032941617285068
8.93942,5.67971,8.86574,0.942961,1589.69,1685.85,0.0,0.0,0.62,0.657503,0.0,1,0.0089391255,0.7661562175,0.7393858150564614
13.20977,6.6958,13.20977,0.618713,2108.92,3408.56,2.69185,4.35072,0.73,1.17987,0.0,0,0.005409179,0.470378168,0.5324800965415493
11.36799,6.51795,9.97187,0.696086,2497.61,3588.07,0.0,0.0,0.7382,1.0605,0.0,1,0.0067281691,0.6460517478,0.6296492474870328
11.83799,7.63891,11.7221,0.673503,2318.04,3441.77,0.0,0.0,0.7596,1.12783,0.0,1,0.0070393718,0.6272287887,0.6204223684459224
11.37885,6.17998,10.24831,0.783377,2242.23,2862.26,0.0,0.0,0.6804,0.868548,0.0,1,0.0067562466,0.6204475363,0.6435720595027284
8.34336,3.84131,8.32866,1.23395,1912.36,1549.78,0.0,0.0,0.6248,0.506341,0.0,1,0.0087860247,0.7010753420999999,0.7380195953327474
19.34511,12.33787,19.24026,0.450433,1674.23,3716.94,0.0,0.0,0.8472,1.88086,0.0,1,0.0042612978,0.4121630240999999,0.3994111796306035
6.14232,4.76606,5.27946,0.925155,1938.38,2095.19,0.0,0.0,0.617,0.666916,0.0,1,0.0152099436,1.3427717785,1.1532579543393173
12.64207,6.13059,12.56929,0.688272,2372.6,3447.18,0.0,0.0,0.7544,1.09608,0.0,1,0.0118857746,0.9400604563,0.8822803503778713
11.30689,5.72282,11.30689,0.75113,2376.62,3164.06,0.0,0.0,0.7236,0.963349,0.0,1,0.0085701206,0.7507525934999999,0.755774760181981
5.11718,3.57473,5.07564,1.4789,549.331,371.446,14.5687,9.85107,0.4246,0.287106,0.0,0,0.0247652882,1.0762910397,1.2240420560225573
8.05407,6.75932,7.96872,0.960767,1454.92,1514.34,0.0,0.0,0.5674,0.59057,0.0,0,0.0036449792,0.3446027645,0.35574560539849714
7.32162,4.55611,5.93566,1.50685,1363.44,904.833,0.0,0.0,0.5076,0.336863,0.0,1,0.0022397211,0.2120764365,0.20702447602154717
6.52889,4.75513,5.51076,1.08983,1352.45,1240.98,192.247,176.402,0.5792,0.531461,0.0,1,0.0126229531,1.0038306881,0.8659970915998823
11.00208,5.91772,11.00208,0.888544,2113.71,2378.85,0.0,0.0,0.7066,0.795234,0.0,0,0.0120080467,1.1570641941,1.0145871785988034
10.88203,5.89078,10.88203,0.813936,2142.1,2631.78,0.0,0.0,0.6962,0.85535,0.0,0,0.0091622927,0.9110832944,0.8260699566771215
10.75787,6.05635,10.75787,0.817132,2143.41,2623.09,0.0,0.0,0.707,0.865221,0.0,0,0.0090079107,0.8805430203,0.7958917112326243
8.97441,6.56367,8.43487,1.04123,2079.82,1997.46,0.0,0.0,0.6576,0.631561,0.0,0,0.0190563257,1.7257687284,1.564166855532077
4.16596,3.6754,4.15153,1.12701,1392.79,1235.82,0.0,0.0,0.5518,0.489614,0.0,1,0.0119482148,1.0356136525,0.9936236983675985
6.69548,4.06015,6.67985,1.03219,1589.58,1540.01,0.0,0.0,0.5732,0.555324,0.0,1,0.0121980314,1.0530551064,0.9710715636318499
6.42322,5.39187,6.42322,1.55223,1810.57,1166.43,0.0,0.0,0.6266,0.403676,0.0,0,0.008394349,0.7233344626,0.6988150076898006
7.77133,6.76319,7.77133,0.912847,1827.53,2002.01,0.0,0.0,0.6452,0.7068,0.0,0,0.007058342,0.6543468234,0.6290137883462332
6.3721,5.81224,6.36767,1.69788,895.639,527.505,0.0,0.0,0.47,0.276816,0.0,1,0.0031963066,0.2683151548999999,0.26333599525757184
7.38214,4.96534,7.38214,1.07307,1447.07,1348.53,0.0720169,0.0671129,0.5318,0.495588,0.0,1,0.0138458015,0.9615851954,1.0115769558781271
8.91053,4.46746,8.91053,4.13717,1136.38,274.675,0.0,0.0,0.4164,0.100649,0.000386738,1,0.0039222212,0.2691799359,0.28386676929098803
5.62039,5.35711,5.62039,1.66496,1129.92,678.647,0.152502,0.091595,0.484,0.290697,0.0,1,0.0035656935,0.3244630487,0.3402129044416198
6.03864,3.8691,6.03864,2.05539,1028.56,500.422,0.0,0.0,0.503,0.244722,0.0,1,0.0012361312,0.1228367093,0.09501188656216453
5.58062,5.51252,5.58062,2.40243,819.805,341.239,0.0,0.0,0.416,0.173158,0.0,1,0.0010760158,0.0988236349,0.09362088827425419
5.85592,5.75004,5.85592,2.37725,832.973,350.394,0.0,0.0,0.4316,0.181554,0.0,1,0.0011406369,0.1052166114,0.08908083646749021
7.43946,7.40575,7.42884,2.24368,763.393,340.242,0.0,0.0,0.4524,0.201633,0.0,1,0.0008310569,0.0835910985,0.06161145712582616
11.10015,5.6209,11.10015,0.767516,2426.29,3161.23,0.0,0.0,0.7292,0.950078,0.0,1,0.0080021939,0.7448896664,0.7282905605814581
5.86918,4.59668,5.81577,0.986332,2188.93,2219.27,0.0,0.0,0.6352,0.644002,0.0,1,0.0114720227,1.0169958584,0.977250335912524
15.40731,13.34223,14.58073,0.291845,1568.49,5374.4,0.0,0.0,0.8896,3.04819,0.0,0,0.0037691372,0.3814198376,0.3573184139326449
17.97302,15.80148,17.15199,0.243844,1288.51,5284.15,0.0,0.0,0.909,3.72779,0.0,1,0.0047307384,0.4753808479,0.44388526102469084
8.37247,7.3895,8.37077,1.20081,1241.45,1033.84,0.0,0.0,0.5362,0.446532,0.0,0,0.0078796111,0.7135351485,0.6788136602188027
16.54325,4.10215,14.7488,0.938804,1933.37,2059.39,0.0,0.0,0.6922,0.737321,0.0,0,0.0097400366,0.8651573059000001,0.8956043990578009
5.75656,5.11113,5.75656,1.3231,1207.8,912.854,37.5492,28.3797,0.5462,0.412818,0.0,0,0.0152868918,1.3172876146,1.1358962108857913
11.09615,4.22518,11.09615,1.45844,1887.17,1293.96,0.0,0.0,0.625,0.428539,0.0,1,0.0685334912,1.5447082217,1.936167789426494
5.25371,3.53655,5.25051,1.61178,698.642,433.459,0.0,0.0,0.4448,0.275968,0.0,1,0.0281152334,1.2141698847,1.436041029847237
5.33631,4.08532,4.88589,1.30265,1571.53,1206.41,0.0,0.0,0.5888,0.452001,0.0,1,0.0090541314,0.7280015352,0.793850601021006
11.30814,4.84088,11.28951,0.953196,1460.99,1532.73,328.938,345.089,0.656,0.688211,0.0,0,0.0072448947,0.6052010085,0.6455795916804621
13.11846,6.60097,13.10556,1.02457,1662.31,1622.44,0.0,0.0,0.6408,0.625431,0.0,1,0.0097037775,0.8622908153,0.8120267761446279
6.975,5.81852,6.975,1.54937,1782.47,1150.45,0.0,0.0,0.6318,0.407778,0.0,0,0.0049357772,0.448052312,0.4029773367064066
4.42418,4.12009,4.42418,1.27058,1171.93,922.356,0.0,0.0,0.5322,0.418863,0.0,1,0.0042690871,0.3882234381,0.412776495339154
6.20574,4.20467,6.19483,1.06672,2087.42,1956.87,0.0,0.0,0.598,0.560599,0.0,1,0.0177814945,1.4134111422,1.3859950433585846
8.12516,5.69593,7.90061,1.15636,2071.75,1791.62,0.0,0.0,0.639,0.552597,0.0,0,0.0179600764,1.6058968616999998,1.5218294967991224
8.70669,6.70952,8.70669,0.91345,2575.78,2819.83,0.0,0.0,0.7676,0.84033,0.0,1,0.0055381448,0.5048184143,0.5214169168698053
8.39259,6.42224,8.39259,0.858615,2621.58,3053.27,0.0,0.0,0.7534,0.87746,0.0,1,0.0082131055,0.6955077425,0.7618599135975651
25.81792,14.43274,25.36207,0.55407,1540.39,2780.13,0.0,0.0,0.8362,1.5092,0.0,1,0.0067380187,0.6243028438,0.5680551705403801
7.78532,7.29613,7.78532,1.02283,1574.02,1538.88,0.0,0.0,0.5858,0.572722,0.0,1,0.0078647444,0.7323049386,0.6904494535546799
8.27667,5.74162,8.27274,1.20417,741.315,615.623,530.043,440.172,0.5268,0.437479,0.0,1,0.0085273046,0.7730742246,0.6669364339335935
5.20432,4.68208,5.20432,1.61011,1148.99,713.61,0.0,0.0,0.4948,0.307309,0.0,1,0.039118218,1.8255059248,1.9621183348230689
9.02668,4.87755,9.02668,0.958168,1617.77,1688.4,0.0,0.0,0.6126,0.639345,0.0,1,0.0103989234,0.9363421376,0.8684074589290034
7.07907,5.66309,7.05735,0.974059,1868.46,1918.22,0.0,0.0,0.6506,0.667927,0.0,1,0.0079679253,0.7241177559,0.7202587719812819
4.73188,3.71957,4.56441,1.30231,281.161,215.894,153.376,117.772,0.4962,0.381015,0.0,1,0.0087404119,0.6012063567,0.6638871849014338
9.99521,7.8188,9.31419,0.670932,2064.07,3076.42,0.0,0.0,0.7104,1.05883,0.0,1,0.0045905575,0.4685465307999999,0.43812552762590107
5.84696,3.93964,5.84696,1.3492,787.842,583.933,0.0,0.0,0.45,0.333531,0.0,0,0.0029564565,0.2630427183,0.2091733715126307
5.85621,4.36648,5.85621,1.04686,2683.38,2563.27,0.0,0.0,0.6938,0.662743,0.0,1,0.0028829697,0.3056655547,0.28003735645477074
21.49045,20.91759,21.49045,0.763691,1446.12,1893.59,0.0,0.0,0.7166,0.938337,0.0,1,0.0026771085,0.2613412718,0.25139745588022155
20.34484,16.57615,20.32874,0.744987,1552.98,2084.58,0.0389169,0.0522383,0.7072,0.949278,0.0,1,0.0021456111,0.2030532925,0.2097271214056433
4.00389,3.67365,4.00389,1.98749,501.521,252.339,0.0,0.0,0.386,0.194214,0.0,0,0.0277256889,1.3687782885,1.2500075115448288
4.94749,4.06581,4.8956,1.42755,1119.79,784.412,0.0,0.0,0.5024,0.351932,0.0,1,0.0094029108,0.7487587511,0.7440650036151282
12.82141,3.84026,12.82141,2.18826,1494.62,683.017,0.0,0.0,0.5914,0.270261,0.0,0,0.0125257193,0.9079511809,0.8256003729476691
11.12176,8.60837,11.10384,0.690728,2384.44,3452.06,0.0,0.0,0.7446,1.07799,0.0,0,0.0079706078,0.6799502632,0.7346865559432206
12.39923,7.07299,12.39923,0.815139,2115.12,2594.8,0.0,0.0,0.691,0.847708,0.0,1,0.0116800687,0.8963346601000001,0.892204150871522
20.32202,9.77849,20.31158,0.420228,1870.75,4451.74,0.0,0.0,0.8576,2.0408,0.0,0,0.0048452995,0.4888995427,0.45458875047198866
25.32442,15.73034,25.32073,0.347361,1224.7,3525.73,0.0,0.0,0.9,2.59097,0.0,0,0.0043557351,0.4346463717,0.40387680828526856
5.34669,4.59707,5.34669,2.32794,964.221,414.195,0.0,0.0,0.453,0.194593,0.0,0,0.0088599051,0.5988132778,0.5965424430297038
9.46971,6.7544,9.46722,1.01741,1558.89,1532.22,0.0,0.0,0.6188,0.608213,0.0,1,0.0063064039,0.4378146189,0.5663980776895617
11.68128,4.3201,11.68059,0.797571,1974.27,2475.35,0.0,0.0,0.6798,0.852338,0.0,1,0.014215697,1.022076846,1.0394153636411745
11.6271,4.37686,9.57037,0.725635,2073.78,2857.89,0.0,0.0,0.7062,0.973216,0.0,1,0.0140792085,1.0013441477,1.0272453776247414
12.74502,12.12417,12.74502,0.622379,1959.14,3147.82,0.0,0.0,0.784,1.25968,0.0,1,0.0037156717,0.3600180535,0.3628991840018423
7.39946,6.7038,7.38889,1.19584,1297.81,1085.27,0.0,0.0,0.5626,0.470465,0.0,1,0.0177600537,1.2556195322,1.2389437638505627
10.7868,4.76044,10.7868,1.09604,1984.97,1811.03,0.0,0.0,0.6446,0.588115,0.0,1,0.1620956417,1.7968274959,1.6223834021283117
12.99873,6.57068,12.98598,1.00519,1733.85,1724.91,0.0,0.0,0.6496,0.646248,0.0,1,0.008785518,0.7946430601000001,0.716406308053176
4.96088,3.91158,4.96088,1.33226,1771.15,1329.44,0.0,0.0,0.6226,0.467327,0.0,0,0.0043283496,0.4091457436,0.45055521899518003
5.17995,4.0381,5.17546,1.35947,2064.83,1518.84,0.0,0.0,0.6576,0.483717,0.0,0,0.0057525174,0.5415179554,0.5456186254255695
5.19153,4.38458,5.1913,1.43907,1901.77,1321.52,0.0,0.0,0.6098,0.423745,0.0,1,0.0086037285,0.7735642856,0.7449163156013172
7.56046,6.76685,7.56046,0.96801,1567.25,1619.05,0.0,0.0,0.6008,0.620655,0.0,1,0.0053116172,0.4906743578,0.5095905842257014
8.46903,3.66579,7.7021,2.09876,1520.93,724.68,0.0,0.0,0.5964,0.284168,0.0,1,0.0007381736,0.0739033521,0.10105497228459881
9.01895,5.30438,9.01895,0.963226,2097.19,2177.26,0.0,0.0,0.6844,0.710529,0.0,0,0.0091608655,0.8135426101000001,0.8317495730701939
14.86335,13.54057,14.86335,1.02804,1927.12,1874.56,4.88892,4.75558,0.7196,0.699973,0.000194545,1,0.015954425,1.3420921835,1.077833311415404
7.38576,7.26835,7.38576,1.40447,1641.95,1169.09,0.0,0.0,0.6066,0.431907,0.0,0,0.0130366907,1.1950277502,0.9584286738400773
14.74144,10.998,14.73673,0.612946,1667.89,2721.11,0.0,0.0,0.75,1.2236,0.0,1,0.0050851191,0.4731378746999999,0.47451619372158704
25.10343,17.21264,25.10343,0.432192,1480.29,3425.07,0.0,0.0,0.8414,1.94682,0.0,1,0.0040044165,0.3945195111,0.37745061191113505
5.65647,4.17101,5.65647,1.21689,891.966,732.986,0.0,0.0,0.4942,0.406116,0.0,1,0.012768758,0.8547527947,0.862479637657737
8.2912,6.01432,8.2912,1.23039,1203.44,978.095,0.0,0.0,0.5204,0.422954,0.0,1,0.0096211738,0.6957641848999999,0.7661778097431482
9.90798,4.0416,9.90798,1.07192,1279.0,1193.19,493.885,460.749,0.5998,0.559557,0.0,1,0.0190836379,1.5334324707,1.150507714520075
9.82604,3.91626,9.82604,1.06853,1265.94,1184.75,505.148,472.75,0.5976,0.559273,0.0,0,0.0175185356,1.4438237287,1.163636338186048
8.33031,6.08017,8.32272,1.02014,2081.17,2040.08,0.0,0.0,0.6416,0.628934,0.0,0,0.006741847,0.673167957,0.624180291373684
6.91166,3.5646,6.91166,1.35887,1058.17,778.71,0.0,0.0,0.4948,0.364126,0.0,1,0.0108550226,0.8951868246,0.8230774097171291
5.68899,4.70468,5.67497,1.06479,1159.51,1088.96,0.0,0.0,0.5166,0.485167,0.0,0,0.0115105194,0.9750118307,0.9325661021442123
5.65646,4.67756,5.65646,1.06232,1172.37,1103.6,0.0,0.0,0.5212,0.490626,0.0,0,0.011965042,0.9966571405,0.9466951885520992
5.75308,4.76749,5.73877,1.05859,1169.51,1104.78,0.0,0.0,0.5176,0.488953,0.0,0,0.0107945322,0.8857216976000001,0.8847058733301969
5.59493,4.61612,5.59493,1.06274,1144.25,1076.7,0.0,0.0,0.509,0.478952,0.0,0,0.0115019088,0.9719936587,0.961965178979391
6.73446,3.80347,6.73446,1.51633,1348.21,889.13,0.0,0.0,0.5788,0.381711,0.0,1,0.0117969152,0.9784753918,0.8504461056478854
5.25994,4.33258,5.25994,2.87728,502.041,174.484,0.0,0.0,0.3954,0.137421,0.0,1,0.0005129597,0.0495469096,0.05740831853927697
8.30717,4.3322,7.78379,0.858583,2210.31,2574.37,0.0,0.0,0.6746,0.785713,0.0,0,0.0052614228,0.5009707357000001,0.5075382019497636
17.92481,8.14411,17.86267,0.48374,2192.72,4532.85,0.0,0.0,0.805,1.66412,0.0,0,0.0050959531,0.5288213677,0.5049465627664169
17.35042,7.46306,17.20636,0.482905,2259.15,4678.25,0.0,0.0,0.7942,1.64463,0.0,0,0.0050312914,0.4926939856,0.5056523197619821
11.05011,4.28201,11.03981,1.28763,1684.31,1308.07,60.6702,47.1178,0.6268,0.486786,0.0,1,0.0049626827,0.4642314597999999,0.4193504422843271
5.43401,3.9261,5.4268,1.48279,1376.93,928.609,0.0,0.0,0.5268,0.355276,0.0,1,0.0035503806,0.341895717,0.3193405029971369
5.76709,4.43786,5.76709,2.12603,1177.09,553.657,0.0,0.0,0.5436,0.255688,0.0,1,0.0034717343,0.3137455051,0.2718168272412512
6.48503,4.23046,4.73284,1.35341,178.981,132.245,677.871,500.863,0.475,0.350966,0.0,1,0.0044134642,0.3905640285,0.45942017872983
15.61182,13.11587,15.60898,0.621293,2170.48,3493.49,0.0,0.0,0.7232,1.16402,0.0,0,0.004302933,0.4282469257999999,0.4143121302891753
7.05898,5.83044,7.05683,1.26326,1564.96,1238.83,0.0,0.0,0.5956,0.47148,0.0,1,0.0058754126,0.5623049655,0.5228391114766667
6.85299,4.5996,6.84418,1.41253,1137.63,805.384,0.0,0.0,0.4974,0.352134,0.0,1,0.0058427475,0.5123469638,0.47370119455548576
5.48611,3.75413,5.4744,1.70121,1138.25,669.081,0.0,0.0,0.4918,0.289089,0.0,1,0.0183474396,1.1877379772,1.2258038267204983
4.7784,4.2474,4.7784,1.32324,892.591,674.547,0.0,0.0,0.4866,0.367733,0.0,0,0.0233814739,1.4859131684,1.466518475001187
13.18983,6.65676,13.18983,0.879099,2114.54,2405.35,0.0,0.0,0.7206,0.819703,0.0,1,0.0073388477,0.6068046496,0.6597368242344056
15.80637,8.55438,15.80637,0.434111,2007.26,4623.85,0.0,0.0,0.8372,1.92854,0.0,1,0.0044312823,0.4085880543,0.43140993506268654
15.69953,15.64725,15.69953,0.982352,1496.09,1522.96,0.0,0.0,0.7144,0.727234,0.0,0,0.0101583775,0.8584618170999999,0.8637070400206583
6.41067,5.52308,6.4074,2.22496,990.681,445.257,0.0,0.0,0.446,0.200453,0.0,0,0.0130872631,0.9241367791,0.7930408238028868
6.86591,4.62367,6.86591,1.13764,1540.19,1353.85,0.0,0.0,0.5824,0.511939,0.0,1,0.0099191116,0.8069216329000001,0.8681395783012296
20.99168,6.62083,20.99168,0.583055,2159.7,3704.11,0.0,0.0,0.7806,1.33881,0.0,1,0.0068831331,0.6351184802000001,0.6270988972446863
5.99188,4.04402,5.19077,1.42676,820.695,575.214,0.0,0.0,0.3986,0.279373,0.0,1,0.0016236067,0.1531732613,0.1517515921986674
5.46061,4.28764,5.45105,1.39446,1294.07,928.009,0.0,0.0,0.546,0.391549,0.0,1,0.0091237023,0.7034332222,0.7345231476118612
5.8632,5.042,5.82773,1.375,1086.49,790.181,181.915,132.302,0.54,0.392729,0.0,1,0.0097024917,0.7072795759999999,0.7485724326237307
5.77332,4.6821,5.75387,1.37197,1078.45,786.062,190.643,138.956,0.5392,0.393013,0.0,1,0.0095495962,0.702631129,0.7172068765574727
5.74039,4.59611,5.66519,1.31962,1294.45,980.929,0.224512,0.170134,0.5432,0.411634,0.0,1,0.0069520278,0.5600959279,0.576519818530978
6.20702,4.77029,6.1269,1.35255,1350.08,998.172,0.0,0.0,0.5374,0.397323,0.0,1,0.008088595,0.6481472533,0.6806064453424512
6.26085,4.86283,6.24492,1.35147,1329.33,983.622,0.0525445,0.0388796,0.5542,0.410073,0.0,1,0.008375274,0.6386380045000001,0.6882597739286794
6.24181,4.91804,6.10517,1.36057,1316.22,967.403,0.0,0.0,0.552,0.405711,0.0,1,0.0086322234,0.6538999453000001,0.6953281199589061
6.12529,4.88917,6.10135,1.39855,1351.73,966.526,0.0,0.0,0.5504,0.393551,0.0,1,0.0107425545,0.7517475758,0.8055977150669548
6.09772,3.45398,5.95541,1.14086,1067.63,935.814,0.0,0.0,0.5034,0.441246,0.0,1,0.00658715,0.6037494209000001,0.6497075269769426
6.8215,4.65267,6.8215,0.984162,2196.23,2231.58,0.0,0.0,0.6442,0.654567,0.0,1,0.0056388645,0.5248576282999999,0.5447018626687301
5.6655,4.98419,5.65746,1.25322,1742.86,1390.71,0.0,0.0,0.5754,0.459137,0.0,1,0.0132853365,1.1004337045,1.043709456236306
7.23867,5.86079,7.23867,1.59448,533.217,334.414,0.0,0.0,0.397,0.248984,0.0,0,0.0040479768,0.3674480313,0.36656999429049814
6.89105,5.80728,6.89105,1.67548,498.219,297.36,0.0,0.0,0.3654,0.218087,0.0,0,0.003702367,0.3379153486999999,0.325111769743806
6.74437,6.14599,6.74437,1.73737,495.479,285.189,0.0,0.0,0.3518,0.20249,0.0,0,0.0036250361,0.3204611626999999,0.3302751781151172
7.30465,6.40041,7.2683,1.88786,438.985,232.53,0.0,0.0,0.3024,0.160181,0.0,1,0.0043487177,0.3518708624,0.27623499247526495
7.0294,5.84289,7.0294,1.58635,523.994,330.314,0.0,0.0,0.397,0.25026,0.0,0,0.0039813532,0.3696852746,0.3652417946738915
7.04062,5.87984,7.04062,1.60692,511.167,318.104,0.0,0.0,0.3892,0.242203,0.0,0,0.0036886854,0.3409318499,0.35114145163651256
6.87873,5.8578,6.87873,1.63822,509.358,310.921,0.0,0.0,0.3836,0.234156,0.0,0,0.0042900821,0.3804378431,0.3768939031761841
6.5322,6.05224,6.5322,1.69182,540.534,319.498,0.0,0.0,0.3658,0.216217,0.0,0,0.0040218033,0.3729974178,0.3411867871759292
6.96664,5.8084,6.96664,1.59803,514.864,322.187,0.0,0.0,0.3906,0.244426,0.0,0,0.0044054837,0.3995516697999999,0.3846472142628311
7.25313,6.2676,7.10214,1.05922,1980.57,1869.84,0.0,0.0,0.6472,0.611017,0.0,1,0.0055609071,0.5175896295,0.521591434269318
11.3491,4.56532,11.34892,0.820083,2318.22,2826.81,0.0,0.0,0.6918,0.843573,0.0,1,0.0093223752,0.8126283328,0.7861604279448562
12.12006,7.41697,11.45114,0.805353,2038.6,2531.31,0.0,0.0,0.6952,0.863224,0.0,1,0.0078080373,0.6953324129,0.6927812896055656
8.28187,3.85233,8.28187,1.39429,1719.71,1233.39,0.0,0.0,0.5774,0.414117,0.0,0,0.0077205871,0.6886636937999999,0.6669052251776456
11.44273,8.46463,11.4041,0.752428,2161.9,2873.23,9.41673,12.5151,0.746,0.991457,0.0,1,0.0070634374,0.6384567850999999,0.6020706148805872
9.12806,8.89551,9.12806,1.04861,1169.01,1114.83,0.0,0.0,0.5662,0.539955,0.0,1,0.0017775678,0.1746849367,0.17724911963432977
5.55868,3.43749,5.55868,1.2617,790.625,626.635,0.0,0.0,0.4566,0.361893,0.0,0,0.0139819411,0.9667678488,0.9555782894536784
5.94516,4.40671,5.62899,1.06833,1884.21,1763.7,0.0,0.0,0.666,0.623402,0.0,0,0.0150150011,1.3417470701,1.314666128399394
8.12277,6.57853,7.8081,0.814422,2692.15,3305.6,0.0,0.0,0.7176,0.881116,0.000491146,1,0.0055413239,0.5308919690999999,0.5443093127740237
8.0398,4.43833,8.0398,1.04873,1982.28,1890.18,0.0,0.0,0.641,0.611218,0.000572123,1,0.0082246803,0.740591687,0.7127375672087374
5.97544,5.52117,5.96891,1.15207,1504.89,1306.25,0.0,0.0,0.626,0.543372,0.0,0,0.0118216773,0.9615761839,0.959367808944636
17.98452,9.34908,17.98452,0.462491,1934.3,4182.35,0.0,0.0,0.837,1.80977,0.0,0,0.0043258598,0.4312414564,0.41395095400885235
6.03167,4.27212,6.03167,1.25052,927.95,742.052,0.0,0.0,0.4286,0.342738,0.0,1,0.0008044333,0.0735323426,0.08662860476833278
12.3555,5.62488,12.3555,0.95864,2444.88,2550.36,0.0,0.0,0.74,0.771927,0.0,1,0.1992476929,4.4345168783,1.4543734125424086
4.45514,4.16679,4.45514,1.26421,1156.73,914.98,0.0,0.0,0.5336,0.422081,0.0,1,0.0041945644,0.3954255264999999,0.3972430955141955
10.59462,7.92596,10.59462,0.990408,1761.1,1778.16,0.0,0.0,0.6526,0.658921,0.0,0,0.0161055546,1.3244593544,1.3463456777025509
12.38253,7.614,12.38253,0.866035,1866.54,2155.27,0.0,0.0,0.694,0.801354,0.0,0,0.0042287235,0.4028816431,0.3945234217936107
9.03293,4.92005,8.03384,1.44808,1218.66,841.568,0.0,0.0,0.5302,0.366141,0.0,0,0.0151447738,1.1204450352,1.2091053805663123
8.75698,4.92208,6.66017,1.57163,868.704,552.741,0.298339,0.189828,0.4918,0.312924,0.0,0,0.0183403995,1.0573602388,1.1653954557947803
4.69015,3.69955,4.69015,1.12654,1103.97,979.963,0.0,0.0,0.5668,0.503132,0.0,0,0.0067638735,0.621653482,0.6267500723547538
8.51298,6.88549,8.50318,0.782047,2084.03,2664.84,0.0,0.0,0.7176,0.917592,0.0,0,0.0047862292,0.4574007414,0.4495743351752003
8.33661,7.09541,8.33661,0.969393,1603.52,1654.15,63.3927,65.3942,0.6516,0.672173,0.0,1,0.0199698701,1.7261313796000002,1.1795406608374717
20.79847,8.00163,20.79847,0.806562,1676.14,2078.13,0.0,0.0,0.7324,0.908052,0.0,0,0.003017124,0.29716145,0.29492094133556884
7.90362,5.63787,7.44008,1.61009,1067.96,663.297,284.683,176.812,0.5464,0.339361,0.0,1,0.0037978917,0.3340002214999999,0.36180076861394395
9.92705,7.22424,9.91479,0.991769,2097.63,2115.04,0.0,0.0,0.6876,0.693307,0.0,1,0.0047931591,0.4679371171,0.454020041809022
9.83189,7.12324,9.82847,0.920871,2079.45,2258.13,0.0,0.0,0.6902,0.749507,0.0,1,0.0040032145,0.3961889564999999,0.38847608515335474
9.97681,7.2596,9.97191,0.933756,2065.72,2212.27,0.0,0.0,0.6892,0.738095,0.0,1,0.0037666341,0.3870677217,0.3714770467567221
5.62999,4.2146,5.61662,1.21831,1657.43,1360.44,0.0,0.0,0.5722,0.469669,0.0,1,0.0089854307,0.7395658261,0.7521199256053599
7.39305,6.93116,7.36894,0.945179,1710.48,1809.69,0.0,0.0,0.6134,0.648978,0.0,0,0.0114225655,1.0360016638,0.9536254735284383
6.71368,5.31482,6.70539,0.922153,1732.44,1878.69,0.0,0.0,0.628,0.681015,0.0,0,0.0082831119,0.7782701437,0.7421810290272468
10.68848,3.93393,10.67739,1.13553,1897.49,1671.02,0.0,0.0,0.6192,0.545297,0.0,1,0.0533689194,2.56615359,1.6538176057620713
10.84256,6.81027,10.84256,0.962348,2445.81,2541.5,9.90677,10.2944,0.7018,0.729258,0.0,1,0.0057997405,0.5245269542000001,0.5273107266110675
11.28133,6.992,11.28091,0.975181,2332.28,2391.64,21.129,21.6668,0.7112,0.7293,0.0,1,0.00560899,0.5176798515,0.5170128147573175
4.9936,3.76376,4.99295,1.55118,587.725,378.89,0.0,0.0,0.3948,0.254516,0.0,0,0.0056391801,0.4496529113,0.43461518794547144
4.82402,4.1234,4.82222,1.56728,643.637,410.671,0.0,0.0,0.4306,0.274743,0.0,0,0.0102557704,0.7382817131,0.6992852102482585
7.22417,4.98345,7.22345,1.05866,1756.83,1659.47,0.0,0.0,0.6354,0.60019,0.0,0,0.0065950756,0.5835690618,0.5973474328428874
4.75635,3.88223,4.75635,1.70104,552.032,324.527,36.9511,21.7227,0.4418,0.259724,0.0,0,0.0116869816,0.7478125631,0.6978957697435676
4.73402,3.99038,4.58029,1.71288,716.864,418.513,0.0,0.0,0.4374,0.255359,0.0,0,0.0144560556,0.9323288121,1.0074593205599514
6.24462,3.8099,6.24462,2.75365,1288.14,467.793,0.0,0.0,0.511,0.185572,7.26e-05,0,0.0038248213,0.3051317674,0.3523448457229058
14.58128,7.2695,14.58128,0.949199,1744.45,1837.81,0.0,0.0,0.6154,0.648336,0.0,1,0.0245742071,1.4475505897999998,1.319199000507668
10.20501,4.32102,10.20501,1.07008,1864.88,1742.75,0.0,0.0,0.6276,0.586499,0.0,0,0.0166914076,1.0005374981,1.4262110103189731
5.68928,5.15984,5.68602,1.20112,1133.38,943.601,0.0,0.0,0.508,0.422938,0.0,0,0.0110898181,0.8673852740000001,0.8891213764340348
5.72288,5.00575,5.71258,1.7362,623.828,359.307,0.0,0.0,0.4442,0.255846,0.0,1,0.0067726218,0.4792897133,0.5011462581161649
11.69529,10.43289,11.69529,0.774366,1771.67,2287.9,0.0,0.0,0.6506,0.840172,0.0,1,0.0038354205,0.3719043232,0.3566185517743164
8.86857,5.43796,8.86857,1.74467,1156.2,662.705,0.0,0.0,0.545,0.31238,0.0,1,0.0008767547,0.0882682653,0.08096462471409183
13.78845,4.39887,13.78845,0.867071,1791.92,2066.64,0.0,0.0,0.6752,0.778714,0.0,1,0.012924281,1.03440471,0.9202996456608397
23.8524,20.39274,23.77655,0.290995,1592.86,5473.82,0.0,0.0,0.8752,3.00761,0.0,1,0.004472835,0.4494336425,0.41783007743054096
13.01175,6.7865,13.01175,0.928859,1613.49,1737.07,0.0,0.0,0.649,0.698706,0.0,1,0.0047532967,0.4703314252,0.4521552453329064
8.53699,6.27993,8.53699,0.711095,2228.2,3133.48,0.0,0.0,0.6894,0.969491,0.0,0,0.005108612,0.4939354759,0.4972624230690358
8.39885,4.78933,7.86209,0.797668,1803.87,2261.43,0.0,0.0,0.6378,0.79958,0.0,0,0.0083729017,0.7285247428,0.7317793273748189
10.42394,6.6282,10.40124,0.688725,2224.76,3230.26,0.0,0.0,0.7214,1.04744,0.0,1,0.0045483845,0.4612828117,0.448306788300932
10.29518,8.20784,10.21825,0.691719,2146.79,3103.55,0.0,0.0,0.7272,1.05129,0.0,1,0.0048572203,0.4784668454999999,0.4634873881993085
10.47263,8.40011,10.41547,0.683981,2144.01,3134.6,0.0,0.0,0.734,1.07313,0.0,1,0.0045492089,0.4527964631,0.43866925823831704
5.20433,4.31707,5.18919,2.0196,573.799,284.115,0.0,0.0,0.4548,0.225193,0.0,0,0.003877948,0.2859626467,0.3126678414002522
4.88805,3.48372,4.75798,1.89312,918.977,485.428,0.0,0.0,0.536,0.28313,0.0,0,0.0270210214,1.5782416591,1.4577014099908383
8.73889,4.47796,8.73889,1.29976,1302.13,1001.82,0.0,0.0,0.5268,0.405305,0.0,1,0.012628824,0.8394264636,0.8350155766225275
5.88584,3.69969,5.83238,2.5678,470.928,183.398,0.0,0.0,0.2652,0.103279,0.0,1,0.0106536141,0.4296243567,0.4858207005154028
13.64098,13.34789,13.63908,0.604316,2269.16,3754.93,0.0,0.0,0.793,1.31223,0.0,1,0.005555984,0.565355962,0.523156396559617
13.38503,12.66061,13.38102,0.629028,2341.28,3722.06,0.0,0.0,0.78,1.24001,0.0,1,0.0064385763,0.6296661322,0.5849450387515717
6.51934,4.39103,6.27132,0.92999,1351.28,1453.01,0.0,0.0,0.5454,0.586458,0.0,1,0.0054851106,0.4977213308,0.4935366869317085
10.69292,6.05283,10.69292,0.825151,2164.47,2623.11,0.0,0.0,0.693,0.839846,0.0,0,0.0092009606,0.8827524377,0.8272807906996377
16.21859,9.18486,11.94903,0.616739,2046.86,3318.84,0.0,0.0,0.7336,1.18948,0.0,1,0.0051485604,0.5186153452000001,0.493530735306411
8.01757,3.70704,7.93302,1.68308,428.741,254.736,345.699,205.397,0.4804,0.285429,0.0,1,0.0010846243,0.1029344213,0.21391518427219125
9.81405,8.96526,9.81405,1.68894,1459.56,864.19,0.0,0.0,0.6214,0.367924,0.0,1,0.0064999696,0.5726303509,0.5218206291418169
6.97552,6.67002,6.97552,1.81968,554.5,304.724,0.0,0.0,0.3222,0.177064,0.0,1,0.0031250194,0.2965709187999999,0.2046155787409989
7.03312,5.99915,7.03312,1.58114,529.815,335.085,0.0,0.0,0.3982,0.251844,0.0,0,0.0033799565,0.3117423977,0.33611446720629695
6.99241,5.91522,6.99241,1.59971,524.86,328.098,0.0,0.0,0.393,0.24567,0.0,0,0.0031420152,0.2882147593,0.30158890639130315
6.86283,5.99318,6.86283,1.62602,537.112,330.322,0.0,0.0,0.3814,0.23456,0.0,0,0.00324433,0.2960519518,0.3095324341187026
6.85642,6.11281,6.85642,1.65571,533.488,322.211,0.0,0.0,0.3698,0.223348,0.0,0,0.0027868878,0.2552759467,0.26890567287905176
6.7419,6.18576,6.7419,1.68982,538.529,318.691,0.0,0.0,0.3576,0.21162,0.0,0,0.0032389763,0.300386053,0.29371707556574855
6.70506,6.18332,6.70506,1.72629,549.827,318.502,0.0,0.0,0.3412,0.197649,0.0,0,0.0035518691,0.3344158266,0.33315835166880514
6.7666,6.32311,6.7666,1.76811,569.763,322.245,0.0,0.0,0.3312,0.187319,0.0,1,0.0036851163,0.3491372565,0.2610221279413407
6.88857,6.56673,6.88857,1.78418,556.743,312.044,0.0,0.0,0.331,0.185519,0.0,1,0.0031943623,0.3024931084,0.22327303002320043
6.80475,6.55642,6.80475,1.8372,603.527,328.504,0.0,0.0,0.3222,0.175376,0.0,1,0.0040907213,0.3923130697999999,0.27520300457006036
7.19047,6.08402,7.19047,1.57527,553.109,351.12,0.0,0.0,0.394,0.250116,0.0,0,0.0033209791,0.3130568355999999,0.3346372697599663
5.45872,4.0869,5.45872,1.34142,1585.35,1181.84,0.0,0.0,0.5752,0.4288,0.0,1,0.0105658956,0.8493526884,0.8775364855751456
10.22764,5.8145,10.22764,0.798105,2273.51,2848.64,0.0,0.0,0.7076,0.8866,0.0,1,0.0058595449,0.5802485749,0.5643256559970025
4.52933,3.82475,4.49997,1.71915,529.35,307.913,0.0,0.0,0.4484,0.260826,0.0,0,0.0023491867,0.2063677521,0.24727708306558005
10.97896,4.58149,10.97895,0.821497,2292.36,2790.46,0.0,0.0,0.6958,0.84699,0.0,1,0.010971003,0.878250636,0.9090011939343323
11.3719,4.56274,10.28688,0.827364,2231.15,2696.69,0.0,0.0,0.6978,0.843401,0.0,1,0.0100756417,0.8243147915000001,0.8807863214555489
21.63198,16.25392,21.63198,0.800283,1414.75,1767.81,0.0,0.0,0.7074,0.883938,0.0,1,0.002234548,0.1980754614,0.2181643689015636
10.85959,9.44525,10.85959,0.579291,2065.83,3566.14,0.0,0.0,0.7778,1.34268,0.0,1,0.0046136528,0.4652451465,0.45131954295735593
4.79524,3.49801,4.79524,1.42152,311.196,218.919,0.0,0.0,0.4744,0.333728,0.0,0,0.0049403534,0.3843261242,0.38758652536536664
8.24491,4.53271,8.24491,0.809297,1780.75,2200.36,0.0,0.0,0.6282,0.776229,0.0,0,0.0048386878,0.457756283,0.43650883999039314
6.95447,5.78801,6.95447,1.44957,1129.68,779.321,87.9996,60.7072,0.5158,0.355829,0.0,1,0.0156547993,0.7840221768000001,0.9877170097049135
8.17605,4.71571,8.17605,2.17241,1103.1,507.776,0.0,0.0,0.5056,0.232737,0.0,1,0.0015311856,0.1512540676,0.09264968359904491
6.19757,4.01106,6.19757,1.45575,826.006,567.408,0.0,0.0,0.474,0.325604,0.0,1,0.0178051647,0.948353974,1.0894524338056246
5.40281,4.28093,5.40281,1.18436,1608.89,1358.45,0.0,0.0,0.5606,0.473337,0.0,1,0.0075025704,0.672955759,0.6840639659278704
4.92293,4.26793,4.90311,1.74786,655.099,374.801,0.0,0.0,0.3298,0.188688,0.0,1,0.0031481936,0.2826419151,0.23926934568845787
22.61279,7.45433,22.60405,0.58506,2033.02,3474.88,0.0,0.0,0.8178,1.3978,0.0,1,0.0062011263,0.5761532132,0.5727884941465203
5.68381,4.27543,5.37535,1.64742,1153.12,699.956,0.0,0.0,0.4926,0.299014,0.0,0,0.0760883959,2.8551642305,2.868027859790841
20.27537,19.97281,20.27537,0.872765,1162.79,1332.3,0.0,0.0,0.6926,0.79357,0.0,1,0.0057708899,0.5249750566,0.4779460896910105
11.83739,10.43961,11.83739,0.634446,2047.9,3227.86,0.0,0.0,0.7402,1.16669,0.0,1,0.0052812321,0.4875823327,0.5059038744956657
9.11454,7.50033,9.11454,1.16801,1732.8,1483.56,0.0,0.0,0.654,0.559929,0.0,0,0.0024805462,0.2458308989,0.23127730893856935
7.14331,5.40483,7.14331,1.44939,1285.98,887.257,42.2152,29.1262,0.5348,0.368983,0.0,1,0.004661323,0.4231256765,0.40800568995737246
6.3909,4.01484,6.38663,0.926803,2000.77,2158.79,0.0,0.0,0.5998,0.647171,0.0,0,0.0118351114,1.1043488159,1.0180407956251134
6.58402,3.94503,6.58402,1.00815,1971.57,1955.64,0.0,0.0,0.578,0.57333,0.0,0,0.019094072,1.7078448802,1.5784973000813753
16.93112,9.01585,16.93112,0.615402,2165.98,3519.61,0.0,0.0,0.7858,1.27689,0.0,1,0.0078467188,0.7362500369,0.6897841299428926
5.9006,5.23774,5.9006,1.30709,1576.97,1206.47,0.0,0.0,0.571,0.436847,0.0,1,0.0098484875,0.8266727990999999,0.8722644607261218
16.33925,5.69725,16.33925,0.874313,1862.92,2130.72,0.0,0.0,0.7038,0.804975,0.000228751,0,0.0080061402,0.7031761098,0.7099857307300851
13.98436,10.86418,13.89482,0.502876,1948.39,3874.49,0.0,0.0,0.797,1.58488,0.0,1,0.0052216629,0.5489020138,0.4998613531413701
11.58737,3.83412,11.58737,0.92986,1525.64,1640.72,0.0,0.0,0.645,0.693653,0.0,0,0.0038360887,0.3748211365,0.39253426928940505
10.09928,9.13648,10.09928,0.711506,2224.92,3127.06,0.0,0.0,0.7638,1.0735,0.0,0,0.0042711955,0.4301468096,0.413032979944624
10.07647,9.04237,10.07647,0.718146,2256.82,3142.56,0.0,0.0,0.7528,1.04825,0.0,0,0.0042453877,0.4278395898,0.40705328785198097
31.39938,26.2789,31.39936,0.252736,790.748,3128.75,0.0,0.0,0.9088,3.59585,0.0,1,0.0034461351,0.3591338589,0.39071380684123486
11.55893,3.45239,11.55893,0.94881,1479.04,1558.83,0.0,0.0,0.6372,0.671578,0.0,0,0.004347303,0.4328082936,0.4885962650688034
11.13191,5.72159,11.13191,0.767426,2419.7,3153.01,0.0,0.0,0.7292,0.950189,0.0,1,0.0081386084,0.7407984173000001,0.7420321341489828
4.53044,3.58227,4.53044,1.46814,606.341,412.999,3.33265,2.26998,0.4518,0.307736,0.0,1,0.0295719106,1.4440239921,1.5073542846377506
17.4505,7.65306,17.4505,0.65071,2199.17,3379.65,0.0,0.0,0.7686,1.18117,0.0,0,0.0106992257,1.0071149582,0.92340366939208
14.16979,6.91811,12.94276,0.599196,2206.88,3683.06,0.0,0.0,0.7614,1.2707,0.0,1,0.0075591502,0.66778258,0.6719253439446563
24.65699,17.09587,24.65699,0.438285,1508.06,3440.83,0.0,0.0,0.8424,1.92204,0.000456324,1,0.003911487,0.3991490897,0.3826932307933779
6.78187,4.96364,6.78187,1.83949,1314.77,714.746,0.0,0.0,0.5076,0.275946,0.0,1,0.0032641691,0.317413992,0.2838271506864849
18.84439,11.02909,18.84439,0.389439,1879.81,4826.98,0.0,0.0,0.8376,2.15079,0.00051356,0,0.0039798299,0.40234342,0.3964812207951289
28.04628,26.50518,28.04628,0.350938,1434.54,4087.73,0.0,0.0,0.8658,2.4671,0.0,1,0.0044672572,0.4356202419,0.4356103414102377
5.1025,4.19518,4.95899,1.35732,1188.64,875.723,0.0,0.0,0.488,0.359531,0.0,0,0.0069255277,0.5995081728,0.6185233965033765
11.43481,6.24659,11.43433,0.715716,2413.07,3371.55,0.0,0.0,0.7402,1.03421,0.0,1,0.007823547,0.7332595933,0.7229493534395105
13.72158,6.77108,13.72158,0.777101,2196.2,2826.14,0.0,0.0,0.7498,0.964868,0.000514734,0,0.0024863461,0.2442979111,0.276783885448394
11.36875,4.57229,11.36875,0.827579,2351.53,2841.46,0.0,0.0,0.6996,0.845357,0.0,1,0.0085044457,0.7238649495999999,0.7484460366816907
5.10814,3.94987,5.09674,1.90453,697.67,366.322,0.0,0.0,0.4102,0.215382,0.0,1,0.0050363187,0.4010424172999999,0.4164899142459666
5.60766,4.19977,5.57879,1.66671,1145.47,687.263,0.0,0.0,0.488,0.292793,0.0,0,0.0863641489,2.9774488378,2.8545453520359136
22.16597,8.69473,22.16597,0.48225,1899.59,3939.01,0.0,0.0,0.8054,1.67009,0.000414723,1,0.0051770669,0.5002704996,0.5038060825456451
21.40599,8.60608,20.3343,0.48265,1906.91,3950.91,0.0,0.0,0.8026,1.6629,0.000414379,1,0.0052325164,0.5053488447,0.5118030822223909
10.98282,6.54194,10.97083,0.963718,2282.53,2368.46,0.0,0.0,0.7164,0.743371,0.0,1,0.0049114577,0.4678954356,0.460626220622674
7.08241,5.52674,6.9259,3.59589,1474.22,409.973,0.0,0.0,0.4916,0.136711,0.0,1,0.0006716069,0.0659195062,0.06416192780032959
7.04726,4.27705,7.02404,1.31095,1329.11,1013.85,0.0,0.0,0.5362,0.409016,0.0,1,0.0062680801,0.5197525122,0.5361785384401262
5.13731,3.85682,5.13731,1.48243,1119.92,755.465,0.0,0.0,0.4988,0.336475,0.0,0,0.0140158976,1.0462520885,1.0711605939050521
8.90649,6.59853,8.90649,1.06181,2105.95,1983.36,0.0,0.0,0.6938,0.653414,0.0,1,0.0088197468,0.6648795329,0.7473741077239131
8.94072,4.22762,8.82545,1.16306,2118.43,1821.42,0.0,0.0,0.6882,0.591713,0.0,1,0.0021142304,0.2200884091,0.20816849506671986
5.64692,4.66493,5.64692,1.02252,1561.82,1527.42,0.0,0.0,0.5924,0.579351,0.0,0,0.01689771,1.3790410816999998,1.3932620610633668
6.72992,4.20356,6.59748,1.50078,1661.97,1107.4,0.0,0.0,0.603,0.401791,0.0,1,0.0041981203,0.3934715050999999,0.3658622690279611
5.94177,3.85345,5.94177,1.15836,1692.78,1461.35,3.23237,2.79047,0.5546,0.478779,0.0,0,0.0551061447,3.6049921572,2.3577598050398727
7.66764,4.96521,7.66764,1.12411,2024.36,1800.85,0.0,0.0,0.6074,0.540337,0.0,1,0.0125724119,1.0907711285,0.9364745653109842
6.70555,5.36137,6.69224,1.02667,1476.42,1438.07,0.0,0.0,0.596,0.580519,0.0,0,0.008336495,0.7169648617000001,0.7429111493647017
9.94395,7.51619,9.94395,1.17869,2115.26,1794.59,0.0,0.0,0.694,0.58879,0.0,1,0.0023577724,0.2368193482,0.2358892448183374
6.83617,4.31178,6.83617,2.04431,589.974,288.593,3.15896,1.54524,0.4406,0.215525,0.0,1,0.0131688631,0.8072155234,0.7280636587653277
6.96433,4.30157,6.96433,2.10755,601.281,285.298,0.506718,0.24043,0.4434,0.210386,0.0,1,0.0199107229,0.9627455648,1.025162890632274
7.12004,4.41244,7.12004,2.09673,622.975,297.118,3.20164,1.52697,0.448,0.213666,0.0,1,0.0181134814,0.9474358516,0.9443025298928227
9.14865,6.57962,8.64921,1.30232,2344.83,1800.5,0.233416,0.179231,0.6924,0.531667,0.0,1,0.00135871,0.1375988145,0.15851721021547494
9.14342,6.58506,9.14342,1.30232,2351.43,1805.57,0.204239,0.156827,0.6926,0.53182,0.0,1,0.0014127259,0.1353682310999999,0.15892215696602285
28.54072,12.23604,28.54072,0.302864,1428.61,4716.99,0.0,0.0,0.8826,2.91418,0.0,1,0.004685593,0.4670697036,0.45111127473705925
6.1404,4.28752,6.13565,2.43257,1183.17,486.384,94.0478,38.6618,0.538,0.221165,0.0,1,0.0008766084,0.0866545115,0.1250656562403879
9.04322,8.10629,9.04322,1.11678,1615.16,1446.26,0.0,0.0,0.65,0.582028,0.0,1,0.0070436082,0.7157228570999999,0.5958492015679957
4.64716,3.48929,4.64716,1.79907,353.643,196.57,0.0,0.0,0.3996,0.222114,0.0,1,0.0092734415,0.6211188272,0.5814890402476732
10.24525,8.92291,10.23663,0.907947,1704.68,1877.51,60.6525,66.8018,0.6662,0.733743,0.0,1,0.0221490564,0.8716600819,1.1973604211246514
8.49367,4.05917,8.4042,1.02614,2083.99,2030.91,0.0,0.0,0.621,0.605181,0.0,0,0.0465436243,2.9175906867,2.123668856896605
8.81598,3.44204,8.80847,1.03643,1657.94,1599.66,0.0,0.0,0.6052,0.583926,0.0,0,0.0130619617,1.2344647575,1.119104136045509
17.79121,17.46158,17.79121,1.09527,1160.5,1059.55,0.0,0.0,0.6994,0.638563,0.0,1,0.0047675634,0.4491998709,0.41772312320144733
9.98958,7.17562,9.98958,0.965678,2132.17,2207.96,0.0,0.0,0.6886,0.713074,0.0,1,0.0048447355,0.4767994552,0.45600151513722115
13.94656,10.8971,13.94656,0.785099,1996.38,2542.84,0.0,0.0,0.6776,0.863076,0.0,1,0.0086907724,0.8211261645,0.7288812983128048
9.45292,5.8367,9.45292,1.00526,2164.69,2153.37,0.0,0.0,0.6652,0.661721,0.0,1,0.0089030983,0.8504666724,0.7687746548746259
8.19722,5.57863,8.19722,1.03476,2021.86,1953.94,156.073,150.83,0.648,0.626232,0.0,1,0.0105631691,0.9196724779,0.7739244401372766
8.2988,5.7298,8.2988,0.945764,1995.72,2110.17,179.673,189.977,0.662,0.699963,0.0,1,0.006743398,0.6256865918,0.5919396055237817
9.35168,6.74694,9.35021,0.752382,2169.18,2883.09,0.0,0.0,0.6922,0.920012,0.0,1,0.0050444637,0.4951769953,0.5008282355302456
6.7023,3.90662,6.7023,1.13087,1228.85,1086.65,0.0,0.0,0.5372,0.475032,0.0,1,0.0063564777,0.564588805,0.5872227631045952
16.14687,7.68165,16.14687,1.05614,1156.86,1095.37,110.938,105.041,0.5794,0.548604,0.0,0,0.0044194991,0.3652107282,0.436106086485739
16.84916,7.16955,16.84916,0.919377,1330.14,1446.78,0.0,0.0,0.5762,0.626729,0.0,0,0.0031750109,0.2955812405999999,0.3239423983239207
16.83933,7.41658,16.83933,0.974475,1362.23,1397.91,0.0,0.0,0.5914,0.606891,0.0,0,0.0044481826,0.3775775485,0.40537110688366074
7.53441,3.97302,7.25213,1.27166,1671.62,1314.52,0.0,0.0,0.5848,0.459871,0.0,0,0.0736161701,2.8394490522000004,2.58342712103035
15.51079,7.93845,15.33563,0.599908,2098.95,3498.78,0.0,0.0,0.7678,1.27986,0.0,1,0.0097871005,0.8393059784,0.8423762184948009
14.29494,6.44811,14.29494,0.699724,2201.6,3146.38,0.0,0.0,0.7396,1.05699,0.0,1,0.0120594942,0.9447817462,0.8910252024469925
15.26013,7.80017,15.22984,0.646935,2142.31,3311.48,0.0,0.0,0.755,1.16704,0.0,1,0.0114233751,0.9376946929,0.874394447959309
17.59724,12.77954,17.59724,0.373345,1754.11,4698.37,0.0,0.0,0.8458,2.26547,0.0,1,0.0051475694,0.4963511964,0.4784898596062839
17.46459,13.36465,17.46459,0.380351,1759.4,4625.73,0.0,0.0,0.8424,2.21479,0.0,1,0.0053641848,0.5104400195000001,0.4986727308816952
6.79778,4.16971,6.53453,1.58223,946.888,598.451,0.0,0.0,0.4988,0.315251,0.0,1,0.0018124515,0.1722037375,0.1183895108868549
7.18198,3.98931,7.17216,1.75912,848.078,482.104,0.0,0.0,0.4794,0.272523,0.0,1,0.0027051485,0.2411920405,0.19710858479079785
7.31724,4.08974,7.31724,1.65797,902.036,544.061,0.0,0.0,0.4878,0.294215,0.0,1,0.0023650778,0.2252823674,0.17457102854548057
7.31422,4.06957,7.31422,1.65797,900.714,543.263,0.0,0.0,0.4874,0.293974,0.0,1,0.00244811,0.2225985532,0.17553685448299083
7.12473,3.80895,6.25716,1.71371,841.749,491.186,0.0,0.0,0.4802,0.280211,0.0,1,0.0025073634,0.2268865253999999,0.1934302288216596
8.14792,4.96145,8.14665,0.864341,1801.28,2083.99,0.0118168,0.0136714,0.6332,0.732581,0.0,1,0.0033848086,0.3397017165,0.3403910375711994
17.20124,11.68232,17.20124,0.334035,1916.36,5737.0,0.0,0.0,0.8616,2.57937,0.0,0,0.0043057861,0.4134696331,0.4085939461212254
5.95247,4.56093,5.95247,1.11072,926.808,834.423,0.0,0.0,0.484,0.435754,0.0,1,0.0052395447,0.4738844324,0.4702093222100012
18.13342,6.69424,12.87691,0.621417,2220.07,3572.59,0.0,0.0,0.7588,1.22108,0.0,1,0.0053194113,0.5241255743,0.5328534862989133
14.22812,6.68064,13.72074,0.73218,2183.07,2981.61,0.0,0.0,0.7302,0.997295,0.0,1,0.0116511465,0.994136393,0.8884847815013598
13.67194,6.45338,13.67194,0.778071,2218.0,2850.64,0.0,0.0,0.719,0.92408,0.0,1,0.0123283601,1.022842507,0.8842024735012376
5.98081,4.39548,5.97981,1.17803,1312.3,1113.97,0.0,0.0,0.5222,0.443281,0.0,0,0.0184054224,1.3644315291999998,1.4061355681733763
5.52729,4.59222,5.52557,1.12251,2012.74,1793.07,0.0,0.0,0.5812,0.517767,0.0,1,0.0184803998,1.4692865497999998,1.3968886726489833
5.38035,4.73063,5.37764,1.08774,2028.26,1864.66,0.0,0.0,0.5984,0.550133,0.0,1,0.0179678214,1.4790858663,1.3993733055973256
5.88988,4.79787,5.74819,0.995436,2128.35,2138.11,0.0,0.0,0.6234,0.626258,0.0,1,0.0136432618,1.1745636404000002,1.1152993910228994
4.94583,3.86694,4.94583,1.28823,922.23,715.89,367.047,284.924,0.595,0.461875,0.0,1,0.0060330809,0.5712555962,0.5709526736075408
4.20661,3.40597,4.15918,2.43906,861.502,353.21,0.0,0.0,0.4506,0.184743,0.0,0,0.1857840275,3.0853998173000003,2.7083958542641677
6.83152,4.83811,6.82979,1.81549,1004.71,553.413,0.0,0.0,0.5218,0.287416,0.0,1,0.0012097261,0.1235955047,0.09003389187625199
5.83831,3.6143,5.8313,1.27726,1032.08,808.039,0.0,0.0,0.5346,0.418551,0.0,0,0.0030108814,0.2883983685,0.2634025467312779
5.043,4.16027,5.043,1.07174,1871.72,1746.44,0.0,0.0,0.587,0.547708,0.0,0,0.0063577997,0.5972465996999999,0.6571783813351241
4.98387,4.62619,4.98387,1.23288,2036.05,1651.46,0.0,0.0,0.5874,0.476445,0.0,0,0.0089453922,0.8283517708,0.8291179246615089
11.75384,5.77917,10.9055,0.7403,2339.25,3159.86,0.0,0.0,0.728,0.983385,0.0,1,0.0112367611,0.9222541609,0.8880297644576376
6.96325,5.60613,6.9631,1.05672,2615.87,2475.46,0.0,0.0,0.7412,0.701416,0.0,0,0.0015710247,0.1610929374,0.16211313878586397
4.55984,3.67657,4.54982,1.22852,1180.85,961.195,0.0,0.0,0.5162,0.42018,0.0,1,0.0153950575,1.2829392,1.2134297581732236
5.76222,3.92954,5.75675,1.87163,1115.45,595.979,0.0,0.0,0.5392,0.288092,0.0,1,0.0047747611,0.4028780662,0.3640692957323651
20.05813,9.81608,20.05813,0.466068,1922.41,4124.74,0.0,0.0,0.817,1.75296,0.0,1,0.0048589449,0.4935082731,0.46147855116230896
22.37295,9.74126,15.85817,0.406542,1874.4,4610.6,0.0,0.0,0.8348,2.05341,0.0,1,0.0053593359,0.5103449774000001,0.5097378909795003
27.97153,12.56634,27.97011,0.560816,1424.55,2540.14,0.0,0.0,0.8216,1.46501,0.0,1,0.0027053806,0.2608548329,0.28652918059792976
10.46973,7.87545,10.46973,0.738468,2086.61,2825.59,0.0,0.0,0.7458,1.00993,0.0,1,0.0046987435,0.4556627129,0.45006927573974936
19.48964,6.95947,19.01833,0.883977,1734.47,1962.13,12.3053,13.9204,0.6898,0.780337,0.0,0,0.0039348468,0.3609214764,0.38011095869932326
8.64392,7.56813,8.64392,1.32804,1594.81,1200.87,0.0,0.0,0.5826,0.438691,0.0,1,0.0180922048,1.1229277095,1.204310072063196
9.38886,6.3118,6.70875,0.66218,2520.92,3807.0,0.0,0.0,0.7062,1.06648,0.0,1,0.0035976935,0.3691279806,0.3681126587231059
8.37964,4.34396,8.24742,1.02359,1533.32,1497.98,0.0,0.0,0.589,0.575426,0.0,1,0.006501332,0.5349121661999999,0.5946866864537592
6.07852,4.93483,6.07852,1.10025,1440.15,1308.92,0.0,0.0,0.5372,0.488252,0.0,1,0.0135150106,1.067265057,1.0512445725820183
15.00006,7.9611,15.00006,0.597056,2195.04,3676.45,0.0,0.0,0.8098,1.35632,0.0,0,0.0032955396,0.3340954734,0.35064398670148955
10.75813,9.26028,10.75813,1.01792,1232.26,1210.56,0.0,0.0,0.595,0.584524,0.0,1,0.0096604443,0.6280820359,0.7784729758736233
11.48015,5.54799,11.48015,0.751265,2238.05,2979.04,0.0,0.0,0.6966,0.927235,0.0,1,0.0100192902,0.7744694462,0.8688563533582868
5.24657,3.69518,4.6388,1.35865,1975.58,1454.07,0.0,0.0,0.6774,0.498582,0.0,1,0.0014755165,0.1463194938,0.2234883119539376
13.24903,6.01162,13.24903,0.724616,2572.52,3550.19,0.0,0.0,0.738,1.01847,0.0,1,0.0108086065,0.9235243472,0.8825897611749243
8.77455,8.32709,8.77455,1.39055,1211.67,871.361,0.0,0.0,0.542,0.389775,0.0,1,0.0017881929,0.1694944987999999,0.16493304586547075
4.2596,3.69956,3.91407,1.28668,325.715,253.143,152.721,118.694,0.493,0.383155,0.0,1,0.0452212888,1.5676575844999998,1.6789884184695476
11.27166,9.72629,11.27166,0.630203,2036.29,3231.16,0.0,0.0,0.7776,1.23389,0.0,1,0.0074694114,0.7134213123,0.6598894605299791
6.18311,3.84627,6.03204,1.11722,1799.74,1610.9,0.0,0.0,0.5848,0.523441,0.0,1,0.0117623324,1.0228019424,0.9843023441778725
11.37507,4.46993,11.2947,0.820023,2214.4,2700.41,0.0,0.0,0.683,0.832903,0.0,1,0.0131204632,1.0133973912,0.962955167187358
5.63973,4.20214,5.63973,1.33333,1496.0,1122.0,0.0,0.0,0.5418,0.40635,0.0,1,0.0076637565,0.673009573,0.65395984888954
5.85951,3.93163,5.85747,0.998165,1648.55,1651.58,0.0,0.0,0.5924,0.593489,0.0,1,0.0066617832,0.5997559025,0.6194520053784707
5.84101,5.24434,5.82161,1.88151,1162.86,618.045,0.0,0.0,0.4892,0.260004,0.0,1,0.0065319463,0.5679312455,0.537049129468343
17.52243,13.2696,17.52243,0.353615,1734.78,4905.83,0.0,0.0,0.8448,2.38904,0.0,1,0.0064417892,0.6261085109000001,0.5737652903340159
11.20913,5.76802,11.20913,0.762768,2433.01,3189.71,0.0,0.0,0.7328,0.960711,0.0,1,0.0086990954,0.7707464981000001,0.7723860960659795
6.54289,4.24913,6.41069,1.18041,2725.22,2308.7,0.0,0.0,0.7086,0.600298,0.0,1,0.0016530712,0.154727854,0.16313833486289353
8.63265,8.31738,8.63265,0.954966,1909.82,1999.88,0.0,0.0,0.6476,0.678139,0.0,0,0.0272384171,1.874304864,1.644038246242755
6.27753,3.98136,5.70385,2.37062,1034.62,436.436,0.0,0.0,0.5084,0.214459,0.0,1,0.0016784233,0.1585946178,0.0718887572747704
9.43032,7.54222,9.43032,1.04574,1938.97,1854.15,0.0,0.0,0.6636,0.634572,0.0,1,0.0027378905,0.2670997048999999,0.26712873637553275
5.47437,4.15922,5.45635,1.58777,611.158,384.916,0.0,0.0,0.467,0.294124,0.0,1,0.0030548443,0.2708117601,0.21348128850392267
5.19157,3.5955,4.37454,1.44817,1020.62,704.764,0.0,0.0,0.4738,0.327171,0.0,0,0.0753780101,2.5401572053,2.5524879214107807
5.15286,4.051,5.1389,1.29378,835.081,645.456,0.0,0.0,0.4744,0.366676,0.0,0,0.0093523747,0.749196706,0.7040883360484059
4.91681,4.19541,4.74683,1.50398,326.541,217.118,372.303,247.545,0.4758,0.316361,0.0,1,0.0149870813,0.7801971976000001,0.9147119142068778
5.07245,4.30959,5.07245,1.09741,1894.95,1726.75,0.0,0.0,0.5778,0.526513,0.0,0,0.0075690345,0.7022186173,0.7513605374465709
5.63153,3.9554,5.61978,1.17451,1015.77,864.844,0.0,0.0,0.5246,0.446654,0.0,0,0.0120934482,0.8983967857999999,0.8832753214708184
10.08543,5.68643,10.01287,0.89499,1881.89,2102.69,0.0,0.0,0.632,0.706153,0.0,1,0.0049664817,0.4757639168,0.46424319615450244
6.80799,4.4618,6.75728,1.08855,2111.95,1940.16,0.0,0.0,0.652,0.598964,0.0,1,0.0159428627,1.360292323,1.219146288251217
6.59183,6.26977,6.57302,1.22444,1079.67,881.768,0.0,0.0,0.531,0.433667,0.0,1,0.0044675783,0.4216863888,0.387747397234345
8.75721,7.78778,8.74627,1.19678,1224.87,1023.47,99.9871,83.5467,0.567,0.473771,0.0,1,0.004036905,0.3741529308,0.3638449048617998
23.63664,14.31993,19.5758,0.701228,1663.19,2371.82,0.0,0.0,0.827,1.17936,0.0,1,0.0028960172,0.2807147216,0.2764897101489118
11.70306,8.32124,11.70306,0.764211,2296.31,3004.82,0.0,0.0,0.7326,0.958635,0.0,1,0.005272403,0.5203326338,0.51501910781257
8.81743,7.63214,8.81743,1.35967,1158.46,852.011,0.0,0.0,0.5786,0.425543,0.0,1,0.0009211975,0.0930409467,0.12227353105741523
23.89274,9.6738,23.89274,0.500285,1776.43,3550.84,0.0,0.0,0.8514,1.70183,0.0,1,0.0022488,0.2205540628,0.24445588840370525
7.57732,5.39606,7.57711,1.85198,785.332,424.05,0.0,0.0,0.38,0.205186,0.0,0,0.0046719356,0.3790034003,0.3989146138143643
4.58414,3.42916,4.57221,1.15745,652.399,563.652,0.0,0.0,0.5004,0.43233,0.0,1,0.0113473115,0.8839975357,0.8685949332425806
5.25446,4.2672,5.25048,1.11639,1457.42,1305.47,0.0,0.0,0.522,0.467577,0.0,1,0.0061408309,0.5610709468,0.5727408742647467
5.1192,3.7079,5.1192,1.29581,1317.84,1017.0,0.689155,0.531833,0.5164,0.398515,0.0,1,0.0045666629,0.4072823439999999,0.4471506907806981
4.38921,3.97026,4.38921,1.66698,711.745,426.966,0.0,0.0,0.445,0.266949,0.0,1,0.0167856814,1.146909966,1.1240637812707914
4.9495,3.52882,4.91814,1.71859,1100.33,640.251,0.0,0.0,0.4958,0.288493,0.0,1,0.0072621257,0.6103903214,0.633183249125918
6.81688,4.29892,6.81439,1.49389,849.77,568.828,302.861,202.732,0.5408,0.362007,0.0,1,0.0070930564,0.6399364304999999,0.5794368671983482
5.59939,4.02992,5.59939,1.54548,471.321,304.968,0.0,0.0,0.3828,0.247691,0.0,1,0.0030990873,0.2553533571,0.18772498005683358
8.07131,6.70372,8.06884,0.841125,2495.1,2966.38,0.0,0.0,0.7398,0.879537,0.0,1,0.0035402743,0.3568247552,0.3621929229469549
5.53845,5.06291,5.53845,1.56223,562.431,360.018,0.0,0.0,0.406,0.259885,0.0,1,0.0042781384,0.3346752366,0.3359435486544422
5.70904,5.21205,5.70809,1.26984,1449.53,1141.51,0.0,0.0,0.5328,0.419581,0.0,0,0.0111492172,0.9297268168,0.8873328865711674
5.59427,3.7203,5.58851,1.22195,1633.54,1336.83,0.0,0.0,0.5402,0.442081,0.0,0,0.0206135824,1.5368020145,1.5407760816660319
10.40329,4.10605,10.37784,1.07199,1355.57,1264.53,0.0,0.0,0.5958,0.555788,0.0,0,0.0041620779,0.3836334893,0.3777263998308917
6.91715,4.85787,6.80515,1.20639,1419.32,1176.5,0.0,0.0,0.5452,0.451927,0.0,1,0.0084702543,0.6947513777,0.7034045502732903
6.8237,5.05077,6.8237,1.16475,1401.88,1203.6,0.0,0.0,0.5646,0.484741,0.0,1,0.0100095175,0.7747774893000001,0.847115543859385
9.03257,8.2459,9.03257,1.20375,1198.02,995.242,19.6744,16.3443,0.5232,0.434643,0.0,1,0.0091979114,0.7571984494,0.6813176295778924
10.04486,7.28733,8.32739,1.10725,1597.55,1442.8,0.0,0.0,0.6074,0.548566,0.0,1,0.0102709784,0.7360364609000001,0.8290779633306685
11.08356,10.07272,11.08356,1.04241,2157.14,2069.38,0.0,0.0,0.6704,0.643125,0.000575589,1,0.0043551694,0.4083652665,0.41646505899040914
11.0199,9.96279,11.0199,1.02397,2131.01,2081.12,2.80083,2.73525,0.6704,0.654704,0.000390635,1,0.0040016468,0.3853361253,0.3868462607227827
11.25706,10.64391,11.25706,1.25158,1683.65,1345.22,0.0,0.0,0.6192,0.494733,0.000319595,1,0.0073364782,0.5978219184,0.6312897634071182
6.74306,5.75371,6.74306,0.976347,2190.17,2243.23,0.0,0.0,0.6418,0.657348,0.0,0,0.0358880706,2.1667016881,1.9540547256874212
6.85219,5.8161,6.82993,0.945875,2241.09,2369.33,0.0,0.0,0.6656,0.703687,0.0,0,0.0207648009,1.5064037558,1.6257419248332141
5.1368,3.79878,5.1368,1.2109,986.179,814.421,0.0,0.0,0.4988,0.411926,0.0,1,0.0191901454,1.3619422908,1.348895939377571
6.17675,3.66385,6.16217,3.86628,1048.57,271.209,3.67271,0.949935,0.4996,0.12922,0.0,1,0.000864448,0.082076627,0.0568184581734712
7.08548,5.40816,7.07157,1.2293,1842.78,1499.05,0.0,0.0,0.602,0.48971,0.0,1,0.016660015,1.4036706214,1.2243882221741984
5.69878,4.15176,5.69426,1.30487,1528.5,1171.39,0.0,0.0,0.5762,0.441578,0.0,1,0.0075513863,0.655459087,0.6545016493572697
6.07888,4.64465,6.07888,1.08032,1892.14,1751.47,0.0,0.0,0.5974,0.552986,0.0,1,0.010175668,0.8899787043999999,0.9298043104219688
10.84931,8.93162,10.8375,1.42421,1898.38,1332.94,0.0,0.0,0.6618,0.464679,0.000140429,1,0.0058661208,0.5360834523,0.5155403617446331
12.0686,4.7874,12.0686,0.713789,1872.2,2622.9,0.0,0.0,0.6712,0.940333,0.0,1,0.006536068,0.6101262896,0.6009579703126678
11.04439,8.71548,11.04439,0.72332,1810.35,2502.84,0.0,0.0,0.6956,0.961677,0.0,1,0.0033553945,0.3296511829,0.3391569079427851
16.51036,13.08019,16.51036,0.865049,1760.16,2034.75,0.0,0.0,0.7388,0.854055,0.0,1,0.0037128673,0.3570796664,0.34271221346027975
5.2151,3.68936,5.21444,1.57762,664.94,421.484,0.0,0.0,0.4366,0.276747,0.0,1,0.0077167954,0.5401027278,0.5607363419722671
5.12845,3.67184,5.12666,1.49187,656.885,440.311,0.0,0.0,0.4242,0.284342,0.0,1,0.008642445,0.6085022044,0.5975422746527005
5.42809,3.78005,5.42809,2.82711,1122.0,396.872,0.0,0.0,0.4876,0.172473,0.0,1,0.0074831168,0.5591167438,0.5630811321334652
5.81147,5.44043,5.81147,1.41497,1048.95,741.327,0.0,0.0,0.4866,0.343895,0.0,1,0.0119861771,0.9068255024,0.815691181512849
6.3502,4.1996,4.94284,1.08381,1502.1,1385.95,0.0,0.0,0.547,0.504702,0.0,0,0.006411774,0.5561139288,0.6071036930467317
4.3806,3.6645,4.37038,2.70729,829.179,306.276,0.0,0.0,0.5018,0.185351,0.0,1,0.0047759932,0.4042349599,0.35930142627775075
8.84744,7.28374,8.84744,0.910066,1853.32,2036.47,138.745,152.456,0.6838,0.751374,0.0,1,0.0219716118,2.0287486094,1.16512257380335
8.64175,7.19008,8.64175,0.936726,1743.28,1861.03,108.799,116.148,0.6724,0.717819,0.0,1,0.0220215365,1.9987272381,1.1945184559062103
10.45034,5.06084,10.45034,1.57916,2084.61,1320.07,0.0,0.0,0.6474,0.409964,0.000253299,0,0.0257834967,1.7943899015,1.6327340149696414
13.99523,6.27881,13.98885,1.13186,2079.02,1836.82,0.0,0.0,0.712,0.629056,0.00123691,0,0.0055389955,0.5309644392,0.505580259710789
10.02705,9.63343,10.02705,0.905218,1687.34,1864.01,0.0,0.0,0.6458,0.71342,0.0,1,0.0034743909,0.3401109411,0.35444267293789883
15.32333,11.13291,15.32333,0.488773,1874.4,3834.91,0.0,0.0,0.8254,1.68872,0.0,0,0.0043539437,0.4443324578,0.41959503097024975
13.77076,8.56536,13.77076,0.777047,2136.37,2749.35,0.0,0.0,0.75,0.965193,0.0,1,0.0088673442,0.7802654906000001,0.7313746258141774
13.29282,10.46232,13.28611,0.466279,1667.35,3575.87,0.0,0.0,0.769,1.64923,0.0,0,0.0038540146,0.3794156682,0.365339135117161
12.10195,9.86984,11.94213,0.53152,1907.5,3588.78,0.0,0.0,0.7308,1.37493,0.0,0,0.0043808639,0.4310856993999999,0.42457561068287764
4.44888,3.51511,4.44772,1.47992,991.094,669.692,0.0,0.0,0.5136,0.347045,0.0,1,0.0483759033,2.6293137724,2.0882736470166052
5.23607,3.48613,5.20368,1.30167,934.815,718.167,0.0,0.0,0.481,0.369526,0.0,1,0.003430876,0.3223491355,0.33656216901169905
10.98616,5.10232,10.98616,0.916508,2445.22,2667.98,0.0,0.0,0.701,0.76486,0.0,0,0.0170475894,1.3489769406,1.4419781265354827
11.33641,4.82375,11.33641,0.84337,2328.1,2760.47,0.0,0.0,0.7052,0.836169,0.0,1,0.0083256032,0.6996907512999999,0.735976350618263
11.39413,4.45603,11.39395,0.823222,2176.06,2643.34,0.0,0.0,0.6782,0.823836,0.0,1,0.0119134612,0.9224316993,0.9038744911377723
11.35974,4.90438,11.35974,0.939411,2072.64,2206.31,0.0,0.0,0.6858,0.730032,0.0,1,0.0082425638,0.6606132459,0.7263443314075874
12.29772,4.40701,12.29772,1.06558,1807.75,1696.49,0.0,0.0,0.6366,0.597423,0.0,1,0.0282798636,1.713415682,1.3523939713273068
5.10039,3.48814,5.04421,1.9845,773.41,389.725,0.0,0.0,0.4536,0.228571,0.0,0,0.009095193,0.7103562561,0.6303641275381237
5.7453,3.83462,5.73601,1.16695,456.507,391.195,576.227,493.787,0.5048,0.432579,0.0,1,0.0100575614,0.7773107117,0.7832296989523659
6.00039,4.10193,6.00039,1.57884,1847.37,1170.08,0.0,0.0,0.5658,0.358365,0.0,0,0.0375188479,2.2762401813,2.582047977266229
9.4503,8.03208,9.44131,0.783125,2001.73,2556.08,0.0,0.0,0.6954,0.88798,0.0,1,0.0044117512,0.4278279099,0.4214783005632506
7.11373,6.811,7.11373,1.26887,1254.11,988.366,0.0,0.0,0.5466,0.430777,0.0,0,0.0287791702,1.5466673496,1.6593905835310772
11.14892,6.14756,10.82233,0.696915,2278.27,3269.08,0.0,0.0,0.7598,1.09023,0.0,0,0.0062720253,0.5820295419,0.5889585758002043
8.34511,7.17292,8.34511,2.09717,1140.47,543.814,47.5156,22.657,0.5374,0.25625,0.0,1,0.1341777247,2.0697205012,1.9201719763599032
12.94588,7.66866,12.94473,0.72242,1683.33,2330.13,0.0,0.0,0.6926,0.958722,0.0,1,0.005840188,0.5560985743,0.5301542163946535
6.23289,3.57497,6.23289,1.40383,1318.74,939.391,0.0,0.0,0.5748,0.409452,0.0,1,0.0095181215,0.7150138129000001,0.8472190162683654
6.44452,4.39633,6.26218,0.848839,2656.63,3129.72,0.0,0.0,0.6752,0.795439,0.0,1,0.0071325931,0.67638761,0.6957185183203642
22.00141,13.57926,22.00141,0.303251,1702.79,5615.12,0.0,0.0,0.8664,2.85704,0.0,1,0.0038778087,0.4055524348,0.37076358856276936
12.64784,4.86083,12.64784,0.990851,1164.4,1175.15,1.09776,1.1079,0.5774,0.582731,0.0,0,0.0066564033,0.4490041864999999,0.5627746762812378
6.37058,3.75017,6.31599,1.47166,1046.29,710.962,0.0,0.0,0.4758,0.323309,0.0,1,0.0154221496,0.97492066,1.042940198092729
6.44373,4.70368,6.44373,1.54037,1273.49,826.743,0.471228,0.30592,0.5596,0.36329,0.0,0,0.0017088375,0.1626922558,0.17015971578307443
5.04832,3.46231,5.04832,1.78813,230.047,128.652,0.0,0.0,0.3434,0.192044,0.0,0,0.0004653139,0.0464934464,0.12997704183204395
5.97035,4.19261,5.97035,0.838148,2340.51,2792.47,0.0,0.0,0.6598,0.787211,0.0,0,0.0073191161,0.7083115009000001,0.7151055720077135
4.48385,3.90246,4.48385,1.73709,680.126,391.531,0.0,0.0,0.355,0.204365,0.0,0,0.0105465278,0.7274606035,0.6941085422377493
4.78,3.54213,4.78,1.57799,239.569,151.819,1.50875,0.956125,0.405,0.256656,0.0,1,0.0038220395,0.2825294408,0.288457830680404
11.27758,5.77514,11.27758,0.754326,2377.38,3151.67,0.0,0.0,0.7286,0.965895,0.0,1,0.0081273796,0.7072077547,0.7397709915906694
5.83718,5.07634,5.83718,1.54054,902.956,586.13,0.0,0.0,0.4802,0.311709,0.0,0,0.0042141581,0.3601856271,0.34360831157600064
17.3936,6.5256,17.3936,0.714443,2314.93,3240.19,0.0,0.0,0.7448,1.04249,0.0,1,0.0076583517,0.7076905146,0.6893074388140255
14.1625,12.23837,14.01017,0.445038,1622.66,3646.11,0.0,0.0,0.8192,1.84074,0.0,0,0.0035164689,0.3443864833,0.3501437064964192
5.29579,3.70027,5.04153,2.43966,1096.49,449.444,0.0,0.0,0.4662,0.191092,0.0,1,0.0014158211,0.1370557063,0.1266069757642827
4.8504,3.67082,4.8504,1.69205,830.274,490.692,0.0,0.0,0.422,0.249402,0.0,1,0.0009558038,0.0894920296,0.12840359278855007
8.42834,7.30081,8.42834,1.12746,2081.49,1846.18,0.0,0.0,0.6604,0.585741,0.0,1,0.0113365719,0.8461983137000001,0.8792519628633824
9.35675,7.76923,9.35675,1.01818,2023.43,1987.3,0.0,0.0,0.682,0.669824,0.0,1,0.0062299323,0.5448458302,0.5592006098564578
8.23485,7.33998,8.22968,1.08218,2034.99,1880.45,0.0,0.0,0.6656,0.615052,0.0,1,0.0080330871,0.6615868187,0.6875024768850228
6.4215,4.94372,6.4215,1.82045,781.409,429.241,62.0655,34.0935,0.4872,0.267627,0.0,0,0.4534333735,2.5525554581,2.798787837602236
4.70593,3.52651,4.70593,1.57273,262.668,167.014,0.0,0.0,0.3982,0.25319,0.0,0,0.0016981674,0.1470081002,0.1834412433756789
7.25508,5.59885,7.25181,0.896016,2107.41,2351.98,0.0,0.0,0.6198,0.691729,0.0,0,0.007998097,0.7286213719,0.7565799477887459
9.24485,8.42275,9.24485,0.921133,2004.83,2176.48,0.0,0.0,0.7082,0.768836,0.0,1,0.0042219319,0.4152439946,0.40402650525133793
7.48231,5.79274,7.48231,1.22218,1603.95,1312.37,0.0,0.0,0.5772,0.472271,0.0,0,0.0128547077,1.0605708088,0.9935429420253735
16.86752,8.38436,16.86674,0.654639,2227.03,3401.91,0.0,0.0,0.7522,1.14903,0.0,0,0.0096735001,0.8767848543000001,0.9005524825724123
8.39897,4.41455,7.24132,1.53561,1235.4,804.498,0.0,0.0,0.537,0.349697,0.0,1,0.0061238145,0.5274014081,0.4805697579415842
7.34363,6.78558,7.34363,2.03979,1347.27,660.495,0.0,0.0,0.5606,0.274833,0.0,1,0.0012275259,0.1215713376999999,0.12080450589209035
7.95322,7.17933,7.95063,2.27911,1239.6,543.896,0.0,0.0,0.5128,0.225,0.0,1,0.0015580299,0.1419695428,0.12122898810797345
9.73357,7.77994,9.73357,1.04203,1469.46,1410.19,0.0,0.0,0.5926,0.568698,0.0,1,0.0033484855,0.3069195897,0.3293443176204617
6.03272,4.74397,6.03272,1.27285,1432.72,1125.6,0.0,0.0,0.533,0.418745,0.0,1,0.0407477328,2.1632895791,1.9853618291231643
10.96057,3.9466,10.96057,0.96925,2139.32,2207.19,0.0,0.0,0.6522,0.672892,0.0,1,0.013308547,0.9535518609,0.981006996903376
5.16012,4.53444,5.16012,1.3403,741.014,552.871,0.0,0.0,0.4724,0.352458,0.0,1,0.0108885964,0.7299532626,0.7491383835981474
8.73929,3.8669,8.73929,1.62446,1658.83,1021.16,0.0,0.0,0.5686,0.350023,0.000123118,0,0.0129116936,0.9905917251,0.9523622129709749
8.7342,3.8432,8.7342,1.62392,1647.74,1014.66,0.0,0.0,0.5664,0.348785,0.000123158,0,0.0131517945,0.9995471296,1.0376574921760722
8.72079,3.85677,8.72079,1.62392,1649.19,1015.56,0.0,0.0,0.5662,0.348662,0.000123158,0,0.01336466,0.9984512662,1.0288215363630149
8.7506,3.87613,8.7506,1.62628,1652.91,1016.38,0.0,0.0,0.5644,0.347051,0.00012298,0,0.0130285188,0.9847024448,0.9865333420807061
8.7392,3.86679,8.7392,1.61914,1660.3,1025.42,0.0,0.0,0.5678,0.35068,0.000123522,0,0.0131883471,0.9972951984,1.021099973013399
20.40507,9.35997,20.29085,0.359492,1749.6,4866.88,0.0,0.0,0.8282,2.30381,0.0,1,0.003561088,0.3459953075999999,0.3675227435589144
11.51038,11.00419,11.51038,0.791669,2046.48,2585.02,0.0,0.0,0.7196,0.908965,0.0,1,0.0044648491,0.4228599395,0.4178936420878528
6.20107,4.39757,6.00946,1.10502,1320.66,1195.15,0.0,0.0,0.5634,0.509854,0.0,1,0.0156273434,1.2660141155,1.1851740551418204
6.52911,4.84223,6.42802,0.711336,2529.9,3556.55,0.0,0.0,0.724,1.0178,0.0,0,0.0033361063,0.3427686729,0.3330524973515757
6.97897,5.6407,6.97897,1.04077,2621.69,2519.0,0.0,0.0,0.728,0.699485,0.0,0,0.0017066682,0.1672751278,0.17513274486562058
15.48179,8.59456,15.48179,0.827341,1070.73,1294.18,649.279,784.778,0.7024,0.848985,0.0,1,0.0061782987,0.5791666497,0.5423858308252818
8.67978,6.03579,8.67978,1.44387,1169.53,809.996,0.0,0.0,0.528,0.365683,0.0,0,0.0186304955,0.9833351266,1.2567227940621577
5.91203,3.84839,5.91203,1.89218,897.906,474.535,26.6841,14.1023,0.5394,0.285068,0.0,1,0.0054720731,0.4853935144,0.44630283756748634
7.6401,7.16451,7.6401,1.03687,1572.96,1517.02,0.0,0.0,0.6052,0.583678,0.0,0,0.004926731,0.4712475909,0.4317249050663936
7.22635,3.6325,7.22635,1.12288,1450.11,1291.42,116.271,103.547,0.6152,0.547876,0.0,1,0.0156614108,1.1500765256,1.109936063455914
6.09702,4.59857,6.00864,0.925107,3214.55,3474.79,0.0,0.0,0.7256,0.784342,0.0,1,0.008359852,0.8055361483,0.8046945986329254
5.30907,3.99675,5.30907,1.52316,1317.75,865.142,3.37005,2.21254,0.567,0.372253,0.0,1,0.0010778896,0.1119031724,0.13454671382668437
5.25288,3.93402,5.25288,1.60089,1259.27,786.607,0.906546,0.566275,0.553,0.345433,0.0,1,0.0014194716,0.1418817631,0.14290867826517262
8.65122,7.37341,8.63714,0.731865,2340.33,3197.76,0.0,0.0,0.7808,1.06686,0.0,1,0.0028851759,0.3007950036,0.28386120958828304
8.52908,6.49629,8.43809,0.783284,2511.4,3206.24,0.0,0.0,0.7642,0.975636,0.0,1,0.0030978652,0.3130415891,0.30651027677646436
8.93321,7.13554,8.85614,0.743064,2382.53,3206.36,0.0,0.0,0.7776,1.04648,0.0,1,0.0030639582,0.307052383,0.3010887389974009
9.10178,8.52081,9.10178,1.31251,1251.72,953.685,0.0,0.0,0.55,0.419045,0.0,0,0.002012545,0.2092187955999999,0.2037473453691674
5.07507,4.00874,5.06633,0.83188,1576.83,1895.5,14.3781,17.2839,0.6032,0.725105,0.0,1,0.0138140734,1.190612408,1.1021491430989157
5.3028,4.79056,5.23858,2.17471,1211.49,557.081,0.0,0.0,0.5374,0.247113,0.0,1,0.0076591681,0.6368880379,0.6096164703902217
4.97649,3.71436,4.80086,1.82817,1160.84,634.973,0.0,0.0,0.5496,0.300629,0.0,0,0.0188634724,1.2767377804,1.2604830987682785
6.69716,5.18096,6.69716,1.19378,889.708,745.285,0.0,0.0,0.5462,0.457538,0.0,1,0.0040033669,0.3593511335,0.33457874262052517
5.64759,3.74556,5.63124,1.14128,1695.81,1485.89,0.0,0.0,0.6038,0.529056,0.0,0,0.0098870442,0.8896030648000001,0.9000174733317209
22.96741,14.74434,21.68942,0.423627,1862.02,4395.43,0.0,0.0,0.8094,1.91064,0.0,1,0.004872432,0.4748077450999999,0.45500137492015774
8.00418,6.00384,7.95536,0.793634,2093.66,2638.07,0.0,0.0,0.6836,0.861354,0.0,1,0.0053077536,0.5404207427000001,0.5171586977168874
15.71173,14.36824,15.70209,0.304225,1659.94,5456.29,0.0,0.0,0.8758,2.87879,0.0,1,0.004678553,0.4585093127,0.44099971588386394
12.03938,6.80096,12.03938,0.533609,2437.56,4568.06,0.0,0.0,0.7952,1.49023,0.0,1,0.0046921962,0.4633543714,0.4677457931162621
8.7439,3.85039,8.7439,1.61905,1664.15,1027.86,0.0,0.0,0.5698,0.351935,0.000123529,0,0.0131202588,1.0010063696,0.9956229065642346
8.70584,3.84457,8.70584,1.62392,1646.48,1013.89,0.0,0.0,0.566,0.348539,0.000123158,0,0.0132707698,1.0006953135,1.0373138551182328
8.75392,3.85708,8.75392,1.61914,1667.04,1029.58,0.0,0.0,0.569,0.351421,0.000123522,0,0.0137509716,1.0315694198,1.0930899197914146
8.75193,3.87567,8.75193,1.61914,1674.22,1034.02,0.0,0.0,0.5708,0.352533,0.000123522,0,0.0132019648,0.9954732985,1.021576635965526
7.07448,3.50364,7.07448,0.974588,1203.79,1235.18,0.0,0.0,0.5756,0.590608,0.0,1,0.004510019,0.4188366943,0.47242881231427347
6.11386,4.64051,6.10962,1.23527,1692.68,1370.29,0.0,0.0,0.5696,0.461113,0.0,1,0.0079113929,0.7049304575,0.7049195772756168
11.18983,6.92715,11.18534,1.0698,2252.1,2105.17,0.0,0.0,0.7314,0.683682,0.0,1,0.0048373964,0.4181405921,0.45120375258035034
11.08754,7.14784,11.07704,1.04748,2269.71,2166.83,0.0,0.0,0.7294,0.696338,0.0,1,0.0050288495,0.4295118174,0.4712619402289967
6.67857,6.1782,6.67857,1.3299,1357.69,1020.89,0.0,0.0,0.5186,0.389953,0.0,1,0.0650522896,3.1578132432,2.01061055526875
10.57747,9.21067,10.57747,0.779734,1974.44,2532.19,79.8475,102.404,0.7166,0.919031,0.0,1,0.007265096,0.5607959545000001,0.581638528876786
17.25569,8.09715,17.25569,0.556792,2001.58,3594.84,0.0,0.0,0.8118,1.45799,0.0,0,0.0034749556,0.3506041018,0.3560210717329692
5.38838,3.99776,5.38838,1.49315,564.33,377.946,0.0,0.0,0.462,0.309413,0.0,1,0.0018931911,0.1793050091,0.13209006868935125
4.51281,3.91001,4.51281,1.28172,1102.17,859.911,0.0,0.0,0.5092,0.397278,0.0,1,0.0115287668,0.9380295068,0.9065997726321906
6.50092,5.08477,6.48929,1.07548,2661.96,2475.15,0.0,0.0,0.732,0.680628,0.0,1,0.0017340788,0.1763061872,0.1690971140049361
4.14172,3.70815,4.13635,1.81907,447.316,245.904,0.0,0.0,0.3944,0.216814,0.0,1,0.0117807024,0.7835306193000001,0.7543788214970918
4.94343,3.60013,4.89104,2.53459,858.107,338.559,0.0,0.0,0.4532,0.178806,0.0,1,0.001366874,0.1293250688,0.13110630961616476
4.42426,3.78879,4.41806,2.68502,271.798,101.228,0.0,0.0,0.3626,0.135046,0.0,1,0.0016503786,0.1330050783,0.07820858109520157
7.74101,6.53754,7.72929,0.889175,2037.11,2291.01,0.0,0.0,0.6704,0.753957,0.0,1,0.004237326,0.422594113,0.41911054289372857
6.43035,3.58774,6.40263,1.17796,1255.08,1065.47,0.0,0.0,0.5356,0.454684,0.0,1,0.0070319673,0.6587461619,0.664928520628225
7.20792,4.54762,7.18428,2.94358,462.695,157.188,0.0,0.0,0.3644,0.123795,0.0,0,0.0497512397,0.7472490201,1.499978493597214
5.4125,3.87823,5.4125,1.2118,2026.54,1672.35,0.0,0.0,0.626,0.516588,0.0,1,0.0071919927,0.6921948595,0.6515684097548017
7.86941,5.48239,7.69217,1.35028,2044.61,1514.21,0.0,0.0,0.6322,0.468199,0.0,0,0.0815479843,4.0336586225,2.349284326973094
6.00697,5.10202,6.00697,2.05406,380.973,185.473,0.0,0.0,0.3726,0.181397,0.0,0,0.0021842142,0.1723474407,0.18879189170637045
7.27569,3.40268,7.27569,1.19506,1324.35,1108.19,0.0,0.0,0.5504,0.460564,0.0,1,0.0043178747,0.4145289695,0.4860453548602832
14.57882,8.27004,14.57002,0.828014,1665.84,2011.86,0.0,0.0,0.6674,0.806025,0.0,1,0.0045220831,0.4380684640999999,0.4140368755792935
11.69192,5.63198,11.69192,1.6473,2524.33,1532.4,0.0,0.0,0.7696,0.467189,0.0,0,0.0005269337,0.0547029915,0.18439698538146743
23.87987,23.45836,23.87987,0.417441,1745.24,4180.81,0.0,0.0,0.8514,2.03957,0.0,1,0.0044069449,0.4349424727,0.4141436804905094
5.3997,3.7276,5.38981,1.60552,1283.87,799.661,0.0,0.0,0.5344,0.332851,0.0,1,0.0033980425,0.3063903277,0.2965483127159067
5.24877,5.07012,5.24877,2.41392,1168.03,483.873,0.0,0.0,0.46,0.190561,0.0,1,0.0039058348,0.3375744054,0.33596570966924794
14.34298,9.58261,14.33743,0.489073,1953.45,3994.18,0.0,0.0,0.8062,1.64842,0.0,1,0.0048082512,0.4630270300999999,0.46423022957515825
6.0532,4.88486,6.0532,1.5961,1140.46,714.525,0.0,0.0,0.4812,0.301484,0.0,1,0.014814345,1.0742528655,1.0863734699472833
13.62192,8.69235,13.61731,0.709108,2139.96,3017.82,0.0,0.0,0.7494,1.05682,0.0,1,0.0086962634,0.7818632140999999,0.7370916615082507
5.31372,3.9852,5.29181,1.76596,1661.67,940.942,0.0,0.0,0.5196,0.29423,0.0,0,0.0196337974,1.335117757,1.3757206373881234
8.69136,6.12819,8.69136,1.41245,1732.73,1226.76,0.0,0.0,0.648,0.458778,0.0,0,0.0023439123,0.2319047042,0.23725886084041942
8.64627,5.79102,8.63931,1.45123,1704.6,1174.59,0.0,0.0,0.6308,0.434666,0.0,0,0.0025322297,0.2397153073,0.2374098436712137
8.99985,5.9392,8.99985,1.59852,1738.06,1087.3,0.0,0.0,0.6478,0.40525,0.0,0,0.0027699611,0.2599990565,0.26769096568756245
6.17523,5.02799,6.17017,1.45638,1635.51,1123.0,0.0,0.0,0.5482,0.376414,0.0,1,0.0056014247,0.4983214477,0.44914054278161814
8.68301,5.26839,8.68301,0.613738,2959.15,4821.52,0.0,0.0,0.7366,1.20019,0.0,1,0.0060784174,0.599077376,0.6018972693570185
9.1769,5.34749,9.1769,0.570426,2833.6,4967.52,0.0,0.0,0.7508,1.31621,0.0,1,0.0052478351,0.5253373651,0.5413584021775504
9.17279,5.31913,9.17279,0.580043,2871.76,4950.95,0.0,0.0,0.7526,1.29749,0.0,1,0.0057710887,0.5402179611,0.5707766393671985
10.19907,5.488,10.19907,0.599366,2923.9,4878.33,0.0,0.0,0.7518,1.25433,0.0,1,0.00651802,0.6222399036,0.6413183390645595
7.70148,5.09259,6.16713,0.70962,2883.03,4062.77,0.0,0.0,0.6922,0.975452,0.0,1,0.0080660603,0.7806269489,0.7583215188127885
7.15478,5.03775,6.09393,0.736061,2757.31,3746.04,0.0,0.0,0.6812,0.925467,0.0,1,0.0084363157,0.8071904805,0.7997282818156362
7.82903,4.99743,6.01083,0.808894,2359.81,2917.33,0.0,0.0,0.6612,0.817412,0.0,1,0.0100760426,0.9071330029,0.9012315604468408
8.83339,5.23908,8.83268,0.625162,2968.14,4747.79,0.0,0.0,0.7388,1.18177,0.0,1,0.0064778819,0.6059308736,0.6437997073837682
10.38875,3.81692,9.82399,1.06757,1652.24,1547.67,0.38238,0.358178,0.625,0.585442,0.0,0,0.0235540847,1.7575885747,1.5444731785452372
17.37115,8.63776,17.37115,0.586277,2129.19,3631.71,0.0,0.0,0.7812,1.33248,0.0,0,0.0096990513,0.9324885502,0.8922823635404507
14.93053,7.82687,14.92608,0.605547,2221.53,3668.64,0.0,0.0,0.8002,1.32145,0.0,0,0.0034132374,0.3318348631,0.35485405650313817
15.46668,6.67243,15.45862,0.75459,2172.96,2879.66,0.0,0.0,0.7356,0.974835,0.0,1,0.0069213979,0.623990494,0.6354846064659837
10.72389,9.68617,10.71468,0.687876,2071.59,3011.58,0.0,0.0,0.7326,1.06502,0.0,0,0.0053283602,0.5154374224,0.5206448013903606
14.99321,9.89811,14.99321,0.736094,1324.75,1799.7,413.723,562.051,0.7332,0.996068,0.0,1,0.0068419186,0.6701794964,0.5489426512258999
6.27145,4.0077,6.27145,1.01791,1360.79,1336.85,112.523,110.543,0.6168,0.605948,0.0,0,0.0090139583,0.8036117338,0.7463948250359518
5.58337,4.79072,5.5596,1.57279,1503.83,956.154,0.0,0.0,0.6132,0.38988,0.0,0,0.0093195888,0.7794766289,0.7368557045757944
4.66793,3.98237,4.65272,1.99529,1051.01,526.749,0.0,0.0,0.449,0.22503,0.0,0,0.0780369561,2.142736561,2.5517213531500165
6.20906,3.77817,6.20895,1.42467,471.884,331.225,0.0,0.0,0.4216,0.295929,0.0,1,0.0016173201,0.1383910592,0.12377529719461289
6.87637,4.98201,6.87637,1.02516,1354.63,1321.39,165.953,161.881,0.579,0.564792,0.0,1,0.0126110223,0.9746648598,0.8607054277313352
5.42504,4.97343,5.42504,1.96219,875.799,446.337,0.0,0.0,0.4652,0.237082,0.0,1,0.0009234849,0.0879406819,0.09674375008086744
5.8975,3.62321,5.8791,1.25938,1494.83,1186.95,0.0,0.0,0.5682,0.451174,0.0,1,0.010100107,0.8654373567,0.9182050126307105
25.15545,13.83989,25.12929,0.397099,1646.09,4145.29,0.0,0.0,0.8436,2.12441,0.0,1,0.006306706,0.5986210639,0.5420011196492589
25.48776,13.70158,25.4679,0.386827,1629.94,4213.63,0.0,0.0,0.8474,2.19064,0.0,1,0.0064452142,0.625025791,0.5668276913809458
4.35318,3.61073,4.35318,1.60792,480.24,298.672,0.0,0.0,0.4216,0.262203,0.0,0,0.0189588174,1.1638774151,1.0740475864125258
8.6135,7.01422,8.60784,0.699177,2542.49,3636.41,0.0,0.0,0.7356,1.05209,0.0,0,0.0062836577,0.5927797179,0.5847958427457981
6.16822,4.1914,6.16041,0.853713,2759.78,3232.68,0.668484,0.783032,0.701,0.821119,0.0,1,0.0056154693,0.5164711171,0.5407642233888813
10.04314,6.94027,10.02007,0.640476,2529.62,3949.59,0.0,0.0,0.7656,1.19536,0.0,1,0.0044030889,0.437230021,0.43185767570550687
6.75056,3.96368,6.747,0.886506,2055.95,2319.17,0.0,0.0,0.618,0.697119,0.0,0,0.0075130002,0.7119605957999999,0.6986554074384119
6.78948,3.75665,6.78948,0.974046,1905.16,1955.93,0.0,0.0,0.5918,0.607569,0.0,0,0.0184218538,1.690849665,1.5316923446124386
12.34505,7.48961,12.34505,0.843457,1880.34,2229.33,0.0,0.0,0.7078,0.839165,0.0,0,0.0037056439,0.362365216,0.35269820453488565
8.45052,7.3406,8.18626,0.767479,2121.67,2764.47,0.0,0.0,0.657,0.856049,0.0,1,0.0056751277,0.5365342325,0.5291868017212114
11.39286,3.40894,11.39286,0.949095,1469.34,1548.15,0.0,0.0,0.625,0.658522,0.0,0,0.0044136816,0.4288605006,0.4855053426621237
13.03513,6.48008,13.03513,0.965562,1553.99,1609.42,0.0,0.0,0.6024,0.623886,0.0,1,0.0043432087,0.4110093275,0.41946226198830805
10.67429,9.81504,10.67429,0.700095,2177.13,3109.76,0.0,0.0,0.7556,1.07928,0.0,1,0.010403979,0.9107449845,0.8742118607631472
4.24829,3.73039,4.24829,1.1789,1222.26,1036.79,0.0,0.0,0.5174,0.438885,0.0,1,0.0215168068,1.5674838516,1.4155107853376014
4.82892,4.12995,4.82892,1.46465,383.946,262.141,174.084,118.857,0.4494,0.30683,0.0,1,0.002474398,0.2325250087,0.2974959724395132
13.61846,3.80879,13.61846,1.36353,1619.99,1188.09,0.0,0.0,0.651,0.477438,0.0,1,0.0369756669,2.2453219523,1.5297625141589537
18.47685,6.99909,18.46157,1.33324,1894.12,1420.69,0.0,0.0,0.773,0.579791,0.0,1,0.0015415536,0.1543609044999999,0.1933364992696852
10.93218,6.45029,10.92123,0.719071,2360.22,3282.31,0.0,0.0,0.7418,1.03161,0.0,1,0.0055820079,0.5198282415,0.5395025612204429
16.89388,11.18221,11.76527,0.561351,1860.71,3314.7,0.0,0.0,0.8394,1.49532,0.0,1,0.0028129308,0.2867564175,0.2963835637708945
4.19663,3.48452,4.18843,1.78125,717.81,402.982,0.0,0.0,0.4498,0.25252,0.0,0,0.003149292,0.2916108447,0.3614958967250862
12.85349,6.70722,12.85349,1.05413,1269.54,1204.35,279.236,264.897,0.6238,0.591768,0.0,1,0.0111034181,0.8809862642,0.7686762955568688
10.99131,5.30484,10.99131,1.00093,1319.63,1318.4,0.0,0.0,0.5658,0.565276,0.0,1,0.0095336524,0.7408436912999999,0.7536465952437857
8.9893,8.47778,8.9893,1.37751,1084.84,787.534,0.0,0.0,0.5664,0.411177,0.0,1,0.0023419415,0.2265024033,0.1873134501580379
5.52627,4.64994,5.48747,1.37374,1663.89,1211.21,0.0,0.0,0.5974,0.434871,0.0,0,0.031075269,2.3404535946,1.8346103305944033
5.92871,5.26453,5.92106,1.32162,1764.11,1334.81,0.0,0.0,0.577,0.436585,0.0,0,0.0172976055,1.4562163713999998,1.4230553450973784
18.70668,6.62188,18.70668,0.560742,2180.91,3889.33,0.0,0.0,0.7898,1.40849,0.0,1,0.004947557,0.4836780056,0.479655727078261
5.75842,4.01754,5.72554,1.25557,1414.52,1126.59,0.0,0.0,0.5766,0.459233,0.0,1,0.0094443822,0.8115664544,0.7989159593632643
6.23579,5.49714,6.23579,1.58729,766.396,482.833,0.0,0.0,0.4186,0.26372,0.0,1,0.002745305,0.2461698544999999,0.21078385458877436
7.68342,6.19716,7.66529,1.06352,2246.75,2112.57,0.0,0.0,0.6738,0.633558,0.0,1,0.0096104234,0.9099791863,0.86391594037152
23.95302,15.31723,23.95302,0.391691,1362.13,3477.56,0.0,0.0,0.858,2.1905,0.0,1,0.0040371392,0.4269968939,0.3759810301796318
5.64465,5.55803,5.64465,1.60299,480.063,299.48,0.0,0.0,0.2714,0.169309,0.0,1,0.0015256384,0.1303352707,0.12398607938728035
5.95888,4.93789,5.95575,1.04375,1513.2,1449.77,0.0,0.0,0.5402,0.517556,0.0,1,0.0125834912,0.9211990338,0.9414682644886189
5.69222,4.43155,5.69222,2.83189,703.861,248.548,0.0,0.0,0.4318,0.152478,0.0,1,0.0007057837,0.0671256975,0.06165814611244713
7.24883,5.55813,7.22701,0.963729,1535.75,1593.55,0.0,0.0,0.587,0.609093,0.0,1,0.0110777936,1.0246656968,0.9163707109643393
8.87322,5.80038,8.86083,3.31848,884.025,266.395,0.0,0.0,0.4252,0.128131,0.0,1,0.0003204529,0.0335456587999999,0.04536994067964517
11.35423,3.67445,11.35423,1.10812,1929.78,1741.49,0.0,0.0,0.6346,0.572682,0.0,1,0.014274353,0.9463314589,1.0909212771486212
11.27878,4.48127,11.27878,0.837758,2209.49,2637.39,0.0,0.0,0.6896,0.82315,0.0,1,0.0111422127,0.8801638082,0.910381961160132
11.33875,4.69312,11.33857,0.842421,2322.16,2756.54,0.0,0.0,0.7046,0.836399,0.0,1,0.0085597323,0.7315613665,0.7517707526330629
11.34841,4.3749,11.34841,0.826694,2186.19,2644.5,0.0,0.0,0.6798,0.822311,0.0,1,0.0134058235,1.0256699637,0.9935062398471395
5.43736,3.9967,5.34183,2.07196,667.58,322.197,0.0,0.0,0.439,0.211877,0.0,1,0.0014815631,0.1353845219,0.10744626071420915
4.60008,4.02922,4.60008,1.40928,601.135,426.556,0.0,0.0,0.4274,0.303276,0.0,0,0.022883278,1.215186965,1.2769721514258294
6.59501,4.67756,6.50224,3.15641,1845.41,584.655,0.0,0.0,0.5866,0.185844,0.0,1,0.0004416069,0.046660072,0.06674657653305449
6.42774,4.61196,6.42774,3.24584,1787.43,550.682,0.0,0.0,0.5752,0.177211,0.0,1,0.0004698008,0.0479485688,0.042617684848148096
7.95711,5.4342,7.9468,1.06291,2099.4,1975.14,0.0,0.0,0.6506,0.612092,0.0,1,0.016196641,1.4668296485,1.1837399342231745
8.02332,5.50953,8.02332,1.05728,2113.47,1998.98,0.0,0.0,0.6526,0.617247,0.0,1,0.0164056154,1.4439503201,1.1955656560820538
9.01624,7.94736,9.01599,1.23478,1409.74,1141.69,0.0,0.0,0.5354,0.4336,0.0,0,0.0387783621,1.8606495329,1.815307005190583
9.9978,7.95845,9.98195,0.747982,2000.14,2674.04,0.0,0.0,0.7406,0.990131,0.0,0,0.0022001339,0.2237766112999999,0.24237902716390552
14.9385,4.22033,14.9385,1.02521,1957.71,1909.57,0.0,0.0,0.681,0.664253,0.0,1,0.0114980467,0.9692262783,0.8907781658133627
14.37017,4.23835,14.37017,0.932664,1895.07,2031.89,0.0,0.0,0.6684,0.716657,0.0,1,0.0171318286,1.4123436994,1.1884934285527167
5.13597,3.56044,4.95178,1.22527,1000.27,816.366,27.2269,22.2211,0.4862,0.396809,0.0,1,0.0051876343,0.4717046754999999,0.5427720851159562
16.85961,16.29058,16.85961,0.987245,2036.71,2063.02,0.0,0.0,0.69,0.698915,0.0,1,0.008147655,0.7240002484999999,0.6875405860253919
18.31229,16.60062,18.31229,0.879226,2151.59,2447.14,0.0,0.0,0.7156,0.813897,0.0,1,0.0074147393,0.6861873141,0.636960564423017
6.58265,5.73847,6.58265,0.935373,2650.07,2833.17,0.0,0.0,0.714,0.763331,0.0,1,0.0043862269,0.4289772753999999,0.43568799779030476
11.77316,5.55523,10.53677,0.739178,2326.74,3147.73,0.0,0.0,0.723,0.978114,0.0,1,0.0108132179,0.8957365278,0.8763369307965656
9.6009,5.08261,9.6009,1.17729,1491.03,1266.49,0.448003,0.380537,0.5982,0.508115,0.0,1,0.0020323391,0.2001755032999999,0.20712179449353119
7.19858,6.30301,7.18221,1.72847,1512.87,875.263,0.0,0.0,0.6126,0.354417,0.0,1,0.0023562171,0.2282158878,0.2108563222616019
6.40693,3.94167,6.40005,1.39129,1423.49,1023.14,0.0,0.0,0.589,0.423347,0.0,1,0.006409581,0.5536494438,0.577077108155698
4.60036,4.13679,4.36405,1.42758,1221.11,855.37,0.0,0.0,0.5356,0.375181,0.0,1,0.0109398801,0.8876838123999999,0.8333825185609917
4.99549,4.15902,4.98439,1.15851,933.473,805.753,15.0963,13.0308,0.5306,0.458002,0.0,0,0.0164893862,1.2695300985,1.0796605204078442
5.44215,4.30539,5.37431,1.11963,1253.26,1119.35,133.185,118.955,0.53,0.473371,0.0,1,0.0184605939,1.1882085126000002,1.2261622120910438
12.0686,6.65136,12.0686,0.914878,2088.61,2282.94,0.0,0.0,0.7304,0.798358,0.000218608,1,0.0041655276,0.4040250902,0.3896413229374917
5.26924,4.23427,4.80256,1.90066,2151.09,1131.76,0.0,0.0,0.5702,0.300001,0.0,1,0.0182371235,1.428776236,1.2528969270192554
11.00202,10.33195,11.00202,0.652092,1980.98,3037.87,0.0,0.0,0.7274,1.11549,0.0,0,0.0035339989,0.3506216035,0.3664231722768131
7.51192,4.80683,7.51192,1.08065,1227.66,1136.03,0.0,0.0,0.5226,0.483596,0.0,1,0.0128485904,0.937812288,0.8750713347358687
5.91166,4.30758,5.61164,1.12104,1432.33,1277.68,0.0,0.0,0.5304,0.473134,0.0,1,0.0258978093,1.3378327127,1.4714562225949717
11.44375,6.32835,11.44375,0.724468,2369.18,3270.23,0.0,0.0,0.743,1.02558,0.0,1,0.0082663438,0.755875925,0.7429758904681263
6.18745,5.18464,6.17096,1.11984,1387.44,1238.96,0.0,0.0,0.5566,0.497034,0.0,0,0.0101345758,0.7957214856999999,0.8859402703798693
6.02466,3.88519,6.02146,1.3674,1040.09,760.632,0.0,0.0,0.5138,0.375749,0.0,1,0.0250082181,1.3888296881,1.4660373218388556
11.84752,7.82774,11.74488,0.869535,1611.99,1853.86,0.0,0.0,0.6302,0.724755,0.0,1,0.0064021396,0.5779844822,0.5760874229660602
13.23294,6.7383,13.23294,0.874739,2071.26,2367.87,0.0,0.0,0.7194,0.822417,0.0,1,0.0075119215,0.5993805566,0.6588081234997826
7.00841,6.87174,7.00841,1.1901,1390.91,1168.73,0.0,0.0,0.6142,0.516091,0.0,0,0.0034240192,0.3300260128,0.33764300002744624
7.02628,6.85841,7.02628,1.18485,1425.51,1203.11,0.0,0.0,0.615,0.519053,0.0,0,0.003259237,0.3198076053,0.32318601564095273
7.92851,7.20939,7.92851,0.942982,1648.65,1748.33,0.0,0.0,0.6634,0.703513,0.0,1,0.0040798354,0.4015134771,0.386715426416274
8.11715,7.85164,8.1162,1.15587,1357.98,1174.85,0.0,0.0,0.6136,0.530856,0.0,0,0.0036788566,0.3573415232,0.34689602615585213
7.96785,7.76541,7.96785,1.15351,1457.83,1263.82,0.0,0.0,0.6284,0.544772,0.0,0,0.003797653,0.3746628065,0.3658317490014055
7.89402,7.78212,7.89402,1.16156,1545.11,1330.2,0.0,0.0,0.6286,0.541169,0.0,0,0.0048399958,0.4942084022999999,0.43357609531488567
8.08658,7.93125,8.08658,1.12874,1428.77,1265.81,0.0,0.0,0.627,0.555487,0.0,0,0.0036520316,0.3605298656,0.34830755558063803
7.80034,7.66637,7.80034,1.1623,1830.3,1574.73,0.0,0.0,0.6326,0.544267,0.0,0,0.0159532085,1.3057047762,1.3009668212571976
7.22549,7.05144,7.22549,1.16648,1435.38,1230.52,0.0,0.0,0.6128,0.525341,0.0,0,0.0033052228,0.3216278729,0.33913794759189
7.80283,7.09635,7.80283,0.978047,1597.51,1633.37,0.0,0.0,0.6454,0.659886,0.0,1,0.0039320844,0.3887774954999999,0.39145015870603705
7.78654,7.07621,7.78654,0.976673,1600.7,1638.93,0.0,0.0,0.6466,0.662043,0.0,1,0.003882834,0.3849327908,0.3822894503468161
8.31524,7.66858,8.31524,0.918646,1605.96,1748.18,3.17356,3.45461,0.6742,0.733906,0.0,1,0.0036965239,0.3575611152,0.3738132455742026
8.34862,7.90874,8.34862,0.946048,1600.25,1691.51,0.0,0.0,0.6642,0.702079,0.0,1,0.0048996154,0.4948754589,0.4609120466833279
8.47885,8.09304,8.47885,0.942478,1573.71,1669.76,0.0,0.0,0.6686,0.709407,0.0,1,0.0048638692,0.4706633514,0.45747641666257377
8.35756,7.91059,8.35756,0.939122,1667.31,1775.39,0.0,0.0,0.6656,0.708747,0.0,1,0.0050306849,0.5205364799000001,0.4857473972494985
8.40037,8.01066,8.40037,0.935791,1631.15,1743.07,0.0,0.0,0.6708,0.716827,0.0,1,0.0048448046,0.494439355,0.45835103268025795
8.39367,7.99618,8.39367,0.933711,1580.24,1692.42,0.0,0.0,0.662,0.708999,0.0,1,0.0047518644,0.4499805875,0.4573376449729911
8.11701,7.49064,8.11701,0.931625,1637.23,1757.39,0.0,0.0,0.6638,0.712518,0.0,1,0.0040536215,0.4204113129999999,0.3845027057063033
6.20826,5.78382,6.20814,1.47662,347.482,235.322,860.221,582.56,0.5432,0.367867,0.0,1,0.06539787,2.4002539288,2.5562863377801777
4.79162,4.0639,4.76831,2.00034,450.789,225.357,0.0,0.0,0.3928,0.196367,0.0,1,0.0023405011,0.1931323361,0.1982825701367491
11.48793,10.50283,11.48793,1.21119,1624.17,1340.97,0.0,0.0,0.653,0.53914,0.0,1,0.006712157,0.5794559686,0.5654241197172124
5.33112,3.97403,5.33043,1.32579,1407.65,1061.75,0.0,0.0,0.5238,0.395087,0.0,1,0.0047341207,0.4372558831,0.4668799779996994
6.65291,5.08872,6.45934,0.841018,2754.84,3275.6,0.0,0.0,0.7064,0.839934,0.0,1,0.0055640514,0.5544218736,0.5516246406992932
6.57708,4.78728,6.57708,1.06399,2038.67,1916.06,0.0,0.0,0.598,0.562035,0.0,1,0.010819949,0.9664674609,0.9570228821310509
7.94651,5.43115,7.90631,1.14535,2097.38,1831.21,0.0,0.0,0.648,0.565766,0.0,0,0.0227806758,1.9408143977,1.6434738353829224
5.72446,3.86989,5.72446,1.71463,866.46,505.333,0.0,0.0,0.4918,0.286825,0.0,1,0.0100950221,0.6622328018,0.6845651760973945
6.93402,4.62894,6.60917,2.15591,497.721,230.864,0.0,0.0,0.4174,0.193607,0.0,1,0.0010327001,0.0971560351,0.06129134657572899
20.28017,4.1755,10.09474,0.997235,1823.44,1828.5,0.0,0.0,0.6744,0.67627,0.0,1,0.0055950827,0.5092408297,0.5060130275996954
5.38174,3.9098,5.38174,1.47361,430.645,292.238,0.0,0.0,0.4026,0.273206,0.0,1,0.0033397362,0.2634240252,0.2305238677855333
6.80967,5.57312,6.80967,1.28307,2168.4,1690.01,0.0,0.0,0.6202,0.483373,0.0,1,0.0192449334,1.476981383,1.367240026614609
8.65147,5.97828,8.65147,0.851979,2400.52,2817.58,0.0,0.0,0.7112,0.834762,0.0,1,0.0095390647,0.8882885183,0.8182512752794547
4.40246,3.57141,4.39113,1.21453,547.741,450.992,0.0,0.0,0.4748,0.390935,0.0,1,0.0246434571,1.4759693896,1.3561113707014392
15.50229,14.17026,15.50229,0.301134,1628.27,5407.15,0.0,0.0,0.8756,2.90768,0.0,1,0.0047357247,0.4603800986,0.4519310087333527
5.14318,3.48639,5.12605,1.24253,772.666,621.85,0.0,0.0,0.4474,0.360072,0.0,0,0.0250728961,1.3438312528999998,1.3932756079126887
11.07776,6.90892,11.06925,0.552172,2378.06,4306.74,0.0,0.0,0.786,1.42347,0.0,1,0.0046707706,0.4451050722999999,0.4645330946747952
5.42467,3.9439,5.412,1.23408,1178.81,955.215,0.0,0.0,0.5312,0.430443,0.0,1,0.016661512,1.204146274,1.2172083308911126
16.79092,3.56449,16.79092,0.69015,1946.61,2820.56,0.0,0.0,0.6888,0.998044,0.0,1,0.008847632,0.8078911875,0.7582862263405447
8.02798,7.30674,8.02798,0.898114,1523.34,1696.15,0.715304,0.796451,0.6172,0.687218,0.0,1,0.0103628757,0.7954736717,0.8076842716672997
17.95239,10.63646,17.95239,0.600011,2087.15,3478.52,0.0,0.0,0.8014,1.33564,0.0,1,0.0054055489,0.5078581526,0.5164012975336796
10.9533,4.13648,10.9533,0.807681,2413.25,2987.87,0.0,0.0,0.7156,0.885993,0.0,0,0.0050005825,0.4838352169,0.5014784321390611
8.53821,5.48688,8.53821,1.65002,1657.02,1004.24,0.0,0.0,0.6194,0.375389,0.0,1,0.0031931554,0.2953594764,0.28228626059253087
4.91122,3.52707,4.65913,1.29542,529.055,408.404,0.0,0.0,0.4438,0.342591,0.0,0,0.027056032,1.1940387864,1.2995397602694527
8.11383,5.17636,8.11364,0.914073,1890.45,2068.16,0.0,0.0,0.6398,0.699944,0.0,0,0.0072074842,0.6881941062000001,0.6513895572979271
5.61977,4.05885,5.24298,1.02873,1985.67,1930.22,0.0,0.0,0.6746,0.655761,0.0,0,0.0036245293,0.3597986386,0.3583204152963614
7.50043,5.49919,7.38492,0.881793,2738.41,3105.5,0.0,0.0,0.7254,0.822642,0.0,1,0.0103017604,0.9992835552,0.9038958773277644
10.70688,9.04659,10.70688,0.923872,1892.37,2048.31,0.0,0.0,0.6612,0.715683,0.0,0,0.0180499379,1.550393364,1.505772716629128
7.43679,7.30177,7.43679,1.31238,1643.41,1252.24,0.0,0.0,0.6052,0.461147,0.0,0,0.0106976675,0.9919429803,0.8636224088618412
7.00427,5.66417,7.00427,1.03301,2659.19,2574.21,0.0,0.0,0.7456,0.721774,0.0,0,0.0016965696,0.1659550927999999,0.17739778988781085
6.99143,5.65004,6.99143,1.03721,2660.09,2564.66,0.0,0.0,0.745,0.718274,0.0,0,0.0016388632,0.1667774097,0.16908362951580047
5.88391,4.37273,5.87003,1.21357,1253.26,1032.7,0.0,0.0,0.5114,0.4214,0.0,0,0.0144033589,1.1615612755,1.1459944676863327
4.9292,4.14717,4.92841,1.4991,1150.12,767.207,0.0,0.0,0.5208,0.347408,0.0,1,0.0089881927,0.7492027385,0.7038262033529634
6.69295,5.30296,6.37064,1.01854,1974.65,1938.7,0.0,0.0,0.6366,0.62501,0.0,0,0.0136876315,1.0868277439,1.2023824343659626
4.82964,4.23812,4.82964,1.13369,1456.59,1284.82,0.0,0.0,0.5224,0.460795,0.0,0,0.0155564601,1.2851565618,1.2319195489961707
6.63746,4.87617,6.36212,1.27523,2046.38,1604.72,0.0,0.0,0.6792,0.53261,0.0,1,0.0014969809,0.1462974139,0.16632499143328494
6.05222,4.44321,5.98107,1.39413,1611.64,1156.02,0.0,0.0,0.6292,0.451321,0.0,1,0.0013495818,0.1344233317,0.15421540643886544
6.72761,5.04686,6.72761,1.27847,2081.66,1628.24,0.0,0.0,0.6874,0.537673,0.0,0,0.0015342292,0.1476922135,0.1560618395699287
16.14545,8.60739,16.14545,1.16801,1743.0,1492.28,0.0,0.0,0.7494,0.641603,0.0,1,0.0030970599,0.3115619315,0.31196117640535737
6.38909,5.16549,5.85719,1.3913,1198.42,861.362,0.0,0.0,0.5582,0.401206,0.0,0,0.0044376438,0.390784095,0.38519798727346705
9.34542,5.57292,9.34542,0.967443,2138.01,2209.96,0.0,0.0,0.6476,0.669394,0.0,1,0.0223721553,1.7462334866999998,1.3774270446753647
6.91924,4.32242,6.91924,1.0538,1682.56,1596.67,112.281,106.549,0.5988,0.56823,0.0,1,0.0273694953,1.8674835987,1.3859035417685988
17.04599,8.24613,17.00411,0.824323,1373.69,1666.44,0.0,0.0,0.6834,0.829044,0.0,0,0.0017583978,0.1815385907,0.18975221849276502
6.34779,5.30766,6.27636,1.13523,1975.78,1740.43,0.0,0.0,0.6154,0.542095,0.0,0,0.0122788671,1.0751439877,1.0217548327656043
8.26642,3.87936,8.26616,1.4767,1152.52,780.471,0.0,0.0,0.5144,0.348345,0.0,1,0.0183070271,1.24564814,1.1289878116925622
8.1742,4.93831,8.1651,1.13095,1262.79,1116.57,0.0,0.0,0.5572,0.492684,0.0,0,0.0107287397,0.8740538040000001,0.8431969248235418
14.22468,12.71779,14.22468,1.07415,1394.66,1298.38,0.0,0.0,0.625,0.581853,0.0,1,0.0059464954,0.5215118525,0.5034133470167663
9.23238,6.19771,8.9716,0.865828,1917.28,2214.39,0.0,0.0,0.6654,0.768513,0.0,1,0.0082318003,0.7494220654000001,0.7256008897857558
7.59087,4.25441,7.5897,1.05116,2258.39,2148.48,0.0,0.0,0.646,0.614561,0.0,1,0.0137057474,1.2044091329,1.0771720945467056
5.36171,4.58528,5.11307,1.17092,1043.66,891.322,0.132673,0.113307,0.5204,0.444438,0.0,1,0.047628381,2.2964808492,1.83069641286314
6.61101,4.67195,6.5886,1.53404,1279.24,833.903,0.0,0.0,0.5336,0.347839,0.0,1,0.004298424,0.3946474472999999,0.37578661703488303
9.58879,8.12099,9.53399,0.865768,1708.9,1973.86,0.0,0.0,0.6472,0.747544,0.0,0,0.0053941507,0.5436657371,0.49673268342505517
10.33904,5.80354,10.2816,1.15853,1627.88,1405.12,5.62491,4.8552,0.626,0.540338,0.0,1,0.0077093127,0.6563059,0.6250781926727811
4.9314,3.8688,4.91047,1.33575,1333.04,997.967,0.0,0.0,0.5954,0.445741,0.0,1,0.0071481801,0.6329338075,0.6617769393105991
8.56153,4.50798,8.56153,2.05613,1364.45,663.603,0.0,0.0,0.4994,0.242884,0.0,1,0.0089764432,0.5808837039,0.6171420189221299
10.937,5.73353,10.937,0.756384,2253.97,2979.93,0.0,0.0,0.706,0.933388,0.0,1,0.0146868854,1.0152235448,1.071333479730256
5.13371,3.48538,5.13371,1.96189,431.041,219.707,0.0,0.0,0.3706,0.1889,0.0,1,0.2205005181,1.8073818867,1.941694171329451
21.35428,13.61239,21.35428,0.516145,2019.82,3913.28,0.0,0.0,0.8142,1.57746,0.0,1,0.0053958463,0.5197366793,0.5026512932513798
4.9754,4.00901,4.96475,2.66219,1407.31,528.628,0.0,0.0,0.5208,0.195628,0.0,1,0.0022685224,0.2099009556,0.20334408149152328
8.29052,7.70457,8.2843,0.849869,2437.69,2868.31,0.0,0.0,0.7226,0.850249,0.0,0,0.0121413943,1.0843805948,0.9978382384859381
6.60273,3.87772,6.60273,0.987073,2004.83,2031.09,0.0,0.0,0.58,0.587596,0.0,0,0.0201887717,1.8135370227,1.5935254055353154
13.06588,6.72307,12.14953,0.80175,2346.37,2926.56,0.0,0.0,0.7098,0.885314,0.0,1,0.0107412423,0.956506273,0.8815644440613662
11.39486,4.3226,11.27409,0.949126,1428.73,1505.31,409.494,431.444,0.6636,0.69917,0.0,0,0.0079115892,0.6333785129,0.7111060861484023
11.27344,4.5108,11.27344,0.979267,1463.42,1494.4,419.062,427.935,0.6638,0.677854,0.0,0,0.0081609841,0.655721352,0.7288875696115071
5.87931,4.42492,5.57015,3.74291,1747.69,466.934,0.0,0.0,0.5646,0.150845,0.0,1,0.0019196377,0.1784533223,0.12681792648564083
5.88295,4.42033,5.88295,3.69928,1821.75,492.461,0.0,0.0,0.572,0.154625,0.0,1,0.0018581562,0.1769260161,0.12192417804613909
9.47418,7.83744,9.45292,0.597233,2275.99,3810.89,0.0,0.0,0.7302,1.22264,0.0,0,0.0047569982,0.4473184182999999,0.46197146533334776
4.82084,4.14331,4.80387,1.76082,968.791,550.193,3.54724,2.01454,0.494,0.280551,0.0,1,0.0034333587,0.3080422146,0.3484053841491469
18.8079,13.71867,18.7996,0.674371,1650.25,2447.09,10.9626,16.2561,0.753,1.1166,0.0,0,0.0083722533,0.7295939739,0.6759027556297998
4.7727,4.04921,4.7549,1.81243,948.305,523.222,8.72645,4.81477,0.5026,0.277307,0.0,1,0.0034246557,0.3111441159,0.34390212035811657
4.74458,4.0168,4.72731,1.84813,905.952,490.198,6.39745,3.46157,0.4864,0.263185,0.0,1,0.0035090966,0.3117343877,0.34481088618437133
4.73097,3.9715,4.71386,1.90641,913.695,479.276,5.68199,2.98047,0.4682,0.245593,0.0,1,0.0032789235,0.3064271566,0.31117812098551884
4.70447,3.94356,4.68752,1.9293,894.021,463.392,4.63057,2.40013,0.4642,0.240606,0.0,1,0.0034495395,0.2999411489999999,0.33071146202027873
4.69665,3.92183,4.69665,1.96962,879.845,446.707,3.91969,1.99007,0.464,0.235578,0.0,1,0.0033677493,0.2972457007,0.3114908714443315
6.22728,4.0515,6.20206,1.91751,1873.93,977.272,0.0,0.0,0.5866,0.305918,0.0,1,0.0012182579,0.1298575233,0.12265475238055323
4.33176,3.82431,4.32093,1.34661,564.007,418.836,0.0,0.0,0.4458,0.331055,0.0,0,0.0037667701,0.316138855,0.3521514732335841
4.86958,4.16445,4.86236,1.31921,1184.81,898.121,0.0,0.0,0.5364,0.406607,0.0,0,0.0282891723,1.9659376049,1.6957784851225615
5.07969,4.03039,4.98773,1.15833,1745.23,1506.68,0.0,0.0,0.621,0.536118,0.0,1,0.0093215168,0.8264463554000001,0.8288756709052169
4.94766,3.4178,4.77873,1.0939,822.742,752.116,0.0,0.0,0.5292,0.483772,0.0,0,0.0092885425,0.8299002389,0.8051972203167228
6.1865,5.74044,6.1865,1.30148,981.157,753.879,0.0,0.0,0.4824,0.370656,0.0,0,0.003086575,0.2864527551,0.27305873846961953
6.86398,6.10482,6.86398,1.21871,1121.27,920.046,0.0,0.0,0.513,0.420936,0.0,0,0.0026541811,0.2607323796999999,0.291280977528353
8.25776,7.03071,8.25776,1.10094,2063.01,1873.86,0.0,0.0,0.6554,0.595309,0.0,1,0.0060733191,0.5899051056,0.5587540381333042
7.1439,4.65537,7.12384,1.14924,1729.7,1505.09,0.0,0.0,0.598,0.520346,0.0,0,0.0064121681,0.588381889,0.5770857660859271
5.20085,3.89327,4.84433,1.15458,1432.82,1240.99,0.0,0.0,0.5566,0.482082,0.0,0,0.0104918294,0.8730517484999999,0.9290868076021057
5.20115,3.94888,4.8971,1.25952,1433.77,1138.35,0.0,0.0,0.5544,0.440168,0.0,0,0.0093623726,0.7905019837,0.8152779597031109
4.91034,3.57647,4.78103,1.04949,1065.44,1015.2,0.0,0.0,0.5434,0.517777,0.0,0,0.0111208471,0.9130639291,0.9555602582722402
8.42183,5.53552,8.41851,0.863411,2226.99,2579.3,0.0,0.0,0.6794,0.786879,0.0,1,0.0046751807,0.4523871378,0.4485622280419808
5.00451,3.93435,5.00451,1.28464,1087.15,846.274,0.0,0.0,0.4874,0.379407,0.0,1,0.005661423,0.4853410453,0.5081241945756709
10.32513,7.87202,10.32103,1.07611,1950.06,1812.15,0.0,0.0,0.6638,0.616853,0.0,1,0.0015856069,0.1541571903,0.1651019776904764
10.39878,5.64581,7.91914,0.897688,1488.72,1658.39,589.747,656.962,0.6776,0.754828,0.0,1,0.0067723632,0.6354131219,0.6094343334997301
9.19439,3.959,7.03116,0.906382,2290.66,2527.25,0.0,0.0,0.6912,0.762592,0.0,1,0.0057242977,0.5577368058,0.5355574208634708
5.32506,4.91361,5.32498,1.2624,1666.29,1319.94,0.0,0.0,0.5558,0.440273,0.0,0,0.0190345619,1.4947804563999998,1.5266362463742542
14.46967,11.94118,14.45544,0.429595,1931.96,4497.16,0.0,0.0,0.8224,1.91436,0.0,0,0.0034364675,0.3304076761,0.3454356373693063
20.5205,15.85622,20.5205,0.295002,1403.53,4757.71,0.0,0.0,0.8866,3.00541,0.0,0,0.0032384315,0.3574624597,0.3244839089541873
10.8747,9.02496,10.86921,0.338372,2296.38,6786.58,0.0,0.0,0.8498,2.51144,0.0,0,0.0039795883,0.3662263914999999,0.3974734871165171
5.7583,4.46842,5.7583,0.958855,3178.07,3314.45,0.0,0.0,0.7062,0.736503,0.0,0,0.0042664469,0.4145718783,0.42308978924695595
7.194,7.0599,7.194,1.21033,1596.38,1318.96,0.0,0.0,0.591,0.488296,0.0,0,0.0133878559,1.2417767939,1.0977810824031222
11.38761,10.4443,11.38761,1.02785,1047.76,1019.37,62.4425,60.7507,0.593,0.576933,0.0,0,0.0137134058,0.7722796679999999,0.8876013692973942
7.28268,5.80535,7.28268,1.16215,782.38,673.218,0.0,0.0,0.4952,0.426107,0.0,0,0.0024498676,0.2249627185,0.221904855126915
5.96211,4.62167,5.8482,1.10398,1177.53,1066.62,0.0,0.0,0.5062,0.458523,0.0,1,0.0053736255,0.5012177218,0.506533649035511
6.64699,4.59021,5.67003,1.10689,1216.8,1099.29,0.0,0.0,0.5272,0.476289,0.0,1,0.0131609812,1.0786494113,1.007721016497357
6.29847,5.43889,6.29847,1.11326,868.696,780.315,0.0,0.0,0.5092,0.457394,0.0,1,0.0016371878,0.1637065436999999,0.17257743272642612
15.68052,8.0633,15.68052,0.473321,2336.0,4935.34,0.0,0.0,0.7938,1.67709,0.0,0,0.004839097,0.5023327798,0.47365552046500625
6.36153,3.76503,6.36153,0.960789,1995.17,2076.59,0.0,0.0,0.6214,0.64676,0.0,1,0.014689483,1.3160895164,1.0998722630635998
6.24791,4.32537,6.22758,1.12188,1617.2,1441.52,0.0,0.0,0.5614,0.500411,0.0,0,0.018368851,1.4825893723,1.5404001199849806
13.37732,6.88163,13.37732,0.804279,2195.74,2730.07,0.0,0.0,0.74,0.920079,0.00124335,0,0.0033307344,0.3172402572,0.3390794660131725
6.09101,5.53211,6.09101,1.35156,1494.27,1105.59,0.0,0.0,0.6002,0.44408,0.0,1,0.0021528001,0.2092666501,0.22089989609164662
12.13124,5.0609,12.1281,0.908718,2183.39,2402.71,0.0,0.0,0.6878,0.75689,0.0,0,0.0070374305,0.6526878629999999,0.6221064955690749
8.49751,4.07254,8.49751,1.27238,1692.83,1330.45,0.0,0.0,0.6072,0.477217,0.000157186,0,0.0051845518,0.449587379,0.4807553116966845
14.70209,8.11021,14.70209,0.628556,2151.09,3422.27,0.0,0.0,0.8094,1.28771,0.0,0,0.0022983273,0.2405468266,0.2720934904916828
6.48174,4.30295,6.47204,2.30944,1238.98,536.484,0.0,0.0,0.5252,0.227414,0.0,1,0.0066041541,0.5066016119,0.512130574966786
15.55627,9.00897,15.55627,0.559431,2205.12,3941.72,0.0,0.0,0.787,1.40679,0.0,1,0.0045789815,0.4402995207,0.4470124817085645
11.50806,7.82539,10.51641,0.694288,2343.63,3375.59,0.0,0.0,0.739,1.0644,0.0,1,0.0042779154,0.4269323792,0.4151488328869584
5.192,4.5372,5.18708,1.71994,820.91,477.29,0.0,0.0,0.4076,0.236985,0.0,1,0.0047693724,0.3937360938,0.3876884575796563
12.29205,5.40077,12.29205,0.881935,2191.85,2485.27,7.83761,8.88684,0.6948,0.787813,0.0,1,0.0057178075,0.5442228183,0.5165726978192551
22.82402,13.49014,22.78048,0.343942,1661.07,4829.51,0.0,0.0,0.8736,2.53996,0.0,1,0.0032224076,0.3341474117,0.3291403423116329
21.62414,10.92309,17.5655,0.435607,1820.41,4179.02,0.0,0.0,0.8462,1.94258,0.0,1,0.0040608452,0.4177126582,0.38283859155925115
18.23438,6.60024,18.20695,0.629251,2196.94,3491.36,0.0,0.0,0.765,1.21573,0.0,1,0.0050713567,0.4884383945,0.5062375963952663
18.07263,6.71346,18.07263,0.63164,2223.07,3519.51,0.0,0.0,0.7846,1.24216,0.0,1,0.0059214932,0.5703992215,0.5711552338240955
17.16775,6.7332,17.16775,0.625693,2275.03,3636.01,0.0,0.0,0.7672,1.22616,0.0,1,0.0043668778,0.4653380363,0.44459196881909385
26.33515,10.27637,16.37091,0.33727,1729.95,5129.28,0.0,0.0,0.871,2.5825,0.0,1,0.0047827113,0.4884867861999999,0.45551733046944326
27.33782,13.33904,27.33782,0.238777,1473.42,6170.7,0.0,0.0,0.896,3.75246,0.0,1,0.0041913731,0.4275243675999999,0.3906235319374799
24.55082,12.17426,18.62931,0.377577,1712.52,4535.57,0.0,0.0,0.8764,2.32112,0.0,1,0.0042340747,0.3879810862,0.40121276808668355
10.5421,9.07611,10.5421,0.632077,2324.74,3677.95,0.0,0.0,0.7278,1.15144,0.0,1,0.0038811931,0.3789737564,0.37894922130244474
10.34629,8.86044,10.34629,0.640612,2322.12,3624.84,0.0,0.0,0.73,1.13953,0.0,1,0.0037223422,0.3635410014,0.37018363414793803
10.21446,8.80719,10.21446,0.655338,2331.18,3557.22,0.0,0.0,0.7302,1.11423,0.0,1,0.0041262497,0.3938960575999999,0.39180271239763154
10.15021,8.70819,10.15021,0.656268,2410.23,3672.63,0.0,0.0,0.719,1.09559,0.0,1,0.0042289216,0.4022018301,0.4097305872717972
5.76724,4.10445,5.76724,1.26343,1305.6,1033.38,0.0,0.0,0.5042,0.399073,0.0,0,0.0113120383,0.9126117181,0.89818532371058
4.43355,3.91364,4.43149,1.23763,785.544,634.715,0.0,0.0,0.4682,0.378303,0.0,0,0.0383848228,2.3335778748,1.9761778446430422
5.54673,3.76596,5.40967,1.63796,473.584,289.129,302.973,184.969,0.4676,0.285476,0.0,0,0.0039142526,0.3375134475999999,0.4316018584841428
5.50949,3.76943,5.39841,1.63796,473.912,289.33,302.371,184.601,0.4672,0.285232,0.0,0,0.0037931345,0.3353874684,0.4224968262319712
5.48974,3.85295,5.48822,1.71617,456.212,265.831,117.606,68.528,0.454,0.264542,0.0,0,0.0035749214,0.3040415258,0.3493854377200415
5.46006,3.86825,5.45816,1.70055,447.493,263.145,230.14,135.332,0.456,0.268148,0.0,1,0.0039631884,0.3417842222999999,0.3311169401422024
5.40135,3.83278,5.40061,1.53544,942.082,613.56,194.67,126.785,0.4904,0.319388,0.0,1,0.0042000903,0.3783929740999999,0.39941142802176827
10.017,4.9065,10.017,1.03876,2054.12,1977.46,11.8919,11.4481,0.6856,0.660015,0.0,1,0.0027562368,0.2788135778,0.29363489429095774
5.9443,5.31331,5.61744,1.28796,1054.79,818.961,0.0,0.0,0.5256,0.408086,0.0,0,0.008102258,0.6594034981,0.6570216637063206
5.93338,5.29096,5.57799,1.31573,1050.53,798.439,0.0,0.0,0.521,0.395977,0.0,0,0.0083716072,0.6889733190999999,0.6799296958374836
12.71447,5.05258,12.69973,1.01991,1997.13,1958.14,0.0,0.0,0.677,0.663783,0.0,1,0.0193170667,0.9873820616,1.2448248349165314
25.68553,17.12424,25.68553,0.402567,1285.84,3194.1,0.0,0.0,0.8358,2.07617,0.0,1,0.0031399735,0.2984374846,0.2976218132920083
9.28386,6.55138,8.99777,0.722123,2053.82,2844.14,0.0,0.0,0.7098,0.982935,0.0,1,0.0050119492,0.4897048614,0.4788300271178244
16.37935,5.99724,16.37935,0.521247,2391.39,4587.82,0.0,0.0,0.7844,1.50485,0.0,1,0.0060326427,0.5998355606,0.5848366612482897
5.99825,5.12689,5.98721,1.10129,1640.7,1489.79,0.0,0.0,0.5808,0.52738,0.0,1,0.0066185938,0.6034695300999999,0.5922424941129723
4.49346,3.41581,4.45719,1.24906,796.3,637.522,0.0,0.0,0.4856,0.388774,0.0,1,0.0063151613,0.5878296166,0.5546100629647647
4.37538,3.90569,4.37538,1.83885,841.292,457.509,0.0,0.0,0.5032,0.273649,0.0,1,0.0049483924,0.4454605483,0.42990446346542904
4.64022,4.09997,4.63375,1.06928,1521.04,1422.49,0.0,0.0,0.5262,0.492105,0.0,0,0.0176709379,1.3846780198,1.3626782305870098
7.14066,5.08524,7.12439,1.32285,1391.46,1051.86,0.0,0.0,0.5322,0.402312,0.0,1,0.0052145502,0.4685874745,0.4724767299408462
6.3306,4.52097,6.32879,1.12223,1320.24,1176.44,0.0,0.0,0.5702,0.508096,0.0,0,0.0042104312,0.3723393765,0.3807277386894103
6.43864,4.7481,6.42659,1.12574,1304.99,1159.23,0.0,0.0,0.5758,0.511486,0.0,0,0.0042492768,0.378256856,0.3778472052800208
8.7931,6.77287,8.7931,1.07439,1647.74,1533.66,0.0,0.0,0.6144,0.571859,0.0,0,0.0078102397,0.6665686829,0.7087783764841581
8.80212,6.81408,8.79682,1.05969,1683.28,1588.47,0.0,0.0,0.614,0.579417,0.0,0,0.0077286124,0.6600079981,0.6938451476482423
8.32882,6.54754,8.28902,1.04077,1670.63,1605.18,0.0,0.0,0.61,0.586104,0.0,0,0.007707817,0.6833019451000001,0.6865573608950297
8.81515,6.86051,8.81515,1.02206,1673.56,1637.43,0.0,0.0,0.619,0.605638,0.0,0,0.0080118134,0.6666478181000001,0.7299652317209078
8.79334,6.74118,8.79334,1.0948,1657.47,1513.94,0.0,0.0,0.6104,0.557543,0.0,0,0.0076298157,0.6945064401000001,0.6705222917484026
8.78847,6.84598,8.77538,1.04816,1663.77,1587.32,0.0,0.0,0.6228,0.594182,0.0,0,0.0075850922,0.680352216,0.6783616785877156
5.94533,4.22739,5.94533,0.978122,1810.39,1850.89,0.0,0.0,0.6112,0.624871,0.0,1,0.0060939007,0.5735266452000001,0.5628340929690591
5.92566,5.81418,5.92369,1.68224,585.772,348.21,0.0,0.0,0.4054,0.240988,0.0,0,0.0023952131,0.209840153,0.24281720208043117
9.08566,8.61929,9.08005,0.761887,2055.27,2697.6,0.0,0.0,0.71,0.931897,0.0,1,0.0037623685,0.3810729696,0.3652105319497459
7.73482,5.71785,7.72321,0.979448,1633.89,1668.18,0.0,0.0,0.588,0.600338,0.0,0,0.0039108923,0.3758188682,0.3730575453469478
5.96671,4.7743,5.96671,0.9597,1662.19,1731.99,97.0966,101.174,0.5958,0.620819,0.0,1,0.0122326176,0.8300151165,0.9099728547062019
8.69504,5.47442,8.69504,0.784292,2017.86,2572.85,0.0,0.0,0.6382,0.813728,0.0,1,0.0055882434,0.5224391865,0.5273679113784688
5.43312,4.58891,5.43311,1.38641,2204.93,1590.39,0.0,0.0,0.6146,0.443303,0.0,1,0.0058281088,0.5540359804,0.5348569854113043
12.57098,10.82742,12.57098,0.647122,1792.07,2769.29,2.83534,4.38145,0.7402,1.14383,0.0,1,0.0022937864,0.2330185428,0.26721453815304297
6.77693,6.25183,6.7733,1.77195,1346.33,759.804,0.0,0.0,0.5056,0.285336,0.0,0,0.0027622715,0.2519726168,0.33080370110767254
10.92956,6.85619,7.97786,0.99837,2250.02,2253.69,0.0,0.0,0.6896,0.690726,0.0,1,0.0061397062,0.5629273714999999,0.5784490336278408
12.6138,8.71559,12.59801,0.583675,1959.85,3357.77,0.0,0.0,0.767,1.31409,0.0,1,0.0037218528,0.3823484637,0.37279226121695075
5.63222,4.90729,5.59904,1.43768,1370.35,953.171,0.0,0.0,0.568,0.395082,0.0,0,0.0065344503,0.5614555615,0.5599911402867525
6.16099,5.90611,6.12795,1.08253,2263.15,2090.61,0.0,0.0,0.6752,0.623722,0.0,0,0.0050589679,0.4903329405,0.4742299681975283
13.91201,9.20691,13.91201,0.616035,2114.14,3431.85,0.0,0.0,0.7722,1.2535,0.0,1,0.0041760117,0.4052062381,0.40734796757503694
6.0722,4.11181,6.0722,1.16455,1517.34,1302.94,0.0,0.0,0.582,0.499765,0.0,1,0.0044919785,0.4152246021,0.395508053196618
4.44036,3.90831,4.43859,2.24993,500.113,222.279,0.0,0.0,0.401,0.178228,0.0,1,0.0096090933,0.5426291232,0.6130280593829273
9.26829,6.21673,9.2669,0.759287,2415.98,3181.91,0.0,0.0,0.7146,0.941146,0.0,1,0.0052656517,0.5342498642,0.5228969202537102
4.30721,3.46839,4.30721,1.92701,892.53,463.167,0.0,0.0,0.4868,0.252619,0.0,1,0.0116890127,0.9262558501,0.8120492771023168
4.49939,3.47861,4.49939,1.88207,939.705,499.294,0.0,0.0,0.4884,0.259502,0.0,1,0.0058587564,0.4968180367,0.4768683414093011
4.49188,3.54288,4.49188,1.73966,1360.22,781.89,0.0,0.0,0.5116,0.29408,0.0,1,0.0058287121,0.5295693332,0.4684188542747322
5.2765,4.32303,5.27104,1.36723,1066.44,780.005,8.76449,6.41042,0.5024,0.367459,0.0,1,0.0056722905,0.5070554278,0.4870111782450422
7.12611,4.89301,7.12611,1.98392,840.751,423.782,0.0,0.0,0.4314,0.217448,0.0,0,0.0030760003,0.2648833341,0.27859736268986407
6.71352,5.54656,6.70452,1.08988,996.607,914.419,0.0,0.0,0.4838,0.443902,0.0,1,0.0022566903,0.2102867764,0.2157656233616394
5.91075,5.20074,5.90935,1.2556,1942.39,1546.98,0.0,0.0,0.6358,0.506371,0.0,1,0.0043270146,0.4280094159,0.4096725099767675
5.15455,4.85632,5.13093,1.95651,774.474,395.845,0.0,0.0,0.4138,0.211499,0.0,1,0.0042004822,0.3545544238,0.3222730926045369
6.60857,4.38157,6.58169,1.52914,1380.73,902.948,0.0,0.0,0.5468,0.357587,0.0,1,0.0069300986,0.5910350529999999,0.5636477737464746
5.94406,5.31262,5.94406,0.925851,1673.96,1808.02,0.0,0.0,0.5828,0.629475,0.0,0,0.0105642538,0.9278324045,0.9502014696904395
4.84557,3.80044,4.84557,1.15061,997.702,867.108,0.0,0.0,0.498,0.432814,0.0,1,0.0078398804,0.6744030704999999,0.6960147332576413
5.56086,3.46237,5.08522,2.37535,1051.21,442.55,0.0,0.0,0.4804,0.202244,0.0,1,0.0016732196,0.1626225385,0.1456172288257187
5.04792,4.38484,5.0448,1.30477,1062.64,814.426,0.0,0.0,0.5004,0.383515,0.0,0,0.0075653602,0.6318263603000001,0.6543378122232589
7.1812,5.45466,7.18023,1.36604,1533.73,1122.76,0.0,0.0,0.5724,0.41902,0.0,1,0.0038345254,0.3569484414,0.3468590384955597
11.92678,5.98269,11.92678,0.64997,2447.93,3766.22,0.0,0.0,0.761,1.17082,0.0,1,0.0067952323,0.596148195,0.6224949269268556
8.58065,5.8094,8.54388,0.697286,2813.81,4035.37,0.0,0.0,0.7542,1.08162,0.0,1,0.005761891,0.5597834205,0.5570602070566104
19.86541,14.56862,19.86541,0.274675,1427.0,5195.22,0.0,0.0,0.8942,3.25548,0.0,1,0.0045135561,0.4563387265999999,0.4218768782447681
18.06508,7.13825,11.29555,0.600782,2223.57,3701.13,0.0,0.0,0.783,1.3033,0.0,1,0.0050313903,0.502816163,0.4960380049582779
18.20917,7.10984,11.84134,0.592075,2208.62,3730.3,0.0,0.0,0.783,1.32247,0.0,1,0.0053423107,0.5280496340999999,0.5222660655361242
5.78407,3.96262,5.7827,1.90553,677.8,355.702,0.0,0.0,0.434,0.227759,0.0,1,0.0043542249,0.3474877171,0.3116461486244298
13.10382,3.67767,13.10382,1.322,940.809,711.658,184.278,139.394,0.5642,0.426778,0.0,0,0.0028289758,0.2505522291,0.2956341858125977
6.17139,3.91412,6.17139,1.43262,670.443,467.985,13.6022,9.49467,0.4726,0.329886,0.0,1,0.0056102889,0.4816936940999999,0.39348417651503254
7.8603,5.01976,7.84665,0.979833,2007.79,2049.12,0.0,0.0,0.6394,0.65256,0.0,1,0.0048070865,0.4484080975,0.4609213962981865
6.38387,5.75713,6.38387,1.33865,1367.26,1021.37,0.0,0.0,0.5492,0.410264,0.0,1,0.0011036361,0.1100482843,0.1414595757388123
5.85254,4.25768,5.80032,2.20818,502.012,227.343,0.475191,0.215196,0.4238,0.191923,0.0,1,0.0006979791,0.0675066149,0.06909768521531434
9.3993,5.21411,9.3806,0.901246,1693.51,1879.08,13.2521,14.7042,0.6446,0.715232,0.0,0,0.0078085358,0.59777423,0.6829876244571871
9.32283,5.599,9.29982,0.940569,1861.76,1979.4,0.0,0.0,0.66,0.701703,0.0,0,0.0045446118,0.4321216586999999,0.4222132518161915
6.86569,5.12412,6.86243,1.19169,992.554,832.898,0.0,0.0,0.537,0.450621,0.0,1,0.0009531089,0.0923655419,0.11993448563072051
5.99288,4.42191,5.93648,1.43356,1311.29,914.712,0.0,0.0,0.5364,0.374173,0.0,1,0.0066393189,0.5945377803999999,0.5457251992734063
6.08943,4.42337,5.91878,1.4324,1320.62,921.959,0.0,0.0,0.5424,0.378664,0.0,1,0.0063416541,0.5887463228,0.5181631924378204
6.14197,4.45081,6.02384,1.41539,1356.59,958.46,0.0,0.0,0.5526,0.390423,0.0,1,0.005951735,0.5423425101,0.5053513136278648
8.54787,6.76817,8.5436,0.579939,2887.58,4979.11,0.0,0.0,0.7926,1.3667,0.0,1,0.0038419098,0.3872187111999999,0.3849098971717465
8.54799,6.78315,8.52991,0.582411,2894.93,4970.58,0.0,0.0,0.7922,1.36021,0.0,1,0.0039351317,0.3921009192,0.3941615665488488
18.75501,13.37911,18.68884,0.425946,1475.35,3463.71,0.0,0.0,0.8336,1.95706,0.0,0,0.0028452532,0.2737478499,0.28836611551781394
7.81513,5.26988,7.81513,0.929552,2122.82,2283.71,0.0,0.0,0.6652,0.715614,0.0,1,0.0046259767,0.4436069739,0.4441353215892365
6.8318,3.73291,6.33433,1.05182,1255.59,1193.73,0.0,0.0,0.5338,0.507503,0.0,0,0.005558977,0.5147851175,0.49791376031369317
6.8305,3.71719,6.1852,1.05415,1260.09,1195.37,0.0,0.0,0.5302,0.502967,0.0,0,0.0059890302,0.5247930521,0.5409197489200227
6.87946,3.53974,6.12375,1.07753,1201.6,1115.15,0.0,0.0,0.5294,0.49131,0.0,0,0.0061541065,0.5494009117,0.5786524415985401
6.60314,5.66314,6.60314,1.49249,870.16,583.026,0.0,0.0,0.4392,0.294274,0.0,1,0.0080253268,0.6229351603,0.5841277015129611
6.93247,6.0951,6.93247,1.45916,960.382,658.174,0.0,0.0,0.4598,0.315113,0.0,1,0.0069483575,0.5729738017,0.5012839186794196
11.03089,9.17864,11.01877,1.00746,1259.05,1249.73,0.0,0.0,0.6048,0.60032,0.0,1,0.008020816,0.5809722024,0.6612806741219817
11.39418,11.07263,11.39418,0.982365,1253.76,1276.27,0.0,0.0,0.6124,0.623394,0.0,1,0.0077735633,0.5742368023,0.6541874759681503
11.07211,9.50667,11.06415,0.988926,1269.07,1283.28,0.0,0.0,0.6132,0.620066,0.0,1,0.0078614423,0.5780141075999999,0.6522499033778877
11.21563,10.87494,11.21563,0.985981,1260.64,1278.57,0.0,0.0,0.6026,0.611168,0.0,1,0.0080074107,0.5871281973,0.6591752432179014
8.56321,6.70069,8.56321,0.575734,2862.5,4971.91,0.0,0.0,0.7896,1.37147,0.000694765,1,0.0042707885,0.4153215835,0.4271234911373366
8.38842,6.72694,8.33928,0.577283,2917.64,5054.09,0.0,0.0,0.7804,1.35185,0.0,1,0.0042085151,0.4192587924,0.41962629592136313
4.82905,4.48972,4.82035,1.16972,759.125,648.979,0.0,0.0,0.4596,0.392914,0.0,0,0.0073240991,0.5797878628,0.610145109954292
5.11388,4.36379,5.09892,1.34461,989.368,735.801,0.0,0.0,0.4928,0.366499,0.0,1,0.003947205,0.3625415413,0.3600254666563358
4.74814,3.78436,4.74702,1.30283,544.632,418.038,0.0,0.0,0.4486,0.344328,0.0,1,0.0121873073,0.7964208026999999,0.801999379616777
9.98598,8.78636,9.98598,0.771567,2426.54,3144.95,0.0,0.0,0.7126,0.923575,0.0,0,0.0043662827,0.4412216214,0.41754052197614827
10.40349,8.69532,10.40349,0.914151,1431.03,1565.42,0.0,0.0,0.6498,0.710823,0.0,1,0.0021694196,0.2082572580999999,0.21506829882530565
8.64297,7.79614,8.57936,1.02442,1402.26,1368.83,0.421846,0.411789,0.5964,0.582182,0.0,1,0.0018612797,0.1920041159,0.19449407691625564
5.45667,5.01969,5.45432,1.52823,1486.52,972.705,0.0,0.0,0.5628,0.368269,0.0,1,0.0063266867,0.5309674266,0.491020894930276
6.92762,6.10595,6.92762,1.43826,1562.19,1086.17,0.0,0.0,0.5924,0.411885,0.0,0,0.0071208848,0.6447397229,0.6120094017458567
6.80985,3.50032,6.5431,1.23995,1316.98,1062.12,0.0,0.0,0.5484,0.442274,0.0,1,0.0066229254,0.5759399332,0.6545137275083603
6.01479,4.21811,6.00446,1.32355,832.511,628.996,0.0,0.0,0.48,0.36266,0.0,1,0.004473173,0.4031941309,0.32548881764360726
6.14773,4.26664,6.04871,1.32991,783.463,589.11,0.0,0.0,0.4684,0.352204,0.0,1,0.0045557135,0.3958521292,0.31952256017957514
5.09322,4.44244,5.09322,1.49981,585.282,390.237,0.0,0.0,0.4068,0.271234,0.0,0,0.0022640606,0.2109508121,0.19734607473676236
7.28969,4.98752,7.24267,0.833729,2493.01,2990.19,0.0,0.0,0.6952,0.833844,0.0,1,0.007105112,0.6932144505,0.6599824332668556
7.80429,5.88473,7.80429,0.800823,2311.14,2885.95,0.0,0.0,0.6928,0.86511,0.0,1,0.0063298505,0.6087457893,0.6134711017754042
14.4419,10.2051,14.4419,0.443469,2088.1,4708.57,0.0,0.0,0.8326,1.87747,0.0,1,0.003930065,0.3955979059,0.38657159304015687
13.85309,6.75838,13.85309,0.567973,2306.32,4060.62,0.0,0.0,0.7948,1.39936,0.0,1,0.0045004196,0.4490510431,0.4562284864528611
11.39005,7.08849,11.39005,0.58467,2472.03,4228.07,0.0,0.0,0.7898,1.35085,0.0,1,0.0048591113,0.4941429768,0.4732998021596808
5.65344,4.07573,5.64183,1.00727,1776.16,1763.34,0.75218,0.746751,0.6264,0.621879,0.0,1,0.0138419551,1.2469250228,1.042238146077358
12.00094,11.06312,12.00094,0.965457,1025.27,1061.95,99.7383,103.307,0.6016,0.623124,0.0,0,0.0113012055,0.6856607712999999,0.7658620299041555
5.96805,4.21212,5.96805,1.10941,2139.9,1928.86,0.0,0.0,0.6164,0.555611,0.0,1,0.0101924118,0.8705696982,0.9286325626109126
6.13125,4.32559,6.13125,1.11146,2186.88,1967.56,0.0,0.0,0.6078,0.546846,0.0,1,0.00961866,0.8304007084,0.9209529989344297
6.02417,4.10555,6.02138,1.04671,2066.79,1974.55,0.0,0.0,0.6206,0.592904,0.0,1,0.0088043537,0.7803822887,0.779848478053963
6.57194,4.51844,6.57194,0.970314,2263.88,2333.14,0.0,0.0,0.6264,0.645564,0.0,1,0.0087182445,0.7805595359,0.8340756002726234
6.61049,4.70522,6.61049,0.97171,2250.82,2316.35,0.0,0.0,0.6362,0.654722,0.0,1,0.0082708575,0.7382743726000001,0.7958325651181566
7.1095,4.86225,7.1095,0.893607,2183.36,2443.31,0.0,0.0,0.6554,0.733432,0.0,1,0.0073239952,0.6825245255,0.6986399803463107
6.38612,4.28228,6.36726,1.14648,2047.77,1786.13,0.0,0.0,0.6026,0.525607,0.0,1,0.0085382816,0.7311187372,0.7807113656157432
4.58202,3.62787,4.5574,1.65192,481.079,291.224,0.0,0.0,0.4828,0.292266,0.0,1,0.0118796301,0.8230745503,0.7665219550975515
5.40727,4.06272,5.33928,1.31041,1192.91,910.333,0.0,0.0,0.513,0.391481,0.0,1,0.0095398677,0.7733708071,0.8043944650329393
4.93858,3.80274,4.91529,1.49581,927.0,619.731,0.0,0.0,0.4876,0.325977,0.0,1,0.0047022569,0.4182925389,0.36242209554679594
5.6853,5.37606,5.64875,1.07587,1742.46,1619.58,0.0,0.0,0.6052,0.56252,0.0,0,0.0073342643,0.6831022319,0.6913430638349629
6.30636,5.13016,6.19765,1.10057,1724.95,1567.33,0.0,0.0,0.6202,0.563526,0.0,0,0.0088146123,0.8195608602,0.7850780470443091
7.60741,6.30843,7.59214,0.861714,1966.86,2282.5,0.0,0.0,0.658,0.763595,0.0,1,0.0049422454,0.4843770434,0.462059205116726
8.64919,5.459,8.64919,0.934501,1104.45,1181.86,0.0,0.0,0.5626,0.602032,0.0,1,0.0024399155,0.2305671451,0.23781020352473464
15.56875,9.80847,15.56875,0.777237,1278.3,1644.67,443.796,570.991,0.7198,0.926101,0.0,1,0.0070423457,0.6418592159000001,0.569970133988165
15.46142,7.44821,15.40352,1.15975,1222.53,1054.13,396.899,342.228,0.6494,0.559948,0.0,1,0.0062850434,0.5542660454999999,0.5357327583402278
15.5822,9.65924,15.5822,0.788284,1287.18,1632.89,417.804,530.017,0.712,0.903228,0.0,1,0.0070097865,0.6324084231,0.5708734654169398
15.65949,6.23259,15.65949,1.14479,1297.32,1133.23,389.885,340.573,0.648,0.566042,0.0,1,0.0061087093,0.5313695127,0.5259061010509372
15.71951,9.72839,15.71951,0.76692,1281.45,1670.9,425.267,554.513,0.7184,0.936734,0.0,1,0.0065157319,0.5946184183,0.5533764069139306
15.83521,9.82464,15.8304,0.749306,1274.9,1701.44,431.482,575.842,0.7222,0.963826,0.0,1,0.0059927369,0.5779259896,0.5222712899332835
9.38154,5.59471,9.38154,1.04219,1955.75,1876.59,0.0,0.0,0.6824,0.654777,0.0,1,0.0030600221,0.3012366015,0.3017883694998243
11.41407,10.59979,11.41389,1.19971,1576.67,1314.22,0.0,0.0,0.6588,0.549134,0.0,1,0.0034645874,0.3331943203,0.33920262250719774
11.51533,10.7235,11.51515,1.1988,1578.94,1317.1,0.0,0.0,0.662,0.55222,0.0,1,0.0034922328,0.3438556182,0.34990676897787715
9.38408,5.62446,8.32943,1.03958,1962.23,1887.52,0.0,0.0,0.6752,0.649493,0.0,1,0.0030279727,0.2970868994,0.30471671022629543
3.98099,3.46811,3.98099,1.656,229.295,138.463,0.0,0.0,0.3916,0.236474,0.0,1,0.0046026105,0.3757717971,0.3140105726647491
4.02336,3.48999,4.02336,1.64794,245.164,148.77,0.0,0.0,0.3954,0.239936,0.0,1,0.0048244231,0.4088730553,0.36936081818772576
11.3608,10.54479,11.3608,1.19943,1577.62,1315.3,0.0,0.0,0.659,0.549427,0.0,1,0.0034298078,0.3300686115,0.3312992749803395
4.03231,3.46877,4.03231,1.63524,245.521,150.143,0.0,0.0,0.397,0.242778,0.0,1,0.004574173,0.3952031457,0.32480544693368996
5.98273,5.3868,5.98273,1.18176,2613.25,2211.32,0.0,0.0,0.645,0.545797,0.0,1,0.0062505892,0.5657262348,0.5737418170200862
8.89536,8.62816,8.89536,0.837745,1861.72,2222.3,0.0,0.0,0.6918,0.825789,0.0,1,0.0049239431,0.4913895056,0.4482520335161413
7.45121,6.98768,7.45121,0.945343,1746.6,1847.59,0.0,0.0,0.6538,0.691601,0.0,1,0.0054452352,0.5373595295,0.5195307627075787
5.6675,5.04419,5.6675,1.1688,1345.58,1151.25,0.0,0.0,0.5694,0.487165,0.0,1,0.0064164249,0.565317403,0.5578904197527577
6.01834,3.95176,6.01834,1.15627,1427.45,1234.53,0.0,0.0,0.5724,0.49504,0.0,1,0.0067288025,0.6024947496,0.5800514506799606
4.65727,3.54074,4.65727,1.16089,773.093,665.951,0.0,0.0,0.4696,0.404519,0.0,0,0.0065611333,0.5620206843,0.5729783433903395
6.18036,4.30595,6.18036,1.16997,1430.3,1222.5,0.0,0.0,0.575,0.491464,0.0,1,0.0123129914,1.0157409328,0.9479856902935612
8.28593,5.15676,8.15353,0.856166,2227.42,2601.62,0.0,0.0,0.6884,0.804049,0.0,1,0.0051725013,0.4785646014,0.5031580479790001
5.37817,4.58095,5.37264,1.47856,1357.43,918.075,0.0,0.0,0.5162,0.349122,0.0,1,0.0090062587,0.7617484686,0.7110633306213859
4.94052,4.11721,4.9348,1.67517,1504.56,898.154,0.0,0.0,0.6094,0.363784,0.0,0,0.0129586272,1.0652037941,0.9550486192124485
4.6223,3.84632,4.60163,1.67938,1300.59,774.446,0.0,0.0,0.5928,0.352987,0.0,0,0.0108133195,0.8984217620999999,0.8249599924862479
5.76705,4.61254,5.76705,1.521,1240.97,815.894,0.0,0.0,0.5144,0.338199,0.0,0,0.0045322472,0.4166517382999999,0.3849623302177219
7.58274,6.68199,7.16375,2.10294,1485.76,706.516,0.0,0.0,0.5748,0.273331,0.0,1,0.0009547195,0.0945606664,0.0930211731366033
6.38635,5.15151,6.24805,1.43745,1124.79,782.485,0.0,0.0,0.5026,0.349646,0.0,1,0.0030061671,0.2808304539,0.24291322879045346
4.14952,3.66327,4.14952,1.74866,569.673,325.777,0.0,0.0,0.506,0.289365,0.0,1,0.0022678413,0.2102986304,0.24834867567338137
4.13262,3.6686,4.1292,1.75655,575.771,327.784,0.0,0.0,0.5006,0.28499,0.0,1,0.0023581727,0.2126837289,0.2496259712987574
9.7655,7.73483,9.74652,0.727417,1863.77,2562.17,0.0,0.0,0.6748,0.927666,0.0,1,0.0055497975,0.5152392367,0.5163770191666266
12.40052,7.22634,12.40052,0.666065,1847.56,2773.85,0.0,0.0,0.713,1.07047,0.0,1,0.0045571404,0.4595712543,0.432494180178391
8.85063,6.25728,8.83155,0.902561,1517.6,1681.44,0.0,0.0,0.6232,0.69048,0.0,1,0.0042030737,0.4148488540999999,0.4169803521407499
9.00205,6.2555,8.99942,0.893575,1516.45,1697.06,0.0,0.0,0.6152,0.688471,0.0,1,0.0043364756,0.4138401164,0.428220953403887
12.32132,7.27063,11.94622,0.538243,2328.12,4325.4,0.0,0.0,0.795,1.47703,0.0,1,0.0042119765,0.4112732206,0.41668504667291806
6.56282,6.27917,6.55848,1.03902,1614.33,1553.7,0.0,0.0,0.6152,0.592095,0.0,0,0.0039257898,0.3732748890999999,0.38033284615542684
9.00116,4.32918,8.7971,0.897328,2289.34,2551.28,0.0,0.0,0.6734,0.75045,0.0,1,0.0092565645,0.8311722825,0.7895748728903093
5.72633,5.3133,5.71091,1.03379,949.896,918.849,0.0,0.0,0.495,0.478821,0.0,1,0.005277592,0.4907128645,0.4686136458967277
9.52144,5.9183,9.51707,0.828676,2119.74,2557.99,0.0,0.0,0.6796,0.820103,0.0,1,0.0054216172,0.5140033925,0.5165800581505265
6.13583,4.25508,6.12102,1.52116,1472.07,967.73,0.0,0.0,0.532,0.349733,0.0,1,0.0077203834,0.6664804293,0.6495800451285663
4.79531,3.45398,4.78239,1.18884,601.717,506.139,0.156486,0.131629,0.504,0.423944,0.0,1,0.0087339676,0.7084285233,0.6934409731448966
4.78914,3.45844,4.64139,1.18597,613.731,517.491,0.198684,0.167528,0.5058,0.426485,0.0,1,0.0088441423,0.7142205643,0.6938194727569564
7.16113,4.73321,7.10699,1.15085,1085.85,943.517,0.0,0.0,0.5382,0.467654,0.0,1,0.0054557896,0.4930432633,0.4721547243023779
6.40025,5.70377,6.3929,1.21508,2093.15,1722.65,0.0,0.0,0.6392,0.526057,0.0,1,0.0067172822,0.6139524796,0.617850858301941
10.41989,5.8507,10.41891,0.781859,2402.26,3072.5,0.0,0.0,0.7182,0.91858,0.0,1,0.0075236243,0.692149516,0.6957993469144499
10.54748,5.75428,10.54661,0.825883,2349.73,2845.11,0.0,0.0,0.7048,0.853389,0.0,1,0.0069210765,0.6382207154,0.6483651250273674
7.47545,6.2198,7.47545,0.467817,3303.45,7061.42,0.0,0.0,0.7762,1.6592,0.0,1,0.0048318446,0.497851175,0.5025490794506755
10.52737,8.16815,10.52737,0.722386,2397.76,3319.23,0.0,0.0,0.744,1.02992,0.0,1,0.0064665553,0.6071078349,0.6069016234516175
10.25531,8.1108,10.25531,0.751133,2430.54,3235.83,0.0,0.0,0.7324,0.975061,0.0,1,0.00694231,0.6548034527000001,0.6260173498188623
10.53968,7.74023,10.53968,0.687634,2293.89,3335.91,0.0,0.0,0.7586,1.1032,0.0,1,0.004970289,0.4884815581,0.46657817826581066
4.88713,3.88543,4.88713,1.64828,882.041,535.129,0.0,0.0,0.4606,0.279443,0.0,0,0.0025659309,0.246016405,0.23413626771212342
5.12784,4.01813,5.11026,1.59271,1003.99,630.367,0.0,0.0,0.4816,0.302377,0.0,0,0.0027000554,0.244189756,0.27105175033686457
5.13844,4.03284,5.13064,1.58929,1001.62,630.232,0.0,0.0,0.4764,0.299756,0.0,0,0.0026074456,0.2422385628,0.2597160988528704
4.75824,3.95303,4.75824,1.66268,883.495,531.369,0.0,0.0,0.4562,0.274376,0.0,0,0.0026904751,0.2534603189,0.26303071642070813
4.92972,3.79229,4.92858,1.6758,825.852,492.811,0.0,0.0,0.4524,0.269961,0.0,0,0.0026553472,0.2489048735,0.2462935421843317
5.2478,3.97372,5.19698,1.59515,971.718,609.171,0.0,0.0,0.4788,0.30016,0.0,0,0.0025052555,0.2398578516,0.2544734571530695
4.9438,3.91943,4.9438,1.60993,940.703,584.311,0.0,0.0,0.4708,0.292434,0.0,0,0.0025611407,0.2335619802,0.25530890514727383
17.44029,16.95439,17.44029,0.753394,1262.36,1675.56,0.0,0.0,0.7098,0.942136,0.0,1,0.0013605938,0.138628596,0.13982575817440257
4.46122,3.66446,4.46122,2.04969,327.839,159.946,0.0,0.0,0.4254,0.207544,0.0,1,0.0006803341,0.0646250199,0.09839062348917893
6.03489,5.11879,6.02804,1.08037,1988.86,1840.92,0.0,0.0,0.5946,0.550369,0.0,1,0.0052057624,0.4894619995,0.4928932147186563
4.75983,4.08689,4.75983,1.55048,933.775,602.248,10.5817,6.82478,0.5034,0.324673,0.0,0,0.0105425885,0.8385089676,0.7407634006656073
5.55487,4.3075,5.55487,1.61783,1414.83,874.522,0.0,0.0,0.6026,0.372475,0.0,0,0.0083208877,0.7124419508,0.6872702352046519
9.54888,7.69493,9.54888,0.866747,1781.33,2055.19,0.0,0.0,0.6812,0.785928,0.0,1,0.0048292597,0.4745686618999999,0.44584656316331106
9.60606,7.73922,9.60387,0.865497,1776.39,2052.45,0.0,0.0,0.6816,0.787524,0.0,1,0.0047287194,0.4603758564,0.4458447864235717
4.7399,4.20115,4.72096,1.75805,590.761,336.032,0.0,0.0,0.3948,0.224567,0.0,0,0.011405831,0.6556195224,0.6762470082225653
5.42434,3.78722,5.41357,1.56042,1520.84,974.637,0.0,0.0,0.5342,0.342345,0.0,1,0.0088228409,0.7654018736,0.7158703205100378
4.84155,4.68679,4.83529,1.40449,799.444,569.206,0.0,0.0,0.4578,0.325955,0.0,1,0.0031848213,0.284312288,0.2803379005481772
4.8139,4.57423,4.8139,1.40471,790.723,562.91,0.0,0.0,0.4598,0.327328,0.0,1,0.0035121076,0.3101258004,0.3086332860815842
4.77305,4.26622,4.76857,1.33788,1125.79,841.477,0.0,0.0,0.484,0.361768,0.0,1,0.0028288256,0.2708150766,0.2788500645964046
26.25291,12.57512,26.25291,0.207415,1259.45,6072.13,0.0,0.0,0.913,4.40181,0.0,1,0.0047998982,0.4611305173,0.44260627791940627
25.17564,12.49369,25.17564,0.244994,1420.93,5799.87,0.0,0.0,0.8902,3.63356,0.0,1,0.0041787707,0.4700391264,0.38906139667740847
5.36267,3.61603,5.3498,1.32796,1049.23,790.108,0.0,0.0,0.535,0.402873,0.0,1,0.0174441189,1.2641845277,1.3061533708110975
5.44587,3.64311,5.44587,1.30707,1099.34,841.068,0.0,0.0,0.5528,0.42293,0.0,1,0.0160814797,1.2085631425,1.2278778820009077
4.51878,3.91316,4.51878,1.20992,526.263,434.955,0.0,0.0,0.4704,0.388785,0.0,0,0.0057971496,0.4678122606,0.4924052115372871
8.08398,4.98141,8.08398,0.915242,1686.35,1842.51,0.0,0.0,0.6036,0.659498,0.0,1,0.0040329903,0.3836619393,0.3900571645140823
8.10638,4.88927,8.10638,0.902679,1696.47,1879.38,0.0,0.0,0.605,0.670227,0.0,1,0.0041646457,0.4094892639999999,0.3876871613796768
7.89565,4.97897,7.87662,0.907269,1685.58,1857.86,0.0,0.0,0.6116,0.674111,0.0,1,0.003756015,0.3730480849,0.37826145108867126
7.54994,6.22752,7.22874,0.801255,2259.4,2819.83,0.0,0.0,0.702,0.876126,0.0,1,0.0061056687,0.6014112191,0.5992039815802683
5.87217,4.28231,5.84929,0.954537,2386.36,2500.02,0.0,0.0,0.6616,0.693111,0.0,1,0.0140719857,1.2625643008,1.120034796201739
6.33732,4.06042,6.33561,1.18458,2288.74,1932.12,0.0,0.0,0.6222,0.525251,0.0,1,0.0075591051,0.7101486201,0.7002269271684886
5.69318,3.49916,5.67679,1.19478,1755.51,1469.31,2.63176,2.20271,0.6268,0.524615,0.0,0,0.0134490822,1.1654493802,1.0456367422838644
4.17515,3.43562,4.17515,1.60472,795.582,495.775,0.0,0.0,0.4962,0.309212,0.0,0,0.0065200151,0.5758690294,0.6175682139654239
6.88379,6.45442,6.88379,1.62124,1571.08,969.06,0.0,0.0,0.5722,0.35294,0.0,0,0.0054372582,0.5131032102,0.4887679603276768
6.82367,6.45553,6.82367,1.66276,1569.85,944.123,0.0,0.0,0.5622,0.338112,0.0,0,0.0056102011,0.5259055679,0.488882274846272
25.42698,10.76844,22.57889,0.654082,1604.18,2452.57,0.0,0.0,0.8422,1.28761,0.0,1,0.002341483,0.232506108,0.25140591552066655
5.83174,5.68454,5.8285,1.51867,600.182,395.202,0.0,0.0,0.4036,0.265759,0.0,0,0.0030303245,0.2638856972,0.2661620858113346
5.73292,4.38571,5.54624,1.22616,1137.64,927.807,0.0,0.0,0.5176,0.422132,0.0,1,0.0128193464,0.9538319791,0.9495412796214031
5.70679,3.6399,5.68672,1.24095,795.076,640.701,0.0545715,0.0439757,0.4934,0.397599,0.0,1,0.0065777451,0.5476944807999999,0.5501716490747907
7.26399,5.25081,7.26386,0.96381,1855.66,1925.33,0.0,0.0,0.5882,0.610286,0.0,1,0.0092441856,0.7905758547,0.7971077971305909
6.57451,5.5873,6.57451,0.939158,1727.44,1839.35,0.0,0.0,0.604,0.64313,0.0,1,0.0081632123,0.7286908961,0.7526103330124473
11.69294,6.93274,11.69294,0.710904,1782.6,2507.52,25.4741,35.8333,0.6994,0.983817,0.0,0,0.0072244951,0.6740246617,0.6052999278070291
11.84006,7.39815,11.84006,0.73653,1721.91,2337.87,62.4247,84.7552,0.713,0.968053,0.0,1,0.0063721725,0.6170249136,0.5348066302849538
11.84801,7.36492,11.84801,0.733043,1723.96,2351.79,66.007,90.0452,0.716,0.97675,0.0,1,0.006598579,0.6183505629,0.5347669339968841
11.79938,6.70311,11.79938,0.734288,1705.89,2323.19,141.576,192.807,0.7142,0.972643,0.0,1,0.006579842,0.6144017208,0.5562132864139784
11.94166,7.13512,11.94166,0.709142,1885.38,2658.68,0.0,0.0,0.7218,1.01785,0.0,1,0.0064533666,0.6081669536,0.5897119140029983
12.04076,6.91892,12.04076,0.729779,1690.09,2315.89,127.81,175.136,0.7162,0.981393,0.0,1,0.0065158236,0.6004847461,0.5517628768569207
10.84161,9.61852,10.84161,1.06031,1178.11,1111.1,0.0,0.0,0.5728,0.540219,0.0,1,0.0013007373,0.1293280858,0.14228468685584128
10.64181,4.52481,5.22943,0.89363,2280.68,2552.15,0.0,0.0,0.6776,0.758256,0.0,1,0.0073659903,0.7014657056,0.697538300656456
5.88567,3.71625,5.47513,0.998153,1603.89,1606.86,0.0,0.0,0.5746,0.575663,0.0,1,0.0049994353,0.4593552288,0.45960262403650887
8.54501,7.28684,8.54501,0.99094,1266.94,1278.53,0.0,0.0,0.599,0.604476,0.0,1,0.0034374628,0.3314706352,0.334142227752233
8.03493,4.40002,8.02722,1.14872,740.321,644.475,67.7082,58.9423,0.4848,0.422035,0.0,1,0.0061501092,0.4734496492,0.4779146309109574
7.6574,4.85724,7.65488,2.1582,1774.85,822.374,0.0,0.0,0.6144,0.284682,0.0,1,0.001356773,0.1318239511999999,0.11055680896921005
5.66517,3.68033,5.65855,1.19573,631.039,527.745,0.0,0.0,0.5032,0.420832,0.0,1,0.0032875456,0.2848395426,0.29043046173154097
4.69319,4.39635,4.67513,2.36864,953.131,402.396,0.0,0.0,0.479,0.202226,0.0,1,0.0023332569,0.2170704627,0.19605047194912628
12.05091,7.26209,12.03698,1.15771,1906.22,1646.54,0.0,0.0,0.7186,0.620707,0.0,1,0.0015450788,0.1482440852,0.1774883200368068
5.09655,4.11557,4.6794,2.36169,945.621,400.401,0.0,0.0,0.4824,0.204261,0.0,1,0.0022876999,0.2083875455999999,0.19524608248261566
9.42427,4.27216,9.42427,0.982453,1582.3,1610.56,0.0,0.0,0.6066,0.617434,0.0,1,0.0061944044,0.52256854,0.5695720366472758
7.01648,4.5072,7.00016,1.06034,990.362,934.006,20.3226,19.1662,0.555,0.523418,0.0,0,0.003693081,0.340388181,0.3258041351614686
6.08144,3.63724,6.07038,2.1577,1410.66,653.78,0.0,0.0,0.573,0.265561,0.0,1,0.0014623339,0.1397719851,0.12687920544474063
10.88001,10.50387,10.88001,1.19375,1315.8,1102.24,0.0,0.0,0.6004,0.502953,0.0,1,0.0061916756,0.5126053305,0.5387104250203343
10.6197,8.65931,10.61387,0.747212,1607.37,2151.16,0.0,0.0,0.6408,0.857588,0.0,1,0.0082458602,0.6664494236,0.6903333863780504
5.84706,3.42755,5.84706,1.53516,287.064,186.993,30.7793,20.0495,0.4222,0.27502,0.0,1,0.0021730756,0.1440879281,0.14249415540471244
5.84822,3.40416,5.84822,1.53516,287.757,187.444,30.381,19.7901,0.4208,0.274108,0.0,1,0.002106883,0.1298685366,0.14338502709015144
4.9496,4.4506,4.9496,1.68807,1040.45,616.352,0.0,0.0,0.482,0.285533,0.0,1,0.0093639789,0.7567684083,0.6878616242142923
5.87793,3.52185,5.87695,1.56801,309.299,197.256,17.3334,11.0544,0.4132,0.263519,0.0,1,0.0012423591,0.0999314759999999,0.11371871090123575
5.87895,3.53481,5.87895,1.56101,324.784,208.06,18.8769,12.0927,0.4176,0.267519,0.0,1,0.0014043739,0.1176654707,0.12387180225626548
5.44554,4.19244,5.4181,1.31908,2093.99,1587.46,0.0,0.0,0.5974,0.452892,0.0,1,0.006814463,0.6222507335,0.6195416162334308
18.42063,9.23563,18.42063,0.348553,1743.14,5001.08,0.0,0.0,0.8538,2.44956,0.0,1,0.004706953,0.4440777196,0.44741828619237073
6.59817,6.13172,6.59498,2.82524,1689.3,597.93,0.0,0.0,0.606,0.214495,0.0,1,0.0012785758,0.1228428434,0.10211343046538501
8.06476,5.62993,7.88344,0.749362,2380.21,3176.31,0.0,0.0,0.7064,0.942669,0.0,1,0.004441017,0.4285307990999999,0.4338197633723762
19.47488,13.27772,19.47462,0.402001,1509.07,3753.89,0.0,0.0,0.8346,2.07611,0.0,1,0.0045235719,0.4444447708,0.41388080319836773
5.37744,3.53202,5.37744,1.38918,653.213,470.214,0.0,0.0,0.4478,0.322348,0.0,0,0.0062317455,0.4723034440999999,0.49349271341678813
9.6188,8.65235,9.60052,0.750661,2213.56,2948.81,0.0,0.0,0.6692,0.891481,0.0,1,0.0068208166,0.6479584839,0.6185437304838259
6.81111,4.3641,6.75959,1.50078,1988.24,1324.81,0.0,0.0,0.6082,0.405257,0.0,1,0.0030214899,0.3107634116,0.26981473329679895
6.48792,4.04495,6.46524,1.63435,1656.81,1013.74,0.0,0.0,0.5904,0.361245,0.0,1,0.0034431239,0.3237818564999999,0.3243095067039709
6.5428,4.0805,6.53621,1.61298,1706.94,1058.25,0.0,0.0,0.59,0.365782,0.0,1,0.0033307763,0.3244314901,0.29779502246706036
6.41608,3.94175,6.40902,1.68088,1551.99,923.32,0.0,0.0,0.574,0.341488,0.0,1,0.0034913673,0.3361923026,0.32533691925540276
14.24572,5.52422,14.23389,0.741721,1799.0,2425.44,0.0,0.0,0.7126,0.960739,0.0,0,0.0031473158,0.3224549981,0.304560314472488
7.85983,4.2994,7.19513,1.05112,1083.88,1031.17,529.841,504.074,0.6054,0.575959,0.0,0,0.0078477491,0.713192811,0.7074257688393111
9.91084,4.94321,9.90364,0.792408,1603.43,2023.49,0.0,0.0,0.6302,0.795297,0.0,1,0.004230733,0.400080087,0.4075003412271692
7.21454,5.63203,7.19196,1.06453,1024.66,962.545,0.0,0.0,0.4958,0.465746,0.0,1,0.0072853974,0.490165825,0.6285324011946767
12.16451,6.87343,12.16451,0.774775,2322.28,2997.35,0.0,0.0,0.7066,0.912006,0.0,1,0.0048029011,0.4583347224,0.47126118852746246
6.31092,5.4451,6.31092,1.11362,828.348,743.833,0.0,0.0,0.4926,0.442341,0.0,1,0.0017217765,0.1657580169,0.16141670375454886
12.69936,7.89199,12.69936,1.08786,1666.19,1531.63,0.0,0.0,0.6204,0.570296,0.0,1,0.004930928,0.4303697734,0.438612498955722
4.56554,4.01347,4.56554,1.5219,1198.03,787.192,0.0,0.0,0.5324,0.349826,0.0,1,0.0089706121,0.7373398029000001,0.6799468666322668
5.27678,3.99297,4.86471,1.01321,1059.99,1046.17,0.0,0.0,0.5368,0.529802,0.0,1,0.0150693234,1.1516273406,1.1504887076085373
5.48228,4.93668,5.47166,1.18498,1132.58,955.777,0.0,0.0,0.5306,0.44777,0.0,1,0.0118558894,0.9223547246,0.9164030602448452
5.65614,4.89759,5.3467,1.11309,1245.12,1118.62,0.0,0.0,0.5586,0.501848,0.0,1,0.0094546717,0.8035872607,0.7739182928569308
5.44142,4.51467,5.32983,1.81828,1092.81,601.015,0.0,0.0,0.5076,0.279165,0.0,1,0.0092354165,0.6914165867000001,0.6727549747182087
4.13891,3.52594,4.05476,2.44574,369.977,151.274,133.125,54.4315,0.4542,0.185711,0.0,1,0.0066504286,0.4311629841,0.5289868725189295
5.99991,4.88169,5.99991,1.10463,1885.15,1706.59,0.0,0.0,0.6184,0.559825,0.0,1,0.0073605452,0.6744492973999999,0.6930552646492623
5.16583,4.20229,5.16583,1.16624,909.575,779.923,0.0,0.0,0.5142,0.440905,0.0,0,0.0069309153,0.5840026993,0.6260240308822151
8.60576,7.13629,8.60576,0.984728,1990.18,2021.04,0.0,0.0,0.6528,0.662924,0.0,0,0.0038166192,0.3682198345,0.36424424453124743
5.34617,4.27166,5.33175,2.14248,360.006,168.032,116.013,54.1487,0.3902,0.182125,0.0,1,0.0058295498,0.3941761136,0.4248422678846062
9.02635,7.37185,9.02635,0.858551,2348.05,2734.89,0.0,0.0,0.738,0.859588,0.0,0,0.0014994284,0.1563830447,0.17115144633682555
7.54763,6.30914,7.54763,1.01674,1528.77,1503.6,0.0,0.0,0.6098,0.599757,0.0,0,0.0037385111,0.3641995209,0.36442302456426395
6.44764,5.41267,6.44764,0.918977,2207.44,2402.06,0.0,0.0,0.6406,0.69708,0.0,1,0.0076788958,0.7104071888,0.732500452675771
6.19215,5.21845,6.19129,0.959339,2059.17,2146.44,0.0,0.0,0.6236,0.650031,0.0,0,0.009625373,0.8972606093000001,0.9292934974061748
7.70901,5.72948,7.70901,1.0049,1743.18,1734.69,0.0,0.0,0.6112,0.608223,0.0,1,0.0058060743,0.5677859434,0.5196221124560756
7.11646,6.19226,7.11412,1.03097,1502.21,1457.08,0.0,0.0,0.5848,0.56723,0.0,0,0.0079695504,0.7206001917,0.7309380280613564
6.79615,5.75134,6.79615,1.10764,1482.92,1338.8,0.0,0.0,0.5666,0.511536,0.0,1,0.0026089896,0.2656164565,0.2515726821623365
8.68497,7.44113,8.68497,1.37401,1122.97,817.297,0.0,0.0,0.5786,0.421103,0.0,1,0.0009193353,0.0906100136,0.11158576393764119
12.36039,11.54677,12.35976,1.38142,1564.69,1132.67,0.0,0.0,0.6892,0.498906,0.0,1,0.0027509476,0.2714876129,0.2838862816329428
8.02487,5.97028,8.01109,1.63849,1438.26,877.793,0.0,0.0,0.5894,0.359721,0.0,1,0.0012187265,0.1227592377,0.12406293625502274
5.89133,3.41747,5.84885,1.46073,288.84,197.737,148.923,101.951,0.4446,0.304368,0.0,1,0.0159954412,0.794999004,0.9067887378646011
5.4946,5.30289,5.4946,0.925783,1729.65,1868.31,0.0,0.0,0.6062,0.654797,0.0,1,0.011421678,1.0032759225,0.9559905787367702
5.47244,4.59142,5.38091,1.03022,1558.36,1512.66,0.0,0.0,0.5602,0.54377,0.0,0,0.0082075126,0.7200412789,0.7588701438725717
13.54985,9.13066,13.54893,0.629882,1979.75,3143.05,0.0,0.0,0.7794,1.23737,0.0,1,0.0042202791,0.4114892692,0.41026262159644544
7.29901,5.68693,7.29887,2.71918,1447.8,532.44,20.7388,7.62687,0.5782,0.212638,0.0,1,0.0018445246,0.1782419532,0.14802156849398085
4.08461,3.48945,4.06863,1.30493,544.936,417.597,0.0,0.0,0.4766,0.36523,0.0,0,0.0073232817,0.6524774629,0.6296775242849666
4.03285,3.42273,4.0125,1.31623,519.268,394.513,0.0,0.0,0.474,0.360121,0.0,0,0.0080714278,0.6836530677,0.661431957078134
5.31376,5.06628,5.30265,1.49933,912.911,608.879,0.0,0.0,0.437,0.291463,0.0,1,0.0072769928,0.5938376225,0.5862238001645211
20.14565,8.54605,20.14565,0.342062,1831.33,5353.8,0.0,0.0,0.863,2.52293,0.0,1,0.0038979737,0.3970383519,0.3852098794465721
20.24597,8.58384,20.24597,0.340053,1825.41,5368.02,0.0,0.0,0.8648,2.54313,0.0,1,0.0040598985,0.3965614095,0.390445114875626
42.79818,24.24061,42.79818,0.126526,810.47,6405.57,0.0,0.0,0.9392,7.42299,0.0,1,0.0062169554,0.6044280494,0.5571925371444872
27.24034,13.9632,26.75245,0.334895,1602.49,4785.05,0.0,0.0,0.8624,2.57514,0.0,1,0.0046302245,0.4436567147,0.43944423972338675
13.37019,12.10117,13.37019,0.621294,2143.77,3450.5,0.0,0.0,0.742,1.19428,0.0,1,0.0055210806,0.5472588081,0.5172931401101613
8.75902,7.46421,8.75317,0.770453,2094.53,2718.57,0.0,0.0,0.676,0.877405,0.0,1,0.0063094316,0.5813459999,0.577420112132004
33.05863,31.49051,33.05863,0.462445,1416.09,3062.18,0.0,0.0,0.8292,1.79308,0.000432484,1,0.0045213186,0.4508067079,0.444489974138762
9.2615,6.75088,8.75247,0.652591,2421.36,3710.38,0.0,0.0,0.722,1.10636,0.0,0,0.00675311,0.6248738968,0.6230789639582099
5.39704,3.47321,5.39704,1.51705,1003.1,661.215,0.0,0.0,0.5144,0.339079,0.0,0,0.1303525574,4.0131671144,2.678223076975687
4.75514,3.65279,4.718,1.35569,1756.76,1295.84,0.0,0.0,0.628,0.463233,0.0,0,0.0069164388,0.6434939972,0.6744416126299729
7.21036,5.21436,7.21036,1.28754,867.89,674.07,0.0,0.0,0.459,0.356494,0.0,1,0.0023529512,0.2199648098999999,0.17504277973596638
5.92256,4.27878,5.89247,1.03427,1509.77,1459.74,0.0802539,0.0775946,0.5748,0.555753,0.0,1,0.0076345375,0.6719055745999999,0.6792254351570709
5.64744,4.1969,5.5822,1.08566,1393.43,1283.49,0.0,0.0,0.5582,0.51416,0.0,1,0.008283117,0.7180739839,0.7123682013056836
6.99036,4.92473,6.99036,0.885864,1906.99,2152.69,0.0,0.0,0.6356,0.717492,0.0,0,0.0045450575,0.438701513,0.41926395530781124
4.10218,3.42336,4.09595,1.4733,653.043,443.252,0.0,0.0,0.4814,0.32675,0.0,1,0.0084901738,0.710292347,0.6647695712053331
5.62502,3.68781,5.62502,1.15041,1146.89,996.943,0.0,0.0,0.4858,0.422284,0.0,1,0.0088700851,0.7527770991,0.7430835761574174
5.75474,3.70828,5.75474,1.24694,1151.54,923.496,0.0,0.0,0.5016,0.402265,0.0,1,0.0076340907,0.6477463821,0.6516077861866868
5.3188,3.97632,5.3188,1.04154,1135.05,1089.78,0.0,0.0,0.473,0.454133,0.0,1,0.0099129819,0.8177003064,0.8975531505768877
10.54661,10.45745,10.54661,0.882268,1351.9,1532.3,0.0,0.0,0.655,0.742405,0.0,1,0.0021008935,0.1991221225,0.20447579657249304
10.35764,10.23297,10.35764,0.893987,1370.16,1532.64,0.0,0.0,0.63,0.704708,0.0,1,0.0019986879,0.2005075766,0.20264922483511483
10.07029,9.95473,10.07029,1.02149,1143.41,1119.35,0.0,0.0,0.6036,0.590899,0.0,0,0.0015175436,0.1498896649,0.1651981499447086
10.32219,10.19883,10.32219,0.893387,1335.35,1494.71,0.0,0.0,0.6494,0.726897,0.0,1,0.0020411675,0.200618825,0.1966146069251965
10.36311,10.23127,10.36311,0.890303,1334.01,1498.37,0.0,0.0,0.6478,0.727618,0.0,1,0.0019128818,0.1951795128,0.18620181626309207
10.32563,10.2098,10.32563,1.16569,1103.61,946.742,0.0,0.0,0.6056,0.519521,0.0,0,0.0015964317,0.1500132169,0.191684366584969
9.9082,9.78954,9.90791,1.03173,1157.48,1121.89,0.0,0.0,0.5902,0.57205,0.0,0,0.0014481135,0.1453791881,0.15497249213234077
9.77409,9.63706,9.77409,0.990438,1290.67,1303.13,0.0,0.0,0.592,0.597716,0.0,1,0.0020197249,0.1891104297,0.19897793897039595
10.03622,9.89092,10.03622,0.960732,1283.35,1335.81,0.0,0.0,0.613,0.638055,0.0,1,0.0019275196,0.1957889564999999,0.19587861956282226
6.64209,5.02845,6.632,0.808218,2539.09,3141.59,0.0,0.0,0.6368,0.787906,0.0,0,0.0117551357,1.0740043206,1.0211070828487667
7.19383,5.44633,7.19383,0.766283,2502.2,3265.37,0.0,0.0,0.6548,0.854514,0.0,0,0.0097629193,0.9170049609,0.9361636213781811
6.75186,5.16957,6.7451,0.798706,2519.19,3154.09,0.0,0.0,0.64,0.801296,0.0,0,0.0107537331,1.0276508753,1.001158654573203
6.75364,5.16047,6.74991,0.798706,2521.08,3156.46,0.0,0.0,0.6402,0.801547,0.0,0,0.0108112154,1.0196426796,1.0011902294973782
10.21454,6.03558,10.21454,0.764371,2087.31,2730.76,0.0,0.0,0.673,0.880463,0.0,0,0.005935034,0.5816497093999999,0.5719296133114603
8.00306,5.96794,8.00133,0.730038,2383.55,3264.96,0.0,0.0,0.687,0.941046,0.0,0,0.0070761455,0.6886107604999999,0.6453838874518038
5.76875,4.44638,5.76422,1.26954,947.431,746.277,0.0,0.0,0.5084,0.400459,0.0,1,0.0031779431,0.2888792956,0.285306151841723
5.29029,4.21546,5.29029,1.30564,829.286,635.159,0.0,0.0,0.5122,0.392299,0.0,1,0.0034553565,0.314107502,0.3528367573636223
5.12362,3.97858,5.12362,1.3287,794.481,597.937,0.0,0.0,0.5126,0.38579,0.0,1,0.0034783375,0.3242913651,0.35380777252155776
4.87498,3.77095,4.87498,1.35072,712.934,527.818,0.0,0.0,0.5034,0.37269,0.0,1,0.0038936369,0.3231259004,0.3166626944800341
4.94352,3.50226,4.94123,1.37749,785.436,570.193,0.160637,0.116616,0.4914,0.356735,0.0,1,0.001089292,0.1120863025999999,0.16536196838880368
6.20265,4.35013,6.20265,1.16306,2339.54,2011.54,0.0,0.0,0.6178,0.531186,0.0,1,0.0081503642,0.7283965118000001,0.7506471763564557
6.19335,4.27368,6.19335,1.1646,2251.25,1933.07,0.0,0.0,0.6174,0.530141,0.0,1,0.0081231738,0.7262173332999999,0.7522440232688852
6.11094,3.88458,6.10684,1.1806,2108.93,1786.32,0.0,0.0,0.6132,0.519398,0.0,1,0.0082623362,0.7357327684,0.7461527367922174
6.03659,3.7841,6.03659,1.16905,1945.06,1663.8,0.0,0.0,0.6102,0.521964,0.0,1,0.0079465478,0.7215807954000001,0.7183573268815807
6.19267,4.31969,6.19,1.11108,2308.45,2077.66,0.0,0.0,0.6196,0.557654,0.0,1,0.0082545459,0.7617860379000001,0.7807577637612455
6.20622,4.32109,6.20622,1.07862,2315.47,2146.71,0.0,0.0,0.6288,0.582969,0.0,1,0.0083375617,0.7554740631999999,0.7771435780784288
6.14614,4.2626,6.11668,1.06295,2329.37,2191.42,0.0,0.0,0.6258,0.58874,0.0,1,0.0079960218,0.7379169292000001,0.7540349543452254
6.1095,4.21478,5.89063,1.06153,2331.97,2196.8,0.0,0.0,0.6284,0.591977,0.0,1,0.0083306637,0.7524337998,0.7708926590322943
15.21578,5.06222,15.21578,1.31768,1287.77,977.304,381.116,289.233,0.6412,0.486614,0.0,1,0.0062076526,0.478907575,0.51741691296927
15.16495,5.42937,15.16495,1.28137,1222.88,954.353,401.433,313.284,0.472,0.368356,0.11956,1,0.0041500442,0.382759407,0.44523052199304713
15.53135,9.65919,15.53135,0.735216,1298.07,1765.57,466.651,634.712,0.7352,0.999978,0.0,1,0.0044736894,0.4329723739,0.4435119929058026
15.93969,5.38602,15.93969,1.55026,1210.88,781.08,479.733,309.453,0.6876,0.443538,0.0,1,0.0028752845,0.2635857628999999,0.324073471546686
16.17666,10.50859,16.17666,0.819587,1287.14,1570.48,480.797,586.633,0.7656,0.934129,0.0,1,0.0033809757,0.349629176,0.3749569300402836
7.75357,4.72091,7.64098,1.06732,1559.59,1461.22,0.0,0.0,0.5544,0.519432,0.0,1,0.0094560525,0.7479401617,0.7790664448884775
10.23635,8.28637,9.99929,0.717556,2413.7,3363.78,0.0,0.0,0.7708,1.0742,0.0,0,0.002209732,0.2089502317,0.24347650632456497
9.01955,7.89385,9.01955,0.713962,2373.05,3323.78,0.0,0.0,0.7674,1.07485,0.0,0,0.0018531424,0.1919644967,0.2080566766742522
6.17717,5.82599,6.17717,0.749009,3226.03,4307.06,0.0,0.0,0.7082,0.945516,0.0,1,0.0104360588,0.9806759694,0.9863996689548002
8.04915,5.31359,8.00625,0.699237,2471.17,3534.09,0.0,0.0,0.7174,1.02598,0.0,0,0.0027413567,0.2719656809,0.2671581357661685
8.07729,5.36514,8.07375,0.705667,2478.07,3511.67,0.0,0.0,0.72,1.02031,0.0,0,0.0028919626,0.2797760892,0.2716455871143714
8.11263,5.64009,8.11263,0.639388,2590.56,4051.63,0.0,0.0,0.7392,1.15611,0.0,0,0.0027352401,0.2648397811,0.2774569090671794
8.13134,5.54983,8.13134,0.665352,2617.27,3933.67,0.0,0.0,0.7388,1.11039,0.0,0,0.0028629246,0.2833839482,0.2838924321577051
8.16514,5.60091,8.16514,0.67222,2617.75,3894.19,0.0,0.0,0.7394,1.09994,0.0,0,0.0028260518,0.2897265903,0.2858702582357337
6.49399,4.71424,6.45917,1.07075,1422.45,1328.47,0.0,0.0,0.585,0.546348,0.0,1,0.0047007873,0.4349341753,0.4270443726543825
6.21678,4.72062,6.15067,0.992771,1456.96,1467.57,0.0,0.0,0.5884,0.592684,0.0,1,0.0045469411,0.4322745597,0.4213409438764211
6.49176,4.26641,6.49176,1.04973,1376.89,1311.66,0.0,0.0,0.5628,0.536136,0.0,1,0.004280914,0.4166371094,0.39893862977160033
6.27069,4.79422,6.26455,0.943025,2150.91,2280.86,0.0,0.0,0.668,0.708359,0.0,1,0.0075439196,0.7165223012999999,0.7135396082567318
9.97626,6.15688,9.95158,0.782835,2372.61,3030.79,0.0,0.0,0.7306,0.933274,0.0,1,0.0055528201,0.5363057342,0.5392893295889936
5.23694,3.82822,5.23519,1.91723,1689.31,881.121,0.0,0.0,0.5532,0.288542,0.0,1,0.0023364658,0.2243829736,0.21680366527809325
5.61731,4.74798,5.61731,1.17978,1409.15,1194.41,0.0,0.0,0.5534,0.469069,0.0,0,0.0032762122,0.3191332044,0.3172478002691298
18.4936,4.06846,18.4936,0.9977,1657.17,1660.99,0.0,0.0,0.7322,0.733888,0.0,0,0.0049691714,0.4823276876,0.4458922274088121
19.69299,7.98654,19.69299,0.409554,1997.19,4876.5,0.0,0.0,0.826,2.01683,0.000488336,0,0.003932246,0.3701170988,0.3903955978645785
14.73899,5.12647,14.73899,0.739806,2068.95,2796.6,0.0,0.0,0.7088,0.958089,0.00108136,0,0.0043419322,0.4256981364,0.408394677997292
7.30922,6.53578,7.30892,1.59286,1232.22,773.59,12.3074,7.72661,0.5162,0.324071,0.0,0,0.0718669929,3.009625073,2.4947755260793594
13.79678,9.90606,13.29085,0.543859,2105.6,3871.6,0.0,0.0,0.815,1.49855,0.0,1,0.0037734566,0.3629085227,0.3750281021892246
10.87246,9.01928,10.87246,1.75205,1220.8,696.781,0.0,0.0,0.5534,0.315858,0.0,1,0.0013075149,0.1233946171,0.09424108288457878
5.92703,4.3432,5.92703,1.02128,2025.04,1982.84,0.0,0.0,0.6088,0.596113,0.0,1,0.0079251276,0.7025739348000001,0.7477452227505166
21.72315,20.98793,21.52659,0.308304,1399.52,4539.4,0.0,0.0,0.9064,2.93995,0.0,1,0.0028598706,0.2988954956,0.2890498869380426
18.57439,17.55669,18.57439,0.321672,1460.76,4541.16,0.0,0.0,0.8984,2.79291,0.0,1,0.0029260242,0.2908913351,0.28957020544574785
8.61386,5.69718,8.42708,0.896671,1704.44,1900.85,0.0,0.0,0.6122,0.682747,0.0,1,0.0045819634,0.4248097347999999,0.4413902703633737
4.67684,3.43732,4.67684,1.38964,1289.29,927.79,0.0,0.0,0.5428,0.390606,0.0,1,0.0092870735,0.8067209693,0.8120038946798375
5.20728,3.51213,5.20728,1.39622,1478.14,1058.67,0.0,0.0,0.539,0.386042,0.0,1,0.011244986,0.9597880925,0.9492198146817725
13.3117,8.62623,13.3117,0.583969,2196.14,3760.71,0.0,0.0,0.7246,1.24082,0.0,0,0.004811953,0.4657412177,0.46411913377773767
13.14316,8.49712,13.14316,0.600599,2185.42,3638.73,0.0,0.0,0.7212,1.2008,0.0,0,0.004913826,0.481059371,0.4602722400756341
21.31368,10.23686,21.31368,0.503862,1906.53,3783.82,0.0,0.0,0.7964,1.58059,0.0,1,0.0060673289,0.5772912021,0.5549083146019853
21.10286,10.09364,21.09225,0.511736,1907.73,3727.96,0.0,0.0,0.7778,1.51992,0.0,1,0.0067738541,0.6318058699,0.5874743179982791
7.36646,5.75458,7.16866,1.07595,1632.15,1516.94,0.0,0.0,0.6014,0.558949,0.0,1,0.0031216589,0.3100782822,0.30280356510419265
18.61448,16.92881,18.61448,0.43749,1960.32,4480.84,0.0,0.0,0.8374,1.9141,0.0,1,0.003813162,0.3741228888,0.3683692241577873
4.74191,3.53352,4.74191,1.13318,1109.52,979.12,0.0,0.0,0.542,0.478299,0.0,1,0.0128825897,0.9989288675,1.0480946605749455
5.22147,4.62031,5.22147,1.62242,863.635,532.315,0.0,0.0,0.4264,0.262818,0.0,1,0.0042458691,0.3829446072,0.34342082008610236
5.54904,4.6855,5.54904,1.2621,494.559,391.853,0.0,0.0,0.4238,0.335789,0.0,1,0.0024951482,0.2224930091,0.22743651935874515
6.48832,4.86094,6.48832,1.33798,1247.05,932.038,0.0,0.0,0.5134,0.383713,0.0,1,0.0048253745,0.4341240324,0.43983507125526383
6.37536,4.74657,6.37536,1.3786,1214.29,880.813,0.0,0.0,0.4994,0.362252,0.0,1,0.0054931906,0.4792616107999999,0.48417359371490337
29.73511,11.96997,29.73511,0.466941,1434.98,3073.15,0.0,0.0,0.843,1.80537,0.0,1,0.0043245259,0.3989684024,0.4233763952431002
18.63687,3.90699,18.63687,0.676975,1941.67,2868.16,0.0,0.0,0.7214,1.06562,0.0,0,0.0046082447,0.4394916565999999,0.44457692630670126
7.2461,5.52874,7.11386,0.722295,2876.07,3981.85,0.0,0.0,0.7574,1.0486,0.0,1,0.0019381352,0.1931228509,0.20942065573962831
6.61997,3.93876,6.61997,3.35504,1248.51,372.13,0.0,0.0,0.4698,0.140028,0.0,1,0.0009978727,0.097510049,0.07665825266880155
6.67369,4.00375,6.66785,3.33858,1267.68,379.707,0.0,0.0,0.4688,0.140419,0.0,1,0.0010055944,0.0990450533,0.08457928716180207
8.31867,7.50799,8.23674,1.3283,1507.88,1135.19,0.0,0.0,0.5826,0.438604,0.0,1,0.0028112521,0.2648923049,0.2726569587299879
8.33704,7.53322,8.33704,1.33737,1512.13,1130.67,0.0,0.0,0.5802,0.433835,0.0,1,0.0026292119,0.2619158407,0.23576237227600172
7.95789,5.70379,7.949,1.02105,1875.01,1836.36,0.0,0.0,0.6212,0.608393,0.0,1,0.0050748039,0.4855632161,0.48582296621592846
7.9618,7.16704,7.94594,1.42154,1501.18,1056.02,0.0,0.0,0.5718,0.402241,0.0,1,0.0026086073,0.2587016116,0.22789107254075142
8.9412,8.20862,8.9412,1.41865,1440.37,1015.31,0.0,0.0,0.5976,0.421246,0.0,1,0.0025652221,0.2407225557,0.22721308075787738
8.39634,6.80286,8.06876,0.891254,1920.98,2155.37,0.0,0.0,0.6496,0.728861,0.0,0,0.0068636843,0.589354925,0.6276931997804942
8.30709,6.8904,8.22432,0.897695,1911.28,2129.09,0.0,0.0,0.6498,0.723854,0.0,0,0.0068249001,0.59439625,0.6241046084590551
8.05568,3.85909,5.8151,1.72587,943.315,546.574,23.122,13.3973,0.491,0.284494,0.0,0,0.0041215022,0.3187379543,0.3615261834657226
8.11197,6.3971,8.1065,0.849879,2006.01,2360.34,0.0,0.0,0.6572,0.773287,0.0,0,0.0065288573,0.5977023712,0.6176767404617132
8.82584,6.80117,8.82584,0.838203,2031.61,2423.76,0.0,0.0,0.6668,0.795512,0.0,0,0.0065170188,0.5847493592,0.6168650030028023
8.33004,6.47185,8.30636,0.855248,2017.93,2359.47,0.0,0.0,0.661,0.772875,0.0,0,0.0064384584,0.6047394739999999,0.615453016133083
8.09188,6.36998,8.09188,0.865187,2004.99,2317.41,0.0,0.0,0.6566,0.758911,0.0,0,0.0064912286,0.6153170652000001,0.6203194530136811
4.81526,3.42101,4.526,1.37869,1402.34,1017.16,0.0,0.0,0.5962,0.43244,0.0,1,0.0031800893,0.3093248873999999,0.39895093871381127
5.54889,5.25047,5.54889,1.10605,695.341,628.668,98.2069,88.7903,0.5312,0.480266,0.0,0,0.0032801613,0.3109639948,0.3754077929807431
7.07757,4.49353,7.07641,1.32957,1554.46,1169.14,0.0,0.0,0.5416,0.407349,0.0,1,0.002817632,0.2819828083,0.270511418342563
7.91374,5.10301,7.55666,0.900168,2008.9,2231.69,0.0,0.0,0.6468,0.718533,0.0,1,0.0086174757,0.7745438986,0.7341299725856829
18.71247,7.75585,17.49896,0.466942,1971.58,4222.32,0.0,0.0,0.8076,1.72955,0.0,0,0.0041089884,0.4065814847999999,0.390546191992441
5.96735,4.28567,5.96735,1.1236,1334.13,1187.38,0.0,0.0,0.5368,0.477752,0.0,1,0.0080162547,0.6980122036,0.6867093883120754
6.90751,5.24121,6.77761,1.23618,1521.62,1230.9,0.0,0.0,0.572,0.462715,0.0,1,0.0081336853,0.7118452459000001,0.7073247611099862
5.76843,4.22597,5.76235,1.21128,1167.42,963.79,0.0,0.0,0.531,0.43838,0.0,1,0.0233570511,1.5200651789,1.4285474286146909
7.01096,4.61744,6.88238,1.0069,1455.4,1445.42,181.324,180.081,0.5804,0.57642,0.0,1,0.0093533471,0.7651002122,0.7396507618172586
15.52711,9.99848,15.50545,0.770284,1323.45,1718.13,449.917,584.092,0.7344,0.953414,0.0,1,0.0047289705,0.4473831345,0.44844642580172306
4.51959,4.0875,4.51959,2.30989,576.12,249.414,0.0,0.0,0.3594,0.155592,0.0,1,0.0486143071,1.2764403142,1.6594801805905632
8.36121,7.81351,8.30025,0.894084,1398.32,1563.97,0.0,0.0,0.6136,0.686289,0.0,1,0.0038972008,0.4018497093,0.3719148291141208
18.0621,10.42327,18.0621,0.790526,1355.07,1714.14,197.917,250.36,0.69,0.872836,0.0,1,0.0103006612,0.6591825954,0.7308536008816777
4.39053,3.85775,4.38747,1.58321,405.121,255.886,388.713,245.521,0.5092,0.321625,0.0,0,0.0047238992,0.4410195431,0.49849107686202654
12.37213,6.12785,11.76706,0.613909,2396.05,3902.93,0.0,0.0,0.7532,1.22689,0.0,1,0.0070688715,0.6396777156,0.6286891438883482
4.92609,4.59373,4.92609,1.2701,571.535,449.993,0.0,0.0,0.42,0.330683,0.0,0,0.007560923,0.5601712685,0.5748140473052593
9.47252,6.48081,9.47252,1.142,1531.96,1341.47,0.0,0.0,0.5924,0.518737,0.0,1,0.0026559256,0.2570147881,0.252855784602464
5.87158,4.75385,5.8575,1.05542,1850.88,1753.69,0.0,0.0,0.6,0.568494,0.0,1,0.0106883543,0.9156853457,0.9395369259739633
6.15469,4.01567,6.15002,1.24414,1139.51,915.903,0.0,0.0,0.502,0.403491,0.0,1,0.0078712569,0.6415418601,0.67133174072555
4.52128,3.65213,4.52128,2.72539,937.142,343.857,0.0,0.0,0.5338,0.195862,0.0,1,0.0028254464,0.2523478044,0.2428672160238255
5.36914,3.4206,5.36914,1.22099,548.684,449.375,0.0,0.0,0.4634,0.379527,0.0,1,0.0086406725,0.6151703867,0.6130169088624015
8.06989,6.31772,7.96603,0.986571,2261.23,2292.01,0.0,0.0,0.6822,0.691486,0.0,1,0.0050547222,0.4806714946,0.49011442340337347
17.39105,9.80191,17.39105,0.800825,1151.64,1438.07,175.396,219.019,0.6572,0.820653,0.0,0,0.013374385,0.6604197474,0.9258672291380319
17.54491,10.00849,17.52475,0.778482,1193.04,1532.52,189.975,244.033,0.671,0.861934,0.0,0,0.0126633362,0.6759210564,0.8434633706171253
4.67913,4.1432,4.67313,1.68326,1087.13,645.849,0.0,0.0,0.5314,0.315696,0.0,1,0.0020880187,0.1934879171,0.1721649656754941
4.72085,4.19082,4.71595,1.60879,1101.18,684.479,0.0,0.0,0.538,0.334413,0.0,1,0.0019651745,0.194368449,0.17130793156900004
4.72751,4.18275,4.72118,1.638,1097.7,670.147,0.0,0.0,0.5356,0.326984,0.0,1,0.0020296456,0.1933380003,0.17490140112019847
4.69508,4.16375,4.68969,1.65941,1093.22,658.798,0.0,0.0,0.5332,0.321319,0.0,1,0.0021049581,0.193970336,0.18973467211662853
5.90111,4.73838,5.90111,0.853512,2933.47,3436.94,0.0,0.0,0.7038,0.824593,0.0,1,0.0061397135,0.6057378629,0.6074672511378348
10.63994,5.17607,10.63994,0.946218,2406.2,2542.96,0.0,0.0,0.7374,0.779313,0.0,1,0.0032649746,0.3114959753,0.3260132309758053
10.18784,5.8011,10.17435,0.90051,2432.65,2701.41,0.0,0.0,0.7394,0.821091,0.0,1,0.0029865551,0.3029750477,0.29489563481774356
10.56885,5.12331,10.56885,0.827757,2720.18,3286.2,0.0,0.0,0.764,0.922976,0.0,1,0.0027421231,0.2734788305,0.2869296637011405
5.10209,3.53964,5.09477,0.92244,1064.13,1153.61,0.0,0.0,0.5144,0.557651,0.0,0,0.014914708,1.138383273,1.1508079549801218
7.8305,4.27284,7.79516,1.49467,1437.06,961.456,0.0,0.0,0.5544,0.370918,0.0,1,0.0028988375,0.2742300263,0.22763888927411569
39.11063,37.47642,39.11063,0.375289,1307.21,3483.2,0.0,0.0,0.8658,2.30702,0.0,1,0.0042441812,0.4153758958,0.42164361465937616
38.39638,36.09316,38.39638,0.330751,1417.57,4285.91,0.0,0.0,0.8776,2.65335,0.0,1,0.004404719,0.4300597584,0.43658406951663775
8.00881,3.79594,6.88527,1.70124,1586.52,932.564,97.3647,57.2315,0.582,0.342103,0.00105805,0,0.0023005205,0.2270583292,0.31449287504204887
5.03897,4.14527,5.03897,1.26322,872.21,690.465,0.0,0.0,0.5016,0.39708,0.0,1,0.0143845984,1.0406524322,1.095548304486107
5.25312,4.62411,5.25312,1.36621,795.034,581.927,0.0,0.0,0.4348,0.318253,0.0,0,0.00491374,0.4214763735,0.40457200077187383
8.30102,5.43995,8.30102,0.998622,1908.3,1910.93,0.0,0.0,0.629,0.629868,0.0,1,0.0074839712,0.6584756649,0.6668478046507761
7.07895,5.43293,7.07895,1.23597,749.429,606.348,0.0,0.0,0.4656,0.376708,0.0,0,0.0024636154,0.2303219029,0.18930707906406863
5.28773,3.7404,5.27624,0.951333,772.872,812.409,527.0,553.959,0.565,0.593903,0.0,0,0.0228231702,1.5100486478,1.0644831544634825
4.44057,3.72721,4.4272,1.56982,999.031,636.398,0.0,0.0,0.4302,0.274044,0.0,0,0.1028091152,2.7322047714,2.762812561194892
6.9387,5.51917,6.92321,1.06823,1491.74,1396.46,0.0,0.0,0.5618,0.525916,0.0,0,0.0089226634,0.7656726831,0.7729562574567694
4.88072,3.66399,4.88072,1.23567,2100.31,1699.73,0.0,0.0,0.5996,0.485242,0.0,1,0.0057096051,0.5552249434000001,0.5665333449721459
7.02744,5.38791,7.02744,1.22872,811.616,660.538,0.0,0.0,0.4574,0.372258,0.0,0,0.0021848138,0.2197098179,0.173176135206918
7.08217,5.70931,7.08217,1.19421,800.187,670.058,0.0,0.0,0.4798,0.401773,0.0,0,0.0028878686,0.2693671378,0.24590890724521153
6.82532,5.20998,6.82532,1.26745,776.672,612.785,0.0,0.0,0.469,0.370036,0.0,0,0.0023971877,0.2260185719,0.18907144395695774
7.01349,5.55881,7.01349,1.21167,786.339,648.971,0.0,0.0,0.4712,0.388885,0.0,0,0.0029066074,0.2778954072,0.24168990581260968
10.81747,8.62628,10.81747,0.682989,2289.3,3351.88,0.0,0.0,0.7066,1.03457,0.0,0,0.0087198223,0.8039198686,0.7881000882238836
10.88811,8.55613,10.38381,0.702067,2220.12,3162.26,0.0,0.0,0.6958,0.991073,0.0,0,0.0092223017,0.857429762,0.8145170775104846
5.18793,3.64341,5.18793,1.32106,1477.38,1118.33,1.23611,0.935694,0.6038,0.457058,0.0,1,0.0023635569,0.2193295151,0.3266956275265153
5.16551,3.78381,5.16551,1.21126,1971.74,1627.85,16.6796,13.7705,0.662,0.54654,0.0,1,0.0024357458,0.2400758644999999,0.35686879079380807
5.23161,3.83405,5.2282,1.19035,2065.33,1735.06,0.0,0.0,0.6496,0.545721,0.0,1,0.0026805705,0.2633797755,0.3250892777991071
5.20646,3.81875,5.20646,1.17377,2092.97,1783.12,2.40975,2.053,0.6684,0.569448,0.0,1,0.0024709032,0.2507164751,0.32496464495065946
11.48655,6.30332,11.4793,0.804674,2171.28,2698.33,0.0,0.0,0.7258,0.90198,0.0,1,0.0051036818,0.4944836463,0.4898992187777121
5.10112,3.76343,4.43149,1.37664,488.999,355.212,519.913,377.668,0.5386,0.391242,0.0,1,0.0132256334,1.1020096524,0.9068939195179989
33.37685,31.81617,33.36969,0.55548,1448.92,2608.41,0.0,0.0,0.8332,1.49996,0.000360049,1,0.0035428388,0.3481247506,0.37937938276284644
4.621,3.96851,4.621,0.918673,1808.68,1968.8,0.0,0.0,0.5666,0.616759,0.0,0,0.0068217341,0.633726044,0.6708682955929619
12.62762,5.23882,12.62762,1.04827,1808.67,1725.39,210.803,201.096,0.6818,0.650406,0.0,1,0.0104934693,0.6529181051,0.7465004991186189
8.83143,6.21194,8.83143,0.592358,2322.31,3920.45,0.0,0.0,0.7494,1.26511,0.0,0,0.0039405478,0.3848557589999999,0.38558730941183644
12.29704,9.67035,12.2571,0.522428,2226.93,4262.65,0.0,0.0,0.794,1.51983,0.0,1,0.0038276375,0.3868598856,0.37817135123037304
7.04652,4.99124,7.03394,1.10591,1252.19,1132.28,0.0,0.0,0.53,0.479244,0.0,1,0.0057084085,0.5383613629999999,0.4850824562658098
16.11055,7.03802,16.11055,0.497,2186.45,4399.29,0.0,0.0,0.7782,1.5658,0.0,1,0.0055274614,0.5424833527,0.5423879817951157
7.29772,5.9904,7.16104,1.02623,1329.56,1295.58,0.0,0.0,0.5566,0.542374,0.0,0,0.0071186932,0.6246116522999999,0.6229028880278744
6.92785,5.95944,6.79754,0.95198,1569.85,1649.04,0.0,0.0,0.5884,0.61808,0.0,1,0.0076889813,0.6693049852,0.6988063514448264
12.70758,7.22422,12.62907,0.840959,1997.99,2375.84,0.0,0.0,0.7324,0.87091,0.0,0,0.0027013783,0.2525455646,0.28300415877576596
5.4044,4.48945,5.38726,1.33709,1164.94,871.248,14.4818,10.8309,0.513,0.383669,0.0,1,0.0063035567,0.557876905,0.5555564271108124
5.64911,4.27538,5.64911,1.35969,1108.37,815.17,0.0,0.0,0.4986,0.366702,0.0,1,0.0079506661,0.6524749111,0.6233166387521715
6.56089,5.15548,6.36711,0.972386,1739.81,1789.21,0.0,0.0,0.6012,0.618273,0.0,1,0.0081528404,0.7309548765999999,0.7402505135438159
6.21978,5.55178,6.21978,0.911359,2530.42,2776.54,0.0,0.0,0.701,0.769181,0.0,0,0.0085483643,0.798211012,0.8122262388168123
7.09855,5.91102,7.08643,1.4765,1374.61,930.993,0.0,0.0,0.5276,0.357332,0.0,1,0.0055366589,0.5155551092,0.45678038425092715
8.00553,6.19741,8.00553,0.932782,1633.12,1750.81,0.0,0.0,0.6212,0.665964,0.0,1,0.0076255999,0.7168922174,0.6691755747160222
11.72847,10.48758,11.72847,1.03086,1570.44,1523.42,0.0,0.0,0.6508,0.631316,0.0,1,0.0029876572,0.2929732557,0.2698102675004054
11.9944,10.81728,11.9944,1.03032,1587.16,1540.45,0.0,0.0,0.6594,0.639995,0.0,1,0.0032366286,0.3246794057,0.30573456737091115
11.99779,10.81941,11.9905,1.02929,1587.08,1541.92,0.0,0.0,0.6598,0.641025,0.0,1,0.0033017124,0.3219179923,0.3191537919265625
11.54428,10.77033,11.54428,1.02257,1607.9,1572.4,0.0,0.0,0.664,0.649342,0.0,1,0.0031615811,0.3074071164999999,0.28958235663885873
11.73822,10.49789,11.73822,1.02922,1570.21,1525.64,0.0,0.0,0.6512,0.632715,0.0,1,0.0029835248,0.2924040306,0.2698102675004054
5.67441,4.44258,5.66536,1.13028,1138.37,1007.16,0.0,0.0,0.5446,0.481828,0.0,1,0.0186356738,1.3150326763,1.288462685578219
9.56221,8.33336,9.07575,0.705297,1946.55,2759.91,0.0,0.0,0.6886,0.976327,0.0,0,0.0052470748,0.5142647881,0.5050779537115558
15.77585,8.21654,15.76128,0.595584,2156.28,3620.44,0.0,0.0,0.7746,1.30057,0.0,1,0.0049141306,0.4726254396,0.47228237605122514
12.56279,7.41464,12.35901,0.699904,2125.04,3036.19,0.0,0.0,0.7334,1.04786,0.0,1,0.0045715243,0.4293641661,0.43886079725632265
12.83222,6.18664,12.83222,0.918215,2210.46,2407.34,0.0,0.0,0.7204,0.784565,0.0,1,0.0088551812,0.7219245883,0.7371069461431814
54.27623,28.17362,54.19829,0.0636525,512.685,8054.44,0.0,0.0,0.9694,15.2296,0.0,0,0.0090687869,0.9190946707,0.701064493134677
33.68342,15.87888,33.68342,0.207465,1336.6,6442.53,0.0,0.0,0.9124,4.39786,0.0,1,0.005301477,0.5144645515999999,0.5139115831774349
6.42415,4.65473,6.4148,0.850252,2400.69,2823.5,0.0,0.0,0.6736,0.792235,0.0,1,0.0060885227,0.6061090604,0.5959036785437364
13.32178,10.04301,13.32178,0.313342,1952.24,6230.37,0.0,0.0,0.8528,2.72162,0.0,1,0.003225679,0.32862333,0.33538193627307256
13.14811,11.57992,13.14609,0.737977,1944.6,2635.04,0.0,0.0,0.7482,1.01385,0.000271011,1,0.0047648124,0.4653283807,0.44255984725961023
15.86893,5.53957,7.79231,0.722489,2062.25,2854.37,0.0,0.0,0.6916,0.957247,0.000276821,0,0.0045071795,0.4172570977,0.4104401320655228
4.53725,3.92462,4.47478,1.06179,1786.16,1682.21,0.0,0.0,0.5552,0.522889,0.0,1,0.0154990691,1.3211813083,1.2175091431098815
4.28617,3.67636,4.28617,1.29935,625.637,481.501,0.0,0.0,0.4628,0.356178,0.0,1,0.002321148,0.220626141,0.22101642779417235
5.83331,5.05627,5.83331,2.03698,286.725,140.76,0.0,0.0,0.351,0.172314,0.0,1,0.0038625365,0.2496746714999999,0.24693655464469766
6.63883,4.78268,6.63883,1.11548,2206.23,1977.84,0.0,0.0,0.6348,0.569083,0.0,1,0.0055907288,0.5482532094,0.5358088422169347
6.71582,4.81933,6.71582,1.09675,2218.01,2022.35,0.0,0.0,0.6388,0.58245,0.0,1,0.0049737322,0.4788341761999999,0.4724486514567402
4.17501,3.53659,4.16494,1.26214,543.593,430.693,0.0,0.0,0.4638,0.367472,0.0,0,0.0043041262,0.4109977801,0.43654724289665897
9.02799,5.29308,7.06322,0.961699,2031.62,2112.53,9.03866,9.39864,0.6624,0.688781,0.0,1,0.007361179,0.6756356726999999,0.6690329442300557
5.87273,4.76439,5.85793,1.68022,875.321,520.957,0.0,0.0,0.4288,0.255205,0.0,0,0.0086927834,0.6692027935,0.6297604128853502
13.93661,8.23046,13.93661,0.705662,2053.08,2909.44,0.0,0.0,0.7554,1.07048,0.0,1,0.0092574898,0.7195292410999999,0.7551631248009132
13.27741,7.61293,13.27741,0.545408,2173.64,3985.35,0.0,0.0,0.787,1.44296,0.0,1,0.0063643683,0.5855548394,0.5944079194534325
6.19996,3.79741,6.11559,1.07892,1261.13,1168.88,0.0,0.0,0.546,0.50606,0.0,1,0.0092108572,0.7854717806999999,0.7583220746833099
6.98874,4.43531,6.97328,0.861557,1846.01,2142.64,0.0,0.0,0.6044,0.70152,0.0,1,0.0097253778,0.8305430631999999,0.8912821699548726
6.93935,4.21694,6.93935,0.944373,1810.25,1916.88,0.0,0.0,0.5966,0.631742,0.0,1,0.0078651822,0.7012594375,0.7216228088474174
6.57321,4.9271,6.57235,0.884567,1797.13,2031.65,0.0,0.0,0.588,0.664732,0.0,1,0.0097077549,0.8864595563,0.8979356852925627
8.93125,8.46949,8.93125,1.07172,1754.82,1637.38,0.0,0.0,0.614,0.572909,0.0,1,0.0046617581,0.431587277,0.4327540092607963
6.59085,5.37966,6.59085,1.11008,2109.4,1900.22,0.0,0.0,0.6376,0.574371,0.0,1,0.0067645756,0.6297139531,0.6423557491067502
6.29148,5.67839,6.29148,1.73371,1423.23,820.916,0.0,0.0,0.5114,0.294974,0.0,0,0.0147180014,1.1606225905,1.1029913089893484
6.08438,5.45003,6.05599,1.74666,1447.28,828.595,0.0,0.0,0.5044,0.288779,0.0,0,0.0158705372,1.2250457788,1.157965764117287
10.28847,9.36955,10.28847,0.959454,1312.84,1368.32,0.0,0.0,0.585,0.609722,0.0,1,0.0054920495,0.4840436283,0.4939088897192675
5.24143,4.75286,5.24143,1.73091,867.69,501.29,0.0,0.0,0.4214,0.243455,0.0,0,0.0081314938,0.602257725,0.603790768354161
20.25907,7.7782,20.25907,0.40269,1930.55,4794.14,0.0,0.0,0.8198,2.03581,0.0,0,0.0040223909,0.3904863975,0.38913223096953764
19.92035,7.75151,19.86628,0.416148,1969.69,4733.15,0.0,0.0,0.8146,1.95748,0.0,0,0.0039191368,0.3853898242,0.3899589948359791
20.42812,7.78019,20.42812,0.407456,1942.56,4767.53,0.0,0.0,0.8202,2.01298,0.0,1,0.0042889359,0.4110018159,0.42019236901792106
8.06449,6.42877,8.06449,0.994088,1841.55,1852.5,0.0,0.0,0.6396,0.643404,0.0,1,0.0108901244,0.8198614653,0.855226065373915
7.18071,5.30054,7.16429,1.02665,1966.55,1915.49,0.0,0.0,0.6398,0.62319,0.0,1,0.0109746867,0.8281524933,0.9222373740254735
6.03054,5.46806,6.0217,1.37834,1107.72,803.663,0.0,0.0,0.5324,0.386261,0.0,0,0.0026288984,0.2455449189999999,0.24168315976004434
8.70352,6.17686,8.67533,1.10684,1589.76,1436.3,0.0,0.0,0.6378,0.576233,0.0,1,0.006401951,0.5931365299,0.5822756761024203
6.97816,4.93144,6.97816,0.905214,1990.01,2198.39,0.0,0.0,0.6108,0.674758,0.0,1,0.0069277177,0.6403550913,0.6495657620115556
5.51448,3.85745,5.50116,1.1172,1375.49,1231.19,0.0,0.0,0.5376,0.481202,0.0,1,0.0089893431,0.7288616333,0.7518737206177604
6.49654,4.73872,6.48371,1.24069,901.093,726.283,0.0,0.0,0.4956,0.399454,0.0,0,0.0077371563,0.643455453,0.613753870356591
10.46003,5.71128,10.46003,0.724219,2006.33,2770.34,0.0,0.0,0.6846,0.945294,0.0,0,0.0031475907,0.3074225052,0.3118574913604155
10.87616,5.2726,10.87615,0.837152,1928.01,2303.05,0.0,0.0,0.6672,0.796988,0.0,0,0.0047509268,0.473672282,0.4452535818721574
11.59355,10.81405,11.59355,1.12398,1567.91,1394.96,0.0,0.0,0.6396,0.569048,0.0,1,0.00386251,0.3976659385,0.37024613191757616
11.60689,10.81841,11.60689,1.12075,1577.05,1407.14,0.0,0.0,0.6396,0.57069,0.0,1,0.0039188307,0.386859631,0.3784812133859335
11.30625,10.52946,11.30625,1.14718,1579.61,1376.96,0.0,0.0,0.6282,0.547605,0.0,1,0.0039751514,0.3912562793999999,0.38106880939580073
11.47981,10.7455,11.47981,1.14506,1582.63,1382.13,0.0,0.0,0.6306,0.550713,0.0,1,0.0039606171,0.3974224878,0.3771662535195786
11.4766,10.80771,11.4766,1.14451,1589.9,1389.16,0.0,0.0,0.6324,0.552552,0.0,1,0.0040641745,0.4015447997,0.3839709816325039
11.51419,10.74209,11.51419,1.143,1585.27,1386.93,0.0,0.0,0.6362,0.556603,0.0,1,0.0040587241,0.4050312328,0.3821498816606883
6.07325,3.85926,6.03932,1.21319,1423.03,1172.97,0.0,0.0,0.5422,0.446922,0.0,0,0.0054528393,0.4841195432,0.48466828623177094
9.21896,5.54947,8.26542,0.933786,1488.97,1594.55,0.0,0.0,0.591,0.632907,0.0,0,0.0078626194,0.7402152170999999,0.7317499975000777
9.32301,5.43687,8.01925,0.950981,1467.16,1542.78,0.0,0.0,0.579,0.608845,0.0,0,0.0083208295,0.7517638586,0.7560151996579613
6.80768,3.74439,6.80768,1.98488,984.427,495.962,6.49147,3.27046,0.4704,0.236991,0.0,1,0.0007166441,0.070507477,0.09670602806603301
5.0519,4.88565,5.0519,1.50882,682.819,452.551,0.0,0.0,0.463,0.306862,0.0,0,0.0021659299,0.2018455016,0.19215258129430324
5.11017,4.94322,5.11017,1.49623,706.715,472.33,0.0,0.0,0.4642,0.310247,0.0,0,0.0022144876,0.1944161703,0.2022640698099577
5.16273,4.98367,5.16273,1.48699,695.762,467.899,0.0,0.0,0.4646,0.312443,0.0,0,0.0020739258,0.1933006206,0.17426740323769585
6.90917,5.51195,6.89676,1.65926,1248.25,752.294,0.0,0.0,0.5378,0.32412,0.0,1,0.0042941434,0.3846119421,0.36478719133907894
5.09274,4.35949,5.06741,1.47774,1017.51,688.557,0.0,0.0,0.4866,0.329286,0.0,0,0.0067231336,0.5757985029,0.5520828238291835
5.97925,4.27197,5.97925,1.3965,1570.86,1124.85,0.0,0.0,0.5832,0.417615,0.0,1,0.0025290733,0.2496982504,0.24039587826005837
7.01369,4.99057,7.01369,1.16777,715.513,612.717,0.0,0.0,0.471,0.403332,0.0,0,0.0014369797,0.1415008751,0.15144937617030962
7.10061,5.08651,7.10061,1.15597,734.4,635.313,0.0,0.0,0.476,0.411777,0.0,0,0.0016750751,0.1555276197,0.16811105010465
7.23384,5.22809,7.23384,1.1195,757.877,676.976,0.0,0.0,0.4822,0.430726,0.0,0,0.00135557,0.1354763505,0.14129603033159988
5.03658,3.98397,5.03257,1.74975,597.309,341.369,0.0,0.0,0.4322,0.247007,0.0,1,0.0056887939,0.4382076622999999,0.4215611331380446
6.26427,5.09264,6.24536,0.832059,2251.27,2705.66,0.0,0.0,0.6506,0.781916,0.0,1,0.0066482542,0.6318363075,0.6458648716058714
9.90063,6.53329,9.65916,0.690807,2263.18,3276.15,0.0,0.0,0.7002,1.0136,0.0,0,0.0059522142,0.5730191163,0.5788978727534752
10.27831,7.67167,10.27831,0.69448,2247.72,3236.55,0.0,0.0,0.6966,1.00305,0.0,0,0.0060125821,0.5930364964,0.5780062015039309
5.66465,5.15984,5.65666,2.39766,855.034,356.611,0.0,0.0,0.4118,0.171751,0.0,1,0.0024579578,0.2269052507,0.17330307515605592
8.49795,6.03194,7.93874,0.769652,2649.07,3441.9,0.0,0.0,0.7384,0.959394,0.0,1,0.003818333,0.3701427329,0.3819597570120176
5.4924,4.94828,5.32905,1.21421,1932.36,1591.46,0.0,0.0,0.6236,0.513586,0.0,1,0.0069662488,0.607949727,0.6290341860168202
4.82541,3.97638,4.82307,1.91831,724.949,377.909,0.0,0.0,0.4724,0.246258,0.0,1,0.0022895283,0.2040390478,0.21773190073699838
4.76954,3.53933,4.76954,1.84478,851.951,461.818,0.0,0.0,0.4894,0.265289,0.0,1,0.0019376465,0.189486027,0.19986990576463504
4.43901,3.87534,4.42525,1.46079,690.461,472.661,0.0,0.0,0.4246,0.290664,0.0,1,0.009315049,0.6790116419,0.6516103218747478
10.21413,5.8901,10.08749,0.853623,2217.93,2598.26,0.0,0.0,0.735,0.861036,0.0,1,0.0050041959,0.4767602906,0.47471168183082435
7.33038,5.85474,7.33038,1.57516,776.239,492.799,0.0,0.0,0.4492,0.285177,0.0,0,0.0016031314,0.1493309774,0.17897647661406324
5.5108,4.81672,5.5108,1.18356,1317.21,1112.92,29.3634,24.8094,0.5646,0.477037,0.0,1,0.0043002655,0.4136063133,0.4140606923131182
7.19009,4.36372,6.93205,1.03983,1483.83,1427.0,0.0,0.0,0.5552,0.533934,0.0,0,0.0087504849,0.7733132514,0.7624862497491228
8.90548,6.79186,8.80947,0.613586,2659.69,4334.67,0.0,0.0,0.7608,1.23992,0.0,1,0.0051445268,0.5011910039999999,0.5185197798166294
5.35179,3.54558,5.35179,1.20403,773.46,642.39,0.0,0.0,0.4936,0.409955,0.0,0,0.0048756334,0.4344365464999999,0.44426247631414933
5.3255,4.52273,5.32364,1.62985,1218.16,747.41,0.0,0.0,0.5184,0.318067,0.0,1,0.0039130219,0.3706723981,0.3589420832178652
6.77494,3.84893,6.77491,1.21968,1760.79,1443.65,0.0,0.0,0.6118,0.501606,0.0,1,0.0116370514,1.0240177631,0.9189692684542758
8.5056,4.03981,8.49212,1.2776,1268.59,992.946,62.8816,49.2184,0.584,0.457106,0.0,1,0.0037128242,0.3352575087,0.36213436639841456
8.21931,4.12189,8.21931,1.27633,1215.32,952.199,71.8847,56.3212,0.5908,0.462888,0.0,1,0.0030996427,0.2977760423,0.2981641152641646
6.19698,4.05893,5.0808,0.999903,1127.63,1127.74,0.0,0.0,0.537,0.537052,0.0,1,0.0208343117,1.4387590174,1.2861290644490422
6.8037,4.57353,6.8037,2.00293,381.306,190.374,0.0,0.0,0.4176,0.208494,0.0,0,0.0005623073,0.0541886655,0.12145224119626963
5.89862,5.05783,5.89274,1.36113,1575.61,1157.57,0.0,0.0,0.5628,0.413479,0.0,1,0.0030606274,0.2879352375,0.28293733690983436
4.78644,4.1075,4.78644,1.42835,1079.17,755.535,0.0,0.0,0.4914,0.344034,0.0,1,0.0064925438,0.5767282117,0.5508087859994438
10.22503,9.4107,10.22503,0.619603,1948.44,3144.66,0.0,0.0,0.6924,1.11749,0.0,1,0.0039611395,0.3744112886999999,0.3882276883722576
9.71439,7.35018,9.71439,1.06464,1786.46,1678.0,0.0,0.0,0.68,0.638714,0.0,1,0.0019793578,0.1914410846,0.20551100308870895
5.90298,3.79569,5.88477,1.04758,1099.93,1049.97,0.0,0.0,0.521,0.497338,0.0,0,0.0044515311,0.3972380682,0.4091492645871771
4.58077,3.60286,4.56313,1.13657,1013.54,891.755,16.0108,14.0869,0.5734,0.504499,0.0,0,0.008590178,0.7390891219,0.7235978364336466
5.56032,3.64308,4.81937,1.07672,1426.07,1324.45,4.06218,3.77273,0.5636,0.523441,0.0,1,0.0063425141,0.5894722513,0.596363871198136
6.20263,3.99405,6.1987,0.988457,1905.85,1928.11,0.0,0.0,0.5896,0.596485,0.0,1,0.0047215127,0.4527655052,0.4764789564221713
5.7859,3.93376,5.7859,1.09699,1522.38,1387.77,0.0,0.0,0.5436,0.495537,0.0,1,0.0053031437,0.4878060572,0.476212334010954
5.34194,3.72114,5.30915,1.18992,1017.05,854.72,0.0,0.0,0.4786,0.40221,0.0,0,0.0067689819,0.5895236984000001,0.6134119805069108
4.98405,3.48688,4.91647,1.80625,1199.75,664.222,0.0,0.0,0.5452,0.30184,0.0,1,0.0035253427,0.3260782621999999,0.32491417464003347
6.23351,5.51273,6.19042,0.921282,2509.58,2724.01,0.0,0.0,0.696,0.755469,0.0,0,0.0091225181,0.8550602325,0.8417054792255574
5.21581,3.97485,5.21581,1.32224,2143.79,1621.34,0.0,0.0,0.6406,0.484482,0.0,0,0.0120885653,1.1050135498,1.0466696922964447
4.26728,3.40774,4.26728,1.22723,425.532,346.741,0.0,0.0,0.4466,0.363908,0.0,0,0.0023336302,0.2180914286,0.28187972173009834
6.49481,4.26763,6.39496,1.12226,1820.26,1621.96,0.0,0.0,0.6138,0.546932,0.0,0,0.0077936438,0.693990364,0.7264266697775378
13.79617,7.99146,13.47475,0.563648,2128.96,3777.11,0.0,0.0,0.7834,1.38987,0.0,1,0.0075242158,0.6451649965999999,0.6528280793398988
4.69664,4.11195,4.68637,1.09749,1702.36,1551.13,0.0,0.0,0.5844,0.532487,0.0,0,0.0120581435,1.0513699444,1.0122127073193923
12.65792,7.41339,12.43712,0.667569,2346.54,3515.05,0.0,0.0,0.7554,1.13157,0.0,1,0.0058958083,0.558304767,0.5618719171142028
5.76822,4.62513,5.72988,1.11065,1442.06,1298.4,0.0,0.0,0.5672,0.510693,0.0,1,0.0054979129,0.5090376998,0.46963588140715806
8.26997,6.53639,8.26997,0.770939,2356.88,3057.16,0.0,0.0,0.7266,0.942487,0.0,1,0.0063570415,0.6206675200999999,0.6283203897701595
8.20931,6.61957,8.1877,0.786825,2323.24,2952.68,0.0,0.0,0.7066,0.898039,0.0,1,0.0059284984,0.5841437681,0.5812559528153585
6.04182,4.78062,6.04182,1.0885,1374.83,1263.05,0.0,0.0,0.5536,0.508589,0.0,1,0.0073828143,0.6554618554,0.637358098850912
4.83661,3.74279,4.83563,1.15821,667.849,576.623,201.392,173.883,0.5058,0.436709,0.0,0,0.0147282236,0.9462576403,0.984198336518725
7.03754,5.53828,7.03754,0.930114,2289.08,2461.07,0.0,0.0,0.6592,0.70873,0.0,1,0.0050085891,0.5005531507,0.4814981395498351
5.58191,4.61814,5.576,1.28231,662.205,516.417,0.0,0.0,0.4432,0.345627,0.0,0,0.0026722609,0.2379310764999999,0.24970369320259683
11.24994,9.49767,11.24883,0.554498,2069.35,3731.94,0.0,0.0,0.7928,1.42976,0.0,0,0.0039615596,0.4120585082,0.3869230109825757
10.40468,5.07098,10.12255,0.834367,2007.02,2405.44,0.0,0.0,0.668,0.800607,0.0,1,0.0074374343,0.6522890461,0.6700368407149035
4.62764,3.59212,4.62764,1.09202,987.897,904.65,4.23835,3.8812,0.4894,0.44816,0.0,1,0.0142673377,1.1678682238,1.166358038688836
7.16379,4.82619,7.11311,0.994067,1469.53,1478.3,195.255,196.42,0.5926,0.596137,0.0,1,0.0093686425,0.798833742,0.7257009311012564
17.06774,7.18297,17.06774,0.779609,1749.67,2244.29,0.0,0.0,0.6902,0.885316,0.0,0,0.0054115483,0.5134751462,0.5086236881445778
6.32079,5.69332,6.32079,1.49326,566.795,379.568,60.4946,40.5117,0.4478,0.29988,0.0,1,0.0027474293,0.2372776975,0.2807963548000416
6.41301,4.86183,6.41301,1.15346,875.131,758.698,0.0,0.0,0.4984,0.43209,0.0,0,0.0131233499,0.9163962486,0.9432429524410343
6.1572,4.57393,6.1572,1.23684,1051.25,849.954,0.0,0.0,0.5146,0.416062,0.0,0,0.0024633428,0.2415783393,0.24680687898850678
9.02632,7.52711,9.02632,0.738263,2435.69,3299.23,0.0,0.0,0.7636,1.03432,0.0,0,0.0019594875,0.1983157212,0.22343445921701505
10.58889,8.21137,10.57587,0.621509,2301.94,3703.79,0.0,0.0,0.8104,1.30392,0.0,1,0.0018573541,0.1869904939999999,0.20176118309320512
15.26084,10.84338,15.26084,0.834696,1931.13,2313.57,0.0,0.0,0.7224,0.865465,0.0,1,0.0055694507,0.5286874521,0.4987574459000209
11.07723,9.2554,11.07723,0.942046,1274.04,1352.42,0.0,0.0,0.6274,0.665997,0.0,1,0.003625746,0.3655149615999999,0.35026788324381025
5.86482,4.33377,5.84465,0.919505,1402.89,1525.7,0.0,0.0,0.564,0.613373,0.0,1,0.0123363231,1.0464448909,0.9384121093099733
16.94263,7.25585,10.11151,0.592421,2320.63,3917.2,0.0,0.0,0.7834,1.32237,0.0,1,0.0044908221,0.4613847009,0.44240202087308456
4.97956,4.41476,4.97764,1.61977,1113.96,687.724,0.0,0.0,0.4738,0.29251,0.0,1,0.0034969364,0.3130044747,0.3452160235425275
5.1054,4.19275,5.1054,1.86722,389.052,208.359,0.0,0.0,0.4158,0.222684,0.0,0,0.001773049,0.1585842023,0.16175285785810212
9.17673,8.30352,9.17673,1.04661,1668.34,1594.05,0.0,0.0,0.6532,0.624113,0.0,1,0.0056502552,0.5040641221,0.501072181777047
5.56405,4.03207,5.56103,0.979977,1797.6,1834.33,0.0,0.0,0.591,0.603075,0.0,1,0.0068366102,0.6612072158,0.6371340750541186
6.0819,4.13005,6.0819,0.982136,1846.77,1880.36,0.0,0.0,0.6008,0.611728,0.0,1,0.0068383306,0.6502968528999999,0.6317441371101343
5.80851,5.16856,5.80851,1.17303,1403.54,1196.51,0.0,0.0,0.544,0.463755,0.0,1,0.0093478849,0.8150582140000001,0.7453927790615685
9.37773,7.98095,9.37773,0.746179,1903.8,2551.39,0.0,0.0,0.6868,0.920422,0.0,1,0.0058960489,0.5439165905,0.547427298920566
10.24439,9.01949,10.24042,0.733938,2150.52,2930.12,0.0,0.0,0.6824,0.929779,0.0,1,0.0066533445,0.6257463909000001,0.61371900931235
8.24371,5.76486,8.24371,0.761139,2746.38,3608.25,0.0,0.0,0.7488,0.983788,0.0,1,0.0030085074,0.2985531816,0.31057363267960425
7.90061,6.44934,7.90061,1.08801,1993.5,1832.24,0.0,0.0,0.6246,0.574075,0.0,1,0.0048778262,0.4757847429,0.46233230868416764
5.04549,3.73361,5.01118,1.73625,237.061,136.536,547.429,315.294,0.5092,0.293276,0.0,1,0.0063018047,0.5730023114,0.5421196109590434
5.08065,3.70225,5.00391,1.56415,1026.35,656.171,0.0,0.0,0.547,0.349712,0.0,1,0.0072912721,0.6276317973,0.6163254690665922
28.48677,11.8329,28.48274,0.684425,1325.74,1937.02,47.85,69.9127,0.7628,1.11451,0.0,1,0.0187031357,0.765995808,1.0118208716390533
5.72943,4.43683,5.71847,1.42641,2600.15,1822.87,0.0,0.0,0.6914,0.484714,0.0,1,0.0026887092,0.2680231014,0.21995911396844298
5.67314,4.40026,5.67231,1.44318,2399.39,1662.57,0.0,0.0,0.687,0.476032,0.0,1,0.0026496007,0.2550684117,0.22519761811735473
7.40007,4.39946,7.37157,1.11198,992.78,892.807,0.0,0.0,0.4902,0.440837,0.0,0,0.0016135311,0.1582888727,0.1660304411839557
8.4931,5.75863,8.48244,1.05628,1293.17,1224.27,0.0,0.0,0.5428,0.513878,0.0,0,0.0048552682,0.4011792790999999,0.4258308378072331
4.79005,3.99723,4.76699,1.72886,1140.31,659.571,0.0,0.0,0.5,0.289207,0.0,1,0.0079858602,0.6355786435,0.6572940486339168
15.60203,7.15132,15.60203,0.583758,2414.48,4136.1,0.0,0.0,0.7788,1.33412,0.0,1,0.0064674374,0.6356392104999999,0.6028001673709987
5.76312,4.73452,5.67518,0.963118,2174.12,2257.37,0.0,0.0,0.655,0.680083,0.0,1,0.0058024132,0.5619175245,0.52877591991904
8.40281,5.25443,8.32688,0.998279,1037.93,1039.71,82.5858,82.7282,0.5322,0.533117,0.0,1,0.0095689172,0.705416652,0.6980074776043367
6.91567,6.30981,6.88477,1.43035,1426.63,997.402,0.0,0.0,0.5266,0.368162,0.0,0,0.0043442641,0.4113569267,0.37790360252175803
5.3881,4.01709,5.3881,1.06088,1244.8,1173.37,0.0,0.0,0.5492,0.517684,0.0,1,0.0062941442,0.5823372614,0.5435160687917887
8.13471,7.32788,8.13207,1.23149,2046.97,1662.19,0.793114,0.644029,0.6562,0.532851,0.0,0,0.0039031793,0.3608633738,0.37574007637899703
8.18288,7.41537,8.15939,1.23146,2070.3,1681.17,0.299565,0.243259,0.6662,0.540982,0.0,0,0.0040355016,0.3770580457999999,0.37242715397959375
8.21788,7.67164,8.21788,1.21042,2075.04,1714.31,0.0,0.0,0.6722,0.555343,0.0,0,0.004013777,0.3732885053999999,0.37515377069898354
8.32352,7.79985,8.25756,1.23467,2023.32,1638.75,0.0,0.0,0.6682,0.541198,0.0,0,0.0038024563,0.3535454886999999,0.3525792255404474
8.30771,7.62763,8.30771,1.22175,2054.23,1681.39,0.0,0.0,0.6672,0.546104,0.0,0,0.0036918586,0.3536389701,0.3538254689071141
7.106,4.57125,7.10384,1.41213,1333.92,944.617,0.0,0.0,0.5334,0.377728,0.0,1,0.0051157363,0.48515321,0.4397079987294807
6.72158,5.37996,6.72158,1.16391,939.134,806.877,0.0,0.0,0.5184,0.445394,0.0,0,0.0028561033,0.2555018214,0.28873371036596035
6.79559,5.48299,6.79559,1.25271,971.679,775.661,0.13923,0.111143,0.5152,0.411268,0.0,0,0.0024425172,0.2281723208,0.24674329628464792
8.16009,7.52386,8.14429,1.22695,2058.62,1677.84,0.0,0.0,0.6684,0.544765,0.0,0,0.0039650614,0.366235265,0.3685381928502229
8.41278,7.79803,8.41278,1.20596,2061.81,1709.68,0.0,0.0,0.6754,0.560051,0.0,0,0.0037767818,0.3565849521,0.35408164541366477
4.43409,3.66305,4.43409,1.41147,330.488,234.144,0.0,0.0,0.4122,0.292036,0.0,1,0.001713208,0.1576669161,0.18046286670155087
6.80411,4.91458,6.62402,0.777083,2425.06,3120.72,0.0,0.0,0.6814,0.876869,0.0,1,0.0087947379,0.8494192599,0.8189947296501253
10.90949,3.96313,10.90949,0.997777,2106.31,2111.0,0.0,0.0,0.6492,0.650646,0.0,1,0.0145184763,1.0005392883,1.0390517016773622
6.03686,5.8505,6.03686,1.12119,1527.32,1362.24,0.0,0.0,0.5816,0.518737,0.0,0,0.0072823133,0.6543816548,0.683518371638523
4.47913,3.53194,4.47073,1.51151,750.121,496.273,0.0,0.0,0.4498,0.297584,0.0,1,0.0174546767,1.1470075224,1.2192114648888301
7.25727,6.70407,7.25727,1.2275,1056.33,860.551,0.0,0.0,0.4792,0.390387,0.0,1,0.0064524748,0.5706170485000001,0.5457760884698878
11.62501,8.78986,11.62501,0.556141,2268.15,4078.37,0.0,0.0,0.7584,1.36368,0.0,1,0.0054829017,0.5336107836999999,0.531302874526616
11.94079,10.66908,11.94079,0.51806,2178.92,4205.92,0.0,0.0,0.7776,1.50099,0.0,1,0.00497881,0.5020643531,0.47942120538819843
6.28804,4.63482,6.27649,0.925761,2471.95,2670.19,0.0,0.0,0.6686,0.722217,0.0,1,0.0096519915,0.8889277056,0.915846373134914
7.09965,5.06719,7.09965,1.05656,1959.47,1854.58,0.0,0.0,0.6212,0.587946,0.0,0,0.0069591215,0.6358543621,0.6276605759547371
13.2781,6.68961,13.2781,0.886331,2090.67,2358.79,0.0,0.0,0.7192,0.811435,0.0,1,0.0072716847,0.6250781478,0.6530742656760494
13.193,6.5701,13.193,0.888496,2142.98,2411.92,0.0,0.0,0.7196,0.809908,0.0,1,0.0076720794,0.6407632879,0.6766900283857924
13.20287,6.64275,13.20287,0.881027,2105.19,2389.47,0.0,0.0,0.7198,0.817001,0.0,1,0.0073801787,0.6268011365999999,0.6575032615324261
13.18132,6.60546,13.18132,0.885001,2136.53,2414.16,0.0,0.0,0.72,0.813558,0.0,1,0.0078839011,0.6265350679,0.6960066420891733
13.19195,6.68183,13.19195,0.878773,2116.69,2408.69,0.0,0.0,0.7208,0.820234,0.0,1,0.00723552,0.6203276582,0.6387818440880337
13.19966,6.69993,13.19966,0.880672,2105.24,2390.49,0.0,0.0,0.7198,0.81733,0.0,1,0.0074060106,0.6162617144,0.6575032615324261
13.25601,6.66924,13.25601,0.875822,2120.67,2421.34,0.0,0.0,0.7216,0.823911,0.0,1,0.0074163434,0.6205756446,0.6593771220982342
13.22876,6.69209,13.22876,0.883303,2102.85,2380.67,0.0,0.0,0.72,0.815122,0.0,1,0.0074499249,0.6096849083,0.6565883679148823
7.0434,6.64625,7.0434,0.965639,1593.91,1650.63,0.0,0.0,0.608,0.629635,0.0,0,0.00758666,0.7227163167,0.701381558239809
7.06313,6.65574,7.06313,0.967105,1569.67,1623.06,0.0,0.0,0.6028,0.623304,0.0,0,0.0076614752,0.7111159252,0.7139827996760275
7.14687,6.82418,7.14687,0.9646,1570.17,1627.8,0.0,0.0,0.6102,0.632594,0.0,0,0.0077261802,0.7122988133,0.7165904059887529
7.24848,7.00179,7.24848,0.962828,1577.69,1638.6,0.0,0.0,0.6114,0.635005,0.0,0,0.0072873995,0.7197601074,0.695546827227139
7.34601,7.12573,7.34601,0.962415,1571.81,1633.19,0.0,0.0,0.6104,0.634238,0.0,0,0.0075361093,0.7357402179000001,0.6920401143306114
7.35028,7.12879,7.35028,0.963076,1569.66,1629.84,0.0,0.0,0.6114,0.634841,0.0,0,0.0075401533,0.7143794831,0.6919013808284807
7.37407,7.1534,7.3737,0.963767,1557.96,1616.53,0.0,0.0,0.6114,0.634385,0.0,0,0.0075765499,0.7265096467000001,0.6889115990098389
7.38381,7.16186,7.38381,0.96386,1556.21,1614.56,0.0,0.0,0.6126,0.635569,0.0,0,0.0075583516,0.7299187908,0.6868945269776202
7.36182,7.1382,7.36181,0.964358,1561.39,1619.1,0.0,0.0,0.612,0.634619,0.0,0,0.0076028363,0.7284669726,0.6932667528765806
7.33152,7.10769,7.33152,0.964679,1559.29,1616.38,0.0,0.0,0.6126,0.63503,0.0,0,0.0075927261,0.7319185793999999,0.692809298401509
7.31824,7.09159,7.31824,0.964626,1573.17,1630.86,0.0,0.0,0.6112,0.633614,0.0,0,0.0077504446,0.7361891087000001,0.7258738940916621
7.35887,7.1334,7.35887,0.964937,1562.46,1619.23,0.0,0.0,0.6116,0.633824,0.0,0,0.007647321,0.7305375323000001,0.6932667528765806
7.39937,7.12527,7.39534,0.965163,1550.6,1606.57,0.0,0.0,0.6104,0.632432,0.0,0,0.0074896026,0.7166077612,0.6886610785651733
7.39622,7.0927,7.39622,0.96527,1537.67,1593.0,0.0,0.0,0.6086,0.630497,0.0,0,0.0074976907,0.6993841018000001,0.6923749414091124
7.38658,7.1188,7.38658,0.965403,1554.96,1610.69,0.0,0.0,0.6116,0.633518,0.0,0,0.0074289416,0.7064470558,0.6881265489187105
7.05984,6.6215,7.05984,0.967154,1574.94,1628.43,0.0,0.0,0.6042,0.62472,0.0,0,0.0076372108,0.7062468747,0.6965989967537326
7.36621,7.1125,7.36621,0.965299,1563.1,1619.29,0.0,0.0,0.6096,0.631514,0.0,0,0.0077929072,0.7182476283,0.7234524373829857
7.39406,7.16617,7.39402,0.965634,1544.09,1599.05,0.0,0.0,0.61,0.63171,0.0,0,0.0075543076,0.7247282373999999,0.6894214569726751
7.43156,7.13669,7.43156,0.965551,1537.41,1592.26,0.0,0.0,0.6112,0.633006,0.0,0,0.0073682807,0.7019096184,0.6889616130011404
7.062,6.64337,7.062,0.967007,1580.84,1634.77,0.0,0.0,0.6034,0.623987,0.0,0,0.0076432769,0.7119085612999999,0.698199343949434
7.13232,6.79915,7.13232,0.950095,1594.31,1678.06,0.0,0.0,0.6096,0.64162,0.0,0,0.0081870559,0.7445747709,0.7656121647126458
7.12797,6.78403,7.12797,0.949982,1591.61,1675.41,0.0,0.0,0.6094,0.641486,0.0,0,0.0079387767,0.7433887764,0.742107309788073
7.15467,6.82431,7.15467,0.949754,1589.94,1674.05,0.0,0.0,0.609,0.641219,0.0,0,0.0077848847,0.7422150931999999,0.7372978720361052
7.13993,6.81973,7.13993,0.949535,1597.17,1682.06,0.0,0.0,0.609,0.641367,0.0,0,0.0078874794,0.7593504575,0.7384429312249602
7.13817,6.81007,7.13817,0.949354,1600.74,1686.14,0.0,0.0,0.6102,0.642753,0.0,0,0.0079839184,0.7446034974,0.7457405472279452
7.13108,6.79826,7.13108,0.949161,1601.41,1687.19,0.0,0.0,0.6114,0.644148,0.0,0,0.0078997907,0.750094365,0.7433833078073674
7.16075,6.82592,7.16075,0.948967,1591.48,1677.07,0.0,0.0,0.6092,0.641961,0.0,0,0.007817715,0.7320192334000001,0.7384429312249602
7.17072,6.86808,7.17072,0.948742,1590.12,1676.03,0.0,0.0,0.6094,0.642324,0.0,0,0.0079203097,0.7450610697,0.7398448183137062
7.17066,6.85243,7.17066,0.948507,1596.68,1683.36,0.0,0.0,0.6094,0.642483,0.0,0,0.0079736589,0.7479090982,0.7423616387141125
7.15773,6.843,7.15773,0.948289,1598.4,1685.56,0.0,0.0,0.6106,0.643896,0.0,0,0.0077048608,0.7458428412,0.7164433458399552
7.13585,6.82109,7.13585,0.948063,1604.12,1692.0,0.0,0.0,0.6108,0.644261,0.0,0,0.0081049801,0.7600993987000001,0.753144924671318
7.16028,6.84144,7.16028,0.947823,1600.53,1688.64,0.0,0.0,0.611,0.644635,0.0,0,0.0079633995,0.7474535778,0.7423616387141125
7.14422,6.83019,7.14422,0.947615,1603.14,1691.76,0.0,0.0,0.6106,0.644355,0.0,0,0.0077007571,0.7513439681999999,0.7133837102714994
7.15171,6.83611,7.15171,0.947452,1603.8,1692.75,0.0,0.0,0.6108,0.644676,0.0,0,0.0079244135,0.7578874572,0.7367994083045784
7.13372,6.81979,7.13372,0.947313,1605.9,1695.22,0.0,0.0,0.6114,0.645405,0.0,0,0.0079654513,0.756192593,0.7393020031456569
7.00775,6.5216,7.00775,0.971998,1645.39,1692.79,0.0,0.0,0.6046,0.622018,0.0,0,0.0097806185,0.9167338336,0.9353512961480681
7.02034,6.52714,7.01966,0.96948,1649.91,1701.85,0.0,0.0,0.609,0.628172,0.0,0,0.009980594,0.908962886,0.9301266156355431
7.10725,6.52666,7.10725,0.948868,1614.15,1701.13,0.0,0.0,0.6014,0.633808,0.0,0,0.0091100216,0.8641122418000001,0.7960567788437622
5.76264,4.30885,5.7542,1.44577,991.836,686.024,142.148,98.3197,0.5294,0.366171,0.0,1,0.0065203313,0.4896255657,0.5301131197006999
27.79726,11.16103,27.79599,0.630774,1349.52,2139.47,28.0221,44.4249,0.749,1.18743,0.0,1,0.0401497243,1.1449081267,1.3662588587191955
5.55668,4.21092,5.49797,1.63609,377.557,230.768,91.8579,56.1447,0.4574,0.279569,0.0,1,0.0011482797,0.1154701883,0.16114340420549123
8.89284,8.27815,8.8249,0.8398,2517.0,2997.14,0.0,0.0,0.7562,0.900452,0.0,1,0.0034747812,0.3285717098,0.34240275973627693
15.71318,6.14739,15.71318,0.538882,2078.74,3857.5,0.0,0.0,0.7762,1.44039,0.0,1,0.0041696657,0.4192413229,0.40952503104142357
10.55498,6.2941,10.55218,0.575823,2408.0,4181.84,0.0,0.0,0.7504,1.30318,0.0,1,0.0046244687,0.4495590034,0.4679168523940204
10.84171,6.54754,10.84171,0.653951,2390.98,3656.2,0.0,0.0,0.7696,1.17685,0.0,1,0.0041769973,0.4008988099,0.40852387194477857
10.13832,6.56369,10.13026,0.615207,2370.03,3852.42,0.0,0.0,0.7534,1.22463,0.0,1,0.0046466338,0.4643359554999999,0.4693119559192548
3.78989,3.49285,3.78989,1.48867,302.667,203.313,0.0,0.0,0.4624,0.310612,0.0,1,0.0022586832,0.2075955418,0.18704092335951328
4.26772,3.45383,4.24866,1.74897,903.437,516.555,0.0,0.0,0.5768,0.329795,0.0,1,0.008917255,0.717978782,0.7038920571726142
4.57469,3.97634,4.52445,1.63521,1494.85,914.162,0.0,0.0,0.5962,0.364602,0.0,0,0.0127114021,1.0615549547,0.9372013249984028
4.34102,3.83565,4.34102,1.88869,770.385,407.893,0.0,0.0,0.4956,0.262404,0.0,1,0.0049500949,0.4428109468,0.4148140797799573
4.3292,3.79384,4.32865,1.92319,755.058,392.607,0.0,0.0,0.4878,0.253641,0.0,1,0.0051187065,0.4508010864,0.4363735348606573
6.55692,3.55923,6.55642,1.27214,782.617,615.2,0.966661,0.759873,0.4932,0.387695,0.0,1,0.0033853722,0.311175155,0.3199323007302665
5.98836,4.70156,5.95362,1.13574,1753.04,1543.53,0.0,0.0,0.578,0.508922,0.0,1,0.0083171038,0.7417257361,0.735564523452659
6.41217,5.04769,5.92617,0.978354,2161.34,2209.16,0.0,0.0,0.6438,0.658044,0.0,1,0.0096558771,0.828066121,0.928627156592996
10.09171,9.35609,10.09171,0.716453,1773.43,2475.29,0.0,0.0,0.707,0.986805,0.0,0,0.004487556,0.4271978696,0.40854283395646074
5.25617,3.49649,5.25539,1.05876,800.714,756.272,0.071455,0.0674891,0.4738,0.447503,0.0,1,0.0078338196,0.6303487783,0.712986917551721
11.49614,10.90273,11.4945,1.13639,1559.35,1372.2,0.0,0.0,0.646,0.568466,0.0,1,0.0044039155,0.410864059,0.4129860102733603
11.457,10.75448,11.457,1.17248,1560.69,1331.1,0.0,0.0,0.6422,0.547727,0.0,1,0.0033791228,0.3301060209,0.33991541934300146
11.40307,10.64671,11.37943,1.32388,1550.85,1171.45,0.0,0.0,0.6382,0.482069,0.0,1,0.0031134193,0.3098128921999999,0.29406036545093533
11.78987,10.95857,11.78969,1.07449,1572.51,1463.5,0.0,0.0,0.6544,0.609034,0.0,1,0.0030270287,0.3156357052,0.2840205530796921
11.6018,10.75702,11.60156,1.22798,1610.43,1311.45,0.0,0.0,0.6686,0.544469,0.0,1,0.0042344323,0.4112922106,0.3920612705638726
11.53314,10.69952,11.53296,0.910755,1588.72,1744.4,0.0,0.0,0.66,0.724674,0.0,1,0.0053768247,0.5232916281000001,0.5003322341033517
11.40668,10.82581,11.40502,1.13771,1560.01,1371.18,0.0,0.0,0.6426,0.564817,0.0,1,0.0042494878,0.4150626765,0.40433107901983195
11.55541,10.79186,11.54889,1.17423,1558.36,1327.14,0.0,0.0,0.6464,0.550488,0.0,1,0.0035180275,0.3446358039,0.35558649404104786
11.57951,10.81874,11.57907,1.23248,1594.31,1293.59,0.0,0.0,0.671,0.544433,0.0,1,0.0044054168,0.4164585086999999,0.40269967715188887
11.31709,10.61593,11.31663,1.308,1523.61,1164.84,0.0,0.0,0.6476,0.495108,0.0,1,0.0028336999,0.2689160288,0.2776916011887594
11.52097,11.05538,11.51936,1.12778,1536.06,1362.02,0.0,0.0,0.646,0.572806,0.0,1,0.0042322282,0.410667845,0.40101738719775704
11.69077,10.88298,11.69034,1.22651,1596.45,1301.62,0.0,0.0,0.6696,0.545941,0.0,1,0.0044225153,0.4078750845,0.41388261197278664
8.84098,5.5446,8.84098,0.885689,1897.06,2141.9,0.0,0.0,0.6258,0.706568,0.0,1,0.0102346062,0.847935581,0.8427010944451843
6.1206,5.53928,6.10847,1.22694,1491.89,1215.95,0.0,0.0,0.5716,0.465876,0.0,0,0.0123930776,1.0013892424,0.9788025803130475
7.65838,4.8543,7.65838,0.97068,1543.72,1590.34,0.0,0.0,0.5742,0.591544,0.0,1,0.0099334908,0.7878939739,0.8476837522477607
8.23055,5.78857,8.23055,1.332,1912.43,1435.75,0.0,0.0,0.608,0.456455,0.0,0,0.0213166394,1.8169607594,1.5769542938227494
7.76168,6.6264,7.46116,0.69781,2656.93,3807.52,0.0,0.0,0.7034,1.00801,0.0,1,0.0080885847,0.7700586884999999,0.7644641908223869
12.15536,11.69752,12.13047,0.719622,2150.19,2987.95,0.0,0.0,0.7504,1.04277,0.0,1,0.0063228469,0.5843833613,0.5606548597470579
8.75515,7.45633,8.75515,0.883978,2550.25,2884.97,0.0,0.0,0.6928,0.78373,0.0,1,0.0098737951,0.9059965586,0.8757825420860634
5.88006,4.17812,5.70456,1.30534,1614.08,1236.52,0.0,0.0,0.5814,0.445402,0.0,1,0.0069537201,0.6024336060000001,0.6027498590744691
5.96406,4.24876,5.86955,1.32545,1637.27,1235.25,0.0,0.0,0.5874,0.443169,0.0,1,0.0061781428,0.5707690236999999,0.5364222335811387
5.14726,4.24065,5.13338,1.08125,1135.23,1049.92,0.0,0.0,0.5266,0.487029,0.0,0,0.0113799425,0.9215881808,0.937593021538495
5.20924,4.31105,5.19843,1.08343,1119.32,1033.13,0.0,0.0,0.5218,0.481618,0.0,0,0.0114481591,0.9452698655,0.9535309271956187
5.06649,4.15335,5.05658,1.08454,1114.76,1027.86,0.0,0.0,0.52,0.479465,0.0,0,0.011386939,0.9508811252,0.9581123466594561
9.63817,7.84231,9.63817,0.968257,1898.84,1961.09,0.0,0.0,0.697,0.71985,0.0,1,0.003233646,0.3153934166,0.3278768803249331
5.03463,4.22302,4.98223,1.34292,669.782,498.75,0.0,0.0,0.3872,0.288327,0.0,1,0.0080148983,0.66503467,0.6026142610324399
5.58641,4.95411,5.5297,1.71799,525.99,306.165,0.0,0.0,0.4268,0.24843,0.0,1,0.0023120951,0.1974777126,0.17925843341878878
6.73617,5.57745,6.73408,1.22293,2145.79,1754.63,0.0,0.0,0.651,0.532328,0.0,1,0.0031037637,0.3031410281,0.30890203378352366
6.75649,5.53249,6.75411,1.20645,2145.39,1778.27,0.0,0.0,0.6618,0.548553,0.0,1,0.0031223789,0.3034941115,0.30694626521208584
6.74228,5.52931,6.73491,1.23822,2114.95,1708.06,0.0,0.0,0.6464,0.522042,0.0,1,0.0031774802,0.3067278616,0.3172495264608881
6.72492,5.5633,6.71793,1.24692,2127.23,1705.98,0.0,0.0,0.644,0.516471,0.0,1,0.0030831859,0.3021248366,0.29302543750165244
6.71015,5.5309,6.7037,1.25989,2128.6,1689.51,0.0,0.0,0.6534,0.518616,0.0,1,0.0029787967,0.3020252682,0.27920363418647637
8.70899,8.38156,8.70899,0.6876,2308.5,3357.33,0.0,0.0,0.7964,1.15823,0.0,0,0.0018737383,0.183814546,0.21884707874742948
8.57279,8.24745,8.57279,0.705939,2310.51,3272.96,0.0,0.0,0.7916,1.12134,0.0,0,0.0018883835,0.182964286,0.21642072503367926
8.79766,8.47314,8.79766,0.659131,2297.83,3486.15,0.0,0.0,0.8002,1.21402,0.0,0,0.0023411662,0.2309146696,0.2601491702648922
5.00194,3.89763,4.98595,1.444,837.163,579.754,22.0465,15.2677,0.5136,0.355679,0.0,1,0.0012569356,0.1257086565,0.14673552957514147
6.30223,4.25857,6.12676,1.16488,1753.9,1505.65,0.0,0.0,0.5836,0.500994,0.0,1,0.0045598046,0.4317229046,0.4034182977984234
9.57313,6.95581,9.57313,0.931123,1860.71,1998.35,0.0,0.0,0.6788,0.729012,0.0,1,0.0028005081,0.2773745467,0.2952281179496274
10.13386,5.37207,10.11324,0.637133,2279.97,3578.48,0.0,0.0,0.7374,1.15737,0.0,1,0.0050283253,0.4829357409,0.5001684029597699
7.59167,4.35736,7.59084,1.4363,1409.0,980.994,0.0,0.0,0.55,0.382928,0.0,1,0.003049385,0.2898330388,0.25072360421132284
4.87533,4.08652,4.52426,1.3221,1032.16,780.696,0.0,0.0,0.5142,0.388926,0.0,0,0.006039207,0.5266896438,0.543792766010261
5.5757,4.21323,5.5757,0.840322,1200.85,1429.04,0.0,0.0,0.5078,0.604292,0.0,1,0.0042577992,0.3804727893,0.42839241817557266
4.38086,4.0721,4.38086,1.35437,330.655,244.139,49.7338,36.721,0.4262,0.314685,0.0,0,0.0099028939,0.6964408698000001,0.6652447803928815
6.88574,5.43307,6.8031,0.934938,2543.4,2720.39,0.0,0.0,0.6874,0.735236,0.0,0,0.0094031564,0.8864934886,0.8576975373870713
6.84864,5.58095,6.83586,0.914088,2542.3,2781.24,0.0,0.0,0.6982,0.763822,0.0,0,0.0088969419,0.8205186417,0.8325310744543519
6.24407,5.54414,6.24407,0.899727,2546.22,2829.99,0.0,0.0,0.6998,0.777791,0.0,0,0.0073708261,0.7013685595,0.723854543571169
7.21934,5.21879,7.21721,0.929294,2597.37,2794.99,0.0,0.0,0.6854,0.737549,0.0,1,0.005569353,0.5433927322,0.5296729312660742
4.05624,3.53975,4.04542,2.04456,175.907,86.0365,0.0,0.0,0.427,0.208847,0.0,1,0.0002810519,0.02684157,0.08567357898389327
4.02229,3.4972,4.01473,2.06043,171.814,83.3874,0.0,0.0,0.4234,0.205491,0.0,1,0.0002455384,0.0259870767,0.07933769397573276
6.46234,4.56978,6.46234,1.32198,676.004,511.358,0.0,0.0,0.4376,0.331019,0.0,0,0.0025532355,0.2341446362,0.1990288577102043
8.60996,4.08035,8.60996,0.892149,1793.87,2010.73,0.236744,0.265364,0.6424,0.720059,0.0,1,0.0096222666,0.8464805907999999,0.7973808222358465
4.81001,4.60953,4.81001,2.60117,548.977,211.05,0.0,0.0,0.4254,0.163542,0.0,1,0.0003631746,0.0350355339,0.06904320042613799
4.5789,3.79593,4.57845,1.66764,167.634,100.522,0.0,0.0,0.381,0.228466,0.0,1,0.0011569103,0.0988479115,0.09034562911082356
4.25316,3.64523,4.25225,1.37123,1248.02,910.151,0.0,0.0,0.5164,0.376597,0.0,1,0.007865937,0.6927788506999999,0.7015317689682813
4.70734,4.27142,4.70734,1.65503,1163.02,702.72,14.5035,8.7633,0.5338,0.322532,0.0,1,0.0041111558,0.4006866378,0.35692759886040687
4.71812,4.30637,4.71207,1.61022,1190.26,739.19,16.3088,10.1283,0.5368,0.33337,0.0,1,0.0043741238,0.402586657,0.3832681842484194
4.71891,4.29348,4.71891,1.65805,1181.97,712.869,13.2923,8.01679,0.5418,0.326769,0.0,1,0.004263197,0.3931227872,0.3868630927501527
4.8322,4.10064,4.8322,1.27011,1172.94,923.5,0.0,0.0,0.5356,0.421697,0.0,1,0.0064479544,0.5728150278,0.5912240725543547
5.19472,4.72553,5.19472,1.64523,654.329,397.714,0.0,0.0,0.462,0.280812,0.0,0,0.0009105061,0.0851369861999999,0.1308277666184734
5.05781,4.25829,5.05781,2.01174,699.865,347.89,0.0,0.0,0.3956,0.196645,0.0,0,0.0068165668,0.476541834,0.5233596091647343
5.65665,4.97039,5.61572,1.60054,1129.91,705.955,0.0,0.0,0.5292,0.330638,0.0,0,0.0023666404,0.2284388684,0.2214715303748202
6.0834,3.52201,5.92291,1.54452,1012.49,655.538,0.0,0.0,0.489,0.316603,0.0,1,0.0023288099,0.2136487677,0.20013665964449467
5.10711,4.11246,5.10711,2.00854,711.044,354.01,0.0,0.0,0.4216,0.209904,0.0,0,0.0027478819,0.2280718146,0.26713423200899367
5.66406,3.97439,5.65405,1.2172,2284.73,1877.03,0.0,0.0,0.6392,0.525138,0.0,1,0.008428219,0.8119589979999999,0.7638541128694617
7.03622,3.75437,6.89995,0.977205,1831.45,1874.17,0.0,0.0,0.6154,0.629756,0.0,1,0.0046701293,0.4538777827,0.4505588688010308
8.64942,5.76711,8.00067,1.65261,1750.49,1059.23,0.0,0.0,0.639,0.38666,0.0,1,0.0008791949,0.0864958166,0.11862357121957623
9.05758,5.6508,9.05758,1.63668,1779.69,1087.38,0.0,0.0,0.6298,0.384804,0.0,1,0.0008131043,0.0842987798,0.11152465680766066
4.94603,4.45617,4.94603,1.56048,1158.67,742.507,0.0,0.0,0.5224,0.334768,0.0,1,0.0051230028,0.465870836,0.42803341500173636
5.05516,4.50865,5.05476,1.94091,1202.57,619.589,0.0,0.0,0.5384,0.277396,0.0,1,0.0049392416,0.4164249540999999,0.42218315527464073
7.09668,6.48549,7.07965,1.23144,1193.32,969.043,0.0,0.0,0.53,0.430389,0.0,0,0.004697075,0.4284242065999999,0.4279230561445998
7.45968,5.41366,5.85768,0.680928,2377.88,3492.12,0.0,0.0,0.7016,1.03036,0.0,1,0.0065673157,0.632548884,0.6257260185293692
5.93389,5.13786,5.93375,1.75724,1823.79,1037.87,0.0,0.0,0.6128,0.348728,0.0,1,0.0044555381,0.4203376846,0.37611605514656676
5.69204,4.57463,5.69204,1.10643,1361.29,1230.35,0.0,0.0,0.5686,0.513906,0.0,0,0.0078237116,0.7123766964,0.6790645409128959
5.44132,4.56825,5.41816,1.11997,1366.06,1219.73,0.0,0.0,0.5636,0.503227,0.0,0,0.0078034367,0.7070965984,0.7035785337175864
18.30047,4.50008,17.86541,0.672661,1852.6,2754.14,0.138515,0.205922,0.7088,1.05373,0.0,1,0.0047413738,0.43896934,0.46032425684870837
8.5131,5.3048,8.50413,0.597247,2569.07,4301.52,0.0,0.0,0.7222,1.20921,0.0,1,0.006652705,0.6725900648,0.627079983152043
8.23055,4.00763,8.23055,0.791399,1552.16,1961.29,0.863838,1.09153,0.6424,0.811727,0.0,1,0.0035634252,0.3590356185,0.3954431381339677
9.52504,4.72038,9.52504,1.26402,1793.73,1419.06,0.0,0.0,0.654,0.517396,0.0,0,0.0024548753,0.2368036284,0.224827130063375
5.22355,3.40082,5.03486,1.27256,737.628,579.643,0.0,0.0,0.5026,0.394953,0.0,1,0.014077426,0.8064551499,1.0408309331570553
11.02009,9.16908,10.48925,1.0226,1239.44,1212.05,0.0,0.0,0.5864,0.57344,0.0,0,0.004023742,0.3805401947999999,0.37082110368950766
5.59049,4.15781,5.59049,1.21714,1921.05,1578.33,0.0,0.0,0.5986,0.491808,0.0,1,0.0083904129,0.6525793232,0.7591954839644319
13.09537,5.58136,13.09537,1.02039,1738.3,1703.57,0.0,0.0,0.6724,0.658965,0.0,1,0.0029125138,0.2860796482,0.28580198205140817
28.01343,12.17996,27.60124,0.247232,1408.41,5696.7,0.0,0.0,0.9076,3.67105,0.0,0,0.0042533895,0.4246273423,0.4080232400407419
5.815,4.76876,5.815,0.737304,2684.86,3641.46,0.0,0.0,0.6944,0.941809,0.0,0,0.0074156468,0.7167440481999999,0.7367502570873321
4.67101,3.44264,4.47333,0.835534,2247.71,2690.15,0.0,0.0,0.666,0.797095,0.0,0,0.0076218531,0.7194636374,0.754057906500636
5.49146,4.83933,5.49049,0.750845,2776.04,3697.22,0.0,0.0,0.7042,0.937877,0.0,0,0.0083520051,0.7886834734999999,0.8247855010747513
7.42434,5.85197,7.17817,1.04694,2086.66,1993.1,0.0,0.0,0.646,0.617036,0.0,1,0.0040388124,0.3901711975,0.396143988888732
7.59116,5.99994,7.59116,0.996691,2065.1,2071.96,0.0,0.0,0.6486,0.650753,0.0,1,0.0038994473,0.3817106409,0.39319127523899283
8.38862,6.77493,8.38733,0.882886,1323.33,1498.87,0.0,0.0,0.5826,0.659882,0.0,1,0.0018294083,0.1812421581,0.20529314346062644
6.47725,4.49016,6.45672,0.996719,1363.02,1367.51,9.83281,9.86518,0.5428,0.544587,0.0,1,0.0055439175,0.5229798195,0.49709171936584534
4.94868,3.68158,4.94702,1.57089,1320.93,840.881,0.0,0.0,0.546,0.347574,0.0,1,0.0210198334,1.4118809625,1.514391399037064
6.25146,5.06086,6.0647,1.02515,1494.68,1458.01,0.0,0.0,0.5362,0.523046,0.0,0,0.0113696486,0.9706253673,0.9514932394999779
5.59653,4.5385,5.59247,1.00212,1543.11,1539.84,0.0,0.0,0.5404,0.539255,0.0,0,0.0124670266,1.0719884266,1.0119698245635076
12.77883,12.02741,12.74392,1.65471,1447.16,874.57,0.0,0.0,0.651,0.393423,0.0,1,0.0025595231,0.2239159019,0.24283275039016283
12.86501,12.02225,12.84969,1.66038,1437.07,865.505,0.0,0.0,0.642,0.386658,0.0,1,0.002553567,0.2378233226,0.24861785339446946
12.81562,12.03113,12.80804,1.65786,1432.65,864.159,0.0,0.0,0.6442,0.388573,0.0,1,0.0027281356,0.2462247267,0.2636413032336029
12.87614,12.03249,12.87614,1.65921,1433.06,863.702,0.0,0.0,0.643,0.387534,0.0,1,0.0027570295,0.2462508243,0.2707613848179399
11.49174,10.88335,11.49174,1.17569,1542.4,1311.91,0.0,0.0,0.635,0.540109,0.0,1,0.0033942599,0.3392514677,0.3374178970936716
6.50652,4.77619,6.38844,1.06179,1622.41,1527.99,0.0,0.0,0.5708,0.537581,0.0,0,0.00587068,0.5385068296,0.5449491320137227
7.16308,4.76212,7.16308,1.01279,1797.12,1774.42,0.0,0.0,0.5942,0.586695,0.0,1,0.0055545796,0.5225481093,0.5198433730476549
5.62994,3.54616,5.59519,1.08751,1437.05,1321.41,0.0,0.0,0.5562,0.511443,0.0,0,0.0117832358,0.8931334237999999,0.9721418785807752
6.09533,3.90326,6.09533,1.40599,1180.08,839.321,0.0,0.0,0.5142,0.365721,0.0,1,0.0117583371,0.8955507581000001,0.8661229133550037
6.58776,4.88581,6.58776,1.3301,1313.65,987.633,75.7547,56.9541,0.5658,0.425382,0.0,1,0.0079723373,0.6692108501,0.6484936345462005
5.59458,3.68098,5.59458,1.45813,1146.31,786.151,0.0,0.0,0.4962,0.340299,0.0,1,0.0115847111,0.8815992898999999,0.8679036457828566
6.81153,5.91204,6.80774,1.05332,2229.66,2116.79,0.0,0.0,0.6498,0.616908,0.0,1,0.0054595893,0.5332683468,0.5276412225710863
5.20089,3.52692,5.18895,1.36291,1137.88,834.888,0.0,0.0,0.5102,0.374345,0.0,1,0.015112239,1.0769814658,1.2024362657872236
5.81508,3.73125,5.78204,1.39886,1150.61,822.535,0.0,0.0,0.5122,0.366154,0.0,1,0.0142461458,1.0714106074,1.0465828169739504
6.66043,3.94178,6.66043,1.12925,2112.73,1870.91,0.0,0.0,0.6192,0.548327,0.0,1,0.0072614229,0.6565209707999999,0.6840015330572258
6.33115,4.3932,6.33115,1.11728,2292.11,2051.51,0.0,0.0,0.638,0.571029,0.0,1,0.0078803458,0.712436112,0.7591621750498578
6.90107,4.04842,6.50474,1.24221,1455.33,1171.56,0.0,0.0,0.5514,0.443886,0.0,1,0.0111690394,0.8552994084000001,0.8909550637769801
5.39541,4.09689,5.37407,1.23338,1385.07,1122.99,0.0,0.0,0.496,0.402148,0.0,1,0.0101488281,0.8539546667,0.8830445653415268
5.59834,5.04687,5.59211,1.08566,2410.48,2220.29,0.0,0.0,0.6696,0.616766,0.0,1,0.0037216357,0.3783994761,0.38494900245101826
5.2963,3.43417,5.2963,1.4085,970.687,689.164,0.0,0.0,0.509,0.361378,0.0,1,0.0106988182,0.8026096886,0.8404019980509672
4.56916,3.40748,4.56916,1.05387,1849.74,1755.19,0.0,0.0,0.6276,0.59552,0.0,0,0.0060547522,0.5799299589,0.6448040679125059
7.47672,4.58604,7.47672,0.942864,1947.64,2065.66,0.0,0.0,0.6222,0.659904,0.0,1,0.0114640684,1.0334040854000002,0.9110627748943141
5.04944,3.83367,4.87007,1.16048,1383.0,1191.75,0.0,0.0,0.5718,0.492727,0.0,1,0.0101387536,0.8605459283,0.9056463362141035
5.05464,3.82141,5.04976,1.16139,1360.51,1171.44,0.0,0.0,0.5758,0.495783,0.0,1,0.0101457881,0.8571583044,0.918375038048783
5.93116,3.4012,5.93116,1.19033,685.642,576.011,28.078,23.5885,0.47,0.394849,0.0,1,0.0082575461,0.7044482391,0.6706010110432437
5.77537,4.11633,5.61896,0.856547,2860.27,3339.3,0.0,0.0,0.6996,0.816768,0.0,1,0.0061429133,0.5994779616,0.5914999621745984
7.28891,6.40353,7.28891,0.848239,1646.33,1940.88,0.0,0.0,0.624,0.735642,0.0,1,0.012031333,0.8952828257,0.8901797292647808
6.8959,6.15645,6.8959,0.724543,2828.29,3903.55,0.0,0.0,0.6932,0.956741,0.0,1,0.0080601711,0.79238994,0.7737296156785323
5.17797,3.83142,5.17477,1.30054,1151.53,885.425,0.0,0.0,0.514,0.395219,0.0,1,0.0094821445,0.7921597281,0.8157747798314704
6.0526,4.95704,6.0412,1.09523,933.141,852.004,0.0,0.0,0.4902,0.447577,0.0,1,0.004191605,0.3924512763,0.36523578063042966
8.09916,4.69208,7.74628,1.04866,1110.94,1059.38,0.0,0.0,0.5094,0.485762,0.0,1,0.004278375,0.3868140607999999,0.39503850060593426
18.71129,17.36648,18.69765,0.589373,1296.58,2199.93,0.0,0.0,0.7274,1.23419,0.0,1,0.0050527032,0.5061354707,0.4543673048851292
4.74177,3.59689,4.70677,1.8394,1364.57,741.854,0.0,0.0,0.5562,0.302381,0.0,0,0.0026987312,0.2665400804,0.2870445031279438
4.73082,3.55854,4.7198,1.89726,1369.77,721.97,0.0,0.0,0.558,0.294108,0.0,0,0.0027803723,0.2879583123999999,0.2887747596741256
4.77214,3.58642,4.71473,1.86251,1387.29,744.847,0.0,0.0,0.5582,0.299703,0.0,0,0.0027572548,0.2723159235,0.28386879175231533
4.72724,3.56217,4.71894,1.83384,1319.23,719.379,0.0,0.0,0.5554,0.302862,0.0,0,0.0027237254,0.2687103678999999,0.2719758945935164
4.6964,3.56133,4.68951,1.91805,1368.69,713.581,0.0,0.0,0.56,0.291963,0.0,0,0.0029903553,0.290768213,0.3026722085050393
8.83929,3.81491,8.83929,0.983115,1714.88,1744.33,0.0,0.0,0.601,0.611322,0.0,0,0.0136361189,1.2193920134,1.2100268404458865
9.66168,8.17907,9.66128,0.727331,2334.02,3209.02,0.0,0.0,0.7244,0.99597,0.0,1,0.0057683777,0.5853219445000001,0.5255922509419628
10.04293,8.51588,10.03567,0.702304,2308.4,3286.89,0.0,0.0,0.7318,1.042,0.0,1,0.005738741,0.5704712683,0.5322292999107485
6.53637,3.58733,6.4961,1.65009,1230.44,745.682,0.0,0.0,0.5248,0.318042,0.0,1,0.0040476322,0.3816451965999999,0.3621387399336839
5.27377,3.53794,5.26479,1.49897,1060.75,707.651,0.047289,0.0315476,0.5304,0.353842,0.0,1,0.0062577786,0.5270953116,0.5229403725184856
5.20512,3.82408,5.11079,1.13589,1063.56,936.32,0.0,0.0,0.5332,0.469412,0.0,1,0.0079569852,0.6665869814000001,0.7194448978567101
4.37827,3.40648,4.37827,1.74065,715.841,411.25,0.0,0.0,0.5478,0.314711,0.0,0,0.0016701178,0.1541143075,0.2434147750281127
5.84798,3.71152,5.7374,1.67689,1727.89,1030.41,0.0,0.0,0.5894,0.351484,0.0,1,0.0027170614,0.26212076,0.23935506742453916
5.00613,3.59286,5.00613,1.85953,1943.24,1045.01,0.0,0.0,0.5872,0.315779,0.0,0,0.0032507707,0.3222414542,0.3297285257355529
10.56447,5.75649,10.52532,0.937929,2177.49,2321.59,0.0,0.0,0.7172,0.764663,0.0,1,0.0073462466,0.5982515174,0.6726067002913892
10.83342,6.67267,9.96393,0.814427,2128.52,2613.52,0.0,0.0,0.7096,0.871288,0.0,1,0.010668784,0.8075507773,0.8925637246132097
10.79495,6.61419,10.65384,0.825495,2120.6,2568.89,0.0,0.0,0.704,0.852822,0.0,1,0.009489769,0.7198515798999999,0.8142046418306639
8.9514,8.55667,8.9514,1.07791,1424.0,1321.08,0.0,0.0,0.6034,0.559789,0.0,1,0.0027798592,0.2638831516,0.2721981674220749
5.91398,4.13588,5.88727,1.34754,1386.92,1029.23,0.0,0.0,0.5694,0.422549,0.0,1,0.0069910027,0.5756326495,0.6017777572216325
5.94592,4.16513,5.91791,1.30338,1417.2,1087.33,0.0,0.0,0.5806,0.445458,0.0,1,0.0066844843,0.5702998953,0.5866208226958385
4.44925,3.63681,4.42486,1.58343,818.36,516.827,0.0,0.0,0.5166,0.326254,0.0,1,0.0066033366,0.5763246439,0.5438313395139596
8.33476,5.09032,8.29465,1.08397,2205.78,2034.91,0.0,0.0,0.6634,0.612008,0.0,1,0.0049147456,0.4462282209,0.45853074013892364
8.31671,7.58192,8.27853,1.19599,2079.9,1739.06,0.0,0.0,0.676,0.565222,0.0,0,0.003701075,0.367105564,0.35140635316417485
10.02859,8.74362,10.02158,0.833317,2083.55,2500.31,0.0,0.0,0.7206,0.864737,0.0,1,0.0048590854,0.4759080513,0.4492313004760211
10.07569,8.829,10.07569,0.816116,2083.89,2553.43,0.0,0.0,0.7258,0.889335,0.0,1,0.0050601637,0.4620446044,0.47961758162387536
5.14628,4.13045,5.14063,1.48117,701.768,473.794,0.0,0.0,0.4344,0.293282,0.0,0,0.006403039,0.4826930185999999,0.5065103534458594
4.81728,3.69845,4.80154,1.21376,550.063,453.189,0.0,0.0,0.4588,0.377999,0.0,1,0.0038636453,0.3400279683,0.3290958548523899
9.71579,8.11881,9.71579,1.08633,1754.25,1614.84,0.0,0.0,0.6146,0.565759,0.0,0,0.0039584554,0.3808310084,0.36845693269342006
9.71572,8.15204,9.70036,0.982123,1506.84,1534.27,0.0,0.0,0.5818,0.59239,0.0,0,0.0036179883,0.3576491825,0.3558668647603044
9.96795,8.48591,9.92826,0.966412,1751.92,1812.81,0.0,0.0,0.633,0.655,0.0,1,0.0052157904,0.5016815216,0.49669070716964836
11.8768,6.79638,11.8768,0.823875,2185.0,2652.11,0.0,0.0,0.7074,0.858625,0.0,1,0.0095761238,0.7637606667,0.81615069359082
11.12385,5.1267,11.12385,0.988754,1494.17,1511.16,320.813,324.462,0.6592,0.666697,0.0,0,0.0079895556,0.6327123075,0.6988123090915593
10.96282,6.06241,10.06318,0.785626,2401.47,3056.76,0.0,0.0,0.737,0.938106,0.0,1,0.0056552539,0.5551626705,0.5464603700962076
14.13138,12.09179,14.13138,0.764894,1790.29,2340.57,0.0191816,0.0250774,0.7044,0.920911,0.0,1,0.0024682912,0.2328412181,0.24652664045713385
10.03517,4.39114,9.81197,1.07113,1518.35,1417.52,0.0,0.0,0.6004,0.560529,0.0,1,0.0043598732,0.418241249,0.41521634750147524
5.36181,3.52881,5.36181,1.3326,1639.41,1230.24,0.0,0.0,0.6492,0.487169,0.0,1,0.0009364613,0.0928833937,0.2200748146397148
9.02256,7.15114,9.02256,0.917569,1768.62,1927.51,0.0,0.0,0.6346,0.69161,0.0,0,0.0054737459,0.4906100385,0.5022220430765838
5.55335,3.71297,5.5372,1.88262,726.028,385.647,0.0,0.0,0.4308,0.22883,0.0,1,0.0019397724,0.1771413139,0.16216217835782976
5.0065,3.44702,5.0065,2.43277,611.699,251.441,0.0,0.0,0.401,0.164832,0.0,1,0.0028966771,0.2345604154,0.2073100480604244
5.36745,4.59869,5.35848,1.40464,933.9,664.867,0.0,0.0,0.4578,0.325919,0.0,0,0.008131102,0.6217412794,0.6382260736669454
5.38914,4.65491,5.38091,1.40413,956.091,680.914,0.0,0.0,0.473,0.336864,0.0,0,0.0082721765,0.63078755,0.6576536576278149
5.52672,4.41246,5.51306,1.33702,1014.57,758.83,0.0,0.0,0.4726,0.353472,0.0,0,0.0084576093,0.6612098448,0.6548157098913012
5.49841,4.3714,5.48581,1.35332,991.393,732.566,0.0,0.0,0.483,0.356901,0.0,0,0.0089254572,0.6893730757,0.6756274541851285
7.07962,5.54367,6.68431,0.995326,1963.72,1972.94,0.0,0.0,0.6428,0.645818,0.0,1,0.0083227081,0.7362591609,0.7372488307999702
6.44243,4.38111,6.43204,0.976829,1852.41,1896.35,0.0,0.0,0.5892,0.603176,0.0,1,0.0097025644,0.8884646222,0.9321419351753986
5.05189,3.47503,5.00056,1.41655,729.858,515.235,3.30907,2.336,0.487,0.343792,0.0,0,0.0072037745,0.5474185401,0.5581135809386168
9.11595,5.71973,9.11595,1.61188,1283.24,796.112,0.0,0.0,0.5532,0.343202,0.0,1,0.0022368176,0.2203206208999999,0.17640045286312334
7.03379,5.33899,6.88955,1.07778,2082.97,1932.65,0.0,0.0,0.6328,0.587134,0.0,1,0.0033113014,0.3217323296,0.35418582165684975
7.67683,6.96811,7.64287,0.883035,2122.43,2403.56,0.0,0.0,0.652,0.738362,0.0,1,0.0059142619,0.5787548515,0.5714724231558166
7.62222,6.92477,7.62222,0.882059,2131.41,2416.4,0.0,0.0,0.65,0.736913,0.0,1,0.0057066711,0.5627662079,0.5364700897335262
7.57949,6.81104,7.57786,0.890235,2156.64,2422.55,0.0,0.0,0.6646,0.746545,0.0,1,0.0061965854,0.5904297582,0.5963607019166872
7.50015,6.78537,7.50015,0.876532,2176.78,2483.4,0.0,0.0,0.6518,0.743612,0.0,1,0.0060076778,0.5614853727,0.5827917941116356
4.22344,3.46939,4.21901,1.31115,709.801,541.36,0.0,0.0,0.5062,0.386075,0.0,1,0.005909381,0.4897874202,0.5256003675411418
9.51714,7.06696,9.49794,1.05415,1137.31,1078.89,0.0,0.0,0.5474,0.519279,0.0,1,0.002906503,0.2988323079,0.2496744822868212
5.40643,4.54366,5.40121,1.71115,1533.38,896.109,0.0,0.0,0.5346,0.312421,0.0,1,0.0044101543,0.4303755235,0.36351997568805816
4.8082,3.42715,4.52912,1.36761,1390.79,1016.96,0.0,0.0,0.6218,0.454663,0.0,1,0.0032333669,0.3085949812,0.4278434653608868
4.49857,3.8442,4.48892,1.5866,672.4,423.8,0.0,0.0,0.4622,0.291315,0.0,1,0.0089975242,0.6523167811,0.6329210147148513
7.7396,4.21765,7.14988,1.4277,1629.33,1141.22,0.0,0.0,0.6116,0.42838,0.0,1,0.0038529073,0.3554031204999999,0.3481220145597229
5.07924,4.58071,5.07255,1.37299,1275.41,928.928,0.0,0.0,0.5384,0.392137,0.0,1,0.0111273922,0.9059155063,0.9110637613677384
9.02838,5.92782,8.88373,1.15645,1730.76,1496.61,0.0,0.0,0.6316,0.546154,0.0,1,0.0027145171,0.2657008962,0.2761998692653105
4.98345,3.78027,4.98096,1.03045,1372.42,1331.87,0.0,0.0,0.5442,0.52812,0.0,1,0.0069660783,0.6203553895,0.6427023343400022
5.43686,4.14383,5.43686,1.07065,1502.42,1403.28,0.0,0.0,0.5314,0.496335,0.0,0,0.00788903,0.6883680194,0.7322872669318793
6.73498,5.41814,6.73498,1.052,1333.52,1267.6,0.0,0.0,0.5288,0.50266,0.0,0,0.0076676896,0.7123221375,0.6711993512211637
11.23796,5.9406,11.23796,0.599562,2425.76,4045.89,0.0,0.0,0.7354,1.22656,0.0,1,0.0036397002,0.3665894976,0.380861858991755
5.82661,3.6907,5.82661,2.13899,1066.33,498.522,0.0,0.0,0.4968,0.232259,0.0,0,0.0684956875,2.189026494,2.3795356786004884
5.8241,3.64846,5.79204,2.13649,1058.19,495.294,0.0,0.0,0.4966,0.232438,0.0,0,0.0676299745,2.1240268639,2.3644602280523825
5.29628,3.94728,5.28006,1.07008,2144.58,2004.14,0.0,0.0,0.6404,0.598462,0.0,1,0.008903413,0.8201324464,0.8239836056440242
5.45833,4.42032,5.43874,1.21453,1418.68,1168.08,0.0,0.0,0.5298,0.436217,0.0,1,0.0089582185,0.7706742712000001,0.7528978212660729
5.87443,4.69467,5.85064,1.07984,2256.84,2089.97,0.0,0.0,0.6052,0.560452,0.0,1,0.0054435625,0.5349730272,0.5227380399822333
4.43033,3.99236,4.42996,1.33979,549.564,410.186,188.414,140.63,0.5546,0.413945,0.0,1,0.0036630768,0.3514631102,0.42108201281218866
6.28134,5.12336,6.25197,1.10154,1366.18,1240.24,0.0,0.0,0.5242,0.475878,0.0,0,0.0065058851,0.6177463913,0.5894409174918549
6.85928,3.77665,6.81852,1.76082,1527.11,867.274,0.0,0.0,0.5524,0.313718,0.0,1,0.0024941367,0.2380409673,0.21452353620301712
5.32446,3.88819,5.25315,2.34041,1006.15,429.901,0.0,0.0,0.4786,0.204494,0.0,1,0.0014551205,0.1401482857,0.12746581514964883
5.18714,3.79158,5.1767,1.26241,1435.68,1137.26,0.0,0.0,0.5344,0.423318,0.0,1,0.0062973788,0.5739517123,0.5765946324000097
5.20142,3.64055,5.19254,1.24367,1493.92,1201.22,0.0,0.0,0.5352,0.430338,0.0,1,0.00635783,0.5789302423,0.6414836853433694
7.28064,4.66536,7.28064,1.6199,977.704,603.558,0.0,0.0,0.4976,0.307179,0.0,1,0.0035769571,0.3234123397,0.28999642013682797
4.67091,3.76726,4.63755,2.4194,389.97,161.184,0.0,0.0,0.4246,0.175498,0.0,1,0.0016391367,0.1414159822,0.09558082066633855
8.13146,3.74741,8.1255,0.911325,1740.68,1910.06,27.7822,30.4855,0.6372,0.699202,0.0,1,0.0032879744,0.3458919699,0.3547610063266842
5.60649,4.70814,5.13464,1.76959,946.581,534.916,0.0,0.0,0.4236,0.239378,0.000565104,1,0.005419243,0.4330930424,0.46215473919570793
6.10817,4.16928,5.9554,1.53541,899.273,585.691,0.0598489,0.0389792,0.5054,0.329164,0.0,1,0.0042232621,0.3588191967,0.3316283876900994
5.70136,3.62358,5.70136,1.16448,1493.52,1282.56,0.0,0.0,0.5674,0.487255,0.0,1,0.0112798014,0.8935486779999999,0.9494092716617535
16.82847,3.4822,16.82847,0.80886,1885.97,2331.64,0.0,0.0,0.6836,0.84514,0.0,1,0.005916415,0.5450673296999999,0.6134044915293166
8.63632,7.63034,8.63632,0.777557,2368.36,3045.9,0.0,0.0,0.6702,0.86193,0.0,1,0.0077375062,0.7199950045,0.7166995335448375
9.37426,8.42221,9.36118,0.760114,2220.47,2921.23,0.0,0.0,0.6854,0.901706,0.0,1,0.0071954254,0.6675938565999999,0.6437250734410845
9.44546,8.47192,9.44155,0.754531,2221.93,2944.78,0.0,0.0,0.6746,0.894065,0.0,1,0.007049989,0.6705437165,0.6304298273149038
12.83987,7.4101,12.68863,0.522471,2354.64,4506.73,0.0,0.0,0.796,1.52353,0.0,1,0.0053107432,0.5182773039,0.5214115115211041
6.28011,3.53464,6.28011,1.12464,1454.75,1293.53,0.0,0.0,0.5698,0.506652,0.0,1,0.0085641946,0.7657396787999999,0.7962463345619126
6.33441,3.59662,6.33441,1.11373,1441.4,1294.21,0.0,0.0,0.581,0.521669,0.0,1,0.0086155775,0.7540901031999999,0.7832049469186683
6.26495,3.45129,6.22166,1.15151,1468.87,1275.6,0.0,0.0,0.5682,0.493438,0.0,1,0.008717881,0.7814609854000001,0.8582611488852441
9.17575,5.94989,7.9915,0.929043,1495.06,1609.25,0.0,0.0,0.5892,0.634201,0.0,0,0.0078125755,0.7303076589,0.7377470681204275
9.60031,8.17399,9.60031,0.525842,2599.96,4944.37,0.0,0.0,0.7878,1.49817,0.0,1,0.0050237091,0.4918048457,0.49580021417302655
13.18363,6.64307,13.17065,0.881735,2096.71,2377.93,0.0,0.0,0.7124,0.807952,0.0,1,0.0064392511,0.5527074487,0.5988492960370553
13.27896,6.89092,13.26587,0.883073,2036.2,2305.8,0.0,0.0,0.7186,0.813749,0.0,1,0.0068790395,0.5563336041,0.6105959729093295
5.51513,4.27188,5.50941,1.06812,1036.17,970.09,0.0,0.0,0.5198,0.486651,0.0,1,0.0109939484,0.8663234808,0.869123447399797
5.64071,4.66315,5.45064,1.16869,1439.96,1232.11,0.0,0.0,0.5486,0.469413,0.0,1,0.0038814541,0.363411115,0.3572581749514901
5.87796,4.78268,5.87796,1.71391,1532.86,894.368,0.0,0.0,0.5492,0.320438,0.0,1,0.0015240555,0.1463572357,0.1359338012256609
8.33531,6.07292,8.1953,0.867063,1783.84,2057.33,0.0,0.0,0.6398,0.737893,0.0,1,0.0069661159,0.6428400596,0.6189130593826739
20.3631,9.01147,20.3631,0.521418,1774.76,3403.71,0.0,0.0,0.8332,1.59795,0.0,1,0.0027081063,0.2775115165,0.28450515589184466
19.43102,8.59079,19.40135,0.448746,1849.48,4121.45,0.0,0.0,0.824,1.83623,0.000445686,1,0.003580914,0.3430047293,0.3745577090327222
5.93254,5.15214,5.88831,1.0803,2344.41,2170.15,0.0,0.0,0.6392,0.59169,0.0,1,0.0065630175,0.6176344946,0.6376254499727462
5.00365,3.53364,4.98221,1.08104,1844.81,1706.51,0.0,0.0,0.6206,0.574076,0.0,1,0.008618732,0.7863448481,0.8036475706429772
4.93354,4.81445,4.92328,1.42734,510.614,357.738,113.486,79.5089,0.4866,0.340914,0.0,1,0.0043762156,0.3770110945,0.43027121006000757
5.63742,3.98335,5.62763,1.20442,696.106,577.961,65.1595,54.1004,0.5032,0.417795,0.0,1,0.0043096469,0.3734557854999999,0.35779767861338246
5.28515,5.1054,5.28515,1.34186,1223.75,911.977,0.0,0.0,0.5794,0.431788,0.0,1,0.0078289209,0.6969804734,0.6897446723441516
6.25148,4.17859,6.25148,1.23081,1945.11,1580.35,0.0,0.0,0.5978,0.485697,0.0,1,0.0088469663,0.7555981834000001,0.7920667954335987
9.50738,3.99435,9.49132,0.925424,1888.23,2040.4,0.0,0.0,0.6264,0.676879,0.0,1,0.0061370756,0.5669982733,0.5712357781656062
6.5178,6.18035,6.5178,0.652513,3119.09,4780.12,0.0,0.0,0.7074,1.08412,0.0,1,0.0132019603,1.2372674797,1.0591574716227279
7.1658,4.7152,7.1658,1.41392,1322.21,935.139,0.0,0.0,0.5174,0.365933,0.0,1,0.0051069434,0.4681239286999999,0.4595605274448088
4.37543,3.51099,4.3605,1.7281,376.515,217.879,0.0,0.0,0.374,0.216423,0.0,0,0.011203761,0.6497475441,0.6816774946583919
4.3222,3.9714,4.30868,1.64821,471.45,286.037,0.0806433,0.0489277,0.4054,0.245963,0.0,0,0.001196976,0.1120127092,0.19377224460090403
5.54342,3.85621,5.5369,1.27196,1497.59,1177.39,0.0,0.0,0.5676,0.446239,0.0,1,0.0070847519,0.6141788684,0.6209513079905693
6.92307,5.14701,6.92307,1.38513,740.657,534.72,0.0,0.0,0.4578,0.330511,0.0,1,0.0024037431,0.2103437403,0.1768974234215922
7.01246,4.52059,7.01246,1.55856,1353.3,868.3,0.0,0.0,0.5366,0.344293,0.0,1,0.0069766615,0.5952057281,0.5634388213725806
4.99101,3.50509,4.98216,1.8068,621.631,344.051,0.0,0.0,0.4322,0.239208,0.0,0,0.0044347939,0.3440291331,0.36457069395626773
5.10735,4.25399,5.10735,1.35619,773.026,569.999,0.0,0.0,0.4762,0.351131,0.0,1,0.0042359415,0.3952001367,0.3720000740166422
15.14217,13.44364,15.14217,0.712137,1836.8,2579.28,0.0,0.0,0.7026,0.986608,0.0,0,0.0062030898,0.5904969046999999,0.5628366144878209
4.6785,3.79643,4.6785,1.49483,851.868,569.877,0.0,0.0,0.5076,0.339571,0.0,1,0.0057553049,0.4931423674,0.42406833275085604
5.60421,4.00046,5.58702,1.12972,1092.67,967.204,0.0,0.0,0.499,0.441701,0.0,1,0.0156059617,1.1616649959,1.16185941123965
6.62435,5.36027,6.62435,1.08308,2578.79,2380.98,0.0,0.0,0.7368,0.68028,0.0,1,0.0009233175,0.0911592846,0.1005183101566085
6.63462,5.37244,6.6246,1.07895,2591.9,2402.25,0.0,0.0,0.7454,0.690858,0.0,1,0.0008734877,0.0892159211,0.09765475641634591
6.62226,5.36537,6.62226,1.08651,2583.31,2377.63,0.0,0.0,0.7438,0.684577,0.0,1,0.000861763,0.0892862691,0.0993175592060932
18.25013,13.54682,18.2492,0.68587,1384.82,2019.07,0.0,0.0,0.7758,1.13112,0.0,1,0.0018013707,0.1819078341,0.1898773031980464
18.43381,14.45488,18.43381,0.66329,1341.32,2022.22,0.0,0.0,0.7914,1.19314,0.0,0,0.0020985328,0.1985608557,0.22847711807996002
8.13637,5.96872,8.13476,1.18044,720.043,609.981,519.992,440.508,0.5282,0.447462,0.0,1,0.0079715004,0.701848257,0.6600626820519249
5.79906,5.20244,5.74892,1.1266,1080.97,959.499,0.0,0.0,0.4364,0.387361,0.0,1,0.0045479452,0.4222971282,0.403713815756744
6.48379,4.41641,6.4829,1.03451,1661.2,1605.79,0.0954102,0.0922278,0.5846,0.565101,0.0,1,0.0055648716,0.5281202945,0.5207764217483752
7.04655,4.39343,7.04655,1.0337,1721.47,1665.34,0.466736,0.451519,0.6006,0.581018,0.0,1,0.0054882595,0.5269234983,0.5222589395215482
5.4573,3.6514,5.4573,1.13,941.26,832.97,0.0,0.0,0.5158,0.456458,0.0,1,0.0087740784,0.7035116778,0.7511596974800451
6.43543,6.35486,6.43543,1.16514,1539.67,1321.44,0.0,0.0,0.5912,0.507406,0.0,0,0.0091341018,0.8165926915999999,0.7873083317826968
6.49774,6.1972,6.46918,1.18453,1598.35,1349.36,0.0,0.0,0.5994,0.506024,0.0,0,0.0113323551,0.9892420559,0.9759821728732283
7.12052,6.90641,7.12052,1.14518,1600.5,1397.6,0.0,0.0,0.6142,0.536335,0.0,0,0.0099481234,0.8939752241,0.8901324988575212
5.08195,4.10328,5.08195,1.44854,506.69,349.793,246.756,170.348,0.4778,0.329849,0.0,1,0.027855281,1.4842919286,1.3281602845959692
12.12577,5.64086,12.12577,0.985409,1409.44,1430.31,390.474,396.256,0.664,0.673832,0.0,1,0.0034670895,0.3553576745,0.3443198232191016
6.89012,5.94748,6.89012,1.02954,1487.46,1444.77,0.0,0.0,0.5948,0.577731,0.0,0,0.00696006,0.6547418787,0.6274795228180859
3.83387,3.5005,3.83387,1.28492,358.59,279.076,0.0,0.0,0.476,0.370451,0.0,1,0.0054022832,0.5058728629,0.4660745550318459
5.31241,3.65877,4.34235,1.179,656.388,556.733,287.867,244.163,0.4348,0.368788,0.0,1,0.0146524076,0.951732906,0.9272481239140523
6.58677,6.27426,6.58677,1.16648,1563.6,1340.44,0.0,0.0,0.6108,0.523628,0.0,0,0.010426397,0.9294343128,0.9282982069964468
4.62986,4.25621,4.62986,1.14726,852.417,743.004,0.0,0.0,0.5106,0.445061,0.0,0,0.0105326102,0.8269435581999999,0.8727359388251931
5.96032,3.45239,5.95027,3.11213,1072.19,344.518,4.81821,1.5482,0.4928,0.158348,0.0,1,0.0005714715,0.0578472451,0.07826109857296648
6.11281,4.48624,6.11281,1.17289,1293.73,1103.03,0.0,0.0,0.5656,0.482229,0.0,1,0.0051257537,0.4678034591,0.45127392898327123
5.83429,5.37899,5.82078,1.0599,1634.79,1542.4,0.0,0.0,0.5844,0.551373,0.0,0,0.0152347291,1.2196852424,1.331112835561434
4.47276,3.50575,4.44835,1.90606,879.044,461.183,0.0,0.0,0.519,0.272289,0.0,1,0.0080175477,0.6627001462,0.6472184115954209
4.65105,3.76809,4.64879,1.78136,1057.62,593.716,0.0,0.0,0.5468,0.306956,0.0,1,0.0068180579,0.5624763109,0.5334499999459441
6.82504,4.15814,6.82504,0.987346,2244.54,2273.31,0.0,0.0,0.6424,0.650633,0.0,1,0.0099130798,0.8744888745,0.9232329486198732
6.87938,5.20644,6.87938,0.976254,2294.91,2350.74,0.0,0.0,0.6516,0.667449,0.0,1,0.0143295487,1.2237808067,1.1509674225490392
6.40369,4.15529,6.40369,1.15157,1694.44,1471.42,0.0,0.0,0.6046,0.525024,0.0,1,0.0024197716,0.2320878264999999,0.25052224019390795
19.11403,11.74027,19.11403,0.458248,1880.45,4103.57,0.0,0.0,0.8106,1.76891,0.0,1,0.004058168,0.3860301356,0.38598211043232267
6.44925,4.72277,6.43616,1.05766,2120.44,2004.84,0.0,0.0,0.6376,0.602839,0.0,1,0.0106267831,0.9624660877,0.9563599779694276
4.93494,3.49142,4.86694,2.00135,1263.38,631.266,0.0,0.0,0.5166,0.258126,0.0,0,0.0055025218,0.4822870943999999,0.5068646757627159
7.25048,6.08004,7.24863,1.09392,1335.78,1221.09,0.0,0.0,0.5476,0.500583,0.0,0,0.0068549344,0.6179233747999999,0.5749077376513282
7.17371,5.8712,7.17371,1.10727,1329.12,1200.36,0.0,0.0,0.5452,0.492383,0.0,0,0.0065926531,0.6258127799000001,0.5782057106646225
5.41735,4.7264,5.40719,1.2729,1870.44,1469.44,0.0,0.0,0.6244,0.490534,0.0,1,0.011969396,1.0021628856,0.9738974845116504
5.16942,3.66649,5.16942,1.65561,855.86,516.946,0.0,0.0,0.4144,0.250301,0.0,1,0.0021850724,0.1952378335,0.1936491548846403
10.92488,6.00637,10.24342,0.779781,2417.09,3099.71,0.0,0.0,0.7388,0.947446,0.0,1,0.0056996369,0.5384052226,0.5468808457277958
8.84791,6.66406,8.84791,0.84398,2430.67,2880.0,0.0,0.0,0.75,0.888646,0.0,1,0.0034107521,0.3360184477,0.34511030483246163
8.44616,7.81761,8.44616,1.12069,1457.55,1300.59,0.0,0.0,0.5722,0.51058,0.0,1,0.0017538627,0.170241,0.18627192606365417
13.15947,6.68014,13.15947,1.04413,1452.16,1390.78,0.0,0.0,0.5972,0.571957,0.0,1,0.0062287022,0.5310941861,0.5424335100672565
5.38027,3.4809,5.34205,1.27884,677.396,529.696,4.06005,3.17479,0.4624,0.361578,0.0,1,0.0099472586,0.6875493221,0.724356274497724
6.16228,5.32315,6.13437,1.37535,1593.73,1158.79,0.0,0.0,0.5806,0.422148,0.0,1,0.0064945564,0.5915615616,0.5823508818009393
5.28968,3.60886,5.25875,1.23201,362.386,294.143,41.4473,33.6421,0.4702,0.381654,0.0,1,0.0053436365,0.3970842632999999,0.4961316695434854
4.78039,3.84263,4.78039,1.76597,828.843,469.341,0.0,0.0,0.4496,0.254591,0.0,0,0.0093118409,0.6754898739,0.6578813225107771
4.75958,3.82785,4.75554,1.76954,805.711,455.323,0.0,0.0,0.4502,0.254417,0.0,0,0.0093132279,0.6658978734000001,0.6668036045367922
4.39406,3.66786,4.39093,1.82931,560.452,306.373,0.0,0.0,0.4366,0.238669,0.0,0,0.0066988668,0.5308678581,0.5473238585302282
5.08043,3.95835,5.08043,1.20337,1874.89,1558.04,0.0,0.0,0.6064,0.503919,0.0,1,0.0141448834,1.2235324147,1.2260136917150275
5.05926,3.9622,4.49661,1.21011,1835.42,1516.73,0.0,0.0,0.6046,0.499624,0.0,1,0.0143114174,1.2373637342,1.215706425046121
4.97891,3.78832,4.59863,1.23681,1734.27,1402.21,0.0,0.0,0.5936,0.479945,0.0,1,0.01363778,1.1886308001,1.1593868578865816
4.99541,3.81551,4.9844,1.23241,1776.81,1441.74,0.0,0.0,0.5952,0.482957,0.0,1,0.0137277984,1.1940258998,1.193837738276551
5.01407,3.87283,4.97867,1.22609,1774.32,1447.13,0.0,0.0,0.5944,0.484792,0.0,1,0.014113377,1.2196121155,1.2049184876544303
5.04935,3.8892,5.03687,1.21647,1807.28,1485.67,0.0,0.0,0.6062,0.498328,0.0,1,0.0138478229,1.2150466849,1.2269243264749525
4.98043,3.76476,4.96686,1.23681,1716.03,1387.47,0.0,0.0,0.593,0.47946,0.0,1,0.0136557837,1.190234627,1.187724632692051
4.99037,3.79418,4.86577,1.23241,1722.87,1397.97,0.0,0.0,0.5938,0.481821,0.0,1,0.0138118155,1.1871274936,1.1782025325488514
5.00423,3.8343,4.58368,1.22609,1739.06,1418.37,0.0,0.0,0.5986,0.488218,0.0,1,0.0139588455,1.2011418504,1.1533471757224798
5.0496,3.92518,5.02742,1.21011,1811.64,1497.09,0.0,0.0,0.6042,0.499293,0.0,1,0.0142724094,1.219987192,1.2574774809555915
5.07683,3.95879,4.81355,1.20337,1860.11,1545.75,0.0,0.0,0.6076,0.504916,0.0,1,0.0142694088,1.2434144676,1.2221477144922437
9.76192,5.55983,9.75209,1.11305,1740.01,1563.28,62.6529,56.2895,0.67,0.60195,0.0,1,0.0057327528,0.4283987971,0.48206813455210895
11.8886,6.57125,10.69212,0.647287,2123.23,3280.21,0.0,0.0,0.7376,1.13953,0.0,1,0.0054802785,0.5308974119,0.5271134451729161
9.93002,6.46763,9.91751,0.795967,2168.14,2723.91,0.0,0.0,0.7348,0.923153,0.0,1,0.0047426136,0.4754365232999999,0.4652477740390995
3.77576,3.47286,3.77576,1.73065,285.313,164.859,0.0,0.0,0.4436,0.25632,0.0,1,0.0005828902,0.0557661042,0.11759327548936815
4.86217,4.34562,4.86217,1.66926,2251.32,1348.69,0.0,0.0,0.6184,0.370463,0.0,1,0.0032943981,0.3237193976,0.336526881382183
4.86021,4.34715,4.86021,1.66839,2272.53,1362.11,0.0,0.0,0.6004,0.359868,0.0,1,0.0032465343,0.3211853504,0.32712880429441926
8.5072,5.95019,7.5941,0.701061,2581.34,3682.05,0.0,0.0,0.7402,1.05583,0.0,1,0.005885075,0.5664599635,0.5797345507126183
6.93958,6.05366,6.90375,0.735097,2642.04,3594.14,0.0,0.0,0.7204,0.980006,0.0,1,0.0060669309,0.6246481793,0.6077059239538688
6.82996,5.62808,6.81318,0.906851,2249.11,2480.13,0.0,0.0,0.6722,0.741246,0.0,1,0.0055477599,0.533896213,0.5337887654241003
8.00893,5.97402,7.89554,1.10379,1097.15,993.985,311.831,282.508,0.5828,0.527997,0.0,0,0.0073285119,0.6333104507,0.6749483436882342
7.93461,5.97007,7.92647,1.08134,1101.81,1018.93,445.609,412.091,0.592,0.547471,0.0,0,0.0064340862,0.5838080986,0.6061317381665202
7.4726,6.03228,7.03921,0.972318,2397.88,2466.15,0.0,0.0,0.7166,0.737002,0.0,1,0.0041399159,0.414286489,0.3887304065546251
4.7722,3.99598,4.7722,1.5688,655.828,418.043,0.0,0.0,0.462,0.294492,0.0,0,0.0051323766,0.4329372096,0.41341389837731435
6.48283,5.44672,6.47851,1.23973,1910.17,1540.8,0.0,0.0,0.6142,0.495432,0.0,1,0.0058457592,0.5249867763,0.5193558736719078
4.35263,3.47485,4.33203,1.3646,1032.9,756.92,0.0,0.0,0.5148,0.377252,0.0,0,0.0099683665,0.8346227356,0.8633785196276362
4.54182,3.68421,4.38679,1.45633,495.592,340.302,181.958,124.943,0.4774,0.32781,0.0,0,0.0105568647,0.8416013703,0.7213281578721991
5.89224,4.25071,5.89224,0.915526,2178.46,2379.46,0.816322,0.891643,0.6566,0.717184,0.0,1,0.003585091,0.3625262906,0.381542829238798
7.67361,6.90082,7.6375,1.23834,1391.29,1123.51,0.0,0.0,0.5864,0.473535,0.0,1,0.0022300373,0.225067551,0.22999097372107297
4.53313,3.88732,4.40894,1.15892,1217.93,1050.91,0.0,0.0,0.5062,0.436785,0.0,1,0.0196639507,1.4613563248,1.3382976853331274
6.08213,4.77192,5.96456,1.01187,1589.69,1571.04,0.0,0.0,0.5968,0.589801,0.0,0,0.0123456978,1.0209577517,1.0217025327838631
5.40502,3.6653,5.2509,3.43473,596.999,173.813,136.893,39.8556,0.4634,0.134916,0.0,1,0.0005506739,0.058520996,0.07012389472079972
5.41837,3.69977,5.33563,3.41098,611.073,179.149,152.278,44.6434,0.4568,0.133921,0.0,1,0.0005822664,0.0604293639,0.06232901432779425
5.30567,3.77956,5.29101,3.36341,632.283,187.989,184.756,54.9313,0.4688,0.139383,0.0,1,0.0006166678,0.0608911277,0.07973712726017856
7.06957,4.91595,7.06648,0.920284,2531.68,2750.98,0.0,0.0,0.6946,0.754767,0.0,1,0.007633034,0.7315997558,0.7020832880320163
5.41107,3.63654,5.41022,1.51085,1084.42,717.756,0.0,0.0,0.4906,0.324718,0.0,0,0.0027884438,0.2557613478,0.254838871636037
5.89375,3.67074,5.89375,1.25605,1195.64,951.909,0.0,0.0,0.5408,0.430557,0.0,0,0.0071459869,0.6338995895,0.6480662905517697
12.21806,7.03158,12.21806,0.59675,2360.49,3955.57,0.0,0.0,0.7812,1.30909,0.0,1,0.0068721418,0.6570536260000001,0.6196396838751573
14.10999,7.45371,14.02692,0.571355,2267.46,3968.58,0.0,0.0,0.776,1.35818,0.0,1,0.0053478637,0.5146865366,0.5244391825411235
4.98159,3.61041,4.97646,1.20745,1001.48,829.422,0.0,0.0,0.4772,0.395214,0.0,1,0.0139487097,1.0605786273,1.096692519509801
5.06494,3.47701,5.06494,1.20126,1010.26,841.002,0.0,0.0,0.4938,0.411069,0.0,1,0.0131906626,1.0372479795,1.0691071738776547
5.15491,3.70129,5.14806,1.1957,1007.34,842.47,0.0,0.0,0.4888,0.408797,0.0,1,0.0136210603,1.0270142706999998,1.068640504037366
5.06354,4.01259,5.06354,1.09045,1520.09,1394.01,0.0,0.0,0.5732,0.525654,0.0,1,0.0101111266,0.8941262121,0.9226777421848306
4.82351,3.61774,4.82351,1.61026,574.177,356.574,0.0,0.0,0.414,0.257101,0.0,0,0.0029476706,0.2552206494,0.29900317671900534
4.2795,3.43566,4.27665,1.23366,1261.3,1022.41,0.0,0.0,0.6368,0.516186,0.0,1,0.0012563631,0.1321427329,0.32297031680710714
4.74887,3.57779,4.74887,1.57979,558.843,353.745,0.0,0.0,0.4136,0.261807,0.0,0,0.003956128,0.3179151314,0.36028750211546784
6.98757,6.64177,6.98757,1.55436,1566.68,1007.93,0.0,0.0,0.573,0.368642,0.0,0,0.0051192,0.4986779315,0.4354696916240037
7.13111,6.78821,7.13111,1.50724,1561.7,1036.13,0.0,0.0,0.5636,0.373929,0.0,0,0.004650353,0.4388103547999999,0.3809619701980448
7.07406,6.73356,7.07173,1.61064,1512.67,939.176,0.0,0.0,0.556,0.345204,0.0,1,0.0053383765,0.5083731551,0.4504587641710717
7.05454,6.70514,7.05454,1.61812,1500.38,927.234,0.0,0.0,0.5486,0.339035,0.0,1,0.0054965647,0.5109708727000001,0.45546552559448666
6.77782,5.19916,6.76838,1.13174,1870.74,1652.98,0.0,0.0,0.589,0.520437,0.0,1,0.0068533355,0.6409269632,0.6149803668628928
5.69411,4.34501,5.6755,1.35778,616.318,453.917,180.508,132.944,0.4634,0.341293,0.0,0,0.004599949,0.3889831897,0.44840520419648117
4.76005,3.76742,4.75297,1.25917,1007.84,800.402,0.0,0.0,0.5458,0.433462,0.0,1,0.0091220603,0.7552951911,0.7448508394472904
5.78746,4.90776,5.77533,1.02316,2423.56,2368.7,0.0,0.0,0.6678,0.652682,0.0,1,0.0044658992,0.4494801521,0.41896395609285614
10.22426,8.07829,10.22419,0.790487,2342.19,2962.97,0.0,0.0,0.7238,0.915638,0.0,1,0.0055213133,0.5141184958,0.5252515122124455
6.08923,4.67292,6.06736,0.939565,1692.1,1800.94,0.0,0.0,0.6024,0.641148,0.0,0,0.0120745001,1.0565727555,1.0145128509454195
5.90692,5.38954,5.89965,0.987787,1345.25,1361.88,0.0,0.0,0.583,0.590208,0.0,1,0.0087368811,0.7581581755,0.7434522307439881
5.22472,4.63991,5.22472,2.49061,907.874,364.519,0.0,0.0,0.4464,0.179234,0.0,1,0.0005841465,0.0560741438,0.06503335910576635
6.03622,4.38011,5.42071,1.1026,1157.92,1050.17,0.0,0.0,0.4992,0.452746,0.0,1,0.0091879216,0.7652142891,0.7576872615838188
5.12157,4.43835,5.12005,1.31199,1365.8,1041.01,0.0,0.0,0.4802,0.36601,0.0,1,0.0059269716,0.5164226578,0.5575710822902883
9.52896,9.26877,9.52862,1.12614,1174.7,1043.12,0.0,0.0,0.5574,0.494964,0.0,0,0.0024485743,0.2462547078999999,0.22400488257458845
6.93055,5.1748,6.93055,1.20906,867.96,717.883,0.0,0.0,0.4824,0.398989,0.0,0,0.0036147594,0.329686106,0.31507847438949715
6.87089,4.98271,6.87089,1.21823,856.833,703.343,0.0,0.0,0.4828,0.396313,0.0,0,0.0034213993,0.3141958148,0.2954867933191324
4.09039,3.62411,4.09039,1.61904,470.381,290.531,0.0,0.0,0.4766,0.294372,0.0,0,0.0020081108,0.1793496714,0.2899379351528489
5.16051,3.4158,5.15302,1.53177,706.487,461.221,0.0,0.0,0.4352,0.284115,0.0,1,0.0131099725,0.8412174772,0.8440548250257237
6.39219,4.6444,6.38001,1.02837,1438.77,1399.08,0.0,0.0,0.541,0.526076,0.0,1,0.0058075396,0.5348087311,0.48905385826009273
4.88805,4.01037,4.88805,1.43329,945.622,659.759,0.0,0.0,0.4914,0.342849,0.0,1,0.0063355483,0.5350671445,0.5209541131431019
5.91503,4.28149,5.90688,1.32412,773.007,583.789,0.0,0.0,0.4832,0.364921,0.0,1,0.0030607785,0.2712979743,0.23123074954167305
5.05411,4.785,5.05411,1.40153,572.024,408.141,0.0,0.0,0.4148,0.295961,0.0,1,0.0124710673,0.8159179388,0.7766068484405648
5.33632,3.54871,5.31165,1.34842,1018.67,755.456,0.0,0.0,0.5336,0.395722,0.0,1,0.0186227361,1.313224935,1.3374173804966998
4.79857,4.01377,4.75701,1.19981,1900.99,1584.41,0.0,0.0,0.5936,0.494745,0.0,1,0.0089653195,0.8234233546999999,0.8295770775215082
4.77299,3.85637,4.77299,0.998724,1292.16,1293.81,0.0,0.0,0.5602,0.560915,0.0,1,0.0109745733,0.9053264922,0.9239064829560104
18.9972,17.57546,18.98876,0.325331,1156.9,3556.08,0.0,0.0,0.873,2.68342,0.0,1,0.002814054,0.3140901879,0.2837191714101345
11.63969,10.91793,11.63255,0.407232,1818.5,4465.52,0.0,0.0,0.8666,2.12803,0.0,1,0.0029198453,0.2732298332,0.29120436063128435
5.75377,5.01577,5.75377,3.73963,1778.59,475.605,0.0,0.0,0.5632,0.150603,0.0,1,0.0018754064,0.1808661388,0.12378830152128584
5.33987,4.51439,5.31648,2.64413,741.105,280.284,75.85,28.6862,0.5,0.189098,0.0,0,0.0012288703,0.1159165829,0.23022268398007273
6.82408,6.14054,6.82408,2.34011,1768.65,755.799,0.0,0.0,0.6164,0.263406,0.0,1,0.0021142396,0.1977480723999999,0.15914228047262624
5.3241,4.46702,5.296,2.91222,763.155,262.053,0.0,0.0,0.467,0.160359,0.0,1,0.0002966988,0.0305546659,0.06454778458985999
5.27771,4.42008,5.27771,2.93369,723.725,246.694,0.0,0.0,0.4474,0.152504,0.0,1,0.000303151,0.0309491431999999,0.06655037187247592
6.02953,4.07384,5.91743,2.29908,1875.55,815.783,0.0,0.0,0.6102,0.26541,0.0,1,0.0016900253,0.1634936427,0.14144622245768357
4.63332,3.88728,4.61559,1.24361,944.143,759.198,93.0933,74.8575,0.5198,0.417978,0.0,1,0.0155948325,1.1094838352,1.1044751049717436
4.92982,3.72004,4.92982,1.77302,851.953,480.51,0.0,0.0,0.4508,0.254256,0.0,0,0.0031979241,0.2943364334,0.30436175359254164
4.66461,3.62215,4.66149,1.84563,725.213,392.936,0.0,0.0,0.435,0.235692,0.0,0,0.0031886007,0.2828733207,0.34208169212263323
4.90414,3.69066,4.90414,1.79444,798.923,445.222,0.0,0.0,0.4496,0.250552,0.0,0,0.0034045926,0.3062532845,0.31211993710592834
7.09885,6.53196,7.09077,0.672755,2256.65,3354.34,0.591427,0.879112,0.6938,1.03128,0.0,1,0.0053826151,0.5197954996,0.5380282458131083
9.62468,7.97439,9.62468,0.668028,2323.97,3478.84,0.0,0.0,0.7968,1.19276,0.0,0,0.0019752814,0.1941672092,0.22477423114390394
5.43148,4.91725,5.43148,1.632,451.699,276.776,0.0,0.0,0.4036,0.247304,0.0,1,0.0014875399,0.1289820545,0.1253268446802005
6.30911,4.65211,6.30565,1.66761,3310.63,1985.26,0.0,0.0,0.756,0.453344,0.0,1,0.0006903954,0.0684010236,0.11604139468732166
5.9343,4.39186,5.9343,1.47756,1345.05,910.315,0.0,0.0,0.5408,0.366009,0.0,1,0.0062844739,0.5599740129999999,0.5070131368262429
4.99635,3.98785,4.76329,1.3412,2179.84,1625.29,0.0,0.0,0.601,0.448105,0.0,0,0.0041927094,0.4024309064,0.45434116756195486
8.29315,6.04438,8.28681,0.809806,2146.39,2650.49,0.0,0.0,0.6716,0.829334,0.0,0,0.006257917,0.6067751663000001,0.5874229368790904
6.08641,4.10073,6.08269,2.74632,690.446,251.407,0.0,0.0,0.433,0.157665,0.0,1,0.0009110938,0.0825633055,0.06041156254832991
15.05124,7.91583,15.05124,0.593338,2225.74,3751.22,0.0,0.0,0.8098,1.36482,0.0,0,0.0032914811,0.3238679367,0.35391271552865755
14.97276,6.60675,14.97057,0.720686,2039.23,2829.56,0.0,0.0,0.7584,1.05233,0.0,0,0.0032415497,0.3151382008,0.34270653374153226
15.04959,5.6073,15.03522,0.712902,1939.67,2720.81,0.0,0.0,0.7442,1.0439,0.0,0,0.0044502873,0.4320734683,0.41791277863354226
20.93415,10.62864,20.9324,0.373403,1788.47,4789.64,0.0,0.0,0.862,2.3085,0.0,0,0.0043466701,0.4407069371,0.40995742157922127
11.33412,8.20992,11.33412,0.445208,2301.41,5169.29,0.0,0.0,0.8028,1.8032,0.0,1,0.0037169096,0.352411802,0.3881754682550253
11.56522,8.64377,10.65601,0.433579,2251.34,5192.46,0.0,0.0,0.8194,1.88985,0.0,1,0.0036943527,0.3773538690999999,0.3867810373476181
6.13983,5.63757,6.13983,1.11988,1513.16,1351.17,0.0,0.0,0.5868,0.523983,0.0,0,0.007467026,0.6547421345000001,0.6863083915609879
10.28948,6.13196,9.71774,0.910166,1438.69,1580.69,202.393,222.369,0.6216,0.682952,0.0,1,0.0099440224,0.7906312623999999,0.7416225405277533
10.40168,6.18945,10.40168,0.9137,1441.31,1577.44,199.174,217.986,0.6294,0.688847,0.0,1,0.0107027384,0.827560053,0.7615528851773886
6.67559,6.34874,6.67559,1.77157,892.601,503.846,0.0,0.0,0.3714,0.209644,0.0,0,0.0071342692,0.576241925,0.5688893253875217
5.43531,4.50362,5.41958,2.18747,2824.93,1291.41,0.0,0.0,0.6522,0.298153,0.0,1,0.0008909572,0.0880599225999999,0.07921532651448904
5.06643,4.39448,5.0661,2.67676,2557.25,955.354,0.0,0.0,0.6308,0.235658,0.0,1,0.000631236,0.0594912818,0.1240501053278511
5.17106,4.13348,5.16647,3.01069,2149.74,714.036,0.0,0.0,0.6124,0.203408,0.0,1,0.0005882011,0.0594310595,0.11223360729532728
7.25975,4.31318,7.25513,0.959509,2426.34,2528.73,0.0,0.0,0.7032,0.732875,0.0,1,0.0043311288,0.4113923609,0.43140506252442107
10.25144,8.68741,10.25144,0.847968,1429.66,1685.99,106.489,125.581,0.6438,0.759227,0.0,1,0.0100483623,0.7344038626999999,0.723078009218503
10.61507,9.35673,10.60597,0.815931,1600.87,1962.02,0.0,0.0,0.6556,0.803499,0.0,1,0.0092539312,0.7277176247,0.7347882137303228
5.96917,5.11285,5.74626,1.20816,2033.24,1682.93,0.0,0.0,0.6202,0.513343,0.0,1,0.0062687425,0.5908168079999999,0.5405768695948436
9.43184,6.31093,9.42479,1.23596,1610.7,1303.2,0.0,0.0,0.626,0.506488,0.0,0,0.0051429652,0.4137696624,0.4617930089717725
10.26084,8.70015,10.25879,0.680562,2082.85,3060.48,75.8285,111.42,0.7408,1.08851,0.0,0,0.0054218871,0.4899545268,0.5392706146561128
7.46224,7.0558,7.4593,0.947391,1658.83,1750.95,0.0,0.0,0.6114,0.645351,0.0,0,0.0101551713,0.9437261552,0.8940755183472177
7.32559,6.86607,7.31942,0.950432,1658.89,1745.4,0.0,0.0,0.6086,0.640341,0.0,0,0.0100650722,0.9398458867,0.9056261051512605
9.74551,8.51622,9.74551,1.04544,1332.95,1275.02,6.1078,5.84232,0.6136,0.58693,0.0,1,0.0121651664,0.4257109651,0.8017823104548469
5.25614,3.66279,5.25614,1.73248,965.076,557.05,0.0,0.0,0.56,0.323237,0.0,1,0.0096072444,0.7554833556999999,0.7636698274713059
7.0311,5.28936,7.0311,1.03834,1885.29,1815.68,0.0,0.0,0.6226,0.599612,0.0,1,0.0063885316,0.5903726686999999,0.6126802253527397
5.41079,3.41231,5.40089,2.22058,1080.51,486.589,0.0,0.0,0.5328,0.239937,0.0,1,0.003310901,0.3016377095,0.27288666936188755
5.56485,3.57227,5.56485,2.06302,1265.0,613.179,0.0,0.0,0.5486,0.265921,0.0,1,0.0028170397,0.2639833655999999,0.24165655755935417
5.56183,3.59241,5.55524,2.07064,1253.24,605.245,0.0,0.0,0.547,0.26417,0.0,1,0.0028484196,0.2721502705,0.24122356599704825
5.5462,3.57781,5.45874,2.0894,1245.04,595.885,0.0,0.0,0.5448,0.260744,0.0,1,0.0028545054,0.2670843009,0.22007379866055327
5.47293,3.47311,5.47293,2.13433,1158.89,542.974,0.0,0.0,0.5398,0.252913,0.0,1,0.0027570451,0.2579484234,0.206732719140433
5.47507,3.4761,5.45313,2.1363,1116.62,522.688,1.415,0.662358,0.5378,0.251743,0.0,1,0.0026850409,0.2569701387999999,0.21671490039906227
5.44616,3.48144,5.44616,2.1778,1155.98,530.802,0.0,0.0,0.5374,0.246762,0.0,1,0.0028803982,0.2698996625,0.20489349001379842
5.39044,3.4677,5.39044,2.17273,1093.47,503.269,0.185996,0.0856051,0.5364,0.246879,0.0,1,0.0027856336,0.2582462061,0.22568595704705247
5.37684,3.4053,5.1859,2.19821,1066.99,485.393,0.0,0.0,0.5324,0.242197,0.0,1,0.002672053,0.2493940289,0.2096168863324258
7.57594,7.11735,7.57594,0.939011,1706.06,1816.86,0.0,0.0,0.618,0.658139,0.0,0,0.0100850942,0.9545320423,0.8884017581272035
6.18029,3.5251,6.17561,1.28701,834.589,648.47,1.25956,0.978668,0.5024,0.390361,0.0,0,0.0070160002,0.5397832052,0.5433425138218237
6.30224,4.66761,6.30224,1.13784,1442.21,1267.5,266.504,234.219,0.5974,0.525029,0.0,0,0.0091942647,0.8036413765,0.7950493930949514
6.39565,4.30182,6.34251,0.942507,1857.91,1971.24,0.0,0.0,0.5942,0.630446,0.0,1,0.0075030582,0.7262752631,0.7175251231766128
12.53345,9.36877,12.53345,0.673241,1975.18,2933.84,0.0,0.0,0.7674,1.13986,0.0,1,0.0028720688,0.2954451358,0.29880257857302694
4.29785,3.46947,4.29785,1.53852,788.843,512.727,0.0,0.0,0.4966,0.322777,0.0,1,0.0038135012,0.3315896388,0.317166735468215
4.44167,3.60442,4.4347,1.47939,700.956,473.814,0.0,0.0,0.4646,0.314048,0.0,1,0.0041643353,0.3895524055,0.32574583890593556
7.54682,4.16239,7.5307,1.29085,1431.56,1109.01,0.0,0.0,0.5368,0.415851,0.0,1,0.0045010096,0.380258964,0.39572596064857024
11.95194,5.10518,11.95194,0.926552,1894.67,2044.86,37.9561,40.9649,0.6978,0.753115,0.0,1,0.0054356755,0.5043162001,0.48954537034410095
4.91477,3.6019,4.91477,1.33891,1478.66,1104.38,0.0,0.0,0.5598,0.418102,0.0,1,0.0071982683,0.660292196,0.6938476365544916
6.49751,6.10381,6.49751,1.26256,795.165,629.804,0.0342194,0.0271032,0.4812,0.38113,0.0,1,0.0033926403,0.3224493109,0.2895312256645313
5.23981,3.45461,5.21199,2.0444,792.887,387.835,0.0,0.0,0.4572,0.223636,0.0,1,0.0019697904,0.1758230498,0.1800430630157015
4.41106,3.42867,4.41106,1.63804,321.449,196.241,0.0,0.0,0.4172,0.254695,0.0,0,0.0087209896,0.5984797891,0.6391485127599215
4.43428,3.43441,4.41751,1.64611,319.015,193.799,0.0,0.0,0.4126,0.250651,0.0,0,0.0080756735,0.5551294975,0.6149027133121945
4.38581,3.45093,4.3809,1.70718,319.337,187.056,0.0,0.0,0.4042,0.236765,0.0,0,0.0087821669,0.5979181905,0.6393428849853763
5.83216,5.4959,5.8074,2.41757,833.936,344.948,0.748002,0.309402,0.4456,0.184317,0.0,1,0.0288707532,1.6538384829,1.1650024114536894
6.37814,3.95219,6.37814,1.40385,1452.65,1034.76,0.0,0.0,0.5578,0.397337,0.0,1,0.0046518066,0.4383705632,0.41727503606831784
5.53957,5.19564,5.53023,1.2074,1563.35,1294.8,0.0,0.0,0.5696,0.471756,0.0,1,0.0083094739,0.7574216294,0.7310101399814515
6.61542,5.14354,6.60525,1.21526,2002.74,1648.0,0.0,0.0,0.6146,0.505737,0.0,1,0.0070604983,0.6390518281,0.6270140314276265
7.61675,7.30447,7.61675,1.24495,1308.01,1050.65,0.0,0.0,0.569,0.457046,0.0,1,0.0086196242,0.6705347061,0.6791689000029473
11.06416,8.02745,11.06416,0.972371,1585.84,1630.9,0.0,0.0,0.6092,0.62651,0.0,0,0.0043619904,0.4009758343,0.408465679242436
7.0748,4.1882,7.0748,0.915782,1244.35,1358.78,0.0,0.0,0.592,0.646442,0.0,1,0.0040832226,0.3922116253,0.3785430937771773
13.06874,6.51652,13.06768,0.765708,2243.35,2929.77,0.0,0.0,0.7112,0.928814,0.0,1,0.0061660749,0.6070522347999999,0.5928032895089437
5.0309,3.85268,5.0309,1.48251,1155.21,779.228,0.0,0.0,0.5,0.337266,0.0,1,0.0080963266,0.6815899304,0.6688459223421218
4.98722,3.63869,4.98647,1.36019,1078.5,792.905,0.0,0.0,0.4826,0.354803,0.0,1,0.0098802921,0.8064604995,0.8339163928926449
5.04335,3.82798,5.04275,1.49693,1142.39,763.156,0.0,0.0,0.4918,0.328538,0.0,1,0.0082805679,0.693199344,0.6748912497822437
4.99766,3.80728,4.99701,1.51189,1166.85,771.784,0.0,0.0,0.4966,0.328463,0.0,1,0.0080524178,0.6781288403,0.6561187741529508
4.97124,3.7531,4.97064,1.54816,1122.94,725.337,0.0,0.0,0.505,0.326193,0.0,1,0.0078453061,0.6740243951999999,0.6455119696506768
4.97213,3.73339,4.97213,1.55809,1148.96,737.416,0.0,0.0,0.4918,0.315643,0.0,1,0.0077467163,0.6661960524,0.6458968640051138
4.95561,3.7268,4.95492,1.57969,1129.17,714.803,0.0,0.0,0.4908,0.310694,0.0,1,0.0079015349,0.663630808,0.6450874949045757
4.98078,3.65658,4.98016,1.63697,1110.94,678.659,0.0,0.0,0.487,0.297501,0.0,1,0.0074554984,0.6270345099,0.6482189452970559
4.97952,3.62473,4.97952,1.64354,1091.64,664.203,0.0,0.0,0.4882,0.297042,0.0,1,0.0074466216,0.6245401424,0.6448529717509786
5.2439,3.95274,4.46811,3.13806,963.536,307.048,0.0,0.0,0.4846,0.154427,6.37e-05,1,0.0016117739,0.1424531098,0.13718063332575137
5.56549,4.27537,5.53003,1.15001,1036.4,901.217,0.0,0.0,0.5212,0.453215,0.0,1,0.0123639593,0.9088042508,0.9177880295045969
4.49095,3.64747,4.47832,1.68009,831.421,494.867,0.0,0.0,0.4708,0.280223,0.0,1,0.0047524252,0.4168504999,0.42778106956160616
4.38047,3.64592,4.38047,1.73198,794.119,458.504,0.0,0.0,0.4624,0.266978,0.0,1,0.0047561483,0.4182230024,0.43037585210851526
5.83115,4.20879,5.08027,1.7311,2004.82,1158.12,0.0,0.0,0.6554,0.378603,0.0,1,0.0007413323,0.0739766218,0.1158151675366419
7.29475,4.84283,7.29475,1.35618,833.24,614.402,0.0,0.0,0.4816,0.355115,0.0,0,0.0037056225,0.3265606018,0.29240806600575314
6.67757,5.81943,6.67757,1.11834,959.829,858.263,0.0,0.0,0.5032,0.449953,0.0,1,0.001924715,0.1863487717,0.19715936215701924
5.84513,5.03009,5.84513,1.22272,803.232,656.921,0.0,0.0,0.473,0.386841,0.0,1,0.00159792,0.1468019349,0.14313444636716943
11.21755,3.61918,11.21755,0.925375,1521.72,1644.44,0.0,0.0,0.637,0.688369,0.0,0,0.0027002684,0.2704112802,0.3288709076691213
7.56186,4.84974,7.24948,1.40224,2851.33,2033.41,0.0,0.0,0.6898,0.491927,0.0,1,0.005818831,0.5458256662,0.5121875205371895
12.66503,10.75885,12.03091,1.10466,2236.27,2024.41,0.0,0.0,0.7532,0.681842,0.0,1,0.003980173,0.3745536431,0.37464535196761634
9.93361,9.15754,9.92686,1.09302,2331.12,2132.73,0.0,0.0,0.7498,0.685988,0.0,1,0.0033208539,0.320360711,0.3296378938238277
7.59015,4.82509,7.59015,1.39411,2783.36,1996.52,0.0,0.0,0.7034,0.504552,0.0,1,0.0057026336,0.52848379,0.50257726570704
6.95421,5.10297,6.95421,1.53443,2307.47,1503.8,0.0,0.0,0.6448,0.420222,0.0,1,0.007864128,0.7157914483,0.7067790920705236
7.15691,4.93813,7.11128,1.49442,2313.25,1547.92,0.0,0.0,0.6482,0.433746,0.0,1,0.0079980023,0.7156433073999999,0.7125812563989992
9.11282,7.59699,9.11282,1.43722,2463.69,1714.2,0.0,0.0,0.7124,0.495678,0.0,1,0.0029813644,0.2907874104,0.2535031612518179
10.6209,7.98188,10.6209,0.698012,2320.47,3324.4,0.0,0.0,0.7472,1.07047,0.000573056,1,0.0054344349,0.5026976465999999,0.5250975036751246
4.57808,3.51835,4.56928,1.23803,572.381,462.333,0.0,0.0,0.4556,0.368005,0.0,1,0.003569513,0.3031209932,0.3339269412520093
10.77303,6.68088,10.77303,1.37229,1702.91,1240.92,117.774,85.8232,0.672,0.489692,0.000145742,1,0.004252666,0.3444087776,0.40409717734997547
9.89745,6.63764,9.89048,1.19874,1975.94,1648.35,0.0,0.0,0.6738,0.562089,0.0,1,0.0063911215,0.5056005492,0.5869548532129159
11.6148,4.31195,11.6148,2.54245,1508.6,593.364,0.0,0.0,0.575,0.22616,0.0,1,0.0008460742,0.0854206156,0.07429725416662503
11.60166,8.24635,11.58519,1.18111,1100.84,932.042,0.0,0.0,0.5386,0.456012,0.0,1,0.0010901098,0.1111901593999999,0.12411293946374835
4.58864,4.1598,4.58113,1.33735,718.625,537.349,0.0,0.0,0.4534,0.339028,0.0,1,0.0162231385,1.1156359992,1.0897005844499006
8.38054,5.7847,8.27724,0.639206,2434.82,3809.13,4.9539,7.75009,0.7442,1.16426,0.0,1,0.0050971516,0.4831351439,0.5034899712395593
8.35126,5.49783,8.35126,0.626692,2424.85,3869.29,2.07427,3.30987,0.7316,1.1674,0.0,1,0.0048783063,0.4893469482,0.48574610209405034
13.78566,6.83219,13.78098,0.585033,2323.11,3970.91,0.0,0.0,0.7686,1.31377,0.0,1,0.0046087358,0.4385226397999999,0.4558175149695209
13.82069,6.83124,13.8201,0.581484,2340.51,4025.06,0.0,0.0,0.7906,1.35962,0.0,1,0.0046041557,0.4417825331,0.4551543461948031
6.962,4.5443,6.96157,1.14432,1841.89,1609.59,0.0,0.0,0.6018,0.525903,0.0,1,0.0045208446,0.4170464973,0.4187915578884699
6.6554,4.37963,6.6554,0.992256,1823.18,1837.41,0.0,0.0,0.5804,0.58493,0.0,1,0.0048184094,0.4806775162,0.46244803447839905
10.08149,7.22011,10.08149,0.573061,2335.96,4076.29,0.0,0.0,0.7798,1.36076,0.0,1,0.0049624989,0.4866810747999999,0.4699185774558531
7.9765,5.25239,7.9026,0.909449,2139.04,2352.02,0.0,0.0,0.6632,0.729233,0.0,1,0.0056519538,0.5284330702000001,0.5235681705316884
6.04006,4.14792,6.02363,0.993739,1774.39,1785.57,0.0,0.0,0.6108,0.614648,0.0,1,0.0076344971,0.7146514353,0.6891629777116041
9.0167,5.78838,9.01452,1.0207,1622.24,1589.34,0.0,0.0,0.589,0.577054,0.0,1,0.0061315521,0.5655851315,0.557817901674662
6.81302,4.75487,6.75625,1.04896,1506.97,1436.63,0.0,0.0,0.539,0.513843,0.0,0,0.0060769198,0.5574513450999999,0.5436613565382519
5.57968,5.07062,5.57968,1.63787,1052.89,642.84,0.0,0.0,0.4624,0.282318,0.0,0,0.0047187677,0.4042728963,0.4430377384882927
10.23983,9.51593,10.22611,1.29505,1477.19,1140.64,0.0,0.0,0.5948,0.459286,0.0,1,0.0021860941,0.2188403645,0.2058967190482649
5.19961,3.47948,5.18752,1.66805,743.29,445.603,0.0,0.0,0.4886,0.292916,0.0,1,0.0019748494,0.1775730627,0.17868265691599028
7.92371,4.89913,7.91993,0.908491,1989.28,2189.65,0.0,0.0,0.6342,0.69808,0.0,1,0.0092707792,0.7852416453,0.7693160003701778
5.86305,5.34538,5.70782,1.27095,1126.31,886.195,0.0,0.0,0.506,0.398129,0.0,0,0.0068648977,0.6153922531,0.5814562607940489
5.88152,5.35243,5.87056,1.27191,1143.58,899.1,0.0,0.0,0.5064,0.398141,0.0,0,0.0070333752,0.6272261147,0.606077059001498
8.78791,3.92519,8.78786,1.21365,1182.3,974.168,0.0,0.0,0.5234,0.431261,0.0,1,0.0066378028,0.5253154585,0.5857885690862277
8.46111,3.62498,8.46069,1.24571,1153.47,925.96,0.0,0.0,0.5226,0.419521,0.0,1,0.0084213675,0.624715079,0.7340663378413664
12.63938,6.49016,12.62405,0.677616,2253.72,3325.96,0.0,0.0,0.7494,1.10594,0.0,1,0.0080130241,0.7113015345,0.7158351821089176
9.18286,8.73453,9.17503,0.495184,2583.42,5217.09,0.0,0.0,0.8544,1.72542,0.0,1,0.0014616892,0.1444105534999999,0.1750178287540356
9.19024,8.74095,9.18226,0.492814,2582.15,5239.6,0.0,0.0,0.8536,1.73209,0.0,1,0.0014544531,0.1418345072,0.1750178287540356
5.47224,4.77054,5.47224,0.955888,1699.64,1778.08,0.0,0.0,0.613,0.641289,0.0,0,0.0065516568,0.6062107319,0.6307479240846493
7.63453,6.61136,7.601,0.575241,2982.7,5185.13,0.0,0.0,0.779,1.35421,0.0,1,0.0049856022,0.4654637127,0.5034331744101939
4.90808,3.54046,4.59353,3.60105,1300.0,361.007,0.0,0.0,0.5304,0.14729,0.0,1,0.0005322782,0.0529567797,0.08914956726803613
4.23795,3.61938,4.23534,1.81883,688.208,378.378,0.0,0.0,0.424,0.233116,0.0,0,0.0038101311,0.3505939835,0.40317408186181575
8.66462,5.10134,8.65703,0.830188,1832.92,2207.84,0.0,0.0,0.646,0.778137,0.0,1,0.0072644536,0.678983379,0.6333423027199135
6.76077,5.17427,6.21591,1.08432,1568.49,1446.52,0.0,0.0,0.5588,0.515345,0.0,0,0.0101734716,0.8664924053,0.9268490442075323
5.65308,5.10575,5.50654,1.08357,1441.7,1330.51,0.0,0.0,0.5522,0.509612,0.0,0,0.0146035594,1.204145628,1.2038108587220475
6.01885,5.05908,5.99018,0.890782,1989.22,2233.11,0.0,0.0,0.6458,0.724981,0.0,1,0.0120820848,1.0510883423,0.9414728040878275
7.68652,6.98261,7.68519,1.19569,1340.21,1120.87,0.0,0.0,0.551,0.460823,0.0,1,0.0037664572,0.3546023360999999,0.3498682182375885
4.62524,4.02529,4.62419,2.01313,877.337,435.807,0.0,0.0,0.4672,0.232076,9.93e-05,0,0.0047350509,0.4156437890999999,0.4457038878732823
4.70314,4.11847,4.7011,1.94101,957.405,493.252,0.0,0.0,0.4856,0.250179,0.000103039,0,0.0046285737,0.4024859135,0.43477402245512314
4.678,4.09417,4.67712,1.98147,941.234,475.017,0.0,0.0,0.4712,0.237803,0.000100935,0,0.0047520376,0.4079606065,0.4542894243549621
11.53586,5.50716,8.36401,1.01632,2227.68,2191.92,0.0,0.0,0.6942,0.683055,0.0,1,0.0082260715,0.7845424948,0.742971770458423
12.19685,4.3543,12.19496,0.882362,2411.33,2732.81,0.0,0.0,0.7004,0.793779,0.0,1,0.0087404812,0.8173422231999999,0.7458876504956542
8.72809,7.46409,8.72809,0.942162,2285.98,2426.31,0.0,0.0,0.718,0.762077,0.0,1,0.0026830252,0.2515580943,0.2642980997745065
10.3431,8.94026,10.3375,1.11121,2058.72,1852.68,0.0,0.0,0.6522,0.586926,0.000719933,1,0.0040308007,0.3867756538,0.3890351573847303
12.01377,10.18099,12.01377,0.963545,2126.75,2207.22,0.0,0.0,0.6966,0.722955,0.0,1,0.0046971017,0.4439442093,0.43399556386186644
12.83976,11.91501,12.83976,0.685959,2103.01,3065.8,0.0,0.0,0.7502,1.09365,0.000291563,1,0.0039755133,0.3806852096999999,0.39048983475659543
5.00416,3.86566,5.00416,1.13683,1255.14,1104.07,0.0,0.0,0.5352,0.470783,0.0,0,0.0148517041,1.1384265103,1.266504228757016
7.33047,5.25494,7.19533,0.879553,2401.32,2730.16,0.0,0.0,0.685,0.778805,0.0,1,0.0055699555,0.533228536,0.5250228266943794
5.64254,3.51162,5.62378,1.23268,1079.22,875.507,0.0,0.0,0.5468,0.443586,0.0,1,0.0068577264,0.5747614229,0.6035432093299834
7.45113,4.52945,7.45095,1.32558,1000.06,754.431,0.0,0.0,0.5014,0.378249,0.0,1,0.0026857708,0.2489086063,0.2234735059963429
11.67849,9.57613,11.66558,0.426775,2035.73,4770.02,0.0,0.0,0.8318,1.94903,0.0,0,0.0017741379,0.1907960101,0.21030261245608384
10.65116,5.48487,10.46238,0.840538,2241.03,2666.18,0.0,0.0,0.709,0.843508,0.0,1,0.007305238,0.6780648751,0.6863919637013067
5.34059,3.74867,5.34025,1.39658,907.085,649.503,0.0,0.0,0.4828,0.345701,0.0,1,0.0145965939,0.5242291728,1.0322457349346792
4.3604,3.42673,4.35329,1.50899,684.051,453.317,0.0,0.0,0.4548,0.301394,0.0,0,0.0066717682,0.5989195024,0.5946716280507969
8.92635,6.96534,8.92635,0.799593,1925.59,2408.22,0.0,0.0,0.6678,0.835175,0.0,1,0.0046967454,0.4550601963,0.44781261693081076
9.74436,7.85759,9.7385,0.884315,1769.89,2001.42,0.0,0.0,0.6546,0.740234,0.0,1,0.0048949165,0.4607047526,0.4505436183920584
7.69209,6.08736,7.69209,1.80232,1148.27,637.106,0.0,0.0,0.5264,0.292069,0.0,1,0.0016907471,0.1694534489,0.14632032831683628
4.75347,3.71612,4.73943,1.3675,535.723,391.753,0.0,0.0,0.4534,0.331553,0.0,1,0.0094529755,0.6504745885000001,0.6927824832428418
6.08793,3.97207,6.06402,1.14221,1213.02,1061.99,0.0,0.0,0.5254,0.459984,0.0,1,0.0095784057,0.7993906509,0.8102880908748443
5.00328,3.89627,5.00219,1.37708,632.788,459.514,0.0,0.0,0.4448,0.323002,0.0,1,0.0080723911,0.5928056901,0.6164063860354984
5.39674,3.78301,5.31113,0.83454,2154.55,2581.72,0.0,0.0,0.6546,0.784384,0.0,0,0.0095568281,0.8949094020999999,0.8883638141208453
5.10587,3.69765,5.10587,1.24278,879.237,707.477,0.0,0.0,0.5044,0.405865,0.0,1,0.0115130275,0.8457771415,0.9010734568626061
5.9241,3.78187,5.9241,1.17049,1289.9,1102.02,0.0,0.0,0.5438,0.464593,0.0,1,0.0057860876,0.5103160342,0.4878514750271865
6.88268,6.30555,6.87572,1.51625,1264.35,833.868,0.0,0.0,0.5472,0.36089,0.0,1,0.0057697273,0.5163744483,0.4422472706205273
5.0954,4.12899,5.0954,1.32897,1274.07,958.69,0.0,0.0,0.5378,0.404673,0.0,0,0.0177640414,1.350288234,1.4021782208723916
8.81259,5.05152,8.81259,1.42533,1454.27,1020.3,0.0,0.0,0.5856,0.410852,0.0,0,0.0051955706,0.4662837656,0.46865215959400053
5.30554,4.43053,5.27741,1.28243,1799.46,1403.16,0.0,0.0,0.6102,0.475814,0.0,0,0.0098627407,0.8620869746,0.9143505946362622
5.25592,4.31073,5.18518,1.28541,1797.52,1398.4,0.0,0.0,0.597,0.464442,0.0,0,0.0094851325,0.8517129117,0.848250683255968
5.24833,4.2623,5.18742,1.29046,1800.98,1395.62,0.0,0.0,0.6108,0.473321,0.0,0,0.010076683,0.8674408809999999,0.9186341080228791
6.75428,5.6916,6.72807,1.40497,1349.29,960.372,0.0,0.0,0.5342,0.380221,0.0,0,0.0063380017,0.5613124545,0.5329230829128517
6.73405,5.67186,6.7278,1.40899,1346.64,955.749,0.0,0.0,0.5328,0.378145,0.0,0,0.0064852153,0.5622934443,0.5535067684441264
6.73192,5.66128,6.64205,1.40989,1345.84,954.57,0.0,0.0,0.5322,0.377477,0.0,0,0.006429196,0.5638202969,0.5547298517531183
6.9676,6.06182,6.9676,1.36538,1434.64,1050.72,0.0,0.0,0.5472,0.400767,0.0,0,0.006249413,0.5470392485,0.5273916035757378
6.78739,5.78928,6.78739,1.3933,1363.04,978.277,0.0,0.0,0.5382,0.386276,0.0,0,0.0061347688,0.553506225,0.5255482879746431
6.3973,4.82556,6.3973,1.43147,1333.03,931.231,0.0,0.0,0.5244,0.366336,0.0,1,0.006800487,0.5785711871,0.5590925084317027
6.44994,4.84687,6.44994,1.43017,1343.92,939.69,0.0,0.0,0.5242,0.366529,0.0,1,0.0067883277,0.5944737307,0.5678348462813816
6.7467,5.80608,6.7467,1.39203,1364.88,980.494,0.0,0.0,0.5394,0.387491,0.0,1,0.0060500884,0.5394688213000001,0.5247901624888033
7.22634,6.19526,7.22634,1.36351,1450.27,1063.63,0.0,0.0,0.544,0.398969,0.0,1,0.0061126216,0.5709942461,0.5195607715836537
7.24893,6.31165,7.23441,1.36801,1456.76,1064.88,0.0,0.0,0.538,0.393273,0.0,0,0.0060379292,0.5463370526,0.5254813131815759
7.05543,5.76553,7.05417,1.36444,1437.77,1053.75,0.0,0.0,0.5426,0.397672,0.0,1,0.0061647326,0.5649042059,0.5213089244447818
7.12445,6.33134,7.12445,1.37347,1444.41,1051.64,0.0,0.0,0.5478,0.398843,0.0,1,0.0063979294,0.5795441431,0.556993214081937
7.33038,6.15605,7.3245,1.35339,1467.91,1084.62,0.0,0.0,0.5522,0.408012,0.0,1,0.0059601969,0.5480410827000001,0.5057664324787098
5.82794,3.93449,5.82794,1.54928,1195.21,771.464,0.0,0.0,0.4896,0.316018,0.0,1,0.0077471703,0.6549433481,0.636892979400617
6.28796,4.55194,6.20677,1.47064,1312.34,892.358,0.0,0.0,0.5172,0.351684,0.0,1,0.0072469046,0.6305154431000001,0.6172982785655337
6.88083,5.87111,6.87535,1.38485,1391.22,1004.61,0.0,0.0,0.5404,0.390224,0.0,0,0.0065242986,0.5691317117,0.5735808752871983
12.89356,7.93773,12.89356,0.721487,1897.63,2630.17,77.994,108.102,0.7242,1.00376,0.0,1,0.0075444406,0.6458894602,0.5986793328894845
4.32284,3.50203,4.32284,1.44521,1297.96,898.111,0.0,0.0,0.6006,0.41558,0.0,0,0.0072813681,0.6666655118,0.6731527220659873
10.32812,8.91862,10.31469,1.07802,2014.96,1869.13,0.0,0.0,0.7346,0.681437,0.0,1,0.003221888,0.3142567228,0.3189121908481437
6.69684,4.77946,6.69684,1.08358,2483.86,2292.26,0.0,0.0,0.649,0.598939,0.0,1,0.0050176059,0.4805960057,0.47820715369885686
6.81796,5.05367,6.81796,1.05868,2313.65,2185.42,0.0,0.0,0.6546,0.61832,0.0,1,0.0048303368,0.4800913364999999,0.46549244530757633
6.6678,4.96877,6.6678,1.10092,2405.28,2184.79,0.0,0.0,0.6552,0.595139,0.0,1,0.0051644094,0.5078604698,0.4957274371435515
6.80904,5.16362,6.80904,1.11208,2257.09,2029.61,0.0,0.0,0.6478,0.582511,0.0,1,0.0053134712,0.4961794813,0.5197415150687011
5.81491,4.70834,5.54365,1.17141,2276.97,1943.78,0.0,0.0,0.6496,0.554545,0.0,1,0.0040304625,0.3752945151,0.38853650148698277
6.79458,5.19238,6.79458,1.13284,2254.4,1990.05,0.0,0.0,0.6454,0.569721,0.0,1,0.0051093547,0.4917348842,0.49515232492759886
6.74215,5.18388,6.74215,1.16256,2288.23,1968.27,0.0,0.0,0.6442,0.554124,0.0,1,0.0048741372,0.4786587322999999,0.4644733648190765
5.92538,4.00393,5.92538,2.21544,1336.48,603.256,0.0,0.0,0.5274,0.238056,0.0,1,0.0015206048,0.1471594446,0.10919257464018783
5.84738,4.10522,5.84738,1.34804,1113.36,825.908,0.0,0.0,0.511,0.379069,0.0,1,0.0087866817,0.6826339501,0.674702912458228
5.81183,4.79897,5.70377,1.51395,1510.72,997.869,0.0,0.0,0.6306,0.416527,0.0,0,0.0059091824,0.5336104742000001,0.49011812879008204
5.78427,4.68209,5.77551,1.52654,1503.21,984.721,0.0,0.0,0.622,0.407458,0.0,0,0.0061944162,0.5464459934,0.5151681514503942
6.68041,4.65647,6.65888,0.848377,2297.1,2707.64,0.0,0.0,0.6174,0.727742,0.0,0,0.0093872271,0.8602312951000001,0.8672011968482554
4.93842,4.37104,4.93842,1.56386,2303.31,1472.84,0.0,0.0,0.6098,0.389934,0.0,0,0.0031544587,0.3075271053,0.29079479082029785
4.84869,4.31374,4.84869,1.3172,2256.73,1713.27,0.0,0.0,0.6028,0.457637,0.0,1,0.005083184,0.4946380118,0.5308899384800582
4.30967,3.74181,4.30967,1.76757,1105.02,625.163,0.0,0.0,0.5662,0.320327,0.0,0,0.0101338711,0.8027352538,0.8253844867277376
7.6272,6.3767,7.6272,1.10873,1926.39,1737.47,0.0,0.0,0.6356,0.573266,0.0,1,0.0056952344,0.5321266737,0.5188602977829377
13.34989,4.00312,13.34989,0.730238,1776.02,2432.11,0.0,0.0,0.6852,0.938325,0.0,0,0.0071308744,0.6554961886999999,0.6280047390179202
13.10841,3.92348,13.10841,0.806398,1723.78,2137.62,0.0,0.0,0.6526,0.809278,0.0,0,0.0078924201,0.7040821866,0.7037160751032153
6.17269,4.02251,6.17269,1.31229,854.868,651.434,42.1748,32.1384,0.5236,0.398999,0.0,1,0.0054922123,0.3589173714,0.44932750829169626
6.69286,4.9654,6.69286,1.28252,924.55,720.888,100.648,78.477,0.5186,0.404362,0.0,1,0.0052639051,0.4533036149,0.46491027408159047
6.67679,5.04188,6.67679,1.28811,935.874,726.551,97.6899,75.84,0.5222,0.405402,0.0,1,0.0053038628,0.4846557111999999,0.4773429557341933
5.27695,4.27032,5.27695,0.98944,1543.01,1559.48,0.0,0.0,0.5212,0.526762,0.0,1,0.0042816336,0.4056951506,0.45010613380225595
8.8715,5.37575,8.86492,1.06655,1848.87,1733.49,0.0,0.0,0.6318,0.592375,0.0,1,0.0090555286,0.7591133532,0.7247903722204212
6.33794,4.33255,6.21155,1.43397,1521.86,1061.29,0.0,0.0,0.5584,0.389408,0.0,1,0.0065360325,0.5870028104999999,0.563509845206479
5.3745,3.92262,5.34265,1.5074,1102.05,731.093,0.0,0.0,0.4832,0.320551,0.0,1,0.00972653,0.7718594148000001,0.7627709579738303
4.83999,3.93851,4.82956,1.53551,1049.12,683.243,0.0,0.0,0.4838,0.315075,0.0,1,0.008271898,0.6690709789,0.6324238797657413
4.91998,4.00691,4.90722,1.50366,1094.53,727.909,0.0,0.0,0.4888,0.325073,0.0,1,0.0083178746,0.6732128809000001,0.6514700360724742
6.54739,5.55468,6.37809,0.995743,2287.2,2296.98,0.0,0.0,0.6682,0.671057,0.0,1,0.0054779576,0.5269605447,0.5288997183168798
6.45735,5.55117,6.42218,0.997683,2278.25,2283.54,0.0,0.0,0.6672,0.66875,0.0,1,0.0058432307,0.5542798962,0.5600682406553181
6.36107,5.38638,6.36107,1.35369,1897.91,1402.03,0.0,0.0,0.613,0.452836,0.0,1,0.0041302602,0.4063801278,0.3764043815031898
4.96455,3.52189,4.96455,1.2876,515.857,400.635,170.93,132.751,0.4632,0.35974,0.0,0,0.0131494407,0.8558604268000001,0.840898691230076
4.52116,3.71878,4.50868,1.669,563.834,337.828,0.0,0.0,0.4256,0.255003,0.0,1,0.0034625617,0.3190796027,0.29756117335108107
4.517,3.6203,4.517,1.14036,1567.35,1374.43,0.0,0.0,0.607,0.532288,0.0,0,0.0094769213,0.8328245808,0.8610803663553299
4.25922,3.99552,4.25922,1.59647,254.293,159.284,0.0,0.0,0.3716,0.232763,0.0,0,0.0031473863,0.2478471241,0.2655928749755101
8.06678,6.82094,8.05126,1.11278,1981.43,1780.62,0.0,0.0,0.6252,0.561838,0.0,1,0.0057410774,0.5438851738,0.5126821734428723
6.02152,4.9088,6.0177,1.04306,2495.54,2392.52,0.0,0.0,0.6576,0.630455,0.0,1,0.0072432386,0.6480949679,0.6785260317054532
6.09706,5.36823,6.07492,1.05799,2424.88,2291.97,0.0,0.0,0.6762,0.639136,0.0,1,0.0070413644,0.6743451855,0.6508447296316204
11.18858,8.47337,10.82571,0.877,1675.84,1910.87,0.0,0.0,0.721,0.822121,0.0,1,0.0016510592,0.1642803943,0.16137428980652369
11.25293,8.38573,11.25293,0.979503,1671.61,1706.59,0.0,0.0,0.7086,0.723428,0.0,1,0.001481376,0.1480383321,0.15958426829937267
8.27068,4.14256,8.27068,0.819136,1552.0,1894.68,19.4699,23.7688,0.6382,0.779114,0.0,1,0.0035706671,0.3530353165,0.38903747160878316
8.54083,3.87619,8.54083,1.52305,1283.51,842.727,0.0,0.0,0.5696,0.373988,0.0,1,0.001505596,0.1504722935,0.13568592977369687
5.23017,3.49325,5.23017,1.44837,343.252,236.992,0.0,0.0,0.4076,0.281419,0.0,0,0.0066435826,0.4442513052,0.4913101661935473
10.9668,6.77359,10.9668,1.34773,1718.01,1274.74,128.947,95.6773,0.6772,0.502475,0.0,1,0.0038897851,0.3279312504,0.3763752115317561
10.76753,6.65722,10.58024,1.36537,1690.78,1238.34,127.443,93.34,0.6754,0.494666,0.0,1,0.0041768587,0.3413566012,0.38360291703736643
6.22751,4.77221,6.20611,1.4177,461.655,325.637,178.147,125.659,0.4768,0.33632,0.0,0,0.0022649929,0.2149751687,0.3133383398291646
4.98437,3.71955,4.67631,1.89432,1307.11,690.013,0.0,0.0,0.588,0.310402,0.0,1,0.0026701488,0.2400694993,0.22649126836462868
7.25351,7.13068,7.2425,1.02495,1673.9,1633.14,0.0,0.0,0.6088,0.593978,0.0,0,0.0070147746,0.678368973,0.6206993683321766
7.24683,7.11371,7.24683,1.02502,1683.52,1642.43,0.0,0.0,0.597,0.58243,0.0,0,0.0070163174,0.6791778756,0.6183446623773057
7.06551,3.91163,7.06551,1.10612,1247.35,1127.68,0.0,0.0,0.5336,0.482408,0.0,1,0.0148535241,1.0328456344,1.1458911847615096
9.58473,9.08126,9.58473,0.865744,1381.13,1595.31,0.0,0.0,0.6118,0.706675,0.0,0,0.0028494001,0.2753767548,0.2778530459822677
5.61373,5.00672,5.60841,1.03591,1864.27,1799.64,0.0,0.0,0.6158,0.594451,0.0,0,0.0087439867,0.8190074527,0.7948171242526257
4.43208,4.25139,4.42906,1.35435,1660.17,1225.81,0.0,0.0,0.5858,0.432533,0.0,0,0.0242593531,1.8450652367,1.6741462563232254
13.28738,7.77882,13.22247,0.710367,1789.01,2518.43,0.0,0.0,0.7024,0.988785,0.0,1,0.0024302932,0.2470947546,0.254286912097039
6.05951,4.4083,6.05951,0.950557,1966.63,2068.92,0.0,0.0,0.6264,0.658982,0.0,0,0.0077065106,0.7204222408,0.719149787647411
8.81916,5.67239,8.81916,0.860889,2066.43,2400.34,0.0,0.0,0.7104,0.825193,0.0,1,0.0038322968,0.3641274439,0.37146936824707105
5.5848,3.98697,5.5848,1.1948,1036.21,867.268,0.0,0.0,0.5148,0.430868,0.0,0,0.0069816056,0.5712837311,0.6096417786470162
6.22107,4.0898,6.22107,1.22274,852.187,696.948,9.45855,7.73552,0.5232,0.427891,0.0,1,0.0021422132,0.1879148107,0.209340524251464
8.12774,5.83469,8.12774,0.997324,2427.09,2433.6,0.0,0.0,0.6904,0.692252,0.0,1,0.0056045748,0.5229145768,0.5267648626748427
8.23387,5.84668,8.15455,0.958955,2430.13,2534.15,0.0,0.0,0.6902,0.719741,0.0,1,0.0046184767,0.4586588043,0.45083563882264005
8.18337,5.84697,8.18337,0.974997,2429.97,2492.29,0.0,0.0,0.6902,0.7079,0.0,1,0.0047316006,0.4524337972999999,0.46171431567588356
4.93073,3.99192,4.90572,1.26506,819.807,648.04,0.0,0.0,0.5008,0.395872,0.0,0,0.0129396633,0.9072412422,0.9441110675697496
6.01873,4.52997,6.01625,1.02499,1441.95,1406.78,0.0,0.0,0.5778,0.563711,0.0,1,0.0067294281,0.5990047635,0.5889266508244054
5.22809,3.75233,5.19001,1.80933,1456.46,804.973,0.0,0.0,0.5686,0.314261,0.0,1,0.0049267898,0.4412088047,0.39058931709881667
4.87284,4.37059,4.87284,1.23337,902.039,731.365,0.0,0.0,0.4534,0.367612,0.0,0,0.0109988003,0.8221335912000001,0.8119887487311855
5.30026,4.78345,5.30026,1.17129,1076.67,919.215,0.0,0.0,0.476,0.406389,0.0,0,0.0105379052,0.8295466277,0.8529793102200802
5.6482,4.90134,5.6482,1.14412,1130.85,988.403,0.0,0.0,0.4858,0.424607,0.0,0,0.0104014803,0.8408072164,0.8632251827268648
5.58794,4.86495,5.58794,1.14902,1119.33,974.163,0.0,0.0,0.4862,0.423145,0.0,0,0.010486285,0.8733777503,0.8785742302179977
5.1372,4.14128,5.1327,1.2462,687.896,551.996,0.0,0.0,0.4534,0.363827,0.0,1,0.0108684833,0.7582429093999999,0.7552794136403075
8.58626,4.2007,8.58626,1.51602,1671.68,1102.68,0.0,0.0,0.5836,0.384955,0.000527697,0,0.0062354389,0.5506834172,0.501003799100622
5.18743,4.58908,5.18743,1.41786,514.897,363.149,0.0,0.0,0.4536,0.319918,0.0,1,0.0051491779,0.3963780496,0.43403179210058224
4.86841,4.201,4.86841,1.36805,410.17,299.821,0.0,0.0,0.4216,0.308176,0.0,1,0.0057154344,0.4503243667,0.43581904043992536
5.4535,4.4976,5.43411,1.36504,878.599,643.645,0.0,0.0,0.4944,0.362188,0.0,1,0.0049346353,0.4275840282,0.3909812534326647
6.22091,4.91314,6.06649,1.26527,1070.0,845.668,0.0,0.0,0.5366,0.4241,0.0,1,0.0041368913,0.3850012268,0.3551791726680012
5.27092,4.42324,5.21472,1.00292,1781.29,1776.11,0.0,0.0,0.602,0.600249,0.0,0,0.0109609716,1.0081673722,0.9962585354678206
5.09593,4.42786,5.07986,1.44576,1054.74,729.539,0.0,0.0,0.5038,0.348468,0.0,1,0.0072147996,0.6265648386,0.5782110527359938
5.29132,3.67742,5.0134,1.09277,1448.77,1325.78,0.0139318,0.0127491,0.5368,0.49123,0.0,1,0.005360433,0.4660474494,0.5381317050368668
4.49645,4.20268,4.49184,1.20151,964.988,803.144,198.183,164.944,0.618,0.514351,0.0,0,0.0034203844,0.3362688725,0.42500791781196656
4.84612,4.0465,4.84612,1.4121,763.799,540.896,0.0,0.0,0.426,0.301679,0.0,1,0.0075766266,0.6073069126,0.5919079494713179
6.81612,5.39086,6.79864,1.26269,1165.02,922.651,0.0,0.0,0.5508,0.436212,0.0,1,0.0025529581,0.2476725123,0.2321505194386253
6.37389,4.22376,5.90055,1.46265,2225.33,1521.44,0.0,0.0,0.6474,0.442621,0.0,1,0.0017560059,0.1662569376,0.16373718652394154
5.46748,4.37557,5.46748,1.06062,1170.19,1103.31,0.885384,0.834777,0.5442,0.513094,0.0,1,0.0043495911,0.3997479933,0.4165529719341829
4.74677,3.86448,4.45761,1.13696,582.955,512.733,152.586,134.206,0.5114,0.449797,0.0,1,0.0073781225,0.6475741147999999,0.6355451284625957
4.83565,3.90897,4.83387,1.11657,661.618,592.547,152.346,136.441,0.5228,0.468221,0.0,1,0.0075316286,0.6476421717,0.642644808026907
13.61199,8.61498,13.60121,0.481098,2019.32,4197.32,0.0,0.0,0.7864,1.63459,0.0,1,0.0038415191,0.375211692,0.3781037343965397
7.38233,6.89343,7.38233,1.46524,1454.62,992.751,0.0,0.0,0.557,0.380143,0.0,1,0.0042407202,0.4059909964,0.36507624641755704
5.2216,3.54475,5.2216,1.24357,1161.81,934.26,0.0,0.0,0.5266,0.42346,0.0,1,0.0228385771,1.5519324368,1.6113925058170193
5.42928,5.0549,5.42928,0.789805,2259.65,2861.02,0.0,0.0,0.6494,0.822229,0.0,0,0.0094681025,0.8848876909000001,0.9062274794954251
15.83326,12.70856,15.77354,0.465056,1930.74,4151.64,0.0,0.0,0.8222,1.76796,0.0,1,0.0046948002,0.4392134535999999,0.4418676404663304
9.85392,4.35513,9.85392,0.853176,2077.29,2434.78,0.0,0.0,0.6662,0.780847,0.0,0,0.012169441,0.9956865456,1.0091598808253923
8.56248,6.70705,8.55013,0.843378,1917.39,2273.46,0.0,0.0,0.6388,0.75743,0.0,1,0.0042462371,0.4013419061,0.4120587068145782
5.7048,3.67896,5.62232,1.15456,806.025,698.125,0.0,0.0,0.4918,0.425964,0.0,0,0.0212453171,1.3613542889,1.2571847023339946
9.35143,8.40739,9.35026,0.753404,1654.42,2195.93,0.0,0.0,0.6524,0.865937,0.0,0,0.0047908743,0.4808689452,0.4414548381444373
9.12795,8.03305,9.12795,0.879649,1631.51,1854.72,0.0,0.0,0.6538,0.743251,0.0,0,0.004378709,0.4384989585,0.4131291496568894
9.01677,8.0299,9.01677,0.819291,1611.05,1966.39,0.0,0.0,0.6454,0.787754,0.0,0,0.0060036118,0.5851752764,0.5571200122773103
8.51474,7.6757,8.51474,0.756909,1726.74,2281.31,0.0,0.0,0.6586,0.870118,0.0,0,0.0058290252,0.5571890590999999,0.5176904610977122
7.731,5.84497,7.731,0.960238,2118.84,2206.58,0.0,0.0,0.6484,0.675249,0.0,1,0.0059247794,0.5595332754,0.5699660622150238
16.15249,9.49143,16.1486,0.447193,2181.58,4878.38,0.0,0.0,0.8038,1.79743,0.0,0,0.0045714322,0.45630853,0.44780164816569434
6.52279,5.33991,6.32184,1.08899,1435.02,1317.76,0.0,0.0,0.579,0.531688,0.0,1,0.0059349417,0.5453778474000001,0.5253888148125222
5.47116,3.44168,5.42276,1.84097,1146.35,622.691,0.0,0.0,0.5828,0.316572,0.0,1,0.0024378173,0.2349995872,0.20055310178221497
5.64075,4.31698,5.64026,1.89914,1788.53,941.762,0.0,0.0,0.5702,0.300242,0.0,1,0.0272650749,1.7740584592,1.69140732114991
6.65756,4.5203,6.48608,1.39374,1687.85,1211.03,0.0,0.0,0.5882,0.422031,0.0,1,0.0021393273,0.2118105289,0.22277885330875202
14.29727,6.50644,14.29727,0.67257,2359.31,3507.91,0.0,0.0,0.7568,1.12524,0.0,1,0.0064412851,0.6221421903000001,0.6170715993215536
14.19972,6.54893,14.18609,0.666736,2302.24,3453.0,0.0,0.0,0.7576,1.13628,0.0,1,0.0064412851,0.601658751,0.6221854216310331
13.92314,6.55268,13.92314,0.674226,2354.83,3492.63,0.0,0.0,0.7532,1.11713,0.0,1,0.0067540676,0.6347984382,0.6217151187895472
8.52966,7.16955,8.46063,1.09037,1242.28,1139.32,72.6595,66.6376,0.5784,0.530463,0.0,0,0.0077576818,0.6748427667,0.6643538099752135
8.31522,6.68432,8.30333,1.04032,1268.68,1219.51,89.2086,85.7514,0.5834,0.560791,0.0,0,0.0105845206,0.8623122845000001,0.8256338142159877
8.58478,6.98003,8.57286,1.05217,1307.67,1242.83,85.7897,81.5358,0.5892,0.559985,0.0,0,0.0094829398,0.7745194103,0.7735395278297276
5.21362,4.0339,5.21362,1.50842,1029.25,682.337,0.211472,0.140194,0.5204,0.344996,0.0,1,0.001060967,0.1035675708,0.12400200508439152
7.23633,7.07944,7.22228,1.10849,1601.62,1444.86,0.0,0.0,0.5964,0.538029,0.0,0,0.0074296517,0.7146035591,0.6848155225654168
7.25163,7.0872,7.25163,1.12925,1578.62,1397.94,0.0,0.0,0.5966,0.528317,0.0,0,0.0080100967,0.740562643,0.726538146401269
7.22558,7.07954,7.22145,1.12985,1598.05,1414.39,0.0,0.0,0.5978,0.529098,0.0,0,0.0078787836,0.7537731896,0.723975368427074
5.35554,3.64691,5.34801,1.44151,1313.99,911.54,0.0,0.0,0.536,0.371832,0.0,1,0.0086228333,0.7079895863,0.711514847325436
5.30496,3.71196,5.30496,1.22203,1264.33,1034.61,0.0,0.0,0.5172,0.423229,0.0,1,0.0095265779,0.8038194352,0.8368359896663485
7.25665,7.09719,7.24714,1.10687,1602.27,1447.57,0.0,0.0,0.5958,0.538276,0.0,0,0.0074251434,0.7195671795999999,0.680412594703378
6.5257,5.85477,6.5257,1.16183,1319.81,1135.97,0.0,0.0,0.544,0.468226,0.0,0,0.006919536,0.6163613288,0.6083081657866524
9.12316,6.55123,9.12316,1.31137,1730.77,1319.82,0.0,0.0,0.6458,0.492464,0.0,0,0.0022001054,0.2152568148,0.22495620977077763
8.96134,6.03917,8.96134,1.3138,1736.65,1321.85,0.0,0.0,0.6496,0.494443,0.0,0,0.0023166281,0.225714228,0.23134960482103434
8.43305,5.99885,8.43305,1.37514,1658.2,1205.84,0.0,0.0,0.6292,0.457553,0.0,0,0.0022850287,0.2270335013,0.23079995270844178
6.8791,5.35126,6.8791,1.62906,838.805,514.901,0.0,0.0,0.3778,0.231913,0.0,1,0.0070836213,0.5376619676,0.4901721683325455
6.26684,3.62781,6.26416,1.63231,1189.76,728.882,0.0,0.0,0.5338,0.327022,0.0,1,0.0073628787,0.5984193597999999,0.6561083251800409
5.67537,4.91896,5.66915,1.31877,1672.64,1268.34,0.0,0.0,0.5816,0.441018,0.0,1,0.0032775068,0.305688128,0.3190478461164181
5.79545,4.39914,5.79038,3.73156,1762.91,472.433,0.0,0.0,0.572,0.153287,0.0,1,0.0018072902,0.1760907084,0.11209452363461836
7.36263,6.76595,7.35007,1.28937,1714.12,1329.42,0.0,0.0,0.6144,0.476511,0.0,1,0.0038068569,0.366040199,0.35443640380372604
5.1995,4.26246,5.17527,1.9801,586.64,296.268,0.0,0.0,0.4562,0.230392,0.0,0,0.0035375041,0.2707897269,0.30249868993044887
4.65609,3.80909,4.65088,1.95034,1014.02,519.916,0.0,0.0,0.465,0.238419,0.0,1,0.0023792461,0.2236707530999999,0.2242067105116171
4.81739,3.70783,4.8165,1.82727,1025.9,561.439,0.0,0.0,0.4878,0.266955,0.0,1,0.0024154818,0.2256551057999999,0.24499869011583436
14.84172,10.48506,14.13115,0.799535,924.965,1156.88,197.216,246.664,0.6364,0.795963,0.0,1,0.0044475829,0.3701478544,0.4098923486909653
4.92999,3.7145,4.92517,1.89194,1016.62,537.341,0.0,0.0,0.477,0.252122,0.0,1,0.0024627585,0.2348615248999999,0.22566337382264418
4.67985,3.79401,4.65705,1.90793,1011.46,530.135,0.0,0.0,0.4774,0.250219,0.0,1,0.0024700692,0.2262106522,0.23077769949376004
4.71614,3.90797,4.71614,1.76449,1087.25,616.182,0.0,0.0,0.4914,0.278494,0.0,1,0.0023638902,0.2222372207999999,0.2378588225539996
5.42171,4.28978,5.42171,1.20951,1168.02,965.69,4.12251,3.4084,0.5226,0.432074,0.0,1,0.0036129843,0.3300965530999999,0.4052251600014389
11.53016,8.55287,11.53016,0.606791,2204.88,3633.67,0.0,0.0,0.8008,1.31973,0.0,1,0.0034122342,0.3434219718999999,0.3570265347952482
4.53669,4.03212,4.53669,1.59797,796.91,498.701,0.0,0.0,0.4212,0.263584,0.0,1,0.0080859143,0.6287471045,0.60843855634575
6.83841,4.77149,6.83841,1.02578,1903.53,1855.69,0.0,0.0,0.6082,0.592913,0.0,0,0.0073271526,0.6679128332000001,0.708074213076892
5.57142,4.50196,5.49969,1.52705,956.016,626.056,0.0,0.0,0.4838,0.316821,0.0,1,0.0027796217,0.2547193791,0.21713602335104915
5.35311,4.52327,5.34725,1.54964,901.531,581.768,0.0,0.0,0.481,0.310395,0.0,0,0.0026308824,0.2362730585,0.22587233138629548
4.89361,4.27611,4.89361,1.63035,784.518,481.195,0.0,0.0,0.4718,0.289385,0.0,1,0.0029442087,0.2649013837,0.24250573973254724
4.8913,4.26213,4.88425,1.63875,774.721,472.75,0.0,0.0,0.4632,0.282654,0.0,1,0.0029065277,0.2653861445,0.23482151040097377
4.86763,4.2119,4.84866,1.64912,773.676,469.146,0.0,0.0,0.4688,0.284274,0.0,1,0.0029064947,0.2605676547,0.24260727567140206
4.95666,4.40143,4.92219,1.63957,784.566,478.52,0.0,0.0,0.4652,0.283733,0.0,1,0.0029785482,0.2710651341,0.23818658816995347
4.81694,4.18094,4.81252,1.69685,756.814,446.011,0.0,0.0,0.4616,0.272033,0.0,1,0.0029537739,0.2643942468,0.24107617462612013
4.93663,4.37848,4.91876,1.68898,774.259,458.419,0.0,0.0,0.459,0.271762,0.0,1,0.0031736826,0.2791691136,0.27651558287749706
6.87609,5.10388,6.87609,1.0919,2445.17,2239.37,0.0,0.0,0.6468,0.592361,0.0,1,0.0050727951,0.4960006932999999,0.48993024687217657
11.41573,3.43573,11.41573,0.924186,1463.4,1583.45,0.0,0.0,0.6478,0.700941,0.0,0,0.0028009563,0.2728644053,0.3665405716439255
12.90794,5.24047,12.8925,0.673936,2011.51,2984.72,0.0,0.0,0.742,1.10099,0.0,1,0.0046506839,0.4508054063,0.456989369097351
11.32938,4.75784,11.28719,0.745804,1782.19,2389.63,0.0,0.0,0.6898,0.924908,0.0,1,0.0045879015,0.448635527,0.4350437051690714
11.51198,6.01308,11.45567,0.74228,1782.59,2401.5,0.0,0.0,0.7098,0.956244,0.0,1,0.0044806778,0.4377138761,0.4234204064141387
8.33734,7.34032,8.33734,0.888945,1770.92,1992.16,0.0,0.0,0.637,0.71658,0.0,0,0.0044797276,0.4434223497999999,0.40953226647889324
13.25092,5.37829,12.95797,0.797039,1583.25,1986.41,0.0,0.0,0.6806,0.85391,0.0,1,0.0037737762,0.3667802859,0.36439925520130095
12.559,10.1499,12.53561,0.533674,1990.43,3729.68,0.0,0.0,0.7818,1.46494,0.0,1,0.0065728024,0.5871765438000001,0.5854073124607061
11.36736,8.26719,11.16554,0.777904,1704.81,2191.54,0.0,0.0,0.681,0.875429,0.0,1,0.0056637374,0.5092258447,0.51143137249359
6.57316,4.4573,6.55727,1.65256,1476.29,893.337,1.47172,0.89057,0.5356,0.324103,0.0,1,0.0028998212,0.2146784155,0.2655362572548849
7.63868,5.99081,7.63868,1.64589,749.747,455.527,0.0,0.0,0.4048,0.245946,0.0,1,0.0027153635,0.245668771,0.2007583750374543
5.45459,4.79592,5.43006,1.5554,801.166,515.086,0.0,0.0,0.4652,0.299087,0.0,0,0.0106312948,0.7202049268999999,0.7066338277416249
5.74693,4.41081,5.68235,2.16525,873.054,403.211,0.0,0.0,0.4638,0.214201,0.0,1,0.0012385268,0.1150764464,0.08102455237238282
5.08924,4.38524,5.07804,1.23823,1158.3,935.44,0.0,0.0,0.5392,0.435459,0.0,1,0.0081981936,0.6861794993000001,0.741680234819089
17.28638,15.74639,17.27933,0.293688,1491.04,5076.95,0.0,0.0,0.8788,2.99229,0.0,1,0.0045358231,0.4578584693,0.42108083960262455
4.99663,3.47947,4.98801,1.68897,855.07,506.267,0.0,0.0,0.478,0.283012,0.0,0,0.2064454084,4.0858530742,2.5548826359228842
5.54178,3.96898,5.52138,0.97764,1036.11,1059.8,74.179,75.8756,0.5832,0.596539,0.0,1,0.0107282875,0.8657662803,0.8020377972679226
5.79137,4.59346,5.79018,0.989543,1846.09,1865.6,0.0,0.0,0.6174,0.623924,0.0,0,0.0099702827,0.8966180726,0.9225281492551874
10.76463,6.58995,10.58338,0.833076,2133.05,2560.44,0.0,0.0,0.7044,0.845541,0.0,1,0.0099941919,0.7489707201000001,0.8759836284246405
10.09798,5.67724,10.08611,0.924829,2051.69,2218.46,0.0,0.0,0.69,0.746084,0.0,1,0.0064324559,0.5820777938,0.6147819383288557
9.54146,5.39642,9.54146,0.925869,2090.23,2257.59,1.94532,2.10107,0.6792,0.733581,0.0,1,0.0068279818,0.6276258423,0.5969927479670996
8.47974,5.36674,8.47974,0.984083,2012.57,2045.13,0.0,0.0,0.6646,0.67535,0.0,0,0.0047203189,0.4652376624,0.4404827834747282
5.54956,5.03901,5.54956,1.56747,1415.29,902.91,0.0,0.0,0.5562,0.354839,0.0,0,0.002201911,0.2127707764,0.20810675388200117
3.91214,3.63395,3.91214,1.48389,192.255,129.562,0.0,0.0,0.37,0.249345,0.0,0,0.0010651692,0.0958716492,0.18342963301172366
8.87571,6.35025,8.74283,0.77796,2120.63,2725.88,0.0,0.0,0.673,0.865083,0.0,0,0.0059044885,0.5759360262,0.5741957624366241
7.78612,6.37885,7.6796,0.828568,2134.58,2576.23,0.0,0.0,0.6746,0.814176,0.0,0,0.0055460902,0.554357841,0.5215053969224274
13.10906,11.59751,13.10906,0.53928,2135.2,3959.36,0.0,0.0,0.77,1.42783,0.0,0,0.0038834984,0.3683318922999999,0.3749039011941462
4.86334,3.89341,4.85268,1.78217,1115.48,625.914,0.0,0.0,0.5442,0.305359,0.0,1,0.0037993437,0.3556134864,0.3345692516256739
7.13681,4.81158,7.13681,1.15152,1310.71,1138.24,0.0,0.0,0.528,0.458524,0.0,0,0.0046856723,0.4319577811,0.40903519117788556
7.75569,7.04294,7.74271,0.956692,1636.76,1710.86,0.0,0.0,0.6308,0.659355,0.0,0,0.0054163994,0.5180484274,0.502761080499454
5.11637,4.26776,5.11637,1.65956,1220.45,735.403,0.0,0.0,0.5874,0.353949,0.0,0,0.0078452738,0.6508792218,0.6608559078005394
5.18964,4.3206,5.16791,1.64976,1282.11,777.148,0.0,0.0,0.607,0.367932,0.0,0,0.0079939452,0.6670766649000001,0.6645065197096909
5.38209,4.56613,5.38209,1.67781,1972.59,1175.69,0.0,0.0,0.6206,0.369888,0.0,1,0.0017892279,0.1706617022,0.1687425455577608
6.69079,4.0118,6.69079,1.28432,1495.32,1164.29,0.0,0.0,0.569,0.443036,0.0,1,0.0107544877,0.9050239743,0.8755662205457555
9.23636,5.60978,9.22645,0.773392,2340.66,3026.49,0.0,0.0,0.7012,0.906656,0.0,1,0.0087805871,0.7140281945999999,0.7778041915226119
10.23981,6.40536,10.23981,0.784123,1831.24,2335.4,115.057,146.734,0.6978,0.889911,0.0,1,0.0084036971,0.6454458337,0.6484751819226109
4.50859,3.42442,4.50859,2.0439,895.257,438.014,0.0,0.0,0.5236,0.256177,0.0,1,0.0035478547,0.3179764745,0.3481564428481695
4.83126,3.6773,4.83126,1.86686,1302.53,697.711,13.494,7.22817,0.5356,0.286899,0.0,1,0.003698517,0.3429438942,0.3585256690598627
4.63344,3.59285,4.63329,1.52979,1125.91,735.991,2.57897,1.68584,0.5188,0.339132,0.0,1,0.005065971,0.4450561365,0.47616630602404486
4.92077,3.87767,4.92014,1.42345,1457.89,1024.2,0.0,0.0,0.5614,0.394393,0.0,1,0.0057090298,0.5080513152,0.5154796064382049
4.58957,3.56818,4.49102,1.91412,810.164,423.257,0.0,0.0,0.5446,0.284517,0.0,0,0.0135953577,0.92055496,0.9934250335080349
12.01697,4.5426,12.01697,0.722308,2109.6,2920.63,0.0,0.0,0.7314,1.01259,0.0,0,0.0043357552,0.4194998239,0.41703832586855233
4.70494,3.78141,4.69575,1.30344,385.722,295.926,85.5055,65.5998,0.4704,0.36089,0.0,1,0.0024884113,0.2345535889,0.2776237433214664
5.22245,3.56324,5.13158,1.20459,851.067,706.522,0.0,0.0,0.5288,0.438989,0.0,0,0.0049134964,0.4384941675,0.4691314304062226
4.38967,3.93713,4.357,1.63655,694.151,424.154,0.0,0.0,0.3828,0.233906,0.0,0,0.0080308045,0.586642321,0.6485500636361053
5.32147,5.14959,5.31527,2.34625,1158.3,493.681,0.0,0.0,0.4776,0.203559,0.0,1,0.0036955929,0.3318314008,0.32404390829666846
5.35536,5.19712,5.35116,2.28568,1163.85,509.19,0.0,0.0,0.467,0.204315,0.0,1,0.003777751,0.3276682749,0.3229258100534595
6.50134,3.77167,6.50134,0.923858,1579.47,1709.64,0.0,0.0,0.5876,0.636029,0.0,0,0.0122491843,1.041617383,1.033850289999283
13.46293,4.10343,6.99036,0.839472,1304.99,1554.54,374.213,445.771,0.6142,0.731651,0.0,0,0.0098897513,0.7842721578,0.8114599115290766
6.14892,5.48137,6.14892,1.01825,1528.57,1501.17,0.0,0.0,0.5802,0.569801,0.0,1,0.0110229031,0.9263897028,0.9307472072125018
5.39172,4.60807,5.33792,1.74589,895.254,512.778,0.0,0.0,0.456,0.261185,0.0,0,0.0153675675,0.9575669854,1.0461466094546537
6.25646,4.72399,6.2395,0.913381,2517.97,2756.76,0.0586414,0.0642026,0.6538,0.715802,0.0,1,0.0067742889,0.6586213285,0.6377525759839722
5.731,4.17822,5.71686,1.30044,1433.54,1102.35,0.0,0.0,0.5822,0.447694,0.0,1,0.00436974,0.3903945591,0.3901522523990131
6.55568,3.92352,6.55158,1.41054,548.517,388.871,0.0,0.0,0.4878,0.345826,0.0,1,0.000984544,0.0924893605,0.08152322756497077
5.828,5.10591,5.828,1.19338,806.933,676.177,0.0,0.0,0.487,0.408086,0.0,0,0.0026859091,0.2495466019,0.23854028533235588
6.80795,5.29768,6.78405,1.3201,2032.7,1539.8,0.0,0.0,0.6256,0.473902,0.0,1,0.005769898,0.5298091849000001,0.5029243885712452
5.60935,4.76331,5.55768,1.11089,1381.78,1243.85,0.0,0.0,0.563,0.5068,0.0,1,0.0074277088,0.675247603,0.6680698823975552
5.3367,3.42361,5.26159,1.29192,845.674,654.588,0.0,0.0,0.5226,0.404515,0.0,1,0.0036392045,0.3290041102,0.38689757948157705
12.33456,6.95883,12.32864,0.708252,2274.88,3211.97,0.0,0.0,0.7362,1.03946,0.0,1,0.0067300217,0.6118457542,0.61763609435737
15.99327,15.90265,15.99327,0.698397,1517.46,2172.77,0.0,0.0,0.7102,1.0169,0.0,1,0.0025531372,0.2549802914,0.23722582987918994
7.43152,6.20566,7.41957,0.862729,2447.09,2836.45,0.0,0.0,0.7008,0.812306,0.0,1,0.0057353003,0.5769108785,0.5423929336548694
16.15291,14.69313,16.15291,0.412792,1738.34,4211.18,0.0,0.0,0.8636,2.09209,0.0,1,0.0044833307,0.4469369023,0.4217882810281945
12.64493,7.03976,9.83966,0.68535,2218.22,3236.63,0.0,0.0,0.7642,1.11505,0.0,1,0.0053165435,0.5359630289,0.5158487657715295
4.81383,4.49281,4.81367,1.28928,625.276,484.979,115.997,89.97,0.4752,0.368577,0.0,1,0.0101622221,0.7983033258,0.7615689203259363
4.83064,4.51142,4.83037,1.28879,636.461,493.845,117.284,91.0034,0.48,0.372443,0.0,1,0.0104789697,0.7969425690999999,0.7701776970167742
6.04512,4.24356,6.04078,0.977861,1901.41,1944.46,0.0,0.0,0.5916,0.604994,0.0,1,0.0052866845,0.494158986,0.5131511672427578
4.8407,4.42587,4.8407,1.29544,593.069,457.813,123.778,95.5491,0.468,0.361267,0.0,1,0.0101839485,0.7988762158,0.7667197072890389
5.99897,3.96607,5.98731,0.985465,1849.24,1876.51,1.01814,1.03316,0.5914,0.600123,0.0,1,0.0050462154,0.4836444973,0.4999160566136187
4.79076,3.93215,4.75885,1.01704,1531.07,1505.43,0.0,0.0,0.567,0.557502,0.0,1,0.004444808,0.4195952111,0.4931821686745145
4.8017,3.95118,4.74576,1.02025,1565.01,1533.95,0.0,0.0,0.5802,0.568687,0.0,1,0.0046076508,0.4416270431,0.500073596379225
4.73813,3.78761,4.73813,1.03017,1649.03,1600.74,0.0,0.0,0.5794,0.562433,0.0,1,0.0045183823,0.4379223617,0.4940878433892428
4.72449,3.84654,4.62424,1.03535,1611.82,1556.78,0.0,0.0,0.5846,0.564637,0.0,1,0.0036606646,0.3655667883,0.43457383836684016
6.24558,4.36754,6.24558,1.21214,1512.33,1247.65,0.0,0.0,0.5622,0.463807,0.0,1,0.0067711264,0.5947812145,0.5928500070877188
6.70189,5.92513,6.34809,1.0601,1583.25,1493.5,0.0,0.0,0.594,0.560326,0.0,0,0.007819149,0.7271639112,0.7256861410942327
7.34002,6.13056,7.33722,1.22326,1581.46,1292.83,0.0,0.0,0.608,0.497033,0.0,1,0.0056236092,0.5320120842,0.4912539953502578
5.82926,5.08135,5.82926,1.24507,1266.69,1017.36,0.0,0.0,0.5318,0.427125,0.0,1,0.0077381241,0.6745567347,0.6735374715063824
5.85717,5.09946,5.85717,1.24136,1271.74,1024.47,0.0,0.0,0.5328,0.429205,0.0,1,0.0079748329,0.6676879520000001,0.6789137175308024
5.87678,5.11703,5.87678,1.23925,1279.62,1032.57,0.0,0.0,0.5332,0.430259,0.0,1,0.0078621144,0.6747427201999999,0.6776628679849726
5.91316,5.13983,5.91316,1.23456,1288.47,1043.66,0.0,0.0,0.5342,0.432705,0.0,1,0.0077493959,0.6730956213,0.6794631010707953
5.94737,5.16221,5.94737,1.2314,1299.48,1055.29,0.0,0.0,0.534,0.433654,0.0,1,0.0077099444,0.6678852093,0.663591326152246
5.98426,5.17875,5.98426,1.22798,1308.75,1065.77,0.0,0.0,0.5354,0.436,0.0,1,0.0076930367,0.6683614449,0.6624007657174279
6.03525,5.21694,6.03525,1.22274,1324.94,1083.58,0.0,0.0,0.5378,0.43983,0.0,1,0.0076761289,0.6580716561,0.6601309255989389
6.04424,5.23566,6.03957,1.22037,1336.43,1095.1,0.0,0.0,0.5392,0.441833,0.0,1,0.0075690463,0.6680599229999999,0.6521283782808672
5.79441,4.98095,5.78067,1.23638,1249.85,1010.9,0.0,0.0,0.5298,0.428511,0.0,1,0.0071195814,0.6240250374,0.6174185217975682
5.8948,5.11958,5.8948,1.23559,1318.02,1066.71,0.0,0.0,0.5368,0.434449,0.0,1,0.007819845,0.6658788203,0.6776369244503988
5.85157,5.09863,5.85157,1.24567,1280.47,1027.93,0.0,0.0,0.5282,0.424028,0.0,1,0.0080452819,0.6756360142,0.6787860739730778
11.71715,10.90932,11.71715,1.21946,1612.88,1322.61,0.0,0.0,0.6614,0.54237,0.0,1,0.00420451,0.4060370006,0.40442753218723043
5.11347,3.64709,5.11347,1.4525,1805.45,1242.99,0.0,0.0,0.5992,0.412529,0.0,1,0.0035568099,0.3424641511,0.38033455943383143
6.92559,6.57184,6.92559,1.58281,1548.76,978.488,0.0,0.0,0.5618,0.354939,0.0,0,0.0054885138,0.5122397849,0.4793986543949871
6.58892,4.46794,6.58892,1.28412,1352.77,1053.46,0.0,0.0,0.5288,0.4118,0.0,1,0.0054039115,0.5008741704999999,0.49472476483343497
7.39108,4.72102,7.39108,1.5002,1093.27,728.749,0.0,0.0,0.506,0.337289,0.0,1,0.0010216887,0.098204826,0.08546400554948252
4.73259,3.98746,4.61177,1.90177,745.293,391.895,0.0,0.0,0.4318,0.227052,0.0,0,0.1976166491,2.7386887912,2.644114205838462
7.37726,6.47542,7.37726,1.82096,874.8,480.405,0.0,0.0,0.4718,0.259093,0.0,0,0.0221205512,1.3724739135,1.2911122219071864
7.61133,5.3287,7.60971,1.06942,1916.91,1792.48,0.0,0.0,0.6258,0.585176,0.0,1,0.0034838109,0.3475744811,0.35887235701201253
8.67616,3.56541,8.61027,1.50156,1522.94,1014.24,0.0,0.0,0.6126,0.407975,0.0,1,0.0014092886,0.1392764058,0.21292752793511927
4.96245,3.57593,4.95367,2.04735,760.785,371.594,0.0,0.0,0.4152,0.202798,0.0,1,0.0022102674,0.2006999384,0.21407676585637414
8.7496,5.24839,8.73677,1.17241,1659.79,1415.71,0.0,0.0,0.6,0.511765,0.0,1,0.0041528133,0.385228553,0.3684877114440241
8.7337,4.60012,8.08289,1.3997,1628.14,1163.2,0.0,0.0,0.614,0.438665,0.0,1,0.0017023108,0.1581859024,0.17438395930265926
8.681,4.51126,8.681,1.41696,1585.78,1119.14,0.0,0.0,0.6192,0.436992,0.0,1,0.0015695661,0.1551795149,0.16281553969600404
5.38201,3.65359,5.35586,1.48851,1135.66,762.952,0.0,0.0,0.5586,0.375274,0.0,1,0.0060384438,0.5294129296,0.49448134809783406
6.5379,4.8064,6.53406,1.09146,1614.42,1479.13,0.0,0.0,0.5916,0.542026,0.0,0,0.0075065458,0.6808739893000001,0.6856753912298768
6.55849,4.8515,6.50444,1.08595,1635.33,1505.9,0.0,0.0,0.5862,0.539805,0.0,0,0.0072707381,0.6737373379,0.6869878353424652
6.35636,4.74684,6.35358,1.04617,1413.94,1351.54,0.0,0.0,0.5724,0.547139,0.0,0,0.0081762913,0.7568938362000001,0.7353789533357843
5.20561,3.82141,5.20561,1.29023,881.425,683.154,0.0,0.0,0.5118,0.396674,0.0,0,0.0151956203,1.1062987007,1.1652017705616882
4.43579,3.68809,4.4295,1.35731,462.184,340.514,181.053,133.391,0.4954,0.364986,0.0,0,0.0085347235,0.7027210095,0.672539459268159
4.72303,3.65899,4.72303,1.75011,750.863,429.037,0.0,0.0,0.4464,0.255069,0.0,0,0.006110738,0.5066342903,0.5155161313845873
4.6258,3.62649,4.60025,1.85684,696.0,374.831,0.0,0.0,0.4364,0.235023,0.0,0,0.0034014848,0.2946301203,0.3622100156125064
4.65627,3.68934,4.65627,1.93416,700.399,362.121,0.0,0.0,0.45,0.23266,0.0,0,0.0070050371,0.5562392575,0.5956055558297496
6.37918,5.90394,6.37918,0.804259,2580.98,3209.14,0.0,0.0,0.675,0.839282,0.0,1,0.0062158062,0.6063693928,0.6104460529697963
7.03668,6.10812,7.03668,0.718413,2358.57,3283.03,0.0,0.0,0.7048,0.981051,0.0,1,0.0055811554,0.5490543720000001,0.5508474377379489
6.70534,6.02432,6.70378,0.728308,2391.07,3283.04,0.0,0.0,0.6994,0.960308,0.0,1,0.0053476953,0.5519750551,0.5355500695326818
6.1215,5.54396,6.11958,0.794887,2656.05,3341.42,0.0,0.0,0.6666,0.838609,0.0,1,0.0074561968,0.7236087934000001,0.7234129919022663
6.62054,6.03585,6.61701,0.714161,2609.57,3654.03,0.0,0.0,0.6944,0.97233,0.0,1,0.0066474983,0.6601469609,0.648984411138245
7.15818,6.15135,7.14286,0.673811,2389.65,3546.47,0.0,0.0,0.7144,1.06024,0.0,1,0.0053127583,0.5464328971,0.5253568164922922
8.47321,7.4886,8.47321,1.47389,1193.71,809.905,0.0,0.0,0.5488,0.372348,0.0,1,0.0009423002,0.1000906889,0.102009112397205
9.86717,4.17287,8.68985,1.08823,1175.78,1080.45,0.0,0.0,0.5382,0.494564,0.0,1,0.0025389469,0.2423172414,0.22914234918956516
4.35737,3.84524,4.35737,1.27732,941.275,736.915,0.0,0.0,0.4314,0.337739,0.0,1,0.0041999277,0.3996585787,0.381543657844817
5.69673,4.73568,5.69673,2.0333,1245.18,612.394,0.0,0.0,0.4572,0.224856,0.0,1,0.0022784466,0.2164737844,0.20865389911092347
5.69894,4.7333,5.69894,2.0333,1248.63,614.092,0.0,0.0,0.458,0.22525,0.0,1,0.0022725131,0.2140980292,0.20865389911092347
4.68091,3.50866,4.67789,1.41648,465.948,328.948,0.0,0.0,0.4326,0.305405,0.0,0,0.0061923451,0.4972497293,0.5142655016506015
10.80219,6.73703,10.80219,1.60539,1740.78,1084.34,0.0,0.0,0.6236,0.388442,0.0,1,0.0006434713,0.0627332963,0.10971274127300079
4.62011,3.85906,4.62011,1.58881,555.753,349.792,0.0,0.0,0.3874,0.24383,0.0,1,0.0031478322,0.2776551398,0.2327420063516747
6.69877,5.40684,6.69877,0.878608,2365.02,2691.78,0.0,0.0,0.6734,0.766439,0.0,1,0.0097322297,0.8901394009999999,0.9178650084703972
8.70901,6.58612,8.70709,0.867344,2020.64,2329.69,0.0,0.0,0.6644,0.766017,0.0,1,0.0060623289,0.5483196431,0.5724986863038001
4.86095,4.4492,4.8459,1.39709,775.702,555.227,0.0,0.0,0.452,0.32353,0.0,0,0.0142432377,0.9346608712,1.0113851100006097
4.8597,4.4269,4.8597,1.38069,783.577,567.528,0.0,0.0,0.4546,0.329257,0.0,0,0.0140740364,0.928199574,0.9623127502470996
4.16875,3.58203,4.16875,2.15496,1011.75,469.5,0.0,0.0,0.4808,0.223114,0.0,1,0.0282502797,1.6557622424,1.493545940741011
6.9711,4.44534,6.9711,1.09535,1552.88,1417.7,0.0,0.0,0.5846,0.533709,0.0,1,0.0106768122,0.8735240409999999,0.8872437217562259
4.96285,4.14038,4.9303,1.87592,1245.59,663.988,0.0,0.0,0.5966,0.318031,0.0,1,0.0036144334,0.3346065655999999,0.3121276093763257
4.34506,3.45753,4.34017,1.59314,531.012,333.311,0.0,0.0,0.4696,0.294764,0.0,1,0.0014336244,0.1378495492999999,0.1600346742022919
7.23927,6.67302,7.23927,0.822249,1870.22,2274.52,0.0,0.0,0.6338,0.770813,0.0,1,0.0068540214,0.6437801685,0.6293354959962282
4.14624,3.73304,4.14504,1.37748,413.35,300.078,0.0,0.0,0.4306,0.312601,0.0,0,0.0051472708,0.4462096222999999,0.4580226865854475
5.79638,3.84056,5.66635,1.22762,1981.83,1614.37,0.0,0.0,0.5912,0.481583,0.0,1,0.0092912279,0.8037797528,0.7934363374613203
4.11323,3.75301,4.10779,1.67795,655.16,390.454,0.0,0.0,0.4424,0.263656,0.0,1,0.0181233016,1.1836255016,1.221271562294134
7.41662,4.5384,7.41662,0.990309,1837.3,1855.28,0.0,0.0,0.6302,0.636367,0.0,0,0.006718782,0.6297856022,0.599597144773316
4.68396,3.93383,4.68242,1.69201,643.159,380.115,0.0,0.0,0.4636,0.273994,0.0,1,0.0049797448,0.3973532045,0.41565437866549537
5.63348,5.082,5.6238,1.54253,959.017,621.718,0.0,0.0,0.4556,0.29536,0.0,1,0.0048277372,0.4121078007,0.38474279725349014
4.70842,3.66843,4.69527,1.05376,821.167,779.27,0.0,0.0,0.51,0.483979,0.0,1,0.0076793182,0.6667008828000001,0.6869369608686987
5.87537,3.57797,5.87537,1.84319,650.747,353.054,0.0,0.0,0.4432,0.240452,0.0,1,0.0032230163,0.2816924148,0.25298560754912053
6.29792,5.29972,6.23782,1.24637,1399.4,1122.77,0.0,0.0,0.5656,0.453796,0.0,1,0.0063245258,0.5161053833,0.5380552571583924
13.26482,11.33443,13.26482,0.597503,2329.13,3898.11,0.0,0.0,0.7474,1.25087,0.0,0,0.0098915857,0.9064216283,0.8923943625171732
9.59156,4.26108,9.59156,1.02718,2184.13,2126.33,0.0,0.0,0.709,0.690238,0.0,1,0.0021946326,0.2141925394,0.21185786343477353
9.45347,4.25355,9.45336,1.03837,2182.11,2101.49,0.0,0.0,0.7034,0.677411,0.0,1,0.0021296182,0.2161946466,0.21415944099421658
9.42246,3.59342,9.42246,1.13071,1908.86,1688.19,0.0,0.0,0.6696,0.592195,0.0,1,0.0023030255,0.2222240603,0.33676968519014777
9.35233,4.33657,9.35233,1.04043,2153.98,2070.28,0.0,0.0,0.6962,0.669144,0.0,1,0.002111948,0.2045044294,0.2168280738966305
9.63063,4.26523,9.63063,1.03635,2192.11,2115.22,0.0,0.0,0.6976,0.67313,0.0,1,0.002088664,0.2144387354,0.20731496491827628
9.58088,4.20865,9.58088,1.06074,2156.73,2033.24,0.0,0.0,0.7006,0.660485,0.0,1,0.0022502587,0.2125395895,0.21878779994375636
7.46367,6.87207,7.46367,0.921652,1895.01,2056.1,0.0,0.0,0.6264,0.679649,0.0,1,0.0042364867,0.39082255,0.419695737946344
17.46562,10.38181,17.46523,0.786041,1513.55,1925.54,116.509,148.223,0.691,0.879089,0.0,1,0.0033034859,0.3245412514999999,0.3334489054465681
13.09568,7.43748,13.09568,0.582855,2174.14,3730.15,0.0,0.0,0.7556,1.29638,0.0,0,0.0064475123,0.6145469914,0.5935458681292713
33.62157,29.92948,33.55545,0.240324,765.124,3183.71,0.0,0.0,0.9206,3.83066,0.0,1,0.0047275388,0.4846331296,0.4815629439022384
6.90856,3.45436,6.49799,1.14952,1115.5,970.402,0.0,0.0,0.525,0.45671,0.0,1,0.003714471,0.3358685382999999,0.4350012169169867
5.86564,3.51663,5.02799,1.32713,811.807,611.702,0.0,0.0,0.504,0.379767,0.0,1,0.0040820948,0.3500722711,0.362393484976711
5.92888,3.43151,5.75387,1.33896,878.863,656.376,0.0,0.0,0.4994,0.372975,0.0,1,0.0041136036,0.3561205396999999,0.35289487904405253
5.29743,3.61946,5.29013,1.16444,1132.68,972.722,0.0,0.0,0.4982,0.427845,0.0,0,0.0062948637,0.5649991763000001,0.6325151134198677
5.2601,3.59083,5.25053,1.14964,1141.44,992.863,0.0,0.0,0.4984,0.433527,0.0,0,0.0063039741,0.5449618393,0.6466467684357364
5.68172,4.34787,5.68172,1.93205,592.227,306.527,51.4334,26.6211,0.4372,0.226288,0.0,1,0.0026882246,0.2118556357,0.2432099275920176
8.13737,7.41793,8.13713,1.22976,2049.34,1666.45,0.0,0.0,0.6726,0.546935,0.0,0,0.0037938982,0.3525784165999999,0.35372016200689876
8.59245,7.9025,8.57984,1.19129,2067.73,1735.7,0.0,0.0,0.6832,0.573495,0.0,0,0.0037642738,0.3609766048,0.3598718347571314
8.11684,7.23133,8.11684,1.24691,2021.29,1621.04,0.0,0.0,0.6644,0.532838,0.0,0,0.00386763,0.3517917242,0.35890277021395794
7.76038,5.54861,7.76038,0.846504,2469.98,2917.86,0.0,0.0,0.7118,0.84087,0.0,1,0.0056792375,0.546021578,0.534084733913749
7.29309,6.51816,7.28407,0.803706,2501.45,3112.39,0.0,0.0,0.7112,0.8849,0.0,1,0.0059115567,0.5638597152,0.5854341811506409
7.05179,4.74765,7.05179,0.905742,2494.35,2753.93,0.0,0.0,0.6642,0.733321,0.0,1,0.0068771939,0.664696925,0.6555624825701876
5.53443,4.01054,5.50524,1.19557,1378.79,1153.25,0.0,0.0,0.5554,0.464549,0.0,1,0.0138547387,1.0958862512,1.1137299046890878
5.52821,3.42388,5.52134,1.16361,1148.32,986.858,0.0,0.0,0.5352,0.459948,0.0,1,0.0108003846,0.9453085117,0.9622476472040651
5.67142,3.50634,5.66877,1.72182,1110.34,644.862,0.0,0.0,0.4972,0.288764,0.0,1,0.0079664751,0.6239720897,0.6376069997086814
5.87633,5.25314,5.79727,1.51981,1332.09,876.486,0.0,0.0,0.5216,0.3432,0.0,1,0.006360631,0.559602288,0.5440685743732521
6.69521,5.2041,6.68616,1.12957,2214.41,1960.41,0.0,0.0,0.6298,0.557558,0.0,1,0.0056651773,0.5627665402,0.5470537946617471
6.30412,4.59254,6.30412,1.11042,1258.26,1133.14,0.0,0.0,0.5296,0.476938,0.0,0,0.0083134786,0.7216708467,0.7155210551560551
9.48772,8.77545,9.48772,0.930198,1473.55,1584.13,0.0,0.0,0.6084,0.654055,0.0,0,0.0069380149,0.5973520045,0.6216073504593842
13.21557,12.47689,13.21557,0.543761,1970.91,3624.58,0.0,0.0,0.7842,1.44218,0.0,1,0.0050879651,0.4755741849,0.4773882095828863
9.5586,7.20173,9.50846,0.864162,1603.61,1855.68,0.0,0.0,0.6396,0.740139,0.0,1,0.0048546625,0.4624227482,0.4508340726222317
5.61963,3.40645,5.61963,1.09956,890.548,809.916,0.30381,0.276303,0.5202,0.4731,0.0,1,0.0053240184,0.4803956517,0.5310882354164168
6.24379,4.83507,6.24379,1.06947,1236.73,1156.4,0.0,0.0,0.53,0.495574,0.0,0,0.0112692775,0.9613050155,0.9129992792505314
12.69722,8.47633,12.65144,0.718278,2115.98,2945.9,0.0,0.0,0.7464,1.03915,0.0,1,0.0028269183,0.2843935492,0.30038122000540024
4.13712,3.42264,4.1139,1.63785,320.686,195.797,0.0,0.0,0.4366,0.266569,0.0,1,0.0063661204,0.5299381302,0.5159398061675418
4.1371,3.42264,4.11394,1.63785,321.866,196.518,0.0,0.0,0.4366,0.266569,0.0,1,0.0064479939,0.5270943902,0.5214716933401675
4.93892,3.56519,4.93892,1.22098,496.28,406.459,457.279,374.517,0.5202,0.42605,0.0,0,0.0128986123,0.9463856776,0.826898626821506
9.28425,8.43309,9.28425,1.37609,1096.56,796.865,0.0,0.0,0.5274,0.383259,0.0,1,0.0013509056,0.135279134,0.10862726527677868
8.81158,7.98715,8.81158,1.41389,1094.82,774.331,0.0,0.0,0.5082,0.359435,0.0,1,0.0014211938,0.1376243609,0.1167880449615234
10.403,9.40744,10.403,1.04916,1635.25,1558.63,0.0,0.0,0.6366,0.606772,0.0,1,0.0018736471,0.190272671,0.1946572313130982
10.33776,9.35961,10.33776,1.05489,1621.43,1537.05,0.0,0.0,0.6312,0.598353,0.0,1,0.0019592452,0.1934635776,0.20384576839751956
11.05152,9.97547,11.05152,0.995058,1664.82,1673.09,0.0,0.0,0.6552,0.658454,0.0,1,0.0020805092,0.20078697,0.2046083262283156
7.84736,6.96591,7.84736,1.57752,739.057,468.494,0.0,0.0,0.4582,0.290456,0.0,1,0.0004318479,0.0435723871,0.05902412910814192
8.32809,6.43068,8.32781,1.55213,780.748,503.018,0.0,0.0,0.4718,0.30397,0.0,1,0.0009033709,0.0905614085,0.06916535021477055
5.13622,4.08548,4.9972,1.59979,1236.67,773.017,0.0,0.0,0.4932,0.30829,0.0,1,0.0059427951,0.52265802,0.4991857671691059
5.22313,4.14656,5.21824,1.4906,1212.59,813.493,0.0,0.0,0.5048,0.338655,0.0,1,0.0059089284,0.5334777264,0.4959773582836241
10.20459,9.2057,10.20459,1.06882,1617.37,1513.23,0.0,0.0,0.6304,0.589811,0.0,1,0.0020424656,0.189183673,0.20312288309726312
10.44819,9.48819,10.44819,1.0407,1643.53,1579.26,0.0,0.0,0.6404,0.615354,0.0,1,0.0020234438,0.1938249917999999,0.1989426807651572
10.54817,9.56428,10.54817,1.03431,1651.72,1596.94,0.0,0.0,0.643,0.621671,0.0,1,0.0020519765,0.1981048964,0.19957485847551804
10.39839,9.40181,10.39839,1.04415,1643.14,1573.66,0.0,0.0,0.6396,0.612553,0.0,1,0.0019568675,0.1972132496,0.20263562844088623
10.8347,9.87565,10.8347,1.0024,1663.43,1659.45,0.0,0.0,0.6588,0.657225,0.0,1,0.0022469499,0.2111276951,0.2155535242913602
10.85037,9.87705,10.85037,0.997622,1665.26,1669.23,0.0,0.0,0.6604,0.661974,0.0,1,0.0021518409,0.2101124066,0.2111269065451653
11.70294,10.66498,11.70294,1.01253,1536.34,1517.33,0.0,0.0,0.6416,0.633661,0.0,1,0.0018807803,0.1974771771,0.18661149003479782
6.74859,4.59542,6.74676,1.05193,1186.33,1127.76,0.0,0.0,0.5202,0.49452,0.0,0,0.0067453763,0.5660145874,0.596993221043103
6.78768,5.03504,6.78768,0.817663,2795.18,3418.5,0.0,0.0,0.708,0.865883,0.0,1,0.0031949348,0.3143301544,0.34278337283125015
10.10622,8.60837,10.10622,0.871632,1521.24,1745.28,0.0,0.0,0.6404,0.734713,0.0,1,0.0044530835,0.4310105408,0.41323214874220077
6.71846,5.39444,6.71589,0.983709,1614.06,1640.79,0.0,0.0,0.5708,0.580253,0.0,1,0.0059593938,0.5325390077000001,0.5515978629805474
5.60643,4.51803,5.59058,1.0369,2090.75,2016.34,0.0,0.0,0.6318,0.609316,0.0,1,0.0096423153,0.9188000138,0.8991986245698963
6.0154,4.82285,5.99433,1.02626,1867.85,1820.05,0.0,0.0,0.6442,0.627713,0.0,0,0.0084268331,0.7698002517,0.7833010006269984
7.46662,4.79581,7.42523,1.0101,2335.64,2312.29,0.0,0.0,0.6514,0.644887,0.0,1,0.0084556883,0.7840199747,0.7618234140705514
6.70042,6.11185,6.67865,0.956816,2069.71,2163.12,0.0,0.0,0.6692,0.699403,0.0,1,0.0065080532,0.6285546031,0.6256605612622917
5.24587,4.08263,5.23555,1.0782,1939.66,1798.98,0.0,0.0,0.611,0.566685,0.0,1,0.0112814324,1.0136012494,0.9791841073701965
4.72075,4.28777,4.72075,1.63519,1202.62,735.465,19.983,12.2206,0.5424,0.331705,0.0,1,0.0042937383,0.4008506369,0.3788819041584776
9.30232,6.36524,9.14367,0.891296,2041.5,2290.48,0.0,0.0,0.6794,0.762261,0.0,1,0.0058409172,0.5395641868,0.5471098211139802
5.41797,4.41204,5.39267,1.02127,2112.61,2068.61,0.0,0.0,0.6324,0.619229,0.0,1,0.009441009,0.8934379726,0.8693284786529742
6.60769,6.00286,6.60769,1.79524,402.026,223.94,0.0,0.0,0.2898,0.161427,0.0,1,0.0010274321,0.0958342445,0.09347816691237743
6.51649,5.95918,6.51649,1.88251,388.784,206.525,0.0,0.0,0.2612,0.138751,0.0,1,0.0010107217,0.0930588107,0.10041268868109066
6.54806,5.98797,6.54806,1.86856,393.33,210.499,0.0,0.0,0.2642,0.141392,0.0,1,0.0010760439,0.0952559658,0.09482113220958854
7.45171,4.92598,7.05573,1.06861,2012.96,1883.72,0.0,0.0,0.6538,0.611823,0.0,1,0.0042858081,0.4285562992,0.4160322635664285
4.76594,4.4337,4.74254,1.49774,1245.43,831.539,0.0,0.0,0.5154,0.344119,0.0,0,0.0314155302,1.8053454143,1.7842591789614273
4.00169,3.86741,4.00169,1.98354,581.815,293.322,0.0,0.0,0.4022,0.202769,0.0,1,0.0034659342,0.3082930621,0.3117227600166285
4.8198,4.16045,4.8198,1.4521,612.494,421.799,0.0,0.0,0.4284,0.295021,0.0,0,0.0055196481,0.4422902621,0.4153970788605426
10.16266,8.68185,10.16266,0.899748,1582.07,1758.35,0.0,0.0,0.6434,0.715089,0.0,1,0.0033866744,0.3225942584,0.34159488274932726
4.90132,3.779,4.87424,0.834486,2400.21,2876.28,0.217355,0.260466,0.6646,0.796418,0.0,0,0.0123086586,1.1180329321,0.998816507264511
11.38543,11.12419,11.3774,0.437316,1877.39,4292.99,0.0,0.0,0.832,1.90251,0.0,0,0.0040334454,0.4063706867,0.3867409504274954
6.42799,4.66248,6.41167,1.2058,1179.26,977.987,0.0,0.0,0.5038,0.417814,0.0,1,0.0080468689,0.6818153837,0.6950955889167214
4.74703,3.54387,4.71052,1.02013,1169.51,1146.44,0.0,0.0,0.5838,0.572282,0.0,0,0.0098919616,0.8582309012999999,0.9264827021487869
6.66763,4.36115,6.66763,1.04515,2329.85,2229.2,0.0,0.0,0.6722,0.64316,0.0,1,0.0076523698,0.7070693301000001,0.7133159304148474
5.9525,3.77259,5.85811,1.02185,1638.86,1603.82,0.0,0.0,0.614,0.600871,0.0,1,0.0080989102,0.7103828932999999,0.7273414776682654
8.56972,8.26373,8.56972,0.874357,2020.35,2310.67,0.0,0.0,0.694,0.793726,0.0,1,0.0058928924,0.5677226454,0.543144966189244
7.02111,6.32962,7.02111,1.11473,2097.73,1881.83,0.0,0.0,0.6286,0.563903,0.0,1,0.0062009571,0.5905913442,0.5894656998679688
8.41895,4.83802,8.38301,1.2132,1718.46,1416.47,0.0,0.0,0.6166,0.508243,0.0,1,0.0038736929,0.3734734997999999,0.36652102026356465
5.86066,4.67676,5.86066,1.79494,889.419,495.515,0.0,0.0,0.4512,0.251373,0.0,1,0.0070201577,0.5495051327,0.5295772148728914
8.25017,6.95114,8.25017,1.49914,1053.4,702.671,0.37233,0.248363,0.576,0.38422,0.0,1,0.0010487322,0.0996279572,0.11206765989570167
8.30223,7.00364,8.30223,1.50475,1042.04,692.502,0.0,0.0,0.5772,0.383584,0.0,1,0.0010391401,0.1051465905,0.1026376213902862
15.43787,6.70397,14.77017,0.729552,2339.56,3206.84,0.0,0.0,0.7494,1.02721,0.0,1,0.0068238486,0.6171221777,0.6210945872366792
6.6659,5.14076,6.6659,1.16041,1633.36,1407.57,0.0,0.0,0.5642,0.486207,0.0,1,0.0055466045,0.5126548713,0.4910771722906322
10.38317,5.82029,10.02176,0.765244,2450.36,3202.06,0.0,0.0,0.7244,0.946626,0.0,1,0.007496904,0.7089277703,0.6906797034455274
10.59453,5.69918,10.59344,0.768776,2454.62,3192.89,0.0,0.0,0.7144,0.929269,0.0,1,0.0065475172,0.6214783923,0.6288184307539242
15.6839,9.81587,15.64212,0.743275,1280.66,1723.0,458.409,616.743,0.721,0.970032,0.0,1,0.0057244631,0.5547517579,0.5222813857470687
13.27563,13.09101,13.27563,1.53244,1385.3,903.983,0.0,0.0,0.652,0.425465,0.0,1,0.0022794638,0.2136759034,0.23525056592385468
28.66522,11.53771,28.66522,0.279149,1594.77,5712.98,0.0,0.0,0.8816,3.15817,0.0,1,0.0049668916,0.4951647265,0.4657931940344009
10.08038,7.17794,10.08038,0.589363,2617.83,4441.79,0.0,0.0,0.7728,1.31125,0.0,1,0.0053586897,0.537170877,0.5214541528949612
5.28974,3.50395,5.28106,1.05699,1056.2,999.25,0.0,0.0,0.5634,0.533021,0.0,1,0.0054020665,0.5233173237,0.5674907983918842
6.73207,4.73018,6.72863,1.06231,1487.78,1400.51,0.0,0.0,0.5704,0.536941,0.0,0,0.0053586928,0.4813434747,0.4893404874295477
5.63813,4.777,5.6237,1.03115,1429.11,1385.93,0.0,0.0,0.5626,0.545603,0.0,1,0.009051642,0.7429050459000001,0.7438065492327792
4.85568,4.28663,4.65881,1.5312,1091.56,712.879,0.0,0.0,0.5342,0.348877,0.0,1,0.0021396838,0.1976663066,0.1828316387229001
4.80108,4.30234,4.80108,1.51624,1143.74,754.324,0.0,0.0,0.5456,0.359838,0.0,1,0.0021465311,0.1956863171,0.19007338829681752
4.80464,4.28777,4.80464,1.53408,1142.39,744.678,0.0,0.0,0.5448,0.355132,0.0,1,0.0020678419,0.1969957731,0.18094596783157402
4.74189,4.18269,4.74189,1.58149,1144.61,723.756,0.0,0.0,0.5442,0.344106,0.0,1,0.0021114124,0.2017200088,0.18448843578798868
4.76043,4.22431,4.76043,1.6231,1140.51,702.673,0.0,0.0,0.5414,0.333559,0.0,1,0.0020259653,0.2010085148,0.18324742258246085
4.67022,4.137,4.66388,1.35819,1115.52,821.33,0.0,0.0,0.5302,0.390373,0.0,1,0.0029762306,0.2868382934,0.2722307222998742
4.75047,4.21764,4.75047,1.60269,1138.62,710.445,0.0,0.0,0.5414,0.337808,0.0,1,0.0022096549,0.2098892218,0.1982568725146061
7.51924,6.97754,7.50411,1.17363,1179.25,1004.78,0.0,0.0,0.5068,0.431822,0.0,1,0.0049789874,0.4752761223,0.47505930692045106
10.40242,4.28813,10.40242,0.962357,1197.69,1244.54,67.8044,70.4566,0.5764,0.598946,0.0,0,0.0075635816,0.5699489547,0.683263557681191
7.13587,6.98688,7.13339,0.8258,2198.4,2662.15,0.0,0.0,0.6726,0.814482,0.0,0,0.0077419624,0.7084700637000001,0.7454141251638141
7.53059,4.20216,7.34521,1.13363,1510.82,1332.73,0.0,0.0,0.5782,0.510042,0.0,1,0.0046770461,0.4212559007999999,0.4174509595716393
12.82817,4.31562,12.82817,0.868866,1783.25,2052.39,0.0,0.0,0.6754,0.777335,0.0,1,0.0065542818,0.5906598032,0.581789348553623
6.6565,4.84778,6.65444,1.74449,1900.25,1089.29,0.0,0.0,0.644,0.369162,0.0,1,0.0025760159,0.2503851105999999,0.22096785873591096
20.25844,8.96976,15.7736,0.559917,2127.26,3799.24,0.0,0.0,0.8486,1.51558,0.0,1,0.0016444501,0.1735830877,0.19173451716305756
5.58892,4.38006,5.58663,1.1363,1527.33,1344.12,0.0,0.0,0.5756,0.506555,0.0,1,0.0107895558,0.8939767422,0.8968037982865298
5.53835,4.38226,5.51111,1.15379,1524.15,1321.0,0.0,0.0,0.573,0.496625,0.0,1,0.0109445947,0.9105405292,0.8985618415219958
5.51894,4.34952,5.51894,1.16479,1506.37,1293.26,0.0,0.0,0.5712,0.49039,0.0,1,0.0113297831,0.9268532861,0.9205575742534193
5.48563,4.3317,5.48563,1.18591,1487.56,1254.36,0.0,0.0,0.5682,0.479126,0.0,1,0.0114702307,0.9450770708,0.9261910057383231
5.47258,4.30508,5.46713,1.19194,1490.51,1250.49,0.0,0.0,0.5688,0.477205,0.0,1,0.0116993765,0.9485737287,0.9404075103404009
5.4678,4.29561,5.44556,1.2061,1479.57,1226.74,0.0,0.0,0.5666,0.469779,0.0,1,0.0114653525,0.9576637508,0.9265783032911787
7.22233,4.73121,7.22233,1.05141,1110.85,1056.54,0.0,0.0,0.5324,0.50637,0.0,0,0.009769674,0.8143150218999999,0.8181281301137554
4.38052,3.88796,4.36788,1.61033,1121.78,696.613,0.0,0.0,0.4852,0.301304,0.0,1,0.00788776,0.6493852513,0.6518584268855038
4.45838,3.94557,4.41836,1.61624,1125.98,696.667,0.0,0.0,0.4868,0.301193,0.0,1,0.0090173212,0.7341329851,0.6862197735444295
4.30272,3.79858,4.29463,1.63832,1104.37,674.089,0.0,0.0,0.4846,0.295792,0.0,1,0.0069124512,0.5706198694,0.5877470378107186
4.43647,3.87557,4.43647,1.65372,1132.95,685.091,0.0,0.0,0.471,0.284812,0.0,1,0.0082172024,0.6619150497999999,0.676985563838431
11.12255,10.84777,11.12255,1.34756,1641.0,1217.75,0.0,0.0,0.6774,0.502685,0.0,1,0.0034567957,0.3201652039,0.3550585345667136
5.64924,4.02494,5.64854,0.918331,1776.39,1934.36,0.0,0.0,0.633,0.689294,0.0,1,0.0058779453,0.5445221903,0.5376602371003326
7.13166,6.36797,7.11779,1.0643,1692.45,1590.2,0.0,0.0,0.616,0.578785,0.0,1,0.0080401865,0.7619517190999999,0.7141643383355205
6.90621,5.13941,6.90042,1.10396,1265.08,1145.95,0.0,0.0,0.542,0.490962,0.0,1,0.0065956385,0.5857526403,0.5735577695171883
12.96226,9.06013,12.96226,0.970833,859.66,885.487,164.952,169.908,0.5716,0.588772,0.0,0,0.0084000998,0.6352677647,0.6740690034178085
5.30344,3.91416,5.17667,1.18769,1076.26,906.183,0.0,0.0,0.5266,0.443383,0.0,1,0.0213483977,1.6399938772,1.3961791256292801
5.14591,3.62459,5.10569,1.20211,1101.2,916.058,0.0,0.0,0.5036,0.418931,0.0,0,0.0086297178,0.7181837608,0.7713163831233313
5.63603,3.80534,5.63603,1.31969,1996.73,1513.03,0.0,0.0,0.6636,0.502846,0.0,1,0.0015677863,0.1534041301,0.15194489379299436
9.78617,8.86105,9.78617,0.959935,1692.37,1763.0,0.0,0.0,0.6186,0.644419,0.0,1,0.0037547424,0.3619364082999999,0.3743137896579105
5.17093,4.52481,5.06299,1.36553,783.142,573.505,0.0,0.0,0.4372,0.320168,0.0,0,0.0043804013,0.3963941717,0.3721637213205923
5.68191,5.17685,5.68191,1.29989,1899.11,1460.97,0.0,0.0,0.6252,0.480962,0.0,1,0.0065103844,0.5990533446,0.5855558934486526
5.42545,4.61164,5.42545,1.32331,1222.55,923.858,0.0,0.0,0.5596,0.42288,0.0,1,0.0115868489,0.9243266984,0.9199900048429852
9.58074,6.82289,7.89267,0.900136,2106.29,2339.97,0.0,0.0,0.6514,0.723668,0.0,1,0.0068749697,0.6670553901,0.6368563856347734
7.25944,3.65684,7.23718,1.37181,1135.72,827.897,0.0,0.0,0.497,0.362294,0.0,1,0.0025263449,0.235873101,0.2645695620748373
5.89078,3.42545,5.89078,1.13599,1083.97,954.205,0.0,0.0,0.5156,0.453877,0.0,0,0.0056978584,0.5211657071,0.5302826788434892
11.17851,7.92037,10.89859,0.716256,1846.76,2578.36,0.0,0.0,0.6862,0.958038,0.0,0,0.004694355,0.4545391182,0.44214189268575743
11.20436,7.94034,11.20436,0.711008,1877.62,2640.79,0.0,0.0,0.6876,0.967078,0.0,0,0.0050990408,0.4793769546,0.4842349218158286
11.21713,7.9594,11.21713,0.708632,1875.04,2646.0,0.0,0.0,0.6888,0.972013,0.0,1,0.0047377847,0.4736185721,0.45612587979899577
11.31495,8.02511,11.31495,0.701206,1844.81,2630.91,0.0,0.0,0.6916,0.986301,0.0,1,0.004643029,0.4461789022,0.44461273488402825
11.58602,8.06264,11.56229,0.694521,1834.07,2640.77,0.0,0.0,0.6964,1.0027,0.0,0,0.0045048436,0.436298647,0.41550147218890965
11.11626,7.91904,10.92252,0.721226,1877.77,2603.58,0.0,0.0,0.6858,0.950881,0.0,0,0.0052273558,0.4865448281,0.5140539217275374
7.82822,4.28279,7.82194,1.50818,1191.52,790.035,0.0,0.0,0.4616,0.306064,0.0,1,0.0014389232,0.1413604719,0.14341968820601403
10.55388,8.11262,10.55388,0.996818,2113.88,2120.63,0.0,0.0,0.7028,0.705043,0.0,1,0.0023263242,0.2307270975,0.2414083565582248
10.13591,3.81582,10.13591,1.29721,1601.1,1234.26,0.0,0.0,0.591,0.455593,0.0,1,0.0042970869,0.3907989242,0.42234283425455627
6.54643,4.98654,6.54643,1.05474,2262.59,2145.17,0.0,0.0,0.6334,0.600529,0.0,1,0.0067095186,0.6141707849,0.6536531941959709
6.45005,4.67913,6.43264,1.07947,2326.66,2155.37,0.0,0.0,0.632,0.585473,0.0,1,0.0079510317,0.7329457670999999,0.7665467256195678
5.25686,3.77734,5.24403,1.25709,1297.87,1032.45,0.0,0.0,0.5522,0.43927,0.0,0,0.005402763,0.4785674049,0.5468238203692969
5.77362,3.92842,5.19693,1.15636,2398.21,2073.93,0.0,0.0,0.6018,0.520425,0.0,1,0.0095363484,0.8423112263,0.8593861578865873
5.0096,3.45081,4.98262,1.23925,1556.79,1256.24,20.5089,16.5495,0.5694,0.459473,0.0,1,0.0068164798,0.6133639924000001,0.6972301271738833
6.04452,4.23776,6.03554,1.11864,2304.55,2060.12,0.0,0.0,0.6118,0.546912,0.0,1,0.0093308302,0.8179202696,0.8399050360060254
5.44628,3.82645,5.44628,1.17011,2237.72,1912.41,0.0,0.0,0.5966,0.509868,0.0,1,0.0099489127,0.8604487772,0.9157246241200071
4.82283,3.73359,4.81042,1.38544,1023.08,738.448,0.0,0.0,0.5156,0.372155,0.0,1,0.0158280486,1.2128085314,1.0999009443000967
6.10424,4.23086,6.10424,1.10708,2330.43,2105.02,0.0,0.0,0.618,0.558223,0.0,1,0.0089068058,0.8083258566,0.8068034231140263
6.8646,4.02613,6.8646,1.20789,1460.83,1209.4,0.0,0.0,0.5606,0.464115,0.0,1,0.0107998009,0.8610928027,0.8825973685499597
6.16288,4.28316,6.16288,1.08963,2317.05,2126.45,0.0,0.0,0.629,0.577258,0.0,1,0.008269623,0.7656781637000001,0.7706517267585312
6.73786,6.27962,6.66229,1.04811,1399.46,1335.23,0.0,0.0,0.5478,0.522657,0.0,0,0.0033155598,0.2968120996,0.32345555182408586
6.43441,5.83045,6.43102,0.991134,1373.29,1385.58,0.0,0.0,0.5466,0.55149,0.0,0,0.0029900862,0.2771292908,0.28698351459359517
10.73095,6.57358,10.72652,0.838883,2111.23,2516.71,0.0,0.0,0.6964,0.830152,0.0,1,0.0100423277,0.7535907524,0.8749541040767218
4.4734,3.53731,4.46972,1.51151,780.594,516.434,0.0,0.0,0.4522,0.299171,0.0,1,0.0178773081,1.1322073734,1.26282887893128
4.44976,3.51616,4.44506,1.53378,754.006,491.601,0.0,0.0,0.45,0.293393,0.0,1,0.0191542586,1.1785941879,1.333229041144298
4.4635,3.52722,4.4561,1.51854,764.891,503.702,0.0,0.0,0.4512,0.297128,0.0,1,0.0181097553,1.1433054726,1.2611120332325847
4.63719,3.51738,4.44195,1.53214,779.383,508.688,0.0,0.0,0.4588,0.29945,0.0,1,0.0187132072,1.1730050781,1.2821256244651413
4.65392,3.51526,4.65392,1.53055,804.048,525.333,0.0,0.0,0.4664,0.304727,0.0,1,0.018292849,1.1803531313,1.2645552884124864
4.95342,3.83497,4.95342,1.99384,910.263,456.538,0.0,0.0,0.4388,0.220078,0.0,1,0.0018506591,0.1703857727,0.15551610313357933
4.60932,3.49419,4.2137,1.75988,1163.32,661.023,0.0,0.0,0.526,0.298883,0.0,1,0.0009831603,0.096362685,0.11269469311326252
4.09249,3.45067,4.09249,1.44433,525.305,363.701,0.0,0.0,0.487,0.33718,0.0,1,0.0040282826,0.3489146253,0.3455099622040064
6.93892,3.80818,6.45255,1.05982,1273.96,1202.05,0.0,0.0,0.5412,0.510651,0.0,0,0.006099554,0.5465714396,0.5483530980945238
8.51519,7.38328,8.51519,1.47529,1095.68,742.686,1.06498,0.721878,0.5678,0.384873,0.0,1,0.000890909,0.0863516353,0.1068544558939446
9.16485,6.64251,9.16485,1.11428,1571.66,1410.47,39.9079,35.815,0.625,0.560902,0.0,1,0.0120459905,0.8083183954000001,0.7916117731387423
9.3261,6.791,9.3261,1.20544,1671.98,1387.02,0.0,0.0,0.5642,0.468044,0.000331829,1,0.000976877,0.0912444414,0.13643752361092554
11.6643,6.15098,11.6643,1.20476,1631.32,1354.07,0.0,0.0,0.6028,0.50035,0.000664034,0,0.0008429502,0.0820748417,0.14084213847435856
7.63383,7.44692,7.63383,1.05439,936.707,888.384,0.0,0.0,0.5408,0.512901,0.0,1,0.0014224788,0.1464284316,0.1416524979826943
7.57798,7.34904,7.57798,1.05603,938.983,889.166,0.0,0.0,0.5286,0.500556,0.0,1,0.0013599802,0.1429973192,0.14158647810886904
6.41874,3.48818,6.41739,1.68473,668.393,396.736,0.0,0.0,0.4826,0.286455,0.0,1,0.0046808759,0.4018692801,0.35108299122174436
5.46888,4.61181,5.39982,1.67855,1326.24,790.111,0.0,0.0,0.5498,0.327545,0.0,1,0.0016405844,0.1612538745,0.15086511358523425
4.82967,4.48576,4.82967,1.6967,607.999,358.342,0.0,0.0,0.4016,0.236695,0.0,1,0.0064286564,0.4816276763,0.5103536046444801
7.97174,5.12774,7.97032,1.15353,2068.35,1793.06,0.0,0.0,0.6172,0.535054,0.0,1,0.002994569,0.2910272972,0.30452619506635265
4.78674,3.41448,4.67256,1.74547,701.395,401.837,0.0,0.0,0.4798,0.274883,0.0,1,0.0228793728,1.2147911186,1.3765354382976107
4.63167,4.31957,4.63167,1.28045,1230.74,961.183,0.0,0.0,0.5428,0.423914,0.0,1,0.006932742,0.6012940028,0.6111257792237109
3.78387,3.47181,3.77533,1.63861,422.447,257.809,0.0,0.0,0.4372,0.266812,0.0,1,0.0038222841,0.3521687311,0.32655967015891185
8.71143,5.70228,8.71143,1.44846,1502.61,1037.38,0.0,0.0,0.5786,0.399459,0.0,1,0.0051073577,0.4926298012,0.42511542756274795
6.39385,4.60431,6.39349,0.877136,2189.88,2496.63,0.0,0.0,0.6554,0.747205,0.0,1,0.0112553471,0.9723656845,0.9754410451730648
5.02308,3.9389,5.02308,1.70666,1611.03,943.967,0.0,0.0,0.591,0.34629,0.0,1,0.0036777027,0.3464429428,0.3386683745692174
4.89641,3.86855,4.89641,1.80531,1632.56,904.31,0.0,0.0,0.5842,0.323601,0.0,1,0.0039825935,0.3759593528,0.3434501347232528
4.81089,3.81392,4.81089,1.85808,1583.35,852.141,0.0,0.0,0.5814,0.312903,0.0,1,0.0042633803,0.3977209416,0.36468807542989307
4.89316,3.86869,4.89316,1.79298,1637.93,913.522,0.0,0.0,0.5838,0.325603,0.0,1,0.0039226378,0.3817094146,0.3391643098870482
4.79715,3.78414,4.66858,1.84797,1560.79,844.598,0.0,0.0,0.5808,0.31429,0.0,1,0.0041483652,0.3948278214,0.3374986687381385
5.04966,3.95603,5.04926,1.69109,1647.45,974.192,0.0,0.0,0.5932,0.35078,0.0,1,0.0034953919,0.3437582749,0.34787985279373934
4.93593,3.90727,4.93593,1.7362,1686.39,971.31,0.0,0.0,0.5894,0.339477,0.0,1,0.0040221477,0.3752776707,0.3631970475610765
4.65103,4.01588,4.65103,1.69435,1544.77,911.715,0.0,0.0,0.5744,0.339009,0.0,1,0.0025203788,0.2522099264999999,0.2011002574819516
4.85877,3.85756,4.85723,1.80735,1636.84,905.654,0.0,0.0,0.586,0.324231,0.0,1,0.0040592928,0.3832872856,0.3461319497591642
4.42025,3.76528,4.4179,1.33231,513.764,385.618,0.0,0.0,0.4442,0.333405,0.0,1,0.004878252,0.4227689374,0.3966472434825518
9.02646,6.62876,9.00319,0.768463,2450.96,3189.43,0.0,0.0,0.7778,1.01215,0.0,1,0.003157973,0.3131941705,0.30966974390892316
11.11776,6.67504,11.11673,0.856122,2399.62,2802.89,0.0,0.0,0.7336,0.856887,0.0,1,0.0040635152,0.4013081760999999,0.3928352000388737
4.46145,3.72288,4.46145,1.49644,287.06,191.829,0.0,0.0,0.4038,0.269841,0.0,1,0.0074301199,0.4796504927,0.5430646233350507
4.50395,3.69554,4.50367,1.50379,303.721,201.971,0.0,0.0,0.4016,0.267059,0.0,1,0.0082363779,0.4922503307,0.5718544109695619
4.21373,3.61145,4.21373,1.53199,237.412,154.969,0.0,0.0,0.4018,0.262273,0.0,1,0.0066561914,0.4360652598,0.48191062801574025
7.56113,5.5145,7.12706,1.15475,978.763,847.594,187.52,162.389,0.5516,0.477677,0.0,1,0.0060831463,0.5566562042000001,0.4978482009269727
16.88394,10.60987,16.88394,0.446812,2036.44,4557.7,0.0,0.0,0.8226,1.84104,0.0,0,0.0041146342,0.3942352410999999,0.38984217768016644
6.49431,5.39638,6.48428,1.08851,2690.71,2471.91,0.0,0.0,0.726,0.666964,0.0,1,0.0017820473,0.173790186,0.18338134941688533
5.98913,5.07662,5.983,1.31215,1025.01,781.164,0.0,0.0,0.5226,0.398277,0.0,1,0.0048219404,0.4287751889,0.3914657417023178
6.71051,5.85889,6.69498,1.05932,1949.1,1839.96,0.0,0.0,0.6024,0.568668,0.0,1,0.0074766345,0.6767726395999999,0.6935291196954975
10.85901,8.03964,10.85901,1.03314,1392.4,1347.74,0.0,0.0,0.6084,0.588883,0.0,0,0.0046531389,0.4173160225,0.4178038169330188
15.27666,13.37931,15.27666,0.777112,1815.11,2335.71,0.0,0.0,0.723,0.930368,0.0,0,0.003667355,0.3455781290999999,0.34437942673454847
15.24588,13.37948,15.24588,0.777112,1827.71,2351.93,0.0,0.0,0.724,0.931654,0.0,0,0.0035934684,0.3472564102,0.34139197622921813
5.04878,3.9878,4.84113,1.55276,984.517,634.043,0.0,0.0,0.443,0.285298,0.0,0,0.0067606598,0.5426429631,0.5632501619032967
5.68256,4.14915,5.67478,1.01525,1315.17,1295.41,0.0,0.0,0.5352,0.527158,0.0,0,0.0164532072,1.3906606003,1.3363245888855118
7.21449,5.67473,7.21449,0.867445,2262.97,2608.78,0.0,0.0,0.6652,0.76685,0.0,1,0.0036674425,0.3729155903,0.38317518305660797
7.18513,5.72761,7.17339,0.897407,2341.84,2609.57,0.0,0.0,0.648,0.72208,0.0,1,0.0046065312,0.4525980436999999,0.45289790538198677
6.28733,3.84153,6.28733,1.07489,1634.17,1520.3,0.0,0.0,0.5726,0.532703,0.0,1,0.0062832755,0.57854451,0.5816095088433006
6.45593,4.24018,6.45593,1.07571,1743.16,1620.48,0.0,0.0,0.587,0.545689,0.0,1,0.0060714013,0.5674167379999999,0.5646630113386624
6.1387,4.01365,6.12781,1.1355,1474.09,1298.19,0.0,0.0,0.537,0.472918,0.0,1,0.0069387603,0.6308297090999999,0.6277026161288408
6.05356,4.17814,6.05356,1.07197,1658.11,1546.78,2.02848,1.89228,0.5834,0.544229,0.0,1,0.0059306064,0.5541976501,0.5384516711444695
5.12494,3.68789,4.86231,1.25758,738.946,587.595,101.966,81.0816,0.492,0.391229,0.0,1,0.0081526449,0.6685949456,0.6783849988435149
6.18603,4.18536,6.1755,1.09485,1872.24,1710.03,0.0,0.0,0.5864,0.535596,0.0,1,0.0060713251,0.5842247556,0.5668099827376587
17.36935,5.40179,17.36935,1.04037,1505.92,1447.48,0.0,0.0,0.6542,0.628815,0.0,0,0.0026419957,0.2365769854,0.23518298901541973
7.22845,6.88703,7.22003,0.852646,2024.04,2373.83,0.0,0.0,0.6572,0.770777,0.0,0,0.0046656663,0.4476187397999999,0.4323568585515706
5.42608,5.04414,5.4195,1.45199,958.497,660.129,0.0,0.0,0.4968,0.342152,0.0,0,0.0054330259,0.4445896334,0.4625296699091128
5.35034,4.96809,5.33586,1.46578,931.664,635.609,0.0,0.0,0.4966,0.338795,0.0,0,0.0051902928,0.4444967356,0.4466085390343996
5.41931,4.91867,5.41931,1.46994,924.604,629.008,0.0,0.0,0.4898,0.333211,0.0,0,0.0053760885,0.4296375746,0.4458917291556956
5.72746,4.12193,5.64984,1.21514,2074.82,1707.48,0.0,0.0,0.605,0.497886,0.0,1,0.0060937209,0.5501303153,0.5369183106012567
5.85565,4.3241,5.81433,1.11314,2290.27,2057.49,0.0,0.0,0.6456,0.579983,0.0,1,0.0056451102,0.5239924472999999,0.522040122874133
6.15959,5.08946,6.15959,0.966844,2140.02,2213.41,0.0,0.0,0.6424,0.66443,0.0,1,0.0065235473,0.606221994,0.6403248013721613
4.75858,3.81827,4.66708,0.984908,1381.16,1402.32,0.0,0.0,0.5818,0.590715,0.0,0,0.0165925715,1.3856671829,1.2358720373692527
5.27749,3.98975,5.17779,1.10089,1767.3,1605.34,0.0,0.0,0.5602,0.508863,0.0,1,0.0074873435,0.6973255201999999,0.7183925689264935
8.22407,5.82511,8.22407,0.843093,1913.32,2269.41,1.31012,1.55395,0.6484,0.769073,0.0,1,0.0040507127,0.3871269879,0.3987865239300598
4.95936,4.07145,4.95936,1.0628,2097.01,1973.11,0.0,0.0,0.6348,0.597292,0.0,1,0.0159017448,1.3760851827,1.2232910969135191
4.59875,4.17002,4.59043,0.999501,2126.38,2127.44,0.0,0.0,0.617,0.617308,0.0,1,0.0124557443,1.1206503962,0.9882028634995736
4.79892,4.35574,4.79892,2.78878,865.091,310.204,296.77,106.416,0.5306,0.190263,0.0,1,0.001929772,0.1853685607999999,0.2668429428869258
16.63143,5.96233,15.15468,1.28609,2131.94,1657.69,0.0,0.0,0.7304,0.567923,0.0,1,0.0012702281,0.1250522055,0.1698289514597101
6.09249,4.54759,6.09249,1.63047,1317.37,807.969,0.0,0.0,0.5592,0.342968,0.0,1,0.0019659037,0.1847247948,0.1732449247927783
14.8276,14.77034,14.8276,0.887088,1281.1,1444.16,0.0,0.0,0.6208,0.699818,0.0,1,0.0025883219,0.2433036614,0.24304101981149562
5.38381,3.63961,5.38381,1.86675,886.646,474.968,0.0,0.0,0.4612,0.247061,0.0,0,0.0504665026,1.75155094,2.112760839631427
7.09205,5.80307,7.09205,0.944258,2774.42,2938.2,0.0,0.0,0.7154,0.757632,0.0,1,0.0038045345,0.3646908129999999,0.38390828460034554
6.68622,4.50914,6.67956,0.770633,1838.89,2386.21,0.0,0.0,0.6402,0.830746,0.0,1,0.0075059482,0.6905958884000001,0.6812543188429232
8.1775,6.04263,8.04141,1.00533,1638.23,1629.55,0.0,0.0,0.6412,0.637802,0.0,0,0.0078302119,0.6473768637,0.724152128726061
6.22843,5.8492,6.22773,1.32869,1398.1,1052.24,0.0,0.0,0.556,0.418457,0.0,1,0.0058678741,0.5547721433,0.5214357083597105
6.72825,5.09275,6.72825,1.1538,2875.75,2492.42,0.0,0.0,0.7648,0.662854,0.0,0,0.0012476745,0.1218685763,0.1414086356335219
10.37122,8.95436,10.37122,0.787001,1611.54,2047.69,0.0,0.0,0.6654,0.845489,0.0,1,0.0029303435,0.2781180443,0.28056205898405073
7.82021,4.59261,7.82021,1.06883,1472.28,1377.47,0.0,0.0,0.5676,0.531048,0.0,1,0.0073955761,0.6452267123,0.6530965158041018
7.10002,5.21425,6.59335,0.943193,1754.71,1860.4,1.38955,1.47324,0.6182,0.655433,0.0,1,0.0104230379,0.9310869745,0.8615077992128013
4.73101,4.56435,4.72097,1.48128,186.327,125.788,8.43694,5.69572,0.3958,0.267202,0.0,0,0.0013407277,0.1200336816,0.1554147290579173
6.68492,5.17244,6.67225,1.16398,1342.18,1153.1,0.0,0.0,0.5428,0.466332,0.0,1,0.0161339228,0.9655927508,1.1643401282010601
5.0786,4.57892,5.0786,2.10255,403.599,191.957,0.0,0.0,0.3698,0.175882,0.0,0,0.0008783737,0.0815535105999999,0.11487057657971333
15.42527,11.20267,15.42527,0.794433,1878.77,2364.92,0.0,0.0,0.6966,0.876851,0.0,1,0.0081947057,0.7027954370999999,0.6992181726781732
6.67259,5.28318,6.67068,1.1406,1107.96,971.384,0.0,0.0,0.4988,0.437316,0.0,1,0.0055574042,0.4878821611,0.48525858987624326
6.30239,4.60575,6.30081,0.99242,2117.8,2133.98,0.0,0.0,0.6346,0.639447,0.0,1,0.0033917888,0.3445804786,0.35740544627326476
6.09971,4.27883,6.09943,0.947205,2272.9,2399.59,0.0,0.0,0.644,0.679895,0.0,1,0.0040379792,0.3792619886,0.391323726317687
5.10287,4.04623,5.10287,1.31647,2066.97,1570.09,0.0,0.0,0.6518,0.495113,0.0,0,0.0043872387,0.4201798952,0.4627722765226775
6.17269,4.47662,6.08707,1.25773,1864.63,1482.53,0.0,0.0,0.6658,0.529365,0.0,1,0.0012463007,0.123091553,0.13015199310100378
8.78437,8.58193,8.78437,1.65394,1300.1,786.066,0.0,0.0,0.597,0.360957,0.0,1,0.0037567274,0.3305237845,0.30103023567639536
6.86464,4.18996,6.61474,0.930991,1654.01,1776.62,0.0,0.0,0.6014,0.645979,0.0,1,0.007548255,0.7025214289,0.6866120913325026
8.48171,3.92126,8.48171,0.891092,1361.54,1527.95,0.0,0.0,0.6076,0.68186,0.0,1,0.0032260428,0.3095488594,0.3339570882495724
4.84299,3.46778,4.84299,1.43835,1253.58,871.544,0.0,0.0,0.5374,0.373624,0.0,1,0.0108437356,0.9008442369,0.8946610968655366
5.76197,4.68972,5.75144,1.29019,1221.31,946.616,0.0,0.0,0.4888,0.37886,0.0,0,0.008102229,0.6131530186999999,0.6804515729180266
7.68451,4.9879,7.6811,1.00363,1922.96,1916.01,0.0,0.0,0.6122,0.609987,0.0,1,0.006333061,0.5936279594,0.5956257834034997
5.81423,4.04124,5.79708,1.35939,665.654,489.672,0.0,0.0,0.4506,0.331473,0.0,1,0.0076285428,0.5937185197,0.528357650464129
4.21553,3.44252,4.2138,1.21319,638.089,525.958,0.0,0.0,0.4724,0.389386,0.0,0,0.0060968165,0.4782049871,0.5461196393720165
6.06791,4.72083,6.0579,1.2094,1573.94,1301.42,0.0,0.0,0.5582,0.461552,0.0,1,0.0077879662,0.6861988067,0.6984946714089304
5.28957,4.33779,5.28957,0.956875,1608.61,1681.11,0.0,0.0,0.5938,0.620562,0.0,1,0.0080525133,0.7226280493,0.7584525455643369
13.3149,6.32995,13.3149,0.498432,2835.47,5688.77,0.0,0.0,0.778,1.5609,0.0,1,0.0047038098,0.4662634225,0.4729146962166787
8.22186,5.12827,8.22186,0.946932,1929.01,2037.11,0.0,0.0,0.6218,0.656647,0.0,1,0.005905674,0.54598563,0.5496809349488447
8.2386,5.1093,8.2386,0.972915,1925.54,1979.14,0.0,0.0,0.6264,0.643838,0.0,1,0.0057435037,0.5595833702,0.5220764084114826
5.72092,4.53231,5.72092,1.21796,1067.45,876.424,0.0,0.0,0.5332,0.437781,0.0,1,0.0062745731,0.5375135769,0.5096997887340795
6.68707,6.10275,6.68707,1.23624,984.626,796.47,83.5539,67.5873,0.5306,0.429206,0.0,1,0.0036994378,0.3706863893,0.3481522682732588
6.69718,6.09535,6.69718,1.23624,986.103,797.665,80.349,64.9948,0.5296,0.428397,0.0,1,0.0037948192,0.3619623928,0.3512039216217768
5.44718,4.31032,5.44265,0.953017,1818.67,1908.33,0.0,0.0,0.6068,0.636715,0.0,1,0.0099586774,0.9360861966,0.9124441574361334
6.06489,4.97271,6.06019,1.23962,1992.38,1607.25,0.0,0.0,0.6032,0.486602,0.0,1,0.0067861925,0.6148443965,0.6085792520591168
4.47722,3.75995,4.47722,1.44705,840.737,581.002,0.0,0.0,0.4724,0.326458,0.0,1,0.0154886086,1.056733623,1.1061849198833578
4.32787,3.5712,4.32787,1.83607,854.103,465.181,0.0,0.0,0.4892,0.266439,0.0,1,0.0138143874,1.068609258,0.9857706057207652
4.25802,3.49743,4.22359,1.39734,591.978,423.648,0.0,0.0,0.4574,0.327337,0.0,1,0.0073939261,0.5829388688,0.5867897610557898
16.10036,15.32514,16.09835,0.674334,1617.68,2398.93,0.0,0.0,0.7312,1.08433,0.0,0,0.0045686056,0.4278628407,0.3990491992493328
8.69308,7.48414,8.68762,0.756867,2252.53,2976.13,0.0,0.0,0.7044,0.930679,0.0,0,0.0055501454,0.5153829082,0.5359551571183085
15.98104,7.52003,15.97479,0.734572,1758.78,2394.29,252.635,343.921,0.7614,1.03652,0.0,1,0.0042532893,0.4177804456,0.4278537815069769
11.05938,6.30446,11.02908,0.918977,2242.53,2440.24,0.0,0.0,0.738,0.803067,0.0,1,0.0035975795,0.3449662232,0.3690203997970706
7.6136,7.16835,7.6136,1.27683,1846.33,1446.03,0.0,0.0,0.6334,0.496073,0.0,1,0.0021150683,0.2132157441,0.21379748780744678
5.27869,4.82624,5.26972,1.35338,1171.24,865.416,0.0,0.0,0.5066,0.374323,0.0,0,0.035045676,1.8643267191,2.2568921300663582
9.61074,7.33598,9.61074,0.662989,2371.82,3577.46,0.0,0.0,0.7958,1.20032,0.0,0,0.001899471,0.1899765803,0.21513842990683674
5.83475,4.30482,5.82509,1.2153,836.856,688.601,251.586,207.016,0.5296,0.435778,0.0,0,0.0100573138,0.7664433506999999,0.7901090125342043
23.87093,10.84779,23.87093,0.911245,1630.75,1789.58,0.0,0.0,0.8024,0.880553,0.0,1,0.0011056747,0.1086604082,0.13372982850124948
12.69031,3.67391,12.69031,0.919646,1552.86,1688.54,0.0,0.0,0.6966,0.757465,0.0,0,0.0015906764,0.1590777535999999,0.21627093840609313
13.64672,8.62891,13.57643,0.814725,1868.84,2293.83,0.829839,1.01855,0.7426,0.911474,0.0,0,0.0018238764,0.1822184874,0.23880376790720875
20.68684,7.65386,20.68684,0.945467,1548.81,1638.15,1.11326,1.17747,0.7196,0.761105,0.0,0,0.0019089478,0.1876378821,0.2305053422522903
6.00262,3.86824,5.65571,1.31,1012.28,772.734,0.0,0.0,0.4954,0.378168,0.0,1,0.0060264972,0.5088114735,0.464872139598906
7.33297,4.64507,7.06229,0.957966,1896.24,1979.44,0.0,0.0,0.6126,0.63948,0.0,0,0.007151358,0.6674407826,0.6595705687686266
9.17432,7.72525,9.0966,0.709696,2365.23,3332.74,0.0,0.0,0.7732,1.08948,0.0,0,0.0020315867,0.1984239531,0.22426316764790039
9.46604,8.41122,9.46604,0.69659,2357.29,3384.04,0.0,0.0,0.789,1.13266,0.0,0,0.0020363508,0.2010827998,0.22483307304469735
6.67771,5.78982,6.67771,1.24602,1833.38,1471.39,0.0,0.0,0.6046,0.485225,0.0,0,0.0082413478,0.7365382589,0.7387728340257717
6.46175,4.9377,6.46175,1.4824,1450.9,978.754,0.0,0.0,0.5424,0.365894,0.0,1,0.0050396121,0.4635465781,0.43639227164484645
4.67375,3.80751,4.66389,1.32281,575.521,435.074,0.0,0.0,0.4708,0.355908,0.0,0,0.0106221328,0.7516884911,0.7693774941265724
5.62453,4.16158,5.60554,1.07616,1629.52,1514.21,0.0,0.0,0.6326,0.587833,0.0,0,0.0109252772,0.9279090619,0.9175481755307895
5.74545,3.94509,5.74323,1.37815,1848.48,1341.28,0.0,0.0,0.614,0.445526,0.0,1,0.0028151816,0.2793298228,0.26267542048901077
8.21847,7.49363,8.20971,1.22679,2052.71,1673.24,0.0,0.0,0.664,0.54125,0.0,0,0.0037859983,0.352642932,0.3563119492282468
8.46005,7.97124,8.46005,1.21092,2060.95,1701.98,0.0,0.0,0.6704,0.55363,0.0,1,0.0039604531,0.3642793963,0.3742457037421143
11.49557,10.72535,11.49539,1.14498,1547.17,1351.26,0.0,0.0,0.6402,0.559135,0.0,1,0.0039960446,0.3866597834,0.3805600156493546
6.18049,4.11372,6.17321,0.97822,1677.34,1714.69,0.0,0.0,0.6008,0.614177,0.0,0,0.0066794547,0.632490177,0.6265562874403722
4.84037,3.9654,4.82716,1.41449,886.753,626.908,0.0,0.0,0.4542,0.321106,0.0,1,0.0022720859,0.2064051371,0.20973197222005602
5.62972,5.12114,5.55282,1.20445,928.209,770.649,0.0,0.0,0.499,0.414297,0.0,1,0.0028649967,0.2705375414,0.26485924990594384
6.24254,3.72061,6.24254,1.49869,1194.16,796.807,0.0,0.0,0.5316,0.354711,0.0,0,0.0139189803,1.1383135037999998,1.08916080127546
5.81008,4.95296,5.55484,2.37336,1506.6,634.795,0.0,0.0,0.5624,0.236964,0.0,1,0.0041649032,0.3733668314,0.2946473792782697
6.58785,4.88173,6.58785,1.68165,1430.07,850.397,0.0,0.0,0.5722,0.340261,0.0,1,0.0067472583,0.6008836399,0.5519652460353921
5.86532,5.19351,5.73822,2.36156,1533.32,649.284,0.0,0.0,0.5552,0.235099,0.0,1,0.0040744385,0.3606917797,0.28948926494590094
25.71531,12.0883,18.82078,0.289452,1646.58,5688.62,0.0,0.0,0.8738,3.01881,0.0,1,0.0044957021,0.4739445689,0.4233737069364012
24.30948,9.03515,24.30948,0.38234,1867.98,4885.64,0.0,0.0,0.8462,2.21321,0.0,1,0.0048737386,0.4720301675,0.4624231436670343
7.22153,5.5004,7.20678,0.929467,1805.81,1942.84,0.0,0.0,0.6346,0.682757,0.0,1,0.0097479237,0.8504481232,0.841582926107368
10.03253,9.59417,10.02623,0.699735,1785.38,2551.51,0.0,0.0,0.7038,1.00581,0.0,0,0.0048323444,0.4628704845,0.43977639297422066
4.62887,4.08311,4.62887,1.93861,903.412,466.011,0.0,0.0,0.5016,0.258742,0.0,1,0.0089624662,0.6935927220999999,0.6814352645449492
4.81461,3.51016,4.81159,1.02272,1546.56,1512.21,0.0,0.0,0.5746,0.561836,0.0,0,0.0336669643,1.9410562106,1.7710378097403165
4.67426,4.35266,4.67426,2.30119,853.786,371.02,0.0,0.0,0.5434,0.236139,0.0,1,0.0011680463,0.1186786731,0.14442304068830114
5.00398,3.75819,5.00288,1.4388,1552.49,1079.02,0.0,0.0,0.603,0.4191,0.0,0,0.013273562,1.0896495516,1.0647889615996602
15.37241,7.5238,15.37241,0.554007,2040.18,3682.59,0.0,0.0,0.7832,1.4137,0.0,0,0.0034745905,0.3498291904,0.363622516836478
5.59823,4.10574,5.59823,0.989877,1624.62,1641.23,0.0,0.0,0.559,0.564717,0.0,1,0.0099698125,0.8745432451,0.9085387785332463
7.26111,7.14037,7.26111,0.948615,1661.34,1751.34,0.0,0.0,0.5896,0.621538,0.0,0,0.0093351999,0.8725090561,0.8101590784431391
9.30827,4.15962,9.30827,0.852871,1523.34,1786.13,0.0,0.0,0.6286,0.73704,0.0,0,0.0042775986,0.4239941540999999,0.3975833951771431
5.35067,4.98225,5.35067,1.31519,1804.28,1371.88,0.0,0.0,0.6304,0.479324,0.0,1,0.0031861219,0.298338011,0.36011017126044104
5.17795,3.43564,5.1502,1.38752,525.135,378.471,0.0,0.0,0.4118,0.296789,0.0,0,0.0076964799,0.5760038411,0.6211092737320937
7.19827,5.98763,7.19827,1.10603,1324.83,1197.82,0.0,0.0,0.546,0.493657,0.0,0,0.006969219,0.6266483716,0.5996337962306729
9.6196,8.46967,9.6196,1.47235,624.294,424.013,93.3885,63.4283,0.498,0.338235,0.0,1,0.0014696721,0.1302705557,0.1612933946527142
7.11031,6.37447,7.11031,1.26291,989.015,783.122,12.4903,9.89007,0.5394,0.427108,0.0,0,0.0026294564,0.2544076607,0.26105357781078087
5.87742,3.45437,5.87742,1.36069,369.973,271.901,0.0,0.0,0.367,0.269716,0.0,0,0.0044410904,0.3334487985,0.3150529598115088
5.88281,3.51824,5.88281,1.36262,373.489,274.096,0.0,0.0,0.3676,0.269774,0.0,0,0.0045868922,0.3359676509,0.30522078359093385
5.886,3.5289,5.886,1.35798,373.139,274.776,0.0,0.0,0.3686,0.271433,0.0,0,0.0043774068,0.3290965299,0.3054895011569397
5.93833,3.59787,5.73261,1.34629,399.566,296.791,0.0,0.0,0.3782,0.28092,0.0,0,0.0042500397,0.3196663353,0.31568003803095857
5.95786,3.62462,5.74689,1.33025,394.105,296.264,0.0,0.0,0.3816,0.286863,0.0,0,0.0038417343,0.3016652907,0.2715767240710893
13.26244,6.64572,13.26244,0.873197,2121.07,2429.08,0.0,0.0,0.7212,0.825931,0.0,1,0.0074318426,0.5957944407,0.6609005520120164
6.11767,3.57208,6.10936,1.00677,852.908,847.173,0.0,0.0,0.5204,0.516901,0.0,1,0.0138529576,0.9132080263,1.0638951298563133
5.28648,3.63417,5.2773,0.904106,536.331,593.217,509.7,563.762,0.5196,0.574711,0.0,0,0.0188351523,1.1289067045,0.9894533061467399
5.05238,3.74879,4.99149,1.49581,731.65,489.133,0.0,0.0,0.4222,0.282255,0.0,1,0.0145471483,0.9123282949,1.0215178506898952
7.25791,5.03113,6.91895,1.17911,1594.01,1351.88,0.0,0.0,0.5908,0.501055,0.0,1,0.0083270635,0.7515331076,0.7039158898738754
8.06664,3.9387,8.06075,1.15948,1831.32,1579.42,0.0,0.0,0.63,0.543345,0.0,0,0.0115200691,1.0333148525,0.9027985115510967
8.08706,3.61748,7.36025,1.26635,1637.77,1293.3,0.0,0.0,0.6148,0.485489,0.0,1,0.0096601198,0.8678425524,0.8526378824201754
8.0725,3.53077,8.06497,1.03469,1587.07,1533.85,0.0,0.0,0.6072,0.58684,0.0,1,0.0088732689,0.8344387364,0.8078101827100357
9.12551,3.7795,9.11836,1.17123,1785.15,1524.17,0.0,0.0,0.6208,0.530041,0.0,1,0.0053243433,0.5081926917,0.48837970945815345
8.02196,4.1722,8.01469,1.33184,2031.27,1525.15,0.0,0.0,0.6558,0.4924,0.0,1,0.009368494,0.880479888,0.7505972338873812
7.77196,4.02298,7.7515,0.967928,1840.06,1901.03,0.0,0.0,0.6374,0.65852,0.0,1,0.007613722,0.7238975108,0.675903795530888
5.83271,4.11171,5.82021,0.775057,2252.16,2905.8,0.0,0.0,0.6658,0.859034,0.0,0,0.0069361075,0.667298304,0.6444538366792422
5.97637,5.66826,5.96867,0.916107,2203.56,2405.35,0.0,0.0,0.6442,0.703193,0.0,1,0.0104130356,0.962211362,0.943014691948387
7.60143,4.74827,7.04866,1.03116,1778.09,1724.35,0.0,0.0,0.6042,0.58594,0.0,1,0.0104045439,0.8693192004000001,0.8839116594413007
7.3712,5.08597,7.3712,1.79786,881.924,490.542,0.0,0.0,0.4552,0.25319,0.0,0,0.0030718359,0.2693417955,0.29432561822493686
7.12952,5.0191,7.12952,1.96935,853.811,433.551,0.0,0.0,0.434,0.220378,0.0,0,0.0030699593,0.2627976547,0.2857182206663727
11.04769,6.93986,11.04769,1.01875,2416.33,2371.86,7.87226,7.72737,0.7184,0.705177,0.0,1,0.0056196655,0.5140021549,0.5199934552515145
11.32674,4.96034,11.30095,0.840493,2065.42,2457.39,0.0,0.0,0.7018,0.834987,0.0,1,0.0077040147,0.7004958666,0.6889605625519959
7.19899,4.51752,7.19899,1.177,1685.21,1431.79,101.434,86.1807,0.6014,0.510961,0.0,1,0.0034642827,0.312140015,0.37480936422200706
7.40345,4.51665,7.18933,1.1831,1645.32,1390.68,107.302,90.6958,0.5974,0.504945,0.0,1,0.0033651006,0.3087037749,0.36091631207750957
7.3635,4.07388,7.35928,1.22764,1566.0,1275.62,0.0,0.0,0.6092,0.496238,0.0,1,0.0023638993,0.2242652704,0.25356645325235383
6.12679,5.53694,6.11946,1.24903,1460.77,1169.52,0.0,0.0,0.5518,0.441784,0.0,1,0.005697084,0.5320939874,0.48861293941236705
8.47502,6.8337,8.46296,0.827108,1882.02,2275.42,0.0,0.0,0.6618,0.800137,0.0,1,0.0050507179,0.4941772467,0.4760305389595719
7.1275,4.47989,7.11656,1.12613,1773.48,1574.85,0.0,0.0,0.6,0.5328,0.0,1,0.0037069552,0.3411668249,0.3835172836245883
5.80604,3.7042,5.80604,1.49141,1358.54,910.909,0.0,0.0,0.535,0.358721,0.0,1,0.0034174207,0.3206580639,0.293593049773879
5.80307,3.70444,5.7954,1.49676,1370.95,915.947,0.0,0.0,0.5352,0.357572,0.0,1,0.0035195054,0.3214314754,0.32034146931684276
5.66478,3.61524,5.6614,1.54511,1255.98,812.875,0.0,0.0,0.5282,0.341853,0.0,1,0.003596057,0.3354858681,0.3197311854717894
10.92187,6.16089,10.13253,0.730979,2352.02,3217.63,0.0,0.0,0.744,1.01781,0.0,1,0.0073064522,0.6542586663000001,0.6871891057768591
7.18365,5.84135,6.93817,1.26274,1917.74,1518.71,0.0,0.0,0.6256,0.495429,0.00158385,1,0.0023430731,0.2214134243,0.2501429817292721
8.35999,7.36684,8.31122,1.01133,1835.07,1814.52,0.0,0.0,0.6542,0.646874,0.0,1,0.0062355395,0.5918752369,0.555536671897293
9.9371,5.9051,9.93469,0.740129,2096.9,2833.15,0.0,0.0,0.687,0.928217,0.0,0,0.0042538856,0.4192270299,0.40584965731491157
5.40755,4.36097,5.2762,1.74872,1493.17,853.86,0.0,0.0,0.5666,0.324008,0.0,1,0.0027232385,0.2495232734,0.2365160377763061
5.53374,4.52225,5.53374,1.71424,1549.27,903.767,0.0,0.0,0.5698,0.332393,0.0,1,0.0024723512,0.2299508902,0.20772435406484524
6.39369,3.9398,5.95965,1.27695,1466.95,1148.79,0.116669,0.0913651,0.5758,0.450916,0.0,1,0.0089717336,0.7555202645999999,0.7513407635157344
4.8576,4.0805,4.8576,1.31729,1109.65,842.374,1.31609,0.999089,0.544,0.41297,0.0,1,0.0036426744,0.3224694139,0.4026026797737003
4.85832,4.07746,4.85832,1.31771,1115.31,846.4,1.47769,1.12141,0.531,0.402973,0.0,1,0.0035285436,0.3146300553,0.40108366226008263
8.34589,6.74867,8.34589,2.21863,955.771,430.794,0.0,0.0,0.5032,0.226807,0.0,1,0.0016297232,0.1546147434999999,0.09929925824872943
12.95456,9.6087,12.76631,0.416845,1954.8,4689.52,0.0,0.0,0.815,1.95516,0.0,1,0.0035492495,0.378384285,0.37152915610793186
6.23164,4.41484,6.20582,1.34664,1022.84,759.553,0.0,0.0,0.4892,0.363275,0.0,0,0.0073330617,0.6323296967,0.5976177174165423
5.95677,4.26157,5.93982,1.29463,1394.9,1077.46,0.0,0.0,0.5154,0.398107,0.0,0,0.0070619429,0.605178609,0.6158194775405083
5.43472,3.75459,5.43472,1.57273,1218.49,774.765,0.0,0.0,0.5248,0.333688,0.0,0,0.0103007305,0.8203833948,0.80919364994413
5.44774,3.7649,5.44192,1.50867,1222.23,810.136,0.0,0.0,0.526,0.348652,0.0,0,0.0099984089,0.7863570837,0.8102965740163609
5.41474,3.72498,5.39995,1.55868,1201.98,771.152,0.0,0.0,0.522,0.334898,0.0,0,0.0107541948,0.830682898,0.8205036867990894
5.41179,3.71334,5.38603,1.62695,1198.02,736.358,0.0,0.0,0.519,0.319002,0.0,0,0.0111402386,0.838123033,0.851750067234395
5.4288,3.7248,5.42521,1.58725,1209.7,762.135,0.0,0.0,0.523,0.3295,0.0,0,0.0106014565,0.8298640997,0.8061680352619405
6.09263,4.09444,6.07646,0.818977,2614.48,3192.37,0.0,0.0,0.6796,0.829816,0.0,0,0.0049284507,0.4812188658,0.4592298167981913
6.94632,6.00048,6.94632,1.03663,2578.05,2486.94,0.0,0.0,0.6936,0.669088,0.0,1,0.0041567553,0.3875717924,0.395614242352809
7.05521,6.39517,7.05449,1.0177,2567.24,2522.59,0.0,0.0,0.6952,0.683108,0.0,1,0.0038699026,0.3752840692,0.38323296118764866
6.85987,6.20916,6.70163,1.02767,2542.94,2474.47,0.0,0.0,0.6868,0.668309,0.0,1,0.0039507429,0.3831881628,0.38507540610169677
4.83947,3.74089,4.83947,1.28408,1060.99,826.263,0.0,0.0,0.5012,0.390319,0.0,1,0.0261531315,1.6255558973,1.5375254371369844
8.05193,5.7692,8.05193,1.0871,1247.11,1147.19,0.0,0.0,0.6042,0.555788,0.0,1,0.0009860519,0.106539974,0.14507045073856595
7.09546,5.16312,7.09546,0.822497,1782.71,2167.43,0.0,0.0,0.6384,0.776173,0.0,1,0.0046714115,0.4572526354,0.44271152770827593
7.68408,4.67009,7.68408,1.19851,1999.16,1668.03,0.0,0.0,0.6332,0.528321,0.0,1,0.0037453691,0.3663076139,0.36213003741946603
6.08536,5.42004,6.08536,0.76282,3171.25,4157.27,0.0,0.0,0.7336,0.961695,0.0,1,0.0041470593,0.4142657128999999,0.40738429303854207
4.69189,4.1551,4.68505,1.19151,652.957,548.006,0.0,0.0,0.4618,0.387574,0.0,1,0.0023445404,0.2272649467,0.2296021480579944
5.17721,3.88044,5.16559,1.56809,1108.64,706.999,0.0,0.0,0.4678,0.298324,0.0,0,0.0076335025,0.6383393501,0.6444260980480921
5.00989,4.14842,5.00989,2.07402,1561.26,752.77,0.0,0.0,0.5908,0.284857,0.0,1,0.0020918253,0.2048986743,0.20542840965494735
6.16705,5.25559,6.16705,2.0588,1791.16,870.001,0.0,0.0,0.601,0.291917,0.0,1,0.0019216187,0.1852160896999999,0.17989150470715387
5.55376,3.62598,5.46848,2.06178,1285.48,623.479,0.0,0.0,0.5464,0.265014,0.0,1,0.0028690498,0.2682460752,0.23839288538477105
5.55564,3.58661,5.41937,2.08307,1276.82,612.952,0.0,0.0,0.5458,0.262017,0.0,1,0.0028957066,0.2661535758,0.21976945521341967
6.12669,4.55303,6.11551,2.25914,1566.11,693.232,0.0,0.0,0.5588,0.247351,0.0,1,0.0013651578,0.1358017365,0.09555879459410954
6.082,4.53553,6.07141,2.27942,1559.62,684.218,0.0,0.0,0.5574,0.244536,0.0,1,0.0013593732,0.1384094236999999,0.09541245418407152
8.17736,6.62352,8.16605,0.938004,1961.34,2090.97,0.0,0.0,0.6256,0.666948,0.0,1,0.0052404044,0.4981299107999999,0.5131300130872526
6.94357,6.25435,6.88861,1.02856,1661.58,1615.44,0.0,0.0,0.5918,0.575367,0.0,1,0.0058027147,0.5389970775999999,0.5142975610393825
6.92505,4.2277,6.91906,1.17857,874.958,742.388,0.0119262,0.0101192,0.491,0.416606,0.0,0,0.0013087908,0.1248037413,0.12554666954223637
9.34267,6.30544,9.30322,1.26616,1290.92,1019.56,0.0,0.0,0.564,0.445443,0.0,1,0.006060728,0.5284259822,0.5184271364206273
9.07189,5.62921,9.07189,1.09841,1235.65,1124.95,94.6696,86.1878,0.5808,0.528764,0.0,1,0.0048436683,0.4310008431,0.4437168761116113
9.54316,8.35297,9.54316,1.17123,1191.49,1017.3,0.0,0.0,0.5608,0.478813,0.0,1,0.005513865,0.4685663918,0.46946487109646373
4.22955,3.7824,4.22684,1.70241,256.239,150.515,0.0,0.0,0.3872,0.227442,0.0,1,0.0018505306,0.1567738271,0.1360812258100329
5.1693,4.46656,5.1693,1.06371,1875.59,1763.26,0.0,0.0,0.6372,0.599038,0.0,1,0.0018324764,0.1859184207999999,0.25127195913133804
6.22529,4.73915,6.22421,1.09032,1314.16,1205.3,0.0,0.0,0.551,0.505357,0.0,1,0.0093731523,0.7824026629,0.7368464285721803
6.01939,4.81592,6.01939,1.89872,712.25,375.122,0.0,0.0,0.4102,0.216041,0.0,0,0.0025577711,0.2157016743,0.22739013853439738
5.92457,4.79042,5.92457,1.92239,717.079,373.015,0.0,0.0,0.4062,0.2113,0.0,0,0.0031366918,0.2617405378,0.2716946039628113
6.01675,4.74609,6.01675,1.93131,685.918,355.156,0.0,0.0,0.4034,0.208873,0.0,0,0.00312571,0.2475855210999999,0.2835046331608724
6.0763,4.7602,6.0763,1.95362,711.305,364.096,0.0,0.0,0.416,0.212938,0.0,0,0.0034926759,0.2760547764,0.3213283406199947
5.94961,4.80382,5.94961,1.93345,716.335,370.496,0.0,0.0,0.4134,0.213815,0.0,0,0.0031158006,0.2521651358,0.2678512826468798
5.89979,4.82106,5.89979,1.93984,705.302,363.588,0.0,0.0,0.4094,0.211048,0.0,0,0.0031181377,0.2484089256,0.2696815572436942
4.87289,4.04271,4.86475,1.11842,1707.65,1526.84,0.0,0.0,0.5666,0.506605,0.0,1,0.0108631651,0.9348821525,0.9536736192140038
5.22361,3.40377,5.22361,1.39671,578.501,414.189,0.0,0.0,0.4356,0.311876,0.0,1,0.0074379486,0.5181624893,0.5688171859364698
9.05788,8.40599,9.04804,0.706681,2105.01,2978.73,0.0,0.0,0.7028,0.994508,0.0,1,0.00426102,0.4102497859,0.4176466051623234
6.9282,3.87493,6.90819,1.74491,1526.38,874.763,0.0,0.0,0.561,0.321507,0.0,1,0.0023767795,0.2321633322,0.21416673063026959
5.51262,3.86354,5.23725,1.5527,956.041,615.728,190.025,122.384,0.5024,0.323565,0.0,1,0.0045901211,0.4119064732999999,0.40931136629379666
5.49154,3.80214,5.49154,1.70676,464.702,272.271,214.78,125.841,0.4578,0.268227,0.0,0,0.0037822043,0.3281999302,0.37729165942652854
5.58258,4.94247,5.58258,1.66592,467.165,280.425,0.0,0.0,0.3124,0.187524,0.0,1,0.0015482207,0.1300566685,0.13017592493154018
28.43131,15.91754,28.43131,0.251734,1350.35,5364.2,0.0,0.0,0.895,3.55533,0.0,1,0.0042549884,0.4269351695,0.417168484297907
4.55228,3.8726,4.49338,1.6515,1184.67,717.327,0.0,0.0,0.5308,0.321405,0.0,1,0.0056523091,0.5232857685,0.4367704711860319
5.31956,3.48582,5.3054,1.56034,1406.04,901.106,0.0,0.0,0.6028,0.386325,0.0,1,0.0023015255,0.2185480332,0.22805728424001986
4.68206,3.60956,4.68206,1.41956,703.501,495.576,0.0,0.0,0.4404,0.310237,0.0,0,0.005727313,0.5028839963,0.4802661288552907
4.81263,3.80435,4.77754,1.65937,798.009,480.911,0.0,0.0,0.4498,0.271067,0.0,0,0.0025196259,0.2330286753,0.23894741706081868
4.78823,4.34338,4.74662,1.25646,1202.69,957.206,0.0,0.0,0.553,0.440126,0.0,1,0.0273485493,1.8470894898,1.6214478415558324
5.70734,4.18424,5.69729,1.38731,1533.97,1105.72,0.0,0.0,0.5594,0.403228,0.0,1,0.0104070052,0.8524578736,0.8283734056809047
4.79099,4.0094,4.67667,1.66988,586.788,351.395,42.4437,25.4172,0.4496,0.26924,0.0,0,0.0112912113,0.7419359551000001,0.6825329330162515
4.83695,4.09471,4.83695,1.59649,796.791,499.09,0.0,0.0,0.4516,0.282871,0.0,0,0.0124072161,0.8597392955,0.7814839289663416
4.77714,4.04915,4.77714,1.67198,561.972,336.111,24.6403,14.7372,0.4404,0.2634,0.0,0,0.0117488684,0.7412944897,0.7176873534572685
6.30554,5.14447,6.30011,1.31758,1695.15,1286.57,0.0,0.0,0.5682,0.431246,0.0,1,0.0036711364,0.3330994001,0.35604050030469636
12.5848,12.05657,12.5848,0.73279,1666.47,2274.15,0.0,0.0,0.7016,0.957436,0.0,0,0.0059251595,0.5464830677,0.5478058116149024
15.08334,7.94194,15.08334,0.584242,2219.37,3798.71,0.0,0.0,0.8024,1.3734,0.0,0,0.0032590127,0.3113473213,0.34429101744332963
7.95891,4.14066,7.95891,1.16582,1897.92,1627.97,0.0,0.0,0.6126,0.525468,0.0,0,0.0088861871,0.7474076828,0.7532777524320503
6.30533,4.49793,6.29978,1.16773,1014.53,868.802,0.0,0.0,0.5164,0.442225,0.0,1,0.0017747798,0.1703662891,0.18906814784189407
9.00136,6.57223,9.00136,0.85431,2140.93,2506.03,0.0,0.0,0.7094,0.830378,0.0,0,0.0057336727,0.5129767575,0.5295497743404427
4.52081,3.45842,4.52081,1.48786,347.115,233.298,0.0,0.0,0.4196,0.282015,0.0,1,0.0026913241,0.2300272837,0.21569295152134949
11.33189,6.86002,11.33189,0.649596,2356.83,3628.15,0.0,0.0,0.774,1.19151,0.0,1,0.0043429154,0.4119569792,0.43055549775651214
4.86314,3.46095,4.86114,1.09882,730.753,665.036,0.0,0.0,0.4806,0.437379,0.0,0,0.0165958713,1.1391609069,1.1677913738537915
7.23376,3.90094,7.22167,1.02876,1762.4,1713.12,0.0,0.0,0.6028,0.585946,0.0,1,0.0061914058,0.5750838147999999,0.5840353644665127
10.55614,5.67197,10.5437,1.00791,1714.99,1701.54,0.0538795,0.0534569,0.6458,0.640735,0.0,1,0.0058196896,0.5124842423,0.507049001803056
9.93245,5.52954,9.93245,1.05018,1644.99,1566.39,0.0,0.0,0.6486,0.617608,0.0,1,0.0053171215,0.4929928504999999,0.4882247706969904
7.45404,4.653,7.45404,0.903111,1947.01,2155.89,0.0,0.0,0.6178,0.68408,0.0,0,0.0099575318,0.8719140834,0.882809713654233
8.04408,6.54623,8.01999,0.696864,2211.4,3173.36,0.0,0.0,0.7326,1.05128,0.0,0,0.0048295815,0.4757922335,0.4516545176838287
4.65728,3.47175,4.65433,1.22153,961.191,786.878,69.3358,56.7617,0.5406,0.442561,0.0,1,0.0050470132,0.4670916683,0.5151590523983297
4.42922,3.63352,4.42922,1.96256,310.567,158.245,0.0,0.0,0.4212,0.214617,0.0,1,0.0006841232,0.0697817434999999,0.11091557609935099
5.16871,3.64786,5.16485,0.985668,753.397,764.352,500.835,508.117,0.5382,0.546026,0.0,0,0.0254400115,1.636492288,1.0786318004318276
6.18436,4.94333,5.98081,1.31558,928.05,705.433,194.939,148.177,0.529,0.402105,0.0,1,0.0090213959,0.7351835073,0.6803710454165544
6.76103,5.10334,6.76103,1.07696,1941.39,1802.66,0.0,0.0,0.6212,0.57681,0.0,0,0.0058849081,0.5372148924,0.5456950665623531
5.66636,4.82954,5.66636,1.37462,738.511,537.249,0.0,0.0,0.318,0.231337,0.0,1,0.0061926789,0.5028513829,0.44542544141155044
6.02888,4.81928,6.02888,1.46684,832.757,567.721,0.0,0.0,0.4806,0.327643,0.0,1,0.004704388,0.4164920973,0.33982209926671186
6.27871,5.58535,6.27871,1.41351,623.69,441.235,0.0,0.0,0.4354,0.308027,0.0,1,0.0021957998,0.2007961095,0.16442196702478284
6.52902,4.63625,6.52902,1.20846,1900.2,1572.41,0.0,0.0,0.613,0.507257,0.0,1,0.0068769844,0.6275377877,0.6303193842196335
5.33619,3.90302,5.22967,1.1804,712.798,603.863,412.05,349.077,0.5362,0.454254,0.0,1,0.0028162115,0.2665168438,0.34879799912937615
4.49598,3.52102,4.49598,1.26918,746.378,588.079,0.0,0.0,0.5282,0.416174,0.0,1,0.001313624,0.1346960285,0.21754340321872134
4.58174,3.69427,4.58174,1.68973,1137.53,673.202,0.0,0.0,0.5902,0.349287,0.0,1,0.008621594,0.7134611233,0.6506770676327686
5.62306,3.85048,5.61686,1.5787,1548.3,980.742,0.0,0.0,0.6176,0.391207,0.0,1,0.0070272449,0.6069061324,0.5695763308563072
5.19394,3.96476,5.19394,1.59085,1442.83,906.957,0.0,0.0,0.6148,0.386461,0.0,0,0.0090454083,0.7748052178,0.7385490381958383
17.06952,6.66429,17.06948,0.730619,2158.98,2955.01,0.0,0.0,0.7424,1.01613,0.0,1,0.0061095476,0.5848442992,0.5836793397619933
4.58192,3.82938,4.58192,1.15929,890.249,767.928,0.0,0.0,0.475,0.409735,0.0,0,0.001617559,0.1531758938,0.2390727510385648
5.09985,3.87591,5.09025,1.50728,1179.77,782.72,0.0,0.0,0.547,0.362907,0.0,1,0.0072570567,0.6213927804,0.587008285390278
5.11247,3.90242,5.06469,1.50181,1156.11,769.817,0.0,0.0,0.5508,0.366759,0.0,1,0.0074303371,0.6191796889,0.6144753724638645
6.30539,5.26051,6.30539,1.49546,1378.73,921.943,0.0,0.0,0.5664,0.378747,0.0,1,0.0063898876,0.5549893615,0.5375417802057689
4.98965,4.17051,4.98965,1.41285,672.875,476.256,0.0,0.0,0.4416,0.312561,0.0,0,0.0031155964,0.2703520511,0.25283543878194076
4.92633,4.45881,4.92633,1.33002,1110.7,835.1,0.0,0.0,0.469,0.352627,0.0,0,0.0131255997,1.0080113845999998,0.9713757272062221
4.56618,4.05009,4.56618,1.4926,751.203,503.284,0.0,0.0,0.4242,0.284201,0.0,0,0.0094045172,0.6749046479,0.6804730154823342
4.53296,4.00605,4.52467,1.46371,719.363,491.465,0.0,0.0,0.4314,0.29473,0.0,0,0.0097758066,0.7261643139,0.7619482553445794
5.08767,3.82439,5.07588,1.48605,1252.4,842.773,0.0,0.0,0.5402,0.363514,0.0,1,0.0034105157,0.3181115663,0.3058776374281705
9.75671,8.56589,9.45457,1.06294,1335.32,1256.25,0.0,0.0,0.5826,0.548103,0.0,1,0.0035931951,0.3421079531,0.3403860943514174
6.47441,4.48765,6.46774,0.782233,2543.82,3252.0,0.0,0.0,0.7104,0.90817,0.0,0,0.0048454175,0.4790165443999999,0.4580816155634161
4.7504,3.70252,4.74887,1.26142,1014.67,804.388,0.0,0.0,0.555,0.439981,0.0,1,0.0078834443,0.6719332328000001,0.6942402897766824
10.87652,5.94063,10.87549,0.784217,2419.27,3084.95,0.0,0.0,0.7452,0.950247,0.0,1,0.0055514549,0.5487779604,0.5398905989648121
4.75742,3.71555,4.75742,1.43501,995.445,693.686,0.0,0.0,0.5006,0.348848,0.0,0,0.0078119072,0.6563849415999999,0.6632443327075005
9.50106,5.60478,9.50106,0.851383,2390.76,2808.08,0.0,0.0,0.7012,0.823601,0.0,1,0.0086929383,0.7513997509,0.7711370604841631
14.03402,9.0463,14.02308,0.76193,2112.49,2772.55,0.0,0.0,0.7494,0.983555,0.0,1,0.0069922429,0.6281650919,0.6048633916037351
5.41082,3.95109,5.41082,1.19816,1084.16,904.86,0.0,0.0,0.5322,0.444182,0.0,1,0.0041927275,0.3862725202,0.39749269857544184
7.72626,5.11822,7.71236,1.77252,921.698,519.992,0.0,0.0,0.4714,0.265948,0.0,0,0.0015259571,0.1435925642,0.17754112467000072
18.78417,14.89456,18.78417,0.315898,1578.36,4996.42,0.0,0.0,0.8756,2.77178,0.0,0,0.0039113987,0.3989016736,0.3700480708421234
8.3495,5.13588,8.1646,0.608298,3093.18,5084.98,0.0,0.0,0.7326,1.20434,0.0,0,0.008633862,0.8477388765,0.8186582197735703
9.34177,3.71993,9.34177,1.22332,1337.41,1093.26,0.0,0.0,0.5774,0.471995,0.0,1,0.0038526642,0.367304287,0.3710550579404014
5.61648,4.05301,5.61199,1.31362,1114.73,848.591,0.0,0.0,0.4902,0.373167,0.0,1,0.0104159601,0.8149698482,0.7792857200980912
12.10808,3.4458,10.16044,0.913109,1657.88,1815.64,0.0,0.0,0.663,0.726091,0.0,1,0.0065171384,0.5871191903,0.6724760015174988
23.70226,22.8547,23.70226,0.394433,1769.36,4485.82,0.0,0.0,0.844,2.13978,0.0,0,0.0037964564,0.3818395152,0.3576195050403621
8.52957,6.78202,7.76045,1.30479,1180.46,904.71,435.839,334.03,0.602,0.461377,0.0,1,0.0167987667,1.3945453718,1.0338970280697506
5.56977,4.83187,5.56337,1.16042,1122.88,967.652,0.0,0.0,0.4848,0.417781,0.0,0,0.0103885752,0.8209887278,0.8790039908743237
5.63983,4.88733,5.62365,1.14617,1146.47,1000.26,0.0,0.0,0.486,0.424021,0.0,0,0.010143379,0.8098719382999999,0.8606408959147079
5.60791,4.87769,5.56878,1.15397,1143.32,990.77,0.0,0.0,0.4896,0.424274,0.0,0,0.0106595815,0.8360046897,0.8948891743138829
5.70711,4.91694,5.69105,1.1407,1134.98,994.985,0.0,0.0,0.4988,0.437277,0.0,0,0.0098537321,0.7782268818000001,0.8381183723925488
5.74994,5.00317,5.74994,1.13423,1163.97,1026.22,0.0,0.0,0.491,0.432891,0.0,0,0.0101691892,0.8088690306,0.8584436840145133
4.86191,4.39042,4.86191,1.23808,888.924,717.986,0.0,0.0,0.4546,0.367182,0.0,0,0.0106632687,0.7976711236,0.7853206738926494
5.27742,4.83558,5.27742,1.18109,1071.17,906.928,0.0,0.0,0.4762,0.403186,0.0,0,0.010464162,0.8253856668999999,0.8522909715777374
5.93161,4.23353,5.92922,1.12874,1308.17,1158.97,0.0,0.0,0.541,0.479296,0.0,0,0.0110056423,0.9095489859,0.9010371733090272
8.83543,4.89469,8.82746,0.624336,3070.63,4918.23,0.0,0.0,0.7,1.12119,0.0,0,0.0091721537,0.8694777434000001,0.8551897877696936
3.99229,3.40619,3.99097,1.96697,432.183,219.72,0.0,0.0,0.4482,0.227863,0.0,1,0.0048258306,0.4280787966,0.38756823674007934
5.50159,4.45937,5.49668,1.2167,2188.23,1798.5,0.0,0.0,0.652,0.535877,0.0,1,0.003056906,0.2979131375,0.30826052822130706
7.21513,5.98736,7.21361,1.27988,1504.5,1175.5,0.0,0.0,0.585,0.457073,0.0,1,0.0044910089,0.428873372,0.39702740204554654
7.93406,5.48339,7.91016,0.971712,2041.64,2101.08,0.0,0.0,0.6486,0.667482,0.0,1,0.0054157318,0.5012088489000001,0.5085202695438213
6.8261,5.31039,6.2759,1.01498,2208.17,2175.58,0.0,0.0,0.6538,0.644149,0.0,1,0.0068525243,0.6231686342,0.6454305950454092
5.03956,3.43426,5.01641,1.51423,609.631,402.601,6.8807,4.54403,0.48,0.316993,0.0,1,0.0095534275,0.6800168552,0.6950650455554178
6.71751,4.61596,6.71751,1.15559,1670.87,1445.9,0.0,0.0,0.5844,0.505717,0.0,1,0.0054696772,0.5026980068,0.48870774506526693
7.27272,4.03268,6.91947,1.23503,1647.39,1333.89,0.0,0.0,0.572,0.463147,0.0,1,0.0095479326,0.7983025143000001,0.8242951223894485
7.29706,4.00765,6.07294,1.2292,1638.5,1332.99,0.0,0.0,0.575,0.467785,0.0,1,0.0091333396,0.7761023245,0.7657905096749326
7.22422,5.56347,7.22422,1.76045,532.184,302.3,0.0,0.0,0.428,0.24312,0.0,1,0.0010147622,0.0995642768,0.08035982563528377
6.55469,4.73411,6.53912,1.16621,1617.91,1387.32,0.0,0.0,0.5634,0.483104,0.0,1,0.0059097348,0.5050299101,0.531346990992825
5.63987,3.43131,5.63987,1.70238,1080.26,634.558,0.0,0.0,0.5028,0.295352,0.0,1,0.0076095326,0.6034414338,0.6112451799489301
6.32021,4.20706,6.31633,1.716,1292.29,753.082,0.0,0.0,0.5408,0.315151,0.0,1,0.0086641016,0.6998597084999999,0.6845279043609677
6.8634,6.5073,6.8549,1.07828,1271.94,1179.6,0.0,0.0,0.553,0.512854,0.0,1,0.0081168552,0.6627649228,0.6891928939449913
6.42466,5.8923,6.42466,1.33156,1407.54,1057.05,0.0,0.0,0.5312,0.398929,0.0,1,0.0056145963,0.525554332,0.48943959000478665
6.33252,5.73011,6.33252,1.22757,1418.96,1155.91,0.0,0.0,0.5282,0.430281,0.0,1,0.0069163401,0.6660282989,0.6184633251640214
6.155,5.22739,6.12328,1.60811,1166.91,725.638,0.0,0.0,0.4436,0.275852,0.0,1,0.0054483051,0.4869687218999999,0.4792578753743798
5.4823,3.49814,5.47353,1.38751,591.329,426.179,114.439,82.4776,0.4482,0.323024,0.0,1,0.0021499838,0.2124804889,0.23161509089031057
7.91812,7.59324,7.91812,1.47122,1126.87,765.945,0.0,0.0,0.5294,0.359837,0.0,1,0.0016002043,0.1530467757,0.1283829384910653
8.69843,6.41352,8.68476,1.38534,1756.27,1267.75,0.0,0.0,0.642,0.463424,0.0,0,0.001747452,0.1727996612,0.18357859742507932
5.47734,4.35167,5.29891,2.01178,1095.39,544.49,0.870043,0.432475,0.5328,0.264841,0.0,1,0.0044496882,0.3400461683,0.37280321257315097
5.86453,3.89751,5.82742,1.20005,1333.39,1111.12,0.0,0.0,0.5246,0.43715,0.0,1,0.0205995435,1.5212302219,1.4044753050379057
5.37435,4.22886,5.37435,1.12816,1186.89,1052.06,0.0,0.0,0.5522,0.48947,0.0,0,0.0140287763,1.128827169,1.1394393750439105
6.74016,3.64875,6.72751,1.24419,1425.52,1145.74,0.0,0.0,0.5586,0.448968,0.0,0,0.005378391,0.4969548503,0.5228052304157743
6.73347,3.6531,6.72302,1.2549,1424.07,1134.81,0.0,0.0,0.5568,0.443702,0.0,0,0.0055221511,0.5059744973,0.5307615022897274
6.73203,3.67524,6.71149,1.26793,1413.13,1114.52,0.0,0.0,0.5564,0.438826,0.0,0,0.0054825355,0.5018551286999999,0.5200030537348262
6.73085,3.71981,6.7271,1.26713,1437.51,1134.46,0.0,0.0,0.5568,0.439419,0.0,0,0.0052587904,0.4959868909,0.5057014358822455
6.71014,3.72796,6.70426,1.27761,1431.04,1120.09,0.0,0.0,0.554,0.433623,0.0,0,0.0054883115,0.4952661674,0.5045071436582641
6.73345,3.74488,6.72117,1.28647,1439.37,1118.85,0.0,0.0,0.5556,0.43188,0.0,0,0.0052940182,0.4974077122999999,0.49936666506564925
6.72319,3.76747,6.7027,1.29306,1441.14,1114.52,0.0,0.0,0.5554,0.429523,0.0,0,0.00556315,0.5013679241,0.5039573476852219
5.85435,3.49017,5.85435,1.41425,459.28,324.752,4.50371,3.18452,0.4168,0.294714,0.0,0,0.0043930571,0.351363952,0.3296816138142852
5.86312,3.92573,5.85006,1.18848,1521.84,1280.49,0.0,0.0,0.5574,0.469003,0.0,1,0.0090121444,0.7743129783,0.7492289477630851
11.02675,7.87011,11.02675,0.803859,2205.78,2743.99,0.0,0.0,0.7232,0.89966,0.0,1,0.0026482883,0.2599165982,0.27190615164946597
9.90019,7.46213,9.90004,0.9042,1987.19,2197.73,0.0,0.0,0.6998,0.773944,0.0,1,0.0033062275,0.3099075851,0.3383239288871628
11.37997,7.84586,11.37913,0.791329,2050.25,2590.9,0.0,0.0,0.7294,0.921741,0.0,1,0.002477191,0.2457849551,0.25008524401195464
11.46361,8.17134,11.46361,0.780594,2181.16,2794.23,0.0,0.0,0.7478,0.957988,0.0,1,0.0024375163,0.2536256737,0.24367670558767374
10.82518,7.21362,10.82516,0.846584,2017.74,2383.39,0.0,0.0,0.7126,0.841735,0.0,1,0.0023482481,0.2411653287,0.24721203932909702
8.97021,6.86873,8.96999,1.02124,1801.67,1764.2,0.0,0.0,0.6662,0.652342,0.0,1,0.0030499949,0.3083982922,0.3055462958658912
12.94916,9.87431,12.94916,0.591794,2246.92,3796.8,0.0,0.0,0.7696,1.30045,0.0,1,0.0041617449,0.4029047315999999,0.3944226826938653
4.79853,3.61328,4.79853,1.52895,747.86,489.132,0.0,0.0,0.4994,0.326629,0.0,1,0.0020579536,0.2021655859,0.175166533364144
4.3139,3.55368,4.30056,2.21162,511.056,231.077,0.0,0.0,0.5152,0.232951,0.0,1,0.0026011495,0.2440063086,0.2080832693932867
5.15548,4.03539,5.14476,1.3667,952.931,697.251,1.82887,1.33817,0.456,0.333651,0.0,1,0.0012552703,0.1251157384,0.16475580635863663
12.53944,4.7914,12.4029,0.822662,2143.27,2605.28,0.0,0.0,0.7056,0.857703,0.0,1,0.0090993176,0.8102897533,0.7478842685538457
5.27825,3.53087,5.19969,0.862596,1941.73,2251.03,0.0,0.0,0.6554,0.7598,0.0,1,0.0067453912,0.6324610662,0.6931551154048465
19.48655,7.36184,19.24065,0.593799,2227.14,3750.66,0.0,0.0,0.7806,1.31459,0.0,1,0.0049542852,0.4812405146,0.4723131608060902
9.43814,4.59805,9.43814,1.24517,1642.64,1319.2,2.40063,1.92795,0.6318,0.5074,0.0,1,0.0045441951,0.429596237,0.4037401648642778
5.18269,3.6406,5.1729,1.69201,1269.56,750.33,0.0,0.0,0.571,0.337469,0.0,0,0.0284241551,1.7733869681,1.7490291437810992
7.49376,5.16023,7.49376,0.72122,2310.7,3203.88,0.0,0.0,0.6912,0.958376,0.0,0,0.0072642626,0.6924864337000001,0.6777011450009487
14.98566,9.18322,14.98566,0.727734,1500.13,2061.37,168.676,231.782,0.6626,0.910497,0.0,1,0.006141819,0.5455101777,0.5164650654956985
11.12952,5.24741,11.12952,1.02735,1615.52,1572.51,0.0,0.0,0.5816,0.566115,0.0,1,0.0031551295,0.3141908156,0.30753692694872425
10.27351,7.23414,10.27351,0.702938,1802.86,2564.75,0.0,0.0,0.6908,0.982733,0.0,1,0.005617875,0.5197964994,0.5159062677517168
10.2361,7.27261,10.14502,0.69251,1823.51,2633.19,0.0,0.0,0.6952,1.00388,0.0,1,0.0049545823,0.4773171742,0.45424516770843065
10.11008,7.63969,10.07674,0.70182,1853.59,2641.12,0.0,0.0,0.6866,0.978314,0.0,1,0.0052824206,0.5246191500999999,0.5073346290501229
10.39855,7.33583,10.39855,0.70723,1815.66,2567.28,0.0,0.0,0.6916,0.9779,0.0,1,0.0052423339,0.509594274,0.5055643876348593
10.2269,8.71112,10.19864,0.711062,1763.31,2479.82,0.0,0.0,0.6842,0.962223,0.0,1,0.0054391623,0.5127689252000001,0.5025213211305846
9.73841,7.14116,9.73841,0.752041,1815.26,2413.78,0.0,0.0,0.677,0.900216,0.0,1,0.0054870835,0.5174309746,0.5048459266232013
12.11698,9.08074,12.11414,0.619951,1818.86,2933.88,0.0,0.0,0.7208,1.16267,0.0,1,0.0050497895,0.4841370885,0.47626284714398065
7.40163,5.27423,7.39913,1.02718,1852.44,1803.42,0.0,0.0,0.6308,0.61411,0.0,1,0.0117864766,0.8355321606,0.9119670710029937
7.76009,5.17265,7.74555,1.0195,2020.5,1981.85,0.0,0.0,0.6252,0.613242,0.0,1,0.0044830221,0.4192584879,0.43185157232639226
4.95927,3.84058,4.95343,1.32588,650.018,490.253,0.0,0.0,0.4448,0.335474,0.0,1,0.0106340332,0.7628199483,0.7461132941184335
4.97475,3.84254,4.97057,1.32525,657.853,496.398,0.0,0.0,0.4546,0.343029,0.0,1,0.0106844677,0.7701222493000001,0.7382366516371811
5.48842,3.66587,5.4468,1.48531,1066.45,718.001,0.0,0.0,0.5288,0.356021,0.0,1,0.015496833,1.1350247641,1.1080285332061885
4.9355,3.41269,4.9355,1.26902,576.242,454.085,0.0,0.0,0.4542,0.357915,0.0,0,0.0086649709,0.6498413284000001,0.6633486425690064
6.08119,4.05672,5.74775,0.950744,2154.5,2266.13,0.0,0.0,0.64,0.673157,0.0,1,0.0100983028,0.9261355049,0.89750560077981
8.75473,4.69687,8.74085,1.19037,1892.69,1590.0,0.0,0.0,0.6324,0.531265,0.0,0,0.0038247751,0.3745835295,0.3650176508016437
6.29862,4.63989,6.29862,1.01225,1229.62,1214.75,0.0,0.0,0.5338,0.527343,0.0,0,0.0128502083,0.9955807401,0.9975830204212042
6.32885,4.07784,6.32149,0.837909,1976.96,2359.4,0.0,0.0,0.6126,0.731105,0.0,0,0.0097412441,0.8930382221,0.9168138568169544
8.32795,7.15006,8.32795,1.52785,1060.51,694.117,0.0,0.0,0.5724,0.374644,0.0,1,0.0008439545,0.0879730527,0.08391074966324086
6.60468,3.67142,6.60468,0.952542,1431.54,1502.86,0.0,0.0,0.5926,0.622125,0.0,1,0.0067078798,0.6409212926,0.623584230029708
9.25957,5.86045,9.25957,0.936428,1023.97,1093.48,181.933,194.284,0.5896,0.629627,0.0,1,0.0047959813,0.4409787143999999,0.45029729988769956
9.77773,6.64666,9.77773,0.912205,1093.16,1198.37,132.875,145.663,0.5876,0.644153,0.0,1,0.0052841461,0.4661280406,0.494863270707478
10.78123,7.93542,10.78123,0.823199,1422.11,1727.54,11.597,14.0878,0.6292,0.764335,0.0,0,0.002914887,0.2856941549,0.29973910234423207
13.89985,13.68041,13.89985,0.580343,1228.9,2117.55,17.6299,30.3783,0.7586,1.30716,0.0,1,0.0039867549,0.3723206226,0.37021702613439716
12.11737,9.13356,12.10852,0.81232,1278.02,1573.3,19.6901,24.2393,0.6314,0.77728,0.0,0,0.006171884,0.4472969174,0.538277578313987
11.74767,8.70516,11.74078,0.798853,1389.42,1739.27,15.3936,19.2696,0.6548,0.819675,0.0,0,0.0039198984,0.3158138893,0.36651914123342
5.36799,3.75589,5.36799,1.02114,1113.68,1090.63,0.0,0.0,0.58,0.567992,0.0,0,0.0160206442,1.2155826734,1.174015623585573
6.25647,5.45731,5.91782,0.952334,1722.4,1808.61,0.0,0.0,0.5758,0.60462,0.0,0,0.0092223691,0.8103886133,0.8327053115182583
9.96894,8.00393,9.95333,0.905605,1288.39,1422.68,0.0,0.0,0.602,0.664749,0.0,1,0.0061607802,0.5010988439999999,0.5312462747554956
9.15011,7.4108,9.12328,0.889985,1539.75,1730.09,0.0,0.0,0.5804,0.652146,0.0,1,0.0062297812,0.5259693535000001,0.5582968576325456
11.46912,7.77199,11.4651,0.64457,2049.85,3180.18,0.0,0.0,0.7146,1.10865,0.0,1,0.0047834751,0.4841694113,0.46680397827031034
10.51647,6.32242,10.51647,0.652816,2155.36,3301.64,0.0,0.0,0.7166,1.09771,0.0,0,0.0056299105,0.5209466599,0.5399476901736822
10.514,7.06946,10.514,0.669354,2073.02,3097.05,0.0,0.0,0.7026,1.04967,0.0,1,0.0057050928,0.5551537055,0.545105635601301
11.426,7.94889,11.41586,0.669497,1905.96,2846.85,0.0,0.0,0.7086,1.05841,0.0,1,0.0054648953,0.5183183159,0.5158129199691791
9.29118,6.23555,9.29118,0.722566,1940.52,2685.59,0.0,0.0,0.6812,0.942751,0.0,1,0.006027451,0.5377473657999999,0.5664135426834722
9.33073,8.38879,9.32654,0.70416,2028.32,2880.48,0.0,0.0,0.6852,0.973074,0.0,0,0.0081944639,0.7194873279,0.7526856400982651
5.88201,4.55805,5.8327,1.10239,1625.66,1474.66,0.0,0.0,0.5558,0.504176,0.0,0,0.0080389315,0.7137403802,0.7176834150296377
5.93645,4.5492,5.93645,1.10165,1649.71,1497.5,0.0,0.0,0.558,0.506515,0.0,0,0.0083269837,0.7175355947,0.7447390046349233
6.15206,4.47904,5.79334,1.09763,1721.78,1568.64,0.0,0.0,0.559,0.50928,0.0,0,0.0086301966,0.7369854376,0.7621947498447866
6.00206,4.65234,5.82846,1.09941,1650.0,1500.81,0.0,0.0,0.5576,0.507182,0.0,0,0.008491224,0.7456459555,0.754407843303572
7.1268,5.0269,7.1268,1.98004,834.649,421.532,0.0,0.0,0.4306,0.217471,0.0,0,0.0029267005,0.2605081075,0.2697133406293625
7.16916,5.08713,7.16916,1.9547,862.063,441.02,0.0,0.0,0.4422,0.226224,0.0,0,0.0030242659,0.2526887855999999,0.28718568917094495
7.42906,5.13218,7.42906,1.77226,891.565,503.068,0.0,0.0,0.4602,0.259669,0.0,0,0.0028984737,0.2663995036,0.27694702559694717
7.32486,5.10994,7.32486,1.82355,868.952,476.517,0.0,0.0,0.451,0.24732,0.0,0,0.0028894211,0.2671095907999999,0.28074372033350087
7.25865,5.07987,7.25865,1.86882,874.187,467.775,0.0,0.0,0.4444,0.237797,0.0,0,0.0029073474,0.2641577765,0.2783324662327934
7.23101,5.08834,7.23101,1.90327,884.824,464.897,0.0,0.0,0.4492,0.236015,0.0,0,0.0027376397,0.256680063,0.2712664386147747
6.06432,4.11134,6.06432,2.34842,1354.27,576.674,0.0,0.0,0.5366,0.228494,0.0,1,0.0015442771,0.1487076744,0.10900675485732214
9.97802,9.8426,9.97802,1.0723,1065.95,994.074,0.0,0.0,0.5548,0.517392,0.0,0,0.0018346557,0.1753719027,0.18996234631778441
10.07018,9.94208,10.07018,1.22593,1035.72,844.843,0.0,0.0,0.5562,0.453697,0.0,0,0.0015422833,0.1544883349,0.1886147780708166
9.99905,9.84285,9.99905,1.06849,1087.54,1017.83,0.0,0.0,0.5632,0.527098,0.0,0,0.0018932565,0.1740556387,0.19811012550345908
10.09823,9.93982,10.09823,1.22363,1026.52,838.914,0.0,0.0,0.5488,0.448503,0.0,0,0.0016112232,0.1578782067,0.18418968610699527
6.08051,3.77232,6.05891,1.56855,1166.99,743.994,0.0,0.0,0.5416,0.345287,0.0,1,0.0040397523,0.3527228436999999,0.33155155536924086
5.114,4.10664,5.114,1.17728,905.001,768.724,0.0,0.0,0.527,0.447643,0.0,1,0.0036775992,0.3431861190999999,0.3768136526386589
5.57969,4.82285,5.52558,1.97565,709.524,359.134,0.0,0.0,0.437,0.221193,0.0,1,0.003525379,0.2753790853,0.29332536344758203
8.07557,7.19713,7.70521,0.981503,1333.18,1358.3,51.1851,52.1497,0.584,0.595006,0.0,0,0.0049470056,0.4598600672,0.47772492955221346
6.31717,4.2524,6.31717,0.893807,2347.07,2625.93,0.0,0.0,0.6358,0.711339,0.0,0,0.0076046071,0.7240981602,0.7363642941117299
9.5634,6.50142,9.5634,0.680526,2284.07,3356.33,0.0,0.0,0.7158,1.05183,0.0,0,0.003637968,0.3587312159,0.36654990491038564
6.1387,4.49344,6.1387,0.940059,2165.41,2303.48,0.0,0.0,0.6574,0.699317,0.0,1,0.0052868745,0.5124007403,0.5092965082001633
8.56175,6.50064,8.56175,1.3766,1598.36,1161.09,0.0,0.0,0.5934,0.431061,0.0,1,0.0026446247,0.2677317281,0.23940901128591863
11.26336,10.79912,11.26336,0.878987,1904.31,2166.48,0.0,0.0,0.7036,0.800467,0.0,1,0.0028226416,0.2808805073,0.2834725495748109
5.08668,4.25333,5.08214,1.48919,879.713,590.733,0.0,0.0,0.5098,0.342334,0.0,1,0.007970641,0.6259447102000001,0.6122605145115111
4.28353,4.03476,4.28353,1.49492,252.024,168.587,0.0,0.0,0.3994,0.267172,0.0,1,0.0017398184,0.1538412643,0.14803412931056814
5.43084,3.59671,5.41371,0.985749,2031.66,2061.03,0.0,0.0,0.67,0.679686,0.0,1,0.0017067221,0.1645376607,0.28110926393302993
5.2265,4.77382,5.2265,1.35803,835.979,615.584,0.0,0.0,0.4602,0.338874,0.0,1,0.0068120908,0.5546720237,0.5373433631880731
7.09944,5.34059,6.92965,0.893388,2231.12,2497.37,0.0,0.0,0.6764,0.757118,0.0,1,0.0066415407,0.6269967916,0.6402517485863221
6.9462,5.87305,6.9462,1.26346,2180.21,1725.6,0.0,0.0,0.6444,0.51003,0.0,1,0.0052495227,0.4870851625,0.4977305217244025
6.8306,5.22442,6.80585,1.96079,794.081,404.98,10.1093,5.15573,0.4932,0.251531,0.0,1,0.0019007036,0.1725817566,0.16634733503937493
7.66338,4.13517,7.08387,1.45852,1622.05,1112.12,0.0,0.0,0.6038,0.41398,0.0,1,0.0037844449,0.3675551824,0.33823710674180635
4.58785,3.57723,4.32835,1.52818,688.664,450.644,0.0,0.0,0.5224,0.341845,0.0,0,0.0142308209,1.0521763343,1.0297235565574547
5.26056,3.44551,5.26056,1.3794,1193.29,865.074,0.0,0.0,0.5622,0.407567,0.0,1,0.0067625016,0.5940383449000001,0.6518817984776903
9.5696,5.43482,9.51118,0.6688,2216.08,3313.52,0.0,0.0,0.6986,1.04456,0.0,0,0.0052572822,0.5112098951,0.5127282270055239
7.49679,5.33186,7.49523,1.88994,791.307,418.693,0.0,0.0,0.3762,0.199054,0.0,0,0.0049943615,0.4127721088,0.4276663090981708
5.93071,5.35547,5.91488,0.866561,2600.04,3000.42,0.0,0.0,0.6794,0.784019,0.0,0,0.0101733584,0.9565938429,0.9943873893011278
13.52781,8.78691,13.51433,0.408029,2079.05,5095.35,0.0,0.0,0.8498,2.08269,0.0,0,0.0035582669,0.3585512663,0.372312849355616
7.286,6.24859,7.286,0.867522,2138.17,2464.68,0.0,0.0,0.647,0.745803,0.0,1,0.0059814844,0.5766800521000001,0.5796178414438431
14.86745,7.89388,14.86745,0.609156,2262.99,3714.96,0.0,0.0,0.7982,1.31034,0.0,0,0.0035025255,0.3237786487,0.37796735579169166
4.17676,3.4851,4.17082,1.22883,636.577,518.037,0.0,0.0,0.5146,0.418774,0.0,0,0.0068615686,0.6202202526,0.6059264204366299
5.53082,4.05182,5.47464,1.47192,707.209,480.467,0.0,0.0,0.4518,0.306946,0.0,0,0.0056167773,0.4463576686,0.38942085020271455
6.76851,6.40962,6.75925,1.06856,1310.99,1226.88,0.0,0.0,0.5662,0.529874,0.0,1,0.0061490011,0.5213842013000001,0.5222198670060081
8.03478,4.99407,8.03478,0.817121,2079.34,2544.72,0.0,0.0,0.6862,0.839778,0.0,1,0.007009378,0.6918893765,0.636643322564432
8.03748,6.22623,7.97705,1.08776,1912.85,1758.52,0.0,0.0,0.6308,0.579905,0.0,0,0.0047273942,0.4376842377,0.4370511620844266
6.92734,4.01933,6.90734,1.34581,1520.73,1129.98,0.0,0.0,0.5638,0.418931,0.0,1,0.0144918673,1.074773706,1.1148747374697847
8.07184,5.576,8.06069,0.920261,2034.27,2210.53,0.0,0.0,0.6426,0.69828,0.0,0,0.0054602015,0.5333248449,0.5061120722165576
8.36266,5.62116,8.35172,0.801466,2331.72,2909.32,0.0,0.0,0.6656,0.830478,0.0,1,0.0097783948,0.891617907,0.8812056477810246
5.68988,4.36716,5.68491,1.37492,565.476,411.28,350.976,255.27,0.5054,0.367586,0.0,1,0.0108109384,0.7701487545,0.7756103074227355
5.34889,4.37091,5.2699,1.32744,1070.91,806.748,0.0,0.0,0.5284,0.398059,0.0,1,0.0135268531,1.0308062776,1.0136140518089884
5.82311,4.37702,5.76138,1.28628,1179.38,916.891,0.0,0.0,0.5444,0.423237,0.0,1,0.0110266139,0.870648784,0.8484044784583675
5.71457,4.11763,5.69455,1.40487,535.949,381.495,295.743,210.514,0.4902,0.34893,0.0,1,0.0111132836,0.7769724904,0.7762635261484478
7.57252,6.20483,7.53216,1.12902,2001.22,1772.53,0.0,0.0,0.6518,0.577314,0.0,0,0.0085899075,0.7428039536,0.7579275168428656
5.22305,3.60975,4.94835,1.24721,1324.38,1061.87,0.0,0.0,0.5356,0.429439,0.0,1,0.0130802262,1.0674490454,1.074843057251428
14.06271,4.49755,14.06271,0.931261,2158.03,2317.32,0.0,0.0,0.6974,0.748877,0.0,1,0.0058579466,0.5533925152,0.5416429987431461
8.36657,7.12488,8.36657,1.09017,2068.01,1896.96,0.0,0.0,0.651,0.597155,0.0,1,0.0062487429,0.5931018081,0.5605627338189664
5.082,3.77684,5.05347,1.04512,1065.89,1019.88,0.0,0.0,0.4842,0.463297,0.0,0,0.021737872,1.4936311076,1.415093910983233
5.40217,4.39968,5.38357,1.7244,1051.83,609.969,0.0,0.0,0.4942,0.286592,0.0,1,0.0023605654,0.2213330155,0.22277838075286333
5.13222,4.08543,5.13222,1.68431,1029.92,611.476,0.0,0.0,0.4906,0.291276,0.0,1,0.0029452815,0.2719630001999999,0.25936628597750866
5.97545,4.80817,5.79843,0.950435,2209.73,2324.97,0.0,0.0,0.6536,0.687685,0.0,1,0.0058557575,0.5544856832,0.5427860802499929
5.81331,3.76182,5.80948,1.18896,1513.31,1272.8,0.0419839,0.0353114,0.5602,0.471167,0.0,1,0.0075989037,0.7051454723,0.6518174559156095
6.22091,5.02145,6.15779,1.0165,1852.81,1822.74,0.0,0.0,0.6262,0.616036,0.0,0,0.0063192992,0.6154125636,0.5677260532282375
5.76939,3.85425,5.57935,1.03783,2096.3,2019.88,0.0,0.0,0.6036,0.581597,0.0,1,0.0051789719,0.498138761,0.5061119719712867
8.32761,5.8376,8.32761,0.662866,2535.19,3824.58,0.0,0.0,0.725,1.09373,0.0,0,0.0049487237,0.4726255932,0.45544174842794033
7.62911,3.95603,7.62911,0.921866,1772.69,1922.93,0.0,0.0,0.5984,0.649118,0.0,1,0.004201064,0.3905397918,0.4253466116175242
7.15079,6.5153,7.14534,0.88298,1302.1,1474.67,43.0565,48.7627,0.5668,0.641917,0.0,1,0.0030219852,0.309358582,0.3186878043636495
6.90703,4.72819,6.90703,1.13022,1690.08,1495.36,0.0,0.0,0.5888,0.520963,0.0,1,0.0051168508,0.4839386826,0.4689193222448713
12.68207,7.60887,12.68207,0.711281,1866.25,2623.79,0.0,0.0,0.7144,1.00439,0.0,1,0.003647581,0.3559040422999999,0.3581355688038024
9.70753,8.64872,9.70205,0.819549,2343.2,2859.13,0.0,0.0,0.7048,0.859985,0.0,1,0.0056969429,0.5386282327,0.5271901059110884
9.0043,8.36575,9.0043,0.810849,2358.37,2908.52,0.0,0.0,0.7174,0.884751,0.0,1,0.0060047569,0.5550165043,0.5617388543885672
13.1918,11.62964,13.1918,0.690929,2270.17,3285.68,0.0,0.0,0.7542,1.09157,0.0,1,0.0050922066,0.4963481205,0.48512125315970733
9.64298,8.71131,9.6207,0.809539,2189.42,2704.52,0.0,0.0,0.7184,0.887419,0.0,1,0.0072253896,0.65814003,0.634037244319403
12.65736,11.14997,12.63796,0.678305,2348.61,3462.47,0.0,0.0,0.757,1.11602,0.0,1,0.0055156668,0.5018975625,0.5186875310831562
12.46942,12.09962,12.4634,0.660845,2360.76,3572.33,0.0,0.0,0.7614,1.15216,0.0,1,0.0053441402,0.4857295742,0.5049463381743098
9.62394,4.35849,9.62394,1.57097,2049.09,1304.34,0.0,0.0,0.6364,0.405099,0.000509239,0,0.0029808062,0.2819745055,0.27212834087823023
6.89356,6.68644,6.89356,1.03024,1630.4,1582.54,0.0,0.0,0.626,0.607627,0.0,0,0.0052053988,0.5104807023,0.5062719268537788
10.79969,7.20507,10.77322,1.03513,1844.88,1782.26,0.0,0.0,0.6792,0.656147,0.0,1,0.0041299654,0.3929473198,0.3826742636097056
7.7085,4.09601,7.43001,1.34893,1247.81,925.035,50.2931,37.2837,0.56,0.415144,0.0,1,0.0043828923,0.4059954379,0.3888141930977246
13.89608,6.70448,13.87452,0.615292,2325.45,3779.43,0.0,0.0,0.7826,1.27192,0.0,1,0.0049830566,0.4928616601,0.4955711803575479
12.59507,5.60823,12.59507,0.755193,2269.89,3005.71,0.0,0.0,0.7192,0.952339,0.000264833,0,0.0021978944,0.2201320571999999,0.2541727759777508
5.93683,5.18128,5.93683,1.3408,561.854,419.044,0.0,0.0,0.4314,0.321748,0.0,0,0.0046627369,0.3719776871,0.33644894566018596
8.53834,6.535,8.52358,0.823713,2522.95,3062.9,0.0,0.0,0.705,0.85588,0.0,1,0.0097621164,0.8891522189,0.8921333940738672
17.88281,5.61829,17.88281,0.59819,1804.02,3015.8,0.0,0.0,0.749,1.25211,0.000668684,0,0.0054627301,0.5063455968,0.5107592983262067
12.81278,3.94057,12.81278,0.929822,1555.72,1673.14,0.0,0.0,0.6134,0.659696,0.0,1,0.0111100432,0.9379017506,0.8637629890213232
4.64861,4.20723,4.64861,1.96566,477.402,242.871,0.0,0.0,0.3902,0.198508,0.0,1,0.0025832296,0.2244154132,0.196232251629618
6.72718,4.71693,5.67099,0.945137,1965.67,2079.78,0.0,0.0,0.6212,0.657259,0.0,1,0.0089664413,0.7984347666,0.7727309010658037
6.29254,4.20047,6.29254,1.82522,2184.33,1196.75,0.0,0.0,0.6642,0.363901,0.0,1,0.0019067421,0.190810008,0.18681755862918015
12.9498,9.58722,12.94902,0.417413,1982.69,4749.95,0.0,0.0,0.8202,1.96496,0.0,1,0.0037438559,0.3724765915999999,0.36883147336850464
8.74413,5.00268,8.74413,0.838204,1937.33,2311.28,0.0,0.0,0.645,0.769503,0.0,1,0.0054033405,0.5012544597,0.5065543992335704
20.39112,7.95732,20.39112,0.40349,1914.78,4745.53,0.0,0.0,0.8268,2.04912,0.0,0,0.0043502767,0.4251898799,0.4184680550971191
20.29966,7.90669,20.29476,0.413296,1915.83,4635.5,0.0,0.0,0.824,1.99373,0.0,0,0.0042579914,0.4209261447999999,0.4090582013702055
20.33339,7.92146,20.31568,0.406521,1928.4,4743.67,0.0,0.0,0.8236,2.02597,0.0,0,0.0042795445,0.4273275784,0.4150124072588729
8.09105,7.71087,8.06629,1.03438,1360.39,1315.18,0.0,0.0,0.5716,0.552602,0.0,1,0.0037516013,0.3490110395,0.3462839593537303
7.44329,6.41787,7.44329,0.943252,2339.38,2480.12,0.0,0.0,0.7078,0.750383,0.0,1,0.0041991222,0.391552932,0.4062942469739691
8.79152,6.71431,8.77922,0.851648,2192.52,2574.44,0.0,0.0,0.6926,0.813247,0.0,1,0.0065228434,0.598435333,0.6216452277141226
19.79523,10.47822,19.79523,0.512865,1788.29,3486.86,0.0,0.0,0.8054,1.57039,0.0,0,0.0056498725,0.5447010068,0.5210002307611699
5.79063,4.60472,5.70801,1.33492,507.517,380.187,462.251,346.277,0.4564,0.341894,0.0,1,0.0049424567,0.4472640846,0.48309808415555155
12.6239,9.97272,12.61095,0.806244,1575.25,1953.81,0.0,0.0,0.686,0.850859,0.0,0,0.0040814527,0.3963055372999999,0.36400072621353435
12.5506,9.93166,12.1307,0.813948,1593.28,1957.47,0.0,0.0,0.685,0.841577,0.0,0,0.0042133962,0.4048796665999999,0.3876541461366642
4.97918,4.38997,4.82512,1.76091,1048.99,595.709,0.0,0.0,0.479,0.272019,0.0,1,0.0016711989,0.1589968138,0.18475028587297904
5.79599,4.2449,5.79493,1.26187,1474.68,1168.65,0.0,0.0,0.5752,0.45583,0.0,1,0.0040873395,0.3798018422999999,0.36013517630394337
6.40396,5.9816,6.40396,1.07446,1281.71,1192.89,0.0,0.0,0.5302,0.493458,0.0,1,0.0026323205,0.2562313563,0.2526226945320565
10.03153,6.17304,10.03153,0.42881,2478.11,5779.04,0.0,0.0,0.8074,1.88288,0.0,1,0.0039792885,0.4183179696,0.40268942886323794
6.62997,6.29787,6.59524,1.04722,1606.71,1534.25,0.0,0.0,0.612,0.584403,0.0,0,0.0055055162,0.5464580977,0.5091458413941636
10.73827,9.8398,10.73827,0.874765,1685.19,1926.45,0.0,0.0,0.684,0.781924,0.0,0,0.0039458416,0.4061827636,0.36790724097424615
4.41225,3.49442,4.39662,1.09369,1435.22,1312.27,0.0,0.0,0.577,0.527571,0.0,0,0.0098154946,0.8673144878,0.9316797252397961
4.95983,4.34552,4.92681,3.2621,618.922,189.731,0.0,0.0,0.4194,0.128567,0.0,1,0.0007961432,0.0714451773,0.06844979081709823
7.26408,5.9349,7.24141,0.928559,1699.23,1829.96,0.0,0.0,0.6226,0.670501,0.0,1,0.0061782415,0.5807820964,0.5731592560485262
5.57319,3.90361,5.56208,1.81423,974.915,537.371,3.1454,1.73374,0.4442,0.244842,0.0,0,0.0013617309,0.1288254586,0.1789298852919945
9.64796,7.3234,9.64796,0.745691,1847.95,2478.17,0.0,0.0,0.6678,0.895545,0.0,1,0.0028015988,0.269868796,0.2896251770978904
11.31643,10.12794,11.31643,1.037,1594.72,1537.82,0.0,0.0,0.6458,0.622755,0.0,1,0.0030682371,0.3072534718,0.28972657370090904
7.2447,5.77835,7.2447,1.33475,547.742,410.371,0.0,0.0,0.456,0.341638,0.0,0,0.0009058366,0.0884916409,0.12044353733293522
7.2725,5.76,7.2725,1.32744,548.221,412.992,0.0,0.0,0.4566,0.343971,0.0,0,0.0009657091,0.0928489543,0.12468962666294292
7.28997,5.75367,7.27102,1.31871,593.793,450.282,0.0,0.0,0.4674,0.354437,0.0,0,0.0011079945,0.1112988592,0.11381019110149815
7.29661,5.78947,7.29661,1.34939,546.821,405.234,0.0,0.0,0.4514,0.33452,0.0,0,0.0008213106,0.0857544084,0.1186847872960165
8.50919,8.20364,8.50919,1.3525,636.298,470.459,0.0,0.0,0.441,0.326062,0.0,0,0.0023040369,0.2259463554,0.2147845320647951
8.23002,7.90173,8.23002,1.32672,694.39,523.389,0.0,0.0,0.4528,0.341293,0.0,0,0.0016327599,0.1625730135999999,0.1836785671983434
5.67304,3.77404,5.54772,1.56953,1870.34,1191.66,0.0,0.0,0.6516,0.415157,0.0,1,0.0023623467,0.2278926759,0.21118655177783008
4.26001,3.61738,4.26001,1.58988,662.885,416.939,121.875,76.6569,0.5738,0.360907,0.0,0,0.0014408679,0.1473398998,0.24797359312046235
5.50748,4.0974,5.50748,1.36844,1548.79,1131.79,0.0,0.0,0.5726,0.418432,0.0,1,0.0104180593,0.8213500182,0.8665103712587419
6.32999,3.64698,6.28248,1.49391,1433.42,959.509,0.0,0.0,0.5336,0.357182,0.0,1,0.0087791631,0.70477861,0.76617071653224
16.24786,12.96845,16.24786,0.632439,2294.44,3627.92,0.0,0.0,0.7656,1.21055,0.0,1,0.0040242433,0.401734926,0.38798868780689144
8.07676,5.90613,8.07676,1.09695,1250.92,1140.36,257.39,234.642,0.6018,0.548613,0.0,1,0.009522811,0.640605567,0.7469376991426584
7.73199,5.01492,7.73199,1.17458,1427.74,1215.53,0.0,0.0,0.5802,0.493962,0.0,1,0.0123478906,0.9785951563,0.8681825146469404
5.20725,4.43194,5.19154,1.26433,2211.95,1749.5,0.0,0.0,0.6598,0.521856,0.0,0,0.0065396423,0.6206495831000001,0.6518396809654039
5.76124,3.82869,5.74335,1.27239,1739.17,1366.85,0.0,0.0,0.5698,0.447817,0.0,1,0.0098151062,0.8585664727,0.870894325401045
5.75448,3.84672,5.66179,1.27352,1748.75,1373.16,0.0,0.0,0.5668,0.445064,0.0,1,0.009858036,0.8415594966,0.8723273870849382
9.86619,7.72074,9.86533,2.03715,1524.44,748.321,0.0,0.0,0.6278,0.308175,0.0,0,0.0006867932,0.0678901304999999,0.15929032260097475
4.5862,3.48961,4.56741,3.31108,485.403,146.6,0.0,0.0,0.374,0.112954,0.0,1,0.0002898461,0.0280333074,0.026853535625249725
4.69926,3.5008,4.58086,1.87274,282.887,151.055,108.889,58.1444,0.4116,0.219785,0.0,1,0.0098297841,0.6684585197,0.6232751221994604
6.84915,5.33678,6.8307,1.1268,1367.78,1213.86,0.0,0.0,0.5334,0.473376,0.0,0,0.0065723585,0.5953586927000001,0.5796118042491064
4.91096,3.9591,4.91096,1.65468,587.51,355.059,0.0,0.0,0.4326,0.26144,0.0,0,0.0030474696,0.2683050278,0.2650741599186671
6.10337,3.92459,6.10337,1.30886,926.034,707.513,0.0,0.0,0.4778,0.365051,0.0,0,0.0094092598,0.7292729112,0.6430909517063228
5.80337,3.48765,5.78397,1.34417,868.475,646.107,0.0,0.0,0.4594,0.341773,0.0,0,0.010097143,0.7390650107,0.737484924912624
5.45406,4.34442,5.40178,1.56119,1403.37,898.914,0.0,0.0,0.5862,0.375483,0.0,0,0.0084611982,0.7167980068,0.6635394680122146
4.87031,3.7868,4.87031,2.14625,806.195,375.629,0.0,0.0,0.4228,0.196995,0.0,1,0.0019029285,0.1663134369999999,0.16293988595917386
5.07944,3.8505,5.07201,1.90767,927.816,486.36,0.0,0.0,0.4506,0.236204,0.0,1,0.0017919458,0.173661318,0.16735124749711794
4.88033,3.6251,4.88017,1.94507,780.03,401.03,0.0,0.0,0.4326,0.222409,0.0,1,0.0018314324,0.1672527108,0.1763462900337105
4.64256,3.74008,4.5445,1.27422,518.012,406.533,0.0,0.0,0.439,0.344525,0.0,0,0.0024030373,0.2262482737,0.25814701619386815
6.30976,5.8805,6.27431,1.0194,1983.73,1945.99,0.0,0.0,0.653,0.640576,0.0,1,0.0059587376,0.5397099248,0.5611648101450548
6.16235,3.65442,6.15987,1.71122,898.254,524.922,0.0,0.0,0.4748,0.277464,0.0,1,0.0077556624,0.5960632301,0.604413569456534
6.39858,3.56516,6.38456,1.47483,1314.49,891.28,0.423263,0.286991,0.5748,0.389739,0.0,1,0.0086669943,0.7342870895,0.7584537044426162
6.79743,4.32524,6.79743,1.08441,2203.63,2032.1,0.0,0.0,0.6682,0.616187,0.0,1,0.0094999974,0.8709717106,0.8546941620054949
6.7342,4.37179,6.7342,1.07253,2222.65,2072.34,0.0,0.0,0.6664,0.621333,0.0,1,0.0088998665,0.8412913781,0.8068438752019096
6.16574,5.62335,6.16574,2.01565,1416.67,702.835,0.0,0.0,0.5266,0.261256,0.0,0,0.0170926671,1.1098848542,1.232409828038788
7.42822,3.46008,7.42822,1.4496,1196.69,825.529,190.636,131.509,0.5614,0.38728,0.0,0,0.0793405372,2.9082944475,2.5452933986917907
4.59122,3.56678,4.59122,1.61867,325.484,201.081,0.0,0.0,0.3984,0.246128,0.0,1,0.0012652886,0.1175547636,0.12169826707522557
4.90885,3.89845,4.88149,1.28693,1923.5,1494.65,0.0,0.0,0.6236,0.484565,0.0,1,0.005067055,0.487349414,0.5250383249819224
4.87862,3.88747,4.8574,1.29691,1916.47,1477.73,0.0,0.0,0.6176,0.47621,0.0,1,0.0051850032,0.4976580874,0.5503649862299307
5.60593,4.335,5.59414,1.55077,1730.4,1115.83,0.0,0.0,0.5626,0.362788,0.0,1,0.0046032763,0.4166137507999999,0.36356953560234595
5.5138,4.26379,5.5027,1.61573,1676.6,1037.67,0.0,0.0,0.5562,0.34424,0.0,1,0.0048779286,0.4369837971,0.38358788726067056
13.18345,6.57771,10.98623,0.873765,2179.56,2494.44,0.0,0.0,0.722,0.826309,0.0,1,0.0059093666,0.5027306066,0.5538803013683693
5.48661,4.24072,5.47557,1.63135,1674.67,1026.56,0.0,0.0,0.5538,0.339473,0.0,1,0.0046308413,0.4394450517,0.3712392745601518
13.20001,6.4144,13.20001,0.879595,2120.61,2410.89,0.0,0.0,0.713,0.810601,0.0,1,0.0071115268,0.5879628492,0.6194437881602505
5.47175,4.23311,5.43757,1.66186,1666.92,1003.04,0.0,0.0,0.5532,0.33288,0.0,1,0.0046760958,0.432305964,0.3809072723224673
13.22557,6.52759,13.22557,0.869317,2182.06,2510.09,0.0,0.0,0.7238,0.832608,0.0,1,0.0055838589,0.4929686383,0.5206766067711772
5.44662,4.20794,5.39592,1.67888,1662.67,990.343,0.0,0.0,0.552,0.328791,0.0,1,0.0046714537,0.4370466375,0.3902270645065165
5.40684,4.19271,5.39701,1.71304,1637.64,955.985,0.0,0.0,0.5474,0.319548,0.0,1,0.0048324046,0.4459484874,0.40346995661896495
7.2534,4.34633,7.2534,1.24385,1606.2,1291.31,0.0,0.0,0.5726,0.460344,0.0,1,0.0066886515,0.5731789365,0.5797497056505663
5.18747,4.15785,5.187,1.04558,711.454,680.438,252.551,241.541,0.5228,0.500009,0.0,1,0.0087805105,0.7191627429,0.7049784919108132
4.07919,3.55335,4.07791,1.12011,691.738,617.562,0.187284,0.167201,0.517,0.461562,0.0,1,0.0026695503,0.2547725344,0.3778439145376011
16.05073,15.64664,16.05073,1.00283,1515.79,1511.5,0.0,0.0,0.658,0.656142,0.0,1,0.0055989271,0.5128612534,0.48488736305262037
16.06628,15.68836,16.05839,1.01053,1521.53,1505.68,0.0,0.0,0.6416,0.634917,0.0,1,0.0059655009,0.5115496545,0.5161355113908842
15.9244,15.48384,15.9244,0.975432,1532.92,1571.53,0.0,0.0,0.643,0.659195,0.0,1,0.0057121131,0.5173743126,0.486273630943885
4.97225,4.13588,4.96966,1.70618,1252.65,734.185,0.0,0.0,0.581,0.340527,0.0,0,0.013858728,1.0741886575,1.0471402625269204
5.00176,4.50394,4.98274,1.67146,1332.86,797.421,0.0,0.0,0.5778,0.345685,0.0,0,0.0125257311,0.9942764507,0.8784382306698699
6.70756,4.84545,6.68635,1.15517,2264.75,1960.54,0.0,0.0,0.6434,0.556977,0.0,1,0.0063283957,0.5787349497,0.5931793095310942
6.60931,5.74465,6.60446,1.16881,1703.33,1457.32,0.0,0.0,0.5968,0.510603,0.0,1,0.0044033237,0.4181831722,0.41652607800708313
4.63061,3.51764,4.63061,1.4904,238.135,159.779,0.0,0.0,0.3824,0.256575,0.0,0,0.0032527995,0.2495953534,0.28894997800978256
5.02137,3.75623,4.99615,1.79998,1015.1,563.953,0.0,0.0,0.5264,0.292448,0.0,1,0.0127462078,0.9010924215,0.8744965152990196
4.95574,3.57203,4.9334,2.30558,814.836,353.419,0.0,0.0,0.4958,0.215043,0.0,1,0.0305237588,1.55760019,1.4783047641847749
5.51379,4.36093,5.51127,1.7785,832.969,468.356,0.0,0.0,0.4352,0.244701,0.0,0,0.006612195,0.5127131122999999,0.5254377139012575
5.46839,4.30835,5.46382,1.80799,845.912,467.873,0.0,0.0,0.4296,0.237611,0.0,0,0.0071743239,0.5297526822999999,0.564895541661655
5.39984,4.21783,5.39803,1.8431,801.718,434.983,0.0,0.0,0.424,0.230047,0.0,0,0.007762785,0.5610653913,0.5943020985874584
5.40466,4.22337,5.40056,1.85928,816.766,439.291,0.0,0.0,0.4238,0.227938,0.0,0,0.0076822852,0.5687458393,0.5880367478010617
7.40414,5.70962,7.40414,1.17288,870.384,742.093,0.0,0.0,0.5052,0.430735,0.0,0,0.0021015954,0.2126071044,0.2141721478016131
6.19427,4.05594,6.18143,1.18958,950.094,798.68,0.0,0.0,0.473,0.397619,0.0,0,0.006364135,0.5204388385000001,0.5229325851754572
4.81641,3.7003,4.81641,3.15291,1757.15,557.309,0.0,0.0,0.577,0.183005,0.0,1,0.0007477253,0.0715821659,0.11515220047581143
12.63372,9.84913,12.63125,0.49196,2089.33,4246.95,0.0,0.0,0.786,1.59769,0.0,1,0.0040066023,0.4150938221999999,0.39106921961697505
6.13171,4.84213,6.13171,1.27844,834.445,652.704,0.0,0.0,0.4692,0.367009,0.0,1,0.0049116363,0.443800685,0.3499736712681399
4.34425,3.82182,4.33967,1.80066,838.501,465.663,0.0,0.0,0.5398,0.299779,0.0,1,0.0014047755,0.1379151371,0.17422400351936163
5.63215,4.41962,5.58123,0.709614,2844.3,4008.23,0.0,0.0,0.7052,0.99378,0.0,1,0.0066244752,0.6545028935,0.6593447986708999
9.35814,4.03338,9.35814,0.94009,1810.27,1925.64,0.0,0.0,0.6284,0.668447,0.0,1,0.0066191829,0.6273136675,0.6151756796432777
8.12382,4.26401,8.12382,1.06775,893.804,837.087,12.2034,11.4291,0.5044,0.472393,0.0,1,0.0027999338,0.2629842485,0.26651599737161447
5.27982,3.88793,5.27982,1.92173,1036.22,539.212,0.0,0.0,0.5212,0.271214,0.0,1,0.0052693495,0.4435013966,0.459787972556502
8.41076,5.98943,8.40503,1.06348,2136.59,2009.05,13.7433,12.9229,0.6802,0.639596,0.0,1,0.0121117865,0.7680348883,0.8772194052946853
5.65697,3.6533,5.65697,1.24473,444.163,356.836,0.0,0.0,0.424,0.340637,0.0,1,0.0019978367,0.1859650605999999,0.1514516404461992
4.27147,3.60968,4.26595,1.49233,736.38,493.444,0.0,0.0,0.5148,0.344964,0.0,1,0.0067159901,0.5598928132,0.5416548927023314
4.50397,3.74534,4.50292,2.3554,849.004,360.45,0.0,0.0,0.4596,0.195126,0.0,0,0.1226103661,2.7789555592000004,2.7791509136084724
5.272,3.4615,5.24671,1.60135,599.11,374.128,0.0,0.0,0.458,0.286009,0.0,1,0.0038158367,0.327454641,0.3149564499331549
6.2915,4.5306,6.2915,1.16326,1032.52,887.604,0.0,0.0,0.5158,0.443408,0.0,1,0.001687436,0.1646278531,0.17641680330476261
5.29891,3.4654,5.27682,1.58723,589.473,371.386,0.0,0.0,0.45,0.283514,0.0,1,0.0036896564,0.3135768037,0.29917338093222234
6.20577,4.3891,6.20321,1.19479,1004.19,840.475,0.0,0.0,0.5078,0.42501,0.0,1,0.0016185987,0.1563407865,0.1591752130053139
6.42335,4.78031,6.35158,1.15007,1090.31,948.038,0.0,0.0,0.529,0.459971,0.0,1,0.0017187183,0.1619620798,0.16182757371379808
7.50885,6.39264,7.49963,2.36792,800.533,338.074,0.947654,0.400205,0.4536,0.19156,0.0,1,0.0009123877,0.0876256587,0.06949943492181831
7.95221,7.58337,7.95221,0.978026,1630.8,1667.44,0.0,0.0,0.607,0.620638,0.0,1,0.0056136554,0.5509753493999999,0.5051685682139808
5.44312,5.07173,5.44201,1.06786,1357.09,1270.86,0.0,0.0,0.5604,0.52479,0.0,1,0.0062335274,0.5739086817,0.5287784226777367
5.26106,4.80157,5.24412,1.1048,1287.23,1165.13,0.0,0.0,0.553,0.500544,0.0,1,0.006485247,0.5940938147,0.5877037825877109
6.5916,4.86656,6.58623,1.1112,2296.52,2066.7,0.0,0.0,0.6394,0.575413,0.0,1,0.0069329032,0.6297224029,0.6703422687816323
5.44441,4.81551,5.37454,1.57966,1489.86,943.154,0.0,0.0,0.6242,0.395149,0.0,0,0.0092573155,0.7635378116,0.7267454542012785
5.44463,3.47968,4.68801,1.44695,414.396,286.392,252.926,174.799,0.46,0.31791,0.0,1,0.0313788308,1.557627202,1.366117506510555
5.17469,3.85894,5.16774,1.5676,1161.37,740.859,0.0,0.0,0.5352,0.341413,0.0,1,0.0048900927,0.4242574143,0.3849708085258954
7.07203,5.90208,7.07203,1.44306,1593.23,1104.06,0.0,0.0,0.6048,0.419109,0.0,1,0.0020742127,0.194867148,0.1910801508419524
4.19682,3.6848,4.18995,1.35995,968.941,712.483,0.0,0.0,0.4832,0.355307,0.0,1,0.0043194263,0.3970012793999999,0.4207248097901697
5.9118,5.17695,5.9118,1.3358,1030.18,771.213,0.0,0.0,0.4974,0.372363,0.0,1,0.005678204,0.5127806333,0.4362150887939275
5.58529,4.21049,5.58529,1.73559,1483.34,854.658,0.0,0.0,0.546,0.314591,0.0,1,0.002176206,0.2126954375,0.19515703268180928
5.1026,4.0827,5.09122,1.64165,725.772,442.098,0.0,0.0,0.4456,0.271434,0.0,1,0.0028168064,0.2538732536,0.24128338925800624
8.1309,7.21043,8.08032,0.715898,2174.72,3037.76,0.0,0.0,0.7158,0.999863,0.0,0,0.0039017925,0.3818116413,0.37142655502417665
6.56789,4.70003,6.53165,0.994726,2095.71,2106.82,0.0,0.0,0.6568,0.660283,0.0,1,0.0084691268,0.755143172,0.7854085623160331
5.23045,4.40009,5.21843,1.19945,1749.75,1458.79,0.0,0.0,0.58,0.483556,0.0,1,0.012198122,1.0587787088,1.0022943833224076
5.16976,4.01341,5.16976,1.5881,979.709,616.905,0.0,0.0,0.4814,0.303129,0.0,0,0.0027559407,0.2449641658,0.27979538679238464
7.54585,4.55729,7.31598,0.9871,1707.16,1729.47,0.0,0.0,0.5864,0.594063,0.0,1,0.0092467071,0.8440424181999999,0.7663244500921622
6.95469,5.55862,6.9488,0.866054,1696.91,1959.36,0.0,0.0,0.6176,0.71312,0.0,1,0.0050605504,0.4923536954,0.4836374094664519
5.87643,3.82611,5.87109,1.02895,1467.53,1426.23,25.3077,24.5957,0.5682,0.552213,0.0,1,0.0141174501,1.1513240594,1.046928119078468
6.3031,3.72946,5.90938,1.09859,1022.71,930.932,0.0,0.0,0.506,0.460592,0.0,1,0.0090306261,0.7594632376999999,0.6995487385652168
7.17756,4.14343,7.15508,0.93657,1757.51,1876.54,0.0,0.0,0.5934,0.633589,0.0,0,0.0052993731,0.5164224939000001,0.5017035345672021
6.46497,4.73774,6.45982,0.941841,1852.78,1967.19,0.0,0.0,0.5902,0.626645,0.0,1,0.006817341,0.639137766,0.6427166809347928
6.46968,5.45118,6.44712,1.037,1366.21,1317.47,0.0,0.0,0.5412,0.521892,0.0,1,0.0083449799,0.7294563594,0.6917864822717387
4.75114,4.24064,4.75114,1.78595,724.014,405.395,0.0,0.0,0.4336,0.242784,0.0,1,0.0048987381,0.3962643939,0.3910617123762346
5.44662,5.0231,5.44662,2.01995,992.271,491.236,0.0,0.0,0.4872,0.241195,0.0,0,0.0874344249,1.9491285363,2.6213709673783296
5.78238,3.66955,5.46102,1.63677,1152.51,704.133,59.8933,36.5923,0.516,0.315255,0.0,1,0.005439265,0.483544844,0.4970314319789909
6.04901,3.48029,6.04818,1.13995,1676.5,1470.68,0.0,0.0,0.5904,0.517916,0.0,1,0.0164946226,1.2681086192,1.3604675086455638
6.12408,5.59581,6.1197,2.89163,1515.71,524.173,0.0,0.0,0.544,0.188129,0.0,1,0.0022482225,0.2160551705,0.15477277997588146
4.99754,4.47196,4.99754,2.88324,1161.14,402.721,0.0,0.0,0.4772,0.165508,0.0,1,0.0015772534,0.1485276103,0.16917525722305526
5.63872,3.87203,5.63872,1.06793,1382.56,1294.62,0.0,0.0,0.5686,0.532434,0.0,1,0.010031864,0.8572331509000001,0.8660253430019336
4.795,4.07473,4.77797,1.13588,2690.44,2368.6,0.0,0.0,0.6968,0.613446,0.0,1,0.0011656198,0.1121308192,0.2457266308520495
5.53493,4.56275,5.50447,0.932577,3320.52,3560.59,0.0,0.0,0.7606,0.815589,0.0,1,0.001404837,0.1258429313,0.2152298583531692
4.51038,3.48306,4.50833,2.426,458.262,188.896,79.7243,32.8625,0.4254,0.17535,0.0,1,0.0069680205,0.513086561,0.5404222580061298
5.03819,3.84363,5.03819,1.81693,898.58,494.56,0.0,0.0,0.4852,0.267044,0.0,0,0.0062023766,0.5037684920000001,0.5234893757656531
9.85225,8.07125,9.85225,1.06602,1798.13,1686.76,17.9557,16.8436,0.664,0.622875,0.0,1,0.0025122011,0.2490500719999999,0.2456719136679561
5.0332,4.12661,5.01239,1.10257,950.216,861.818,65.1005,59.0442,0.5042,0.457294,0.0,0,0.0114866404,0.9670677203,0.8642459666058052
5.00227,4.2399,4.99534,1.10398,955.442,865.452,106.221,96.2163,0.515,0.466494,0.0,0,0.0138672278,1.1349542308,0.9604765740670196
5.15312,4.22321,5.15312,1.21722,755.895,621.0,81.5581,67.0034,0.4796,0.394012,0.0,0,0.0113385253,0.8468984418000001,0.7900012820673512
5.17201,4.22878,5.17201,1.2164,765.02,628.924,77.9087,64.0488,0.4792,0.393951,0.0,0,0.0118705105,0.8563891841,0.8167581042610872
5.19102,4.23615,5.19102,1.21425,767.035,631.694,85.3834,70.3177,0.48,0.395305,0.0,0,0.0123080605,0.8857837286,0.8226790061002494
5.53585,3.92423,5.52778,1.23909,1879.29,1516.67,0.0,0.0,0.6304,0.508762,0.0,0,0.0109067792,0.9473900542,0.9228439107906072
8.08882,6.64746,8.02924,0.857961,1988.29,2317.45,0.0,0.0,0.6604,0.769732,0.0,0,0.0047260099,0.4522278497999999,0.44051717375606
4.74809,3.58509,4.40546,1.51827,638.51,420.551,0.0,0.0,0.4406,0.290199,0.0,0,0.0061299008,0.506135024,0.5213914516844057
10.10291,7.15637,9.84044,0.681717,1733.15,2542.34,0.0,0.0,0.6842,1.00364,0.0,1,0.0038819311,0.3821174364999999,0.36972458979314476
14.1452,13.26623,14.13413,0.718024,1541.13,2146.34,0.0,0.0,0.7232,1.00721,0.0,1,0.0045383114,0.4051869622,0.3971840606790637
5.24294,3.86797,5.24294,1.46762,1975.27,1345.9,0.0,0.0,0.64,0.436082,0.0,0,0.0099011096,0.9107473586,0.883758052118514
5.27459,4.52668,5.27459,1.48634,1223.66,823.275,0.0,0.0,0.5418,0.36452,0.0,1,0.0088262364,0.7225200222,0.684086819605275
6.23822,4.28609,6.22408,1.47829,1492.88,1009.86,0.0,0.0,0.5414,0.366233,0.0,1,0.0068670376,0.6060552932,0.5772469523281366
9.16743,4.27442,9.16743,1.02656,1732.45,1687.62,0.0,0.0,0.6018,0.586228,0.0,1,0.0030584592,0.3016877532,0.30676519451990375
7.52525,4.29732,7.52525,1.3181,1385.19,1050.9,0.0,0.0,0.4828,0.366286,0.0,1,0.0022194159,0.2099974063,0.23601707591295823
9.36738,4.35185,9.36738,1.20213,1638.24,1362.78,0.0,0.0,0.576,0.479148,0.0,1,0.001846443,0.1883064593,0.18352474208468628
9.03723,4.17928,9.03723,1.25701,1700.75,1353.01,0.0,0.0,0.594,0.47255,0.0,1,0.002116742,0.1991460376,0.2183373995116663
9.10772,4.29795,9.10772,1.27221,1742.4,1369.58,0.0,0.0,0.6022,0.473349,0.0,1,0.0021029816,0.2120451642,0.21870885684816
9.02688,4.19715,9.02563,1.29051,1705.91,1321.89,0.0,0.0,0.6062,0.469736,0.0,1,0.0030548338,0.2977550486,0.2922998893047337
9.36232,4.34831,9.36232,1.51484,1601.89,1057.47,0.0,0.0,0.5888,0.388687,0.0,1,0.0015822017,0.1593539734,0.13953762746133402
4.6866,4.49829,4.6866,1.86798,511.71,273.938,140.313,75.1146,0.3994,0.213814,0.0,0,0.0343838607,1.5474587236,1.5197241542987006
4.69268,4.51959,4.68546,1.86097,534.218,287.064,156.241,83.9569,0.4064,0.218381,0.0,0,0.0354402968,1.5384797812,1.513813465436215
13.76426,6.67603,13.76426,0.642349,2372.68,3693.76,0.0,0.0,0.7784,1.2118,0.0,1,0.0034714913,0.3325812417,0.36431448507131436
5.10392,4.12276,5.06017,1.12645,2627.06,2332.16,0.0,0.0,0.6972,0.618936,0.0,1,0.0010902442,0.1142647365,0.19610702666090485
6.55692,5.28768,6.53155,0.964561,1220.6,1265.44,0.0,0.0,0.5288,0.548229,0.0,0,0.0048657268,0.4626714764,0.43162390830792835
4.764,3.76645,4.764,2.24785,751.282,334.223,0.0,0.0,0.4204,0.187023,0.0,1,0.0017584434,0.1633242626,0.12519691818017786
6.35523,5.9549,6.33797,0.780645,2644.49,3387.58,0.0,0.0,0.7136,0.914116,0.0,1,0.0058125685,0.5673706011999999,0.5628832483500135
4.95392,4.38313,4.95392,1.49539,968.887,647.917,0.0,0.0,0.4732,0.31644,0.0,1,0.0015243526,0.1471857344,0.14779424602609548
4.63531,3.53624,4.63082,1.05655,1090.22,1031.87,0.0,0.0,0.503,0.476077,0.0,1,0.0065385108,0.5863813393999999,0.6679763711184126
8.30942,3.60945,8.30942,1.54442,1337.53,866.043,0.0,0.0,0.5456,0.353273,0.0,0,0.0372980005,2.4047075605000003,2.5704467236599164
7.09574,3.51061,7.08581,1.12636,1307.68,1160.97,0.0,0.0,0.5566,0.494157,0.0,0,0.0088516185,0.7641453779999999,0.7486653415642429
7.1377,4.17724,7.09066,1.24632,1150.23,922.898,0.0,0.0,0.5346,0.428942,0.0,0,0.0038582758,0.356133981,0.35570125653735263
11.25458,10.39011,10.80502,0.837465,1965.46,2346.92,0.0,0.0,0.6976,0.83299,0.000955264,1,0.0038892794,0.3876624948,0.3645061551908246
5.47758,4.11939,5.46905,1.8094,1349.53,745.844,0.0,0.0,0.534,0.295125,0.000331601,1,0.0047328724,0.4210365882999999,0.40210691655825204
15.02825,14.15107,15.02825,0.818993,2120.95,2589.7,0.0,0.0,0.749,0.914537,0.000244202,1,0.0037282122,0.3671665478,0.3615048652515058
7.45471,4.20487,6.02758,3.27069,1181.85,361.346,334.28,102.205,0.5696,0.174153,0.0,1,0.0006309194,0.0618525062,0.12412795195622417
5.70852,4.41794,5.70852,1.67395,1266.62,756.664,0.0,0.0,0.5296,0.316377,0.0,0,0.0128755905,0.856314878,0.8927623560788535
5.5699,4.33438,5.5699,1.93342,1150.89,595.258,0.0,0.0,0.516,0.266884,0.0,0,0.0111566564,0.7396369912,0.8410962767430599
4.74076,3.59919,4.72141,1.46415,983.567,671.767,0.0,0.0,0.4992,0.340949,0.0,0,0.0079646302,0.6742938026,0.6738178286089563
7.1533,3.82815,7.1533,2.06709,831.561,402.286,84.7168,40.9836,0.496,0.239951,0.0,0,0.0045502008,0.3649188658,0.42891339663594374
6.94577,6.48704,6.94195,1.01181,1784.75,1763.93,0.0,0.0,0.629,0.621659,0.0,0,0.0058174894,0.5529716661999999,0.5134828203339437
7.25204,6.74283,7.23817,1.01031,1741.08,1723.31,0.0,0.0,0.638,0.631491,0.0,0,0.0055433858,0.5434808271,0.5155684536784231
7.08623,6.6722,7.07786,1.02717,1639.04,1595.68,0.0,0.0,0.6198,0.603404,0.0,0,0.0054424002,0.5367328279,0.5122708877706039
7.14051,6.67398,7.10365,1.01557,1692.36,1666.42,0.0,0.0,0.624,0.614435,0.0,0,0.0056587978,0.5400960076,0.5169868077333306
6.58573,6.10481,6.58573,1.02216,1741.26,1703.51,0.0,0.0,0.611,0.597752,0.0,0,0.0057688,0.5710084081,0.5158011393328542
6.87071,6.41176,6.84188,1.00146,1800.87,1798.25,0.0,0.0,0.6308,0.629881,0.0,0,0.0058247027,0.5432337731,0.5111749663619487
7.08508,6.6128,7.06755,1.00152,1792.17,1789.44,0.0,0.0,0.6318,0.63084,0.0,0,0.0055433858,0.5446908505,0.5110004708586606
5.21271,3.78909,5.02943,1.47771,847.063,573.227,0.228953,0.154938,0.4794,0.324421,0.0,1,0.0061428063,0.5049072613000001,0.474747296010206
6.17038,3.88626,6.17038,1.0897,1053.12,966.424,109.804,100.765,0.5652,0.518674,0.0,1,0.0152097292,0.9874689916,1.0868933697943266
5.42414,4.17526,5.42124,1.15055,1597.74,1388.68,0.0,0.0,0.5668,0.492633,0.0,1,0.0124411836,1.0506127941,0.9903283950189095
7.47721,5.13969,7.4691,0.925259,1534.87,1658.86,0.0,0.0,0.5898,0.637443,0.0,0,0.0089553267,0.8275769465999999,0.7668498307938622
7.03999,4.83767,7.03999,1.19258,1520.7,1275.13,0.0,0.0,0.565,0.473761,0.0,0,0.0082433399,0.7554507594,0.7134860152784429
6.96485,4.61788,6.92434,1.17533,1527.18,1299.36,0.0,0.0,0.552,0.469655,0.0,1,0.0084510236,0.7468061844,0.7005984826200008
6.42992,4.57524,6.40815,1.20914,1470.44,1216.1,0.0,0.0,0.515,0.425922,0.0,1,0.0085951435,0.7394570081999999,0.7330543485541039
7.04175,4.93619,7.01576,1.16871,1555.91,1331.31,0.0,0.0,0.5758,0.492679,0.0,0,0.0086371294,0.7727221006999999,0.7419743303644583
7.40162,5.12822,7.38112,0.935395,2309.49,2469.0,0.0,0.0,0.6746,0.721193,0.0,1,0.0051554101,0.4831111036,0.49413359964562126
5.79357,5.23786,5.68144,1.42202,1531.27,1076.83,0.0,0.0,0.5756,0.404777,0.0,1,0.0082342065,0.7260928084,0.678296642416933
8.64445,5.92674,8.64445,0.762449,2402.32,3150.79,0.0,0.0,0.7046,0.924127,0.0,1,0.00685918,0.6549169039,0.6416260001653614
9.24057,8.58239,9.23056,0.696077,2043.12,2935.2,0.0,0.0,0.7082,1.01742,0.0,1,0.0048625659,0.4760287953,0.4576641780143829
9.19521,5.52341,9.19263,0.879294,1974.29,2245.31,0.0,0.0,0.637,0.724444,0.0,1,0.00812485,0.7610689142,0.7177281218634197
5.1071,3.62688,5.0939,2.43583,1067.8,438.373,0.0,0.0,0.4574,0.18778,0.0,1,0.0013712964,0.1312321495,0.14451190797957947
7.48898,5.2438,6.05899,1.02061,1910.86,1872.27,0.0,0.0,0.6306,0.617866,0.0,0,0.0069724194,0.6552282501,0.6250241083299367
7.42959,4.86526,7.42403,1.59483,1008.69,632.478,0.0,0.0,0.5194,0.325678,0.0,1,0.0017211243,0.1664775122,0.11966850360587888
8.71773,6.01818,8.7094,1.33605,1729.76,1294.69,0.0,0.0,0.6404,0.479325,0.0,0,0.0024153761,0.2290499354,0.23370892186197517
8.6676,5.83377,8.6676,1.34426,1726.36,1284.24,0.0,0.0,0.6354,0.472675,0.0,0,0.0025121491,0.2332427755,0.2350712617143063
9.11936,6.31963,9.11936,1.11347,1733.11,1556.5,0.0,0.0,0.6578,0.590765,0.0,0,0.0028695194,0.2816599099,0.27079545621858364
5.30249,4.25008,5.30179,1.48751,1231.76,828.073,0.0,0.0,0.5432,0.365175,0.0,1,0.0105786722,0.8234166792000001,0.810205670256716
6.18145,3.97754,6.17448,0.943184,2480.99,2630.44,0.0,0.0,0.6618,0.701666,0.0,1,0.0086523996,0.818210852,0.7837962943781004
6.12724,4.05651,6.12724,0.946965,2470.71,2609.08,0.0,0.0,0.6612,0.698231,0.000211201,1,0.0091959749,0.8324232068999999,0.7997214436901567
20.51668,7.7477,20.51668,0.405068,1929.7,4763.89,0.0,0.0,0.822,2.02929,0.0,0,0.0042529147,0.4176381398,0.4072043638508831
9.38043,8.88789,9.38043,1.09901,1267.7,1153.49,0.0,0.0,0.5774,0.525384,0.0,1,0.0024845169,0.2560789703,0.22212076990868523
9.96651,8.62113,9.96126,0.918137,1921.78,2093.13,0.0,0.0,0.6824,0.743244,0.0,0,0.0031231088,0.3165131023999999,0.30404878965160037
7.25841,4.65632,7.2501,1.15015,1882.43,1636.69,0.0,0.0,0.5978,0.519759,0.0,0,0.0116811831,1.0178780052,0.9850679160045042
9.1569,7.01562,9.1569,0.894019,1922.0,2149.85,0.0,0.0,0.6824,0.763294,0.0,0,0.0032029183,0.3159524755,0.3302078767114611
14.23268,4.75487,14.22709,0.637403,1240.77,1946.61,289.582,454.315,0.6812,1.06871,0.0,1,0.0039350864,0.3671239308,0.40865407648263885
15.09176,9.842,15.04915,0.561619,1319.58,2349.59,286.013,509.264,0.7206,1.28308,0.0,1,0.0037298142,0.3636520402,0.3882916324578153
6.51824,4.42782,6.29573,1.10634,2352.12,2126.04,0.0,0.0,0.625,0.564928,0.0,1,0.007289166,0.6741070726999999,0.7153999756794651
3.9737,3.59297,3.9737,1.83936,288.006,156.579,0.0,0.0,0.4124,0.224208,0.0,1,0.0021453487,0.190985321,0.1990438602568122
9.41174,4.54571,9.39909,1.06892,1212.51,1134.33,17.3519,16.233,0.5486,0.513227,0.0,0,0.0089562008,0.7281906978,0.7038533412281014
10.57534,5.75707,6.51584,1.38426,1059.32,765.262,606.777,438.341,0.6424,0.464076,0.0,0,0.0080668139,0.7364042654,0.696871842330022
10.28405,5.66029,7.85884,0.907624,1488.62,1640.12,573.454,631.819,0.6758,0.744581,0.0,1,0.0067821988,0.6304308396,0.6124858258402346
24.1004,7.53546,24.1004,0.570649,1958.05,3431.26,0.0,0.0,0.7816,1.36967,0.0,1,0.0039575999,0.3999747433,0.39455624830962105
23.87439,6.75259,21.66541,0.54542,1808.89,3316.52,0.0,0.0,0.7792,1.42862,0.0,1,0.0043582207,0.4106935045,0.43673107584212867
6.84955,5.26119,6.84595,0.91964,1931.75,2100.55,0.9049,0.983971,0.6246,0.679179,0.0,1,0.0110532021,0.9465387108,0.9169403336015471
21.81992,21.11699,21.81992,0.624269,1355.09,2170.68,0.0,0.0,0.7802,1.24978,0.0,1,0.0123576655,0.8771200379,0.8116291371869284
9.04728,8.48639,9.03641,0.87931,1735.67,1973.9,0.0,0.0,0.6642,0.755365,0.0,1,0.0106890852,0.8880807940000001,0.8538930321486591
7.3243,5.53893,7.31909,1.3207,1515.57,1147.55,0.0,0.0,0.5694,0.431134,0.0,1,0.0037863115,0.3512284394,0.3444668531560662
7.25076,5.4614,7.24597,1.35223,1495.67,1106.08,0.0,0.0,0.5682,0.420196,0.0,1,0.003840627,0.3635657926,0.34333525956443656
7.0561,5.32108,7.05322,1.40869,1409.46,1000.55,0.0,0.0,0.555,0.393983,0.0,1,0.0037743873,0.3516852549,0.33989085121310547
4.08842,3.70736,4.08842,1.02254,520.647,509.17,0.0,0.0,0.4678,0.457489,0.0,1,0.0109670833,0.9234978019,0.8841839692925271
18.94727,10.51321,18.93676,1.00603,1791.25,1780.51,0.0981256,0.0975376,0.7888,0.784073,0.0,1,0.0010461752,0.1037180692,0.13194723315753087
9.72623,7.72143,9.71631,1.42425,2106.67,1479.15,0.0,0.0,0.696,0.488679,0.0,1,0.0008598008,0.0864088648,0.12364656354760561
5.57902,4.64149,5.57902,1.29431,1246.48,963.048,0.0,0.0,0.5324,0.411338,0.0,0,0.0029844903,0.2833155773,0.3086641708952465
10.56188,10.34053,10.56188,0.902736,1518.51,1682.12,0.0,0.0,0.6572,0.728009,0.0,1,0.0020788963,0.2094811569,0.2075256009367057
15.02646,7.9821,15.02646,0.595037,2203.3,3702.8,0.0,0.0,0.8104,1.36193,0.0,0,0.0035349938,0.3342009956,0.37429536066263086
8.14433,7.67619,8.14433,1.22499,2017.42,1646.89,0.0,0.0,0.654,0.533883,0.0,0,0.0037537406,0.3499135372999999,0.35130303526046136
6.41846,5.04294,5.80487,0.848014,2489.2,2935.33,0.0,0.0,0.6344,0.748101,0.0,1,0.0052551526,0.4960146988,0.5006138397348902
11.09415,6.65734,11.09415,1.14966,1274.48,1108.58,493.769,429.493,0.6432,0.559472,0.0,1,0.006851664,0.6269433366,0.5761672371416562
18.775,6.41603,18.72266,0.610707,2220.68,3636.25,0.0,0.0,0.7614,1.24675,0.0,1,0.0052066327,0.4955403707,0.5248010034941759
8.87098,7.69354,8.87098,1.40672,1456.52,1035.4,0.0,0.0,0.5566,0.395672,0.0,0,0.002716285,0.2602645687,0.2453742842771826
11.60788,10.85998,11.60788,1.12671,1551.48,1377.0,0.0,0.0,0.6348,0.563411,0.0,1,0.0041986175,0.4175289782,0.39771552732626736
5.82674,4.72231,5.76849,1.30832,751.163,574.141,0.193696,0.148049,0.5654,0.432156,0.0,0,0.001611673,0.1474749043,0.17604613483617804
16.78888,16.71746,16.78888,0.713223,1373.37,1925.59,0.0,0.0,0.772,1.08241,0.0,1,0.0038901595,0.3945997442,0.34271307041214805
8.24333,6.47099,8.10297,0.864634,1943.01,2247.2,0.0,0.0,0.666,0.770268,0.0,1,0.0041954597,0.4077783853,0.40431615795580705
8.31134,7.66102,8.31134,1.03479,1409.77,1362.37,116.194,112.287,0.5924,0.572482,0.0,1,0.0065972959,0.5742005208,0.5612033328306236
6.15862,4.38483,5.85392,1.07794,1748.54,1622.12,0.0,0.0,0.6004,0.556988,0.0,1,0.0089063711,0.7524267364,0.7854464435823539
15.27185,8.36501,15.01039,0.495502,2200.94,4441.83,0.0,0.0,0.774,1.56205,0.0,0,0.0042924062,0.4192714371,0.42364278762892865
5.77734,4.61223,5.7686,1.06481,2227.7,2092.11,0.0,0.0,0.671,0.630159,0.0,0,0.0072872439,0.6953599611,0.7128666037129513
6.17779,4.90836,6.17779,0.978371,2446.9,2500.99,0.0,0.0,0.6772,0.692171,0.0,0,0.0050820097,0.5066561712,0.47561607641240566
24.11444,19.56277,24.11444,0.396669,1099.67,2772.25,0.0,0.0,0.86,2.16806,0.0,1,0.0033746509,0.3224430752,0.3302336442202279
29.28345,28.74884,29.27587,0.488759,1535.79,3142.23,0.0,0.0,0.8256,1.68918,0.0,0,0.0032332859,0.3248704419,0.3413091564226836
11.77864,6.5918,11.60527,0.794772,2268.81,2854.67,0.0,0.0,0.7438,0.935866,0.0,1,0.0070301046,0.5873551476,0.6350638052600486
14.29207,10.12824,14.29207,0.648977,1825.21,2812.44,0.0,0.0,0.775,1.19419,0.0,1,0.0078746963,0.6262029378,0.6771873495059515
12.47571,8.72571,12.47571,0.678618,1920.17,2829.53,0.0,0.0,0.7566,1.11491,0.0,1,0.0080119709,0.6570802215,0.6836538709099733
11.30323,7.62193,11.30323,0.677748,2157.76,3183.72,0.0,0.0,0.75,1.10661,0.0,1,0.0077481032,0.6586627357,0.7036923382005609
12.36076,7.19983,11.84038,0.687816,2106.83,3063.07,0.0,0.0,0.751,1.09186,0.0,1,0.0080317736,0.6448291513000001,0.7013536066408742
11.82924,9.14708,11.82924,0.688549,2055.52,2985.28,0.0,0.0,0.7528,1.09331,0.0,1,0.0079862454,0.659282121,0.6938069353257774
11.54376,6.59467,10.51794,0.708658,2222.43,3136.11,0.0,0.0,0.7352,1.03745,0.0,1,0.0080146494,0.6757311632999999,0.7248197376033558
11.4181,8.43938,10.92264,0.695103,2221.97,3196.61,0.0,0.0,0.7474,1.07524,0.0,0,0.0070604806,0.6338314106,0.6272748481514128
5.65215,4.4572,5.65215,0.864214,1953.72,2260.69,0.0,0.0,0.6454,0.746806,0.0,1,0.006761109,0.6501817656000001,0.6146347037183918
31.07244,30.38497,31.07244,0.440944,1502.5,3407.47,0.0,0.0,0.8264,1.87416,0.000453572,0,0.0038387397,0.3797893043999999,0.38924680835108433
17.33749,14.32817,17.33749,0.750299,1914.17,2551.21,1.3371,1.78209,0.7272,0.969213,0.00026656,0,0.0035657528,0.3407608599,0.37057572604000544
11.91912,9.14993,11.89973,0.619221,2306.85,3725.41,0.0,0.0,0.7606,1.22832,0.0,1,0.0049967445,0.4992968376,0.4880075593774278
6.34772,3.79741,5.91821,1.34881,2067.47,1532.8,0.0,0.0,0.5966,0.442315,0.000444835,1,0.0039194117,0.3758222665999999,0.38678135974612826
12.20585,6.15217,12.20585,0.793444,2143.73,2701.8,0.0,0.0,0.7068,0.8908,0.000252066,0,0.0020613702,0.2057573130999999,0.23809982766689564
19.46238,14.48757,19.44715,0.798895,1320.38,1652.76,18.6426,23.3354,0.7758,0.971091,0.000500691,0,0.0008934139,0.0848815459,0.20788195811772603
10.23354,4.21372,10.21937,1.02655,1874.68,1826.19,0.0,0.0,0.6604,0.643319,0.0,0,0.00196322,0.1913853094,0.20883036858623816
10.81396,5.19047,10.74347,0.995074,2374.31,2386.06,0.0,0.0,0.7264,0.729996,0.0,1,0.0039072304,0.3736843163,0.3848718378356385
4.6846,4.2919,4.67468,1.31892,765.522,580.418,0.0,0.0,0.4712,0.357263,0.0,1,0.0154432407,1.0715686125,1.0648294562101204
27.33946,23.18439,27.33946,0.358752,1494.97,4167.13,0.0,0.0,0.865,2.41113,0.0,1,0.0041834507,0.4147701950999999,0.38869017057454686
27.20941,25.54914,27.20941,0.339031,1450.85,4279.41,0.0,0.0,0.869,2.56319,0.0,1,0.0049516,0.4783858123,0.4493357347561352
17.5271,9.15991,17.51275,0.493165,2044.36,4145.4,0.0,0.0,0.8062,1.63475,0.000405544,0,0.0030022722,0.2787942015,0.31200181654434583
16.95031,14.45168,16.94349,0.50204,1609.85,3206.61,0.0,0.0,0.8216,1.63652,0.0,1,0.0028184969,0.2862566916,0.28660703720038727
11.55111,8.31224,11.55111,1.02928,1660.34,1613.11,402.375,390.929,0.6934,0.673676,0.000194311,1,0.0045061598,0.4369849186,0.43618247057428905
10.94267,8.40951,10.74622,0.792307,2099.13,2649.38,0.0,0.0,0.6954,0.87769,0.000252427,1,0.0054834141,0.5228489969,0.5187140770837728
21.37941,8.74134,21.37941,0.420413,1892.53,4501.6,0.0,0.0,0.8218,1.95474,0.000475722,1,0.0040400463,0.3938931413,0.39690244390407986
8.83209,4.60356,8.83209,0.894333,2156.88,2411.72,0.0,0.0,0.6544,0.731719,0.0,0,0.0090449848,0.8658542925,0.7982848314040785
11.88887,9.00529,11.09267,0.491487,2207.95,4492.38,0.0,0.0,0.8056,1.63911,0.0,0,0.0019616495,0.1988557483,0.23617220027675806
11.3746,9.04299,10.93292,0.509598,2105.05,4130.81,0.0,0.0,0.8058,1.58125,0.0,0,0.0013077347,0.1332890422,0.198445656930896
5.46454,4.64589,5.42464,1.16038,1353.66,1166.57,0.0,0.0,0.522,0.449854,0.0,1,0.0085257181,0.728954827,0.7249603647084869
5.66684,4.62581,5.62433,1.17377,1371.36,1168.34,0.0,0.0,0.5236,0.446085,0.0,1,0.0084038947,0.7104649740000001,0.7035382409679246
5.66299,4.65074,5.65798,1.30634,1428.94,1093.85,0.0,0.0,0.5386,0.412296,0.0,1,0.0083856065,0.718316341,0.6939743601381942
13.2428,11.09142,13.2428,0.709182,2154.21,3037.6,0.0,0.0,0.7414,1.04543,0.0,0,0.0016779311,0.1818536409,0.20190904449778435
17.75046,8.47189,17.75013,0.458587,2258.74,4925.43,0.0,0.0,0.7852,1.71222,0.000436122,0,0.0028609069,0.2848359921,0.32046998501860374
21.33814,8.58252,20.92518,0.403686,1883.32,4665.31,0.0,0.0,0.8204,2.03227,0.000495434,0,0.0028729965,0.2799076544,0.31010904489034613
25.24149,10.49588,25.24149,0.291153,1600.36,5496.62,0.0,0.0,0.8684,2.98262,0.000686924,0,0.0033482573,0.3065070177,0.345680226063243
10.86981,8.81904,10.86239,0.665683,2359.22,3544.05,0.0,0.0,0.7502,1.12696,0.0,0,0.0065237949,0.5826713009000001,0.609300237811153
10.97224,8.95533,10.97224,0.663582,2332.5,3515.02,0.0,0.0,0.7592,1.14409,0.0,0,0.0068705952,0.6162395359,0.6309078897438545
21.77625,7.63115,21.77625,0.452533,2037.74,4502.96,0.0,0.0,0.826,1.82528,0.0,0,0.0042807023,0.4325967145,0.4188790380016053
11.87679,10.79351,11.87679,1.06888,1595.23,1492.43,0.0,0.0,0.6484,0.606614,0.0,1,0.0045005821,0.4412707683,0.4017298997952152
17.68621,16.73879,17.68621,0.597274,1774.03,2970.22,0.0,0.0,0.8228,1.37759,0.0,1,0.0029132062,0.2899543298,0.28645533046773203
14.70244,11.79351,14.69456,0.775127,1933.94,2495.0,0.0,0.0,0.7872,1.01557,0.0,1,0.0028472196,0.2812382780999999,0.2843146301073412
14.69185,13.06998,14.68941,0.678878,1913.08,2818.01,0.0,0.0,0.7962,1.17282,0.0,1,0.0033951724,0.3240844595,0.33610584706568414
15.81495,13.61984,15.81495,0.591093,1861.23,3148.79,0.0,0.0,0.7794,1.31858,0.0,1,0.0033795635,0.3273865847,0.33868063015924343
19.24151,15.81933,18.17294,0.414726,1795.61,4329.62,0.0,0.0,0.8236,1.98589,0.0,1,0.0043882176,0.439601757,0.4141901975147001
17.63143,10.03888,17.62334,0.751788,1337.16,1778.64,192.928,256.625,0.6832,0.908766,0.0,1,0.0133446836,0.7705240415000001,0.8259012827702961
22.77836,8.92569,22.41884,0.406231,1793.65,4415.34,0.0,0.0,0.8602,2.11751,0.0,0,0.0042735467,0.4030318264,0.4055602152787529
12.24865,4.72993,12.24865,0.820334,2060.46,2511.73,0.0,0.0,0.6832,0.832831,0.0,0,0.0029868416,0.3048368399,0.30742549916116346
7.4254,5.9743,7.38064,1.40157,2795.33,1994.43,0.066678,0.0475737,0.7066,0.504148,0.0,1,0.0013087605,0.133715133,0.14738326764509602
9.61179,5.4202,9.50068,0.666698,1801.22,2701.7,393.55,590.296,0.69,1.03495,0.0,0,0.0053580093,0.5118853586,0.5120828676032636
9.7447,5.39631,9.52834,0.66078,1783.63,2699.29,403.357,610.425,0.6912,1.04604,0.0,0,0.0051124129,0.5179651203,0.4922670107648434
9.71412,5.38216,9.47423,0.667627,1783.85,2671.92,384.965,576.618,0.6968,1.0437,0.0,0,0.0053981066,0.5273153226,0.5159792051396062
9.71962,5.45923,9.49261,0.665822,1776.52,2668.16,388.062,582.832,0.695,1.04382,0.0,0,0.0053555032,0.5160178924000001,0.5064685715755683
4.29453,3.62408,4.28019,1.76637,1054.03,596.719,0.0,0.0,0.558,0.315902,0.0,0,0.0106210635,0.9166606457,0.8056668494757918
8.05832,6.63779,8.05832,1.47307,1756.87,1192.66,0.0,0.0,0.6028,0.409213,0.000135771,1,0.0015065427,0.1474946307,0.15014314859125677
8.53606,6.74383,8.51304,1.39796,1816.6,1299.47,0.0,0.0,0.6282,0.44937,0.0,1,0.0014882238,0.1438491785,0.16235649068787028
8.49651,6.78307,8.47146,1.40015,1810.97,1293.41,0.0,0.0,0.6308,0.450522,0.0,1,0.0014618447,0.1438843507,0.16145684566782315
10.00499,6.00632,8.35178,0.770104,1492.72,1938.34,566.054,735.036,0.688,0.893386,0.0,1,0.0069338736,0.6392263116,0.6146404176341043
20.28746,11.03087,20.28746,0.706861,1313.51,1858.23,15.0052,21.228,0.6976,0.986898,0.0,1,0.0233585032,0.8716256736,1.1673681218237286
27.62636,19.6462,27.62636,0.319125,1432.79,4489.74,0.0,0.0,0.874,2.73874,0.0,1,0.0038880109,0.366757207,0.3669252286181604
9.27827,8.57062,9.27827,1.61278,1536.21,952.52,0.0,0.0,0.6184,0.383437,0.0,1,0.0034328641,0.3326230914,0.29220256016842716
9.33807,8.65245,9.33807,1.33968,1588.12,1185.45,0.0,0.0,0.6278,0.468619,0.0,1,0.0049104624,0.473829167,0.41253925989541546
17.74549,10.18366,17.61731,0.472151,1971.53,4175.64,0.0,0.0,0.8228,1.74266,0.000423593,0,0.0033197063,0.3301185534,0.34541634634744023
14.81093,8.19624,14.81093,0.576281,2199.59,3816.87,0.0,0.0,0.7704,1.33685,0.000347053,0,0.0044631164,0.4453650403,0.4314300416013044
15.38405,7.99425,15.37857,0.667947,2168.98,3247.23,0.0,0.0,0.7722,1.15608,0.000299425,0,0.0030956076,0.300643954,0.31830328356860543
15.4905,7.85668,15.48477,0.558595,2165.23,3876.2,0.0,0.0,0.7746,1.38669,0.000358041,0,0.0036419687,0.3531513538,0.3701669058452256
28.38912,26.8915,28.38912,0.324235,1424.57,4393.62,0.0,0.0,0.8668,2.67337,0.0,1,0.0046758509,0.4539432668,0.4557429807717862
28.056,26.5894,28.056,0.284192,1417.0,4986.05,0.0,0.0,0.8798,3.09579,0.0,1,0.0057474986,0.5503759393,0.5262237935651767
28.19813,26.70296,28.19813,0.327356,1415.91,4325.28,0.0,0.0,0.8786,2.68393,0.0,1,0.0047253267,0.4617741885999999,0.4690044812352596
13.34579,11.70118,13.34579,0.574767,1929.82,3357.56,0.0,0.0,0.7742,1.34698,0.000347967,1,0.003646349,0.3524479772,0.36317696760551016
8.83227,8.6768,8.83227,0.846692,1685.24,1990.38,0.0,0.0,0.6728,0.794622,0.0,0,0.0040658682,0.4086733601,0.37249895989162707
6.8732,4.88929,6.87248,1.16013,1658.2,1429.33,0.0,0.0,0.5776,0.497877,0.0,1,0.0051409982,0.4934843259,0.4667220962140097
5.63389,5.12978,5.62594,1.03186,2420.1,2345.38,0.0,0.0,0.6734,0.65261,0.0,1,0.0054704092,0.5276361078,0.5026580809209067
5.40649,3.68585,5.39971,1.18993,400.217,336.338,47.5494,39.9599,0.4748,0.399016,0.0,1,0.0043594538,0.3492515604,0.3817326998334404
7.18163,6.66781,7.16788,1.29779,1736.11,1337.74,0.0,0.0,0.6626,0.51056,0.0,1,0.0013935755,0.1450593351,0.1516766450472642
5.97609,4.07891,5.95911,0.794839,2068.46,2602.36,0.0,0.0,0.6772,0.851997,0.0,0,0.003095411,0.3099829061,0.3027439618749974
5.57699,4.27379,5.57277,0.833702,1977.55,2372.01,0.0,0.0,0.6608,0.792609,0.0,0,0.0032024332,0.3074280944,0.32947603350610194
5.76914,4.18918,5.68942,0.806983,2029.2,2514.56,0.0,0.0,0.6692,0.829261,0.0,0,0.0034109892,0.3177680842,0.3195339216091182
5.57167,3.71325,5.56165,0.804799,1950.58,2423.69,0.0,0.0,0.669,0.831263,0.0,0,0.0027716002,0.2758757582,0.31830945965039115
10.23917,5.38907,7.72274,0.840589,1476.7,1756.74,567.482,675.1,0.661,0.786353,0.0,1,0.0120988866,1.1226025929,0.8010186615338923
20.72686,7.8738,20.45456,0.987929,1836.17,1858.6,0.0,0.0,0.7646,0.773942,0.000202444,1,0.0014268063,0.1392298763,0.16821347909173645
21.13684,18.33831,21.13684,0.755302,1118.2,1480.46,7.09089,9.38816,0.8308,1.09996,0.00158877,1,0.0018066264,0.1518837174,0.21849623841215837
4.54107,3.68666,4.49534,0.520686,2635.05,5060.73,0.0,0.0,0.6792,1.30443,0.0,0,0.0031093464,0.3089641623999999,0.4532275332968771
4.78374,3.98828,4.76573,1.2488,1042.64,834.91,0.0,0.0,0.5318,0.425847,0.0,0,0.0140416702,1.0606246924,1.0599122392265399
7.27986,4.97275,7.26799,0.939534,2385.4,2538.91,0.0,0.0,0.669,0.712055,0.0,1,0.0052867433,0.5083818018999999,0.5163266792554618
6.01685,3.69212,6.01685,1.47606,1556.57,1054.55,0.0,0.0,0.549,0.371936,0.0,0,0.042838625,2.3799928714,2.880545020368261
5.48014,3.89264,5.47915,1.114,1459.0,1309.69,0.0,0.0,0.5932,0.532494,0.0,1,0.0068403295,0.6277681684,0.6143315828086696
7.20433,5.04936,7.20433,1.89362,858.504,453.367,0.0,0.0,0.4412,0.232993,0.0,0,0.0030355967,0.2708658691,0.2932643333774329
5.0551,4.14906,5.0551,1.66961,1339.59,802.333,0.0,0.0,0.4474,0.267966,0.0,1,0.0055983566,0.5319857775,0.5026509167328184
11.82785,6.92938,11.82019,0.805938,1577.17,1956.93,0.028495,0.0353563,0.6606,0.819666,0.0,0,0.0018341209,0.1813263285,0.20202108583749667
9.81493,7.51137,9.63023,0.647443,2248.07,3472.22,0.0,0.0,0.754,1.16458,0.0,1,0.0040226695,0.4022481732,0.3951860016442995
12.8466,11.09496,12.83423,0.704786,1452.89,2061.46,0.0,0.0,0.6858,0.973062,0.0,1,0.0044093873,0.4028074672999999,0.4043062656550787
9.92059,7.48583,9.85803,1.01231,1221.66,1206.81,0.0,0.0,0.5698,0.56287,0.0,1,0.0048327596,0.4202151844,0.4276510820616967
6.92889,6.03574,6.92889,0.751805,1979.79,2633.39,0.0,0.0,0.6492,0.863522,0.0,1,0.007842751,0.7208242491,0.7325554744776499
15.97384,6.3885,15.95282,0.758636,1416.77,1867.53,462.668,609.868,0.711,0.937208,0.0,0,0.0042656163,0.411588888,0.4859524551727987
7.92311,7.02117,7.40406,1.04215,1506.32,1445.4,0.0,0.0,0.5762,0.552895,0.0,1,0.0042208282,0.4092721568999999,0.4107708414270821
5.42105,4.17711,5.42004,0.867442,2120.17,2444.17,0.0,0.0,0.6348,0.731807,0.0,1,0.0071775815,0.7127069697,0.676650152620131
8.24655,3.54646,8.24655,1.48902,1339.88,899.835,0.0,0.0,0.545,0.366011,0.0,0,0.0570105592,3.1725272214,3.1449947387540758
10.37997,3.63188,10.37997,1.43849,1318.22,916.388,0.0,0.0,0.5592,0.38874,0.0,0,0.0439580069,2.6067564646,2.6225269884915807
4.50507,4.05314,4.50324,1.57483,481.643,305.838,0.0,0.0,0.4424,0.280919,0.0,1,0.0061673928,0.4684926929999999,0.44252579566999883
4.92906,3.897,4.88525,1.27844,1610.15,1259.46,0.0,0.0,0.5778,0.451957,0.0,0,0.013417103,1.1226835929,1.1019747527512018
5.98483,4.5721,5.97294,0.945356,2162.97,2287.99,0.0,0.0,0.6338,0.670435,0.0,0,0.0112475795,1.0236282415,1.0301517518987102
12.69533,7.85866,12.69533,0.704617,2272.11,3224.61,0.0,0.0,0.79,1.12118,0.0,1,0.0032806534,0.3277572496,0.34585281153323255
6.46265,4.53541,6.46076,1.0284,1784.75,1735.46,0.0,0.0,0.5772,0.561258,0.0,0,0.0096567178,0.8723731898999999,0.9351874156422033
8.23303,6.49522,8.23303,0.862534,2413.26,2797.87,0.0,0.0,0.71,0.823156,0.0,1,0.0037666322,0.3712720456,0.37370935161232144
5.87095,4.85353,5.87048,1.43918,1047.46,727.817,0.0,0.0,0.485,0.336998,0.0,1,0.0035941845,0.3103884839999999,0.30000378562017427
4.74821,3.43684,4.74019,0.96574,1149.8,1190.59,1.38371,1.4328,0.5672,0.587322,0.0,1,0.0052765588,0.4899570246,0.5795878368786039
6.2294,5.27198,6.22457,1.14554,1736.51,1515.89,0.0,0.0,0.6318,0.55153,0.0,0,0.0073866977,0.6645154057,0.6814562312266166
5.86134,3.79303,5.86134,0.999234,920.272,920.978,0.0,0.0,0.4348,0.435133,0.0,1,0.005669379,0.4854925821999999,0.47589345660765325
4.65844,4.22522,4.64209,1.94999,466.538,239.251,0.0,0.0,0.392,0.201026,0.0,1,0.0025021013,0.2237252245,0.19416343308188155
4.91458,3.91959,4.91458,1.63925,888.533,542.037,0.0,0.0,0.4672,0.285009,0.0,0,0.0027208128,0.2421986448,0.2535589409057379
4.89442,3.8959,4.88243,1.64878,881.814,534.829,0.0,0.0,0.4588,0.278267,0.0,0,0.0024876915,0.2403656089,0.2392061819188263
4.9428,3.96901,4.93448,1.63196,890.669,545.765,0.0,0.0,0.469,0.287384,0.0,0,0.0026697177,0.2422816743,0.2514380242741489
6.59669,5.39005,6.562,2.75496,1188.02,431.228,0.0,0.0,0.4754,0.172562,0.0,1,0.0002568978,0.0264236618,0.05687608191231541
10.34811,9.92334,10.34811,1.06947,1137.02,1063.16,0.0,0.0,0.5768,0.53933,0.0,0,0.0023145995,0.2215884968,0.22309671143600185
10.25508,9.65715,10.24861,1.06872,1112.51,1040.98,4.63217,4.33432,0.5712,0.534472,0.0,0,0.0022895768,0.2214383606,0.2487614979698784
10.30863,9.86894,10.26273,1.07331,1114.06,1037.97,0.0,0.0,0.5706,0.531626,0.0,0,0.002254128,0.2211464292,0.2193091174668358
6.00475,5.39741,6.00471,1.02738,1409.26,1371.7,0.0,0.0,0.5578,0.542934,0.0,0,0.0094120364,0.8026761929,0.787724797157226
5.73459,5.3907,5.73388,1.0417,1399.8,1343.76,0.0,0.0,0.5588,0.536429,0.0,0,0.0106267575,0.8711006922,0.9059049132866128
5.77811,5.24857,5.77811,1.0286,1416.31,1376.93,0.0,0.0,0.5656,0.549873,0.0,0,0.0103295749,0.8926147976000001,0.9064416611983279
5.22329,3.73672,5.11659,0.962226,1097.58,1140.67,0.0,0.0,0.5588,0.580737,0.0,0,0.0179773411,1.3674447127,1.3332181171605266
5.19284,3.47327,4.97212,1.17487,1114.95,948.996,0.0,0.0,0.5544,0.471883,0.0,1,0.0069878947,0.5814710166,0.7005708639675549
4.48976,3.77657,4.48976,1.63203,829.111,508.026,0.0,0.0,0.4792,0.293623,0.0,1,0.004548739,0.4058603281,0.36651137555939717
13.89765,5.51402,13.89722,0.824207,1875.6,2275.65,13.4154,16.2767,0.735,0.891766,0.0,1,0.002260043,0.2228895773999999,0.2775016721833065
5.75292,4.66172,5.55476,1.28873,519.931,403.445,222.923,172.979,0.4708,0.365321,0.0,1,0.0042758897,0.3292582089,0.4158231476441874
6.88318,5.09054,6.88318,1.58969,1147.61,721.91,0.0,0.0,0.53,0.333399,0.0,1,0.0025480453,0.2509215791,0.1941903191151858
6.957,5.13094,6.957,1.57886,1125.97,713.155,0.0,0.0,0.5264,0.333406,0.0,1,0.0024842603,0.2451604757,0.18376686852141644
4.6871,3.79057,4.64785,1.04241,1656.32,1588.93,0.0,0.0,0.5686,0.545465,0.0,1,0.0040681473,0.3917846282,0.4478590152016499
4.7279,3.83843,4.69154,1.03019,1565.61,1519.72,0.0,0.0,0.5608,0.544364,0.0,1,0.0041224593,0.4134992838,0.46257483899097046
12.97631,9.4474,12.86758,0.420776,1989.54,4728.27,0.0,0.0,0.8226,1.95496,0.0,1,0.0038507743,0.3705068046,0.37379672960749705
6.80122,6.39579,6.80122,1.29813,1554.38,1197.39,0.0,0.0,0.5754,0.443252,0.0,0,0.0074881639,0.6964367765,0.6690805056509562
18.63152,8.76045,18.62188,0.609363,1817.58,2982.76,0.0,0.0,0.7992,1.31153,0.0,0,0.0039999725,0.3988590097999999,0.3823705498666734
4.67354,3.99704,4.67354,1.55632,737.434,473.833,0.0,0.0,0.5056,0.32487,0.0,1,0.0013242686,0.1213916701,0.12766437732725622
4.68166,4.00596,4.68147,1.55341,734.6,472.896,0.0,0.0,0.502,0.323161,0.0,1,0.0012643886,0.1210588756,0.11872695302644776
4.65592,3.94576,4.65486,1.57353,726.043,461.41,0.0,0.0,0.5,0.317757,0.0,1,0.001295864,0.1214457924,0.12752525571701723
4.65545,3.95436,4.6545,1.5749,721.126,457.885,0.0,0.0,0.5016,0.318495,0.0,1,0.0012482671,0.1197656986,0.11815479429321496
4.65344,3.95436,4.65249,1.5749,718.186,456.019,0.0,0.0,0.5018,0.318622,0.0,1,0.0012194786,0.1201123115,0.1168017359633331
4.62045,3.87167,4.62045,1.57557,703.325,446.394,0.0,0.0,0.499,0.31671,0.0,1,0.0013050763,0.1225151872,0.13136939598152075
4.54485,3.93734,4.54439,1.57557,692.186,439.324,0.0,0.0,0.4938,0.31341,0.0,1,0.0012451963,0.1163636718,0.13934288067267808
4.98975,3.80682,4.92018,1.55283,739.05,475.936,0.0,0.0,0.512,0.32972,0.0,1,0.0012379032,0.1207548696,0.11165085006197017
5.04569,3.84468,4.80961,1.54631,723.173,467.677,0.0,0.0,0.5112,0.330594,0.0,1,0.0012816617,0.1195895133,0.12002198092125016
5.00078,3.76275,4.99703,1.55706,710.679,456.424,0.0,0.0,0.5092,0.327027,0.0,1,0.001290874,0.1194213886999999,0.12136415463145334
4.99892,3.69875,4.99892,1.57161,677.229,430.914,0.0,0.0,0.5068,0.322472,0.0,1,0.0011975994,0.1146171726999999,0.11340980684002588
4.99892,3.69875,4.99892,1.57161,690.001,439.041,0.0,0.0,0.5096,0.324253,0.0,1,0.0012701463,0.1214607624,0.11566161776736539
10.48054,10.40031,10.48054,1.12044,787.1,702.494,0.0,0.0,0.5464,0.487667,0.0,0,0.0011634408,0.1143919192,0.17655287477126402
6.10079,4.1274,6.09895,1.15948,1782.04,1536.94,0.0,0.0,0.5942,0.512473,0.0,1,0.0035590418,0.348873335,0.3557029300959155
5.68246,5.15937,5.6766,1.419,1065.4,750.809,34.7517,24.4903,0.522,0.367865,0.0,1,0.0012917456,0.1273582883,0.1591788200727522
5.6025,5.15328,5.59565,1.72417,1077.57,624.98,31.7982,18.4426,0.5402,0.31331,0.0,1,0.0011042314,0.1093650311999999,0.11725792953392078
9.51377,6.43314,9.51377,0.798695,1989.75,2491.25,0.0,0.0,0.6678,0.836114,0.0,1,0.005053089,0.4675592839,0.4857737402973879
6.90146,4.37137,6.90002,0.999683,1472.23,1472.69,0.0,0.0,0.5752,0.575382,0.0,1,0.0100286587,0.8654071051000001,0.8910357583989685
4.96868,3.55075,4.83089,1.43147,797.865,557.376,0.0,0.0,0.4912,0.343145,0.0,1,0.0144957064,0.9643005824,1.0775806322114323
10.62231,4.72909,10.62231,0.840025,2012.33,2395.56,0.0,0.0,0.6632,0.789501,0.0,1,0.0079544973,0.7255880940999999,0.7080846225159662
4.34391,3.48794,4.33354,1.48639,790.023,531.506,0.0,0.0,0.5002,0.336521,0.0,1,0.0034395255,0.3084616342,0.31307950573929205
4.31831,3.47722,4.26587,1.49368,756.727,506.618,0.0,0.0,0.503,0.336751,0.0,1,0.0033045846,0.3044706112,0.29075219463611307
4.48882,3.73021,4.48882,1.13994,1278.34,1121.41,0.0,0.0,0.558,0.4895,0.0,1,0.0060683389,0.5556874681,0.5427602955208688
6.87554,6.2746,6.85501,1.0117,2308.98,2282.27,0.0,0.0,0.7136,0.705344,0.0,1,0.0016375113,0.1756635137,0.16603017639649487
5.23239,4.07998,5.23239,2.19565,717.149,326.623,0.211459,0.0963082,0.4132,0.188191,0.0,1,0.0012214329,0.1150262251,0.11275780503057953
15.8468,15.75155,15.8468,0.656923,1385.91,2109.7,0.0,0.0,0.7706,1.17304,0.0,1,0.0034889363,0.357716012,0.33895741279608144
7.50467,7.0978,7.502,1.02131,1655.17,1620.62,0.0,0.0,0.6276,0.614502,0.0,0,0.0053111606,0.5227962789,0.5010902647498334
7.69309,7.15133,7.69309,1.0015,1823.95,1821.21,0.0,0.0,0.6478,0.646828,0.0,0,0.0062374423,0.5948069044,0.5614536580296366
12.93309,6.73336,12.93309,0.876804,2105.23,2401.03,0.0,0.0,0.7182,0.819111,0.0,1,0.0092655548,0.728423624,0.756097585760499
5.49532,3.6076,5.46456,1.0177,1748.28,1717.87,0.0,0.0,0.5898,0.57954,0.0,1,0.0129474884,1.0949703281999998,1.05571778484048
6.1601,4.88151,6.1601,0.959179,1807.63,1884.57,0.0,0.0,0.5894,0.614484,0.0,1,0.0105533551,0.915380376,0.9282709677064638
7.06758,6.25925,7.06758,2.58085,1392.56,539.574,0.0,0.0,0.5948,0.230467,0.0,1,0.0008062944,0.0732071862,0.06666581905483449
6.336,6.00289,6.33424,2.30777,537.799,233.038,0.0,0.0,0.3782,0.163881,0.0,1,0.0008794351,0.0858206144999999,0.06383230235361681
6.60597,5.16054,6.59079,1.12408,2425.27,2157.56,0.0,0.0,0.675,0.600491,0.0,1,0.0040206213,0.385379198,0.4001312281275172
6.35365,5.03774,6.35365,1.16137,2402.86,2068.99,0.0,0.0,0.662,0.570019,0.0,1,0.0040519807,0.3939393992,0.3895014694475472
5.88047,3.45324,5.88047,1.10464,953.649,863.311,0.0,0.0,0.5102,0.461869,0.0,1,0.0141959484,1.0975514358,1.1090241814320443
7.85155,7.4129,7.84422,0.988066,1824.14,1846.18,0.0,0.0,0.6392,0.646921,0.0,0,0.0054478102,0.555806475,0.4960212020507528
6.66565,6.12054,6.47961,1.03261,1670.88,1618.12,0.0,0.0,0.6176,0.598098,0.0,0,0.0059942142,0.5657715856000001,0.5542476984059723
6.08117,5.71486,6.04254,1.0654,1666.94,1564.61,0.0,0.0,0.599,0.562229,0.0,0,0.0066812766,0.6165853540999999,0.6096288231555451
6.63074,6.11727,6.62182,1.03639,1700.67,1640.96,0.0,0.0,0.617,0.595335,0.0,0,0.006097003,0.5817777964,0.5602899427994021
4.23505,3.57437,4.22469,1.56146,719.857,461.015,0.0,0.0,0.4554,0.29165,0.0,0,0.0044901606,0.4045795225,0.4351230528368883
6.68812,5.2162,6.6842,1.12906,2243.68,1987.2,0.0,0.0,0.6588,0.583492,0.0,1,0.0058926537,0.5619841372,0.5751358642384002
7.11924,4.2578,6.73222,1.25075,1718.51,1373.98,0.35167,0.281167,0.5804,0.464042,0.0,1,0.0055518209,0.5131112131000001,0.48975106779330074
7.21804,4.89996,7.21804,1.05199,1093.71,1039.66,0.0,0.0,0.5258,0.499814,0.0,1,0.0026280558,0.2538163144,0.22644114996635262
5.9515,3.58022,5.94467,1.69538,782.353,461.462,0.0,0.0,0.4474,0.263894,0.0,1,0.0072616102,0.5255675657,0.5451658406063922
5.98148,5.50358,5.98148,1.39089,683.78,491.614,0.0,0.0,0.4456,0.320371,0.0,1,0.00252666,0.233304856,0.1923568571622728
15.74073,14.87864,15.74073,0.734143,2013.05,2742.03,0.0,0.0,0.7486,1.01969,0.0,1,0.007960607,0.7145271609999999,0.6768895876242538
6.94384,5.61196,6.94384,1.08226,2751.52,2542.38,0.0,0.0,0.7548,0.697429,0.0,0,0.0016033907,0.1657454645,0.17101738947520895
5.07744,3.63748,5.07744,1.35621,1447.17,1067.07,0.0,0.0,0.563,0.415127,0.0,0,0.0078010962,0.6848995347,0.7430348303894626
5.68774,4.91257,5.68774,1.89851,1234.68,650.342,0.0,0.0,0.4776,0.251566,0.0,0,0.0042074302,0.3923059045,0.4089972880083657
6.56163,5.01898,6.56163,0.789798,2685.32,3400.01,0.0,0.0,0.699,0.885037,0.0,1,0.0076600057,0.7297636031,0.7536154255292908
8.93591,6.40725,8.93528,0.861374,1865.56,2165.8,0.0,0.0,0.6744,0.782935,0.0,0,0.0056158913,0.5276812916,0.521884580523033
6.54798,4.58648,6.32354,0.991599,1825.87,1841.34,0.0,0.0,0.6014,0.606495,0.0,0,0.0091553581,0.8494447008,0.8120881152513507
8.23229,4.10889,8.23229,1.21659,1653.43,1359.07,0.0,0.0,0.5956,0.489565,0.000164394,0,0.0054869132,0.4872986534,0.48583392726709884
8.17701,3.85924,8.17701,1.11826,1495.8,1337.62,0.0,0.0,0.578,0.516876,0.00017885,0,0.0079143527,0.6290624345,0.6954100020404533
8.7001,4.17817,8.7001,1.56011,1731.24,1109.69,0.0,0.0,0.5976,0.383051,0.000256393,0,0.0039464349,0.351179378,0.33253281167613463
4.822,3.60721,4.822,1.40695,1317.06,936.108,0.0,0.0,0.5446,0.387078,0.0,1,0.008702731,0.7609512026,0.777648044782518
5.52619,4.96961,5.37117,1.18279,1951.27,1649.71,0.0,0.0,0.6294,0.53213,0.0,1,0.0067478657,0.5989871936,0.6165931324396657
5.62028,4.9456,5.38973,1.141,1960.49,1718.22,0.0,0.0,0.6228,0.545837,0.0,1,0.0064956615,0.5901687345000001,0.6094355924512722
5.507,4.94994,5.35679,1.19591,1938.76,1621.16,0.0,0.0,0.616,0.51509,0.0,1,0.0068738472,0.6126597807999999,0.6280539726879192
9.80506,5.54909,9.77983,0.780304,2624.36,3363.25,0.0,0.0,0.7202,0.922973,0.0,1,0.0080659996,0.7181587789,0.7392093874435072
8.95718,5.39384,8.83819,0.804507,2612.7,3247.58,0.0,0.0,0.7218,0.897196,0.0,1,0.0082291891,0.7430267579000001,0.7526511075621564
9.00309,8.54299,8.9671,0.97843,1897.63,1939.47,0.0,0.0,0.6736,0.68845,0.0,1,0.004878858,0.4703702896,0.4618661691113621
14.27976,9.75466,14.27887,0.875377,1931.83,2206.85,0.0,0.0,0.6958,0.794857,0.0,1,0.005460872,0.5169753189,0.5062492684067401
10.06669,5.92468,10.06669,1.03617,1997.39,1927.67,0.0550289,0.053108,0.6814,0.657615,0.0,0,0.0028653803,0.2833815964,0.27467522301363556
6.24779,5.74251,6.24779,3.24848,1430.81,440.455,0.0,0.0,0.5524,0.170049,0.0,1,0.0020718185,0.187947858,0.14389449992150205
10.78843,9.81151,10.76706,1.6648,1720.66,1033.55,0.0,0.0,0.7082,0.425396,0.0,1,0.0011822453,0.1147660016,0.12651213127232785
5.20373,4.91346,5.20373,1.50927,221.957,147.062,328.828,217.872,0.4508,0.298686,0.0,1,0.0169860761,0.7247796356,0.9095858607147249
6.67271,5.40663,6.66794,1.08519,2578.11,2375.72,0.0,0.0,0.741,0.682828,0.0,1,0.0008646942,0.091446539,0.09984079292283932
5.5467,4.52994,5.5467,1.10879,1597.49,1440.76,0.0,0.0,0.5904,0.532473,0.0,1,0.0028071787,0.280500808,0.3042689199367449
3.89651,3.5765,3.89651,1.95338,467.631,239.396,0.0,0.0,0.401,0.205285,0.0,1,0.0030844054,0.2786957432,0.26218882700599555
8.93039,4.11514,8.89727,1.11173,2249.06,2023.03,0.0,0.0,0.7014,0.630911,0.0,1,0.0022248346,0.2133223796,0.23616062304671198
8.86827,4.20402,8.86827,1.11868,2254.43,2015.26,0.0,0.0,0.7004,0.626094,0.0,1,0.0021410144,0.2171827675,0.2153767223886962
8.96058,4.23716,8.87271,1.11708,2278.94,2040.08,0.0,0.0,0.7126,0.637912,0.0,1,0.0019602628,0.2069460383,0.20209149205714427
8.4847,6.59254,8.46458,1.73964,1004.17,577.227,0.0,0.0,0.4824,0.277298,0.0,1,0.0028640391,0.2699041238,0.23336879835604496
9.06904,5.14285,6.93826,0.88724,1840.24,2074.12,0.0,0.0,0.6138,0.691809,0.0,1,0.0057038564,0.5594858641,0.5086675752252456
8.87027,8.43287,8.86098,1.05825,1407.83,1330.34,0.0,0.0,0.5852,0.55299,0.0,0,0.0037934935,0.3665993354,0.3541666889626173
9.05571,8.66764,9.05571,1.03977,1417.11,1362.9,0.0,0.0,0.5874,0.564931,0.0,0,0.0036025229,0.3544645213,0.3527226193648004
9.06296,8.67891,9.0551,1.03141,1421.05,1377.78,0.0,0.0,0.5742,0.556714,0.0,1,0.0037948575,0.3613749268999999,0.3555602244003538
6.54196,4.56831,6.52391,0.938074,1723.71,1837.5,0.0,0.0,0.6008,0.640461,0.0,0,0.009959082,0.8758595633,0.9368769073481265
6.46523,4.80891,6.4631,0.94279,1718.26,1822.53,0.0,0.0,0.5936,0.629621,0.0,0,0.0106773637,0.9530377317,0.9620818234087979
6.33471,4.78818,6.33036,0.937811,1809.34,1929.33,0.0,0.0,0.5982,0.637868,0.0,0,0.0102746782,0.9144135704,0.9555737702206912
6.46285,4.62415,6.46285,0.930333,1709.53,1837.55,0.0,0.0,0.6066,0.652024,0.0,0,0.0092936337,0.8683132031,0.8265794867267628
6.34814,4.18035,6.34814,1.16715,1258.72,1078.45,0.0,0.0,0.5426,0.464892,0.0,1,0.0101114694,0.8380890001000001,0.8365071415601631
9.77148,3.95127,9.76981,1.08328,1654.63,1527.42,0.0,0.0,0.6392,0.590057,0.0,1,0.0073484068,0.6269045947,0.6645826330122858
12.53415,7.4934,12.53415,0.637007,2138.43,3357.0,0.0,0.0,0.7386,1.15949,0.0,0,0.0048725253,0.4730763745,0.462056049888042
15.53234,10.48172,15.53234,0.459782,1976.67,4299.13,0.0,0.0,0.8028,1.74604,0.0,0,0.0058817851,0.562581633,0.5605099518807055
13.04357,6.77607,13.04357,0.899644,2279.39,2533.66,0.0,0.0,0.69,0.76697,0.0,1,0.0076372476,0.6859096011,0.6751449246697466
6.20188,4.23592,5.30961,1.89212,1747.42,923.525,0.0,0.0,0.5718,0.3022,0.0,0,0.0040658557,0.3594286995,0.3484234354599507
6.01546,4.14091,6.00986,0.986437,2302.7,2334.36,0.0,0.0,0.6452,0.654071,0.0,1,0.0073175598,0.6731312264,0.7110702458604591
7.65199,6.36839,7.38295,0.889824,2356.91,2648.74,0.0,0.0,0.6808,0.765095,0.0,1,0.0065976593,0.6002598722,0.6412937656664252
5.26252,4.91537,5.26252,1.15534,1485.59,1285.85,0.0,0.0,0.5246,0.454067,0.0,0,0.0122204995,0.955908138,0.9953306455287435
6.84822,4.59519,6.84227,1.0747,2178.51,2027.08,0.0,0.0,0.6228,0.579508,0.0,0,0.0023496363,0.2309412688,0.23419426560199674
9.52843,6.46475,9.52268,1.03139,1993.36,1932.71,0.0,0.0,0.6454,0.62576,0.0,0,0.0021681179,0.2075479225,0.22655973652161837
8.73636,5.24821,8.73636,1.1563,1804.89,1560.92,0.0,0.0,0.605,0.523221,0.0,0,0.0026252084,0.2513913681,0.2503648615902874
5.02071,3.4738,5.02071,2.5731,618.391,240.329,0.0,0.0,0.3932,0.152812,0.0,1,0.0031799883,0.244545928,0.2249188945910453
8.43697,7.72021,8.43697,1.03874,1070.95,1031.01,0.0,0.0,0.5158,0.496565,0.0,0,0.0057157876,0.4915105396,0.49158414709547615
5.69693,3.84932,5.6869,1.19116,1393.16,1169.59,0.886343,0.744103,0.5548,0.465766,0.0,0,0.0067642858,0.6036984875,0.5770105805828228
7.62136,6.38807,7.35051,1.08418,1533.97,1414.86,0.0,0.0,0.5764,0.531645,0.0,1,0.0041699951,0.398144857,0.3933793837245164
18.21481,15.58526,18.21481,0.462868,1507.18,3256.18,0.0,0.0,0.8126,1.75558,0.0,1,0.0038413795,0.3721103755,0.3615246595480505
5.12409,3.76819,5.12409,1.55224,467.005,300.859,0.0,0.0,0.3454,0.222517,0.0,0,0.0283865628,1.0317122072,1.177970058698093
5.6946,5.49039,5.6894,1.21439,1338.7,1102.37,0.0,0.0,0.5044,0.415354,0.0,1,0.0133865338,1.0626393813,1.0220193573512746
5.49315,5.23582,5.46639,1.19412,1383.3,1158.42,0.0,0.0,0.511,0.427931,0.0,1,0.0120807782,1.0077428145,0.9512010425127061
5.92381,4.85823,5.92381,0.977102,1893.89,1938.27,0.0,0.0,0.5954,0.609353,0.0,1,0.0074700565,0.6925957815,0.7095277467752057
6.72563,5.57122,6.72563,1.15231,951.277,825.536,0.0,0.0,0.4938,0.428529,0.0,0,0.0161119878,1.0437216606,1.0675749799372318
5.16866,4.1674,5.16866,1.42464,1443.53,1013.26,0.0,0.0,0.5604,0.393361,0.0,1,0.002926054,0.2695372346,0.2966498536765965
7.14324,5.71599,7.14324,1.04513,2666.2,2551.06,0.0,0.0,0.762,0.729094,0.0,1,0.0013492236,0.1321141139,0.15108595967630145
6.84524,5.44973,6.84445,1.04937,2682.68,2556.47,0.0,0.0,0.7656,0.729579,0.0,1,0.0013578845,0.1352685139,0.14847443138718375
7.14304,5.71829,7.14304,1.04514,2648.0,2533.63,0.0,0.0,0.759,0.726219,0.0,1,0.0013587251,0.1317044905,0.15108595967630145
5.64435,4.47405,5.63077,1.05807,3043.38,2876.34,0.0,0.0,0.6944,0.656287,0.0,0,0.0028841285,0.2888123139,0.2890599069374402
5.73609,4.60094,5.73609,1.03985,3094.03,2975.45,0.0,0.0,0.6998,0.672979,0.0,0,0.0028761392,0.2879275016,0.28635996828145993
5.58759,4.3837,5.56019,1.07026,3013.15,2815.34,0.0,0.0,0.6894,0.644141,0.0,0,0.0030259381,0.2877317644,0.3364793274909309
5.60157,4.39581,5.5618,1.06802,3018.73,2826.48,0.0,0.0,0.6908,0.646807,0.0,0,0.002906099,0.2866631987999999,0.317339807122216
5.61357,4.40385,5.61357,1.06606,3021.96,2834.71,0.0,0.0,0.6918,0.648934,0.0,0,0.0028721446,0.2857544187,0.2883985875747217
5.6275,4.42824,5.62604,1.06272,3031.79,2852.86,0.0,0.0,0.692,0.651159,0.0,0,0.0030239408,0.2917623539,0.30850029226029163
5.63489,4.44582,5.40576,1.06079,3035.28,2861.33,0.0,0.0,0.6926,0.652908,0.0,0,0.0028801339,0.2882610539,0.29929504344674607
5.64072,4.46761,5.621,1.05911,3041.81,2872.03,0.0,0.0,0.6942,0.655454,0.0,0,0.0029320642,0.287366255,0.28922872163814395
5.644,4.47445,5.6433,1.05807,3043.8,2876.74,0.0,0.0,0.6942,0.656098,0.0,0,0.0029480427,0.2885127161,0.2948994392579822
5.65854,4.50803,5.65314,1.0548,3060.96,2901.94,0.0,0.0,0.6954,0.659272,0.0,0,0.0030459113,0.2904780778999999,0.3090321631213974
5.67593,4.5303,5.67504,1.05131,3067.91,2918.19,0.0,0.0,0.6962,0.662224,0.0,0,0.0030519033,0.2898908661,0.3091213383935672
5.70452,4.56197,5.70452,1.04697,3123.81,2983.66,0.0,0.0,0.6974,0.666112,0.0,0,0.002906099,0.2878476089,0.2836830000274111
5.73555,4.60029,5.7012,1.03985,3093.95,2975.36,0.0,0.0,0.6996,0.672786,0.0,0,0.0029580293,0.2863775822,0.29089295269269366
5.76062,4.63585,5.58828,1.03565,3107.22,3000.25,0.0,0.0,0.7004,0.676287,0.0,0,0.002768284,0.2889101825,0.29085481491876347
5.787,4.68615,5.787,1.03012,3120.56,3029.31,0.0,0.0,0.7,0.67953,0.0,0,0.002999973,0.2923735335,0.2947892310220556
5.61338,4.40406,5.55816,1.06606,3021.98,2834.73,0.0,0.0,0.6918,0.648934,0.0,0,0.0028901205,0.2831918585,0.30204724364578134
4.98967,3.63243,4.9802,1.21306,941.075,775.788,0.0,0.0,0.514,0.423723,0.0,1,0.021795416,1.5066347032,1.4670520474792026
6.47084,4.69781,6.47084,1.24227,903.446,727.254,0.0,0.0,0.4856,0.390897,0.0,0,0.007576139,0.6349493006,0.5849305691433702
11.08232,7.03865,11.08232,0.706119,2334.22,3305.7,0.0,0.0,0.7482,1.05959,0.0,1,0.0056256726,0.519424115,0.539159724822537
11.60551,5.69321,11.58639,0.756483,2453.14,3242.83,0.0,0.0,0.7332,0.969223,0.0,1,0.0068794311,0.6688119249,0.6375843865053965
11.98728,8.05488,11.98728,0.72084,2302.73,3194.5,0.0,0.0,0.7462,1.03518,0.0,1,0.0055130726,0.5269943043,0.5252203146727751
4.19377,3.55017,4.10153,1.43831,578.428,402.157,0.568123,0.394992,0.4896,0.340399,0.0,1,0.0063174387,0.5578337764,0.5140506017987228
5.67031,4.17239,5.67031,1.18787,1490.34,1254.63,0.0,0.0,0.5346,0.450049,0.0,0,0.007225721,0.6517833346999999,0.631643711126138
4.05397,3.78362,4.05397,2.49857,460.926,184.476,0.0,0.0,0.3628,0.145203,0.0,1,0.0016995675,0.1564038187,0.12446196791129571
6.43501,4.94371,6.43501,0.973544,2580.97,2651.11,0.0,0.0,0.724,0.743675,0.0,0,0.0027576179,0.2640101231,0.2752130600623528
5.90632,4.48545,5.90632,0.991222,2611.36,2634.48,0.0,0.0,0.7042,0.710436,0.0,0,0.0026463595,0.2578789929,0.24503358914625895
6.38762,4.90333,6.38762,0.985223,2558.92,2597.3,0.0,0.0,0.7104,0.721055,0.0,0,0.0028033133,0.269042577,0.2825951443921723
6.39792,4.91247,6.39792,0.989226,2580.25,2608.35,0.0,0.0,0.72,0.727842,0.0,0,0.0027337768,0.2723584735,0.2705229967345212
4.97412,3.92327,4.96359,1.11198,578.781,520.497,332.856,299.337,0.5476,0.492456,0.0,1,0.0070910155,0.5952280335,0.64339441625213
8.41883,6.8178,8.41883,0.985883,1722.07,1746.73,0.0,0.0,0.628,0.636992,0.0,0,0.0059663167,0.5288631321,0.5453046712248371
4.93159,3.98659,4.92634,1.07028,1453.04,1357.62,0.0,0.0,0.5542,0.517807,0.0,1,0.0151746037,1.279410817,1.2438292376207798
5.17871,3.9347,5.17066,1.30921,1037.24,792.266,0.0,0.0,0.5384,0.411242,0.0,1,0.0175054596,1.3027459034,1.2866053368165997
5.28754,3.98518,5.28525,1.29873,1052.26,810.224,0.0,0.0,0.5454,0.41995,0.0,1,0.0159923897,1.2171041009,1.1677497046313174
6.20454,3.65645,6.19551,1.18024,913.968,774.393,4.05812,3.43839,0.5244,0.444317,0.0,1,0.0037663332,0.3619782824,0.38600190441668153
7.58494,5.23607,7.09943,1.25981,2380.78,1889.8,0.0,0.0,0.6804,0.540084,0.0,1,0.0029737818,0.2954644831,0.2816252624319313
13.61666,6.49901,13.37179,0.543402,2314.06,4258.46,0.0,0.0,0.7794,1.4343,0.0,1,0.0060699725,0.5959358968,0.580845034560104
5.75057,4.00781,5.59048,1.13972,1487.51,1305.15,0.499128,0.437939,0.5544,0.486435,0.0,1,0.0056543687,0.5073443670000001,0.4952847031653351
6.05718,4.26017,6.04665,0.970091,1926.33,1985.72,0.0,0.0,0.5956,0.613963,0.0,1,0.0054844687,0.5206235008,0.5129547776079807
6.02545,4.0393,5.99647,0.986984,1894.92,1919.91,0.0,0.0,0.59,0.597781,0.0,1,0.0049056296,0.4746770458,0.4708893407993571
5.62194,5.11595,5.6016,1.12689,1067.74,947.506,0.0,0.0,0.5322,0.472273,0.0,1,0.0067925722,0.5960404247,0.5751126141727427
4.71415,3.88542,4.71415,1.78814,1095.1,612.422,0.0,0.0,0.4878,0.272797,0.0,1,0.0024333382,0.2275967937,0.23727858982781735
5.27207,3.57986,5.2523,1.48689,974.284,655.251,0.0,0.0,0.4998,0.336139,0.0,1,0.0128422065,0.9082661232,0.9070807173914642
5.25403,3.55446,5.25403,1.49143,984.672,660.22,0.0,0.0,0.4862,0.325996,0.0,1,0.0128480981,0.935368938,0.8940288774709915
5.2876,3.58603,5.2765,1.48195,986.779,665.865,0.0,0.0,0.491,0.33132,0.0,1,0.0123914994,0.9182420682,0.8690617783050096
6.50043,5.82364,6.50043,1.16086,1001.29,862.542,0.0,0.0,0.5192,0.447255,0.0,1,0.0040034185,0.3685069304,0.36943812913889557
9.52723,4.19884,9.52723,1.04193,2188.13,2100.07,0.0,0.0,0.7092,0.680658,0.0,1,0.0021355265,0.2210771068,0.20932689286289685
5.54329,4.14541,5.54329,1.48949,971.772,652.421,0.0,0.0,0.4996,0.335418,0.0,1,0.0044455682,0.3815056042,0.3602095414892831
10.50155,5.22557,10.50155,1.81291,2313.92,1276.36,0.0,0.0,0.6966,0.384245,0.0,1,0.000916075,0.0898234422,0.11735613371268472
6.38285,4.89652,6.37584,1.09177,1385.23,1268.79,0.0,0.0,0.5274,0.483068,0.0,1,0.0057708378,0.5235145681000001,0.4971806632030591
4.63469,3.96609,4.63178,0.913347,1885.16,2064.02,0.0,0.0,0.6022,0.659333,0.0,1,0.0076917749,0.7140729053,0.7185073238994595
4.89247,3.74563,4.89153,1.59304,659.951,414.272,0.0,0.0,0.4988,0.313112,0.0,1,0.0011484671,0.1127463074,0.10570838136285543
4.90739,3.75202,4.9029,1.59304,664.487,417.119,0.0,0.0,0.5,0.313865,0.0,1,0.001133881,0.1120407985,0.09819932494336614
5.43827,4.92439,5.43827,1.64151,456.158,277.889,0.0,0.0,0.4004,0.243921,0.0,1,0.0015181216,0.1328913185,0.12217956687768516
6.53351,5.26079,6.50691,1.20658,1362.71,1129.4,0.0,0.0,0.5562,0.460973,0.0,1,0.0072130322,0.6584540042,0.6234821537329585
11.21887,3.60068,11.21229,0.939946,1552.8,1652.01,0.0,0.0,0.65,0.691529,0.0,0,0.0025795099,0.2544898995,0.3152208765513289
4.99758,4.16066,4.97856,2.73182,2341.44,857.098,0.0,0.0,0.6236,0.228273,0.0,1,0.0005971152,0.0593726343,0.13944045073193145
4.31904,3.92279,4.31686,2.00589,798.722,398.188,0.0,0.0,0.4762,0.2374,0.0,1,0.0058546013,0.5109941407,0.4765158230782105
4.30909,3.88512,4.30289,2.07432,740.264,356.871,0.0,0.0,0.4854,0.234004,0.0,0,0.0058057252,0.5027764562,0.48357945359614063
5.16268,4.57333,5.16268,3.58491,368.423,102.77,1.6771,0.467821,0.3658,0.102039,0.0,1,0.0004864366,0.044757669,0.05175684039417083
5.19321,4.51034,5.19321,3.50049,366.788,104.782,3.53238,1.00911,0.3962,0.113184,0.0,1,0.000505359,0.0466789495,0.05198037857479809
5.26498,3.54235,5.26498,1.46293,1254.88,857.787,0.054983,0.0375841,0.5414,0.370079,0.0,1,0.0093346112,0.7733331974,0.7519999030610718
5.1988,3.52628,5.1988,1.34479,1175.14,873.846,0.0,0.0,0.5262,0.391287,0.0,1,0.0145820312,1.1222776051,1.2053780886252856
6.06928,4.27938,6.0515,1.59401,1653.86,1037.55,0.0,0.0,0.5994,0.376033,0.0,1,0.0022711295,0.2224648498,0.2033557609344503
4.8015,3.58209,4.8015,1.28128,258.644,201.864,172.457,134.598,0.4944,0.385866,0.0,0,0.0050588054,0.4312306153,0.46518663588357867
5.20547,3.53873,4.99626,1.38567,317.914,229.429,0.0,0.0,0.4078,0.294297,0.0,1,0.0036215243,0.2794102741,0.3048952810115276
10.39364,10.27787,10.39364,0.990795,1293.94,1305.96,0.0,0.0,0.603,0.608602,0.0,1,0.0025311747,0.2409041119,0.23962208116396855
4.83597,4.0538,4.82906,1.04226,1795.93,1723.11,0.0,0.0,0.619,0.593902,0.0,1,0.0073178514,0.6843167831999999,0.7224860787703304
12.14192,7.10734,11.60914,0.697914,2309.15,3308.64,0.0,0.0,0.7064,1.01216,0.0,1,0.0077723755,0.7306692903,0.7022641725382381
6.22689,3.75929,6.04304,1.41993,422.344,297.441,0.0,0.0,0.4098,0.288607,0.0,0,0.0024293393,0.206427708,0.16474124076434415
6.97244,5.06027,6.95895,1.05179,1573.15,1495.68,0.0,0.0,0.5538,0.52653,0.0,1,0.0050651346,0.4559341265,0.46129703667504746
6.25246,5.98089,6.23061,1.0194,1977.32,1939.7,0.0,0.0,0.6526,0.640183,0.0,1,0.0064149622,0.5870348755,0.6184578446531769
7.6173,5.59807,7.60335,1.3531,1646.54,1216.86,0.0,0.0,0.602,0.444903,0.0,1,0.0055775429,0.537045115,0.47649016817027445
7.75525,5.37339,7.72099,1.46024,1528.12,1046.49,0.0,0.0,0.5768,0.395004,0.0,1,0.0066022115,0.588921785,0.5404166984975581
5.23856,4.20025,5.23856,0.934994,2808.15,3003.39,0.0,0.0,0.672,0.718721,0.0,0,0.0084757331,0.8054563171,0.8616645693191465
5.05147,4.16271,5.05147,1.13092,540.779,478.177,0.321066,0.283899,0.472,0.41736,0.0,1,0.0046762849,0.3973096079,0.409871699146784
5.083,4.08701,5.083,1.12522,554.857,493.112,3.99845,3.5535,0.4816,0.428007,0.0,1,0.0045743803,0.3869579849,0.4223604442087137
9.88966,4.92572,9.88966,1.29557,1990.08,1536.07,0.0,0.0,0.6774,0.52286,0.0,1,0.0013823982,0.1261908064,0.15178320840077908
9.89689,4.84005,9.89689,1.30206,1987.71,1526.59,0.0,0.0,0.6598,0.506735,0.0,1,0.0013349364,0.1274000498,0.15013348750912403
6.98996,5.50834,6.97989,1.65051,1046.06,633.782,0.0,0.0,0.4498,0.272521,0.0,0,0.0024689264,0.2279207560999999,0.2604668068369965
7.22312,5.53705,7.21754,1.64475,1067.63,649.113,0.0,0.0,0.4574,0.278097,0.0,1,0.0024487862,0.2362839882,0.1982996598354937
7.29399,6.9774,7.2828,1.83817,548.504,298.397,9.18351,4.99601,0.453,0.246441,0.0,1,0.0008796635,0.0873153548,0.09222051026417288
7.31365,7.00422,7.30257,1.55565,545.263,350.505,9.24741,5.9444,0.4558,0.292997,0.0,1,0.001311763,0.1212662742,0.13400526215951536
5.7578,4.65199,5.7578,1.02515,3140.54,3063.5,0.0,0.0,0.6918,0.674829,0.0,0,0.0028761392,0.2816512598,0.2881278829722492
4.85053,4.15268,4.83508,1.33238,1171.73,879.427,0.0,0.0,0.5362,0.402437,0.0,0,0.0300109914,2.0459248832,1.775826369618406
6.53651,4.25527,6.53589,1.13006,897.316,794.041,0.0,0.0,0.4944,0.437498,0.0,0,0.0050911887,0.4761740206,0.45567944874955907
6.26762,4.30044,6.26762,1.44826,1375.59,949.827,0.0,0.0,0.529,0.365266,0.0,1,0.0027710921,0.2534130604,0.236379577300375
6.23242,4.28797,6.23242,1.46353,1355.07,925.895,0.0,0.0,0.5256,0.359132,0.0,1,0.0026070632,0.2496851696,0.22835174099897243
6.2609,4.2583,5.97896,1.47095,1347.56,916.116,0.0,0.0,0.5236,0.355961,0.0,1,0.0026172532,0.2496399687,0.22205023226321446
7.09051,6.95471,7.08404,1.0379,1177.89,1134.87,0.0,0.0,0.482,0.464398,0.0,1,0.0083484323,0.7297731051999999,0.7068432231741881
5.83028,3.92148,5.83028,1.25472,1762.89,1405.01,0.0,0.0,0.5742,0.457633,0.0,1,0.009824144,0.8481134449,0.8777135983145952
5.86454,4.0944,5.8642,1.28277,1638.51,1277.32,0.0,0.0,0.564,0.439672,0.0,1,0.011020153,0.9626772442,0.9171687854632055
4.76031,3.94678,4.76031,1.3892,1043.7,751.292,0.0,0.0,0.5312,0.382377,0.0,1,0.0137480777,1.0400186542,1.0602862346792488
14.38752,6.75209,13.57035,0.794229,1901.95,2394.72,0.0,0.0,0.7144,0.899489,0.0,1,0.0047917862,0.4735905685,0.4624321019631378
17.29009,12.6482,17.27598,0.96734,1415.77,1463.57,0.0532371,0.0550346,0.6946,0.718052,0.0,1,0.0014604439,0.141722119,0.15335994396246944
7.61968,5.81939,7.61968,0.929894,1834.94,1973.28,0.0,0.0,0.6418,0.690186,0.0,0,0.0064486442,0.6044520300999999,0.6005994617879183
6.38674,3.78902,6.38674,1.36238,822.472,603.704,0.0,0.0,0.4712,0.345866,0.0,1,0.0036069094,0.325195505,0.28363691820239556
6.35889,3.80128,6.35889,1.36336,826.663,606.343,0.0,0.0,0.4722,0.34635,0.0,1,0.0036425286,0.3293629477,0.28058110935301417
9.17407,6.81795,9.17407,1.04186,1636.71,1570.96,6.29699,6.044,0.6142,0.589525,0.0,1,0.0038517464,0.385628973,0.3838767976135349
8.13442,3.87575,8.10204,1.046,828.231,791.809,624.804,597.328,0.5872,0.561377,0.0,1,0.005357016,0.4957391203,0.5204871408696847
7.3154,5.12362,7.3154,1.77872,899.08,505.464,0.0,0.0,0.461,0.259175,0.0,0,0.0029471689,0.2636781035,0.28059915182110035
7.34058,5.07386,7.34058,1.77151,892.32,503.707,0.0,0.0,0.46,0.259666,0.0,0,0.002965983,0.2755796637,0.28216246801447775
7.32397,5.11399,7.32397,1.7716,886.883,500.612,0.0,0.0,0.461,0.260217,0.0,0,0.0028907267,0.2615499,0.2773500611750561
7.23942,4.91036,7.23942,1.7997,891.039,495.105,0.0,0.0,0.4576,0.254265,0.0,0,0.0032858222,0.2987010507,0.3315324929854174
7.31754,5.12695,7.31754,1.78125,881.099,494.651,0.0,0.0,0.4574,0.256786,0.0,0,0.0029571293,0.2703958337,0.2844391151608005
5.23992,4.30833,5.23699,1.25499,1442.74,1149.6,0.0,0.0,0.543,0.432672,0.0,1,0.0084377167,0.7392612128,0.740978579849182
5.27845,4.86254,5.27845,1.3895,794.839,572.034,0.0,0.0,0.4714,0.33926,0.0,1,0.0023902374,0.2121274007,0.22597685644831483
9.61717,7.1473,9.61717,0.879264,1566.05,1781.09,99.4285,113.081,0.6478,0.736752,0.0,1,0.005376707,0.5251738985000001,0.49275635007720964
9.75224,7.03631,9.74499,0.882485,1556.94,1764.27,99.8155,113.107,0.639,0.724092,0.0,1,0.0055957163,0.5234958101,0.5052025781597462
6.85522,4.84816,6.83832,0.971676,1685.5,1734.63,0.0,0.0,0.5992,0.616666,0.0,1,0.0059699996,0.5579515244,0.5600266553095001
6.48228,4.55814,6.48011,1.0623,1935.66,1822.14,0.0,0.0,0.6082,0.57253,0.0,1,0.0056803153,0.528730325,0.5370014924451818
15.61444,13.71841,15.61444,0.514247,2543.27,4945.62,0.0,0.0,0.7936,1.54323,0.0,1,0.0051507726,0.5008125245,0.4917934660777491
16.19567,14.7503,16.19567,0.506406,2424.91,4788.47,0.0,0.0,0.7912,1.56238,0.0,1,0.0055716457,0.5504137372,0.5222472500651754
5.27662,4.93416,5.27372,1.16508,1131.52,971.191,0.0,0.0,0.5138,0.440998,0.0,1,0.0057740295,0.5162854339,0.5328027531298649
5.52004,3.68761,5.13882,1.35428,964.882,712.469,2.40449,1.77548,0.5008,0.369791,0.0,1,0.0114818867,0.8345813969,0.8341204521410681
8.14869,7.69355,8.14119,0.987789,1275.19,1290.95,0.0,0.0,0.5856,0.592839,0.0,0,0.0048580093,0.4516915304,0.4318219414442928
8.28379,7.41139,8.23195,0.998413,1202.66,1204.57,0.0,0.0,0.5776,0.578518,0.0,0,0.0038354222,0.3765824397999999,0.35551715145581464
4.68805,3.52352,4.66923,1.59631,799.407,500.784,0.0,0.0,0.5144,0.322243,0.0,0,0.0092036052,0.7179745853,0.6950473940939864
5.90535,4.58324,5.82203,1.08467,916.631,845.08,0.0,0.0,0.4426,0.408051,0.0,1,0.0028590594,0.2777829693,0.2731287040619924
4.36737,3.44948,4.36567,1.89084,688.357,364.048,0.0,0.0,0.4706,0.248884,0.0,0,0.0058868328,0.5264380673,0.5522387190201342
18.94329,3.74567,18.94329,1.10475,1183.2,1071.01,0.0,0.0,0.647,0.585652,0.0,1,0.0014463759,0.1380549476999999,0.2147335381208917
4.69642,3.80022,4.68366,1.36629,635.393,465.049,0.0,0.0,0.4666,0.341508,0.0,1,0.0017583862,0.1678062504,0.15943719826639768
5.1448,3.57576,5.11859,3.8283,1063.95,277.916,0.0,0.0,0.4726,0.123449,5.22e-05,1,0.000740939,0.0719268674,0.07163938047327267
6.27152,3.95758,6.27152,1.38102,999.488,723.73,0.0,0.0,0.4722,0.34192,0.0,1,0.0037923457,0.3541285786,0.30614046040018233
10.99192,9.84925,10.99026,1.18883,1563.88,1315.47,0.0,0.0,0.6324,0.53195,0.0,1,0.0032553552,0.3304915704,0.31948371929765146
11.06598,9.80954,11.06598,1.1867,1573.29,1325.77,0.0,0.0,0.637,0.536783,0.0,1,0.0035456303,0.3375650228,0.3567618591941163
11.01144,9.80964,11.01144,1.18637,1561.55,1316.25,0.0,0.0,0.6378,0.537607,0.0,1,0.0032500127,0.3307444481,0.3220871191493293
11.15761,9.87899,11.15761,1.18127,1568.08,1327.45,0.0,0.0,0.6374,0.539589,0.0,1,0.0034102873,0.3327247298,0.3360280939843757
11.10045,9.86004,11.10045,1.1813,1571.58,1330.38,0.0,0.0,0.6394,0.541269,0.0,1,0.003424534,0.3309492434,0.33688117487241254
11.20025,9.92421,11.20025,1.17831,1553.45,1318.38,0.0,0.0,0.64,0.543152,0.0,1,0.003476178,0.3337540489,0.3426906049114062
11.20845,9.89743,11.20845,1.17889,1581.37,1341.4,0.0,0.0,0.6412,0.543901,0.0,1,0.0033176842,0.3330043198999999,0.32783379083478564
11.01399,9.78872,11.01003,1.18277,1548.2,1308.96,0.0,0.0,0.6322,0.534508,0.0,1,0.0030309708,0.3113013581,0.29641294496444454
11.01742,9.84741,11.01742,1.18828,1532.31,1289.52,0.0,0.0,0.6324,0.5322,0.0,1,0.0033319309,0.3306375983,0.3293431655388667
11.38797,10.70957,11.38797,1.17105,1531.31,1307.64,0.0,0.0,0.6356,0.542761,0.0,1,0.003424534,0.3424961379999999,0.3339790098322115
11.4975,10.81891,11.4975,1.16812,1568.04,1342.37,0.0,0.0,0.638,0.546177,0.0,1,0.0033443967,0.3336863773999999,0.3416290450395465
11.047,9.74411,11.047,1.19777,1578.73,1318.05,0.0,0.0,0.6514,0.543843,0.0,1,0.0034119721,0.3383363565999999,0.33520620938196205
11.06557,9.9584,11.06504,1.19415,1597.55,1337.81,0.0,0.0,0.6546,0.54817,0.0,1,0.0033941363,0.3486275635,0.3307871147583594
10.96072,9.79504,10.96072,1.20031,1612.87,1343.71,0.0,0.0,0.6478,0.539695,0.0,1,0.0035475235,0.3373446909,0.3534367086778055
11.0184,9.87166,11.0184,1.18797,1537.56,1294.27,0.0,0.0,0.6322,0.532166,0.0,1,0.0033568625,0.3264864862,0.33521834359641584
5.60667,4.32453,5.60667,1.2413,1001.47,806.796,0.0,0.0,0.493,0.397165,0.0,1,0.0027817949,0.2582707705,0.2577214864527187
4.82969,3.81832,4.82273,1.56913,1845.61,1176.2,0.0,0.0,0.5908,0.376513,0.0,1,0.004566333,0.4143967279,0.39037508800264026
5.14485,3.87668,5.14485,1.59025,1739.3,1093.73,0.0,0.0,0.5728,0.360194,0.0,1,0.004585042,0.4262311745,0.3719964350526395
4.69443,3.97759,4.69443,1.13804,1028.96,904.147,0.0,0.0,0.5206,0.457451,0.0,0,0.0059993643,0.5501280360999999,0.5770941860718686
5.583,3.66466,5.55273,1.2752,1155.67,906.265,0.0,0.0,0.5562,0.436166,0.0,1,0.0060965228,0.5268479615,0.5370658814596305
6.17141,3.90334,6.16279,1.0195,1425.23,1397.97,0.0,0.0,0.5534,0.542815,0.0,0,0.0045572718,0.4414655275,0.41784198744656253
5.60484,4.74964,5.60484,1.07243,1405.15,1310.25,0.0,0.0,0.5576,0.519939,0.0,1,0.0087749227,0.7124043123,0.7313068002149979
6.57194,5.24744,6.52017,1.04618,2076.22,1984.58,0.0,0.0,0.6344,0.606399,0.0,1,0.0046479191,0.4415498458,0.4541299128895177
22.4236,6.86083,22.4236,0.430914,1919.0,4453.33,0.0,0.0,0.8428,1.95584,0.0,1,0.0042267924,0.4129214245,0.4227029606790946
5.58117,3.74612,5.58117,1.23312,326.732,264.964,0.0,0.0,0.4264,0.34579,0.0,0,0.0006439535,0.0582777883,0.08921860648284874
7.40919,4.50215,7.40919,1.01071,1241.42,1228.26,0.0,0.0,0.5426,0.536848,0.0,0,0.0065285457,0.540147862,0.5798944948335837
15.32957,4.28733,15.14716,0.82417,1410.27,1711.14,0.0,0.0,0.6424,0.779451,0.0,0,0.0037187333,0.3295996819,0.35136808769450123
4.90891,3.62196,4.90891,1.35907,1386.6,1020.26,0.0,0.0,0.5556,0.40881,0.0,1,0.0080682119,0.7021053429,0.7479321581954387
7.15013,5.00794,7.15013,1.94765,848.423,435.613,0.0,0.0,0.4292,0.220368,0.0,0,0.003033424,0.267534346,0.28667326222766687
7.16272,5.01285,7.16272,1.93261,861.664,445.855,0.0,0.0,0.439,0.227154,0.0,0,0.0031391849,0.2745226277,0.2909721226435194
7.33926,6.28305,7.32227,0.91185,1922.64,2108.5,0.0,0.0,0.6474,0.709985,0.0,1,0.0043480961,0.4189954821,0.4299876728807735
5.14306,4.53772,5.14306,2.05503,811.697,394.98,0.0,0.0,0.4976,0.242137,0.0,1,0.0017839517,0.1607953077,0.16989411161493806
6.13135,4.37055,6.10622,0.966131,1917.87,1985.1,0.0,0.0,0.596,0.616894,0.0,1,0.0107293164,0.913335383,0.9399751129644967
6.38663,4.81205,6.34996,0.850503,2611.85,3070.95,0.0,0.0,0.6758,0.794589,0.0,1,0.006380075,0.6102633665999999,0.6413819447401836
10.78109,9.76034,10.78096,0.954298,1397.44,1464.37,0.0,0.0,0.6244,0.654303,0.0,1,0.0042966527,0.4294452546,0.406913999093238
4.79446,3.77144,4.77823,1.53468,1318.31,859.009,0.0,0.0,0.5006,0.326191,0.0,1,0.0115196652,0.9286514622,0.8644063336958436
6.57892,5.89807,6.49701,1.10785,2422.79,2186.93,0.0,0.0,0.699,0.630954,0.0,1,0.0051958783,0.4855868875,0.5053196662517218
12.51834,7.61249,12.51295,0.637007,2148.52,3372.84,0.0,0.0,0.739,1.16011,0.0,0,0.0050840677,0.490929138,0.4942546424570341
8.23736,6.10049,8.23736,1.05875,1568.61,1481.57,0.0,0.0,0.6114,0.577473,0.0,1,0.0058239836,0.5268585871,0.5110268749670743
8.0106,6.50203,7.98579,1.08206,1519.03,1403.83,0.0,0.0,0.6028,0.557085,0.0,1,0.0059697761,0.5426790985000001,0.5362936643971123
10.82391,6.6625,10.80154,0.808261,1985.69,2456.74,0.0,0.0,0.6988,0.864572,0.0,1,0.0049962268,0.4755572171,0.48574454623551633
6.64483,3.87362,6.64483,1.33823,656.021,490.215,0.0,0.0,0.462,0.345232,0.0,0,0.0066877297,0.4956440106,0.45381277787246305
7.32298,5.66775,7.31573,1.18063,2218.14,1878.78,0.0,0.0,0.6574,0.556822,0.0,1,0.0054266139,0.5145412988,0.5096147950638693
5.10165,4.15013,5.10165,1.44975,1410.84,973.163,0.0,0.0,0.5516,0.38048,0.0,1,0.0063373605,0.54437198,0.5309023860150142
7.44729,5.70388,7.44729,0.883784,2165.19,2449.91,57.8203,65.4236,0.6614,0.748373,0.0,1,0.0082929969,0.6866048954,0.6997287348643301
8.67819,7.37101,8.67819,0.808147,1895.46,2345.44,0.0,0.0,0.644,0.796885,0.0,1,0.0042200171,0.3992555304,0.40691567508770893
9.57077,7.08727,9.56435,0.806267,1675.18,2077.7,0.0,0.0,0.6472,0.802712,0.0,1,0.0029474208,0.2962039635,0.29403868707609254
13.21045,7.45311,13.20856,0.659951,2268.86,3437.92,0.0,0.0,0.7544,1.14311,0.0,0,0.0038448277,0.3788084768,0.3782594815132243
5.77631,3.79148,5.77631,1.4748,1923.58,1304.31,0.0,0.0,0.5954,0.403717,0.000135612,1,0.0058664216,0.5532939093,0.48775968769351297
5.33789,3.67614,4.8281,1.21787,366.738,301.132,43.558,35.7659,0.4728,0.38822,0.0,1,0.0050708453,0.4015301143,0.46611212506761607
4.46757,3.79797,4.46575,1.34004,1684.26,1256.87,0.0,0.0,0.5592,0.417301,0.0,0,0.012846324,1.0817973064,0.9989331542274892
5.8077,3.86323,5.63808,1.72243,1551.26,900.621,0.0,0.0,0.5892,0.342074,0.0,1,0.0015755263,0.1567352639,0.1315980074069052
4.95062,4.13329,4.94762,1.10605,938.168,848.212,43.6274,39.4442,0.5178,0.468151,0.0,0,0.0105246102,0.8871352562999999,0.8149054052665666
17.88791,6.52688,17.88791,0.635531,1938.63,3050.41,0.0,0.0,0.7634,1.2012,0.0,1,0.0059811743,0.5657948352000001,0.5738143597880474
5.28786,3.80654,5.2803,1.47108,725.981,493.502,0.0,0.0,0.4468,0.303722,0.0,1,0.0032286883,0.3020175914,0.24919418152497735
4.08788,3.51453,4.08434,2.15741,347.669,161.151,0.0,0.0,0.4,0.185408,0.0,1,0.0048784362,0.3644072173,0.3598397919183861
4.66467,3.81788,4.64797,2.25323,873.463,387.649,0.0,0.0,0.4358,0.193411,0.0,1,0.0050044603,0.4132384104,0.3702938775378619
6.91176,5.48765,6.90468,1.05966,2714.41,2561.59,0.0,0.0,0.7606,0.717779,0.0,1,0.0014487392,0.1418554998,0.16052893251159717
8.09572,7.27616,7.85826,1.05444,1387.54,1315.9,115.306,109.353,0.5816,0.551571,0.0,1,0.0065245081,0.5644277024000001,0.5741952284419386
6.83473,3.59668,6.83473,1.18846,813.826,684.776,8.77654,7.38483,0.5106,0.429633,0.0,0,0.0032433967,0.2963362479,0.30597837196178845
5.68037,4.76623,5.68037,2.51192,1254.16,499.284,0.0,0.0,0.5368,0.213701,0.0,1,0.0034813302,0.2966344246,0.2644166019260335
15.75075,11.00764,15.73688,0.361001,1774.59,4915.74,0.0,0.0,0.8214,2.27534,0.0,1,0.0040644384,0.3895871188,0.3869704344776167
6.75392,4.07419,6.69615,0.89776,1801.49,2006.65,0.0,0.0,0.591,0.658305,0.0,1,0.0048945727,0.4656514915999999,0.46520722125100405
7.7679,4.64075,7.76059,0.97417,2004.06,2057.19,0.0,0.0,0.6464,0.663539,0.0,1,0.0048050264,0.4787314309,0.46466870211556677
5.74302,5.27685,5.74302,1.21834,2265.85,1859.79,0.0,0.0,0.629,0.516277,0.0,1,0.0064106191,0.6092849623,0.6002061862033407
9.08968,8.2956,9.08968,0.720728,2297.66,3187.98,0.0,0.0,0.7352,1.02008,0.0,1,0.0050119795,0.4720446318999999,0.48151509404989457
5.29478,4.2566,5.29396,1.44591,1143.68,790.98,0.0,0.0,0.5108,0.353273,0.0,1,0.0271029998,1.5423244883000002,1.56306569369496
5.17179,3.98335,5.17179,1.18882,918.246,772.405,0.0,0.0,0.4884,0.410829,0.0,0,0.0062870461,0.5182931444,0.5570368864993679
6.29773,3.71971,6.29294,1.09675,1370.58,1249.67,0.0,0.0,0.5312,0.48434,0.0,1,0.0088615179,0.7740491297,0.7533608387043524
7.26398,5.93484,7.26398,0.928582,1704.47,1835.57,0.0,0.0,0.6226,0.670485,0.0,1,0.0061022744,0.5773013093,0.5720631510440732
13.36908,6.74856,13.36908,0.867921,2110.92,2432.16,0.0,0.0,0.7182,0.827495,0.0,1,0.008296127,0.6573488838,0.7159136527377706
5.11712,3.55603,5.11324,2.35598,595.818,252.896,0.0,0.0,0.4426,0.187862,0.0,1,0.0011007765,0.1010162169999999,0.08034442753341098
10.27364,5.56329,10.24469,1.27911,1762.02,1377.54,0.0,0.0,0.6464,0.505353,0.0,0,0.0021787278,0.2225383826,0.20564603785882607
10.05627,4.99033,10.05627,1.27605,1802.46,1412.53,0.0,0.0,0.6588,0.51628,0.0,0,0.0026484214,0.258097647,0.24240560639609826
5.38943,3.83465,5.38943,1.71242,444.245,259.426,0.0,0.0,0.4352,0.254144,0.0,1,0.0008465379,0.0793412499,0.07610823856032278
5.3891,3.9099,5.3891,1.74433,460.911,264.234,0.0,0.0,0.4348,0.249265,0.0,1,0.0008187561,0.0782308939,0.06911035260344
7.57658,5.24596,7.57658,1.02746,1360.51,1324.14,0.363733,0.354011,0.5524,0.537636,0.0,1,0.0059749254,0.545847813,0.5185897827267871
10.30601,6.64118,10.28692,0.805914,2114.88,2624.2,0.0,0.0,0.7002,0.868827,0.0,1,0.0040880083,0.3812737528,0.3988739636660218
5.2733,3.44165,5.13632,1.92322,520.432,270.604,0.0,0.0,0.4068,0.21152,0.0,1,0.0100613263,0.5622803394,0.6493168066165002
10.94579,5.16973,10.93074,0.864094,1771.17,2049.74,0.852229,0.986269,0.6286,0.727467,0.0,1,0.0074674134,0.6193494666,0.6267239877439273
6.42465,5.40382,6.41795,0.966783,2295.27,2374.13,0.0,0.0,0.6476,0.669851,0.0,1,0.0049196586,0.4877501146,0.47268493298116754
9.30565,6.85906,9.27959,0.706361,2166.56,3067.21,0.0,0.0,0.6788,0.960982,0.0,1,0.0052288979,0.5172470967,0.5225757299162367
6.83841,4.27158,6.82898,1.16057,1697.89,1462.98,0.0,0.0,0.622,0.535943,0.0,1,0.0059378516,0.541705278,0.5281402274011935
6.31369,5.23329,6.31062,1.05952,1841.47,1738.01,0.0,0.0,0.633,0.597438,0.0,1,0.0074334238,0.6930692303,0.6812953725232392
6.40577,5.56715,6.25288,1.14819,702.645,611.957,670.065,583.581,0.5642,0.49138,0.0,1,0.0063926828,0.5680958429999999,0.5849010839514646
6.39416,5.57332,6.29797,1.14467,684.064,597.606,672.069,587.128,0.5646,0.493241,0.0,1,0.0062511981,0.5664111033,0.5631890280918815
6.36601,5.5234,6.1979,1.16657,696.584,597.122,678.849,581.92,0.5602,0.480212,0.0,1,0.00651845,0.5721168534000001,0.5980261631344638
12.74838,4.90662,12.74647,0.732143,1873.63,2559.11,0.0,0.0,0.6698,0.914849,0.0,0,0.0092150635,0.8019658603,0.7883094562272073
12.86913,4.98724,12.65799,0.728838,1735.49,2381.17,147.1,201.828,0.6744,0.925308,0.0,0,0.0094052463,0.8143189408,0.7392636295925378
12.74626,5.01226,12.74368,0.72706,1886.16,2594.23,0.0,0.0,0.6866,0.944351,0.0,0,0.0089456378,0.8076414096,0.7585991298370293
13.05445,5.12975,13.05445,0.705732,1930.45,2735.39,0.0,0.0,0.696,0.986211,0.0,0,0.0086885387,0.747430928,0.7591365584648999
12.37219,5.304,12.36122,0.722154,1902.53,2634.52,0.0,0.0,0.6808,0.942735,0.0,0,0.009417573,0.8189432016,0.7904922217901162
12.50276,5.7361,12.50276,0.712849,1639.29,2299.63,251.853,353.304,0.6904,0.968508,0.0,0,0.0094404654,0.8108727571,0.757383912527005
7.74875,6.13477,7.74875,1.18661,1504.44,1267.85,0.0,0.0,0.5684,0.479013,0.0,1,0.0037419277,0.3583477753,0.34699535635441214
7.42765,5.89687,7.42765,1.85675,752.998,405.546,104.015,56.0201,0.501,0.269826,0.0,1,0.0022417538,0.2037379391,0.2302581116872126
4.99697,4.10291,4.99697,1.2735,911.527,715.766,0.0,0.0,0.5088,0.399529,0.0,1,0.0165888478,1.1511479083,1.1897374211315128
4.81496,3.82583,4.65063,1.13347,1702.63,1502.14,0.0,0.0,0.5906,0.521054,0.0,1,0.0100390993,0.911643067,0.9248109599750981
5.49382,4.32281,5.47087,1.02346,1865.76,1823.0,0.0,0.0,0.633,0.618491,0.0,1,0.006684443,0.6334773925,0.6304960672178583
5.27906,4.62985,5.27848,1.04928,1875.68,1787.59,0.0,0.0,0.62,0.590882,0.0,1,0.0074816574,0.6922543433,0.7281278116127793
5.10607,4.02699,5.08197,1.11842,1698.05,1518.26,0.0,0.0,0.5914,0.528783,0.0,1,0.0076806156,0.7135242187,0.7393944223019163
7.14061,4.94756,7.14061,1.20532,1458.34,1209.92,0.0,0.0,0.5588,0.463613,0.0,1,0.0090049312,0.819904683,0.7161317441780617
5.28866,4.84747,5.2531,1.29946,1308.25,1006.77,0.0,0.0,0.533,0.410171,0.0,1,0.0111499493,0.8911669520000001,0.9117464808800636
5.52911,4.43587,5.49964,1.29684,1347.35,1038.95,0.0,0.0,0.5314,0.409766,0.0,1,0.0088121904,0.7355125543000001,0.7415557134347871
4.88781,3.95017,4.78327,1.29203,1761.41,1363.29,0.0,0.0,0.6026,0.466399,0.0,1,0.006972361,0.6369412865999999,0.6606922847443891
4.89671,3.9272,4.87864,1.32887,1753.02,1319.17,0.0,0.0,0.599,0.450758,0.0,1,0.0069612274,0.6496066803,0.66151600794575
8.49333,5.93464,8.49333,1.13024,2517.32,2227.25,0.0,0.0,0.7308,0.646591,0.0,1,0.0026856042,0.2560924033,0.26370650642957305
7.38705,6.71212,7.38296,0.935187,2320.11,2480.9,0.0,0.0,0.6728,0.719428,0.0,1,0.0039581585,0.4112697342,0.3928052229054241
6.67772,5.77243,6.67772,1.37946,1565.15,1134.61,0.0,0.0,0.5916,0.428865,0.0,1,0.0052134786,0.4767693245,0.48064636660730325
7.27418,6.60927,7.27418,1.47237,1426.73,969.005,0.0,0.0,0.5734,0.38944,0.0,1,0.0040158765,0.3977925052,0.34683011723741153
7.00326,4.86289,7.00219,1.1818,1642.93,1390.19,0.0,0.0,0.5612,0.474868,0.0,1,0.0071823193,0.6543158052,0.6291755623345567
7.77112,5.22128,7.77112,1.02459,1747.86,1705.92,54.8522,53.5358,0.6324,0.617222,0.0,1,0.0069366805,0.6160457134,0.5776148558839365
4.91604,3.64149,4.71388,1.41984,853.074,600.823,0.0,0.0,0.4516,0.318063,0.0,1,0.0131842554,0.938220416,0.9534144684057034
5.2622,3.52522,5.24789,1.1695,1542.33,1318.79,0.0,0.0,0.5992,0.512354,0.0,0,0.0092249404,0.7988885364,0.8494059015831326
15.26982,4.36349,15.26982,1.00336,1238.94,1234.78,0.0,0.0,0.5456,0.543771,0.0,0,0.0040709863,0.3372157837,0.3742031334610741
3.75555,3.44484,3.75041,1.857,465.817,250.843,0.0,0.0,0.5076,0.273344,0.0,1,0.0002957774,0.0280772758999999,0.17192949574619376
8.38907,7.72449,8.38907,1.20127,2069.83,1723.03,0.0,0.0,0.6742,0.561239,0.0,0,0.0037971898,0.352986575,0.35706816918261974
6.13469,4.34629,6.1328,1.17934,2824.52,2395.0,0.0,0.0,0.6914,0.58626,0.0,1,0.0027659715,0.2856359127,0.2662355491855969
4.98066,4.11701,4.97309,1.72073,1391.23,808.509,0.0,0.0,0.5092,0.29592,0.0,0,0.0040912383,0.3945392003,0.4008281551678323
4.48925,3.88031,4.48925,1.58556,679.109,428.309,0.0,0.0,0.4966,0.313202,0.0,1,0.0011645887,0.1161993857,0.1371995359871826
4.66583,3.98613,4.66523,1.50136,697.933,464.867,0.0,0.0,0.541,0.360339,0.0,1,0.0009120685,0.0893313754,0.13027579800072686
4.69194,4.00507,4.69151,1.56242,721.999,462.102,0.0,0.0,0.5042,0.322704,0.0,1,0.0012977832,0.1206650497,0.1267528839596137
5.00396,3.88434,5.00066,1.56799,698.006,445.161,0.0,0.0,0.506,0.322707,0.0,1,0.0011768717,0.1148647533,0.11056891958427062
15.30437,8.24294,15.30437,0.552463,2030.06,3674.57,0.0,0.0,0.7882,1.4267,0.0,1,0.0101132141,0.8264328545,0.843384705882764
13.51443,6.53331,13.51443,0.653619,2236.32,3421.44,0.0,0.0,0.7516,1.1499,0.0,1,0.0076719426,0.671153283,0.6967456335187199
6.50752,5.08332,6.49522,1.09349,2330.32,2131.09,0.0,0.0,0.645,0.589856,0.0,1,0.004752741,0.4522155546999999,0.470299803493471
4.62596,4.14329,4.62016,1.44887,799.885,552.077,0.0,0.0,0.4668,0.322183,0.0,0,0.0078003749,0.657382954,0.6274857894473488
7.01725,4.86799,6.99499,1.23133,2027.11,1646.27,0.0,0.0,0.6304,0.511965,0.0,1,0.0068160657,0.6163263613000001,0.6076212691543865
5.32037,4.37982,5.15985,1.2211,1121.65,918.554,0.0,0.0,0.4968,0.406845,0.0,0,0.0046390993,0.4325033874,0.4624476218631623
10.82294,9.52295,10.82294,1.0693,1503.49,1406.04,81.7206,76.4241,0.6418,0.600203,0.0,1,0.0037311656,0.3642039386999999,0.362376246369539
21.8367,11.13953,21.8367,0.43704,1909.12,4368.3,0.0,0.0,0.8068,1.84605,0.0,1,0.0043987587,0.4350562296,0.42971924869548067
13.8531,8.72821,13.84085,0.762381,2268.77,2975.9,0.0,0.0,0.7444,0.976415,0.0,1,0.0059861205,0.5535831543999999,0.5661156838311896
8.35947,4.46891,5.6634,1.04829,1752.03,1671.32,0.0,0.0,0.5968,0.569309,0.0,1,0.0061517723,0.5389561018,0.5478538042604373
10.22208,8.47748,10.22208,0.840267,2115.15,2517.24,0.0,0.0,0.7808,0.929228,0.0,1,0.001600044,0.1584022045,0.1585285600902413
11.04017,10.09881,11.0096,0.804882,1997.85,2482.17,0.0,0.0,0.781,0.970328,0.0,1,0.0017263496,0.173736405,0.17749156331975968
11.13693,10.31061,11.1274,0.748964,1958.48,2614.92,0.0,0.0,0.808,1.07882,0.0,1,0.0017439233,0.1754762611,0.1950656605304084
7.10977,4.83707,7.10977,1.05149,1683.85,1601.39,0.0,0.0,0.578,0.549695,0.0,1,0.0087684203,0.7671035701000001,0.7583510576955166
4.48241,3.82945,4.48241,1.26627,817.741,645.786,0.0,0.0,0.4948,0.390753,0.0,1,0.0169686527,1.2571499964,1.2093910078333443
10.05429,4.94116,10.05429,0.926612,2320.72,2504.52,0.0,0.0,0.6828,0.736878,0.0,1,0.0067936992,0.6266149205,0.6234501620266623
5.87388,4.8832,5.87388,1.09727,2738.31,2495.57,0.0,0.0,0.732,0.667111,0.0,1,0.001765298,0.1713382967,0.17898871453339416
6.7326,6.29437,6.73188,1.53602,1420.36,924.703,0.0,0.0,0.5822,0.379031,0.0,0,0.0039824061,0.3720201906,0.35293776374658314
8.43825,7.66991,8.43825,0.899517,1548.12,1721.06,0.0,0.0,0.606,0.673695,0.0,0,0.0036664527,0.3487003465,0.3587348825402803
3.77854,3.49065,3.77854,2.38895,513.1,214.781,0.0,0.0,0.4702,0.196823,0.0,1,0.0082556154,0.6835614653000001,0.5874925062347991
4.43208,3.98772,4.43094,2.2011,1075.88,488.794,0.0,0.0,0.5356,0.243333,0.0,1,0.0004016984,0.042610838,0.13488681423583093
6.06535,4.45301,6.06535,1.35673,1212.79,893.908,0.0,0.0,0.533,0.392855,0.0,1,0.0058615326,0.5245080139,0.48881355296046375
6.88683,6.50841,6.88683,1.28067,1607.28,1255.03,0.0,0.0,0.5652,0.441333,0.0,0,0.007539774,0.6941706216,0.6677365603926849
6.94207,6.59487,6.94207,1.57026,1544.58,983.644,0.0,0.0,0.5696,0.362742,0.0,0,0.0053974496,0.4965558777,0.46955296762335874
6.93182,6.57314,6.93182,1.58977,1549.61,974.742,0.0,0.0,0.5672,0.356782,0.0,0,0.0053339844,0.4950647677,0.4781879861659568
6.87869,6.48693,6.87869,1.63046,1549.18,950.153,0.0,0.0,0.5698,0.349473,0.0,0,0.0054368254,0.5113453898,0.48901084473000495
6.86565,6.50199,6.86565,1.63118,1543.92,946.504,0.0,0.0,0.5648,0.346252,0.0,0,0.0052606062,0.5090823646,0.4857957319063799
6.84748,6.45021,6.84748,1.66996,1548.02,926.977,0.0,0.0,0.5682,0.340247,0.0,0,0.0067169315,0.6214559127,0.5869034390505485
4.97897,3.76472,4.96668,2.4043,872.519,362.9,0.0,0.0,0.4822,0.200558,0.0,1,0.0036271746,0.3107338326,0.28160269836735463
9.32038,5.88413,9.23158,1.53681,2188.0,1423.72,0.0,0.0,0.709,0.461344,0.0,1,0.0020436268,0.2099366599,0.1919949605929694
15.10116,7.95608,15.10116,0.589497,2232.85,3787.72,0.0,0.0,0.8124,1.37812,0.0,0,0.0033604763,0.3185664606,0.35723412072580574
15.1002,7.9585,15.1002,0.589907,2229.21,3778.92,0.0,0.0,0.8122,1.37683,0.0,0,0.003157549,0.32004783,0.3250262136052353
15.0923,7.9386,15.0599,0.589907,2234.12,3787.24,0.0,0.0,0.812,1.37649,0.0,0,0.0031950906,0.3197058974,0.34542088748597877
15.06244,7.93691,15.06244,0.591684,2230.24,3769.3,0.0,0.0,0.803,1.35714,0.0,0,0.0032590127,0.3241439178,0.3485604867580404
15.0745,7.93652,15.0745,0.590588,2230.11,3776.08,0.0,0.0,0.8028,1.35932,0.0,0,0.003551228,0.3227071924,0.3783645062367228
15.0805,7.93827,15.0805,0.589428,2230.89,3784.84,0.0,0.0,0.8032,1.36268,0.0,0,0.0031737832,0.3219563614,0.34516683169055873
15.09972,7.93483,15.09787,0.58881,2231.62,3790.06,0.0,0.0,0.8032,1.36411,0.0,0,0.00323872,0.319955498,0.3485604867580404
10.27348,3.66364,10.27348,1.54552,1337.51,865.414,0.0,0.0,0.5444,0.352244,0.0,1,0.0038760225,0.3656433077,0.3367732063650292
10.46029,3.75562,10.46029,1.55256,1336.79,861.022,0.0,0.0,0.5416,0.348844,0.0,0,0.0040109309,0.370344347,0.34721416185368015
12.82983,5.12034,12.75758,0.7175,1929.2,2688.78,0.0,0.0,0.678,0.944947,0.0,0,0.0090389682,0.8226464843000001,0.7581532671843819
6.45802,4.57521,6.44061,1.03521,1472.0,1421.94,0.0,0.0,0.5658,0.546558,0.0,0,0.0079116973,0.7017035068,0.7158734286004529
4.94973,3.64755,4.74405,1.28266,1115.13,869.385,0.0,0.0,0.5616,0.43784,0.0,1,0.0014822976,0.1438537358,0.24828738954179536
6.24874,4.05552,6.23411,0.996458,1522.19,1527.6,0.0,0.0,0.5832,0.585273,0.0,0,0.0065685596,0.6026182192,0.620524512637958
9.34691,6.36719,9.34691,1.04439,1784.83,1708.97,0.0,0.0,0.6322,0.605329,0.0,1,0.0042561755,0.4107042393,0.4164107870849745
9.81867,4.43769,9.81443,0.838672,2179.96,2599.3,0.0,0.0,0.7164,0.854207,0.0,1,0.0072910477,0.6356526483,0.6793778689340518
9.36969,4.36946,9.36969,0.882661,2218.78,2513.74,0.0,0.0,0.708,0.80212,0.0,1,0.006873039,0.6110628105,0.6358221130285409
5.88356,3.55877,5.88356,1.50111,282.937,188.485,487.845,324.99,0.4798,0.31963,0.0,1,0.0068867272,0.5340493284000001,0.5938649052149166
10.08545,7.23049,10.05263,0.936646,2086.42,2227.54,0.0,0.0,0.727,0.776173,0.0,1,0.0017838707,0.1800511762,0.1931229151577949
5.17343,4.21878,5.16848,1.58915,678.436,426.917,0.0,0.0,0.4584,0.288456,0.0,1,0.0087798078,0.6103360049000001,0.6043845956705829
5.14094,4.21977,5.13595,1.60723,671.365,417.716,0.0,0.0,0.4556,0.28347,0.0,1,0.0085293604,0.5990634678,0.5873250544304633
6.91296,3.51033,6.91296,1.15045,885.224,769.461,0.0,0.0,0.496,0.431137,0.0,1,0.0052294515,0.450064498,0.5283474898796858
8.11845,6.60905,8.11698,0.914085,1985.25,2171.84,0.0,0.0,0.6552,0.716782,0.0,1,0.0044141608,0.4219383892,0.43099213981795204
4.53355,3.90286,4.53355,2.19304,289.105,131.828,0.0,0.0,0.4438,0.202367,0.0,0,0.0041922729,0.2804794378,0.32581948213661277
4.38053,3.59011,4.38053,1.51154,471.927,312.216,0.0,0.0,0.4872,0.32232,0.0,1,0.0178296219,1.2742500685,1.1931062056340076
5.18429,3.8135,5.15632,1.17196,1806.33,1541.29,0.0,0.0,0.5938,0.506672,0.0,1,0.0095407085,0.8294584356999999,0.8815143630527982
24.94881,9.11981,13.96328,0.407171,1936.47,4755.92,0.0,0.0,0.8288,2.03551,0.0,1,0.0050734385,0.4981801990999999,0.4846123395540018
6.30676,4.81909,6.30369,1.04776,2668.26,2546.63,0.0,0.0,0.7428,0.70894,0.0,1,0.0016100099,0.1525062441,0.15069832548459294
5.15076,4.65327,5.14771,1.13486,3020.72,2661.76,0.0,0.0,0.7162,0.631093,0.0,1,0.0017788013,0.1736051646999999,0.25579986648095265
11.60038,10.84699,11.60038,1.19087,1547.76,1299.69,0.0,0.0,0.637,0.534904,0.0,1,0.0034012706,0.3437869507,0.33648665481891754
5.90205,5.05463,5.89889,1.44105,1311.25,909.93,0.0,0.0,0.5386,0.373756,0.0,1,0.0089376002,0.7479990601000001,0.6694843990091649
9.52458,5.89518,9.49645,0.725604,2342.81,3228.77,0.0,0.0,0.6884,0.948726,0.0,1,0.0054078218,0.513064216,0.531428956361132
7.75367,5.31169,7.43322,1.04806,1544.2,1473.39,0.0,0.0,0.5926,0.565427,0.0,1,0.0041502981,0.4079330679999999,0.3804860373981041
5.28106,3.76828,5.22671,1.49221,559.092,374.674,165.129,110.661,0.47,0.314969,0.0,0,0.0034358798,0.3073522072,0.3655468873043664
9.03703,6.62918,8.94738,0.968421,1920.56,1983.18,0.0,0.0,0.6764,0.698457,0.0,1,0.0048995576,0.4413028821999999,0.4658582905554119
11.49386,10.72802,11.47361,1.31034,1534.89,1171.37,0.0,0.0,0.6288,0.479875,0.0,1,0.0031774173,0.3117985618,0.3205064824438562
5.52925,4.85253,5.5277,0.807375,2409.06,2983.81,0.0,0.0,0.6688,0.828364,0.0,1,0.0065646896,0.6310869093,0.6571461651063282
8.74289,7.28376,8.74289,0.770513,1869.68,2426.54,0.0,0.0,0.6812,0.884086,0.0,1,0.0036095414,0.3613955006,0.36254809844388297
9.63173,5.48027,9.50266,0.666563,1780.56,2671.25,394.567,591.942,0.7036,1.05556,0.0,0,0.0051775712,0.4944192007,0.498553625920664
8.60977,8.56919,8.60977,1.61724,1284.5,794.25,0.0,0.0,0.6168,0.38139,0.0,1,0.000493492,0.0494467465,0.08806280246237363
7.09435,6.39708,7.09435,1.10433,2376.79,2152.25,0.0,0.0,0.6948,0.62916,0.0,1,0.0023646629,0.2317527919,0.24791940967331877
11.06769,10.6456,11.06769,1.31092,1583.35,1207.82,0.0,0.0,0.6774,0.516738,0.0,1,0.0029709256,0.2772469338,0.28974345304942
17.65528,16.43472,17.65528,1.06966,1485.27,1388.55,0.0,0.0,0.7452,0.696673,0.0,1,0.0032368417,0.3139283535,0.30087254583645334
17.65528,16.43472,17.65528,1.06966,1482.59,1386.05,0.0,0.0,0.7454,0.69686,0.0,1,0.0032445748,0.317442481,0.30087254583645334
17.89295,17.20825,17.88663,1.0366,1281.21,1235.97,0.0,0.0,0.718,0.692649,0.0,0,0.002839961,0.2502137768,0.26483301744199317
18.31927,17.55519,18.31927,0.940384,1367.76,1454.47,0.0,0.0,0.7778,0.827109,0.0,1,0.0034362732,0.3100999913,0.3105869139299843
5.71097,4.52955,5.6806,2.00382,1507.28,752.202,0.0,0.0,0.5374,0.268188,0.0,1,0.0144887397,1.1291059944,1.0895500353292866
12.81022,4.05785,12.67653,0.771367,2135.54,2768.51,0.0,0.0,0.6982,0.905146,0.0,1,0.0074788613,0.6788490964,0.6774235160918387
20.18098,6.8654,20.18098,0.883011,1005.98,1139.26,176.505,199.889,0.6154,0.696933,0.0,1,0.0137574618,0.9074381238,0.8309423001061039
5.76478,3.88293,5.76079,0.975082,1366.72,1401.64,0.0,0.0,0.5706,0.585182,0.0,1,0.0119216107,1.0450327505,0.9136972962692306
5.91307,3.93225,5.91307,0.947393,1555.93,1642.33,0.0,0.0,0.5826,0.614951,0.0,1,0.0112926249,0.990083851,0.9467259687079828
9.99333,8.10197,9.99333,0.81142,1805.64,2225.28,0.0,0.0,0.6764,0.833601,0.0,1,0.0040279797,0.3957037089999999,0.37956542525348635
4.43687,3.53475,4.41654,1.7513,543.427,310.299,0.0,0.0,0.4316,0.246445,0.0,1,0.0083492377,0.6363803128,0.594995610496292
9.4187,3.8157,9.4187,1.15388,1572.68,1362.95,0.0,0.0,0.5946,0.515306,0.0,1,0.0105596855,0.8139291184999999,0.8833908405101606
6.97561,3.5531,6.28921,2.99567,1378.54,460.178,5.73766,1.91532,0.5416,0.180795,0.0,1,0.0005961709,0.0599348554,0.0978895683878559
5.73576,4.86589,5.73576,1.67394,1567.04,936.138,0.0,0.0,0.5778,0.345174,0.0,1,0.0021738271,0.2092463385,0.18415168701488738
9.49015,4.11988,9.48875,1.0718,2134.49,1991.5,0.0,0.0,0.699,0.652175,0.0,1,0.0021542881,0.2117945543,0.22427223451316652
9.5213,4.16248,9.5213,1.04525,2148.73,2055.7,0.0,0.0,0.7006,0.670268,0.0,1,0.0021296182,0.2153422873999999,0.21070104847224624
9.51379,4.14819,9.5125,1.05388,2143.29,2033.7,0.0,0.0,0.7,0.66421,0.0,1,0.0020781528,0.2159900246999999,0.20446982851900153
5.67349,3.43363,5.66285,1.39295,953.777,684.72,0.0,0.0,0.529,0.379771,0.0,1,0.0030656494,0.2862933839,0.284933876909488
4.88856,4.07448,4.86623,1.80949,1151.84,636.557,0.0,0.0,0.5686,0.314232,0.0,0,0.0093107968,0.8072138946999999,0.7145099642325866
6.90304,3.45469,6.90294,3.02612,1351.11,446.482,2.10866,0.696819,0.5404,0.178579,0.0,1,0.000639167,0.0628935812,0.12197600268092823
6.92017,3.56103,6.91993,3.0017,1355.71,451.646,4.12818,1.37528,0.5278,0.175834,0.0,1,0.0007831056,0.0739555539,0.10236638389180008
9.48211,4.09783,9.48211,1.10251,2123.81,1926.34,0.0,0.0,0.703,0.637636,0.0,1,0.0021297612,0.210900838,0.2360260295873437
5.90138,4.68963,5.90138,1.54375,1825.0,1182.18,0.0,0.0,0.5888,0.381408,0.0,1,0.0034117932,0.3257925828,0.3056431154416619
4.46919,3.89223,4.46919,1.80004,671.763,373.194,1.29095,0.717177,0.4414,0.245217,0.0,1,0.0059350791,0.471548284,0.4785754438658405
6.16997,4.49229,6.14357,1.15777,1073.38,927.108,0.0,0.0,0.4856,0.419428,0.0,0,0.007628795,0.6697127287,0.6355563830790081
5.56488,4.14994,5.56158,1.64984,557.624,337.986,0.0,0.0,0.3922,0.23772,0.0,0,0.0186297223,0.8451846318999999,0.995533509792413
5.12552,3.77339,4.88815,1.54716,456.013,294.742,0.0,0.0,0.3458,0.223506,0.0,0,0.0278924801,1.0236344595,1.1702440759942725
5.78145,3.73909,5.7809,1.26392,1211.1,958.208,0.0,0.0,0.5322,0.421072,0.0,0,0.0067261513,0.5766142093,0.5786277771004934
5.51731,3.61848,5.51731,1.29733,1177.02,907.264,0.0,0.0,0.5102,0.393268,0.0,0,0.0087067138,0.7073934101,0.7465529275382309
4.98366,4.55513,4.98366,1.07707,1107.59,1028.34,0.0,0.0,0.5242,0.486692,0.0,0,0.014304375,1.1132644433,1.1421016481788273
5.55777,4.9763,5.55645,1.04913,1135.92,1082.72,0.164681,0.156969,0.531,0.506133,0.0,1,0.0048001923,0.4624032286999999,0.4424747955066181
4.91078,3.67872,4.91078,1.2863,552.942,429.872,0.0,0.0,0.425,0.330406,0.0,0,0.0093542189,0.6688508819,0.6611558933528534
4.87208,3.58717,4.87208,1.2994,528.572,406.782,0.0,0.0,0.416,0.320148,0.0,0,0.0092261263,0.6631853825999999,0.6646183661004736
18.48324,9.41931,18.48324,0.536397,1957.94,3650.16,0.0,0.0,0.8154,1.52014,0.0,1,0.0042618756,0.4116662143,0.4200482132480526
9.96385,4.33568,9.96385,0.897942,1931.52,2151.05,198.042,220.551,0.6648,0.74036,0.0,1,0.0054659828,0.5056772777,0.5129887116329277
12.80393,5.86346,12.80393,0.732254,1996.94,2727.12,0.0,0.0,0.725,0.990093,0.0,1,0.0037631525,0.3763597801,0.37418622137225327
5.32747,3.70757,5.32747,1.44986,1251.71,863.334,0.0,0.0,0.5234,0.361001,0.0,0,0.0088692708,0.7422651726,0.7318368495331052
8.59986,6.07561,8.59986,1.33584,1720.59,1288.03,0.0,0.0,0.6236,0.466823,0.0,0,0.0022889786,0.23129349,0.22807313975141058
9.16234,8.82724,9.16234,0.554774,2252.81,4060.77,0.0,0.0,0.8042,1.4496,0.0,0,0.00191716,0.2008132876,0.22243799125011404
5.98787,3.62357,5.98787,1.13373,1270.63,1120.75,0.0,0.0,0.5214,0.459897,0.0,0,0.0077347882,0.6781310669,0.7108313346157621
5.32501,4.24984,5.32501,0.914869,1495.24,1634.38,0.0,0.0,0.582,0.636157,0.0,0,0.0084894772,0.7681297153,0.7850858861286405
7.20254,4.1628,7.20254,0.886931,1974.54,2226.26,0.0,0.0,0.6382,0.71956,0.0,1,0.0072070865,0.6761742458,0.6584678997301744
7.36237,3.74541,7.3233,1.05285,1772.71,1683.72,0.106276,0.100941,0.6258,0.594384,0.0,1,0.0088240198,0.7882155906999999,0.7303686802035615
6.01025,4.24331,5.99992,1.01002,1613.71,1597.7,0.0,0.0,0.5946,0.588704,0.0,1,0.0098255565,0.8401237995999999,0.9045762819338129
5.86756,4.66068,5.8615,1.85218,2577.81,1391.77,0.0,0.0,0.691,0.373074,0.0,0,0.0007661338,0.0755892386,0.14737948425991776
5.91163,5.00426,5.91034,1.15595,1292.96,1118.53,0.0,0.0,0.5702,0.493275,0.0,0,0.0095590597,0.7658581134,0.8104633161608191
4.29529,3.65537,4.29474,1.45498,707.948,486.568,0.0,0.0,0.4962,0.341035,0.0,0,0.0026024137,0.2426077286,0.27337573291844464
5.03218,4.49412,5.03218,0.873833,1850.2,2117.34,0.0,0.0,0.6576,0.752547,0.0,1,0.0064799884,0.6225460925999999,0.6632057797536459
5.90832,4.03567,5.90832,1.60342,1467.86,915.456,0.0,0.0,0.615,0.383556,0.0,0,0.0081856707,0.6852149084,0.6966128267527221
5.43362,4.03441,5.43362,2.15039,700.892,325.936,0.0,0.0,0.4398,0.204521,0.0,1,0.0018109214,0.1727145327,0.11313028211277787
5.89138,4.8352,5.89138,1.26516,1787.77,1413.07,0.0,0.0,0.6376,0.503967,0.0,1,0.003586369,0.3399199192,0.354763548796634
4.12479,3.66059,4.10123,1.63001,136.604,83.8054,0.0,0.0,0.3614,0.221716,0.0,1,0.0011021548,0.0906330302999999,0.11104951445790523
5.30986,3.68842,5.30986,1.40965,1545.05,1096.05,0.0,0.0,0.589,0.417834,0.0,1,0.0046782586,0.4448029646999999,0.44688411586961274
5.58762,3.9288,5.58762,1.07311,1360.46,1267.78,0.0,0.0,0.5636,0.525205,0.0,1,0.0083763098,0.7319164142,0.716695093602708
5.63611,3.90043,5.63611,1.06263,1387.85,1306.06,0.0,0.0,0.5696,0.536029,0.0,1,0.0080666496,0.7295698776,0.6879678091076985
18.41354,3.91151,18.38659,0.818678,2195.65,2681.95,0.0,0.0,0.7294,0.890949,0.0,0,0.0037543,0.3618048345,0.37786716934024966
7.0104,5.91491,7.0104,1.01758,1770.03,1739.45,0.0,0.0,0.6232,0.612433,0.0,0,0.0050220398,0.5040123195,0.4726625598321522
7.2178,3.83248,7.2178,1.09612,1264.7,1153.8,0.0,0.0,0.5608,0.511625,0.0,1,0.00731238,0.6403746253,0.6564483597451403
6.01281,4.49425,5.60772,1.02042,1998.25,1958.27,0.0,0.0,0.6138,0.601518,0.0,1,0.0086332946,0.7701876216,0.7587275652879839
6.04771,4.78066,6.04165,1.07351,1496.3,1393.84,0.0,0.0,0.5402,0.50321,0.0,1,0.0143749916,1.0612727942,1.135868566359303
8.11285,4.66596,8.11285,1.07811,1882.69,1746.29,0.0,0.0,0.6276,0.582131,0.0,1,0.0040194921,0.3764280107,0.3995923345625728
8.04365,4.63845,8.04358,1.07811,1889.15,1752.28,0.0,0.0,0.626,0.580647,0.0,1,0.004035238,0.3742772675,0.39778799518351704
8.36948,3.5655,8.36948,1.45872,1389.79,952.749,0.0,0.0,0.549,0.376358,0.0,0,0.0519596574,3.0604934364,3.0579893960338542
8.32475,3.5444,8.32475,1.47637,1351.58,915.479,0.0,0.0,0.5444,0.368742,0.0,0,0.0542801112,3.0515447417000003,3.092333981817209
11.7072,8.5205,11.7072,1.40177,1826.91,1303.29,0.0,0.0,0.6678,0.476399,0.0,0,0.0008805154,0.0850718801,0.14564378656961885
5.76837,5.02994,5.76476,1.16037,1095.67,944.242,0.0,0.0,0.472,0.406768,0.0,1,0.0079636909,0.6780714725,0.6543846491741164
11.50657,8.6404,11.49116,0.609882,1949.87,3197.13,64.2093,105.281,0.7292,1.19564,0.0,1,0.0079742715,0.6995979848999999,0.6387048862459987
6.41625,5.33783,6.41625,1.67137,1436.49,859.47,0.0,0.0,0.5874,0.351448,0.0,1,0.0030376647,0.2940496351,0.2659137075528088
6.04161,4.90341,6.00485,1.78682,1392.9,779.539,0.0,0.0,0.5636,0.31542,0.0,1,0.003861684,0.3570284405,0.31405062577589177
8.50343,6.96426,8.50343,1.36486,1470.9,1077.7,0.0,0.0,0.5994,0.439167,0.0,1,0.0034684244,0.3152167455,0.3336636732120144
4.04776,3.6459,4.03742,2.02495,342.226,169.005,0.0,0.0,0.431,0.212845,0.0,0,0.0012601009,0.1198043517,0.1977371675955455
6.7486,3.80235,6.29526,1.47019,2203.5,1498.78,0.0,0.0,0.646,0.439399,0.0,0,0.0069345862,0.6674566977,0.6350880586544858
5.44799,3.79422,5.44799,1.50469,1945.11,1292.7,0.0,0.0,0.6428,0.427199,0.0,0,0.0091359443,0.8219599692,0.7466960941283372
10.90817,9.80221,10.908,1.08454,1586.63,1462.95,0.0,0.0,0.6414,0.591401,0.0,1,0.0030091006,0.3020852196,0.29698363435241626
10.81251,9.68892,10.81235,1.16864,1579.98,1351.99,0.0,0.0,0.6292,0.538405,0.0,1,0.0036064127,0.3502267313,0.3585739720178891
6.32722,5.3124,6.00348,0.832586,2332.25,2801.21,0.0,0.0,0.6626,0.795834,0.0,1,0.006061684,0.5868790708,0.5803099850405695
6.31996,4.58953,6.31996,0.918625,1348.48,1467.93,0.0,0.0,0.5474,0.595891,0.0,1,0.0050372542,0.4555197492,0.46552354435832705
14.69858,14.40453,14.61633,0.993806,1433.78,1442.72,0.0,0.0,0.6928,0.697118,0.0,0,0.0086940277,0.7054270751,0.7339852451653133
14.25248,13.92666,14.25248,0.952578,1304.34,1369.28,0.0,0.0,0.6736,0.707133,0.0,0,0.0115680816,0.8523455679999999,0.8910966594019558
5.15517,3.73399,5.14768,1.63871,712.948,435.067,0.0,0.0,0.4168,0.254347,0.0,1,0.0049973528,0.3984210849,0.40723458609957325
6.37003,3.61495,6.36168,1.37197,938.703,684.2,0.0,0.0,0.4942,0.360212,0.0,1,0.0038651771,0.3526478468,0.3389811412471229
6.43284,5.09662,6.26908,0.76383,2342.39,3066.64,0.0,0.0,0.6748,0.883443,0.0,1,0.0118467503,1.0918725549,0.964158037745499
6.03462,5.83771,6.03429,1.10745,2163.31,1953.42,0.0,0.0,0.6146,0.554971,0.0,0,0.0200354832,1.2703853823,1.6466972471819492
5.46612,4.37573,5.12432,0.961023,1171.92,1219.45,0.0,0.0,0.527,0.548374,0.0,0,0.0110741551,0.8882549273,0.9392728865904476
10.42908,4.04603,10.42903,1.5407,1428.2,926.981,0.0,0.0,0.5884,0.381905,0.0,1,0.0015229151,0.1476725168,0.16089387646906195
11.66545,8.26406,11.65056,1.01014,1491.41,1476.44,0.0,0.0,0.6388,0.632385,0.0,1,0.0040078293,0.3676137059,0.38072960286750346
14.55985,13.78223,14.55985,0.784824,1498.1,1908.83,0.0,0.0,0.661,0.842227,0.0,1,0.006740953,0.5940359314,0.5658683016269106
5.69577,5.32518,5.69577,1.3733,890.048,648.107,0.0,0.0,0.4566,0.332483,0.0,0,0.00424706,0.3713513203,0.34925401673359047
7.26238,6.47995,7.26238,1.2744,1043.86,819.095,0.0,0.0,0.5004,0.392655,0.0,0,0.0025405724,0.2414020261,0.24304174363017111
8.26904,7.02568,8.25431,1.05459,2068.88,1961.78,0.0,0.0,0.642,0.608768,0.0,1,0.0046929549,0.4601404945,0.44683957142214503
8.53408,6.05824,8.194,0.856034,2292.36,2677.89,0.0,0.0,0.7178,0.838519,0.0,1,0.0039641268,0.3981090732,0.38423488498510716
8.51481,6.04534,8.51481,0.866707,2299.09,2652.67,0.0,0.0,0.7194,0.830038,0.0,1,0.003920159,0.3928855508,0.38858206800807493
8.52461,6.17272,8.52461,0.822543,2288.73,2782.5,0.0,0.0,0.7208,0.876306,0.0,1,0.004142191,0.3988564677,0.3944584716588761
6.72845,4.30181,6.72845,1.47246,871.523,591.883,0.0,0.0,0.4702,0.31933,0.0,1,0.019545754,1.1024222304,1.159470607704599
6.94763,4.22525,6.94763,1.5606,819.909,525.382,0.0,0.0,0.4464,0.286044,0.0,1,0.0299650588,1.3237799796,1.3379220467793402
13.17739,6.65728,13.17739,0.881906,2096.4,2377.12,0.0,0.0,0.7118,0.807115,0.0,1,0.0076804748,0.6068595424000001,0.6725044136540534
13.23241,6.67449,13.22045,0.876399,2107.58,2404.81,0.0,0.0,0.7124,0.812871,0.0,1,0.0074563829,0.6043176818,0.6604279996202448
6.92788,4.09866,6.92788,1.5951,1191.16,746.758,0.0,0.0,0.5576,0.34957,0.0,1,0.0030967373,0.2930327144,0.23184949385829923
4.96727,4.63026,4.96727,1.29284,870.275,673.148,0.0,0.0,0.4736,0.366324,0.0,1,0.0147943783,1.028972612,1.1066741210318232
4.96103,4.24915,4.96103,1.44232,901.376,624.947,0.0,0.0,0.4662,0.323228,0.0,0,0.0068080326,0.5541489194,0.5248336161440538
7.70412,5.87256,7.69288,1.02639,1471.97,1434.12,0.0,0.0,0.566,0.551448,0.0,1,0.008958747,0.8118354634999999,0.7213124361395726
7.66591,5.85542,7.65462,1.02962,1488.42,1445.6,0.0,0.0,0.5648,0.548553,0.0,1,0.0086127835,0.8036732868,0.7095696370451533
7.68055,5.84066,7.66172,1.02599,1463.18,1426.13,0.0,0.0,0.565,0.55069,0.0,1,0.0087836297,0.8084484378,0.7212180474580214
7.6755,5.87796,7.66911,1.02659,1461.4,1423.54,0.0,0.0,0.5658,0.551143,0.0,1,0.0087174268,0.7987187473999999,0.7216516793167777
7.61946,5.80686,7.57494,1.03101,1474.3,1429.95,0.0,0.0,0.564,0.547035,0.0,1,0.0089886451,0.8070410923000001,0.7243315190779163
7.52412,5.6534,7.51131,1.03145,1483.45,1438.22,0.0,0.0,0.562,0.544864,0.0,1,0.0090057297,0.8220905059999999,0.7215898543708648
4.76594,3.97544,4.75053,1.17247,1466.56,1250.83,0.0,0.0,0.5002,0.426622,0.0,1,0.0180838022,1.4756882292,1.3314757382263158
4.33985,4.02318,4.33985,1.29652,936.621,722.414,0.0,0.0,0.5262,0.405857,0.0,1,0.0109067698,0.9417197953,0.8331250324308718
4.20915,3.71253,4.20915,1.48805,761.664,511.852,0.0,0.0,0.4716,0.316924,0.0,1,0.0181672782,1.3637025605000002,1.286657306901216
4.98599,3.44797,4.98599,1.46601,380.372,259.461,0.0,0.0,0.3928,0.267938,0.0,1,0.0054567467,0.3777601108,0.42438863114139225
7.07474,4.6808,7.07474,1.16372,1382.44,1187.95,0.0,0.0,0.5842,0.50201,0.0,1,0.0022445917,0.2229744124,0.23121376250423603
4.74098,3.40425,4.68235,1.23774,661.744,534.639,0.0,0.0,0.5006,0.404447,0.0,1,0.0007013421,0.0671065114,0.1876328206712543
4.04002,3.66815,4.04002,1.33832,308.401,230.438,0.0,0.0,0.4326,0.323241,0.0,1,0.0050543927,0.4340681345,0.42663000905122295
5.16354,4.10534,5.03617,1.38895,415.25,298.967,0.0,0.0,0.404,0.290867,0.0,1,0.0030691547,0.255672545,0.2456474707922971
5.17234,3.93529,5.17234,1.20763,463.383,383.712,171.595,142.093,0.474,0.392504,0.0,0,0.0131985229,0.8143749477,0.8727020380113303
4.15152,3.42748,4.13309,1.37462,547.083,397.99,0.0,0.0,0.3992,0.290408,0.0,1,0.0088821008,0.7554563431,0.6679185935378756
7.82073,4.889,7.82073,1.29296,1273.82,985.194,0.0,0.0,0.5548,0.429093,0.0,0,0.0023135772,0.2285753632999999,0.22390669508122424
4.75675,3.55253,4.75675,2.1629,785.103,362.986,0.0,0.0,0.4638,0.214434,0.0,1,0.0159141471,0.953570167,0.9978850202598026
6.00702,4.53801,6.00702,1.30429,1992.95,1527.99,0.0,0.0,0.6142,0.470906,0.0,1,0.0061882181,0.5618921215,0.5457915989903599
5.94433,4.56717,5.90149,1.30513,1995.48,1528.95,0.0,0.0,0.6194,0.474589,0.0,1,0.0060189841,0.565961721,0.5364624418222523
5.98976,4.51852,5.98976,1.3118,1973.17,1504.17,0.0,0.0,0.6186,0.471565,0.0,1,0.0061419182,0.5710579007,0.5464579134504722
6.15923,4.54415,6.13245,1.2924,1996.56,1544.85,0.0,0.0,0.6166,0.477097,0.0,1,0.0059966324,0.5377666921,0.5398288760318695
5.8494,4.60336,5.8494,1.30478,1964.07,1505.29,0.0,0.0,0.6278,0.481155,0.0,1,0.0060385418,0.560176232,0.5425404416889811
5.98461,4.76477,5.96493,1.86922,2708.01,1448.74,0.0,0.0,0.6802,0.363895,0.0,1,0.0006859781,0.0678052156,0.09637083050446671
5.92168,4.6498,5.91414,1.91328,2588.47,1352.9,0.0,0.0,0.676,0.353321,0.0,1,0.0006840439,0.0684299703,0.09171320506786673
5.83182,4.56735,5.65089,1.97905,2446.69,1236.29,0.0,0.0,0.6622,0.334605,0.0,1,0.0006761965,0.0675991343,0.09850147715729796
8.36527,6.6245,8.36354,1.86674,2385.2,1277.73,8.72646,4.67469,0.7178,0.38452,0.0,1,0.0007224961,0.076618748,0.14317820438358153
4.91554,3.81154,4.8497,1.42961,733.471,513.055,0.0,0.0,0.4568,0.319527,0.0,1,0.0091535064,0.6709262824000001,0.6431130789269
7.54991,6.34934,7.53102,1.01424,2199.81,2168.93,0.0,0.0,0.6806,0.671046,0.0,1,0.0054940536,0.5107218339999999,0.5222198491767791
6.95292,4.98162,6.95292,1.09152,1536.81,1407.96,0.0,0.0,0.5428,0.497289,0.0,0,0.0069131898,0.6250393082,0.6078097724801019
7.37662,6.99185,7.37662,1.00469,1747.18,1739.02,0.0,0.0,0.6396,0.636613,0.0,0,0.0055002465,0.5496853758,0.5111268240447857
5.64907,5.07129,5.64636,1.2313,1163.45,944.9,0.0,0.0,0.5004,0.406401,0.0,0,0.007779502,0.6463935290999999,0.6844740259280742
5.25442,4.88912,5.25442,1.20931,1317.3,1089.3,0.0,0.0,0.5332,0.440913,0.0,1,0.0075720404,0.6685507767000001,0.6824273496637439
5.40311,4.9355,5.40311,1.1935,1329.97,1114.34,0.0,0.0,0.5516,0.462169,0.0,1,0.0075926468,0.665635771,0.6637297868077405
5.24171,4.88245,5.22892,1.21123,1320.66,1090.34,0.0,0.0,0.5276,0.435589,0.0,1,0.0078113911,0.666475876,0.7078848044081828
5.42751,4.95925,5.42646,1.17969,1336.79,1133.18,0.0,0.0,0.5422,0.459613,0.0,1,0.0071900304,0.6429751284,0.6353917294504938
5.30336,4.92542,5.30336,1.19355,1298.68,1088.08,0.0,0.0,0.5398,0.452264,0.0,1,0.0073501259,0.6443557537,0.6828763793729351
5.21289,4.69215,5.21289,1.27198,1075.64,845.64,0.0,0.0,0.4926,0.38727,0.0,0,0.0088203172,0.7104583639000001,0.7404865264656695
6.10412,5.49511,6.10412,1.18923,1245.03,1046.92,0.0,0.0,0.5248,0.441293,0.0,0,0.007693753,0.669978933,0.6812214200681165
6.09975,5.42401,6.09669,1.18953,1257.58,1057.21,0.0,0.0,0.5236,0.440174,0.0,0,0.0072383964,0.6291816396000001,0.6430212708482868
6.14785,5.47386,6.14779,1.1794,1250.19,1060.02,0.0,0.0,0.5326,0.451584,0.0,0,0.0076094825,0.6568682101,0.6662237671832484
11.6475,5.80016,11.64729,0.734641,2294.6,3123.44,0.0,0.0,0.7226,0.98361,0.0,1,0.0075141573,0.7020643737000001,0.691021747882142
4.56432,3.41314,4.56432,1.75016,669.342,382.447,0.0,0.0,0.5022,0.286946,0.0,1,0.0010973608,0.1080052105,0.14332586423411553
10.30257,9.44256,10.2197,1.08662,1146.97,1055.54,0.0,0.0,0.5838,0.537262,0.0,1,0.0026016386,0.2572116055,0.23926794157668918
5.95531,3.72974,5.95531,1.11029,1552.29,1398.09,0.0,0.0,0.5716,0.514821,0.0,1,0.0042898845,0.4079030247999999,0.40060606158581774
5.64862,4.46205,5.64805,1.16543,1755.8,1506.57,0.0,0.0,0.5904,0.506596,0.0,1,0.0085911376,0.7302253987,0.732469796738388
6.46125,4.54999,6.46125,1.13178,2301.96,2033.92,0.0,0.0,0.6152,0.543567,0.0,1,0.0079257742,0.7089446340000001,0.7713026355926146
6.36296,4.2806,6.36272,1.20693,1999.45,1656.65,0.0,0.0,0.5984,0.495805,0.0,1,0.0084675475,0.7307400971,0.7744344318409411
13.68943,4.23916,13.68943,1.04302,1835.8,1760.08,13.4841,12.9279,0.692,0.663456,0.0,1,0.0043203566,0.4072073771,0.4000359575250225
13.73946,4.3179,13.73946,0.952497,1834.04,1925.51,15.1519,15.9076,0.6722,0.705724,0.0,1,0.0032101347,0.3028360931,0.32309349336279963
13.71044,4.29007,13.71044,1.01438,1788.77,1763.41,11.1798,11.0213,0.6608,0.651434,0.0,1,0.0031896422,0.3002237531,0.3246885625687509
7.89316,7.4198,7.87816,1.34135,1580.28,1178.13,0.0,0.0,0.5778,0.43076,0.0,1,0.0036368169,0.3370401167,0.3412007656362942
12.05622,6.74493,12.05603,0.618537,2287.3,3697.93,0.0,0.0,0.7716,1.24746,0.0,1,0.0048784978,0.4723416453,0.47932470566680846
4.81614,3.46612,4.554,1.34495,1416.38,1053.11,0.0,0.0,0.6156,0.457711,0.0,1,0.0032138424,0.3134839413,0.4218164758709816
15.21554,13.85225,15.21554,0.826153,1716.72,2077.96,0.0,0.0,0.7048,0.853111,0.0,0,0.0094107888,0.8252739576000001,0.7746261907761679
6.14636,4.66385,6.14509,0.864953,1863.69,2154.67,0.0,0.0,0.6302,0.728594,0.0,0,0.0052014847,0.4918549241,0.48930952462718436
8.19723,7.01697,8.18474,1.37403,1823.93,1327.44,0.0,0.0,0.6136,0.44657,0.0,1,0.0070739469,0.6324572044,0.5869961056052906
5.37255,3.56877,5.37255,1.53414,1466.89,956.165,0.0,0.0,0.6184,0.403092,0.0,1,0.0022233599,0.2150617146,0.23486166458838897
4.71712,3.63905,4.71712,1.54053,563.034,365.48,0.0,0.0,0.4068,0.264064,0.0,0,0.0042614203,0.3759326575,0.4027229586465401
4.72309,3.67608,4.72309,1.52978,599.848,392.114,0.0,0.0,0.4106,0.268405,0.0,0,0.0042601425,0.3706553964,0.38341747730357867
4.96705,4.29241,4.96705,1.47907,598.033,404.332,0.0,0.0,0.4092,0.276661,0.0,0,0.0050862723,0.4057948557999999,0.41284024733065255
5.51433,5.20447,5.51433,1.39065,845.278,607.831,0.0,0.0,0.4446,0.319707,0.0,0,0.0039356034,0.3375554536999999,0.34339762025092263
4.95272,4.26488,4.95272,1.45304,582.257,400.715,0.0,0.0,0.4264,0.293453,0.0,0,0.0048499417,0.3905396842,0.367098861868524
5.34449,3.90767,5.34449,1.19766,953.889,796.46,0.0,0.0,0.4728,0.394769,0.0,0,0.0134365622,0.9908892696,1.007580199090735
13.29616,4.97277,13.29616,0.983012,1612.04,1639.9,0.0,0.0,0.67,0.681578,0.0,1,0.0027343957,0.2799544223,0.2670251879135427
9.52684,4.31294,9.52684,2.70363,1850.45,684.433,0.0,0.0,0.6186,0.228804,0.0,1,0.001195641,0.1105112858999999,0.1118355596912145
5.32382,4.69426,5.32382,1.65668,675.478,407.729,0.0,0.0,0.418,0.252311,0.0,0,0.0049216435,0.3901375781,0.39175424205921777
5.18677,4.51055,5.17631,1.52314,635.031,416.921,0.0,0.0,0.412,0.270493,0.0,0,0.0056319105,0.4616939290999999,0.41391717190729854
6.17503,4.57934,6.17321,1.14403,1406.65,1229.55,266.817,233.224,0.5936,0.518866,0.0,0,0.0091033288,0.7958904547,0.7720333881379968
10.24604,5.19927,9.76441,0.774705,2445.7,3156.94,0.0,0.0,0.7196,0.92887,0.0,1,0.0055284522,0.5389638522,0.536049684788269
5.38373,3.98212,5.36788,1.15006,1774.93,1543.34,0.0,0.0,0.592,0.514756,0.0,1,0.0086373001,0.7794343313,0.7743479039459783
5.76423,4.1915,5.74643,1.09839,2062.25,1877.52,0.0,0.0,0.6384,0.581215,0.0,0,0.0077226882,0.7012949398999999,0.7117423569569982
6.32453,3.80789,6.30141,1.2534,1395.37,1113.27,0.0,0.0,0.5634,0.449498,0.0,1,0.0062219898,0.5591523601,0.5574878000407225
7.74379,4.25931,7.73545,0.9596,2206.02,2298.89,0.0,0.0,0.666,0.694039,0.0,0,0.0058290435,0.5677163113,0.523682212621192
6.77313,5.2032,6.75742,1.14435,2195.85,1918.86,0.0,0.0,0.6464,0.564863,0.0,0,0.0096372395,0.8773677194,0.933516008084318
5.36278,4.15643,5.36278,1.09674,2370.15,2161.08,0.0,0.0,0.672,0.612723,0.0,1,0.0026474446,0.2793449696,0.2963544168098049
5.32617,4.14354,5.3111,1.10004,2360.03,2145.41,0.0,0.0,0.6692,0.608342,0.0,1,0.0029436147,0.280020961,0.33409476153914064
18.51843,7.97271,18.51843,0.531149,2149.05,4046.05,0.0,0.0,0.8144,1.53328,0.0,1,0.0041209446,0.4001014518999999,0.3992436397979423
18.77734,7.81499,18.77734,0.539574,2171.35,4024.19,0.0,0.0,0.8044,1.49081,0.0,1,0.0042189448,0.4104424772999999,0.4173599315078506
18.83938,7.96401,18.83938,0.527426,2147.45,4071.57,0.0,0.0,0.8002,1.51718,0.0,1,0.0038538004,0.4033140900999999,0.38486452609131516
5.34764,4.14932,5.34428,1.34276,985.458,733.903,0.0,0.0,0.4968,0.369983,0.0,1,0.0085736498,0.6862794571999999,0.670434702904488
5.34824,4.13773,5.34698,1.34089,993.502,740.929,0.0,0.0,0.4942,0.368562,0.0,1,0.0085370163,0.6785314703,0.6669689439466935
5.75252,3.69157,5.65377,1.18631,467.138,393.774,0.0,0.0,0.4432,0.373595,0.0,1,0.0018590534,0.1641320116,0.13993095622432938
8.56724,6.92833,8.56724,1.27671,1511.52,1183.92,0.0,0.0,0.5678,0.444738,0.0,0,0.0041567805,0.3894721739,0.3792906700725507
8.33236,6.80185,8.33236,1.32055,1504.03,1138.94,0.0,0.0,0.578,0.437696,0.0,0,0.0044914503,0.4144873053,0.4063282005769976
8.49976,6.89727,8.49976,1.31953,1515.96,1148.87,0.0,0.0,0.5704,0.432276,0.0,0,0.0043106072,0.4040266636,0.4057059232837413
5.36353,4.34017,5.23294,1.65348,1412.13,854.037,0.0,0.0,0.5972,0.361179,0.0,0,0.0107473928,0.8525435263,0.8234087753561711
7.29081,6.46944,7.28567,1.08372,1133.62,1046.04,0.0,0.0,0.4976,0.459157,0.0,1,0.0050299267,0.4576756850999999,0.4784963271838658
4.96992,3.99417,4.90348,1.09301,509.103,465.783,515.606,471.733,0.491,0.44922,0.0,1,0.0149901941,1.1131286962,0.9911199571969349
5.08726,4.83873,5.06957,1.27292,905.072,711.021,0.0,0.0,0.4628,0.363574,0.0,0,0.0104360748,0.8029795886,0.798293561142317
7.43512,5.15007,7.43277,0.84804,2258.38,2663.06,0.0,0.0,0.6712,0.791472,0.0,1,0.0035640135,0.3682742504,0.36664662346742927
16.84369,16.76415,16.84369,0.692416,1360.98,1965.54,0.0,0.0,0.7588,1.09587,0.0,1,0.0038889957,0.3717544924,0.34338793576348214
5.9367,4.07723,5.9367,0.815854,1158.61,1420.12,12.5333,15.3622,0.5888,0.721698,0.0,0,0.0036441031,0.3439081821,0.3781364447485605
16.92414,16.84411,16.92414,0.675419,1334.6,1975.96,0.0,0.0,0.764,1.13115,0.0,1,0.0042617579,0.4232691532,0.3892539718988006
16.91027,16.82951,16.91027,0.672455,1349.27,2006.49,0.0,0.0,0.7654,1.13822,0.0,1,0.004139557,0.4131504787,0.35892012409315566
16.90358,16.82254,16.90358,0.671459,1350.93,2011.93,0.0,0.0,0.767,1.14229,0.0,1,0.0041482856,0.4128624335999999,0.35836518967948133
16.8944,16.81333,16.8944,0.672143,1349.09,2007.15,0.0,0.0,0.767,1.14113,0.0,1,0.0040260847,0.4110621518,0.35829024366827217
16.92569,16.84467,16.92569,0.669653,1353.12,2020.63,0.0,0.0,0.7686,1.14776,0.0,1,0.0044472415,0.4220471438,0.3907498973253122
5.55641,4.36813,5.55641,0.905977,1376.2,1519.02,0.0,0.0,0.5874,0.648361,0.0,0,0.0071480977,0.6146251187,0.6543926637021387
8.1447,5.93208,8.1447,0.901348,2323.1,2577.36,0.0,0.0,0.6668,0.739781,0.0,1,0.0055573594,0.5236971539999999,0.5324449858610302
4.72532,3.67633,4.72532,0.949147,1391.99,1466.57,0.0,0.0,0.5776,0.608546,0.0,0,0.0049183893,0.4751359318,0.5372614431534032
8.67852,5.48387,8.67852,0.763975,1830.88,2396.52,0.0,0.0,0.6304,0.825158,0.0,0,0.0043122172,0.4060842100999999,0.3968957199717286
8.55642,5.36069,8.35991,0.706783,1873.58,2650.85,92.9946,131.574,0.6674,0.944278,0.0,0,0.0042846613,0.4149904728,0.4493341811697661
9.53742,5.44759,9.32696,1.58248,1828.68,1155.58,0.0,0.0,0.6098,0.385344,0.0,0,0.0051859383,0.4897291471,0.4640754374928174
5.3952,3.72256,5.3952,1.47049,1163.8,791.435,0.0,0.0,0.504,0.342742,0.0,0,0.0074925624,0.6727363195999999,0.639990373010856
5.59771,4.30891,5.54289,1.06696,1494.67,1400.87,0.0,0.0,0.5474,0.513047,0.0,1,0.0085662623,0.7570106364,0.7378446671759956
5.48812,3.7418,5.48733,1.43983,1166.77,810.351,0.0,0.0,0.499,0.346569,0.0,0,0.007711245,0.6815536193999999,0.6306120411639788
9.00352,4.63709,9.00352,0.93614,1838.21,1963.61,22.2471,23.7647,0.63,0.672976,0.0,1,0.0093157866,0.8385864064,0.7038067465750341
11.35798,8.5918,11.35555,0.674777,2143.5,3176.61,0.0,0.0,0.7262,1.07621,0.0,1,0.0088963792,0.8010403077,0.7463370709687923
6.97366,6.05295,6.96579,1.20561,1541.67,1278.75,0.0,0.0,0.5886,0.488218,0.0,1,0.0061049867,0.5646470799000001,0.5378868544954575
5.71725,4.41875,5.02479,1.26956,985.999,776.649,0.0,0.0,0.4628,0.364537,0.0,0,0.0026027785,0.2481530285,0.22989396576062765
10.63499,10.4191,10.6339,1.83144,1181.22,644.965,1.00954,0.551229,0.5826,0.31811,0.0,1,0.0187960706,1.3377130231,1.0527334498487808
5.81104,3.45148,5.7898,1.22228,1232.48,1008.35,0.0,0.0,0.5482,0.448508,0.0,1,0.0067879265,0.6064825259000001,0.6578330958327312
5.59699,4.85089,5.59699,1.22385,769.975,629.142,0.0,0.0,0.4788,0.391224,0.0,0,0.0016489968,0.1600974079,0.1806366184230156
6.80849,6.42208,6.80849,1.6895,1568.88,928.61,0.0,0.0,0.5668,0.335485,0.0,0,0.0061304938,0.5583911096999999,0.5362676632082861
6.20608,3.81259,6.16409,1.48643,1158.39,779.31,0.0,0.0,0.5192,0.349294,0.0,1,0.0038553233,0.354561291,0.3518000090822201
7.54049,4.88112,7.54049,1.17286,1649.01,1405.98,0.0,0.0,0.5866,0.500147,0.0,1,0.005235192,0.4623734628,0.47653858627684864
6.25491,3.91181,5.95608,1.39707,1185.59,848.625,0.0,0.0,0.547,0.391533,0.0,1,0.004675773,0.3955066639,0.4018747794836296
8.97967,4.54894,7.97865,1.40065,1635.25,1167.49,0.0,0.0,0.6194,0.442222,0.0,1,0.0017088546,0.1690326419,0.17199739043573525
9.20624,4.84305,9.20624,1.16023,1655.06,1426.49,0.0,0.0,0.6112,0.526791,0.0,1,0.0050185173,0.4333240978,0.4442439460238303
8.96945,4.59437,8.96945,1.16708,1604.04,1374.41,0.0,0.0,0.584,0.500396,0.0,1,0.0050022489,0.4317454939,0.44805491105773926
5.58364,3.90943,5.58364,1.24007,952.192,767.854,70.05,56.4887,0.5222,0.421105,0.0,1,0.0154548673,1.1108315647,1.0671510285664838
6.25712,5.16476,6.25712,1.06941,1603.09,1499.04,0.0,0.0,0.5648,0.528144,0.0,1,0.0102591592,0.8825866896,0.9010472918331566
12.50004,9.04853,12.40632,0.6224,2078.93,3340.18,0.0,0.0,0.775,1.24518,0.0,1,0.0049670889,0.515503949,0.46821289186984216
4.92643,4.38387,4.92643,1.57725,2265.97,1436.66,0.0,0.0,0.6254,0.396513,0.0,1,0.0031842571,0.3123535980999999,0.30730607788627273
4.93313,4.38082,4.93313,1.57553,2293.93,1455.98,0.0,0.0,0.6088,0.38641,0.0,0,0.0031814341,0.3112187831,0.3164585417511423
7.52328,6.25675,7.49475,1.00896,1346.7,1334.73,0.0,0.0,0.5494,0.544519,0.0,1,0.0096586778,0.8075467440999999,0.7914953112686394
5.5324,3.86891,5.52986,1.06651,697.303,653.818,0.0,0.0,0.4922,0.461505,0.0,1,0.0060196687,0.4791852836,0.4809773146321765
8.76979,6.5651,8.76979,1.23234,2527.32,2050.83,0.36923,0.299617,0.7208,0.584904,0.0,1,0.001554473,0.1498634475,0.16040638471115343
9.46149,6.72598,9.46149,1.3222,2511.12,1899.19,0.278339,0.210512,0.7294,0.551655,0.0,1,0.0010097313,0.0981613492999999,0.14344976444069024
5.33465,4.95075,5.33465,1.06578,1588.39,1490.35,0.0,0.0,0.586,0.549831,0.0,1,0.0086439467,0.7683459801000001,0.7932846997988197
5.70954,5.40047,5.70954,0.993165,1765.23,1777.38,0.0,0.0,0.616,0.620239,0.0,1,0.007324737,0.6544510521,0.6800349753079845
4.61944,3.85024,4.61944,1.29704,1389.35,1071.17,0.0,0.0,0.5658,0.436222,0.0,1,0.0063047849,0.557526685,0.5487993900651038
6.51956,6.14293,6.51763,1.25239,1627.1,1299.19,0.0,0.0,0.6236,0.497928,0.0,0,0.0073740843,0.6548063626,0.6659029426920008
12.58218,11.50288,12.56968,0.603307,2027.92,3361.34,0.0,0.0,0.7608,1.26105,0.0,1,0.0043566386,0.4373098343,0.4256475433017126
5.33307,3.93087,5.33307,1.15662,1798.05,1554.58,0.0,0.0,0.618,0.534316,0.0,0,0.0089884269,0.8202954047,0.8218246949154702
7.68734,5.08903,7.68734,1.09108,1654.78,1516.65,0.0,0.0,0.567,0.51967,0.0,0,0.0064886671,0.5826955515,0.5788887868498319
13.6466,4.52582,13.6466,0.969419,2198.16,2267.5,0.0,0.0,0.6876,0.709291,0.0,1,0.0065131131,0.6062880726,0.6076023521053712
5.77585,4.33422,5.56399,1.19211,1979.16,1660.22,0.0,0.0,0.6036,0.506331,0.0,1,0.0071285777,0.6385367713,0.648059254426359
9.38956,5.60914,9.2442,0.843227,2246.05,2663.63,0.0,0.0,0.685,0.812356,0.0,1,0.0039853943,0.3990546843,0.3930133309730504
9.5163,5.76215,9.5163,0.851407,2206.78,2591.93,0.0,0.0,0.6808,0.799618,0.0,1,0.0046279758,0.4436463264999999,0.4547927187882029
9.9497,6.81571,9.9489,0.994874,2116.8,2127.71,0.0,0.0,0.683,0.686519,0.0,1,0.0035823995,0.3493843943,0.3711798239369548
12.26016,8.11803,12.26013,0.845073,1643.38,1944.66,0.0,0.0,0.644,0.762064,0.0,1,0.0061684107,0.5692111799,0.5383505842383516
21.82341,9.06966,13.94061,0.408796,1899.79,4647.28,0.0,0.0,0.8328,2.0372,0.0,1,0.0044276591,0.4416607328,0.42821480948774066
13.36085,7.20564,12.38159,0.61631,2232.14,3621.79,0.0,0.0,0.8056,1.30713,0.0,0,0.0032671298,0.3178623028,0.3506793152265435
4.70786,3.58668,4.69647,1.26931,973.305,766.801,0.0,0.0,0.5298,0.417393,0.0,0,0.0167976079,1.1399702316,1.1856703154299846
4.95338,3.66569,4.91383,1.21757,1152.17,946.288,0.0,0.0,0.5426,0.445643,0.0,0,0.0148657129,1.111909984,1.2427042912721835
5.07328,3.68023,5.06179,1.21005,1189.89,983.336,0.0,0.0,0.5496,0.454196,0.0,0,0.0154130562,1.1048431026,1.2595888525774461
5.32267,3.53615,5.32267,1.67671,498.537,297.33,52.5885,31.3641,0.4392,0.261941,0.0,1,0.002968169,0.2503446567,0.24852276824473152
5.3333,3.56234,5.2261,1.69384,503.361,297.172,49.7521,29.3724,0.4348,0.256695,0.0,1,0.0029428497,0.2565704961,0.26268079105164555
5.26465,3.41703,5.25331,1.72957,398.344,230.313,32.6666,18.8871,0.43,0.248616,0.0,1,0.0028270271,0.2299047134,0.21347228692240605
5.25291,3.40149,5.01155,1.7873,394.206,220.559,29.004,16.2278,0.4246,0.237565,0.0,1,0.0027204797,0.2286790225,0.2019204298484174
5.23285,3.40673,4.67793,1.83571,402.852,219.453,27.5563,15.0113,0.421,0.229339,0.0,1,0.0027589532,0.2349259496,0.22022538983809065
4.94918,3.68888,4.93711,1.45476,795.928,547.119,0.0,0.0,0.4866,0.334488,0.0,0,0.0107575091,0.7504999484,0.7664606842584086
4.41097,3.81053,4.41097,1.23944,1320.34,1065.27,0.0,0.0,0.561,0.452623,0.0,1,0.0153710537,1.2053300491,1.1867928770292924
6.0116,4.19513,6.00621,2.27118,1170.18,515.23,0.0,0.0,0.5276,0.232302,0.0,1,0.0010099355,0.0939128319999999,0.06595275045860216
6.03972,4.19838,6.03396,2.27118,1173.84,516.843,0.0,0.0,0.5134,0.22605,0.0,1,0.0009592239,0.094415651,0.06426665072045512
7.46107,4.86322,7.46107,1.31027,1231.65,939.995,0.0,0.0,0.5398,0.411977,0.0,0,0.0024853274,0.2375993246,0.23613775835689088
5.42515,3.64983,5.42515,2.53736,330.635,130.307,105.197,41.4594,0.4166,0.164187,0.0,1,0.0027386653,0.2388395867,0.2271307736834603
5.3901,4.95385,5.37594,2.70285,794.745,294.04,0.0,0.0,0.4526,0.167453,0.0,1,0.0043663892,0.3540884673,0.2962703473391906
6.51326,4.65771,6.51326,1.72938,2369.14,1369.94,0.0,0.0,0.6388,0.369382,0.0,1,0.0021678576,0.2190577618,0.20819709910473694
8.80758,7.78405,8.80758,0.713822,2198.53,3079.94,0.0,0.0,0.7072,0.990723,0.0,1,0.0044827064,0.4293254163,0.43381745958853796
5.47717,4.50209,5.38717,1.18044,1256.75,1064.65,0.0,0.0,0.5258,0.445429,0.0,1,0.0080238979,0.6797466320000001,0.6969460433964616
11.10741,9.8382,11.10741,0.853326,1614.16,1891.61,0.0,0.0,0.6702,0.785397,0.0,1,0.0025445452,0.2580329967999999,0.23876424390906992
10.88215,9.55664,10.87435,0.67542,1854.05,2745.03,0.0,0.0,0.7122,1.05446,0.0,0,0.003787257,0.3746281118999999,0.3614460770623712
10.07574,8.87881,10.05297,0.69045,1869.43,2707.55,0.0,0.0,0.7086,1.02629,0.0,0,0.0036740509,0.3668588518999999,0.3567342241425335
5.99775,4.93271,5.97758,1.0207,1831.3,1794.17,0.0,0.0,0.5916,0.579605,0.0,1,0.0084967933,0.7671072711,0.7695481277016256
5.99664,4.9389,5.9821,1.0207,1811.65,1774.92,0.0,0.0,0.5912,0.579213,0.0,1,0.0087064322,0.7641010206000001,0.7907705512578511
6.05079,4.58023,5.97678,0.91647,1939.38,2116.14,0.0,0.0,0.5864,0.639846,0.0,1,0.0091466763,0.83726414,0.8061145831658325
9.88279,8.82764,9.86175,0.758162,1549.91,2044.3,0.0,0.0,0.642,0.846785,0.0,1,0.0054530149,0.5432066711,0.49435184598772697
6.11585,5.67624,6.11585,1.55309,529.015,340.62,76.1683,49.0429,0.441,0.283949,0.0,1,0.002886241,0.260608775,0.28396029674710016
6.70296,5.88092,6.70296,1.13456,971.753,856.498,0.0,0.0,0.5046,0.444752,0.0,0,0.0117503258,0.8368599371,0.8660019959898069
7.14805,6.39591,7.14805,1.06573,1037.76,973.749,0.0,0.0,0.5254,0.492994,0.0,0,0.0092579612,0.7622352473,0.7122054736434184
6.3068,5.74769,6.3068,1.44498,561.702,388.727,79.3873,54.9401,0.4722,0.326787,0.0,1,0.0029777997,0.2678503725,0.25859550878725895
6.24449,5.77613,6.24449,1.46696,557.647,380.138,84.3149,57.4759,0.4544,0.309756,0.0,1,0.0031436971,0.2761935186,0.2857368506184722
6.18293,5.67653,6.18293,1.48492,554.322,373.301,73.2038,49.2981,0.4504,0.303316,0.0,1,0.0029663416,0.2587729384,0.2795112738213727
6.21252,5.76844,6.21252,1.49343,549.45,367.91,94.3906,63.2038,0.457,0.306006,0.0,1,0.0031632287,0.2763551565,0.29066755498251123
6.1695,5.71241,6.1695,1.51351,547.592,361.803,81.859,54.0857,0.4488,0.29653,0.0,1,0.0029647651,0.2720574880999999,0.29189279351817093
6.04963,5.68051,6.04963,1.61833,495.105,305.936,63.5383,39.2616,0.4414,0.27275,0.0,1,0.0029274351,0.2589957421,0.2640510111712392
6.09339,5.6432,6.09339,1.54719,534.667,345.572,82.6577,53.4242,0.4374,0.282705,0.0,1,0.0029898293,0.2638234049,0.2886198996453656
5.70252,3.69982,5.70252,1.38172,844.284,611.037,0.0,0.0,0.4754,0.344063,0.0,1,0.0045799042,0.3829605452,0.32265004498797284
5.21862,3.52165,5.21802,1.34387,724.016,538.756,0.0,0.0,0.4324,0.321758,0.0,1,0.0034787302,0.3210392335,0.323671900866385
5.26092,3.78569,5.21082,1.36197,739.196,542.742,0.0,0.0,0.4512,0.331286,0.0,1,0.0036270852,0.3177353336,0.3195439909088922
4.18455,3.46938,4.126,1.22946,1127.43,917.014,0.0,0.0,0.5064,0.411887,0.0,1,0.0107155963,0.9210905561,0.9245899112757583
6.68967,5.56749,6.68967,1.09709,1295.9,1181.22,0.0,0.0,0.5546,0.50552,0.0,0,0.0022198535,0.205524822,0.21558311065054814
5.90493,5.239,5.89411,2.24827,1626.7,723.534,0.0,0.0,0.5828,0.259221,0.0,1,0.0028134058,0.2579617898999999,0.20180566322589444
5.99502,4.85131,5.99502,1.96036,716.905,365.7,0.0,0.0,0.4012,0.204656,0.0,0,0.0035569572,0.2876326118,0.33112034131856566
4.63559,4.00457,4.63559,1.27465,706.955,554.628,0.0,0.0,0.4642,0.364179,0.0,0,0.0348391031,1.7794412031,2.0367593612579977
19.71713,10.83562,19.26567,0.59986,1609.68,2683.42,0.0,0.0,0.7756,1.29297,0.0,1,0.0028258896,0.2713370418,0.28941859566751266
5.18488,4.28306,5.18488,1.821,982.945,539.783,0.0,0.0,0.4352,0.23899,0.0,0,0.0668523113,2.437426942,2.5452360216554677
5.77879,3.6694,5.74168,1.1744,1435.84,1222.62,0.0,0.0,0.5446,0.463725,0.0,1,0.006588367,0.6079777517,0.5801814418499981
11.1144,9.75442,11.1107,0.986032,1267.43,1285.39,0.0,0.0,0.613,0.621683,0.0,1,0.0075546107,0.5549093913,0.6238189139176593
11.16343,10.81199,11.16343,0.974993,1274.86,1307.56,0.0,0.0,0.613,0.628722,0.0,1,0.0069543528,0.5497915596,0.5907429237503815
4.71676,4.28533,4.60921,1.30405,891.701,683.791,0.0,0.0,0.494,0.378819,0.0,0,0.0568493588,2.6659325351,2.654991196902121
10.4943,7.36608,10.44985,0.729721,2144.38,2938.63,0.0,0.0,0.7612,1.04314,0.0,1,0.0043525642,0.4228686593999999,0.4308105592331384
12.01283,7.57315,11.94291,0.692877,2023.51,2920.44,0.0,0.0,0.7558,1.09081,0.0,1,0.0039752209,0.3872894236999999,0.39519604444690415
6.55615,6.26734,6.55615,1.05162,1586.57,1508.69,0.0,0.0,0.6118,0.581771,0.0,0,0.0039825374,0.3882699967,0.3860514724758147
6.55346,6.27139,6.55346,1.05162,1583.28,1505.56,0.0,0.0,0.6148,0.584624,0.0,0,0.0042017597,0.3869126456,0.4079373656849987
6.89591,6.55778,6.89591,1.0419,1703.36,1634.86,0.0,0.0,0.5962,0.572226,0.0,0,0.0053710109,0.5282161304,0.5099536679184835
6.89591,6.55778,6.89591,1.0419,1723.91,1654.59,0.0,0.0,0.5992,0.575105,0.0,0,0.0056534134,0.535497827,0.5164064112558266
6.49396,4.19114,6.49396,1.29248,1977.91,1530.32,0.0,0.0,0.6424,0.497028,0.0,0,0.006157903,0.5988996833,0.5471507693955511
3.58512,3.47285,3.58424,2.09979,267.635,127.458,11.6012,5.52495,0.4148,0.197544,0.0,0,0.0005977977,0.0592757433,0.16243934224906564
4.23793,4.07504,4.23793,2.08281,569.533,273.444,0.0,0.0,0.3922,0.188303,0.0,0,0.2638101132,2.5237368157,2.514636889944369
4.25302,4.08852,4.25302,2.07032,582.277,281.249,0.0,0.0,0.3888,0.187797,0.0,0,0.2521418501,2.4913002134,2.377554675491586
4.23963,4.07761,4.23963,2.08195,575.722,276.53,0.0,0.0,0.3888,0.186748,0.0,0,0.266990881,2.5233797651,2.5115485176550916
4.23899,4.07961,4.23899,2.08153,552.922,265.632,0.0,0.0,0.3806,0.182846,0.0,0,0.263375115,2.5189480629,2.4932239870822333
4.2381,4.07519,4.2381,2.08503,537.998,258.029,0.0,0.0,0.3768,0.180717,0.0,0,0.2671643774,2.5146760278,2.418883568104592
4.23855,4.07782,4.23855,2.08216,622.195,298.822,0.0,0.0,0.3756,0.18039,0.0,0,0.2661472861,2.5269590717,2.4027644648142736
4.24107,4.07806,4.24107,2.08195,577.159,277.221,0.0,0.0,0.3898,0.187228,0.0,0,0.2721153116,2.5227058949,2.5115485176550916
4.76638,3.82621,4.60043,2.19605,897.1,408.507,0.0,0.0,0.447,0.203547,9.11e-05,1,0.0030033731,0.280540096,0.2033828892902909
6.11636,4.97088,6.11301,1.14225,2249.13,1969.04,0.0,0.0,0.6532,0.571855,0.0,1,0.006513505,0.6508810558,0.6250639270327873
7.96604,6.5203,7.96604,1.06349,1820.47,1711.79,0.0,0.0,0.642,0.603674,0.0,1,0.0040102833,0.3865401954999999,0.39523422040649386
6.56785,5.33808,6.55603,1.09158,2281.03,2089.65,0.0,0.0,0.6788,0.621849,0.0,0,0.0053638072,0.5425551871000001,0.502992912877069
4.98774,3.97598,4.98541,1.35336,680.281,502.662,0.0,0.0,0.4972,0.367383,0.0,1,0.007926575,0.614253123,0.6172364947248149
11.02015,7.37075,10.14135,0.640306,2311.05,3609.3,0.0,0.0,0.7544,1.17819,0.0,1,0.0050301283,0.4899162866,0.4952552744994376
12.4058,6.44619,12.40529,0.643237,2322.53,3610.7,0.0,0.0,0.758,1.17841,0.0,1,0.0063159195,0.6019433985,0.5888007953727074
10.49302,6.38821,9.82708,0.743714,2384.9,3206.74,0.0,0.0,0.733,0.985594,0.0,1,0.005170069,0.5006612628,0.5164511561685905
6.97459,5.00942,6.97459,0.914112,2019.19,2208.91,0.0,0.0,0.6354,0.695101,0.0,0,0.0131409888,1.0627325425,1.1329471693680393
13.18784,9.81049,13.17941,0.452893,2109.4,4657.62,0.0,0.0,0.8114,1.79159,0.0,1,0.0045107781,0.456881802,0.4477396912135369
7.04459,5.28876,6.99806,2.24046,1871.0,835.095,0.0,0.0,0.6028,0.269052,0.0,1,0.0008487653,0.0822726791,0.10618345786068795
3.8316,3.43471,3.8316,1.99445,193.651,97.0949,0.0,0.0,0.3706,0.185815,0.0,1,0.0018235412,0.1698727971,0.13684830880179677
10.84435,6.73283,10.55041,0.748614,2330.25,3112.76,0.0,0.0,0.7394,0.987692,0.0,1,0.0057152751,0.5500050414000001,0.5465598945303795
10.91306,6.61562,10.91306,0.767829,2301.91,2997.95,0.0,0.0,0.734,0.955943,0.0,1,0.0047179271,0.4711174799,0.48264313024809075
5.59367,4.45075,5.58718,1.92976,2690.17,1394.04,0.0,0.0,0.6586,0.341285,0.0,1,0.0029425438,0.2788559899,0.24316038490786201
4.79205,3.60409,4.64994,1.39523,1791.62,1284.1,0.0,0.0,0.6494,0.465443,0.0,0,0.0012819222,0.1207843652,0.3087722741067535
4.86966,3.5837,4.85998,1.61768,883.144,545.932,0.0,0.0,0.542,0.335048,0.0,1,0.0012233891,0.1164833092,0.1664055280383695
4.69367,3.76314,4.57829,1.59692,967.946,606.132,0.0371682,0.0232749,0.536,0.335646,0.0,1,0.0013101261,0.1243281925,0.1370714053744596
4.66372,3.69734,4.59177,1.60534,930.362,579.543,0.167447,0.104306,0.5352,0.333388,0.0,1,0.0012902843,0.1256445547,0.13957852840136298
10.06674,5.89372,10.02896,0.775285,1690.92,2181.03,0.0,0.0,0.666,0.859039,0.0,1,0.0029514625,0.2978496877,0.30072290488240055
10.54329,3.57347,9.99148,0.796722,1428.62,1793.12,0.0,0.0,0.6376,0.800279,0.0,1,0.0025511443,0.2470969696999999,0.3531617078428818
5.98746,4.8264,5.9716,1.48355,1468.56,989.896,0.0,0.0,0.5258,0.35442,0.0,0,0.004932207,0.4486085086,0.3982233158327848
4.66693,3.601,4.66693,2.8376,304.361,107.26,28.0112,9.87147,0.401,0.141317,0.0,1,0.002048899,0.1793949912,0.17305923396292833
4.66481,4.27217,4.66481,1.62429,1132.96,697.513,6.84199,4.21231,0.5378,0.331099,0.0,1,0.0045376893,0.404344685,0.36864719887382574
6.21836,5.45282,6.15162,1.19004,1495.35,1256.55,0.0,0.0,0.585,0.491579,0.0,1,0.0065039144,0.5996895152,0.5846369635353255
7.00282,4.91398,6.98169,0.922936,2510.46,2720.08,0.0,0.0,0.6774,0.733962,0.0,1,0.0076991307,0.72559179,0.7225504735746625
5.54234,3.55384,5.35331,2.01055,805.607,400.69,0.0,0.0,0.4136,0.205715,0.0,1,0.0016199144,0.1508057294,0.15506355095620694
4.41914,3.78485,4.34144,1.40491,222.323,158.247,290.552,206.812,0.4588,0.326569,0.0,1,0.0124323457,0.8356394059000001,0.7702703377968606
6.17338,4.21228,5.94323,1.84008,1775.64,964.98,0.0,0.0,0.577,0.313573,0.0,0,0.0039389154,0.3547542001,0.35811299846508265
5.0132,3.85656,5.0132,1.33687,942.288,704.846,0.0,0.0,0.476,0.356055,0.0,0,0.0054378094,0.4771222225,0.4784164686601473
4.79928,3.48721,4.69113,1.33806,713.958,533.579,0.0,0.0,0.4706,0.351704,0.0,1,0.0093767628,0.7233021723999999,0.6877799186624795
7.9749,7.17885,7.94814,1.43251,1497.34,1045.25,0.0,0.0,0.5716,0.399019,0.0,1,0.0026568254,0.261319013,0.23147456601114808
5.00847,4.17233,5.00847,1.12183,1419.6,1265.43,13.3609,11.9099,0.5596,0.498828,0.0,1,0.006192848,0.5628253085,0.5864652697244211
5.72133,5.32598,5.72133,0.997473,1372.13,1375.6,0.0,0.0,0.5098,0.511092,0.0,1,0.0121569971,1.0485761103,0.9282351294237772
9.87335,7.01536,9.87051,1.00037,1639.71,1639.11,0.0,0.0,0.6506,0.650361,0.0,1,0.0060493312,0.5695204801,0.5575525712557815
4.79892,3.66567,4.79892,1.29583,1695.99,1308.8,0.0,0.0,0.5686,0.438791,0.0,1,0.007961493,0.7009478681999999,0.7369298702649599
4.78648,3.65733,4.78648,1.31907,1696.72,1286.3,0.0,0.0,0.5664,0.429393,0.0,1,0.0080770278,0.6912679927,0.7614012177000369
5.21247,3.83096,5.21247,1.25573,2044.79,1628.37,0.0,0.0,0.592,0.47144,0.0,1,0.0090428359,0.7945798933,0.8114693335816103
6.77584,4.90421,6.76317,0.994946,1162.28,1168.18,0.0,0.0,0.5484,0.551186,0.0,0,0.0051417218,0.4781394751,0.4501786051215031
5.24035,3.78554,5.21637,1.49263,550.2,368.611,159.888,107.118,0.4678,0.313407,0.0,0,0.0036801061,0.3196177374,0.3901990865754101
5.20828,4.58005,5.18499,1.11938,1150.31,1027.63,0.0,0.0,0.506,0.452034,0.0,0,0.0054114469,0.5059104047,0.5521430815851885
7.33692,7.13556,7.33692,0.746109,2128.73,2853.11,0.0,0.0,0.7,0.9382,0.0,1,0.0028685333,0.300707583,0.29931989622743366
5.04646,4.16361,5.04099,1.19416,1034.92,866.655,0.0,0.0,0.4922,0.412174,0.0,0,0.0058368708,0.5278098482,0.5317528977513133
5.7432,3.80242,5.74317,1.12837,1123.76,995.91,0.100812,0.089343,0.5302,0.469881,0.0,1,0.0048914085,0.457055365,0.41693127002646024
10.81058,10.12401,10.80581,0.637276,1876.75,2944.96,0.0,0.0,0.7144,1.12102,0.0,1,0.0035841136,0.351029556,0.3625809711695542
12.29446,11.95813,12.29446,0.744524,1605.86,2156.89,0.0,0.0,0.6934,0.931333,0.0,0,0.0043380344,0.4023435131,0.3938490769958292
9.12886,8.44595,9.12886,1.00188,1110.93,1108.85,0.0,0.0,0.56,0.558951,0.0,1,0.0025303785,0.2641439067,0.22584107242419138
4.76569,4.12526,4.76569,1.26221,800.094,633.883,4.17361,3.30659,0.4918,0.389634,0.0,1,0.0076547836,0.6232521086,0.6078476826541406
7.68803,7.36383,7.68803,0.950247,1850.19,1947.06,0.0,0.0,0.627,0.659828,0.0,1,0.005357283,0.4910334674,0.5120618913167865
12.42053,9.37645,12.42053,0.730593,2207.0,3020.84,0.0,0.0,0.7162,0.980299,0.0,1,0.0070505806,0.6257767545,0.6125524356201435
7.7972,3.97712,7.7972,1.1623,1447.09,1245.01,77.4656,66.6483,0.573,0.492986,0.0,1,0.0137275355,1.0434109369,0.9616508150508747
18.72717,7.12,18.72717,0.441638,1990.25,4506.52,0.0,0.0,0.8132,1.84133,0.00045286,0,0.0022578843,0.2150629312,0.2795205866547393
18.63539,7.90997,18.63539,0.469492,1954.88,4163.83,0.0,0.0,0.8032,1.71078,0.000425992,0,0.0021100007,0.2241012191,0.2560289381717519
10.7008,8.31199,10.7008,0.628411,1977.63,3147.04,0.0,0.0,0.7012,1.11583,0.0,1,0.0085204413,0.7253233842,0.7284330968002376
18.89368,6.63386,18.89368,0.562193,2169.18,3858.42,0.0,0.0,0.7916,1.40806,0.0,1,0.0052689992,0.51007215,0.5272720496096444
19.09514,6.59272,18.85083,0.559282,2154.91,3853.0,0.0,0.0,0.789,1.41074,0.0,1,0.004686861,0.465009904,0.4683977638671135
6.32175,3.7026,6.31403,1.91517,995.288,519.687,0.0,0.0,0.5032,0.262744,0.0,1,0.0029274741,0.2676760492,0.23936184889529644
6.26363,3.70776,6.26313,1.90371,978.115,513.793,0.0,0.0,0.5022,0.2638,0.0,1,0.0028919894,0.2684669980999999,0.23300540231892042
5.96918,4.1656,5.96918,1.0315,1325.72,1285.24,0.0,0.0,0.5408,0.524287,0.0,0,0.0045300776,0.4188951284,0.3951938169851772
6.89695,5.88693,6.88053,1.44086,1384.56,960.922,0.0,0.0,0.5716,0.396706,0.0,0,0.0086944346,0.7288140942,0.7156622209118154
4.49067,3.71104,4.4722,1.86928,279.265,149.397,0.0,0.0,0.3624,0.193872,0.0,1,0.0118070401,0.6207962618,0.6641304763312882
5.2054,3.59701,5.17347,1.40338,910.102,648.507,0.0,0.0,0.4596,0.327495,0.0,0,0.0136263144,0.9261026623,1.0263269210968624
6.00569,3.96893,5.96297,1.13245,277.836,245.342,598.929,528.881,0.5278,0.466071,0.0,1,0.0069486402,0.601181243,0.6130441727510272
5.12215,3.79398,5.11629,1.52223,483.947,317.921,0.0,0.0,0.445,0.292335,0.0,1,0.0060827856,0.4574421941,0.4501993937737995
6.24948,5.12409,6.24249,1.30647,1092.9,836.531,0.0,0.0,0.5376,0.411492,0.0,1,0.0025268761,0.2539178329,0.23065756605881482
5.82935,5.12372,5.78502,1.29204,2093.52,1620.33,0.0,0.0,0.6306,0.488067,0.0,1,0.0056101436,0.5161719065,0.49391510455769805
6.43873,5.71769,6.32596,3.20394,1423.73,444.368,0.0,0.0,0.5564,0.173661,0.0,1,0.0018739594,0.1819406753,0.13440538433705518
5.40379,4.11586,5.39113,1.20876,1724.57,1426.72,0.0,0.0,0.5842,0.483303,0.0,1,0.0051869729,0.4929527038,0.49548156189841097
5.93329,4.12111,5.93329,1.25624,296.676,236.162,0.0,0.0,0.4254,0.338629,0.0,0,0.0005968971,0.0525730064,0.06350717407259632
10.7777,6.68804,10.76442,1.37281,1712.63,1247.54,119.227,86.849,0.6828,0.497375,0.0,1,0.0042141409,0.3428913886,0.3920379581271358
13.44844,12.65122,13.43461,0.869875,2175.3,2500.7,0.0,0.0,0.7658,0.880357,0.0,1,0.0028325032,0.2800100789,0.27996705563733654
14.169,13.34985,14.06749,0.845802,2182.1,2579.91,0.0,0.0,0.7752,0.916526,0.0,1,0.0027464314,0.2675654376,0.2724948588379793
8.36355,6.76783,8.36355,1.33052,1528.86,1149.07,0.0,0.0,0.5564,0.418184,0.0,0,0.004258524,0.4134444555,0.3948651143464005
7.33223,5.00492,7.33223,0.937356,1880.0,2005.64,0.0,0.0,0.6136,0.654607,0.0,1,0.008337221,0.7290828827,0.7303527832534323
7.42883,6.43303,7.42883,0.851362,1993.43,2341.47,0.0,0.0,0.6496,0.763013,0.0,0,0.0056803176,0.5415326092,0.5241555052460602
7.09681,5.52234,7.09517,0.917986,1955.18,2129.86,0.0,0.0,0.6202,0.675609,0.0,0,0.0067931336,0.6359286175,0.6140452817660353
4.1653,3.49014,4.1653,1.2541,633.589,505.216,0.0,0.0,0.52,0.414641,0.0,0,0.0067957469,0.6044545186,0.6052071511819245
6.10574,5.26029,6.08367,1.19181,1276.39,1070.97,0.0,0.0,0.5272,0.442354,0.0,1,0.0043849957,0.4178944921,0.3995700597714991
7.16636,5.68293,7.16636,0.873364,2436.63,2789.93,0.0,0.0,0.6948,0.795545,0.0,0,0.0096648153,0.9071274687,0.9395066527092262
4.60111,3.76823,4.60111,1.18753,1551.89,1306.82,0.0,0.0,0.5832,0.491102,0.0,1,0.0075806811,0.6793541155,0.6874327200410076
8.29917,7.10888,8.29917,1.5444,1055.62,683.511,0.0,0.0,0.5688,0.368297,0.0,1,0.0008887156,0.0886454041,0.08007179724775426
8.10583,6.88134,8.10583,1.58436,1015.28,640.812,0.0,0.0,0.5632,0.355475,0.0,1,0.0009774582,0.0935456037,0.09112101482408996
5.66812,5.1578,5.66812,1.35058,1261.14,933.776,0.0,0.0,0.5436,0.402493,0.0,1,0.0045019943,0.3990869146,0.37460430535352657
9.38658,7.66741,9.38512,0.993168,1809.71,1822.16,0.0,0.0,0.6586,0.663131,0.0,1,0.0051100078,0.4845253613,0.47147804976645225
8.74352,7.39002,8.74352,1.23265,727.688,590.344,539.668,437.811,0.5772,0.468259,0.0,0,0.0157806373,1.2487374274,0.9522453620270638
8.28155,3.70267,8.27208,0.907108,1694.67,1868.21,61.3387,67.62,0.6404,0.70598,0.0,1,0.0042538169,0.3868375259,0.421675540471542
5.03839,3.5374,4.60238,0.993755,720.941,725.471,502.862,506.022,0.5306,0.533934,0.0,0,0.0229194904,1.4942495755,1.0050717722255191
5.3049,3.8372,5.3049,0.980252,740.547,755.465,511.645,521.952,0.5644,0.57577,0.0,0,0.0271751089,1.6890633144,1.1323891868534286
5.24679,3.7317,5.24381,0.97664,759.504,777.67,505.736,517.833,0.5526,0.565818,0.0,0,0.0269436156,1.701072305,1.1333757276550793
5.57567,4.9751,5.5219,1.4259,1132.91,794.523,0.0,0.0,0.4782,0.335368,0.0,1,0.0051399413,0.4599372096,0.47014923803182607
8.4023,7.67137,8.36811,1.09338,1571.87,1437.62,0.0,0.0,0.597,0.546011,0.0,1,0.0049136843,0.4747808453,0.43657983218560026
4.22005,3.96612,4.21245,1.88412,1523.37,808.528,0.0,0.0,0.519,0.27546,0.0,1,0.050748844,2.7443913635,2.0358380563358067
5.6328,3.44137,5.05356,2.33052,1152.05,494.331,0.0,0.0,0.4892,0.209911,0.0,1,0.0015493952,0.1543701743,0.1407493373823011
5.38689,3.95895,5.38689,2.21744,1372.1,618.775,0.0,0.0,0.5208,0.234865,0.0,1,0.0012769093,0.1193718513,0.12528936804887958
6.53947,4.17251,6.17765,1.42791,635.748,445.228,276.909,193.926,0.462,0.323549,0.0,1,0.0144978439,0.9148483815,0.8840573416854013
15.66484,9.57746,15.5128,0.72296,1280.06,1770.59,458.981,634.865,0.7258,1.00393,0.0,1,0.005352994,0.5145073122,0.5124691507746404
8.01686,3.8968,7.05023,1.88749,1060.89,562.066,12.103,6.41222,0.5204,0.27571,0.000105961,1,0.0016305415,0.1392106066,0.1572471629404828
4.32673,3.84006,4.30197,1.1945,1774.51,1485.57,0.0,0.0,0.5874,0.491753,0.0,1,0.0192856784,1.5811829769,1.385726514469236
17.45826,13.87931,17.45826,0.40339,1714.83,4251.06,45.6222,113.097,0.8208,2.03476,0.0,1,0.0090099381,0.8464649647,0.6349189548479581
6.29282,4.92678,6.2328,1.05196,1843.91,1752.83,0.0,0.0,0.6012,0.571503,0.0,1,0.0059874377,0.5385977956,0.5515234749666049
5.43965,4.08712,5.41186,1.05892,1153.3,1089.13,0.0,0.0,0.5644,0.532997,0.0,1,0.0060463021,0.5437287665,0.5468352183872178
6.23732,6.06718,6.23732,1.12213,1424.12,1269.12,0.0,0.0,0.5374,0.47891,0.0,1,0.0157776886,1.3174626592,1.1914974576769854
6.23863,6.07222,6.23863,1.11938,1449.31,1294.74,0.0,0.0,0.536,0.478835,0.0,1,0.0160392242,1.3040974538,1.1938664699660149
4.77526,3.80831,4.76074,1.15827,1072.88,926.279,0.0,0.0,0.5544,0.478644,0.0,0,0.0108204783,0.8814972675,0.8970884962224477
9.59326,6.44061,9.30682,0.587991,2547.85,4333.14,0.0,0.0,0.7478,1.27179,0.0,1,0.005551847,0.5653068329,0.5485420214615964
5.74941,4.06197,5.74941,1.46194,999.211,683.482,0.0,0.0,0.4946,0.338317,0.0,1,0.0060499855,0.5124864703,0.45614618951447344
5.55428,3.97006,5.53082,1.38654,927.307,668.791,0.0,0.0,0.4542,0.327578,0.0,1,0.0067258183,0.5519595268999999,0.510386694153302
5.31129,3.4955,5.31129,1.49762,283.2,189.1,22.2509,14.8575,0.4336,0.289526,0.0,0,0.0003072279,0.0327655458,0.1334768869522095
6.17658,3.63409,6.12044,1.11816,999.382,893.777,0.0,0.0,0.5212,0.466125,0.0,0,0.0131656381,0.9541184094,1.0039331406422194
4.52715,3.99796,4.52715,1.63451,828.325,506.772,0.0,0.0,0.4522,0.276657,0.0,0,0.0225841334,1.3690930024,1.486548665581207
5.01289,4.70268,4.9859,1.56754,1059.53,675.918,0.0,0.0,0.4664,0.297536,0.0,0,0.020668693,1.3090973735,1.3979158599318504
10.41333,8.31604,10.41316,0.437831,2285.29,5219.56,0.0,0.0,0.8158,1.86328,0.0,1,0.0043223399,0.4312056481,0.44297726629453926
4.53887,4.18445,4.52808,1.74664,609.414,348.906,0.0,0.0,0.3514,0.201186,0.0,1,0.0036643091,0.2955982246999999,0.30741897102249927
7.89572,6.99253,7.70374,1.77084,1845.07,1041.92,0.0,0.0,0.6216,0.35102,0.0,1,0.0009670775,0.0972509719999999,0.12286056714129345
6.32737,4.10631,6.32737,1.16822,1034.31,885.371,0.0,0.0,0.4844,0.414648,0.0,0,0.0072778134,0.5985830802000001,0.6156363222209082
7.52321,5.78841,7.52321,1.16388,884.56,760.01,0.0,0.0,0.503,0.432176,0.0,0,0.0021888852,0.2126943438,0.23347359884246444
5.2589,3.87482,5.25696,1.10135,1180.95,1072.27,0.0,0.0,0.523,0.474873,0.0,0,0.0038660708,0.3483527904,0.4377251705123911
6.03251,4.99461,5.9659,1.6794,1408.86,838.909,0.0,0.0,0.5636,0.335597,0.0,1,0.0051410096,0.4704965507999999,0.4388899193279127
7.40421,4.16757,5.0872,1.17134,507.024,432.857,384.327,328.109,0.5032,0.429593,0.0,1,0.0045337659,0.4214845159,0.42559821294134165
5.34756,3.50411,5.30221,1.22931,1132.44,921.195,0.0,0.0,0.5072,0.412588,0.0,1,0.008442149,0.7246072781999999,0.7741040154176372
6.289,4.7993,6.289,1.17213,2075.39,1770.61,0.0,0.0,0.6006,0.512401,0.0,1,0.0098362739,0.8616120862000001,0.9155717633318645
6.34991,4.99732,6.34991,1.15815,2148.84,1855.41,0.0,0.0,0.6062,0.523422,0.0,1,0.0089543204,0.7850934820000001,0.8130465325404514
5.07535,4.01579,4.60929,1.15907,1720.4,1484.3,0.0,0.0,0.6208,0.535603,0.0,1,0.0095019589,0.8425433717,0.8412886422963225
9.16164,8.79623,9.14564,1.02635,1440.32,1403.34,0.0,0.0,0.5862,0.571148,0.0,1,0.0038712532,0.3625088882,0.3583297964758364
13.12266,12.88152,13.12266,1.5741,1371.05,871.007,0.0,0.0,0.6462,0.41052,0.0,1,0.0023401021,0.2131681939,0.2337566829957911
16.03482,3.9849,16.03053,0.771409,1799.33,2332.52,0.0,0.0,0.674,0.873726,0.0,1,0.0079484985,0.7413092229000001,0.6942769688603898
10.0936,8.00204,10.0936,0.620421,2302.26,3710.81,0.0,0.0,0.7974,1.28526,0.0,1,0.0022558857,0.2343375269,0.24605157838596525
5.54429,4.75767,5.52159,1.04137,1912.89,1836.9,0.0,0.0,0.6486,0.622835,0.0,0,0.0082408159,0.7882337898999999,0.7816070607138466
4.35841,3.42866,4.08742,1.28106,653.787,510.347,0.0,0.0,0.5112,0.399044,0.0,1,0.0123864201,0.9064841242,0.870945918661388
6.09623,3.46864,4.58597,0.972297,496.247,510.387,355.216,365.337,0.5562,0.572048,0.0,0,0.0121568517,0.8711784281999999,0.842448363116326
5.15523,4.10902,5.14793,1.47553,1007.23,682.626,0.0,0.0,0.5412,0.366783,0.0,1,0.00847162,0.7098450358,0.6468796629251014
6.1178,3.53855,6.08833,1.24225,1087.35,875.308,0.0,0.0,0.5306,0.427128,0.0,1,0.0182727975,1.3608965664,1.3843713482488735
8.84631,4.18602,8.84631,1.16199,2235.29,1923.68,0.0,0.0,0.7052,0.606892,0.0,1,0.0021633985,0.2103139087999999,0.2072025876913115
8.86151,4.15241,8.85959,0.875522,2235.36,2553.18,0.0,0.0,0.7024,0.802264,0.0,1,0.0032233091,0.3093530971,0.33384675397369523
9.07609,4.33235,9.07609,1.01182,2282.57,2255.9,0.0,0.0,0.7134,0.705063,0.0,1,0.0021828263,0.2244813467,0.21643902781607527
9.01357,4.32605,9.01322,1.00423,2256.36,2246.85,0.0,0.0,0.7102,0.707207,0.0,1,0.0022871463,0.2269106148999999,0.2384887260246304
8.82176,4.19423,8.82039,1.0822,2240.28,2070.12,0.0,0.0,0.7116,0.657551,0.0,1,0.0022040552,0.222017696,0.21629523538978668
8.85655,4.22407,8.85397,1.08196,2247.94,2077.65,0.0,0.0,0.7126,0.658619,0.0,1,0.0022730262,0.2208248067,0.23355788261620747
3.85567,3.41897,3.84405,2.08835,240.166,115.003,0.0,0.0,0.399,0.19106,0.0,1,0.0014140489,0.1339375446,0.10686666159691882
4.62788,3.52973,4.62788,1.93637,626.775,323.686,0.0,0.0,0.4208,0.217314,0.0,1,0.0046494021,0.3808616771999999,0.3707751724161093
4.57962,3.51552,4.57962,1.96606,599.01,304.676,0.0,0.0,0.431,0.219221,0.0,1,0.0046528375,0.3911121702,0.3530452499161046
7.10434,4.41446,7.10434,0.83655,2601.4,3109.67,0.0,0.0,0.663,0.79254,0.0,1,0.0079171075,0.7423607841,0.760390893917075
7.12232,4.94837,7.12232,0.851796,2450.87,2877.3,0.0,0.0,0.6816,0.800191,0.0,1,0.0075326148,0.7273794586,0.7097603526995633
13.45228,4.98216,13.45228,0.776126,1903.68,2452.8,0.0,0.0,0.7,0.901915,0.0,1,0.0081488106,0.7357556615999999,0.7028086108298586
6.53453,3.93626,6.37422,1.34798,1587.17,1177.44,0.0,0.0,0.564,0.418403,0.0,0,0.0120844962,1.0231573806999998,0.9670497193126935
5.49353,3.97352,5.49353,2.17321,1195.36,550.044,0.0,0.0,0.4624,0.212773,0.0,1,0.0015757997,0.1550169914,0.1376194692584778
7.56745,6.68911,7.56745,1.07613,1712.53,1591.37,0.0,0.0,0.6018,0.559224,0.0,1,0.0048012417,0.454253291,0.4534570415458123
17.00981,12.93858,16.43746,0.345463,1901.41,5503.94,0.0,0.0,0.8556,2.47668,0.0,1,0.0052034902,0.5085474541,0.4987772050827412
7.96067,5.75072,7.91611,0.695846,2746.18,3946.53,0.0,0.0,0.699,1.00453,0.0,1,0.0057959279,0.5769713845000001,0.5594904451640759
11.39615,10.64646,11.39615,1.17113,1550.28,1323.75,0.0,0.0,0.633,0.540502,0.0,1,0.0032624786,0.3113245089,0.31786340198662266
11.35149,10.97665,11.35149,1.17524,1535.17,1306.26,0.0,0.0,0.6334,0.538952,0.0,1,0.0035206987,0.3399014703,0.3526693889489326
4.05904,3.742,4.05904,1.16225,487.528,419.471,0.0,0.0,0.474,0.407831,0.0,0,0.0093076941,0.7732249584,0.7623839142188671
7.40097,5.49968,7.39892,0.842634,2070.76,2457.48,0.0,0.0,0.6368,0.755726,0.0,1,0.0085845508,0.7651076424,0.7468719660502233
5.87047,3.9227,5.87047,0.947947,1478.21,1559.38,0.0,0.0,0.5784,0.610161,0.0,1,0.0112605932,0.9895097073,0.9404689511099636
5.71546,4.10727,5.46236,1.11201,1652.38,1485.94,0.0,0.0,0.5826,0.523916,0.0,1,0.0100607632,0.8225896688,0.8854647479618122
9.09863,5.59872,6.09599,0.664973,2891.83,4348.79,0.0,0.0,0.734,1.1038,0.0,1,0.0064594859,0.6208441928,0.6449968773491783
7.154,7.00039,7.154,1.18269,1555.75,1315.44,0.0,0.0,0.5548,0.469101,0.0,0,0.0157151832,1.4423553381,1.2766869978459277
5.86925,5.28522,5.86925,1.2305,998.395,811.372,0.0,0.0,0.5042,0.409751,0.0,1,0.0039835834,0.3724384934,0.3538213512519088
7.6924,7.0244,7.6924,0.745846,2238.41,3001.16,0.0,0.0,0.7254,0.972586,0.0,1,0.0033472701,0.3391210763,0.35687321291236546
4.042,3.49537,4.03529,1.20973,330.783,273.436,0.0,0.0,0.4026,0.332802,0.0,1,0.0013457199,0.1238357029,0.1982377869093519
5.76963,3.48376,5.76943,1.68342,1111.0,659.968,0.0,0.0,0.502,0.298203,0.0,0,0.083172091,2.8826522702,2.899082556104938
8.15867,4.39162,7.93074,1.10978,1802.12,1623.85,0.0,0.0,0.6112,0.550741,0.0,1,0.0055190982,0.5025000978,0.5124791345260835
15.82314,6.52553,15.81665,0.498918,2302.42,4614.84,0.0,0.0,0.813,1.62953,0.0,1,0.0038826039,0.3905526917,0.39946052580039565
9.49894,7.59757,9.49894,1.33539,970.819,726.992,135.046,101.128,0.563,0.421599,0.0,0,0.0050329729,0.4745230935,0.48659304686043914
9.68562,8.04863,9.67315,1.02009,1679.74,1646.65,0.0,0.0,0.6478,0.635039,0.0,1,0.0054420823,0.5079966297,0.5028534782752558
11.60468,9.32321,11.60031,0.548188,2435.64,4443.09,11.1166,20.2788,0.7802,1.42324,0.0,1,0.0072842382,0.6901115091,0.6408653095055498
4.53044,4.08038,4.52326,1.56068,421.065,269.795,0.0,0.0,0.3414,0.21875,0.0,0,0.0226057954,0.9915130349,1.1839488233323499
6.32642,5.9567,6.32642,1.52435,1274.9,836.355,0.0,0.0,0.531,0.348344,0.0,1,0.0026997308,0.2625013076,0.24039283039398662
6.63827,3.41985,6.40814,1.54439,1188.39,769.486,0.0,0.0,0.551,0.356774,0.0,1,0.0023204956,0.2152587822,0.25510445768431306
6.01321,5.05928,6.00094,1.13873,1248.11,1096.06,0.0,0.0,0.5186,0.45542,0.0,1,0.006276602,0.5632624571,0.5567769848975231
5.96101,4.69934,5.94878,0.918723,1885.07,2051.84,0.0,0.0,0.6022,0.655475,0.0,0,0.0062272733,0.6018974003,0.5726869421684614
8.21752,5.99671,8.17631,0.756185,2155.93,2851.06,0.0,0.0,0.6702,0.886291,0.0,0,0.0045956888,0.4481770898,0.4379501396386732
7.23193,5.49922,7.23193,0.857312,2138.95,2494.95,0.0,0.0,0.6398,0.746286,0.0,1,0.0051110424,0.4791623665,0.48906197962105646
8.99031,6.43493,8.98641,0.682799,2139.49,3133.41,0.0,0.0,0.724,1.06034,0.0,1,0.0034939376,0.3709068022999999,0.37158629009804667
5.99531,3.70069,5.99531,1.19863,1096.35,914.669,0.0,0.0,0.5274,0.440003,0.0,0,0.0099276319,0.8098236738,0.8218525674114128
4.9876,4.51456,4.96943,1.17458,1752.87,1492.33,0.0,0.0,0.5624,0.478808,0.0,1,0.0288711725,2.2237675046,1.618430884498673
6.43529,3.57476,6.40936,1.70833,1135.33,664.583,0.0,0.0,0.5116,0.299474,0.0,1,0.0013192475,0.1227385625,0.13755976209126297
6.52732,5.75532,6.52732,1.40591,2132.81,1517.03,0.0,0.0,0.6336,0.450668,0.0,1,0.0022217367,0.2125717041,0.23160044922982181
5.2858,4.45812,5.28563,1.33637,1775.08,1328.28,0.0,0.0,0.5648,0.422636,0.0,1,0.0091481021,0.7989960251999999,0.7728743023146977
5.25791,4.32138,5.25791,1.34435,1760.82,1309.79,0.0,0.0,0.5618,0.417897,0.0,1,0.0098413451,0.8380922245999999,0.8905051048588325
4.71483,3.76667,4.71105,1.33401,1622.86,1216.53,0.0,0.0,0.597,0.447522,0.0,0,0.0100457285,0.8755627474,0.9176120976869387
7.34019,4.77821,7.34019,1.20148,1239.75,1031.85,0.0,0.0,0.5382,0.447947,0.0,1,0.0032640124,0.3025916644999999,0.30681305774904416
4.68942,3.81829,4.68942,1.2394,1057.89,853.554,15.7348,12.6955,0.5034,0.406165,0.0,0,0.0099844424,0.8397856398000001,0.8462189041512217
4.50943,3.7344,4.50943,1.24034,1046.3,843.559,44.3105,35.7246,0.5234,0.421982,0.0,0,0.009839082,0.8037305825,0.8226642524210278
5.81645,3.98304,5.23805,1.24255,1038.8,836.024,5.34967,4.30539,0.5324,0.428473,0.0,0,0.0112767872,0.8460367048,0.8193525134354173
5.41485,4.53855,5.40953,1.12052,1544.19,1378.11,0.0,0.0,0.5672,0.506195,0.0,0,0.0115438608,0.9758995599,0.9800586192071954
4.90746,3.89074,4.89557,1.60125,914.813,571.31,2.67246,1.66898,0.5046,0.315128,0.0,1,0.0008823522,0.0907847059999999,0.12580260027263768
5.69957,3.6274,5.51939,1.30616,1011.9,774.717,0.0,0.0,0.4788,0.366572,0.0,0,0.0165943643,1.1745737036,1.1609778335950007
7.13295,5.12512,7.13295,1.3542,1081.87,798.902,136.454,100.763,0.5622,0.415152,0.0,1,0.0061489752,0.4602465789,0.5038761430437627
4.82648,4.29457,4.79942,1.65303,931.318,563.4,0.0,0.0,0.5062,0.306225,0.0,0,0.0195698262,1.1325352654,1.289442091261889
4.88877,3.9894,4.88281,1.93052,846.514,438.489,0.0,0.0,0.4838,0.250606,0.0,0,0.0220822963,1.1525924171,1.4098675134269616
10.30187,9.48231,10.30187,0.81249,1810.52,2228.36,0.0,0.0,0.7266,0.894287,0.0,1,0.002458533,0.2441330681,0.24451746166810473
4.3412,3.92268,4.32302,2.14557,765.165,356.625,0.0,0.0,0.4758,0.221759,0.0,1,0.0059363701,0.5069720904,0.4641032053481852
6.35292,3.79738,6.26017,1.1566,1285.87,1111.77,0.0,0.0,0.5552,0.480028,0.0,0,0.0074185984,0.6586705762,0.6752553968487712
4.54882,3.46995,4.4502,1.3343,589.598,441.88,43.1614,32.3477,0.4772,0.357642,0.0,1,0.005689185,0.4588430541,0.49575500396988725
12.53445,5.46518,12.53445,1.01277,1389.34,1371.82,0.0,0.0,0.569,0.561827,0.0,1,0.0034989472,0.3197593352,0.3601781189342743
12.25139,5.76203,12.25139,1.08035,1360.26,1259.1,0.0,0.0,0.5706,0.528164,0.0,1,0.0026771056,0.2582274899,0.25262048438050105
11.02589,4.28602,10.76042,0.996288,2238.65,2246.99,0.0572152,0.0574284,0.7148,0.717463,0.0,0,0.0041862672,0.4001537425,0.3985284615240172
10.20306,4.32155,10.18509,0.904718,2332.63,2578.3,0.0,0.0,0.6856,0.757805,0.0,0,0.0066417867,0.6329360415999999,0.6237697119430998
4.97649,4.04567,4.52041,1.68332,1607.37,954.88,0.0,0.0,0.565,0.335646,0.0,1,0.0036996225,0.3478664717,0.35655023337024216
8.07265,7.09602,8.06746,0.782971,2020.36,2580.37,0.0,0.0,0.686,0.87615,0.0,1,0.0040016156,0.4020163718,0.393954795314244
8.05298,7.05859,8.05298,0.781018,1992.35,2550.96,0.0,0.0,0.686,0.878341,0.0,1,0.0037752579,0.3819154932999999,0.3763156292311769
6.93106,3.47964,6.92655,1.61189,1003.29,622.432,0.0,0.0,0.4932,0.305976,0.0,1,0.0035962829,0.328808247,0.3376232530749746
6.31655,5.18077,6.31594,1.2374,1037.41,838.376,200.543,162.068,0.5652,0.456764,0.0,1,0.0049485402,0.4734637604,0.43901441344098685
6.37646,5.20524,6.37646,1.60506,1041.49,648.879,0.0,0.0,0.4822,0.300425,0.0,1,0.0035733307,0.333481061,0.29304229817220573
6.33826,5.17201,6.33534,1.7631,1025.51,581.65,0.0,0.0,0.477,0.270547,0.0,1,0.0035129952,0.3229343264,0.313467710052637
6.94552,5.78544,6.80825,1.42342,1408.53,989.544,0.0,0.0,0.5446,0.3826,0.0,0,0.0050810578,0.463440995,0.44482461921490657
6.83817,5.86962,6.83673,1.42399,1416.84,994.976,0.0,0.0,0.5302,0.372334,0.0,0,0.0047270032,0.4513569298,0.4088424183982731
6.98127,5.93133,6.98127,1.4203,1415.91,996.914,0.0,0.0,0.523,0.368233,0.0,0,0.0049512022,0.4702101767,0.4170495712960365
4.80581,3.79614,4.80581,1.56913,728.185,464.069,0.0,0.0,0.453,0.288695,0.0,0,0.0205677021,1.2407023352,1.2746305862373304
7.15126,3.56969,7.13771,1.0729,864.959,806.188,0.0,0.0,0.517,0.481871,0.0,1,0.001818861,0.1839543209,0.24112410524084438
15.05129,7.94511,15.02301,0.572296,2220.51,3880.01,0.0,0.0,0.8096,1.41465,0.0,0,0.0028553651,0.2786325432,0.31119534952785544
10.14339,9.60102,10.14163,0.701942,1675.6,2387.1,0.0,0.0,0.6396,0.911186,0.0,1,0.0070136397,0.640478063,0.6063876433143564
9.73301,9.22346,9.73301,0.709285,1668.91,2352.94,0.0,0.0,0.6328,0.892166,0.0,1,0.007149831,0.6475960395,0.615548738227123
20.18169,6.42425,20.08436,0.514184,2007.78,3904.79,0.0,0.0,0.7952,1.54653,0.0,0,0.0047207592,0.443655953,0.4700260965693306
4.68454,4.06012,4.68454,1.064,2087.99,1962.4,0.0,0.0,0.6166,0.579512,0.0,1,0.0195300673,1.643082406,1.3463050653130577
4.66904,4.09054,4.65339,0.942406,2112.21,2241.29,0.0,0.0,0.6186,0.656405,0.0,1,0.0236116185,1.9740968163,1.4226680196386348
6.15081,4.94067,6.15081,1.68632,1580.27,937.116,0.0,0.0,0.5538,0.328408,0.0,1,0.001635615,0.1636721736,0.1408578453518441
18.86769,11.8721,18.86769,0.449382,1927.35,4288.89,0.0,0.0,0.8286,1.84387,0.0,1,0.0037105618,0.3996070253,0.36212669621395227
32.00355,17.55175,32.00033,0.223433,1188.94,5321.22,0.0,0.0,0.9102,4.0737,0.0,1,0.0042449226,0.4347799545,0.41799774448265886
6.21117,5.18074,6.19848,1.9388,1406.45,725.426,0.0,0.0,0.5234,0.269961,0.0,1,0.0022426515,0.217102765,0.20204048054255175
4.90975,3.65701,4.90975,1.37616,1012.21,735.536,0.0,0.0,0.5236,0.380479,0.0,1,0.0099763555,0.8425842065000001,0.875015050930983
11.80846,11.56903,11.80846,0.664854,1743.47,2622.33,0.0,0.0,0.7086,1.0658,0.0,0,0.0041551045,0.431646584,0.3673752503822334
13.9402,7.42068,13.92619,0.633535,2119.03,3344.77,0.0,0.0,0.7538,1.18983,0.0,1,0.0059568014,0.5842515143,0.5639269458608946
14.03164,7.36423,14.03164,0.622681,2210.2,3549.5,0.0,0.0,0.7674,1.23241,0.0,1,0.0061317681,0.598817216,0.5748050967485869
7.49823,4.6446,7.49513,1.19407,2411.1,2019.23,0.0,0.0,0.6618,0.554241,0.0,1,0.0044526588,0.4217883947999999,0.4245452174723833
7.45855,4.62821,7.45855,1.23037,2420.25,1967.09,0.0,0.0,0.6578,0.534636,0.0,1,0.004574939,0.4405825985,0.43235833847753313
7.44488,4.63983,7.44488,1.22204,2431.75,1989.92,0.0,0.0,0.6646,0.543847,0.0,1,0.0042333339,0.4209199386,0.4141089952640756
7.37601,4.62938,6.94846,1.24921,2427.77,1943.44,0.0,0.0,0.6582,0.526892,0.0,1,0.0046499297,0.4271693528999999,0.4339747997489551
7.3331,4.59835,7.3331,1.27304,2426.84,1906.33,0.0,0.0,0.656,0.5153,0.0,1,0.0056263664,0.5457630176,0.5066758240326689
16.88905,3.72632,16.88905,0.773731,1979.77,2558.73,0.0,0.0,0.6948,0.897987,0.0,1,0.006090574,0.5511263981,0.5758571576145923
10.42385,9.24875,10.42385,0.730648,2142.0,2931.64,0.0,0.0,0.6842,0.936428,0.0,1,0.0064138888,0.6174756182,0.6124365792293427
4.75768,3.68765,4.75768,1.76453,773.951,438.616,0.0,0.0,0.4424,0.250719,0.0,0,0.0066042305,0.5328227140999999,0.546336285238018
4.7992,3.7527,4.7992,1.74298,825.866,473.823,0.0,0.0,0.449,0.257604,0.0,0,0.0067406946,0.5374244124,0.547893001279777
4.7247,3.65018,4.71583,1.7748,745.205,419.881,0.0,0.0,0.4386,0.247126,0.0,0,0.0063503437,0.5382876275,0.5558774246693137
4.87963,3.68372,4.87963,1.74048,783.372,450.089,0.0,0.0,0.4496,0.258319,0.0,0,0.0061980116,0.5264644364,0.4994622927158988
5.01891,3.78432,5.01891,1.70287,870.252,511.052,0.0,0.0,0.4636,0.272247,0.0,0,0.0062122927,0.5096698244,0.5195792215174603
4.82471,3.66332,4.81898,1.76393,749.866,425.111,0.0,0.0,0.4434,0.25137,0.0,0,0.0066327927,0.5304885423,0.5492717492155346
5.30133,3.89271,5.30133,1.65496,952.5,575.542,0.0,0.0,0.4798,0.289916,0.0,0,0.0054315908,0.4719009888,0.4967136324944046
5.38184,3.95166,5.35574,1.6285,1006.66,618.147,0.0,0.0,0.4894,0.300521,0.0,0,0.0054522191,0.4653618168,0.4869637397537508
5.25122,3.88968,5.21988,1.66955,927.396,555.476,0.0,0.0,0.4762,0.285226,0.0,0,0.0058949342,0.4861027818,0.5143617810320342
7.06296,5.57011,7.05951,3.18911,938.163,294.177,124.289,38.973,0.4932,0.154651,0.0,1,0.0008161571,0.075626752,0.09322293480528432
5.13346,3.60858,4.57199,1.35089,285.546,211.376,191.611,141.84,0.4084,0.302318,0.0,1,0.0084955291,0.6057806886,0.6276844775469982
8.50827,7.36867,8.50827,1.45663,1110.96,762.692,3.7965,2.60636,0.5674,0.38953,0.0,1,0.0008863918,0.0869155510999999,0.12395791708988835
9.04941,7.56212,9.04941,1.42787,1214.86,850.82,0.0,0.0,0.5802,0.406339,0.0,1,0.000926965,0.0892475244,0.12477587091991105
8.62609,7.08161,8.6236,1.5406,1133.11,735.501,0.0,0.0,0.5798,0.376347,0.0,1,0.0007667154,0.0782774523,0.08127913960095967
7.96983,7.14498,7.96983,0.958363,1366.23,1425.59,0.0,0.0,0.6056,0.631911,0.0,1,0.0034906411,0.3341092041,0.34776824000783485
7.23675,3.61132,7.23452,1.15081,1184.22,1029.04,0.0,0.0,0.5324,0.462633,0.0,1,0.004580332,0.4228217621,0.4617470697569868
4.61161,3.58405,4.59865,1.78633,690.02,386.278,0.0,0.0,0.436,0.244076,0.0,0,0.0061234323,0.5053410544,0.5432593171700212
4.72463,3.68194,4.72463,1.75151,766.584,437.671,0.0,0.0,0.4498,0.256808,0.0,0,0.0062456154,0.5157250246,0.5115841627031474
4.56807,3.54686,4.56807,1.80221,654.259,363.032,0.0,0.0,0.4324,0.239928,0.0,0,0.0060298116,0.5062756752,0.5405213299921888
4.94759,3.68791,4.94354,1.71164,846.153,494.351,0.0,0.0,0.4572,0.267112,0.0,0,0.0061916644,0.5076371432,0.5278742450375457
5.06856,3.78234,5.06856,1.67303,915.135,546.992,0.0,0.0,0.4718,0.282003,0.0,0,0.0057854455,0.4835956496,0.486357065899933
4.9018,3.64376,4.89963,1.7317,810.432,467.997,0.0,0.0,0.4504,0.260091,0.0,0,0.006324955,0.52512201,0.5255653926763223
4.60883,3.61545,4.57384,1.79637,691.539,384.965,0.0,0.0,0.4298,0.23926,0.0,0,0.0060583739,0.511140781,0.5460493523896692
4.67382,3.68928,4.66396,1.76633,754.073,426.914,0.0,0.0,0.4402,0.249217,0.0,0,0.0062773512,0.5174117851,0.5252800027340748
4.56098,3.58427,4.53545,1.81346,655.548,361.491,0.0,0.0,0.426,0.234911,0.0,0,0.0062567229,0.5227116721,0.5417315333162696
4.86464,3.71164,4.85271,1.72603,830.972,481.435,0.0,0.0,0.4544,0.263263,0.0,0,0.0062043588,0.5097682055,0.5106694743251434
4.94738,3.78699,4.94738,1.70037,871.961,512.806,0.0,0.0,0.4662,0.274175,0.0,0,0.0062138795,0.5062677412,0.518310836577601
4.82301,3.70763,4.82301,1.74152,807.966,463.944,0.0,0.0,0.4514,0.259199,0.0,0,0.0064376173,0.5289953705,0.5541138750057164
8.44,5.51406,8.10508,0.6075,2688.56,4425.61,0.0,0.0,0.7444,1.22535,0.0,1,0.0058324568,0.576116313,0.5779740342621498
5.8871,5.25211,5.8871,0.735505,2646.72,3598.51,0.0,0.0,0.6844,0.930517,0.0,1,0.006891442,0.665520424,0.6748035937628223
9.48433,7.47639,9.46555,0.558554,2612.29,4676.87,0.0,0.0,0.765,1.36961,0.0,1,0.005978699,0.5675257319,0.5746345304004321
4.79937,4.4136,4.79752,1.0571,1265.99,1197.61,0.0,0.0,0.5494,0.519725,0.0,0,0.0084006187,0.7566092579000001,0.7395320491365197
10.63837,6.01154,10.63837,1.05177,1918.06,1823.65,0.0,0.0,0.667,0.634168,0.0,1,0.0025738344,0.2550705301,0.25806164154371397
6.49972,5.39746,6.49972,1.04902,2642.26,2518.78,0.0,0.0,0.76,0.724483,0.0,1,0.0013112173,0.1318438469,0.1451216546169174
11.85606,6.40748,11.85606,0.818223,2181.06,2665.61,0.0,0.0,0.7028,0.858935,0.0,1,0.0088227645,0.7216081301999999,0.7602175541933524
8.4539,5.80719,8.43976,0.806367,1866.49,2314.69,0.0,0.0,0.644,0.798644,0.0,1,0.0049521486,0.4767885414,0.4659139616975417
4.31898,3.41744,4.31844,1.44504,366.268,253.467,91.9485,63.6306,0.472,0.326636,0.0,1,0.002963686,0.278125973,0.280558307886584
5.69424,3.91942,5.43239,1.32791,1077.9,811.729,0.0,0.0,0.5284,0.397919,0.0,0,0.008864041,0.6901172631999999,0.6742478500727073
9.94924,7.55081,9.94924,0.836734,2096.15,2505.16,0.0,0.0,0.7358,0.879372,0.0,1,0.0015030538,0.1510556165,0.1602227680038366
5.86863,4.46882,5.70658,1.13108,1072.3,948.033,0.0,0.0,0.5246,0.463806,0.0,0,0.0060878301,0.5391446752,0.5212632054923041
9.1257,4.85174,9.11367,0.956862,1879.49,1964.22,0.0,0.0,0.637,0.665718,0.0,1,0.0066164952,0.6432993483,0.6172979864554008
5.62761,3.49058,5.62761,1.17342,1545.25,1316.88,0.0,0.0,0.567,0.483203,0.0,1,0.0102305038,0.8244866387,0.9120627880120767
8.39896,7.78516,8.38426,1.2112,2073.27,1711.74,0.0,0.0,0.6754,0.557627,0.0,0,0.0039295121,0.3693366105,0.36896804012803375
8.3208,7.63206,8.31922,1.20763,2065.46,1710.34,0.0,0.0,0.6766,0.560269,0.0,0,0.0036918586,0.3585579372,0.35386690184201086
8.38921,7.68868,8.37589,1.19762,2072.68,1730.66,0.0,0.0,0.6836,0.570798,0.0,0,0.0037879733,0.3699021074,0.3571884834121781
8.52507,7.77175,8.50752,1.1812,2086.39,1766.33,0.0,0.0,0.685,0.579917,0.0,0,0.0038590718,0.3713833274,0.35806552722500223
5.28259,5.11208,5.27848,1.1717,1472.77,1256.95,0.0,0.0,0.5292,0.451653,0.0,0,0.0121718662,0.9482227521,0.9750843487448753
5.62673,5.01808,5.62673,1.04593,1347.49,1288.32,0.0,0.0,0.553,0.528716,0.0,1,0.0110476259,0.9157809239,0.8725221053155899
6.00758,5.1022,6.00758,1.07326,1338.2,1246.86,0.0,0.0,0.5502,0.512645,0.0,1,0.0067746267,0.5979205120000001,0.5641497466148033
5.48382,4.82541,5.46744,1.30816,1237.43,945.928,0.0,0.0,0.5374,0.410806,0.0,1,0.0086456614,0.7394458917,0.7149059883607767
5.50015,4.83636,5.44966,1.30452,1262.04,967.436,0.0,0.0,0.5462,0.418699,0.0,1,0.0087063521,0.7359662935,0.7313352586848985
5.53774,4.87922,5.44835,1.29563,1278.59,986.85,0.0,0.0,0.5392,0.416168,0.0,1,0.0085206018,0.7329262428,0.7096257275666636
5.4394,4.78188,5.37771,1.31451,1235.22,939.686,0.0,0.0,0.5324,0.405018,0.0,1,0.0089104934,0.7462837069,0.7385910130535629
6.26764,5.77209,6.22951,1.07441,1685.14,1568.43,0.0,0.0,0.6158,0.57315,0.0,1,0.0048348392,0.4681501501,0.4557130377361575
4.54438,4.10807,4.54438,1.72564,433.752,251.357,0.0,0.0,0.3964,0.229712,0.0,1,0.0023108772,0.2180877339,0.21081140366641082
4.42954,4.04745,4.42954,1.74484,414.324,237.458,0.705302,0.404222,0.3944,0.226039,0.0,1,0.0020340908,0.197089688,0.1923144436121772
4.87174,3.58316,4.87174,1.20089,870.838,725.159,0.0,0.0,0.5258,0.437841,0.0,0,0.0124150953,0.9507613067,0.9409683935189246
5.43236,4.66054,5.43106,1.05473,1385.41,1313.52,0.0,0.0,0.5884,0.557866,0.0,0,0.0082839,0.7052969141,0.752146446958016
8.11946,6.79716,8.07056,0.764763,2379.51,3111.44,0.0,0.0,0.6852,0.895963,0.0,0,0.0089554068,0.8352592087,0.8050244014855455
4.93531,4.06199,4.92703,1.21153,1000.68,825.958,0.0,0.0,0.4872,0.402135,0.0,0,0.0063698077,0.5327952311,0.5914010969924122
6.65675,5.09348,6.63927,0.822826,2730.97,3319.01,0.0,0.0,0.6932,0.842462,0.0,1,0.0067504944,0.6650161511,0.6636726568284375
21.07333,4.609,21.07333,0.947534,1218.66,1286.14,157.272,165.98,0.655,0.691268,0.0,0,0.0100450451,0.6883468884999999,0.8546507261673144
4.9549,4.61383,4.95259,1.45912,792.567,543.181,0.0,0.0,0.5256,0.360216,0.0,1,0.0024160801,0.2290159336,0.20584079489655127
5.26068,4.9317,5.26068,1.52336,805.604,528.834,0.0,0.0,0.5044,0.331111,0.0,1,0.0037308326,0.3376040938,0.30829945015208116
6.90613,3.48821,6.90608,1.43733,1400.84,974.616,0.0,0.0,0.5538,0.385299,0.0,0,0.0515922127,2.9791690457,3.006666959819515
5.40858,4.54107,5.33613,1.66638,1542.3,925.536,0.0,0.0,0.5474,0.328496,0.0,1,0.0049518219,0.4476284142,0.40838298023624825
4.58304,3.41283,4.57147,1.83959,742.915,403.849,0.0,0.0,0.415,0.225594,0.0,1,0.0025355467,0.2448154088,0.21939262758270056
4.97938,3.79602,4.89937,1.44217,1518.59,1052.99,0.0,0.0,0.5942,0.412019,0.0,0,0.0094433579,0.8217266828,0.8392927853438857
4.94525,3.77888,4.76061,1.43422,1498.07,1044.52,0.0,0.0,0.608,0.423923,0.0,0,0.0064535228,0.5824365514000001,0.6222683017142163
8.36544,4.75817,8.32279,0.872139,1620.2,1857.73,0.0,0.0,0.5908,0.677415,0.0,1,0.006054115,0.5533470534,0.5558280510302003
7.47331,5.41094,7.47331,2.39941,2004.26,835.312,0.0,0.0,0.6598,0.274984,0.0,1,0.0014287637,0.1404732691,0.13140789929362595
11.48526,10.66621,11.48526,1.19832,1550.1,1293.56,0.0,0.0,0.646,0.539086,0.0,1,0.0033192263,0.3445752893,0.3318318087531357
4.49218,3.71025,4.45459,1.6407,696.202,424.332,0.828968,0.505252,0.5208,0.317425,0.0,1,0.0018880113,0.1823592593,0.19075154898206736
4.90223,3.68918,4.90223,1.31657,708.381,538.05,0.0,0.0,0.45,0.341797,0.0,0,0.0209059045,1.2251786832,1.245391004341038
6.1592,4.69936,6.14418,1.00061,2117.03,2115.74,0.0,0.0,0.6142,0.613825,0.0,1,0.0071754223,0.671308352,0.6845594214008563
5.57218,4.25994,5.56937,1.06467,1684.1,1581.8,0.0,0.0,0.536,0.503441,0.0,0,0.0092483793,0.7909836525,0.8269898224183055
5.39399,4.39499,5.39187,1.00245,1858.17,1853.63,0.0,0.0,0.55,0.548657,0.0,0,0.0111933761,0.9464025167,1.0106123274883116
5.08002,3.51252,5.07961,1.76418,163.887,92.8971,0.0,0.0,0.4354,0.246801,0.0,1,0.0012066667,0.1069001837,0.1113524379137566
4.94677,3.43492,4.94677,1.7289,141.415,81.7948,0.0,0.0,0.4202,0.243045,0.0,1,0.0005853172,0.0581548317999999,0.10597671771050488
5.7194,3.87373,5.09672,1.68613,1874.51,1111.72,0.0,0.0,0.614,0.364148,0.0,1,0.0048512019,0.4441448583,0.3966860444852494
6.56002,4.40515,6.56002,2.09187,568.118,271.583,75.6928,36.1842,0.444,0.21225,0.0,1,0.0006400929,0.0591794014,0.14144197654993718
6.02005,5.48184,6.00511,0.946326,1720.55,1818.13,0.0,0.0,0.6136,0.648402,0.0,1,0.008958627,0.8107124217,0.7756455459028274
5.81524,5.30062,5.7997,0.959933,1717.62,1789.31,0.0,0.0,0.6084,0.633794,0.0,1,0.0094989486,0.8504725315999999,0.8388716757840475
14.05418,6.66438,11.10621,0.762781,2298.42,3013.21,0.0,0.0,0.7708,1.01051,0.0,1,0.0037903936,0.3774260574,0.3829933878975686
11.57277,9.78079,11.57277,0.608967,2225.04,3653.8,0.0,0.0,0.7688,1.26247,0.0,1,0.0045376541,0.4463923899,0.4471632810159005
5.06822,3.86536,5.06061,1.18684,700.396,590.137,0.0,0.0,0.4806,0.404942,0.0,0,0.0071245375,0.5942166804,0.6144323211835103
6.52615,3.99784,6.52615,1.00465,1502.03,1495.08,0.0,0.0,0.556,0.553427,0.0,1,0.0106137634,0.8607058901000001,0.9046352403419925
6.7664,4.45805,6.7664,1.03972,2105.55,2025.11,0.0,0.0,0.6338,0.609585,0.0,1,0.0148349791,1.2637693604,1.202280887440988
4.98599,4.20846,4.98599,1.48214,662.288,446.845,0.0,0.0,0.4874,0.328848,0.0,1,0.0034188354,0.3125573891,0.26365025824808325
4.96656,4.20041,4.96656,1.49997,657.943,438.637,0.0,0.0,0.4852,0.323473,0.0,1,0.0034388282,0.3060183986,0.2765735150950547
4.97799,4.21601,4.96375,1.53207,652.698,426.025,0.0,0.0,0.477,0.311344,0.0,1,0.003653564,0.3082686897,0.2814526662375032
6.93743,5.78938,6.89446,1.14165,1419.26,1243.17,0.0,0.0,0.5428,0.475454,0.0,0,0.007246498,0.6639445925999999,0.6394925731901446
6.47898,5.73918,6.47898,1.16985,1365.51,1167.25,0.0,0.0,0.54,0.461596,0.0,0,0.0076142639,0.6651765688,0.6687858286040325
6.29424,5.40754,6.23822,1.19809,1344.33,1122.06,0.0,0.0,0.5334,0.445207,0.0,0,0.0078652662,0.6629524984,0.684283733219728
6.59897,5.83765,6.59897,1.15867,1384.65,1195.03,0.0,0.0,0.5454,0.470712,0.0,0,0.0071408547,0.6423862015,0.6355730690383229
6.32198,5.70328,6.32198,1.18747,1340.68,1129.02,0.0,0.0,0.5322,0.448181,0.0,0,0.0077429423,0.6677008887,0.6923335104385008
6.40452,5.65537,6.40452,1.17792,1346.46,1143.08,0.0,0.0,0.5262,0.44672,0.0,0,0.0076142639,0.6592780163,0.6667337199881992
8.49623,5.29107,8.49623,1.23125,1460.16,1185.92,0.0,0.0,0.5628,0.457098,0.0,1,0.0025142662,0.2500842577,0.2376579700852684
6.20415,3.43588,6.19684,1.14211,1512.51,1324.31,0.0,0.0,0.5816,0.509231,0.0,0,0.0127901747,1.1184125554000002,1.0708312576027803
7.53238,5.74054,7.52156,1.07363,1972.83,1837.54,0.0,0.0,0.6478,0.603375,0.0,1,0.0051745542,0.5112317028,0.49720844154080834
9.94144,7.33631,9.94144,0.845072,2116.0,2503.93,0.0,0.0,0.7364,0.871405,0.0,1,0.0035460747,0.3463610715,0.3536494258474802
9.32517,8.36752,9.32517,0.982387,1441.86,1467.71,0.0,0.0,0.6018,0.612589,0.0,0,0.013880762,1.0316590329000002,1.1270259220195809
8.70402,6.3995,8.695,1.28478,1827.49,1422.42,0.0,0.0,0.645,0.502033,0.0,0,0.0020493323,0.2014852824,0.20183373271854566
7.91316,6.30977,7.91316,1.24187,1907.41,1535.92,0.0,0.0,0.6464,0.520505,0.0,0,0.0023425536,0.2270491082999999,0.22649123612665345
5.91571,3.87698,4.38862,0.866172,1483.02,1712.15,0.0,0.0,0.5628,0.649756,0.0,1,0.0074708553,0.6676692168,0.687854150346304
5.92167,3.93075,4.42412,0.871868,1496.53,1716.46,0.0,0.0,0.5834,0.669138,0.0,1,0.0075565889,0.7055630415999999,0.6854860767972563
6.11993,4.14765,6.11993,1.236,1832.14,1482.32,0.0,0.0,0.5934,0.480098,0.0,1,0.0088900522,0.7448422734000001,0.7738750868941524
6.54623,4.66095,6.54623,1.20529,1894.68,1571.97,0.0,0.0,0.5972,0.495483,0.0,1,0.0066586138,0.6140823399,0.6152616053510994
6.53062,4.6635,6.53062,1.21249,1899.32,1566.47,0.0,0.0,0.5942,0.490068,0.0,1,0.0070228398,0.6242261111,0.6407797682553932
6.55171,4.68685,6.54808,1.21067,1893.64,1564.13,0.0,0.0,0.5964,0.492619,0.0,1,0.006814565,0.6166895763,0.6230319409510892
6.51247,4.65457,6.51247,1.22333,1897.36,1550.98,0.0,0.0,0.5928,0.484579,0.0,1,0.0068200449,0.6259211798,0.6243794703756511
4.59282,3.63902,4.53366,1.44559,429.681,297.236,0.0,0.0,0.4222,0.292061,0.0,1,0.0106876206,0.6713209943,0.7159247232207984
4.83502,3.79811,4.83328,1.60555,436.405,271.811,21.0341,13.1009,0.487,0.303323,0.0,1,0.0006955289,0.0649912633,0.11560332382143779
5.03148,3.82553,5.03043,1.58392,461.015,291.061,23.0849,14.5746,0.4906,0.309739,0.0,1,0.0006502351,0.06704791,0.11476896775852097
5.03229,4.40705,5.03229,0.892035,1713.32,1920.69,0.0,0.0,0.6184,0.693246,0.0,0,0.0028395512,0.261334783,0.3450197339149506
6.32724,4.08141,6.24551,0.841857,1844.22,2190.65,0.0,0.0,0.5678,0.674462,0.0,1,0.0060983819,0.5845053832,0.5715717667463979
6.00836,4.32228,5.9546,0.799722,2197.7,2748.08,0.0,0.0,0.6854,0.857048,0.0,1,0.0061030718,0.5975015463000001,0.5920190949660328
6.01151,4.33549,6.00656,0.794607,2195.03,2762.41,0.0,0.0,0.6796,0.855265,0.0,1,0.0055505383,0.5477676494,0.5304141010912022
4.82032,4.25115,4.82032,1.27602,836.789,655.783,0.0,0.0,0.4866,0.381343,0.0,0,0.0050300843,0.4270520157999999,0.46542706890737395
4.99291,4.35876,4.99291,1.27773,873.941,683.982,0.0,0.0,0.4864,0.380677,0.0,0,0.0051684385,0.4403779854999999,0.46564092222991976
4.39424,3.64857,4.38802,1.20073,1518.88,1264.97,0.0,0.0,0.6332,0.527347,0.0,1,0.0061747614,0.5783207824000001,0.5717370866786229
10.89201,6.87272,10.20477,0.722737,2294.74,3175.06,0.0,0.0,0.7432,1.02831,0.0,1,0.0045609777,0.4665203708,0.4496809571684452
13.08518,12.35732,13.03987,0.787627,1749.9,2221.74,0.0,0.0,0.7456,0.946641,0.0,0,0.0039536099,0.3689992368,0.36002559180776145
13.08434,12.35689,13.08434,0.80193,1745.22,2176.28,0.0,0.0,0.7446,0.92851,0.0,0,0.0037149227,0.3617049747,0.3447840048954631
4.60795,3.59775,4.60795,2.15646,840.114,389.58,0.0,0.0,0.4404,0.204223,0.0,1,0.003579606,0.3287942313,0.3118143913441057
5.84014,3.85397,5.84014,1.503,1203.66,800.838,0.0,0.0,0.5116,0.340385,0.0,1,0.0025006155,0.2374504998,0.23172224452072593
9.16707,5.75569,9.14121,0.884237,2287.82,2587.34,0.0,0.0,0.7176,0.811547,0.0,1,0.0039679022,0.3929116111,0.3896110515337447
4.99931,3.59386,4.8252,1.15218,688.171,597.279,170.523,148.001,0.5094,0.44212,0.0,1,0.007744265,0.644026211,0.6809009412678931
5.68496,3.45366,5.08673,2.30898,1203.77,521.344,0.0,0.0,0.4886,0.211609,0.0,1,0.0015599713,0.1533407696,0.1418034516569251
8.32687,8.01604,8.32687,1.25431,1381.61,1101.49,0.0,0.0,0.5552,0.442633,0.0,1,0.0014087135,0.1415096502999999,0.14747579166657854
4.95462,3.8636,4.94993,1.17037,724.517,619.05,9.52012,8.13429,0.4914,0.419868,0.0,0,0.0095177645,0.7603482285,0.7571415579381681
8.26029,6.82395,8.26029,1.01384,1779.3,1755.01,0.0,0.0,0.6224,0.613905,0.0,1,0.0030692949,0.3262308859,0.3130803426261016
3.95153,3.47099,3.94298,2.33033,494.395,212.157,0.0,0.0,0.4774,0.204864,0.0,0,0.0091880894,0.7247100011,0.612658831850489
4.96935,4.01792,4.92296,2.37845,904.645,380.351,0.0,0.0,0.4776,0.200803,0.0,1,0.0018052672,0.1643120936,0.15221976272489401
5.00648,4.01028,4.65887,2.41546,964.282,399.213,0.0,0.0,0.4784,0.198058,0.0,1,0.0021366982,0.1973346028,0.18696942695017393
8.44223,7.37969,8.44223,0.972998,1553.57,1596.68,0.0,0.0,0.603,0.619734,0.0,0,0.0077326264,0.6734874685,0.6837515555655455
8.04827,7.09842,8.046,0.982079,1580.94,1609.79,0.0,0.0,0.5956,0.606469,0.0,0,0.008801917,0.7631670564,0.7690026859559406
8.31415,7.49178,8.31031,0.960232,1571.77,1636.87,0.0,0.0,0.605,0.630056,0.0,0,0.0074494424,0.6607287123,0.6737811526688751
4.68867,3.83063,4.60079,1.17021,1077.32,920.621,0.0,0.0,0.5386,0.46026,0.0,0,0.00833784,0.6984590019,0.7435627026389776
5.83756,4.97252,5.83756,0.932431,2005.16,2150.46,0.0,0.0,0.6298,0.675439,0.0,1,0.0053129901,0.5068116243999999,0.5056791933518868
6.94508,5.04977,5.92375,0.848313,1610.41,1898.37,0.0,0.0,0.6028,0.710587,0.0,1,0.007606345,0.6946164194,0.6670925763493101
8.27924,5.80407,6.33414,0.828843,1754.26,2116.52,0.0,0.0,0.601,0.725107,0.0,1,0.0058532327,0.5344034295000001,0.5191328260932446
6.67176,5.057,6.67176,1.21046,1489.16,1230.24,0.0,0.0,0.5556,0.458998,0.0,1,0.0062222411,0.5729135326,0.5315062254344711
5.13358,4.46715,5.12837,1.36036,1938.87,1425.26,0.0,0.0,0.5966,0.43856,0.0,1,0.0057337871,0.5393475664,0.5358193510666258
8.65239,7.8304,8.65239,0.77452,2430.14,3137.61,0.0,0.0,0.7298,0.942262,0.0,1,0.0043112097,0.4463957418,0.4193117636551552
8.62654,4.35866,8.61518,1.08466,1322.48,1219.26,0.0,0.0,0.5486,0.505779,0.0,1,0.0038687285,0.3746296636,0.3468704806767911
8.45577,7.46863,8.45577,1.46042,1170.56,801.525,0.571901,0.391601,0.5536,0.37907,0.0,1,0.0010103609,0.0972145295,0.12988421493324298
5.14759,4.35938,5.14759,1.09987,1567.25,1424.95,0.0,0.0,0.565,0.513698,0.0,0,0.0068634888,0.6363025300999999,0.6480271402045682
4.69226,3.94966,4.47162,1.56841,881.672,562.145,0.0,0.0,0.426,0.271613,0.0,0,0.0047315222,0.4074875483,0.4256635311528417
5.50745,4.89061,5.44518,1.25128,1937.07,1548.08,0.0,0.0,0.5884,0.47024,0.0,1,0.007042862,0.6633689105,0.631191486503174
4.53686,3.80641,4.53372,1.60935,541.33,336.366,0.0,0.0,0.3906,0.242707,0.0,1,0.0031570448,0.2906509271999999,0.22841327144218476
5.7662,4.18465,5.76016,1.3013,1459.07,1121.24,0.0,0.0,0.5724,0.439868,0.0,1,0.0041579061,0.3774060838,0.3591352489227195
5.71674,4.14737,5.66007,1.32226,1442.09,1090.62,0.0,0.0,0.5748,0.43471,0.0,1,0.0043390197,0.3939953199,0.38459535753520285
5.22769,3.7877,5.2092,1.25606,1523.79,1213.15,0.0455347,0.036252,0.5456,0.434374,0.0,1,0.0041818266,0.3865892801,0.4287046825116822
5.32208,3.84167,5.31587,1.29298,1290.04,997.724,16.7653,12.9664,0.525,0.406038,0.0,1,0.0051738615,0.4797016800999999,0.5206691772913108
36.1506,14.04664,36.1506,0.427517,1422.73,3327.89,0.0,0.0,0.8368,1.95735,0.0,1,0.0046962142,0.4350965518999999,0.45301272274501514
5.43724,3.65933,5.43724,1.22157,1397.41,1143.94,27.2256,22.2874,0.5506,0.450731,0.0,1,0.0041531162,0.3924016627,0.4286591043791217
4.6531,4.04819,4.6531,1.52024,995.727,654.982,0.0,0.0,0.479,0.315083,0.0,1,0.0142111795,1.0772936168,1.0663805857651043
5.43063,3.42226,5.42822,1.47361,1201.66,815.454,0.0,0.0,0.519,0.352197,0.0,1,0.00692454,0.6035945112,0.6233214715067046
5.39686,4.96775,5.37929,1.58503,1157.95,730.556,0.0,0.0,0.5014,0.316334,0.0,1,0.0048363255,0.4320155275,0.40175877051938813
4.91031,3.4317,4.90721,1.52702,1101.56,721.382,0.0,0.0,0.5004,0.327698,0.0,1,0.0086720064,0.7040117726999999,0.7529381214881786
5.00781,3.40979,5.00781,1.50787,1123.4,745.023,0.0,0.0,0.5152,0.341674,0.0,1,0.0071725834,0.6149400767000001,0.6478490265338268
5.16189,3.4562,5.16189,1.4963,1173.27,784.115,0.0,0.0,0.5098,0.340707,0.0,1,0.0079517889,0.6548214086,0.7167536781214359
7.8514,5.72034,7.7546,3.13958,1789.03,569.831,0.0,0.0,0.5542,0.176521,0.0,1,0.0003737098,0.0379572803,0.05614051065161485
5.19645,3.68876,5.16301,1.07382,742.491,691.446,0.0,0.0,0.4792,0.446256,0.0,1,0.0056435191,0.4854428265,0.48732323504214803
5.75405,4.36229,5.74596,1.52699,807.66,528.922,146.001,95.6134,0.5294,0.346694,0.0,1,0.0071447081,0.5292452277,0.5830309455932381
11.63192,4.40592,11.61962,0.799101,2103.64,2632.5,6.44431,8.06445,0.6938,0.868225,0.0,1,0.0092431332,0.8470345592,0.7538802561293995
8.52073,7.26741,8.52073,1.44329,1085.87,752.358,0.0,0.0,0.5848,0.405186,0.0,1,0.0010049978,0.0975930385999999,0.11839902938113445
8.59093,6.84892,8.59093,1.01269,1735.08,1713.33,0.0,0.0,0.6294,0.621511,0.0,1,0.0072263052,0.6939598569,0.6259555071412773
10.36031,7.47097,10.26209,0.552173,2299.01,4163.57,0.0,0.0,0.7816,1.4155,0.0,1,0.0052963776,0.4934299141,0.5228067353129351
6.13875,4.52515,6.13614,0.993468,1787.67,1799.42,0.0,0.0,0.5926,0.596497,0.0,1,0.0080504111,0.7258890161,0.7313322217012672
7.22618,4.59373,7.22618,0.965963,1948.86,2017.54,0.0,0.0,0.634,0.65634,0.0,1,0.007411035,0.6835084029,0.6916048299247616
7.00262,4.84122,6.9907,1.05423,1743.61,1653.92,0.0,0.0,0.6044,0.57331,0.0,0,0.0052345441,0.4941789754,0.4872597012125288
11.00214,7.6444,10.86092,0.618366,2208.53,3571.55,0.0,0.0,0.7646,1.23648,0.0,1,0.0048908867,0.4700591488,0.47648218983662866
4.61212,3.63133,4.60194,1.07759,1653.01,1533.99,0.0,0.0,0.5582,0.51801,0.0,0,0.015196903,1.3148938119,1.2412417261079807
5.23174,4.24381,5.21951,1.86723,267.21,143.105,283.845,152.014,0.425,0.22761,0.0,0,0.0126347218,0.7919809168999999,0.7037662512781452
6.66002,5.04848,6.62254,0.964914,2093.57,2169.69,0.0,0.0,0.6352,0.658297,0.0,1,0.0070144828,0.6342408817,0.6601929795452807
11.42925,8.90439,11.4135,0.968512,2176.57,2247.34,0.0,0.0,0.7636,0.788426,0.000206502,1,0.0021344118,0.2146543288,0.21648755679407095
10.66695,9.07717,10.66695,0.975199,2204.12,2260.18,0.0,0.0,0.7702,0.789787,0.0,1,0.0021303578,0.2161796326,0.20933821830333277
6.57238,4.30728,6.57238,1.26099,1569.04,1244.3,0.0,0.0,0.577,0.457578,0.0,1,0.0060201489,0.5486463114,0.535597057352363
6.99117,6.70761,6.99117,1.56791,1544.85,985.293,0.0,0.0,0.5694,0.363159,0.0,1,0.0056761373,0.5311181962,0.4379325460206114
11.42842,3.43062,11.4146,0.893311,1495.78,1674.42,0.0,0.0,0.6708,0.750915,0.0,0,0.0020561904,0.2073241785,0.31528555276876297
11.51766,3.43919,11.48105,0.924676,1442.14,1559.62,0.0,0.0,0.6416,0.693865,0.0,0,0.0026890808,0.2614388631,0.3459966608114647
7.18693,4.9999,7.18693,1.91678,854.706,445.907,0.0,0.0,0.4402,0.229656,0.0,0,0.0029795756,0.2775671999,0.28014435153267897
7.30457,5.07688,7.30457,1.8342,871.652,475.221,0.0,0.0,0.451,0.245883,0.0,0,0.003090243,0.2759281963,0.2967098363312302
7.36476,5.0904,7.36476,1.82236,878.112,481.855,0.0,0.0,0.4554,0.249896,0.0,0,0.0028530044,0.2632774208,0.28046154084704666
11.39371,7.77962,11.39371,0.789274,2336.11,2959.83,0.0,0.0,0.7236,0.916792,0.0,1,0.0050241595,0.48201416,0.4872149619368009
6.29959,4.57313,6.27845,1.15382,1340.43,1161.73,0.0,0.0,0.519,0.449811,0.0,1,0.0063384342,0.5641797561,0.5712702917902143
4.37268,3.46007,4.37113,1.87575,696.078,371.093,0.0,0.0,0.4774,0.254512,0.0,1,0.0059791347,0.5168418681,0.5016589787318879
5.30083,4.49138,5.29823,1.50666,1791.35,1188.95,0.0,0.0,0.5642,0.374471,0.0,1,0.0034957881,0.3376253464,0.35209890528597637
6.56154,4.20373,6.56131,1.08955,1752.35,1608.33,0.0,0.0,0.6302,0.578404,0.0,0,0.008905295,0.8028059098999999,0.78523979597351
4.92581,3.9125,4.92581,1.40546,832.759,592.516,0.0,0.0,0.5084,0.361731,0.0,0,0.0055366247,0.4422838716,0.4627396306140101
5.64492,5.21899,5.64485,1.05864,1853.73,1751.06,0.0,0.0,0.6242,0.589626,0.0,0,0.0057680866,0.5493513163,0.5019526221148329
5.17696,3.68155,5.09885,1.45357,798.238,549.157,0.0,0.0,0.4912,0.337926,0.0,0,0.006434072,0.5205250835,0.5320207780864477
6.21326,5.95602,6.21326,1.24359,1052.97,846.718,0.0,0.0,0.4942,0.397397,0.0,1,0.0073278769,0.6385982412,0.6322582174476945
14.74547,10.54801,14.74547,0.504959,2054.21,4068.08,0.0,0.0,0.8166,1.61716,0.0,1,0.0043394844,0.4314280714,0.42797981066942603
6.21029,5.96321,6.17894,1.2702,1037.22,816.577,0.0,0.0,0.4898,0.385607,0.0,1,0.0081758381,0.6689669238,0.653017562905844
10.46212,5.43474,8.12198,0.950984,1724.97,1813.88,0.0,0.0,0.622,0.654059,0.0,1,0.0065826648,0.6134559766,0.6039161142430267
9.60009,8.6886,9.60009,1.09617,1167.18,1064.78,32.3905,29.5489,0.568,0.51817,0.0,0,0.0089533869,0.6036115921,0.703519518136026
9.8373,8.87116,9.8373,1.07364,1299.27,1210.15,0.0,0.0,0.577,0.537422,0.0,0,0.0088316896,0.612716605,0.7385677901950767
6.48122,4.02381,6.42493,1.42933,545.366,381.553,0.0,0.0,0.4802,0.335961,0.0,1,0.0009853131,0.0930660461999999,0.0832015974367405
7.34237,6.24854,7.34237,0.908904,1684.85,1853.71,0.0,0.0,0.611,0.672238,0.0,0,0.0069556894,0.6281616139,0.6270133988369577
4.11991,3.42248,4.10899,1.27165,539.273,424.075,0.0,0.0,0.4916,0.386586,0.0,0,0.0052305274,0.4867313474,0.534158816790779
5.83455,3.53797,5.83455,1.63754,706.847,431.65,0.0,0.0,0.4298,0.262466,0.0,1,0.007293259,0.5612191712,0.5512125314648811
9.48905,5.22989,9.11458,0.968985,1939.23,2001.3,0.0,0.0,0.6678,0.689174,0.0,1,0.0082605787,0.7246299022,0.7206527696092743
5.91842,4.8868,5.91143,1.15127,1254.68,1089.81,0.0,0.0,0.543,0.471652,0.0,0,0.0107550664,0.8686886843000001,0.8679059218842158
4.30684,3.71246,4.30684,1.30435,366.699,281.135,0.0,0.0,0.4222,0.323685,0.0,0,0.0077057291,0.5720864457,0.5914800316717326
4.60907,4.30122,4.60907,1.97594,752.524,380.843,0.0,0.0,0.396,0.200411,0.0,1,0.007266838,0.5502650131,0.5775709606876821
14.09837,12.86508,14.09837,0.808879,1803.58,2229.73,0.123257,0.15238,0.8014,0.990754,0.0,1,0.0014739415,0.1478358085,0.16686936738985148
4.82674,3.80884,4.82333,2.14546,1510.62,704.1,0.00634264,0.00295631,0.5202,0.242465,0.0,1,0.0022483861,0.2042650495,0.19064381833087063
11.96892,11.06718,11.96892,0.836902,1379.64,1648.51,0.0,0.0,0.6404,0.765203,0.0,1,0.0052364042,0.464211777,0.4789630766552373
8.60682,7.88912,8.60682,0.689805,2294.5,3326.3,0.0,0.0,0.734,1.06407,0.0,1,0.0044665094,0.4303784615,0.434111650832547
19.79872,19.3368,19.78262,0.704653,1186.45,1683.74,21.5807,30.626,0.6956,0.987152,0.0,1,0.0034277761,0.3453856599,0.32154948971737324
5.38643,4.20657,5.38643,1.10966,1491.09,1343.75,0.0,0.0,0.561,0.505563,0.0,1,0.0110032787,0.9549506217,0.9184991563067029
4.64307,3.99735,4.61496,1.33375,842.543,631.712,0.0,0.0,0.4524,0.339195,0.0,1,0.0082487575,0.6423654734,0.6466716067451077
6.43933,5.37715,5.61608,1.49915,1863.16,1242.81,0.0,0.0,0.6578,0.438781,0.0,1,0.0012042481,0.1191648761999999,0.1301257832825402
8.31671,3.81807,7.2234,0.868373,1910.02,2199.54,0.0,0.0,0.6578,0.757508,0.0,1,0.0109486254,0.983948201,0.8562525222319564
14.07417,9.53484,14.07417,0.650845,2097.18,3222.24,0.0,0.0,0.77,1.18308,0.0,1,0.0046812399,0.4551561319,0.45385214306108274
13.86987,9.42284,13.86987,0.653017,2127.67,3258.22,0.0,0.0,0.7686,1.177,0.0,1,0.0049697311,0.4843513574,0.4660949916690415
4.90891,3.57241,4.90749,1.56645,415.712,265.385,0.0,0.0,0.3406,0.217434,0.0,0,0.0287253624,1.0272997463,1.042409857340105
4.8581,3.49488,4.85158,1.57533,393.933,250.064,0.0,0.0,0.3384,0.214812,0.0,0,0.030327602,1.0424045599,1.0335970807660164
4.43848,3.73339,4.16809,1.19153,558.623,468.829,0.0,0.0,0.4514,0.378841,0.0,0,0.0140635578,1.0228729874,1.010218197963521
4.44294,3.73093,4.20318,1.19551,569.391,476.274,0.0,0.0,0.4482,0.374902,0.0,0,0.015241535,1.0669446995999998,1.066971740292838
4.45701,3.77862,4.21772,1.1891,589.131,495.442,0.0,0.0,0.453,0.38096,0.0,0,0.0156698904,1.0776349591,1.0789353932903574
4.42328,3.40802,4.39617,0.903668,1931.69,2137.61,0.0,0.0,0.6342,0.701806,0.0,1,0.0073628521,0.7183480059,0.7112359100937462
4.87708,4.03642,4.75358,1.10443,1426.24,1291.38,0.0,0.0,0.5616,0.508498,0.0,1,0.0066205583,0.5930388669,0.61243535981557
4.97826,4.06942,4.94845,1.10853,1482.04,1336.94,1.08056,0.974766,0.572,0.515998,0.0,1,0.0075331706,0.693893981,0.6986352187812263
5.08981,4.22613,5.08052,1.20557,1212.32,1005.6,0.0,0.0,0.5372,0.445598,0.0,1,0.0066956184,0.5890568367,0.6232100234823562
6.35409,4.27067,6.35409,1.16036,1077.85,928.894,0.0,0.0,0.549,0.473129,0.0,1,0.0027213808,0.2388173284,0.23647055335853806
5.32479,3.99481,5.32479,1.53026,921.294,602.05,0.0,0.0,0.486,0.317592,0.0,0,0.007153111,0.6005360196,0.5699287067491392
4.44244,4.08974,4.44244,2.43122,732.513,301.295,0.0,0.0,0.4692,0.19299,0.0,1,0.004394665,0.3637377132,0.31938423858436427
5.14979,4.19464,5.14143,1.33255,758.767,569.409,0.0,0.0,0.4472,0.335597,0.0,0,0.0129684458,0.88059681,0.8908987879604362
5.18004,4.21896,5.17138,1.32716,773.992,583.195,0.0,0.0,0.4494,0.338619,0.0,0,0.012560723,0.8763278809,0.8375311354283467
5.14144,4.17617,5.14144,1.21667,978.637,804.355,0.0,0.0,0.4798,0.394354,0.0,0,0.0122813039,0.9543736223,0.9082569214308408
5.21651,4.26413,5.21651,1.30724,781.368,597.724,0.0,0.0,0.4546,0.347756,0.0,0,0.011786765,0.829478387,0.8288610299494099
5.18944,4.24053,5.18944,1.30519,783.346,600.176,0.0,0.0,0.4544,0.348148,0.0,0,0.0111315473,0.7937890525,0.8026655441024826
5.17671,4.20625,5.168,1.3234,781.606,590.603,0.0,0.0,0.4572,0.345473,0.0,0,0.012688047,0.8562407383,0.8388502051817632
5.18455,4.19232,5.17544,1.32508,780.817,589.262,0.0,0.0,0.4562,0.344282,0.0,0,0.01250636,0.8491506537000001,0.8346031096459304
5.21198,4.21182,5.20304,1.3182,795.322,603.339,0.0,0.0,0.4582,0.347595,0.0,0,0.0126322533,0.8653722981,0.8448570249574849
5.10253,4.2044,5.09658,1.08974,982.283,901.395,83.5631,76.6819,0.5216,0.478648,0.0,0,0.0122002918,1.0084647535,0.8509696433150635
5.19278,4.23494,5.18611,1.31978,771.986,584.935,0.0,0.0,0.4382,0.332025,0.0,0,0.0122746017,0.8558044034000001,0.8333041659822867
5.11048,4.1838,5.11048,1.33097,743.937,558.942,0.0,0.0,0.4368,0.328181,0.0,0,0.0121329717,0.8474825668000001,0.8260306312598514
5.18183,4.22957,5.18183,1.32225,773.764,585.188,0.0,0.0,0.4376,0.330951,0.0,0,0.0124534275,0.8665411034,0.8301825433074039
5.13643,4.14989,5.12483,1.20422,912.157,757.464,0.0,0.0,0.4898,0.406735,0.0,0,0.010153363,0.8190605048999999,0.8374713635381227
5.03837,4.11286,5.03612,1.09856,959.969,873.844,73.9627,67.327,0.5172,0.470799,0.0,0,0.0114114271,0.9417768214,0.8705132932331782
5.12951,4.16078,5.11762,1.20914,911.345,753.713,0.0,0.0,0.4896,0.404916,0.0,0,0.0106947917,0.8228442105,0.8427171751242648
5.10846,4.1448,5.09395,1.20766,897.626,743.279,0.0,0.0,0.4832,0.400114,0.0,0,0.011305473,0.867359412,0.8868543409605968
5.11945,4.15972,5.10982,1.20367,899.993,747.71,0.0,0.0,0.4862,0.403933,0.0,0,0.0111779854,0.8618302283,0.8781079862751282
5.11629,4.16408,5.11629,1.20453,866.775,719.596,22.256,18.4769,0.485,0.402647,0.0,0,0.0110929937,0.8387014624,0.8362423556421011
5.18521,4.2274,5.17492,1.07871,1159.33,1074.74,0.0,0.0,0.5252,0.486877,0.0,0,0.011806734,0.9751890041,0.9741387442420408
5.06142,4.15589,5.06142,1.33775,713.92,533.673,0.0,0.0,0.4412,0.329808,0.0,0,0.0112202449,0.7745402453,0.8038936631052165
5.07722,4.14733,5.07722,1.20629,854.825,708.639,44.8446,37.1756,0.4822,0.399737,0.0,0,0.0112362205,0.8472415565000001,0.8071540199786111
5.06728,4.13768,5.06623,1.32981,761.127,572.359,0.0,0.0,0.4418,0.332228,0.0,0,0.0122531426,0.8302809570999999,0.8503207500298744
5.07375,4.15333,5.07189,1.32574,760.582,573.704,0.0,0.0,0.4398,0.33174,0.0,0,0.0119198114,0.8315170009,0.8382451861015
5.07705,4.14844,5.06757,1.32658,763.041,575.194,0.0,0.0,0.441,0.332434,0.0,0,0.0118554341,0.8463051778,0.841058145941815
8.8545,8.04507,8.8545,0.943263,2011.47,2132.46,0.0,0.0,0.6862,0.727475,0.0,1,0.0047430164,0.4356165606,0.45527748742085733
10.73228,5.84434,10.36712,0.736536,2434.56,3305.42,0.0,0.0,0.7384,1.00253,0.0,1,0.0064638081,0.5952149272999999,0.6253684019743448
24.78598,13.19796,24.78598,0.313235,1548.59,4943.87,0.0,0.0,0.8766,2.79854,0.0,1,0.0047717697,0.4537913135999999,0.4468910728567586
10.98199,6.35591,10.98199,0.660572,2299.33,3480.81,0.0,0.0,0.7416,1.12266,0.0,1,0.0055533298,0.5471079893,0.5475992882298355
23.06458,12.98274,23.06458,0.330655,1597.33,4830.79,0.0,0.0,0.865,2.61602,0.0,1,0.0045431501,0.4604824247,0.4226313851217846
5.85131,3.81671,5.85131,1.37856,1640.47,1189.99,0.0,0.0,0.6336,0.459611,0.0,0,0.0091218099,0.8097624943,0.7699736384033173
8.02314,6.05017,8.02314,1.20795,1391.88,1152.26,0.0,0.0,0.562,0.46525,0.0,1,0.0028947644,0.2783490554,0.27265607286353133
6.98637,4.05835,6.98637,1.31839,1367.83,1037.5,0.0,0.0,0.5798,0.439778,0.0,1,0.0027233441,0.2583806923,0.2826123126724017
9.42311,9.23332,9.42311,1.32858,853.13,642.139,2.75819,2.07605,0.5142,0.387031,0.0,1,0.0007267235,0.0756984238,0.08608476330368786
6.88265,5.7276,6.86806,1.02354,1835.21,1793.0,0.0,0.0,0.6172,0.603003,0.0,1,0.0051128271,0.482732418,0.48580825894381996
16.1602,9.89287,16.13331,0.719139,1270.58,1766.81,424.686,590.547,0.722,1.00398,0.0,1,0.0072035012,0.6676486212,0.5847293653665834
13.04043,10.53518,13.0319,0.526318,2030.14,3857.25,0.0,0.0,0.8106,1.54013,0.0,1,0.0045360784,0.4395882437,0.43505860241257666
4.92877,3.82035,4.91547,1.17415,717.6,611.164,177.099,150.831,0.512,0.436059,0.0,0,0.0167075058,1.0533589683,1.0516282282458544
10.67083,6.6024,10.66881,0.812728,2368.58,2914.35,0.0,0.0,0.7332,0.902146,0.0,1,0.0063067258,0.6038710254,0.5963246221513296
5.7945,5.1746,5.79081,1.16161,989.952,852.226,0.0,0.0,0.5026,0.432676,0.0,1,0.0033631165,0.3114649662,0.3229630451413551
5.45136,3.48672,5.44746,1.49162,882.297,591.504,0.0,0.0,0.5148,0.345129,0.0,0,0.0305803626,1.7877363227,1.7320595112784452
5.46784,3.47093,5.34568,1.49665,885.367,591.567,0.0,0.0,0.5054,0.337688,0.0,0,0.0301344896,1.7842237135,1.7465409416778086
5.43214,3.46686,5.42609,1.4903,875.604,587.534,0.0,0.0,0.4958,0.332684,0.0,0,0.0263251495,1.7093092822999998,1.6323103021665109
7.38904,5.39567,7.38902,1.09901,1620.41,1474.43,0.0,0.0,0.5644,0.513555,0.0,1,0.0055994312,0.5153746878000001,0.48608427707937296
5.49135,3.67927,5.48307,2.05035,939.573,458.25,0.0,0.0,0.5336,0.260248,0.0,1,0.0120471796,0.8650851756,0.7949278368036843
16.54568,6.7257,16.54568,0.768319,2276.49,2962.95,0.0,0.0,0.7618,0.991516,0.0,1,0.0037274798,0.3607299008,0.3825767785920361
5.24341,3.62169,5.16602,1.1791,539.772,457.781,0.0,0.0,0.4566,0.387243,0.0,0,0.0159134715,0.9277007166,1.0593504447564714
21.73136,7.72557,21.69935,0.65885,2065.52,3135.04,0.0,0.0,0.8104,1.23002,0.0,1,0.0038320786,0.3619287204999999,0.3886519603061134
21.96656,7.7864,21.95556,0.652675,2053.5,3146.28,0.0,0.0,0.8126,1.24503,0.0,1,0.0038464041,0.3715898561999999,0.38290677537782475
6.41327,4.65956,6.41327,1.12783,2048.27,1816.12,0.0,0.0,0.6196,0.549375,0.0,1,0.0100794379,0.8625610783,0.9230989046025945
18.71438,16.17316,18.71102,0.318003,1216.14,3824.31,0.0,0.0,0.8696,2.73457,0.0,1,0.0026387336,0.2729261631,0.257186877613245
5.6787,4.73551,5.6787,3.33073,1808.25,542.898,0.0,0.0,0.5352,0.160685,0.0,1,0.0004570184,0.0460101805,0.07758532774805749
8.70869,7.89064,8.69934,0.794155,1863.49,2346.5,0.0,0.0,0.6608,0.83208,0.0,1,0.0041943857,0.4236966015,0.39440008224528583
5.66391,3.7745,5.54501,1.39723,1126.09,805.946,11.0536,7.91109,0.5124,0.366727,0.0,1,0.019426474,1.2992020632,1.3262713495947516
5.78941,4.64204,5.78941,1.32315,1185.02,895.611,0.0,0.0,0.5286,0.399503,0.0,0,0.0094281206,0.7993800842000001,0.7311645908616832
11.70127,10.88776,11.68193,0.905898,1551.84,1713.04,0.0,0.0,0.6624,0.731208,0.0,1,0.0055416316,0.5193179509,0.5003719081551518
4.34496,3.46478,4.34496,1.66467,999.374,600.345,0.0,0.0,0.5336,0.320544,0.0,1,0.0053411454,0.4810185734,0.48150068956476155
7.63636,6.82671,7.63251,1.41267,1546.48,1094.72,0.0,0.0,0.5554,0.393156,0.0,1,0.0030748659,0.2966470545,0.2704070902860111
17.9991,10.13495,17.99088,0.790446,1197.42,1514.86,384.276,486.151,0.722,0.913408,0.0,1,0.0072838404,0.6593589524,0.6046022558245394
4.1797,3.40347,4.03039,1.43766,625.591,435.146,0.0,0.0,0.4234,0.294507,0.0,0,0.0061162244,0.4864956983,0.5523613580881619
4.3926,3.70955,4.3926,1.4951,548.278,366.717,0.0,0.0,0.4282,0.286403,0.0,0,0.012457466,0.8888089626000001,0.8234072000918964
8.41938,5.49258,8.39031,1.03412,1914.8,1851.63,0.0,0.0,0.6428,0.621591,0.0,1,0.0034474966,0.3335224985,0.3580025376364022
5.9608,4.59988,5.87453,1.18841,1751.48,1473.8,0.0,0.0,0.5816,0.489391,0.0,1,0.0065791591,0.581391471,0.591409623183079
6.22483,5.35278,6.22483,1.6905,347.831,205.756,0.0,0.0,0.3994,0.236261,0.0,1,0.0021543689,0.1750819684,0.1476241723684505
7.29162,6.03013,7.28839,1.13101,1136.3,1004.68,0.0,0.0,0.5256,0.464718,0.0,0,0.003993572,0.3643324582,0.3754266772668349
4.54754,3.94914,4.54754,2.40444,540.357,224.733,0.0,0.0,0.4012,0.166858,0.0,1,0.0130431944,0.6283861783,0.7082023668990701
7.73235,4.1602,7.73235,1.08482,1352.95,1247.16,189.787,174.948,0.5938,0.547371,0.0,1,0.0153754205,0.9184341187,1.0701746762678748
5.11656,4.82152,5.08524,1.96915,768.393,390.215,0.0,0.0,0.4116,0.209024,0.0,1,0.0041937959,0.3619301554999999,0.3283620855599296
5.47906,4.59982,5.42309,1.16864,1289.46,1103.39,0.0,0.0,0.5586,0.477993,0.0,1,0.0117867224,0.9579830367,0.9340890638630691
5.44049,4.47163,5.40893,1.18349,1270.62,1073.62,0.0,0.0,0.5504,0.465066,0.0,1,0.0123704547,0.9686796066,0.9541381916852907
5.40051,4.82483,5.39518,1.19788,1160.82,969.063,0.0,0.0,0.5318,0.443952,0.0,1,0.0128016383,0.9796428773,0.9807576756224892
5.44129,4.56082,5.37025,1.17091,1266.4,1081.56,0.0,0.0,0.5586,0.477065,0.0,1,0.011616532,0.9447559225,0.9304585445395112
9.22928,8.86311,9.22928,0.986231,2193.64,2224.27,0.0,0.0,0.7092,0.719101,0.0,1,0.0048630057,0.477944421,0.4499452349668966
5.45055,4.49489,5.37157,1.84745,1087.67,588.74,0.0,0.0,0.4966,0.268803,0.0,1,0.0093692669,0.6900102818000001,0.6807989682072099
5.6202,4.58328,5.56734,1.81543,1128.03,621.358,0.0,0.0,0.505,0.278171,0.0,1,0.0092856004,0.6912730034000001,0.6900126410907759
5.63723,4.61311,5.63723,1.46954,1129.77,768.793,0.0,0.0,0.507,0.345006,0.0,1,0.0126893755,0.9327962324,0.8490760485349818
7.44171,4.59837,7.44171,1.09914,764.422,695.474,149.201,135.744,0.5288,0.481105,0.0,1,0.0051394938,0.460862585,0.4324193743629584
6.32359,4.88882,6.26623,1.12593,746.44,662.956,2.0438,1.81522,0.5018,0.445677,0.0,1,0.0029776903,0.2783297379,0.25695046397718
6.0002,4.66146,6.0002,1.44047,626.071,434.631,18.4523,12.8099,0.4832,0.335447,0.0,1,0.0017437499,0.1616804371,0.13374458533047184
13.227,6.74608,13.21397,0.868865,2105.53,2423.31,0.0,0.0,0.7146,0.822452,0.0,1,0.0075248375,0.592274842,0.658686656008537
5.19109,4.86993,5.18739,1.04071,742.936,713.872,0.0,0.0,0.4654,0.447194,0.0,0,0.0051600752,0.468159206,0.47248406319426234
8.09828,4.42359,8.09828,0.85933,2801.31,3259.88,0.0,0.0,0.697,0.811097,0.0,1,0.0042787184,0.4235605219,0.4273777212269337
10.98593,10.0178,10.98593,1.04962,2124.9,2024.45,7.18544,6.84576,0.6738,0.641947,0.000381091,1,0.0041407751,0.3935492517,0.3953764792914187
11.24927,10.05552,11.24927,1.02086,2177.77,2133.26,0.0,0.0,0.6808,0.666886,0.000195912,1,0.0038716418,0.3853475293,0.37513841682484994
7.2326,3.56865,7.1357,2.62668,817.31,311.158,0.924344,0.351906,0.4758,0.181141,0.0,1,0.0008357647,0.0803297763,0.07057916887599913
5.25424,3.9856,4.37611,3.15937,963.013,304.812,0.0,0.0,0.479,0.151613,6.33e-05,1,0.0016971345,0.1526993392,0.16044310825973362
5.15601,3.95885,4.51563,3.15796,940.396,297.786,0.0,0.0,0.4776,0.151237,0.0,1,0.0016992608,0.1493120481,0.14757025235545018
5.10257,3.94634,4.56846,3.16115,912.504,288.662,0.0,0.0,0.4752,0.150325,0.0,1,0.0017004126,0.1480448632,0.11222542219252751
5.18347,3.94031,4.38977,3.26699,933.452,285.723,0.0,0.0,0.4852,0.148516,6.12e-05,1,0.001711019,0.1528746378,0.13973723102066216
11.1071,8.37381,11.01802,1.02581,1703.75,1660.88,0.0,0.0,0.6588,0.642222,0.0,1,0.0026872114,0.2646378171,0.2610427747989222
8.39177,4.98086,8.38728,0.858283,1785.46,2080.27,0.0,0.0,0.5764,0.671573,0.0,1,0.0081935207,0.7273688974,0.7114478082585186
6.24665,4.6565,6.24665,1.39534,1020.81,731.587,0.0,0.0,0.5102,0.365646,0.0,1,0.0007249184,0.0717105201999999,0.08809355471174973
6.79191,5.8597,6.78824,0.948194,2192.57,2312.36,0.0,0.0,0.6432,0.678343,0.0,0,0.0068362305,0.6213371214,0.6390891279555153
11.63735,10.86073,11.63667,1.22977,1588.45,1291.67,0.0,0.0,0.669,0.544005,0.0,1,0.0036453905,0.3498095877,0.34851943283602327
11.75163,10.98212,11.75156,1.19791,1581.46,1320.18,0.0,0.0,0.6576,0.548955,0.0,1,0.0036803995,0.3487060406,0.36317013720017627
11.38312,11.03917,11.38312,1.17282,1538.11,1311.46,0.0,0.0,0.6442,0.549274,0.0,1,0.0033381638,0.3338591178,0.3311570774017328
11.42805,11.05994,11.42805,1.09099,1549.25,1420.05,0.0,0.0,0.6484,0.594324,0.0,1,0.0030430205,0.2949463639999999,0.29035499686486294
5.0644,3.74541,5.02547,1.65088,1835.83,1112.03,0.0,0.0,0.5786,0.350479,0.0,1,0.002305254,0.226812831,0.23279333782549738
4.90586,4.18695,4.898,1.66342,1280.2,769.617,0.0,0.0,0.5884,0.353728,0.0,0,0.0078977461,0.6948321297,0.6622940790307461
11.72853,7.7572,11.72853,0.760878,1856.28,2439.65,0.0,0.0,0.6772,0.890024,0.0,1,0.0051111821,0.4986249167,0.4784039413963589
4.98278,3.59875,4.86135,1.67769,666.045,397.001,0.0,0.0,0.4328,0.257974,0.0,1,0.0081267477,0.5497540877,0.6126858032400265
5.09262,3.5697,5.08241,1.45149,909.467,626.575,0.0,0.0,0.458,0.315538,0.0,1,0.010345416,0.8244694974,0.7727630957698043
5.46185,5.06196,5.40742,0.991485,1397.48,1409.49,0.0,0.0,0.5638,0.568642,0.0,1,0.0060787991,0.5590556636,0.5462871878614157
5.76863,5.59566,5.76863,0.884314,1778.32,2010.97,0.0,0.0,0.631,0.713547,0.0,1,0.0056451224,0.5554153627,0.5034630911432905
5.275,4.57502,5.23103,1.20581,1256.21,1041.8,0.0,0.0,0.5198,0.43108,0.0,1,0.0144832672,1.1201245962000002,1.16525700861049
7.70472,6.98844,7.7017,1.09814,1952.99,1778.44,0.770215,0.701379,0.6478,0.589904,0.0,1,0.004388394,0.4026940264,0.4330467846676171
4.79761,4.69593,4.79573,1.75408,479.152,273.164,0.0,0.0,0.3838,0.218804,0.0,1,0.0050575891,0.3797628526,0.38485295787806073
4.71118,4.05137,4.70087,1.96063,444.374,226.648,0.0,0.0,0.4546,0.231864,0.0,1,0.0025942232,0.2221578834,0.20669211284129907
4.48519,3.90629,4.42091,1.97236,391.928,198.71,0.0,0.0,0.4512,0.228762,0.0,1,0.0025261334,0.2165540889,0.21994655119480827
4.45544,3.93912,4.44865,1.99203,383.618,192.577,0.0,0.0,0.4342,0.217969,0.0,1,0.0025627317,0.2163444289,0.20376206547671905
6.5088,4.06646,6.48701,1.06518,1477.94,1387.5,25.9444,24.3569,0.587,0.551081,0.0,1,0.0150996637,1.1677921028,1.122623908469195
5.66016,4.49241,5.58709,1.27175,1400.18,1100.98,0.0,0.0,0.5626,0.442381,0.0,1,0.0048258232,0.4310548843,0.43717293392626977
7.63161,5.91717,6.56997,0.849248,2347.96,2764.75,0.0,0.0,0.6812,0.802122,0.0,0,0.0110426582,0.9838635515,0.9799992220753144
12.67704,9.31362,12.67704,0.655199,1619.49,2471.76,0.0,0.0,0.7266,1.10898,0.0,1,0.0028913485,0.2802260886,0.2852375116194878
7.25379,5.92825,6.48374,0.846977,2257.66,2665.55,0.0,0.0,0.6554,0.773811,0.0,0,0.0125538863,1.0411195394,1.0461682936250014
5.58723,4.86765,5.58723,1.11303,1703.16,1530.2,0.0,0.0,0.5774,0.518764,0.0,0,0.0029146514,0.2777084776,0.3052068742253702
5.59343,4.88116,5.59343,1.10464,1681.99,1522.66,0.0,0.0,0.5666,0.512927,0.0,0,0.0028857264,0.2771573569,0.30327281889035074
5.7034,4.97261,5.54406,1.0469,1728.96,1651.5,0.0,0.0,0.5858,0.559554,0.0,0,0.0028451545,0.2844203091,0.28721687483837005
5.619,4.89691,5.42117,1.09458,1697.03,1550.39,0.0,0.0,0.5796,0.529517,0.0,0,0.0028815206,0.2784557721,0.2834363014790005
8.76686,5.54904,8.76285,0.758956,2118.77,2791.7,0.0,0.0,0.6858,0.90361,0.0,1,0.0102606034,0.926503715,0.8656573009319425
10.77761,8.01894,10.77717,0.584808,2035.46,3480.57,0.0,0.0,0.7422,1.26913,0.0,1,0.0054728945,0.5365133068,0.5253413849864923
7.28809,7.1769,7.28809,1.35972,1613.99,1187.0,0.0,0.0,0.5986,0.440239,0.0,0,0.0116940496,1.0929203668,0.9279675316733561
7.22049,7.09442,7.20844,1.32207,1634.16,1236.06,0.0,0.0,0.6156,0.465632,0.0,0,0.0100799811,0.9322128327,0.8798130630846202
7.49622,5.20769,7.4368,0.82052,1944.83,2370.25,0.0,0.0,0.6366,0.775849,0.0,0,0.0268837599,1.6578137981,1.6211359930231113
7.04903,4.97186,7.04895,1.01719,2261.56,2223.34,0.0,0.0,0.6676,0.65632,0.0,0,0.0027480805,0.2673109654,0.26358536545176203
5.73499,5.10341,5.72616,1.20537,1243.12,1031.31,0.0,0.0,0.5414,0.449155,0.0,0,0.0158138653,1.1769457956,1.2276358696486764
5.44422,3.64653,5.43023,1.30852,1112.97,850.554,0.0,0.0,0.552,0.421851,0.0,1,0.0165678236,1.213436805,1.280040961316141
4.56896,3.82437,4.54982,1.42368,625.25,439.178,0.0,0.0,0.419,0.294307,0.0,0,0.013212496,0.8939597429999999,0.903417783189596
5.97222,5.38811,5.95841,1.10964,1272.64,1146.9,0.0,0.0,0.5134,0.462673,0.0,0,0.0094018555,0.8039110392000001,0.7875754527872447
4.84074,4.45864,4.84074,1.17554,1203.72,1023.97,0.0,0.0,0.5354,0.45545,0.0,1,0.0036996385,0.3419025753,0.3981151221458
5.33134,5.0692,5.30094,1.13572,1496.22,1317.43,0.0,0.0,0.5556,0.489207,0.0,1,0.0043400002,0.4028805083,0.43230766065944326
6.25402,4.56727,6.25402,0.748874,3565.69,4761.4,0.0,0.0,0.7372,0.984411,0.0,0,0.0058211084,0.5535802609,0.5756383093336729
4.51109,3.41338,4.48101,1.61175,574.481,356.434,0.0,0.0,0.423,0.262448,0.0,0,0.0114249398,0.7572759743999999,0.7996285694562936
5.10968,4.35413,5.09224,1.37878,906.647,657.571,0.0,0.0,0.4582,0.332323,0.0,0,0.0111553681,0.8291732681,0.8251528573605023
11.1719,10.22736,11.1719,0.861706,1688.22,1959.16,0.0,0.0,0.6512,0.75571,0.0,1,0.0042775439,0.4061477975999999,0.4051237769928941
11.15528,10.21239,11.15528,0.865137,1694.91,1959.13,0.0,0.0,0.6454,0.746009,0.0,1,0.0042966685,0.4116918174,0.4107440849752752
4.86145,3.74941,4.84403,1.24376,901.8,725.062,0.0,0.0,0.4716,0.379174,0.0,0,0.0275042997,1.5554313243,1.54573466477513
6.23847,3.92545,6.16497,1.66734,1557.5,934.127,0.0,0.0,0.5496,0.329627,0.000239904,1,0.0022173066,0.2251735744,0.19526384276450082
6.55703,4.29128,6.55703,1.17548,2147.07,1826.55,0.0,0.0,0.6548,0.557051,0.0,1,0.0060042186,0.5969720402,0.567088176823143
6.31656,4.24661,6.2524,1.60097,1225.59,765.53,134.792,84.1937,0.5422,0.33867,0.0,1,0.0053941981,0.4748275349,0.48462125419332536
5.7329,3.62145,5.72476,1.46061,416.232,284.972,0.0,0.0,0.379,0.259481,0.0,1,0.0024469375,0.1978063598999999,0.154358724764172
5.87924,5.2518,5.87924,1.52853,828.26,541.866,0.0,0.0,0.4388,0.287073,0.0,1,0.0108328553,0.7381311829,0.6713963396645869
4.70586,3.71228,4.70586,2.66834,1137.35,426.241,0.0,0.0,0.5094,0.190905,0.0,1,0.0026313281,0.2472556589,0.20535068696532288
5.3844,4.07127,5.3844,1.26325,906.56,717.64,0.0,0.0,0.4818,0.381397,0.0,1,0.0059794449,0.5208308007,0.4924663236688779
6.51812,4.71987,6.51261,2.41124,1158.77,480.568,0.0,0.0,0.5524,0.229094,0.0,1,0.0022703645,0.2139874956,0.15861556439698576
7.09169,4.92914,7.08099,2.29972,1368.63,595.127,0.0,0.0,0.5708,0.248204,0.0,1,0.0019573005,0.1910219517,0.13485540956067765
9.58182,5.9765,9.29598,0.840674,2344.57,2788.91,0.0,0.0,0.7226,0.859548,0.0,1,0.0047269707,0.4541907638,0.4609304881302536
8.02011,4.26959,8.02011,1.00925,2055.28,2036.44,0.0,0.0,0.642,0.636114,0.0,1,0.0089593225,0.8164599295,0.7608045477151153
6.37079,4.45129,6.36918,1.04803,1419.15,1354.11,0.0,0.0,0.5498,0.524602,0.0,0,0.0182709058,1.4804260056,1.4859194370966367
7.35052,7.17386,7.35052,1.33314,1629.69,1222.45,0.0,0.0,0.6108,0.458167,0.0,0,0.0107280808,0.9931677573,0.8688604378401066
7.33344,7.17038,7.33344,1.33826,1633.23,1220.41,0.0,0.0,0.6104,0.456115,0.0,0,0.0108022503,1.0175483143,0.8677659533291397
7.42387,7.28396,7.42387,1.32488,1634.57,1233.75,0.0,0.0,0.6134,0.462986,0.0,0,0.0111236512,1.0121975184,0.8926253681838688
7.37728,7.20219,7.37728,1.32559,1638.53,1236.07,0.0,0.0,0.613,0.462436,0.0,0,0.010925866,0.9849843948,0.8584214342704815
7.38305,7.21509,7.38305,1.32603,1628.6,1228.17,0.0,0.0,0.6114,0.461074,0.0,0,0.0105267638,0.9899307906,0.8588318702637019
7.46814,7.33893,7.46814,1.32685,1640.34,1236.26,0.0,0.0,0.612,0.461241,0.0,0,0.0105232319,0.9683245241,0.8584257988937558
7.46558,7.33479,7.46558,1.3287,1650.48,1242.18,0.0,0.0,0.6126,0.461053,0.0,0,0.0106698049,0.978208486,0.8581184846483652
7.41619,7.28781,7.41619,1.32565,1655.33,1248.7,0.0,0.0,0.6148,0.463773,0.0,0,0.0109806102,0.999742349,0.881487926228314
8.92733,6.71409,8.92733,0.968913,1708.71,1763.53,0.0,0.0,0.6184,0.638241,0.000412834,1,0.0047845206,0.4160846034,0.47357722995750634
8.24396,6.91953,8.2349,0.925347,1653.05,1786.41,0.0,0.0,0.6152,0.664832,0.0,1,0.0077725444,0.6290980454999999,0.6850641350027975
14.23644,11.75665,14.23644,0.378656,1891.92,4996.41,0.0,0.0,0.8398,2.21785,0.0,1,0.0043505059,0.4311841568,0.42270529907483306
5.606,4.2786,5.606,1.14741,1253.9,1092.81,0.0,0.0,0.529,0.461039,0.0,1,0.0056043188,0.5112349334,0.4933328764254846
5.57616,4.37097,5.56477,1.14473,1062.1,927.816,0.0,0.0,0.5102,0.445693,0.0,1,0.0071434932,0.6166855953,0.6312573409852682
7.26534,5.19998,7.26225,0.828762,2095.62,2528.62,0.0,0.0,0.6488,0.782855,0.0,0,0.0059592806,0.5511279424000001,0.559910111151
7.18754,5.18545,7.18754,0.839237,2049.14,2441.67,0.0,0.0,0.6438,0.767126,0.0,0,0.0059597061,0.5696585628,0.5585898193194603
7.03961,4.95922,7.03961,0.942672,1903.34,2019.09,0.0,0.0,0.627,0.66513,0.0,0,0.004150188,0.3953733840999999,0.37868562760024466
5.88824,4.43891,5.88824,1.02509,1694.61,1653.14,0.780383,0.761286,0.599,0.584341,0.0,1,0.0099214062,0.854402282,0.8808877543590121
9.15018,6.54946,9.15011,0.800859,2321.96,2899.33,0.0,0.0,0.7128,0.890045,0.0,0,0.0062486548,0.5956908241,0.5930099848662841
4.86127,3.89897,4.85464,1.26008,919.939,730.067,0.0,0.0,0.4838,0.383945,0.0,0,0.0068976266,0.5625325237,0.5848916847384285
5.9996,4.29075,5.9996,1.32095,787.004,595.785,77.213,58.4525,0.5,0.378515,0.0,1,0.00716112,0.6041827143,0.5541206687001727
6.28705,5.508,6.2848,1.24834,1230.37,985.608,0.0,0.0,0.5144,0.412068,0.0,1,0.0025286428,0.2626302281,0.2703978498071584
19.10077,13.85784,19.10077,0.601751,1192.03,1980.93,80.0846,133.086,0.7556,1.25567,0.000332363,0,0.0136125029,0.6888240529,0.9382791986535723
8.19821,4.66417,8.1974,0.956716,1690.02,1766.48,0.0,0.0,0.6112,0.638852,0.0,1,0.010444533,0.856700997,0.8677096299938534
9.06209,8.39643,9.06209,1.93215,1090.05,564.166,13.9927,7.24204,0.573,0.296561,0.0,1,0.0030182756,0.2751583725,0.22868246978231221
9.55583,4.63693,9.55583,0.834794,1714.96,2054.35,0.0,0.0,0.6424,0.769531,0.0,1,0.0035601582,0.3486011411,0.3645699043377131
14.32515,11.45272,14.00664,0.462369,2190.15,4736.81,0.0,0.0,0.8394,1.81543,0.0,1,0.0026820702,0.2824590815,0.2870325086863492
14.68028,11.95217,14.68028,0.792697,1463.31,1845.99,123.823,156.204,0.696,0.878015,0.0,1,0.0108023854,0.6887160198000001,0.738702405111863
9.45168,7.14174,9.44893,0.790347,2325.92,2942.91,0.982216,1.24277,0.7298,0.923392,0.0,1,0.003830779,0.381294633,0.38812842650410156
7.57942,6.42809,7.56103,1.08661,1656.01,1524.01,185.649,170.851,0.6376,0.586778,0.0,1,0.0111306646,0.6923061056,0.7829225842594236
9.10111,6.40889,9.10064,0.579676,2406.76,4151.9,0.0,0.0,0.7488,1.29176,0.0,1,0.0074400553,0.7130102325,0.6891887317534089
10.37041,7.95909,10.26711,0.677921,2034.96,3001.77,0.0,0.0,0.7108,1.0485,0.0,1,0.0080203316,0.7584638014,0.7032364090321754
8.41834,4.77784,8.41834,1.02358,1872.15,1829.01,0.0951624,0.0929698,0.626,0.611576,0.0,1,0.0057319651,0.5448203154,0.5194279976369374
5.5413,4.80567,5.5333,1.19582,1382.4,1156.02,0.0,0.0,0.5784,0.483684,0.0,1,0.0058091834,0.5368613557999999,0.49465000974376616
5.54513,4.92009,5.54513,1.34386,1289.96,959.889,0.0,0.0,0.5594,0.416262,0.0,1,0.0056379659,0.4903645314,0.4950303629609746
5.10436,4.21189,5.06572,1.19023,1067.87,897.196,0.0,0.0,0.5162,0.433699,0.0,1,0.0081300332,0.6745750231000001,0.7170397704731554
6.75607,4.84046,6.75225,1.13784,2199.31,1932.88,0.0,0.0,0.622,0.546649,0.0,1,0.0084636992,0.7907011615999999,0.7835968593733407
5.64539,5.08904,5.62805,1.07782,1464.13,1358.41,0.0,0.0,0.5738,0.532369,0.0,1,0.0072195942,0.6399523598,0.6334166475608366
6.46772,5.63481,6.46128,1.35316,1406.83,1039.66,0.0,0.0,0.5486,0.40542,0.0,1,0.0075215507,0.6585099035,0.650527681631262
5.43678,4.75451,5.43678,1.24526,1365.54,1096.59,0.0,0.0,0.5928,0.476044,0.0,1,0.0054831506,0.5076343537,0.510607262926846
11.66314,11.04095,11.6623,1.07501,1570.69,1461.09,0.0,0.0,0.6578,0.611902,0.0,1,0.0032634796,0.3195582774,0.31232432033697943
12.00308,11.20848,12.00308,1.04914,1577.91,1504.01,0.0,0.0,0.6712,0.639764,0.0,1,0.0028609533,0.2855364743,0.26663189104349827
11.77684,11.08852,11.77544,1.07383,1569.26,1461.37,0.0,0.0,0.6592,0.613879,0.0,1,0.0031218375,0.3138172034,0.2827483733945372
11.76704,10.98127,11.76502,1.07223,1568.4,1462.75,0.0,0.0,0.6546,0.610504,0.0,1,0.0031755244,0.3062359244,0.30588367114460163
11.30509,10.53212,11.30463,1.32172,1536.26,1162.31,0.0,0.0,0.6386,0.483157,0.0,1,0.0031774173,0.301724056,0.3170476625897892
11.42001,10.68224,11.42001,1.32181,1528.59,1156.43,0.0,0.0,0.6378,0.482518,0.0,1,0.0030978522,0.3069589246,0.29201082738728856
11.32593,10.60044,11.32547,1.32216,1533.89,1160.14,0.0,0.0,0.6396,0.483754,0.0,1,0.0030649883,0.3021391786,0.29158828504645024
5.65368,4.16479,5.64778,1.04531,2243.67,2146.41,0.0,0.0,0.631,0.603646,0.0,0,0.0082582582,0.7214049959000001,0.779232331374885
14.42262,6.94223,14.41025,1.08844,2172.35,1995.84,0.0,0.0,0.7086,0.651024,0.0,1,0.0016762174,0.1635725041,0.18290990385784678
6.93068,4.23947,6.93068,1.54491,905.644,586.213,0.0,0.0,0.4772,0.308886,0.0,0,0.0007508112,0.0755702313999999,0.09048442607900375
7.27183,4.3116,7.03101,1.80524,823.314,456.069,0.0,0.0,0.447,0.247613,0.0,0,0.0008784792,0.0894873009999999,0.14272187003789827
4.1569,3.45207,4.13312,1.53558,373.555,243.267,0.0,0.0,0.4318,0.281197,0.0,1,0.0059568226,0.4640838806,0.47225762909032415
7.73062,5.40152,7.60787,0.954052,1660.24,1740.2,0.0,0.0,0.5924,0.620931,0.0,1,0.0069302504,0.661926379,0.6232874881247679
11.72543,11.19673,11.71838,0.847503,1673.18,1974.24,0.0,0.0,0.6882,0.812032,0.0,0,0.0040908507,0.3979505096,0.36504750621143406
4.75354,4.10738,4.75354,2.43205,513.87,211.291,0.0,0.0,0.3964,0.16299,0.0,1,0.0008606367,0.0780777169,0.08223256499526344
4.86901,4.27875,4.86901,1.90484,508.538,266.971,0.0,0.0,0.3924,0.206001,0.0,1,0.0009946979,0.0943641346,0.11425069707861613
5.56128,3.90775,5.56038,1.25158,1486.65,1187.82,19.61,15.6682,0.5744,0.458939,0.0,1,0.0056242589,0.5049216597,0.5154169416029135
12.85281,10.88454,12.85281,0.723595,1862.94,2574.56,0.0,0.0,0.677,0.935606,0.0,1,0.0103279908,0.905987452,0.8502853942583818
9.2687,4.50421,9.2687,0.952087,1296.4,1361.64,427.264,448.766,0.6164,0.64742,0.0,0,0.0097851265,0.8620367224,0.8523148442415184
12.14001,5.49468,12.1397,0.953828,2043.58,2142.5,0.0,0.0,0.7082,0.742482,0.0,1,0.0073209612,0.5523239246,0.6580771913176973
12.35154,5.62136,12.35154,0.923606,1995.9,2160.98,0.0,0.0,0.7096,0.768293,0.0,1,0.0067439004,0.53526206,0.5964658658805749
12.40087,5.62514,12.40087,0.908425,2011.92,2214.73,0.0,0.0,0.6952,0.76528,0.0,1,0.0067022909,0.5377430254,0.5937155666278212
4.06328,3.71255,4.05877,1.30742,297.768,227.753,0.0,0.0,0.4276,0.327056,0.0,1,0.0013663778,0.1312801375,0.1949396048499784
5.36231,4.92388,5.28904,1.15349,1242.79,1077.42,0.0,0.0,0.5298,0.459302,0.0,0,0.0052078822,0.4762887765999999,0.5337983368590393
7.19025,5.05276,7.19025,1.91608,861.592,449.664,0.0,0.0,0.4326,0.225774,0.0,0,0.002917179,0.2636336137,0.2756111621836072
7.39284,4.83476,7.39284,1.80811,810.66,448.345,0.0,0.0,0.438,0.242241,0.0,0,0.0028305989,0.244237692,0.2702781115758537
10.09597,6.84011,9.58875,0.817097,2396.15,2932.52,0.0,0.0,0.7324,0.896344,0.0,1,0.0040884118,0.4110186047,0.39355496049680355
4.14867,3.74838,4.12901,1.41027,380.17,269.572,0.0,0.0,0.4056,0.287604,0.0,0,0.0097690375,0.6587067579,0.7645657360822297
5.66983,3.45515,5.06855,2.32316,1166.36,502.057,0.0,0.0,0.4938,0.212555,0.0,1,0.0015546832,0.1537796767,0.14877824546313734
6.90619,6.37667,6.76731,0.69817,2236.54,3203.43,0.0,0.0,0.6838,0.979418,0.0,1,0.0031681998,0.3113403053,0.35144910729182766
7.38605,6.67234,7.38605,0.632325,2400.53,3796.35,0.0,0.0,0.7148,1.13043,0.0,1,0.0030112742,0.317515538,0.3140309031126298
6.67552,5.18428,6.65544,1.17133,2054.42,1753.92,0.0,0.0,0.6446,0.550316,0.0,0,0.0057723955,0.5572056833,0.5089987742695383
5.67135,5.18154,5.67135,1.3438,1282.95,954.722,0.0,0.0,0.5352,0.398274,0.0,0,0.0103325213,0.839853546,0.8354796066183525
8.32489,6.77668,8.32489,0.861017,1951.67,2266.71,0.0,0.0,0.6712,0.779544,0.0,1,0.0036975973,0.3526470262,0.369992979295695
7.81335,6.23608,7.8124,0.973393,1971.82,2025.72,0.0,0.0,0.6118,0.628523,0.0,1,0.0052481277,0.4925437866,0.5220936179394875
5.21671,3.87145,5.2007,1.45236,1664.76,1146.24,0.0,0.0,0.5822,0.400864,0.0,1,0.0043661107,0.3980590235,0.3920243654695507
4.83008,3.80459,4.83008,1.46381,1335.98,912.674,0.0,0.0,0.51,0.348405,0.0,1,0.0047500363,0.4256759277,0.4117743019556772
4.89594,3.826,4.89193,1.4497,1354.61,934.408,0.0,0.0,0.5164,0.356212,0.0,1,0.0045159615,0.4173953717,0.383517800150444
6.66976,4.5166,6.66976,1.58721,797.598,502.516,0.0,0.0,0.4778,0.301032,0.0,1,0.0028057641,0.2474414557,0.1981863018546426
9.14224,6.89364,9.14224,1.35956,1803.58,1326.59,0.0,0.0,0.6728,0.494866,0.0,1,0.0015590821,0.1580239757,0.15058378567376873
7.80785,6.68696,7.80785,0.911859,1500.87,1645.94,0.0,0.0,0.5982,0.656023,0.0,1,0.0088082978,0.7692855626999999,0.7355615519669572
8.78156,6.51511,8.78156,1.29997,1284.33,987.968,0.0,0.0,0.5538,0.42601,0.0,1,0.002064066,0.202334976,0.20640707765124422
4.63098,4.29599,4.63098,1.36764,915.445,669.362,13.6565,9.98545,0.5494,0.401715,0.0,1,0.0243702808,1.5911569036000002,1.387554998019937
4.70831,4.3739,4.70531,1.34518,952.077,707.768,16.532,12.2898,0.553,0.411097,0.0,1,0.021746855,1.5091183759,1.3351999162627914
4.70974,3.99855,4.70974,1.47945,319.51,215.966,0.0,0.0,0.4064,0.274697,0.0,1,0.0045243139,0.3473127977,0.3017903744336851
5.39206,3.58035,5.25926,1.26009,1193.65,947.27,0.0,0.0,0.492,0.390447,0.0,0,0.013080311,0.9975154272,1.0702658446929305
4.87431,3.86596,4.87431,1.94999,1030.99,528.717,0.0,0.0,0.5166,0.264924,0.0,1,0.0067766881,0.5492806203,0.5519135984878023
6.13543,5.59613,6.13543,1.47554,899.4,609.538,0.0,0.0,0.4724,0.320153,0.0,1,0.0032911619,0.3024044607,0.24981194513810956
15.09269,7.93434,15.07573,0.589901,2245.43,3806.46,0.0,0.0,0.8114,1.37549,0.0,0,0.0031149343,0.3082638407999999,0.32622949111024996
6.61682,6.0615,6.61682,1.19245,2068.35,1734.53,0.0,0.0,0.6212,0.520944,0.0,0,0.027534691,2.1862021433,1.7367804393585646
6.55951,5.47634,6.55951,1.31717,1348.3,1023.64,0.0,0.0,0.552,0.419081,0.0,1,0.0083877221,0.6865399213,0.6909999505535837
9.83364,8.16227,9.74315,1.01836,1671.9,1641.77,0.0,0.0,0.6476,0.635927,0.0,1,0.0052291444,0.4896809353,0.49554584771206234
6.70842,5.60789,6.69161,1.32053,1380.71,1045.57,0.0,0.0,0.5546,0.419982,0.0,1,0.0078715334,0.6678756438,0.6777200223569554
9.50189,8.00757,9.50189,1.0519,1670.24,1587.83,0.0,0.0,0.6432,0.611463,0.0,1,0.0050654173,0.4911698752,0.46377405077410233
6.71056,3.90525,6.68671,1.19472,875.451,732.768,0.0,0.0,0.5094,0.426377,0.0,1,0.0013159055,0.1219652852,0.1378599209787874
4.42914,3.59275,4.42914,1.43063,530.361,370.719,0.0,0.0,0.4708,0.329086,0.0,1,0.0028500701,0.25683544,0.24649766603121237
4.24178,3.44241,4.23659,1.42808,542.261,379.715,0.0,0.0,0.474,0.331915,0.0,1,0.0035845057,0.3176383728,0.32024411624144405
4.41751,3.55963,4.41517,1.40923,648.294,460.035,0.0,0.0,0.4816,0.341747,0.0,1,0.0052359079,0.4374879169,0.4487215438001063
4.60881,3.89017,4.60881,1.36646,760.056,556.224,0.0,0.0,0.4938,0.361373,0.0,1,0.00533939,0.4580707984,0.45180380436043327
5.4738,4.63859,5.45736,1.20371,1399.17,1162.38,0.0,0.0,0.5244,0.435652,0.0,1,0.0100654426,0.8400165027,0.8793697861540197
4.98627,3.51233,4.9807,1.99017,618.984,311.02,0.0,0.0,0.3962,0.199078,0.0,1,0.0054902219,0.3990532497999999,0.4193027062005608
5.05756,3.46018,5.04486,2.49056,625.358,251.092,0.0,0.0,0.3982,0.159884,0.0,1,0.0029983709,0.2412178045,0.20942156796748768
5.06893,3.45218,5.06893,2.53315,611.744,241.495,0.0,0.0,0.3936,0.15538,0.0,1,0.0031275241,0.2397363677,0.2120659258330403
4.99244,3.49069,4.98026,2.64253,618.757,234.153,0.0,0.0,0.3906,0.147813,0.0,1,0.0031071306,0.2509678657,0.21055260748775162
5.14211,3.77935,5.14211,1.46568,1144.37,780.78,0.0,0.0,0.5232,0.356968,0.0,0,0.004123126,0.3569906471,0.3827140344279082
5.79765,4.80371,5.79765,1.25943,995.966,790.809,0.0,0.0,0.488,0.387478,0.0,1,0.0019723439,0.1925607143,0.1735842322071608
4.64383,3.88697,4.63782,2.21077,775.822,350.929,123.298,55.7717,0.4612,0.208615,0.0,1,0.0983467258,1.9490731617,1.987775774335338
5.6094,5.1902,5.6094,2.02674,953.383,470.404,0.0,0.0,0.4916,0.242558,0.0,0,0.0527229058,1.7537672706,2.3300645588171456
7.77261,4.72411,7.77261,1.78918,1087.16,607.629,0.0,0.0,0.4986,0.278675,0.0,1,0.0027319321,0.2500750118,0.208725045934392
5.3558,3.67159,5.3558,1.04887,1404.79,1339.34,0.0,0.0,0.5588,0.532765,0.0,0,0.0055350124,0.496912306,0.5618822160405298
9.7414,9.14394,9.67281,0.771129,2269.17,2942.66,0.0,0.0,0.7412,0.961188,0.0,0,0.0049918857,0.4992242468,0.4813275443120019
7.32167,6.47359,7.26969,0.938297,1670.88,1780.76,0.0,0.0,0.6272,0.668445,0.0,1,0.0070546793,0.6634284237,0.6339686117755882
5.04054,3.8225,4.98288,1.26802,1172.73,924.846,0.0,0.0,0.5342,0.421285,0.0,1,0.0116167681,0.9022443609,0.9516193505961842
8.20333,5.43297,8.20152,0.769862,2179.49,2831.01,0.0,0.0,0.6652,0.864051,0.0,1,0.0053568233,0.5151150734000001,0.5157446324618745
6.66878,5.26481,6.65683,0.823111,2211.99,2687.35,0.0,0.0,0.6464,0.785313,0.0,1,0.0058854613,0.5729724409,0.5854024036726017
4.53518,4.08657,4.53518,1.41548,619.125,437.397,0.0,0.0,0.4398,0.310708,0.0,1,0.0052465684,0.4246942088,0.435038470147057
4.61976,3.65124,4.60921,1.18989,1005.69,845.196,0.0,0.0,0.5078,0.426764,0.0,1,0.0088604666,0.7503058306,0.780342931633132
9.06577,7.1819,8.76719,0.671525,2063.21,3072.43,0.0,0.0,0.712,1.06027,0.0,1,0.0057689082,0.5344181542,0.5306756651105711
21.55746,10.38341,21.54289,0.51708,1832.88,3544.68,0.0,0.0,0.8016,1.55024,0.0,1,0.0049257439,0.4815625057,0.45390031959334093
5.04305,3.66818,5.03506,1.84132,581.447,315.776,13.9718,7.58794,0.4556,0.247431,0.0,1,0.0057298545,0.4481061607,0.4330805997789395
4.80245,3.4721,4.75947,1.44001,643.407,446.806,0.0,0.0,0.4566,0.31708,0.0,1,0.0032764586,0.2860296645,0.28308362058814873
9.06566,7.46673,9.06566,0.753022,2058.76,2734.0,0.0,0.0,0.7058,0.93729,0.0,1,0.0039936866,0.39140818,0.38737195361093263
6.31603,3.45605,6.31603,1.18528,1197.81,1010.57,0.0,0.0,0.5532,0.466723,0.0,1,0.0121391067,0.9381448511,1.0302095236915583
8.96214,8.00387,8.96214,0.962495,1990.53,2068.1,0.0,0.0,0.7004,0.727692,0.0,1,0.004555519,0.4248062184,0.4318404385298752
7.9329,6.23525,7.71711,0.684898,2586.98,3777.17,0.0,0.0,0.7318,1.06848,0.0,1,0.0044928395,0.4303377878,0.4450532800906692
5.51848,4.07497,5.51848,1.34514,1276.26,948.789,0.0,0.0,0.5072,0.377061,0.0,1,0.0053541703,0.4745476557999999,0.48749152253178435
5.70014,3.65365,5.70014,1.6367,929.089,567.66,64.7109,39.5375,0.5088,0.31087,0.0,1,0.0063856517,0.4810989972,0.523599716878937
5.20436,4.63461,5.20306,1.48152,1841.93,1243.27,0.0,0.0,0.653,0.440764,0.0,0,0.0047406658,0.4428819206,0.42916204384502277
5.10254,3.95909,5.10254,1.42412,833.906,585.559,0.0,0.0,0.4934,0.34646,0.0,0,0.0059640482,0.4841387096,0.5135676473558994
10.91726,6.85852,7.70966,1.0029,2251.01,2244.49,0.0,0.0,0.6862,0.684214,0.0,1,0.0062450184,0.5722021433,0.5865004936862745
4.38796,3.85266,4.37809,1.51141,576.087,381.159,0.0,0.0,0.4116,0.272329,0.0,0,0.0133155715,0.9285330433,0.8750739671681365
6.74837,6.3776,6.72825,1.05651,1615.67,1529.25,0.0,0.0,0.6178,0.584755,0.0,0,0.0059491313,0.5631694042000001,0.5458491904656754
7.22831,6.81306,7.22831,1.03011,1642.0,1594.0,0.0,0.0,0.618,0.599935,0.0,0,0.0054874831,0.526282626,0.5125541288883091
6.77242,6.39006,6.75097,1.04905,1614.89,1539.38,0.0,0.0,0.6148,0.586054,0.0,0,0.005579452,0.5323994655,0.5093231922700645
5.68699,4.77458,5.65626,1.19715,1015.07,847.906,0.0,0.0,0.4752,0.396942,0.0,1,0.0209481566,1.4166259267,1.2627993994238305
5.99001,5.4678,5.99001,1.06078,1335.71,1259.17,0.0,0.0,0.5666,0.534134,0.0,1,0.0070234816,0.6248982609,0.5964197705159003
4.29451,3.77014,4.29451,1.52203,554.299,364.183,0.0,0.0,0.4078,0.267931,0.0,0,0.0135360589,0.9255290485,0.8971955494510373
9.15829,4.1058,9.15829,1.69456,1870.12,1103.6,0.0,0.0,0.6222,0.367174,0.000472098,0,0.0029725277,0.2807109137,0.2848379788383557
11.13773,3.47627,11.13633,0.923906,1490.46,1613.21,0.0,0.0,0.6306,0.682537,0.0,0,0.0027666309,0.2786768474,0.34898000176520605
4.23888,3.58587,4.23888,1.92889,451.698,234.175,0.0,0.0,0.4172,0.21629,0.0,1,0.0035499825,0.3107130586,0.3053629719327482
14.89727,7.78421,14.89178,0.605776,2230.04,3681.29,0.0,0.0,0.8056,1.32986,0.0,0,0.003135227,0.3157396831,0.323154863594725
14.80942,7.88362,14.80084,0.613708,2232.3,3637.4,0.0,0.0,0.8108,1.32115,0.0,0,0.0033300372,0.3391574952,0.3542095908834653
4.99995,3.63805,4.93929,1.21492,686.301,564.895,0.0,0.0,0.4752,0.391137,0.0,1,0.0042533744,0.3731610405,0.3957264461028974
9.8037,7.11476,9.8037,1.04146,1816.14,1743.84,0.0,0.0,0.6896,0.662146,0.0,1,0.0020550588,0.2005007101,0.20814258958432663
17.77125,7.51947,12.45937,0.588936,2255.4,3829.62,0.0,0.0,0.7974,1.35397,0.0,1,0.0047943838,0.4799939686,0.4767219495434424
5.54275,4.60824,5.54275,1.0598,1055.66,996.092,0.0,0.0,0.5124,0.483488,0.0,0,0.009149247,0.7785293963,0.7558251001707416
5.34544,4.38509,5.34544,1.05997,1077.55,1016.58,0.0,0.0,0.5136,0.48454,0.0,0,0.011168333,0.9418655617,0.9350041761190326
6.38992,4.78581,6.38785,0.722856,2527.72,3496.86,0.0,0.0,0.6962,0.963124,0.0,1,0.0051426262,0.51719795,0.5048994084954411
5.13294,4.08127,4.81094,1.41697,1690.94,1193.35,0.0,0.0,0.6078,0.428944,0.0,1,0.0069897647,0.6333098422,0.643454001241894
6.47723,4.9888,6.46954,1.38224,1403.34,1015.27,0.0,0.0,0.5238,0.378951,0.0,0,0.0170530578,1.2594623812,1.3317789571559375
4.73554,3.50341,4.73554,1.41341,845.394,598.124,0.0,0.0,0.4704,0.332812,0.0,0,0.0210819721,1.2625273134,1.3726139461401412
5.69089,4.7197,5.69089,1.0552,1032.59,978.576,0.0,0.0,0.5102,0.483511,0.0,0,0.0082819131,0.7363580976999999,0.6875370724740046
8.8911,6.60199,8.13016,1.41868,1212.67,854.793,531.685,374.776,0.6316,0.445204,0.0,1,0.0122753063,1.0922253205,0.7759714281425244
12.50562,10.18861,12.50562,0.9535,1419.23,1488.44,0.0,0.0,0.6362,0.667226,0.0,1,0.0025473364,0.2494019672,0.24447518051442652
15.37191,14.18335,15.35887,0.42304,1389.84,3285.35,0.0,0.0,0.8366,1.97759,0.0,1,0.0029037522,0.2908994723999999,0.28512300389735923
15.38411,14.18619,15.38378,0.422713,1393.02,3295.43,0.0,0.0,0.8378,1.98196,0.0,1,0.0030056894,0.2912096525,0.2911276798788907
10.22467,9.87308,10.22467,0.904434,1674.99,1851.98,0.0,0.0,0.6484,0.716913,0.0,1,0.0033624899,0.330071234,0.3387175109767473
15.49369,14.25357,15.47411,0.458724,1374.44,2996.23,0.0,0.0,0.8362,1.82288,0.0,1,0.0023335041,0.2452624823,0.2445144501735489
7.17773,5.19524,7.1746,0.956819,2131.67,2227.87,0.0,0.0,0.65,0.679334,0.0,1,0.0056243755,0.549199986,0.534935959511607
7.72003,4.28453,7.71744,1.05835,1674.28,1581.97,0.0,0.0,0.5974,0.564462,0.0,1,0.0079882791,0.7278440090999999,0.7069451422040672
7.7619,4.42953,7.71379,1.03258,1688.46,1635.19,0.0,0.0,0.5902,0.57158,0.0,1,0.0077281033,0.7249137240000001,0.6885461169705075
4.56718,3.56694,4.54309,1.41248,518.542,367.114,0.0,0.0,0.408,0.288854,0.0,0,0.0073717303,0.5064830408,0.6360458904339602
4.36505,3.62057,4.36492,1.46153,400.036,273.71,0.0,0.0,0.4114,0.281486,0.0,1,0.0087071619,0.5970224727000001,0.6194448379529286
8.27361,7.69473,8.27361,1.26901,1392.1,1096.99,0.0,0.0,0.5476,0.431516,0.0,0,0.004114666,0.3891840981,0.38386816496001436
4.6487,3.54073,4.5523,1.74456,1048.04,600.749,0.0,0.0,0.5644,0.32352,0.0,0,0.0205801647,1.4109601704,1.3452090488759203
5.30724,3.52085,5.26545,1.71921,1128.44,656.369,0.0,0.0,0.5814,0.338178,0.0,1,0.0096051123,0.7262280248999999,0.7696245522651343
14.75395,5.96588,14.75395,0.935418,1803.08,1927.56,0.0,0.0,0.656,0.70129,0.0,0,0.0136658414,1.0071384883,1.1746625727721018
6.12931,4.00789,6.08289,1.09199,859.144,786.767,2.75763,2.52532,0.5414,0.495791,0.0,0,0.0097281849,0.7844393625,0.75510061308074
9.19593,7.79711,9.19593,0.691873,2332.15,3370.77,0.0,0.0,0.7756,1.12101,0.0,0,0.0018922327,0.1941874689999999,0.21339181077668612
6.47127,5.32823,6.30186,1.23035,1074.68,873.471,0.0,0.0,0.4866,0.395496,0.0,0,0.0080543163,0.6791924184,0.6441340087979185
5.76653,4.2611,5.71921,1.16552,750.166,643.631,0.0,0.0,0.4826,0.414063,0.0,1,0.0047608659,0.4070300711999999,0.3836115009206887
11.41966,9.93708,11.41966,0.952882,1649.81,1731.39,0.565272,0.593223,0.622,0.652757,0.0,1,0.0052551502,0.4592593914,0.49737082735681465
8.52736,7.61097,8.52736,0.846818,2044.34,2414.14,0.0,0.0,0.6702,0.791433,0.0,1,0.0058203295,0.5336091547999999,0.517962178774703
7.00061,5.66568,7.00061,1.03548,2663.91,2572.62,0.0,0.0,0.7414,0.715993,0.0,0,0.001735792,0.1645569737,0.18159398189521414
6.96517,5.63588,6.96517,1.04478,2626.41,2513.83,0.0,0.0,0.7254,0.694307,0.0,0,0.0017542761,0.1672765705,0.18812130034657892
6.95041,5.62583,6.95041,1.04842,2625.12,2503.87,0.0,0.0,0.7248,0.691323,0.0,0,0.0016835857,0.1678420937,0.17470663217570126
6.91935,5.60013,6.91935,1.05779,2618.81,2475.74,0.0,0.0,0.7212,0.681798,0.0,0,0.0016172232,0.1713593018,0.16330549097650549
7.00442,5.67284,7.00442,1.03221,2628.22,2546.21,0.0,0.0,0.7278,0.705091,0.0,0,0.0017052256,0.164834145,0.17828347111299436
6.00527,4.8111,5.6775,0.960875,2065.34,2149.44,0.0,0.0,0.6412,0.667309,0.0,1,0.0059866937,0.5615780603,0.5591344996090664
5.81424,4.85489,5.81424,1.50508,1940.53,1289.33,0.0,0.0,0.5884,0.390944,0.0,1,0.0031616072,0.3089910792999999,0.24981947741256738
5.02301,4.09369,4.55915,1.6437,1625.99,989.228,0.0,0.0,0.5662,0.344467,0.0,1,0.0036480901,0.346013411,0.3304052705451008
4.8742,3.92497,4.87073,1.75108,1636.83,934.755,0.0,0.0,0.5514,0.314892,0.0,1,0.0042116931,0.3828253514,0.37597310384692145
4.99576,3.97323,4.53163,1.71361,1574.79,918.993,0.0,0.0,0.5616,0.32773,0.0,1,0.0037337213,0.3468354643999999,0.34273249269971356
4.95479,3.97477,4.74982,1.78246,1546.28,867.502,0.0,0.0,0.5566,0.312266,0.0,1,0.0043628365,0.3982180415999999,0.37756712471358245
5.38703,4.44024,5.38703,1.21672,1189.38,977.523,0.0,0.0,0.5254,0.431815,0.0,1,0.0100010731,0.818144379,0.8822620824890806
5.69309,4.64481,5.67801,1.18335,1207.09,1020.06,0.0,0.0,0.5368,0.453627,0.0,1,0.0076925604,0.6454787926,0.6660855506147302
5.3818,4.43333,5.37307,1.2127,1196.95,987.011,0.0,0.0,0.5248,0.432754,0.0,1,0.0097180942,0.8058292079,0.8765450183644015
5.7096,4.51588,5.7096,1.18019,1218.01,1032.05,0.0,0.0,0.5404,0.457893,0.0,1,0.0074994209,0.6347203226,0.6496173197677105
16.09028,3.85233,16.09028,1.0369,1784.32,1720.83,0.0,0.0,0.67,0.64616,0.0,1,0.0062661966,0.5766776491,0.5803419684230178
12.6133,10.84896,12.6133,0.646582,1753.98,2712.69,2.26513,3.50323,0.7374,1.14046,0.0,1,0.0023463383,0.2343539885,0.26597395814011937
9.76079,6.4479,9.73092,0.869183,2049.78,2358.28,0.0,0.0,0.696,0.800752,0.0,1,0.0050773196,0.5080341771,0.4821091461574285
5.61208,3.90993,5.47281,3.11106,1121.22,360.397,0.0,0.0,0.4562,0.146638,0.0,0,0.0005067611,0.0494264103,0.12959154090557257
6.39676,5.12111,6.38825,0.921688,1695.17,1839.2,6.74347,7.31643,0.6078,0.659442,0.0,1,0.0057952355,0.5516941994,0.5187340876219694
18.51885,8.56409,12.59731,0.489414,2180.69,4455.72,0.0,0.0,0.8128,1.66076,0.0,1,0.0049292155,0.4832161161,0.4763472094197216
22.31857,8.92625,14.18285,0.425765,2028.03,4763.26,0.0,0.0,0.8332,1.95695,0.0,1,0.0051525538,0.5021563389,0.4940576133344907
4.42056,3.62761,4.42056,2.28386,243.746,106.725,0.0,0.0,0.3946,0.172778,0.0,1,0.0025685254,0.1908813756,0.15125929459782417
5.34783,4.01094,5.34783,1.28087,710.366,554.597,0.0,0.0,0.4518,0.352729,0.0,1,0.0051780287,0.4261965684,0.4548394419119353
5.1465,3.74676,5.14199,0.93374,1597.91,1711.3,0.0,0.0,0.5678,0.608092,0.0,0,0.0118579596,1.052960421,1.0284182446808705
6.99195,5.64457,6.99195,1.04057,2621.47,2519.27,0.0,0.0,0.7274,0.699041,0.0,0,0.0017023403,0.1664888775,0.17511300645382455
6.98557,5.64932,6.97231,1.04143,2630.55,2525.91,0.0,0.0,0.7252,0.69635,0.0,0,0.0017485054,0.1683369264999999,0.18977968296187286
6.95953,5.63255,6.95953,1.04557,2624.93,2510.51,0.0,0.0,0.7258,0.694164,0.0,0,0.0017557187,0.1698012277,0.18830294155293636
6.97392,5.62462,6.97392,1.04699,2616.52,2499.1,0.0,0.0,0.7262,0.69361,0.0,0,0.0016792577,0.1677483207,0.1706837840811949
6.96628,5.64795,6.96628,1.04283,2632.71,2524.58,0.0,0.0,0.7246,0.694838,0.0,0,0.0016114526,0.1683744357,0.167285409603266
6.03433,4.98914,5.98921,1.54389,1290.39,835.809,0.0,0.0,0.5212,0.33759,0.0,1,0.0042631793,0.3947611351,0.3922415669874719
15.94965,10.39364,15.94872,0.460887,1949.35,4229.57,0.0,0.0,0.8104,1.75835,0.0,1,0.0043292929,0.4175650587,0.4256467502705559
4.44927,3.87743,4.29992,1.20216,336.435,279.858,237.315,197.407,0.504,0.419245,0.0,1,0.0036444971,0.3055337492,0.42258555531298764
5.16886,3.80347,5.16886,2.04384,546.746,267.509,0.0,0.0,0.4218,0.206376,0.0,1,0.0024154551,0.2026654477,0.18305206571405197
5.24976,3.94365,5.24501,1.70126,572.314,336.407,0.0,0.0,0.4264,0.250638,0.0,1,0.0021483757,0.1961977644,0.1793452343775903
5.21903,3.84136,5.20793,2.02039,562.699,278.51,0.0,0.0,0.4168,0.206297,0.0,1,0.0016357351,0.15431581,0.11740228473570558
5.23291,4.00143,5.18374,1.95789,573.341,292.837,0.0,0.0,0.4166,0.21278,0.0,1,0.0016399525,0.1487065535999999,0.12334709157298729
5.25513,3.88718,5.24992,2.03578,584.018,286.877,0.0,0.0,0.4004,0.196682,0.0,1,0.00173649,0.1564951689,0.12694991661917543
5.22916,3.84535,5.22916,1.97617,548.634,277.625,0.0,0.0,0.4172,0.211116,0.0,1,0.0017563373,0.161191311,0.13746607573469427
8.55331,7.31354,8.46863,1.98623,1149.15,578.559,46.9518,23.6386,0.5414,0.272577,0.0,1,0.0978651898,1.9078030062,1.8986311372082185
4.50015,3.80804,4.49155,1.64999,1209.33,732.928,0.0,0.0,0.534,0.323637,0.0,1,0.0046042623,0.4459588636,0.3614996428623803
4.31477,3.58843,4.31278,2.39943,670.094,279.272,0.0,0.0,0.4488,0.187045,0.0,0,0.1100192571,2.3031108932,2.45968972340259
5.06326,4.95206,5.06326,1.44271,500.914,347.204,76.3428,52.9162,0.4724,0.327439,0.0,1,0.0059030901,0.4571690515,0.5035461634727433
5.0902,4.98067,5.0902,1.44184,520.517,361.01,59.0453,40.9514,0.471,0.326666,0.0,1,0.0054725448,0.4218214434,0.48258229297856287
5.14291,3.60228,5.14291,1.21883,774.169,635.173,0.0,0.0,0.4678,0.38381,0.0,1,0.0158575549,1.0203021664,1.1280069095860756
14.83525,11.96507,14.83525,1.26278,1468.55,1162.95,199.616,158.076,0.7018,0.555756,0.00015838,1,0.0057852073,0.4394730867,0.4930558831363959
7.01968,3.83495,7.01968,1.10319,1326.02,1201.98,0.0,0.0,0.5236,0.474622,0.0,1,0.006497452,0.5971347112,0.6031260611637945
5.67937,4.56222,5.67937,1.11643,1180.95,1057.79,0.0,0.0,0.5376,0.481534,0.0,1,0.0070852438,0.6231840351,0.5946269764952494
7.4772,6.20805,7.45867,0.784087,1906.95,2432.06,0.0,0.0,0.6546,0.834856,0.0,1,0.0056300617,0.5291249486,0.5291530137395737
9.41867,8.86897,9.41275,1.10001,1269.94,1154.48,0.0,0.0,0.5682,0.516538,0.0,1,0.0025356285,0.248277522,0.2210146465577798
7.93943,4.67024,7.92199,1.76214,638.871,362.555,235.766,133.795,0.4966,0.281817,0.0,1,0.0031493226,0.250693781,0.3023153230679091
7.37109,6.82741,7.37109,1.40599,1511.82,1075.27,0.0,0.0,0.5614,0.399292,0.0,1,0.0050997599,0.4990806486999999,0.4461029111352935
4.67797,3.97904,4.67797,1.06036,1507.72,1421.89,0.0,0.0,0.5284,0.498321,0.0,0,0.0171238907,1.3589753303999998,1.3448662491646766
6.80619,3.42889,6.79194,1.15852,1000.28,863.415,0.0,0.0,0.5272,0.455065,0.0,1,0.0071887253,0.5840771943,0.6656701748323592
6.19197,4.53531,6.16887,1.09324,1845.26,1687.87,0.0,0.0,0.5814,0.531812,0.0,0,0.0090757074,0.8227885242,0.8034924193098942
4.90891,3.62196,4.89268,1.35117,1395.4,1032.74,0.298007,0.220556,0.5558,0.411349,0.0,1,0.0073901657,0.6481517345000001,0.708958519983733
14.70007,10.79864,14.70007,0.483438,2025.11,4188.97,0.0,0.0,0.7802,1.61386,0.0,1,0.0049207854,0.4866807636,0.46157796519312927
7.97392,4.92371,7.96142,0.954107,1622.71,1700.76,0.0,0.0,0.5818,0.609785,0.0,0,0.0132955651,1.0781190454,1.100488235772246
9.39252,3.7857,9.39207,1.30542,878.942,673.301,73.4571,56.2708,0.5296,0.405693,0.0,0,0.0072101307,0.4031450941,0.5787020642852962
6.99715,5.84689,6.98056,1.03177,2165.84,2099.14,0.0,0.0,0.6538,0.633665,0.0,1,0.0058514401,0.5676000144,0.551541572552721
7.03254,5.77219,7.03254,1.04422,2164.07,2072.42,0.0,0.0,0.654,0.626304,0.0,1,0.0056881838,0.5667815866,0.5326273835907916
7.08521,6.02588,7.08155,0.996555,2169.83,2177.33,0.0,0.0,0.6624,0.66469,0.0,1,0.005838215,0.5565651635,0.5510330649572166
5.81593,4.39318,5.8122,0.99503,2005.1,2015.11,0.0,0.0,0.6314,0.634554,0.0,1,0.0046029038,0.4583555358,0.42999247082382025
8.14998,6.76772,8.12163,0.920168,2113.5,2296.86,0.0,0.0,0.6298,0.68444,0.0,1,0.0115660804,0.8379093881,0.9154150679741354
9.53093,8.66388,9.24995,1.0567,1899.67,1797.75,0.0,0.0,0.6656,0.629888,0.0,1,0.0048730492,0.4583355624,0.44961078152133105
9.40538,8.82837,9.39896,0.800645,2377.49,2969.47,0.0,0.0,0.7256,0.906269,0.0,1,0.0050254888,0.4821885543,0.4877263762500148
9.50607,8.86576,9.50607,0.864037,2169.58,2510.98,0.0,0.0,0.6944,0.803669,0.0,1,0.0078164198,0.694472627,0.7037184345770889
9.30915,8.71365,9.30507,0.821567,2358.23,2870.4,0.0,0.0,0.708,0.861767,0.0,1,0.0059325273,0.5679521486,0.5585788962137561
9.07645,8.51256,9.07645,1.13917,1399.12,1228.2,0.0,0.0,0.572,0.502121,0.0,0,0.0032828327,0.3160733913,0.32750678096888153
7.62791,6.18953,7.62791,0.66886,2115.6,3163.0,0.0,0.0,0.6814,1.01875,0.0,1,0.0047234384,0.4663418867,0.478567655889395
6.59798,4.14111,6.57182,1.5702,2804.07,1785.8,0.0,0.0,0.6962,0.443383,0.0,1,0.0009527445,0.0974051875,0.11619147637167193
6.34308,4.86227,6.34308,1.0986,1347.83,1226.86,0.0,0.0,0.5706,0.519389,0.0,1,0.0032233922,0.3031767694,0.300668643227934
7.09135,4.01215,7.09135,1.0722,1770.87,1651.63,0.0,0.0,0.6158,0.574336,0.0,1,0.0083497478,0.7060002531,0.7316076869387578
7.80071,4.22996,5.62381,1.22507,393.72,321.387,874.299,713.674,0.564,0.460383,0.0,1,0.0105496298,0.8418660171,0.8057928944428528
5.71977,3.98662,5.71104,1.66821,1567.24,939.473,0.0,0.0,0.6384,0.382685,0.0,1,0.0024884149,0.2294026294999999,0.2044655551253609
5.46311,3.57221,5.46311,1.50782,1496.51,992.504,0.0,0.0,0.6142,0.407344,0.0,1,0.0021858584,0.2117896619,0.24507934378166513
5.01625,3.57988,5.00209,1.32619,942.101,710.383,0.0,0.0,0.5344,0.402959,0.0,0,0.0032877548,0.3069715536,0.3596542715223123
7.11215,6.70655,7.11215,0.937093,954.53,1018.61,0.0,0.0,0.5324,0.56814,0.0,1,0.0048651127,0.4410025888,0.42945922650528046
5.15222,4.10448,5.15222,1.41779,682.397,481.312,0.0,0.0,0.4322,0.304841,0.0,0,0.0058426377,0.4558632158,0.45322794744307326
5.37589,5.08075,5.29758,1.50363,233.241,155.118,324.657,215.915,0.4578,0.304462,0.0,1,0.0177565078,0.7350432949,0.9528406940066175
5.36415,5.07421,5.36415,1.50028,235.559,157.01,320.725,213.777,0.4614,0.307543,0.0,1,0.0176170528,0.7256918084,0.9465761286320512
6.1741,5.21501,6.1741,1.07844,1412.21,1309.49,0.0,0.0,0.5678,0.526503,0.0,1,0.0161149973,1.2676992927,1.1984673951222975
8.03037,6.16762,8.02661,0.894418,1849.84,2068.21,0.0,0.0,0.6498,0.726506,0.0,1,0.0063170789,0.5558146638,0.5907848905417319
5.09479,3.51841,5.0825,3.89183,1036.85,266.417,0.0,0.0,0.4494,0.115473,0.0,1,0.0008599069,0.0801476038,0.09477726451081292
4.73361,3.41508,4.65301,3.6233,403.306,111.309,0.0,0.0,0.3372,0.0930644,5.52e-05,1,0.0007554149,0.0691995522,0.04768368510927312
4.44828,3.48673,4.44828,1.3532,940.252,694.837,0.0,0.0,0.521,0.385014,0.0,1,0.0072896436,0.6371862564,0.6799652828715677
6.89815,4.80142,6.88952,1.16087,2151.45,1853.3,0.0,0.0,0.6554,0.564577,0.0,0,0.0101711745,0.9423872224,0.9483332776864528
4.56339,3.8937,4.54416,1.48208,836.49,564.403,0.0,0.0,0.5,0.337364,0.0,0,0.0135816046,1.0625935821,1.040488810898408
6.07481,4.74641,6.03797,1.15301,1967.9,1706.74,0.0,0.0,0.6112,0.530089,0.0,0,0.008408185,0.7548698513,0.7638454544926713
5.99071,5.7142,5.99071,1.16612,1343.68,1152.27,0.0,0.0,0.5688,0.487772,0.0,0,0.0045002509,0.4264336439,0.39565803546628936
5.62914,3.92719,5.62914,1.20596,1932.54,1602.49,0.0,0.0,0.6014,0.49869,0.0,1,0.0083185852,0.738412779,0.7372357044785315
9.00542,5.91155,9.00542,0.805702,2374.94,2947.67,0.0,0.0,0.7118,0.883453,0.0,0,0.012014577,0.9862518129,1.004423225494207
5.82315,4.48921,5.82315,0.959455,1620.28,1688.75,0.0,0.0,0.56,0.583665,0.0,1,0.0072474681,0.6651164307,0.6596542546137024
8.22754,6.95777,8.22754,1.0931,2055.27,1880.23,0.0,0.0,0.6384,0.584028,0.0,1,0.005816419,0.5569757437,0.5222154820609431
10.50578,8.82117,10.50578,0.768678,1898.43,2469.74,0.0,0.0,0.689,0.896344,0.0,1,0.0071065123,0.6625501541,0.6178517626123432
4.80954,3.64569,4.72725,1.26832,891.081,702.566,0.0,0.0,0.4874,0.384287,0.0,1,0.0197732369,1.3486385921,1.3674450282135524
4.52797,3.58309,4.52797,1.5745,738.046,468.749,0.0,0.0,0.4104,0.260654,0.0,0,0.0028816951,0.2687154253,0.30212615403912385
8.13748,6.87673,8.13748,1.50852,1009.54,669.222,0.0,0.0,0.5634,0.373478,0.0,1,0.0009206831,0.0921007904,0.08305504692374455
5.69776,3.92558,5.6607,1.26995,1498.86,1180.25,0.0,0.0,0.59,0.464585,0.0,0,0.0103601801,0.8375651543000001,0.8844626198543035
4.83061,4.03981,4.83061,1.24259,1148.92,924.616,0.0,0.0,0.519,0.417676,0.0,0,0.0147192399,1.1195322611,1.1557965984642864
5.73239,3.68789,5.71092,1.28608,1004.7,781.21,0.0,0.0,0.5098,0.396397,0.0,1,0.0127494176,0.9135837534,0.8991362803428292
5.50979,4.91819,5.49321,1.14051,1329.3,1165.53,0.0,0.0,0.5506,0.482765,0.0,1,0.013206918,1.0391055204,1.04510396019981
6.70975,6.33216,6.70975,1.05033,2275.23,2166.2,0.0,0.0,0.6682,0.636179,0.0,0,0.0099839928,0.9029921042,0.9742242517714403
15.09144,8.39804,15.08737,0.46153,2323.48,5034.3,0.0,0.0,0.8014,1.7364,0.0,0,0.0047510494,0.4917089543999999,0.47404631939941516
7.33778,6.60028,7.33778,1.18441,1668.47,1408.69,0.0,0.0,0.6108,0.5157,0.0,1,0.0060076909,0.5565803301,0.5199139417687788
5.31645,4.73242,5.31645,1.56466,1273.49,813.911,0.0,0.0,0.5466,0.349342,0.0,0,0.0060501615,0.5350429114,0.4936171438207969
4.90485,4.23271,4.90165,1.42586,539.675,378.491,0.0,0.0,0.4884,0.34253,0.0,0,0.006492931,0.4905235664,0.5174046443925076
4.644,4.03482,4.644,1.80951,763.808,422.108,0.0,0.0,0.4542,0.251007,0.0,0,0.0091185248,0.6920475309999999,0.6794256923442591
4.58512,3.92708,4.57664,1.84741,722.607,391.146,0.0,0.0,0.4522,0.244775,0.0,0,0.0088053589,0.6732101509,0.6786734736265979
4.58729,3.99418,4.55638,1.86546,733.177,393.026,0.0,0.0,0.4474,0.239833,0.0,0,0.0090380692,0.6733138097,0.670216992162194
4.54229,3.95239,4.49763,1.89145,716.655,378.892,0.0,0.0,0.4464,0.236009,0.0,0,0.0088361774,0.6737470448999999,0.676951017733265
4.50897,3.9304,4.4621,1.90926,707.48,370.552,0.0,0.0,0.4456,0.233389,0.0,0,0.0089858676,0.6668058573,0.6751278238423813
12.81046,10.08472,12.79582,0.728225,1959.77,2691.16,0.0,0.0,0.7164,0.983763,0.0,1,0.0052264709,0.5097590361,0.49171563808031205
16.48295,9.14033,16.48295,0.959417,1239.84,1292.29,398.029,414.866,0.701,0.730652,0.0,1,0.0072647135,0.6401701115999999,0.5924887718168983
4.99286,4.09874,4.71178,1.12214,865.652,771.429,0.0,0.0,0.4996,0.44522,0.0,0,0.0103260622,0.7966514819,0.8653372992811255
4.24125,3.62097,4.24125,2.37718,709.122,298.303,0.258537,0.108758,0.4518,0.190057,0.0,0,0.1170305973,2.4985552364,2.4039979805051166
7.81866,7.32218,7.81866,0.998911,1796.0,1797.96,0.0,0.0,0.6356,0.636293,0.0,0,0.0051717205,0.5235663185,0.4831810446100036
7.68357,4.14824,7.68357,1.41986,1680.89,1183.84,0.0,0.0,0.6244,0.439761,0.0,1,0.0030641057,0.2857223076,0.2811550067662697
7.67318,4.16213,7.67318,1.424,1678.65,1178.83,0.0,0.0,0.625,0.438904,0.0,1,0.0030819595,0.2958821101,0.27965690841767255
10.92504,5.92348,10.86207,0.740473,2226.36,3006.67,0.00873198,0.0117924,0.7394,0.998552,0.0,1,0.0048190809,0.4675242746999999,0.4712322412288133
7.07527,5.39947,6.79315,0.842522,2364.13,2806.02,0.0,0.0,0.7084,0.840809,0.0,0,0.0020849652,0.2082243183,0.2220699193979026
5.82556,4.59087,5.81673,0.990751,1901.06,1918.81,0.0,0.0,0.6228,0.628614,0.0,1,0.0097665107,0.8986800698999999,0.8956034043401305
4.84641,3.70884,4.84641,1.26705,1206.55,952.253,0.0,0.0,0.5406,0.426661,0.0,1,0.0051305866,0.5036958521,0.5013071174498105
4.07536,3.5864,4.07536,2.36311,463.12,195.979,0.0,0.0,0.3764,0.159282,0.0,1,0.0168916206,0.8871381648000001,0.9510619331149301
13.97996,12.87565,13.97503,0.607595,2338.25,3848.36,0.0,0.0,0.7644,1.25807,0.0,1,0.0062162588,0.5742525936999999,0.5650449679621984
9.00524,7.79992,9.00524,0.836247,1935.23,2314.19,0.0,0.0,0.674,0.805982,0.0,1,0.0028360015,0.2875453387,0.2779583858480491
6.65732,4.64818,6.52021,0.851853,2010.6,2360.27,0.0,0.0,0.621,0.728999,0.0,1,0.0083437686,0.7920212658,0.7531684118568879
5.24683,3.85843,5.23776,1.22144,1138.43,932.039,0.0,0.0,0.537,0.439646,0.0,1,0.0077319786,0.6515991359000001,0.6965865290876945
5.6311,3.58556,5.5035,1.43101,772.342,539.717,0.0,0.0,0.4414,0.308453,0.0,0,0.0084539078,0.6093474291,0.5935035418575805
9.29834,6.48945,9.29621,1.21668,1222.78,1005.01,0.0,0.0,0.5554,0.456489,0.0,0,0.0026211847,0.2572059515,0.2506239659201296
5.10915,3.79672,5.10915,1.21674,1321.26,1085.9,0.0,0.0,0.55,0.452026,0.0,0,0.0123306441,1.0082006151,1.0108322838953308
5.44759,3.80722,5.43097,1.23164,1414.07,1148.12,0.0581087,0.0471799,0.5662,0.459712,0.0,0,0.0124437219,1.0021807114,0.9899979101872787
5.57595,4.31452,5.57595,1.46536,813.962,555.469,0.0,0.0,0.467,0.318693,0.0,1,0.020112976,1.0770024045,1.3423295933860524
4.01523,3.48616,4.00077,2.44828,405.938,165.805,0.0,0.0,0.3718,0.151862,0.0,1,0.0176630017,0.8510331861,0.9739667734102826
6.38161,3.71559,6.38161,1.03389,1164.63,1126.45,0.0,0.0,0.5572,0.538935,0.0,0,0.0212912875,1.638925578,1.5191634457327148
7.14794,6.36836,7.14653,1.22477,1332.85,1088.25,75.8051,61.8933,0.5956,0.486296,0.0,0,0.0032785792,0.3370910638,0.35492488451717946
12.14778,9.97355,12.14778,1.03126,1437.46,1393.89,0.0,0.0,0.626,0.607023,0.0,1,0.0025448792,0.2525856902,0.23889494218365004
5.30738,4.3707,5.28519,1.74559,1115.19,638.858,0.0,0.0,0.453,0.25951,0.0,0,0.0409088284,2.1209936406,2.3373358244794886
6.3577,4.74176,6.3577,1.14455,1283.39,1121.31,0.0,0.0,0.5318,0.464638,0.0,1,0.0111200315,0.9067047966,0.8776118152522484
8.86764,6.4582,8.76206,0.663333,2493.74,3759.41,0.0,0.0,0.781,1.17739,0.0,1,0.0032865982,0.3273994234,0.33958425357756933
5.34571,3.76875,5.30515,1.53902,932.084,605.634,189.024,122.821,0.49,0.318384,0.0,1,0.0041383242,0.3756926899,0.38051289203348376
4.54212,3.52572,4.54212,1.85502,694.124,374.186,0.0,0.0,0.4334,0.233636,0.0,1,0.009948736,0.6675857799,0.7425268543772126
4.49398,3.4919,4.49398,1.89418,683.645,360.919,0.0,0.0,0.429,0.226483,0.0,1,0.0116983344,0.7285661377,0.788143185143426
6.37317,3.74212,6.3597,1.3114,1057.91,806.699,0.0,0.0,0.5622,0.428702,0.0,0,0.0041584472,0.3672330534,0.3441810623034737
5.50168,5.08562,5.49191,1.08026,1235.17,1143.4,0.0,0.0,0.5322,0.492658,0.0,0,0.0143070303,1.0899577832,1.2048296538574648
6.08453,4.84553,6.08453,1.01993,1460.11,1431.58,0.0,0.0,0.5522,0.54141,0.0,0,0.0088343827,0.7908162261,0.7628886266227144
9.81772,5.95471,9.68668,0.686123,2457.39,3581.56,0.0,0.0,0.7136,1.04005,0.0,0,0.0064518263,0.6298519698,0.6121033338330929
6.2895,4.867,6.2895,1.2915,870.104,673.714,94.8179,73.4166,0.5222,0.404335,0.0,1,0.0112355636,0.7719302279000001,0.8028560951849715
32.36037,28.26773,32.35632,0.473548,1565.06,3304.96,0.0,0.0,0.826,1.74428,0.000422344,1,0.0042529004,0.4102297647,0.4280943962495489
7.78517,6.64702,7.63417,0.868362,1997.41,2300.2,0.0,0.0,0.6528,0.75176,0.0,1,0.0074970934,0.6307088332999999,0.6826575186181001
5.21452,3.49325,5.21452,1.29869,492.691,379.376,29.3469,22.5974,0.4466,0.343886,0.0,0,0.0027003883,0.2448583692,0.30053876808908664
5.79435,3.44834,5.51643,1.42081,1141.45,803.374,0.0,0.0,0.5468,0.38485,0.0,0,0.0103432724,0.8361463103,0.8783944147551956
6.00756,3.91744,6.00756,0.930353,1597.61,1717.21,0.801378,0.86137,0.6088,0.654376,0.0,1,0.0040731963,0.4073912632,0.4172604431480026
10.55832,7.30371,10.53934,0.591685,2336.09,3948.21,0.0,0.0,0.7172,1.21213,0.0,1,0.0040406373,0.39849503,0.3932426171184027
7.20474,5.54936,7.20474,2.98733,1121.05,375.269,0.0,0.0,0.4558,0.152577,0.0,0,0.0184958254,1.0327358457,1.0634347735444802
6.23685,3.59052,6.23393,0.96089,1663.57,1731.28,0.0,0.0,0.5974,0.621716,0.0,0,0.0084198975,0.7484383375,0.796489204689372
4.40066,3.54145,4.40066,1.45403,577.348,397.068,0.0,0.0,0.4282,0.294492,0.0,1,0.0211165664,1.3731650155,1.3512133767370829
6.6747,4.69389,6.6747,2.0556,1217.11,592.095,0.0,0.0,0.5328,0.259195,0.0,1,0.0076850691,0.6707297781,0.6256949315148659
7.06657,4.49673,7.06657,1.70049,1062.54,624.842,0.0,0.0,0.5092,0.299443,0.0,0,0.001984636,0.1906999376,0.2077577196643583
6.89128,4.79138,6.89128,1.23174,1603.73,1302.0,0.0,0.0,0.5742,0.46617,0.0,1,0.005135402,0.4858887225,0.4669696061666356
5.64185,3.41958,5.64104,1.68813,1127.74,668.04,0.0,0.0,0.4972,0.294527,0.0,0,0.0859572152,2.9939445748,2.9636039911629055
4.71244,3.94029,4.71244,1.86641,753.543,403.738,0.0,0.0,0.4654,0.249355,0.0,0,0.0043656392,0.3627713946999999,0.39141635898968297
6.85219,4.97206,6.85219,1.41693,1021.65,721.035,55.4121,39.1073,0.5212,0.367839,0.0,1,0.0221576391,1.1690442909999998,1.272777455842511
6.25588,3.45747,6.04611,1.73068,941.451,543.977,0.0,0.0,0.483,0.279081,0.0,1,0.0023086402,0.2046079448999999,0.21120224480356042
6.28512,4.05802,6.25084,1.12019,652.48,582.474,6.74798,6.02397,0.4704,0.41993,0.0,0,0.0039785965,0.3348604298,0.339789199934507
4.9353,3.89407,4.5236,1.1906,316.412,265.757,11.2356,9.43686,0.4206,0.353266,0.0,0,0.0048048296,0.3914888861,0.3682492487154181
5.14127,4.23557,5.11201,2.30609,2556.32,1108.51,0.0,0.0,0.6426,0.278653,0.0,1,0.0009176383,0.0910691663,0.0876636075730296
9.72743,8.74819,9.72743,0.867164,1773.91,2045.64,0.0,0.0,0.6572,0.757873,0.0,1,0.0029894209,0.2968367251,0.2831745132063313
8.05446,5.26641,8.05325,0.671267,2454.25,3656.15,0.0,0.0,0.7174,1.06873,0.0,0,0.002541777,0.2612308695,0.2389026207293558
5.10002,3.64368,4.72082,0.794412,2326.28,2928.3,0.0,0.0,0.6568,0.826775,0.0,1,0.007794277,0.7322874937999999,0.7841941805306862
5.97055,4.70307,5.97055,1.22492,943.091,769.92,0.0,0.0,0.5008,0.408843,0.0,1,0.005358339,0.4573332653999999,0.46100534354252853
8.62906,4.33786,8.62906,1.28033,1914.7,1495.48,0.0,0.0,0.6336,0.494873,0.0,1,0.0047878706,0.4438822607,0.4367193945568048
5.03603,3.89356,5.03603,1.34872,1809.31,1341.5,0.0,0.0,0.6038,0.447684,0.0,1,0.007837947,0.7045675861,0.7624998579721822
6.80431,4.28089,6.76896,1.43909,1279.9,889.381,0.0,0.0,0.5066,0.352029,0.0,1,0.0056720178,0.5172252710999999,0.46097623344361804
6.86275,5.39635,6.82883,1.05954,2863.52,2702.61,0.0,0.0,0.7298,0.688789,0.0,1,0.0026209212,0.2842228566,0.24928934279995701
6.73584,5.39558,6.7159,1.14249,2865.04,2507.71,0.0,0.0,0.739,0.646833,0.0,1,0.0027107895,0.2638216852,0.272809611260483
6.57248,5.45743,6.53468,1.21872,2929.79,2404.0,0.0,0.0,0.7294,0.598499,0.0,1,0.0023821477,0.2345707131,0.23982764811127422
4.51149,3.70593,4.5073,1.60486,623.741,388.657,0.0,0.0,0.4184,0.260708,0.0,1,0.0057418064,0.4474738097,0.4320326804133617
5.33833,4.09777,5.32992,1.02323,1464.2,1430.95,0.0,0.0,0.5698,0.556862,0.0,0,0.00708966,0.642658854,0.6592371347973646
5.05446,3.86932,5.05446,1.38238,1280.1,926.009,0.0,0.0,0.5378,0.389038,0.0,1,0.0034868464,0.3250059791,0.3859890984919301
6.03486,4.47657,5.9683,0.924756,2925.59,3163.63,0.0,0.0,0.7036,0.760849,0.0,1,0.0025663215,0.2687730385,0.24619002554303876
5.96532,3.96258,5.96532,1.08722,942.027,866.452,0.0,0.0,0.4728,0.434869,0.00073582,1,0.0051016455,0.4524306676,0.4364898894300881
4.21696,3.7868,4.20902,1.26329,745.535,590.155,0.0,0.0,0.457,0.361755,0.0,0,0.0088846451,0.7021395073000001,0.7330329794052792
7.90536,6.37424,7.89587,0.88756,1705.8,1921.9,0.0,0.0,0.6366,0.717248,0.0,1,0.006817604,0.6581362465,0.63290340378072
4.59203,4.06699,4.58575,1.55074,682.335,440.007,0.0,0.0,0.3988,0.257168,0.0,1,0.0072821841,0.5429115552,0.5736869292204541
4.95412,3.59777,4.40809,1.51133,204.724,135.46,222.59,147.281,0.4446,0.294179,0.0,1,0.0027119532,0.2373527137999999,0.2772773247252774
6.87756,5.53647,6.83784,1.18214,1480.3,1252.22,0.0,0.0,0.543,0.459336,0.0,1,0.0071480101,0.6705659508,0.6257860175839091
5.40564,4.53621,5.32703,1.33406,1524.22,1142.54,0.0,0.0,0.5456,0.408976,0.0,1,0.0072664405,0.6217936901,0.6415617326956473
5.3327,4.51343,5.26398,1.68575,1489.56,883.622,0.0,0.0,0.5396,0.320096,0.0,1,0.0053429415,0.4545588411,0.48323276889126754
7.54214,5.04155,7.54214,0.607311,2915.58,4800.8,0.0,0.0,0.7764,1.27842,0.0,1,0.0024536466,0.2446750282,0.2481066114904913
22.97967,8.76388,22.97967,0.403152,1832.34,4545.03,0.0,0.0,0.8334,2.06721,0.0,1,0.0038804008,0.3878664128,0.37184779524195477
22.48969,11.55679,22.48969,0.431427,1897.73,4398.73,0.0,0.0,0.814,1.88676,0.0,1,0.0048542463,0.4746766419,0.4587848101458547
21.60142,10.45655,21.53105,0.395741,1819.65,4598.09,0.0,0.0,0.8328,2.10441,0.0,1,0.0039244669,0.3823996356,0.37671391416239786
29.975,15.02249,29.83505,0.197643,1310.13,6628.79,0.0,0.0,0.9182,4.64576,0.0,1,0.0046450757,0.4427234088,0.4491360423300071
19.81856,17.06364,19.63981,0.211978,1346.05,6349.95,0.0,0.0,0.9118,4.30139,0.0,1,0.0041969512,0.4385375811999999,0.3868017859592865
6.45845,5.65073,6.45505,1.52092,1546.0,1016.49,0.0,0.0,0.5696,0.374511,0.0,1,0.0035535277,0.3382530521,0.3194729931869979
7.79609,3.48851,7.69085,1.10244,1557.79,1413.04,0.0,0.0,0.6186,0.56112,0.0,0,0.0093680016,0.8637304862,0.7954351362025591
5.93943,5.1846,5.93943,1.67865,1062.24,632.793,0.0,0.0,0.4286,0.255324,0.0,0,0.0125731082,1.0004629961,0.8130129449173437
5.62714,5.2779,5.62443,1.65942,1085.12,653.917,0.0,0.0,0.4334,0.261175,0.0,0,0.010808406,0.8886553829,0.7562723396978321
5.79604,4.18591,5.79604,1.38102,1479.67,1071.43,0.0,0.0,0.5506,0.398692,0.0,1,0.0066869507,0.6046268204,0.5626527853488325
5.79442,4.21505,5.67699,1.39648,1468.21,1051.36,0.0,0.0,0.5488,0.392987,0.0,1,0.0065749147,0.6004625381,0.5582496877865446
5.70812,4.12503,5.70669,1.44217,1397.59,969.093,0.0,0.0,0.5398,0.374298,0.0,1,0.0067094872,0.6191891442,0.5329942258335516
7.02176,3.66753,6.99115,1.3176,1021.05,774.937,0.0,0.0,0.496,0.376443,0.0,1,0.0039564784,0.3488143327,0.35773088534102104
7.03734,3.63732,6.65847,1.31371,1014.75,772.431,0.0,0.0,0.5018,0.381972,0.0,1,0.0038653753,0.3533155706,0.37635562845532444
7.01529,3.79079,6.96918,1.33247,1014.37,761.274,0.0,0.0,0.4906,0.368189,0.0,1,0.0040522297,0.3575723175,0.33853573453732533
7.0665,3.70053,7.05456,1.31094,1039.62,793.032,0.0,0.0,0.501,0.382168,0.0,1,0.0037882166,0.3469011671,0.36219678351340495
7.05009,3.74248,7.03715,1.31954,1023.92,775.964,0.0,0.0,0.4934,0.373918,0.0,1,0.0038477125,0.3542991125,0.32530054292460664
7.04216,3.76029,6.51395,1.3253,1016.32,766.86,0.0,0.0,0.4928,0.37184,0.0,1,0.0039248712,0.3554871716,0.3281350418895832
7.03774,3.77448,6.9742,1.32931,1016.48,764.667,0.0,0.0,0.4848,0.364699,0.0,1,0.0039295194,0.3543186346,0.3291813799972909
7.07082,3.72352,7.02334,1.31235,1023.45,779.863,0.0,0.0,0.497,0.378709,0.0,1,0.0038690938,0.3555094826,0.34212901562140696
7.01869,3.81528,6.63722,1.33794,1007.41,752.957,0.0,0.0,0.4858,0.363096,0.0,1,0.0040178336,0.3621739548,0.3358478561173302
7.01033,3.79821,6.75812,1.33845,1014.35,757.851,0.0,0.0,0.488,0.364601,0.0,1,0.0041944621,0.3634335949,0.34854466916786125
7.01042,3.80896,6.9255,1.3366,1007.71,753.939,0.0,0.0,0.4868,0.364209,0.0,1,0.0039983115,0.3626220334,0.33726233540880657
7.0091,3.78553,6.9949,1.33735,1014.06,758.26,0.0,0.0,0.4828,0.361012,0.0,1,0.0041052182,0.3618151201,0.3379806790907891
7.01938,3.75717,6.78624,1.32807,1011.93,761.958,0.0,0.0,0.4912,0.36986,0.0,1,0.0039072084,0.3540081403,0.3261622839905433
7.01702,3.80696,7.00767,1.33459,1022.86,766.423,0.0,0.0,0.4802,0.35981,0.0,1,0.0039994477,0.3575539316,0.3354247746380536
7.05519,3.79599,6.7273,1.31521,1027.79,781.463,0.0,0.0,0.4944,0.37591,0.0,1,0.0039360267,0.3540871583,0.33302326154781897
7.07208,3.67099,6.65977,1.31088,1023.42,780.716,0.0,0.0,0.4996,0.381118,0.0,1,0.0039360267,0.3510101039,0.37033646866701886
7.02333,3.67551,6.68721,1.32015,1014.75,768.665,0.0,0.0,0.4954,0.375261,0.0,1,0.0038876863,0.3491703786,0.3496077602435979
7.02313,3.82948,7.02313,1.33462,1010.65,757.254,0.0,0.0,0.4866,0.364598,0.0,1,0.0041061479,0.3598461771,0.3358869412744233
7.03275,3.83288,6.70379,1.33192,1017.39,763.856,0.0,0.0,0.4894,0.36744,0.0,1,0.0039825079,0.3604299808,0.334227538076966
7.01606,3.82362,7.01606,1.3363,1014.56,759.23,0.0,0.0,0.4868,0.364289,0.0,1,0.0042037584,0.3653476900999999,0.3582243916826431
7.04297,3.82338,7.04297,1.33044,1025.08,770.483,0.0,0.0,0.4874,0.366345,0.0,1,0.0039490415,0.3619787339,0.32659501711749006
7.04341,3.83129,7.04341,1.32486,1021.89,771.322,0.0,0.0,0.4928,0.371964,0.0,1,0.0039834375,0.3603937254,0.34187876113491733
7.02932,3.80353,7.02932,1.32333,1025.15,774.676,0.0,0.0,0.4948,0.373906,0.0,1,0.0040336372,0.3530896721,0.3459604227751431
7.03553,3.81631,6.66267,1.32324,1033.46,781.008,0.0,0.0,0.4904,0.370605,0.0,1,0.0041656438,0.3612508385,0.34116857594197486
7.03046,3.79465,6.68948,1.32008,1029.49,779.869,0.0,0.0,0.4982,0.377401,0.0,1,0.0041340366,0.3544943335,0.34713629072278984
7.07034,3.75403,6.76838,1.31589,1019.32,774.626,0.0,0.0,0.4958,0.37678,0.0,1,0.0039388156,0.3513466275999999,0.3304948890296345
7.01083,3.77871,6.95045,1.33425,1016.66,761.974,0.0,0.0,0.4834,0.362301,0.0,1,0.0041117256,0.3591554667,0.3381941936177994
7.02958,3.74465,6.95589,1.32702,1017.45,766.718,0.0,0.0,0.49,0.36925,0.0,1,0.0040689629,0.3575183993999999,0.33600535701845624
7.01624,3.71089,6.8329,1.32411,1025.99,774.855,0.0,0.0,0.4912,0.370967,0.0,1,0.0039694932,0.3585577186999999,0.34862997465326195
7.02954,3.71586,6.33543,1.32374,1036.28,782.845,0.0,0.0,0.4912,0.371071,0.0,1,0.0039722821,0.3591601148,0.3514526048638419
7.02793,3.71306,6.40493,1.32259,1024.02,774.255,0.0,0.0,0.4926,0.372451,0.0,1,0.0039722821,0.3539653775999999,0.34817618659702937
7.0591,3.80398,6.95726,1.31482,1028.35,782.123,0.0,0.0,0.4968,0.377845,0.0,1,0.0038570087,0.3531677605,0.3258872806376163
7.06378,3.79902,6.95616,1.31604,1025.34,779.109,0.0,0.0,0.4946,0.375823,0.0,1,0.0039769302,0.3521014821,0.34419624681376826
9.67197,6.44372,9.67197,0.77122,2332.16,3023.99,0.0,0.0,0.771,0.999714,0.0,1,0.0028139032,0.2772714654,0.2932424855245018
5.80282,4.70685,5.79577,3.42955,1940.39,565.785,0.0,0.0,0.5998,0.174892,0.0,1,0.0014339782,0.1339031319,0.11933785280580989
6.67584,5.81143,6.66422,1.12235,912.162,812.727,0.0,0.0,0.4922,0.438545,0.0,1,0.0016939951,0.1695834839,0.16786534211484716
5.66796,4.25652,5.66268,1.43346,1155.57,806.137,0.0,0.0,0.5024,0.350479,0.0,0,0.0097792335,0.7737508516,0.8070465331670852
5.27687,4.07489,5.26218,1.3881,1464.38,1054.95,0.0,0.0,0.585,0.421438,0.0,1,0.0115470545,0.9322875194,0.9414378907553256
4.30865,3.85554,4.26496,1.71497,435.499,253.939,0.0,0.0,0.3688,0.215047,0.0,1,0.010253112,0.5715553858,0.6574622409504948
4.41255,3.41758,4.32307,1.9759,693.219,350.838,235.178,119.024,0.5434,0.275014,0.0,1,0.002975607,0.2880967333999999,0.35214314990730006
4.18106,3.97053,4.18106,1.83396,707.407,385.727,0.0,0.0,0.4316,0.235338,0.0,0,0.2822970793,3.0931858538,3.047341268612054
5.73732,4.27265,5.65548,1.56934,1252.52,798.122,0.0,0.0,0.5388,0.343329,0.0,1,0.0063676347,0.5459307841,0.5193292615318801
6.23329,4.79223,6.23329,0.956504,2173.22,2272.05,0.0,0.0,0.6332,0.661994,0.0,1,0.0099617803,0.8937793471,0.9368700629279405
5.91598,4.8393,5.90444,0.946458,2296.32,2426.22,0.0,0.0,0.6568,0.693956,0.0,1,0.0058363596,0.5606930286,0.5542432451042957
6.28295,5.19194,6.16876,0.913349,2335.71,2557.31,0.0,0.0,0.6626,0.725462,0.0,1,0.0051622807,0.5052294269,0.4840890633127991
5.8822,4.848,5.86939,0.949674,2240.73,2359.47,0.0,0.0,0.658,0.692869,0.0,1,0.0057951389,0.5528320075,0.5445370347757498
4.76534,3.95054,4.76534,1.34356,1133.18,843.42,0.0,0.0,0.5016,0.373337,0.0,1,0.0129147556,0.9837596126,0.9461846738618105
6.24349,5.12734,6.13649,0.9162,2335.91,2549.56,0.0,0.0,0.6696,0.730845,0.0,1,0.0053150396,0.5194747998,0.5011554651216212
6.10211,4.91381,6.0286,0.939951,2318.74,2466.88,0.0,0.0,0.6558,0.697696,0.0,1,0.0055938852,0.5400269327,0.525768524396966
5.90984,4.72024,5.82362,0.936419,2363.81,2524.31,0.0,0.0,0.6642,0.709298,0.0,1,0.0058048379,0.5399347925,0.5337169142317888
6.00653,4.86996,6.00653,0.931336,2311.78,2482.22,0.0,0.0,0.6534,0.701573,0.0,1,0.0055259923,0.5359921582,0.5209010567332155
6.95521,6.65822,6.95521,0.957388,1627.93,1700.38,0.0,0.0,0.609,0.636106,0.0,0,0.0083655706,0.7935001243,0.769318426412919
7.41052,7.00984,7.40327,0.944282,1611.38,1706.46,0.0,0.0,0.6124,0.648535,0.0,0,0.009924918,0.9197998348,0.8782783310622201
5.00224,4.42588,5.00224,2.00794,611.459,304.521,0.0,0.0,0.4062,0.202297,0.0,1,0.0052791287,0.3863024025,0.4138788359395433
5.73867,3.59336,5.72178,2.09497,1040.44,496.637,0.0,0.0,0.5118,0.244299,0.0,0,0.0287313897,1.3314986351,1.4543143476622786
7.05411,5.65156,7.03914,0.967554,1983.39,2049.91,0.0,0.0,0.6408,0.662289,0.0,1,0.0052080234,0.4932403629999999,0.5096035565914858
4.21204,3.56876,4.20993,1.51146,562.274,372.007,0.0,0.0,0.4702,0.31109,0.0,1,0.0145030914,1.0765764028,1.0751147201016922
6.77563,4.15655,6.73512,1.06978,1861.11,1739.71,0.0,0.0,0.6378,0.596196,0.0,1,0.0082121397,0.7408262049,0.7403957278554353
8.63633,6.73186,8.63063,0.935461,1473.57,1575.23,0.0,0.0,0.5784,0.618305,0.0,0,0.0060861276,0.5860384647,0.5655352331148874
8.39175,6.59132,8.39175,0.957359,1460.22,1525.26,0.0,0.0,0.566,0.59121,0.0,0,0.0061692147,0.5961358512,0.5548421012191143
5.95986,5.08733,5.90424,1.45523,1476.39,1014.54,0.0,0.0,0.5466,0.37561,0.0,1,0.0045974804,0.4281267822999999,0.3624163044499197
8.05472,3.98,7.82448,1.13518,1829.79,1611.9,0.0,0.0,0.6248,0.550399,0.0,1,0.004470538,0.4180198527,0.44157964614055045
8.08316,3.97327,8.04054,1.14357,1840.46,1609.4,0.0,0.0,0.6224,0.54426,0.0,1,0.0044124663,0.4174279446,0.44056447877477445
6.12081,5.11749,6.09552,1.41231,1533.09,1085.52,0.0,0.0,0.5616,0.397647,0.0,1,0.0045552301,0.4137300101,0.3825957224856481
8.09283,3.98695,8.04748,1.17505,1628.38,1385.79,0.0,0.0,0.6158,0.524061,0.0,1,0.0044949436,0.4205488249,0.4190255301213786
11.03802,8.53557,11.03802,1.03996,1270.59,1221.78,36.3048,34.91,0.5972,0.574255,0.0,1,0.0083388648,0.5666429298,0.6365363432700637
6.98929,6.77562,6.98929,1.52277,1495.88,982.34,0.0,0.0,0.5546,0.364204,0.0,1,0.005773284,0.5250825239,0.4449239432241071
9.82811,9.16141,9.82811,1.34846,1344.96,997.404,0.0,0.0,0.5734,0.425224,0.0,1,0.0011468989,0.1161275792999999,0.12215555663322397
6.4221,3.84022,6.40906,1.13898,1211.49,1063.66,0.0,0.0,0.5446,0.478145,0.0,0,0.0106698107,0.8503849501,0.8845314625080993
7.55178,5.63017,7.55178,1.41332,1270.28,898.791,0.0,0.0,0.5304,0.375286,0.0,0,0.0011903371,0.1195161141,0.1250245598313383
16.36508,5.22924,16.36508,0.720668,2111.4,2929.78,0.0,0.0,0.7092,0.984087,0.0,1,0.0067316592,0.6393515857000001,0.6167319513191596
16.40599,5.24588,16.39933,0.71711,2129.23,2969.18,0.0,0.0,0.7138,0.995384,0.0,1,0.0067640442,0.6226990831,0.6152650510184334
16.39644,5.24663,16.39644,0.717349,2130.73,2970.28,0.0,0.0,0.7132,0.994216,0.0,1,0.0068553109,0.6273625198,0.6159245096760072
16.38928,5.24682,16.38928,0.717588,2130.87,2969.49,0.0,0.0,0.7132,0.993885,0.0,1,0.0068891679,0.6281927529,0.6268056567255024
16.3778,5.24265,16.37247,0.717908,2134.21,2972.83,0.0,0.0,0.7136,0.994,0.0,1,0.0068413265,0.6315519583,0.6174623807142192
16.36646,5.23896,16.35136,0.718227,2134.13,2971.38,0.0,0.0,0.7136,0.993558,0.0,1,0.0069127206,0.6330976049,0.6283435277637145
16.35712,5.2326,16.35248,0.718547,2136.57,2973.47,0.0,0.0,0.7128,0.992003,0.0,1,0.0067765565,0.6282545787,0.6177617461200979
16.34087,5.22933,16.33846,0.718946,2138.82,2974.94,0.0,0.0,0.7138,0.992842,0.0,1,0.0070091396,0.640523333,0.6283599143657568
16.32287,5.22574,16.32052,0.719907,2137.74,2969.47,0.0,0.0,0.7132,0.990684,0.0,1,0.0067691963,0.6309653486,0.6177617461200979
16.31009,5.22559,16.30705,0.720949,2138.54,2966.28,0.0,0.0,0.7124,0.988141,0.0,1,0.0068818077,0.6413668145,0.6283599143657568
16.28739,5.21999,16.28739,0.722396,2138.93,2960.89,0.0,0.0,0.713,0.986993,0.0,1,0.0069723384,0.6401818187,0.6282283923385695
5.39147,3.92821,5.39147,2.22853,612.028,274.634,150.125,67.3652,0.4354,0.195376,0.0,1,0.0011161021,0.1076868059,0.11334638529741414
4.25979,3.61253,4.24685,2.02207,509.832,252.133,0.0,0.0,0.4388,0.217005,0.0,1,0.0047639257,0.3832988658,0.3867954098341953
5.80261,4.54109,5.79964,1.48289,1070.97,722.217,0.0,0.0,0.498,0.335831,0.0,1,0.0126489046,0.8970222936,0.8124487582005132
5.27343,4.6547,5.27343,1.1624,1108.39,953.534,0.0,0.0,0.534,0.459394,0.0,1,0.0304488923,1.84392952,1.5009077255539593
4.8362,3.81563,4.76917,1.19541,1260.2,1054.2,0.0,0.0,0.5442,0.455241,0.0,1,0.0159526389,1.2577183317,1.231366904228071
4.54942,3.60193,4.54942,1.23234,1331.25,1080.26,0.0,0.0,0.5634,0.457179,0.0,0,0.0087037054,0.7880334854000001,0.7987022007463841
4.94177,4.05577,4.93292,1.11879,802.645,717.419,483.544,432.201,0.5788,0.517342,0.0,0,0.0116079822,1.0085230817,0.8220505367174331
10.48256,4.17052,10.46235,1.23045,1614.41,1312.05,0.0,0.0,0.6222,0.505669,0.0,1,0.0023995275,0.2399092451,0.23427796107019988
7.14967,3.85025,7.14967,1.8852,994.903,527.743,2.6105,1.38473,0.4918,0.260874,0.0,1,0.0018763518,0.1815337428,0.15631550754359536
9.12367,7.3846,9.12367,0.60089,2399.82,3993.78,0.0,0.0,0.7754,1.29042,0.0,1,0.0062848726,0.5708376214,0.5757134879442902
5.71523,4.47901,5.71444,1.04798,1842.24,1757.9,0.0,0.0,0.5918,0.564707,0.0,1,0.0107931089,0.9424833836,0.9096087575404024
6.19638,4.53832,6.17045,1.05792,1773.86,1676.75,0.0,0.0,0.5902,0.557888,0.0,1,0.0124576986,1.0598898077,0.9754876995480755
4.97686,4.54571,4.97686,1.56592,814.078,519.872,0.0,0.0,0.4264,0.2723,0.0,1,0.0069275465,0.5356076636,0.5369651674568978
6.37183,4.25289,6.36461,1.09976,2598.54,2362.82,0.0821372,0.0746863,0.689,0.626499,0.0,0,0.0048460611,0.4570418904,0.46373394610724394
4.84676,3.51441,4.84676,1.2958,520.065,401.348,0.0,0.0,0.4678,0.361013,0.0,1,0.0060436392,0.4516826195,0.49031983141815594
10.29771,9.60437,10.29648,1.52872,1059.92,693.336,0.0,0.0,0.525,0.343424,0.0,0,0.0026698635,0.2524746223,0.2253175472287149
6.17873,3.70632,6.16879,1.24989,1414.19,1131.45,0.0,0.0,0.5442,0.435399,0.0,0,0.0065148333,0.5935942486,0.6091913159894002
7.99116,6.98056,7.99116,0.854766,1939.43,2268.96,0.0,0.0,0.6666,0.779862,0.0,0,0.0032339996,0.3094921096,0.3132627697783411
6.68191,4.62372,6.68191,0.987311,1445.66,1464.24,0.0,0.0,0.5434,0.550384,0.0,1,0.011203583,0.8862709015000001,0.9038543394236647
4.31787,3.88877,4.31787,2.05035,791.695,386.128,0.0,0.0,0.4768,0.232546,0.0,1,0.0057985423,0.5015619340999999,0.4501369176844627
4.30346,3.89395,4.29928,2.06117,790.339,383.442,0.0,0.0,0.481,0.233363,0.0,1,0.0069341349,0.5675212820000001,0.5598765066073166
5.02709,3.72665,4.99488,1.27657,629.658,493.241,0.0,0.0,0.4654,0.36457,0.0,1,0.0114389125,0.7311727042,0.7753547318357255
5.93426,3.61461,5.81162,1.33898,708.592,529.204,195.452,145.971,0.4828,0.360574,0.0,0,0.0117711793,0.801160717,0.7875710384306936
9.66456,8.22981,9.66456,0.719522,1817.4,2525.84,0.0,0.0,0.7038,0.978149,0.0,0,0.0056291526,0.5263474665,0.5094225314166785
7.94677,5.42884,7.94677,0.862455,2489.26,2886.25,0.0,0.0,0.7028,0.814884,0.0,1,0.0105483216,0.9323524897,0.9010269824984304
8.20803,5.81249,8.20591,0.948677,2479.72,2613.87,0.0,0.0,0.7154,0.754103,0.0,1,0.006455216,0.6103255131,0.614265157848799
5.24917,3.7405,5.24587,0.948381,1199.28,1264.55,0.0,0.0,0.5468,0.576561,0.0,1,0.0090179467,0.7845395352,0.7619831977702329
4.11745,3.56035,4.11745,2.20732,218.405,98.9459,0.0,0.0,0.3616,0.163818,0.0,1,0.0034843602,0.279589712,0.2279767704434884
6.67917,4.16594,6.67917,0.777338,2276.92,2929.12,0.0,0.0,0.6518,0.838503,0.0,0,0.0129999557,1.1845114506,1.1018537771947439
10.06165,6.49649,10.06165,0.726621,2197.25,3023.92,0.0,0.0,0.7314,1.00658,0.0,1,0.0058502546,0.5585314654,0.5577331405235675
9.102,7.19033,9.102,0.965103,1741.04,1804.0,0.0,0.0,0.668,0.692154,0.0,1,0.0069223162,0.6599206006,0.6155099472105781
5.26261,4.12424,5.26261,2.16673,1285.57,593.325,0.0,0.0,0.5212,0.240547,0.0,1,0.0038372737,0.3319355964,0.3145869823535132
6.73488,4.98598,6.69979,1.11309,1471.92,1322.37,0.0,0.0,0.585,0.525564,0.0,1,0.0068976146,0.5905241353,0.6064103946281745
10.66909,7.4091,8.27581,0.565023,2406.95,4259.92,0.0,0.0,0.764,1.35216,0.0,1,0.0040859897,0.4139568018999999,0.39625447394374463
5.32669,4.23467,4.4649,0.976445,1595.83,1634.33,0.0,0.0,0.605,0.619594,0.0,0,0.0109490988,0.8576192891,0.9670630699294567
5.41421,3.75067,5.4093,1.171,1325.63,1132.04,0.0,0.0,0.5476,0.467633,0.0,1,0.0041243856,0.3830808463,0.39608783000756437
5.44405,4.31312,5.4378,1.17461,1160.52,988.008,0.0,0.0,0.5346,0.455132,0.0,0,0.0228553107,1.5229216804,1.583974867243757
7.15336,4.82289,7.11748,0.903996,1600.62,1770.61,0.0,0.0,0.599,0.662614,0.0,1,0.0052050292,0.5017713995,0.49405377207559653
4.53831,3.95004,4.53831,1.42878,1037.77,726.335,0.0,0.0,0.4826,0.337771,0.0,0,0.0033406532,0.2987779063,0.37141167473574566
4.38791,3.69157,4.27847,1.86379,1077.12,577.916,0.0,0.0,0.549,0.294561,0.0,1,0.0049322594,0.4283503832999999,0.41386305252711764
5.91349,3.768,5.90805,2.1648,1012.46,467.691,0.0,0.0,0.5258,0.242886,0.0,1,0.0012865816,0.1215614018,0.07083343638798911
5.07067,4.28847,5.07067,1.30387,1013.74,777.485,0.0,0.0,0.5214,0.399886,0.0,1,0.013172936,0.9629983481,1.0020934315563497
5.86223,4.35313,5.84737,1.55825,1478.82,949.028,0.0,0.0,0.4966,0.31869,0.0,1,0.006485051,0.5976885290999999,0.5778937137274408
5.89004,4.39215,5.87319,1.54457,1464.98,948.466,0.0,0.0,0.5138,0.332648,0.0,1,0.0063882252,0.5823294255,0.5747432513150899
4.99055,3.64708,4.98531,1.56862,445.43,283.963,0.0,0.0,0.3404,0.217006,0.0,0,0.0298415859,1.0408476953,1.0690209069616379
5.17149,3.8322,5.17149,1.55185,476.457,307.026,0.0,0.0,0.3482,0.224378,0.0,0,0.0276000639,1.0289846691,1.1543551092101756
5.03286,3.68439,5.03149,1.56261,456.108,291.888,0.0,0.0,0.3404,0.21784,0.0,0,0.0280447383,1.0363112095,1.0806132932714945
5.01673,3.67388,5.01071,1.5629,457.79,292.911,0.0,0.0,0.336,0.214985,0.0,0,0.0286225125,1.0312997994,1.0799967384444153
4.75182,4.31251,4.74788,1.55891,477.005,305.985,0.0,0.0,0.3332,0.213739,0.0,0,0.0253182085,1.0602843031,1.1206489965576463
5.0019,3.66108,4.98081,1.56447,446.305,285.275,0.0,0.0,0.341,0.217965,0.0,0,0.0293152366,1.0348249282,1.080500076430939
4.90652,3.5734,4.90652,1.57471,420.432,266.99,0.0,0.0,0.3326,0.211213,0.0,0,0.0299535108,1.044117716,1.0557244100817336
9.48553,8.8403,9.48103,1.4036,1600.03,1139.94,0.0,0.0,0.619,0.441008,0.0,1,0.0023996295,0.2339628862,0.2344904908147511
5.06119,3.42679,5.05316,1.0324,1234.19,1195.46,0.0,0.0,0.5416,0.524604,0.0,0,0.0149430631,1.2247727645,1.2953119973768379
6.83344,4.71663,6.83296,1.06807,1813.41,1697.83,0.0,0.0,0.6246,0.584793,0.0,1,0.0021503963,0.2147346041,0.23151191891523032
6.97329,4.88825,6.97329,0.93136,2191.25,2352.75,0.0,0.0,0.6512,0.699193,0.0,1,0.0034006535,0.3241438132,0.3531057868546915
10.9643,9.26908,10.9643,0.761133,2031.27,2668.75,0.0,0.0,0.7024,0.922834,0.0,1,0.0034638864,0.3341148685,0.35609078670583655
5.79552,5.04854,5.77825,1.51587,900.967,594.354,0.0,0.0,0.4678,0.308601,0.0,0,0.00391743,0.3381984497,0.3239340368887597
5.08011,4.95466,5.07716,1.28742,668.968,519.62,0.0,0.0,0.4346,0.337575,0.0,0,0.005711061,0.4526978202,0.440439771928351
5.42763,5.00502,5.42763,1.15566,1031.44,892.51,0.0,0.0,0.5104,0.441654,0.0,0,0.0031765104,0.2917840153,0.361459466845365
4.89776,4.80325,4.89776,1.32249,640.157,484.055,0.0,0.0,0.4324,0.326959,0.0,0,0.007250796,0.5522734013,0.5483156527135078
5.90739,4.56726,5.89705,1.28251,410.79,320.302,304.548,237.463,0.4784,0.373019,0.0,0,0.0285859379,1.2817348125,1.2188197213970446
6.91275,6.07316,6.90845,0.727942,1843.94,2533.08,0.0,0.0,0.6678,0.917381,0.0,1,0.0047862431,0.4729859736,0.46716323582328034
6.80616,5.48586,6.79539,1.14478,1985.3,1734.22,0.0,0.0,0.6386,0.557835,0.0,1,0.0060261551,0.5611204492,0.5581133592166992
5.60258,3.44233,5.60258,1.27525,1106.44,867.624,0.0,0.0,0.5354,0.419839,0.0,1,0.0092854487,0.7631154376,0.821860178887382
19.03849,6.57368,19.03849,0.594852,2177.49,3660.55,0.0,0.0,0.7766,1.30553,0.0,1,0.0050521312,0.4890606288,0.5031593444301419
5.76966,4.83521,5.76966,1.51984,1227.59,807.709,0.0,0.0,0.4906,0.322798,0.0,1,0.0074388469,0.6217286581,0.6157869386664598
6.16839,5.15091,6.14553,1.469,1288.74,877.291,0.0,0.0,0.5068,0.344997,0.0,1,0.0069073145,0.5837853279999999,0.5808388668098181
8.45824,7.8928,8.45069,1.20511,2057.23,1707.09,0.0,0.0,0.6724,0.557956,0.0,1,0.0037260912,0.3528930936,0.36263444334996275
8.39033,7.40998,8.36675,1.20923,2036.82,1684.4,0.0,0.0,0.668,0.55242,0.0,0,0.0035667778,0.3463461012,0.3489705647327947
6.63021,4.74893,6.28969,1.14411,2264.35,1979.14,0.0,0.0,0.7132,0.623366,0.0,1,0.0013665935,0.1263108959,0.1441909335300332
5.69914,3.57907,5.69914,1.37889,1612.66,1169.53,0.0,0.0,0.555,0.402497,0.0,1,0.0050324893,0.4721453481,0.47171939912307714
5.60983,3.56003,5.60983,1.35998,1546.68,1137.28,0.0,0.0,0.565,0.415449,0.0,1,0.0049270613,0.4693643522,0.4497085861904437
6.05316,4.94809,6.0477,1.2743,1610.55,1263.87,0.0,0.0,0.5832,0.457663,0.0,1,0.0071111767,0.6545140995000001,0.6074602549734227
16.74527,9.32901,16.72649,0.807635,1226.12,1518.16,378.27,468.367,0.6974,0.863509,0.0,1,0.0083486659,0.7306430909,0.650401930591325
6.26431,4.41375,6.26263,1.54927,1120.19,723.042,0.0,0.0,0.4916,0.31731,0.0,1,0.0118235681,0.9221783376,0.7715897949761965
8.10283,5.74584,7.78942,0.857006,2630.83,3069.79,0.0,0.0,0.7212,0.841534,0.0,1,0.0040305434,0.4200678613,0.39456495772601413
7.32111,5.46808,7.222,1.5718,2726.03,1734.34,0.0,0.0,0.7354,0.467871,0.0,1,0.0009989941,0.1005116174,0.10094278346451835
5.34593,4.56791,5.34593,1.18507,1106.86,934.001,0.0,0.0,0.485,0.409257,0.0,1,0.0218311312,1.4803646665,1.3728051780201642
4.83097,3.827,4.78914,1.13652,871.617,766.914,0.0,0.0,0.4996,0.439586,0.0,1,0.0132060132,1.0332844956,1.0270827023341593
5.09989,3.45083,5.0749,2.38949,628.019,262.825,0.0,0.0,0.4048,0.169408,0.0,1,0.0027175458,0.2241415322,0.19975056685435977
5.08501,3.51139,5.08501,2.43093,644.893,265.287,0.0,0.0,0.4018,0.165287,0.0,1,0.0029594257,0.2410094278,0.21078424439487453
5.58846,4.62948,5.58392,1.75407,1139.55,649.659,0.0,0.0,0.5118,0.291778,0.0,1,0.008696498,0.6595504597,0.6877340607532428
5.60614,4.62847,5.47098,1.77494,1148.07,646.824,0.0,0.0,0.5046,0.284292,0.0,1,0.0089126075,0.6716662212000001,0.68485411224552
6.06205,4.36461,6.04226,1.22934,1821.97,1482.08,0.0,0.0,0.617,0.501897,0.0,1,0.006210918,0.5662947052,0.5421627047275871
4.59869,3.5679,4.59657,1.86048,691.944,371.917,0.0,0.0,0.4344,0.233488,0.0,0,0.0031979241,0.295772236,0.345089508433838
4.57827,3.5768,4.571,1.86654,688.219,368.714,0.0,0.0,0.4312,0.231016,0.0,0,0.0032523105,0.2966455272,0.3406364331895248
17.18258,16.37707,17.18252,0.61117,1430.17,2340.05,0.0,0.0,0.7478,1.22355,0.0,1,0.0053507195,0.5284613108,0.48402070356480076
17.92516,17.51395,17.92516,0.536552,1469.43,2738.65,0.0,0.0,0.7562,1.40937,0.0,1,0.0058280584,0.5446850601,0.495157943215101
24.44059,23.62721,24.44059,0.439059,1246.56,2839.17,0.0,0.0,0.7912,1.80203,0.0,1,0.0059286291,0.5673871954999999,0.5167013242295999
30.70055,30.14408,30.70055,0.362219,1156.23,3192.07,0.0,0.0,0.82,2.26383,0.0,1,0.004942553,0.4792797834,0.45779895586685837
28.21772,27.5597,28.21772,0.383766,1182.94,3082.47,0.0,0.0,0.7968,2.07627,0.0,1,0.0044146723,0.4029108000999999,0.4232868201190983
36.78756,36.43313,36.78756,0.334728,1010.86,3019.95,0.0,0.0,0.8506,2.54117,0.0,1,0.0044805416,0.4528323197,0.433588448571047
34.85961,34.35542,34.85961,0.286106,1008.2,3523.86,0.0,0.0,0.8406,2.93808,0.0,1,0.0049635082,0.4749454827,0.465945281772838
38.22812,38.06649,38.22812,0.326773,945.437,2893.25,0.0,0.0,0.8304,2.54121,0.0,1,0.0034804569,0.331016102,0.36959347153143823
53.57674,53.26429,53.57674,0.23463,734.576,3130.78,0.0,0.0,0.8668,3.69432,0.0,0,0.0043666887,0.4403509624,0.4429618712876435
71.64119,71.50197,71.64119,0.179103,619.991,3461.66,0.0,0.0,0.8986,5.01724,0.0,1,0.004593231,0.4570861378,0.4893823662712533
6.59267,5.18923,6.59267,1.24447,1342.97,1079.15,0.0,0.0,0.5474,0.439866,0.0,0,0.0034810906,0.3298228723999999,0.33631444447407877
8.85312,4.24768,8.85312,0.848051,1428.37,1684.3,0.0,0.0,0.631,0.744059,0.0,1,0.003523226,0.3435548296,0.36070180540307567
15.81778,9.45289,13.62877,0.959285,1554.88,1620.88,0.0,0.0,0.6988,0.728459,0.0,1,0.0026956749,0.2682652202,0.26289058298972023
13.87561,10.03609,13.87561,0.965847,1665.9,1724.8,0.0,0.0,0.7062,0.731172,0.0,1,0.0043936623,0.3903148593,0.41152991759778657
9.49471,7.12348,9.49471,1.03474,1089.85,1053.26,0.0,0.0,0.5584,0.539655,0.0,1,0.0044374534,0.4154962235,0.37999550823708783
8.06325,5.70271,8.06325,1.05948,1118.14,1055.37,0.0,0.0,0.5424,0.511951,0.0,1,0.0052184012,0.4787088372,0.4468205416437561
6.83933,5.19617,6.83933,1.09861,1246.82,1134.91,0.0,0.0,0.5274,0.480063,0.0,1,0.0053255277,0.4926331161,0.4837745192929353
6.11234,4.00379,6.11037,0.853384,2274.69,2665.5,0.0,0.0,0.6316,0.740112,0.0,1,0.0089909247,0.8174212569,0.7965387654871972
13.47425,9.8037,13.46784,0.502799,2109.81,4196.14,0.0,0.0,0.8088,1.6086,0.0,1,0.005071697,0.4930359103,0.4928439819684596
13.90455,9.65699,13.67506,0.424006,2112.55,4982.37,0.0,0.0,0.8122,1.91554,0.0,1,0.0043840459,0.4354480871,0.4424689029742652
5.22922,5.1443,5.20974,1.6171,770.443,476.435,163.357,101.019,0.5102,0.315503,0.0,1,0.0027360963,0.2628529294,0.27618516468936744
7.82014,4.3293,7.82014,1.54095,1272.68,825.908,0.0,0.0,0.459,0.297868,0.0,1,0.00175581,0.1693682227,0.17520186314951258
7.67887,4.23308,7.64737,1.56136,1212.02,776.259,0.0,0.0,0.456,0.292053,0.0,1,0.0016279654,0.167455246,0.16008387185281203
7.88308,6.20532,7.88308,1.40501,1615.19,1149.59,0.0,0.0,0.5966,0.424622,0.0,0,0.0055447847,0.5175481946,0.46844666799723084
7.72531,5.99694,7.71841,1.07668,1740.27,1616.34,0.0,0.0,0.608,0.564701,0.0,0,0.0070402331,0.6692876986,0.6094665317076514
5.11492,3.52421,4.97096,1.62315,751.494,462.985,0.0,0.0,0.4856,0.299172,0.0,0,0.0155676209,0.9672645184,1.059400650796409
6.00247,5.30071,6.00247,1.71779,1047.72,609.926,0.0,0.0,0.4804,0.279662,0.0,0,0.0048436805,0.4113820417,0.43906957864421803
6.27741,5.87074,6.27741,1.48318,1233.99,831.987,0.0,0.0,0.4452,0.300165,0.000134845,1,0.0063847338,0.5556947999,0.5745266359292956
6.52014,5.78584,6.51985,1.60919,731.041,454.292,0.0,0.0,0.4398,0.273306,0.0,1,0.002037376,0.192115118,0.16804009428197586
6.62287,5.81813,6.60232,1.44048,711.488,493.924,0.0,0.0,0.4434,0.307814,0.0,1,0.0022051624,0.2042404129,0.16833311532708684
4.19061,3.96956,4.19061,2.19605,565.019,257.289,0.0,0.0,0.3638,0.165661,0.0,0,0.0135521092,0.9025098752,0.7717120210469864
4.15601,3.75321,4.15601,2.20306,528.853,240.053,0.0,0.0,0.3622,0.164407,0.0,0,0.0113449214,0.7976498912000001,0.6420802623230628
4.22072,4.03217,4.22072,2.18549,633.476,289.856,0.0,0.0,0.367,0.167926,0.0,0,0.0136922291,0.9303913399,0.8165027081162338
5.75637,3.63199,5.752,1.21306,695.864,573.642,0.0,0.0,0.461,0.380029,0.0,0,0.0056889571,0.4505194440999999,0.4316827225353829
5.53731,3.62481,5.51122,1.21407,657.252,541.362,0.0,0.0,0.452,0.372301,0.0,0,0.0055271363,0.4437074058,0.44167425160042295
6.37556,5.47534,6.06532,1.03259,2464.11,2386.34,0.0,0.0,0.6836,0.662025,0.0,1,0.0070114647,0.6628319568,0.6453262180716717
9.45537,5.54963,9.26082,0.925798,2318.33,2504.14,0.0,0.0,0.7126,0.769715,0.0,1,0.0054416747,0.5304606745,0.5024537554181523
7.78665,6.48187,7.78665,0.899667,2411.03,2679.92,0.0,0.0,0.7204,0.800741,0.0,1,0.0053568444,0.5022931793,0.5131062472108701
9.2158,6.6287,9.19553,0.813635,2298.6,2825.1,0.0,0.0,0.7402,0.909744,0.0,1,0.0048358347,0.4658577642,0.4696269895146603
9.5023,7.30426,9.5023,0.978772,2065.68,2110.48,0.0,0.0,0.6764,0.69107,0.0,1,0.004610516,0.4464156595,0.4358179702308435
5.39014,4.09776,5.39014,1.21945,848.775,696.033,0.0,0.0,0.4626,0.379352,0.0,0,0.012048111,0.8680600284000001,0.8555170398676857
5.09966,4.72276,5.09966,1.21463,819.918,675.033,0.0,0.0,0.4664,0.383984,0.0,0,0.0114194681,0.8274028295999999,0.8623873358845683
4.47497,3.84758,4.42236,1.74913,1220.58,697.821,0.0,0.0,0.5078,0.290316,0.0,1,0.0005760227,0.0571144353,0.14023803715429373
5.1864,4.84916,5.1864,1.17199,1483.96,1266.19,0.0,0.0,0.5272,0.449833,0.0,0,0.0128822242,0.9874256995,1.032325692496117
7.01256,4.27999,7.01256,1.09096,1719.24,1575.89,0.0,0.0,0.5716,0.523941,0.0,0,0.0118375465,0.9340429921,1.0000498956977848
4.89378,3.67275,4.89056,1.38833,813.018,585.609,0.0,0.0,0.4646,0.334647,0.0,0,0.0056928965,0.5063701868,0.4762796885259312
5.3045,3.72656,5.30006,1.51504,527.124,347.927,0.0,0.0,0.4244,0.280124,0.0,1,0.0062229492,0.4653101340999999,0.4454339328517641
5.33635,3.74229,5.33635,1.17983,1069.98,906.899,0.0,0.0,0.5116,0.433623,0.0,1,0.00544075,0.5114463664,0.5154058790250231
5.70035,3.74465,5.68395,1.36188,872.92,640.965,0.0,0.0,0.4694,0.344669,0.0,1,0.0078940222,0.6256212512,0.5655486865756378
4.59119,3.58129,4.35696,1.13884,1005.06,882.529,15.2393,13.3814,0.5666,0.497524,0.0,0,0.008530891,0.7390839665000001,0.7272462439402262
12.46985,5.92009,12.2403,0.703058,2170.85,3087.73,0.0,0.0,0.7184,1.02182,0.0,1,0.0072398957,0.6586905384,0.6500191301734424
18.51106,6.94262,11.7916,0.597667,2260.57,3782.32,0.0,0.0,0.7806,1.30608,0.0,1,0.0052780708,0.4991355542,0.5288442270152548
19.37323,6.76945,10.17378,0.57834,2196.18,3797.39,0.0,0.0,0.79,1.36598,0.0,1,0.0050362273,0.5056359150999999,0.4998383028603095
7.20015,5.05884,7.19749,1.17107,1370.13,1169.98,0.0,0.0,0.5526,0.471877,0.0,1,0.0044539179,0.4223304998,0.3892586262642341
8.08493,5.70512,8.08493,1.37969,1708.34,1238.2,0.0,0.0,0.6152,0.445897,0.0,0,0.0025378236,0.2349827153,0.23692651641921214
8.77219,5.8473,8.77219,1.32352,1734.33,1310.39,0.0,0.0,0.6516,0.492323,0.0,0,0.0022810788,0.2225463922,0.2316969867979473
8.63785,5.56771,8.63785,1.36162,1719.14,1262.57,0.0,0.0,0.6254,0.459305,0.0,0,0.0025950974,0.2364185112,0.23688935475633716
8.48446,5.31586,8.48446,1.36884,1680.23,1227.48,0.0,0.0,0.6354,0.464188,0.0,0,0.0024489504,0.2417390534,0.22851659275857955
8.90631,7.09895,8.90631,1.2857,1723.1,1340.2,0.0,0.0,0.6524,0.507429,0.0,0,0.0022356547,0.2162383698999999,0.21644641406092024
10.39698,6.23971,7.4603,1.26275,1736.17,1374.91,0.0,0.0,0.6598,0.522512,0.0,0,0.0023126782,0.2229157097,0.2180678811824301
8.6384,5.67843,8.6331,1.35953,1719.61,1264.86,0.0,0.0,0.6318,0.464721,0.0,0,0.0024035263,0.2397542185999999,0.23090021587123088
8.37909,6.69323,8.37909,1.32806,1739.82,1310.04,0.0,0.0,0.6402,0.482057,0.0,1,0.0023423026,0.2179862095,0.24098782583644585
9.20954,5.96123,9.20203,1.33437,1715.88,1285.91,0.0,0.0,0.627,0.469885,0.0,0,0.0021349318,0.2214127651,0.2098174698328774
8.77344,5.77864,8.77344,1.35848,1719.23,1265.56,0.0,0.0,0.6372,0.469054,0.0,1,0.0024904246,0.2366120573,0.2387516481207284
8.55578,6.22037,8.55578,1.35087,1711.36,1266.85,0.0,0.0,0.6414,0.474804,0.0,0,0.0023561273,0.230404758,0.23550455880886745
4.19945,3.50951,4.19839,1.29344,533.841,412.731,0.0,0.0,0.4586,0.35456,0.0,0,0.0038413511,0.3397174567,0.4012160207460395
10.02209,6.26863,9.82831,0.811705,2149.78,2648.47,0.0,0.0,0.7198,0.886775,0.0,0,0.0141411409,0.9751115023,1.1986788544796485
13.17296,6.59717,13.17189,0.883255,2124.84,2405.69,0.0,0.0,0.7188,0.813808,0.0,1,0.0076268735,0.6178142127,0.6605477107976973
5.40721,5.27542,5.40721,1.18423,1439.71,1215.73,0.0,0.0,0.5374,0.453797,0.0,0,0.0147097391,1.085408578,1.207806526115147
5.17319,4.55903,5.17319,1.10092,1367.69,1242.32,0.0,0.0,0.552,0.5014,0.0,1,0.0073695249,0.6348584385,0.6802474291499271
10.58306,9.90235,10.58306,0.641816,2266.19,3530.9,0.0,0.0,0.7602,1.18445,0.0,1,0.0029801223,0.2941569199,0.2973429710220724
8.61957,8.10066,8.61957,0.817919,2366.84,2893.73,0.0,0.0,0.7116,0.870012,0.0,1,0.0028170316,0.2845879035999999,0.28184657648631334
8.61965,8.10074,8.61965,0.817908,2366.92,2893.87,0.0,0.0,0.7116,0.870025,0.0,1,0.0029150308,0.2810385507,0.28184657648631334
14.21059,13.62195,14.20905,0.470058,1999.64,4254.04,0.0,0.0,0.8176,1.73936,0.0,1,0.0032645794,0.3105218376999999,0.32912436977750387
15.26291,13.95995,15.26291,0.361934,1754.08,4846.42,0.0,0.0,0.8582,2.37115,0.0,1,0.0031450377,0.3143634273,0.31162142704039036
5.97505,5.0342,5.95251,0.92739,2392.13,2579.42,0.0,0.0,0.666,0.718144,0.0,0,0.0062100487,0.5971966329,0.5740213860026617
6.08901,5.09508,6.08573,0.93229,2330.9,2500.19,0.0,0.0,0.6512,0.698495,0.0,0,0.0059277689,0.5976605793,0.5509753576319322
7.94342,5.01622,7.94342,0.877067,2617.13,2983.95,0.0,0.0,0.7178,0.818409,0.0,1,0.0057872427,0.5602869026,0.5320330199353648
11.37522,8.59238,11.37522,0.399184,2277.32,5704.93,0.0,0.0,0.821,2.0567,0.0,1,0.0042362433,0.4286190386999999,0.4207177810620829
4.32733,3.40584,4.32733,1.68108,513.916,305.705,0.0,0.0,0.4398,0.261617,0.0,0,0.0015152163,0.1410613476,0.22596768584441596
6.49506,5.81046,6.49156,1.24785,1293.33,1036.45,76.9442,61.6614,0.6122,0.490604,0.0,0,0.0035551962,0.3293730272,0.39995931677023255
5.21819,4.02517,5.17202,1.44651,731.317,505.572,0.0,0.0,0.4472,0.309157,0.0,0,0.0021064534,0.1973454666,0.1793429402486969
13.00544,6.82625,13.00544,0.86753,2060.89,2375.58,0.0,0.0,0.7198,0.829712,0.0,1,0.0087945985,0.7061299823999999,0.7342575207842958
13.18615,6.52783,13.17424,0.879718,2150.81,2444.89,0.0,0.0,0.7148,0.812533,0.0,1,0.0076139576,0.6278628284000001,0.663825672982878
5.81313,3.54807,5.80072,1.27517,844.386,662.176,100.563,78.8628,0.5018,0.393516,0.0,1,0.0054219814,0.4441076562,0.480124170364278
5.6172,4.23676,5.6163,1.93171,1255.63,650.01,0.0,0.0,0.475,0.245896,0.0,1,0.002394357,0.2215502556,0.21036263476999084
12.93918,4.8446,12.92898,0.716983,1922.33,2681.14,0.0,0.0,0.6812,0.950093,0.0,0,0.0086568416,0.7540274553,0.7426601663669292
4.32886,3.44721,4.31075,1.25081,566.106,452.592,0.0,0.0,0.462,0.369361,0.0,1,0.0035284174,0.3358571418,0.3407982257268845
4.3699,3.50423,4.34774,1.23163,597.681,485.277,0.0,0.0,0.468,0.379984,0.0,1,0.0034620187,0.3427900015,0.33905627170622105
6.02864,4.29629,6.02864,1.13222,1723.76,1522.46,0.0,0.0,0.6098,0.538588,0.0,0,0.0104542842,0.8906367875,0.9490477661317204
4.93156,4.16902,4.92505,2.31703,753.709,325.291,0.0,0.0,0.3776,0.162967,0.0,0,0.005444977,0.3982575989,0.4012520567430111
5.39694,5.17369,5.38654,2.25257,825.556,366.496,0.0,0.0,0.3946,0.175178,0.0,0,0.0043897137,0.3486899053,0.34926997639111973
4.78251,4.14203,4.781,1.3132,512.248,390.075,3.82003,2.90894,0.4528,0.344805,0.0,0,0.0118353334,0.7746887216,0.7631555160966276
5.77452,4.19628,5.77452,1.18323,2019.49,1706.76,0.0,0.0,0.6626,0.559992,0.0,0,0.0053361665,0.509082761,0.4717438927634437
7.23442,6.64943,7.23442,1.25736,958.585,762.382,0.0,0.0,0.4932,0.392252,0.0,0,0.0018532853,0.175935557,0.1928152501404009
7.16555,6.65101,7.16555,1.28891,929.295,720.995,0.0,0.0,0.4824,0.374271,0.0,0,0.0018815925,0.1903322371,0.15945306841846008
5.96,4.10144,5.96,2.02284,1713.13,846.891,0.0,0.0,0.5442,0.269027,0.0,1,0.0015402165,0.153998262,0.15849587569369172
8.69638,4.93276,7.75095,1.22642,1303.46,1062.82,0.0,0.0,0.5456,0.444872,0.0,1,0.0061898644,0.5449640902,0.5242502262814003
5.22026,3.78444,5.12438,2.19337,1554.84,708.882,0.0,0.0,0.5434,0.247747,0.0,1,0.0016721632,0.1549035336,0.13819139322448548
4.74355,4.40879,4.74355,1.30487,1087.67,833.549,0.0,0.0,0.5116,0.392069,0.0,0,0.0022940865,0.2061796517,0.29687171547517843
10.50032,10.04767,10.50032,0.982459,1440.31,1466.03,0.0,0.0,0.6132,0.624148,0.0,1,0.0050326815,0.4787506836999999,0.4667000086108617
5.96762,4.61739,5.59799,1.1098,1315.0,1184.9,1.14823,1.03463,0.578,0.520815,0.0,1,0.0029952897,0.3009319442,0.28151789069223715
6.00946,4.04752,5.99904,1.21211,664.521,548.234,0.0,0.0,0.4704,0.388083,0.0,1,0.0064327993,0.4996042278,0.4762908256903191
6.35159,4.65776,6.34133,1.14836,1013.62,882.673,0.0,0.0,0.5162,0.449512,0.0,1,0.0082416098,0.6774723334,0.6650751691717653
9.94535,8.42715,9.94535,0.56995,2088.86,3665.0,0.0,0.0,0.7428,1.30327,0.0,0,0.0077851226,0.7277682714,0.7183533157375613
8.18384,7.49831,8.16337,1.22176,2051.61,1679.23,0.0,0.0,0.667,0.545934,0.0,0,0.0037925815,0.3506093815,0.35631428907282514
8.35741,7.50788,8.28491,1.24126,2090.26,1683.99,0.0,0.0,0.6636,0.534619,0.0,0,0.0040315517,0.3782443384,0.37254425795466317
8.27117,7.50835,8.18647,1.23809,2073.81,1675.0,0.0,0.0,0.6628,0.535339,0.0,1,0.0038340557,0.3731002259,0.36955909948737414
4.63321,3.54746,4.62492,1.48698,355.273,238.923,0.0,0.0,0.3958,0.266178,0.0,1,0.003696479,0.3302696935999999,0.2731505231129018
4.61736,3.75355,4.61736,1.46943,261.851,178.199,75.8401,51.612,0.4096,0.278748,0.0,1,0.003762593,0.3283708932999999,0.2892958647535281
5.06604,4.01581,5.06032,1.4577,413.629,283.754,105.001,72.0315,0.443,0.303902,0.0,1,0.0059456289,0.4813442003,0.47429658597603874
5.6803,4.28854,5.40999,1.1313,2335.01,2064.0,0.0,0.0,0.6432,0.568548,0.0,1,0.0045116516,0.4567867884,0.4225606100966466
5.8918,4.42295,5.82087,1.11408,2330.31,2091.69,0.0,0.0,0.6462,0.580029,0.0,1,0.0045559284,0.442343396,0.4233411477917637
6.78863,5.28492,6.57422,1.08447,2132.05,1965.99,0.0,0.0,0.649,0.598451,0.0,1,0.0044658481,0.4281282581,0.4379250300593872
6.50104,5.23642,6.50104,0.958325,2491.0,2599.32,0.0,0.0,0.685,0.714789,0.0,1,0.0040349562,0.3914487482,0.3957944071455803
6.74711,5.16908,6.7416,0.926118,2487.32,2685.75,0.0,0.0,0.688,0.742886,0.0,1,0.0036869723,0.3657911493999999,0.3710617582132437
7.01898,5.1049,7.00748,0.913193,2450.75,2683.71,0.0,0.0,0.7006,0.767198,0.0,1,0.003604119,0.3493571954,0.3692337041668005
5.33017,3.84032,5.33017,1.2463,995.82,799.02,0.0,0.0,0.527,0.422851,0.0,1,0.0048809477,0.4300623486,0.44354893858220124
7.26111,4.49108,7.2508,1.17019,1831.91,1565.48,0.0,0.0,0.6072,0.51889,0.0,1,0.0037766453,0.3627951254,0.3641378460898642
6.54271,5.20454,6.54271,1.10411,1262.09,1143.08,86.4297,78.2797,0.5632,0.510092,0.0,0,0.0092171998,0.7451174953,0.7761507590475721
4.67601,3.58614,4.53668,1.50157,646.168,430.33,0.0,0.0,0.452,0.301019,0.0,1,0.0040839426,0.3572800126,0.3270337009345613
9.09448,7.62606,9.09448,1.45289,1203.19,828.136,0.0,0.0,0.5812,0.400029,0.0,1,0.0007967626,0.08614362,0.10225371198402422
5.08447,4.36113,5.07274,1.22435,722.372,590.005,0.0,0.0,0.469,0.38306,0.0,1,0.0149491331,0.9447521013,1.095725402796802
9.61015,5.51941,9.61015,1.44392,1795.25,1243.32,0.0,0.0,0.604,0.418306,0.0,0,0.0025105171,0.2596427462,0.22656574257382645
5.83208,4.50922,5.82484,1.11758,1988.36,1779.17,0.0,0.0,0.6574,0.588235,0.0,1,0.001549087,0.1509097399,0.15835527750108358
6.44623,4.93162,6.4436,1.11083,2786.39,2508.38,0.0,0.0,0.7422,0.668147,0.0,1,0.0013587251,0.142008948,0.14408561706747613
8.20229,7.33404,8.17219,0.896085,1741.45,1943.4,0.0,0.0,0.6732,0.751268,0.0,0,0.0050230593,0.5080348297999999,0.47624808814010766
5.0614,3.45442,5.0614,1.30915,1167.77,892.008,0.0,0.0,0.6106,0.466408,0.0,0,0.0025395373,0.2417039489,0.36227574118101186
5.56844,4.5608,5.56844,2.09957,1607.82,765.783,0.0,0.0,0.5896,0.280819,0.0,1,0.002373038,0.2306240396,0.19748417907053462
4.94875,3.6681,4.74718,1.32167,723.976,547.773,0.0,0.0,0.481,0.363934,0.0,1,0.00406387,0.3609494775999999,0.3331777478660318
6.50353,4.02235,6.48646,1.01612,1524.25,1500.07,0.0,0.0,0.5582,0.549344,0.0,0,0.0091854394,0.8592169458,0.8100772686504617
6.65259,5.04516,6.56274,1.17392,1308.03,1114.24,0.0,0.0,0.5524,0.47056,0.0,1,0.0157937017,0.9687741184,1.1641636240057152
6.60108,5.14039,6.60108,1.17875,1322.43,1121.89,0.0,0.0,0.5472,0.464219,0.0,1,0.0159871566,0.9698623926,1.1569197576311556
6.57261,5.08535,6.54322,1.19171,1317.71,1105.73,1.69583,1.42302,0.5486,0.460348,0.0,1,0.0173385153,1.0361211043,1.226029551338813
21.09518,19.24681,20.98484,0.298857,1270.61,4251.56,0.0,0.0,0.868,2.9044,0.0,1,0.0036994587,0.3925729686999999,0.35586333430623523
4.4617,3.54667,4.45263,1.35931,320.757,235.971,161.359,118.706,0.4638,0.341202,0.0,1,0.0115353036,0.8637651488,0.7804045689342243
8.70379,4.00842,8.70379,1.20121,1712.27,1425.46,0.0,0.0,0.5914,0.492338,0.000832496,0,0.0059192559,0.5309018354999999,0.5189054982524861
8.49537,3.88559,8.49537,1.23841,1654.63,1336.08,0.0,0.0,0.5866,0.47367,0.000322994,0,0.005630471,0.4974728961,0.48626539379617184
8.46299,3.95011,8.46299,1.23778,1637.26,1322.74,0.0,0.0,0.6028,0.487,0.000161579,0,0.0013183114,0.1290508588,0.17349338561422056
4.40498,3.818,4.39366,2.16054,906.666,419.648,0.0,0.0,0.5218,0.241514,0.0,1,0.0022390439,0.2071598405,0.21288751731632038
4.69173,3.85639,4.65615,1.66558,994.805,597.274,0.0,0.0,0.4696,0.281944,0.0,1,0.0089920583,0.7437712267000001,0.670593736448133
7.49731,4.21343,7.49731,1.44845,1008.29,696.116,0.0,0.0,0.4786,0.330421,0.0,1,0.0042113066,0.3823247857,0.3017609427638627
5.41592,3.76809,5.41592,1.32563,1019.52,769.082,0.0,0.0,0.4806,0.362546,0.0,0,0.0043078881,0.3917462945,0.39101206865008586
10.67067,8.77989,10.67019,0.799166,1949.96,2439.99,0.0,0.0,0.71,0.888426,0.0,1,0.0039587268,0.3801582415,0.37727153132937796
6.88401,5.43231,6.88401,0.929347,2753.28,2962.6,0.0,0.0,0.6968,0.749773,0.0,1,0.006085643,0.5726499569,0.5974123290976314
6.51947,4.18889,6.51947,1.08279,1782.29,1646.02,0.0,0.0,0.638,0.589221,0.0,0,0.0084975312,0.7745050990000001,0.7698127018948613
5.21341,3.72816,5.20196,1.19066,1517.77,1274.73,0.0,0.0,0.586,0.492165,0.0,0,0.012682395,1.0732386213,1.032580034730005
5.31747,4.41438,5.22074,1.35237,1132.24,837.223,13.731,10.1533,0.5218,0.385841,0.0,1,0.0064037095,0.5801457288,0.6044197800873053
9.17489,7.98957,9.06653,0.92991,1617.71,1739.64,0.0,0.0,0.6164,0.66286,0.0,1,0.006943395,0.6432790724,0.6144911712474923
6.00951,5.54585,6.00744,1.22913,1471.94,1197.55,0.0,0.0,0.5726,0.465859,0.0,0,0.0109529492,0.919953052,0.9044635714477122
9.84183,8.46338,9.78525,0.895692,2177.87,2431.49,0.0,0.0,0.7858,0.87731,0.0,1,0.0016881894,0.1624602362,0.16380448171240491
10.02499,8.76011,10.02499,0.882826,2167.55,2455.24,0.0,0.0,0.7844,0.88851,0.0,1,0.0016488332,0.1594058372,0.15754682887675153
10.01133,8.72369,10.0082,0.889531,2175.51,2445.69,0.0,0.0,0.787,0.884736,0.0,1,0.0016728072,0.1595544526,0.16602681239085249
9.94292,8.65457,9.91903,0.903529,2165.07,2396.24,0.0,0.0,0.7826,0.86616,0.0,1,0.0015305212,0.1604011833,0.15116559842274935
7.47442,6.27169,7.47442,1.39226,1576.48,1132.32,0.0,0.0,0.6106,0.438569,0.0,1,0.0018028634,0.1779511232,0.1943336439579506
8.44935,6.89767,8.44935,1.57222,1115.58,709.56,0.0,0.0,0.577,0.366998,0.0,1,0.0007966441,0.0798288453,0.07243764159166066
5.01128,4.18788,4.96894,1.11888,878.165,784.859,0.0,0.0,0.5036,0.450092,0.0,1,0.0124242927,0.9378173813,0.9355431441022739
15.36971,3.55595,15.36971,0.839199,1628.5,1940.54,0.0,0.0,0.652,0.776931,0.0,0,0.0098722853,0.8682389162,0.8638583459340721
3.89523,3.56149,3.89523,2.03382,242.444,119.206,0.0,0.0,0.4326,0.212703,0.0,1,0.0065702675,0.5031281603,0.4956124486045932
5.8356,4.62926,5.8296,1.09463,1307.34,1194.33,0.0,0.0,0.5502,0.502636,0.0,0,0.0133426079,1.0431256108,1.0593680079170935
4.59148,3.67658,4.57699,2.43056,359.515,147.915,0.0,0.0,0.433,0.178148,0.0,1,0.0015486392,0.1321309345,0.10197373794671816
13.61739,4.61754,13.61739,0.953237,2216.88,2325.64,0.0,0.0,0.6886,0.722381,0.0,1,0.0065464085,0.6248503686,0.6089115607448468
4.26453,3.57847,4.26352,2.09861,723.866,344.926,0.0,0.0,0.4906,0.233773,0.0,1,0.0131326174,0.9671349616,0.8578962801658812
4.37304,3.99561,4.36427,1.79681,1037.11,577.197,0.0,0.0,0.5372,0.298975,0.0,1,0.0066025807,0.5719698775,0.5529872060776658
9.32937,5.73491,9.31763,2.81322,981.321,348.825,12.3418,4.38706,0.4998,0.177661,0.0,1,0.0004685222,0.0469167975,0.06474129341878532
6.48006,3.76789,6.3774,1.27344,1499.33,1177.39,0.0,0.0,0.5498,0.431746,0.0,1,0.0058453492,0.5385922668,0.520821397722681
6.47922,3.93218,6.4245,1.19886,1481.92,1236.11,0.0,0.0,0.5554,0.463273,0.0,1,0.0059441167,0.5365319352000001,0.5263969375979516
6.54942,3.9072,6.54694,1.21025,1492.0,1232.81,0.0,0.0,0.5598,0.46255,0.0,1,0.0061233332,0.5589344247,0.541728102027359
6.44133,3.78742,6.3358,1.2672,1503.0,1186.08,0.0,0.0,0.5486,0.432924,0.0,1,0.0060646646,0.5524531411,0.5522192642017549
6.54291,3.90146,6.54291,1.24418,1488.27,1196.19,0.0,0.0,0.5602,0.450258,0.0,1,0.0058012658,0.5378452095,0.4939886467115233
24.61263,14.64846,24.61263,0.240823,1468.58,6098.18,0.0,0.0,0.9018,3.74465,0.0,0,0.0043154159,0.4192361115,0.40866720090897773
6.09913,3.98908,5.99424,1.3777,1258.08,913.177,14.3931,10.4472,0.545,0.395586,0.0,0,0.0054207513,0.4899181617,0.459741651450898
5.62432,4.09519,5.62432,1.21847,2083.62,1710.03,0.0,0.0,0.6886,0.565136,0.0,0,0.0044870214,0.437578113,0.3916805847566486
11.95152,7.15447,11.95152,0.601684,2230.0,3706.27,0.0,0.0,0.7794,1.29537,0.0,1,0.0045543728,0.4520173413,0.4471094296425857
5.22433,4.41387,5.22043,1.2008,1767.14,1471.63,0.0,0.0,0.5696,0.474351,0.0,1,0.0130003365,1.1134347989,1.0656004755007604
5.03981,3.90859,5.01601,1.48698,1131.86,761.178,0.0,0.0,0.4928,0.331409,0.0,1,0.008518128,0.6950072809000001,0.6754003484664624
5.12851,4.00559,5.12851,1.54997,877.489,566.133,0.0,0.0,0.4642,0.29949,0.0,1,0.0082928384,0.6624237682,0.6069931262096138
5.17293,4.0299,5.17293,1.53238,836.842,546.106,0.0,0.0,0.4794,0.312847,0.0,1,0.006623715,0.543846989,0.49270766094565843
5.03811,3.94141,5.03811,1.46802,1178.02,802.454,0.0,0.0,0.5092,0.346863,0.0,1,0.0084431017,0.7081279032,0.6861883018120085
6.72021,5.65873,6.72021,1.01181,1054.68,1042.37,0.0,0.0,0.5302,0.52401,0.0,0,0.001393692,0.1414571141,0.15275838059815106
6.55761,6.38772,6.55761,1.0684,1052.58,985.194,0.0,0.0,0.5174,0.484275,0.0,0,0.0018139336,0.1815686979,0.22148002660882565
6.65442,5.67424,6.65442,1.10163,1013.24,919.768,0.0,0.0,0.4878,0.442798,0.0,0,0.0021516654,0.2048559276,0.22485975606670416
5.71975,3.68772,5.7164,1.35451,1400.63,1034.05,0.0,0.0,0.5398,0.398522,0.0,1,0.0052072531,0.4646649615,0.4787829924485357
9.71547,7.35837,9.71529,1.15099,1450.59,1260.3,0.0,0.0,0.5838,0.507215,0.0,1,0.0032762771,0.3160254279,0.3126406940350765
9.7478,7.37011,9.74761,1.14404,1452.85,1269.93,0.0,0.0,0.5842,0.510647,0.0,1,0.0031238292,0.3052882237,0.2786160890903952
9.69288,7.37414,9.69288,1.14102,1457.05,1276.97,0.0,0.0,0.586,0.513575,0.0,0,0.0030985715,0.3017629784,0.29235111634486965
9.76179,7.44687,9.76179,1.1629,1436.26,1235.07,0.0,0.0,0.573,0.492735,0.0,1,0.0031328497,0.3103126904,0.2781099076058292
9.68542,7.26317,9.68542,1.1664,1438.72,1233.47,0.0,0.0,0.575,0.49297,0.0,1,0.0030778242,0.3065754614,0.2821939436926599
9.62315,7.47258,9.62297,1.13645,1456.84,1281.92,0.0,0.0,0.5872,0.516695,0.0,0,0.0030408398,0.2960349059,0.2925746582509375
9.67783,7.26872,9.67783,1.16505,1440.32,1236.27,0.0,0.0,0.5776,0.495773,0.0,1,0.0031337518,0.30624621,0.2895317914753673
9.67948,7.48497,9.67948,1.15401,1452.68,1258.81,0.0,0.0,0.5806,0.503115,0.0,1,0.0033522634,0.324696181,0.31897400683230315
12.21297,10.12216,12.21297,0.962787,1461.82,1518.32,0.0,0.0,0.6354,0.659959,0.0,1,0.0034646999,0.3427860293999999,0.33757614662315777
15.8929,13.20205,15.79897,0.679059,1536.4,2262.54,0.0,0.0,0.7374,1.08592,0.0,0,0.0028924909,0.2885947687,0.2798940617276968
5.57075,3.47029,5.07859,2.36782,1042.81,440.408,0.0,0.0,0.4718,0.199255,0.0,1,0.0014396636,0.1351824129,0.13165053775506963
5.55577,4.78031,5.52738,1.59859,1464.21,915.939,0.0,0.0,0.603,0.377208,0.0,0,0.0090615536,0.7463222051,0.7110364334753154
5.2699,4.49334,5.2699,1.45263,1149.42,791.271,0.0,0.0,0.5294,0.364442,0.0,1,0.0040449342,0.3563850189,0.33464927169907005
6.51796,4.57602,6.50954,1.14323,1545.49,1351.86,0.0,0.0,0.5984,0.523428,0.0,0,0.0097646279,0.8419630265000001,0.9008290055896662
6.81493,5.97974,6.81375,1.3839,1674.07,1209.68,0.0,0.0,0.6086,0.439772,0.0,1,0.0049335929,0.4681365303,0.42902252875794544
6.48998,6.20475,6.48998,1.00596,1532.58,1523.5,0.0,0.0,0.5966,0.593066,0.0,0,0.0126278914,1.1090259949,1.0169151747553213
6.26548,5.9824,6.25328,0.999416,1586.53,1587.46,0.0,0.0,0.5914,0.591745,0.0,0,0.0120092109,1.0586045283,1.0357715237995406
7.01984,6.76477,7.01984,0.978971,1612.66,1647.3,0.0,0.0,0.5868,0.599405,0.0,0,0.0109595562,1.0019947541,0.9944435555552833
8.1061,7.63768,8.07477,1.2392,2030.48,1638.54,0.0,0.0,0.6692,0.540025,0.0,1,0.0038498554,0.3579312165,0.3674028960798382
7.11187,6.8054,7.11187,1.50504,1508.7,1002.44,0.0,0.0,0.5702,0.378862,0.0,1,0.0055539268,0.5169855991,0.450340736474837
6.85652,6.48147,6.85652,1.67165,1571.6,940.146,0.0,0.0,0.549,0.328417,0.0,0,0.0068448035,0.622977589,0.5877485519783093
7.87003,7.35,7.87003,0.987944,1759.25,1780.72,0.0,0.0,0.6412,0.649025,0.0,0,0.0054938908,0.5431646032999999,0.4959532720331418
5.28527,4.25585,5.28527,2.60318,983.265,377.718,0.0,0.0,0.4638,0.178167,0.0,1,0.0017286099,0.1584089256,0.14622431936429892
7.24131,5.09073,7.23502,0.88875,2564.25,2885.23,0.0,0.0,0.6954,0.782447,0.0,1,0.0052556864,0.5371281981,0.512366355005432
5.19203,4.15651,5.19203,1.32487,706.962,533.607,0.0,0.0,0.4484,0.338447,0.0,0,0.0093833465,0.669917148,0.6834258804927429
5.10825,4.11856,5.05504,1.21472,956.169,787.154,0.0,0.0,0.4744,0.390544,0.0,0,0.0115022131,0.9255551328,0.9099879315463819
5.12494,4.13079,5.11799,1.21393,956.365,787.825,0.0,0.0,0.476,0.392114,0.0,0,0.0118988411,0.9296315877,0.9241007556062757
5.10796,4.12363,5.09232,1.21487,743.904,612.333,74.7608,61.5382,0.4846,0.398891,0.0,0,0.0102367808,0.7811510490000001,0.7721071649816453
7.44507,6.67773,7.44507,1.18884,1185.58,997.26,0.0,0.0,0.5216,0.438748,0.0,1,0.0040348186,0.3807806254999999,0.3774588049264862
6.98873,5.65739,6.98873,1.03716,2658.72,2563.46,0.0,0.0,0.7434,0.716765,0.0,0,0.0018004412,0.1665364852999999,0.19577097532672771
6.95776,5.62966,6.95776,1.0485,2631.43,2509.71,0.0,0.0,0.7242,0.690701,0.0,0,0.0017528334,0.1706855789999999,0.18824062793191898
6.75939,5.98836,6.75562,0.832145,2447.69,2941.42,0.0,0.0,0.6812,0.818608,0.0,1,0.0059284412,0.5933329545,0.58632651185588
6.806,6.26285,6.79743,1.09035,1505.97,1381.18,0.0,0.0,0.546,0.500758,0.0,1,0.0100054346,0.8786727158,0.8590474133913957
5.58245,5.12904,5.58245,1.03675,2394.2,2309.33,0.0,0.0,0.6546,0.631396,0.0,1,0.0055066731,0.5317284888,0.5371786243585817
5.5169,5.02553,5.5169,1.03225,2416.65,2341.14,0.0,0.0,0.6696,0.648678,0.0,1,0.0052056827,0.5132955488000001,0.5128221338397607
17.7233,14.92578,17.7233,0.954529,1589.06,1664.76,49.7541,52.1243,0.7288,0.763518,0.000419055,1,0.0025904054,0.259915367,0.2777697318970963
18.35498,16.34268,18.35498,1.06535,1653.8,1552.35,0.0,0.0,0.7432,0.697612,0.00112639,1,0.0018944974,0.1863464147,0.20003700889999254
5.2131,3.75496,5.20977,1.33753,1363.66,1019.54,0.0,0.0,0.5834,0.436178,0.0,1,0.0020224371,0.1992236014999999,0.24774931574849468
5.80959,3.99095,5.75161,1.19097,1685.7,1415.4,0.0,0.0,0.5904,0.495731,0.0,0,0.0056471567,0.5138990381,0.4735837601049275
7.83578,6.98017,7.83578,0.980713,1609.04,1640.69,0.0,0.0,0.611,0.623016,0.0,0,0.0043686449,0.4350897897999999,0.4141174960690616
6.64431,4.85626,6.63808,1.45126,1299.25,895.255,0.0,0.0,0.529,0.36451,0.0,1,0.0112309819,0.9263868972,0.7971122838894271
6.61883,4.82903,6.58035,1.50455,1309.82,870.575,0.0,0.0,0.5346,0.355323,0.0,1,0.0077162908,0.6559759353,0.6265728661069465
6.11189,4.81167,6.1084,1.59136,1228.71,772.117,0.0,0.0,0.5088,0.319727,0.0,1,0.0114346264,0.9035449515,0.831233547510036
6.60456,4.91636,6.49799,1.53725,1315.89,856.008,0.0,0.0,0.5322,0.346204,0.0,1,0.00730679,0.6307013158,0.6202277160864509
6.50583,4.8025,6.36295,1.599,1277.92,799.196,0.0,0.0,0.517,0.323327,0.0,1,0.0110912439,0.8966528084000001,0.8107930595830652
6.50945,4.91174,6.48422,1.32827,1290.56,971.607,0.0,0.0,0.515,0.387722,0.0,1,0.0140554857,1.1254702251,1.05817347656504
10.6229,9.13911,10.59086,0.899459,1701.71,1891.92,0.0,0.0,0.6748,0.750228,0.0,1,0.0052690937,0.4959748874,0.5054017695451876
10.62623,9.13273,10.62623,0.914395,1723.95,1885.35,0.0,0.0,0.6746,0.737756,0.0,1,0.0052713245,0.4983365037,0.5070289979708348
10.65559,9.10715,10.62918,0.918282,1715.69,1868.37,0.0,0.0,0.6836,0.744434,0.0,1,0.0053072897,0.493083347,0.509710712164422
10.68647,9.07282,10.64358,0.778283,1708.0,2194.57,0.0,0.0,0.6882,0.884254,0.0,1,0.0059025526,0.5692954572,0.5420899687882095
11.28011,10.79695,11.27845,1.13003,1551.23,1372.74,0.0,0.0,0.643,0.569013,0.0,1,0.0041895335,0.392368159,0.3933487242443516
11.21149,10.84114,11.20988,1.13101,1553.18,1373.27,0.0,0.0,0.6422,0.56781,0.0,1,0.0040532737,0.3864862793,0.3797874963262666
11.61678,10.99568,11.61678,1.13145,1593.32,1408.21,0.0,0.0,0.6444,0.569535,0.0,1,0.0043148924,0.4217457636,0.4087064281387287
11.26396,10.8267,11.26396,1.13289,1578.11,1393.0,0.0,0.0,0.6352,0.560691,0.0,1,0.0039133804,0.3940977496,0.37716003570391454
11.57288,10.94497,11.57288,1.13911,1582.39,1389.14,0.0,0.0,0.6384,0.560437,0.0,1,0.0042494878,0.4264131146,0.40582666597751643
4.34974,3.44315,4.3363,1.72993,254.091,146.879,149.818,86.6033,0.429,0.247987,0.0,1,0.0048297203,0.3839722579999999,0.41247635223091567
9.2766,6.16862,9.2766,1.10826,1838.17,1658.6,0.0,0.0,0.6536,0.589751,0.0,0,0.0030756922,0.2854273404,0.2923194956047192
8.84902,7.39282,8.55302,0.84182,1819.29,2161.13,0.0,0.0,0.6546,0.7776,0.0,0,0.0041489534,0.4332813365,0.3701414183684864
5.64735,4.63209,5.64735,1.5207,2001.22,1315.99,0.0,0.0,0.609,0.400475,0.0,1,0.0027531737,0.271900707,0.2241233856572673
5.68214,4.67755,5.6433,1.62598,1989.31,1223.46,0.0,0.0,0.6086,0.374297,0.0,1,0.0028820126,0.2795399905,0.24323558018404867
9.25038,8.58806,9.25038,1.08002,1714.03,1587.03,0.0,0.0,0.6988,0.647023,0.0,1,0.0010806224,0.1056413632,0.12940902007766886
6.95604,5.1283,5.82931,1.88243,2109.8,1120.78,0.0,0.0,0.5242,0.27847,0.000106246,1,0.0009436948,0.096585932,0.13886739738712506
6.38142,4.3971,6.36474,1.32305,2428.66,1835.65,0.0,0.0,0.7024,0.530895,0.0,1,0.0008526854,0.088705209,0.1079227867661624
5.53716,4.24775,5.50087,1.26647,2678.26,2114.75,0.0,0.0,0.7138,0.563615,0.0,1,0.0009689102,0.0980496078,0.1340882500056918
16.36523,5.22927,16.36523,0.720658,2117.08,2937.7,0.0,0.0,0.7092,0.9841,0.0,1,0.0067728764,0.6316630976,0.6167319513191596
7.74471,4.63206,7.74435,1.3092,888.245,678.465,0.0,0.0,0.4856,0.370914,0.0,0,0.0033785567,0.3108756787,0.2782190804203456
11.52297,3.67055,11.52297,0.903784,1536.01,1699.54,0.0,0.0,0.6434,0.711896,0.0,0,0.0026384826,0.2617200774,0.28943700766386204
11.61381,3.82654,11.61381,0.901728,1567.52,1738.35,0.0,0.0,0.642,0.711966,0.0,0,0.0023821859,0.2335251568,0.2803767355936782
11.61384,3.82499,11.61384,0.903214,1567.68,1735.67,0.0,0.0,0.6424,0.711238,0.0,0,0.0023364186,0.2327265180999999,0.2812006930932143
11.26795,3.60856,11.26795,0.928704,1552.88,1672.09,0.0,0.0,0.6514,0.701407,0.0,0,0.0025277847,0.2555311489,0.31184064461965055
11.26494,3.61002,11.26494,0.914157,1525.26,1668.49,0.0,0.0,0.6436,0.704037,0.0,0,0.0028513003,0.2785395456,0.34595761097359373
11.33313,3.69478,11.33313,0.92841,1562.33,1682.8,0.0,0.0,0.6504,0.700552,0.0,0,0.0024063431,0.2417947529,0.2706337618946706
11.5954,3.6311,11.5954,0.926162,1578.03,1703.84,0.0,0.0,0.6492,0.700957,0.0,0,0.0019610572,0.2009656322,0.27129990993099745
10.04679,9.57778,10.04679,1.2245,885.139,722.858,0.0,0.0,0.519,0.423847,0.0,1,0.001468727,0.14800664,0.12097484811335224
4.54304,3.58735,4.3932,1.55869,710.369,455.747,0.0,0.0,0.505,0.32399,0.0,1,0.0009442611,0.0935386553999999,0.14089345023769795
5.75155,4.35756,5.66689,1.44623,1469.69,1016.22,4.17576,2.88733,0.5848,0.404361,0.0,1,0.0011229313,0.1094449324,0.13492968739092592
5.51627,4.61799,5.4977,1.32529,2244.33,1693.46,0.0,0.0,0.6396,0.482611,0.0,1,0.0055719893,0.5557551808,0.520547340491091
5.44704,4.60331,5.44667,1.3755,2258.75,1642.13,0.0,0.0,0.6246,0.454089,0.0,1,0.0059506434,0.5561440146,0.554511683130549
5.41612,4.59352,5.36104,1.41024,2230.71,1581.8,0.0,0.0,0.6402,0.453966,0.0,1,0.0079609431,0.7079649490000001,0.7386263861184192
5.47631,4.61623,5.47631,1.08146,2270.04,2099.06,0.0,0.0,0.6446,0.596049,0.0,1,0.0083749201,0.7720315739,0.7955169885830814
4.8676,3.87877,4.8676,1.74504,1289.65,739.04,0.0,0.0,0.497,0.284807,0.0,1,0.0106956275,0.8971570408,0.7952648121295187
7.02055,6.72566,7.02055,1.5497,1564.27,1009.4,0.0,0.0,0.5642,0.364069,0.0,0,0.005538827,0.517114479,0.45175585464007517
5.72411,4.04304,5.72411,1.14687,1108.91,966.904,0.0,0.0,0.5276,0.460036,0.0,1,0.004462718,0.4157447957,0.3804603743307148
5.28042,3.84303,5.01194,1.17037,1017.74,869.583,0.0,0.0,0.5124,0.437809,0.0,1,0.0038951604,0.3729746528,0.4046516939429127
5.91615,4.07041,5.72647,1.27171,639.129,502.574,287.488,226.064,0.4862,0.38232,0.0,0,0.0245458442,1.3260357002,1.085847070396801
6.30171,4.17949,5.81814,1.31707,655.519,497.709,308.693,234.378,0.512,0.38874,0.0,0,0.0189023275,1.1321372278,1.087954167532499
15.37344,3.88956,15.37344,0.850165,1726.79,2031.12,0.0,0.0,0.6596,0.77585,0.0,1,0.0095363144,0.8627961928,0.7566146433206842
5.53296,4.93164,5.53296,1.1424,1232.92,1079.24,0.0,0.0,0.546,0.477942,0.0,1,0.0136050358,1.0583351061,1.0986855820308714
6.18995,5.53555,6.17075,1.00925,1555.89,1541.63,0.0,0.0,0.5934,0.587963,0.0,1,0.0107961515,0.9143333061,0.9212280652853448
7.6925,5.22397,7.6925,0.967552,1457.91,1506.8,0.0,0.0,0.5822,0.601725,0.0,1,0.0068653946,0.6351508352,0.6068617311389246
10.07441,8.56931,10.07441,0.708098,2363.51,3337.82,0.0,0.0,0.7424,1.04844,0.0,1,0.0061323543,0.5806743517,0.5692710342048316
8.8151,8.02852,8.80673,1.47492,1445.52,980.069,0.0,0.0,0.5668,0.384292,0.0,1,0.0025136985,0.2448314089999999,0.20849237089811556
8.81658,8.12377,8.8037,1.17608,1441.79,1225.93,0.0,0.0,0.577,0.490611,0.0,1,0.0030756888,0.3132815332,0.28148832292370574
11.28347,6.23061,11.2833,0.73908,2383.12,3224.44,0.0,0.0,0.7306,0.988527,0.0,1,0.0074110183,0.6636096636,0.6898429147295183
5.42763,4.05857,5.33801,0.873598,1883.71,2156.27,0.0,0.0,0.6098,0.698033,0.0,0,0.0144154773,1.2348016477,1.1942788663841128
4.71148,4.0993,4.71148,1.05303,1402.23,1331.61,0.0,0.0,0.6032,0.572822,0.0,1,0.0078144021,0.7171762327,0.7104061926539761
14.47047,3.66339,14.46844,0.794221,1742.27,2193.69,0.0,0.0,0.7298,0.918888,0.0,1,0.0052156587,0.4930228734,0.5154547300987979
4.42679,4.26632,4.42679,1.31307,1092.38,831.931,0.0,0.0,0.5278,0.40196,0.0,0,0.0132292121,0.974268096,1.0299878665800821
4.49444,4.34625,4.49444,1.29869,1133.37,872.699,0.0,0.0,0.5334,0.410721,0.0,0,0.0130173116,0.9774757396,1.007995590767065
4.41727,4.22902,4.41727,1.31505,1081.66,822.523,0.0,0.0,0.5234,0.398009,0.0,0,0.0130742598,0.9620003824,1.0033334951457928
7.85539,7.34267,7.85421,0.993925,1777.54,1788.41,0.0,0.0,0.6354,0.639284,0.0,0,0.0053646538,0.5466434520000001,0.491435099829229
7.76352,7.22608,7.76352,0.996606,1737.41,1743.32,0.0,0.0,0.6204,0.622513,0.0,0,0.005597339,0.5484278602,0.49962525752164816
8.05582,7.60574,8.05085,0.990751,1790.54,1807.25,0.0,0.0,0.6356,0.641533,0.0,0,0.0062987419,0.6013788692,0.5545018413188616
10.19056,8.58608,10.19056,0.702208,2298.35,3273.03,0.0,0.0,0.7264,1.03445,0.0,1,0.0048471745,0.5170759525,0.46724962974886286
6.38657,4.98443,6.37723,0.814512,2668.09,3275.69,0.0,0.0,0.6874,0.843941,0.0,0,0.0068728816,0.6467570584000001,0.6684118286703987
4.58511,3.92335,4.57028,2.3001,529.435,230.179,0.0,0.0,0.417,0.181296,0.0,1,0.001005872,0.0954058386,0.0794276127107707
9.1752,7.37433,9.1752,0.963135,2062.24,2141.17,0.0,0.0,0.6686,0.694191,0.0,1,0.002961033,0.2922349853,0.2950986373285385
5.89707,5.20358,5.89707,1.03265,2825.78,2736.42,0.0,0.0,0.6948,0.672829,0.0,0,0.0041996441,0.4220536803,0.39560444028399727
4.80607,4.08896,4.78655,1.66902,1314.15,787.374,0.0,0.0,0.5938,0.355777,0.0,0,0.0073649509,0.6488758582999999,0.6298353988264211
18.76086,11.86635,18.76086,0.419881,1773.06,4222.76,0.0,0.0,0.8408,2.00247,0.0,1,0.0048677524,0.4731529726,0.4462091946227226
9.18075,7.95829,9.18075,1.0779,1545.97,1434.24,0.0,0.0,0.5948,0.551815,0.0,0,0.0044860737,0.4012376465999999,0.39718534934972693
5.52904,3.49181,5.49354,1.16245,673.998,579.808,0.0,0.0,0.4796,0.412577,0.0,1,0.003122091,0.278038835,0.3064261503731413
4.92676,4.21433,4.92676,0.888887,2386.29,2684.58,0.0,0.0,0.6492,0.730352,0.0,0,0.0045769174,0.4554219066,0.4663280093017198
6.53029,4.26393,6.50771,1.2109,2088.91,1725.09,0.0,0.0,0.6104,0.504089,0.0,1,0.0052792139,0.4705140118,0.5114938739881514
5.80887,4.60559,5.80549,1.29073,2087.2,1617.07,0.0,0.0,0.6484,0.502351,0.0,0,0.0071044638,0.6619521824,0.6149823421862726
4.94582,3.8237,4.93896,1.72217,738.404,428.763,0.0,0.0,0.4962,0.288124,0.0,0,0.000892621,0.0877470489,0.13904375007204717
5.31594,4.0774,5.2787,1.47588,738.038,500.065,0.0,0.0,0.506,0.342845,0.0,0,0.0018721455,0.174832634,0.1807765898859599
4.78607,3.41332,4.77151,1.37032,965.525,704.599,0.103074,0.0752192,0.535,0.39042,0.0,1,0.0062465489,0.5414768261999999,0.5765556856413484
5.38066,4.73377,5.38066,1.02212,1743.14,1705.42,0.0,0.0,0.596,0.583103,0.0,1,0.0061062536,0.5827147126,0.5823508172155799
4.41588,3.6646,4.35167,1.61069,592.834,368.062,0.0,0.0,0.4254,0.26411,0.0,1,0.0034779997,0.3099389584,0.3055114293004967
5.99511,5.1936,5.99511,1.69632,1257.02,741.025,0.0,0.0,0.5152,0.303716,0.0,1,0.0075969694,0.6105167944,0.6161290418728759
5.99338,5.23289,5.99338,1.66873,1254.35,751.683,0.0,0.0,0.5178,0.310297,0.0,1,0.0076325552,0.6180105158,0.629613751068085
5.97003,5.21528,5.97003,1.65966,1234.67,743.931,0.0,0.0,0.5184,0.312353,0.0,1,0.0075111602,0.6187867552,0.608067517328974
6.00511,5.20372,6.00511,1.61583,1236.89,765.482,0.0,0.0,0.521,0.322434,0.0,1,0.0072808928,0.6075065036999999,0.6275247544391618
6.67296,3.57209,6.58264,1.4371,626.277,435.791,0.0,0.0,0.4524,0.3148,0.0,1,0.0045322206,0.3900944893999999,0.31466745961175807
5.24448,3.98805,5.17797,1.10666,1685.18,1522.76,0.0,0.0,0.6024,0.544339,0.0,1,0.0062350752,0.5611222765,0.6038629255475741
5.24396,4.0676,5.24396,1.11955,1644.75,1469.11,0.0,0.0,0.6106,0.545397,0.0,1,0.0063205488,0.5693007517,0.6054869732244623
8.31266,6.47199,8.20556,0.679186,2443.34,3597.46,0.0,0.0,0.7546,1.11104,0.0,1,0.0054156088,0.5397188321,0.5244604139957026
6.47513,4.62269,6.40533,1.38853,1236.89,890.797,0.0,0.0,0.5274,0.379827,0.0,0,0.007768288,0.6180908735,0.6511010404299518
4.30972,3.83052,4.30972,1.95562,167.191,85.4925,0.0,0.0,0.4122,0.210777,0.0,1,0.0003132481,0.0283804939,0.07272161777593655
8.43693,5.95196,8.03277,1.35381,1577.05,1164.9,0.0,0.0,0.616,0.455013,0.0,1,0.0046616723,0.4569569477,0.4041058984537556
4.87776,4.03318,4.87776,1.72206,462.742,268.715,0.0,0.0,0.3598,0.208936,0.0,0,0.0168407092,0.7808385342,0.866242527031251
4.95346,3.52092,4.93971,1.30798,969.125,740.933,0.0,0.0,0.499,0.381505,0.0,1,0.0176819498,1.2489560969,1.3174426813672195
6.78942,4.98966,6.77665,1.39975,1050.66,750.605,0.0,0.0,0.4732,0.33806,0.0,1,0.0050467888,0.4346144084,0.41906787816599445
4.72876,3.487,4.72876,1.43464,1201.3,837.352,0.0,0.0,0.525,0.365944,0.0,1,0.0190027682,1.3555159271,1.4421118401879722
6.46611,5.64692,6.46611,1.69172,651.341,385.016,66.1469,39.1003,0.474,0.280188,0.0,1,0.000435869,0.0428500729,0.14315282762366122
19.22538,6.71018,19.22499,0.693763,2153.01,3103.37,0.0,0.0,0.757,1.09115,0.0,1,0.0066120494,0.6217861457,0.616652534081725
5.30158,4.93345,5.25562,1.24028,1722.57,1388.85,0.0,0.0,0.5708,0.460217,0.0,1,0.0028343155,0.2751399891,0.3245761206362344
7.06044,5.44324,7.04565,0.861876,2509.51,2911.69,0.0,0.0,0.7062,0.819376,0.0,1,0.0048742693,0.4785553218,0.46677492157032524
3.66826,3.40979,3.66826,1.5968,132.944,83.257,0.0,0.0,0.3902,0.244364,0.0,0,0.0007221303,0.0775957082,0.17299247544649365
4.92821,3.76656,4.9265,1.39799,1007.61,720.756,0.0,0.0,0.501,0.358372,0.0,1,0.0075273174,0.6195353211,0.6443545316175874
6.38354,5.71555,6.35379,1.16333,2168.31,1863.88,0.0,0.0,0.653,0.561321,0.0,1,0.0050637519,0.4953638572,0.47583751280986586
4.72864,4.01613,4.71178,1.34536,905.757,673.244,0.0,0.0,0.4682,0.34801,0.0,1,0.0161533065,1.1386166617,1.1002132736338939
6.23207,5.25681,6.23207,1.2688,1153.66,909.256,0.0,0.0,0.5338,0.420714,0.0,1,0.0036003734,0.3475869996,0.3475975389145217
4.82292,4.04207,4.82292,1.2506,823.12,658.177,0.0,0.0,0.481,0.384614,0.0,1,0.0060823643,0.5084830361,0.4941927570522979
9.69532,8.17838,9.6883,0.723839,1841.74,2544.41,0.0,0.0,0.707,0.976737,0.0,0,0.0046594821,0.4630199518,0.4298182641078744
8.65383,8.02301,8.62464,1.19399,2084.79,1746.06,0.0,0.0,0.6688,0.560138,0.0,0,0.0037102915,0.3607027437,0.35488194266740986
8.13654,7.41946,8.10265,1.23579,2022.73,1636.78,0.0,0.0,0.6656,0.538601,0.0,0,0.0036319514,0.3519016635999999,0.3489173116387302
8.20693,7.56134,7.97833,1.2172,2055.43,1688.66,0.0,0.0,0.6606,0.542722,0.0,0,0.0037418909,0.3525316759,0.3474748423161795
8.77466,8.24178,8.76382,1.17605,2072.16,1761.97,0.0,0.0,0.686,0.583311,0.0,0,0.003639193,0.3646500304,0.3547365945722976
8.72478,7.97366,8.7184,1.18471,2089.45,1763.69,0.0,0.0,0.6672,0.563178,0.0,0,0.0038222059,0.3668159032,0.3618111178100092
8.46136,7.91648,8.46136,1.21276,2069.15,1706.15,0.0,0.0,0.6704,0.552789,0.0,0,0.0038959378,0.3593545044,0.37095745415622705
6.25393,4.92061,6.24311,1.24524,1162.74,933.744,0.0,0.0,0.513,0.411967,0.0,1,0.0086745424,0.7208003887000001,0.7287182522691154
8.78676,6.77563,8.78676,0.847279,2062.57,2434.34,0.0,0.0,0.6744,0.79596,0.0,1,0.0056962088,0.5233577401,0.526889143180503
6.1792,5.66918,6.17838,1.21138,852.75,703.947,80.7869,66.6897,0.5432,0.448412,0.0,0,0.0068716417,0.618630136,0.5859561656345957
6.70484,6.32665,6.70484,1.05966,2286.47,2157.74,0.0,0.0,0.6502,0.613593,0.0,0,0.0101609977,0.9277254894,0.9747561105286727
5.31439,4.17423,5.31439,1.94035,1774.06,914.299,0.0,0.0,0.5988,0.308604,0.0,1,0.0035853202,0.3372333335,0.3249938484290481
6.00629,4.14523,5.99555,1.89659,1733.95,914.246,0.0,0.0,0.6016,0.317201,0.0,1,0.0039148158,0.3568488118999999,0.31295538185660937
5.85854,4.29712,5.84922,1.62759,2447.15,1503.54,0.0,0.0,0.6492,0.398872,0.0,1,0.0023686676,0.2242087102,0.20044772978520908
8.11347,7.39172,8.11088,1.23046,2025.07,1645.79,0.0,0.0,0.6712,0.545487,0.0,0,0.0037129248,0.3398846903999999,0.3485846932338828
6.70637,6.34214,6.70637,1.04875,2285.42,2179.2,0.0,0.0,0.6702,0.639049,0.0,0,0.0099916223,0.9088805694,0.9742242517714403
6.71551,6.34258,6.71551,1.05531,2284.15,2164.44,0.0,0.0,0.6512,0.61707,0.0,0,0.0100831766,0.9069747148,0.9740707058322333
6.73279,6.35537,6.73279,1.03071,2266.62,2199.08,0.0,0.0,0.6584,0.63878,0.0,0,0.0094728148,0.8859202852,0.8934769334709185
6.00203,5.70916,6.00203,1.30077,1538.34,1182.64,0.0,0.0,0.5758,0.442662,0.0,0,0.0133956182,1.1110412228,1.0767728972691741
6.97799,5.28288,6.97799,1.00094,2334.34,2332.14,0.0,0.0,0.674,0.673365,0.0,1,0.0039717818,0.3831107943,0.398795946260035
6.62072,5.41763,6.62072,1.09079,2319.93,2126.83,0.0,0.0,0.6638,0.608548,0.0,1,0.0039265796,0.3793548207,0.39564154694188475
6.50923,5.39354,6.50923,1.11456,2282.12,2047.56,0.0,0.0,0.6604,0.592523,0.0,1,0.0039532036,0.3862095389,0.39759066195289877
11.07564,6.55104,11.07564,0.882976,2163.69,2450.45,0.0,0.0,0.717,0.812027,0.0,1,0.0076849953,0.6095170009,0.689202920271865
13.18133,6.56576,13.18133,0.88151,2137.18,2424.45,0.0,0.0,0.7168,0.81315,0.0,1,0.0076565802,0.6279868216,0.6779082332839664
13.20026,6.62162,13.20026,0.879921,2126.12,2416.26,0.0,0.0,0.7172,0.815073,0.0,1,0.0075661685,0.6136526908,0.6617659156958713
13.19327,6.63983,13.19327,0.881013,2113.29,2398.7,0.0,0.0,0.7204,0.817695,0.0,1,0.0076591634,0.618950817,0.6758420844833948
7.99336,6.43639,7.96868,0.786263,2208.41,2808.75,0.0,0.0,0.6702,0.852386,0.0,1,0.0055409071,0.5536202926,0.5410613117309213
8.78838,7.50509,8.78838,0.73171,2217.3,3030.3,0.0,0.0,0.6802,0.929603,0.0,0,0.0051791987,0.5127772818999999,0.5091211701823923
8.29809,6.85068,8.29809,0.790491,2059.77,2605.68,0.0,0.0,0.6598,0.834671,0.0,1,0.0056627576,0.5511450204,0.5310817673197008
4.66034,3.46037,4.63504,1.16769,974.945,834.933,0.0,0.0,0.5088,0.435731,0.0,0,0.0148379267,0.9812450928,1.1789259318757828
6.21348,5.18247,6.21348,1.16378,2263.81,1945.21,0.0,0.0,0.6514,0.559726,0.0,1,0.0037909225,0.3626167288,0.3659159253089329
6.18672,5.12197,6.18672,1.20466,2258.56,1874.85,0.0,0.0,0.6516,0.540898,0.0,1,0.0038575539,0.3708161353999999,0.3688574305374289
6.12649,5.14189,6.12133,1.25484,2251.96,1794.63,0.0,0.0,0.645,0.514011,0.0,1,0.0039480678,0.3782485917,0.3701040430172147
5.04075,3.40746,5.04075,1.50786,630.779,418.326,0.0,0.0,0.472,0.313026,0.0,0,0.0050871143,0.4096840221,0.43096721439811764
4.19176,3.82361,4.19176,1.2075,1328.47,1100.17,0.0,0.0,0.5406,0.4477,0.0,1,0.0039934886,0.3799317678,0.43108155694867295
16.78989,6.64048,16.78989,0.755158,2186.99,2896.07,0.0,0.0,0.742,0.982576,0.0,1,0.0060442782,0.5623253834,0.5852922518401049
7.87287,4.28499,7.87287,1.75813,1069.27,608.188,0.0,0.0,0.4738,0.26949,0.0,1,0.005140715,0.4646634425,0.4122117692267283
7.82825,4.19616,7.82511,1.75226,1007.81,575.152,0.0,0.0,0.4478,0.255556,0.0,1,0.0053799913,0.4750708253,0.4354419743253822
4.60508,3.53241,4.56134,1.47456,918.914,623.177,0.0,0.0,0.5152,0.349392,0.0,1,0.0065770597,0.5741713797,0.5639685364759897
13.17245,6.57882,13.17245,0.881994,2147.64,2434.99,0.0,0.0,0.7166,0.812478,0.0,1,0.0078374037,0.6156934123,0.6970464952491777
13.18202,6.56101,13.18202,0.874244,2168.24,2480.14,0.0,0.0,0.7172,0.820366,0.0,1,0.0058043431,0.5106706453000001,0.5268513823000571
7.02326,5.68654,7.02326,1.02671,2667.76,2598.37,0.0,0.0,0.7458,0.7264,0.0,0,0.0016633884,0.1643696081,0.17732067391346706
8.59808,3.83664,8.57584,1.027,1782.17,1735.31,0.0,0.0,0.6252,0.608761,0.0,1,0.0082562383,0.7512625918000001,0.71603733103361
8.62412,3.75854,8.61676,1.03974,1771.69,1703.98,0.0,0.0,0.6218,0.598036,0.0,1,0.0092900101,0.8650622701999999,0.7599272641600873
8.81736,4.01112,8.59398,0.978332,1794.66,1834.4,0.0,0.0,0.6308,0.644771,0.0,1,0.0077166,0.7318110376000001,0.6883544167419324
8.8027,3.99777,8.80075,0.979603,1802.77,1840.31,0.0,0.0,0.6322,0.645363,0.0,1,0.0077648193,0.7352527693,0.7026046034547273
8.87095,4.01926,8.85196,0.99882,1779.57,1781.67,0.0,0.0,0.63,0.630744,0.0,1,0.0080104686,0.7372679739,0.707077552962997
8.7376,3.97317,8.68094,0.99936,1793.88,1795.03,0.0,0.0,0.631,0.631404,0.0,1,0.00785703,0.7451030784,0.7127670677832857
8.74499,3.992,8.31175,1.01024,1785.62,1767.53,0.0,0.0,0.6274,0.621043,0.0,1,0.0080796499,0.7524270738,0.7280822907375446
8.70746,3.96873,8.68609,1.0202,1783.95,1748.63,0.0,0.0,0.6284,0.615958,0.0,1,0.0079869289,0.7479401144,0.7109489960809642
9.97573,6.14945,9.9755,0.833875,1650.14,1978.89,0.0,0.0,0.635,0.761505,0.0,0,0.0061751927,0.5756442159,0.5467976708123378
5.75412,5.30597,5.75185,0.900285,1657.72,1841.33,0.0,0.0,0.6148,0.682895,0.0,1,0.0042132638,0.4340605431,0.41161943606137913
6.49481,4.4278,6.49481,0.863231,1967.74,2279.51,0.0,0.0,0.608,0.704331,0.0,0,0.0136732046,1.0515502455,1.1788643439879212
10.78647,9.46825,10.78641,1.0639,1328.84,1249.03,0.0,0.0,0.569,0.534826,0.0,1,0.0024199617,0.2328675194,0.23118196355680337
6.30332,3.54841,6.29414,1.24899,1424.61,1140.61,0.0,0.0,0.571,0.457169,0.0,1,0.0190142103,1.4595080081,1.5571730469523049
5.45181,5.00801,5.45026,0.91452,1466.61,1603.69,0.0,0.0,0.6234,0.681669,0.0,0,0.0064645842,0.6450695194,0.6140096489093836
12.99556,11.59411,12.53696,0.409914,1974.15,4816.02,0.0,0.0,0.8394,2.04775,0.0,0,0.0037948121,0.3777301449,0.3660659448448854
5.79435,4.06776,5.78784,1.1064,1279.06,1156.05,0.0,0.0,0.5442,0.491863,0.0,1,0.0131547489,1.1025344729000002,1.0239030577521335
11.92534,10.15941,10.7957,0.715863,1973.75,2757.16,0.0,0.0,0.807,1.12731,0.000279383,1,0.0030576266,0.2934904876999999,0.30073488164375844
8.35438,6.74513,8.35438,1.25512,1629.48,1298.27,0.0,0.0,0.6082,0.484574,0.0,0,0.0048670006,0.4659370603,0.428763947911117
7.55155,6.59808,7.55155,1.24948,986.433,789.474,0.0,0.0,0.5334,0.426897,0.0,1,0.0027759511,0.2698253678,0.24481700942393803
5.04,3.85862,5.04,2.47267,613.367,248.059,0.0,0.0,0.3764,0.152224,0.0,1,0.0025722932,0.2230920953,0.16611842019747647
12.16925,11.40732,12.16925,0.725109,1812.93,2500.21,0.0,0.0,0.7,0.965373,0.0,1,0.0024205611,0.2515440952,0.24552246501123215
11.25061,10.30174,11.25061,0.775347,1855.65,2393.32,0.0,0.0,0.6848,0.883217,0.0,1,0.002147335,0.2158696134,0.22519684738209556
5.76528,3.44001,5.76528,2.05587,771.787,375.407,0.0,0.0,0.4332,0.210714,0.0,1,0.0036094724,0.3036955221,0.2877935100457115
5.67492,3.40868,5.64201,2.09272,780.987,373.192,0.0,0.0,0.4274,0.204232,0.0,1,0.0036088567,0.3096104485,0.2873072153640844
9.64677,7.09331,9.64677,0.59954,2372.38,3957.0,0.0,0.0,0.7742,1.29132,0.0,1,0.0055485994,0.5306007919,0.5373652381255347
10.7978,7.28862,10.07334,0.52652,2852.06,5416.81,0.601169,1.14178,0.7786,1.47877,0.0,1,0.0058142812,0.5727523582,0.5471735950920563
6.56646,4.08998,6.54784,1.26553,1485.95,1174.18,0.0,0.0,0.5694,0.449931,0.0,0,0.0059329582,0.5482176821,0.5194159768781808
4.80272,3.79637,4.63139,1.43298,1698.73,1185.45,0.0,0.0,0.5816,0.405867,0.0,1,0.0100475442,0.8615796761,0.865284027051391
4.89155,3.90131,4.73471,1.36084,1754.51,1289.29,0.0,0.0,0.5968,0.438553,0.0,1,0.0070123183,0.6484683825,0.6502569601389429
4.89634,3.8976,4.73512,1.37366,1723.73,1254.84,0.0,0.0,0.596,0.433877,0.0,1,0.0068649965,0.6584112755,0.6306357107412864
4.89048,3.89627,4.72752,1.37509,1744.51,1268.65,0.0,0.0,0.5894,0.428626,0.0,1,0.006975359,0.6508818518,0.6500390333463113
9.82615,5.81764,9.823,0.800346,2153.22,2690.36,0.0,0.0,0.6784,0.847633,0.0,0,0.0047468968,0.4599309099,0.45891300434457993
6.37976,3.41068,6.37976,1.61288,1257.56,779.698,0.0,0.0,0.5318,0.329721,0.0,1,0.0170951485,1.2730052991,1.3924050208814216
4.38797,3.72635,4.38797,1.29817,708.567,545.82,0.0,0.0,0.448,0.345101,0.0,0,0.0046846877,0.4144015417,0.4152245692810578
6.2853,5.33445,6.2853,1.91818,700.301,365.087,0.0,0.0,0.4294,0.223858,0.0,0,0.0239286117,1.2053871963,1.1646767017032662
6.37118,5.41681,6.36973,1.91863,721.465,376.031,0.0,0.0,0.4268,0.22245,0.0,0,0.0227995258,1.1817308465,1.1627309438502473
15.6562,6.95834,15.6562,0.815704,1584.31,1942.26,314.611,385.692,0.6944,0.851289,0.0,1,0.005901745,0.5497143673,0.5454791178408729
4.90044,3.63709,4.9004,1.39724,1278.69,915.152,0.0,0.0,0.5378,0.384902,0.0,1,0.0060752029,0.5379087878000001,0.5769412574344779
9.47366,7.57886,8.89706,0.818244,1562.75,1909.88,0.0,0.0,0.6376,0.779229,0.0,1,0.0041343608,0.3821284849,0.3867163646771396
4.11781,3.54093,4.10826,2.15064,560.827,260.772,0.0,0.0,0.499,0.232024,0.0,0,0.0145245504,1.0737876049,0.9628758175396391
6.18933,6.06319,6.18525,1.70548,627.561,367.968,0.0,0.0,0.428,0.250956,0.0,0,0.0036945333,0.30385407,0.34264036405680787
6.03338,5.92233,6.03037,1.73347,616.775,355.803,0.0,0.0,0.4186,0.241481,0.0,0,0.0040674394,0.3221748117,0.34888014217957586
6.11363,6.00668,6.11363,1.71163,630.3,368.246,0.0,0.0,0.4286,0.250405,0.0,0,0.0037187031,0.2937372639,0.3363753529016655
6.848,5.25293,6.59533,0.694132,2524.62,3637.09,0.0,0.0,0.711,1.0243,0.0,1,0.0077590959,0.7229042613,0.7455422578358438
6.83932,5.17767,6.83932,0.667047,2492.87,3737.18,0.0,0.0,0.6944,1.04101,0.0,1,0.0072361856,0.7069857156999999,0.6821534100834193
5.56445,4.67968,5.55486,1.27739,2127.97,1665.87,0.0,0.0,0.6456,0.505404,0.0,0,0.00615981,0.5873222461,0.576894816157284
12.9835,12.22348,12.9835,0.782876,1609.55,2055.94,0.0,0.0,0.6462,0.825418,0.0,1,0.0083167502,0.7063467957999999,0.6652204887277643
12.20204,12.01283,12.20204,0.782648,1673.73,2138.55,0.0,0.0,0.6702,0.856323,0.0,1,0.0097051505,0.7927598234000001,0.8068291330889162
6.41454,5.84385,6.41454,1.06115,1369.43,1290.51,0.0,0.0,0.545,0.513592,0.0,0,0.0034577552,0.3211783817,0.3396488630869178
4.96323,4.04573,4.95818,1.11527,1604.24,1438.44,0.0,0.0,0.5578,0.500149,0.0,0,0.0027833742,0.2693356098,0.33921705149955206
4.64533,3.41141,4.64533,1.22769,600.487,489.118,0.0,0.0,0.4834,0.393746,0.0,1,0.0141013991,1.0045254379000002,0.9897062107609507
5.65756,4.12237,5.64659,1.3278,950.233,715.647,0.0,0.0,0.4958,0.373401,0.0,1,0.0025647923,0.2401939413,0.2011793660879615
7.12719,5.34262,7.10815,0.804618,2476.05,3077.29,0.0,0.0,0.6892,0.856555,0.0,1,0.0056278936,0.5542744414999999,0.5440721488890665
7.18408,5.4183,7.18408,0.735724,2753.27,3742.25,0.0,0.0,0.7098,0.964764,0.0,1,0.0058035585,0.5727706547,0.5614396766894664
8.9985,5.11189,8.9985,0.769828,1964.88,2552.36,0.0,0.0,0.6538,0.849281,0.0,1,0.0074117486,0.6859007249,0.6709028064696514
7.19373,5.47476,7.19162,0.743514,2474.93,3328.7,0.0,0.0,0.678,0.911886,0.0,1,0.0065769769,0.6180054823,0.6441842532739889
10.9331,7.2387,10.84031,1.02563,2322.37,2264.33,0.0472135,0.0460334,0.7992,0.779225,0.0,1,0.0008289672,0.0853113128999999,0.12379342059801557
3.62936,3.42106,3.62936,2.33614,88.0182,37.6767,0.0,0.0,0.3106,0.132954,0.0,1,0.0001528733,0.0164763452,0.016841833878821433
10.5248,9.55919,10.5248,1.53175,1232.21,804.446,0.0,0.0,0.5862,0.3827,0.0,1,0.0025329346,0.2346350153999999,0.20225239277059637
10.52986,9.57688,10.52986,1.52454,1236.56,811.103,0.0,0.0,0.5926,0.388707,0.0,1,0.0024752011,0.2324099701,0.19755760211160478
10.31674,9.51664,10.31674,1.55109,1234.33,795.781,0.0,0.0,0.5892,0.379861,0.0,1,0.0024861438,0.2316547394999999,0.2014605302111082
10.20812,9.46941,10.20812,1.57295,1231.54,782.951,0.0,0.0,0.5872,0.373312,0.0,1,0.0025242176,0.233791222,0.18241268549169076
7.09237,6.9712,7.09237,1.23349,1578.28,1279.52,0.0,0.0,0.5866,0.47556,0.0,0,0.0141550205,1.2887051689,1.185073221602262
7.05969,6.99995,7.05969,1.17586,1580.48,1344.1,0.0,0.0,0.5726,0.486963,0.0,0,0.0099637373,0.945197557,0.8984663121213279
7.05263,6.93916,7.05263,1.17979,1573.47,1333.69,0.0,0.0,0.5826,0.493819,0.0,0,0.0104714156,0.9603528561,0.9291470769932573
11.15594,7.259,10.84071,0.82433,2033.72,2467.12,0.0,0.0,0.7282,0.883384,0.0,1,0.002394122,0.2358563538,0.2459441173846939
8.92381,6.94851,8.92381,1.37984,1141.5,827.271,0.0,0.0,0.549,0.397872,0.0,1,0.00231844,0.2242390739,0.21140878048063205
9.35755,7.41632,9.35755,1.16758,1638.67,1403.47,0.0,0.0,0.615,0.52673,0.0,1,0.0028381218,0.2747287309,0.269594755895003
4.64123,3.89872,4.64123,1.60316,476.421,297.176,37.0323,23.0996,0.4566,0.284813,0.0,0,0.0044263718,0.3825030814,0.4035112273833344
4.68355,3.94427,4.68195,1.53411,507.69,330.936,40.177,26.1892,0.4644,0.302717,0.0,0,0.0043905001,0.3733981668,0.3909619820644646
4.69623,3.9752,4.69623,1.55724,521.36,334.798,40.7728,26.1828,0.462,0.296679,0.0,0,0.0043608581,0.3786872951,0.39237645637509116
4.67591,3.93255,4.67558,1.57743,501.763,318.09,39.3209,24.9272,0.4588,0.290853,0.0,0,0.0043819043,0.3853887306,0.4008105447711781
6.76714,4.26504,6.76714,1.06143,2653.84,2500.25,0.0,0.0,0.7164,0.674939,0.0,1,0.0011949578,0.1157484156,0.13028065829114088
5.69893,5.36843,5.69893,1.57809,498.722,316.029,0.0,0.0,0.4096,0.259554,0.0,1,0.003627348,0.2968970348999999,0.2645805774959225
8.38886,8.25863,8.38886,0.927218,1939.79,2092.05,0.0,0.0,0.7086,0.764222,0.0,0,0.0028623699,0.2856679926,0.2887984874179945
4.98254,4.66211,4.92513,1.2855,367.973,286.249,0.0,0.0,0.4142,0.32221,0.0,1,0.0044744087,0.3507562646,0.335196167371645
4.82249,4.38256,4.82249,1.56156,717.335,459.371,0.0,0.0,0.4084,0.261533,0.0,1,0.0012744377,0.1292348725,0.1429511386374841
5.7222,5.11854,5.62643,1.61442,844.237,522.933,0.0,0.0,0.433,0.268207,0.0,1,0.0013017592,0.1263954243999999,0.12304250479239054
5.90162,5.41792,5.90162,1.76228,855.544,485.476,0.0,0.0,0.4612,0.261707,0.0,1,0.0013073317,0.1272926503999999,0.11265480486470991
11.93851,7.45098,11.93851,0.561345,2465.98,4393.0,0.0,0.0,0.7892,1.40591,0.0,1,0.0032377455,0.3103020283,0.3331344159731979
4.28411,3.85282,4.28411,1.51154,607.984,402.228,0.0,0.0,0.4342,0.287257,0.0,1,0.0095895826,0.7016243769,0.7043817504752324
7.60995,6.84404,7.60152,1.19319,1872.8,1569.57,0.0,0.0,0.6146,0.515088,0.0,1,0.0036220345,0.3354959011,0.3643925805569148
7.61281,6.7795,7.61281,1.23616,1858.69,1503.6,0.0,0.0,0.6202,0.501716,0.0,1,0.0038690596,0.3524442059,0.3717603788444827
7.31506,6.71653,7.31506,1.25001,1853.82,1483.05,0.0,0.0,0.6122,0.489757,0.0,1,0.0039586083,0.3544433367,0.3765964793267103
7.28953,6.56977,7.27292,1.26788,1836.09,1448.15,0.0,0.0,0.6064,0.478278,0.0,1,0.0038037207,0.3545441507999999,0.358814715808064
7.39302,4.84143,7.39302,1.10616,2095.82,1894.67,0.0,0.0,0.6304,0.569897,0.0,1,0.0079868996,0.7379112039,0.7216740042364078
12.08735,10.73897,12.08735,0.620401,1700.18,2740.45,93.6236,150.908,0.725,1.1686,0.0,1,0.0074635441,0.6996348212000001,0.5955058419636354
12.48204,11.20672,12.48204,0.609743,1448.73,2375.98,226.842,372.029,0.73,1.19723,0.0,1,0.0039655614,0.395035695,0.3875243726336952
12.15024,10.9248,12.15024,0.559582,2019.96,3609.76,0.0,0.0,0.7508,1.34172,0.0,1,0.0075181091,0.6931320990000001,0.6476831224697162
8.94506,6.39643,8.9366,0.932619,2044.77,2192.51,0.0,0.0,0.6812,0.730416,0.0,1,0.005659808,0.5279138777,0.52895904894964
4.38999,3.64477,4.35876,1.86492,695.401,372.886,0.0,0.0,0.4262,0.228535,0.0,0,0.1672569302,2.9890479211,2.6195068128371544
4.72389,3.94843,4.7043,1.63068,1518.12,930.97,0.0,0.0,0.6006,0.368312,0.0,0,0.0119591317,0.9948571772,0.9105817415131008
7.27421,6.44823,7.26586,0.918654,1410.21,1535.08,0.0,0.0,0.5716,0.622215,0.0,1,0.0062726658,0.5813349232,0.5635877828020146
5.31191,3.45332,5.31191,1.3024,757.68,581.756,0.0,0.0,0.4834,0.371161,0.0,0,0.0028035004,0.2737857482999999,0.2718915963117173
11.03662,6.77118,11.03522,0.972357,2245.68,2309.52,0.0,0.0,0.737,0.757952,0.0,1,0.0053115639,0.443169832,0.5089813786896228
11.11165,6.76913,11.10718,0.977004,2218.73,2270.96,0.0,0.0,0.7358,0.753118,0.0,1,0.0053212766,0.4452733685,0.5056028111281285
11.12433,6.7889,11.12433,0.98349,2237.28,2274.84,0.0,0.0,0.7358,0.748152,0.0,1,0.0050890285,0.4400473726,0.48309689028773894
4.8997,3.82043,4.80699,1.96517,851.036,433.06,0.0,0.0,0.4368,0.222271,0.0,1,0.0018975088,0.1754808642,0.16401370676697902
6.36917,5.18527,6.3624,0.882052,2917.95,3308.15,0.0,0.0,0.7278,0.825122,0.0,0,0.0029931273,0.2953936471,0.3055759095357269
5.155,3.94411,5.14164,1.22508,1226.81,1001.4,0.0,0.0,0.5714,0.466417,0.0,1,0.0068558835,0.6025424897,0.6118602421766439
5.16992,3.60905,5.14467,1.12529,1198.87,1065.39,0.0,0.0,0.54,0.479875,0.0,1,0.0067434681,0.5980735061,0.6706155593574402
6.29319,4.18887,6.28108,1.16711,1136.4,973.681,0.0,0.0,0.5084,0.435605,0.0,1,0.0074236603,0.646359118,0.6664079673939316
4.80997,3.90285,4.79195,1.24859,706.426,565.776,0.0,0.0,0.4748,0.380268,0.0,1,0.008065527,0.6361127114,0.623989647183808
18.12979,5.71178,18.12979,1.1222,1588.21,1415.26,0.0,0.0,0.6436,0.573515,0.0,0,0.0048007558,0.3848744741,0.4302158558771883
4.78045,3.65221,4.45538,1.55312,875.885,563.951,207.395,133.534,0.5568,0.358503,0.0,1,0.0021161128,0.1984899191,0.2732787086526497
5.04484,3.57491,5.04484,1.22875,1458.35,1186.85,0.0,0.0,0.6306,0.513203,0.0,0,0.0062028263,0.5568570384,0.6388074568576375
4.03108,3.48324,4.03108,1.38569,387.305,279.502,0.0,0.0,0.442,0.318974,0.0,0,0.0032929088,0.2737793142,0.34178490904410863
7.12468,6.03948,7.12468,1.31037,1062.37,810.735,0.0,0.0,0.4896,0.373634,0.0,1,0.0029219106,0.2744141726,0.23523775120906143
4.74057,3.77757,4.73232,1.91081,991.998,519.151,0.0,0.0,0.479,0.250679,0.0,1,0.0024792232,0.2290769721999999,0.22853832347418984
4.65952,3.80073,4.61652,1.92155,1014.2,527.802,0.0,0.0,0.4756,0.247508,0.0,1,0.0022814817,0.2176742257,0.2220182658334715
4.64544,3.84764,4.60599,1.88324,1040.62,552.567,0.0,0.0,0.4686,0.248826,0.0,1,0.0022845893,0.2199125521,0.22995311664555518
6.35231,4.97084,6.35231,1.25899,1757.24,1395.75,0.0,0.0,0.6298,0.500244,0.0,1,0.0044415756,0.4211978439,0.41470663586908846
9.74723,4.32378,9.74723,0.807529,2116.71,2621.22,0.0,0.0,0.6822,0.844799,0.0,0,0.0057392259,0.5189211192000001,0.5413849823606549
15.71457,10.86579,15.71457,0.592467,1916.3,3234.44,0.0,0.0,0.745,1.25745,0.0,1,0.0041566634,0.4235686295,0.3907911504720538
5.37557,4.41973,5.36241,1.14422,1308.35,1143.45,0.0,0.0,0.5684,0.496758,0.0,0,0.009487981,0.8135972313,0.821732653411544
6.34819,4.3477,6.32525,1.05624,2172.8,2057.11,0.0,0.0,0.6388,0.604787,0.0,1,0.0034512279,0.328343232,0.3693556463547873
6.00734,3.70386,5.68806,1.19067,1432.59,1203.18,0.0,0.0,0.596,0.500558,0.0,1,0.0109654823,0.9261777924,0.8994582728631381
4.70544,3.52951,4.70544,1.19795,706.636,589.87,0.0,0.0,0.5124,0.42773,0.0,1,0.0060328246,0.5149283188,0.5417940214904425
4.21874,3.59841,4.17878,1.6409,883.632,538.504,0.0,0.0,0.5372,0.327381,0.0,1,0.0039772514,0.384286776,0.37473549739433454
8.54041,6.58905,8.49644,0.900361,2024.24,2248.26,0.0,0.0,0.6654,0.739037,0.0,1,0.0052328522,0.5045775022,0.5116805071196429
7.01847,4.73004,6.9462,1.44294,1426.15,988.361,0.0,0.0,0.5566,0.385739,0.0,1,0.0066315764,0.6261781465,0.5500694806850616
4.76391,3.62987,4.72184,1.92126,733.455,381.758,0.0,0.0,0.4574,0.238073,0.0,0,0.006815913,0.5407951165,0.5602298554927968
4.82436,3.58268,4.81961,1.92111,719.303,374.421,0.0,0.0,0.4562,0.237467,0.0,0,0.0069692971,0.548817254,0.5731135985933842
5.24315,3.84947,5.24293,1.8144,918.907,506.452,0.0,0.0,0.4908,0.270503,0.0,0,0.0061145158,0.5012622255,0.5126330149757681
5.51517,3.41736,5.00993,2.38206,1155.9,485.251,0.0,0.0,0.4816,0.202178,0.0,1,0.0015635012,0.1569841115,0.14837506365321518
6.01008,3.97081,5.72262,2.0273,1705.36,841.198,0.0,0.0,0.5372,0.264983,0.0,1,0.0016584387,0.1594905855,0.15490738148558902
9.38994,9.11674,9.38994,1.90854,1244.92,652.292,0.0,0.0,0.5738,0.300649,0.0,0,0.0190558098,1.4569857072,1.3000359131530494
10.62365,6.73057,10.03707,0.736025,1901.4,2583.34,0.0,0.0,0.6844,0.92986,0.0,1,0.004960849,0.464183961,0.4691756415058478
5.13889,3.8044,5.11428,1.3464,751.257,557.976,64.4982,47.9043,0.4882,0.362598,0.0,0,0.0059534652,0.515854304,0.5062852865451968
4.59329,3.52297,4.53885,1.97043,629.425,319.434,0.0,0.0,0.444,0.225331,0.0,0,0.0065463739,0.5228670464999999,0.5448556670801088
4.89772,3.64059,4.89772,1.88802,794.062,420.579,0.0,0.0,0.468,0.247879,0.0,0,0.0070318421,0.5502453642,0.5662047676770926
4.56897,3.54471,4.54551,1.97903,632.114,319.407,0.0,0.0,0.4392,0.221927,0.0,0,0.0066238106,0.5271364854999999,0.5483917609737536
4.84681,3.6521,4.84681,1.89478,778.542,410.888,0.0,0.0,0.4634,0.244567,0.0,0,0.0065597764,0.5318884144,0.5449446077146258
5.12439,3.80032,5.11789,1.20574,872.156,723.339,0.0,0.0,0.4772,0.395775,0.0,1,0.0121574042,0.9038384876,0.9002291440359644
5.12402,3.76853,5.12402,1.20256,906.265,753.612,0.0,0.0,0.4818,0.400645,0.0,1,0.0124510855,0.8818207155,0.9167061253896739
5.1192,3.89364,5.10203,1.1805,1020.25,864.259,0.0,0.0,0.4966,0.420671,0.0,1,0.0121316135,0.9160241784,0.9441388804291195
7.36714,6.73872,7.36371,1.14671,1020.81,890.209,164.756,143.677,0.5422,0.472831,0.0,0,0.0055549032,0.4368836444,0.5067711112242751
7.18204,6.12269,7.18077,0.866215,1822.63,2104.13,0.0,0.0,0.6256,0.722222,0.0,0,0.0056985335,0.5424410044,0.5050883713457835
6.18548,4.52304,6.11894,1.1169,1248.24,1117.59,0.0,0.0,0.5306,0.475064,0.0,1,0.0111848576,0.8632873865,0.8799357172886432
5.39311,4.19786,5.39311,1.06903,921.952,862.419,0.0,0.0,0.508,0.475197,0.0,1,0.0059668351,0.5325881552,0.5442084707140747
4.2096,4.02928,4.2096,1.31378,1082.38,823.864,182.179,138.667,0.5798,0.44132,0.0,0,0.0027474422,0.2605546643,0.4253011029542588
6.05011,4.95275,5.94474,1.747,1488.92,852.276,0.0,0.0,0.5394,0.308759,0.0,1,0.001543977,0.1519329322,0.1447213574005365
4.67398,3.53239,4.41116,1.37462,661.997,481.587,0.0,0.0,0.4932,0.358791,0.0,1,0.0020409899,0.1915705194,0.19606995239978653
8.78262,5.31323,8.77635,0.904587,1772.28,1959.21,0.0,0.0,0.6524,0.721213,0.0,0,0.003743778,0.3660050446,0.34659160152935403
8.69858,5.24575,7.68809,0.922778,1756.21,1903.18,0.0,0.0,0.6546,0.70938,0.0,0,0.0037823151,0.370108126,0.3418560162306495
5.07264,3.5666,4.83614,1.48604,1551.78,1044.24,0.0,0.0,0.6264,0.421523,0.0,0,0.0089455092,0.7753879625,0.7595226463002701
4.31733,3.92478,4.29293,1.79014,708.62,395.847,0.0,0.0,0.4326,0.241658,0.0,1,0.0061832934,0.5087583616,0.4777890563330505
4.87344,3.46442,4.87344,1.07454,850.662,791.651,5.08913,4.73609,0.5344,0.497328,0.0,1,0.0063397763,0.5405736533,0.6399959867133949
4.06689,3.45193,4.06689,1.44348,706.681,489.567,0.0,0.0,0.526,0.364397,0.0,1,0.0022962616,0.2301350087999999,0.2715137020849438
5.55473,4.01932,4.70025,1.57489,444.086,281.979,505.527,320.992,0.4674,0.296782,0.0,1,0.0102288723,0.7648004087000001,0.7059708055305396
7.88517,4.63235,7.88517,1.00373,1853.27,1846.38,0.563729,0.561634,0.6258,0.623475,0.0,1,0.0025033805,0.2645247293,0.26807309162788573
6.92662,5.60326,6.92662,1.05598,2650.36,2509.85,0.0,0.0,0.7402,0.700958,0.0,0,0.0016460765,0.1716983272,0.16624862989800537
5.76983,4.47642,5.76568,1.10794,2807.97,2534.4,0.0,0.0,0.7218,0.651478,0.0,0,0.0016505848,0.166611684,0.16530409652312594
5.60602,4.41216,5.60244,1.12946,2808.42,2486.52,0.0,0.0,0.7174,0.635172,0.0,1,0.0016749297,0.1729559671,0.1974189293483457
4.96613,3.45527,4.96613,1.61722,430.124,265.965,0.0,0.0,0.3844,0.237692,0.0,0,0.0031990958,0.2856452564,0.29152388388087436
4.96978,3.43779,4.70211,1.57704,459.833,291.579,0.0,0.0,0.3926,0.248947,0.0,1,0.0029554051,0.2590988603,0.22471756330228343
4.94141,3.41905,4.94141,1.59594,416.437,260.936,0.0,0.0,0.3934,0.246501,0.0,0,0.0028456986,0.2561763462,0.2565446884122202
4.93102,3.44222,4.63541,1.5902,461.876,290.452,0.0,0.0,0.3816,0.23997,0.0,0,0.0028835663,0.2671643908,0.2756271183162221
4.95366,3.41712,4.75042,1.6098,421.45,261.803,0.0,0.0,0.389,0.241646,0.0,0,0.0029016533,0.2767484222,0.26928143420733563
9.31104,7.31301,9.26469,0.758181,2378.0,3136.45,0.0,0.0,0.7986,1.05331,0.0,0,0.0016512489,0.1667024208,0.1825041531228393
5.16708,4.02438,5.14791,1.34501,828.176,615.737,0.0,0.0,0.4914,0.365349,0.0,1,0.0061975545,0.5130389263,0.49308164478323513
6.9378,5.1125,6.91934,1.1916,1497.46,1256.68,0.0,0.0,0.5672,0.475998,0.0,1,0.0175982018,1.1306490654,1.3076220248122237
6.09614,5.02444,6.09614,1.07096,1529.04,1427.73,0.0,0.0,0.5558,0.518974,0.0,0,0.0109426587,0.9218224337,0.9146491184146499
5.93335,3.50712,5.93065,1.25359,678.031,540.871,0.0,0.0,0.466,0.371732,0.0,1,0.0012065969,0.1218250573,0.15464806193490466
10.6324,4.41521,10.62231,0.802555,2137.19,2662.99,0.0,0.0,0.6594,0.821626,0.0,1,0.0101926599,0.9274055622,0.8757257575245413
11.19601,4.56022,11.19601,1.01627,1481.21,1457.5,344.513,338.997,0.6604,0.649826,0.0,0,0.0091022071,0.6942416475,0.7534718638684295
5.78959,4.20151,5.78959,1.67755,480.697,286.547,0.0,0.0,0.428,0.255134,0.0,1,0.0004825695,0.0475803882,0.06308069751653633
8.9528,6.92043,8.9528,0.77854,2139.65,2748.28,0.0,0.0,0.7276,0.934569,0.0,1,0.0035734673,0.3439814454,0.3657001467980544
8.51649,4.04507,8.50623,0.818285,2218.52,2711.18,0.0,0.0,0.665,0.812676,0.0,0,0.0090130949,0.8659361498,0.786591051540439
7.38507,6.83905,7.38507,1.43185,1792.23,1251.69,0.0,0.0,0.6648,0.464295,0.0,0,0.0034651439,0.3399985788,0.3261586853214008
5.48641,4.37851,5.43408,1.55041,1423.25,917.982,0.0,0.0,0.5816,0.375127,0.0,0,0.0053574349,0.4849058253,0.4422500970384293
5.07339,3.91911,5.00348,0.938456,1558.9,1661.14,0.0,0.0,0.5776,0.615479,0.0,1,0.0125834616,1.1099935083,1.0144854843835756
4.71763,3.70524,4.71763,0.910386,1406.55,1545.0,0.0,0.0,0.6034,0.662796,0.0,0,0.0087205904,0.8081774170999999,0.7872218664157166
4.59128,3.66545,4.5882,0.929855,1300.04,1398.11,0.0,0.0,0.6068,0.652575,0.0,0,0.0094196588,0.8338618512,0.806154525249501
4.59121,3.66545,4.59121,0.929855,1299.57,1397.61,0.0,0.0,0.607,0.65279,0.0,0,0.0094508239,0.8459714498,0.8243281069213719
10.64745,9.47902,10.64745,1.06964,1632.11,1525.85,0.0,0.0,0.6686,0.625069,0.0,1,0.0041916107,0.3978130955,0.38588671358566995
10.72174,9.5428,10.71607,1.08933,1630.18,1496.5,0.0,0.0,0.666,0.611383,0.0,1,0.0039444101,0.3977844182,0.3698104429431714
10.11718,8.98959,10.11479,1.13998,1639.27,1437.98,0.0,0.0,0.6544,0.574044,0.0,1,0.0042252536,0.4032753768,0.4004701967771743
20.17115,6.28286,20.17115,0.598403,2258.24,3773.78,0.0,0.0,0.7822,1.30715,0.0,1,0.0052207395,0.4998577743,0.5225835001562061
5.54681,3.74513,5.54681,2.48482,1379.64,555.227,0.0,0.0,0.5704,0.229553,0.0,1,0.002585315,0.2414663182,0.17983530060395048
5.89344,4.18847,5.89146,0.984353,1685.69,1712.48,0.0,0.0,0.5842,0.593486,0.0,0,0.0127734315,1.0618431035,1.0776460446394964
9.79069,6.17903,9.78331,0.576207,2737.54,4750.96,0.0,0.0,0.7668,1.33077,0.0,1,0.0057434506,0.5729789856,0.5651320812392866
7.14824,6.33455,7.14824,1.33984,1522.29,1136.17,0.0,0.0,0.5742,0.428558,0.0,1,0.0035673362,0.3485335406,0.34406456115176004
6.18172,4.54627,6.18172,1.23378,1539.69,1247.95,0.0,0.0,0.5958,0.482905,0.0,1,0.0084282478,0.7168461527,0.733729671240037
9.35136,7.4656,9.35136,0.787935,1703.38,2161.83,0.0,0.0,0.6612,0.839156,0.0,0,0.0038564623,0.3972785539,0.35874668159081485
5.68269,4.05076,5.58356,1.1925,2235.99,1875.04,0.0,0.0,0.6214,0.52109,0.0,1,0.0083627189,0.8010574815000001,0.7490415205856219
5.98694,4.00719,5.95033,1.17836,1406.99,1194.02,0.0,0.0,0.5528,0.469125,0.0,1,0.0081528232,0.6846471975,0.7050619882858812
5.56011,4.7997,5.54043,0.908517,1594.37,1754.91,0.0,0.0,0.5744,0.632239,0.0,1,0.0064432806,0.6107685372999999,0.6163744792940012
4.69422,3.90104,4.69422,1.33698,611.28,457.21,0.0,0.0,0.4482,0.335234,0.0,1,0.0102743853,0.7448425412,0.7156064439935258
5.46099,3.46825,5.45558,1.25434,1128.75,899.882,0.0,0.0,0.511,0.407386,0.0,0,0.006017316,0.5273735856,0.5561755108322031
7.42094,6.92579,7.42094,1.50963,792.043,524.661,0.0,0.0,0.4632,0.30683,0.0,1,0.0016616919,0.1689720257,0.097072941275119
5.96623,4.0883,5.95565,1.23552,1555.44,1258.93,0.0,0.0,0.5706,0.461828,0.0,1,0.0090500311,0.7919823054,0.7598268180397879
8.17686,3.88128,8.17686,0.785515,2106.51,2681.7,0.0,0.0,0.6434,0.819081,0.0,0,0.0084454891,0.8123995407,0.7496361372079203
8.07783,3.80615,8.07783,0.808912,2062.02,2549.12,0.0,0.0,0.628,0.776351,0.0,0,0.0076565903,0.7188828387999999,0.6917314786610903
8.01411,3.79872,8.01411,0.818446,2057.67,2514.12,0.0,0.0,0.6292,0.768774,0.0,0,0.0078379406,0.748729455,0.719129142029082
8.13737,3.84778,8.13737,0.811081,2093.45,2581.06,0.0,0.0,0.6356,0.783646,0.0,0,0.008295447,0.8003860745,0.7479712071048553
5.10073,4.40085,5.10073,1.20939,753.801,623.288,0.0,0.0,0.4534,0.374898,0.0,0,0.0080320678,0.6613248325,0.6390575785723754
4.69191,4.1146,4.69191,1.30005,589.458,453.412,0.0,0.0,0.4408,0.339064,0.0,0,0.0324814566,1.7069700653,1.5828177611405638
8.32819,5.0756,8.31268,0.957644,2418.19,2525.15,0.0,0.0,0.6634,0.692742,0.0,1,0.0092076571,0.8669051081999999,0.7897915816108476
5.41891,3.81819,5.4137,1.12525,1554.01,1381.04,0.0,0.0,0.5844,0.519353,0.0,1,0.0048167309,0.4469286065,0.44602918593845153
5.04936,3.67231,5.03861,1.16476,1436.77,1233.53,0.0,0.0,0.5708,0.490058,0.0,1,0.0053811781,0.4854917082,0.5392516954661111
5.15558,3.73306,5.14713,1.14909,1453.8,1265.17,0.0,0.0,0.5738,0.499351,0.0,1,0.0049440756,0.463786304,0.4552809799911437
5.30819,3.79107,5.29306,1.12185,1513.8,1349.38,0.0,0.0,0.5828,0.519498,0.0,1,0.005102565,0.4727732759,0.4824091920311602
5.01927,3.67935,4.85274,1.1494,1435.4,1248.83,0.0,0.0,0.5704,0.496261,0.0,1,0.0053341041,0.4852589791,0.5233939272986275
5.31982,3.78089,5.2376,1.14355,1498.22,1310.14,0.0,0.0,0.5788,0.506141,0.0,1,0.0050008645,0.4690848801,0.47714706884624875
8.7872,8.28484,8.78484,1.1627,1327.18,1141.46,0.0,0.0,0.5712,0.49127,0.0,0,0.0041874817,0.3833422949,0.386343360581806
5.19491,4.25541,5.19491,1.88967,495.266,262.092,0.0,0.0,0.436,0.230728,0.0,0,0.0012018487,0.111621081,0.12804561126648728
8.92456,5.42795,8.42869,0.747114,2560.53,3427.22,0.0,0.0,0.6974,0.933458,0.0,1,0.0058133074,0.5658914869,0.5481605126532487
4.47668,3.46305,4.46299,1.95257,333.013,170.551,90.5462,46.3727,0.4092,0.209569,0.0,1,0.0096298298,0.4960433519,0.6536036441009754
13.68087,10.37066,13.68087,0.399582,1892.74,4736.79,0.0,0.0,0.837,2.09469,0.0,1,0.0045100867,0.4475158708,0.4312823315466418
12.65101,8.2906,12.63941,0.451159,2031.86,4503.64,0.0,0.0,0.8026,1.77897,0.0,1,0.0047003967,0.4590739981,0.4602054850397924
12.42499,8.36781,12.422,0.470537,2039.96,4335.39,0.0,0.0,0.8052,1.71124,0.0,1,0.0051384304,0.5102437331,0.49472765549776276
7.14215,5.30329,7.13909,0.862488,2071.68,2401.98,0.0,0.0,0.6594,0.764532,0.0,1,0.0074974059,0.6847544372,0.6902316136685115
13.15242,8.94797,13.15242,0.566631,2049.64,3617.24,0.0,0.0,0.7342,1.29573,0.0,1,0.0063659963,0.6048316073,0.5871371466833826
11.37766,5.00759,10.17753,0.697273,2365.25,3392.15,0.0,0.0,0.715,1.02542,0.0,1,0.0075074003,0.696460222,0.6828018976264281
22.84213,13.1462,21.49189,0.3316,1563.99,4716.49,0.0,0.0,0.8634,2.60374,0.0,1,0.0051704919,0.4874086649,0.4908254968367516
8.82467,7.77952,8.82467,0.718839,2198.94,3059.02,0.0,0.0,0.7032,0.978244,0.0,1,0.0041906565,0.4144948125,0.40139524155078304
6.93499,4.73179,6.92745,1.00825,1925.88,1910.13,0.0,0.0,0.619,0.613938,0.0,1,0.0227164775,1.4441058224,1.4557591480848595
8.86609,7.97255,8.86609,0.87729,1618.53,1844.92,0.0,0.0,0.6006,0.684609,0.0,1,0.0107692715,0.9303150485,0.8622949033943346
10.15584,5.70866,7.95557,0.889254,1486.62,1671.76,593.787,667.736,0.6774,0.761762,0.0,1,0.0063450606,0.6292232454,0.5960652342233859
6.06928,5.16457,6.05534,0.997154,1436.69,1440.79,3.8223,3.83321,0.5782,0.57985,0.0,1,0.0066878413,0.5886571359,0.5850342089736743
4.88487,4.27765,4.88487,1.14926,1012.18,880.723,0.0,0.0,0.4974,0.4328,0.0,1,0.0064403514,0.5822482536,0.6016956432752798
6.89787,6.74832,6.89787,1.06186,1595.8,1502.83,0.0,0.0,0.5884,0.55412,0.0,0,0.0191311039,1.7462495361,1.6713687314512957
6.95996,6.82273,6.95996,1.06718,1555.99,1458.03,0.0,0.0,0.5754,0.539176,0.0,0,0.0184204952,1.6876437468,1.6129038398181914
13.77283,9.32974,13.77283,0.843356,2144.73,2543.09,0.0,0.0,0.7158,0.848752,0.0,1,0.0029452328,0.2669174846,0.2931258472810641
4.71595,3.81365,4.64425,1.35498,1755.8,1295.81,0.0,0.0,0.6366,0.469823,0.0,1,0.0023136596,0.2230062829,0.28142782175280934
5.6085,3.84866,5.6085,1.73795,888.172,511.045,0.0,0.0,0.4598,0.264564,0.0,1,0.0067772282,0.5400527914,0.5049803523364818
4.85188,4.35004,4.85188,1.22218,733.491,600.149,0.0,0.0,0.4892,0.400268,0.0,1,0.0028096573,0.2592201869,0.28378208974085123
5.27232,3.84215,5.27232,1.23985,960.484,774.675,0.0,0.0,0.4788,0.386175,0.0,0,0.0063986612,0.5703436714,0.5898822364045383
5.76369,4.27387,5.76369,1.22067,1421.06,1164.17,0.0,0.0,0.5556,0.455161,0.0,1,0.0079415943,0.6658490003,0.6828106006173487
4.7672,3.81876,4.49087,1.57647,290.479,184.259,229.56,145.616,0.4148,0.263119,0.0,0,0.0083079761,0.5717151383,0.6217760994436475
4.77865,3.86046,4.77243,1.14723,1098.41,957.446,0.0,0.0,0.5416,0.472093,0.0,1,0.0122563098,1.0335033955,0.9795947846993751
5.65806,4.28444,5.64037,1.20241,974.646,810.578,0.0,0.0,0.5012,0.41683,0.0,1,0.0063432407,0.5411024757999999,0.5219318416202124
5.03348,3.75359,4.98119,1.1597,1353.77,1167.35,0.0,0.0,0.5642,0.486504,0.0,1,0.0095096665,0.7977568054,0.8436846163476622
4.50033,3.69451,4.50033,1.24564,1071.02,859.815,0.0,0.0,0.5156,0.413924,0.0,0,0.0171809944,1.2986462553,1.2499865229982885
4.78803,3.71858,4.78803,1.19719,1092.19,912.297,0.0,0.0,0.5342,0.446213,0.0,1,0.0115935293,0.9601261544,0.9337307811837585
4.83008,3.62775,4.83008,1.3408,1128.82,841.902,0.0,0.0,0.5312,0.396182,0.0,1,0.0116469922,0.9138640962,0.9543954603348408
4.44242,3.69598,4.44242,1.23691,1067.61,863.126,0.0,0.0,0.5056,0.40876,0.0,0,0.0145830907,1.163098689,1.1695515516986936
4.88368,4.4419,4.87874,1.30126,809.227,621.881,0.0,0.0,0.487,0.374254,0.0,1,0.015563225,1.0850147463,1.0849226435476826
4.86654,3.68424,4.60956,0.816785,1409.59,1725.78,0.0,0.0,0.5472,0.669943,0.0,1,0.0026841993,0.2764232153,0.36638903624558605
6.92653,4.99633,6.92653,1.00914,1370.8,1358.39,0.0,0.0,0.5476,0.542641,0.0,0,0.0073515735,0.6748975743000001,0.6597128131439853
6.98892,4.35902,6.87374,1.03033,1344.35,1304.78,0.0,0.0,0.5432,0.52721,0.0,0,0.0073210982,0.6602983558,0.6543323749551938
6.62446,4.36886,6.61015,1.02982,1359.58,1320.21,0.0,0.0,0.5506,0.534658,0.0,0,0.0072144347,0.6591766314,0.6248408218759914
6.01435,4.39558,5.97493,1.05478,1276.17,1209.89,0.0,0.0,0.5208,0.493754,0.0,0,0.0077454078,0.6747522306999999,0.7013448398370691
6.77386,4.80527,6.75967,1.02251,1388.25,1357.69,0.0,0.0,0.5348,0.523025,0.0,0,0.0079126311,0.6920309289,0.689891062790338
7.74765,6.0396,7.74488,1.02371,1471.87,1437.78,0.0,0.0,0.5658,0.552697,0.0,1,0.008160242,0.7745722890000001,0.7025468528333696
7.58539,5.94334,7.58539,1.03555,1488.56,1437.45,0.0,0.0,0.5586,0.539422,0.0,1,0.0088583749,0.8103768642,0.722717574446908
6.55313,5.09154,6.45158,1.05742,1473.03,1393.05,0.0,0.0,0.5626,0.532052,0.0,1,0.009505019,0.8529621857999999,0.8080551229624524
5.84321,4.88702,5.4789,3.20354,994.943,310.576,0.0,0.0,0.468,0.146088,0.0,1,0.0006456837,0.0634430746,0.05117275976760738
9.01467,4.33972,9.01467,1.00323,2258.33,2251.06,0.0,0.0,0.7092,0.706918,0.0,1,0.0021001824,0.2220754134,0.21868192481683701
9.06373,3.5335,9.05923,1.06444,1888.19,1773.89,0.0,0.0,0.6828,0.641464,0.0,1,0.0019529792,0.2053345362,0.30614694867865805
8.921,4.25748,8.91848,1.03154,2274.68,2205.14,0.0,0.0,0.7106,0.688873,0.0,1,0.0021441859,0.2204053929,0.2094822000539439
4.51754,3.71437,4.51754,1.86429,822.472,441.171,0.0,0.0,0.4454,0.238911,0.0,0,0.1586259656,3.3032939422000003,2.807049541557679
4.98882,3.8643,4.98882,1.23289,1157.26,938.66,0.0,0.0,0.5728,0.4646,0.0,1,0.0089791614,0.7466481743000001,0.7841288416503862
8.88409,8.01315,8.88409,1.36955,1074.66,784.684,0.0,0.0,0.5192,0.379103,0.0,1,0.001805998,0.1783946544,0.15833044209889302
4.8768,4.71272,4.8768,2.40571,1479.77,615.106,0.0,0.0,0.5964,0.24791,0.0,1,0.002530082,0.2294747601,0.20571843647166987
11.65323,7.63405,11.12586,0.757644,2339.26,3087.55,0.0,0.0,0.745,0.983311,0.0,1,0.004998099,0.5059333276,0.48173643932996074
4.38835,3.9606,4.38835,1.21218,1031.09,850.605,0.0,0.0,0.4942,0.407694,0.0,1,0.0076223485,0.6654027345,0.686535068115012
24.23226,22.89921,24.21499,0.438068,1818.16,4150.4,0.0,0.0,0.8258,1.8851,0.0,1,0.004056353,0.403108686,0.37825661145022804
8.25861,7.55924,8.25861,1.22262,2063.77,1688.0,0.0,0.0,0.67,0.548005,0.0,1,0.0038478804,0.3613821299,0.36959347396897074
7.09336,6.41082,6.96082,0.845931,2610.44,3085.88,0.0,0.0,0.7132,0.843094,0.0,1,0.0049555169,0.4848513253,0.4747877046159879
5.42772,4.56824,5.1729,1.09568,662.018,604.208,511.165,466.528,0.544,0.496495,0.0,0,0.0111742825,0.8960752248999999,0.7838750514634139
4.65972,3.79898,4.65972,1.24715,773.765,620.428,0.335064,0.268664,0.4924,0.394821,0.0,1,0.0072301057,0.593614977,0.5747094158428858
4.6913,3.56585,4.6913,1.64579,1244.17,755.971,0.0,0.0,0.5386,0.32726,0.0,1,0.0007440344,0.0750147684,0.08274869786175654
4.6624,3.53865,4.56509,1.68077,1210.21,720.033,0.0,0.0,0.5348,0.318188,0.0,1,0.0007269394,0.0759526381,0.06738335262773676
6.31608,4.83612,6.30774,1.45624,1389.21,953.967,0.0,0.0,0.5674,0.389633,0.0,1,0.005526024,0.4967122987,0.4698507224691208
6.33067,4.85437,6.2578,1.46159,1391.18,951.831,0.0,0.0,0.5718,0.391219,0.0,1,0.0054449242,0.4898461058,0.48028884674051137
6.32321,4.82644,6.31444,1.48289,1385.85,934.555,0.0,0.0,0.5694,0.383979,0.0,1,0.0055967825,0.4986993028,0.46266759984875805
13.17014,6.56871,13.16847,0.882705,2115.68,2396.81,0.0,0.0,0.7142,0.809104,0.0,1,0.0073362645,0.6180725318,0.6600775306716438
8.1734,7.22847,8.12249,1.21949,2095.07,1717.98,0.0,0.0,0.6692,0.548752,0.0,0,0.0039953441,0.378673563,0.3766420698257032
8.09472,7.35206,8.09472,1.24694,2013.79,1614.99,0.0,0.0,0.6576,0.527372,0.0,1,0.0036747422,0.3517087759,0.3540653423309025
7.99802,7.49345,7.99418,1.22768,2022.24,1647.21,0.0,0.0,0.665,0.541674,0.0,0,0.0039242455,0.3577877028,0.3609308400846542
8.11816,7.11073,8.05724,1.22088,2052.56,1681.21,0.0,0.0,0.6616,0.541903,0.0,0,0.0036707923,0.3610253204999999,0.34910913527780263
6.74707,6.10487,6.74209,1.02439,1598.25,1560.2,14.8613,14.5075,0.5836,0.569706,0.0,1,0.0050676774,0.4837453125,0.47542935446444196
7.86092,6.25774,7.86092,1.30122,2380.04,1829.08,0.0681927,0.0524066,0.6862,0.52735,0.0,1,0.0021538374,0.2112095507999999,0.21320444698283236
6.35635,5.83008,6.34586,1.00359,1563.59,1558.0,0.0,0.0,0.6334,0.631134,0.0,1,0.0049087273,0.4786148824,0.46616072427007776
13.79937,11.17997,13.79937,0.783809,1782.29,2273.88,0.0,0.0,0.7968,1.01657,0.0,1,0.0066711035,0.5953723852,0.5720438239692252
28.23748,11.69499,28.22828,0.681201,1337.39,1963.29,46.9906,68.9819,0.7606,1.11656,0.0,1,0.0132227495,0.6764096854,0.7961515577736512
4.58421,3.93064,4.58097,3.59569,711.428,197.856,0.0,0.0,0.4032,0.112134,0.0,1,0.011080995,0.6168758239,0.6176982240004314
11.10402,3.55246,11.07204,1.28591,1551.09,1206.21,48.2971,37.5586,0.5878,0.457107,0.0,1,0.0251738593,1.3861701681,1.4895509341658453
6.85464,6.24008,6.85464,1.16526,1955.54,1678.2,13.2531,11.3735,0.6044,0.518681,0.0,0,0.0126030411,0.9954443098,0.9904555377270752
7.11427,6.32764,7.10696,1.42622,1719.35,1205.53,0.0,0.0,0.5884,0.412559,0.0,1,0.0024424157,0.2327232542,0.23821076286519688
7.09807,6.30763,7.09096,1.42891,1721.24,1204.58,0.0,0.0,0.5872,0.410943,0.0,1,0.002458255,0.233771814,0.23891274571400495
7.19202,6.41478,7.18204,1.40092,1718.44,1226.65,0.0,0.0,0.5958,0.425293,0.0,1,0.0021361898,0.2212999712999999,0.21666730487951447
3.8787,3.48972,3.87221,1.84634,417.315,226.022,88.8958,48.1469,0.4466,0.241883,0.0,1,0.0061438233,0.4673059459,0.49551324125369456
5.26486,4.19267,5.24985,1.20943,1737.26,1436.43,0.0,0.0,0.6508,0.538107,0.0,0,0.0013636546,0.1414182403,0.21139383971478942
7.28617,5.35852,7.10503,0.754992,3088.35,4090.58,0.0,0.0,0.7422,0.983057,0.0,1,0.0045425314,0.4509732774,0.4619288602237141
6.75773,4.04783,6.73846,1.05377,1465.81,1391.02,0.0,0.0,0.5784,0.548886,0.0,1,0.0045588297,0.4458722403,0.4319171551099286
5.30731,5.14101,5.30608,2.3365,1189.34,509.026,0.0,0.0,0.4796,0.205264,0.0,1,0.003662686,0.3296914365,0.32396950556343684
5.2808,5.11213,5.27438,2.36936,1181.21,498.534,0.0,0.0,0.4788,0.20208,0.0,1,0.0036039982,0.3290338077,0.32189400811928875
4.79304,3.6453,4.79304,1.31843,760.934,577.154,0.0,0.0,0.5036,0.381971,0.0,1,0.0018393206,0.1813459832999999,0.21807227276596608
4.49854,3.78199,4.40172,1.42532,684.322,480.117,0.0,0.0,0.4402,0.308843,0.0,1,0.0228608607,1.4431722173,1.3842632905572243
7.38156,5.81733,6.18024,0.675677,2389.77,3536.85,0.0,0.0,0.7014,1.03807,0.0,1,0.0063096109,0.6184603293,0.5971911985007592
4.89575,4.03861,4.89307,1.29414,1150.64,889.116,1.22671,0.947894,0.5042,0.389602,0.0,1,0.0054511983,0.4940174565,0.527907905086888
9.36087,9.10832,9.36087,1.90193,1244.67,654.425,0.0,0.0,0.572,0.300747,0.0,0,0.0219127237,1.6940363039,1.4671243112718595
5.38504,4.20309,4.96349,1.22232,1169.34,956.656,0.0,0.0,0.5274,0.431476,0.0,1,0.0146804524,1.0617211001,1.1344311117703636
6.30273,4.8353,6.29385,0.968672,1382.14,1426.84,1.61985,1.67224,0.6198,0.639845,0.0,1,0.0045351057,0.442801451,0.4316668194732043
4.77323,4.07807,4.77323,1.79667,684.632,381.056,127.779,71.1197,0.5662,0.315138,0.0,1,0.0018417875,0.1802039119,0.25950911713016794
4.84717,4.36591,4.84717,1.73201,1080.53,623.859,0.0,0.0,0.576,0.332562,0.0,1,0.0018148594,0.1824674049,0.17189115294380586
4.77594,4.10655,4.77594,1.75746,691.545,393.492,145.139,82.5845,0.5694,0.323991,0.0,1,0.0012270637,0.1222576416,0.22876451703994727
5.44159,3.98171,5.43587,1.19373,1327.79,1112.3,0.0,0.0,0.547,0.458227,0.0,0,0.007216923,0.6327467834,0.6403817559168756
4.93212,3.89765,4.93212,1.32119,1664.14,1259.57,0.0,0.0,0.5574,0.421891,0.0,0,0.0114457446,1.0037806353,0.960835159825109
5.09262,3.57011,5.0696,1.51761,748.067,492.925,0.0,0.0,0.446,0.293883,0.0,0,0.0054948114,0.4395975678,0.46433512819955725
13.55212,8.93511,12.0856,0.540431,2097.88,3881.87,0.0,0.0,0.7682,1.42146,0.0,1,0.0036732015,0.361835874,0.37623650200303277
33.07784,21.40391,33.07784,0.19136,873.381,4564.06,0.0,0.0,0.937,4.89652,0.0,0,0.0050514516,0.4908595252,0.5065992015743208
4.46683,3.5414,4.46683,1.21484,1347.94,1109.56,67.5496,55.6038,0.5582,0.459485,0.0,1,0.0105068777,0.9507928487,0.8655227850457226
7.15939,6.10118,7.07981,0.989707,2008.92,2029.81,0.0,0.0,0.6442,0.6509,0.0,1,0.0062771858,0.5863178925,0.581725764947314
4.86939,3.4331,4.86939,1.44888,987.806,681.772,2.33073,1.60864,0.5456,0.376567,0.0,0,0.0032916885,0.2979860793,0.33305497674125195
19.23413,9.51535,19.23413,0.420332,1982.45,4716.4,0.0,0.0,0.8898,2.1169,0.0,1,0.0015219632,0.1515084574,0.1923433756403925
7.09242,5.53096,7.08797,1.15967,2195.41,1893.13,0.0,0.0,0.6436,0.554986,0.0,1,0.0030163355,0.2885861498,0.3064668756156788
5.75366,4.18708,5.75366,1.11983,1989.69,1776.77,0.0,0.0,0.6036,0.539008,0.0,1,0.0026606662,0.2581519472,0.2565906873662147
7.01875,6.807,7.01875,2.47032,548.528,222.047,0.0,0.0,0.3284,0.132938,0.0,1,0.0050665299,0.3931213595,0.3501155071094354
6.77742,5.67068,6.76869,0.861722,2505.7,2907.78,0.0,0.0,0.7082,0.821843,0.0,1,0.0033511457,0.3305432601,0.35408200976552995
10.2017,5.3119,10.02065,0.774012,2238.72,2892.35,0.0,0.0,0.6914,0.893268,0.0,0,0.005846133,0.5750567252000001,0.555848598030213
5.01926,3.81172,4.98641,1.35653,485.975,358.247,0.0,0.0,0.4304,0.317279,0.0,1,0.0139987399,0.7837202406,0.9591277033437289
6.98994,4.84446,6.98994,1.13705,1711.16,1504.91,0.0,0.0,0.5842,0.513788,0.0,0,0.0069604799,0.624957412,0.6094659445501351
7.03658,4.81444,7.03658,1.1542,1709.08,1480.75,0.0,0.0,0.5836,0.505632,0.0,0,0.0070599656,0.6160799625,0.6096675414314385
6.96134,4.79708,6.96134,1.16653,1696.68,1454.47,0.0,0.0,0.581,0.49806,0.0,0,0.0073477419,0.6331508463000001,0.6725554567730206
7.0082,4.78738,7.0082,1.16844,1713.29,1466.3,0.0,0.0,0.5844,0.500152,0.000171168,0,0.0068557649,0.620418838,0.5797345046587513
10.77132,8.65206,10.76899,0.789293,2030.11,2572.07,0.0,0.0,0.7756,0.982652,0.0,1,0.0015391588,0.1552311984,0.16686296960946767
4.56996,3.476,4.56996,1.58485,612.499,386.472,21.3828,13.492,0.4954,0.312585,0.0,1,0.0038401661,0.3414995962,0.32269363061639
10.57455,7.52574,10.57455,0.823179,2075.57,2521.41,0.0,0.0,0.6786,0.824365,0.0,1,0.0040883736,0.3975494646,0.3932551950341359
13.66711,9.63813,13.66009,0.628902,2104.6,3346.47,0.0,0.0,0.7776,1.23644,0.0,1,0.0053408766,0.5022749769,0.5166950791457247
5.16699,3.99697,5.16538,2.08607,1456.61,698.257,0.0,0.0,0.5214,0.249944,0.0,1,0.004813004,0.4148102901,0.3917490803876323
7.20509,4.51731,7.20509,1.01682,1332.64,1310.6,0.0,0.0,0.5496,0.540507,0.0,0,0.0169286877,1.240821112,1.3244452747742677
7.24877,4.48545,6.9378,1.0306,1336.85,1297.17,0.0,0.0,0.5312,0.51543,0.0,0,0.0206185296,1.4162878863,1.5192676571429997
7.2141,4.4286,6.87747,1.05667,1313.72,1243.26,0.0,0.0,0.5246,0.496466,0.0,0,0.020792047,1.4288585382,1.5053602100586287
7.9794,5.83185,7.9636,0.893496,2137.53,2392.33,0.0,0.0,0.6356,0.711363,0.0,1,0.0038690471,0.3905947522999999,0.3843959241502741
6.90717,5.2805,6.90717,1.43379,1465.65,1022.22,1.90531,1.32886,0.5222,0.364209,0.0138095,1,0.0125116324,0.6037729793,0.8230279181417005
5.27643,3.51743,4.89733,1.04387,1032.19,988.815,0.0,0.0,0.5466,0.523628,0.0,0,0.0098747334,0.8074486834000001,0.9137564253603673
5.27064,3.49026,5.03731,1.02909,1016.13,987.412,0.0,0.0,0.5346,0.51949,0.0,0,0.0080811217,0.6679032422,0.7566039970867172
8.38485,6.51445,8.17533,0.647842,2428.58,3748.72,0.0,0.0,0.7298,1.12651,0.0,1,0.0021230457,0.2197567257999999,0.22473819270726053
6.13177,4.39371,6.11357,1.30509,966.034,740.207,0.0,0.0,0.4766,0.365187,0.0,1,0.0075977959,0.5440005031,0.5788199199867526
5.00183,3.7748,4.85322,1.2693,515.601,406.208,162.351,127.906,0.476,0.375009,0.0,0,0.0155701838,1.0109368341,0.9553245670630346
6.57121,5.40028,5.95167,1.35328,2211.75,1634.36,0.0,0.0,0.6272,0.463465,0.0,1,0.005023498,0.4724791115,0.47108303506852783
8.29808,5.90829,8.29808,1.34322,1731.11,1288.78,0.0,0.0,0.6394,0.47602,0.0,0,0.0023600772,0.2354586806,0.22996539135111632
8.54677,6.10924,8.54677,1.32937,1733.05,1303.66,0.0,0.0,0.6388,0.480529,0.0,0,0.0023304528,0.2301875124,0.23837565887149276
8.86217,6.43433,8.86217,1.31015,1733.6,1323.21,0.0,0.0,0.6522,0.497807,0.0,0,0.0021171571,0.2240651364,0.2135299318925976
5.14269,4.75945,5.14269,1.14921,1898.67,1652.16,0.0,0.0,0.6398,0.556733,0.0,0,0.0068112527,0.6337052136,0.6712244835944445
5.68466,5.22417,5.68466,1.23934,1941.33,1566.43,0.0,0.0,0.6118,0.493651,0.0,1,0.007015329,0.6258452255,0.6184433440737158
5.41853,4.65091,5.41146,1.04463,1738.12,1663.87,0.0,0.0,0.574,0.549478,0.0,1,0.0074480331,0.6837854752,0.7089511228970352
8.90326,5.05379,8.67673,1.06985,1916.16,1791.07,0.0,0.0,0.5972,0.558212,0.0,1,0.0035758845,0.3421458708,0.36722049512319593
7.63967,4.04996,7.61915,1.1879,1840.97,1549.77,0.0,0.0,0.6226,0.524119,0.0,1,0.0022295514,0.2179446624,0.23341021789346905
8.20629,5.26943,8.19367,1.3504,1744.84,1292.1,0.0,0.0,0.632,0.46801,0.0,0,0.0023640271,0.2350913381,0.22377615239285592
8.3593,5.89473,8.3593,1.33036,1732.85,1302.55,0.0,0.0,0.6328,0.475662,0.0,0,0.0025365669,0.2411572968,0.23641662133859892
7.1388,4.96773,6.18362,1.60251,1384.6,864.024,0.0,0.0,0.5636,0.351699,0.0,1,0.0070709845,0.6038952425,0.5530979196011245
8.30632,6.09762,8.27233,0.751545,2616.23,3481.13,0.0,0.0,0.734,0.976654,0.0,0,0.00502019,0.5070775665,0.4811713886663981
6.2978,4.37155,6.14715,1.16372,1476.0,1268.34,0.0,0.0,0.5854,0.50304,0.0,0,0.0115447437,0.9099253716,0.9555632583379015
6.29398,5.39006,6.2901,1.61584,1305.01,807.638,0.0,0.0,0.54,0.334192,0.0,1,0.0071342442,0.5874274637,0.5837663378131404
6.19405,5.34016,6.17707,1.64272,1285.83,782.746,0.0,0.0,0.5076,0.309,0.0,1,0.0069895675,0.596128535,0.5800779410789618
6.2957,5.33563,6.29133,1.57681,1311.07,831.473,0.0,0.0,0.541,0.343098,0.0,1,0.0068650229,0.5975460146,0.5484416530909948
7.17863,4.94429,6.16873,1.58166,1384.15,875.123,0.0,0.0,0.5566,0.351908,0.0,1,0.0068779679,0.6089309303,0.5502582158855758
7.11235,5.04643,6.16421,1.65932,1412.73,851.388,0.0,0.0,0.558,0.336282,0.0,1,0.0090994958,0.7648611453,0.6773708302410958
7.17498,4.93769,6.17391,1.56952,1391.65,886.672,0.0,0.0,0.5498,0.350298,0.0,1,0.0070435068,0.6007146583,0.5493211142240004
5.93545,4.3172,5.83035,1.61863,1574.22,972.568,0.0,0.0,0.547,0.337941,0.0,1,0.0093772282,0.7797158902,0.7381318990237509
5.96732,4.46538,5.94889,1.62337,1487.02,916.008,0.0,0.0,0.5378,0.331286,0.0,1,0.0092302838,0.7695640293000001,0.7156181245083203
8.23557,7.15317,8.23557,1.10058,2014.92,1830.78,0.0,0.0,0.622,0.565157,0.0,1,0.0059502562,0.5462151237,0.5429414222280146
6.27903,5.11829,6.27347,1.43647,1654.12,1151.52,0.0,0.0,0.554,0.385668,0.0,1,0.0054260347,0.4914371822999999,0.47514339461772087
11.72616,5.98085,11.72563,0.505624,2624.2,5190.03,0.0,0.0,0.792,1.56638,0.0,1,0.0047862061,0.4970622774,0.47993560082495285
11.74556,6.09657,11.74553,0.512375,2648.86,5169.77,0.0,0.0,0.7876,1.53716,0.0,1,0.0050443691,0.5095288325999999,0.5041702524164754
11.19548,6.07261,11.19529,0.54262,2779.47,5122.32,0.0,0.0,0.775,1.42826,0.0,1,0.0056592046,0.5511406313,0.5610399406521386
9.82687,5.92931,9.82687,0.641251,2696.95,4205.76,1.10178,1.71818,0.73,1.1384,0.0,1,0.0076158084,0.7133994714,0.6854509642918798
9.81532,6.14212,9.81476,0.699468,2487.48,3556.24,0.0,0.0,0.705,1.00791,0.0,1,0.0079554965,0.7705961626000001,0.7354803165392763
9.73892,6.12776,9.73892,0.704912,2451.84,3478.22,0.0,0.0,0.7064,1.00211,0.0,1,0.0079894654,0.7698556423999999,0.7312158121793925
9.64899,6.11183,9.64836,0.717947,2412.56,3360.35,0.0,0.0,0.7028,0.978902,0.0,1,0.0084820132,0.7809600481,0.7591042031427503
9.5277,6.07844,9.52714,0.722374,2381.06,3296.16,0.0,0.0,0.701,0.970411,0.0,1,0.0085193789,0.7886879536,0.7590713331088665
9.30813,6.0393,8.12664,0.731985,2350.62,3211.3,0.0,0.0,0.696,0.95084,0.0,1,0.0082102627,0.7912016459000001,0.7548856995763109
12.498,6.04018,12.42609,0.48038,2503.44,5211.38,0.0,0.0,0.7972,1.65952,0.0,1,0.0043921678,0.456931519,0.44173874092240745
11.30468,5.41503,11.30468,0.512269,2642.07,5157.57,0.0,0.0,0.7812,1.52498,0.0,1,0.0049723006,0.4942644101,0.4822856472584729
11.61852,5.42066,11.35102,0.51003,2634.97,5166.3,0.0,0.0,0.785,1.53913,0.0,1,0.0048901952,0.4926255871,0.4800022391724488
11.36787,5.34922,11.36787,0.533932,2752.39,5154.94,0.0,0.0,0.771,1.444,0.0,1,0.0053992484,0.5312676534,0.5387927177652931
11.16649,5.2519,11.16649,0.555198,2855.76,5143.68,0.0,0.0,0.7652,1.37825,0.0,1,0.0059969754,0.5616466363,0.596073257543238
11.33302,5.24933,11.33302,0.558087,2863.98,5131.77,0.0,0.0,0.7612,1.36394,0.0,1,0.0056652698,0.5756341053,0.5663238804604398
7.50813,5.20054,6.29758,0.647965,2827.66,4363.91,0.0,0.0,0.7222,1.11457,0.0,1,0.0077244722,0.7486169604999999,0.7290915146233838
7.58377,5.1021,6.14779,0.720299,2563.17,3558.48,0.0,0.0,0.6962,0.966543,0.0,1,0.0085915048,0.8245644178,0.7755704296723429
8.26869,5.10695,6.12476,0.739009,2428.99,3286.83,0.0,0.0,0.6872,0.929894,0.0,1,0.0086177785,0.8219764568000001,0.7659696322398855
7.88398,5.10678,6.00855,0.750929,2393.61,3187.54,0.0,0.0,0.6846,0.911671,0.0,1,0.0087425787,0.8365386634,0.7828819463301897
7.73054,5.09547,6.08288,0.751192,2382.98,3172.27,0.0,0.0,0.6794,0.90443,0.0,1,0.0088772314,0.8352249776,0.7840119249974451
8.08,5.10727,6.08981,0.75692,2343.08,3095.55,0.0,0.0,0.6792,0.89732,0.0,1,0.008824684,0.8290440862,0.7851837973642775
11.13019,5.34376,11.13003,0.540267,2804.02,5190.06,0.0,0.0,0.7704,1.42596,0.0,1,0.0053237115,0.539350105,0.5355529634820176
11.39121,5.37416,11.39121,0.528259,2720.83,5150.56,0.0,0.0,0.7764,1.46973,0.0,1,0.0050215638,0.5215989263,0.4992662066121196
13.02556,5.98917,13.02556,0.473838,2451.04,5172.75,0.0,0.0,0.8008,1.69003,0.0,1,0.0043647209,0.448071935,0.44213074060537394
11.09362,5.25928,11.09362,0.56801,2915.72,5133.22,0.0,0.0,0.7592,1.3366,0.0,1,0.0060856492,0.6026336317000001,0.6044896478507791
12.07339,5.35338,12.07339,0.527677,2756.54,5223.93,0.0,0.0,0.7746,1.46794,0.0,1,0.0052251851,0.5279571653,0.5305661165863789
9.53314,6.14559,9.53308,0.644874,2729.74,4232.98,0.0,0.0,0.7296,1.13138,0.0,1,0.0071408641,0.7217312503,0.6709309315476135
9.81757,5.20485,6.37863,0.582326,2920.59,5015.39,0.0,0.0,0.7482,1.28485,0.0,1,0.0063352495,0.6123614747,0.6236200235803748
9.91334,5.23079,9.91334,0.575954,2919.56,5069.08,0.0,0.0,0.75,1.30219,0.0,1,0.0058885964,0.5931225469,0.5931319874394938
10.42971,5.27481,10.42971,0.557764,2866.15,5138.64,0.0,0.0,0.7608,1.36402,0.0,1,0.0058754595,0.5747178095000001,0.5915651533442641
11.15907,5.34276,11.15907,0.535598,2770.05,5171.89,0.0,0.0,0.7696,1.4369,0.0,1,0.0052219008,0.5332907295,0.5269783347224519
11.42851,5.36939,11.42851,0.532371,2746.88,5159.71,0.0,0.0,0.7732,1.45237,0.0,1,0.0052711641,0.5289227244,0.534647689950695
9.75422,5.20239,6.39739,0.581306,2933.81,5046.92,0.0,0.0,0.7442,1.28022,0.0,1,0.0060987861,0.6063349413,0.6104787684713741
10.95537,5.36113,10.95537,0.533113,2747.45,5153.6,0.0,0.0,0.7742,1.45222,0.0,1,0.0053565536,0.525057204,0.5359956602511531
10.47066,8.24292,10.42077,0.843112,1761.07,2088.78,0.0,0.0,0.6618,0.784949,0.0,1,0.0042295482,0.4061194171,0.39164314860468763
10.40783,5.7016,10.40783,0.554264,2884.62,5204.42,0.0,0.0,0.768,1.38562,0.0,1,0.0056863797,0.5639502716,0.5632947173314853
10.92239,5.82104,10.1736,0.537309,2802.84,5216.45,0.0,0.0,0.7724,1.43754,0.0,1,0.0052787539,0.5362249246,0.5353953847795307
11.43321,6.00494,11.43286,0.521066,2715.35,5211.14,0.0,0.0,0.7844,1.50538,0.0,1,0.0052991352,0.5178953518,0.53465498806132
10.32083,5.66439,10.32083,0.556946,2888.61,5186.51,0.0,0.0,0.7674,1.37787,0.0,1,0.0059275583,0.5791275383,0.5909496619570278
11.7936,5.96806,11.76218,0.502437,2621.26,5217.08,0.0,0.0,0.7922,1.57671,0.0,1,0.0047692217,0.4861514939,0.47993560082495285
12.08323,6.02223,11.77524,0.495095,2551.4,5153.36,0.0,0.0,0.7958,1.60737,0.0,1,0.0049118907,0.4842933997,0.476093984874403
12.44931,6.04966,11.64464,0.481059,2488.51,5172.97,0.0,0.0,0.8008,1.66466,0.0,1,0.0046265526,0.4602502723,0.4657624975752921
9.53653,5.34452,9.53653,0.572297,2816.69,4921.73,0.0,0.0,0.7558,1.32064,0.0,1,0.0050336378,0.5218704279999999,0.5150277264780099
9.27242,5.3599,9.27242,0.544667,2828.76,5193.56,0.0,0.0,0.7628,1.40049,0.0,1,0.0051870216,0.5180904224,0.5322591915962123
9.75529,5.37054,9.54348,0.541661,2791.87,5154.28,0.0,0.0,0.7712,1.42377,0.0,1,0.0052794194,0.5226593345,0.5345299685462098
9.66223,5.42293,9.66221,0.547658,2688.94,4909.89,0.0,0.0,0.7644,1.39576,0.0,1,0.0046817421,0.4780823693,0.4756971096210242
9.29709,5.30741,9.29709,0.582563,2853.3,4897.84,0.0,0.0,0.748,1.28398,0.0,1,0.0054344928,0.5293826350999999,0.547751693312329
8.68074,5.21106,8.68074,0.619321,2929.2,4729.69,0.0,0.0,0.724,1.16902,0.0,1,0.0059730462,0.5946761078,0.5952999942443311
8.08915,5.1527,6.21939,0.677127,2892.06,4271.07,0.0,0.0,0.7078,1.0453,0.0,1,0.0073500291,0.7410861177,0.7073925972059261
7.63035,5.01799,6.05656,0.779987,2424.82,3108.79,0.0,0.0,0.664,0.851297,0.0,1,0.0085158747,0.8060429946,0.7669972461866397
10.2026,5.23269,10.2026,0.576016,2921.2,5071.38,0.0,0.0,0.7524,1.30621,0.0,1,0.0060757966,0.5971128673,0.6054669698004931
10.24236,5.23581,10.24236,0.576725,2914.77,5054.0,0.0,0.0,0.7536,1.30669,0.0,1,0.0062859863,0.5965217087,0.6101098957509413
10.43104,5.29557,10.43104,0.565681,2914.18,5151.62,0.0,0.0,0.7596,1.34281,0.0,1,0.0059805544,0.5806326796,0.5993030436913678
11.2434,5.32116,11.2434,0.544527,2831.33,5199.61,0.0,0.0,0.7672,1.40893,0.0,1,0.0055733118,0.5447099428,0.5568849357781415
10.36323,5.21129,10.36305,0.581505,2938.31,5052.94,0.0,0.0,0.7516,1.29251,0.0,1,0.0059083017,0.6059605408,0.5933273557858252
9.49806,8.4757,9.49806,2.20878,1092.16,494.464,0.0,0.0,0.5272,0.238684,0.0,1,0.001028148,0.1012181788,0.06844727336019851
5.08458,3.8192,4.86043,1.53367,1129.32,736.354,0.0,0.0,0.481,0.313628,0.0,1,0.0032721561,0.3017261653999999,0.2989200767102369
6.75931,3.87519,6.75562,1.24165,1862.26,1499.83,0.0,0.0,0.6188,0.498371,0.0,0,0.0112095397,0.9919371357,0.9440168034425143
6.96079,6.02919,6.95596,0.981792,1984.33,2021.13,0.0,0.0,0.6686,0.681,0.0,1,0.0064003925,0.6234085525,0.6214319450901273
6.99295,6.04603,6.99295,0.980411,1997.43,2037.34,0.0,0.0,0.6572,0.670331,0.0,1,0.0063851034,0.6378892256,0.6212503038837698
8.18788,6.9765,8.18788,1.09192,2032.27,1861.19,0.0,0.0,0.6216,0.569271,0.0,1,0.0051114836,0.4923336728,0.47883639858079025
8.22196,7.00638,8.21981,1.18297,2033.93,1719.35,0.0,0.0,0.6502,0.549636,0.0,1,0.0055253197,0.5292857205,0.5035770600485449
7.62122,4.89032,7.61772,1.27361,1516.85,1190.98,7.98461,6.26926,0.5702,0.447703,0.0,1,0.0019227842,0.1867868321,0.2119168834471712
34.00674,17.63763,34.00674,0.237838,1109.56,4665.2,0.0,0.0,0.9182,3.86062,0.0,1,0.0037336315,0.3770507671999999,0.37746413227948533
6.9638,6.58355,6.9638,1.56774,1538.59,981.409,0.0,0.0,0.5776,0.368429,0.0,0,0.0052210128,0.4979142517,0.45786715219483953
4.88677,3.80399,4.88677,1.1967,1362.48,1138.53,0.0,0.0,0.5566,0.465112,0.0,0,0.0135282913,1.1267696522,1.1214237645646004
5.90125,3.62484,5.90125,1.49858,1462.39,975.848,0.0,0.0,0.5542,0.369817,0.0,1,0.0048284643,0.4353002573,0.440670435784247
5.62402,4.63088,5.62402,1.0296,1173.78,1140.03,0.0,0.0,0.5218,0.506796,0.0,0,0.011776758,0.9683257978,0.9417802635678352
7.2826,3.59407,7.2826,0.863333,1569.2,1817.6,0.0,0.0,0.6162,0.713745,0.0,1,0.005722999,0.5163648685,0.5664721633049068
8.53899,7.85329,8.41522,0.74811,2058.38,2751.44,0.0,0.0,0.7178,0.959485,0.0,1,0.0058328709,0.565790704,0.5314910351496693
4.97933,3.80174,4.64142,1.58439,1154.53,728.69,0.0,0.0,0.5098,0.321764,0.0,1,0.0060398891,0.5279313457,0.4934988754552664
4.98141,3.80725,4.69195,1.62966,1156.15,709.443,0.0,0.0,0.5054,0.310125,0.0,1,0.005876727,0.5158421153,0.4999700702981899
9.76128,4.51984,9.76128,1.07567,2198.26,2043.62,0.0,0.0,0.6792,0.631422,0.0,1,0.0049612403,0.4506561649,0.46551904152790874
8.03408,7.13721,8.03408,1.22198,1033.12,845.441,0.0,0.0,0.5468,0.447469,0.0,1,0.0021753237,0.1964579457,0.1960313018498525
8.66526,5.94328,8.64173,1.00954,1665.76,1650.02,0.0,0.0,0.6018,0.596112,0.0,0,0.0039839544,0.3814044711,0.3869044042327991
9.78266,6.59544,9.77545,1.19807,1982.01,1654.33,0.0,0.0,0.6746,0.563072,0.0,1,0.0065756547,0.5134269292,0.5924586498271569
4.36706,3.58238,4.17257,1.44082,204.986,142.27,0.0,0.0,0.3816,0.264849,0.0,0,0.0072396742,0.471499615,0.5470205320932148
4.41857,3.83614,4.34351,1.41445,243.314,172.02,0.0,0.0,0.4008,0.28336,0.0,1,0.0086593519,0.5342441076,0.5774669721422006
6.75938,5.44409,6.68952,0.77718,2490.53,3204.57,0.0,0.0,0.705,0.907126,0.0,1,0.0070874666,0.672054809,0.6622962926905397
5.26933,4.60511,5.26933,1.1789,1588.69,1347.6,0.0,0.0,0.5772,0.489609,0.0,1,0.0049751665,0.4754573693,0.4606107543670328
5.38089,5.04943,5.38089,1.1373,1931.44,1698.26,0.0,0.0,0.635,0.558338,0.0,0,0.0068848517,0.6426084621,0.6534914554209137
5.56088,3.62011,5.55354,1.39664,1062.12,760.484,0.0,0.0,0.503,0.36015,0.0,1,0.0012050393,0.1102817123,0.16547106603008277
7.94489,4.42991,7.94489,1.30315,1252.83,961.391,0.0,0.0,0.5286,0.405634,0.0,1,0.0042813308,0.4133356175,0.38947481633227293
6.42663,5.71174,6.42663,1.58208,1915.35,1210.65,0.0,0.0,0.6074,0.383924,0.0,0,0.0080985593,0.7457582311,0.7170618511607587
10.00482,8.08324,10.00482,1.1027,1897.31,1720.61,0.0,0.0,0.673,0.610321,0.0,1,0.0024585967,0.2322144617,0.24416913552771152
7.57859,3.49654,7.57859,1.1652,1628.8,1397.88,0.0,0.0,0.6024,0.516994,0.0,1,0.0028844251,0.2776045429,0.3368095270809512
5.9737,4.97659,5.79418,1.5664,1976.27,1261.66,0.0,0.0,0.6122,0.390833,0.000127682,1,0.0029423678,0.2796551527,0.24137403697361165
6.45449,5.48487,6.42215,0.86074,1771.9,2058.57,0.0,0.0,0.608,0.706369,0.0,1,0.0126678643,1.0990720996,0.9416183388091547
14.59149,9.55269,14.59149,0.752086,1312.92,1745.71,424.373,564.261,0.7204,0.957869,0.0,1,0.0075700518,0.7132844016,0.6068085918900692
6.29693,3.9636,6.29186,1.00241,1350.02,1346.77,59.1211,58.9791,0.5926,0.591177,0.0,0,0.0076467657,0.6966160356000001,0.6522484055076673
6.32412,4.71832,6.32412,1.02969,1479.29,1436.63,0.0,0.0,0.5216,0.506558,0.0,1,0.0098669031,0.8714609347,0.8685552533613257
6.30527,4.82361,6.30527,1.02298,1494.45,1460.88,0.0,0.0,0.5268,0.514966,0.0,1,0.0098490412,0.8517973853,0.8583185604596584
4.41246,3.54295,4.40979,1.75943,1064.28,604.898,0.0,0.0,0.5628,0.319876,0.0,0,0.0114288593,0.9450070277,0.8433261429017196
7.79568,5.2994,7.79517,0.823227,2568.33,3119.83,0.0,0.0,0.6984,0.848369,0.0,1,0.0059555016,0.5614401234,0.5773403245754787
4.85728,3.61043,4.47871,1.46742,436.6,297.529,393.627,268.244,0.5082,0.346323,0.0,1,0.0089575346,0.7652759981,0.6730503004003086
13.08634,6.53433,13.08634,0.765991,2243.91,2929.42,0.0,0.0,0.7048,0.920115,0.0,1,0.006114751,0.5866172070000001,0.5966495146852058
4.33279,3.86236,4.33279,1.23597,436.504,353.166,0.0,0.0,0.445,0.36004,0.0,0,0.0041431713,0.3570584536,0.38859344050063666
13.16154,6.50431,13.16154,0.868575,2146.52,2471.31,0.0,0.0,0.7192,0.828023,0.0,1,0.0056112564,0.4972315493,0.5221773000386913
13.17946,6.58449,13.17946,0.87003,2145.41,2465.9,0.0,0.0,0.7218,0.829627,0.0,1,0.0056575711,0.5062048628,0.5268403247203585
6.22291,4.39102,6.19993,2.12393,1051.93,495.275,0.0,0.0,0.5032,0.236919,0.0,1,0.0010330388,0.100807095,0.08125783815296894
11.52321,9.17095,11.02494,1.0394,1689.27,1625.24,0.0,0.0,0.6776,0.651916,0.0,1,0.0044018779,0.4513084404999999,0.41555413126881385
7.11279,4.8596,7.11279,1.37449,836.385,608.506,0.0,0.0,0.489,0.355769,0.0,1,0.0015274767,0.1513185576,0.09629790008943562
5.451,3.54467,5.41568,1.01248,1767.35,1745.57,0.0,0.0,0.5884,0.581148,0.0,1,0.0119771377,1.0120023769,0.9988408971995273
5.89761,4.70396,5.31275,1.14377,1514.01,1323.7,0.0,0.0,0.5466,0.477894,0.0,1,0.010911187,0.8882116639000001,0.889122200717835
5.70984,4.07494,5.63813,1.12706,1693.32,1502.42,0.0,0.0,0.5456,0.484089,0.0,0,0.0139717659,1.1692185016,1.1756616454935707
8.57419,8.06777,8.57419,0.978062,1809.81,1850.4,0.0,0.0,0.611,0.624705,0.0,1,0.0072278942,0.636411694,0.6244361503605177
5.99371,4.57547,5.83222,0.952092,2140.18,2247.87,0.0,0.0,0.6406,0.672834,0.0,1,0.0131314946,1.1961087447,1.0661315751240659
6.59983,5.06853,6.59196,1.38828,1109.99,799.546,13.7879,9.93166,0.5174,0.372693,0.0,1,0.004080998,0.3637417349,0.3502524107781266
5.4452,4.14635,5.44512,1.16308,1303.91,1121.08,0.0,0.0,0.5534,0.475804,0.0,1,0.0117743434,0.9332790922,0.9351457654894071
9.32796,8.05126,9.01112,0.931594,1638.77,1759.1,0.0,0.0,0.6392,0.686136,0.0,1,0.0051402559,0.4836515674,0.4852922821364032
6.1259,4.66623,6.123,1.0094,1933.04,1915.04,0.0,0.0,0.5992,0.59362,0.0,0,0.0126839128,1.0759432674,1.046041567675153
5.3893,5.04349,5.3893,1.74291,842.153,483.187,0.0,0.0,0.4972,0.28527,0.0,1,0.0007816645,0.0769210849,0.10141090688490495
5.25063,5.01707,5.2326,1.46007,406.574,278.462,0.0,0.0,0.4604,0.315327,0.0,1,0.0005177749,0.0519496462,0.07777743678386828
6.18002,3.46612,6.18002,1.398,1132.15,809.836,0.0,0.0,0.5144,0.367953,0.0,1,0.0088622222,0.6874182328,0.7778484972998838
5.3735,3.82354,5.35038,1.67875,1280.4,762.706,0.0,0.0,0.585,0.348473,0.0,1,0.0066697777,0.5544626429,0.5313832647202733
7.1779,7.04787,7.1779,1.13503,1629.42,1435.57,0.0,0.0,0.592,0.521571,0.0,0,0.0070415415,0.6679082785,0.6134682421562234
13.20708,6.69761,13.19407,0.878357,2102.35,2393.51,0.0,0.0,0.7182,0.817663,0.0,1,0.0075067551,0.6040464466,0.6577807537372984
7.36512,5.79316,6.13107,0.678518,2356.29,3472.7,0.0,0.0,0.6988,1.02989,0.0,1,0.0064717155,0.6182732854999999,0.6325750206592576
7.33818,5.78241,6.14442,0.675641,2374.29,3514.13,0.0,0.0,0.7026,1.0399,0.0,1,0.0060519061,0.6152140802,0.5956242695210914
7.3374,5.72246,6.07377,0.669934,2447.15,3652.82,0.0,0.0,0.7066,1.05473,0.0,1,0.0062784369,0.6046003836,0.5943478890336317
4.84101,3.60752,4.82729,1.24118,1063.95,857.212,0.0,0.0,0.542,0.436681,0.0,0,0.0160688964,1.1436720856,1.178675465659408
7.19018,5.3716,7.19018,1.13147,742.019,655.8,0.0,0.0,0.4556,0.402661,0.0,0,0.0026073756,0.2460326354,0.21774043421705408
4.54158,3.74063,4.4159,1.84541,1216.19,659.037,0.0,0.0,0.4962,0.268884,0.0,1,0.0090756693,0.7334965686,0.7140703939501489
5.69712,4.77135,5.69535,1.53417,1383.93,902.072,0.0,0.0,0.5298,0.345334,0.0,1,0.0042746964,0.397244082,0.3640668125331692
4.70366,3.77441,4.70214,2.20784,876.761,397.113,0.0,0.0,0.4486,0.203185,0.0,1,0.0031768955,0.2763468548,0.23736191330187728
4.76828,3.67807,4.76182,1.66742,847.636,508.351,0.0,0.0,0.4118,0.246968,0.0,1,0.0025393903,0.23603063,0.21736684691989622
6.64538,5.8584,6.63953,1.01975,1889.57,1852.97,0.0,0.0,0.5996,0.587987,0.0,0,0.0077428193,0.7051524297,0.740366480148325
6.16935,4.44214,6.16935,0.864572,2160.34,2498.74,0.0,0.0,0.6496,0.751355,0.0,1,0.0078541983,0.7430458266,0.7472106595317631
4.15957,3.7187,4.14785,1.30213,762.369,585.479,74.3878,57.1279,0.576,0.442353,0.0,0,0.0028201658,0.2513077882,0.3647139111357646
7.28303,6.53777,7.28303,1.26957,1027.84,809.6,0.0,0.0,0.5124,0.403601,0.0,0,0.0024743269,0.2420435613,0.2406917014810543
7.30425,6.5808,7.30425,1.26614,1045.59,825.812,0.0,0.0,0.4964,0.392058,0.0,0,0.0024185412,0.2411509905999999,0.24150800853067067
4.89079,3.61553,4.62488,1.24739,1059.33,849.24,0.0,0.0,0.5482,0.439477,0.0,1,0.0265473195,1.8034069729,1.6563489105232079
4.14214,4.05323,4.14214,1.37391,738.742,537.692,0.0,0.0,0.5042,0.366981,0.0,0,0.0058012782,0.5378423777,0.5120483576043839
7.04016,6.80377,7.04016,0.930569,2533.92,2722.98,0.0,0.0,0.6628,0.712252,0.0,0,0.0143116136,1.1471485596,1.2796476177762712
8.50715,8.34107,8.50715,1.18054,1091.35,924.448,0.0,0.0,0.5186,0.439291,0.0,0,0.0028422661,0.2828377730999999,0.3076168844992125
25.84424,11.11801,22.64252,0.527457,1593.04,3020.23,0.0,0.0,0.8434,1.59899,0.000379178,1,0.0028620069,0.2884619297,0.2981185479901775
4.24405,3.53009,4.22084,1.10757,515.209,465.173,34.0376,30.7319,0.4648,0.419659,0.0,0,0.0048475719,0.4260815085,0.511517878952846
5.22912,3.96499,5.18849,1.68714,1215.2,720.275,0.0,0.0,0.594,0.352075,0.0,1,0.0086283212,0.7014584328,0.6678487290786211
6.05449,4.8127,6.05449,1.78797,959.833,536.829,0.0,0.0,0.4822,0.269692,0.0,1,0.0028426689,0.255563738,0.21692459695985122
5.4847,3.8221,5.12718,1.96889,508.317,258.175,0.0,0.0,0.435,0.220937,0.0,1,0.0023412357,0.2071505496,0.16932524738768606
10.23495,9.48231,10.23335,1.57268,1211.54,770.363,0.0,0.0,0.5868,0.37312,0.0,1,0.0024953515,0.2363991175,0.1824492946601498
4.15802,3.46053,4.1496,2.48318,463.195,186.533,0.0,0.0,0.361,0.145378,0.0,1,0.0027985978,0.2308337334,0.1961316969290452
14.92091,13.26042,14.92091,0.364732,1875.05,5140.9,0.0,0.0,0.86,2.3579,0.0,1,0.0042169643,0.4229204531,0.4068393878776481
15.28058,14.48863,15.28058,0.352218,1827.73,5189.2,0.0,0.0,0.863,2.45019,0.0,1,0.0042998821,0.4156473743,0.4140636881158318
5.66319,4.40941,5.66319,0.999593,1775.32,1776.04,0.0,0.0,0.611,0.611249,0.0,1,0.0092005973,0.8277050481,0.7999758951832157
5.69119,4.40372,5.677,0.872253,1821.29,2088.03,0.0,0.0,0.638,0.731439,0.0,1,0.0067264528,0.6285468468,0.6025101100526429
6.4105,3.89316,6.4105,1.19065,828.698,696.007,460.809,387.025,0.5728,0.481084,0.0,1,0.0134929478,1.0318012691,0.9174797117568778
5.94599,4.30466,5.94599,1.08689,1479.94,1361.63,0.0,0.0,0.5432,0.499775,0.0,0,0.0098329993,0.8087186693999999,0.8835132137880091
4.59496,3.72145,4.53376,1.21451,948.028,780.582,0.0,0.0,0.4972,0.409382,0.0,0,0.0120013318,0.7994044845,0.9609376172324736
5.81668,4.4159,5.81214,1.29937,901.437,693.751,0.0,0.0,0.489,0.376337,0.0,1,0.0055102657,0.4531054839,0.4097622245810139
5.75711,4.40654,5.75688,1.31802,917.051,695.781,0.0,0.0,0.4754,0.360693,0.0,1,0.0058891609,0.4609085035,0.44809460017759867
5.15227,4.26145,5.12644,2.34175,976.447,416.973,0.0,0.0,0.4326,0.184733,0.0,0,0.0629071644,2.0215873257,2.309043316117651
6.66297,4.23051,6.65497,1.06844,1185.87,1109.9,0.0,0.0,0.5198,0.486502,0.0,1,0.0075813775,0.6389832672,0.6737180444630025
9.85702,7.76622,8.65886,1.09206,1071.39,981.073,0.0,0.0,0.5342,0.489167,0.0,1,0.0034604758,0.3079622225,0.30526100325181105
6.3986,4.82003,6.3986,1.14511,2295.95,2005.01,0.0,0.0,0.6334,0.553137,0.0,1,0.007097986,0.6576367613,0.667320787776276
6.23826,4.86854,6.23826,1.64521,1240.0,753.701,0.0,0.0,0.5196,0.315826,0.0,1,0.0083154803,0.6717673143,0.6642806169131006
5.21348,4.28071,5.21348,1.82071,1261.82,693.039,0.0,0.0,0.5078,0.278902,0.0,1,0.0042482129,0.3785202307999999,0.39228573434354547
10.17237,6.1037,8.0425,0.867774,1499.07,1727.49,576.042,663.816,0.6792,0.782692,0.0,1,0.0049908265,0.4768537253,0.4958087678598073
9.98876,6.23965,8.39165,0.742505,1487.88,2003.86,574.813,774.154,0.69,0.929286,0.0,1,0.0063494381,0.6042470921,0.591815376467576
9.6783,6.73158,8.21464,0.83384,1503.01,1802.51,543.478,651.776,0.6804,0.815983,0.0,1,0.0047391326,0.4572352435,0.48683028914726345
10.17011,5.92824,8.44426,0.888503,1485.32,1671.71,572.74,644.613,0.6916,0.778388,0.0,1,0.005262535,0.4950368277,0.5256749417872411
10.47061,5.58858,8.23634,0.777087,1484.63,1910.51,601.467,774.002,0.6808,0.876093,0.0,1,0.0072071979,0.665718621,0.6288333475067204
11.37157,10.81985,11.3699,1.17979,1541.06,1306.22,0.0,0.0,0.6462,0.547726,0.0,1,0.0035901511,0.3432467574,0.3533939626528659
7.70786,5.78406,7.70755,1.38137,1401.32,1014.44,0.0,0.0,0.5594,0.404959,0.0,0,0.001510452,0.1447308879,0.15505155778562718
11.48256,10.83475,11.48089,1.17217,1544.63,1317.75,0.0,0.0,0.6478,0.55265,0.0,1,0.0035082329,0.3381411209,0.35263878150710914
11.49062,10.84702,11.48896,1.17541,1553.24,1321.44,0.0,0.0,0.6476,0.550957,0.0,1,0.0035687811,0.3387510547999999,0.3537596043595231
8.56369,6.00066,8.56369,0.853114,2214.19,2595.42,0.0,0.0,0.6496,0.761445,0.0,1,0.0068285749,0.6433742187,0.6332941198284471
11.28278,7.20114,10.99968,0.910221,2188.91,2404.81,0.0,0.0,0.7194,0.790358,0.0,1,0.0029996914,0.296532105,0.2898509718529817
12.11733,10.70076,12.11733,0.488133,1807.7,3703.29,0.0,0.0,0.8496,1.74051,0.0,1,0.002608651,0.2456608369,0.2579454536248793
6.2413,3.63671,6.2413,1.10537,871.132,788.092,165.749,149.949,0.5168,0.467536,0.0,0,0.016815023,0.9272488121,1.1015671577753596
6.25794,3.6162,5.25123,1.10539,876.554,792.979,162.666,147.157,0.5196,0.470059,0.0,0,0.0182910449,0.9446666283,1.1412359732836368
5.15651,3.56832,5.15424,2.0755,483.988,233.191,0.0,0.0,0.4372,0.210648,0.0,1,0.0030899409,0.2465055387999999,0.22424962730934972
4.23153,3.44235,4.23153,1.69156,935.756,553.19,0.0,0.0,0.5808,0.343351,0.0,0,0.0099672045,0.8444591001,0.8242692636940708
10.13522,6.68232,9.92269,0.858555,1863.51,2170.52,0.0,0.0,0.6104,0.710962,0.0,0,0.0073720556,0.687729985,0.6982841608600496
6.67359,4.11194,6.66829,0.964951,2096.06,2172.19,0.0,0.0,0.6192,0.641691,0.0,0,0.0086749661,0.8122152873999999,0.8159690760198404
7.50874,4.26843,7.47113,0.807576,2145.36,2656.54,0.0,0.0,0.6264,0.775655,0.0,0,0.0092424779,0.8627826888,0.8206748248258511
8.41083,6.51113,8.31612,1.24989,2285.05,1828.2,0.0,0.0,0.6966,0.55733,0.0,1,0.0012406674,0.1213308581,0.14056621470641617
8.3742,6.48381,8.29614,1.28778,2247.33,1745.13,0.0,0.0,0.6946,0.53938,0.0,1,0.0012233352,0.1208014903,0.1404531058413807
5.87532,4.55866,5.87532,1.54574,1464.11,947.192,0.0,0.0,0.5206,0.336796,0.0,1,0.0030500037,0.2959231515,0.2837643527216613
5.86586,4.56127,5.86586,1.56054,1486.93,952.828,0.0,0.0,0.5192,0.332705,0.0,0,0.003009627,0.2984615662,0.28819724154886445
5.55628,5.01575,5.54452,1.55799,1392.72,893.922,0.0,0.0,0.5596,0.359181,0.0,0,0.0021747457,0.2135560282,0.1946600681883741
5.84482,4.53722,5.84482,1.58678,1481.54,933.678,0.0,0.0,0.517,0.325818,0.0,0,0.0032440222,0.3010020419,0.32938482814455466
5.82317,4.52383,5.82317,1.64203,1481.82,902.431,0.0,0.0,0.511,0.311201,0.0,0,0.0032673925,0.3045822005,0.3454807992849767
6.24288,4.56068,6.2408,1.07396,2025.67,1886.18,0.0,0.0,0.6304,0.586989,0.0,1,0.0101836134,0.8793246637000001,0.9143779716919552
4.41725,4.15949,4.41175,1.15817,1130.8,976.371,0.0,0.0,0.53,0.45762,0.0,0,0.0063324927,0.5794930592,0.605644438128457
6.85041,4.79302,6.73681,1.28666,1128.63,877.177,0.0,0.0,0.517,0.401816,0.0,1,0.0026156042,0.2386823082999999,0.23222118518805562
6.86024,4.81417,6.53187,1.27918,1131.8,884.793,0.0,0.0,0.5156,0.403072,0.0,1,0.0024076108,0.2347490252,0.22557431614370554
4.75369,3.54535,4.74028,1.35574,615.159,453.744,0.0,0.0,0.4098,0.30227,0.0,0,0.0041426219,0.3687618079999999,0.3816028381126889
7.38612,5.95802,7.38612,2.25172,1314.88,583.946,0.0,0.0,0.537,0.238485,0.0,0,0.0022004748,0.2116033591,0.24942452680376048
5.8425,4.85588,5.8425,1.4789,2001.31,1353.25,0.0,0.0,0.6196,0.418961,0.0,1,0.0027125185,0.2566810064,0.2331946645783478
5.69723,4.67285,5.69723,1.60096,1965.06,1227.43,0.0,0.0,0.61,0.381022,0.0,1,0.0028304435,0.2715702117,0.23694213008674647
5.77973,4.6993,5.77973,1.51124,2028.88,1342.53,0.0,0.0,0.6162,0.407745,0.0,1,0.0027308134,0.2711030509,0.22855974747463098
5.86599,4.67382,5.86599,1.53817,2040.49,1326.58,0.0,0.0,0.622,0.404378,0.0,1,0.0024214063,0.2436806741,0.2119518560170197
6.97885,4.73882,6.97885,0.91747,1247.84,1360.09,0.0,0.0,0.5948,0.648304,0.0,1,0.0039803614,0.3779010596,0.3725803580389602
6.86582,3.53622,6.72322,1.11335,919.514,825.896,6.20036,5.56908,0.527,0.473345,0.0,1,0.0032369455,0.3108999647,0.3586144414534889
15.08014,7.93969,15.07583,0.589901,2233.7,3786.57,0.0,0.0,0.8002,1.3565,0.0,0,0.0031778418,0.3141111914,0.34516683169055873
15.07409,7.93508,15.07409,0.591689,2246.58,3796.89,0.0,0.0,0.8116,1.37167,0.0,0,0.003261042,0.3143161479,0.3486266219183209
17.30249,9.82354,17.30249,0.511068,1917.15,3751.27,0.0,0.0,0.8468,1.65692,0.0,0,0.0036075745,0.3722729328,0.3631119248828076
5.40728,3.62986,4.72861,1.2151,591.936,487.152,249.544,205.37,0.5232,0.430584,0.0,1,0.0085006871,0.6715608434,0.7103790816717416
9.10711,7.36025,9.10711,1.61302,1710.75,1060.59,0.0,0.0,0.6522,0.404334,0.0,1,0.0013925694,0.136995458,0.12736839688992152
5.84999,3.52276,5.84999,0.90542,1514.07,1672.22,0.0,0.0,0.6422,0.709284,0.0,0,0.0025012621,0.2270162835,0.30727376434701487
9.28653,7.43469,9.28653,1.34679,1798.64,1335.5,0.0,0.0,0.6836,0.507577,0.0,1,0.0014424801,0.1602055623,0.14896999981581616
5.03386,3.88211,5.03386,1.55505,891.804,573.488,0.0,0.0,0.497,0.319603,0.0,0,0.0109905687,0.8013108265000001,0.8048069611443301
6.01158,4.07874,6.00756,1.03866,1741.67,1676.84,0.0,0.0,0.5802,0.558605,0.0,0,0.008320584,0.7236594363,0.7466533472267483
5.7298,3.89416,5.70244,1.06894,1581.69,1479.68,0.0,0.0,0.5684,0.531742,0.0,0,0.0080469392,0.7164935001,0.7091120176595453
5.93857,4.06358,5.90891,1.05075,1647.57,1567.99,0.0,0.0,0.5592,0.532191,0.0,0,0.0082760889,0.7288542393999999,0.7415118410295213
5.95596,4.00314,5.95596,1.05093,1663.77,1583.13,0.0,0.0,0.5708,0.543136,0.0,0,0.007716563,0.6814558322,0.698441470407867
5.63762,3.83278,5.54473,1.07445,1555.4,1447.63,0.0,0.0,0.5576,0.518962,0.0,0,0.0078956558,0.7041260866,0.7233909645641003
5.91912,4.12997,5.83809,1.04225,1662.62,1595.23,0.0,0.0,0.5592,0.536534,0.0,0,0.0077432601,0.7037056079,0.7143935457702978
5.91757,4.12403,5.88473,1.04313,1656.13,1587.65,0.0,0.0,0.5804,0.556402,0.0,0,0.0080358154,0.6926296647,0.7266326562319015
14.37312,9.52614,14.37312,0.810102,1646.79,2032.82,0.0,0.0,0.6424,0.792987,0.0,0,0.0072749598,0.6332485925,0.6622075254052291
26.2956,9.06734,26.2956,0.576598,1786.71,3098.71,0.0,0.0,0.8298,1.43913,0.000346862,1,0.003274044,0.3256080648,0.3468775665263143
26.23164,8.97115,26.23164,0.749461,1794.02,2393.75,0.0,0.0,0.8278,1.10453,0.000266859,1,0.0025663978,0.2521297923,0.264419811119529
6.64353,5.05601,6.57824,1.10291,1234.43,1119.25,0.0,0.0,0.5218,0.473113,0.0,1,0.005166146,0.4677866631,0.47906582102620054
6.85321,5.14986,6.80435,1.08872,1273.46,1169.68,0.0,0.0,0.539,0.495075,0.0,1,0.0056479517,0.5034360417,0.4769237520982338
6.84998,5.14759,6.84391,1.11831,1269.11,1134.84,0.0,0.0,0.5472,0.489309,0.0,1,0.0067954433,0.5847057466,0.5741097025502888
6.86758,5.14075,6.81406,1.11182,1275.45,1147.17,0.0,0.0,0.5514,0.495942,0.0,1,0.006855801,0.5802163833,0.5674542586603903
6.89118,5.16192,6.87746,1.10372,1282.03,1161.55,0.0,0.0,0.5556,0.503387,0.0,1,0.0067600612,0.596900081,0.5645216788981131
6.87389,5.12762,6.8483,1.11455,1264.09,1134.17,0.0,0.0,0.5514,0.494728,0.0,1,0.0070514431,0.5916364743,0.5913281685379294
6.79283,5.1354,6.73097,1.12265,1250.57,1113.94,0.0,0.0,0.5382,0.4794,0.0,1,0.0065977198,0.5901316947,0.5752285717700286
8.78437,6.6937,8.25223,0.765372,2471.66,3229.36,0.0,0.0,0.7812,1.02068,0.0,1,0.003110195,0.3096231487999999,0.3062779461441024
14.09924,6.85678,11.19448,0.748313,2267.56,3030.24,0.0,0.0,0.7708,1.03005,0.0,1,0.0037458008,0.3688291897999999,0.3779777138939311
14.28068,6.83408,11.22906,0.743695,2268.42,3050.2,0.0,0.0,0.7746,1.04156,0.0,1,0.0038079123,0.3672079206,0.3842460139522696
13.77124,4.50888,13.77124,0.959384,2184.49,2276.97,0.0,0.0,0.6924,0.721713,0.0,1,0.0066524132,0.6300091638,0.608836580084285
6.40877,5.06856,6.40877,1.19713,1684.43,1407.06,0.0,0.0,0.5998,0.501033,0.0,1,0.0094030768,0.8063572746,0.7839224211463076
4.71553,3.44976,4.62826,1.6429,1000.4,608.925,0.0,0.0,0.6102,0.371417,0.0,0,0.0122406655,1.0049288216,0.8269229354822714
5.23023,3.70327,5.22427,1.49837,1455.04,971.08,0.0,0.0,0.63,0.420457,0.0,0,0.0102532791,0.8573581915,0.842887951646722
11.89701,7.39464,11.89701,0.776883,1712.61,2204.47,0.0,0.0,0.6806,0.876065,0.0,1,0.0031854672,0.3041739319,0.3226892466372535
6.28215,5.72913,6.26507,1.2974,1101.09,848.689,0.0,0.0,0.5058,0.389856,0.0,1,0.001690925,0.1635001024,0.18187606555845248
8.79809,4.02227,8.77595,1.10229,2192.07,1988.65,0.0,0.0,0.6908,0.626694,0.0,1,0.0020265352,0.2179477591,0.22020410043797473
9.30754,7.04491,9.30754,1.35949,2124.85,1562.97,0.0,0.0,0.7316,0.538142,0.0,1,0.0011977911,0.1190478202,0.145646015621272
6.12673,3.44814,6.105,1.87284,355.438,189.786,95.0653,50.7601,0.4804,0.256509,0.0,1,0.0008109486,0.0761774366,0.1372634431198293
15.05768,6.22214,9.48846,0.685711,2179.67,3178.7,0.0,0.0,0.7706,1.1238,0.0,1,0.004181894,0.4113330343999999,0.4055858331392908
17.65342,7.8833,11.58918,0.646039,2104.35,3257.31,0.0,0.0,0.7972,1.23398,0.0,1,0.0031869064,0.3164150814,0.3498889286944988
6.55973,5.0687,6.54696,0.921332,2008.21,2179.68,0.0,0.0,0.6708,0.728076,0.0,0,0.0063516069,0.5788340598,0.6139982591665998
6.4229,5.28654,6.4229,0.928973,1988.07,2140.07,0.0,0.0,0.6702,0.721442,0.0,0,0.0064507896,0.5893121884,0.622664989911136
8.47376,5.69683,8.47376,0.880009,2096.08,2381.88,0.0,0.0,0.6858,0.779311,0.0,0,0.0066321895,0.5674026029,0.622874092966299
3.68255,3.48411,3.67149,1.93689,201.323,103.941,0.0,0.0,0.4778,0.246685,0.0,0,0.0075620671,0.6379934428,0.5688485047265113
5.87539,4.41454,5.87539,1.26001,982.755,779.959,0.0,0.0,0.5246,0.416346,0.0,1,0.0067493265,0.5667769086,0.5475685266825159
7.0981,6.10195,7.04022,0.882251,2276.97,2580.86,0.0,0.0,0.6758,0.765995,0.0,1,0.0056640327,0.5398688233,0.5495958453223375
7.14137,6.23055,7.14137,0.816125,2268.41,2779.48,0.0,0.0,0.6764,0.828795,0.0,1,0.0047398173,0.4708203118999999,0.4811673830454052
14.01468,13.16757,14.01422,0.723032,1733.84,2398.01,0.0,0.0,0.741,1.02485,0.0,1,0.0027542505,0.2672020629,0.2698643339270481
8.8382,8.57859,8.83401,0.859762,1844.22,2145.04,0.0,0.0,0.7008,0.815109,0.0,1,0.0040292627,0.3983435284,0.3798839917235128
5.11588,3.68593,5.09821,1.26749,1347.57,1063.18,0.0,0.0,0.5488,0.432983,0.0,0,0.0099409479,0.8613951569,0.9128216816816526
5.13248,3.64573,5.11696,1.27033,1309.23,1030.62,0.0,0.0,0.551,0.433745,0.0,0,0.0097652296,0.8478839669,0.9142864202834071
6.52238,4.921,6.52175,1.46143,1501.88,1027.68,0.0,0.0,0.5412,0.370323,0.0,0,0.0017352361,0.1668198996,0.1596616659649326
5.21912,3.58191,5.21567,1.8334,382.771,208.777,1.80299,0.983415,0.4056,0.221228,0.0,0,0.0005041528,0.047365089,0.1463731959263096
5.40363,3.67177,5.40363,1.82037,410.64,225.581,8.91728,4.89862,0.4188,0.230064,0.0,0,0.0005923032,0.0569916512,0.13122321261805636
5.4405,3.6509,5.4405,1.82532,412.662,226.076,9.84149,5.39165,0.4246,0.232616,0.0,1,0.000598773,0.0569165904,0.09565434823852192
5.42382,3.86113,5.42382,1.28962,856.154,663.88,0.0,0.0,0.4412,0.342116,0.0,0,0.0076930815,0.580244534,0.5940853452087334
17.23979,11.94779,17.22882,0.311959,1757.5,5633.74,0.0,0.0,0.8662,2.77664,0.0,1,0.0045599861,0.4412549205,0.4242457823908887
20.8996,12.46025,20.8996,0.550125,1152.25,2094.53,505.476,918.838,0.7504,1.36405,0.0,1,0.0063574024,0.576401383,0.5612629364203439
20.43545,12.00812,20.43545,0.58501,1189.43,2033.18,487.097,832.63,0.7556,1.2916,0.0,1,0.0076883913,0.6943581245,0.6301996964405043
21.62456,12.85426,21.62456,0.537597,1117.38,2078.48,492.088,915.347,0.7638,1.42077,0.0,1,0.0106148733,0.8689744556,0.7184634631370633
6.62806,4.69762,5.65255,0.902784,2439.76,2702.49,0.0,0.0,0.6684,0.740376,0.0,1,0.0071186999,0.7012087512,0.6613547473274597
11.97194,10.54967,11.9427,0.470726,2101.15,4463.64,0.0,0.0,0.7866,1.67104,0.0,0,0.0045918322,0.4520108834,0.4490968918379372
10.25798,6.23412,9.8049,0.70339,1968.06,2797.96,0.0,0.0,0.6656,0.946275,0.0,1,0.0041625468,0.4216193689,0.3974478975961045
5.90319,4.58543,5.60032,0.850194,2471.89,2907.44,0.0,0.0,0.6584,0.774411,0.0,1,0.0082025679,0.7364761275,0.7904343007679651
8.87752,5.53782,8.86061,0.793323,2105.74,2654.33,0.0,0.0,0.6702,0.844801,0.0,0,0.0040120986,0.4072552987,0.38424547970639217
9.7712,5.86323,9.7712,0.773292,2071.81,2679.21,0.0,0.0,0.6628,0.857115,0.0,0,0.0058706157,0.5862826697,0.5671289782209752
15.41535,6.04579,15.41535,0.850858,1434.92,1686.44,448.001,526.529,0.701,0.823874,0.0,0,0.0047256631,0.4423493814,0.5008415527256971
3.81592,3.45137,3.81592,1.45798,155.953,106.965,20.8457,14.2976,0.425,0.291499,0.0,1,0.0114292866,0.8561364323,0.6865753979081921
4.65057,4.08181,4.52458,1.14596,958.267,836.212,0.0,0.0,0.5148,0.44923,0.0,0,0.0143897128,1.0925515313,1.1345349465179766
7.38415,6.2427,7.38415,1.11891,1046.87,935.619,0.0,0.0,0.5352,0.478323,0.0,1,0.0024182905,0.2226373199,0.22434023824768717
5.30875,4.09789,5.30496,1.03603,1478.6,1427.18,0.0,0.0,0.565,0.545353,0.0,0,0.0070793155,0.6190854534,0.6601151065040194
6.16109,5.04479,6.14883,1.68509,1433.05,850.43,0.0,0.0,0.5712,0.338974,0.0,1,0.001813505,0.1797640127,0.1718404566425321
5.74056,4.35551,5.71651,1.76429,1367.25,774.956,0.0,0.0,0.5562,0.315255,0.0,1,0.0029022588,0.2692958532,0.22087382598044347
5.3607,4.59016,5.36062,1.2053,1282.83,1064.32,0.0,0.0,0.529,0.438894,0.0,1,0.0093811786,0.7855068245,0.7914703662910743
9.39066,7.30655,9.39066,1.12702,1893.97,1680.51,0.0,0.0,0.6384,0.56645,0.0,1,0.0045981636,0.4345292536,0.42919831658352153
4.56016,3.89151,4.55758,1.54463,762.225,493.466,0.0,0.0,0.455,0.294568,0.0,1,0.0073899407,0.5893410791,0.5966816866227822
7.52933,6.88879,7.52933,2.72981,1439.26,527.24,0.0,0.0,0.5772,0.211443,0.0,1,0.0006727571,0.0669833785,0.06783018115451556
4.62845,3.89522,4.6169,1.17508,1256.18,1069.02,0.0,0.0,0.532,0.452736,0.0,1,0.0198556561,1.4767851182,1.3937140987965408
4.98641,4.39323,4.97616,1.53429,1079.28,703.439,0.0,0.0,0.512,0.333704,0.0,1,0.0055822205,0.4899769152,0.4466822812256321
7.89373,4.43058,7.89373,1.31415,1678.47,1277.23,0.0,0.0,0.6094,0.463722,0.0,1,0.0037834997,0.3657415904,0.3566259544165945
3.96779,3.62056,3.96779,1.9401,482.244,248.567,0.0,0.0,0.419,0.215969,0.0,1,0.0034601829,0.3053712605,0.31143951391888647
7.24501,5.7858,6.68018,1.08742,2630.21,2418.77,0.0,0.0,0.715,0.65752,0.0,1,0.0033212622,0.3258419036,0.3457443047650539
6.07104,5.56303,6.07104,1.4189,1653.8,1165.55,0.0,0.0,0.5644,0.397774,0.0,0,0.0079178966,0.7259146598,0.6802440244725263
8.76574,6.10267,8.74057,1.07917,1888.77,1750.21,0.0,0.0,0.6338,0.587305,0.0,1,0.0049154982,0.456005452,0.4571122954320574
6.93618,5.76476,6.92128,1.4786,1370.63,926.978,0.0,0.0,0.519,0.351007,0.0,1,0.0054502031,0.5089666126,0.4850677565315962
6.94119,5.72919,6.85845,1.49624,1369.03,914.98,0.0,0.0,0.526,0.351548,0.0,1,0.0054508893,0.5057175755,0.4574998159431909
6.97691,5.80939,6.97691,1.4748,1347.25,913.518,0.0,0.0,0.5226,0.354354,0.0,1,0.005345431,0.5085606999,0.46464637656496155
6.87611,5.69177,6.87611,1.52398,1353.45,888.103,0.0,0.0,0.5184,0.340161,0.0,1,0.0054918622,0.5067581729,0.481105756231177
6.49065,4.97595,6.49065,1.07139,1218.54,1137.35,2.44835,2.28522,0.5566,0.519514,0.0,1,0.0042807963,0.4080361685,0.4019780430064308
4.81929,3.4802,4.68813,1.37889,639.979,464.125,0.0,0.0,0.4514,0.327364,0.0,1,0.0037629186,0.3197916262999999,0.3195463576045959
6.70111,4.65532,6.60342,1.36906,1688.36,1233.22,0.0,0.0,0.5926,0.432851,0.0,1,0.0021860659,0.2125377818,0.21848298277193096
6.65159,4.57304,6.53476,1.38205,1680.39,1215.87,0.0,0.0,0.5904,0.427192,0.0,1,0.0022293621,0.2121192680999999,0.22773177136675732
6.5503,4.41913,6.52435,1.44375,1672.31,1158.32,0.0,0.0,0.5838,0.404365,0.0,1,0.0021770607,0.2077841767,0.20372709755709262
5.6026,3.42365,5.59275,1.55646,1236.19,794.232,0.0,0.0,0.54,0.346941,0.0,1,0.0030455275,0.2914252364,0.28723288306362393
5.55555,3.41902,5.54549,1.58885,1213.98,764.058,0.0,0.0,0.5354,0.336973,0.0,1,0.0030943947,0.2838997042,0.28260289428627383
5.54122,3.41506,5.5298,1.61736,1205.53,745.366,0.0,0.0,0.5346,0.330538,0.0,1,0.0031236519,0.2913205987,0.2766730697566796
9.56168,4.85659,9.53534,0.901746,1718.7,1905.97,37.8251,41.9466,0.6334,0.702415,0.0,1,0.0091304972,0.6719853392,0.6564286796038241
6.64322,4.15157,6.64322,1.41271,1889.38,1337.41,0.0,0.0,0.6434,0.455437,0.0,0,0.0054447744,0.4995544377,0.4864490110815203
5.48718,4.89154,5.42033,1.09462,2414.99,2206.24,0.0,0.0,0.6474,0.59144,0.0,1,0.0034608607,0.3332363062,0.3768364148490393
5.20749,3.40288,5.20749,1.93235,393.451,203.613,0.0,0.0,0.4654,0.240847,0.0,1,0.0017935699,0.1646107038,0.1350936715159159
10.93877,6.90793,10.8516,0.690693,2354.05,3408.24,0.0,0.0,0.7722,1.11801,0.0,1,0.0051102582,0.4813878688,0.4962024840339758
12.63096,6.04016,12.48762,0.859273,2339.33,2722.46,0.0,0.0,0.7402,0.861426,0.0,1,0.0030134359,0.3065637381,0.3113648159578803
5.60515,5.02913,5.58159,1.46758,1606.87,1094.91,0.0,0.0,0.544,0.37068,0.0,0,0.0058657015,0.5287180593999999,0.4870521786244367
5.10341,3.76231,5.02058,1.31458,1263.39,961.063,0.0,0.0,0.5412,0.411691,0.0,1,0.0190698043,1.41194122,1.4511416350360777
5.13433,3.87051,5.09927,1.31108,1290.46,984.278,0.0,0.0,0.541,0.412638,0.0,1,0.01959403,1.4660115344,1.4310579633060527
5.08356,3.73927,5.05208,1.32275,1249.3,944.47,0.0,0.0,0.538,0.406727,0.0,1,0.0200682102,1.4747594724000002,1.511353885761673
10.55409,4.56253,10.55409,0.761137,2666.36,3503.12,0.0,0.0,0.738,0.969602,0.0,0,0.0058484878,0.5566415199,0.5669559555085035
10.03238,7.42233,9.74376,0.749914,2221.9,2962.88,0.0,0.0,0.7282,0.971044,0.0,0,0.0031154568,0.3382045577,0.30157007910488276
8.73473,6.34609,8.6886,1.3133,1742.87,1327.09,0.0,0.0,0.6462,0.492044,0.0,0,0.0023995764,0.2301164138,0.23276819776906282
4.64455,3.59836,4.63854,1.95569,361.005,184.592,0.902313,0.461378,0.4234,0.216497,0.0,1,0.0022977776,0.2100484841,0.21161205070903055
5.5254,4.43575,5.51234,1.26722,1839.76,1451.8,0.0,0.0,0.5992,0.472845,0.0,1,0.0061379503,0.5368090113,0.5548885680123663
4.37729,3.47803,4.37729,1.252,989.147,790.053,0.0,0.0,0.4922,0.393131,0.0,1,0.0090010517,0.8088238538,0.7672026630405463
4.95925,3.73408,4.95925,1.25635,976.237,777.039,0.0,0.0,0.4616,0.367412,0.0,0,0.0108708926,0.8855599687000001,0.8159085953002514
7.28777,5.97881,7.28116,1.0447,1818.88,1741.05,0.0,0.0,0.6212,0.594621,0.0,1,0.0083867658,0.7348617426999999,0.7051579450720225
5.2679,4.81357,5.26778,1.72365,582.024,337.669,47.1721,27.3675,0.5448,0.316073,0.0,0,0.0005435141,0.0504917159,0.21122000014453146
6.3407,5.90199,6.31652,1.20352,848.809,705.272,0.0,0.0,0.4862,0.403982,0.0,1,0.0020186683,0.1962840517,0.1628594512469671
11.06118,7.00733,10.18392,0.767126,2192.56,2858.15,0.0,0.0,0.7242,0.944043,0.0,1,0.0070948865,0.651843786,0.6378504051292093
11.63962,10.76348,11.63962,0.91487,1549.21,1693.37,0.0,0.0,0.6396,0.699116,0.0,1,0.0051525043,0.486384041,0.4776683686171771
6.19077,5.31352,6.18884,0.976178,2056.2,2106.38,0.0,0.0,0.6384,0.653979,0.0,1,0.0115511152,1.0509385783,0.9601944729261747
11.11495,8.75374,11.11495,0.70291,1891.75,2691.32,0.0,0.0,0.7388,1.05106,0.0,1,0.0055264939,0.5202414382,0.5108341014648962
10.3381,9.26479,10.3381,1.24231,1086.56,874.625,129.189,103.991,0.6084,0.489732,0.0,1,0.0053412792,0.4239659243,0.4443927981543075
5.31005,4.78872,5.30922,1.60595,966.902,602.074,0.0,0.0,0.507,0.315701,0.0,0,0.0149545181,0.9546741726,1.0923648903691845
5.95724,5.2412,5.95724,1.32376,1286.35,971.741,0.0,0.0,0.5334,0.402943,0.0,1,0.0088431092,0.7127220715000001,0.703117507681514
8.96483,7.98484,8.95338,1.07697,1629.75,1513.27,0.0,0.0,0.6138,0.569932,0.0,1,0.0056529524,0.5297811438000001,0.49429761376566334
8.30737,6.78194,8.30193,0.816834,1552.78,1900.97,4.35487,5.33141,0.5892,0.721322,0.0,1,0.0065088021,0.6249082915999999,0.5798703226702535
5.14274,3.67598,5.1312,1.34119,1161.62,866.113,0.0,0.0,0.5308,0.395769,0.0,1,0.0081668714,0.681845728,0.7268733839544166
8.79938,7.37416,8.78205,2.86501,1668.56,582.391,0.0,0.0,0.6376,0.222547,0.0,1,0.0006728043,0.0651816648,0.0861467860465418
6.80539,3.65176,6.80539,1.34151,1369.86,1021.14,0.0,0.0,0.6092,0.454115,0.0,1,0.0046246497,0.4182473,0.45999779166224575
5.75088,3.78769,5.73674,1.21298,1196.61,986.497,0.0,0.0,0.5614,0.462825,0.0,1,0.0055359107,0.4860324789999999,0.4780790171386651
6.58217,4.28987,6.50926,1.3543,1358.41,1003.03,0.0,0.0,0.5474,0.404194,0.0,0,0.014474612,1.2060728526,1.1703370565596778
4.28545,3.52898,4.277,1.97331,1033.2,523.587,0.0,0.0,0.5514,0.279428,0.0,0,0.0010279313,0.1032070101999999,0.234769096627306
8.28524,6.29263,8.24088,1.28416,2599.39,2024.19,0.195596,0.152314,0.7268,0.565973,0.0,1,0.0013399962,0.1363160055,0.15600801501254102
7.75927,5.99619,7.75927,1.41123,1642.21,1163.68,0.0,0.0,0.619,0.438625,0.0,0,0.0023423026,0.2390649576,0.23024830057284884
8.9147,5.57973,8.87661,1.34608,1682.46,1249.9,0.0,0.0,0.6346,0.471444,0.0,1,0.0021862807,0.2160803730999999,0.21615024991309129
4.04395,3.64101,4.04395,1.92522,503.149,261.347,0.0,0.0,0.4222,0.2193,0.0,1,0.0036428455,0.3221045341,0.31216117121954545
6.32363,4.82237,6.31689,1.49229,1377.55,923.11,0.0,0.0,0.5686,0.381025,0.0,1,0.0065511137,0.5693416956,0.5413012795182741
10.29567,8.38587,10.08643,0.842606,2083.44,2472.62,14.2598,16.9234,0.7296,0.865885,0.0,1,0.0025954239,0.2574531896,0.2661097401580782
4.39803,3.46666,4.37592,1.64467,1017.25,618.512,0.0,0.0,0.5534,0.33648,0.0,1,0.0054352695,0.4757313752,0.4711596467277125
7.83796,6.35433,7.79579,1.04646,1263.29,1207.21,74.2007,70.9066,0.5712,0.545842,0.0,0,0.0098576514,0.8351286920000001,0.7736437964659103
7.74052,6.24667,7.74052,1.0594,1255.22,1184.84,68.8954,65.0324,0.5682,0.536341,0.0,0,0.0094579074,0.8111517015999999,0.7515426323181492
7.75346,6.26253,7.72478,1.06296,1251.42,1177.3,67.8457,63.8273,0.5624,0.529091,0.0,0,0.0090527973,0.8007682676000001,0.7102499012501368
7.98476,6.4639,7.95078,1.05743,1260.94,1192.45,76.2558,72.1141,0.574,0.542824,0.0,0,0.0099865591,0.8085255911,0.7842054622616464
7.85489,6.36686,7.85489,1.08455,1259.8,1161.59,65.0961,60.0213,0.5694,0.525011,0.0,0,0.0092289554,0.7673234812999999,0.738220362628895
7.98273,6.46173,7.98207,1.08037,1258.25,1164.65,72.9124,67.4885,0.5732,0.53056,0.0,0,0.0089585658,0.7840621997,0.7143854513481132
7.90027,6.40337,7.90027,1.10679,1245.86,1125.65,61.7559,55.7974,0.5642,0.509764,0.0,0,0.0079390746,0.7404433559,0.6732474886693841
7.99474,6.54413,7.99474,1.10841,1223.87,1104.17,67.208,60.6345,0.5792,0.522549,0.0,0,0.0078407234,0.7076081918000001,0.672917897341481
7.72851,6.23818,7.68217,1.11585,1251.2,1121.3,68.7821,61.641,0.5678,0.508849,0.0,0,0.0096483931,0.8234037646,0.7681830583749338
4.48985,4.30755,4.48985,1.91615,471.61,246.123,0.0,0.0,0.4148,0.216475,0.0,1,0.0099069721,0.5799964966,0.6817384700098785
10.15164,5.15951,10.13819,1.26924,1812.62,1428.11,0.0,0.0,0.6596,0.519681,0.0,0,0.0025437485,0.2448831896999999,0.23402326341403906
18.44776,6.57566,18.44776,0.562611,2173.89,3863.94,0.0,0.0,0.7874,1.39955,0.0,1,0.0051564138,0.5192122124,0.5082465335023694
14.72034,13.81107,14.72034,1.23894,1154.41,931.773,0.0,0.0,0.6248,0.504303,0.0,1,0.0013305106,0.1285170084,0.16416371681778696
4.9896,3.40405,4.97821,1.45464,736.58,506.365,85.4496,58.7426,0.4856,0.333827,0.0,0,0.0066123324,0.5364019358,0.5380958187109615
5.49725,3.44726,5.49566,1.4408,839.787,582.86,90.2917,62.6676,0.4968,0.344808,0.0,0,0.0065464236,0.5552515907,0.5410695436778912
8.26088,7.40668,8.26088,0.854534,1806.41,2113.91,0.0,0.0,0.6414,0.750584,0.0,0,0.0045570933,0.4350490046,0.4057870447474718
10.78925,9.42624,10.78325,0.664624,1937.19,2914.72,0.0,0.0,0.7148,1.0755,0.0,0,0.003818923,0.373415303,0.3720423635052863
5.74617,4.59937,5.73998,1.07923,2058.01,1906.93,0.0,0.0,0.6268,0.580787,0.0,1,0.0055638597,0.5434275583,0.5106090149502618
5.60355,4.27431,5.58989,1.40562,1023.78,728.344,0.0374766,0.026662,0.486,0.345754,0.0,1,0.007934029,0.6289741702,0.6097265566891361
5.61851,4.19073,5.60379,1.41892,799.153,563.212,172.003,121.221,0.487,0.343219,0.0,1,0.007783646,0.6363389203,0.6208874362865636
5.58633,4.32231,5.37322,1.41396,1054.33,745.662,0.0,0.0,0.4904,0.346829,0.0,1,0.0074595263,0.6180270211,0.6069785995036504
6.2708,4.86549,6.2708,1.34321,1213.42,903.374,0.0,0.0,0.5134,0.38222,0.0,1,0.0076019349,0.5969302201,0.6395380840913147
6.57621,5.30461,6.57621,1.34132,1253.69,934.67,0.0,0.0,0.5342,0.398265,0.0,1,0.0075865363,0.5940900846,0.6378523821873345
4.52056,3.43974,4.50577,1.5127,759.724,502.229,0.0,0.0,0.4534,0.299728,0.0,1,0.0167749228,1.1075676177,1.1887783605612454
5.85201,4.46067,5.83515,1.35895,1067.23,785.338,21.156,15.5679,0.497,0.365724,0.0,1,0.0058746511,0.5207923132,0.48246202668397575
5.01507,3.95686,5.01507,1.39517,753.359,539.978,0.0,0.0,0.4446,0.318672,0.0,1,0.0091311424,0.7052563747,0.6590085649901097
4.87594,3.54867,4.87222,1.55224,358.688,231.077,25.2971,16.2971,0.4518,0.291063,0.0,1,0.0061683102,0.5131106634,0.46964622811364115
5.05124,3.61434,5.04105,1.01673,972.711,956.701,0.0,0.0,0.5318,0.523047,0.0,0,0.0208608735,1.4721197141,1.3667034464096874
8.61002,3.76636,8.58351,1.65942,1147.35,691.414,0.0,0.0,0.5252,0.316496,0.0,1,0.0015882008,0.1555231947,0.12472990991702626
8.87764,7.99015,8.87736,0.6011,2717.65,4521.13,0.0,0.0,0.7556,1.25703,0.0,1,0.003287261,0.3149603165,0.34623404094753224
5.49362,5.42758,5.49362,1.41847,1291.95,910.806,0.0,0.0,0.5748,0.405224,0.0,1,0.0020733334,0.1942657696,0.23465733027625385
11.32844,10.26466,11.32844,0.790589,1731.69,2190.38,0.0,0.0,0.6654,0.841651,0.0,1,0.0082391157,0.7404228079999999,0.6945901633449675
4.81422,4.24964,4.81422,1.04625,1425.24,1362.23,0.0,0.0,0.5584,0.533714,0.0,1,0.0101721835,0.8699499187,0.8957738463360772
4.89363,4.31451,4.87033,1.033,1471.86,1424.84,0.0,0.0,0.5576,0.539787,0.0,1,0.0102772778,0.8736172379000001,0.9159686396999014
5.04139,4.46098,5.03992,1.00728,1566.78,1555.46,0.0,0.0,0.5754,0.571243,0.0,1,0.0103023749,0.8672143307,0.963617856400977
6.97233,5.60829,6.97233,1.35846,1074.25,790.79,0.0,0.0,0.5344,0.393388,0.0,1,0.0020292639,0.1964176421,0.1708556066045277
5.59171,4.33137,5.56182,0.953551,2657.55,2787.0,0.0,0.0,0.6734,0.706202,0.0,0,0.0102052975,0.9560333021,1.010088586943887
4.29138,3.47068,4.23523,1.58197,597.238,377.529,0.0,0.0,0.4322,0.273204,0.0,1,0.0019299951,0.1766563062999999,0.17011746208663725
6.57096,5.95893,6.55565,1.3407,1084.43,808.849,0.0,0.0,0.5052,0.376817,0.0,1,0.0016425637,0.1596999285,0.14264037573802568
14.98828,7.97019,14.98828,0.594675,2204.82,3707.61,0.0,0.0,0.8008,1.34662,0.0,0,0.0034051204,0.3287057239,0.3567193692874968
5.07837,4.30344,5.07804,3.66199,829.428,226.497,0.0,0.0,0.418,0.114146,0.0,1,0.0008980993,0.0851136569,0.06931300515240546
4.71954,3.57694,4.71245,1.57661,1081.4,685.901,0.0,0.0,0.5506,0.349231,0.0,0,0.0119372451,0.966800413,0.8674450791676702
8.86215,6.25992,8.83975,1.16678,1520.16,1302.87,0.0,0.0,0.593,0.508237,0.0,0,0.0061560511,0.556886541,0.5363541958751626
5.66843,4.07448,5.66811,1.11008,1893.61,1705.84,0.0,0.0,0.6012,0.541584,0.0,1,0.007617302,0.6665482406000001,0.6830161060816008
7.56763,5.28078,7.56763,0.714751,2308.57,3229.9,0.0,0.0,0.6884,0.963133,0.0,0,0.0072895551,0.6807653722,0.7003105255261025
4.92775,3.91462,4.90973,1.78273,1357.93,761.713,0.0,0.0,0.5942,0.333308,0.0,1,0.0017588103,0.1689720417,0.17562781108792203
5.85197,4.01773,5.50246,1.2803,1937.61,1513.4,0.0,0.0,0.6248,0.488009,0.0,1,0.003345224,0.3263040437,0.32515877820334643
5.80274,3.92866,4.7438,1.30723,1855.76,1419.61,0.0,0.0,0.6136,0.46939,0.0,1,0.0034161575,0.3364404412,0.34793122445612795
5.9528,4.29679,5.9528,1.18253,2130.19,1801.39,0.0,0.0,0.6496,0.549332,0.0,1,0.0029338097,0.2781288459,0.27708256567975964
5.93486,4.28251,5.93486,1.19094,2095.13,1759.22,0.0,0.0,0.6604,0.55452,0.0,1,0.0028869936,0.2831920793,0.2680477001325558
5.64639,3.6405,5.64639,1.49122,938.691,629.478,0.0,0.0,0.4216,0.282721,0.0,1,0.0017566779,0.1835482767,0.17611371563033607
9.47863,4.42976,9.47863,1.26842,1786.23,1408.23,0.0,0.0,0.615,0.484855,0.0,1,0.0023196545,0.238854796,0.24163005978883517
9.48082,4.42797,9.48082,1.193,1861.05,1559.97,0.0,0.0,0.6462,0.54166,0.0,1,0.0021365171,0.2062235541,0.22808587517266138
6.11102,5.03298,6.08461,1.15501,1387.0,1200.86,0.0,0.0,0.5472,0.473763,0.0,1,0.0080683173,0.7131797962,0.6803634821053843
8.03491,5.51639,8.03491,0.911443,2137.62,2345.31,0.0,0.0,0.6604,0.724566,0.0,1,0.0073445308,0.7278872735999999,0.677558374841785
4.64816,3.73698,4.61775,2.65265,613.804,231.393,27.6543,10.4252,0.4246,0.160066,0.0,1,0.0037485981,0.3133216011,0.27714761693379675
4.91116,3.78472,4.77837,1.29423,994.219,768.194,0.0,0.0,0.4692,0.362532,0.0,1,0.0052316291,0.4604164198,0.4670404285791578
5.33673,4.40357,5.33673,1.28737,815.264,633.278,0.0,0.0,0.4692,0.364464,0.0,1,0.0080374793,0.6183020434000001,0.6182383870846723
16.20891,7.16155,16.20891,0.580972,2068.66,3560.7,0.0,0.0,0.759,1.30643,0.0,1,0.0052573264,0.5137161579999999,0.5246099056830446
15.95836,6.79866,15.95836,0.49512,2275.95,4596.76,0.0,0.0,0.781,1.57739,0.0,1,0.0058294367,0.5558840547999999,0.5722286002197486
16.02728,6.94786,16.02728,0.608079,2054.1,3378.01,0.0,0.0,0.7564,1.24392,0.0,1,0.0053123912,0.5232696288,0.529607521800609
16.15521,7.17077,16.15521,0.498613,2156.59,4325.17,0.0,0.0,0.7774,1.55913,0.0,1,0.0055121438,0.5614377749,0.5377515054578391
5.21911,3.84924,5.13491,1.302,482.198,370.352,4.09444,3.14473,0.4604,0.35361,0.0,1,0.0034241473,0.2747242932,0.3090494549842402
4.78677,4.11631,4.78677,1.16382,1062.0,912.51,0.413907,0.355645,0.498,0.427901,0.0,0,0.0057836685,0.4943433961999999,0.553650892342864
15.93828,10.49353,15.93828,0.575196,2135.23,3712.18,0.0,0.0,0.7842,1.36336,0.0,1,0.005630074,0.5453697403,0.526997219856751
7.20791,6.51318,7.17561,0.94264,1559.88,1654.8,0.0,0.0,0.5968,0.633115,0.0,1,0.0108216196,0.9597252789,0.9029192249021746
7.37329,5.74338,7.35934,0.949012,1570.93,1655.33,0.0,0.0,0.5942,0.626125,0.0,1,0.0106934628,0.9793238253,0.8774168282051305
8.09931,5.5083,8.077,3.37544,1357.32,402.116,0.0,0.0,0.5218,0.154587,0.0,1,0.0003950294,0.0392297847,0.038729906253289204
11.32631,6.15412,11.32631,0.742906,2435.38,3278.19,0.0,0.0,0.7266,0.978051,0.0,1,0.0081117449,0.7044041645999999,0.7386826081804146
4.50079,3.43707,4.48085,1.30508,566.366,433.969,0.0,0.0,0.4924,0.377294,0.0,1,0.0137253168,1.0259852039,0.991073424540734
6.68993,4.69904,6.68534,3.09743,1954.36,630.96,0.0,0.0,0.5988,0.193321,0.0,1,0.0004665731,0.0469700817,0.05987564190941552
9.96907,6.19052,9.96907,0.69348,2082.92,3003.58,0.0,0.0,0.6764,0.97537,0.0,0,0.0068727081,0.6534807427,0.6420306820010533
9.30669,8.11233,9.29943,0.819886,2162.64,2637.74,0.0,0.0,0.722,0.880611,0.0,1,0.0044618867,0.4315536813,0.41715166483839317
8.54706,6.43178,8.54706,0.665022,2729.5,4104.38,0.0,0.0,0.7646,1.14974,0.0,1,0.005554842,0.5477700717,0.5462958495947272
11.77413,6.99458,11.77413,0.695804,2361.16,3393.43,0.0,0.0,0.7362,1.05806,0.0,1,0.0065736916,0.5939118159000001,0.6122476234209794
11.92108,6.99954,11.92108,0.79488,2039.53,2565.84,0.0,0.0,0.7422,0.933726,0.0,1,0.0041068982,0.4178362834,0.3896779319852814
6.17335,5.62341,6.16091,1.2809,1123.23,876.911,0.0,0.0,0.4772,0.372552,0.0,1,0.0030665339,0.2676182715,0.2741710099213016
6.27516,5.38886,5.82916,1.20156,1848.31,1538.27,0.0,0.0,0.6418,0.534141,0.0,1,0.0026561491,0.2693935635,0.2596377685210394
8.92408,8.10678,8.90273,0.931064,1602.41,1721.06,0.0,0.0,0.6094,0.65452,0.0,0,0.0074064867,0.6877461327,0.6881769927039214
10.60263,4.61939,9.00037,0.666978,2426.86,3638.59,0.0,0.0,0.7138,1.0702,0.0,0,0.0073079854,0.7277230943999999,0.7018759137463303
10.8507,4.21913,8.79858,0.655054,2519.15,3845.71,0.0,0.0,0.7108,1.0851,0.0,0,0.0078730009,0.7797451237,0.7494511229096446
10.4656,7.25807,10.12341,1.59439,2004.76,1257.39,0.0,0.0,0.6606,0.414328,0.0,1,0.0008325116,0.0823986201,0.12026231626939132
7.24568,4.22882,6.95314,2.14337,1730.17,807.218,0.0,0.0,0.582,0.271535,0.0,1,0.0006134959,0.0614966933,0.06902322515881554
4.79566,3.75004,4.7947,1.6227,1326.67,817.573,0.0,0.0,0.5394,0.332409,0.0,1,0.0115067551,0.9495841161,0.8267444143387681
4.81498,3.73544,4.8133,1.62849,1353.34,831.04,0.0,0.0,0.533,0.327297,0.000122813,1,0.0108737089,0.9171383611,0.7851681239211578
10.26547,8.18203,10.23692,0.66377,1981.42,2985.1,0.0,0.0,0.7732,1.16486,0.0,1,0.0031125039,0.3104403766,0.3041477328805783
7.91312,4.47781,7.90396,1.01651,1145.58,1126.98,498.965,490.863,0.6102,0.600292,0.0,0,0.0071209971,0.6544933702,0.6913829560477749
15.02274,4.23694,15.02053,0.819731,1973.4,2407.37,0.0,0.0,0.6752,0.823685,0.0,1,0.0086459809,0.7907955518,0.7187304483181005
18.88525,7.91531,18.88525,0.52911,1993.81,3768.23,0.0,0.0,0.7926,1.49799,0.0,1,0.0042223812,0.4302467684,0.4155067850691789
10.46531,7.24737,10.06993,0.692819,2068.45,2985.55,0.0,0.0,0.7192,1.03808,0.0,1,0.0056024868,0.5606914274,0.5315758158032838
7.05522,6.73992,7.05522,1.02658,1675.75,1632.35,0.0,0.0,0.6178,0.601802,0.0,0,0.0040377455,0.3789717809,0.3883039214225049
7.34688,6.90533,7.3455,0.98047,1670.06,1703.32,0.0,0.0,0.606,0.618071,0.0,0,0.0112363607,1.0449495069,0.9704766751055833
7.07433,6.89369,7.07243,0.955162,1592.82,1667.59,0.0,0.0,0.6076,0.636122,0.0,0,0.0101631801,0.9076104257,0.9337551232799333
5.1953,4.60615,5.12813,1.85198,863.616,466.321,0.0,0.0,0.4452,0.240392,0.0,1,0.0051648092,0.4328069334,0.41652217209586057
19.11149,16.87545,19.11149,0.689845,2240.23,3247.44,0.0,0.0,0.788,1.14229,0.0,1,0.0066826923,0.5989633653,0.5902791468360061
6.62237,4.41609,6.49093,1.41655,903.672,637.941,195.781,138.21,0.5266,0.371749,0.0,0,0.0061336648,0.5045590870000001,0.5415784237750837
6.32569,5.26533,6.09075,1.27587,1622.74,1271.87,0.0,0.0,0.5952,0.466504,0.0,1,0.0058867921,0.5488521369,0.5212730777214863
6.51263,4.50294,6.50894,1.437,983.288,684.266,131.344,91.4017,0.5196,0.361588,0.0,0,0.008894353,0.6612856606,0.6992071292650277
5.39661,3.78553,5.39661,1.22212,951.616,778.662,0.0,0.0,0.476,0.389488,0.0,1,0.013366233,1.0060088364,0.9797354216261818
6.503,4.33861,6.44488,0.992115,3119.1,3143.89,0.0,0.0,0.6996,0.70516,0.0,0,0.0038751741,0.3899205993999999,0.39879173316182587
4.70975,3.71197,4.69989,1.52733,833.701,545.856,0.0,0.0,0.5236,0.342821,0.0,0,0.0065444849,0.5845234368,0.5490655527868559
4.19243,3.69787,4.18729,1.32337,513.248,387.834,0.0,0.0,0.4454,0.336565,0.0,1,0.0047867972,0.423219606,0.4313034976139793
5.13884,4.48422,5.13105,1.20369,945.898,785.834,0.0,0.0,0.4976,0.413397,0.0,1,0.0043283179,0.3920112313,0.4248759195914882
5.92737,4.9743,5.92737,1.01088,914.95,905.103,64.8197,64.122,0.5454,0.53953,0.0,1,0.0066697126,0.5385269744,0.5372972640676873
5.20127,4.18257,5.20127,1.3,804.684,618.987,0.0,0.0,0.4758,0.365999,0.0,1,0.0099862867,0.7257121597,0.7583623338722724
5.5219,5.04903,5.5219,0.826455,2177.69,2634.97,0.0,0.0,0.6214,0.751886,0.0,0,0.0111163062,0.9750769575,1.0262951004311542
6.73931,4.78997,6.67269,1.07497,1461.44,1359.51,0.0,0.0,0.5704,0.530617,0.0,0,0.0067622057,0.6439811765,0.5916880360201321
4.30666,3.54798,4.30607,2.06143,662.208,321.237,0.0,0.0,0.4722,0.229064,0.0,1,0.0060957068,0.5384335884,0.48200200585815745
5.73813,3.42586,5.73613,1.52986,544.059,355.627,213.849,139.783,0.483,0.315715,0.0,1,0.0076700247,0.576785281,0.6243138750011186
4.85962,3.90561,4.85655,1.68872,896.439,530.839,0.0,0.0,0.4452,0.263631,0.0,0,0.0085556793,0.6470878864,0.6253492679543505
4.84334,3.88578,4.83342,1.72479,895.132,518.979,0.0,0.0,0.4484,0.259973,0.0,0,0.0085238852,0.6614951195000001,0.6216542568143555
11.12087,6.65331,11.08978,1.1494,1264.36,1100.02,490.634,426.862,0.6338,0.551419,0.0,1,0.0067625849,0.6276213272,0.5746619623732085
10.71326,6.70339,10.52268,0.819904,2131.67,2599.9,0.0,0.0,0.7068,0.862052,0.0,1,0.0109097402,0.8135328635,0.8925973438954061
10.89625,6.78698,10.2645,0.812812,2126.87,2616.68,0.0,0.0,0.7052,0.867605,0.0,1,0.0108669257,0.8139918751,0.8939148066271742
10.711,6.72932,10.68633,0.81633,2148.04,2631.34,0.0,0.0,0.7146,0.875382,0.0,1,0.0109137229,0.8205534511,0.8842299598644641
10.86494,6.69089,10.846,0.80874,2143.96,2650.98,0.0,0.0,0.7268,0.898682,0.0,1,0.0104387803,0.8119248293000001,0.881275490452194
11.37189,6.87066,11.36953,0.813465,2137.05,2627.1,0.0,0.0,0.727,0.893708,0.0,1,0.0112582306,0.8217612192,0.8909485050429171
11.03891,6.32706,11.01433,0.80868,2264.04,2799.67,0.0,0.0,0.7142,0.883167,0.0,1,0.0074467529,0.6721571401,0.6915319365614279
11.40663,8.63285,11.3324,0.700785,2325.03,3317.76,0.0,0.0,0.7666,1.09392,0.0,1,0.0044538187,0.4254417036,0.43172526754122764
5.88519,4.42111,5.88043,1.07601,1508.86,1402.27,0.0,0.0,0.5452,0.506686,0.0,1,0.0066114185,0.6146370895000001,0.5794949060888346
5.19679,3.88815,5.19679,1.15403,1306.7,1132.29,0.0,0.0,0.5258,0.455621,0.0,1,0.0073572349,0.6554167749,0.7021286378073931
4.83761,4.30379,4.83761,1.70777,2244.04,1314.02,0.0,0.0,0.608,0.356019,0.0,1,0.0034199926,0.3249100822,0.3362149012260253
4.83981,4.27369,4.83981,1.75476,2235.14,1273.76,0.0,0.0,0.5942,0.338622,0.0,1,0.0048938739,0.4549273565,0.4398183090173572
5.09454,3.5623,5.09454,2.38239,649.886,272.788,0.0,0.0,0.4074,0.171005,0.0,1,0.0028076587,0.2287038166,0.21436992485329132
5.03643,3.47331,4.82197,2.42633,623.511,256.977,0.0,0.0,0.4032,0.166177,0.0,1,0.0030055266,0.2366195917,0.20076925007065116
5.04735,3.46352,5.0193,2.47686,626.37,252.888,0.0,0.0,0.3988,0.16101,0.0,1,0.0028976699,0.2373320065,0.21356280540057615
4.97873,3.46394,4.79411,2.52518,613.235,242.848,0.0,0.0,0.3982,0.157692,0.0,1,0.003117508,0.2381100051,0.21888498737390144
5.02432,3.48688,5.02432,2.56501,609.55,237.64,0.0,0.0,0.3952,0.154074,0.0,1,0.0030017406,0.2402506538,0.1954777445572512
4.95352,4.39275,4.95352,1.55656,2295.37,1474.65,0.0,0.0,0.629,0.404097,0.0,0,0.0030863769,0.3073469721,0.2874048107598773
4.9238,4.37132,4.9238,1.57984,2315.52,1465.67,0.0,0.0,0.6202,0.392572,0.0,0,0.0031814341,0.3120670714999999,0.31871049827991743
4.90097,4.37647,4.90097,1.61335,2291.08,1420.07,0.0,0.0,0.6242,0.386896,0.0,1,0.0031490176,0.3118527553,0.2848825763747341
4.87971,4.37038,4.87971,1.63348,2285.5,1399.16,0.0,0.0,0.604,0.369763,0.0,1,0.0032659719,0.3108492086,0.32173703056030356
4.85948,4.34946,4.85948,1.66666,2253.59,1352.15,0.0,0.0,0.5992,0.35952,0.0,1,0.0033203813,0.3207819268,0.3375205707436114
4.8612,4.33226,4.8612,1.68559,2254.63,1337.59,0.0,0.0,0.5966,0.353942,0.0,1,0.0032491868,0.3241284486,0.326218054089572
4.6267,3.86158,4.59914,1.41831,894.104,630.401,0.0,0.0,0.4764,0.335893,0.0,0,0.0103108087,0.8071419733,0.8332417021575951
4.91533,3.83478,4.91533,1.40969,980.417,695.487,0.0,0.0,0.4986,0.353696,0.0,1,0.0204023114,1.334065899,1.4153566167736247
7.34891,5.7859,7.21721,1.50223,520.443,346.446,27.0727,18.0216,0.4484,0.298489,0.0,1,0.0023552044,0.2183738751999999,0.1885505994533747
7.34523,5.77431,7.33779,1.55847,525.754,337.351,34.2975,22.0071,0.4426,0.283996,0.0,1,0.0025085008,0.2352524192,0.2511947867135112
7.45595,5.7787,7.37267,1.54828,597.632,385.997,35.4694,22.9089,0.4528,0.292453,0.0,1,0.0031986252,0.2956410964,0.29960995299341225
7.43383,5.78969,7.30816,1.58521,593.074,374.131,15.956,10.0656,0.4384,0.276557,0.0,1,0.0027811335,0.2546446225,0.22424470320516665
7.45284,5.80961,7.45284,1.59702,595.668,372.986,17.5491,10.9886,0.4418,0.276639,0.0,1,0.0028596075,0.257217561,0.22794349846913992
4.87361,4.61034,4.87361,1.39877,1201.03,858.632,0.0,0.0,0.5228,0.373756,0.0,0,0.0135064366,0.9925761541,1.0272306790887518
8.30134,7.08669,8.30134,1.3689,1061.52,775.455,0.0,0.0,0.5704,0.416684,0.0,1,0.0010929207,0.1028691416,0.12150426037837425
8.03523,6.79991,8.03523,1.55221,1025.68,660.788,0.0,0.0,0.5644,0.363612,0.0,1,0.0009135647,0.0881437410999999,0.08696433648740365
8.44067,7.27418,8.44067,1.48575,1083.43,729.214,0.77233,0.519826,0.5778,0.388896,0.0,1,0.0009210716,0.0865499778999999,0.10828763934763952
8.57681,7.4662,8.57681,1.43976,1130.1,784.921,4.16739,2.8945,0.5708,0.396454,0.0,1,0.0009322332,0.0870633326,0.124737634376341
5.27812,3.52606,5.27812,1.59275,798.942,501.612,5.51079,3.45992,0.4646,0.291697,0.0,0,0.0026422014,0.2552857061,0.27420748399753986
4.98825,4.19272,4.98346,1.40649,999.163,710.396,0.0,0.0,0.5104,0.36289,0.0,1,0.0035156621,0.3225305698,0.34298807677570947
4.51961,3.60555,4.51961,1.13786,1565.68,1375.99,0.0,0.0,0.5718,0.502522,0.0,0,0.0086057878,0.7775490154000001,0.8018713773583781
4.51815,3.68584,4.44811,1.14062,1514.82,1328.07,0.0,0.0,0.5714,0.500956,0.0,0,0.0109511078,0.9757874259,0.9401132458623336
4.54995,3.78626,4.54995,1.12516,1590.17,1413.29,0.0,0.0,0.5782,0.513884,0.0,0,0.0115632568,0.9894932043,1.004967579870311
4.4842,3.61074,4.45602,1.15336,1507.95,1307.45,0.0,0.0,0.565,0.489873,0.0,0,0.0107145956,0.964331494,0.940205710170801
4.52093,3.69835,4.50827,1.13868,1559.53,1369.6,0.0,0.0,0.5718,0.502162,0.0,0,0.0110763201,0.977627848,0.9799943437769856
4.54619,3.75106,4.54619,1.13112,1575.56,1392.92,0.0,0.0,0.576,0.509231,0.0,0,0.0113545696,0.9868577835,0.9861724245774475
4.54883,3.77222,4.52816,1.12759,1562.09,1385.34,0.0,0.0,0.5786,0.51313,0.0,0,0.0112015324,0.9760974754,0.9857456096001684
4.54974,3.80687,4.54906,1.12252,1599.36,1424.8,0.0,0.0,0.5812,0.517765,0.0,0,0.0112174323,0.9978009413,0.9869609138580366
4.56818,3.83214,4.56487,1.10391,1656.82,1500.86,0.0,0.0,0.5884,0.533013,0.0,0,0.0086017664,0.7861427390000001,0.8105074679501669
4.40257,3.44728,4.36821,1.18614,1438.51,1212.76,0.0,0.0,0.5546,0.467566,0.0,1,0.0104065336,0.9374724613,0.9275272696798634
8.732,7.51715,8.732,1.34422,1127.95,839.11,0.0,0.0,0.5656,0.420764,0.0,1,0.0008804175,0.0917956408,0.11373171846739605
9.62612,6.21746,9.61657,0.927119,1704.27,1838.25,6.32101,6.81791,0.6464,0.697214,0.0,1,0.0032439566,0.3022914946,0.3386194423902778
4.986,4.06891,4.90495,1.61194,943.479,585.307,0.0,0.0,0.463,0.287232,0.0,0,0.0026984587,0.2432892053,0.2818083927479884
7.60111,7.11755,7.60111,1.01218,1727.14,1706.35,0.0,0.0,0.63,0.622417,0.0,0,0.0056155183,0.5445574053,0.5037239548278283
6.98663,4.18313,6.97418,1.49157,1020.42,684.125,118.512,79.4544,0.5482,0.367533,0.0,1,0.0017530531,0.1668203328999999,0.18195126498296033
5.41352,3.48109,5.41227,1.38051,840.521,608.85,0.0,0.0,0.4942,0.357985,0.0,0,0.0030547721,0.2817536418,0.2709087501409947
6.13409,5.44238,6.13409,1.2726,1015.51,797.983,0.0,0.0,0.5042,0.396197,0.0,0,0.0050234179,0.4494140274,0.45103748001850513
4.94352,3.57815,4.9376,1.23221,1172.12,951.24,0.0,0.0,0.5416,0.439537,0.0,1,0.0125733929,1.0193150988,1.039871521486857
4.98172,4.06866,4.90588,1.61186,947.448,587.799,0.0,0.0,0.4852,0.301019,0.0,0,0.0026297997,0.2492114439999999,0.26457414659847045
4.98664,4.03769,4.97035,1.60991,948.127,588.931,0.0,0.0,0.473,0.293805,0.0,0,0.0026266063,0.2403448516,0.26073322365322105
9.73279,7.22908,9.72646,0.781161,2141.5,2741.43,0.0,0.0,0.7076,0.905831,0.0,0,0.0051388248,0.4958843759,0.49192438929327
6.7427,5.50308,6.71088,1.44712,1338.51,924.951,0.0,0.0,0.528,0.364864,0.0,0,0.0064862023,0.577788383,0.5479751920079197
10.21317,6.80397,9.6529,0.728441,2006.16,2754.05,0.0,0.0,0.7122,0.977705,0.0,1,0.0049392957,0.4865717118,0.45752252956943446
14.24395,11.55698,14.23198,0.475086,1730.44,3642.38,0.0,0.0,0.8226,1.73148,0.0,1,0.0033185659,0.3274348717,0.3331557935696599
7.61954,3.92787,7.61954,0.877202,2692.33,3069.22,0.0,0.0,0.7338,0.836523,0.0,0,0.0023030869,0.2375135696,0.2560118058348184
5.90123,4.88331,5.87765,1.20548,523.182,434.001,0.115009,0.0954049,0.4266,0.353883,0.0,0,0.0018017592,0.1631182862,0.16049347479485065
5.56765,4.22978,5.55876,1.17628,572.115,486.376,3.29466,2.80092,0.4396,0.373721,0.0,1,0.0017658345,0.1667293034,0.1959289068887392
4.40563,4.06842,4.39346,1.59545,414.383,259.728,154.011,96.5316,0.4902,0.307249,0.0,1,0.0116062122,0.8136595754000001,0.7038788731891826
4.61767,3.60434,4.60806,1.63777,404.45,246.951,107.478,65.6246,0.4794,0.292715,0.0,1,0.0104029548,0.7272553885999999,0.6795709734910913
5.04706,4.025,5.04249,1.31109,1273.98,971.693,0.0,0.0,0.578,0.440854,0.0,1,0.0058173071,0.5095031677,0.5420357057361802
4.65234,4.0796,4.6262,1.34338,777.291,578.609,0.382682,0.284865,0.4858,0.361625,0.0,0,0.0153815073,1.0737360537,1.0659354342814142
4.81584,3.50149,4.81584,1.10493,799.46,723.542,0.0,0.0,0.5386,0.487453,0.0,0,0.0093396836,0.8453592696,0.7826879620643475
6.22413,4.97143,6.22113,1.10896,2859.64,2578.66,0.0,0.0,0.7412,0.668372,0.0,1,0.0014841262,0.1471483660999999,0.14926182650758646
6.18287,5.26913,6.08331,1.06646,2702.71,2534.28,0.0,0.0,0.743,0.696696,0.0,1,0.0013155277,0.1322084046,0.13674812883499277
4.85065,3.63556,4.83812,1.14632,1509.08,1316.45,0.0,0.0,0.552,0.481541,0.0,1,0.0093820681,0.8022449578,0.8524548430953691
4.81894,3.74279,4.79734,1.18861,1454.84,1223.98,0.0,0.0,0.5584,0.469791,0.0,0,0.0132595507,1.064082608,1.088734268737149
4.94527,3.59812,4.94527,1.22278,1150.61,940.978,0.0,0.0,0.5326,0.435564,0.0,1,0.0125661631,1.0113271312,1.0406110829849207
6.48105,4.74292,6.45525,1.18111,1714.15,1451.31,0.0,0.0,0.5818,0.492588,0.0,1,0.0107347396,0.9344090895,0.9182663709301717
5.45688,4.84274,5.44436,1.09301,1433.3,1311.34,0.0,0.0,0.552,0.50503,0.0,0,0.0137253066,1.115979569,1.1498646166188413
17.38546,6.83963,17.38546,0.742862,1607.16,2163.48,0.0,0.0,0.6666,0.897341,0.0,1,0.004059482,0.3700354725999999,0.385869510244321
8.09669,7.0815,8.09669,0.92351,1288.54,1395.26,130.958,141.805,0.578,0.625873,0.0,1,0.0154614173,0.90260383,1.042642997216044
5.3857,3.74409,5.37745,1.51731,1051.5,692.999,0.0,0.0,0.4932,0.325048,0.0,1,0.0126252373,0.9488194779,0.836221591489788
8.95121,6.85436,8.94162,0.828799,2404.18,2900.8,0.0,0.0,0.747,0.901304,0.0,1,0.0032731347,0.3363800306,0.3345419303981863
6.21484,4.39834,6.20863,1.03298,1693.59,1639.51,90.392,87.5058,0.5878,0.569032,0.0,1,0.0113649691,0.8407108153,0.8840887691187012
5.88607,4.95547,5.85988,1.02366,1929.46,1884.87,0.0,0.0,0.5976,0.583788,0.0,1,0.0079093253,0.7214263808,0.7404398029433418
20.46084,11.48372,20.46084,0.586943,1702.14,2900.02,0.0,0.0,0.7774,1.32449,0.0,1,0.0042164047,0.4179497445,0.40181435440324875
5.94278,4.37421,5.9419,2.24053,1604.96,716.33,0.0,0.0,0.585,0.261099,0.0,1,0.0017345979,0.1705700338,0.11450649700198834
7.1828,5.28792,5.5333,1.16005,1460.05,1258.61,0.0,0.0,0.5844,0.50377,0.0,1,0.0112807925,0.9320121557,0.8816817653248635
5.87719,4.74286,5.84645,1.30118,2520.95,1937.44,0.0,0.0,0.693,0.532594,0.0,0,0.0013694797,0.1348888023,0.1399586979945765
5.86317,4.77379,5.86317,1.51311,2502.33,1653.77,0.0,0.0,0.691,0.456676,0.0,0,0.0012404089,0.1194458303,0.1327488519440001
9.09166,6.13483,9.09166,0.794129,2337.82,2943.87,0.0,0.0,0.7296,0.918742,0.0,1,0.0055796019,0.54364708,0.5378445266970848
12.0545,7.54941,12.04417,0.408102,2874.44,7043.44,0.0,0.0,0.8306,2.03528,0.0,0,0.0035058463,0.3372270971,0.3719905121519527
5.55509,4.14993,5.55509,1.52455,953.655,625.532,0.0,0.0,0.496,0.325342,0.0,1,0.0044617233,0.3826492614,0.3622568963990568
5.60421,3.86066,5.60127,1.48994,937.281,629.074,0.0,0.0,0.4916,0.329946,0.0,1,0.0041631085,0.3577144390999999,0.29783551860089597
5.5468,4.15747,5.5468,1.51166,957.433,633.365,0.0,0.0,0.499,0.330101,0.0,1,0.0044257809,0.3829804861,0.36208591608928603
5.49903,4.14636,5.49903,1.53964,937.998,609.231,0.0,0.0,0.4952,0.321633,0.0,1,0.0043379203,0.3700072281,0.33413193250481854
6.69801,4.2951,6.69801,1.32919,1592.17,1197.85,0.0,0.0,0.5518,0.41514,0.0,1,0.0018478447,0.1788641173,0.19845887305359644
11.388,10.51295,11.388,1.29023,1549.54,1200.97,0.0,0.0,0.6408,0.496654,0.0,1,0.0038591212,0.3676253224,0.3609409533446923
6.09672,4.22892,6.07575,0.908366,2253.73,2481.08,0.0,0.0,0.6284,0.691792,0.0,0,0.0107276396,1.009277883,0.9932299422412456
12.74499,5.77928,12.74499,0.733163,2254.93,3075.61,0.0,0.0,0.725,0.988866,0.00027279,0,0.0022354716,0.2223085842,0.2625106324775821
11.82299,11.04159,11.82299,1.21909,1551.12,1272.35,0.0,0.0,0.6516,0.534496,0.0,1,0.0038009865,0.3779391102,0.3664072091426029
11.68121,10.84815,11.68121,1.21577,1583.43,1302.41,0.0,0.0,0.6636,0.545826,0.0,1,0.0044404687,0.427497271,0.4134806641748785
5.74395,5.29156,5.74395,1.06237,2263.33,2130.44,0.0,0.0,0.6418,0.604119,0.0,1,0.0065490723,0.6217163326,0.6329504527064813
6.08333,5.37096,6.07626,1.04043,1389.12,1335.14,0.0,0.0,0.5492,0.52786,0.0,1,0.0150519632,1.1936278129,1.1874621037618014
5.80963,5.50482,5.80963,1.36819,906.494,662.552,0.0,0.0,0.4696,0.343228,0.0,0,0.0038568621,0.3422011001,0.31822875397412964
4.42221,3.69918,4.41972,1.50844,549.218,364.098,0.0,0.0,0.4148,0.274987,0.0,0,0.0159634594,1.0062154513,1.034500470952823
6.26224,4.9385,6.26224,0.976988,2134.32,2184.59,0.0,0.0,0.6306,0.645453,0.0,1,0.0070672664,0.6731432454999999,0.6750928227718147
5.99818,3.55745,5.99789,1.43122,1129.23,788.996,0.0,0.0,0.5054,0.353125,0.0,1,0.0043911585,0.4011634940999999,0.4186661580490691
5.7179,4.33245,5.7179,1.22921,2521.0,2050.91,0.0,0.0,0.7142,0.581024,0.0,1,0.0015461444,0.1572883327999999,0.14278221745121455
4.33773,3.41599,4.33773,1.49576,352.527,235.684,0.0,0.0,0.417,0.278788,0.0,0,0.004360877,0.3892553579,0.3944090653755456
5.72419,4.44331,5.72419,1.42898,2534.05,1773.33,0.0,0.0,0.696,0.487062,0.0,1,0.0026049053,0.2653637235,0.20696505821452305
6.17426,4.1636,6.17426,1.52633,1173.96,769.14,0.0,0.0,0.515,0.337411,0.0,1,0.0014407317,0.1432723652999999,0.15828522020012747
4.76467,4.03549,4.66336,1.44804,377.496,260.695,0.0,0.0,0.3538,0.244331,0.0,1,0.0014965519,0.1297277234,0.1385684772133543
7.82098,6.43142,7.82098,1.16534,871.633,747.963,192.071,164.819,0.4948,0.424596,0.0,0,0.0262249549,1.2730548194,1.108218629605264
6.27243,4.13122,6.27243,1.17515,1915.59,1630.08,0.0,0.0,0.5984,0.509212,0.0,1,0.0086467466,0.7438478145999999,0.7691862311808064
6.29331,4.20233,6.29331,1.17761,1945.22,1651.83,0.0,0.0,0.5978,0.507636,0.0,1,0.0086416535,0.751349831,0.7674277890159015
6.32968,4.348,6.32927,1.20953,2082.36,1721.62,0.0,0.0,0.5984,0.494736,0.0,1,0.0086219623,0.7373860234,0.7888048402514589
5.77002,3.85246,5.77002,1.252,1972.92,1575.81,0.0,0.0,0.591,0.472044,0.0,1,0.0093800902,0.8070985798,0.7915406931919484
5.45253,3.7803,5.34777,1.25131,1519.07,1213.99,0.0,0.0,0.5746,0.459198,0.0,1,0.005748607,0.5318074502000001,0.4925038008751699
9.92256,5.8874,9.91786,0.624717,2477.67,3966.07,0.0,0.0,0.7426,1.1887,0.0,1,0.0052678296,0.5146335404,0.5177774755199617
11.03643,6.52149,11.03643,0.928573,2127.88,2291.56,0.0,0.0,0.7184,0.77366,0.0,1,0.0041232158,0.397638758,0.3928630183425897
13.08079,12.38023,13.06205,0.690785,1403.08,2031.14,0.0,0.0,0.695,1.0061,0.0,1,0.0025707544,0.249706492,0.24280973978437093
11.61446,10.87886,11.61282,1.12308,1562.97,1391.69,0.0,0.0,0.6468,0.575919,0.0,1,0.0042276862,0.4127326346,0.402429565732543
11.66235,10.95208,11.66071,1.12361,1554.7,1383.67,0.0,0.0,0.6474,0.57618,0.0,1,0.0042703809,0.4068180525,0.40686346117562777
10.90023,10.70959,10.90023,1.18162,1552.96,1314.27,0.0,0.0,0.6334,0.536045,0.0,1,0.0044684118,0.4199680279,0.40494888117989986
10.90058,10.69127,10.90058,1.17453,1540.78,1311.82,0.0,0.0,0.6378,0.543023,0.0,1,0.0041524116,0.3920833003,0.3731513375910628
5.25085,4.08598,5.25085,2.1223,863.13,406.696,0.0,0.0,0.445,0.209679,0.0,1,0.0018368191,0.1636722751,0.14946232391659808
6.86807,4.44781,6.86449,1.54228,1806.06,1171.04,0.0,0.0,0.5994,0.388646,0.0,0,0.0011003884,0.1057778279,0.12467240033423144
7.74164,5.799,7.74164,1.37569,1208.67,878.591,0.0,0.0,0.519,0.377266,0.0,0,0.0014441921,0.1414264399,0.16829751174606922
9.81174,6.0117,9.81174,0.930964,2043.98,2195.55,1.24552,1.33788,0.6752,0.725269,0.0,1,0.0068042086,0.6090878972,0.6022629507280012
8.46756,5.64741,8.46756,0.942685,2103.28,2231.16,0.0,0.0,0.6726,0.713494,0.0,1,0.0076872105,0.693187033,0.6938596258496021
9.28052,5.47786,6.88618,0.953453,2042.04,2141.73,5.77107,6.05281,0.6674,0.699982,0.0,1,0.0071268439,0.6529798825,0.6385713707068357
7.54466,5.76979,7.52984,0.764767,2839.31,3712.64,0.0,0.0,0.7218,0.943817,0.0,1,0.0057519324,0.5444859667,0.558281702722544
6.27181,5.14016,6.27181,1.1,1232.84,1120.77,0.0,0.0,0.519,0.471819,0.0,0,0.0061334203,0.5598866665,0.5670937326737795
5.16081,4.12484,4.9288,1.1814,581.838,492.497,0.0,0.0,0.4608,0.390045,0.0,1,0.0060055469,0.4658822515999999,0.4795290495564172
8.00513,4.84682,8.00513,0.97425,1418.35,1455.84,0.0,0.0,0.579,0.594304,0.0,1,0.0038297729,0.3709012448,0.37021634535565506
5.63894,4.87372,5.6352,0.95923,2385.0,2486.37,0.0,0.0,0.6578,0.685758,0.0,1,0.0069118992,0.660133636,0.6554435428444045
5.23028,4.01485,5.22391,1.22139,660.545,540.814,0.0,0.0,0.4386,0.359099,0.0,0,0.007301071,0.5744490946,0.5938333856181023
12.04583,5.92239,11.92324,0.785656,2290.99,2916.02,0.0,0.0,0.7288,0.927633,0.0,1,0.0087322056,0.8048953000000001,0.7655638766358486
12.27463,5.80964,12.27345,0.829543,2229.7,2687.86,0.0,0.0,0.7142,0.860956,0.0,1,0.0102966388,0.8622106475,0.8740241713499692
12.32799,5.95231,12.30286,0.80227,2262.64,2820.29,0.0,0.0,0.7248,0.903436,0.0,1,0.0090690917,0.7966691687999999,0.7561726014912471
12.3325,5.92345,11.43456,0.799114,2266.72,2836.54,0.0,0.0,0.716,0.895992,0.0,1,0.0083233057,0.71311093,0.7353505282491455
8.72596,4.78582,5.19905,0.69846,2019.57,2891.46,0.0,0.0,0.6706,0.960112,0.0,0,0.0059631444,0.5669358399000001,0.5724114498180526
7.64385,3.69554,7.61714,1.59976,1128.44,705.383,0.0,0.0,0.5006,0.312922,0.0,1,0.0016226584,0.150774291,0.13838517453919474
9.13832,7.15944,9.13721,1.55974,883.314,566.32,0.0,0.0,0.468,0.30005,0.0,0,0.0043736215,0.3817587005,0.3620876285021034
4.31723,3.81301,4.31723,1.71018,546.548,319.586,0.0,0.0,0.3908,0.228514,0.0,1,0.0106960287,0.7928444329000001,0.6977103530175661
7.50178,6.81683,7.48998,1.3921,605.922,435.258,0.0,0.0,0.4572,0.328425,0.0,1,0.0020610659,0.1943574269,0.1459290960674725
11.44556,6.40417,11.33705,0.730607,2384.2,3263.31,0.0,0.0,0.7356,1.00683,0.0,1,0.0079514431,0.7258039990999999,0.7263382896632299
10.93441,7.53577,10.93441,0.740914,2058.85,2778.79,0.0,0.0,0.6834,0.922374,0.0,1,0.005516746,0.5344270277000001,0.5271814958773112
20.08743,6.60038,20.08743,0.594513,2262.76,3806.08,0.0,0.0,0.7896,1.32814,0.0,1,0.0053997297,0.4989779446,0.5349499587512729
13.2515,6.69559,13.2515,0.880841,2071.01,2351.17,0.0,0.0,0.7102,0.806275,0.0,1,0.0070243441,0.5677732686,0.6150074526678578
13.2528,6.68289,13.24082,0.879538,2081.51,2366.6,0.0,0.0,0.7114,0.808834,0.0,1,0.0073143073,0.5664926513,0.6580361026016319
7.08547,5.79444,7.06039,0.976074,2045.35,2095.49,0.0,0.0,0.6658,0.682121,0.0,1,0.006915762,0.6782696059000001,0.6412176696969616
5.00556,4.25936,4.99526,1.20903,749.985,620.32,113.34,93.7445,0.4842,0.400487,0.0,0,0.0125677574,0.9846495625,0.8342753156657728
4.93904,4.0295,4.92508,1.22564,729.192,594.949,58.9909,48.1308,0.476,0.388369,0.0,0,0.010510643,0.7887310515000001,0.7536966705049112
5.0116,4.2579,5.00398,1.20953,754.604,623.882,108.464,89.6743,0.4862,0.401975,0.0,0,0.013151682,0.9773025003,0.8860059228485222
5.16255,4.15677,5.1598,1.20317,906.897,753.758,0.0,0.0,0.489,0.406428,0.0,0,0.0122624168,0.9168781076,0.9049218392934897
5.09877,4.13298,5.09676,1.20829,964.449,798.193,0.0,0.0,0.4804,0.397587,0.0,0,0.011662753,0.924001673,0.9253362400601703
5.12194,4.11529,5.12194,1.33232,742.246,557.107,0.0,0.0,0.4414,0.331301,0.0,0,0.010816814,0.7767376565,0.7815447168366603
5.08559,4.11717,5.08559,1.2088,729.375,603.388,81.5419,67.4569,0.4856,0.401721,0.0,0,0.0086974862,0.6906694911,0.6987433735010785
5.11473,4.16376,5.10357,1.08866,1006.1,924.169,87.4124,80.2937,0.5292,0.486103,0.0,0,0.0118697033,0.9654480113,0.8482343013159619
5.10474,4.13393,5.10321,1.0969,978.875,892.401,83.5224,76.1441,0.514,0.468593,0.0,0,0.0116580566,0.9969186422,0.8752127982914673
5.08733,4.17716,5.07679,1.08852,1089.8,1001.18,0.0,0.0,0.5174,0.475323,0.0,0,0.0108639445,0.924999015,0.9166178084736945
5.04996,4.14711,5.04511,1.09607,962.033,877.707,77.5987,70.7969,0.5244,0.478435,0.0,0,0.0108149684,0.9452226386,0.8232626703339918
5.07875,4.17789,5.06297,1.09375,995.244,909.941,78.4709,71.7451,0.516,0.471773,0.0,0,0.0113799425,0.9409494754,0.8240310911178726
5.0609,4.11967,5.05301,1.21644,759.402,624.282,73.8134,60.6798,0.48,0.394594,0.0,0,0.0097284043,0.7550900687000001,0.7551526132298618
5.06256,4.10802,5.0479,1.09653,996.696,908.953,84.6011,77.1534,0.5168,0.471304,0.0,0,0.0115461113,0.9709385799,0.8643707486164582
5.06349,3.71152,5.06349,1.47923,1116.55,754.816,0.0,0.0,0.5356,0.362081,0.0,1,0.0102308624,0.8047123869,0.7985552362334127
6.32965,4.86396,6.30162,0.999228,1791.69,1793.08,0.0,0.0,0.6306,0.631087,0.0,1,0.0055855156,0.5365269094,0.5204612992233453
6.92026,6.59227,6.92026,1.32896,1046.66,787.578,0.0,0.0,0.471,0.354412,0.0,0,0.0024974128,0.2504571384,0.23729242569813824
5.70656,4.20407,5.70656,1.37248,1878.22,1368.48,0.0,0.0,0.6602,0.481026,0.0,1,0.0011583756,0.1194972951999999,0.11996591821357128
4.47666,3.4574,4.38159,1.49843,1071.95,715.381,0.0,0.0,0.5224,0.348632,0.0,0,0.0050695495,0.4654978934,0.5037082924598175
10.30385,9.54542,10.30385,0.791501,1993.93,2519.18,0.0,0.0,0.7574,0.956916,0.0,1,0.0029709132,0.2894703381,0.2852958459739301
8.48774,6.12459,8.47169,0.953346,1562.83,1639.31,0.0,0.0,0.592,0.62097,0.0,1,0.0043727799,0.4282991968,0.42873014763528755
10.27954,6.68603,10.27954,0.811613,2141.53,2638.61,0.0,0.0,0.7038,0.867162,0.0,1,0.0099901391,0.7260151068,0.878315698990676
7.39924,5.0967,7.39924,1.7772,885.87,498.464,0.0,0.0,0.459,0.258271,0.0,0,0.0028741261,0.2720603256,0.276914497906649
12.65678,12.45148,12.65678,0.754809,1718.63,2276.91,0.0,0.0,0.7462,0.988595,0.0,0,0.0039680371,0.3978117022999999,0.35682693319907344
7.26683,5.05082,7.26683,1.84193,854.902,464.133,0.0,0.0,0.4484,0.24344,0.0,0,0.0030715875,0.2750645524,0.2899590266166442
7.17175,4.98444,7.17175,1.90997,842.378,441.043,0.0,0.0,0.429,0.224611,0.0,0,0.0033586885,0.2822089738,0.3245333704198513
7.46533,5.15143,7.46533,1.74528,880.071,504.258,0.0,0.0,0.4664,0.267235,0.0,0,0.0027490678,0.2565143691,0.27512871809515294
7.16776,4.98308,7.16776,1.90582,867.573,455.224,0.0,0.0,0.4432,0.232551,0.0,0,0.0032014871,0.2814218828,0.31478579787469824
4.92252,4.16141,4.92016,1.02848,1305.43,1269.29,149.801,145.653,0.5256,0.511047,0.0,1,0.0050217558,0.4854853421,0.5317014277370788
6.86556,5.42795,6.77124,1.72448,1373.37,796.394,0.0,0.0,0.5618,0.325779,0.0,0,0.0016158503,0.1469800777,0.174758069275741
9.10759,5.82003,9.09622,0.79426,2035.41,2562.65,0.0,0.0,0.6788,0.854632,0.0,0,0.0043238443,0.4330506876,0.41551647871197445
9.31132,6.13762,9.25337,0.805528,2027.45,2516.92,0.0,0.0,0.6802,0.844415,0.0,0,0.0044719076,0.4247429339,0.4167008363856577
8.78773,6.19333,8.65663,0.743413,2043.29,2748.52,0.0,0.0,0.6694,0.900442,0.0,0,0.0052101752,0.5078710493999999,0.4999811583514617
9.35403,6.16685,9.35403,0.696817,2021.29,2900.75,0.0,0.0,0.689,0.988782,0.0,0,0.0046131438,0.4634520802,0.43377298519269647
9.37986,6.91474,9.3766,0.799877,2024.21,2530.65,0.0,0.0,0.6774,0.84688,0.0,0,0.0046797196,0.4753085046999999,0.4432133333689845
9.29397,7.061,9.29397,0.804304,2026.73,2519.86,0.0,0.0,0.6664,0.828542,0.0,1,0.0049458903,0.4861382102,0.45936241496482305
9.05505,5.17643,9.05505,0.759045,1983.21,2612.77,0.0,0.0,0.6628,0.873203,0.0,0,0.0043910042,0.4328057971,0.4123058257702689
9.2643,7.0803,9.2643,0.838826,2017.64,2405.31,0.0,0.0,0.6628,0.790152,0.0,1,0.0047581722,0.4664462231,0.453888325884591
9.33636,7.09924,9.33362,0.775219,2017.38,2602.33,0.0,0.0,0.6762,0.87227,0.0,1,0.0048057286,0.4672636193,0.4612173970719932
9.26232,6.95652,9.26232,0.838222,1987.56,2371.16,0.0,0.0,0.6778,0.808616,0.0,1,0.0050064088,0.4693457785,0.4690223262708545
8.73316,6.23369,8.71341,0.740492,2050.34,2768.88,0.0,0.0,0.675,0.911557,0.0,1,0.0063640147,0.5994465362,0.6159344752950859
5.93429,4.20385,5.53783,1.95218,1731.21,886.811,0.0,0.0,0.5688,0.291367,0.0,1,0.0015456284,0.1509162317,0.14913325271801625
9.3852,6.06112,9.3852,0.741116,2013.56,2716.93,0.0,0.0,0.6778,0.914567,0.0,0,0.0045842632,0.4556314843999999,0.42291366806826763
6.97207,5.82661,6.96816,0.933596,1700.54,1821.49,0.0,0.0,0.6474,0.693448,0.0,1,0.0040368957,0.3840708559,0.40024503294358027
5.6865,4.62391,5.6865,2.0702,595.538,287.672,0.0,0.0,0.4486,0.216694,0.0,0,0.0013072311,0.1202488276,0.14781375165629518
5.05389,3.89577,5.05389,2.41939,826.15,341.47,0.0,0.0,0.42,0.173597,0.0,0,0.0647561521,1.8802045324,2.277634262741096
5.90641,4.49569,5.71401,1.1598,896.995,773.404,0.0,0.0,0.4966,0.428177,0.0,0,0.0055245968,0.4801572993,0.4720644400455309
10.60893,7.2431,10.60893,1.18823,994.3,836.792,67.7434,57.0121,0.5998,0.504785,0.0,1,0.0032455839,0.2885638698,0.2982989209258792
8.43446,8.11603,8.43446,1.03711,1659.86,1600.46,0.0,0.0,0.6244,0.602057,0.0,1,0.0093031158,0.8471900134,0.7251727025002641
6.46856,4.61872,6.46856,1.24305,1893.89,1523.58,0.0,0.0,0.5932,0.477214,0.0,1,0.0070789172,0.6369007167,0.6350796020692484
6.3423,4.46517,6.3423,1.25711,1867.55,1485.59,0.0,0.0,0.5936,0.472195,0.0,1,0.006817404,0.6254907336,0.6140205459286547
13.23644,6.65907,13.23644,0.875752,2128.62,2430.62,0.0,0.0,0.7182,0.820095,0.0,1,0.0077004945,0.6161454707999999,0.6754350962326724
13.24642,6.64739,13.24642,0.87412,2116.36,2421.13,0.0,0.0,0.718,0.821397,0.0,1,0.0072665183,0.6132342138,0.6403052740018158
5.56472,4.25664,5.46687,1.21878,1831.56,1502.78,0.0,0.0,0.5704,0.46801,0.0,1,0.0038539048,0.3891943745,0.37651666153091295
6.46377,5.36376,6.20996,1.13461,1899.46,1674.11,0.0,0.0,0.5878,0.518062,0.0,1,0.0046059216,0.444232677,0.43360430473262246
5.02813,3.93675,5.02538,1.19627,575.885,481.401,200.588,167.678,0.4922,0.411446,0.0,1,0.0270753966,1.4385506434,1.2405445338650567
4.96518,4.05764,4.96518,2.7729,1349.87,486.806,0.0,0.0,0.5428,0.195751,0.0,1,0.0038934826,0.333370512,0.29891458060216886
4.46675,3.68033,4.46518,1.46572,1326.74,905.182,0.0,0.0,0.5588,0.381246,0.0,1,0.0136197276,1.0845121791,1.0673958665854846
14.21921,13.28886,14.21921,0.359874,1854.43,5152.99,0.0,0.0,0.8504,2.36305,0.0,1,0.0040945618,0.4107552218999999,0.3868606152985587
14.22916,13.19368,14.22916,0.358398,1899.33,5299.5,0.0,0.0,0.8506,2.37334,0.0,1,0.0039900703,0.3990672453,0.38648528555156475
14.83912,13.174,14.83912,0.366991,1878.61,5118.95,0.0,0.0,0.845,2.30251,0.0,1,0.0041139262,0.4013517853,0.38661068178410324
23.72832,19.63801,23.72795,0.329166,1685.62,5120.87,0.0,0.0,0.8726,2.65094,0.0,1,0.0041972362,0.428673492,0.3960365872387857
5.91185,4.82034,5.90988,1.88819,647.785,343.072,0.0,0.0,0.3646,0.193095,0.0,1,0.0028577704,0.249258195,0.19673635896093178
5.48557,4.55432,5.48557,1.58071,2319.33,1467.27,0.0,0.0,0.6272,0.396784,0.0,1,0.0051555467,0.4863086078999999,0.4435987485251625
8.5954,7.40656,8.5954,0.71813,2299.0,3201.36,0.0,0.0,0.725,1.00957,0.0,1,0.004355054,0.4421196415,0.4238575275391218
12.36916,10.86748,12.33885,0.374438,1946.72,5199.04,0.0,0.0,0.8398,2.24283,0.0,1,0.003943553,0.3911074249,0.3794569238451224
14.31673,13.37952,14.23422,0.356183,1691.25,4748.26,0.0,0.0,0.8698,2.442,0.0,1,0.0039769446,0.3946310731,0.3854939378332896
17.29514,15.33221,17.29514,0.284265,1476.32,5193.45,0.0,0.0,0.8856,3.1154,0.0,1,0.0048570876,0.4652162784,0.4474960446119189
21.82812,20.58591,21.82812,0.178675,1104.09,6179.32,0.0,0.0,0.9154,5.12326,0.0,1,0.0047476674,0.50157003,0.4423217010769544
23.03533,21.60719,23.02579,0.170429,1040.62,6105.88,0.0,0.0,0.9292,5.45213,0.0,1,0.0049902139,0.5259004990999999,0.45930215010245024
5.39358,4.37499,5.38893,1.33376,2734.04,2049.88,0.0,0.0,0.6868,0.514937,0.0,0,0.0060777472,0.5711129722,0.5996264847839504
8.58247,7.41664,8.57789,0.88698,2088.4,2354.51,0.0,0.0,0.6722,0.757852,0.0,0,0.0132699323,1.1062573454,1.1141088812506699
7.98338,7.19596,7.98212,0.722195,2566.22,3553.36,0.0,0.0,0.733,1.01496,0.0,0,0.0074765793,0.7255641945,0.6981988157133875
6.07415,4.27878,5.44099,0.965162,1660.14,1720.06,0.0,0.0,0.5906,0.611918,0.0,0,0.0087420165,0.7759605419,0.7877285054808876
4.10491,3.45919,4.10491,2.87963,383.784,133.276,0.0,0.0,0.3656,0.126961,0.0,1,0.5865350686,2.2924082397,2.1604397238954443
12.06174,7.75873,12.06174,0.881143,1544.96,1753.36,0.0,0.0,0.6152,0.698184,0.0,1,0.0057276262,0.5290927115999999,0.5024681895827406
8.8329,3.77071,4.46909,1.00158,193.263,192.958,1002.0,1000.42,0.5486,0.547735,0.0,1,0.0060874992,0.5287186457999999,0.5920414633216103
12.23219,8.02038,12.23219,0.853098,1638.56,1920.72,0.0,0.0,0.6458,0.757006,0.0,1,0.0060396904,0.5419478887,0.5379870913878363
12.1779,8.09448,10.99703,0.853016,1612.06,1889.83,0.0,0.0,0.6372,0.746997,0.0,1,0.0062497077,0.5621891506000001,0.5402402690801401
12.14685,7.7394,12.14685,0.885336,1547.82,1748.28,0.0,0.0,0.616,0.695781,0.0,1,0.0060613058,0.5389589364999999,0.542863896347088
12.08969,7.27048,11.78932,0.880979,1591.93,1807.0,0.0,0.0,0.6308,0.716022,0.0,1,0.0062115725,0.5395528222,0.5587422955463948
12.09861,7.46549,12.09861,0.882372,1572.28,1781.87,0.0,0.0,0.6194,0.701971,0.0,1,0.0064830717,0.5696151878,0.5915348493421456
12.14217,7.80534,11.99319,0.869373,1588.95,1827.7,0.0,0.0,0.6226,0.716148,0.0,1,0.0061704363,0.5497217012,0.5436995447946401
12.38727,7.83288,12.25594,0.880388,1559.27,1771.12,0.0,0.0,0.6108,0.693785,0.0,1,0.0061730723,0.5492317322,0.5437956346833722
12.14021,7.5095,12.14021,0.892504,1531.39,1715.83,0.0,0.0,0.6302,0.706103,0.0,1,0.0066120391,0.5577632388,0.5853110871857423
12.0955,7.67742,12.0955,0.88783,1530.66,1724.05,0.0,0.0,0.6136,0.691123,0.0,1,0.0059997533,0.5278422231000001,0.5403157620477372
8.90504,3.86123,4.56441,1.0015,203.674,203.369,1009.04,1007.53,0.5542,0.55337,0.0,1,0.0063925904,0.5205098321,0.6024828077650575
8.97205,3.95645,4.60423,0.992163,207.149,208.786,995.754,1003.62,0.5564,0.560795,0.0,1,0.0063739698,0.5284851722999999,0.6082191044182339
8.77917,3.81164,4.50991,0.995838,192.509,193.314,1019.4,1023.66,0.5598,0.562139,0.0,1,0.0062507875,0.5256161697,0.5870536106275319
8.8251,3.77258,4.48452,0.998614,192.623,192.891,1030.53,1031.96,0.5614,0.562179,0.0,1,0.0061591169,0.5159649768,0.5903918461021532
11.1437,9.04409,11.1437,0.650684,2284.21,3510.47,0.0,0.0,0.7594,1.16708,0.0,1,0.0068415325,0.5802186169,0.6171943518171704
8.28708,3.55494,4.42564,1.01761,177.365,174.295,1049.0,1030.85,0.5566,0.546967,0.0,1,0.0056176875,0.4817861752,0.5530607742466328
8.51371,3.60578,4.41534,1.00994,178.965,177.204,1041.51,1031.26,0.5412,0.535874,0.0,1,0.0056606581,0.5108858539,0.5537295191703953
8.72809,3.86749,4.52721,0.991405,208.075,209.879,1052.86,1061.99,0.545,0.549725,0.0,1,0.0058898346,0.5093704246999999,0.5792042628285207
10.30936,8.99249,10.23213,0.734436,2165.04,2947.89,0.0,0.0,0.7052,0.960192,0.0,1,0.0047515583,0.4546387902,0.4673809922024328
18.68299,9.17237,18.68299,0.551216,1809.24,3282.27,0.0,0.0,0.7988,1.44916,0.0,1,0.0035965702,0.3596089677,0.3685047962715064
16.53276,6.69779,16.53276,0.78335,1957.27,2498.59,0.0,0.0,0.7286,0.930107,0.0,1,0.0061435212,0.5681633477,0.569802833194425
16.29659,6.6292,16.03149,0.78852,1944.95,2466.59,0.0,0.0,0.7412,0.939989,0.0,1,0.0059012826,0.5500353390999999,0.5560022862930487
13.18662,6.72456,13.18662,0.882605,2071.54,2347.07,0.0,0.0,0.7186,0.81418,0.0,1,0.0076204156,0.6194829545,0.6584050738876939
13.17767,6.71826,13.17767,0.884458,2085.56,2358.0,0.0,0.0,0.7192,0.813153,0.0,1,0.008044059,0.6314689641,0.6938764433096594
13.16192,6.69067,13.16192,0.887821,2084.01,2347.33,0.0,0.0,0.7178,0.808496,0.0,1,0.0081034724,0.6235256495,0.7051243324768228
12.94074,6.40333,12.94074,0.919994,2127.62,2312.64,0.0,0.0,0.711,0.772831,0.0,1,0.0090618365,0.6892549627,0.7371627831980647
13.11018,6.61787,13.11018,0.895381,2105.3,2351.29,0.0,0.0,0.717,0.800776,0.0,1,0.0080698909,0.6551594153,0.6942737800766179
13.1663,6.64621,13.1663,0.88326,2088.66,2364.72,0.0,0.0,0.7192,0.814256,0.0,1,0.0076333315,0.6160111448,0.6581869159122832
13.20706,6.72961,13.20706,0.879722,2074.04,2357.61,0.0,0.0,0.7196,0.817985,0.0,1,0.0079820624,0.6113510670000001,0.6952869871074863
8.47788,6.65907,8.47788,0.938367,1761.37,1877.06,0.0,0.0,0.63,0.671379,0.0,1,0.0046748904,0.4355647069,0.4467156303519594
9.05929,7.3957,8.92663,0.731602,2360.06,3225.88,0.0,0.0,0.7172,0.980315,0.0,0,0.0052894931,0.5001993962,0.5124137338789947
10.98297,5.31916,10.97484,0.745521,2263.49,3036.11,6.87382,9.22015,0.704,0.944306,0.0,1,0.0036154272,0.3640792445,0.40043912512114266
6.14583,4.4748,6.13418,0.794677,2426.04,3052.86,0.0,0.0,0.655,0.824234,0.0,1,0.0098139816,0.9348254254,0.9320911375629695
6.11311,4.49275,6.10612,0.785206,2427.23,3091.21,0.0,0.0,0.6562,0.835705,0.0,1,0.0102491625,0.9594790446,0.9386646180604935
6.91782,5.66055,6.91782,1.1601,1892.28,1631.14,0.0,0.0,0.5818,0.50151,0.0,0,0.0037948727,0.3722824692,0.3614058001157322
8.13608,7.45425,8.13237,1.22623,2069.1,1687.37,0.0,0.0,0.6692,0.545739,0.0,0,0.0039426785,0.3650621387,0.36943755553277136
7.3057,7.1276,7.3057,1.11442,1602.91,1438.33,0.0,0.0,0.599,0.537499,0.0,0,0.0077339609,0.7272718367000001,0.6853014369828373
7.30662,7.12733,7.30662,1.1168,1599.91,1432.58,0.0,0.0,0.598,0.535457,0.0,0,0.0076821156,0.7241791540000001,0.6896776164664776
7.31075,7.15837,7.31075,1.119,1594.88,1425.28,0.0,0.0,0.597,0.533514,0.0,0,0.0074003479,0.7161318673999999,0.6757303402895919
7.30941,7.11813,7.30941,1.12085,1593.11,1421.33,0.0,0.0,0.597,0.53263,0.0,0,0.0073800606,0.731279701,0.6737404321368244
7.33092,7.2403,7.33092,1.11449,1591.26,1427.79,0.0,0.0,0.599,0.537465,0.0,0,0.0072989115,0.7178427611,0.6757032988126114
7.33103,7.26133,7.33103,1.11607,1588.71,1423.49,0.0,0.0,0.5978,0.535629,0.0,0,0.0072560828,0.7107422140999999,0.6445497433835831
7.31581,7.08591,7.31581,1.1114,1611.64,1450.1,0.0,0.0,0.6012,0.540938,0.0,0,0.0075671544,0.7331641636,0.6788820207752758
7.18852,7.02354,7.18852,1.11226,1622.09,1458.37,0.0,0.0,0.6008,0.540161,0.0,0,0.0077880603,0.7526512204000001,0.7185309461771789
8.23812,7.71066,8.23292,1.2095,2057.71,1701.29,0.0,0.0,0.6722,0.555769,0.0,0,0.0038827714,0.35635849,0.35885297798333643
8.2002,7.60089,8.18046,1.21167,2074.4,1712.02,0.0,0.0,0.6722,0.554773,0.0,0,0.0038893546,0.3610602115,0.3596376271241937
10.38016,8.73539,10.36807,1.35659,2005.54,1478.37,0.0,0.0,0.7244,0.533985,0.0,1,0.0008255577,0.08397909,0.1285522791106355
10.47318,8.63887,10.47223,1.31181,2059.34,1569.85,0.148904,0.11351,0.7314,0.557551,0.0,1,0.000846359,0.0868209931,0.13872148973275045
4.30393,3.46273,4.2974,1.65851,453.916,273.69,0.0,0.0,0.4906,0.295808,0.0,1,0.0055117774,0.4875588503,0.4398636869293395
6.36937,5.09614,6.24616,0.987749,1999.77,2024.57,0.0,0.0,0.6554,0.663529,0.0,0,0.0070406229,0.6907556907,0.6415540739648541
5.46139,4.76389,5.45821,0.955004,2054.51,2151.31,0.0,0.0,0.644,0.674342,0.0,1,0.0068752723,0.6140213259,0.662689556209025
7.01351,4.77674,6.96552,1.46731,1437.82,979.906,0.0,0.0,0.555,0.378244,0.0,1,0.0068045825,0.6152044921,0.541287532549846
5.96341,5.54999,5.95022,1.02109,1555.57,1523.45,0.0,0.0,0.5744,0.562538,0.0,1,0.0077035039,0.7462668298999999,0.7005594038963522
4.84062,3.90347,4.82463,0.992255,1242.53,1252.23,0.0,0.0,0.541,0.545223,0.0,1,0.0058237254,0.5398800835,0.5392797767001984
13.51875,4.58024,13.51875,0.967914,2185.15,2257.59,0.0,0.0,0.6906,0.713493,0.0,1,0.0066344542,0.6280820655,0.6093958394459328
8.21663,6.97386,8.21491,1.11162,2036.98,1832.45,0.0,0.0,0.6426,0.578078,0.0,1,0.0061182143,0.5697970567,0.5587092439642776
6.68504,4.40867,6.68504,1.13487,1861.75,1640.49,0.0,0.0,0.6014,0.529928,0.0,1,0.0045326818,0.444856226,0.4301120125018735
8.52599,5.82023,8.33095,0.788781,2129.05,2699.16,0.0,0.0,0.69,0.874767,0.0,1,0.0077965457,0.7237341379000001,0.7252102942384648
7.82348,7.29552,7.82348,0.99494,1791.82,1800.93,0.0,0.0,0.636,0.639234,0.0,1,0.0055339184,0.5507003928,0.5129711845483511
15.62831,12.51365,15.62831,0.534545,1877.9,3513.08,0.0,0.0,0.7824,1.46367,0.0,1,0.0069675537,0.6629191886,0.6017572847012257
4.21946,3.54584,4.20969,1.16836,1052.94,901.216,0.0,0.0,0.57,0.487865,0.0,1,0.0058959825,0.5752096126,0.5809910171840988
4.2412,3.56279,4.22796,1.15986,1110.01,957.016,0.0,0.0,0.5978,0.515406,0.0,1,0.0060510781,0.5753929074,0.6018304392916956
10.78711,9.22291,10.78432,0.464213,2191.63,4721.18,0.0,0.0,0.8104,1.74575,0.0,1,0.0038687886,0.396531072,0.3902006162720229
4.86158,4.09043,4.85942,1.50538,1217.87,809.015,0.0,0.0,0.5458,0.362567,0.0,1,0.0104084039,0.8892944803,0.8067660271811029
4.73064,4.15643,4.70239,1.61284,1526.71,946.596,0.0,0.0,0.5556,0.344486,0.0,1,0.003218939,0.3096514423,0.2779249973051855
5.71825,5.05813,5.70025,2.0699,460.384,222.419,0.0,0.0,0.4028,0.194599,0.0,1,0.0011125142,0.1046159335,0.0872180756790476
4.67162,3.9585,4.53755,1.49862,1406.73,938.683,116.154,77.5075,0.6196,0.413447,0.0,1,0.0017111232,0.1742243355999999,0.259959774782134
12.08201,9.91355,12.06465,0.465059,2182.46,4692.86,0.0,0.0,0.813,1.74817,0.0,1,0.0040883566,0.3989902339,0.3955331280514448
7.07898,5.31452,7.01634,0.998068,1852.97,1856.56,0.0,0.0,0.6184,0.619597,0.0,1,0.0040523113,0.4059230896,0.40453011658237636
4.9958,3.46915,4.97725,0.885985,1404.66,1585.43,0.0,0.0,0.6048,0.68263,0.0,1,0.0136573671,1.2217270037,1.153071304360135
5.03615,3.51292,5.0361,0.885985,1404.83,1585.62,0.0,0.0,0.61,0.688499,0.0,1,0.01384375,1.2151136245,1.1149990959989675
10.92065,8.43628,10.92065,1.03509,1442.59,1393.7,0.0,0.0,0.609,0.588357,0.0,0,0.0052250578,0.470772315,0.49139478124377267
4.84924,3.94171,4.80226,1.78705,773.954,433.09,0.0,0.0,0.5042,0.282141,0.0,0,0.0104698536,0.6939308118999999,0.7295601781728741
7.48304,4.32366,7.48304,1.13521,1918.18,1689.72,0.0,0.0,0.6406,0.564302,0.0,1,0.0077882681,0.7175795047,0.7063787768302899
12.14022,5.32775,12.13484,1.5096,998.115,661.177,50.3608,33.3603,0.5416,0.35877,0.0,1,0.0733653934,1.0218315106,2.1258472439949956
4.04864,3.84801,4.03945,1.23647,540.504,437.135,0.0,0.0,0.4578,0.370247,0.0,0,0.0086853499,0.6960452427,0.711887428749999
4.24138,4.03203,4.24093,1.2014,660.067,549.414,0.0,0.0,0.487,0.40536,0.0,0,0.0097398187,0.7731046621,0.8347532851228667
6.83643,4.32814,6.8224,1.14242,1819.25,1592.45,0.0,0.0,0.6186,0.541481,0.0,1,0.0053541253,0.494529124,0.5091169511293062
6.8392,4.32331,6.8392,1.14242,1823.4,1596.08,0.0,0.0,0.6078,0.532027,0.0,1,0.0053157681,0.494886242,0.5094744132946102
8.03848,5.65574,8.03848,1.06612,2083.29,1954.09,0.0,0.0,0.6316,0.59243,0.0,1,0.0050631402,0.4678219853,0.4830038584225905
7.4125,4.89988,7.38387,1.09762,2034.16,1853.25,0.0,0.0,0.6302,0.574154,0.0,1,0.0050763668,0.4827706819,0.4835352950521797
8.23995,5.69274,8.22914,1.05735,2095.89,1982.22,0.0,0.0,0.65,0.614747,0.0,1,0.0047443793,0.4475390034,0.45682755854804596
5.20553,3.75045,5.02164,1.3269,1101.02,829.769,0.0,0.0,0.5188,0.390988,0.0,1,0.0082642669,0.6999076117,0.7189034094529192
8.255,5.9525,8.24564,1.11832,1646.01,1471.86,0.0,0.0,0.6014,0.537769,0.0,0,0.0042474001,0.378701474,0.40104721826167167
6.60096,5.85838,6.60096,1.03463,2226.74,2152.21,0.0,0.0,0.653,0.631143,0.0,1,0.0048647413,0.470489128,0.4676848602293704
10.95452,9.96703,10.95452,0.958795,1688.15,1760.7,0.0,0.0,0.6704,0.699211,0.0,0,0.0043740176,0.4246533268999999,0.4205739900356867
4.75094,3.73804,4.73309,1.40294,806.249,574.687,0.0,0.0,0.4558,0.32489,0.0,0,0.0060390862,0.5162214082,0.5048507366488691
4.88109,3.65952,4.87411,1.39164,808.303,580.827,0.0,0.0,0.4608,0.33112,0.0,0,0.0057941215,0.5080323021,0.4765042117339464
5.24127,3.85188,5.21916,1.33454,931.861,698.265,0.0,0.0,0.4838,0.362522,0.0,0,0.0053892214,0.4736785464999999,0.4744817589876055
4.81303,3.64676,4.81303,1.40908,773.939,549.25,0.0,0.0,0.452,0.320776,0.0,0,0.0062091442,0.5290486458,0.513111066717886
4.76348,3.63666,4.76348,1.41375,744.384,526.53,0.0,0.0,0.4508,0.318867,0.0,0,0.0058831996,0.5283400705,0.5037646424934293
4.73753,3.78928,4.73753,1.38845,832.486,599.579,0.0,0.0,0.4634,0.333753,0.0,0,0.0059095181,0.5151585452,0.49296414599120686
4.34072,3.48491,4.33485,1.56158,471.476,301.922,0.0,0.0,0.4076,0.261018,0.0,0,0.014822718,0.8951904354000001,1.0113112586890725
4.27901,3.60567,4.27901,1.57867,491.894,311.588,0.0,0.0,0.4078,0.258319,0.0,0,0.0149835566,0.9835110775,1.002730414174938
4.12173,3.57853,4.12173,1.5597,414.634,265.842,0.0,0.0,0.4006,0.256844,0.0,0,0.0024525667,0.2184274829,0.2772146445140607
5.91545,4.93297,5.80854,0.930696,2244.72,2411.88,0.0,0.0,0.61,0.655424,0.0,1,0.0085574451,0.8137698342,0.8093873359084266
4.10568,3.45704,3.93638,1.4574,748.354,513.486,0.0,0.0,0.4558,0.312749,0.0,1,0.0015998294,0.1602436028,0.18964399203089344
4.64233,3.82793,4.64153,1.9066,1018.44,534.165,0.0,0.0,0.4706,0.246827,0.0,1,0.0023098485,0.2245254737,0.22507806598063407
8.29403,6.89914,8.29403,0.556974,2324.09,4172.71,0.0,0.0,0.7312,1.31281,0.0,1,0.0026401757,0.2665137362999999,0.2665360468115085
7.32998,6.03401,7.3267,0.822036,2196.41,2671.92,0.0,0.0,0.6598,0.802641,0.0,1,0.0058859053,0.5611447203000001,0.5815324479018782
4.2763,3.43605,4.2763,1.62008,351.871,217.194,309.344,190.944,0.4486,0.2769,0.0,1,0.0239494446,1.1641201905,1.098811815490695
4.28444,3.44611,4.27407,1.60371,375.808,234.337,301.542,188.028,0.4528,0.282345,0.0,1,0.0223375308,1.1338490435,1.099381722271711
5.14969,3.64809,5.0808,0.940411,1672.05,1778.0,0.0,0.0,0.6138,0.652693,0.0,1,0.0056851396,0.5362512231000001,0.5933830647037127
5.58663,3.48947,5.56914,1.35723,1328.82,979.066,0.0,0.0,0.5714,0.421003,0.0,1,0.0069712704,0.6222252564999999,0.6496309420154022
5.51146,4.60933,5.51146,1.37083,876.068,639.08,0.0,0.0,0.4564,0.332938,0.0,1,0.0038055216,0.3557493029999999,0.3191445094127401
9.85685,9.29464,9.85685,1.10591,1360.23,1229.96,0.0,0.0,0.5664,0.512158,0.0,1,0.003032897,0.2790395964,0.2692501633536338
9.9038,9.36477,9.9038,1.10837,1274.59,1149.97,0.0,0.0,0.5552,0.500916,0.0,1,0.0019800983,0.1981527564,0.18047597095556678
10.14317,9.85365,10.14317,1.23585,1309.87,1059.89,0.0,0.0,0.5666,0.45847,0.0,1,0.0014341012,0.1372968996,0.16506664359141332
9.9638,9.32015,9.9638,1.26973,1375.76,1083.51,0.0,0.0,0.5732,0.451435,0.0,1,0.0015943338,0.1599533045,0.15558989790106048
10.31182,9.72546,10.31182,1.3077,1323.78,1012.29,0.0,0.0,0.5742,0.439091,0.0,1,0.0012193343,0.1263038201,0.13377601149290674
8.87023,8.12641,8.87023,1.28139,1148.81,896.537,0.0,0.0,0.5282,0.41221,0.0,1,0.001577811,0.1599401157,0.1412080570153209
8.58001,7.48221,8.58001,1.10647,1594.92,1441.46,0.0,0.0,0.5888,0.532145,0.0,1,0.0020810372,0.2131321638,0.21847500910659184
8.64993,8.01633,8.63141,1.0685,1374.86,1286.72,0.0,0.0,0.5518,0.516424,0.0,0,0.0031434488,0.2995157330999999,0.27883434553425535
7.04809,6.65056,7.03557,1.241,1207.66,973.134,0.0,0.0,0.527,0.424658,0.0,1,0.0063999627,0.6051862907,0.5726233021777916
7.18877,6.831,7.15894,1.17716,1370.68,1164.39,0.0,0.0,0.5458,0.463657,0.0,1,0.005392031,0.5078260561,0.48406702215053077
8.72919,8.14175,8.68787,1.12133,1390.1,1239.69,0.0,0.0,0.5646,0.50351,0.0,1,0.0046131413,0.44914407,0.39372375256817466
8.3881,8.06353,8.36842,1.12082,1406.28,1254.68,0.0,0.0,0.5662,0.505164,0.0,1,0.0047668148,0.4547120425,0.42268918409120787
9.62722,8.85338,9.62722,1.05458,1424.32,1350.6,0.0,0.0,0.595,0.564206,0.0,1,0.0038716912,0.3788487234,0.35276289294790547
6.22077,4.79076,5.73209,1.34353,2239.47,1666.86,0.0,0.0,0.6636,0.493924,0.0,1,0.0032760841,0.3047228928,0.2960603154216428
6.9167,4.63591,6.73101,0.936691,2313.06,2469.39,0.0,0.0,0.6504,0.694359,0.0,1,0.0085666182,0.8110222026999999,0.7995303429146162
5.89843,4.99085,5.89035,1.17751,1144.77,972.197,0.0,0.0,0.5066,0.430231,0.0,0,0.0055484104,0.4783307219,0.5087054368148362
19.50435,6.85327,19.46967,0.908856,1908.32,2099.7,0.0,0.0,0.7472,0.822132,0.000220057,1,0.0026919232,0.2598689209,0.28142217626123983
19.59015,6.72401,19.59015,0.902602,1911.89,2118.2,0.0,0.0,0.7472,0.827829,0.000221582,1,0.0026688759,0.2565677811,0.2865875319159856
19.61611,6.71064,19.54957,0.903297,1911.76,2116.42,0.0,0.0,0.747,0.826971,0.000221411,1,0.0026888502,0.2601024668,0.2865875319159856
7.12423,4.20147,7.12423,1.10581,1383.62,1251.23,0.0,0.0,0.5472,0.49484,0.0,1,0.0081561228,0.6842771390000001,0.6921898525490895
6.23549,4.07005,5.99515,1.80747,1927.34,1066.32,0.0,0.0,0.6084,0.336603,0.000442607,1,0.0042576625,0.3770065247999999,0.37251713080595467
6.2924,4.02189,6.26235,1.33234,1949.8,1463.44,0.0,0.0,0.6146,0.461294,0.000450336,1,0.0054776461,0.5018452468,0.5142725969101398
19.52135,6.64584,19.52135,1.26176,1911.12,1514.64,0.0,0.0,0.7502,0.594564,0.000158508,1,0.0018749686,0.1871399373999999,0.23431673679024534
7.40475,6.25511,7.40475,1.09542,1351.03,1233.34,0.0,0.0,0.5684,0.518888,0.0,0,0.0073983879,0.695922006,0.6525789310165941
16.05314,15.78983,16.05314,0.493271,1893.57,3838.8,0.0,0.0,0.781,1.58331,0.0,1,0.0048569111,0.4655852364,0.45169324168548797
9.50274,8.84024,9.48896,1.39627,1580.72,1132.1,0.0,0.0,0.6078,0.435304,0.0,1,0.0025558189,0.2375970169,0.2309654401661262
18.90864,18.72951,18.90864,0.692037,1357.79,1962.03,0.0,0.0,0.7528,1.0878,0.0,1,0.00380925,0.3712741128,0.34252937389526483
9.42856,6.02587,9.42856,1.28204,1741.22,1358.17,0.0,0.0,0.657,0.512466,0.0,0,0.0023284778,0.2211303458,0.2192540565201439
9.46287,6.0394,9.46287,1.26391,1742.96,1379.02,0.0,0.0,0.6604,0.522504,0.0,0,0.0021448066,0.2154088867,0.20411497031869352
9.11851,6.40194,9.11851,1.31172,1721.81,1312.64,0.0,0.0,0.6494,0.495075,0.0,0,0.0022751539,0.2208183021999999,0.22906061351803175
7.07949,4.99162,7.07464,0.478412,3315.96,6931.17,0.0,0.0,0.7822,1.63499,0.0,1,0.0019545876,0.1857299318,0.24397414481391705
4.88127,3.7293,4.77721,1.106,908.9,821.794,0.0,0.0,0.4886,0.441774,0.0,0,0.0096754341,0.7489464903,0.8528400981092612
5.98845,3.99073,5.69816,1.03053,1765.29,1712.99,0.0,0.0,0.576,0.558935,0.0,1,0.0073708059,0.6851988920000001,0.6726925585686895
6.08478,4.0122,6.08478,1.01421,1817.12,1791.66,0.0,0.0,0.6044,0.595933,0.0,1,0.0072315902,0.6680846795000001,0.6592154532187282
5.64298,3.8792,5.64298,1.08478,1405.71,1295.85,0.0,0.0,0.5704,0.525822,0.0,1,0.0080147582,0.7300397096,0.6839875298459417
5.63541,3.87826,5.63541,1.09092,1426.31,1307.44,0.0,0.0,0.5682,0.520843,0.0,1,0.0084639779,0.755658796,0.7109904448415046
7.63373,5.31385,7.61296,0.988669,1586.87,1605.06,0.0,0.0,0.5862,0.592918,0.0,0,0.0105366295,0.9757692127,0.9110681591015563
8.02024,6.48918,8.00532,0.699116,2353.41,3366.26,0.0,0.0,0.7058,1.00956,0.0,0,0.0102635482,0.9640587903,0.9203669919729401
8.05462,5.1792,8.05462,0.833153,2078.06,2494.21,0.0,0.0,0.6418,0.770326,0.0,1,0.006893213,0.6532981951,0.6382559142298373
7.46835,4.491,7.46835,0.893159,2015.14,2256.2,0.0,0.0,0.622,0.696404,0.0,1,0.0075372985,0.7013072817,0.6855932690471124
7.75339,4.84522,7.60552,0.848736,2042.74,2406.8,0.0,0.0,0.6436,0.758304,0.0,1,0.0071638288,0.6718501051000001,0.649090316117977
5.41924,4.10207,5.41262,1.543,726.815,471.04,0.0,0.0,0.4344,0.281529,0.0,0,0.0068890652,0.5277697385,0.5068524386726261
7.72889,5.88361,7.72889,0.997869,1989.71,1993.96,0.0,0.0,0.6604,0.66181,0.0,1,0.0025738171,0.2646533461,0.26656386170836915
6.28616,4.28799,6.28616,1.09832,2350.01,2139.64,0.0,0.0,0.6626,0.603282,0.0,1,0.0020842196,0.2098564339999999,0.20878380120933449
5.58391,4.38224,5.56908,1.48991,1505.54,1010.49,0.0,0.0,0.5618,0.377069,0.0,1,0.0095824741,0.8084745165999999,0.7910860953813544
4.34393,3.64065,4.34393,1.93617,692.959,357.901,0.0,0.0,0.4122,0.212894,0.0,0,0.1812879839,2.3626642887,2.544201609905022
7.58694,5.52656,7.5744,1.14161,1954.46,1712.03,0.0,0.0,0.624,0.546598,0.0,1,0.0054819665,0.515807783,0.5022031415612118
7.73943,5.5228,7.73943,1.0858,1985.75,1828.83,0.0,0.0,0.6324,0.582427,0.0,1,0.0050628559,0.4679732945,0.4758746233144245
7.45128,5.46523,7.15276,1.17603,1960.28,1666.86,0.0,0.0,0.6188,0.526177,0.0,1,0.0057706871,0.5471647058,0.48798836359212405
6.90955,4.49306,6.89631,1.14557,2040.23,1780.98,0.0,0.0,0.6396,0.558325,0.0,1,0.0039320734,0.380138229,0.40299999810591625
7.32941,4.58436,7.32711,1.21765,2007.19,1648.41,0.0,0.0,0.6216,0.510492,0.0,1,0.0068883154,0.6128644816,0.6202078637492286
5.04407,3.94718,5.0182,1.1747,1719.75,1463.99,0.0,0.0,0.6072,0.516898,0.0,1,0.0091784356,0.8146303898999999,0.85703469192475
10.02626,5.46429,10.02412,0.66541,2246.71,3376.43,0.0,0.0,0.7296,1.09647,0.0,1,0.0050880766,0.5013654388000001,0.4954960049775463
11.26084,5.01855,11.26084,0.828925,2008.18,2422.64,0.0,0.0,0.6806,0.821064,0.0,1,0.0095740849,0.7995055845,0.8038828628630521
5.52138,3.68821,5.51435,1.34752,969.124,719.188,2.26658,1.68203,0.5016,0.372238,0.0,1,0.0106170303,0.8001925034,0.7845963544036727
6.60663,5.9994,6.60453,2.29175,1025.32,447.396,0.0,0.0,0.5236,0.228472,0.0,1,0.003248497,0.3007218791,0.22235031929438337
4.26164,3.52891,4.24796,2.34877,351.985,149.859,0.0,0.0,0.3304,0.140669,0.0,0,0.0157537436,0.7149598484,0.8263298208983415
8.54513,8.23246,8.54513,0.722133,2313.21,3203.31,0.0,0.0,0.7918,1.09647,0.0,0,0.0021288397,0.2204536166,0.23472739023377032
5.57167,3.60863,5.43096,2.052,1278.23,622.917,0.0,0.0,0.549,0.267544,0.0,1,0.0027763114,0.2677418567,0.23366066831602467
5.47886,3.44903,5.47476,2.18371,1125.64,515.471,0.227584,0.104219,0.5372,0.246003,0.0,1,0.0026885507,0.2563009308,0.21747441975756743
5.38208,3.4319,5.38208,2.211,1054.39,476.883,0.0,0.0,0.5314,0.240344,0.0,1,0.0026074732,0.2532182749,0.20066870908693757
5.43529,3.40185,5.40249,2.21366,1083.86,489.625,0.0,0.0,0.5328,0.240687,0.0,1,0.0026827702,0.2517745423999999,0.2127556117590773
20.28488,4.16314,9.48492,0.98367,1835.3,1865.77,0.0,0.0,0.6704,0.681529,0.0,1,0.0055421,0.5212747100999999,0.5038620248588357
5.97449,3.48385,5.9665,2.03706,967.647,475.021,0.0,0.0,0.5188,0.25468,0.0,1,0.002696688,0.2457507894,0.21030072231262698
5.97089,3.4618,5.97089,2.03022,1036.5,510.537,0.0,0.0,0.5304,0.261252,0.0,1,0.0026487492,0.2309548569999999,0.21471936815160386
5.74983,3.78405,5.68214,1.22917,1255.73,1021.6,0.0,0.0,0.5252,0.427279,0.0,1,0.0070329752,0.6039999559,0.60105520371937
5.52611,4.54089,5.51535,1.339,1839.55,1373.82,0.0,0.0,0.5986,0.44705,0.0,1,0.0089090524,0.7942647089,0.7621749839473485
6.47036,4.69494,6.47036,1.17962,2196.81,1862.3,0.0,0.0,0.6472,0.548652,0.0,1,0.0033233432,0.3106443235,0.34122894471894294
8.62622,7.92037,8.61331,1.10762,1164.73,1051.56,0.0,0.0,0.5836,0.526895,0.0,1,0.0046648589,0.4062979555,0.4010979143021136
5.26222,4.56445,5.26222,1.41259,749.294,530.438,0.0,0.0,0.5012,0.354809,0.0,1,0.0057083913,0.4820583467,0.4398235514792617
7.01927,4.56509,7.01927,1.20631,1535.66,1273.03,0.0,0.0,0.6016,0.498713,0.0,1,0.0073570252,0.6560296435,0.6590984111239069
4.7478,3.45863,4.7478,2.16707,449.011,207.197,0.0,0.0,0.3986,0.183935,0.0,1,0.00379569,0.2961675687,0.27259277251663605
5.94246,4.25779,5.52872,0.995112,2064.21,2074.35,0.0,0.0,0.6074,0.610384,0.0,1,0.0118003272,1.024680435,0.9752767720444614
4.8748,3.64387,4.86282,1.12809,975.65,864.872,0.0,0.0,0.4934,0.437378,0.0,0,0.0274579987,1.6728065035,1.4797142394146907
6.08861,4.66373,6.08699,1.18202,859.304,726.977,313.731,265.419,0.5438,0.460059,0.0,1,0.0143017674,0.9523737007,0.9739399957242765
5.5226,3.96675,5.5226,1.11957,1446.11,1291.67,0.0,0.0,0.5666,0.506089,0.0,1,0.0052345894,0.4851433928999999,0.4828860935968692
6.10947,3.84777,5.97895,1.18998,613.441,515.507,422.204,354.8,0.5142,0.43211,0.0,0,0.0126186951,0.9204776036,0.8107699886981469
6.09418,3.77279,6.07728,1.21681,603.908,496.303,411.544,338.214,0.507,0.416662,0.0,0,0.0134823645,0.9504626068,0.8695268287110273
8.38841,6.91725,8.38841,2.68456,1261.77,470.01,0.0,0.0,0.5318,0.198096,0.0,1,0.0003757398,0.0358396925,0.05622866281065397
15.55222,13.97126,15.55222,0.303181,1639.83,5408.75,0.0,0.0,0.871,2.87288,0.0,1,0.0045737382,0.4500145469,0.42477625580143724
7.50726,5.3332,7.50699,0.991241,2013.82,2031.62,0.0,0.0,0.621,0.626488,0.0,1,0.0054729078,0.5151765408,0.5137087563763956
5.53948,4.71058,5.5345,1.05182,1628.72,1548.47,0.0,0.0,0.5582,0.5307,0.0,0,0.0095698574,0.8280553981000001,0.8735264413032682
5.56779,4.25341,5.54313,1.05181,1608.8,1529.56,0.0,0.0,0.552,0.524811,0.0,1,0.00561819,0.5358258678,0.5055374788136355
4.71137,3.51837,4.71137,1.22336,1024.9,837.774,81.2251,66.395,0.5446,0.445167,0.0,1,0.0051482114,0.4597440664,0.5274451319876651
6.02139,4.57668,6.02139,1.94823,1837.76,943.297,0.0,0.0,0.586,0.300786,0.0,1,0.0068688386,0.5972622753,0.5767355077691089
5.14072,4.00351,5.14055,1.55556,2014.34,1294.93,0.0,0.0,0.6006,0.386099,0.0,1,0.003130861,0.2982648255,0.27490794324033174
5.67034,4.65738,5.67034,1.50505,1984.46,1318.53,0.0,0.0,0.6152,0.408756,0.0,1,0.002538514,0.262405266,0.21407789837091107
5.14199,3.65373,5.13486,1.81978,375.531,206.361,15.5204,8.52876,0.4108,0.225742,0.0,1,0.00063538,0.0617266126999999,0.11003801791571177
8.78779,6.45971,8.7759,0.828086,1735.59,2095.91,0.0,0.0,0.6318,0.762964,0.0,1,0.0053224239,0.4965760484,0.5020978588408166
8.84143,7.37067,8.64635,0.961303,1776.26,1847.76,0.0,0.0,0.6086,0.633099,0.0,1,0.004979698,0.4649618901,0.4692515055858644
4.5925,3.72441,4.55253,1.45522,1114.56,765.906,0.0,0.0,0.459,0.315416,0.0,1,0.006018773,0.5222706921,0.49295957616966846
4.27674,3.47607,4.14843,1.21704,316.782,260.289,0.0,0.0,0.4284,0.352001,0.0,1,0.0019028729,0.1834917962,0.22491903566756666
6.298,3.81619,6.27425,1.33376,798.487,598.675,0.0,0.0,0.4626,0.34684,0.0,1,0.0091479473,0.6569594219,0.5831203816463493
4.3234,3.46915,4.32329,1.51036,756.835,501.096,0.0,0.0,0.4966,0.328796,0.0,1,0.0034132247,0.3154623562999999,0.3032969013288622
5.74841,4.13919,5.74724,1.29056,1444.67,1119.41,0.0,0.0,0.5696,0.44136,0.0,1,0.0041026912,0.3877189339,0.3596140232112653
9.04253,7.30249,9.03111,0.610216,2352.44,3855.09,0.0,0.0,0.7448,1.22055,0.0,1,0.0043679655,0.4382139845,0.4326100074500975
13.73802,11.42638,13.39901,0.433642,2002.7,4618.32,0.0,0.0,0.8224,1.89649,0.0,1,0.0040498074,0.408780366,0.38425178387348824
7.41561,4.13146,7.41561,0.925084,1684.83,1821.27,0.0,0.0,0.5816,0.6287,0.0,1,0.0061061097,0.5741961811999999,0.5731006160416072
6.57595,5.59779,6.5535,1.07267,2264.54,2111.12,0.0,0.0,0.6676,0.622371,0.0,1,0.0072549667,0.6402223018,0.6867767974571213
15.20268,12.48764,14.68508,0.499,1903.11,3813.84,0.0,0.0,0.7876,1.57836,0.0,1,0.0044358768,0.4135765261,0.4218853513437828
11.92741,6.17876,10.43844,0.841842,2109.15,2505.4,0.0,0.0,0.7154,0.849804,0.0,1,0.0046052719,0.4416518572999999,0.43165248030962844
5.25566,4.59264,5.25566,1.60312,661.505,412.637,358.397,223.562,0.482,0.300664,0.0,1,0.0127853774,0.8859180353,0.8200270090002598
8.67531,5.1775,8.35832,0.937633,1918.83,2046.46,0.0,0.0,0.6496,0.692809,0.0,1,0.0054096662,0.5069886915,0.5089996510736053
12.36127,6.84234,12.36127,0.492653,2292.38,4653.12,0.0,0.0,0.8076,1.63929,0.0,1,0.0044506439,0.435639431,0.4437085324300623
11.39057,6.9563,11.17218,0.55889,2521.72,4512.0,0.0,0.0,0.7746,1.38596,0.0,1,0.004685225,0.4659116033,0.4629215247217934
6.34584,5.04991,6.34584,1.10902,1973.56,1779.55,0.0,0.0,0.6464,0.582857,0.0,1,0.0062735352,0.5829260664,0.5754476926003191
5.92099,5.48654,5.7966,1.63199,1266.45,776.015,0.0,0.0,0.5438,0.333212,0.0,0,0.0148557946,1.1470654241,1.2330366898839733
4.43917,3.40706,4.39655,1.31985,159.122,120.561,0.0,0.0,0.4154,0.314732,0.0,0,0.0025917803,0.2210344366,0.2459282353835182
9.12848,8.18722,9.12848,0.813283,1954.3,2402.97,0.0,0.0,0.7082,0.870792,0.0,1,0.0043009207,0.4220775534,0.40900215604995466
16.80237,4.60613,16.77492,0.589197,2123.72,3604.43,0.0,0.0,0.7212,1.22404,0.0,1,0.0073546662,0.6852050015000001,0.6696105799303268
6.64754,5.07389,6.16433,0.794522,2382.26,2998.35,0.0,0.0,0.6836,0.860391,0.0,1,0.0070040954,0.6875995212,0.6673298940315839
7.45351,5.81909,7.11831,0.709523,2586.66,3645.63,0.0,0.0,0.7068,0.996162,0.0,1,0.0063767328,0.6105081309,0.6327950968136029
5.27863,4.66019,5.2635,1.38078,911.096,659.843,0.0,0.0,0.496,0.359218,0.0,1,0.003835271,0.3281578565,0.3440625266733405
5.84221,4.51142,5.77769,1.25506,1324.62,1055.42,0.0,0.0,0.5206,0.4148,0.0,0,0.0109672427,0.8727499943000001,0.9000061840868907
5.88914,4.75213,5.84985,1.23811,1386.84,1120.12,0.0,0.0,0.5304,0.428394,0.0,0,0.0104259152,0.8589273826999999,0.8695678621855617
5.22333,3.76094,5.20942,1.23729,1450.85,1172.61,0.0,0.0,0.566,0.457452,0.0,0,0.0102409188,0.8769561481,0.9276982713087605
5.23926,3.75063,5.23926,1.23622,1470.1,1189.19,0.0,0.0,0.5596,0.452669,0.0,0,0.0101306354,0.8699288883,0.923491914297556
5.36362,3.81487,5.35817,1.44593,257.114,177.818,33.7457,23.3384,0.4668,0.322836,0.0,1,0.0288586011,0.6381282364,1.289445143998487
5.94415,4.22176,5.9168,1.20125,1179.74,982.099,0.0,0.0,0.5426,0.451698,0.0,1,0.0146239431,1.1019423041,1.124818825273422
5.87516,3.79987,5.86816,1.26294,911.252,721.53,0.0,0.0,0.4946,0.391624,0.0,1,0.0071335502,0.6082407424,0.5624365377992391
6.71193,5.19255,6.7113,1.00366,2512.55,2503.38,0.0,0.0,0.6472,0.644838,0.0,1,0.0061298435,0.5663829802,0.5909595565808095
13.17229,10.75846,13.16843,0.287208,1805.38,6285.97,0.0,0.0,0.8682,3.02289,0.0,0,0.0034664663,0.3608715056,0.35238594214149394
8.37622,7.86065,8.37622,1.08186,1183.03,1093.52,0.0,0.0,0.5464,0.505057,0.0,1,0.0022801282,0.2364427242,0.21817605920207306
8.4295,7.42103,8.42696,1.01197,1167.11,1153.31,0.0,0.0,0.545,0.538555,0.0,1,0.0019384546,0.1978568837,0.20280713280164564
5.24244,3.69297,5.22761,1.21845,601.492,493.654,0.0,0.0,0.4622,0.379335,0.0,0,0.0133281156,0.8528700073000001,0.9138163882171357
7.92656,5.00523,7.92544,0.836736,1842.18,2201.63,0.0,0.0,0.617,0.737389,0.0,0,0.0098104017,0.8598294175,0.8591492466861779
5.4813,5.1227,5.47077,1.25424,1931.27,1539.79,0.0,0.0,0.6264,0.499425,0.0,1,0.0071098636,0.6249947374,0.619639138517745
5.48445,5.10748,5.47384,1.24179,1950.9,1571.03,0.0,0.0,0.619,0.498472,0.0,1,0.0070630309,0.6263011025999999,0.6298187257247524
5.51001,5.03328,5.49298,1.14233,1980.67,1733.88,0.0,0.0,0.6382,0.55868,0.0,1,0.0065121409,0.5819281857,0.615778300108547
4.49594,4.05224,4.48031,1.03604,1057.86,1021.06,0.0,0.0,0.4874,0.470444,0.0,0,0.0173016814,1.2538185016,1.2399951308321076
4.43369,3.93895,4.41861,1.01112,1121.76,1109.42,0.0,0.0,0.495,0.489555,0.0,1,0.0162415162,1.2309792058,1.212587353133938
4.78336,3.78154,4.77852,1.05045,959.001,912.941,0.0,0.0,0.4742,0.451425,0.0,1,0.0160450896,1.2119679855,1.1746759153873787
5.12519,4.59555,5.12519,1.00672,1017.4,1010.61,0.0,0.0,0.4976,0.494281,0.0,1,0.0147938794,1.1220772745,1.1332785651489248
4.24603,3.78968,4.24603,1.0539,1014.98,963.071,0.0,0.0,0.475,0.450706,0.0,0,0.0170989764,1.2577344757,1.268074800822204
5.47061,4.41529,5.45212,1.01415,1093.33,1078.08,0.0,0.0,0.49,0.483165,0.0,0,0.0172283578,1.2645739766,1.2400519192572936
4.3912,3.544,4.3912,1.10854,669.818,604.235,0.0,0.0,0.4582,0.413336,0.0,1,0.0116537453,0.9104747506,0.8863595258929214
6.99773,6.86151,6.99773,1.067,1576.28,1477.3,0.0,0.0,0.5844,0.547705,0.0,0,0.0186079976,1.6598112504,1.6246314074430153
15.07113,13.13968,15.07113,0.479637,2165.37,4514.6,0.0,0.0,0.7968,1.66126,0.0,1,0.0045803689,0.464757912,0.44277825988769587
5.67343,3.67394,5.66986,2.37614,417.777,175.822,0.0,0.0,0.3528,0.148476,0.0,1,0.007555547,0.3604178126,0.4792323477678113
6.21978,5.41115,6.21978,1.07724,1379.45,1280.54,0.0,0.0,0.5818,0.540085,0.0,1,0.0103414832,0.8290267055,0.8821951624654247
7.02178,4.13589,6.48548,1.19698,1845.1,1541.47,0.0,0.0,0.6186,0.516801,0.0,1,0.0071479697,0.6341334365,0.6355692173986512
5.79973,4.2003,5.79973,1.47767,748.2,506.339,0.0,0.0,0.4194,0.283826,0.0,1,0.0014683936,0.1347070291,0.1403824772322474
4.4926,3.78091,4.4926,2.14584,718.007,334.605,0.0,0.0,0.4438,0.206819,0.0,1,0.0226828457,1.321673086,1.3067698348692438
4.40667,3.75356,4.40321,2.17452,723.721,332.819,0.0,0.0,0.4382,0.201516,0.0,1,0.0244752231,1.3584013722,1.3154028362228463
3.95338,3.75922,3.95195,3.19434,197.336,61.7769,0.0,0.0,0.287,0.0898463,0.0,1,0.0004495934,0.0410285897,0.0037434306850736565
4.42154,3.80283,4.41884,1.51094,575.938,381.179,0.0,0.0,0.432,0.285915,0.0,1,0.0050502155,0.4334228972,0.4112226603715572
14.37293,4.52414,14.37293,0.692157,1907.84,2756.36,0.0,0.0,0.7082,1.02318,0.0,1,0.0066788284,0.6497356934,0.602059927885683
5.82793,4.33044,5.82793,1.0705,1501.93,1403.02,0.0,0.0,0.5582,0.521438,0.0,1,0.0116283734,0.9516712949,0.926319482087881
5.63288,5.50957,5.62983,1.07586,1552.96,1443.46,0.0,0.0,0.5528,0.513822,0.0,0,0.0098760097,0.7924253709,0.8944517820118809
6.77398,3.93575,6.76774,1.0241,1743.19,1702.16,0.0,0.0,0.5738,0.560295,0.0,0,0.008227395,0.7771600809999999,0.7538609871098598
5.12079,3.85633,4.1425,1.60147,940.147,587.051,0.0,0.0,0.5148,0.321454,0.0,1,0.0053786424,0.43470683,0.4603133294536593
4.78048,4.01708,4.28221,1.6121,814.456,505.215,0.0,0.0,0.519,0.32194,0.0,1,0.0063476784,0.4685044777,0.5069790459976081
4.64582,3.70971,4.64582,1.82012,796.602,437.666,0.0,0.0,0.4462,0.245149,0.0,0,0.0032849424,0.2963549480999999,0.33886402618230677
4.9953,3.83765,4.98464,1.73124,921.603,532.338,0.0,0.0,0.4702,0.271598,0.0,0,0.0030689504,0.2767214348,0.27930096946957583
4.71059,3.74,4.66327,1.80873,823.157,455.102,0.0,0.0,0.451,0.249346,0.0,0,0.0033004814,0.3005287207,0.3372914282011159
4.9541,3.79831,4.9225,1.76383,896.703,508.383,0.0,0.0,0.4572,0.259208,0.0,0,0.0032631878,0.2942245527,0.2994123494937946
8.749,6.77808,8.749,0.964207,1741.38,1806.02,6.02633,6.25004,0.65,0.674129,0.0,1,0.0052873648,0.4798480189,0.5061937687771457
9.23645,7.54223,9.20879,0.838059,1650.76,1969.74,3.89826,4.65153,0.6584,0.785625,0.0,1,0.0028211325,0.2680961566,0.286027869818122
7.79113,6.77532,7.7776,0.987389,1670.12,1691.45,5.68352,5.75611,0.6296,0.637641,0.0,1,0.0037250085,0.3585080792,0.39518957784735553
8.17522,6.25474,8.17454,1.00629,1672.2,1661.75,6.89892,6.8558,0.6166,0.612746,0.0,1,0.0045613603,0.4218051214,0.4435034069482359
8.30129,6.44362,7.31736,1.15313,1335.16,1157.86,0.0,0.0,0.542,0.470026,0.0,1,0.0044407561,0.4181948561,0.3908612861404338
6.78919,3.83218,6.78914,1.25603,744.215,592.514,5.33392,4.24665,0.4778,0.380405,0.0,0,0.0041415013,0.385507856,0.3440183040879371
5.17779,4.8964,5.17779,1.52841,213.864,139.925,323.996,211.982,0.4448,0.291021,0.0,1,0.0182000204,0.7431396862999999,0.9402584984316245
6.56305,4.53526,6.55951,1.09172,1547.89,1417.84,0.0,0.0,0.554,0.507454,0.0,1,0.0047392451,0.4426999115,0.43875556954325146
4.87973,4.18958,4.87973,1.91746,825.152,430.337,0.0,0.0,0.4374,0.228115,0.0,1,0.0059969693,0.4796359091,0.45561696823444514
4.44594,3.74599,4.44594,1.19018,680.577,571.825,0.0,0.0,0.4774,0.401114,0.0,1,0.0030706126,0.2812018982,0.3056966980783296
4.67624,4.03616,4.54961,1.19852,280.172,233.766,258.386,215.589,0.447,0.372961,0.0,1,0.0244932013,1.0858115537000002,1.0743224564016953
4.66636,3.48033,4.66636,1.03943,1194.85,1149.52,0.0,0.0,0.547,0.52625,0.0,0,0.0123921975,1.0612894879,1.0187470022383522
4.62568,3.53484,4.62568,1.03032,1206.44,1170.94,0.0,0.0,0.5394,0.523527,0.0,0,0.0116348689,0.9577702813,0.9782561273605335
10.70302,9.67182,10.70302,0.961173,1387.15,1443.19,0.0,0.0,0.6238,0.648999,0.0,1,0.0043888047,0.43437142,0.413249509940571
5.07878,4.0341,5.03574,1.22095,872.445,714.565,0.0,0.0,0.486,0.398052,0.0,0,0.0121629296,0.9854800791,0.9170665754858291
5.25265,3.98181,5.2356,0.962764,1924.08,1998.5,0.0,0.0,0.6296,0.653951,0.0,1,0.010642669,0.9740537974,0.9292472114172453
5.04398,3.94642,5.02513,1.29452,830.585,641.616,0.0,0.0,0.4644,0.358743,0.0,1,0.0181490463,1.087966189,1.185238832343659
5.64641,4.02417,5.64641,1.12294,2187.12,1947.67,0.0,0.0,0.6948,0.618733,0.0,0,0.0011235931,0.1160400428999999,0.11585037222563244
4.91899,3.58217,4.91899,1.2259,1844.97,1504.99,0.0,0.0,0.6484,0.528917,0.0,0,0.0013315691,0.1347033782,0.2978448267214188
6.79463,6.1943,6.7496,1.01911,2644.72,2595.13,0.0,0.0,0.7536,0.73947,0.0,1,0.0012708356,0.1267581291999999,0.14195477001629053
7.33631,5.31685,7.33003,0.762014,2989.95,3923.75,0.0,0.0,0.7604,0.997882,0.0,0,0.0021423352,0.2073617241,0.22912034005911858
7.77175,4.5942,7.75648,0.810672,2535.58,3127.75,0.0,0.0,0.7232,0.8921,0.0,0,0.0022944178,0.2266114929,0.24505601449142184
5.63038,4.40455,5.63038,0.959184,2069.23,2157.28,0.0,0.0,0.682,0.711021,0.0,0,0.0025336992,0.2458291986,0.24030109408179606
11.27088,6.03691,11.27088,0.827082,2236.87,2704.53,0.0,0.0,0.7068,0.85457,0.0,0,0.0037345847,0.3634169133,0.36772103477257434
4.94209,4.00194,4.9385,1.70772,1160.33,679.462,0.0,0.0,0.57,0.333779,0.0,1,0.0033996904,0.3268298682,0.29335652823825287
9.16363,5.74685,9.12289,0.890102,2297.06,2580.67,0.0,0.0,0.7262,0.815861,0.0,1,0.0040960849,0.3997830671,0.39451062176337004
5.98818,5.09996,5.98666,1.2421,2236.34,1800.46,0.0,0.0,0.6648,0.535224,0.0,1,0.0045190597,0.4301435329,0.41192842340398955
5.27147,3.77137,4.73746,1.58778,810.938,510.737,0.0,0.0,0.471,0.296641,0.0,0,0.0051107484,0.4219185978,0.4378834081180363
9.91839,8.86286,9.91839,0.965245,1733.93,1796.36,0.0,0.0,0.6864,0.711115,0.0,1,0.003029421,0.2981412729,0.300741755146425
9.88958,8.7039,9.88958,1.06981,1632.82,1526.27,0.0,0.0,0.6406,0.598799,0.0,1,0.0034891615,0.3459379639,0.35233624447500367
9.82749,8.59259,9.81107,1.05385,1634.41,1550.89,0.0,0.0,0.6474,0.614319,0.0,1,0.0033287943,0.3161705703,0.32959831585042415
4.84619,4.06844,4.72468,1.45348,1121.07,771.298,0.0,0.0,0.5442,0.374412,0.0,1,0.0060707315,0.5245560467,0.47392579614690544
4.78155,4.02282,4.65286,1.48818,1095.49,736.125,0.0,0.0,0.5464,0.36716,0.0,1,0.0062207913,0.5552277946,0.48021772201906293
4.79083,4.0345,4.51089,1.48936,1096.45,736.189,0.0,0.0,0.5422,0.364049,0.0,1,0.0061286429,0.5351851761,0.47749928185592255
4.87227,4.07548,4.69675,1.46373,1145.93,782.881,0.0,0.0,0.5582,0.381355,0.0,1,0.0058962449,0.5210543419,0.4726900149611186
15.48597,6.62234,15.4779,0.747785,2189.36,2927.8,0.0,0.0,0.7402,0.989857,0.0,1,0.006455911,0.5918589695,0.6184821405581392
5.41112,4.55984,5.40803,1.50963,1275.98,845.227,0.0,0.0,0.5678,0.376117,0.0,0,0.0051360309,0.4689228506,0.42291768544954567
9.86186,4.91496,9.72199,0.854434,1940.85,2271.51,0.0,0.0,0.6662,0.779698,0.0,1,0.0067030996,0.6108678834000001,0.608621069325492
10.4496,5.49019,10.26922,0.855998,1928.74,2253.21,0.0,0.0,0.6638,0.775469,0.0,1,0.0097903312,0.7317483043999999,0.8437811070689238
4.87237,4.21817,4.85139,1.59832,794.764,497.251,0.0,0.0,0.4888,0.305822,0.0,1,0.0020637164,0.1967296627,0.18089836797159675
6.58573,4.52277,6.51086,1.38834,1531.01,1102.76,0.0,0.0,0.6034,0.434618,0.0,1,0.0010951929,0.1104819572,0.13402311364636033
7.42586,6.54227,7.42586,1.26071,1716.68,1361.67,0.0,0.0,0.6098,0.483696,0.0,1,0.0032949611,0.3193369032,0.333341557632892
4.97966,4.34921,4.97473,3.91304,903.181,230.813,0.0,0.0,0.4372,0.111729,0.0,1,0.0011950965,0.1105711441,0.079889544951663
6.50595,4.6947,6.4958,2.40269,1158.01,481.966,0.0,0.0,0.5536,0.230409,0.0,1,0.0022911777,0.2115410868,0.15677187086281374
6.10819,5.25433,6.10592,0.863424,2602.75,3014.46,0.0,0.0,0.6904,0.799607,0.0,0,0.0100880283,0.936895635,0.9898232699385966
4.58853,4.19832,4.58853,1.42471,389.253,273.216,49.369,34.652,0.47,0.329892,0.0,1,0.0017170464,0.1675102516,0.22342671021674265
6.81519,6.14414,6.81519,1.60609,1346.83,838.578,0.0,0.0,0.5478,0.341077,0.0,0,0.0019978361,0.1987711503,0.2238008070227845
5.69122,4.8418,5.69122,1.08403,1663.7,1534.74,7.50334,6.92174,0.592,0.546112,0.0,1,0.0045548279,0.4292313108,0.4304491302387093
6.88443,4.8384,6.1725,0.827487,2774.06,3352.39,0.0,0.0,0.6498,0.785269,0.0,1,0.0058262762,0.5379173905,0.5505833094785468
5.4499,3.81156,5.4499,1.25884,985.671,783.002,173.283,137.653,0.514,0.408314,0.0,1,0.0150993242,1.1086702328,1.0719361029614527
7.0118,5.67657,7.0118,1.03009,2663.85,2586.03,0.0,0.0,0.7454,0.723623,0.0,0,0.0015624021,0.1643335416,0.16983483222511964
6.99053,5.65806,6.99053,1.03643,2661.11,2567.58,0.0,0.0,0.7442,0.718045,0.0,0,0.0017355215,0.1674251646,0.18048284104263457
6.60032,5.32777,6.60032,1.16153,2587.98,2228.08,0.0,0.0,0.7204,0.620219,0.0,0,0.0021091707,0.2008516255,0.21220675168602166
7.31661,4.83808,7.31661,1.36986,1339.97,978.182,0.0,0.0,0.5642,0.411867,0.0,1,0.0062876079,0.5004939377000001,0.51228592500773
7.13593,3.78757,7.13593,1.08644,2189.73,2015.5,27.1266,24.9682,0.6726,0.619084,0.0,0,0.0007373317,0.069048944,0.21814790497192915
5.20851,4.05507,5.20188,1.12752,1913.28,1696.88,0.0,0.0,0.6196,0.549523,0.0,0,0.0069978397,0.7004617612,0.6743074499459755
6.88886,4.03008,6.66292,1.04955,1124.4,1071.32,29.6858,28.2844,0.5406,0.51508,0.0,0,0.0097871358,0.7733044898,0.8128385864594131
13.71017,3.97085,13.71017,1.23134,1607.97,1305.87,0.0,0.0,0.6056,0.491823,0.0,1,0.009038654,0.7489825373000001,0.7512571362760332
6.4533,5.02363,5.80415,0.985188,2310.11,2344.84,0.0,0.0,0.6394,0.649013,0.0,1,0.006261061,0.5934991098,0.5910663488667105
7.62702,5.92083,7.58526,0.977291,1976.53,2022.46,0.0,0.0,0.6138,0.628063,0.0,1,0.0051172917,0.4849981875,0.49145571580857694
7.55002,6.86281,7.5454,0.941882,1957.97,2078.79,0.0,0.0,0.639,0.678429,0.0,1,0.0045710126,0.4423376979999999,0.43851922006323496
5.04252,3.59258,5.00865,2.17111,739.471,340.597,0.0,0.0,0.4584,0.211137,0.0,1,0.0144415199,0.910059239,0.9379024023178654
4.97553,4.09686,4.67636,1.71885,1447.62,842.207,0.0,0.0,0.5806,0.337785,0.0,1,0.0105050611,0.8841284641,0.8006434145335597
6.87778,6.50668,6.87778,1.59244,1555.51,976.807,0.0,0.0,0.5806,0.364597,0.0,0,0.0055181092,0.5109896889,0.48273996566707905
6.12904,5.80783,6.12904,1.94195,358.184,184.445,0.0,0.0,0.335,0.172507,0.0,0,0.0011807938,0.1012993918,0.14231081929542622
9.71746,9.09929,9.71746,1.3312,1383.23,1039.09,0.0,0.0,0.5818,0.43705,0.0,1,0.0013296627,0.1278363068,0.13594830701244698
21.49217,18.9061,21.49217,0.794834,1364.82,1717.11,0.605784,0.762152,0.7146,0.899055,0.0,1,0.0018472368,0.1864824564999999,0.1894650102201736
5.87384,4.7032,5.72081,1.15967,3090.85,2665.28,0.0,0.0,0.7338,0.632764,0.0,1,0.0009196494,0.0910664987,0.1205919902416549
5.99633,4.79932,5.81502,0.74227,3172.25,4273.71,0.0,0.0,0.734,0.988859,0.0,1,0.0011856624,0.123968259,0.1666488901604044
6.25531,4.55241,6.24369,1.60942,1024.12,636.328,2.59362,1.61152,0.5428,0.337264,0.0,1,0.0023342789,0.2196594466,0.19024058224093165
7.24971,4.97645,7.24971,1.58621,997.869,629.089,110.417,69.6106,0.5532,0.348755,0.0,1,0.0025708656,0.2259628376,0.22310302101162843
6.98334,4.14157,6.98202,1.19557,2249.87,1881.83,0.0,0.0,0.6508,0.544341,0.0,1,0.0034054343,0.3351869231,0.3562942391406004
7.76134,3.87237,7.76134,1.15876,1542.78,1331.4,0.0,0.0,0.5858,0.505539,0.0,1,0.0031559153,0.3119973421,0.29597213364469904
5.97739,3.43415,5.31131,1.09565,745.656,680.561,250.74,228.851,0.5084,0.464017,0.0,1,0.0079275694,0.5799571829,0.6870821675815879
5.59824,4.74384,5.59824,0.895752,2281.69,2547.24,0.0,0.0,0.6272,0.700194,0.0,1,0.0063707824,0.6012407569,0.6529260580505614
5.84848,5.57464,5.83375,1.84239,1401.27,760.57,0.0,0.0,0.5592,0.303518,0.0,1,0.008955369,0.7309739987,0.6782463688604453
9.06042,4.04226,9.06042,1.25445,1709.74,1362.94,22.3665,17.8297,0.6492,0.517517,0.0,1,0.0026320985,0.2556978063,0.25694602519046444
8.98552,4.23883,8.98552,1.25419,1702.48,1357.43,21.0421,16.7774,0.6478,0.516507,0.0,1,0.0026641192,0.255345579,0.2460057454858271
9.10869,5.99614,8.54669,0.787709,2364.52,3001.77,0.0,0.0,0.7242,0.919375,0.0,1,0.0053928796,0.5020283759,0.523353245257156
6.47025,4.23928,6.47025,1.06649,1898.08,1779.75,0.0,0.0,0.616,0.577597,0.0,0,0.0069792255,0.6519511276,0.6361386273480849
5.89247,4.24175,5.78451,1.04927,1964.15,1871.92,0.0,0.0,0.628,0.598513,0.0,0,0.0068943368,0.6570245642,0.6192798828814926
5.29805,4.38969,5.29805,1.14172,1383.89,1212.11,0.0,0.0,0.5194,0.454928,0.0,1,0.0080568819,0.6989762804,0.7353994391693751
5.57662,4.55736,5.57662,1.15159,1292.51,1122.37,0.0,0.0,0.5342,0.463881,0.0,1,0.0078875642,0.6671687488,0.7007515562916846
5.26078,4.28352,5.26078,1.18451,1235.25,1042.84,0.0,0.0,0.5154,0.435117,0.0,1,0.0084307001,0.689573653,0.7457968023807872
4.80903,3.55203,4.73589,1.40486,557.682,396.966,0.0,0.0,0.407,0.289708,0.0,1,0.0073410403,0.5967492038000001,0.6011580286550718
4.43071,3.40597,4.26593,1.3553,678.182,500.394,0.0,0.0,0.4342,0.320372,0.0,1,0.0155139035,0.9734340313,1.070721139335523
9.47139,8.23796,9.47139,0.666821,2383.65,3574.65,0.0,0.0,0.7906,1.18563,0.0,0,0.0027921483,0.2702223578,0.28941833029111486
6.16574,4.96395,6.1491,1.27739,1014.53,794.22,0.0,0.0,0.5052,0.395493,0.0,1,0.0044370686,0.400110522,0.37301643390251704
4.32621,3.78826,4.32621,3.27612,950.357,290.086,0.0,0.0,0.4232,0.129177,0.0,1,0.0045457879,0.3748053213,0.31025763139553203
5.46375,4.23769,5.46375,1.76848,680.689,384.9,0.0,0.0,0.5068,0.286574,0.0,1,0.0012313476,0.1157118762,0.11338857396980762
4.61348,3.86544,4.61348,1.60999,548.992,340.991,0.0,0.0,0.3982,0.24733,0.0,1,0.0033052165,0.2769897186,0.2578443600979502
7.47444,4.87179,7.47444,1.1331,1630.87,1439.3,0.0,0.0,0.577,0.509222,0.0,1,0.0031796351,0.3149898817,0.31160516910902214
7.22451,3.90462,7.20186,1.01646,1810.83,1781.5,0.0,0.0,0.6044,0.594611,0.0,1,0.0060450943,0.5621540707,0.5805109694890636
5.41707,3.94622,5.41707,1.08258,1617.69,1494.29,0.0,0.0,0.5648,0.521716,0.0,0,0.0118054141,0.9624027128,1.016537972012299
6.84017,5.52979,6.84017,1.2226,2050.0,1676.76,0.0,0.0,0.7014,0.573697,0.0,0,0.0014295312,0.1387430464,0.15724070519581013
6.76345,5.40521,6.76332,1.26054,2049.12,1625.6,0.0,0.0,0.6972,0.553098,0.0,0,0.0014899339,0.144940366,0.1574978317098631
5.71951,3.80264,5.71876,1.30733,2035.3,1556.84,0.0,0.0,0.6656,0.509129,0.0,1,0.0014832225,0.1532752709,0.14829431189118525
6.74773,5.04258,6.74039,1.26894,2076.98,1636.78,0.0,0.0,0.6788,0.534934,0.0,1,0.001507048,0.1453460708999999,0.17110194341112495
6.07798,4.22779,6.07163,1.30832,2060.98,1575.28,0.0,0.0,0.6732,0.514552,0.0,0,0.0015765111,0.1517648672,0.14766915626389532
6.30784,4.54282,6.29619,1.29078,2076.15,1608.45,0.0,0.0,0.675,0.52294,0.0,0,0.0014728198,0.1512152024,0.15527502377789892
6.81948,5.37501,6.81948,1.22536,2128.85,1737.32,0.0,0.0,0.696,0.567996,0.0,0,0.0014300345,0.1383041199,0.15220227948118026
6.84936,5.28466,6.84936,1.24173,2101.82,1692.65,0.0,0.0,0.6932,0.558254,0.0,0,0.0014360748,0.1397643558,0.15307715533703592
7.01269,5.15498,7.0057,1.25891,2052.76,1630.59,0.0,0.0,0.6916,0.549364,0.0,0,0.0013869321,0.1409165093,0.1505751369669618
7.99703,7.36677,7.98615,1.64643,944.835,573.867,0.0,0.0,0.4756,0.288867,0.0,0,0.003231448,0.3124428445,0.33852482794042854
8.10881,7.62421,8.10881,1.55257,958.181,617.157,0.0,0.0,0.488,0.314317,0.0,0,0.0026036576,0.2564376388,0.2233693991437623
5.13693,3.97105,5.11342,0.982113,1295.69,1319.28,0.0,0.0,0.5422,0.552075,0.0,1,0.0065780523,0.6063105648,0.6236918219819577
8.18498,3.62665,8.04776,1.4535,879.019,604.759,443.479,305.11,0.5378,0.370003,0.0,0,0.0561286717,3.1030715537,2.2879716692720162
8.32701,3.59268,8.32701,1.46991,1382.6,940.602,0.383122,0.260644,0.553,0.376215,0.0,0,0.0531483561,3.0614187707,2.92291577935522
9.69314,7.13433,9.69314,0.65232,2302.34,3529.46,0.0,0.0,0.7484,1.14729,0.0,1,0.0041762606,0.4167459839,0.40555778172606155
9.64125,7.09583,9.64125,0.653616,2314.51,3541.09,0.0,0.0,0.7532,1.15236,0.0,1,0.0042118483,0.4137889505,0.41689722029452114
6.8059,5.18062,6.8059,1.41637,1048.63,740.368,38.6647,27.2985,0.5234,0.369537,0.0,1,0.0201294675,1.1288342931,1.2888833856119009
9.69113,7.20147,9.69113,0.660405,2307.63,3494.27,0.0,0.0,0.7614,1.15293,0.0,1,0.0043405359,0.4244859479,0.43197906616286835
13.16813,6.65727,13.16813,0.881908,2114.87,2398.07,0.0,0.0,0.7196,0.815958,0.0,1,0.0075093383,0.6130869718,0.6592097947220709
13.22354,6.67449,13.22354,0.8764,2113.41,2411.46,0.0,0.0,0.7206,0.822227,0.0,1,0.0076591634,0.6131902995,0.6758420844833948
5.29821,4.82783,5.29821,2.09158,1030.37,492.631,0.0,0.0,0.4588,0.219356,0.0,1,0.0050665116,0.4071759489,0.42560734981657444
7.27536,4.86667,7.27536,0.966335,1538.49,1592.09,200.889,207.888,0.6076,0.628767,0.0,1,0.009007408,0.7799461340999999,0.7087968508744995
21.60336,14.63737,21.60336,0.354351,1695.85,4785.8,0.0,0.0,0.8718,2.46027,0.0,1,0.0044778039,0.4224476318999999,0.4207415087785282
23.49364,11.53361,23.48524,0.424505,1906.84,4491.91,0.0,0.0,0.849,1.99997,0.0,1,0.0041667917,0.4182067728,0.3828067772021632
5.41632,4.78135,5.41632,1.32576,1175.0,886.282,0.0,0.0,0.499,0.376388,0.0,1,0.0126433735,0.9665129232,0.9251900892841304
5.28351,3.76449,3.92047,1.16809,406.535,348.035,406.008,347.584,0.5144,0.440378,0.0,0,0.0071434105,0.5872242275999999,0.6427970473647174
4.88114,3.85589,4.00843,1.17746,202.132,171.668,464.324,394.346,0.5094,0.432628,0.0,0,0.0065850455,0.5753630906,0.5861145650252226
4.10269,3.52572,4.10269,1.25337,612.446,488.638,0.0,0.0,0.5006,0.399402,0.0,0,0.0068363646,0.5848306088,0.607564448207229
4.47915,3.70978,4.27429,1.38219,507.522,367.187,328.529,237.688,0.4744,0.343224,0.0,1,0.0104457119,0.8654871870999999,0.8000371347285232
7.59854,5.9029,7.59287,0.74526,2992.97,4016.0,0.0,0.0,0.791,1.06137,0.0,1,0.001299092,0.1344483849,0.17652112065854808
6.37722,4.1401,6.36865,1.48117,1573.92,1062.62,0.0,0.0,0.5824,0.393204,0.0,0,0.0024767063,0.2410937662,0.21850789456183545
6.06999,4.11356,6.06999,1.23293,641.787,520.537,0.0,0.0,0.4508,0.365632,0.0,1,0.002263782,0.2028720576,0.17570895262013164
11.86103,5.70578,11.72639,0.691421,2206.3,3190.97,0.0,0.0,0.7668,1.10902,0.0,1,0.0045480906,0.4456312807,0.4466917189641163
7.44579,3.94305,6.4772,1.00681,1672.8,1661.47,0.0,0.0,0.5814,0.577465,0.0,0,0.0131409835,1.0214779378,1.1068453554699245
4.43567,3.44353,4.43166,1.44767,531.139,366.891,0.0,0.0,0.4788,0.330738,0.0,1,0.0018866594,0.18725187,0.18243415586672396
5.09073,4.28382,5.09073,2.03523,909.798,447.024,0.0,0.0,0.4642,0.228082,0.0,1,0.0035514062,0.3010054605,0.2983989320162054
8.38023,4.12707,8.38023,0.867162,1938.3,2235.22,0.0,0.0,0.6224,0.717744,0.0,0,0.0068924489,0.6285272693,0.6207734822921971
14.11404,9.82464,14.11404,1.50654,1067.45,708.545,0.0,0.0,0.6006,0.398661,0.0,1,0.0020603374,0.1846573468,0.17586013117154775
6.06957,5.53792,6.06957,0.892995,1622.17,1816.55,0.0,0.0,0.629,0.704371,0.0,1,0.0041405697,0.3928770621,0.39177058895220707
6.29142,5.79696,6.29077,1.36514,595.047,435.886,0.0,0.0,0.467,0.342088,0.0,1,0.0042581368,0.3630458135,0.31815683486525254
7.16525,4.74264,7.03966,0.861413,1929.99,2240.49,0.0,0.0,0.6146,0.713479,0.0,0,0.0106786809,0.9277870623,0.9404870630348269
6.53052,5.58315,6.53052,1.14575,936.289,817.183,0.0,0.0,0.503,0.439013,0.0,0,0.0120811963,0.8734980934000001,0.8734214096793014
6.55588,5.45199,6.55588,1.14259,922.719,807.568,0.0,0.0,0.4978,0.435677,0.0,0,0.0132861311,0.9177197306,0.9640702848672466
6.69444,5.84937,6.69444,1.13629,975.718,858.686,0.0,0.0,0.5104,0.44918,0.0,0,0.0119237232,0.8533574582,0.870467654314127
6.69706,5.82012,6.69706,1.12302,945.662,842.074,0.0,0.0,0.503,0.447901,0.0,0,0.0111318225,0.8390332657999999,0.8430085999224852
6.7589,5.79486,6.7589,1.1199,967.709,864.099,0.0,0.0,0.5112,0.456468,0.0,0,0.0123309607,0.8763595366,0.8834513280050972
6.823,5.88003,6.823,1.1136,990.517,889.476,0.0,0.0,0.5056,0.454025,0.0,0,0.0119913817,0.8554736624,0.8735232898719401
6.86662,5.74381,6.86662,1.1179,982.695,879.053,0.0,0.0,0.5126,0.458537,0.0,0,0.0123592589,0.8557973236,0.8826593551129648
6.62212,5.08469,6.62212,1.12644,928.228,824.034,0.0,0.0,0.5154,0.457546,0.0,0,0.013455816,0.9189377849,0.9761605950979246
6.67565,4.79784,6.64558,1.08038,1016.53,940.902,0.0,0.0,0.5102,0.47224,0.0,0,0.0124552433,0.8817820773999999,0.8998780085291097
6.44081,4.04722,6.44081,1.09379,982.779,898.504,0.0,0.0,0.5092,0.465535,0.0,0,0.013285949,0.921661293,0.9819464936029092
6.73531,5.14118,6.73531,1.08477,941.654,868.069,0.0,0.0,0.5218,0.481024,0.0,0,0.0124338747,0.9091366017,0.8779913461528797
7.29129,6.3252,7.29129,1.04682,1086.92,1038.31,0.0,0.0,0.5424,0.518142,0.0,0,0.0105641191,0.7853454264,0.8049840443324374
6.79198,5.2818,6.79198,1.07942,946.208,876.593,0.0,0.0,0.5242,0.485633,0.0,0,0.012244228,0.8989384205,0.866097558898518
5.00131,3.86562,5.00092,1.39238,1497.55,1075.53,0.0,0.0,0.5584,0.401039,0.0,1,0.0052293127,0.4660320632999999,0.5203211250479978
4.80402,3.83038,4.80248,1.49755,1398.05,933.559,0.0,0.0,0.5346,0.356983,0.0,1,0.0059754511,0.5360208035,0.48458868840466507
5.10696,4.09246,5.10696,1.36597,1540.95,1128.11,0.0,0.0,0.565,0.413627,0.0,1,0.0053109835,0.4804774944,0.5223878465054989
4.85942,3.67908,4.85942,1.85926,1388.03,746.548,0.0,0.0,0.5542,0.298075,0.0,1,0.0036389811,0.3286297586,0.33043637074794335
4.93942,3.90462,4.93942,1.84087,1437.78,781.033,0.0,0.0,0.5596,0.303986,0.0,1,0.0042720058,0.3816568207,0.3736929206618029
4.67642,3.71608,4.67441,1.95188,1324.79,678.726,0.0,0.0,0.5406,0.276964,0.0,1,0.0041134459,0.3753350782,0.3241047334157932
4.53154,3.47646,4.53046,2.03962,960.704,471.022,1.31722,0.645816,0.5242,0.257009,0.0,1,0.0038030086,0.3336745163,0.3487453004147028
4.77875,3.62914,4.77812,1.88548,1186.63,629.349,4.49602,2.38455,0.5478,0.290536,0.0,1,0.003309711,0.3067466639,0.3267490826653943
6.17589,4.55995,6.17589,1.24493,1035.54,831.808,0.0,0.0,0.5128,0.411912,0.0,0,0.0025806549,0.2492516221,0.24834424851095277
7.83476,4.57838,7.67886,1.07865,1348.62,1250.29,0.0,0.0,0.5716,0.529923,0.0,0,0.005495546,0.4818799857,0.46878723865896055
8.46123,4.31249,7.59373,1.29132,1274.82,987.221,0.0,0.0,0.5562,0.430722,0.0,0,0.0041624879,0.3710192092,0.3662701892072356
4.99022,3.91645,4.98963,1.38859,1498.87,1079.42,0.0,0.0,0.5588,0.402423,0.0,1,0.00544578,0.4718180064,0.5234578753886349
4.63204,3.60208,4.62987,1.53122,1162.82,759.411,4.86491,3.17715,0.5256,0.343256,0.0,1,0.0050493196,0.4553593494,0.4422402302111614
5.21744,4.85597,5.21744,1.23316,795.516,645.106,0.0,0.0,0.5018,0.406924,0.0,1,0.0045888107,0.391960419,0.41517386892691593
13.27907,6.70029,13.26706,0.882932,2074.79,2349.88,0.0,0.0,0.7122,0.80663,0.0,1,0.0074919018,0.6018061736,0.6571792277367527
13.27914,8.89146,13.27914,0.6982,1942.39,2781.99,0.0,0.0,0.7516,1.07648,0.0,1,0.0031203998,0.3126058599,0.30704396464965966
6.08705,4.94831,6.08705,1.19906,1535.33,1280.44,0.0,0.0,0.57,0.475373,0.0,1,0.0071855009,0.6655845744,0.6237677111025831
8.32775,7.35004,8.32775,1.04928,1799.21,1714.71,0.0,0.0,0.648,0.617564,0.0,1,0.0064321253,0.6126622687,0.5783831859702332
8.69265,4.94745,8.69265,1.19814,1446.3,1207.12,0.0,0.0,0.612,0.510792,0.0,1,0.0033153525,0.3060997098,0.33290583507918853
5.8422,3.48658,5.82075,1.92767,1406.23,729.498,0.0,0.0,0.58,0.300882,0.0,1,0.0034118243,0.3169010498,0.278582541416432
5.81942,4.13008,5.81921,1.08758,1193.63,1097.51,0.0,0.0,0.5256,0.483275,0.0,0,0.0111588358,0.9383846337,0.9063080567267081
4.78325,3.91982,4.78325,1.01421,1563.82,1541.91,0.0,0.0,0.5504,0.54269,0.0,1,0.0055032105,0.5116418839,0.5510933357671514
6.78829,4.53676,6.76727,1.15506,1800.97,1559.2,0.0,0.0,0.6172,0.534345,0.0,1,0.0056675955,0.5160792136,0.5154449182383742
7.42167,6.24399,7.42167,1.08555,1886.91,1738.2,0.0,0.0,0.6204,0.571506,0.0,1,0.0026714413,0.2634281212,0.2843914380107911
7.64047,6.34458,7.63187,1.05425,1899.74,1801.98,0.0,0.0,0.6516,0.618068,0.0,1,0.0025732339,0.2513118998,0.26236196277991264
6.09359,4.9062,6.08114,0.831336,2354.2,2831.83,0.0,0.0,0.6718,0.808097,0.0,1,0.0077101291,0.7331914373,0.7304912596346398
6.07463,4.45798,5.9729,0.984585,2401.71,2439.31,0.0,0.0,0.6528,0.663021,0.0,1,0.0046449014,0.4591011835,0.4437716498111058
10.89993,6.77637,10.89993,0.718001,2324.4,3237.32,0.0,0.0,0.7434,1.03537,0.0,1,0.0046569983,0.4747912347999999,0.46543444206502527
11.91055,8.94015,11.87908,0.448758,2210.67,4926.21,0.0,0.0,0.8084,1.80142,0.0,1,0.0045144369,0.4442789190999999,0.4503589595777946
6.82796,5.69487,6.82796,0.81756,1884.13,2304.57,0.0,0.0,0.672,0.821958,0.0,1,0.004972559,0.4919547781,0.4643979078934009
5.98412,4.49111,5.97667,1.61045,1537.35,954.605,0.0,0.0,0.5426,0.336924,0.0,1,0.0085464052,0.7436281697,0.6701317619215679
5.27714,3.46452,5.27652,1.77541,392.456,221.051,0.0,0.0,0.4746,0.267319,0.0,1,0.0037884877,0.315596587,0.2677257694946184
4.62174,3.64026,4.62174,1.16054,790.171,680.867,0.0,0.0,0.4744,0.408776,0.0,0,0.0064980041,0.5650408429,0.5859073988642831
5.85992,4.34741,5.85992,1.1473,1614.58,1407.28,0.0,0.0,0.5232,0.456026,0.0,0,0.0074648819,0.677681456,0.6885977961528857
4.29835,3.4152,4.29262,1.35163,393.739,291.306,2.25484,1.66823,0.4592,0.339737,0.0,1,0.0038037833,0.3415228086,0.3268302776375607
5.62483,3.84836,5.59785,1.06417,2334.41,2193.65,0.0,0.0,0.607,0.5704,0.0,1,0.0073303899,0.6672265763,0.7227837159815708
6.24531,4.99676,6.24531,2.01823,1798.6,891.176,0.0,0.0,0.5646,0.27975,0.0,1,0.001467681,0.1401032804,0.1458033736248625
9.79433,6.58571,9.76919,1.05716,1773.48,1677.58,0.0,0.0,0.674,0.637556,0.0,1,0.0033351434,0.3300144109,0.3318598869716497
6.81125,6.65142,6.81125,1.26369,1689.58,1337.02,0.0,0.0,0.6178,0.488886,0.0,1,0.0022012779,0.2110303094,0.23588036569644033
4.39479,3.63152,4.30622,1.20023,327.056,272.493,228.818,190.645,0.4452,0.370927,0.0,0,0.0150529655,1.077884057,0.9162130491679402
4.51501,3.79299,4.16091,1.19194,612.464,513.84,0.0,0.0,0.4502,0.377705,0.0,0,0.0143941364,1.0362334838,1.0289246731951247
5.44503,3.98756,5.43218,1.47604,602.64,408.281,115.307,78.119,0.505,0.342131,0.0,1,0.0060196524,0.4990011884,0.44934683366407185
9.13708,7.11095,9.13708,0.82221,2053.25,2497.23,0.0,0.0,0.684,0.831905,0.0,0,0.0064608373,0.5878405534000001,0.6104668666896368
5.52019,4.61021,5.51376,1.65801,687.926,414.911,0.0,0.0,0.4506,0.271772,0.0,0,0.0011042277,0.1068400918,0.153181494346189
13.69253,8.47609,13.69253,0.683521,2000.04,2926.08,0.0,0.0,0.7552,1.10487,0.0,0,0.0035476039,0.3492823067,0.3637844221233724
8.234,7.52617,8.234,0.858047,2501.02,2914.78,0.0,0.0,0.7128,0.830724,0.0,1,0.00472556,0.4742743805,0.45383135943129643
7.90101,7.08763,7.8976,1.07399,1764.62,1643.06,0.0,0.0,0.6344,0.590696,0.0,1,0.0053697449,0.5066765175,0.5028895269884808
6.91612,5.83867,6.83043,1.00356,2150.65,2143.01,0.0,0.0,0.6578,0.655465,0.0,1,0.0060128877,0.5508062783,0.574922730540818
4.4966,3.71515,4.45873,1.44519,752.59,520.755,0.0,0.0,0.4252,0.294217,0.0,0,0.0042863557,0.3910254619,0.39164482068730766
4.42187,3.56624,4.4192,1.435,723.425,504.128,0.0,0.0,0.4304,0.29993,0.0,1,0.0031634817,0.3016983638,0.2719937063200702
37.3405,13.00592,37.31547,0.403891,1712.88,4240.94,0.0,0.0,0.8324,2.06095,0.0,1,0.0047162085,0.4548833063,0.4510765415626594
5.40391,4.45966,5.39413,1.61347,1720.16,1066.13,0.0,0.0,0.5494,0.340509,0.0,1,0.0059325828,0.5150023752,0.4870156830614145
5.63795,4.77812,5.63069,1.59088,1761.52,1107.26,0.0,0.0,0.5624,0.353516,0.0,0,0.0060417471,0.5260845352,0.5138281680333406
7.90649,6.23902,7.90649,1.39467,1474.83,1057.48,0.0,0.0,0.5612,0.40239,0.0,1,0.0351108449,2.0906363037,1.670757006446686
5.82433,3.93601,5.82433,1.29826,1025.59,789.97,0.0,0.0,0.5686,0.437971,0.0,0,0.0014943086,0.1497035277999999,0.1473365224369162
10.83121,6.54663,10.83121,0.97354,1928.71,1981.13,0.0,0.0,0.6686,0.686772,0.0,1,0.0032243696,0.3004388392,0.33382973916618885
11.21237,6.77529,11.21199,0.978835,1903.75,1944.91,0.0,0.0,0.6474,0.661399,0.0,1,0.0028414479,0.2695822035,0.2977040849495766
17.65359,14.41981,17.65359,0.688928,1805.53,2620.78,0.0,0.0,0.7418,1.07675,0.0,0,0.0041180342,0.4147922949,0.36734558611388013
7.81236,5.76726,7.81236,0.879883,2108.57,2396.42,0.0,0.0,0.6624,0.752827,0.0,0,0.0044654691,0.4418860132,0.4086115436548727
5.00131,4.56878,4.98439,1.44177,873.775,606.043,0.0,0.0,0.501,0.347489,0.0,0,0.0078623243,0.6074957532999999,0.6245468194868907
5.37118,4.47094,5.33272,1.34967,1149.04,851.347,10.6722,7.90727,0.5126,0.379797,0.0,1,0.0063642553,0.5649513347,0.5860513889352759
5.22265,4.3746,5.21018,1.35436,1100.13,812.287,11.7356,8.66502,0.5156,0.380696,0.0,1,0.0060137205,0.5345762038,0.5379962054360407
5.28891,4.25116,5.28891,1.21408,1053.59,867.808,5.10787,4.20721,0.5256,0.432922,0.0,1,0.0053555947,0.4951744704,0.5246991567796999
12.85482,8.91717,12.83553,1.23622,1841.47,1489.6,0.0,0.0,0.7372,0.596334,0.0,1,0.0010371274,0.1028243857,0.14992504135316853
21.49816,9.22584,18.34054,0.4666,2093.84,4487.44,0.0,0.0,0.8266,1.77154,0.0,1,0.0056212059,0.5311099171,0.5244485497130214
24.28264,10.2733,24.27637,0.405541,1930.72,4760.85,0.0,0.0,0.8426,2.07772,0.0,1,0.0058719881,0.554397815,0.5423969581015006
20.08724,6.66271,20.08724,0.597835,2261.64,3783.05,0.0,0.0,0.7894,1.32043,0.0,1,0.0060504138,0.5842195415,0.5852006756287005
7.04018,5.00118,6.73681,1.11887,1297.93,1160.04,0.0,0.0,0.528,0.471906,0.0,1,0.0053999375,0.5052895186,0.4857749955252021
7.11877,4.99085,7.01426,1.11442,1299.63,1166.19,0.0,0.0,0.527,0.472891,0.0,1,0.0053184815,0.5016577726,0.48737643571667666
5.15837,3.71285,5.1262,1.26263,639.82,506.735,0.0,0.0,0.4692,0.371605,0.0,1,0.011162989,0.7119764212999999,0.7687631462784837
12.00373,11.11993,12.00373,0.767386,1559.55,2032.28,0.0,0.0,0.672,0.8757,0.0,1,0.0025707671,0.2509535342,0.24720799477710764
13.14331,6.50331,13.13039,0.890304,2133.37,2396.22,0.0,0.0,0.7114,0.799053,0.0,1,0.0073872825,0.6109881286,0.6612455212625817
8.16636,3.63608,8.16636,1.40372,1642.88,1170.38,0.0,0.0,0.568,0.40464,0.00156727,0,0.0039127257,0.3397697251,0.35994176422435564
4.51112,4.19176,4.51112,1.1607,908.617,782.819,0.0,0.0,0.5106,0.439908,0.0,1,0.0081905233,0.7116534039,0.7066456877677365
10.74057,8.40432,8.92854,0.504189,2700.75,5356.61,0.0,0.0,0.8076,1.60178,0.0,1,0.0042804934,0.3965866011,0.4259648201477307
4.61661,3.56851,4.61661,1.92477,1210.48,628.894,0.0,0.0,0.514,0.267045,0.0,1,0.0014260592,0.1465986989,0.17116887227599897
6.62075,4.56528,6.62075,1.81667,1374.98,756.865,0.0,0.0,0.5514,0.303522,0.0,1,0.000581611,0.0618885983,0.08600452999007446
5.87604,3.78386,5.86921,1.04183,1802.16,1729.8,0.0,0.0,0.622,0.597029,0.0,0,0.0106651958,0.9525682334,0.9215931304222905
6.95842,6.13717,6.94512,1.39957,1222.41,873.413,0.0,0.0,0.5188,0.370684,0.0,1,0.0024166582,0.2323572503,0.23583197845663295
5.77457,3.67413,5.75944,1.64692,1133.89,688.489,59.8527,36.3421,0.521,0.316347,0.0,1,0.0051459663,0.4732778846,0.47161356110090624
9.09773,7.66595,9.09773,0.805646,1902.98,2362.06,0.0,0.0,0.6786,0.842305,0.0,1,0.0045659551,0.4316945272,0.427388256947846
9.74532,6.34877,9.74532,0.957875,1926.91,2011.65,0.0,0.0,0.64,0.668145,0.0,1,0.0070950073,0.6536010292000001,0.6311564822953579
10.69503,7.05231,10.69503,0.975433,1644.41,1685.83,0.0,0.0,0.6456,0.66186,0.0,1,0.005962169,0.5691442481,0.549512024953174
7.04716,6.45776,7.04716,1.849,1998.18,1080.68,0.0,0.0,0.6766,0.365927,0.0,1,0.0016960274,0.1639636224,0.1570286628392018
4.16883,3.64959,4.16883,1.16973,666.603,569.875,0.0,0.0,0.5526,0.472415,0.0,0,0.0032151068,0.3168684817,0.40932845691151953
8.08211,6.49977,8.07086,1.60695,1752.25,1090.42,2.37844,1.4801,0.6066,0.377486,0.0,1,0.0015403622,0.1500326034,0.15532166293769356
5.22384,3.95101,5.21614,1.32405,863.286,652.003,0.0,0.0,0.4802,0.362674,0.0,1,0.0151563749,0.9633126532,1.1002106172756672
8.3258,8.06587,8.3258,1.20593,1261.26,1045.89,0.0,0.0,0.5316,0.440823,0.0,0,0.0027706994,0.2685440805,0.27948873278957226
5.39742,4.45708,5.33979,1.26627,1762.86,1392.17,0.0,0.0,0.5648,0.446036,0.0,1,0.0055477591,0.502385919,0.5144765669770954
5.34624,4.4404,5.30939,1.2826,1715.57,1337.57,0.0,0.0,0.5728,0.446594,0.0,1,0.0057697622,0.5233908442,0.5232599658205217
5.35189,4.46399,5.34326,1.29856,1713.78,1319.75,0.0,0.0,0.5712,0.439871,0.0,1,0.0057665857,0.5122355311,0.5205869440130052
5.33865,4.48097,5.3256,1.32498,1680.96,1268.67,0.0,0.0,0.569,0.42944,0.0,1,0.0057835691,0.5227990528,0.5218872670957849
5.32077,4.48233,5.32077,1.33464,1678.44,1257.6,0.0,0.0,0.5746,0.430529,0.0,1,0.0059612356,0.5240176965,0.5505315063449137
5.30607,4.48289,5.30386,1.35411,1643.73,1213.88,0.0,0.0,0.5664,0.418282,0.0,1,0.0059928916,0.5260148967,0.5529138582137617
5.30653,4.52403,5.29517,1.36913,1649.04,1204.45,0.0,0.0,0.5562,0.406243,0.0,1,0.0056440541,0.5139512093,0.5182540813083314
5.32227,4.57646,5.32227,1.37671,1661.66,1206.98,0.0,0.0,0.5744,0.417225,0.0,1,0.0056917835,0.5106800338,0.5201330984645823
5.30179,4.55872,5.30179,1.39948,1649.43,1178.6,0.0,0.0,0.5718,0.40858,0.0,1,0.0057412233,0.5272882821,0.5208872759479675
5.32783,4.62627,5.32783,1.39297,1655.8,1188.68,0.0,0.0,0.5686,0.408192,0.0,1,0.0056280878,0.5107279025,0.5234340834878545
5.67387,3.7719,5.66477,1.01421,1385.47,1366.06,80.4067,79.2805,0.6032,0.594751,0.0,1,0.0147130603,1.1672137374,1.0622123831287507
5.3015,3.54171,4.69168,1.40949,721.003,511.535,0.0,0.0,0.4634,0.328771,0.0,1,0.0060389644,0.4946862672,0.47302978349437935
6.78822,5.70042,6.78792,1.17074,1452.69,1240.82,0.0,0.0,0.588,0.502245,0.0,1,0.0070157825,0.622183991,0.6095467451722503
7.10606,3.80774,7.0844,1.02768,1719.77,1673.45,0.0,0.0,0.5972,0.581114,0.0,1,0.0061781767,0.5898900017,0.5877263987627114
10.33934,8.28295,10.32915,0.62663,2205.37,3519.42,0.0,0.0,0.7756,1.23773,0.0,1,0.0026927887,0.2697196372,0.28051114096651375
10.01013,7.75871,10.01013,0.671545,2228.83,3318.96,0.0,0.0,0.7738,1.15227,0.0,1,0.0028121622,0.2802428628,0.28768100560304616
4.6264,3.66432,4.6264,1.37262,652.64,475.472,0.0,0.0,0.459,0.334398,0.0,0,0.0061553923,0.5446393053999999,0.5047772833568239
5.11458,4.23281,5.10868,1.21651,1349.89,1109.64,0.0,0.0,0.5426,0.446031,0.0,1,0.0048826082,0.4650071575,0.4675683477858785
5.08255,3.56751,5.06998,1.24486,1045.2,839.611,0.0,0.0,0.4974,0.399562,0.0,1,0.0109251575,0.8519392918,0.9058374623748198
5.91854,3.45718,5.91854,1.24349,557.924,448.674,35.0611,28.1957,0.4732,0.380541,0.0,0,0.0030549083,0.278276155,0.29780955688719846
5.3293,4.32637,5.19907,1.33144,777.591,584.023,24.9908,18.7698,0.4496,0.33768,0.0,0,0.0030758618,0.294280802,0.30295111027271043
5.28683,4.41255,5.2637,1.35718,819.018,603.469,0.0,0.0,0.4502,0.331717,0.0,0,0.0032062478,0.3010356687,0.31866606601018904
5.65082,4.55391,5.6492,1.03183,1744.09,1690.29,0.0,0.0,0.599,0.580521,0.0,0,0.0109261362,0.9682888276,0.9479434939669666
5.65964,4.57272,5.65578,1.03183,1734.09,1680.59,0.0,0.0,0.6058,0.587111,0.0,0,0.0107833463,0.9495435905,0.9493104215673243
5.6482,4.818,5.6482,1.03468,1377.31,1331.15,0.0,0.0,0.5112,0.494067,0.0,1,0.0146334745,1.164007211,1.1200693243806326
8.24038,5.23853,8.14946,0.765451,2630.89,3437.05,0.0,0.0,0.7374,0.963354,0.0,1,0.0060336199,0.589578948,0.5912748022861695
16.90888,11.06843,16.90888,0.361932,1789.5,4944.29,0.0,0.0,0.8714,2.40763,0.0,0,0.0036954025,0.3652736919,0.3655566901738889
4.4965,4.02903,4.49472,1.56535,409.981,261.909,0.0,0.0,0.3512,0.224358,0.0,0,0.022434379,1.0037420855,1.1888654431323276
7.4185,6.73421,7.4185,1.13583,1090.42,960.022,0.0,0.0,0.5128,0.451477,0.0,1,0.0052976418,0.5014938028,0.4901420594294884
8.31732,6.45797,8.30908,0.729711,1924.84,2637.82,0.0,0.0,0.6412,0.878704,0.0,0,0.0051711503,0.4892923022,0.5057131504755872
5.43641,4.11889,5.43641,1.10203,1510.94,1371.05,0.0,0.0,0.521,0.472764,0.0,0,0.0079768643,0.7041667604,0.7459734605136857
10.69025,9.42287,10.68854,0.594994,2005.75,3371.05,0.0,0.0,0.743,1.24875,0.0,1,0.0037403955,0.3813727481,0.375632554857805
4.88259,3.42627,4.87229,1.37031,946.317,690.584,0.0,0.0,0.58,0.423261,0.0,1,0.0056655719,0.5089965357,0.549874991247617
6.86808,4.73515,6.86808,1.25879,1604.0,1274.24,0.0,0.0,0.5842,0.464096,0.0,1,0.005397617,0.5083886055,0.4880583134351836
6.85728,4.76238,6.85728,1.25559,1624.77,1294.03,0.0,0.0,0.5694,0.453492,0.0,1,0.0057200293,0.5212301326,0.48493435129848894
6.82109,4.77027,6.82109,1.2492,1610.37,1289.12,0.0,0.0,0.5834,0.467017,0.0,1,0.0054182316,0.5182451351,0.48792694735159503
6.88408,4.79829,6.69844,1.21505,1604.06,1320.16,0.0,0.0,0.5894,0.485082,0.0,1,0.0053049133,0.4961387775,0.48676631567062667
17.08225,7.88152,11.63664,0.729494,2109.82,2892.17,0.0,0.0,0.7876,1.07965,0.0,1,0.0032078153,0.3186404099,0.34255943609499623
9.63216,5.48309,9.63216,0.807059,2178.07,2698.78,0.0,0.0,0.7352,0.910962,0.0,1,0.0019476759,0.1902124084,0.20486034402402875
8.84838,5.55883,8.83355,0.885692,1904.92,2150.77,0.0,0.0,0.6292,0.710405,0.0,1,0.0104147011,0.8381997904,0.8577906318888687
5.32891,3.57912,5.32891,1.33917,571.442,426.715,0.0,0.0,0.4296,0.320796,0.0,1,0.0128164619,0.7774579762999999,0.7959154459453704
11.59694,6.57481,10.91215,0.866393,2057.4,2374.67,0.0,0.0,0.6856,0.791327,0.0,1,0.0095350722,0.694153806,0.8044215449737325
5.31623,4.89277,5.31045,1.17914,978.608,829.937,0.0,0.0,0.4918,0.417085,0.0,0,0.0033873363,0.3108339989999999,0.37770385800405315
5.26061,4.96221,5.22095,1.17428,998.963,850.705,0.0,0.0,0.5002,0.425964,0.0,0,0.0032128249,0.2977627948999999,0.37488489485917115
4.34589,3.49261,4.31959,1.10997,397.98,358.549,0.0,0.0,0.4276,0.385235,0.0,1,0.002121579,0.1849924654,0.27563247183837764
20.32962,7.50871,20.32962,0.465536,2204.15,4734.65,0.0,0.0,0.8128,1.74594,0.0,1,0.0043622818,0.4491016243999999,0.44041899996116
5.27877,3.42429,5.23095,1.22527,1101.04,898.609,0.0,0.0,0.5618,0.458512,0.0,1,0.0099843235,0.7774136183,0.9399039724401651
7.07783,5.58584,7.07783,0.782965,2562.61,3272.96,0.0,0.0,0.6992,0.893015,0.0,1,0.005982838,0.6046038656,0.5956188059847861
5.81598,3.9573,5.81598,0.969805,2178.44,2246.27,0.0,0.0,0.6456,0.665701,0.0,1,0.0093672901,0.8596047440000001,0.8165986411139585
4.9863,4.28704,4.9863,0.999721,1029.25,1029.53,0.0,0.0,0.551,0.551154,0.0,1,0.0049201305,0.4700570054999999,0.46594816396921657
4.97187,3.8062,4.93999,0.952981,1353.58,1420.37,0.0,0.0,0.5664,0.594346,0.0,1,0.0064193519,0.5887524847,0.6316269944405474
9.14666,5.88445,8.01264,0.927388,1498.69,1616.04,0.0,0.0,0.5906,0.636843,0.0,0,0.0074259502,0.7034669439,0.6970203672201798
9.30653,7.96955,8.40209,0.639421,2480.2,3878.82,0.0,0.0,0.7576,1.18482,0.0,1,0.0054282805,0.5184393070000001,0.5148384806183688
8.8325,4.17886,8.8325,1.13678,2223.09,1955.6,0.0,0.0,0.7064,0.621405,0.0,1,0.0021927757,0.2123427228,0.20850703430419415
8.92267,4.20987,8.92267,1.114,2237.68,2008.69,0.0,0.0,0.7006,0.628903,0.0,1,0.0021277536,0.2133154397,0.216569223854708
15.44798,6.02893,15.44798,0.579498,2082.03,3592.82,0.0,0.0,0.7752,1.33771,0.0,1,0.0044095486,0.4251576265,0.4484207453322146
16.39277,6.7436,16.39277,0.781296,1939.71,2482.68,0.0538053,0.0688667,0.7302,0.934601,0.0,1,0.0065010419,0.5969104204,0.5907116312911908
9.10665,6.72913,9.10665,0.629598,2298.43,3650.63,0.0,0.0,0.736,1.169,0.0,1,0.0032394448,0.3442972653,0.339909702235907
4.76853,3.96927,4.66022,1.28743,834.269,648.011,0.0,0.0,0.4838,0.375787,0.0,1,0.0117851201,0.9657318243,0.8263332255210596
4.87799,4.0904,4.87799,1.19653,987.013,824.893,0.0,0.0,0.5152,0.430577,0.0,1,0.0084489077,0.7280049019,0.7166829087622447
5.9099,4.91539,5.73695,1.28892,1160.38,900.27,0.0,0.0,0.5204,0.403748,0.0,0,0.011216591,0.8515865542000001,0.8802225712729411
6.53672,5.01398,6.53672,0.717884,2623.55,3654.57,0.0,0.0,0.7268,1.01242,0.0,0,0.0033406461,0.3330411621,0.3401530087710601
7.47107,4.53903,7.43631,1.09467,1585.65,1448.51,0.0,0.0,0.5836,0.533128,0.0,1,0.0075942093,0.6584631385,0.6621836548851687
8.07986,5.82761,8.06722,0.702361,2633.85,3750.0,0.0,0.0,0.7174,1.02141,0.0,1,0.0049299746,0.4738086004999999,0.47394796020018526
9.41161,6.60227,9.39434,0.678974,2530.56,3727.03,0.0,0.0,0.7552,1.11227,0.0,1,0.0050235859,0.5078121879999999,0.4912420919312603
12.72726,10.75924,12.72726,0.565447,2337.99,4134.76,0.0,0.0,0.7702,1.36211,0.0,1,0.0054879709,0.5319679808,0.5169195860770576
11.92122,6.68196,11.92122,0.814891,2190.64,2688.27,0.0,0.0,0.7046,0.864656,0.0,1,0.0093384329,0.7582790039,0.7742817047961688
6.0596,4.54083,6.0596,1.15823,1419.36,1225.46,0.0,0.0,0.5808,0.501457,0.0,1,0.0063823222,0.5861471177,0.5656628122791506
6.19749,4.62522,6.12809,1.13009,1429.96,1265.35,0.0,0.0,0.5774,0.510931,0.0,1,0.0058579006,0.5338484183,0.4901951159800211
6.06034,4.51773,6.06034,1.06034,1392.7,1313.45,0.0,0.0,0.5604,0.52851,0.0,1,0.0072287342,0.6422156696,0.6218020305408877
4.77881,3.75238,4.76637,1.43383,643.033,448.471,0.0,0.0,0.4312,0.300732,0.0,1,0.002674036,0.2589651102,0.22277833846062844
6.93984,4.03954,6.93984,0.864343,2031.03,2349.79,0.0,0.0,0.6366,0.736513,0.0,0,0.0105661856,0.963115922,0.9350449507271171
6.81689,4.16129,6.80143,1.34232,1279.03,952.844,0.0,0.0,0.53,0.394837,0.0,1,0.0026288307,0.2617272113,0.23324842138964846
5.49902,3.71803,5.37867,1.30831,1870.03,1429.35,0.0,0.0,0.6444,0.492544,0.0,1,0.0130727476,1.0866053324,1.0043682409795043
4.77783,3.48746,4.76506,1.70684,334.136,195.762,173.298,101.532,0.4902,0.287197,0.0,1,0.0045150985,0.386126607,0.3871103966889237
7.30118,5.11086,5.92942,1.04457,1885.43,1804.99,0.0160738,0.015388,0.6212,0.594697,0.0,0,0.0077736792,0.7026738122,0.7183894388750186
4.08199,3.46421,4.07007,1.50938,399.978,264.995,0.0,0.0,0.4188,0.277465,0.0,1,0.0094260834,0.7478403061,0.6579856723741115
7.7256,6.01065,7.70911,1.03826,1572.11,1514.17,0.0,0.0,0.597,0.574999,0.0,1,0.0027167382,0.2618740246,0.27578293515538743
7.69352,3.71325,7.67785,1.11238,1215.17,1092.41,0.0,0.0,0.5518,0.496052,0.0,1,0.0121079647,0.9297738117,0.87790626846066
5.81277,5.4291,5.81277,1.09047,1603.64,1470.59,0.0,0.0,0.5888,0.539951,0.0,0,0.0074748103,0.6653141085000001,0.6899956128021695
6.48565,4.23405,6.48051,1.20859,1651.45,1366.43,0.0,0.0,0.5628,0.465668,0.0,1,0.0063716049,0.5659411015,0.5870173485739966
4.0542,3.70372,4.05121,1.83709,560.464,305.082,53.3835,29.0587,0.4362,0.237441,0.0,1,0.0062833477,0.5138064752,0.5108134734444865
9.67095,5.98717,9.67095,0.85339,2198.39,2576.07,0.0,0.0,0.6996,0.819789,0.0,1,0.005246254,0.509054519,0.5129558445387637
5.02966,4.18682,5.02966,1.54704,1064.88,688.333,0.0,0.0,0.4702,0.303935,0.0,1,0.0084346495,0.6828980898,0.6438564325013086
5.03517,4.18078,5.03517,1.52077,1109.78,729.746,0.0,0.0,0.4686,0.308133,0.0,1,0.008336549,0.690634293,0.6620362627116237
6.12654,3.97231,6.12654,1.08189,1594.49,1473.8,0.0,0.0,0.5652,0.522421,0.0,0,0.0067591528,0.6219786063,0.5991830834204457
4.62363,3.68876,4.61478,1.30618,1284.42,983.341,0.0,0.0,0.526,0.402701,0.0,1,0.0066548047,0.5772213504,0.5915621257929463
4.90807,3.92111,4.90807,1.07774,1554.64,1442.5,0.0,0.0,0.611,0.566926,0.0,1,0.0037088199,0.3689203863,0.43865229853130927
4.68848,3.56399,4.68848,1.21981,1104.24,905.252,0.0,0.0,0.5638,0.462202,0.0,1,0.0107232557,0.8796389577,0.92364204924018
4.86162,3.45547,4.8534,1.16782,1166.3,998.701,0.0,0.0,0.5894,0.504701,0.0,1,0.0120382222,1.0392421116,1.06955022042155
4.42995,3.86732,4.42995,2.2828,1037.92,454.67,0.0,0.0,0.4626,0.202646,0.0,0,0.096229044,2.7448728992,2.7080712949237857
6.25511,5.54572,6.22585,0.917254,2526.11,2753.99,0.0,0.0,0.7012,0.764456,0.0,0,0.008730868,0.8315359118000001,0.8349755032764278
4.9428,4.31959,4.93372,2.00162,1314.33,656.635,0.0,0.0,0.579,0.289266,0.0,1,0.0030966816,0.2840735917999999,0.27707046055683426
12.38418,6.8566,12.3754,0.903178,2016.22,2232.36,0.0,0.0,0.7248,0.8025,0.0,0,0.0026868105,0.2837542073999999,0.28087225692169293
9.45386,7.53326,9.45386,0.697727,2422.85,3472.49,0.0,0.0,0.7852,1.12537,0.0,0,0.0041721139,0.4274490237,0.39197653350712286
5.64031,4.94176,5.6321,1.25304,1576.38,1258.04,0.0,0.0,0.554,0.442124,0.0,1,0.0065999909,0.6166513253,0.5755962664886889
6.7205,5.84346,6.7205,1.66278,490.525,295.002,0.0,0.0,0.372,0.223721,0.0,0,0.0043073329,0.3663511217,0.3594824131485522
11.34776,6.98857,11.34776,0.9577,2357.89,2462.03,22.5937,23.5917,0.6972,0.727994,0.0,1,0.0055925897,0.5054067366,0.5194157057273525
4.17086,3.66339,4.17086,1.64186,726.593,442.541,0.0,0.0,0.4718,0.287356,0.0,1,0.01720548,1.2509455772,1.238014148992039
12.16588,7.54473,12.16588,0.600216,2227.49,3711.14,0.0,0.0,0.759,1.26454,0.0,1,0.0038964932,0.38113894,0.3920760126343387
6.10125,4.4885,6.10125,2.11606,1211.94,572.736,0.0,0.0,0.4754,0.224663,0.0,0,0.1726368136,2.5905989477,2.9628764580865665
5.03531,4.09966,5.03367,2.18659,1164.0,532.335,0.0,0.0,0.477,0.218148,0.0,0,2.9435473273,4.9405071039,3.803155490116086
4.58191,3.69127,4.58191,2.05639,514.83,250.357,84.4264,41.0557,0.4242,0.206284,0.0,1,0.0271322024,1.1113573425,1.1965104255112171
12.20979,6.10496,12.20979,1.14685,1766.96,1540.71,0.0,0.0,0.6092,0.531194,0.000174391,0,0.0327675919,1.9256509524,1.6086482888761855
8.72137,3.8551,8.72137,1.62254,1653.9,1019.33,0.0,0.0,0.5676,0.349822,0.000123264,0,0.0131116582,0.9996954904,0.9950135954636139
11.84396,5.52264,10.5666,3.09865,733.123,236.594,594.714,191.927,0.5488,0.177109,0.0,1,0.0401009327,1.0271376771,1.7673538753585571
20.8835,7.6595,20.8835,0.516112,2139.35,4145.12,0.0,0.0,0.8006,1.55121,0.0,1,0.0050180072,0.4890390946,0.48775156176089784
18.23633,8.4528,17.32252,0.540764,2067.08,3822.52,0.0,0.0,0.8084,1.49492,0.0,1,0.0040800834,0.4030728101,0.3969413127755872
4.80529,4.06893,4.80529,1.7876,954.695,534.065,11.1491,6.2369,0.4776,0.267174,0.0,1,0.0034899038,0.3106034202,0.36560800722749937
5.10081,3.73403,5.09695,1.73515,912.456,525.866,0.0,0.0,0.4594,0.264761,0.0,0,0.0031023593,0.2809558094,0.2847934470032545
10.34557,8.90065,10.34557,0.637582,2355.11,3693.81,0.0,0.0,0.727,1.14025,0.0,1,0.0037256549,0.3725479887,0.3683418870230807
5.97541,5.30365,5.62846,1.21661,1091.8,897.412,0.0,0.0,0.5394,0.443361,0.0,0,0.0074247469,0.6373701505,0.633240717311564
7.87306,5.02701,7.86695,0.898447,1801.13,2004.72,5.88259,6.54751,0.6338,0.70544,0.0,0,0.0066157235,0.5843644719,0.5684019705658478
5.85023,3.45925,5.40262,1.81974,608.898,334.607,332.251,182.582,0.504,0.276963,0.0,1,0.001530556,0.1410297485,0.2257194188674163
4.01414,3.50024,4.01414,1.30644,545.181,417.302,0.0,0.0,0.4712,0.360674,0.0,0,0.0074814611,0.676080404,0.6374587052961791
5.47883,4.56338,5.47883,2.08888,949.704,454.647,0.0,0.0,0.4514,0.216096,0.0,1,0.001713868,0.1629356582,0.13672530169568198
13.14982,6.66414,13.13307,0.888078,2105.25,2370.57,0.0,0.0,0.7242,0.815469,0.0,1,0.0076533513,0.6099348321,0.658065194503834
63.59368,29.48381,63.52961,0.0569197,473.468,8318.18,0.0,0.0,0.969,17.024,0.0,0,0.0099190265,0.968897785,0.7503817442198267
30.12078,11.89205,30.05394,0.244057,1388.32,5688.54,0.0,0.0,0.9004,3.68931,0.0,0,0.0042340101,0.4069688379,0.4148365714857078
7.19069,4.56478,7.19069,1.30979,1422.32,1085.91,0.0,0.0,0.5454,0.416401,0.0,1,0.0092960573,0.7955696574,0.7125337388239282
20.37708,9.90922,20.37708,0.51525,1882.27,3653.11,0.0,0.0,0.821,1.5934,0.0,1,0.004511284,0.4453092043,0.42805944700089615
7.38286,7.11841,7.37883,0.965482,1551.09,1606.55,0.0,0.0,0.6096,0.631395,0.0,0,0.0074653382,0.70672003,0.688801676525527
7.33815,5.8072,7.33815,1.06996,2094.35,1957.42,0.0,0.0,0.6432,0.601145,0.0,1,0.0040991153,0.3903139316,0.399764203575924
8.23499,5.7551,8.23499,1.19438,753.876,631.188,519.762,435.174,0.5322,0.445589,0.0,1,0.00779922,0.7104964769,0.6613547650621721
9.22988,5.76129,9.20339,0.797235,1784.74,2238.66,0.0,0.0,0.64,0.802774,0.0,1,0.0058939485,0.5364758128,0.5474188302293794
6.34635,3.93297,6.34076,0.890694,1572.67,1765.66,0.0,0.0,0.5872,0.659261,0.0,1,0.0158411349,1.1578331608,1.1680117158588281
6.82599,5.00524,6.80537,1.48471,2257.17,1520.28,0.0,0.0,0.6456,0.434833,0.0,1,0.0078910403,0.7032801623,0.7167829029698374
8.65094,5.25908,8.63733,1.14098,1847.33,1619.08,0.0,0.0,0.6182,0.541817,0.0,1,0.0039903972,0.3859614067,0.398868110062474
8.09273,5.75735,7.88104,0.987164,1834.02,1857.87,0.0,0.0,0.6214,0.62948,0.0,1,0.0046370209,0.455048194,0.4430718098458132
5.98029,3.63688,5.98029,1.32826,401.891,302.571,0.0,0.0,0.3816,0.287294,0.0,0,0.0037908477,0.3013690429,0.27253298025508127
4.77798,4.3693,4.77798,2.75276,1214.15,441.064,0.0,0.0,0.4816,0.174951,0.0,1,0.0027056899,0.2364236759,0.2381024511805283
9.66574,7.84648,9.66574,0.868335,1891.17,2177.92,0.0,0.0,0.6642,0.764912,0.0,0,0.0019758687,0.1948236272,0.2261610725839927
5.68783,4.95516,5.68491,1.59918,1031.7,645.145,0.0,0.0,0.4382,0.274015,0.0,0,0.0070714684,0.5789629615,0.5728512077131773
8.46927,8.16692,8.46927,1.35259,651.783,481.879,0.0,0.0,0.4438,0.328112,0.0,0,0.0023160114,0.2246953711,0.21665139889874285
8.78737,4.08662,8.78737,1.10967,2075.01,1869.94,0.0,0.0,0.6536,0.589005,0.0,1,0.0067823008,0.5657526241,0.6249529629514404
5.97954,4.24278,5.90822,1.30449,1185.84,909.047,0.0,0.0,0.4938,0.37854,0.0,1,0.0064917394,0.5647145993,0.5768406712344728
8.83948,6.75629,8.83948,0.939688,1825.79,1942.98,0.0,0.0,0.6374,0.67831,0.0,0,0.0053183305,0.4979579079,0.5087150158508107
8.42508,3.57402,8.42508,1.22571,1377.6,1123.92,1.48432,1.21099,0.6092,0.497019,0.0,1,0.0030605267,0.2954467967,0.3680896800390767
4.37224,3.52862,4.37224,1.32069,1193.38,903.605,0.0,0.0,0.5232,0.396155,0.0,1,0.0107823523,0.8700682975,0.890667643730972
5.93325,3.47434,5.93325,3.50199,1020.83,291.501,0.0,0.0,0.457,0.130497,0.0,1,0.000402946,0.0380240964,0.052593286453643695
8.12994,4.03809,8.12994,1.2166,1662.07,1366.16,0.0,0.0,0.5922,0.486767,0.000164393,0,0.0055770541,0.4746071411,0.4942924417233794
8.93435,3.48006,8.93366,0.947498,1239.02,1307.68,0.0,0.0,0.5736,0.605384,0.0,1,0.0058174217,0.5060019098,0.5732209461623718
6.38911,4.90295,6.38911,0.984664,2559.58,2599.45,0.0,0.0,0.7106,0.721667,0.0,0,0.0027000019,0.2716909233,0.26732647243240787
5.10059,4.42412,5.07747,0.933293,1534.27,1643.94,0.0,0.0,0.5798,0.621241,0.0,1,0.0134242133,1.1510501589,1.0894442219694398
10.95857,9.85075,10.95857,1.20305,1607.72,1336.37,0.0,0.0,0.652,0.541956,0.0,1,0.0034779642,0.3375729881,0.33971231290677606
14.56646,4.11545,14.56646,0.750237,763.373,1017.51,570.594,760.551,0.617,0.822407,0.0,0,0.0045082983,0.3836742275,0.46998959564517084
12.94102,4.77109,12.91248,0.722993,1886.42,2609.17,0.0,0.0,0.6828,0.944407,0.0,0,0.0084609356,0.7769528533,0.7375472761407988
4.96165,3.84451,4.96165,1.56907,690.851,440.295,0.0,0.0,0.504,0.32121,0.0,1,0.0011315779,0.111558688,0.0961473268112889
13.55589,7.04166,13.55589,1.03126,1881.99,1824.95,0.0,0.0,0.6824,0.661717,0.0,1,0.0129961347,0.8440906094,0.9447899233245871
7.72615,5.77662,7.72615,1.17897,1310.88,1111.88,0.0,0.0,0.5728,0.485847,0.0,1,0.0042094201,0.4248507587,0.38510737450321153
6.03379,4.847,6.02677,1.05247,1500.99,1426.17,0.0,0.0,0.5354,0.50871,0.0,1,0.0125876434,0.984503428,0.9396578415765506
6.64156,4.20343,6.64156,1.63514,826.484,505.451,0.0,0.0,0.421,0.25747,0.0,1,0.0463424751,1.5895297169,1.7291862745188842
13.35543,4.52002,13.28243,0.978068,2208.16,2257.67,0.0,0.0,0.6982,0.713857,0.0,1,0.0071694367,0.6633045437,0.6388176065329868
7.38717,5.36421,7.32631,1.56979,973.592,620.206,117.309,74.7292,0.55,0.350366,0.0,1,0.0022578234,0.2038100733,0.2094614986077259
5.66644,4.51564,5.66644,0.981281,2678.54,2729.64,0.0,0.0,0.6804,0.693379,0.0,0,0.0031395642,0.3083070462,0.2944877360688378
4.13558,3.42781,4.13558,1.61589,456.737,282.654,0.0,0.0,0.4966,0.307323,0.0,0,0.0141652738,1.1553289465,0.9423645221165748
7.7486,3.51419,7.7486,0.965915,1652.66,1710.98,19.3,19.9811,0.6184,0.640222,0.0,1,0.0043953929,0.4267946884,0.4997632506938875
5.19525,3.68882,5.00213,0.984437,787.185,799.629,502.322,510.263,0.5542,0.562961,0.0,0,0.0251754477,1.6084595516,1.0985514292911893
5.94588,4.33133,5.94588,1.22585,1966.72,1604.37,0.0,0.0,0.5868,0.478688,0.0,1,0.0100137833,0.8665170367,0.9099566340650219
27.51057,14.88459,27.48878,0.279595,1425.71,5099.19,0.0,0.0,0.8844,3.16315,0.0,1,0.0041222545,0.4063465485,0.3824592346673562
10.10107,9.89769,10.10107,1.02317,1506.84,1472.72,0.0,0.0,0.6112,0.597362,0.0,1,0.0109678582,0.8871276515,0.8438861179646047
5.23118,4.64394,5.22975,2.3889,967.64,405.056,0.0,0.0,0.4836,0.202436,0.0,1,0.0023066629,0.2135544895,0.18615443634494644
5.70065,4.00684,5.61058,1.58378,1148.22,724.987,0.0,0.0,0.5174,0.326687,0.0,1,0.0057891883,0.4912242096,0.43826981615489297
4.92196,3.64144,4.8529,1.34136,1406.83,1048.81,0.0,0.0,0.5778,0.430757,0.0,1,0.0032015395,0.3078877595,0.3788804483657403
9.16435,7.10723,9.14384,1.34842,2424.04,1797.69,0.180229,0.133659,0.714,0.529508,0.0,1,0.0012544561,0.1239027017,0.12755046720253493
9.95246,9.1911,9.95246,0.909707,2025.76,2226.82,8.4669,9.30728,0.6802,0.747713,0.0,1,0.0078071712,0.7211776073,0.6796124027321037
4.39347,3.53304,4.39347,1.30634,641.01,490.691,0.0,0.0,0.4368,0.334369,0.0,0,0.0125485984,0.8230269954,0.8526043793074265
4.3281,3.57802,4.3281,1.44142,721.593,500.611,0.441141,0.306046,0.4992,0.346324,0.0,1,0.0040197688,0.3488309499,0.34739688013876796
4.77033,3.53305,4.75355,1.52919,937.023,612.757,0.0,0.0,0.5082,0.332332,0.0,1,0.006635213,0.5725320546,0.5512983348808891
7.0406,3.82805,7.0406,1.32731,1013.17,763.33,0.0,0.0,0.4912,0.370073,0.0,1,0.0040131855,0.3598080625,0.33920688877317096
7.02821,3.76639,6.94579,1.33237,1008.79,757.135,0.0,0.0,0.4842,0.363411,0.0,1,0.0040856961,0.3636083642,0.34103231871129563
5.80501,4.09157,5.4799,1.16562,2116.28,1815.58,0.0,0.0,0.6686,0.5736,0.0,0,0.0038495123,0.3718072693,0.346828054049387
16.39933,5.24565,16.39933,0.71719,2129.19,2968.8,0.0,0.0,0.7134,0.994716,0.0,1,0.006859727,0.6286969281,0.6148658636366733
20.98431,4.51928,20.98413,0.928139,1622.7,1748.33,0.0,0.0,0.703,0.75743,0.0,1,0.007511329,0.6986106781,0.644770392390624
4.79754,4.32387,4.79754,1.30004,712.796,548.286,0.0,0.0,0.4292,0.330142,0.0,0,0.0039508445,0.3564529744,0.3405914846762721
10.30851,5.62434,10.27466,1.28435,1767.21,1375.95,0.0,0.0,0.652,0.507649,0.0,0,0.0023423026,0.228728017,0.2216915949380504
8.11172,6.18424,8.11172,1.35522,1728.2,1275.22,0.0,0.0,0.6386,0.471215,0.0,0,0.0023758769,0.2354093066,0.23000074902936202
12.51922,5.05893,12.51169,0.722936,1917.36,2652.18,0.0,0.0,0.6838,0.945866,0.0,0,0.0091838066,0.8232434471,0.7863650511827536
12.99518,5.18013,12.98296,0.711583,1935.93,2720.59,0.0,0.0,0.6832,0.960112,0.0,0,0.0090226794,0.8059645427,0.7587198977649555
5.0384,3.90108,5.0384,1.48575,1143.96,769.955,0.0,0.0,0.494,0.332493,0.0,1,0.008215381,0.6886876352,0.67633439593191
8.2086,7.59473,8.16471,1.22736,2043.72,1665.13,0.0,0.0,0.6568,0.535131,0.0,1,0.0037181914,0.3512532185,0.3622981805550824
5.65834,5.15011,5.64688,1.02534,2480.47,2419.17,0.0,0.0,0.6702,0.653638,0.0,1,0.0053235404,0.501653024,0.49161285324335663
11.47019,3.47366,11.47019,0.90919,1502.21,1652.25,0.0,0.0,0.6416,0.705683,0.0,0,0.0028627421,0.2777065814,0.35623151498381267
11.60905,3.66396,11.60905,0.909829,1580.0,1736.59,0.0,0.0,0.6436,0.707386,0.0,0,0.0023730324,0.232051451,0.27916749127116375
5.47299,4.61822,5.4729,1.35698,2221.14,1636.82,0.0,0.0,0.6394,0.471192,0.0,1,0.0056743099,0.5488625621,0.5240270536116847
4.61019,3.49627,4.57613,1.21074,674.404,557.017,0.0,0.0,0.4702,0.388357,0.0,1,0.0055401034,0.4979993436,0.49504795535573076
5.37738,4.41402,5.37738,1.12835,1566.4,1388.22,0.0,0.0,0.582,0.515796,0.0,1,0.0030722431,0.2953506789,0.3224039608232481
4.85387,3.54585,4.85387,1.5081,695.909,461.447,0.0,0.0,0.4606,0.305417,0.0,1,0.0080013218,0.6207558627,0.59636697669382
6.28851,3.57969,6.27024,1.16864,1486.44,1271.94,3.80569,3.2565,0.6096,0.52163,0.0,1,0.012703223,1.0552906471,0.9720192980117492
14.87522,10.10535,14.86073,0.621573,1621.79,2609.18,0.0,0.0,0.734,1.18088,0.0,1,0.0044756627,0.4182147142,0.40991188565616826
5.18859,3.46319,5.18859,1.38533,742.681,536.106,0.0,0.0,0.453,0.326999,0.0,1,0.0057001711,0.4681994843,0.48050539712946716
5.27741,4.42681,5.20512,2.46359,1806.32,733.208,0.0,0.0,0.6116,0.248256,0.0,1,0.0010941226,0.1113566763,0.11657018120451235
8.4438,5.40906,5.91266,0.731873,2982.91,4075.73,0.0,0.0,0.7088,0.968474,0.0,1,0.0073619736,0.6869138559,0.7057403488563389
5.62501,5.12266,5.62332,1.0421,1433.18,1375.28,0.0,0.0,0.5534,0.531046,0.0,1,0.0083794485,0.7196980298,0.6921884862893737
7.24657,4.5792,7.24657,1.09306,1336.34,1222.57,0.0,0.0,0.5474,0.500795,0.0,0,0.0146325446,1.0796974343,1.1692441925278787
11.81211,5.47188,11.81161,0.501768,2601.38,5184.43,0.0,0.0,0.788,1.57045,0.0,1,0.0049394584,0.4827630914,0.4733967334641926
8.7274,5.24016,8.7274,0.61176,2969.67,4854.31,0.0,0.0,0.7308,1.19459,0.0,1,0.0056823497,0.5906308379,0.5600932223719932
19.54541,7.16489,19.54541,0.922216,1503.01,1629.78,0.0,0.0,0.6638,0.719788,0.0,0,0.0025391496,0.2456424845,0.25262603458275307
5.76642,3.81153,5.76642,1.03317,1207.86,1169.08,0.0,0.0,0.5546,0.536794,0.0,0,0.0107266793,0.968653159,0.8891196075335543
5.43066,3.70621,5.43066,1.80255,404.415,224.357,11.3799,6.31322,0.4076,0.226124,0.0,0,0.0005556516,0.056828599,0.12285349712962723
5.57985,4.2436,5.56531,1.15194,1489.65,1293.17,0.0,0.0,0.5668,0.492041,0.0,1,0.0097043735,0.8558655972,0.8845478261070063
4.67098,3.47065,4.66764,1.4463,574.254,397.051,55.2162,38.1776,0.4772,0.329946,0.0,1,0.0037815158,0.3580132876,0.34510747545787673
4.92905,3.74227,4.92865,1.262,972.776,770.82,0.0,0.0,0.4598,0.364342,0.0,0,0.0110672123,0.8890266489,0.8515794593527248
9.77811,8.65057,9.76354,1.43585,1122.84,782.003,80.8916,56.3372,0.5904,0.411186,0.0,1,0.0054304102,0.4179169836,0.44965761221321643
7.09794,6.73731,7.08748,1.8234,1956.99,1073.26,0.0,0.0,0.6326,0.346934,0.0,1,0.0032185268,0.302553528,0.288759878437925
10.23625,8.88276,10.23453,0.696249,2008.41,2884.62,0.0,0.0,0.7104,1.02033,0.0,0,0.0040445434,0.3959923894,0.3820051337609458
11.32335,10.23371,11.32335,0.790589,1727.96,2185.66,0.0,0.0,0.6652,0.841398,0.0,1,0.0082038229,0.7373399776,0.6945901633449675
5.38168,3.9328,5.38168,1.30466,913.527,700.204,0.0,0.0,0.5054,0.387381,0.0,0,0.0035366713,0.3335081021,0.35649728483494286
14.99758,7.99679,14.99758,0.594675,2192.84,3687.46,0.0,0.0,0.8014,1.34763,0.0,0,0.0032224858,0.3354997304,0.3450144614762943
5.89002,4.16855,5.8002,1.2275,2042.76,1664.17,0.0,0.0,0.6358,0.517965,0.0,1,0.003078514,0.2963431508,0.27381831002610735
5.35582,4.09471,5.05089,1.10499,1072.18,970.31,64.9646,58.7922,0.5256,0.475662,0.0,1,0.0068700087,0.5931414775,0.61968308598979
7.47105,5.83636,7.39991,1.52317,599.735,393.742,39.1487,25.7022,0.4536,0.297801,0.0,1,0.003179596,0.3026313371,0.29564569577641303
11.39724,10.6155,11.39724,1.22811,1590.58,1295.14,0.0,0.0,0.6596,0.537083,0.0,1,0.0034573075,0.3486494576,0.33693515471017316
7.57197,7.44682,7.57197,1.26544,1249.19,987.162,0.0,0.0,0.5496,0.434316,0.0,0,0.0025530163,0.2382339401,0.24387919120545776
5.48028,4.03658,5.4705,1.20981,448.99,371.123,0.0,0.0,0.4372,0.361378,0.0,0,0.0065803332,0.4557252752,0.46537117042755444
12.16156,7.7526,11.87507,0.87192,1576.24,1807.78,0.0,0.0,0.6178,0.708551,0.0,1,0.0061523363,0.5465723105,0.5442896123383668
28.67887,6.71408,28.67887,0.993033,1674.12,1685.86,0.0,0.0,0.7044,0.709342,0.000201403,1,0.003226425,0.3096081513,0.3383823912814454
4.67713,3.51548,4.67713,1.8935,677.109,357.597,0.0,0.0,0.4444,0.234698,0.0,0,0.0039019069,0.3465522104,0.38594918744936935
5.66625,3.6728,5.66625,2.37494,405.836,170.882,0.0,0.0,0.3574,0.150488,0.0,1,0.0072709067,0.3662728282,0.4828065820607723
4.68587,4.02373,4.64539,1.54626,1063.92,688.065,0.0,0.0,0.4318,0.279255,0.0,1,0.0052522905,0.4743078768,0.46599466141975543
7.36871,5.079,7.35276,1.57373,1006.54,639.585,117.412,74.607,0.562,0.357112,0.0,1,0.0025858214,0.2232336459,0.22432994529825168
10.31977,7.54281,10.31977,0.44826,2440.58,5444.55,0.0,0.0,0.7974,1.77888,0.0,1,0.003994516,0.412588625,0.40105447754594414
6.80447,5.22872,6.75626,1.25407,2104.1,1677.82,0.0,0.0,0.691,0.551005,0.0,0,0.0013756721,0.1429687203,0.14775146391509753
16.94429,7.02537,16.94429,0.790688,1759.48,2225.25,0.0,0.0,0.6898,0.872405,0.0,0,0.0056616526,0.525604097,0.523130234633735
6.23426,5.01606,6.23426,1.5327,2436.24,1589.51,0.0,0.0,0.6722,0.438571,0.0,1,0.0041864108,0.405252291,0.37049880248517775
5.34498,3.95884,5.34498,1.23434,967.3,783.659,0.0,0.0,0.4876,0.39503,0.0,1,0.0106646374,0.824647568,0.8204529231061778
14.33219,5.62688,14.33219,1.14775,1488.16,1296.59,309.364,269.539,0.6388,0.556566,0.0,1,0.0581636681,2.0799148784,1.6427115933253547
4.39347,3.81576,4.39171,1.76923,646.685,365.518,0.0,0.0,0.428,0.241913,0.0,1,0.004760253,0.3850349077,0.3888415577705625
21.54143,12.82644,21.54143,0.534491,1102.82,2063.31,408.868,764.967,0.7688,1.43838,0.0,1,0.0060349455,0.5369343876,0.5355014347423497
