filename,LCD,PLD,LFPD,cm3_g,ASA_m2_cm3,ASA_m2_g,NASA_m2_cm3,NASA_m2_g,AV_VF,AV_cm3_g,NAV_cm3_g,Has_OMS,0.01,y_true,y_pred,Split
ACOCOM_clean,24.60642,13.0343,24.60642,0.349927,1537.41,4393.52,0.0,0.0,0.863,2.46623,0.0,1,0.0031678063,0.3112170187,0.3061687968362599,Test
ACOCUS_clean,24.38417,13.22222,24.38417,0.346494,1518.48,4382.42,0.0,0.0,0.8644,2.49471,0.0,1,0.0031872837,0.3135151524,0.30606459891659443,Test
ACODAZ_clean,23.29182,13.11646,23.29182,0.343144,1530.83,4461.21,0.0,0.0,0.8618,2.51148,0.0,1,0.003023232,0.3152768563,0.2958067587304317,Test
acscombsci.5b00188_34903_clean,6.15808,5.85025,6.15808,2.16583,1748.44,807.285,0.0,0.0,0.542,0.25025,0.0,0,0.0125585266,0.9505288386,0.9496527533987104,Train
acscombsci.5b00188_5013797_clean,9.69678,6.71185,9.61668,0.664961,2272.9,3418.09,0.0,0.0,0.7302,1.09811,0.0,0,0.0026853884,0.2576188291,0.2619874886905659,Train
acs.inorgchem.6b01211_ic6b01211_si_002_clean,11.28381,4.52903,11.28381,0.822811,2257.22,2743.3,0.0,0.0,0.6948,0.844422,0.0,1,0.0039815802,0.3676318369,0.3720055913667947,Test
acs.inorgchem.6b01762_ic6b01762_si_002_clean,11.40609,8.52606,11.40609,2.31198,1582.43,684.446,0.0,0.0,0.647,0.279846,8.65e-05,1,0.0003612966,0.0358590672,0.039395140328786576,Train
AFEKAX_clean,8.19182,6.99421,8.19182,0.987281,1565.63,1585.8,78.0532,79.0587,0.641,0.649258,0.0,1,0.0076384753,0.7511975683,0.7470721255126777,Train
AGUBUA_clean,5.46218,4.59563,5.46034,1.83317,1345.91,734.196,0.0,0.0,0.576,0.31421,0.0,0,0.0090217415,0.7044564864,0.7176103296249331,Train
AHIYOH_clean,5.55847,4.74922,5.55001,1.42546,843.163,591.503,0.0,0.0,0.4554,0.319476,0.0,1,0.0036950203,0.3231869397,0.32445234525315164,Test
am301365h_si_002_clean,11.58637,3.48934,11.58637,0.907013,1494.34,1647.54,0.0,0.0,0.6382,0.703628,0.0,0,0.0017397652,0.1712613944,0.17266810888894257,Test
AMIZIG_clean,6.42874,5.80877,6.41409,1.40393,699.498,498.243,0.0,0.0,0.4248,0.302579,0.0,1,0.0011121049,0.100916742,0.10593286812636113,Train
ANOMOG_clean,12.8003,5.50166,12.79961,0.784559,2116.78,2698.05,0.0,0.0,0.7198,0.917458,0.0,1,0.0037716875,0.3527968337,0.351516690186076,Test
AQEGUY_clean,5.54395,4.66139,5.49926,1.46355,1275.66,871.62,0.0,0.0,0.5148,0.351747,0.0,1,0.0045385835,0.4058727259,0.40885473385481685,Train
AQIXUU_clean,5.00071,3.74213,5.00071,2.31618,778.297,336.026,0.0,0.0,0.406,0.175289,0.0,1,0.0044493748,0.3820503669,0.36589174171101096,Test
AQOTIK_clean,6.7817,3.86887,6.78051,1.47348,1288.35,874.359,0.0,0.0,0.5612,0.380867,0.0,1,0.0035885487,0.3534311,0.33696587063288763,Train
ASEKAM_clean,5.99031,5.00967,5.99031,1.72662,1403.65,812.946,0.0,0.0,0.5696,0.329892,0.0,1,0.0027063032,0.249074496,0.24860179601103716,Train
ASIVEF_clean,11.85007,7.21214,11.45277,0.623261,2219.01,3560.32,0.0,0.0,0.7618,1.22228,0.0,1,0.0025044307,0.258145153,0.25096127403641366,Test
ATEZEG_clean,10.12518,7.5272,10.12318,0.775574,2361.78,3045.2,0.0,0.0,0.7158,0.922929,0.0,1,0.0034525783,0.3421899772,0.33217023085283814,Train
ATEZIK_clean,10.39835,7.60488,10.39835,0.744295,2329.14,3129.33,0.0,0.0,0.7298,0.980525,0.0,1,0.003180799,0.3068677504,0.30788256198212516,Test
ATUZEW_clean,10.5847,3.84767,10.5847,0.968927,2122.87,2190.95,0.0,0.0,0.6504,0.671258,0.0,1,0.0050666631,0.4486776665,0.45705700457640275,Test
AVETAY_clean,5.64584,4.05596,5.63489,1.01371,1738.43,1714.92,0.32856,0.324118,0.6096,0.601358,0.0,1,0.0061957287,0.5779906832,0.5718985132171974,Test
BABREE_clean,12.92538,6.29785,12.92538,0.898119,2356.63,2623.96,0.0,0.0,0.6828,0.760255,0.0,1,0.0028156601,0.2866305867,0.28113299585118146,Train
BETFOX_clean,5.13144,3.67825,5.11456,1.3623,1196.21,878.085,0.0,0.0,0.5018,0.368349,0.0,0,0.0031005719,0.2803902184,0.289856413097062,Train
BEWCUD_clean,11.43013,9.61646,11.40927,0.476468,2123.61,4456.97,0.0,0.0,0.8196,1.72016,0.0,1,0.0024770728,0.2646509703,0.24951954638345433,Test
BEXTUV_clean,4.28323,3.79801,4.26635,1.30528,1237.19,947.835,0.0,0.0,0.5092,0.390108,0.0,1,0.0060200778,0.5370928296,0.5405605741709927,Train
BEXVAD01_clean,3.87179,3.50198,3.85722,1.36931,1031.87,753.568,0.0,0.0,0.5022,0.366754,0.0,1,0.0046722032,0.4141363519,0.431557874879516,Test
BEXVAD_clean,4.05512,3.67488,4.05512,1.37514,1152.1,837.807,0.0,0.0,0.4946,0.359673,0.0,1,0.0058982783,0.5211729008,0.5441372309733774,Test
BICDAU_clean,11.50132,6.68644,11.17198,0.65299,2386.53,3654.78,0.0,0.0,0.7824,1.19818,0.0,1,0.0026221389,0.25087557,0.25809979859021076,Test
BIHBEB_clean,18.34605,17.1599,18.34605,0.724278,1666.73,2301.23,0.0,0.0,0.776,1.07141,0.0,1,0.0078008657,0.6345493417,0.6379770141328467,Train
BIJFAD_clean,8.3585,6.26342,8.18439,0.855984,1774.61,2073.18,0.0,0.0,0.6172,0.721042,0.0,1,0.0023254517,0.2354083286,0.2322219779412556,Train
BIRGIU_clean,6.67557,4.28336,6.67557,1.36929,1467.6,1071.8,0.0,0.0,0.553,0.403858,0.0,1,0.0015493114,0.1517438201,0.15158867034492354,Test
BIWSOQ_clean,15.33666,5.40917,6.36274,0.990293,1940.65,1959.67,0.0,0.0,0.6518,0.658189,0.0,1,0.0058694062,0.5506875553,0.5497489544246865,Train
BORBEQ_clean,6.03525,3.97595,5.98504,1.10262,1309.44,1187.57,0.0,0.0,0.545,0.494276,0.0,0,0.0030526898,0.2897503497,0.2927939662991757,Train
BOSHIC_clean,11.35851,4.44127,11.35851,0.998372,1829.81,1832.79,0.0,0.0,0.6236,0.624617,0.0,1,0.007770112,0.6841457135,0.6734062095559201,Train
BOWSOW_clean,5.38919,4.13551,5.38919,1.62989,1386.73,850.81,0.0,0.0,0.5466,0.33536,0.0,1,0.0059195847,0.5334822449,0.5245370459949397,Train
BUKMUQ_clean,5.78794,5.06217,5.71305,0.851411,2895.4,3400.71,0.0,0.0,0.7096,0.83344,0.0,1,0.0031361343,0.3118841878,0.3131304031490463,Train
BUPDOH_clean,11.18608,5.4183,11.18608,0.930795,2344.47,2518.79,0.0,0.0,0.7156,0.768805,0.0,1,0.0076533285,0.6375954274,0.6502053569696826,Train
BUVVIZ_clean,5.00001,3.6207,4.99072,1.72941,572.133,330.826,0.0,0.0,0.4138,0.239272,0.0,0,0.0008151374,0.0814033662,0.08113195264053974,Test
BUVVOF_clean,4.68198,3.57584,4.68198,1.98004,493.025,248.998,0.0,0.0,0.4188,0.211511,0.0,1,0.0006456834,0.0584125581,0.06320031915297025,Train
c4ra13058h_c4ra13058h2_clean,5.16068,4.44688,5.16068,1.40896,1175.39,834.226,0.0,0.0,0.5236,0.371622,0.0,0,0.0165889948,1.1781801869,1.1915074130090662,Train
c5cc09935h_c5cc09935h2_clean,12.43011,5.54656,12.43011,1.34061,1862.24,1389.1,0.0,0.0,0.6814,0.508277,0.000596744,0,0.0021472513,0.2034559522,0.2148925036154437,Test
c5ce00931f_c5ce00931f2_clean,5.29408,4.17227,5.29408,1.81161,1362.6,752.15,0.0,0.0,0.5006,0.276328,0.0,1,0.0034576779,0.3157828869,0.3202260448152711,Test
c5ce02503f_c5ce02503f2_clean,13.50319,5.63614,13.50319,1.78413,1087.4,609.485,289.45,162.236,0.5546,0.310852,0.0,1,0.1397025254,2.0732533944,2.0698206589193537,Train
c5dt01100k_c5dt01100k2_clean,10.14478,9.16125,10.14478,1.64843,1361.9,826.183,0.0,0.0,0.588,0.356703,0.0,1,0.0008422305,0.0806188293,0.08264189438577565,Train
c5dt03038b_c5dt03038b2_clean,6.32747,4.74814,6.26915,1.49819,1746.54,1165.77,0.0,0.0,0.584,0.389803,0.0,1,0.004246859,0.4115143885,0.39817602907612004,Test
c5dt04943a_c5dt04943a2_clean,11.21193,6.39957,11.21193,0.759207,2393.65,3152.83,0.0,0.0,0.7392,0.973647,0.0,1,0.0038646825,0.3576503828,0.3649368336088046,Train
c5dt05023e_c5dt05023e2_clean,6.45831,4.45817,6.45831,1.05764,1467.29,1387.32,0.0,0.0,0.552,0.521916,0.0,1,0.005270001,0.4587908068,0.4845502948477798,Test
c5qi00128e_c5qi00128e2_clean,6.58115,3.73125,6.58115,0.993282,1853.01,1865.55,0.0,0.0,0.582,0.585936,0.0,0,0.00719979,0.6569077729,0.6592646938813318,Train
c5sc00614g_c5sc00614g2_clean,12.67478,4.17297,12.67478,1.23591,1899.73,1537.11,0.0,0.0,0.6104,0.493887,0.000647296,0,0.0117958021,0.9946248365,0.9927896231065875,Train
c5ta03835a_c5ta03835a2_clean,12.36152,9.64623,12.36152,0.670312,1969.74,2938.54,0.0,0.0,0.7304,1.08964,0.0,0,0.0027331785,0.253543105,0.2586659503814507,Test
c6cc00589f_c6cc00589f2_clean,11.05462,4.21804,11.05462,0.944025,1733.14,1835.91,0.0,0.0,0.6684,0.708032,0.0,1,0.0020123056,0.1814056269,0.19941945246052534,Test
c6cc00589f_c6cc00589f3_clean,8.87015,7.61141,8.84647,0.61411,2422.25,3944.33,0.0,0.0,0.804,1.30921,0.0,0,0.0014595742,0.1449788896,0.14415189999539837,Test
c6cc01597b_c6cc01597b2_clean,5.3252,4.32379,5.3252,1.51358,1134.66,749.654,0.0,0.0,0.4966,0.328096,0.0,1,0.0131160951,0.9305325213,0.9463980135609144,Train
c6ce00465b_c6ce00465b2_clean,7.48534,6.6993,7.48534,0.744889,2472.69,3319.54,0.0,0.0,0.7082,0.950746,0.0,0,0.0052668514,0.5310719186,0.505546733801715,Test
c6ta07145g_c6ta07145g2_clean,6.02059,3.60964,6.01517,1.26554,923.516,729.74,0.0,0.0,0.497,0.392717,0.0,0,0.0028373827,0.2531525936,0.26106240733506597,Test
CACNOM_clean,5.51942,4.46179,5.51261,1.46727,1607.54,1095.6,0.0,0.0,0.5204,0.354673,0.0,0,0.0045418626,0.4247952721,0.4160199645443041,Test
CASWIE_clean,9.90767,8.8856,9.90767,1.25703,2053.39,1633.52,0.0,0.0,0.7078,0.563072,0.0,0,0.0057334064,0.5099320816,0.5150561571232712,Train
CAVMIX_clean,8.93942,5.67971,8.86574,0.942961,1589.69,1685.85,0.0,0.0,0.62,0.657503,0.0,1,0.0037060064,0.3581485745,0.35553273726308954,Train
CAXSUR_SL,13.20977,6.6958,13.20977,0.618713,2108.92,3408.56,2.69185,4.35072,0.73,1.17987,0.0,0,0.002469581,0.2467191062,0.23997703976835044,Test
CAYQIE_clean,11.36799,6.51795,9.97187,0.696086,2497.61,3588.07,0.0,0.0,0.7382,1.0605,0.0,1,0.0035863134,0.3447880142,0.3429727327738352,Test
CAYQOK_clean,11.83799,7.63891,11.7221,0.673503,2318.04,3441.77,0.0,0.0,0.7596,1.12783,0.0,1,0.0034657404,0.3390084496,0.33395080545688927,Train
CAYQUQ_clean,11.37885,6.17998,10.24831,0.783377,2242.23,2862.26,0.0,0.0,0.6804,0.868548,0.0,1,0.0034181999,0.3268547218,0.3272665944885461,Train
CEDFOI_clean,8.34336,3.84131,8.32866,1.23395,1912.36,1549.78,0.0,0.0,0.6248,0.506341,0.0,1,0.003556986,0.3244720023,0.33344161883349943,Train
CEKNIQ_clean,19.34511,12.33787,19.24026,0.450433,1674.23,3716.94,0.0,0.0,0.8472,1.88086,0.0,1,0.0027127526,0.2549091939,0.26353430294745206,Train
CEMKOV_clean,6.14232,4.76606,5.27946,0.925155,1938.38,2095.19,0.0,0.0,0.617,0.666916,0.0,1,0.0063212209,0.6036423294,0.5772964609752744,Test
CESFIQ_clean,12.64207,6.13059,12.56929,0.688272,2372.6,3447.18,0.0,0.0,0.7544,1.09608,0.0,1,0.005282349,0.4892680384,0.4906410999759875,Test
CESFOW_clean,11.30689,5.72282,11.30689,0.75113,2376.62,3164.06,0.0,0.0,0.7236,0.963349,0.0,1,0.0040677022,0.382440436,0.38353465611894866,Test
CEYYIQ_clean,8.37126,7.81796,8.37126,2.71612,1505.4,554.246,0.0,0.0,0.6104,0.224732,0.0,1,0.0005446356,0.0562858517,0.05349766540158177,Train
cg050585esi20051105_115011_clean,5.11718,3.57473,5.07564,1.4789,549.331,371.446,14.5687,9.85107,0.4246,0.287106,0.0,0,0.0076096528,0.5196578868,0.5341140056993391,Train
cg3002866_si_001_clean,14.19695,6.32486,14.19695,0.780735,2310.25,2959.08,0.0,0.0,0.7264,0.930405,0.0,1,0.0033581576,0.3318766274,0.3229083827423146,Test
cg300979c_si_002_clean,8.05407,6.75932,7.96872,0.960767,1454.92,1514.34,0.0,0.0,0.5674,0.59057,0.0,0,0.0016573935,0.17038348,0.16356386687667737,Test
cg3015354_si_002_clean,7.32162,4.55611,5.93566,1.50685,1363.44,904.833,0.0,0.0,0.5076,0.336863,0.0,1,0.0010979918,0.1060104268,0.11044093150591072,Train
cg501141m_si_003_clean,6.52889,4.75513,5.51076,1.08983,1352.45,1240.98,192.247,176.402,0.5792,0.531461,0.0,1,0.0049395938,0.4630451056,0.4527341164914148,Train
cg801267m_si_001_clean,11.00208,5.91772,11.00208,0.888544,2113.71,2378.85,0.0,0.0,0.7066,0.795234,0.0,0,0.0056982528,0.5634608845,0.5420959825692473,Train
cg801267m_si_003_clean,10.88203,5.89078,10.88203,0.813936,2142.1,2631.78,0.0,0.0,0.6962,0.85535,0.0,0,0.004658336,0.4584331972,0.4340970155782511,Test
cg801267m_si_004_clean,10.75787,6.05635,10.75787,0.817132,2143.41,2623.09,0.0,0.0,0.707,0.865221,0.0,0,0.0044619777,0.4474101806,0.41333398923175774,Test
CILFIN_clean,8.97441,6.56367,8.43487,1.04123,2079.82,1997.46,0.0,0.0,0.6576,0.631561,0.0,0,0.0078474113,0.7652104467,0.7548408474156421,Train
CIPLIX_clean,4.16596,3.6754,4.15153,1.12701,1392.79,1235.82,0.0,0.0,0.5518,0.489614,0.0,1,0.0047312815,0.447925839,0.45408077054230045,Test
CIQQIE_clean,6.69548,4.06015,6.67985,1.03219,1589.58,1540.01,0.0,0.0,0.5732,0.555324,0.0,1,0.0051367748,0.4828622546,0.48136900946816574,Test
cm071462f-file004_clean,6.42322,5.39187,6.42322,1.55223,1810.57,1166.43,0.0,0.0,0.6266,0.403676,0.0,0,0.0032051151,0.3079043744,0.30508968466884084,Test
COJMOF02_clean,7.77133,6.76319,7.77133,0.912847,1827.53,2002.01,0.0,0.0,0.6452,0.7068,0.0,0,0.0033120203,0.3170985632,0.3179672382207196,Test
comp2_clean,6.3721,5.81224,6.36767,1.69788,895.639,527.505,0.0,0.0,0.47,0.276816,0.0,1,0.0013425183,0.1270509254,0.12562832640696223,Train
COQJOJ_clean,7.38214,4.96534,7.38214,1.07307,1447.07,1348.53,0.0720169,0.0671129,0.5318,0.495588,0.0,1,0.0051688813,0.4438257788,0.4697235355591456,Test
COWDEZ_clean,8.91053,4.46746,8.91053,4.13717,1136.38,274.675,0.0,0.0,0.4164,0.100649,0.000386738,1,0.0014657389,0.122731544,0.14681051082046717,Test
COXDIE_clean,5.62039,5.35711,5.62039,1.66496,1129.92,678.647,0.152502,0.091595,0.484,0.290697,0.0,1,0.00158624,0.1501431374,0.15024550167925813,Train
CUFQUR_clean,6.03864,3.8691,6.03864,2.05539,1028.56,500.422,0.0,0.0,0.503,0.244722,0.0,1,0.0006581997,0.0608039376,0.06429052168869803,Test
CUGLIB_clean,5.58062,5.51252,5.58062,2.40243,819.805,341.239,0.0,0.0,0.416,0.173158,0.0,1,0.0004703812,0.0476798228,0.04648016349743947,Train
CUGYIO_clean,5.85592,5.75004,5.85592,2.37725,832.973,350.394,0.0,0.0,0.4316,0.181554,0.0,1,0.0004869122,0.0496620362,0.05097386591445929,Test
CUGZAH_clean,7.43946,7.40575,7.42884,2.24368,763.393,340.242,0.0,0.0,0.4524,0.201633,0.0,1,0.0004343136,0.0446200907,0.04385752788481434,Train
CUPHIG_clean,11.10015,5.6209,11.10015,0.767516,2426.29,3161.23,0.0,0.0,0.7292,0.950078,0.0,1,0.0038575652,0.3802999367,0.3677810367718879,Test
CUQRUD_clean,5.86918,4.59668,5.81577,0.986332,2188.93,2219.27,0.0,0.0,0.6352,0.644002,0.0,1,0.0046888376,0.4717413495,0.45088879418601563,Train
CUSXIY_clean,15.40731,13.34223,14.58073,0.291845,1568.49,5374.4,0.0,0.0,0.8896,3.04819,0.0,0,0.0025815431,0.2601420582,0.26292298290809574,Test
CUSXOE_clean,17.97302,15.80148,17.15199,0.243844,1288.51,5284.15,0.0,0.0,0.909,3.72779,0.0,1,0.0032579614,0.3222978608,0.3289135747882008,Test
CUVVOG_clean,8.37247,7.3895,8.37077,1.20081,1241.45,1033.84,0.0,0.0,0.5362,0.446532,0.0,0,0.0033249136,0.3314973002,0.31836207267081107,Train
CUWHUZ_clean,16.54325,4.10215,14.7488,0.938804,1933.37,2059.39,0.0,0.0,0.6922,0.737321,0.0,0,0.0042776249,0.390251187,0.3961092391697026,Train
CUXFUX_clean,5.75656,5.11113,5.75656,1.3231,1207.8,912.854,37.5492,28.3797,0.5462,0.412818,0.0,0,0.0056919056,0.512713757,0.49740058872074666,Train
DACSEI_clean,11.09615,4.22518,11.09615,1.45844,1887.17,1293.96,0.0,0.0,0.625,0.428539,0.0,1,0.018600068,0.8333128024,0.8433493123194288,Train
DADXUE_clean,5.25371,3.53655,5.25051,1.61178,698.642,433.459,0.0,0.0,0.4448,0.275968,0.0,1,0.0086745494,0.5947136515,0.6021636809051901,Train
DALVEU_clean,5.33631,4.08532,4.88589,1.30265,1571.53,1206.41,0.0,0.0,0.5888,0.452001,0.0,1,0.0035969661,0.3215951952,0.33573079571743103,Train
DANZOJ_neutral,11.30814,4.84088,11.28951,0.953196,1460.99,1532.73,328.938,345.089,0.656,0.688211,0.0,0,0.003233584,0.288390789,0.2922685186133458,Train
DAZCAK_clean,13.11846,6.60097,13.10556,1.02457,1662.31,1622.44,0.0,0.0,0.6408,0.625431,0.0,1,0.0040928075,0.3996166278,0.3811756049295631,Train
DEKPUF_clean,6.975,5.81852,6.975,1.54937,1782.47,1150.45,0.0,0.0,0.6318,0.407778,0.0,0,0.0023063677,0.2193706926,0.22100051173675972,Train
DEYDOA_clean,4.42418,4.12009,4.42418,1.27058,1171.93,922.356,0.0,0.0,0.5322,0.418863,0.0,1,0.0016794227,0.172336447,0.1639987954813411,Train
DEYLOJ_clean,7.45013,4.00626,7.41356,3.76527,1192.03,316.587,7.20509,1.91357,0.4952,0.131518,0.0,1,0.0002018043,0.0197263659,0.018948583588793033,Train
DIMQIB_clean,6.20574,4.20467,6.19483,1.06672,2087.42,1956.87,0.0,0.0,0.598,0.560599,0.0,1,0.0070805879,0.6391574988,0.6700697062045693,Test
DIZVAK_clean,8.12516,5.69593,7.90061,1.15636,2071.75,1791.62,0.0,0.0,0.639,0.552597,0.0,0,0.0073045432,0.7053536666,0.7023282025389771,Train
DOFTID_clean,8.70669,6.70952,8.70669,0.91345,2575.78,2819.83,0.0,0.0,0.7676,0.84033,0.0,1,0.0028709485,0.2732615712,0.2810041135169375,Test
DOFTOJ_clean,8.39259,6.42224,8.39259,0.858615,2621.58,3053.27,0.0,0.0,0.7534,0.87746,0.0,1,0.0038213111,0.3660384545,0.3720425651491865,Test
DOGBAE_clean,25.81792,14.43274,25.36207,0.55407,1540.39,2780.13,0.0,0.0,0.8362,1.5092,0.0,1,0.00349408,0.3340098285,0.3319243017269273,Train
DOJXOR_clean,7.78532,7.29613,7.78532,1.02283,1574.02,1538.88,0.0,0.0,0.5858,0.572722,0.0,1,0.0034905171,0.3398918689,0.3342540912980716,Test
DOMGAP_clean,8.27667,5.74162,8.27274,1.20417,741.315,615.623,530.043,440.172,0.5268,0.437479,0.0,1,0.0033132866,0.3306752855,0.32352082677577054,Train
DONXOV_clean,5.20432,4.68208,5.20432,1.61011,1148.99,713.61,0.0,0.0,0.4948,0.307309,0.0,1,0.0127682327,0.9212646978,0.9136507270285834,Train
DOTFOJ_clean,9.02668,4.87755,9.02668,0.958168,1617.77,1688.4,0.0,0.0,0.6126,0.639345,0.0,1,0.0043816656,0.4276717137,0.4091536016148658,Test
DUDKIY_clean,7.07907,5.66309,7.05735,0.974059,1868.46,1918.22,0.0,0.0,0.6506,0.667927,0.0,1,0.0037014812,0.3680937092,0.35781334229647965,Test
DUKNEE_clean,4.73188,3.71957,4.56441,1.30231,281.161,215.894,153.376,117.772,0.4962,0.381015,0.0,1,0.0029375888,0.257933233,0.2592444333479266,Train
DUNYOC_clean,9.99521,7.8188,9.31419,0.670932,2064.07,3076.42,0.0,0.0,0.7104,1.05883,0.0,1,0.0026096681,0.2526201307,0.25856785068578203,Test
DUQRUD_clean,5.84696,3.93964,5.84696,1.3492,787.842,583.933,0.0,0.0,0.45,0.333531,0.0,0,0.0012442079,0.1198079931,0.12047392480148192,Train
DUXZIG01_clean,5.85621,4.36648,5.85621,1.04686,2683.38,2563.27,0.0,0.0,0.6938,0.662743,0.0,1,0.0016183892,0.1651875467,0.16165794030209313,Test
DUZKAM_clean,21.49045,20.91759,21.49045,0.763691,1446.12,1893.59,0.0,0.0,0.7166,0.938337,0.0,1,0.0014052857,0.1455295042,0.1414709835827426,Test
DUZKEQ_clean,20.34484,16.57615,20.32874,0.744987,1552.98,2084.58,0.0389169,0.0522383,0.7072,0.949278,0.0,1,0.0011186737,0.1191884399,0.11606467676831586,Train
EBEXIU02_clean,4.00389,3.67365,4.00389,1.98749,501.521,252.339,0.0,0.0,0.386,0.194214,0.0,0,0.0079042401,0.6022434621,0.5929200468425588,Train
EBOXEA_clean,5.66693,4.72038,5.66453,1.32843,1075.3,809.448,0.0,0.0,0.5358,0.403332,0.0,1,0.000636497,0.0614925202,0.06280442269453487,Train
ECEZAO_clean,4.94749,4.06581,4.8956,1.42755,1119.79,784.412,0.0,0.0,0.5024,0.351932,0.0,1,0.0035326522,0.3285851006,0.3255911552017121,Test
EDUSOL_clean,12.82141,3.84026,12.82141,2.18826,1494.62,683.017,0.0,0.0,0.5914,0.270261,0.0,0,0.0043851655,0.3913688822,0.3862044001053805,Test
EDUVAA_clean,11.12176,8.60837,11.10384,0.690728,2384.44,3452.06,0.0,0.0,0.7446,1.07799,0.0,0,0.0036907573,0.3568609787,0.3567360631027784,Test
EDUVEE_clean,12.39923,7.07299,12.39923,0.815139,2115.12,2594.8,0.0,0.0,0.691,0.847708,0.0,1,0.0045724365,0.4215052981,0.4215117824215999,Train
EDUVII_clean,20.32202,9.77849,20.31158,0.420228,1870.75,4451.74,0.0,0.0,0.8576,2.0408,0.0,0,0.002922873,0.301678741,0.28316499700175246,Test
EDUWAB_clean,25.32442,15.73034,25.32073,0.347361,1224.7,3525.73,0.0,0.0,0.9,2.59097,0.0,0,0.0026971241,0.277334198,0.2724223194626721,Test
EGABAR_clean,5.34669,4.59707,5.34669,2.32794,964.221,414.195,0.0,0.0,0.453,0.194593,0.0,0,0.003293754,0.2861255776,0.3000808566756257,Test
EGEJUW_clean,9.46971,6.7544,9.46722,1.01741,1558.89,1532.22,0.0,0.0,0.6188,0.608213,0.0,1,0.002368651,0.2155337919,0.22913040214955407,Train
EHUSUX_clean,11.68128,4.3201,11.68059,0.797571,1974.27,2475.35,0.0,0.0,0.6798,0.852338,0.0,1,0.0055531123,0.4913118619,0.4886548530769914,Train
EHUTAE_clean,11.6271,4.37686,9.57037,0.725635,2073.78,2857.89,0.0,0.0,0.7062,0.973216,0.0,1,0.0056244841,0.4979198263,0.5006568560904168,Train
EJATIS_clean,4.15596,3.67859,4.15596,2.74932,303.078,110.238,193.382,70.3383,0.3638,0.132324,0.0,1,0.0866630113,1.5395473772,1.5418772982285371,Train
EJESUJ_clean,12.74502,12.12417,12.74502,0.622379,1959.14,3147.82,0.0,0.0,0.784,1.25968,0.0,1,0.0022343345,0.2134453305,0.2175667527073143,Test
EKEKIQ_clean,7.79579,7.10452,7.79579,1.16703,1042.73,893.491,0.0,0.0,0.5546,0.475225,0.0,0,0.001525247,0.1369330633,0.1494051870751809,Test
EKEKOW_clean,7.39946,6.7038,7.38889,1.19584,1297.81,1085.27,0.0,0.0,0.5626,0.470465,0.0,1,0.0058517653,0.5118986699,0.5107941513185625,Train
EKEMEO_clean,10.7868,4.76044,10.7868,1.09604,1984.97,1811.03,0.0,0.0,0.6446,0.588115,0.0,1,0.0408480431,1.1117207326,1.1191532201160619,Train
ELEROE_clean,12.99873,6.57068,12.98598,1.00519,1733.85,1724.91,0.0,0.0,0.6496,0.646248,0.0,1,0.0038935819,0.3688126414,0.358243027330192,Test
ENCDBZ01_clean,4.96088,3.91158,4.96088,1.33226,1771.15,1329.44,0.0,0.0,0.6226,0.467327,0.0,0,0.0019886515,0.1867384174,0.19134693788314347,Train
ENCDBZ_clean,5.17995,4.0381,5.17546,1.35947,2064.83,1518.84,0.0,0.0,0.6576,0.483717,0.0,0,0.0025604838,0.2556044866,0.25070784856698275,Train
ENCNBZ01_clean,5.19153,4.38458,5.1913,1.43907,1901.77,1321.52,0.0,0.0,0.6098,0.423745,0.0,1,0.0036683152,0.3556119117,0.34745327144292837,Train
ENEQUL_clean,7.56046,6.76685,7.56046,0.96801,1567.25,1619.05,0.0,0.0,0.6008,0.620655,0.0,1,0.0024136122,0.2429038808,0.2384357936361936,Test
EPUSUE_clean,8.46903,3.66579,7.7021,2.09876,1520.93,724.68,0.0,0.0,0.5964,0.284168,0.0,1,0.0004317075,0.0416620776,0.04402909591948359,Train
EQOCOC01_clean,9.01895,5.30438,9.01895,0.963226,2097.19,2177.26,0.0,0.0,0.6844,0.710529,0.0,0,0.0043498975,0.4058910795,0.409404950655486,Train
ERALIU_clean,14.86335,13.54057,14.86335,1.02804,1927.12,1874.56,4.88892,4.75558,0.7196,0.699973,0.000194545,1,0.0061525294,0.5605609095,0.5031582239191973,Test
ERAQAR_clean,7.38576,7.26835,7.38576,1.40447,1641.95,1169.09,0.0,0.0,0.6066,0.431907,0.0,0,0.0054480945,0.5115865893,0.5023017316721952,Test
ERUNUC_clean,14.74144,10.998,14.73673,0.612946,1667.89,2721.11,0.0,0.0,0.75,1.2236,0.0,1,0.0027566799,0.264350337,0.27201372579474287,Train
ESEBOV_clean,25.10343,17.21264,25.10343,0.432192,1480.29,3425.07,0.0,0.0,0.8414,1.94682,0.0,1,0.0023908225,0.2395722455,0.23743636929484657,Test
ETIXAI_clean,5.65647,4.17101,5.65647,1.21689,891.966,732.986,0.0,0.0,0.4942,0.406116,0.0,1,0.0045675971,0.3814707373,0.40686644447452336,Test
EVOTIT_SL,8.2912,6.01432,8.2912,1.23039,1203.44,978.095,0.0,0.0,0.5204,0.422954,0.0,1,0.0034073058,0.3094107341,0.318207607465612,Test
EZIMEG_clean,9.90798,4.0416,9.90798,1.07192,1279.0,1193.19,493.885,460.749,0.5998,0.559557,0.0,1,0.0074028457,0.6609860548,0.6655645043298152,Test
EZIMIK_clean,9.82604,3.91626,9.82604,1.06853,1265.94,1184.75,505.148,472.75,0.5976,0.559273,0.0,0,0.0067007603,0.6315426772,0.6279122865561559,Train
EZOFUV_clean,8.33031,6.08017,8.32272,1.02014,2081.17,2040.08,0.0,0.0,0.6416,0.628934,0.0,0,0.0034089325,0.3344174653,0.3285996718431339,Train
FAKHIK_clean,6.91166,3.5646,6.91166,1.35887,1058.17,778.71,0.0,0.0,0.4948,0.364126,0.0,1,0.0039322929,0.3642404669,0.3450789656804529,Test
FALRIV01_clean,5.68899,4.70468,5.67497,1.06479,1159.51,1088.96,0.0,0.0,0.5166,0.485167,0.0,0,0.0042533589,0.4007156567,0.39322999387490115,Test
FALRIV_clean,5.65646,4.67756,5.65646,1.06232,1172.37,1103.6,0.0,0.0,0.5212,0.490626,0.0,0,0.0044722594,0.4029806691,0.4069032185935627,Test
FALROB_clean,5.75308,4.76749,5.73877,1.05859,1169.51,1104.78,0.0,0.0,0.5176,0.488953,0.0,0,0.0038596419,0.3759950986,0.3554385881546206,Test
FALSAO_clean,5.59493,4.61612,5.59493,1.06274,1144.25,1076.7,0.0,0.0,0.509,0.478952,0.0,0,0.0042029462,0.3911726669,0.3926968125600553,Test
FAYLIC_clean,6.73446,3.80347,6.73446,1.51633,1348.21,889.13,0.0,0.0,0.5788,0.381711,0.0,1,0.0046833319,0.4340071397,0.42296061173812727,Test
FECFAV_clean,5.25994,4.33258,5.25994,2.87728,502.041,174.484,0.0,0.0,0.3954,0.137421,0.0,1,0.0002516513,0.0229951376,0.02133821351332993,Train
FECJUT_clean,8.20883,4.88885,8.12686,0.902793,1817.93,2013.68,0.0,0.0,0.618,0.684542,0.0,1,0.003066737,0.2940169456,0.29699410705503215,Test
FEVNEA_charged,8.30717,4.3322,7.78379,0.858583,2210.31,2574.37,0.0,0.0,0.6746,0.785713,0.0,0,0.0026086728,0.2551546486,0.25810287577615887,Test
FEVNOL_clean,4.38957,3.82643,4.38957,2.76914,995.906,359.645,0.0,0.0,0.4604,0.166261,0.0,0,0.0467842354,1.8902042783,1.890249953092013,Train
FEWXEM_clean,17.92481,8.14411,17.86267,0.48374,2192.72,4532.85,0.0,0.0,0.805,1.66412,0.0,0,0.0032176864,0.313864522,0.3169689341081261,Train
FEWXIQ_clean,17.35042,7.46306,17.20636,0.482905,2259.15,4678.25,0.0,0.0,0.7942,1.64463,0.0,0,0.0028759034,0.2938440466,0.288688652784851,Train
FEYJID_clean,11.05011,4.28201,11.03981,1.28763,1684.31,1308.07,60.6702,47.1178,0.6268,0.486786,0.0,1,0.0023696674,0.2352698389,0.2267538364420819,Test
FEYQUW_clean,5.43401,3.9261,5.4268,1.48279,1376.93,928.609,0.0,0.0,0.5268,0.355276,0.0,1,0.0016819785,0.1576977214,0.15968035660324112,Test
FIDMIP_clean,5.76709,4.43786,5.76709,2.12603,1177.09,553.657,0.0,0.0,0.5436,0.255688,0.0,1,0.0014462477,0.135644721,0.1348370476579504,Train
FIHHOV_clean,6.48503,4.23046,4.73284,1.35341,178.981,132.245,677.871,500.863,0.475,0.350966,0.0,1,0.0018829556,0.1834090607,0.18286723363788204,Train
FIHHUB_SL,15.61182,13.11587,15.60898,0.621293,2170.48,3493.49,0.0,0.0,0.7232,1.16402,0.0,0,0.0023781737,0.2383833869,0.23843618672986705,Test
FIJCUX_clean,7.05898,5.83044,7.05683,1.26326,1564.96,1238.83,0.0,0.0,0.5956,0.47148,0.0,1,0.0026728464,0.2637146312,0.2551910745740368,Test
FIJFOU_clean,6.85299,4.5996,6.84418,1.41253,1137.63,805.384,0.0,0.0,0.4974,0.352134,0.0,1,0.0025130814,0.2306768716,0.23574850785451446,Train
FIPJEV_clean,5.48611,3.75413,5.4744,1.70121,1138.25,669.081,0.0,0.0,0.4918,0.289089,0.0,1,0.0063458041,0.5292952088,0.5262682834961023,Train
FIPWUY_clean,4.7784,4.2474,4.7784,1.32324,892.591,674.547,0.0,0.0,0.4866,0.367733,0.0,0,0.0078131563,0.6339432944,0.6376690900464062,Train
FIQCEN_clean,13.18983,6.65676,13.18983,0.879099,2114.54,2405.35,0.0,0.0,0.7206,0.819703,0.0,1,0.003125662,0.3086552451,0.2950200064505445,Test
FISGOF_clean,15.80637,8.55438,15.80637,0.434111,2007.26,4623.85,0.0,0.0,0.8372,1.92854,0.0,1,0.0027467993,0.2579079096,0.27393094501315035,Test
FISXEM_clean,15.69953,15.64725,15.69953,0.982352,1496.09,1522.96,0.0,0.0,0.7144,0.727234,0.0,0,0.0043278216,0.4023229461,0.39392315313568155,Test
FIWKUT_clean,10.75705,6.21115,10.75089,1.13958,2252.0,1976.17,0.0,0.0,0.6778,0.594779,0.0,1,0.0032996974,0.3237876661,0.30781999234617796,Test
FOFHEO_clean,6.41067,5.52308,6.4074,2.22496,990.681,445.257,0.0,0.0,0.446,0.200453,0.0,0,0.0043949829,0.3858680835,0.3956752433523005,Test
FOFTOL_clean,6.86591,4.62367,6.86591,1.13764,1540.19,1353.85,0.0,0.0,0.5824,0.511939,0.0,1,0.0037995743,0.359331777,0.3530089075127285,Test
FOPFAS_clean,20.99168,6.62083,20.99168,0.583055,2159.7,3704.11,0.0,0.0,0.7806,1.33881,0.0,1,0.0037432178,0.3561253524,0.356967637072097,Test
FOPTOU_clean,5.99188,4.04402,5.19077,1.42676,820.695,575.214,0.0,0.0,0.3986,0.279373,0.0,1,0.0007736113,0.0738083802,0.07466814944676611,Test
FOQNIK_clean,5.46061,4.28764,5.45105,1.39446,1294.07,928.009,0.0,0.0,0.546,0.391549,0.0,1,0.0034252283,0.3078116738,0.32193558190616467,Test
FOQNOQ01_clean,5.8632,5.042,5.82773,1.375,1086.49,790.181,181.915,132.302,0.54,0.392729,0.0,1,0.0036206497,0.3156442021,0.322728609130288,Train
FOQNOQ02_clean,5.77332,4.6821,5.75387,1.37197,1078.45,786.062,190.643,138.956,0.5392,0.393013,0.0,1,0.0034274068,0.3109957551,0.3128211334665608,Train
FOQNOQ_clean,5.74039,4.59611,5.66519,1.31962,1294.45,980.929,0.224512,0.170134,0.5432,0.411634,0.0,1,0.0027175909,0.2510369125,0.24998106779415508,Test
FOQNUW01_clean,6.20702,4.77029,6.1269,1.35255,1350.08,998.172,0.0,0.0,0.5374,0.397323,0.0,1,0.003172581,0.291068379,0.2964576164734154,Train
FOQNUW02_clean,6.26085,4.86283,6.24492,1.35147,1329.33,983.622,0.0525445,0.0388796,0.5542,0.410073,0.0,1,0.0032469052,0.2897602733,0.3026104250037107,Test
FOQNUW_clean,6.24181,4.91804,6.10517,1.36057,1316.22,967.403,0.0,0.0,0.552,0.405711,0.0,1,0.0032001871,0.2927013875,0.3014294106350199,Test
FOQPAE01_clean,6.12529,4.88917,6.10135,1.39855,1351.73,966.526,0.0,0.0,0.5504,0.393551,0.0,1,0.003787075,0.3392383504,0.3434374704040811,Test
FORWAL_clean,6.09772,3.45398,5.95541,1.14086,1067.63,935.814,0.0,0.0,0.5034,0.441246,0.0,1,0.0028336721,0.258448625,0.2686610833780572,Test
FUDQIF_clean,4.3814,3.86214,4.3814,1.57387,569.294,361.716,0.0,0.0,0.4502,0.286047,0.0,0,0.0096386379,0.80019181,0.7825669753496223,Train
FUSWIA_clean,6.8215,4.65267,6.8215,0.984162,2196.23,2231.58,0.0,0.0,0.6442,0.654567,0.0,1,0.0027110873,0.2622539847,0.26170848872502905,Test
FUTZIF_clean,5.6655,4.98419,5.65746,1.25322,1742.86,1390.71,0.0,0.0,0.5754,0.459137,0.0,1,0.0054111302,0.4974573784,0.49590605872088,Test
FUVDEH01_clean,7.23867,5.86079,7.23867,1.59448,533.217,334.414,0.0,0.0,0.397,0.248984,0.0,0,0.0016227598,0.1495883581,0.15338107500274706,Train
FUVDEH02_clean,7.02003,5.91062,7.02003,1.6404,493.979,301.134,0.0,0.0,0.3806,0.232017,0.0,0,0.0014341913,0.1436582654,0.14070576816853678,Train
FUVDEH03_clean,6.89105,5.80728,6.89105,1.67548,498.219,297.36,0.0,0.0,0.3654,0.218087,0.0,0,0.0014782105,0.1401920551,0.14234273498840846,Train
FUVDEH04_clean,6.74437,6.14599,6.74437,1.73737,495.479,285.189,0.0,0.0,0.3518,0.20249,0.0,0,0.0014466833,0.1396739379,0.14046653701989634,Test
FUVDEH05_clean,7.30465,6.40041,7.2683,1.88786,438.985,232.53,0.0,0.0,0.3024,0.160181,0.0,1,0.0016922727,0.1519216278,0.15379765460077344,Train
FUVDEH09_clean,7.0294,5.84289,7.0294,1.58635,523.994,330.314,0.0,0.0,0.397,0.25026,0.0,0,0.0015579208,0.1491892115,0.15260819411530094,Train
FUVDEH10_clean,7.04062,5.87984,7.04062,1.60692,511.167,318.104,0.0,0.0,0.3892,0.242203,0.0,0,0.0014115869,0.1396180217,0.13934531873043035,Test
FUVDEH11_clean,6.87873,5.8578,6.87873,1.63822,509.358,310.921,0.0,0.0,0.3836,0.234156,0.0,0,0.0016269238,0.1556671641,0.1528441398635591,Train
FUVDEH13_clean,6.5322,6.05224,6.5322,1.69182,540.534,319.498,0.0,0.0,0.3658,0.216217,0.0,0,0.0015942069,0.1521319509,0.1542214021537426,Test
FUVDEH_clean,6.96664,5.8084,6.96664,1.59803,514.864,322.187,0.0,0.0,0.3906,0.244426,0.0,0,0.0016126473,0.1601404611,0.15334454900863706,Train
FUVGAG02_clean,6.44753,5.88333,6.44753,1.88939,387.159,204.912,0.0,0.0,0.2574,0.136235,0.0,1,0.0004694083,0.0456445175,0.043649834483476396,Train
FUWFUA_clean,7.25313,6.2676,7.10214,1.05922,1980.57,1869.84,0.0,0.0,0.6472,0.611017,0.0,1,0.002708495,0.2580097531,0.2596026440883843,Test
FUWQIZ_clean,11.3491,4.56532,11.34892,0.820083,2318.22,2826.81,0.0,0.0,0.6918,0.843573,0.0,1,0.0043093382,0.4034372801,0.40650160953480585,Train
FUYCAE_clean,12.12006,7.41697,11.45114,0.805353,2038.6,2531.31,0.0,0.0,0.6952,0.863224,0.0,1,0.0036420956,0.344817328,0.34142666869535787,Train
GABYUG_clean,8.28187,3.85233,8.28187,1.39429,1719.71,1233.39,0.0,0.0,0.5774,0.414117,0.0,0,0.0032135493,0.3105599387,0.30675915383445135,Train
GACYER_clean,11.44273,8.46463,11.4041,0.752428,2161.9,2873.23,9.41673,12.5151,0.746,0.991457,0.0,1,0.003332091,0.3360607304,0.32275668579548006,Train
GAHSEQ_clean,9.12806,8.89551,9.12806,1.04861,1169.01,1114.83,0.0,0.0,0.5662,0.539955,0.0,1,0.000958317,0.0943666839,0.09836911876607796,Train
GALFAB_clean,5.55868,3.43749,5.55868,1.2617,790.625,626.635,0.0,0.0,0.4566,0.361893,0.0,0,0.0050401581,0.4299144791,0.4278124946068077,Train
GANBAZ02_clean,5.94516,4.40671,5.62899,1.06833,1884.21,1763.7,0.0,0.0,0.666,0.623402,0.0,0,0.0059676894,0.574055932,0.5677493379643903,Train
GATQIE_clean,8.12277,6.57853,7.8081,0.814422,2692.15,3305.6,0.0,0.0,0.7176,0.881116,0.000491146,1,0.0028742129,0.2773777498,0.2825205838037365,Test
GATQOK_clean,8.0398,4.43833,8.0398,1.04873,1982.28,1890.18,0.0,0.0,0.641,0.611218,0.000572123,1,0.0037653831,0.3533516197,0.349657437524894,Test
GAYFOD_clean,5.97544,5.52117,5.96891,1.15207,1504.89,1306.25,0.0,0.0,0.626,0.543372,0.0,0,0.0050446803,0.4639345883,0.4646078097280102,Train
GEBPEK_clean,17.98452,9.34908,17.98452,0.462491,1934.3,4182.35,0.0,0.0,0.837,1.80977,0.0,0,0.0025656376,0.2703467519,0.25433484362268444,Test
GEDPAH_clean,6.03167,4.27212,6.03167,1.25052,927.95,742.052,0.0,0.0,0.4286,0.342738,0.0,1,0.0004322889,0.0410467712,0.04332943360585734,Train
GEYFIB_clean,12.3555,5.62488,12.3555,0.95864,2444.88,2550.36,0.0,0.0,0.74,0.771927,0.0,1,0.0576787951,2.6041382408,2.5973672878623804,Train
GIFKIP_clean,4.45514,4.16679,4.45514,1.26421,1156.73,914.98,0.0,0.0,0.5336,0.422081,0.0,1,0.0019162985,0.1767386104,0.1850322660215325,Test
GIJXAA_clean,10.59462,7.92596,10.59462,0.990408,1761.1,1778.16,0.0,0.0,0.6526,0.658921,0.0,0,0.0063999766,0.6039790583,0.5953977851111774,Test
GITSUY_clean,12.38253,7.614,12.38253,0.866035,1866.54,2155.27,0.0,0.0,0.694,0.801354,0.0,0,0.002197492,0.2187852217,0.21524409437295278,Train
GITVAH01_clean,9.03293,4.92005,8.03384,1.44808,1218.66,841.568,0.0,0.0,0.5302,0.366141,0.0,0,0.0053632779,0.475236685,0.4680217329261578,Train
GITVAH_clean,8.75698,4.92208,6.66017,1.57163,868.704,552.741,0.298339,0.189828,0.4918,0.312924,0.0,0,0.0060341658,0.4732812802,0.4778040458765126,Train
GOPLUS_clean,4.69015,3.69955,4.69015,1.12654,1103.97,979.963,0.0,0.0,0.5668,0.503132,0.0,0,0.0024640805,0.2488885931,0.23312500194970243,Test
GOQWOY_clean,8.51298,6.88549,8.50318,0.782047,2084.03,2664.84,0.0,0.0,0.7176,0.917592,0.0,0,0.0026569132,0.2529438166,0.262625820118247,Test
GORJEE_clean,6.22352,3.46281,6.21155,1.2742,1383.19,1085.53,43.8432,34.4085,0.5994,0.470413,0.0,1,0.0093292379,0.800344094,0.7997734216148202,Train
GORWUF_clean,8.33661,7.09541,8.33661,0.969393,1603.52,1654.15,63.3927,65.3942,0.6516,0.672173,0.0,1,0.0077454567,0.7207577806,0.7333035697797246,Test
GUPBOJ03_clean,20.79847,8.00163,20.79847,0.806562,1676.14,2078.13,0.0,0.0,0.7324,0.908052,0.0,0,0.00162405,0.1621523694,0.16036892606571665,Train
GUZVOO_clean,7.90362,5.63787,7.44008,1.61009,1067.96,663.297,284.683,176.812,0.5464,0.339361,0.0,1,0.00173959,0.163887076,0.1698865625549218,Train
HABCEV_clean,9.92705,7.22424,9.91479,0.991769,2097.63,2115.04,0.0,0.0,0.6876,0.693307,0.0,1,0.0024269829,0.2422514971,0.2378607570458216,Test
HABCIZ_clean,9.83189,7.12324,9.82847,0.920871,2079.45,2258.13,0.0,0.0,0.6902,0.749507,0.0,1,0.0021149058,0.2108122374,0.21559456676117084,Test
HABCOF_clean,9.97681,7.2596,9.97191,0.933756,2065.72,2212.27,0.0,0.0,0.6892,0.738095,0.0,1,0.0021611367,0.2081790257,0.215509032900883,Test
HABDAS_clean,9.98388,7.09034,9.97982,0.917953,2085.87,2272.31,0.0,0.0,0.69,0.751673,0.0,1,0.002176872,0.212624741,0.2156754819693179,Train
HABRUZ_clean,5.62999,4.2146,5.61662,1.21831,1657.43,1360.44,0.0,0.0,0.5722,0.469669,0.0,1,0.0036702608,0.3420308157,0.3494373777201593,Test
HAFQOW_clean,7.39305,6.93116,7.36894,0.945179,1710.48,1809.69,0.0,0.0,0.6134,0.648978,0.0,0,0.005031535,0.4888637794,0.4798009462814764,Train
HAFQUC_clean,6.71368,5.31482,6.70539,0.922153,1732.44,1878.69,0.0,0.0,0.628,0.681015,0.0,0,0.0037000703,0.3654209849,0.3612199875178886,Train
HAMJUC_clean,10.68848,3.93393,10.67739,1.13553,1897.49,1671.02,0.0,0.0,0.6192,0.545297,0.0,1,0.0171177254,1.2380773053,1.2303981598808298,Train
HANKIS_clean,10.84256,6.81027,10.84256,0.962348,2445.81,2541.5,9.90677,10.2944,0.7018,0.729258,0.0,1,0.0028854863,0.2714049761,0.28190933878441615,Test
HANKOY_clean,11.28133,6.992,11.28091,0.975181,2332.28,2391.64,21.129,21.6668,0.7112,0.7293,0.0,1,0.0027070594,0.2661069731,0.25372011029401953,Test
HAWGIY_clean,4.9936,3.76376,4.99295,1.55118,587.725,378.89,0.0,0.0,0.3948,0.254516,0.0,0,0.0020727738,0.1874211076,0.18946474065391372,Train
HAXNOJ_clean,6.09414,4.53148,6.04647,1.2268,2259.24,1841.57,0.0,0.0,0.705,0.574664,0.0,0,0.0008725183,0.0875734103,0.08537540615544811,Test
HEXNII_clean,4.82402,4.1234,4.82222,1.56728,643.637,410.671,0.0,0.0,0.4306,0.274743,0.0,0,0.0035870877,0.315170386,0.31342279637099546,Train
HICGEG_clean,7.22417,4.98345,7.22345,1.05866,1756.83,1659.47,0.0,0.0,0.6354,0.60019,0.0,0,0.0028465863,0.2797351927,0.2750000329123089,Train
HICZIE_clean,4.75635,3.88223,4.75635,1.70104,552.032,324.527,36.9511,21.7227,0.4418,0.259724,0.0,0,0.0038946423,0.3267604908,0.3279806283063138,Train
HIDDAB_clean,4.73402,3.99038,4.58029,1.71288,716.864,418.513,0.0,0.0,0.4374,0.255359,0.0,0,0.0048318787,0.4077046105,0.40116699948792994,Test
HIQKID_clean,6.24462,3.8099,6.24462,2.75365,1288.14,467.793,0.0,0.0,0.511,0.185572,7.26e-05,0,0.0014649001,0.1389970704,0.1418645782540131,Test
HIZTUG_clean,14.58128,7.2695,14.58128,0.949199,1744.45,1837.81,0.0,0.0,0.6154,0.648336,0.0,1,0.0082191489,0.6940679734,0.6980404103778217,Train
HOJJUN_clean,10.20501,4.32102,10.20501,1.07008,1864.88,1742.75,0.0,0.0,0.6276,0.586499,0.0,0,0.0064173777,0.5023478025,0.5291610114563821,Train
HOQNOS_clean,5.68928,5.15984,5.68602,1.20112,1133.38,943.601,0.0,0.0,0.508,0.422938,0.0,0,0.0045196045,0.4061376846,0.40223989250840464,Train
HOVGEG_clean,5.72288,5.00575,5.71258,1.7362,623.828,359.307,0.0,0.0,0.4442,0.255846,0.0,1,0.00249673,0.2198720376,0.22797610483309558,Train
HOZFIN_clean,11.69529,10.43289,11.69529,0.774366,1771.67,2287.9,0.0,0.0,0.6506,0.840172,0.0,1,0.0020733872,0.2049770463,0.20773567456001246,Test
HUBQEC_clean,8.86857,5.43796,8.86857,1.74467,1156.2,662.705,0.0,0.0,0.545,0.31238,0.0,1,0.0004903386,0.0468456319,0.04880964689254358,Train
HUCSEF_clean,13.78845,4.39887,13.78845,0.867071,1791.92,2066.64,0.0,0.0,0.6752,0.778714,0.0,1,0.0053821929,0.4848535367,0.4797573283468126,Test
HUNCIE_clean,23.8524,20.39274,23.77655,0.290995,1592.86,5473.82,0.0,0.0,0.8752,3.00761,0.0,1,0.0029697235,0.3044149095,0.2997222067739545,Test
HUYFAJ_clean,13.01175,6.7865,13.01175,0.928859,1613.49,1737.07,0.0,0.0,0.649,0.698706,0.0,1,0.0024819917,0.2407446269,0.24453870404741257,Train
HUZYEI_clean,8.53699,6.27993,8.53699,0.711095,2228.2,3133.48,0.0,0.0,0.6894,0.969491,0.0,0,0.0026356797,0.2497096172,0.2610157164160937,Test
HUZYIM_clean,8.39885,4.78933,7.86209,0.797668,1803.87,2261.43,0.0,0.0,0.6378,0.79958,0.0,0,0.0036502458,0.3510680559,0.35111416795154626,Train
IBAPOS_clean,10.42394,6.6282,10.40124,0.688725,2224.76,3230.26,0.0,0.0,0.7214,1.04744,0.0,1,0.0025517125,0.2541274754,0.25307732262639593,Test
IBAQAF_clean,10.29518,8.20784,10.21825,0.691719,2146.79,3103.55,0.0,0.0,0.7272,1.05129,0.0,1,0.0027387759,0.2624884988,0.2670187795807353,Test
IBAQEJ_clean,10.47263,8.40011,10.41547,0.683981,2144.01,3134.6,0.0,0.0,0.734,1.07313,0.0,1,0.0025371058,0.2547019785,0.25339569719034366,Test
IBIYUO_clean,5.20433,4.31707,5.18919,2.0196,573.799,284.115,0.0,0.0,0.4548,0.225193,0.0,0,0.0015123703,0.1336907126,0.1393272661256018,Test
IBURAZ_clean,4.88805,3.48372,4.75798,1.89312,918.977,485.428,0.0,0.0,0.536,0.28313,0.0,0,0.0085962817,0.6821218465,0.6871010248270115,Train
ic1010083_si_002_clean,8.73889,4.47796,8.73889,1.29976,1302.13,1001.82,0.0,0.0,0.5268,0.405305,0.0,1,0.0045566908,0.3856126209,0.3948444017090783,Train
ic403175w_si_002_clean,5.88584,3.69969,5.83238,2.5678,470.928,183.398,0.0,0.0,0.2652,0.103279,0.0,1,0.0034999571,0.2337410151,0.2568537501928774,Test
ic502478u_si_003_clean,6.55769,3.80885,6.25374,1.35422,531.365,392.376,0.404029,0.298347,0.4662,0.344256,0.0,1,0.0005012064,0.0491944969,0.04775107788279759,Train
ic502643m_si_011_clean,13.64098,13.34789,13.63908,0.604316,2269.16,3754.93,0.0,0.0,0.793,1.31223,0.0,1,0.0031165939,0.3146485548,0.3099794812485944,Train
ic502643m_si_012_clean,13.38503,12.66061,13.38102,0.629028,2341.28,3722.06,0.0,0.0,0.78,1.24001,0.0,1,0.0035504344,0.3396366058,0.3417462796196058,Test
ic8008859_si_001_clean,6.51934,4.39103,6.27132,0.92999,1351.28,1453.01,0.0,0.0,0.5454,0.586458,0.0,1,0.0024988729,0.2398038024,0.2430857159795671,Test
ic801677y_si_001_clean,10.69292,6.05283,10.69292,0.825151,2164.47,2623.11,0.0,0.0,0.693,0.839846,0.0,0,0.0044415031,0.4365095441,0.4139324431963879,Test
ICAREL_clean,16.21859,9.18486,11.94903,0.616739,2046.86,3318.84,0.0,0.0,0.7336,1.18948,0.0,1,0.0027759868,0.2797342455,0.27219548185015546,Test
ICIKAH_clean,8.01757,3.70704,7.93302,1.68308,428.741,254.736,345.699,205.397,0.4804,0.285429,0.0,1,0.0004851543,0.0507388899,0.06792858921667619,Test
ICIVEW_clean,9.81405,8.96526,9.81405,1.68894,1459.56,864.19,0.0,0.0,0.6214,0.367924,0.0,1,0.0024031892,0.2490178825,0.2320504274525852,Test
IFEPUG01_clean,6.97552,6.67002,6.97552,1.81968,554.5,304.724,0.0,0.0,0.3222,0.177064,0.0,1,0.0012986498,0.1251731137,0.12671890050721207,Train
IFEPUG02_clean,7.03312,5.99915,7.03312,1.58114,529.815,335.085,0.0,0.0,0.3982,0.251844,0.0,0,0.0013842237,0.1314280812,0.13174350632618165,Test
IFEPUG03_clean,6.99241,5.91522,6.99241,1.59971,524.86,328.098,0.0,0.0,0.393,0.24567,0.0,0,0.0012872626,0.1234915483,0.1270831139344098,Train
IFEPUG04_clean,6.86283,5.99318,6.86283,1.62602,537.112,330.322,0.0,0.0,0.3814,0.23456,0.0,0,0.0013306869,0.1290213047,0.12901982833872735,Train
IFEPUG05_clean,6.85642,6.11281,6.85642,1.65571,533.488,322.211,0.0,0.0,0.3698,0.223348,0.0,0,0.001151636,0.1139447474,0.11537298089096087,Test
IFEPUG06_clean,6.7419,6.18576,6.7419,1.68982,538.529,318.691,0.0,0.0,0.3576,0.21162,0.0,0,0.0013068927,0.1285834927,0.1301881386953559,Test
IFEPUG07_clean,6.70506,6.18332,6.70506,1.72629,549.827,318.502,0.0,0.0,0.3412,0.197649,0.0,0,0.0013610244,0.1386525748,0.1328788135819786,Train
IFEPUG08_clean,6.7666,6.32311,6.7666,1.76811,569.763,322.245,0.0,0.0,0.3312,0.187319,0.0,1,0.001463934,0.1421741064,0.14152573617132325,Train
IFEPUG09_clean,6.88857,6.56673,6.88857,1.78418,556.743,312.044,0.0,0.0,0.331,0.185519,0.0,1,0.0013149657,0.1294973573,0.12682811546621814,Test
IFEPUG10_clean,6.80475,6.55642,6.80475,1.8372,603.527,328.504,0.0,0.0,0.3222,0.175376,0.0,1,0.0016550519,0.1556794011,0.15500043549752573,Train
IFEQER_clean,7.19047,6.08402,7.19047,1.57527,553.109,351.12,0.0,0.0,0.394,0.250116,0.0,0,0.0013915916,0.1320014667,0.131959680556824,Test
IFUPAC_clean,5.45872,4.0869,5.45872,1.34142,1585.35,1181.84,0.0,0.0,0.5752,0.4288,0.0,1,0.004163573,0.3861069195,0.3894380164502188,Test
IGORUS_clean,10.22764,5.8145,10.22764,0.798105,2273.51,2848.64,0.0,0.0,0.7076,0.8866,0.0,1,0.0031699532,0.3155347622,0.30664587076808353,Test
IGUCEU_clean,4.52933,3.82475,4.49997,1.71915,529.35,307.913,0.0,0.0,0.4484,0.260826,0.0,0,0.0009463407,0.0888048534,0.09233433011338488,Train
IJAPIU_clean,10.97896,4.58149,10.97895,0.821497,2292.36,2790.46,0.0,0.0,0.6958,0.84699,0.0,1,0.0048752838,0.4383407524,0.44106061136299357,Test
IJAPOA_clean,11.3719,4.56274,10.28688,0.827364,2231.15,2696.69,0.0,0.0,0.6978,0.843401,0.0,1,0.0044857606,0.4062341134,0.4122297360950415,Train
IJEXUS_clean,21.63198,16.25392,21.63198,0.800283,1414.75,1767.81,0.0,0.0,0.7074,0.883938,0.0,1,0.0012316406,0.1158345439,0.11998999755658865,Train
ILITON_clean,10.85959,9.44525,10.85959,0.579291,2065.83,3566.14,0.0,0.0,0.7778,1.34268,0.0,1,0.0027356301,0.2649479524,0.2673304382635862,Test
ILOWAI_clean,5.40585,4.42661,5.40585,1.07764,1110.36,1030.36,0.0,0.0,0.5072,0.470657,0.0,0,0.0048965143,0.4362995983,0.4479643969072053,Test
IMACZN01_clean,4.79524,3.49801,4.79524,1.42152,311.196,218.919,0.0,0.0,0.4744,0.333728,0.0,0,0.0017866853,0.1600128398,0.16111774406055873,Test
IMULEH_clean,8.24491,4.53271,8.24491,0.809297,1780.75,2200.36,0.0,0.0,0.6282,0.776229,0.0,0,0.0023294491,0.2371282736,0.2341946027027028,Train
INEPEY_clean,6.95447,5.78801,6.95447,1.44957,1129.68,779.321,87.9996,60.7072,0.5158,0.355829,0.0,1,0.0049303497,0.3781132962,0.3973290675520711,Train
INIROO_clean,8.17605,4.71571,8.17605,2.17241,1103.1,507.776,0.0,0.0,0.5056,0.232737,0.0,1,0.0006399737,0.0639534535,0.06291771082397882,Train
IPIVOT_clean,6.19757,4.01106,6.19757,1.45575,826.006,567.408,0.0,0.0,0.474,0.325604,0.0,1,0.0062805082,0.4704866862,0.4844418296666576,Train
IREGOD_clean,5.40281,4.28093,5.40281,1.18436,1608.89,1358.45,0.0,0.0,0.5606,0.473337,0.0,1,0.0033604006,0.3157583144,0.32005419918178957,Test
ISEQIH_clean,4.92293,4.26793,4.90311,1.74786,655.099,374.801,0.0,0.0,0.3298,0.188688,0.0,1,0.0013375225,0.1282550345,0.11566870669119422,Test
IVEKEA_clean,22.61279,7.45433,22.60405,0.58506,2033.02,3474.88,0.0,0.0,0.8178,1.3978,0.0,1,0.0031431553,0.3196734746,0.30590379120989497,Test
IWAHIZ_clean,5.68381,4.27543,5.37535,1.64742,1153.12,699.956,0.0,0.0,0.4926,0.299014,0.0,0,0.0229011486,1.5147768823,1.519179050665259,Train
IWEWOY_clean,20.27537,19.97281,20.27537,0.872765,1162.79,1332.3,0.0,0.0,0.6926,0.79357,0.0,1,0.0026796783,0.2514546675,0.2520408424296344,Test
IYIHUU_manual,11.83739,10.43961,11.83739,0.634446,2047.9,3227.86,0.0,0.0,0.7402,1.16669,0.0,1,0.0028473236,0.2696572672,0.2773181604008423,Test
IYITOB_clean,9.11454,7.50033,9.11454,1.16801,1732.8,1483.56,0.0,0.0,0.654,0.559929,0.0,0,0.0013483555,0.1336113333,0.1336800233729149,Train
IZIHIK_clean,7.14331,5.40483,7.14331,1.44939,1285.98,887.257,42.2152,29.1262,0.5348,0.368983,0.0,1,0.0020401668,0.1979967347,0.195727075788087,Test
ja0660047si20060818_060256_clean,6.3909,4.01484,6.38663,0.926803,2000.77,2158.79,0.0,0.0,0.5998,0.647171,0.0,0,0.0050404267,0.4970092843,0.4720562973259236,Test
ja0660047si20060818_060458_clean,6.58402,3.94503,6.58402,1.00815,1971.57,1955.64,0.0,0.0,0.578,0.57333,0.0,0,0.0074328498,0.6857721233,0.6819476982321452,Train
ja078060t-file002_clean,16.93112,9.01585,16.93112,0.615402,2165.98,3519.61,0.0,0.0,0.7858,1.27689,0.0,1,0.0040824295,0.3895060479,0.3899736698497292,Test
ja101440z_si_001_clean,5.9006,5.23774,5.9006,1.30709,1576.97,1206.47,0.0,0.0,0.571,0.436847,0.0,1,0.004121541,0.3818839554,0.3859695956436303,Train
ja102862j_si_005_clean,16.33925,5.69725,16.33925,0.874313,1862.92,2130.72,0.0,0.0,0.7038,0.804975,0.000228751,0,0.0036279897,0.3574167374,0.3352446429775867,Test
ja111042f_si_002_clean,13.98436,10.86418,13.89482,0.502876,1948.39,3874.49,0.0,0.0,0.797,1.58488,0.0,1,0.0032314942,0.3194558043,0.31668860112990366,Train
ja202154j_si_003_clean,11.58737,3.83412,11.58737,0.92986,1525.64,1640.72,0.0,0.0,0.645,0.693653,0.0,0,0.0019021927,0.1890105898,0.18135437676954713,Test
ja4015666_si_002_clean,10.09928,9.13648,10.09928,0.711506,2224.92,3127.06,0.0,0.0,0.7638,1.0735,0.0,0,0.0023485123,0.2448259592,0.23320919632425177,Test
ja4015666_si_003_clean,10.07647,9.04237,10.07647,0.718146,2256.82,3142.56,0.0,0.0,0.7528,1.04825,0.0,0,0.0026659486,0.2444440033,0.26110329059492793,Test
ja403810k_si_003_clean,31.39938,26.2789,31.39936,0.252736,790.748,3128.75,0.0,0.0,0.9088,3.59585,0.0,1,0.002665587,0.2541038689,0.2831807357107608,Test
ja410368j_si_002_clean,11.55893,3.45239,11.55893,0.94881,1479.04,1558.83,0.0,0.0,0.6372,0.671578,0.0,0,0.0022707426,0.2203135492,0.22533190263714997,Test
ja501810r_si_002_clean,11.13191,5.72159,11.13191,0.767426,2419.7,3153.01,0.0,0.0,0.7292,0.950189,0.0,1,0.0038717997,0.3858098968,0.36501832709888893,Test
ja507971r_si_004_clean,4.53044,3.58227,4.53044,1.46814,606.341,412.999,3.33265,2.26998,0.4518,0.307736,0.0,1,0.0088037784,0.6727003338,0.6691995749681665,Train
ja5109535_si_002_clean,17.4505,7.65306,17.4505,0.65071,2199.17,3379.65,0.0,0.0,0.7686,1.18117,0.0,0,0.00513259,0.4994732299,0.48217817486149417,Test
jacs.5b11079_ja5b11079_si_002_clean,14.16979,6.91811,12.94276,0.599196,2206.88,3683.06,0.0,0.0,0.7614,1.2707,0.0,1,0.0037381194,0.3553937678,0.35655441753104683,Train
jacs.6b01663_ja6b01663_si_002_clean,24.65699,17.09587,24.65699,0.438285,1508.06,3440.83,0.0,0.0,0.8424,1.92204,0.000456324,1,0.0023992707,0.2367759125,0.2354526264993621,Test
jacs.6b02030_ja6b02030_si_004_clean,6.78187,4.96364,6.78187,1.83949,1314.77,714.746,0.0,0.0,0.5076,0.275946,0.0,1,0.0015363999,0.1434227344,0.1476014256199518,Test
jacs.6b04608_ja6b04608_si_002_clean,18.84439,11.02909,18.84439,0.389439,1879.81,4826.98,0.0,0.0,0.8376,2.15079,0.00051356,0,0.0027337314,0.2518106998,0.2610845060897129,Test
jacs.6b08724_ja6b08724_si_012_clean,28.6797,24.93616,28.6797,0.353838,1453.6,4108.09,0.0,0.0,0.8748,2.47232,0.0,1,0.0025832441,0.248006765,0.2558308510258611,Test
jacs.6b08724_ja6b08724_si_013_clean,28.04628,26.50518,28.04628,0.350938,1434.54,4087.73,0.0,0.0,0.8658,2.4671,0.0,1,0.0028501505,0.2739136161,0.27702038111775823,Train
JADBEY_clean,5.1025,4.19518,4.95899,1.35732,1188.64,875.723,0.0,0.0,0.488,0.359531,0.0,0,0.0028298451,0.2759171028,0.2650749896340013,Test
JAJZAY_clean,11.43481,6.24659,11.43433,0.715716,2413.07,3371.55,0.0,0.0,0.7402,1.03421,0.0,1,0.0039490743,0.3792555239,0.37433690455032703,Train
JALLIU_clean,13.72158,6.77108,13.72158,0.777101,2196.2,2826.14,0.0,0.0,0.7498,0.964868,0.000514734,0,0.00146587,0.1482801514,0.15308669452280757,Test
j.inoche.2015.02.023_INC05895-mmc1_clean,5.70413,3.46915,5.53584,1.31977,1259.88,954.616,0.0,0.0,0.503,0.381126,0.0,1,0.0086903815,0.7292064596,0.7230596156269788,Train
JIVQOU_clean,5.16037,3.63851,4.20766,2.2732,284.489,125.149,281.748,123.944,0.4162,0.18309,0.0,1,0.0183243485,0.9352694587,0.9314374364881555,Train
j.jssc.2016.06.015_ZJU-10_clean,11.36875,4.57229,11.36875,0.827579,2351.53,2841.46,0.0,0.0,0.6996,0.845357,0.0,1,0.0039504381,0.3707397947,0.3713454451742497,Train
JOHQUT_clean,5.10814,3.94987,5.09674,1.90453,697.67,366.322,0.0,0.0,0.4102,0.215382,0.0,1,0.0018264914,0.1720652454,0.16610880233069125,Test
JOHSIJ_clean,5.60766,4.19977,5.57879,1.66671,1145.47,687.263,0.0,0.0,0.488,0.292793,0.0,0,0.025250791,1.6079055349,1.5873543875288896,Train
JOZWOM_clean,22.16597,8.69473,22.16597,0.48225,1899.59,3939.01,0.0,0.0,0.8054,1.67009,0.000414723,1,0.0029257119,0.2992189872,0.28094637028073804,Test
JOZWUS_clean,21.40599,8.60608,20.3343,0.48265,1906.91,3950.91,0.0,0.0,0.8026,1.6629,0.000414379,1,0.0030430798,0.2943856929,0.29384190960041134,Train
jp302979a_si_002_clean,10.98282,6.54194,10.97083,0.963718,2282.53,2368.46,0.0,0.0,0.7164,0.743371,0.0,1,0.0024622118,0.248171237,0.2404006549624005,Train
JUKPAI_clean,7.08241,5.52674,6.9259,3.59589,1474.22,409.973,0.0,0.0,0.4916,0.136711,0.0,1,0.0003587331,0.035272523,0.03528189603486914,Train
JUTCOS_clean,7.04726,4.27705,7.02404,1.31095,1329.11,1013.85,0.0,0.0,0.5362,0.409016,0.0,1,0.002633181,0.2433370299,0.24772461309793742,Test
JUYBEM_clean,5.13731,3.85682,5.13731,1.48243,1119.92,755.465,0.0,0.0,0.4988,0.336475,0.0,0,0.0050583858,0.4543094808,0.437805637975724,Test
KACKIL_clean,8.90649,6.59853,8.90649,1.06181,2105.95,1983.36,0.0,0.0,0.6938,0.653414,0.0,1,0.0035290173,0.3237449241,0.33252976427934544,Test
KAHZAW_clean,8.94072,4.22762,8.82545,1.16306,2118.43,1821.42,0.0,0.0,0.6882,0.591713,0.0,1,0.0011498848,0.1229002373,0.11789212759793691,Train
KALFUA_clean,5.64692,4.66493,5.64692,1.02252,1561.82,1527.42,0.0,0.0,0.5924,0.579351,0.0,0,0.0063849204,0.601136034,0.5787390781514321,Test
KAVXAI_clean,9.40882,5.41413,9.40882,1.00634,2107.27,2094.0,0.0,0.0,0.6462,0.642132,0.0,0,0.0069541258,0.6521452526,0.6337288589038014,Test
KELJAN_clean,6.72992,4.20356,6.59748,1.50078,1661.97,1107.4,0.0,0.0,0.603,0.401791,0.0,1,0.0019800814,0.1906932324,0.19163502977251018,Test
KEVBOE_clean,5.94177,3.85345,5.94177,1.15836,1692.78,1461.35,3.23237,2.79047,0.5546,0.478779,0.0,0,0.0178367573,1.4619132208,1.4456373019894049,Train
KEWJIG_clean,7.66764,4.96521,7.66764,1.12411,2024.36,1800.85,0.0,0.0,0.6074,0.540337,0.0,1,0.0052821052,0.507708907,0.48281244069820645,Test
KIFDIM_clean,6.65854,3.7171,6.64815,1.05848,1659.61,1567.91,0.0,0.0,0.5926,0.559858,0.0,1,0.0025447171,0.2485086558,0.24820997451944024,Test
KINMUR_clean,5.20086,4.2137,5.19994,1.27394,2724.76,2138.85,0.0,0.0,0.6356,0.498926,0.0,0,0.0138381426,1.1982375898,1.1991351132357493,Train
KOGSOQ_clean,6.70555,5.36137,6.69224,1.02667,1476.42,1438.07,0.0,0.0,0.596,0.580519,0.0,0,0.0035053688,0.3461873463,0.33670469592877195,Train
KOJZOZ_clean,9.94395,7.51619,9.94395,1.17869,2115.26,1794.59,0.0,0.0,0.694,0.58879,0.0,1,0.0012739787,0.1231838375,0.1274392743208902,Test
KOMHEB_clean,6.83617,4.31178,6.83617,2.04431,589.974,288.593,3.15896,1.54524,0.4406,0.215525,0.0,1,0.0041821404,0.3446366804,0.35359831182004087,Test
KOMHIF_clean,6.96433,4.30157,6.96433,2.10755,601.281,285.298,0.506718,0.24043,0.4434,0.210386,0.0,1,0.0059925647,0.4339641107,0.439066224963381,Test
KOMHOL_clean,7.12004,4.41244,7.12004,2.09673,622.975,297.118,3.20164,1.52697,0.448,0.213666,0.0,1,0.0056555762,0.4234593134,0.42272954668572865,Train
KOVGOT01_clean,9.14865,6.57962,8.64921,1.30232,2344.83,1800.5,0.233416,0.179231,0.6924,0.531667,0.0,1,0.0008815687,0.0837365603,0.08615451881906827,Train
KOVGOT_clean,9.14342,6.58506,9.14342,1.30232,2351.43,1805.57,0.204239,0.156827,0.6926,0.53182,0.0,1,0.0008594083,0.0845585729,0.0857405922348417,Train
KOZQIB_clean,28.54072,12.23604,28.54072,0.302864,1428.61,4716.99,0.0,0.0,0.8826,2.91418,0.0,1,0.0028673032,0.307018238,0.29762328933372556,Train
KUGFAU_clean,6.1404,4.28752,6.13565,2.43257,1183.17,486.384,94.0478,38.6618,0.538,0.221165,0.0,1,0.0004818813,0.0461394965,0.04718690441102355,Test
KUKPUD_clean,9.04322,8.10629,9.04322,1.11678,1615.16,1446.26,0.0,0.0,0.65,0.582028,0.0,1,0.003533694,0.33623836,0.3297288397027077,Test
KUKQAK_clean,4.64716,3.48929,4.64716,1.79907,353.643,196.57,0.0,0.0,0.3996,0.222114,0.0,1,0.0026348893,0.2384004471,0.2269090737511159,Train
KULMAG_clean,10.24525,8.92291,10.23663,0.907947,1704.68,1877.51,60.6525,66.8018,0.6662,0.733743,0.0,1,0.007134798,0.4561930708,0.6667063173307695,Test
KUXROM_clean,8.49367,4.05917,8.4042,1.02614,2083.99,2030.91,0.0,0.0,0.621,0.605181,0.0,0,0.0158321145,1.2971136723,1.2976170414289079,Train
KUXSAZ_clean,8.81598,3.44204,8.80847,1.03643,1657.94,1599.66,0.0,0.0,0.6052,0.583926,0.0,0,0.0051505721,0.5223289338,0.5176719789864943,Train
KUZYUB_clean,17.79121,17.46158,17.79121,1.09527,1160.5,1059.55,0.0,0.0,0.6994,0.638563,0.0,1,0.0023731027,0.2358104728,0.22673855499101084,Test
LACYEW_clean,9.98958,7.17562,9.98958,0.965678,2132.17,2207.96,0.0,0.0,0.6886,0.713074,0.0,1,0.0024378914,0.2454400502,0.24003333864936116,Train
LACYIA_clean,13.94656,10.8971,13.94656,0.785099,1996.38,2542.84,0.0,0.0,0.6776,0.863076,0.0,1,0.0042105206,0.4050174771,0.40358214214486565,Train
LACYOG_clean,9.45292,5.8367,9.45292,1.00526,2164.69,2153.37,0.0,0.0,0.6652,0.661721,0.0,1,0.0041921284,0.3960940419,0.3957822757534429,Test
LACYUM_clean,8.19722,5.57863,8.19722,1.03476,2021.86,1953.94,156.073,150.83,0.648,0.626232,0.0,1,0.0046132794,0.4370842555,0.43286917286126525,Test
LACZAT_clean,8.2988,5.7298,8.2988,0.945764,1995.72,2110.17,179.673,189.977,0.662,0.699963,0.0,1,0.0031778557,0.3153052529,0.3048869567789926,Test
LACZIB_clean,9.35168,6.74694,9.35021,0.752382,2169.18,2883.09,0.0,0.0,0.6922,0.920012,0.0,1,0.0024657113,0.2631740537,0.2456695864766328,Train
LAGVEX_clean,6.7023,3.90662,6.7023,1.13087,1228.85,1086.65,0.0,0.0,0.5372,0.475032,0.0,1,0.0028063433,0.2563534655,0.2692617147732732,Test
LAJKUE_charged,16.14687,7.68165,16.14687,1.05614,1156.86,1095.37,110.938,105.041,0.5794,0.548604,0.0,0,0.0019691962,0.1853222802,0.1959199350653407,Test
LAJLAL_charged,16.84916,7.16955,16.84916,0.919377,1330.14,1446.78,0.0,0.0,0.5762,0.626729,0.0,0,0.0015647835,0.1547189151,0.1532997491337802,Train
LAJLEP_charged,16.83933,7.41658,16.83933,0.974475,1362.23,1397.91,0.0,0.0,0.5914,0.606891,0.0,0,0.0020995649,0.1960045651,0.2011897159709919,Train
LAPNUO_clean,7.53441,3.97302,7.25213,1.27166,1671.62,1314.52,0.0,0.0,0.5848,0.459871,0.0,0,0.0214489224,1.3133438148,1.3217418476996947,Train
LAPZEK_clean,15.51079,7.93845,15.33563,0.599908,2098.95,3498.78,0.0,0.0,0.7678,1.27986,0.0,1,0.0046343476,0.4408929339,0.43839325422496633,Test
LAQNOJ_clean,14.29494,6.44811,14.29494,0.699724,2201.6,3146.38,0.0,0.0,0.7396,1.05699,0.0,1,0.0052042273,0.495952191,0.491112689052144,Train
LAQNUP_clean,15.26013,7.80017,15.22984,0.646935,2142.31,3311.48,0.0,0.0,0.755,1.16704,0.0,1,0.0052156353,0.4778420902,0.48403524359349615,Train
LATBUG_clean,17.59724,12.77954,17.59724,0.373345,1754.11,4698.37,0.0,0.0,0.8458,2.26547,0.0,1,0.0031847932,0.3045228464,0.3065288111067587,Train
LATCAN_clean,17.46459,13.36465,17.46459,0.380351,1759.4,4625.73,0.0,0.0,0.8424,2.21479,0.0,1,0.0032984739,0.3152969751,0.3160182919967211,Test
LATCIS_clean,6.18491,5.22174,6.13,1.03702,2650.66,2556.04,0.0,0.0,0.747,0.720336,0.0,1,0.0009413365,0.0933632647,0.09277570573441224,Test
LAWGOI_clean,6.79778,4.16971,6.53453,1.58223,946.888,598.451,0.0,0.0,0.4988,0.315251,0.0,1,0.0008182743,0.0835408527,0.08173628002601158,Train
LAWGUO_clean,7.18198,3.98931,7.17216,1.75912,848.078,482.104,0.0,0.0,0.4794,0.272523,0.0,1,0.0011166602,0.1131811085,0.10770481700605941,Train
LAWHEZ01_clean,7.31724,4.08974,7.31724,1.65797,902.036,544.061,0.0,0.0,0.4878,0.294215,0.0,1,0.0010178138,0.1051374855,0.09722878606149055,Train
LAWHEZ_clean,7.31422,4.06957,7.31422,1.65797,900.714,543.263,0.0,0.0,0.4874,0.293974,0.0,1,0.0010405807,0.1061874408,0.09756797050355709,Train
LAWHID_clean,7.12473,3.80895,6.25716,1.71371,841.749,491.186,0.0,0.0,0.4802,0.280211,0.0,1,0.001059225,0.107324181,0.10543302971000401,Train
LAXCUK_clean,8.14792,4.96145,8.14665,0.864341,1801.28,2083.99,0.0118168,0.0136714,0.6332,0.732581,0.0,1,0.0018010497,0.1803200196,0.1827739057221891,Train
LEJCEK_clean,17.20124,11.68232,17.20124,0.334035,1916.36,5737.0,0.0,0.0,0.8616,2.57937,0.0,0,0.0027808202,0.2714928607,0.27003996675375885,Train
LEJZOQ_clean,5.95247,4.56093,5.95247,1.11072,926.808,834.423,0.0,0.0,0.484,0.435754,0.0,1,0.0023267494,0.2148414492,0.22424244593765888,Test
LELDOX_clean,18.13342,6.69424,12.87691,0.621417,2220.07,3572.59,0.0,0.0,0.7588,1.22108,0.0,1,0.0030337105,0.2902694187,0.301065458234282,Test
LEQBUG_clean,14.22812,6.68064,13.72074,0.73218,2183.07,2981.61,0.0,0.0,0.7302,0.997295,0.0,1,0.0053269154,0.4928678386,0.48860535491631063,Train
LEQCAN_clean,13.67194,6.45338,13.67194,0.778071,2218.0,2850.64,0.0,0.0,0.719,0.92408,0.0,1,0.0054951489,0.5088858637,0.49376892808254313,Test
LEWZET_clean,5.98081,4.39548,5.97981,1.17803,1312.3,1113.97,0.0,0.0,0.5222,0.443281,0.0,0,0.0066543052,0.5955337953,0.5799228656354818,Train
LIDSAU_clean,5.52729,4.59222,5.52557,1.12251,2012.74,1793.07,0.0,0.0,0.5812,0.517767,0.0,1,0.007179301,0.6657484361,0.6591169741964962,Test
LIDSEY_clean,5.38035,4.73063,5.37764,1.08774,2028.26,1864.66,0.0,0.0,0.5984,0.550133,0.0,1,0.0072113685,0.6772626377,0.6695595385117036,Train
LIDSIC_clean,5.88988,4.79787,5.74819,0.995436,2128.35,2138.11,0.0,0.0,0.6234,0.626258,0.0,1,0.005865981,0.5443102071,0.5597927870724706,Test
LIFWEE_clean,4.94583,3.86694,4.94583,1.28823,922.23,715.89,367.047,284.924,0.595,0.461875,0.0,1,0.0024042862,0.2306633003,0.2312419032574905,Train
LIHKAQ_clean,4.20661,3.40597,4.15918,2.43906,861.502,353.21,0.0,0.0,0.4506,0.184743,0.0,0,0.0437953461,1.7182879776,1.7174459033145095,Train
LIKCOY_charged,6.83152,4.83811,6.82979,1.81549,1004.71,553.413,0.0,0.0,0.5218,0.287416,0.0,1,0.000577476,0.063159281,0.057173296895656395,Test
LIRTUC_clean,5.83831,3.6143,5.8313,1.27726,1032.08,808.039,0.0,0.0,0.5346,0.418551,0.0,0,0.001362655,0.1326207439,0.12966903843742453,Train
LOCRUR_clean,5.043,4.16027,5.043,1.07174,1871.72,1746.44,0.0,0.0,0.587,0.547708,0.0,0,0.0030137622,0.2868028216,0.2907953246332297,Train
LODTAB_clean,4.98387,4.62619,4.98387,1.23288,2036.05,1651.46,0.0,0.0,0.5874,0.476445,0.0,0,0.0037829633,0.3601173587,0.36002724228034033,Test
LOFJAT_clean,11.75384,5.77917,10.9055,0.7403,2339.25,3159.86,0.0,0.0,0.728,0.983385,0.0,1,0.0051068727,0.4742854153,0.47424277588764874,Train
LORNEL_clean,6.96325,5.60613,6.9631,1.05672,2615.87,2475.46,0.0,0.0,0.7412,0.701416,0.0,0,0.0009532604,0.0995616743,0.09573000075403335,Test
LOSYAV_clean,4.55984,3.67657,4.54982,1.22852,1180.85,961.195,0.0,0.0,0.5162,0.42018,0.0,1,0.0055730449,0.5236214139,0.5125902435754579,Train
LUDVAH_clean,5.76222,3.92954,5.75675,1.87163,1115.45,595.979,0.0,0.0,0.5392,0.288092,0.0,1,0.0019091993,0.1759627697,0.17759296338070396,Train
LUKLIN_clean,20.05813,9.81608,20.05813,0.466068,1922.41,4124.74,0.0,0.0,0.817,1.75296,0.0,1,0.0030569064,0.2948110864,0.29959354973946,Train
LURRIA_clean,22.37295,9.74126,15.85817,0.406542,1874.4,4610.6,0.0,0.0,0.8348,2.05341,0.0,1,0.0028839741,0.3119370344,0.284099788324126,Test
LUTZEH_clean,27.97153,12.56634,27.97011,0.560816,1424.55,2540.14,0.0,0.0,0.8216,1.46501,0.0,1,0.001622949,0.1650631314,0.1639364573165191,Test
LUWMUN_clean,10.57457,7.88389,10.57457,0.724012,2075.47,2866.63,0.0,0.0,0.7454,1.02954,0.0,1,0.0025033365,0.2542889222,0.24954830965936128,Train
LUWNAU_clean,10.46973,7.87545,10.46973,0.738468,2086.61,2825.59,0.0,0.0,0.7458,1.00993,0.0,1,0.0025801872,0.2551774941,0.25310373788198504,Test
LUXFEQ_charged,19.48964,6.95947,19.01833,0.883977,1734.47,1962.13,12.3053,13.9204,0.6898,0.780337,0.0,0,0.0019456717,0.1906424144,0.18774695948822656,Test
LUYBIS_clean,8.64392,7.56813,8.64392,1.32804,1594.81,1200.87,0.0,0.0,0.5826,0.438691,0.0,1,0.0063052975,0.523040398,0.5389373632779001,Train
MAJJUF_clean,9.38886,6.3118,6.70875,0.66218,2520.92,3807.0,0.0,0.0,0.7062,1.06648,0.0,1,0.0021863797,0.219486296,0.22153056953711348,Test
MAMVED_charged,8.37964,4.34396,8.24742,1.02359,1533.32,1497.98,0.0,0.0,0.589,0.575426,0.0,1,0.0027040553,0.2532692169,0.2548618518318822,Test
MAQMEZ_clean,6.07852,4.93483,6.07852,1.10025,1440.15,1308.92,0.0,0.0,0.5372,0.488252,0.0,1,0.0053324429,0.4840747146,0.48177345398257443,Train
MIBQAR16_clean,15.00006,7.9611,15.00006,0.597056,2195.04,3676.45,0.0,0.0,0.8098,1.35632,0.0,0,0.002102327,0.2071482035,0.21523755142236714,Test
MIMSIM_clean,10.75813,9.26028,10.75813,1.01792,1232.26,1210.56,0.0,0.0,0.595,0.584524,0.0,1,0.0037714021,0.3106848971,0.32351728033036253,Train
MIZPUI_clean,11.48015,5.54799,11.48015,0.751265,2238.05,2979.04,0.0,0.0,0.6966,0.927235,0.0,1,0.0040336039,0.3827935608,0.37868096790155,Test
MODNIC_clean,5.24657,3.69518,4.6388,1.35865,1975.58,1454.07,0.0,0.0,0.6774,0.498582,0.0,1,0.0008129715,0.078638279,0.08241549290315212,Train
MOKVOZ_clean,13.24903,6.01162,13.24903,0.724616,2572.52,3550.19,0.0,0.0,0.738,1.01847,0.0,1,0.0050606229,0.4757453752,0.47478289447655564,Train
MOXBOS_clean,8.77455,8.32709,8.77455,1.39055,1211.67,871.361,0.0,0.0,0.542,0.389775,0.0,1,0.0008851443,0.0900016046,0.08751845172570002,Train
MOXPAR_clean,4.2596,3.69956,3.91407,1.28668,325.715,253.143,152.721,118.694,0.493,0.383155,0.0,1,0.0113704695,0.7555397933,0.7580871938534219,Train
MOYZIK_clean,11.27166,9.72629,11.27166,0.630203,2036.29,3231.16,0.0,0.0,0.7776,1.23389,0.0,1,0.0040122852,0.382416198,0.3794343664748148,Test
MUGXIX_clean,6.18311,3.84627,6.03204,1.11722,1799.74,1610.9,0.0,0.0,0.5848,0.523441,0.0,1,0.0045838407,0.4352088597,0.43119550219892877,Test
MUKQUG_clean,11.37507,4.46993,11.2947,0.820023,2214.4,2700.41,0.0,0.0,0.683,0.832903,0.0,1,0.0053994488,0.5038520922,0.4850502463009959,Test
MUKRAN_clean,10.80355,3.74031,10.80323,0.902018,2107.1,2335.99,0.0,0.0,0.6572,0.728588,0.0,1,0.0053699858,0.4760750274,0.4759205849954058,Train
MULXUO_clean,5.63973,4.20214,5.63973,1.33333,1496.0,1122.0,0.0,0.0,0.5418,0.40635,0.0,1,0.003185935,0.3034168645,0.30106307718148934,Train
MUTCEL_clean,5.85951,3.93163,5.85747,0.998165,1648.55,1651.58,0.0,0.0,0.5924,0.593489,0.0,1,0.0028485109,0.2851803041,0.2763312250157527,Test
MUVJAP_clean,5.84101,5.24434,5.82161,1.88151,1162.86,618.045,0.0,0.0,0.4892,0.260004,0.0,1,0.0027975586,0.2591615315,0.26338962065724303,Train
MUZKEZ_clean,17.52243,13.2696,17.52243,0.353615,1734.78,4905.83,0.0,0.0,0.8448,2.38904,0.0,1,0.0037749998,0.3703295036,0.35428410464417254,Test
NAHHOW_clean,11.20913,5.76802,11.20913,0.762768,2433.01,3189.71,0.0,0.0,0.7328,0.960711,0.0,1,0.0041917921,0.4039302913,0.4006952319344413,Test
NANPUN_clean,6.54289,4.24913,6.41069,1.18041,2725.22,2308.7,0.0,0.0,0.7086,0.600298,0.0,1,0.0009166503,0.0911844164,0.0927635111522265,Train
NATHOI_clean,8.63265,8.31738,8.63265,0.954966,1909.82,1999.88,0.0,0.0,0.6476,0.678139,0.0,0,0.0091628418,0.8057983035,0.815136101160228,Train
NATXOW_clean,6.27753,3.98136,5.70385,2.37062,1034.62,436.436,0.0,0.0,0.5084,0.214459,0.0,1,0.0007672139,0.0747999269,0.07208882953700277,Train
NAYHAY_clean,9.43032,7.54222,9.43032,1.04574,1938.97,1854.15,0.0,0.0,0.6636,0.634572,0.0,1,0.0014653671,0.1464617883,0.1464001804398969,Train
NEBYOK_clean,5.47437,4.15922,5.45635,1.58777,611.158,384.916,0.0,0.0,0.467,0.294124,0.0,1,0.0012753599,0.121021871,0.12047893421206732,Train
NEDLOZ_clean,5.19157,3.5955,4.37454,1.44817,1020.62,704.764,0.0,0.0,0.4738,0.327171,0.0,0,0.0221306225,1.2800713333,1.2930402243695562,Train
NIKHAS_clean,5.15286,4.051,5.1389,1.29378,835.081,645.456,0.0,0.0,0.4744,0.366676,0.0,0,0.0034432408,0.3158909016,0.3155451992686017,Test
NIRFIE_clean,4.91681,4.19541,4.74683,1.50398,326.541,217.118,372.303,247.545,0.4758,0.316361,0.0,1,0.0049619301,0.3722380496,0.380837239724507,Train
NODKEX_clean,5.07245,4.30959,5.07245,1.09741,1894.95,1726.75,0.0,0.0,0.5778,0.526513,0.0,0,0.0033186475,0.3339099008,0.319254627632347,Train
NODKIB_clean,5.63153,3.9554,5.61978,1.17451,1015.77,864.844,0.0,0.0,0.5246,0.446654,0.0,0,0.0047457284,0.4139021777,0.42267390177645936,Train
NOMPOW_clean,10.08543,5.68643,10.01287,0.89499,1881.89,2102.69,0.0,0.0,0.632,0.706153,0.0,1,0.0024140249,0.2457830069,0.23792784097585268,Train
NUCPIM_clean,6.80799,4.4618,6.75728,1.08855,2111.95,1940.16,0.0,0.0,0.652,0.598964,0.0,1,0.006189582,0.6090276331,0.5898768493812454,Train
NUDLAB_clean,6.59183,6.26977,6.57302,1.22444,1079.67,881.768,0.0,0.0,0.531,0.433667,0.0,1,0.0019865784,0.1917039255,0.19107378028658034,Test
NUDLEF_clean,8.75721,7.78778,8.74627,1.19678,1224.87,1023.47,99.9871,83.5467,0.567,0.473771,0.0,1,0.0018505225,0.1754423753,0.18080294863820334,Train
NUSXEG_clean,23.63664,14.31993,19.5758,0.701228,1663.19,2371.82,0.0,0.0,0.827,1.17936,0.0,1,0.0017351491,0.1652596221,0.17173583409170623,Train
NUTQEZ_clean,11.70306,8.32124,11.70306,0.764211,2296.31,3004.82,0.0,0.0,0.7326,0.958635,0.0,1,0.0028747981,0.2777817294,0.2792752154026928,Train
NUVWIL_clean,8.81743,7.63214,8.81743,1.35967,1158.46,852.011,0.0,0.0,0.5786,0.425543,0.0,1,0.0005510735,0.0534607095,0.055538370411284094,Train
NUVXUZ_clean,23.89274,9.6738,23.89274,0.500285,1776.43,3550.84,0.0,0.0,0.8514,1.70183,0.0,1,0.0015299565,0.1529849189,0.157182466707041,Train
NUZCIV_clean,7.57732,5.39606,7.57711,1.85198,785.332,424.05,0.0,0.0,0.38,0.205186,0.0,0,0.0019278964,0.1801438079,0.18032041835089996,Train
OCILEU_clean,4.58414,3.42916,4.57221,1.15745,652.399,563.652,0.0,0.0,0.5004,0.43233,0.0,1,0.0040324822,0.3708869891,0.37007941445095915,Train
OCIZAD_clean,5.25446,4.2672,5.25048,1.11639,1457.42,1305.47,0.0,0.0,0.522,0.467577,0.0,1,0.0025940263,0.2513894754,0.25010909720901886,Test
OCUMUX_clean,5.1192,3.7079,5.1192,1.29581,1317.84,1017.0,0.689155,0.531833,0.5164,0.398515,0.0,1,0.0019955731,0.1946082493,0.19040812996645065,Test
OCUPOS_clean,4.38921,3.97026,4.38921,1.66698,711.745,426.966,0.0,0.0,0.445,0.266949,0.0,1,0.0052798371,0.4646215071,0.4527154797329185,Test
OCUTAI_clean,4.9495,3.52882,4.91814,1.71859,1100.33,640.251,0.0,0.0,0.4958,0.288493,0.0,1,0.0030727086,0.2784828742,0.28531045379506215,Test
ODIXIK_clean,6.81688,4.29892,6.81439,1.49389,849.77,568.828,302.861,202.732,0.5408,0.362007,0.0,1,0.0029079547,0.2700173781,0.26246909347468,Test
OFAMUF_clean,5.59939,4.02992,5.59939,1.54548,471.321,304.968,0.0,0.0,0.3828,0.247691,0.0,1,0.001161172,0.1127598567,0.10787263511425596,Train
OFODAP_clean,8.07131,6.70372,8.06884,0.841125,2495.1,2966.38,0.0,0.0,0.7398,0.879537,0.0,1,0.0020813503,0.2094968139,0.21004661924792023,Train
OFORUX_clean,5.53845,5.06291,5.53845,1.56223,562.431,360.018,0.0,0.0,0.406,0.259885,0.0,1,0.0017181029,0.1498468952,0.1572514901310634,Test
OHOLIH_clean,5.70904,5.21205,5.70809,1.26984,1449.53,1141.51,0.0,0.0,0.5328,0.419581,0.0,0,0.0046448172,0.4195834781,0.4221235114657269,Train
OJIWEK_clean,5.59427,3.7203,5.58851,1.22195,1633.54,1336.83,0.0,0.0,0.5402,0.442081,0.0,0,0.0076676087,0.6528171009,0.6730994488580336,Train
OLODEA_clean,10.40329,4.10605,10.37784,1.07199,1355.57,1264.53,0.0,0.0,0.5958,0.555788,0.0,0,0.0019906368,0.1940915664,0.18957455825261688,Train
OMUMEQ_clean,6.91715,4.85787,6.80515,1.20639,1419.32,1176.5,0.0,0.0,0.5452,0.451927,0.0,1,0.0035098675,0.3232566757,0.3286182858902214,Test
OMUMIU_clean,6.8237,5.05077,6.8237,1.16475,1401.88,1203.6,0.0,0.0,0.5646,0.484741,0.0,1,0.0040464007,0.3511612259,0.36779135198244256,Train
ONUJUE_clean,9.03257,8.2459,9.03257,1.20375,1198.02,995.242,19.6744,16.3443,0.5232,0.434643,0.0,1,0.003304831,0.3256702356,0.29851719237159136,Test
OPAHIY_clean,10.04486,7.28733,8.32739,1.10725,1597.55,1442.8,0.0,0.0,0.6074,0.548566,0.0,1,0.0039125483,0.3519265995,0.35874729295064994,Train
OQUFAJ01_clean,11.08356,10.07272,11.08356,1.04241,2157.14,2069.38,0.0,0.0,0.6704,0.643125,0.000575589,1,0.0020846425,0.2130577591,0.21085413640421663,Train
OQUFAJ03_clean,11.0199,9.96279,11.0199,1.02397,2131.01,2081.12,2.80083,2.73525,0.6704,0.654704,0.000390635,1,0.0019409527,0.1992327478,0.19224547929883407,Train
OQUFIR_clean,11.25706,10.64391,11.25706,1.25158,1683.65,1345.22,0.0,0.0,0.6192,0.494733,0.000319595,1,0.0030449029,0.2780428909,0.28005424718371097,Train
OSOTIB_clean,11.1654,5.76413,11.16529,0.768695,2412.13,3137.96,0.0,0.0,0.7286,0.947841,0.0,1,0.0038314685,0.3872819873,0.3612593973894415,Test
OTOYUT_clean,6.74306,5.75371,6.74306,0.976347,2190.17,2243.23,0.0,0.0,0.6418,0.657348,0.0,0,0.0125923422,1.017736846,1.0140058879206872,Train
OTOZAA_clean,6.85219,5.8161,6.82993,0.945875,2241.09,2369.33,0.0,0.0,0.6656,0.703687,0.0,0,0.0083032718,0.7130197369,0.7196770782633624,Train
OVADAR_clean,5.1368,3.79878,5.1368,1.2109,986.179,814.421,0.0,0.0,0.4988,0.411926,0.0,1,0.0070723195,0.6043513145,0.6145920978882795,Train
OVIWOG_clean,6.17675,3.66385,6.16217,3.86628,1048.57,271.209,3.67271,0.949935,0.4996,0.12922,0.0,1,0.0004259361,0.0423426403,0.03983529576559253,Train
OVUVIL_clean,7.08548,5.40816,7.07157,1.2293,1842.78,1499.05,0.0,0.0,0.602,0.48971,0.0,1,0.0068715061,0.6337212643,0.6263450582202463,Train
OXAMEG_clean,5.69878,4.15176,5.69426,1.30487,1528.5,1171.39,0.0,0.0,0.5762,0.441578,0.0,1,0.0031533034,0.2947418543,0.3001174878272797,Test
OXANOR_clean,6.07888,4.64465,6.07888,1.08032,1892.14,1751.47,0.0,0.0,0.5974,0.552986,0.0,1,0.0045494726,0.422583164,0.4287839103548863,Test
OYAKAC02_clean,10.84931,8.93162,10.8375,1.42421,1898.38,1332.94,0.0,0.0,0.6618,0.464679,0.000140429,1,0.0027531685,0.2614542113,0.2614598373905403,Train
OZASOZ_clean,12.0686,4.7874,12.0686,0.713789,1872.2,2622.9,0.0,0.0,0.6712,0.940333,0.0,1,0.0030185703,0.297114243,0.2958913665155823,Test
PALTIH_clean,11.04439,8.71548,11.04439,0.72332,1810.35,2502.84,0.0,0.0,0.6956,0.961677,0.0,1,0.0018240573,0.1808308475,0.18305575019023157,Train
PAQMAY_clean,16.51036,13.08019,16.51036,0.865049,1760.16,2034.75,0.0,0.0,0.7388,0.854055,0.0,1,0.0021169858,0.193543679,0.212481085487561,Test
PAQTIM_clean,5.2151,3.68936,5.21444,1.57762,664.94,421.484,0.0,0.0,0.4366,0.276747,0.0,1,0.002748964,0.2430516987,0.24757294483153472,Test
PAQTOS_clean,5.12845,3.67184,5.12666,1.49187,656.885,440.311,0.0,0.0,0.4242,0.284342,0.0,1,0.0030008128,0.2678781054,0.2651298040149128,Test
PEKVUY_clean,5.42809,3.78005,5.42809,2.82711,1122.0,396.872,0.0,0.0,0.4876,0.172473,0.0,1,0.0026405112,0.2467546742,0.2433652053110075,Test
PEMGEV_clean,5.81147,5.44043,5.81147,1.41497,1048.95,741.327,0.0,0.0,0.4866,0.343895,0.0,1,0.0043007004,0.3873529993,0.3862151979231856,Test
PENNIH_clean,6.3502,4.1996,4.94284,1.08381,1502.1,1385.95,0.0,0.0,0.547,0.504702,0.0,0,0.0028280991,0.2662529885,0.2702543431884806,Train
PEQTUB_clean,4.3806,3.6645,4.37038,2.70729,829.179,306.276,0.0,0.0,0.5018,0.185351,0.0,1,0.0016965349,0.1648703187,0.16448951518500476,Test
PETWES_clean,8.84744,7.28374,8.84744,0.910066,1853.32,2036.47,138.745,152.456,0.6838,0.751374,0.0,1,0.0089365169,0.8415255698,0.8447651600739655,Train
PETWIW_clean,8.64175,7.19008,8.64175,0.936726,1743.28,1861.03,108.799,116.148,0.6724,0.717819,0.0,1,0.00848244,0.8172098756,0.8069941942464628,Train
PETWUI_clean,10.45034,5.06084,10.45034,1.57916,2084.61,1320.07,0.0,0.0,0.6474,0.409964,0.000253299,0,0.0092843988,0.7955053221,0.7897229720933516,Train
PETXAP_clean,13.99523,6.27881,13.98885,1.13186,2079.02,1836.82,0.0,0.0,0.712,0.629056,0.00123691,0,0.0026804165,0.2577308169,0.2559267297246587,Train
PIBPAS_clean,10.02705,9.63343,10.02705,0.905218,1687.34,1864.01,0.0,0.0,0.6458,0.71342,0.0,1,0.0018791187,0.1809358001,0.18540671219663832,Test
PIDNEX_clean,15.32333,11.13291,15.32333,0.488773,1874.4,3834.91,0.0,0.0,0.8254,1.68872,0.0,0,0.0026514507,0.2742504253,0.26337971110626845,Test
PIVBEC_clean,13.77076,8.56536,13.77076,0.777047,2136.37,2749.35,0.0,0.0,0.75,0.965193,0.0,1,0.0040080936,0.3822595434,0.37484352323795217,Test
POBGAQ01_clean,13.29282,10.46232,13.28611,0.466279,1667.35,3575.87,0.0,0.0,0.769,1.64923,0.0,0,0.0023219158,0.2282205556,0.233034605989384,Test
POBGAQ_clean,12.10195,9.86984,11.94213,0.53152,1907.5,3588.78,0.0,0.0,0.7308,1.37493,0.0,0,0.0026053276,0.2481801042,0.25363203633094844,Train
POBJIB_clean,4.44888,3.51511,4.44772,1.47992,991.094,669.692,0.0,0.0,0.5136,0.347045,0.0,1,0.0146798973,1.1320865733,1.1191745487087923,Train
POCRAB_clean,5.23607,3.48613,5.20368,1.30167,934.815,718.167,0.0,0.0,0.481,0.369526,0.0,1,0.0015258655,0.1450485222,0.14599175523848978,Train
PUBROU_clean,10.98616,5.10232,10.98616,0.916508,2445.22,2667.98,0.0,0.0,0.701,0.76486,0.0,0,0.0070542329,0.6195594987,0.6235633097329398,Train
PUBSAH_clean,11.33641,4.82375,11.33641,0.84337,2328.1,2760.47,0.0,0.0,0.7052,0.836169,0.0,1,0.0036643707,0.3512715896,0.3451796770807211,Test
PUBSEL_clean,11.39413,4.45603,11.39395,0.823222,2176.06,2643.34,0.0,0.0,0.6782,0.823836,0.0,1,0.0048664605,0.4566826786,0.4379032936294754,Test
PUBSIP_clean,11.35974,4.90438,11.35974,0.939411,2072.64,2206.31,0.0,0.0,0.6858,0.730032,0.0,1,0.0035593324,0.3278281099,0.3294936441782906,Test
PUBSOV_clean,12.29772,4.40701,12.29772,1.06558,1807.75,1696.49,0.0,0.0,0.6366,0.597423,0.0,1,0.0100067056,0.8048086137,0.8026647122919675,Train
PUCKUV_clean,5.10039,3.48814,5.04421,1.9845,773.41,389.725,0.0,0.0,0.4536,0.228571,0.0,0,0.003067273,0.2810677656,0.2738748135948599,Train
PUMGIP_clean,5.7453,3.83462,5.73601,1.16695,456.507,391.195,576.227,493.787,0.5048,0.432579,0.0,1,0.0038062077,0.3367317431,0.33147311384664224,Test
PUSSEC_clean,6.42822,3.88531,6.41292,2.06161,780.57,378.621,69.1973,33.5646,0.4744,0.230111,0.0,1,0.000874336,0.0808788215,0.08281466938544066,Test
PUWCEP_charged,6.00039,4.10193,6.00039,1.57884,1847.37,1170.08,0.0,0.0,0.5658,0.358365,0.0,0,0.013132713,1.0538430118,1.0566363710757085,Train
PUWCIT_clean,9.4503,8.03208,9.44131,0.783125,2001.73,2556.08,0.0,0.0,0.6954,0.88798,0.0,1,0.0023624216,0.2324509,0.23519226603118176,Test
QAMHAQ_clean,7.11373,6.811,7.11373,1.26887,1254.11,988.366,0.0,0.0,0.5466,0.430777,0.0,0,0.0087194636,0.720776058,0.735195729008682,Train
QAMLEY_clean,11.14892,6.14756,10.82233,0.696915,2278.27,3269.08,0.0,0.0,0.7598,1.09023,0.0,0,0.0031180011,0.3048956796,0.3027969222685229,Test
QAPPON_clean,4.75518,3.45443,4.66797,1.42132,625.227,439.891,255.697,179.901,0.5156,0.362761,0.0,1,0.0032154908,0.2996386488,0.29724278138462146,Train
QAVPOU_clean,8.34511,7.17292,8.34511,2.09717,1140.47,543.814,47.5156,22.657,0.5374,0.25625,0.0,1,0.0273601967,1.1812395096,1.1892890501606326,Train
QILBUK_clean,12.94588,7.66866,12.94473,0.72242,1683.33,2330.13,0.0,0.0,0.6926,0.958722,0.0,1,0.0027529632,0.2792717831,0.27266054968276093,Train
QIWHEL_clean,6.23289,3.57497,6.23289,1.40383,1318.74,939.391,0.0,0.0,0.5748,0.409452,0.0,1,0.0034173496,0.3051356262,0.3173448803080263,Train
QIWQES_clean,6.44452,4.39633,6.26218,0.848839,2656.63,3129.72,0.0,0.0,0.6752,0.795439,0.0,1,0.0036441829,0.3485684178,0.35588129644953387,Train
QIYDAF01_clean,22.00141,13.57926,22.00141,0.303251,1702.79,5615.12,0.0,0.0,0.8664,2.85704,0.0,1,0.0028046718,0.2721775883,0.2807397088216745,Test
QOGPIM_clean,12.64784,4.86083,12.64784,0.990851,1164.4,1175.15,1.09776,1.1079,0.5774,0.582731,0.0,0,0.0022292058,0.1983915124,0.205542395100728,Test
QOTHOY_clean,6.37058,3.75017,6.31599,1.47166,1046.29,710.962,0.0,0.0,0.4758,0.323309,0.0,1,0.0053040468,0.4502367262,0.45183996608903965,Train
QUNMUI_clean,6.44373,4.70368,6.44373,1.54037,1273.49,826.743,0.471228,0.30592,0.5596,0.36329,0.0,0,0.0008370323,0.0815634582,0.08257734185616902,Test
QUQGEP_neutral,5.04832,3.46231,5.04832,1.78813,230.047,128.652,0.0,0.0,0.3434,0.192044,0.0,0,0.0002406452,0.0214284043,0.02272563177127762,Train
QUQPIC_clean,5.97035,4.19261,5.97035,0.838148,2340.51,2792.47,0.0,0.0,0.6598,0.787211,0.0,0,0.0035695309,0.3464950879,0.34824503591670636,Test
QUQQOJ_clean,4.48385,3.90246,4.48385,1.73709,680.126,391.531,0.0,0.0,0.355,0.204365,0.0,0,0.0035849529,0.3055838216,0.29715188705510237,Test
QUQZOS_clean,6.02265,4.01043,6.02265,1.66025,709.739,427.49,0.0,0.0,0.3766,0.226834,0.0,0,0.0336635049,1.2105777207,1.2155053853613018,Train
QUSSAA_clean,4.78,3.54213,4.78,1.57799,239.569,151.819,1.50875,0.956125,0.405,0.256656,0.0,1,0.0014155371,0.1222892086,0.12421599675219466,Train
QUSSOO_clean,4.55358,3.93395,4.55358,1.57579,234.822,149.019,76.9833,48.8538,0.4096,0.259933,0.0,1,0.0034068826,0.2572399925,0.26486393667648384,Train
QUTDAM_clean,11.27758,5.77514,11.27758,0.754326,2377.38,3151.67,0.0,0.0,0.7286,0.965895,0.0,1,0.0039545656,0.3700282535,0.36947922016469914,Test
RACZIG_clean,5.83718,5.07634,5.83718,1.54054,902.956,586.13,0.0,0.0,0.4802,0.311709,0.0,0,0.0018639716,0.170779622,0.17013191943983735,Test
RAHPAT_clean,17.3936,6.5256,17.3936,0.714443,2314.93,3240.19,0.0,0.0,0.7448,1.04249,0.0,1,0.0039190014,0.3782191278,0.37079844590849603,Test
RANCEQ_clean,14.1625,12.23837,14.01017,0.445038,1622.66,3646.11,0.0,0.0,0.8192,1.84074,0.0,0,0.0020024855,0.2158656973,0.20422595233630442,Train
RAXBOJ_clean,5.29579,3.70027,5.04153,2.43966,1096.49,449.444,0.0,0.0,0.4662,0.191092,0.0,1,0.0006785085,0.0653343397,0.06811044058494078,Train
RAZXIA01_clean,4.8504,3.67082,4.8504,1.69205,830.274,490.692,0.0,0.0,0.422,0.249402,0.0,1,0.0004318582,0.0445808926,0.04533891042377039,Train
REHHET_clean,8.42834,7.30081,8.42834,1.12746,2081.49,1846.18,0.0,0.0,0.6604,0.585741,0.0,1,0.0045177106,0.4159749092,0.4182596756581052,Train
REHHIX_clean,9.35675,7.76923,9.35675,1.01818,2023.43,1987.3,0.0,0.0,0.682,0.669824,0.0,1,0.0029416522,0.2770524262,0.280863373444762,Test
REHHUJ_clean,8.23485,7.33998,8.22968,1.08218,2034.99,1880.45,0.0,0.0,0.6656,0.615052,0.0,1,0.0035515964,0.3304469487,0.3331947430806321,Train
REJLOI_clean,6.4215,4.94372,6.4215,1.82045,781.409,429.241,62.0655,34.0935,0.4872,0.267627,0.0,0,0.0801289979,1.8923546096,1.8934373203582242,Train
REKZIR_clean,4.70593,3.52651,4.70593,1.57273,262.668,167.014,0.0,0.0,0.3982,0.25319,0.0,0,0.0007160947,0.0629477915,0.06309051444988117,Train
RELLAW_clean,7.25508,5.59885,7.25181,0.896016,2107.41,2351.98,0.0,0.0,0.6198,0.691729,0.0,0,0.0035849178,0.3542408816,0.34534328298319483,Test
RESDUQ_clean,9.24485,8.42275,9.24485,0.921133,2004.83,2176.48,0.0,0.0,0.7082,0.768836,0.0,1,0.0022285065,0.220255231,0.21640033643407453,Train
RESZIA_clean,7.48231,5.79274,7.48231,1.22218,1603.95,1312.37,0.0,0.0,0.5772,0.472271,0.0,0,0.0050466753,0.4656157219,0.46699657700941555,Train
RETVIW_clean,4.7226,4.53264,4.7226,2.05578,528.256,256.961,0.0,0.0,0.3428,0.166749,0.0,0,0.0024820246,0.207633965,0.20607843415609509,Train
REXGAE_clean,16.86752,8.38436,16.86674,0.654639,2227.03,3401.91,0.0,0.0,0.7522,1.14903,0.0,0,0.0046756064,0.455538352,0.4425293487437515,Test
RIRDIH_clean,8.39897,4.41455,7.24132,1.53561,1235.4,804.498,0.0,0.0,0.537,0.349697,0.0,1,0.0024323562,0.2308963068,0.2299896522808938,Test
RITGEI_clean,7.34363,6.78558,7.34363,2.03979,1347.27,660.495,0.0,0.0,0.5606,0.274833,0.0,1,0.0006128249,0.0610567501,0.062259611535349146,Train
RITGUY_clean,7.95322,7.17933,7.95063,2.27911,1239.6,543.896,0.0,0.0,0.5128,0.225,0.0,1,0.0007078118,0.0700227381,0.06935117371707894,Train
RIWNAO_clean,9.73357,7.77994,9.73357,1.04203,1469.46,1410.19,0.0,0.0,0.5926,0.568698,0.0,1,0.001624569,0.1538448849,0.15662701874867607,Test
ROBYOY_clean,6.03272,4.74397,6.03272,1.27285,1432.72,1125.6,0.0,0.0,0.533,0.418745,0.0,1,0.0129788264,0.9806252356,0.9831232408086553,Train
ROMMAJ_clean,10.96057,3.9466,10.96057,0.96925,2139.32,2207.19,0.0,0.0,0.6522,0.672892,0.0,1,0.0053897772,0.4742119154,0.48179009765295,Train
RONSOE_clean,5.16012,4.53444,5.16012,1.3403,741.014,552.871,0.0,0.0,0.4724,0.352458,0.0,1,0.0040606145,0.3407802527,0.3591737913179985,Test
RUBTAK04_clean,8.73929,3.8669,8.73929,1.62446,1658.83,1021.16,0.0,0.0,0.5686,0.350023,0.000123118,0,0.0050858383,0.4315272191,0.44073920645119924,Test
RUBTAK06_clean,8.7342,3.8432,8.7342,1.62392,1647.74,1014.66,0.0,0.0,0.5664,0.348785,0.000123158,0,0.0052313323,0.4305625152,0.4509670902919425,Test
RUBTAK07_clean,8.72079,3.85677,8.72079,1.62392,1649.19,1015.56,0.0,0.0,0.5662,0.348662,0.000123158,0,0.0049862144,0.4306986919,0.42101876114634673,Test
RUBTAK08_clean,8.7506,3.87613,8.7506,1.62628,1652.91,1016.38,0.0,0.0,0.5644,0.347051,0.00012298,0,0.0050743708,0.4324818888,0.4410722685843512,Train
RUBTAK09_clean,8.7392,3.86679,8.7392,1.61914,1660.3,1025.42,0.0,0.0,0.5678,0.35068,0.000123522,0,0.005035668,0.434988972,0.42525245814995677,Test
RUFPUF_clean,20.40507,9.35997,20.29085,0.359492,1749.6,4866.88,0.0,0.0,0.8282,2.30381,0.0,1,0.0025449909,0.2316796355,0.25578626438748997,Test
RUFZOJ_clean,11.51038,11.00419,11.51038,0.791669,2046.48,2585.02,0.0,0.0,0.7196,0.908965,0.0,1,0.0023644237,0.2194347099,0.2346864208534671,Test
RUMWUS_clean,6.20107,4.39757,6.00946,1.10502,1320.66,1195.15,0.0,0.0,0.5634,0.509854,0.0,1,0.006285316,0.5579694024,0.5552606973443396,Train
SABFUX_clean,6.52911,4.84223,6.42802,0.711336,2529.9,3556.55,0.0,0.0,0.724,1.0178,0.0,0,0.0019761815,0.1965546476,0.1930931678199982,Train
SAJHUJ_clean,6.4139,3.72776,6.34123,1.44908,755.301,521.226,133.822,92.3491,0.5074,0.350152,0.0,0,0.0055587919,0.4607080946,0.4501140072019798,Train
SAJRAW11_clean,6.97897,5.6407,6.97897,1.04077,2621.69,2519.0,0.0,0.0,0.728,0.699485,0.0,0,0.0010444867,0.1035311411,0.10707425823992917,Train
SAKNOJ_clean,15.48179,8.59456,15.48179,0.827341,1070.73,1294.18,649.279,784.778,0.7024,0.848985,0.0,1,0.0030454273,0.3057917778,0.3027979555587732,Train
SALROO_clean,8.67978,6.03579,8.67978,1.44387,1169.53,809.996,0.0,0.0,0.528,0.365683,0.0,0,0.0053961543,0.4386517753,0.4669673412268647,Test
SALRUU_clean,5.91203,3.84839,5.91203,1.89218,897.906,474.535,26.6841,14.1023,0.5394,0.285068,0.0,1,0.0023086843,0.2070611501,0.21275607146092765,Test
SAMVIO_clean,7.6401,7.16451,7.6401,1.03687,1572.96,1517.02,0.0,0.0,0.6052,0.583678,0.0,0,0.0024134522,0.2362814759,0.2392434348916166,Train
SAPHOI_clean,7.22635,3.6325,7.22635,1.12288,1450.11,1291.42,116.271,103.547,0.6152,0.547876,0.0,1,0.0052446512,0.4940500648,0.4897812422305577,Train
SARPIL_clean,6.09702,4.59857,6.00864,0.925107,3214.55,3474.79,0.0,0.0,0.7256,0.784342,0.0,1,0.0041422256,0.4065156493,0.4046249558202802,Test
SEHMUO_clean,5.30907,3.99675,5.30907,1.52316,1317.75,865.142,3.37005,2.21254,0.567,0.372253,0.0,1,0.000604026,0.0590793854,0.06379543893179498,Test
SEHNEZ_clean,5.25288,3.93402,5.25288,1.60089,1259.27,786.607,0.906546,0.566275,0.553,0.345433,0.0,1,0.0007421425,0.0720076749,0.07607235308225327,Test
SENQAE_clean,3.72532,3.51549,3.72532,2.76591,299.271,108.2,0.0,0.0,0.4234,0.153078,0.0,1,0.0379461002,1.5154785597,1.5132603671327742,Train
SENWAL_clean,8.65122,7.37341,8.63714,0.731865,2340.33,3197.76,0.0,0.0,0.7808,1.06686,0.0,1,0.001864884,0.1861431671,0.18529588632909252,Test
SENWIT_clean,8.52908,6.49629,8.43809,0.783284,2511.4,3206.24,0.0,0.0,0.7642,0.975636,0.0,1,0.0019203682,0.1918765296,0.18796720509186213,Test
SENWOZ_clean,8.93321,7.13554,8.85614,0.743064,2382.53,3206.36,0.0,0.0,0.7776,1.04648,0.0,1,0.0019296155,0.1878940004,0.18832067882645342,Test
SERKEG_clean,9.10178,8.52081,9.10178,1.31251,1251.72,953.685,0.0,0.0,0.55,0.419045,0.0,0,0.0011304607,0.1099680601,0.1118550851265192,Test
SERWIX_clean,5.07507,4.00874,5.06633,0.83188,1576.83,1895.5,14.3781,17.2839,0.6032,0.725105,0.0,1,0.0053987963,0.5123454286,0.5063953756959947,Test
SESLUZ_clean,5.3028,4.79056,5.23858,2.17471,1211.49,557.081,0.0,0.0,0.5374,0.247113,0.0,1,0.0029089196,0.2635731466,0.26465548188676585,Test
SEZPIY_clean,4.97649,3.71436,4.80086,1.82817,1160.84,634.973,0.0,0.0,0.5496,0.300629,0.0,0,0.0064947797,0.5431667216,0.5532472485789073,Test
SINLAE_clean,6.69716,5.18096,6.69716,1.19378,889.708,745.285,0.0,0.0,0.5462,0.457538,0.0,1,0.0018074543,0.170496235,0.17069572343289713,Test
SIVGAH_clean,5.64759,3.74556,5.63124,1.14128,1695.81,1485.89,0.0,0.0,0.6038,0.529056,0.0,0,0.0038078331,0.3694686058,0.3605426375509658,Train
SOKXOH_clean,22.96741,14.74434,21.68942,0.423627,1862.02,4395.43,0.0,0.0,0.8094,1.91064,0.0,1,0.0029032102,0.2790422846,0.2820288191741726,Train
SOPLIU_clean,8.00418,6.00384,7.95536,0.793634,2093.66,2638.07,0.0,0.0,0.6836,0.861354,0.0,1,0.0027987303,0.2857336236,0.2813311587424692,Train
SUNLAP_clean,15.71173,14.36824,15.70209,0.304225,1659.94,5456.29,0.0,0.0,0.8758,2.87879,0.0,1,0.0030189848,0.3009059177,0.29746417268390285,Train
SUPQAW_clean,12.03938,6.80096,12.03938,0.533609,2437.56,4568.06,0.0,0.0,0.7952,1.49023,0.0,1,0.0028098617,0.2773742659,0.28344321005272394,Test
SURHEU01_clean,8.7439,3.85039,8.7439,1.61905,1664.15,1027.86,0.0,0.0,0.5698,0.351935,0.000123529,0,0.0050922888,0.4359393415,0.4405424677873826,Train
SURHEU02_clean,8.70584,3.84457,8.70584,1.62392,1646.48,1013.89,0.0,0.0,0.566,0.348539,0.000123158,0,0.0050779544,0.4322582725,0.4399061104726155,Train
SURHEU_clean,8.75392,3.85708,8.75392,1.61914,1667.04,1029.58,0.0,0.0,0.569,0.351421,0.000123522,0,0.0052291821,0.4427725409,0.45241896554938554,Test
SURKUN_clean,8.75193,3.87567,8.75193,1.61914,1674.22,1034.02,0.0,0.0,0.5708,0.352533,0.000123522,0,0.0050679204,0.4372753058,0.4289394301060856,Train
TAPLED_clean,7.07448,3.50364,7.07448,0.974588,1203.79,1235.18,0.0,0.0,0.5756,0.590608,0.0,1,0.0020288126,0.1968731169,0.19773925161093078,Test
TATSAK_clean,6.11386,4.64051,6.10962,1.23527,1692.68,1370.29,0.0,0.0,0.5696,0.461113,0.0,1,0.0035754211,0.3361324337,0.338954057686459,Test
TAZLAJ_clean,11.18983,6.92715,11.18534,1.0698,2252.1,2105.17,0.0,0.0,0.7314,0.683682,0.0,1,0.0023300958,0.2213463766,0.2269931957391034,Test
TAZLEN_clean,11.08754,7.14784,11.07704,1.04748,2269.71,2166.83,0.0,0.0,0.7294,0.696338,0.0,1,0.0024495943,0.2303396568,0.23589717204132576,Test
TEPJAB_clean,6.67857,6.1782,6.67857,1.3299,1357.69,1020.89,0.0,0.0,0.5186,0.389953,0.0,1,0.0214862448,1.5589266527,1.5554840191681205,Train
TEQLIM_clean,10.57747,9.21067,10.57747,0.779734,1974.44,2532.19,79.8475,102.404,0.7166,0.919031,0.0,1,0.0030498854,0.2869472698,0.3000287030342831,Test
TEQPEM_SL,17.25569,8.09715,17.25569,0.556792,2001.58,3594.84,0.0,0.0,0.8118,1.45799,0.0,0,0.0021594582,0.2116929756,0.21578825769189275,Train
TEQVOC_clean,5.38838,3.99776,5.38838,1.49315,564.33,377.946,0.0,0.0,0.462,0.309413,0.0,1,0.0007924293,0.0803794429,0.07479477560893558,Train
TERFED_clean,4.51281,3.91001,4.51281,1.28172,1102.17,859.911,0.0,0.0,0.5092,0.397278,0.0,1,0.0040868267,0.3890805837,0.38139881029382056,Test
TILWEQ_clean,6.50092,5.08477,6.48929,1.07548,2661.96,2475.15,0.0,0.0,0.732,0.680628,0.0,1,0.0010113055,0.1063616424,0.10036151618595959,Test
TIMMEI_clean,4.14172,3.70815,4.13635,1.81907,447.316,245.904,0.0,0.0,0.3944,0.216814,0.0,1,0.0036981074,0.3067363773,0.3144705246077022,Test
TIPZOJ_clean,4.94343,3.60013,4.89104,2.53459,858.107,338.559,0.0,0.0,0.4532,0.178806,0.0,1,0.0006125556,0.06046332,0.060547568691761894,Train
TIPZUP_clean,4.42426,3.78879,4.41806,2.68502,271.798,101.228,0.0,0.0,0.3626,0.135046,0.0,1,0.0006113778,0.0560186046,0.04543145709565252,Test
TIVYAZ_clean,7.74101,6.53754,7.72929,0.889175,2037.11,2291.01,0.0,0.0,0.6704,0.753957,0.0,1,0.0022420577,0.2250858276,0.2216108128953909,Train
TOFLIL_clean,6.43035,3.58774,6.40263,1.17796,1255.08,1065.47,0.0,0.0,0.5356,0.454684,0.0,1,0.0031343113,0.2963322155,0.2956576202974553,Train
TOHDAX_clean,7.20792,4.54762,7.18428,2.94358,462.695,157.188,0.0,0.0,0.3644,0.123795,0.0,0,0.0136745537,0.4530283997,0.4507321695157796,Train
TOHZAS_clean,5.4125,3.87823,5.4125,1.2118,2026.54,1672.35,0.0,0.0,0.626,0.516588,0.0,1,0.0032697467,0.3169171156,0.3121060248050621,Test
TORXEE_clean,7.86941,5.48239,7.69217,1.35028,2044.61,1514.21,0.0,0.0,0.6322,0.468199,0.0,0,0.0254246766,1.9535141663,1.947548984009179,Train
TOTVEF_clean,6.00697,5.10202,6.00697,2.05406,380.973,185.473,0.0,0.0,0.3726,0.181397,0.0,0,0.0009338087,0.0805137896,0.0803943510432622,Test
TUWFUN_clean,8.62108,7.43537,8.53874,2.06451,1144.69,554.462,53.991,26.152,0.5416,0.262339,0.0,1,0.0292218424,1.161381521,1.156241522527271,Train
UBACUX_clean,7.27569,3.40268,7.27569,1.19506,1324.35,1108.19,0.0,0.0,0.5504,0.460564,0.0,1,0.0020435991,0.1941987713,0.20055045881885647,Train
UCAJUF_clean,14.57882,8.27004,14.57002,0.828014,1665.84,2011.86,0.0,0.0,0.6674,0.806025,0.0,1,0.0022000343,0.2214449615,0.21774824296014966,Test
UDAMET_clean,11.69192,5.63198,11.69192,1.6473,2524.33,1532.4,0.0,0.0,0.7696,0.467189,0.0,0,0.000356082,0.0372773872,0.038442913444839355,Train
UDANIY_clean,23.87987,23.45836,23.87987,0.417441,1745.24,4180.81,0.0,0.0,0.8514,2.03957,0.0,1,0.0027399701,0.2695862343,0.27081452871763556,Train
UDIQII_clean,5.3997,3.7276,5.38981,1.60552,1283.87,799.661,0.0,0.0,0.5344,0.332851,0.0,1,0.0014978279,0.1429273809,0.14300484077205872,Test
UFEXOT_clean,5.24877,5.07012,5.24877,2.41392,1168.03,483.873,0.0,0.0,0.46,0.190561,0.0,1,0.0015802671,0.1463249167,0.1526023321664246,Test
UGEMOK_clean,14.34298,9.58261,14.33743,0.489073,1953.45,3994.18,0.0,0.0,0.8062,1.64842,0.0,1,0.0027942598,0.2861491583,0.28087354224186917,Train
UJEGUL_clean,6.0532,4.88486,6.0532,1.5961,1140.46,714.525,0.0,0.0,0.4812,0.301484,0.0,1,0.0056302785,0.4867141549,0.4680842582560296,Test
UKIQUB_clean,13.62192,8.69235,13.61731,0.709108,2139.96,3017.82,0.0,0.0,0.7494,1.05682,0.0,1,0.0040679592,0.3966248093,0.39045001469890706,Test
UKOLOV_clean,5.31372,3.9852,5.29181,1.76596,1661.67,940.942,0.0,0.0,0.5196,0.29423,0.0,0,0.0070205924,0.5859431063,0.5930451136758053,Train
ULOKEN_clean,8.69136,6.12819,8.69136,1.41245,1732.73,1226.76,0.0,0.0,0.648,0.458778,0.0,0,0.0012103509,0.1219730253,0.11682745075598897,Test
ULOKOX_clean,8.64627,5.79102,8.63931,1.45123,1704.6,1174.59,0.0,0.0,0.6308,0.434666,0.0,0,0.0012268059,0.124589358,0.1211526881655382,Train
ULOKUD_clean,8.99985,5.9392,8.99985,1.59852,1738.06,1087.3,0.0,0.0,0.6478,0.40525,0.0,0,0.0013260791,0.1328610254,0.12246851375325818,Test
UMIZIB_clean,6.17523,5.02799,6.17017,1.45638,1635.51,1123.0,0.0,0.0,0.5482,0.376414,0.0,1,0.0024926824,0.2313933937,0.23943951509126407,Test
UMOYOM01_clean,8.8085,5.25892,8.77749,0.621878,2962.67,4764.07,0.0,0.0,0.7408,1.19123,0.0,1,0.0033715989,0.3300142454,0.3293152504810656,Train
UMOYOM02_clean,8.68301,5.26839,8.68301,0.613738,2959.15,4821.52,0.0,0.0,0.7366,1.20019,0.0,1,0.0034640123,0.3290692437,0.3364204570561415,Train
UMOYOM04_clean,9.1769,5.34749,9.1769,0.570426,2833.6,4967.52,0.0,0.0,0.7508,1.31621,0.0,1,0.0029742832,0.3015470319,0.30170572696839226,Train
UMOYOM09_clean,9.17279,5.31913,9.17279,0.580043,2871.76,4950.95,0.0,0.0,0.7526,1.29749,0.0,1,0.0032802794,0.3060574161,0.3201891237288597,Test
UMOYOM12_clean,10.19907,5.488,10.19907,0.599366,2923.9,4878.33,0.0,0.0,0.7518,1.25433,0.0,1,0.0035531685,0.3460533481,0.3403711735970312,Train
UMOYOM14_clean,7.70148,5.09259,6.16713,0.70962,2883.03,4062.77,0.0,0.0,0.6922,0.975452,0.0,1,0.0040728096,0.3963385399,0.3964780865951205,Train
UMOYOM15_clean,7.15478,5.03775,6.09393,0.736061,2757.31,3746.04,0.0,0.0,0.6812,0.925467,0.0,1,0.0041737884,0.3935509144,0.4001456617458379,Train
UMOYOM18_clean,7.82903,4.99743,6.01083,0.808894,2359.81,2917.33,0.0,0.0,0.6612,0.817412,0.0,1,0.0043076573,0.4290128549,0.41923112262074214,Train
UMOYOM_clean,8.83339,5.23908,8.83268,0.625162,2968.14,4747.79,0.0,0.0,0.7388,1.18177,0.0,1,0.0033537124,0.3382777928,0.32918676214115977,Train
UNACES01_clean,10.38875,3.81692,9.82399,1.06757,1652.24,1547.67,0.38238,0.358178,0.625,0.585442,0.0,0,0.0087423638,0.74900038,0.7543755148364847,Train
UNIFII_clean,17.37115,8.63776,17.37115,0.586277,2129.19,3631.71,0.0,0.0,0.7812,1.33248,0.0,0,0.0048968444,0.4711676007,0.46792004339418247,Train
UNIGEE_clean,14.93053,7.82687,14.92608,0.605547,2221.53,3668.64,0.0,0.0,0.8002,1.32145,0.0,0,0.001931868,0.2069128078,0.19562100446864167,Train
UQETOB_clean,15.46668,6.67243,15.45862,0.75459,2172.96,2879.66,0.0,0.0,0.7356,0.974835,0.0,1,0.0033384434,0.324384453,0.32015928460758414,Train
USAHAZ_clean,10.72389,9.68617,10.71468,0.687876,2071.59,3011.58,0.0,0.0,0.7326,1.06502,0.0,0,0.0029741732,0.2865857975,0.2922674307310803,Test
UTEWUM_clean,14.99321,9.89811,14.99321,0.736094,1324.75,1799.7,413.723,562.051,0.7332,0.996068,0.0,1,0.0034845459,0.3412459913,0.318604249534237,Test
UTEXAT_clean,6.27145,4.0077,6.27145,1.01791,1360.79,1336.85,112.523,110.543,0.6168,0.605948,0.0,0,0.0039758182,0.3738888914,0.3697436831060327,Test
UTULEB_clean,5.58337,4.79072,5.5596,1.57279,1503.83,956.154,0.0,0.0,0.6132,0.38988,0.0,0,0.0037485849,0.3618490387,0.3519642855818007,Train
UVEXAV_clean,4.66793,3.98237,4.65272,1.99529,1051.01,526.749,0.0,0.0,0.449,0.22503,0.0,0,0.0216518722,1.2269394257,1.2509802260527865,Train
UVUDEW_clean,6.20906,3.77817,6.20895,1.42467,471.884,331.225,0.0,0.0,0.4216,0.295929,0.0,1,0.0007407106,0.065123764,0.0697289315928033,Train
UVUPOR_clean,6.87637,4.98201,6.87637,1.02516,1354.63,1321.39,165.953,161.881,0.579,0.564792,0.0,1,0.005096033,0.4470423032,0.46589307655323153,Test
UXACAY_clean,5.42504,4.97343,5.42504,1.96219,875.799,446.337,0.0,0.0,0.4652,0.237082,0.0,1,0.0004696524,0.0445942371,0.04549424514862674,Train
UYAMOY_clean,5.8975,3.62321,5.8791,1.25938,1494.83,1186.95,0.0,0.0,0.5682,0.451174,0.0,1,0.0040523384,0.3774666227,0.37883904021318826,Test
VABKAN_clean,25.15545,13.83989,25.12929,0.397099,1646.09,4145.29,0.0,0.0,0.8436,2.12441,0.0,1,0.0036062891,0.3544082086,0.3409968004724382,Test
VABKER_clean,25.48776,13.70158,25.4679,0.386827,1629.94,4213.63,0.0,0.0,0.8474,2.19064,0.0,1,0.0037082837,0.3708797955,0.3526538311855454,Test
VAJVEJ_clean,4.35318,3.61073,4.35318,1.60792,480.24,298.672,0.0,0.0,0.4216,0.262203,0.0,0,0.0055384275,0.4665095489,0.4403887158081938,Test
VAKLIF_clean,8.6135,7.01422,8.60784,0.699177,2542.49,3636.41,0.0,0.0,0.7356,1.05209,0.0,0,0.0032684333,0.3176725115,0.3191723000531716,Train
VAKNAZ_clean,6.16822,4.1914,6.16041,0.853713,2759.78,3232.68,0.668484,0.783032,0.701,0.821119,0.0,1,0.0027262724,0.2614940514,0.2684016992871382,Test
VAMYEQ_clean,10.0339,6.95835,10.02217,0.642755,2514.17,3911.56,0.0,0.0,0.7686,1.19579,0.0,1,0.0024758071,0.2471902265,0.25089371078782857,Train
VAMYUG_clean,10.04314,6.94027,10.02007,0.640476,2529.62,3949.59,0.0,0.0,0.7656,1.19536,0.0,1,0.002653397,0.2522244309,0.2657089875157622,Test
VARHON_clean,6.75056,3.96368,6.747,0.886506,2055.95,2319.17,0.0,0.0,0.618,0.697119,0.0,0,0.0035934725,0.3524039862,0.34835711478706294,Test
VARJAB_clean,6.78948,3.75665,6.78948,0.974046,1905.16,1955.93,0.0,0.0,0.5918,0.607569,0.0,0,0.0073892933,0.6803020859,0.6819950046537516,Train
VEJZIU_clean,12.34505,7.48961,12.34505,0.843457,1880.34,2229.33,0.0,0.0,0.7078,0.839165,0.0,0,0.0019974113,0.2009021745,0.19651428357840228,Test
VELBAQ_clean,8.45052,7.3406,8.18626,0.767479,2121.67,2764.47,0.0,0.0,0.657,0.856049,0.0,1,0.002669944,0.2681174557,0.26674898444883055,Test
VELVOY_clean,11.39286,3.40894,11.39286,0.949095,1469.34,1548.15,0.0,0.0,0.625,0.658522,0.0,0,0.0021243629,0.2174518389,0.21014788937584916,Test
VEYREY_clean,13.03513,6.48008,13.03513,0.965562,1553.99,1609.42,0.0,0.0,0.6024,0.623886,0.0,1,0.0021172959,0.2059149127,0.2115239830774163,Test
VIDJID_clean,10.67429,9.81504,10.67429,0.700095,2177.13,3109.76,0.0,0.0,0.7556,1.07928,0.0,1,0.0046888603,0.4443060064,0.4365797429482332,Test
VIDWIQ_clean,4.24829,3.73039,4.24829,1.1789,1222.26,1036.79,0.0,0.0,0.5174,0.438885,0.0,1,0.0073992055,0.6501525709,0.655921413214936,Train
VIGDIY_clean,4.82892,4.12995,4.82892,1.46465,383.946,262.141,174.084,118.857,0.4494,0.30683,0.0,1,0.00098738,0.0948905856,0.09895388707331118,Train
VIJNIN_clean,13.61846,3.80879,13.61846,1.36353,1619.99,1188.09,0.0,0.0,0.651,0.477438,0.0,1,0.0129735248,1.0257079847,1.0221937081153434,Train
VIWRAW_clean,18.47685,6.99909,18.46157,1.33324,1894.12,1420.69,0.0,0.0,0.773,0.579791,0.0,1,0.0008885673,0.0888693815,0.0883897878195597,Train
VIXPUP_clean,10.93218,6.45029,10.92123,0.719071,2360.22,3282.31,0.0,0.0,0.7418,1.03161,0.0,1,0.002941058,0.2809610667,0.2862211128720667,Test
VOLRAQ01_clean,16.89388,11.18221,11.76527,0.561351,1860.71,3314.7,0.0,0.0,0.8394,1.49532,0.0,1,0.0018627853,0.1847491282,0.188240989059565,Test
VONROH_clean,4.19663,3.48452,4.18843,1.78125,717.81,402.982,0.0,0.0,0.4498,0.25252,0.0,0,0.0012478204,0.1184017448,0.1225171957029722,Train
VONRUN_clean,4.1199,3.4264,4.1125,1.98175,599.261,302.39,0.0,0.0,0.3996,0.20164,0.0,0,0.0024198091,0.2271758747,0.2142423598225343,Test
VORHER_clean,12.85349,6.70722,12.85349,1.05413,1269.54,1204.35,279.236,264.897,0.6238,0.591768,0.0,1,0.0045340472,0.4137401336,0.3967894281169779,Test
VOSVEG_clean,10.99131,5.30484,10.99131,1.00093,1319.63,1318.4,0.0,0.0,0.5658,0.565276,0.0,1,0.0036119735,0.3310243583,0.3278722964759324,Train
VOSWIL_clean,8.9893,8.47778,8.9893,1.37751,1084.84,787.534,0.0,0.0,0.5664,0.411177,0.0,1,0.0011241319,0.1164168957,0.11120811274983636,Train
VOXTUZ_clean,5.52627,4.64994,5.48747,1.37374,1663.89,1211.21,0.0,0.0,0.5974,0.434871,0.0,0,0.0106759054,0.9617034474,0.9344241376197537,Train
VOXVAH_clean,5.92871,5.26453,5.92106,1.32162,1764.11,1334.81,0.0,0.0,0.577,0.436585,0.0,0,0.0067938858,0.6026472756,0.5957596193162353,Train
VUJBIM_clean,18.70668,6.62188,18.70668,0.560742,2180.91,3889.33,0.0,0.0,0.7898,1.40849,0.0,1,0.0027977594,0.2765928041,0.28419950552349754,Test
VUKSIF_clean,5.75842,4.01754,5.72554,1.25557,1414.52,1126.59,0.0,0.0,0.5766,0.459233,0.0,1,0.0039013535,0.3638663078,0.36063226579171254,Test
VUMBOW_clean,6.23579,5.49714,6.23579,1.58729,766.396,482.833,0.0,0.0,0.4186,0.26372,0.0,1,0.0011978867,0.1177045086,0.1153319330730517,Train
VUWROW_clean,7.68342,6.19716,7.66529,1.06352,2246.75,2112.57,0.0,0.0,0.6738,0.633558,0.0,1,0.0044389386,0.4319192405,0.4155096154396376,Test
WAGQAY_clean,23.95302,15.31723,23.95302,0.391691,1362.13,3477.56,0.0,0.0,0.858,2.1905,0.0,1,0.0027640519,0.2701978244,0.2735533892980888,Test
WAHDIT_clean,5.64465,5.55803,5.64465,1.60299,480.063,299.48,0.0,0.0,0.2714,0.169309,0.0,1,0.0006038635,0.0606958496,0.06341048624203324,Test
WAHROP_clean,5.95888,4.93789,5.95575,1.04375,1513.2,1449.77,0.0,0.0,0.5402,0.517556,0.0,1,0.0047927533,0.4263455746,0.43947226303922987,Train
WAKTOS_clean,5.69222,4.43155,5.69222,2.83189,703.861,248.548,0.0,0.0,0.4318,0.152478,0.0,1,0.0003488434,0.0342156649,0.033411104009982096,Train
WAMRIN02_clean,7.24883,5.55813,7.22701,0.963729,1535.75,1593.55,0.0,0.0,0.587,0.609093,0.0,1,0.0051637624,0.4888227492,0.4895053603177828,Train
WANBIY_clean,8.87322,5.80038,8.86083,3.31848,884.025,266.395,0.0,0.0,0.4252,0.128131,0.0,1,0.0001858768,0.0189924578,0.019522436356056105,Train
WANHAX_clean,11.35423,3.67445,11.35423,1.10812,1929.78,1741.49,0.0,0.0,0.6346,0.572682,0.0,1,0.0053919575,0.459051726,0.4644814734468662,Train
WANHEB_clean,11.27878,4.48127,11.27878,0.837758,2209.49,2637.39,0.0,0.0,0.6896,0.82315,0.0,1,0.0048923328,0.4443029934,0.44775373725826684,Train
WANHOL_clean,11.33875,4.69312,11.33857,0.842421,2322.16,2756.54,0.0,0.0,0.7046,0.836399,0.0,1,0.0038911715,0.3727391626,0.3624587954792986,Test
WANHUR_clean,11.34841,4.3749,11.34841,0.826694,2186.19,2644.5,0.0,0.0,0.6798,0.822311,0.0,1,0.0057017502,0.5136402404,0.5088835105854207,Test
WANKOO_clean,5.43736,3.9967,5.34183,2.07196,667.58,322.197,0.0,0.0,0.439,0.211877,0.0,1,0.0006292181,0.0617679211,0.05924686378137847,Train
WANNEH_clean,4.79977,4.11571,4.78874,1.39327,642.346,461.037,0.0,0.0,0.4326,0.310494,0.0,0,0.0080377928,0.5953767546,0.6034974738780877,Test
WANNIL_clean,4.60008,4.02922,4.60008,1.40928,601.135,426.556,0.0,0.0,0.4274,0.303276,0.0,0,0.0071152174,0.5364637228,0.558200645540657,Train
WAPTAL_clean,6.59501,4.67756,6.50224,3.15641,1845.41,584.655,0.0,0.0,0.5866,0.185844,0.0,1,0.0002699558,0.0275436381,0.027507277890021498,Train
WAPTEP_clean,6.48524,4.68827,6.48524,3.20545,1822.68,568.619,0.0,0.0,0.5808,0.181191,0.0,1,0.0002744617,0.0279463885,0.025324793295185777,Train
WAPTIT_clean,6.42774,4.61196,6.42774,3.24584,1787.43,550.682,0.0,0.0,0.5752,0.177211,0.0,1,0.0002792451,0.0274395087,0.025781461169221753,Train
WARFAY05_clean,7.95711,5.4342,7.9468,1.06291,2099.4,1975.14,0.0,0.0,0.6506,0.612092,0.0,1,0.0069231203,0.6645993233,0.6578081000796638,Train
WARFAY06_clean,8.02332,5.50953,8.02332,1.05728,2113.47,1998.98,0.0,0.0,0.6526,0.617247,0.0,1,0.006907391,0.6679945958,0.6622054291682047,Train
WASMUB01_clean,9.01624,7.94736,9.01599,1.23478,1409.74,1141.69,0.0,0.0,0.5354,0.4336,0.0,0,0.0121088148,0.8861927214,0.8809088166190444,Train
WAVQIV_ion_b,9.9978,7.95845,9.98195,0.747982,2000.14,2674.04,0.0,0.0,0.7406,0.990131,0.0,0,0.0014665244,0.1401138629,0.149586432109272,Test
WAVRES_clean,14.9385,4.22033,14.9385,1.02521,1957.71,1909.57,0.0,0.0,0.681,0.664253,0.0,1,0.005008948,0.4491440142,0.4454111962676619,Train
WAVRIW_clean,14.37017,4.23835,14.37017,0.932664,1895.07,2031.89,0.0,0.0,0.6684,0.716657,0.0,1,0.0069795109,0.6387414105,0.6242526093890501,Train
WAZQIZ_clean,5.13597,3.56044,4.95178,1.22527,1000.27,816.366,27.2269,22.2211,0.4862,0.396809,0.0,1,0.0022761356,0.2129457555,0.21884864744823407,Test
WEBJIY_clean,16.85961,16.29058,16.85961,0.987245,2036.71,2063.02,0.0,0.0,0.69,0.698915,0.0,1,0.0037239607,0.3599824267,0.35626808820083783,Train
WEBJUK_clean,18.31229,16.60062,18.31229,0.879226,2151.59,2447.14,0.0,0.0,0.7156,0.813897,0.0,1,0.0035067705,0.3488954305,0.32959628707965466,Test
WEBKAR_clean,6.58265,5.73847,6.58265,0.935373,2650.07,2833.17,0.0,0.0,0.714,0.763331,0.0,1,0.0025177922,0.239034049,0.2524411636300476,Test
WETPES_clean,11.77316,5.55523,10.53677,0.739178,2326.74,3147.73,0.0,0.0,0.723,0.978114,0.0,1,0.0046825095,0.4470050238,0.43312243167459796,Test
WEXSEZ_clean,10.86576,4.1334,10.86576,1.02008,1886.77,1849.62,0.0,0.0,0.6346,0.622107,0.0,1,0.0039902113,0.3900189671,0.3624869510286834,Test
WIKGII_clean,9.6009,5.08261,9.6009,1.17729,1491.03,1266.49,0.448003,0.380537,0.5982,0.508115,0.0,1,0.0010317159,0.105327361,0.09900682694634153,Test
WIKLOT_clean,7.19858,6.30301,7.18221,1.72847,1512.87,875.263,0.0,0.0,0.6126,0.354417,0.0,1,0.0011991403,0.1180124942,0.11241429046549781,Train
WIRMUH_clean,6.40693,3.94167,6.40005,1.39129,1423.49,1023.14,0.0,0.0,0.589,0.423347,0.0,1,0.0027528602,0.2546580764,0.2598952846041235,Train
WIRNAO_clean,4.60036,4.13679,4.36405,1.42758,1221.11,855.37,0.0,0.0,0.5356,0.375181,0.0,1,0.0040468662,0.3650110274,0.37300731053262687,Train
WIWKIX_clean,4.99549,4.15902,4.98439,1.15851,933.473,805.753,15.0963,13.0308,0.5306,0.458002,0.0,0,0.0056919514,0.509375418,0.498413417420125,Test
WODREO_clean,5.44215,4.30539,5.37431,1.11963,1253.26,1119.35,133.185,118.955,0.53,0.473371,0.0,1,0.0062915029,0.5323557146,0.5388870390714962,Train
WOLROF_clean,12.0686,6.65136,12.0686,0.914878,2088.61,2282.94,0.0,0.0,0.7304,0.798358,0.000218608,1,0.0021014154,0.2231230659,0.20811678409989387,Train
WONBAD_clean,5.26924,4.23427,4.80256,1.90066,2151.09,1131.76,0.0,0.0,0.5702,0.300001,0.0,1,0.0068979495,0.6144000994,0.5907354369484945,Test
WONZOP_clean,11.00202,10.33195,11.00202,0.652092,1980.98,3037.87,0.0,0.0,0.7274,1.11549,0.0,0,0.0020421378,0.1999020536,0.20586009819338402,Test
WONZUV_clean,11.45781,9.81279,11.45781,0.60775,2132.84,3509.41,0.0,0.0,0.7378,1.21399,0.0,0,0.0030224884,0.2864528524,0.2979500067341198,Test
WOYWIS_clean,7.51192,4.80683,7.51192,1.08065,1227.66,1136.03,0.0,0.0,0.5226,0.483596,0.0,1,0.0048192841,0.4186036513,0.4132586716375162,Test
WOYWOY_clean,5.91166,4.30758,5.61164,1.12104,1432.33,1277.68,0.0,0.0,0.5304,0.473134,0.0,1,0.0080949073,0.6121511876,0.6681585599933235,Test
WUGPUL_clean,11.44375,6.32835,11.44375,0.724468,2369.18,3270.23,0.0,0.0,0.743,1.02558,0.0,1,0.0039129767,0.3918583893,0.36825311852179987,Test
WUJPIC_clean,6.8358,6.48385,6.8358,1.24403,1197.74,962.797,0.0,0.0,0.5018,0.403368,0.0,0,0.0041197172,0.3820962926,0.38465882170508225,Test
WUTCET_clean,6.18745,5.18464,6.17096,1.11984,1387.44,1238.96,0.0,0.0,0.5566,0.497034,0.0,0,0.0039886805,0.3791749002,0.3699330676977235,Test
XAKLIH_clean,6.02466,3.88519,6.02146,1.3674,1040.09,760.632,0.0,0.0,0.5138,0.375749,0.0,1,0.0080624071,0.6329947169,0.6393508588683203,Test
XAKZEP_clean,11.84752,7.82774,11.74488,0.869535,1611.99,1853.86,0.0,0.0,0.6302,0.724755,0.0,1,0.0026082791,0.2592324543,0.25561410189579065,Train
XAMDUM07_clean,13.23294,6.7383,13.23294,0.874739,2071.26,2367.87,0.0,0.0,0.7194,0.822417,0.0,1,0.0032935694,0.3027216538,0.30481124620718686,Train
XANMUX01_clean,7.00841,6.87174,7.00841,1.1901,1390.91,1168.73,0.0,0.0,0.6142,0.516091,0.0,0,0.0016114158,0.1626437844,0.15769460207135605,Test
XANMUX02_clean,7.02628,6.85841,7.02628,1.18485,1425.51,1203.11,0.0,0.0,0.615,0.519053,0.0,0,0.0015999194,0.1579666547,0.15923357922801074,Test
XANMUX03_clean,7.92851,7.20939,7.92851,0.942982,1648.65,1748.33,0.0,0.0,0.6634,0.703513,0.0,1,0.00204945,0.2039584085,0.20687576943217809,Test
XANMUX04_clean,8.11715,7.85164,8.1162,1.15587,1357.98,1174.85,0.0,0.0,0.6136,0.530856,0.0,0,0.0016631498,0.1766636771,0.1595092924854143,Test
XANMUX05_clean,7.96785,7.76541,7.96785,1.15351,1457.83,1263.82,0.0,0.0,0.6284,0.544772,0.0,0,0.001831764,0.1832837029,0.1785611157914248,Test
XANMUX06_clean,7.89402,7.78212,7.89402,1.16156,1545.11,1330.2,0.0,0.0,0.6286,0.541169,0.0,0,0.0023241943,0.2309555534,0.23340959719260676,Test
XANMUX07_clean,8.08658,7.93125,8.08658,1.12874,1428.77,1265.81,0.0,0.0,0.627,0.555487,0.0,0,0.0018681694,0.1797485516,0.18227362579078205,Train
XANMUX08_clean,7.80034,7.66637,7.80034,1.1623,1830.3,1574.73,0.0,0.0,0.6326,0.544267,0.0,0,0.0061084349,0.5690233168,0.5631237589930581,Test
XANMUX_clean,7.22549,7.05144,7.22549,1.16648,1435.38,1230.52,0.0,0.0,0.6128,0.525341,0.0,0,0.0016209962,0.1596259723,0.1589627045351437,Test
XANZAQ01_clean,7.80283,7.09635,7.80283,0.978047,1597.51,1633.37,0.0,0.0,0.6454,0.659886,0.0,1,0.0019954335,0.1936889162,0.19779511045420461,Test
XANZAQ02_clean,7.78654,7.07621,7.78654,0.976673,1600.7,1638.93,0.0,0.0,0.6466,0.662043,0.0,1,0.0019636591,0.19327426,0.19244529515017028,Test
XANZAQ03_clean,8.31524,7.66858,8.31524,0.918646,1605.96,1748.18,3.17356,3.45461,0.6742,0.733906,0.0,1,0.0018543699,0.1899128848,0.18720149199769465,Train
XANZAQ04_clean,8.34862,7.90874,8.34862,0.946048,1600.25,1691.51,0.0,0.0,0.6642,0.702079,0.0,1,0.0024331262,0.2461746963,0.240535933589955,Train
XANZAQ05_clean,8.47885,8.09304,8.47885,0.942478,1573.71,1669.76,0.0,0.0,0.6686,0.709407,0.0,1,0.0024235938,0.2410534542,0.24072123474375495,Train
XANZAQ06_clean,8.35756,7.91059,8.35756,0.939122,1667.31,1775.39,0.0,0.0,0.6656,0.708747,0.0,1,0.0024998524,0.2551898934,0.24878928603781175,Test
XANZAQ07_clean,8.40037,8.01066,8.40037,0.935791,1631.15,1743.07,0.0,0.0,0.6708,0.716827,0.0,1,0.0023949969,0.2448997477,0.23735651104649702,Test
XANZAQ08_clean,8.39367,7.99618,8.39367,0.933711,1580.24,1692.42,0.0,0.0,0.662,0.708999,0.0,1,0.002282992,0.2290975346,0.22786071514172423,Train
XANZAQ_clean,8.11701,7.49064,8.11701,0.931625,1637.23,1757.39,0.0,0.0,0.6638,0.712518,0.0,1,0.0020565993,0.2089199841,0.20789989758177435,Train
XEKJIH_clean,6.20826,5.78382,6.20814,1.47662,347.482,235.322,860.221,582.56,0.5432,0.367867,0.0,1,0.0197179294,1.3177689208,1.3193596618624979,Train
XEKJON_clean,6.22254,5.56439,6.21747,1.67319,360.472,215.439,737.24,440.618,0.5436,0.324888,0.0,1,0.0378718097,1.8902385743,1.8891287736274793,Train
XEKJUT_clean,6.56629,6.19348,6.55947,1.65134,406.62,246.236,825.001,499.594,0.5444,0.329671,0.0,1,0.0591544264,2.1709459056,2.172620701958796,Train
XEMHOM_clean,4.79162,4.0639,4.76831,2.00034,450.789,225.357,0.0,0.0,0.3928,0.196367,0.0,1,0.0008672154,0.0812517509,0.0768909932038147,Test
XENZEX_clean,4.03588,3.72621,4.02671,3.30835,180.903,54.6807,0.0,0.0,0.268,0.0810071,0.0,1,0.0594679174,0.6487002649,0.6518541165071106,Train
XIDMED_clean,11.48793,10.50283,11.48793,1.21119,1624.17,1340.97,0.0,0.0,0.653,0.53914,0.0,1,0.0030428885,0.2872661457,0.28896449180312944,Test
XILDUT_clean,5.33112,3.97403,5.33043,1.32579,1407.65,1061.75,0.0,0.0,0.5238,0.395087,0.0,1,0.0021453607,0.2041625043,0.21157806723043976,Test
XINFUW_clean,6.65291,5.08872,6.45934,0.841018,2754.84,3275.6,0.0,0.0,0.7064,0.839934,0.0,1,0.0028523706,0.2884797294,0.2860745536947717,Train
XISDOU_clean,6.57708,4.78728,6.57708,1.06399,2038.67,1916.06,0.0,0.0,0.598,0.562035,0.0,1,0.0046759007,0.4509302206,0.4389539014976053,Test
XISDUA_clean,6.54816,4.77769,6.53027,1.05483,2022.76,1917.62,0.0,0.0,0.5918,0.561039,0.0,1,0.0048244065,0.45652629,0.44513815163827464,Test
XIVVEF_clean,7.94651,5.43115,7.90631,1.14535,2097.38,1831.21,0.0,0.0,0.648,0.565766,0.0,0,0.0089924264,0.8452467566,0.8436470025392073,Train
XIZJEW_clean,5.72446,3.86989,5.72446,1.71463,866.46,505.333,0.0,0.0,0.4918,0.286825,0.0,1,0.0037255054,0.3137592259,0.3252899873096801,Test
XOCQUD_clean,6.93402,4.62894,6.60917,2.15591,497.721,230.864,0.0,0.0,0.4174,0.193607,0.0,1,0.0004778261,0.0452108973,0.04165653481422846,Train
XODNUB_clean,4.71915,3.55393,4.43069,2.13543,453.661,212.445,0.0,0.0,0.405,0.189657,0.0,1,0.0007699081,0.0718090578,0.07157292102765289,Test
XOFGEG_clean,20.28017,4.1755,10.09474,0.997235,1823.44,1828.5,0.0,0.0,0.6744,0.67627,0.0,1,0.0026140835,0.2582126863,0.25713157917414964,Train
XOMCUZ_clean,5.38174,3.9098,5.38174,1.47361,430.645,292.238,0.0,0.0,0.4026,0.273206,0.0,1,0.0013678596,0.1164590286,0.12149388774403236,Train
XOMHEO_clean,6.80967,5.57312,6.80967,1.28307,2168.4,1690.01,0.0,0.0,0.6202,0.483373,0.0,1,0.0074274339,0.675112339,0.6715834272148613,Train
XOMHIS_clean,8.65147,5.97828,8.65147,0.851979,2400.52,2817.58,0.0,0.0,0.7112,0.834762,0.0,1,0.0047006937,0.451281348,0.44698506908109736,Train
XOMNEU_clean,4.40246,3.57141,4.39113,1.21453,547.741,450.992,0.0,0.0,0.4748,0.390935,0.0,1,0.0076255329,0.6037102505,0.6079425543028008,Train
XONLES_clean,15.50229,14.17026,15.50229,0.301134,1628.27,5407.15,0.0,0.0,0.8756,2.90768,0.0,1,0.0030920376,0.3007089928,0.3037552198143805,Test
XOPJAO_clean,5.14318,3.48639,5.12605,1.24253,772.666,621.85,0.0,0.0,0.4474,0.360072,0.0,0,0.0081141908,0.6179422248,0.619174113042732,Train
XUDPOD_clean,11.07776,6.90892,11.06925,0.552172,2378.06,4306.74,0.0,0.0,0.786,1.42347,0.0,1,0.0027781786,0.2693821432,0.2759665702822555,Test
XUDVAV_clean,5.42467,3.9439,5.412,1.23408,1178.81,955.215,0.0,0.0,0.5312,0.430443,0.0,1,0.0063615383,0.5503767038,0.5549850061423816,Train
XUFYEE_clean,16.79092,3.56449,16.79092,0.69015,1946.61,2820.56,0.0,0.0,0.6888,0.998044,0.0,1,0.0041517125,0.3845657382,0.38829173718419696,Train
XUMNAW_clean,8.02798,7.30674,8.02798,0.898114,1523.34,1696.15,0.715304,0.796451,0.6172,0.687218,0.0,1,0.0039390425,0.3662777258,0.3661416978399812,Test
YABHIV_clean,17.95239,10.63646,17.95239,0.600011,2087.15,3478.52,0.0,0.0,0.8014,1.33564,0.0,1,0.0027731592,0.2706253447,0.2721845643093885,Train
YAGHUM_clean,10.9533,4.13648,10.9533,0.807681,2413.25,2987.87,0.0,0.0,0.7156,0.885993,0.0,0,0.0026144656,0.2540444699,0.25722006599659114,Test
YAHWAI_clean,8.53821,5.48688,8.53821,1.65002,1657.02,1004.24,0.0,0.0,0.6194,0.375389,0.0,1,0.0014905774,0.1485630738,0.14028041991235268,Test
YARBIE_clean,4.91122,3.52707,4.65913,1.29542,529.055,408.404,0.0,0.0,0.4438,0.342591,0.0,0,0.0085648153,0.5715137078,0.5811563575488565,Train
YARGOP_clean,8.11383,5.17636,8.11364,0.914073,1890.45,2068.16,0.0,0.0,0.6398,0.699944,0.0,0,0.0035170892,0.3291553709,0.33861462988165203,Test
YARZEZ01_clean,5.61977,4.05885,5.24298,1.02873,1985.67,1930.22,0.0,0.0,0.6746,0.655761,0.0,0,0.00169637,0.1781578222,0.170004798881011,Test
YASVUM_clean,7.50043,5.49919,7.38492,0.881793,2738.41,3105.5,0.0,0.0,0.7254,0.822642,0.0,1,0.0050485025,0.4828262333,0.47891425917803104,Train
YATVUN_clean,10.83921,9.14744,10.55157,0.903963,1890.69,2091.55,0.0,0.0,0.6694,0.740517,0.0,0,0.0070436132,0.6458913455,0.6421059106387224,Train
YATWAU_clean,10.70688,9.04659,10.70688,0.923872,1892.37,2048.31,0.0,0.0,0.6612,0.715683,0.0,0,0.0072418007,0.6628672068,0.6669180256503832,Test
YAZFOW_clean,7.43679,7.30177,7.43679,1.31238,1643.41,1252.24,0.0,0.0,0.6052,0.461147,0.0,0,0.0045427806,0.4436792824,0.4395228147651755,Test
YEFNIG_clean,7.00427,5.66417,7.00427,1.03301,2659.19,2574.21,0.0,0.0,0.7456,0.721774,0.0,0,0.0010401588,0.1031069987,0.09878736814668551,Train
YEFPAA_clean,6.99143,5.65004,6.99143,1.03721,2660.09,2564.66,0.0,0.0,0.745,0.718274,0.0,0,0.0009925509,0.1024275052,0.09746483807843212,Train
YEGHEZ_clean,5.88391,4.37273,5.87003,1.21357,1253.26,1032.7,0.0,0.0,0.5114,0.4214,0.0,0,0.0054929075,0.4917776239,0.4869160372553889,Train
YIDSOT_clean,4.9292,4.14717,4.92841,1.4991,1150.12,767.207,0.0,0.0,0.5208,0.347408,0.0,1,0.0034692698,0.3325777831,0.3263570653645744,Train
YINTEW_clean,6.69295,5.30296,6.37064,1.01854,1974.65,1938.7,0.0,0.0,0.6366,0.62501,0.0,0,0.0057118027,0.5209308921,0.5325989213889974,Test
YIWBIR_clean,4.82964,4.23812,4.82964,1.13369,1456.59,1284.82,0.0,0.0,0.5224,0.460795,0.0,0,0.0059779206,0.5283297248,0.5378624848743384,Train
YIWMIA_clean,6.63746,4.87617,6.36212,1.27523,2046.38,1604.72,0.0,0.0,0.6792,0.53261,0.0,1,0.0008184569,0.08311717,0.08249770047442578,Train
YIWNEX_clean,6.05222,4.44321,5.98107,1.39413,1611.64,1156.02,0.0,0.0,0.6292,0.451321,0.0,1,0.0007323015,0.0734994902,0.07377067431907841,Test
YIWNUN_clean,6.72761,5.04686,6.72761,1.27847,2081.66,1628.24,0.0,0.0,0.6874,0.537673,0.0,0,0.0008456382,0.0839612981,0.08354858692371073,Test
YIXBIQ_clean,16.14545,8.60739,16.14545,1.16801,1743.0,1492.28,0.0,0.0,0.7494,0.641603,0.0,1,0.0017414355,0.1780421846,0.17150190127734416,Test
YIZJEY_clean,6.38909,5.16549,5.85719,1.3913,1198.42,861.362,0.0,0.0,0.5582,0.401206,0.0,0,0.0020133036,0.1884998174,0.19175650372828587,Test
YOGKEM_clean,9.34542,5.57292,9.34542,0.967443,2138.01,2209.96,0.0,0.0,0.6476,0.669394,0.0,1,0.0083452726,0.7541667506,0.7465037110571937,Train
YOGKIQ_clean,6.91924,4.32242,6.91924,1.0538,1682.56,1596.67,112.281,106.549,0.5988,0.56823,0.0,1,0.0097609299,0.826992144,0.8252191920241468,Train
YORCIT_clean,17.04599,8.24613,17.00411,0.824323,1373.69,1666.44,0.0,0.0,0.6834,0.829044,0.0,0,0.0010070824,0.106986519,0.10264446087710591,Train
YORRII_clean,6.34779,5.30766,6.27636,1.13523,1975.78,1740.43,0.0,0.0,0.6154,0.542095,0.0,0,0.0053553665,0.4902946371,0.4880379635924252,Train
YOZBIZ_clean,8.26642,3.87936,8.26616,1.4767,1152.52,780.471,0.0,0.0,0.5144,0.348345,0.0,1,0.0061373373,0.5218976791,0.5033427810473737,Test
YOZBOF01_clean,8.1742,4.93831,8.1651,1.13095,1262.79,1116.57,0.0,0.0,0.5572,0.492684,0.0,0,0.003983975,0.3714713828,0.3635614470297644,Train
YOZCEW_clean,14.22468,12.71779,14.22468,1.07415,1394.66,1298.38,0.0,0.0,0.625,0.581853,0.0,1,0.0027242855,0.2560786333,0.2550369832057174,Train
YUDDEH_clean,9.23238,6.19771,8.9716,0.865828,1917.28,2214.39,0.0,0.0,0.6654,0.768513,0.0,1,0.0037299723,0.367160574,0.3566592397703132,Test
ZARLOV_clean,7.59087,4.25441,7.5897,1.05116,2258.39,2148.48,0.0,0.0,0.646,0.614561,0.0,1,0.0057959285,0.5330444255,0.5398928722444021,Train
ZAXTAV_clean,5.36171,4.58528,5.11307,1.17092,1043.66,891.322,0.132673,0.113307,0.5204,0.444438,0.0,1,0.0154644032,1.1194133905,1.1300663262190198,Train
ZEBMEA_clean,6.61101,4.67195,6.5886,1.53404,1279.24,833.903,0.0,0.0,0.5336,0.347839,0.0,1,0.0017934872,0.1892872165,0.17364471616903962,Test
ZESFUY_clean,9.58879,8.12099,9.53399,0.865768,1708.9,1973.86,0.0,0.0,0.6472,0.747544,0.0,0,0.0026262755,0.2806988859,0.2612171243305802,Train
ZEXSOM_clean,10.33904,5.80354,10.2816,1.15853,1627.88,1405.12,5.62491,4.8552,0.626,0.540338,0.0,1,0.0031555153,0.2932102774,0.29634542573657446,Test
ZEZPIF_clean,4.9314,3.8688,4.91047,1.33575,1333.04,997.967,0.0,0.0,0.5954,0.445741,0.0,1,0.0029708619,0.2823414278,0.28509660263479186,Train
ZIQVAY_clean,8.56153,4.50798,8.56153,2.05613,1364.45,663.603,0.0,0.0,0.4994,0.242884,0.0,1,0.0033768995,0.2829825059,0.31174696628658705,Test
ZISNEW_clean,10.937,5.73353,10.937,0.756384,2253.97,2979.93,0.0,0.0,0.706,0.933388,0.0,1,0.0058542884,0.5150023402,0.5230390605055052,Train
ZISXEG_clean,5.13371,3.48538,5.13371,1.96189,431.041,219.707,0.0,0.0,0.3706,0.1889,0.0,1,0.0528819905,1.2639574766,1.2641852950702668,Train
ZIVCOY_clean,21.35428,13.61239,21.35428,0.516145,2019.82,3913.28,0.0,0.0,0.8142,1.57746,0.0,1,0.0030266492,0.2972809225,0.2961073904871179,Train
ZIZTEJ_clean,4.9754,4.00901,4.96475,2.66219,1407.31,528.628,0.0,0.0,0.5208,0.195628,0.0,1,0.0009971636,0.0957962501,0.10051280671023605,Test
ZOGBAA_clean,8.29052,7.70457,8.2843,0.849869,2437.69,2868.31,0.0,0.0,0.7226,0.850249,0.0,0,0.0055954377,0.5607597616,0.5251351882827193,Test
ZUQBUK_clean,6.60273,3.87772,6.60273,0.987073,2004.83,2031.09,0.0,0.0,0.58,0.587596,0.0,0,0.007685559,0.7276819089,0.7206466189053717,Train
ZUSNOS_clean,13.06588,6.72307,12.14953,0.80175,2346.37,2926.56,0.0,0.0,0.7098,0.885314,0.0,1,0.004715713,0.4445213911,0.44047903788297066,Train
ABAYIO_clean,11.39486,4.3226,11.27409,0.949126,1428.73,1505.31,409.494,431.444,0.6636,0.69917,0.0,0,0.0033231866,0.3006990923,0.3038729833609917,Train
ABAYOU_clean,11.27344,4.5108,11.27344,0.979267,1463.42,1494.4,419.062,427.935,0.6638,0.677854,0.0,0,0.0033921016,0.3032822227,0.31798669514264233,Test
ABESUX_clean,5.87931,4.42492,5.57015,3.74291,1747.69,466.934,0.0,0.0,0.5646,0.150845,0.0,1,0.0008846257,0.0891079002,0.0827746450300049,Test
ABETAE_clean,5.88295,4.42033,5.88295,3.69928,1821.75,492.461,0.0,0.0,0.572,0.154625,0.0,1,0.00086251,0.0888703782,0.08346427297714351,Train
ABETIN_clean,9.47418,7.83744,9.45292,0.597233,2275.99,3810.89,0.0,0.0,0.7302,1.22264,0.0,0,0.0026788497,0.2626340415,0.26347953182005496,Test
ABEXEM_clean,4.82084,4.14331,4.80387,1.76082,968.791,550.193,3.54724,2.01454,0.494,0.280551,0.0,1,0.001484373,0.1420113161,0.1425501523546014,Test
ABEXEN_clean,18.8079,13.71867,18.7996,0.674371,1650.25,2447.09,10.9626,16.2561,0.753,1.1166,0.0,0,0.0035980259,0.3532075352,0.3270133208231266,Test
ABEXOW_clean,4.7727,4.04921,4.7549,1.81243,948.305,523.222,8.72645,4.81477,0.5026,0.277307,0.0,1,0.0014274345,0.1382227443,0.13943628915466677,Train
ABEXUC_clean,4.74458,4.0168,4.72731,1.84813,905.952,490.198,6.39745,3.46157,0.4864,0.263185,0.0,1,0.0013963872,0.1401237851,0.13739239715224003,Train
ABEYAJ_clean,4.73097,3.9715,4.71386,1.90641,913.695,479.276,5.68199,2.98047,0.4682,0.245593,0.0,1,0.0014053906,0.1354819612,0.13685805309718357,Train
ABEYEN_clean,4.70447,3.94356,4.68752,1.9293,894.021,463.392,4.63057,2.40013,0.4642,0.240606,0.0,1,0.0013790486,0.1313654062,0.128613224985041,Train
ABEYIR_clean,4.69665,3.92183,4.69665,1.96962,879.845,446.707,3.91969,1.99007,0.464,0.235578,0.0,1,0.0013610887,0.1331418844,0.12851979879852732,Test
ABIXOZ_clean,6.22728,4.0515,6.20206,1.91751,1873.93,977.272,0.0,0.0,0.5866,0.305918,0.0,1,0.0007337235,0.0703659297,0.07124853623858474,Train
ABIYIV_clean,4.33176,3.82431,4.32093,1.34661,564.007,418.836,0.0,0.0,0.4458,0.331055,0.0,0,0.0013808577,0.1292980988,0.13198330417276638,Test
ABULOB_clean,4.86958,4.16445,4.86236,1.31921,1184.81,898.121,0.0,0.0,0.5364,0.406607,0.0,0,0.0095503165,0.8109002307,0.8008936951561206,Train
ABUWOJ_clean,5.07969,4.03039,4.98773,1.15833,1745.23,1506.68,0.0,0.0,0.621,0.536118,0.0,1,0.0036841902,0.3658809367,0.35463523732634794,Test
ac403674p_si_001_clean,8.50423,8.27985,8.50423,1.12072,1220.76,1089.26,0.0,0.0,0.5906,0.526983,0.0,0,0.0010115798,0.0970851448,0.10112019889648963,Train
ACAJIY_clean,4.94766,3.4178,4.77873,1.0939,822.742,752.116,0.0,0.0,0.5292,0.483772,0.0,0,0.003381559,0.3210452416,0.3263207565818676,Test
ACAJIZ_clean,6.1865,5.74044,6.1865,1.30148,981.157,753.879,0.0,0.0,0.4824,0.370656,0.0,0,0.0014316532,0.1376510406,0.13645176588863628,Test
ACAJOF_clean,6.86398,6.10482,6.86398,1.21871,1121.27,920.046,0.0,0.0,0.513,0.420936,0.0,0,0.0012683855,0.1261483189,0.1259709346857486,Test
ACIBOE_clean,8.25776,7.03071,8.25776,1.10094,2063.01,1873.86,0.0,0.0,0.6554,0.595309,0.0,1,0.0031052494,0.2913596919,0.2982481614068475,Test
ACODON_clean,7.1439,4.65537,7.12384,1.14924,1729.7,1505.09,0.0,0.0,0.598,0.520346,0.0,0,0.0029247555,0.2815674309,0.2810894595799174,Test
ACOGAB_clean,5.20085,3.89327,4.84433,1.15458,1432.82,1240.99,0.0,0.0,0.5566,0.482082,0.0,0,0.0041647472,0.385404672,0.3864936374580932,Train
ACOGEF_clean,5.20115,3.94888,4.8971,1.25952,1433.77,1138.35,0.0,0.0,0.5544,0.440168,0.0,0,0.0037498562,0.3552365099,0.34839705596106707,Test
ACOLIP_clean,4.91034,3.57647,4.78103,1.04949,1065.44,1015.2,0.0,0.0,0.5434,0.517777,0.0,0,0.0042860999,0.3871239943,0.39908079474308844,Train
ACOLOV_clean,8.42183,5.53552,8.41851,0.863411,2226.99,2579.3,0.0,0.0,0.6794,0.786879,0.0,1,0.0025138467,0.2434970013,0.24945298657898973,Train
acs.cgd.5b01686_WAHFUJ1434675_clean,5.00451,3.93435,5.00451,1.28464,1087.15,846.274,0.0,0.0,0.4874,0.379407,0.0,1,0.0021854506,0.2119830109,0.2095214064100199,Test
acs.cgd.6b00463_OLOMUZ1451936_clean,10.32513,7.87202,10.32103,1.07611,1950.06,1812.15,0.0,0.0,0.6638,0.616853,0.0,1,0.0008894717,0.0902992955,0.08854999915395267,Train
acs.chemmater.6b02817_cm6b02817_si_004_clean,10.39878,5.64581,7.91914,0.897688,1488.72,1658.39,589.747,656.962,0.6776,0.754828,0.0,1,0.003386728,0.3309605904,0.3294428764455468,Train
acs.chemrev.6b00346_cr6b00346_si_001_clean,9.19439,3.959,7.03116,0.906382,2290.66,2527.25,0.0,0.0,0.6912,0.762592,0.0,1,0.0029123935,0.2887037871,0.28524486366888413,Test
acscombsci.5b00188_24205_clean,5.32506,4.91361,5.32498,1.2624,1666.29,1319.94,0.0,0.0,0.5558,0.440273,0.0,0,0.0076024778,0.6811431041,0.6853099594818133,Train
acscombsci.5b00188_3001288_clean,29.41365,23.60037,29.35162,0.156124,881.282,5644.76,0.0,0.0,0.9382,6.00933,0.0,0,0.003537789,0.320399757,0.3361776896050752,Train
acscombsci.5b00188_5020072_clean,14.46967,11.94118,14.45544,0.429595,1931.96,4497.16,0.0,0.0,0.8224,1.91436,0.0,0,0.0020965923,0.2185176814,0.21386870188990176,Train
acscombsci.5b00188_5024922_clean,20.5205,15.85622,20.5205,0.295002,1403.53,4757.71,0.0,0.0,0.8866,3.00541,0.0,0,0.0024974345,0.2472780298,0.26273223295117376,Test
acscombsci.5b00188_5036495_clean,10.8747,9.02496,10.86921,0.338372,2296.38,6786.58,0.0,0.0,0.8498,2.51144,0.0,0,0.0027891874,0.247481733,0.25932296363850066,Train
acscombsci.5b00188_5040209_clean,7.3732,5.53143,7.30173,1.04632,1848.9,1767.06,0.0,0.0,0.6162,0.588923,0.0,0,0.0053753077,0.4664586025,0.4841185412050078,Train
acscombsci.5b00188_8372_clean,5.7583,4.46842,5.7583,0.958855,3178.07,3314.45,0.0,0.0,0.7062,0.736503,0.0,0,0.0022344452,0.2176304175,0.21779143835373804,Test
acs.inorgchem.5b02108_ic5b02108_si_002_clean,7.194,7.0599,7.194,1.21033,1596.38,1318.96,0.0,0.0,0.591,0.488296,0.0,0,0.0055848748,0.5531673601,0.5191732596690115,Test
acs.inorgchem.5b02973_ic5b02973_si_002_clean,11.38761,10.4443,11.38761,1.02785,1047.76,1019.37,62.4425,60.7507,0.593,0.576933,0.0,0,0.0040395955,0.3567848509,0.35316369821727456,Train
acs.inorgchem.6b00081_ic6b00081_si_001_clean,7.28268,5.80535,7.28268,1.16215,782.38,673.218,0.0,0.0,0.4952,0.426107,0.0,0,0.001039296,0.1031856643,0.09854759076374645,Train
acs.inorgchem.6b00433_ic6b00433_si_002_clean,5.96211,4.62167,5.8482,1.10398,1177.53,1066.62,0.0,0.0,0.5062,0.458523,0.0,1,0.0023127847,0.2232234176,0.21872938544560994,Test
acs.inorgchem.6b00894_ic6b00894_si_002_clean,6.64699,4.59021,5.67003,1.10689,1216.8,1099.29,0.0,0.0,0.5272,0.476289,0.0,1,0.005222558,0.4619017449,0.46413658706860994,Train
acs.inorgchem.6b01569_ic6b01569_si_002_clean,6.29847,5.43889,6.29847,1.11326,868.696,780.315,0.0,0.0,0.5092,0.457394,0.0,1,0.0008335516,0.0830696045,0.0805920845830532,Train
acs.inorgchem.6b01740_ic6b01740_si_002_clean,15.68052,8.0633,15.68052,0.473321,2336.0,4935.34,0.0,0.0,0.7938,1.67709,0.0,0,0.0030711008,0.2971149187,0.308567006170322,Test
acs.inorgchem.6b02407_ic6b02407_si_002_clean,6.36153,3.76503,6.36153,0.960789,1995.17,2076.59,0.0,0.0,0.6214,0.64676,0.0,1,0.0064444334,0.6067213651,0.6040322611881116,Train
acs.inorgchem.6b02407_ic6b02407_si_003_clean,6.24791,4.32537,6.22758,1.12188,1617.2,1441.52,0.0,0.0,0.5614,0.500411,0.0,0,0.0073354119,0.641687606,0.6556685883265387,Train
acs.inorgchem.6b02413_ic6b02413_si_002_clean,13.37732,6.88163,13.37732,0.804279,2195.74,2730.07,0.0,0.0,0.74,0.920079,0.00124335,0,0.0018058198,0.1853153937,0.1845777129335551,Train
acs.inorgchem.6b02514_ic6b02514_si_002_clean,6.09101,5.53211,6.09101,1.35156,1494.27,1105.59,0.0,0.0,0.6002,0.44408,0.0,1,0.0010953884,0.1070454343,0.11160802909341958,Test
acs.inorgchem.6b02696_ic6b02696_si_002_clean,12.13124,5.0609,12.1281,0.908718,2183.39,2402.71,0.0,0.0,0.6878,0.75689,0.0,0,0.0033287059,0.3266086564,0.31576666802520825,Test
acs.jpcc.6b08594_UiO66_Ce2Zr4_opt_clean,8.49751,4.07254,8.49751,1.27238,1692.83,1330.45,0.0,0.0,0.6072,0.477217,0.000157186,0,0.0022171364,0.2141150736,0.2136679245565145,Train
acs.jpcc.6b08594_Zn2Cd6MOF5_opt_clean,14.70209,8.11021,14.70209,0.628556,2151.09,3422.27,0.0,0.0,0.8094,1.28771,0.0,0,0.0014956279,0.1557168225,0.15562367663974316,Train
ACUBAB_clean,6.48174,4.30295,6.47204,2.30944,1238.98,536.484,0.0,0.0,0.5252,0.227414,0.0,1,0.0027122721,0.2368246877,0.24622557445391807,Test
ACUFEK_clean,15.55627,9.00897,15.55627,0.559431,2205.12,3941.72,0.0,0.0,0.787,1.40679,0.0,1,0.0026144696,0.260322711,0.2615137831071423,Test
ACUJOZ_manual,11.50806,7.82539,10.51641,0.694288,2343.63,3375.59,0.0,0.0,0.739,1.0644,0.0,1,0.0024074461,0.2406476585,0.2377746407210129,Train
ACUTOI_clean,5.192,4.5372,5.18708,1.71994,820.91,477.29,0.0,0.0,0.4076,0.236985,0.0,1,0.0018800692,0.1786362288,0.17116865453615593,Train
ADARAA_clean,12.29205,5.40077,12.29205,0.881935,2191.85,2485.27,7.83761,8.88684,0.6948,0.787813,0.0,1,0.0028065429,0.2732979871,0.2725036963148292,Test
ADASAB_charged,22.82402,13.49014,22.78048,0.343942,1661.07,4829.51,0.0,0.0,0.8736,2.53996,0.0,1,0.0023170293,0.227423636,0.23640762613468436,Test
ADASEF_clean,21.62414,10.92309,17.5655,0.435607,1820.41,4179.02,0.0,0.0,0.8462,1.94258,0.0,1,0.0024971592,0.2586241904,0.2523157482890437,Train
ADASIJ_clean,18.23438,6.60024,18.20695,0.629251,2196.94,3491.36,0.0,0.0,0.765,1.21573,0.0,1,0.0028435095,0.2737238441,0.2807082972290692,Train
ADASOP_clean,18.07263,6.71346,18.07263,0.63164,2223.07,3519.51,0.0,0.0,0.7846,1.24216,0.0,1,0.0030085006,0.3167815201,0.3008435911651618,Train
ADASUV_clean,17.16775,6.7332,17.16775,0.625693,2275.03,3636.01,0.0,0.0,0.7672,1.22616,0.0,1,0.0026075866,0.2635395984,0.26072716404898594,Test
ADATAC_clean,26.33515,10.27637,16.37091,0.33727,1729.95,5129.28,0.0,0.0,0.871,2.5825,0.0,1,0.0029556081,0.3063084764,0.2913083500134582,Test
ADATEG_manual,27.33782,13.33904,27.33782,0.238777,1473.42,6170.7,0.0,0.0,0.896,3.75246,0.0,1,0.0030886069,0.3020373266,0.31870715926392434,Test
ADATIK_clean,24.55082,12.17426,18.62931,0.377577,1712.52,4535.57,0.0,0.0,0.8764,2.32112,0.0,1,0.002473114,0.2514850481,0.24681624908852634,Test
ADATOQ_clean,10.5421,9.07611,10.5421,0.632077,2324.74,3677.95,0.0,0.0,0.7278,1.15144,0.0,1,0.0021871061,0.2154541618,0.21633125827277827,Test
ADATUW_clean,10.34629,8.86044,10.34629,0.640612,2322.12,3624.84,0.0,0.0,0.73,1.13953,0.0,1,0.0020611876,0.2096580402,0.20681477859118214,Test
ADAVAE_clean,10.21446,8.80719,10.21446,0.655338,2331.18,3557.22,0.0,0.0,0.7302,1.11423,0.0,1,0.0022587827,0.2202923349,0.22495921493823615,Test
ADAVEI_clean,10.15021,8.70819,10.15021,0.656268,2410.23,3672.63,0.0,0.0,0.719,1.09559,0.0,1,0.0023353023,0.2222450389,0.23266276293774996,Train
ADAXEK_clean,5.76724,4.10445,5.76724,1.26343,1305.6,1033.38,0.0,0.0,0.5042,0.399073,0.0,0,0.0044560584,0.4098829268,0.40777403208133584,Train
ADAXIO_clean,5.72682,5.00855,5.71823,1.28062,1140.41,890.52,0.0,0.0,0.4934,0.385283,0.0,0,0.0034274425,0.306840681,0.31742503744247924,Test
ADIQEL_clean,4.43355,3.91364,4.43149,1.23763,785.544,634.715,0.0,0.0,0.4682,0.378303,0.0,0,0.0120624609,0.9559236317,0.9666459336357247,Train
ADOBAX_charged,5.54673,3.76596,5.40967,1.63796,473.584,289.129,302.973,184.969,0.4676,0.285476,0.0,0,0.0015816601,0.1468550057,0.15040284106040433,Train
ADOBEB_charged,5.50949,3.76943,5.39841,1.63796,473.912,289.33,302.371,184.601,0.4672,0.285232,0.0,0,0.0015032896,0.1446178829,0.14297993293042702,Train
ADOBOL_charged,5.48974,3.85295,5.48822,1.71617,456.212,265.831,117.606,68.528,0.454,0.264542,0.0,0,0.0013232036,0.130927591,0.1255594744064175,Test
ADOBUR_charged,5.46006,3.86825,5.45816,1.70055,447.493,263.145,230.14,135.332,0.456,0.268148,0.0,1,0.0016582438,0.1482418457,0.14694755009787597,Test
ADOCEC_clean,5.40135,3.83278,5.40061,1.53544,942.082,613.56,194.67,126.785,0.4904,0.319388,0.0,1,0.0017595401,0.1701970968,0.17189868959189486,Test
ADODAA_charged,10.017,4.9065,10.017,1.03876,2054.12,1977.46,11.8919,11.4481,0.6856,0.660015,0.0,1,0.0015120011,0.1528489004,0.15137686216564966,Train
ADODOO_clean,5.9443,5.31331,5.61744,1.28796,1054.79,818.961,0.0,0.0,0.5256,0.408086,0.0,0,0.0033219258,0.3039672588,0.3063621847546569,Test
ADODUU_clean,5.93338,5.29096,5.57799,1.31573,1050.53,798.439,0.0,0.0,0.521,0.395977,0.0,0,0.0033491286,0.3147816615,0.31001159826780567,Test
ADOGEH_clean,12.71447,5.05258,12.69973,1.01991,1997.13,1958.14,0.0,0.0,0.677,0.663783,0.0,1,0.0067508874,0.502756946,0.5230342932703602,Train
ADUROI_clean,25.68553,17.12424,25.68553,0.402567,1285.84,3194.1,0.0,0.0,0.8358,2.07617,0.0,1,0.0019844277,0.2016871889,0.19978318099437353,Test
ADUWIH_clean,9.28386,6.55138,8.99777,0.722123,2053.82,2844.14,0.0,0.0,0.7098,0.982935,0.0,1,0.0027345195,0.2672010464,0.2671760087817817,Train
ADUWON_clean,16.37935,5.99724,16.37935,0.521247,2391.39,4587.82,0.0,0.0,0.7844,1.50485,0.0,1,0.0034463828,0.3394421942,0.3354940897723451,Test
AFEJOK_ion_b,5.99825,5.12689,5.98721,1.10129,1640.7,1489.79,0.0,0.0,0.5808,0.52738,0.0,1,0.0030430998,0.2903920999,0.2887059236637677,Test
AFENEE_clean,4.49346,3.41581,4.45719,1.24906,796.3,637.522,0.0,0.0,0.4856,0.388774,0.0,1,0.0022287713,0.2184195878,0.21061825298792183,Test
AFIPAH_clean,4.37538,3.90569,4.37538,1.83885,841.292,457.509,0.0,0.0,0.5032,0.273649,0.0,1,0.0019927737,0.1825893672,0.1876399271676526,Test
AFITEP_clean,4.64022,4.09997,4.63375,1.06928,1521.04,1422.49,0.0,0.0,0.5262,0.492105,0.0,0,0.006427199,0.6033745342,0.6011292886111955,Train
AFITUF_clean,7.14066,5.08524,7.12439,1.32285,1391.46,1051.86,0.0,0.0,0.5322,0.402312,0.0,1,0.0022876974,0.2164839577,0.2205240649596903,Test
AFIXAO_clean,6.3306,4.52097,6.32879,1.12223,1320.24,1176.44,0.0,0.0,0.5702,0.508096,0.0,0,0.0018451659,0.1763083015,0.1732355957025152,Test
AFIXES_clean,6.43864,4.7481,6.42659,1.12574,1304.99,1159.23,0.0,0.0,0.5758,0.511486,0.0,0,0.0018376126,0.1759381893,0.17387640384979747,Test
AFOTOF_clean,8.7931,6.77287,8.7931,1.07439,1647.74,1533.66,0.0,0.0,0.6144,0.571859,0.0,0,0.0031903843,0.3057665142,0.3027806025563479,Train
AFOTUL_clean,8.80212,6.81408,8.79682,1.05969,1683.28,1588.47,0.0,0.0,0.614,0.579417,0.0,0,0.0031126584,0.3021807904,0.29972748459347387,Test
AFOVAT_clean,8.32882,6.54754,8.28902,1.04077,1670.63,1605.18,0.0,0.0,0.61,0.586104,0.0,0,0.0032216756,0.3087571226,0.30993710938242797,Train
AFOVEX_clean,8.81515,6.86051,8.81515,1.02206,1673.56,1637.43,0.0,0.0,0.619,0.605638,0.0,0,0.0031576828,0.301110133,0.30324014099395297,Test
AFOVIB_clean,8.79334,6.74118,8.79334,1.0948,1657.47,1513.94,0.0,0.0,0.6104,0.557543,0.0,0,0.0033107483,0.3114840563,0.3132640094486158,Train
AFOVOH_clean,8.78847,6.84598,8.77538,1.04816,1663.77,1587.32,0.0,0.0,0.6228,0.594182,0.0,0,0.003307381,0.3098945783,0.31314762404085006,Test
AFOYAW_clean,5.94533,4.22739,5.94533,0.978122,1810.39,1850.89,0.0,0.0,0.6112,0.624871,0.0,1,0.0028273503,0.273839861,0.2780299811119521,Test
AFOYEB_clean,5.92566,5.81418,5.92369,1.68224,585.772,348.21,0.0,0.0,0.4054,0.240988,0.0,0,0.0010704797,0.0994643133,0.11152798276055825,Test
AFOYIE_clean,9.08566,8.61929,9.08005,0.761887,2055.27,2697.6,0.0,0.0,0.71,0.931897,0.0,1,0.002031339,0.2082476647,0.20694826143690126,Train
AFOYOK_clean,7.73482,5.71785,7.72321,0.979448,1633.89,1668.18,0.0,0.0,0.588,0.600338,0.0,0,0.0018970011,0.1917323067,0.1880132825847845,Train
AFUKET_clean,5.96671,4.7743,5.96671,0.9597,1662.19,1731.99,97.0966,101.174,0.5958,0.620819,0.0,1,0.0047730617,0.4129868743,0.4278131155464049,Train
AFUKIX_clean,8.69504,5.47442,8.69504,0.784292,2017.86,2572.85,0.0,0.0,0.6382,0.813728,0.0,1,0.0027883127,0.2676199327,0.273050166212638,Train
AFUPEX_clean,5.43312,4.58891,5.43311,1.38641,2204.93,1590.39,0.0,0.0,0.6146,0.443303,0.0,1,0.0028161806,0.2643257874,0.27252849488450204,Train
AGABIU_clean,12.57098,10.82742,12.57098,0.647122,1792.07,2769.29,2.83534,4.38145,0.7402,1.14383,0.0,1,0.0015256013,0.1456715883,0.15038471191088598,Test
AGARUW_clean,6.77693,6.25183,6.7733,1.77195,1346.33,759.804,0.0,0.0,0.5056,0.285336,0.0,0,0.0012686615,0.1258067124,0.1251784806870418,Train
AGIREP_clean,10.92956,6.85619,7.97786,0.99837,2250.02,2253.69,0.0,0.0,0.6896,0.690726,0.0,1,0.002931732,0.2915335653,0.2816224429617172,Test
AGOFEJ_clean,12.6138,8.71559,12.59801,0.583675,1959.85,3357.77,0.0,0.0,0.767,1.31409,0.0,1,0.0023504909,0.2195602597,0.23446006651722243,Test
AGONAM_clean,5.63222,4.90729,5.59904,1.43768,1370.35,953.171,0.0,0.0,0.568,0.395082,0.0,0,0.0028553299,0.2667906764,0.2668871872138509,Test
AGONEQ_clean,6.16099,5.90611,6.12795,1.08253,2263.15,2090.61,0.0,0.0,0.6752,0.623722,0.0,0,0.0027545611,0.2587640028,0.27203280244880623,Test
AGOVOJ_clean,13.91201,9.20691,13.91201,0.616035,2114.14,3431.85,0.0,0.0,0.7722,1.2535,0.0,1,0.0025288995,0.2315606825,0.25291327214008574,Test
AGUVOO_charged,6.0722,4.11181,6.0722,1.16455,1517.34,1302.94,0.0,0.0,0.582,0.499765,0.0,1,0.0020626612,0.2022754197,0.20073393918344754,Train
AHAMAY_clean,4.44036,3.90831,4.43859,2.24993,500.113,222.279,0.0,0.0,0.401,0.178228,0.0,1,0.0030621844,0.2527163959,0.25526455409835686,Train
AHEQAH_clean,9.26829,6.21673,9.2669,0.759287,2415.98,3181.91,0.0,0.0,0.7146,0.941146,0.0,1,0.0027676042,0.2820051619,0.27515888425188917,Test
AHOKIR01_clean,4.30721,3.46839,4.30721,1.92701,892.53,463.167,0.0,0.0,0.4868,0.252619,0.0,1,0.0037786192,0.3590009322,0.32999173793360415,Test
AHOKIR_clean,4.49939,3.47861,4.49939,1.88207,939.705,499.294,0.0,0.0,0.4884,0.259502,0.0,1,0.0022763799,0.2116572241,0.22011116603104303,Test
AHOKOX_clean,4.49188,3.54288,4.49188,1.73966,1360.22,781.89,0.0,0.0,0.5116,0.29408,0.0,1,0.0023585999,0.2260085179,0.23528445936986697,Test
AJAKON_clean,5.2765,4.32303,5.27104,1.36723,1066.44,780.005,8.76449,6.41042,0.5024,0.367459,0.0,1,0.0023824227,0.2195577043,0.22386357190466155,Train
AJAYIT_clean,7.12611,4.89301,7.12611,1.98392,840.751,423.782,0.0,0.0,0.4314,0.217448,0.0,0,0.0012505185,0.1203526152,0.11987353848975674,Train
AJIGIL_clean,6.71352,5.54656,6.70452,1.08988,996.607,914.419,0.0,0.0,0.4838,0.443902,0.0,1,0.0011163359,0.1052530377,0.10937474949923565,Train
AJOTEY_clean,5.91075,5.20074,5.90935,1.2556,1942.39,1546.98,0.0,0.0,0.6358,0.506371,0.0,1,0.0022318461,0.2199143498,0.21837873436351357,Train
AJOVEB_clean,5.15455,4.85632,5.13093,1.95651,774.474,395.845,0.0,0.0,0.4138,0.211499,0.0,1,0.0016099124,0.1496958534,0.1482895556176003,Test
AJOXAA_clean,6.60857,4.38157,6.58169,1.52914,1380.73,902.948,0.0,0.0,0.5468,0.357587,0.0,1,0.0029376316,0.2819669998,0.27480907058872334,Test
AKEDIF_clean,5.94406,5.31262,5.94406,0.925851,1673.96,1808.02,0.0,0.0,0.5828,0.629475,0.0,0,0.0044149483,0.4376369217,0.41956841592601724,Test
AKOBAF_clean,4.84557,3.80044,4.84557,1.15061,997.702,867.108,0.0,0.0,0.498,0.432814,0.0,1,0.0030466862,0.2918647748,0.2890446899841317,Test
AKOHEO_clean,5.56086,3.46237,5.08522,2.37535,1051.21,442.55,0.0,0.0,0.4804,0.202244,0.0,1,0.0008209885,0.079783415,0.07812689158900818,Train
AKUKUO_clean,5.04792,4.38484,5.0448,1.30477,1062.64,814.426,0.0,0.0,0.5004,0.383515,0.0,0,0.003024599,0.2800921556,0.2837047491315897,Test
ALAHUS_clean,7.1812,5.45466,7.18023,1.36604,1533.73,1122.76,0.0,0.0,0.5724,0.41902,0.0,1,0.0017819957,0.1722995762,0.17338847368063764,Train
ALAMUW_clean,11.92678,5.98269,11.92678,0.64997,2447.93,3766.22,0.0,0.0,0.761,1.17082,0.0,1,0.0031120104,0.324470001,0.316428175635994,Train
ALANAD_clean,8.58065,5.8094,8.54388,0.697286,2813.81,4035.37,0.0,0.0,0.7542,1.08162,0.0,1,0.0030194637,0.3122269767,0.3008757035358851,Test
ALEJAE_clean,19.86541,14.56862,19.86541,0.274675,1427.0,5195.22,0.0,0.0,0.8942,3.25548,0.0,1,0.003136539,0.3039277278,0.3198329775716399,Test
ALEJEI_clean,18.06508,7.13825,11.29555,0.600782,2223.57,3701.13,0.0,0.0,0.783,1.3033,0.0,1,0.0027511212,0.2808867822,0.27671834183045013,Train
ALEJIM_clean,18.20917,7.10984,11.84134,0.592075,2208.62,3730.3,0.0,0.0,0.783,1.32247,0.0,1,0.0028583702,0.2939206952,0.28467317682794296,Train
ALEQIT_clean,5.78407,3.96262,5.7827,1.90553,677.8,355.702,0.0,0.0,0.434,0.227759,0.0,1,0.0016525483,0.1553612582,0.14810939785199578,Test
ALIBUT_clean,13.10382,3.67767,13.10382,1.322,940.809,711.658,184.278,139.394,0.5642,0.426778,0.0,0,0.0013278742,0.1241852083,0.1214020714760112,Test
ALICAA_clean,12.98786,3.46699,12.98786,1.43218,894.164,624.337,203.647,142.194,0.5692,0.397436,0.0,0,0.0011237455,0.1063996752,0.11548838141642168,Test
ALIXAU_clean_h,6.17139,3.91412,6.17139,1.43262,670.443,467.985,13.6022,9.49467,0.4726,0.329886,0.0,1,0.001819453,0.1771205987,0.16164221036602935,Test
ALIXOJ_clean,7.8603,5.01976,7.84665,0.979833,2007.79,2049.12,0.0,0.0,0.6394,0.65256,0.0,1,0.0022819973,0.2292837924,0.2272252362754152,Test
ALIXUP_clean,6.38387,5.75713,6.38387,1.33865,1367.26,1021.37,0.0,0.0,0.5492,0.410264,0.0,1,0.0006126702,0.0597609261,0.06253936060715906,Train
ALOLES_ion_b,5.85254,4.25768,5.80032,2.20818,502.012,227.343,0.475191,0.215196,0.4238,0.191923,0.0,1,0.0002876155,0.0322646865,0.02972415258889516,Train
ALOLET_charged,9.3993,5.21411,9.3806,0.901246,1693.51,1879.08,13.2521,14.7042,0.6446,0.715232,0.0,0,0.0030738565,0.2847936292,0.2921371952135751,Train
ALOLIX_charged,9.32283,5.599,9.29982,0.940569,1861.76,1979.4,0.0,0.0,0.66,0.701703,0.0,0,0.0023157257,0.2313892452,0.23183412195314712,Train
ALOLIY_clean,6.86569,5.12412,6.86243,1.19169,992.554,832.898,0.0,0.0,0.537,0.450621,0.0,1,0.000603865,0.0548639758,0.060237385930484194,Train
ALONEV_clean,5.59976,4.84057,5.59976,1.49156,1651.89,1107.49,0.0,0.0,0.571,0.382821,0.0,1,0.0007213096,0.0671285711,0.07426186259543177,Train
ALUJEX_clean,5.99288,4.42191,5.93648,1.43356,1311.29,914.712,0.0,0.0,0.5364,0.374173,0.0,1,0.0029014836,0.2663647162,0.2690723294228827,Train
ALUJIB_clean,6.08943,4.42337,5.91878,1.4324,1320.62,921.959,0.0,0.0,0.5424,0.378664,0.0,1,0.0028470548,0.2687559114,0.2666463941243324,Test
ALUJOH_clean,6.14197,4.45081,6.02384,1.41539,1356.59,958.46,0.0,0.0,0.5526,0.390423,0.0,1,0.0025649736,0.2500635853,0.2440238305598036,Train
ALUKIC_clean,8.54387,6.77342,8.52787,0.56692,2883.21,5085.74,0.0,0.0,0.7934,1.39949,0.0,1,0.0023619557,0.2415992685,0.23723610110594062,Train
ALUKOI_clean,8.54787,6.76817,8.5436,0.579939,2887.58,4979.11,0.0,0.0,0.7926,1.3667,0.0,1,0.002278572,0.2362675587,0.22958373652549535,Test
ALUKUO_clean,8.54799,6.78315,8.52991,0.582411,2894.93,4970.58,0.0,0.0,0.7922,1.36021,0.0,1,0.0024467724,0.2346815572,0.24478567590632083,Test
ALULAV_clean,8.53005,6.74275,8.5229,0.590909,2900.24,4908.1,0.0,0.0,0.7924,1.34099,0.0,1,0.0023454697,0.2336618358,0.23670765942779998,Train
ALULEZ_clean,18.75501,13.37911,18.68884,0.425946,1475.35,3463.71,0.0,0.0,0.8336,1.95706,0.0,0,0.0018906769,0.1838637134,0.18845930699921987,Test
ALULID_clean,7.81513,5.26988,7.81513,0.929552,2122.82,2283.71,0.0,0.0,0.6652,0.715614,0.0,1,0.0024483688,0.2313506849,0.24227329672423864,Test
ALURAB_clean,6.8318,3.73291,6.33433,1.05182,1255.59,1193.73,0.0,0.0,0.5338,0.507503,0.0,0,0.0024331624,0.2399214883,0.23519842951291037,Train
ALUREF_clean,6.8305,3.71719,6.1852,1.05415,1260.09,1195.37,0.0,0.0,0.5302,0.502967,0.0,0,0.0025308442,0.2463393031,0.24575323947465427,Test
ALURIJ_clean,6.87946,3.53974,6.12375,1.07753,1201.6,1115.15,0.0,0.0,0.5294,0.49131,0.0,0,0.0026956738,0.2525391997,0.25302665338231006,Test
AMAFOK_clean,6.60314,5.66314,6.60314,1.49249,870.16,583.026,0.0,0.0,0.4392,0.294274,0.0,1,0.0031614018,0.2918758577,0.29116901425723923,Train
AMAGAX_clean,6.93247,6.0951,6.93247,1.45916,960.382,658.174,0.0,0.0,0.4598,0.315113,0.0,1,0.0029638142,0.2702351097,0.2727349070477523,Train
AMILOY_clean,11.03089,9.17864,11.01877,1.00746,1259.05,1249.73,0.0,0.0,0.6048,0.60032,0.0,1,0.0032500317,0.2912114749,0.29002265341709754,Test
AMILUE_clean,11.39418,11.07263,11.39418,0.982365,1253.76,1276.27,0.0,0.0,0.6124,0.623394,0.0,1,0.0032425843,0.2820512116,0.2907716534897952,Train
AMIMAL_clean,11.07211,9.50667,11.06415,0.988926,1269.07,1283.28,0.0,0.0,0.6132,0.620066,0.0,1,0.0031293843,0.2911548749,0.2829016341943016,Train
AMIMEP_clean,11.21563,10.87494,11.21563,0.985981,1260.64,1278.57,0.0,0.0,0.6026,0.611168,0.0,1,0.0031487474,0.2887017117,0.28289153164259,Test
AMODUC_clean,8.56321,6.70069,8.56321,0.575734,2862.5,4971.91,0.0,0.0,0.7896,1.37147,0.000694765,1,0.0024656387,0.2496648078,0.24649436999865665,Test
AMOFAK_clean,8.38842,6.72694,8.33928,0.577283,2917.64,5054.09,0.0,0.0,0.7804,1.35185,0.0,1,0.0025789554,0.2516040205,0.25895950384168476,Test
AMOYOR_clean,4.82905,4.48972,4.82035,1.16972,759.125,648.979,0.0,0.0,0.4596,0.392914,0.0,0,0.0028908894,0.2569739282,0.2626151824331744,Test
AMUFOF_clean,5.11388,4.36379,5.09892,1.34461,989.368,735.801,0.0,0.0,0.4928,0.366499,0.0,1,0.001792199,0.162297312,0.16898281537152207,Test
AMUPOP_clean,4.74814,3.78436,4.74702,1.30283,544.632,418.038,0.0,0.0,0.4486,0.344328,0.0,1,0.0039284181,0.337375934,0.3420485568849626,Test
AMUWIP_charged,9.98598,8.78636,9.98598,0.771567,2426.54,3144.95,0.0,0.0,0.7126,0.923575,0.0,0,0.0024734699,0.2359138853,0.24347317752033398,Test
AMUWUB_clean,10.40349,8.69532,10.40349,0.914151,1431.03,1565.42,0.0,0.0,0.6498,0.710823,0.0,1,0.0011654487,0.1182953835,0.11632035543984329,Train
AMUXAI_clean,8.64297,7.79614,8.57936,1.02442,1402.26,1368.83,0.421846,0.411789,0.5964,0.582182,0.0,1,0.0010810897,0.1027271668,0.10880367650395789,Train
ANAWIX_clean,5.45667,5.01969,5.45432,1.52823,1486.52,972.705,0.0,0.0,0.5628,0.368269,0.0,1,0.0026940445,0.2561225104,0.2527003219105185,Train
ANAWOD_clean,6.92762,6.10595,6.92762,1.43826,1562.19,1086.17,0.0,0.0,0.5924,0.411885,0.0,0,0.0030899638,0.2985325936,0.2969846080509837,Test
ANEHEI_clean,6.80985,3.50032,6.5431,1.23995,1316.98,1062.12,0.0,0.0,0.5484,0.442274,0.0,1,0.0026166298,0.2550362256,0.2500023031289683,Train
ANENEN_clean,6.01479,4.21811,6.00446,1.32355,832.511,628.996,0.0,0.0,0.48,0.36266,0.0,1,0.0020566823,0.1840264243,0.1931331926711346,Test
ANENIR_clean,6.14773,4.26664,6.04871,1.32991,783.463,589.11,0.0,0.0,0.4684,0.352204,0.0,1,0.0019687898,0.1846768794,0.18080751507855305,Train
ANIDIL_clean,5.09322,4.44244,5.09322,1.49981,585.282,390.237,0.0,0.0,0.4068,0.271234,0.0,0,0.0009739188,0.0922685862,0.09605006518705236,Test
ANOMUM_clean,7.28969,4.98752,7.24267,0.833729,2493.01,2990.19,0.0,0.0,0.6952,0.833844,0.0,1,0.0034407674,0.3504065874,0.33809000524134525,Test
ANONAT_manual,7.80429,5.88473,7.80429,0.800823,2311.14,2885.95,0.0,0.0,0.6928,0.86511,0.0,1,0.0033275269,0.3201452561,0.3196979285206389,Train
ANUGEW_clean,14.4419,10.2051,14.4419,0.443469,2088.1,4708.57,0.0,0.0,0.8326,1.87747,0.0,1,0.0026206162,0.2509691069,0.26150638805436344,Test
ANUGIA_clean,13.85309,6.75838,13.85309,0.567973,2306.32,4060.62,0.0,0.0,0.7948,1.39936,0.0,1,0.002656211,0.2691478013,0.2689774078995329,Train
ANUGOG_clean,11.39005,7.08849,11.39005,0.58467,2472.03,4228.07,0.0,0.0,0.7898,1.35085,0.0,1,0.0029469491,0.2837922287,0.28974758683364404,Train
APACAX_clean,5.65344,4.07573,5.64183,1.00727,1776.16,1763.34,0.75218,0.746751,0.6264,0.621879,0.0,1,0.0057240368,0.5555755771,0.5506687847997744,Train
APARAM_clean,12.00094,11.06312,12.00094,0.965457,1025.27,1061.95,99.7383,103.307,0.6016,0.623124,0.0,0,0.0036866986,0.3194899833,0.31974984255748296,Train
APAYIB_clean,5.96805,4.21212,5.96805,1.10941,2139.9,1928.86,0.0,0.0,0.6164,0.555611,0.0,1,0.0042364249,0.4060163008,0.40473566240672665,Test
APAYOH_clean,6.13125,4.32559,6.13125,1.11146,2186.88,1967.56,0.0,0.0,0.6078,0.546846,0.0,1,0.004259922,0.3993646737,0.40448956988218676,Train
APAYUN_clean,6.02417,4.10555,6.02138,1.04671,2066.79,1974.55,0.0,0.0,0.6206,0.592904,0.0,1,0.0039662453,0.3738975493,0.375946951405924,Test
APAZAU_clean,6.57194,4.51844,6.57194,0.970314,2263.88,2333.14,0.0,0.0,0.6264,0.645564,0.0,1,0.004041676,0.3792258994,0.38438457544998733,Train
APAZEY_clean,6.61049,4.70522,6.61049,0.97171,2250.82,2316.35,0.0,0.0,0.6362,0.654722,0.0,1,0.0038278349,0.3650727408,0.3689817338695529,Test
APAZIC_clean,7.1095,4.86225,7.1095,0.893607,2183.36,2443.31,0.0,0.0,0.6554,0.733432,0.0,1,0.0036438599,0.3397060498,0.3470005472616351,Train
APAZOI_clean,6.38612,4.28228,6.36726,1.14648,2047.77,1786.13,0.0,0.0,0.6026,0.525607,0.0,1,0.0037583245,0.3531109983,0.35699496113706686,Train
APEBED_clean,4.58202,3.62787,4.5574,1.65192,481.079,291.224,0.0,0.0,0.4828,0.292266,0.0,1,0.0039608594,0.349770274,0.3451956283285694,Train
APEBEE_clean,5.40727,4.06272,5.33928,1.31041,1192.91,910.333,0.0,0.0,0.513,0.391481,0.0,1,0.0036975365,0.3461449554,0.3414574223481816,Train
APEBUU_clean,4.93858,3.80274,4.91529,1.49581,927.0,619.731,0.0,0.0,0.4876,0.325977,0.0,1,0.0018891225,0.1809405224,0.17381490934258229,Test
AQEQES_clean,5.6853,5.37606,5.64875,1.07587,1742.46,1619.58,0.0,0.0,0.6052,0.56252,0.0,0,0.0035412992,0.3322709347,0.33892409545061,Train
AQEQIW_clean,6.30636,5.13016,6.19765,1.10057,1724.95,1567.33,0.0,0.0,0.6202,0.563526,0.0,0,0.0039924361,0.3884195763,0.3779578614032184,Train
AQIQAU_clean,7.60741,6.30843,7.59214,0.861714,1966.86,2282.5,0.0,0.0,0.658,0.763595,0.0,1,0.0026648455,0.2613131306,0.2633376459242245,Test
AQIXUV_clean,8.64919,5.459,8.64919,0.934501,1104.45,1181.86,0.0,0.0,0.5626,0.602032,0.0,1,0.0012873856,0.1197185186,0.12440856162262728,Test
AQOLEZ_clean,15.56875,9.80847,15.56875,0.777237,1278.3,1644.67,443.796,570.991,0.7198,0.926101,0.0,1,0.0033416461,0.3186233009,0.3117885192515612,Test
AQOLID_clean,15.46142,7.44821,15.40352,1.15975,1222.53,1054.13,396.899,342.228,0.6494,0.559948,0.0,1,0.00274259,0.2719001724,0.26898809314933775,Train
AQOLUP_clean,15.5822,9.65924,15.5822,0.788284,1287.18,1632.89,417.804,530.017,0.712,0.903228,0.0,1,0.003365359,0.3159241095,0.31627877360302264,Test
AQOMAW_clean,15.65949,6.23259,15.65949,1.14479,1297.32,1133.23,389.885,340.573,0.648,0.566042,0.0,1,0.0027124189,0.2618617247,0.2619272370454735,Test
AQOMEA01_clean,15.71951,9.72839,15.71951,0.76692,1281.45,1670.9,425.267,554.513,0.7184,0.936734,0.0,1,0.0031979179,0.3009846442,0.30490775232439765,Test
AQOMEA_clean,15.83521,9.82464,15.8304,0.749306,1274.9,1701.44,431.482,575.842,0.7222,0.963826,0.0,1,0.0030656188,0.2938342899,0.29461343152718217,Train
AQUCOF_clean,9.38154,5.59471,9.38154,1.04219,1955.75,1876.59,0.0,0.0,0.6824,0.654777,0.0,1,0.0016442742,0.1611904263,0.15901457125169338,Test
AQUCOG_clean,11.41407,10.59979,11.41389,1.19971,1576.67,1314.22,0.0,0.0,0.6588,0.549134,0.0,1,0.0018941528,0.182227488,0.18326942232709903,Test
AQUCUM_clean,11.51533,10.7235,11.51515,1.1988,1578.94,1317.1,0.0,0.0,0.662,0.55222,0.0,1,0.0019137721,0.1852247797,0.1853187409794674,Test
AQUDAS_clean,9.38408,5.62446,8.32943,1.03958,1962.23,1887.52,0.0,0.0,0.6752,0.649493,0.0,1,0.0017055861,0.1624305992,0.16977299620912667,Test
AQUDAT_clean,3.98099,3.46811,3.98099,1.656,229.295,138.463,0.0,0.0,0.3916,0.236474,0.0,1,0.0013721097,0.1350141744,0.12902864651049029,Train
AQUDEX_clean,4.02336,3.48999,4.02336,1.64794,245.164,148.77,0.0,0.0,0.3954,0.239936,0.0,1,0.0015199848,0.1438241141,0.13282659135312003,Test
AQUDIB_clean,11.3608,10.54479,11.3608,1.19943,1577.62,1315.3,0.0,0.0,0.659,0.549427,0.0,1,0.0018575896,0.1778336599,0.18222000503112018,Test
AQUDOH_clean,4.03231,3.46877,4.03231,1.63524,245.521,150.143,0.0,0.0,0.397,0.242778,0.0,1,0.0014531566,0.1361730028,0.13224955618291437,Train
ARADEE_clean,5.98273,5.3868,5.98273,1.18176,2613.25,2211.32,0.0,0.0,0.645,0.545797,0.0,1,0.0028821229,0.2858392747,0.2833307050435341,Train
ARAFEF_clean,8.89536,8.62816,8.89536,0.837745,1861.72,2222.3,0.0,0.0,0.6918,0.825789,0.0,1,0.0026763435,0.2589876995,0.26121484654822713,Test
ARAFIJ_clean,7.45121,6.98768,7.45121,0.945343,1746.6,1847.59,0.0,0.0,0.6538,0.691601,0.0,1,0.0029029922,0.2688695831,0.2787899146771895,Train
ARAFOP_clean,5.6675,5.04419,5.6675,1.1688,1345.58,1151.25,0.0,0.0,0.5694,0.487165,0.0,1,0.0028580402,0.2702196539,0.2688531473483238,Test
ARAGOR_clean,6.01834,3.95176,6.01834,1.15627,1427.45,1234.53,0.0,0.0,0.5724,0.49504,0.0,1,0.0030986517,0.2910679344,0.29487105369055816,Train
ARINOF_clean,4.65727,3.54074,4.65727,1.16089,773.093,665.951,0.0,0.0,0.4696,0.404519,0.0,0,0.002433344,0.2345795272,0.2265031132821544,Test
ARINUL_clean,4.74057,3.91438,4.73173,1.12547,612.424,544.15,0.0,0.0,0.4952,0.439995,0.0,0,0.002299825,0.211740117,0.215388135867984,Train
AROFAP_clean,6.18036,4.30595,6.18036,1.16997,1430.3,1222.5,0.0,0.0,0.575,0.491464,0.0,1,0.0048689683,0.4613179543,0.44146510380183085,Test
AROFET_clean,8.28593,5.15676,8.15353,0.856166,2227.42,2601.62,0.0,0.0,0.6884,0.804049,0.0,1,0.0025004155,0.2535719887,0.2507031769090579,Train
ARUYES_clean,5.37817,4.58095,5.37264,1.47856,1357.43,918.075,0.0,0.0,0.5162,0.349122,0.0,1,0.0037723645,0.3533806005,0.3423870373864959,Test
ARUYUH01_clean,4.94052,4.11721,4.9348,1.67517,1504.56,898.154,0.0,0.0,0.6094,0.363784,0.0,0,0.0046024216,0.4214379255,0.4179917677961007,Test
ARUYUH_clean,4.6223,3.84632,4.60163,1.67938,1300.59,774.446,0.0,0.0,0.5928,0.352987,0.0,0,0.0037679111,0.3555630541,0.34371712131923476,Test
ASACON_clean,6.42024,5.0837,6.41252,1.7783,988.209,555.703,0.0,0.0,0.4528,0.254625,0.0,1,0.0026229608,0.2333017991,0.2415099377423832,Train
ASADAA_clean,5.76705,4.61254,5.76705,1.521,1240.97,815.894,0.0,0.0,0.5144,0.338199,0.0,0,0.0018723645,0.1870034138,0.1733921367818745,Test
ASAHEJ_clean,7.58274,6.68199,7.16375,2.10294,1485.76,706.516,0.0,0.0,0.5748,0.273331,0.0,1,0.0005388897,0.0527363904,0.05540949540349305,Train
ASECUY_clean,6.38635,5.15151,6.24805,1.43745,1124.79,782.485,0.0,0.0,0.5026,0.349646,0.0,1,0.0014102157,0.1403778832,0.1350855223772876,Test
ASEJOZ01_clean,4.14952,3.66327,4.14952,1.74866,569.673,325.777,0.0,0.0,0.506,0.289365,0.0,1,0.0009623777,0.0918462679,0.09701132997217052,Train
ASEJOZ_clean,4.13262,3.6686,4.1292,1.75655,575.771,327.784,0.0,0.0,0.5006,0.28499,0.0,1,0.0009602062,0.0921980395,0.09638510198752598,Test
ASINAT_clean,9.7655,7.73483,9.74652,0.727417,1863.77,2562.17,0.0,0.0,0.6748,0.927666,0.0,1,0.0028053921,0.2687401776,0.2786439352314596,Train
ASINEX_clean,12.53569,7.27061,12.47881,0.659976,1848.81,2801.34,0.0,0.0,0.7014,1.06277,0.0,1,0.0025195166,0.2519021072,0.25002838008905715,Test
ASINIB_clean,12.40052,7.22634,12.40052,0.666065,1847.56,2773.85,0.0,0.0,0.713,1.07047,0.0,1,0.0026294872,0.2465196837,0.25740029167741374,Test
ASIQEA_clean,8.85063,6.25728,8.83155,0.902561,1517.6,1681.44,0.0,0.0,0.6232,0.69048,0.0,1,0.001990064,0.2030066311,0.19668975725645182,Test
ASIQIE_clean,9.00205,6.2555,8.99942,0.893575,1516.45,1697.06,0.0,0.0,0.6152,0.688471,0.0,1,0.0020339222,0.2081380359,0.20423372580782534,Train
ASIVAB_clean,12.32132,7.27063,11.94622,0.538243,2328.12,4325.4,0.0,0.0,0.795,1.47703,0.0,1,0.00232557,0.2479077534,0.23993760890670218,Train
ASOHUL_clean,6.56282,6.27917,6.55848,1.03902,1614.33,1553.7,0.0,0.0,0.6152,0.592095,0.0,0,0.0019711539,0.1965647925,0.19222224806509763,Train
ASOSUY_clean,9.00116,4.32918,8.7971,0.897328,2289.34,2551.28,0.0,0.0,0.6734,0.75045,0.0,1,0.0041751281,0.4075984084,0.40186391046606895,Train
ASOVEL_clean,5.72633,5.3133,5.71091,1.03379,949.896,918.849,0.0,0.0,0.495,0.478821,0.0,1,0.0023991009,0.2299245814,0.22713531486829058,Train
ASOYOY_clean,9.52144,5.9183,9.51707,0.828676,2119.74,2557.99,0.0,0.0,0.6796,0.820103,0.0,1,0.0027223243,0.2619327423,0.2644535215018472,Test
ASUBIB_clean,6.13583,4.25508,6.12102,1.52116,1472.07,967.73,0.0,0.0,0.532,0.349733,0.0,1,0.0032092052,0.305328443,0.3042226737327731,Train
ASUKEE01_clean,4.79531,3.45398,4.78239,1.18884,601.717,506.139,0.156486,0.131629,0.504,0.423944,0.0,1,0.0029432382,0.2867152113,0.2687632048177461,Test
ASUKEE_clean,4.78914,3.45844,4.64139,1.18597,613.731,517.491,0.198684,0.167528,0.5058,0.426485,0.0,1,0.0030560361,0.2883442228,0.28998536188257623,Test
ASUWUI_clean,7.16113,4.73321,7.10699,1.15085,1085.85,943.517,0.0,0.0,0.5382,0.467654,0.0,1,0.0023938265,0.2242151615,0.22694322742382028,Train
ATAFIK_clean,6.40025,5.70377,6.3929,1.21508,2093.15,1722.65,0.0,0.0,0.6392,0.526057,0.0,1,0.0031323618,0.305654796,0.3017890641189288,Test
ATAYAX_clean,10.41989,5.8507,10.41891,0.781859,2402.26,3072.5,0.0,0.0,0.7182,0.91858,0.0,1,0.0037627321,0.3545708048,0.35729883741175555,Test
ATAYEB_clean,10.54748,5.75428,10.54661,0.825883,2349.73,2845.11,0.0,0.0,0.7048,0.853389,0.0,1,0.0033772273,0.3269460626,0.3272376038997064,Test
ATEYED_clean,7.47545,6.2198,7.47545,0.467817,3303.45,7061.42,0.0,0.0,0.7762,1.6592,0.0,1,0.002859425,0.2938905315,0.28726057854057296,Test
ATEYOP_clean,10.52737,8.16815,10.52737,0.722386,2397.76,3319.23,0.0,0.0,0.744,1.02992,0.0,1,0.003339671,0.3249831727,0.3220292973099727,Test
ATEYUV_clean,10.25531,8.1108,10.25531,0.751133,2430.54,3235.83,0.0,0.0,0.7324,0.975061,0.0,1,0.0036784811,0.341609348,0.35841499223025114,Test
ATEZAC_clean,10.53968,7.74023,10.53968,0.687634,2293.89,3335.91,0.0,0.0,0.7586,1.1032,0.0,1,0.0029105615,0.2728660274,0.27993618035259527,Test
ATIBAG_clean,4.88713,3.88543,4.88713,1.64828,882.041,535.129,0.0,0.0,0.4606,0.279443,0.0,0,0.0011656064,0.1089857975,0.11240920645877961,Train
ATIBOU01_clean,5.12784,4.01813,5.11026,1.59271,1003.99,630.367,0.0,0.0,0.4816,0.302377,0.0,0,0.0012390556,0.1132522364,0.12199204375807945,Train
ATIBOU02_clean,5.13844,4.03284,5.13064,1.58929,1001.62,630.232,0.0,0.0,0.4764,0.299756,0.0,0,0.0011177048,0.1126550627,0.10923392733912829,Train
ATIBOU_clean,4.75824,3.95303,4.75824,1.66268,883.495,531.369,0.0,0.0,0.4562,0.274376,0.0,0,0.0011959441,0.1136546101,0.11418762539207988,Train
ATIBUA_clean,4.92972,3.79229,4.92858,1.6758,825.852,492.811,0.0,0.0,0.4524,0.269961,0.0,0,0.0011480425,0.109985345,0.10959060631786494,Train
ATICAH_clean,5.2478,3.97372,5.19698,1.59515,971.718,609.171,0.0,0.0,0.4788,0.30016,0.0,0,0.0012167015,0.1105058761,0.1203974392007526,Test
ATICEL_clean,4.9438,3.91943,4.9438,1.60993,940.703,584.311,0.0,0.0,0.4708,0.292434,0.0,0,0.0010825769,0.1049796242,0.1086786001281225,Test
ATIJUJ_manual,17.44029,16.95439,17.44029,0.753394,1262.36,1675.56,0.0,0.0,0.7098,0.942136,0.0,1,0.0009422246,0.0884672035,0.09307726883521997,Train
ATIRUS_clean,4.46122,3.66446,4.46122,2.04969,327.839,159.946,0.0,0.0,0.4254,0.207544,0.0,1,0.0003186091,0.0294201101,0.02998906926712519,Train
ATIXAE_clean,6.03489,5.11879,6.02804,1.08037,1988.86,1840.92,0.0,0.0,0.5946,0.550369,0.0,1,0.0025531779,0.2363154532,0.24843653206188238,Train
ATIXUX_clean,4.75983,4.08689,4.75983,1.55048,933.775,602.248,10.5817,6.82478,0.5034,0.324673,0.0,0,0.0037139258,0.3384050607,0.33794179441306227,Test
ATOGEV_clean,5.55487,4.3075,5.55487,1.61783,1414.83,874.522,0.0,0.0,0.6026,0.372475,0.0,0,0.0035600402,0.3273783932,0.32840871728135534,Test
ATOWIQ_clean,9.54888,7.69493,9.54888,0.866747,1781.33,2055.19,0.0,0.0,0.6812,0.785928,0.0,1,0.0026256815,0.2515436094,0.259205290227325,Test
ATOWOW_clean,9.60606,7.73922,9.60387,0.865497,1776.39,2052.45,0.0,0.0,0.6816,0.787524,0.0,1,0.00246033,0.2406885768,0.24160457423170284,Test
ATULIM_clean,4.7399,4.20115,4.72096,1.75805,590.761,336.032,0.0,0.0,0.3948,0.224567,0.0,0,0.0038721808,0.3121918692,0.3139892748981911,Test
ATUXIY_clean,5.42434,3.78722,5.41357,1.56042,1520.84,974.637,0.0,0.0,0.5342,0.342345,0.0,1,0.0035743371,0.3311825,0.3358158943118692,Test
AVAGIP_clean,4.84155,4.68679,4.83529,1.40449,799.444,569.206,0.0,0.0,0.4578,0.325955,0.0,1,0.0011962219,0.122718973,0.11066135592138057,Test
AVAGOV_clean,4.8139,4.57423,4.8139,1.40471,790.723,562.91,0.0,0.0,0.4598,0.327328,0.0,1,0.001408671,0.1349969949,0.1343660506130619,Test
AVAGUB_clean,4.77305,4.26622,4.76857,1.33788,1125.79,841.477,0.0,0.0,0.484,0.361768,0.0,1,0.0011550719,0.1183245321,0.11651800578797597,Test
AVAJUE_clean,37.52571,19.54108,37.52571,0.164116,999.284,6088.87,0.0,0.0,0.9304,5.66915,0.0,1,0.0036626089,0.3758830718,0.3685320763727376,Train
AVAKAL_clean,26.25291,12.57512,26.25291,0.207415,1259.45,6072.13,0.0,0.0,0.913,4.40181,0.0,1,0.0030268015,0.3303422467,0.3205098868204158,Train
AVAKEP_clean,25.17564,12.49369,25.17564,0.244994,1420.93,5799.87,0.0,0.0,0.8902,3.63356,0.0,1,0.0032773174,0.3237210372,0.3329739884568097,Test
AVAQIX01_clean,5.36267,3.61603,5.3498,1.32796,1049.23,790.108,0.0,0.0,0.535,0.402873,0.0,1,0.0063852719,0.5385827899,0.5473128752666159,Train
AVAQIX_clean,5.44587,3.64311,5.44587,1.30707,1099.34,841.068,0.0,0.0,0.5528,0.42293,0.0,1,0.0059661107,0.5188310933,0.5245978590491229,Train
AVEHAM_clean,4.51878,3.91316,4.51878,1.20992,526.263,434.955,0.0,0.0,0.4704,0.388785,0.0,0,0.0021563625,0.1937270317,0.20482837549640565,Test
AVELOD_clean,8.08398,4.98141,8.08398,0.915242,1686.35,1842.51,0.0,0.0,0.6036,0.659498,0.0,1,0.0019883289,0.1961581409,0.19780209669568427,Test
AVELUJ_clean,8.10638,4.88927,8.10638,0.902679,1696.47,1879.38,0.0,0.0,0.605,0.670227,0.0,1,0.0019955153,0.2098900973,0.19745036374200042,Test
AVEMAQ_clean,7.89565,4.97897,7.87662,0.907269,1685.58,1857.86,0.0,0.0,0.6116,0.674111,0.0,1,0.002067502,0.1907257401,0.2063711847547715,Test
AVEQID_clean,7.54994,6.22752,7.22874,0.801255,2259.4,2819.83,0.0,0.0,0.702,0.876126,0.0,1,0.0033146146,0.3243124816,0.3207459865940268,Train
AVESOL_clean,5.87217,4.28231,5.84929,0.954537,2386.36,2500.02,0.0,0.0,0.6616,0.693111,0.0,1,0.0060298178,0.5828004262,0.5790234120591817,Test
AVESUR_clean,6.33732,4.06042,6.33561,1.18458,2288.74,1932.12,0.0,0.0,0.6222,0.525251,0.0,1,0.0035331782,0.3380705983,0.3380778791719838,Test
AVETEC_clean,5.69318,3.49916,5.67679,1.19478,1755.51,1469.31,2.63176,2.20271,0.6268,0.524615,0.0,0,0.0053172134,0.5071321208,0.5047467613424388,Train
AVEVEE_clean,4.17515,3.43562,4.17515,1.60472,795.582,495.775,0.0,0.0,0.4962,0.309212,0.0,0,0.0025833078,0.2324342836,0.23705391897851022,Test
AVIHIY_clean,6.88379,6.45442,6.88379,1.62124,1571.08,969.06,0.0,0.0,0.5722,0.35294,0.0,0,0.0024825106,0.2412738989,0.23977917137179794,Test
AVIHOE_clean,6.82367,6.45553,6.82367,1.66276,1569.85,944.123,0.0,0.0,0.5622,0.338112,0.0,0,0.0024376121,0.2461766577,0.234430962145864,Test
AVILEY_clean,25.42698,10.76844,22.57889,0.654082,1604.18,2452.57,0.0,0.0,0.8422,1.28761,0.0,1,0.0014797812,0.1458509336,0.14734373754906765,Test
AVIMIC_clean,5.83174,5.68454,5.8285,1.51867,600.182,395.202,0.0,0.0,0.4036,0.265759,0.0,0,0.0013762529,0.1250394053,0.13350756137552516,Test
AVIMOI_clean,5.73292,4.38571,5.54624,1.22616,1137.64,927.807,0.0,0.0,0.5176,0.422132,0.0,1,0.0048081304,0.4324714253,0.42838376569423087,Train
AVIMUO_clean,5.70679,3.6399,5.68672,1.24095,795.076,640.701,0.0545715,0.0439757,0.4934,0.397599,0.0,1,0.0027265348,0.2453768832,0.24008007169871673,Test
AVIPAX_clean,7.26399,5.25081,7.26386,0.96381,1855.66,1925.33,0.0,0.0,0.5882,0.610286,0.0,1,0.0042676753,0.3863908265,0.4013764107442066,Test
AVIPOL_clean,6.57451,5.5873,6.57451,0.939158,1727.44,1839.35,0.0,0.0,0.604,0.64313,0.0,1,0.0038075437,0.3646057616,0.3604027802125582,Train
AVITUU_clean,11.69294,6.93274,11.69294,0.710904,1782.6,2507.52,25.4741,35.8333,0.6994,0.983817,0.0,0,0.0032156455,0.3209118318,0.30295324190493594,Test
AVIVAC_clean,11.84006,7.39815,11.84006,0.73653,1721.91,2337.87,62.4247,84.7552,0.713,0.968053,0.0,1,0.0029745133,0.2867508865,0.2944916883236142,Test
AVIVEG_clean,11.84801,7.36492,11.84801,0.733043,1723.96,2351.79,66.007,90.0452,0.716,0.97675,0.0,1,0.0030229174,0.2957759189,0.296421249866686,Test
AVIVIK_clean,11.79938,6.70311,11.79938,0.734288,1705.89,2323.19,141.576,192.807,0.7142,0.972643,0.0,1,0.0031322171,0.2974669414,0.2975338784694869,Train
AVIVOQ_clean,11.94166,7.13512,11.94166,0.709142,1885.38,2658.68,0.0,0.0,0.7218,1.01785,0.0,1,0.0032149726,0.3008146351,0.306960950077424,Test
AVIVUW_clean,12.04076,6.91892,12.04076,0.729779,1690.09,2315.89,127.81,175.136,0.7162,0.981393,0.0,1,0.0029104949,0.2889087749,0.27607671114263804,Test
AVOSIO_charged,10.84161,9.61852,10.84161,1.06031,1178.11,1111.1,0.0,0.0,0.5728,0.540219,0.0,1,0.000734599,0.0731100902,0.07177863362240655,Train
AVUCEA_clean,10.64181,4.52481,5.22943,0.89363,2280.68,2552.15,0.0,0.0,0.6776,0.758256,0.0,1,0.0034715688,0.3436070011,0.34056261651500197,Train
AVUDAX_clean,5.88567,3.71625,5.47513,0.998153,1603.89,1606.86,0.0,0.0,0.5746,0.575663,0.0,1,0.0023388098,0.2174302683,0.2314963532109759,Test
AWAGEL_clean,8.54501,7.28684,8.54501,0.99094,1266.94,1278.53,0.0,0.0,0.599,0.604476,0.0,1,0.0016709498,0.1672565987,0.15651414467259764,Test
AWAGOV_clean,8.03493,4.40002,8.02722,1.14872,740.321,644.475,67.7082,58.9423,0.4848,0.422035,0.0,1,0.0022223833,0.2008319531,0.2082316855091313,Test
AWAHEM_clean,7.6574,4.85724,7.65488,2.1582,1774.85,822.374,0.0,0.0,0.6144,0.284682,0.0,1,0.0007490722,0.0689637332,0.07281957043307188,Test
AWAKEQ_clean,5.66517,3.68033,5.65855,1.19573,631.039,527.745,0.0,0.0,0.5032,0.420832,0.0,1,0.0014005415,0.1298207824,0.1331979396263519,Train
AWASAU_clean,4.69319,4.39635,4.67513,2.36864,953.131,402.396,0.0,0.0,0.479,0.202226,0.0,1,0.0009887099,0.0947129928,0.09449151870582118,Test
AWASEY_clean,12.05091,7.26209,12.03698,1.15771,1906.22,1646.54,0.0,0.0,0.7186,0.620707,0.0,1,0.0008914522,0.08850419,0.0871058437989077,Test
AWASOI_clean,5.09655,4.11557,4.6794,2.36169,945.621,400.401,0.0,0.0,0.4824,0.204261,0.0,1,0.0009644949,0.0930897683,0.0948660905934535,Train
AWAWUR_clean,9.42427,4.27216,9.42427,0.982453,1582.3,1610.56,0.0,0.0,0.6066,0.617434,0.0,1,0.0027573277,0.2597343912,0.2655939652708107,Test
AWEDOW_charged,7.01648,4.5072,7.00016,1.06034,990.362,934.006,20.3226,19.1662,0.555,0.523418,0.0,0,0.0016882656,0.1635473821,0.16183116977010492,Test
AWEGEP_clean,6.08144,3.63724,6.07038,2.1577,1410.66,653.78,0.0,0.0,0.573,0.265561,0.0,1,0.000733537,0.070043306,0.07307878948546306,Test
AWEJIW_clean,10.88001,10.50387,10.88001,1.19375,1315.8,1102.24,0.0,0.0,0.6004,0.502953,0.0,1,0.0026178475,0.2448553166,0.2484687157752753,Test
AWEVIJ_clean,10.6197,8.65931,10.61387,0.747212,1607.37,2151.16,0.0,0.0,0.6408,0.857588,0.0,1,0.0030557451,0.2876712093,0.29585999781609196,Train
AWEZOS01_clean,5.84706,3.42755,5.84706,1.53516,287.064,186.993,30.7793,20.0495,0.4222,0.27502,0.0,1,0.0006656878,0.0596967724,0.05901541582294026,Train
AWEZOS_clean,5.8274,3.41984,5.8274,1.53516,283.608,184.741,30.6343,19.9551,0.4216,0.274629,0.0,1,0.0006732097,0.0570468086,0.057936206930161355,Train
AWIBAK_clean,5.84822,3.40416,5.84822,1.53516,287.757,187.444,30.381,19.7901,0.4208,0.274108,0.0,1,0.0006529005,0.0563284675,0.0578587635009945,Train
AWIBAL_clean,4.9496,4.4506,4.9496,1.68807,1040.45,616.352,0.0,0.0,0.482,0.285533,0.0,1,0.0036070466,0.3206671565,0.3255038423462275,Test
AWIBEO_clean,5.87793,3.52185,5.87695,1.56801,309.299,197.256,17.3334,11.0544,0.4132,0.263519,0.0,1,0.0004448043,0.0407563003,0.04077948093955175,Train
AWIBIS_clean,5.87895,3.53481,5.87895,1.56101,324.784,208.06,18.8769,12.0927,0.4176,0.267519,0.0,1,0.0004529051,0.0436033425,0.04231853811415662,Train
AWOFOI_clean,5.44554,4.19244,5.4181,1.31908,2093.99,1587.46,0.0,0.0,0.5974,0.452892,0.0,1,0.0030105767,0.2962764773,0.29216704516985126,Test
AWUPAL_clean,18.42063,9.23563,18.42063,0.348553,1743.14,5001.08,0.0,0.0,0.8538,2.44956,0.0,1,0.0029274952,0.2919425147,0.2847255682117183,Test
AXAFAG_clean,6.59817,6.13172,6.59498,2.82524,1689.3,597.93,0.0,0.0,0.606,0.214495,0.0,1,0.0006632867,0.0652528088,0.06964798628190114,Train
AXIMUP_clean,8.06476,5.62993,7.88344,0.749362,2380.21,3176.31,0.0,0.0,0.7064,0.942669,0.0,1,0.0023554163,0.2301690171,0.23582545019708923,Train
AXINAX01_clean,19.47488,13.27772,19.47462,0.402001,1509.07,3753.89,0.0,0.0,0.8346,2.07611,0.0,1,0.0028291492,0.2661700363,0.2784949595139673,Test
AXINEA_clean,5.37744,3.53202,5.37744,1.38918,653.213,470.214,0.0,0.0,0.4478,0.322348,0.0,0,0.0023140119,0.2065620681,0.21336618743611818,Train
AXINIF_clean,9.6188,8.65235,9.60052,0.750661,2213.56,2948.81,0.0,0.0,0.6692,0.891481,0.0,1,0.0034243643,0.3321427737,0.3331843155368378,Train
AXIPEE01_clean,6.81111,4.3641,6.75959,1.50078,1988.24,1324.81,0.0,0.0,0.6082,0.405257,0.0,1,0.001530571,0.1541197777,0.14854707596858308,Train
AXIPEE02_clean,6.48792,4.04495,6.46524,1.63435,1656.81,1013.74,0.0,0.0,0.5904,0.361245,0.0,1,0.0015675796,0.1563085736,0.15061574307152478,Test
AXIPEE03_clean,6.5428,4.0805,6.53621,1.61298,1706.94,1058.25,0.0,0.0,0.59,0.365782,0.0,1,0.0015365188,0.1537668741,0.14900017511051783,Test
AXIPEE_clean,6.41608,3.94175,6.40902,1.68088,1551.99,923.32,0.0,0.0,0.574,0.341488,0.0,1,0.0015821187,0.1584200479,0.15112737546407848,Test
AXUBAW_manual,14.24572,5.52422,14.23389,0.741721,1799.0,2425.44,0.0,0.0,0.7126,0.960739,0.0,0,0.0018284406,0.1874734488,0.18100223510482846,Test
AXUBOL_clean,7.85983,4.2994,7.19513,1.05112,1083.88,1031.17,529.841,504.074,0.6054,0.575959,0.0,0,0.0035243105,0.3313569504,0.33685591084143285,Test
AXUHAD_clean,9.91084,4.94321,9.90364,0.792408,1603.43,2023.49,0.0,0.0,0.6302,0.795297,0.0,1,0.0022088164,0.215575952,0.21740113707954745,Train
AXUHEH_clean,7.21454,5.63203,7.19196,1.06453,1024.66,962.545,0.0,0.0,0.4958,0.465746,0.0,1,0.0026621464,0.2318258161,0.2444997330704658,Train
AYOQEM_clean,12.16451,6.87343,12.16451,0.774775,2322.28,2997.35,0.0,0.0,0.7066,0.912006,0.0,1,0.002571333,0.2552168637,0.25475694022194173,Test
AYOXUJ_clean,6.31092,5.4451,6.31092,1.11362,828.348,743.833,0.0,0.0,0.4926,0.442341,0.0,1,0.0008506962,0.0814765828,0.08274692246556034,Train
AYUJIP_clean,12.69936,7.89199,12.69936,1.08786,1666.19,1531.63,0.0,0.0,0.6204,0.570296,0.0,1,0.0019899817,0.1891254739,0.19350150215075462,Train
AZAFIS_clean,4.56554,4.01347,4.56554,1.5219,1198.03,787.192,0.0,0.0,0.5324,0.349826,0.0,1,0.0035836406,0.3295395392,0.3379525768396159,Test
AZAVOO_clean,5.27678,3.99297,4.86471,1.01321,1059.99,1046.17,0.0,0.0,0.5368,0.529802,0.0,1,0.0054990679,0.5073742381,0.498104076950608,Train
AZAVUU_clean,5.48228,4.93668,5.47166,1.18498,1132.58,955.777,0.0,0.0,0.5306,0.44777,0.0,1,0.0046461697,0.426282361,0.4214133469019355,Test
AZAWAB_clean,5.65614,4.89759,5.3467,1.11309,1245.12,1118.62,0.0,0.0,0.5586,0.501848,0.0,1,0.0041011882,0.3655977839,0.37582028355446784,Train
AZEBUE_clean,5.44142,4.51467,5.32983,1.81828,1092.81,601.015,0.0,0.0,0.5076,0.279165,0.0,1,0.0035342513,0.3200449923,0.31811857665034443,Test
AZEWEH_clean,4.13891,3.52594,4.05476,2.44574,369.977,151.274,133.125,54.4315,0.4542,0.185711,0.0,1,0.002104221,0.1813684931,0.18841845514544897,Test
AZIVAI_clean,7.0547,5.80911,7.0547,0.682418,2610.44,3825.28,0.0,0.0,0.715,1.04774,0.0,1,0.0034154273,0.3339705326,0.33404377939481245,Train
AZIXUD_clean,5.99991,4.88169,5.99991,1.10463,1885.15,1706.59,0.0,0.0,0.6184,0.559825,0.0,1,0.003354487,0.319543189,0.31834253119926453,Test
BACGAQ_clean,5.16583,4.20229,5.16583,1.16624,909.575,779.923,0.0,0.0,0.5142,0.440905,0.0,0,0.0028253596,0.2573698136,0.2658566010994627,Test
BADYAJ_clean,8.60576,7.13629,8.60576,0.984728,1990.18,2021.04,0.0,0.0,0.6528,0.662924,0.0,0,0.0019727713,0.1935991662,0.19227365427932072,Test
BAEDTA01_clean,5.34617,4.27166,5.33175,2.14248,360.006,168.032,116.013,54.1487,0.3902,0.182125,0.0,1,0.0020264625,0.1754236454,0.1759158959890024,Test
BAFHAU_clean,9.02635,7.37185,9.02635,0.858551,2348.05,2734.89,0.0,0.0,0.738,0.859588,0.0,0,0.0008253734,0.0965732764,0.08909353279582588,Train
BAKGIF_manual,7.54763,6.30914,7.54763,1.01674,1528.77,1503.6,0.0,0.0,0.6098,0.599757,0.0,0,0.0018811036,0.1861745735,0.1832193539941549,Train
BAKJEE_clean,6.44764,5.41267,6.44764,0.918977,2207.44,2402.06,0.0,0.0,0.6406,0.69708,0.0,1,0.0037014881,0.3506574278,0.36074858982737046,Test
BAKJII_clean,6.19215,5.21845,6.19129,0.959339,2059.17,2146.44,0.0,0.0,0.6236,0.650031,0.0,0,0.0044609902,0.4257993519,0.4218053525681199,Test
BAKJOO_clean,7.70901,5.72948,7.70901,1.0049,1743.18,1734.69,0.0,0.0,0.6112,0.608223,0.0,1,0.002893782,0.2830600068,0.2778508858153365,Test
BAKYOE_clean,7.11646,6.19226,7.11412,1.03097,1502.21,1457.08,0.0,0.0,0.5848,0.56723,0.0,0,0.0034972483,0.3378717724,0.3397998965466229,Test
BAMKIM_clean,6.79615,5.75134,6.79615,1.10764,1482.92,1338.8,0.0,0.0,0.5666,0.511536,0.0,1,0.0013984473,0.134166023,0.139946174643407,Train
BAMKOS_clean,6.76349,5.81846,6.76349,1.11335,1511.81,1357.89,0.0,0.0,0.5736,0.515203,0.0,1,0.0013424371,0.1426398187,0.12850501455391425,Test
BANMAG_clean,8.68497,7.44113,8.68497,1.37401,1122.97,817.297,0.0,0.0,0.5786,0.421103,0.0,1,0.0005714787,0.0523358509,0.06028135462330775,Test
BAPDAA_clean,12.36039,11.54677,12.35976,1.38142,1564.69,1132.67,0.0,0.0,0.6892,0.498906,0.0,1,0.001530054,0.1477107186,0.1514155405284481,Train
BAQWIC_clean,8.02487,5.97028,8.01109,1.63849,1438.26,877.793,0.0,0.0,0.5894,0.359721,0.0,1,0.0006804706,0.0695943212,0.06873731211038525,Train
BARZOL_charged,5.89133,3.41747,5.84885,1.46073,288.84,197.737,148.923,101.951,0.4446,0.304368,0.0,1,0.0047203979,0.3726857558,0.3690277307592818,Train
BARZUR_clean,5.4946,5.30289,5.4946,0.925783,1729.65,1868.31,0.0,0.0,0.6062,0.654797,0.0,1,0.0049177711,0.4556615825,0.4693985910839681,Test
BASJUB_clean,5.47244,4.59142,5.38091,1.03022,1558.36,1512.66,0.0,0.0,0.5602,0.54377,0.0,0,0.003643399,0.3343883509,0.34430717247712617,Train
BAWROI_clean,13.54985,9.13066,13.54893,0.629882,1979.75,3143.05,0.0,0.0,0.7794,1.23737,0.0,1,0.0022331305,0.2343533037,0.2166758927933625,Test
BAWRUO_clean,7.29901,5.68693,7.29887,2.71918,1447.8,532.44,20.7388,7.62687,0.5782,0.212638,0.0,1,0.0008876708,0.0904604654,0.08644422109978009,Train
BAXFIR01_clean,4.08461,3.48945,4.06863,1.30493,544.936,417.597,0.0,0.0,0.4766,0.36523,0.0,0,0.0025679225,0.2434125441,0.24312513705796668,Test
BAXFIR02_clean,4.03285,3.42273,4.0125,1.31623,519.268,394.513,0.0,0.0,0.474,0.360121,0.0,0,0.0025821729,0.261410802,0.2409734203993391,Test
BAXSIE_clean,5.31376,5.06628,5.30265,1.49933,912.911,608.879,0.0,0.0,0.437,0.291463,0.0,1,0.0029258012,0.2682609633,0.2665452413327483,Test
BAZFUF01_clean,20.14565,8.54605,20.14565,0.342062,1831.33,5353.8,0.0,0.0,0.863,2.52293,0.0,1,0.0026084627,0.2664474022,0.26144291814274734,Test
BAZFUF_clean,20.24597,8.58384,20.24597,0.340053,1825.41,5368.02,0.0,0.0,0.8648,2.54313,0.0,1,0.0026143509,0.2677060002,0.26340225151297814,Train
BAZGAM_clean,42.79818,24.24061,42.79818,0.126526,810.47,6405.57,0.0,0.0,0.9392,7.42299,0.0,1,0.0043312828,0.462393263,0.44052638727559845,Test
BAZGEQ_clean,27.24034,13.9632,26.75245,0.334895,1602.49,4785.05,0.0,0.0,0.8624,2.57514,0.0,1,0.0028011013,0.2815168321,0.2821511783970589,Test
BAZJET_clean,13.37019,12.10117,13.37019,0.621294,2143.77,3450.5,0.0,0.0,0.742,1.19428,0.0,1,0.0028595924,0.291559996,0.2800347916037153,Test
BAZJIX_clean,8.75902,7.46421,8.75317,0.770453,2094.53,2718.57,0.0,0.0,0.676,0.877405,0.0,1,0.0030590485,0.3021496186,0.3023901492115077,Test
BEDYEQ_clean,33.05863,31.49051,33.05863,0.462445,1416.09,3062.18,0.0,0.0,0.8292,1.79308,0.000432484,1,0.0025679167,0.2560364034,0.25042654620207033,Train
BEFGEA_manual,9.2615,6.75088,8.75247,0.652591,2421.36,3710.38,0.0,0.0,0.722,1.10636,0.0,0,0.0034754248,0.3383625691,0.3396205119977156,Train
BEFLUV_clean,5.75316,3.83896,5.75316,1.56773,551.699,351.91,132.515,84.5269,0.4868,0.310514,0.0,1,0.035936426,1.9427920769,1.935444077340684,Train
BEFMAC_clean,5.39704,3.47321,5.39704,1.51705,1003.1,661.215,0.0,0.0,0.5144,0.339079,0.0,0,0.0334166695,2.1542466284,2.143429364808113,Train
BEJZAS_clean,4.75514,3.65279,4.718,1.35569,1756.76,1295.84,0.0,0.0,0.628,0.463233,0.0,0,0.0029475497,0.2849053152,0.2815493991405191,Test
BELJIL_clean,7.21036,5.21436,7.21036,1.28754,867.89,674.07,0.0,0.0,0.459,0.356494,0.0,1,0.0010638569,0.1059706303,0.1051016703452042,Test
BELTOD_clean,5.92256,4.27878,5.89247,1.03427,1509.77,1459.74,0.0802539,0.0775946,0.5748,0.555753,0.0,1,0.0033409586,0.3128555366,0.3160663532962423,Test
BELTUJ_clean,5.64744,4.1969,5.5822,1.08566,1393.43,1283.49,0.0,0.0,0.5582,0.51416,0.0,1,0.0036234204,0.3226633041,0.3412304653643456,Test
BELVEV_charged,6.99036,4.92473,6.99036,0.885864,1906.99,2152.69,0.0,0.0,0.6356,0.717492,0.0,0,0.0021672164,0.2173239565,0.21850871333889163,Test
BENXUP_clean,4.10218,3.42336,4.09595,1.4733,653.043,443.252,0.0,0.0,0.4814,0.32675,0.0,1,0.0028887796,0.2695405908,0.2716327955824688,Train
BENZOL_clean,5.62502,3.68781,5.62502,1.15041,1146.89,996.943,0.0,0.0,0.4858,0.422284,0.0,1,0.0036550325,0.3323584454,0.33293257698713974,Test
BENZUR_clean,5.75474,3.70828,5.75474,1.24694,1151.54,923.496,0.0,0.0,0.5016,0.402265,0.0,1,0.0030949559,0.2903221043,0.28944265990019813,Train
BEPBAB_clean,5.3188,3.97632,5.3188,1.04154,1135.05,1089.78,0.0,0.0,0.473,0.454133,0.0,1,0.0038269548,0.3626128646,0.3603726096550629,Train
BEPLUF_clean,10.54661,10.45745,10.54661,0.882268,1351.9,1532.3,0.0,0.0,0.655,0.742405,0.0,1,0.0012747314,0.1141608519,0.1248042091560016,Train
BEPMAM_clean,10.35764,10.23297,10.35764,0.893987,1370.16,1532.64,0.0,0.0,0.63,0.704708,0.0,1,0.0011327791,0.1165371328,0.11380336232594584,Train
BEPMIU_clean,10.07029,9.95473,10.07029,1.02149,1143.41,1119.35,0.0,0.0,0.6036,0.590899,0.0,0,0.0008827541,0.0858403987,0.08496845467310235,Train
BEPNIV_clean,10.32219,10.19883,10.32219,0.893387,1335.35,1494.71,0.0,0.0,0.6494,0.726897,0.0,1,0.001140317,0.115385829,0.10971341944810423,Test
BEPNOB_clean,10.36311,10.23127,10.36311,0.890303,1334.01,1498.37,0.0,0.0,0.6478,0.727618,0.0,1,0.0012400948,0.1114460336,0.12167636577392194,Train
BEPNUH_clean,10.32563,10.2098,10.32563,1.16569,1103.61,946.742,0.0,0.0,0.6056,0.519521,0.0,0,0.0008945153,0.0849404366,0.0861017584462343,Train
BEPPAP_clean,9.9082,9.78954,9.90791,1.03173,1157.48,1121.89,0.0,0.0,0.5902,0.57205,0.0,0,0.0009249081,0.0836979842,0.09366943243431314,Test
BEPPIX_clean,9.77409,9.63706,9.77409,0.990438,1290.67,1303.13,0.0,0.0,0.592,0.597716,0.0,1,0.001008589,0.1066582823,0.10150692535924075,Train
BEPPOD_clean,10.03622,9.89092,10.03622,0.960732,1283.35,1335.81,0.0,0.0,0.613,0.638055,0.0,1,0.0010046621,0.1070259108,0.10082355979513719,Train
BEPREV01_clean,6.64209,5.02845,6.632,0.808218,2539.09,3141.59,0.0,0.0,0.6368,0.787906,0.0,0,0.005500151,0.5183907445,0.5199896899676939,Train
BEPREV02_clean,7.19383,5.44633,7.19383,0.766283,2502.2,3265.37,0.0,0.0,0.6548,0.854514,0.0,0,0.0047075,0.4623485019,0.4575166071250899,Test
BEPREV03_clean,6.75186,5.16957,6.7451,0.798706,2519.19,3154.09,0.0,0.0,0.64,0.801296,0.0,0,0.0053140898,0.5078881184,0.5075440360915704,Test
BEPREV_clean,6.75364,5.16047,6.74991,0.798706,2521.08,3156.46,0.0,0.0,0.6402,0.801547,0.0,0,0.0053488817,0.5013820267,0.5071959608514298,Test
BEPRIZ_clean,10.21454,6.03558,10.21454,0.764371,2087.31,2730.76,0.0,0.0,0.673,0.880463,0.0,0,0.002992087,0.2994161849,0.29517067444569217,Test
BEPROF_clean,8.00306,5.96794,8.00133,0.730038,2383.55,3264.96,0.0,0.0,0.687,0.941046,0.0,0,0.0038448421,0.3657985473,0.37338391791620124,Train
BEPVEZ_clean,5.76875,4.44638,5.76422,1.26954,947.431,746.277,0.0,0.0,0.5084,0.400459,0.0,1,0.0014937646,0.1374805105,0.1422575269066801,Test
BEPVID_clean,5.29029,4.21546,5.29029,1.30564,829.286,635.159,0.0,0.0,0.5122,0.392299,0.0,1,0.0015692736,0.1439792072,0.15061736924983765,Test
BEPVOJ01_clean,5.12362,3.97858,5.12362,1.3287,794.481,597.937,0.0,0.0,0.5126,0.38579,0.0,1,0.001626726,0.1484818404,0.14891560024582515,Test
BEPVOJ_clean,4.87498,3.77095,4.87498,1.35072,712.934,527.818,0.0,0.0,0.5034,0.37269,0.0,1,0.001600462,0.1466909644,0.1490700581175817,Train
BEPWEA_clean,4.94352,3.50226,4.94123,1.37749,785.436,570.193,0.160637,0.116616,0.4914,0.356735,0.0,1,0.0005822813,0.0588246095,0.05833360304139762,Train
BETDAH_clean,6.20265,4.35013,6.20265,1.16306,2339.54,2011.54,0.0,0.0,0.6178,0.531186,0.0,1,0.003594069,0.3445165543,0.3424207121550316,Test
BETDEL_clean,6.19335,4.27368,6.19335,1.1646,2251.25,1933.07,0.0,0.0,0.6174,0.530141,0.0,1,0.0036582253,0.3501768036,0.34862132504368704,Test
BETDIP_clean,6.11094,3.88458,6.10684,1.1806,2108.93,1786.32,0.0,0.0,0.6132,0.519398,0.0,1,0.0034650894,0.352376354,0.329484635897912,Test
BETDUB_clean,6.03659,3.7841,6.03659,1.16905,1945.06,1663.8,0.0,0.0,0.6102,0.521964,0.0,1,0.0035901448,0.3372550039,0.34125757065934703,Train
BETFAJ_clean,6.19267,4.31969,6.19,1.11108,2308.45,2077.66,0.0,0.0,0.6196,0.557654,0.0,1,0.0038061372,0.3556759465,0.35846549938145195,Train
BETFEN_clean,6.20622,4.32109,6.20622,1.07862,2315.47,2146.71,0.0,0.0,0.6288,0.582969,0.0,1,0.0036850591,0.3581734314,0.3569159650609971,Train
BETFUD_clean,6.14614,4.2626,6.11668,1.06295,2329.37,2191.42,0.0,0.0,0.6258,0.58874,0.0,1,0.0036221493,0.3486700339,0.3448186241516834,Test
BETGAK_clean,6.1095,4.21478,5.89063,1.06153,2331.97,2196.8,0.0,0.0,0.6284,0.591977,0.0,1,0.0037269979,0.3571493745,0.36065409632996914,Test
BETGEO_clean,15.21578,5.06222,15.21578,1.31768,1287.77,977.304,381.116,289.233,0.6412,0.486614,0.0,1,0.0022841104,0.2221602487,0.22073189692659603,Test
BETGIS_clean,14.00278,4.06192,14.00278,1.35807,1041.82,767.136,450.295,331.571,0.6224,0.458298,0.0,1,0.0017204655,0.1696897511,0.17770440908128904,Test
BETGOY_clean,15.16495,5.42937,15.16495,1.28137,1222.88,954.353,401.433,313.284,0.472,0.368356,0.11956,1,0.0018953361,0.1879439273,0.17477493595261265,Test
BETGUE_clean,15.53135,9.65919,15.53135,0.735216,1298.07,1765.57,466.651,634.712,0.7352,0.999978,0.0,1,0.0024716868,0.2370311539,0.2368673194208907,Train
BETHEP_clean,15.93969,5.38602,15.93969,1.55026,1210.88,781.08,479.733,309.453,0.6876,0.443538,0.0,1,0.0014176038,0.1366081674,0.13999609966058668,Train
BETHIT_clean,16.17666,10.50859,16.17666,0.819587,1287.14,1570.48,480.797,586.633,0.7656,0.934129,0.0,1,0.001932983,0.1938827327,0.19435602758341225,Test
BETZOR_clean,7.75357,4.72091,7.64098,1.06732,1559.59,1461.22,0.0,0.0,0.5544,0.519432,0.0,1,0.0038474078,0.3530557854,0.3613500873656455,Test
BEWVOQ_clean,10.23635,8.28637,9.99929,0.717556,2413.7,3363.78,0.0,0.0,0.7708,1.0742,0.0,0,0.0013786257,0.1334178312,0.13447164622377933,Train
BEWWEH_clean,9.01955,7.89385,9.01955,0.713962,2373.05,3323.78,0.0,0.0,0.7674,1.07485,0.0,0,0.0012803529,0.1256051512,0.1250374714624878,Test
BEXPAX_clean,6.17717,5.82599,6.17717,0.749009,3226.03,4307.06,0.0,0.0,0.7082,0.945516,0.0,1,0.0050517492,0.480264575,0.4758110217053487,Train
BEXQIF_clean,8.04962,5.28644,8.01765,0.683962,2466.36,3605.99,0.0,0.0,0.7172,1.0486,0.0,0,0.0018785035,0.1846593574,0.18639314841771643,Train
BEXQOL_clean,8.04915,5.31359,8.00625,0.699237,2471.17,3534.09,0.0,0.0,0.7174,1.02598,0.0,0,0.0016999248,0.1583158812,0.17264112852206828,Test
BEXQUR_clean,8.07729,5.36514,8.07375,0.705667,2478.07,3511.67,0.0,0.0,0.72,1.02031,0.0,0,0.0016244474,0.1638238012,0.16201738047799574,Train
BEXRAY_clean,8.11263,5.64009,8.11263,0.639388,2590.56,4051.63,0.0,0.0,0.7392,1.15611,0.0,0,0.0017874763,0.1616168811,0.17622587334339668,Train
BEXREC_clean,8.13134,5.54983,8.13134,0.665352,2617.27,3933.67,0.0,0.0,0.7388,1.11039,0.0,0,0.0015591086,0.1691222565,0.16096844419232015,Train
BEXRIG_clean,8.16514,5.60091,8.16514,0.67222,2617.75,3894.19,0.0,0.0,0.7394,1.09994,0.0,0,0.0016852882,0.16874176,0.1639330459512496,Train
BEXRUT_clean,6.49399,4.71424,6.45917,1.07075,1422.45,1328.47,0.0,0.0,0.585,0.546348,0.0,1,0.0020422444,0.2123191817,0.20106989078681453,Train
BEXSAA_clean,6.21678,4.72062,6.15067,0.992771,1456.96,1467.57,0.0,0.0,0.5884,0.592684,0.0,1,0.0022200698,0.2148092649,0.2153127446005317,Test
BEXSEE_clean,6.49176,4.26641,6.49176,1.04973,1376.89,1311.66,0.0,0.0,0.5628,0.536136,0.0,1,0.0020938878,0.2045128187,0.20492770759344586,Test
BEXSII_clean,6.27069,4.79422,6.26455,0.943025,2150.91,2280.86,0.0,0.0,0.668,0.708359,0.0,1,0.0034921786,0.3484344704,0.33837078188483777,Train
BEXVEH_clean,9.97626,6.15688,9.95158,0.782835,2372.61,3030.79,0.0,0.0,0.7306,0.933274,0.0,1,0.0030191975,0.2890638853,0.29656699688627247,Test
BEYKEX_clean,5.23694,3.82822,5.23519,1.91723,1689.31,881.121,0.0,0.0,0.5532,0.288542,0.0,1,0.0011819428,0.1088823354,0.1175479017731228,Test
BEYSEF_clean,5.61731,4.74798,5.61731,1.17978,1409.15,1194.41,0.0,0.0,0.5534,0.469069,0.0,0,0.001467837,0.153058213,0.14314347590261445,Test
BIBXIV_clean,18.4936,4.06846,18.4936,0.9977,1657.17,1660.99,0.0,0.0,0.7322,0.733888,0.0,0,0.0023218826,0.2400909823,0.23344684138837019,Train
BIBXOB_clean,19.69299,7.98654,19.69299,0.409554,1997.19,4876.5,0.0,0.0,0.826,2.01683,0.000488336,0,0.002382461,0.2392625011,0.23238695369111945,Test
BIBXUH_clean,14.73899,5.12647,14.73899,0.739806,2068.95,2796.6,0.0,0.0,0.7088,0.958089,0.00108136,0,0.0023374354,0.2383085798,0.23065628296879714,Test
BICPOT_clean,7.30922,6.53578,7.30892,1.59286,1232.22,773.59,12.3074,7.72661,0.5162,0.324071,0.0,0,0.0186141801,1.3807882266,1.3697521680279843,Train
BICPUA_clean,13.79678,9.90606,13.29085,0.543859,2105.6,3871.6,0.0,0.0,0.815,1.49855,0.0,1,0.0023114681,0.2290763278,0.22822111244421356,Train
BIFGOO_clean,10.87246,9.01928,10.87246,1.75205,1220.8,696.781,0.0,0.0,0.5534,0.315858,0.0,1,0.0006322461,0.0619760206,0.05906887624022375,Train
BIFKEI_clean,5.92703,4.3432,5.92703,1.02128,2025.04,1982.84,0.0,0.0,0.6088,0.596113,0.0,1,0.0034378715,0.3330052729,0.33130315951610234,Test
BIGZUO_clean,21.72315,20.98793,21.52659,0.308304,1399.52,4539.4,0.0,0.0,0.9064,2.93995,0.0,1,0.00206942,0.2125735401,0.21534716525985106,Train
BIHBAX_clean,18.57439,17.55669,18.57439,0.321672,1460.76,4541.16,0.0,0.0,0.8984,2.79291,0.0,1,0.0020634832,0.2035380621,0.21153007331110113,Train
BIJDUV_clean,8.61386,5.69718,8.42708,0.896671,1704.44,1900.85,0.0,0.0,0.6122,0.682747,0.0,1,0.0021475236,0.2069295516,0.2142758883478351,Train
BIMDEF_clean,4.67684,3.43732,4.67684,1.38964,1289.29,927.79,0.0,0.0,0.5428,0.390606,0.0,1,0.0035371637,0.3458075478,0.33334591789780166,Test
BIMDIL_clean,5.20728,3.51213,5.20728,1.39622,1478.14,1058.67,0.0,0.0,0.539,0.386042,0.0,1,0.0043447353,0.4157001789,0.4041590400364736,Test
BINCUY_manual,13.3117,8.62623,13.3117,0.583969,2196.14,3760.71,0.0,0.0,0.7246,1.24082,0.0,0,0.0025625021,0.2605199746,0.2550257224615101,Train
BINDAF_manual,13.14316,8.49712,13.14316,0.600599,2185.42,3638.73,0.0,0.0,0.7212,1.2008,0.0,0,0.0027313383,0.2640309786,0.26484593786693156,Test
BINROH_clean,21.31368,10.23686,21.31368,0.503862,1906.53,3783.82,0.0,0.0,0.7964,1.58059,0.0,1,0.0029602323,0.3136790697,0.2890005202014481,Test
BINRUN_clean,21.10286,10.09364,21.09225,0.511736,1907.73,3727.96,0.0,0.0,0.7778,1.51992,0.0,1,0.0035743279,0.3355343136,0.34059066063858967,Test
BINSAU_clean,21.88013,9.52705,21.05522,0.471575,1883.78,3994.65,0.0,0.0,0.7874,1.66972,0.0,1,0.0031484428,0.3137308619,0.3064888832060309,Test
BIPLIX_clean,7.36646,5.75458,7.16866,1.07595,1632.15,1516.94,0.0,0.0,0.6014,0.558949,0.0,1,0.0016028518,0.1589044452,0.15732276203223158,Test
BIPSUQ_clean,18.61448,16.92881,18.61448,0.43749,1960.32,4480.84,0.0,0.0,0.8374,1.9141,0.0,1,0.0023815693,0.2380862356,0.23823870378180764,Train
BIQHEQ_clean,4.74191,3.53352,4.74191,1.13318,1109.52,979.12,0.0,0.0,0.542,0.478299,0.0,1,0.0047860007,0.4396288996,0.43977466856004954,Test
BIQVII_clean,5.22147,4.62031,5.22147,1.62242,863.635,532.315,0.0,0.0,0.4264,0.262818,0.0,1,0.0017852322,0.1703872193,0.16893311475032202,Test
BIRMUM_clean,5.54904,4.6855,5.54904,1.2621,494.559,391.853,0.0,0.0,0.4238,0.335789,0.0,1,0.001053985,0.0999367793,0.10201575424038811,Test
BIRSEC_clean,6.48832,4.86094,6.48832,1.33798,1247.05,932.038,0.0,0.0,0.5134,0.383713,0.0,1,0.0021593955,0.2085860088,0.20888324524573076,Test
BIRSIG_clean,6.37536,4.74657,6.37536,1.3786,1214.29,880.813,0.0,0.0,0.4994,0.362252,0.0,1,0.002395956,0.2258060061,0.2268793883893222,Train
BIWSEG_ion_b,29.73511,11.96997,29.73511,0.466941,1434.98,3073.15,0.0,0.0,0.843,1.80537,0.0,1,0.0022749187,0.2270848517,0.228070206183215,Train
BIWSIK_ion_b,18.63687,3.90699,18.63687,0.676975,1941.67,2868.16,0.0,0.0,0.7214,1.06562,0.0,0,0.0025477382,0.2476041986,0.24974792352821332,Test
BIWYAH10_clean,7.2461,5.52874,7.11386,0.722295,2876.07,3981.85,0.0,0.0,0.7574,1.0486,0.0,1,0.0012170394,0.1226988673,0.12487970848672877,Test
BIXXIR_clean,6.61997,3.93876,6.61997,3.35504,1248.51,372.13,0.0,0.0,0.4698,0.140028,0.0,1,0.0004973917,0.0497405397,0.04830018755750459,Train
BIXYEO_clean,6.67369,4.00375,6.66785,3.33858,1267.68,379.707,0.0,0.0,0.4688,0.140419,0.0,1,0.0004913116,0.0495388123,0.04823241957031904,Train
BIYSUZ_clean,8.31867,7.50799,8.23674,1.3283,1507.88,1135.19,0.0,0.0,0.5826,0.438604,0.0,1,0.0012611225,0.1312315137,0.12770639915931584,Train
BIYTAG_clean,8.33704,7.53322,8.33704,1.33737,1512.13,1130.67,0.0,0.0,0.5802,0.433835,0.0,1,0.0013881433,0.1310918993,0.1333194806973124,Test
BIYTOU_clean,7.95789,5.70379,7.949,1.02105,1875.01,1836.36,0.0,0.0,0.6212,0.608393,0.0,1,0.0024784905,0.248770592,0.2463667729322099,Train
BIYVEM_clean,7.9618,7.16704,7.94594,1.42154,1501.18,1056.02,0.0,0.0,0.5718,0.402241,0.0,1,0.0012483629,0.1278786798,0.12655187257742057,Test
BIYVIQ_clean,8.9412,8.20862,8.9412,1.41865,1440.37,1015.31,0.0,0.0,0.5976,0.421246,0.0,1,0.0012758857,0.1229961549,0.1268537903175721,Test
BIYXUE_charged,8.39634,6.80286,8.06876,0.891254,1920.98,2155.37,0.0,0.0,0.6496,0.728861,0.0,0,0.0030777546,0.2906367625,0.29984644433420576,Test
BIYYAL_charged,8.30709,6.8904,8.22432,0.897695,1911.28,2129.09,0.0,0.0,0.6498,0.723854,0.0,0,0.0030710974,0.2897190553,0.300106366332414,Test
BIYYEP_charged,8.05568,3.85909,5.8151,1.72587,943.315,546.574,23.122,13.3973,0.491,0.284494,0.0,0,0.0015371846,0.145506997,0.14491158055449443,Train
BIZLUT_clean,8.11197,6.3971,8.1065,0.849879,2006.01,2360.34,0.0,0.0,0.6572,0.773287,0.0,0,0.0029810621,0.2975508986,0.29379875436399844,Test
BIZMAA_clean,8.82584,6.80117,8.82584,0.838203,2031.61,2423.76,0.0,0.0,0.6668,0.795512,0.0,0,0.0030399856,0.2942173365,0.2965741652837593,Train
BIZMEE_clean,8.33004,6.47185,8.30636,0.855248,2017.93,2359.47,0.0,0.0,0.661,0.772875,0.0,0,0.0031023108,0.297133949,0.30321816307794414,Train
BIZMII_clean,8.09188,6.36998,8.09188,0.865187,2004.99,2317.41,0.0,0.0,0.6566,0.758911,0.0,0,0.0030752096,0.2992781335,0.3004312134739137,Test
BOCKOT_clean,4.81526,3.42101,4.526,1.37869,1402.34,1017.16,0.0,0.0,0.5962,0.43244,0.0,1,0.0015095617,0.1456957012,0.15054247062366272,Test
BOHJOZ_auto,7.4485,3.57263,7.4485,1.57117,1415.9,901.179,0.0,0.0,0.557,0.354513,0.000254588,0,0.0002715483,0.0270139021,0.028858124703015853,Train
BOJCIN_clean,5.54889,5.25047,5.54889,1.10605,695.341,628.668,98.2069,88.7903,0.5312,0.480266,0.0,0,0.0014906772,0.1400783329,0.15021894453303553,Test
BOKQEZ_clean,7.07757,4.49353,7.07641,1.32957,1554.46,1169.14,0.0,0.0,0.5416,0.407349,0.0,1,0.0014709696,0.1440003313,0.14347993745435345,Train
BOLPAU_clean,7.91374,5.10301,7.55666,0.900168,2008.9,2231.69,0.0,0.0,0.6468,0.718533,0.0,1,0.0037661742,0.3639307123,0.3606118573520315,Test
BOLZIN_clean,18.71247,7.75585,17.49896,0.466942,1971.58,4222.32,0.0,0.0,0.8076,1.72955,0.0,0,0.002454558,0.2498148261,0.24445931820007896,Train
BOMCOX_clean,5.96735,4.28567,5.96735,1.1236,1334.13,1187.38,0.0,0.0,0.5368,0.477752,0.0,1,0.0034027585,0.3216656448,0.32451224428789954,Test
BOPHIZ_clean,6.90751,5.24121,6.77761,1.23618,1521.62,1230.9,0.0,0.0,0.572,0.462715,0.0,1,0.0034757,0.323906044,0.32919170899716615,Test
BOVHEB_clean,5.76843,4.22597,5.76235,1.21128,1167.42,963.79,0.0,0.0,0.531,0.43838,0.0,1,0.0081467062,0.6823704834,0.6566970413906036,Test
BOWDIC_clean,7.01096,4.61744,6.88238,1.0069,1455.4,1445.42,181.324,180.081,0.5804,0.57642,0.0,1,0.0040454569,0.3657251239,0.370759337221848,Train
BOWNUY_clean,15.52711,9.99848,15.50545,0.770284,1323.45,1718.13,449.917,584.092,0.7344,0.953414,0.0,1,0.0025908166,0.2355223374,0.24441560840338036,Train
BOWRAH_clean,4.51959,4.0875,4.51959,2.30989,576.12,249.414,0.0,0.0,0.3594,0.155592,0.0,1,0.013311216,0.7413412039,0.7482760971623565,Train
BOWZUK_clean,8.36121,7.81351,8.30025,0.894084,1398.32,1563.97,0.0,0.0,0.6136,0.686289,0.0,1,0.001940413,0.1984297455,0.18781283884987693,Train
BOXFOK_clean,18.0621,10.42327,18.0621,0.790526,1355.07,1714.14,197.917,250.36,0.69,0.872836,0.0,1,0.0035904761,0.3174058122,0.3202026442628033,Test
BOXYIY_clean,4.39053,3.85775,4.38747,1.58321,405.121,255.886,388.713,245.521,0.5092,0.321625,0.0,0,0.0019180371,0.1868436141,0.1870821122669411,Test
BOYCEY_auto,12.37213,6.12785,11.76706,0.613909,2396.05,3902.93,0.0,0.0,0.7532,1.22689,0.0,1,0.0034572165,0.3405457534,0.33632039100970573,Test
BOYTEQ_clean,4.92609,4.59373,4.92609,1.2701,571.535,449.993,0.0,0.0,0.42,0.330683,0.0,0,0.0027349493,0.2489392358,0.2361775204614929,Test
BOYYOF_clean,9.47252,6.48081,9.47252,1.142,1531.96,1341.47,0.0,0.0,0.5924,0.518737,0.0,1,0.0014400336,0.1308915862,0.1395288263747044,Train
BOZFIH_clean,5.87158,4.75385,5.8575,1.05542,1850.88,1753.69,0.0,0.0,0.6,0.568494,0.0,1,0.0045527994,0.4190899924,0.4269331043177356,Test
BOZFON_clean,6.15469,4.01567,6.15002,1.24414,1139.51,915.903,0.0,0.0,0.502,0.403491,0.0,1,0.0029900513,0.2833201929,0.2815203485126172,Train
BUBQOE_clean,4.52128,3.65213,4.52128,2.72539,937.142,343.857,0.0,0.0,0.5338,0.195862,0.0,1,0.0011271762,0.1120682086,0.11021076304486743,Test
BUBTUP_clean,7.20698,3.66387,7.20698,1.23952,885.576,714.451,0.0,0.0,0.5112,0.412418,0.0,1,0.0019309014,0.1775896722,0.17484253138136446,Train
BUCSEY_clean,4.71556,3.52125,4.69979,1.38457,757.197,546.884,0.91517,0.66098,0.4988,0.360257,0.0,1,0.002652837,0.250956533,0.24645741221916478,Test
BUCVAY_clean,5.36914,3.4206,5.36914,1.22099,548.684,449.375,0.0,0.0,0.4634,0.379527,0.0,1,0.003059485,0.2755419464,0.27790816085230924,Test
BUCWAZ_clean,8.06989,6.31772,7.96603,0.986571,2261.23,2292.01,0.0,0.0,0.6822,0.691486,0.0,1,0.0023425776,0.2434313673,0.23431675444399144,Test
BUFNEW_charged,17.39105,9.80191,17.39105,0.800825,1151.64,1438.07,175.396,219.019,0.6572,0.820653,0.0,0,0.0042223296,0.3177238683,0.3490440636244219,Test
BUFNOG_charged,17.54491,10.00849,17.52475,0.778482,1193.04,1532.52,189.975,244.033,0.671,0.861934,0.0,0,0.0041879489,0.3264535239,0.3336531927809407,Train
BUGSAY_clean,4.67913,4.1432,4.67313,1.68326,1087.13,645.849,0.0,0.0,0.5314,0.315696,0.0,1,0.000918329,0.0924245457,0.09092801373389778,Test
BUGSEC_clean,4.72085,4.19082,4.71595,1.60879,1101.18,684.479,0.0,0.0,0.538,0.334413,0.0,1,0.0009144687,0.0923081469,0.08924678267634611,Train
BUGSIG_clean,4.72751,4.18275,4.72118,1.638,1097.7,670.147,0.0,0.0,0.5356,0.326984,0.0,1,0.0009688199,0.0923718743,0.09793331020006493,Train
BUGSOM_clean,4.69508,4.16375,4.68969,1.65941,1093.22,658.798,0.0,0.0,0.5332,0.321319,0.0,1,0.0009443916,0.0921574126,0.09108209618580301,Train
BUKMUQ01_clean,5.90111,4.73838,5.90111,0.853512,2933.47,3436.94,0.0,0.0,0.7038,0.824593,0.0,1,0.0030065918,0.3099380372,0.30108426035726815,Train
BUKRUW01_clean,10.63994,5.17607,10.63994,0.946218,2406.2,2542.96,0.0,0.0,0.7374,0.779313,0.0,1,0.0018024266,0.177472781,0.18305121829507026,Test
BUKRUW02_clean,10.18784,5.8011,10.17435,0.90051,2432.65,2701.41,0.0,0.0,0.7394,0.821091,0.0,1,0.0016859132,0.1751971717,0.16446041616326385,Test
BUKRUW03_clean,10.56885,5.12331,10.56885,0.827757,2720.18,3286.2,0.0,0.0,0.764,0.922976,0.0,1,0.0016050704,0.1615029201,0.16426504885901078,Train
BUKYAJ_clean,5.10209,3.53964,5.09477,0.92244,1064.13,1153.61,0.0,0.0,0.5144,0.557651,0.0,0,0.0056289142,0.5062576478,0.5039306845222924,Train
BULBER_clean,7.8305,4.27284,7.79516,1.49467,1437.06,961.456,0.0,0.0,0.5544,0.370918,0.0,1,0.0014367391,0.1376077718,0.13889002363305125,Train
BUNKUS_clean,39.11063,37.47642,39.11063,0.375289,1307.21,3483.2,0.0,0.0,0.8658,2.30702,0.0,1,0.0024939708,0.2545590902,0.250621036516626,Test
BUNLAZ_clean,38.39638,36.09316,38.39638,0.330751,1417.57,4285.91,0.0,0.0,0.8776,2.65335,0.0,1,0.0028819655,0.2763997538,0.28068778276780254,Test
BUPVEP_clean,8.00881,3.79594,6.88527,1.70124,1586.52,932.564,97.3647,57.2315,0.582,0.342103,0.00105805,0,0.0011864439,0.1148460603,0.11550242182424378,Train
BUQWER_clean,5.03897,4.14527,5.03897,1.26322,872.21,690.465,0.0,0.0,0.5016,0.39708,0.0,1,0.0050124955,0.4579979709,0.4365966511518372,Test
BURJOO_clean,5.25312,4.62411,5.25312,1.36621,795.034,581.927,0.0,0.0,0.4348,0.318253,0.0,0,0.0020306127,0.1871655149,0.1913940555002271,Test
BURQIQ_clean,8.30102,5.43995,8.30102,0.998622,1908.3,1910.93,0.0,0.0,0.629,0.629868,0.0,1,0.0033525974,0.3228765064,0.32001560213182767,Test
BUSNAF_clean,7.07895,5.43293,7.07895,1.23597,749.429,606.348,0.0,0.0,0.4656,0.376708,0.0,0,0.0011847655,0.1089217671,0.11232708706530356,Train
BUSQEM_clean,5.28773,3.7404,5.27624,0.951333,772.872,812.409,527.0,553.959,0.565,0.593903,0.0,0,0.0080531265,0.6795901592,0.6682700629327234,Test
BUSQIQ_clean,4.44057,3.72721,4.4272,1.56982,999.031,636.398,0.0,0.0,0.4302,0.274044,0.0,0,0.0279867197,1.5611981896,1.5660242331499405,Train
BUSRUE_clean,6.9387,5.51917,6.92321,1.06823,1491.74,1396.46,0.0,0.0,0.5618,0.525916,0.0,0,0.0036474037,0.3457666819,0.34650781106011935,Test
BUVHEH_clean,4.88072,3.66399,4.88072,1.23567,2100.31,1699.73,0.0,0.0,0.5996,0.485242,0.0,1,0.0027235679,0.2554419095,0.2580421853855526,Train
BUVWOF02_clean,7.02744,5.38791,7.02744,1.22872,811.616,660.538,0.0,0.0,0.4574,0.372258,0.0,0,0.0010604814,0.104662853,0.1057518971887891,Train
BUVWOF03_clean,7.08217,5.70931,7.08217,1.19421,800.187,670.058,0.0,0.0,0.4798,0.401773,0.0,0,0.0012055342,0.1219338478,0.11526490788702726,Test
BUVXOG_clean,6.82532,5.20998,6.82532,1.26745,776.672,612.785,0.0,0.0,0.469,0.370036,0.0,0,0.0010826905,0.1065686658,0.10677176594586402,Test
BUVYEX_clean,7.01349,5.55881,7.01349,1.21167,786.339,648.971,0.0,0.0,0.4712,0.388885,0.0,0,0.0012846539,0.1262229677,0.1230870197033894,Train
BUVYIB01_clean,10.81747,8.62628,10.81747,0.682989,2289.3,3351.88,0.0,0.0,0.7066,1.03457,0.0,0,0.0040142831,0.4017420081,0.3946987012824066,Train
BUVYIB_clean,10.88811,8.55613,10.38381,0.702067,2220.12,3162.26,0.0,0.0,0.6958,0.991073,0.0,0,0.0040698056,0.4197341025,0.39843425903556207,Test
BUWLUC_clean,5.18793,3.64341,5.18793,1.32106,1477.38,1118.33,1.23611,0.935694,0.6038,0.457058,0.0,1,0.0011012258,0.1070891127,0.11061169593605483,Train
BUWMAJ_clean,5.16551,3.78381,5.16551,1.21126,1971.74,1627.85,16.6796,13.7705,0.662,0.54654,0.0,1,0.0012201178,0.1216436163,0.12285370124368078,Test
BUWMEN_clean,5.23161,3.83405,5.2282,1.19035,2065.33,1735.06,0.0,0.0,0.6496,0.545721,0.0,1,0.0012828801,0.1319303238,0.12742284045135027,Test
BUWMIR_clean,5.20646,3.81875,5.20646,1.17377,2092.97,1783.12,2.40975,2.053,0.6684,0.569448,0.0,1,0.0012542223,0.1257635135,0.1265969457057392,Train
BUXNOZ_clean,11.48655,6.30332,11.4793,0.804674,2171.28,2698.33,0.0,0.0,0.7258,0.90198,0.0,1,0.0027458692,0.2706707436,0.27241429951964546,Train
BUXTOF_clean,5.10112,3.76343,4.43149,1.37664,488.999,355.212,519.913,377.668,0.5386,0.391242,0.0,1,0.0045935899,0.4195621343,0.4004543534136654,Test
BUXZAX_clean,33.37685,31.81617,33.36969,0.55548,1448.92,2608.41,0.0,0.0,0.8332,1.49996,0.000360049,1,0.0020417791,0.2034400567,0.20799154350616422,Test
BUYNAL_charged,4.621,3.96851,4.621,0.918673,1808.68,1968.8,0.0,0.0,0.5666,0.616759,0.0,0,0.0028506389,0.2789126265,0.28702466810360966,Test
c4ce00408f_c4ce00408f2_clean,12.62762,5.23882,12.62762,1.04827,1808.67,1725.39,210.803,201.096,0.6818,0.650406,0.0,1,0.0040591485,0.3300929957,0.36615286500843447,Test
c4dt03702b_c4dt03702b2_clean,8.83143,6.21194,8.83143,0.592358,2322.31,3920.45,0.0,0.0,0.7494,1.26511,0.0,0,0.002453249,0.2309044575,0.24142248621223306,Test
c5cc04223b_c5cc04223b2_clean,12.29704,9.67035,12.2571,0.522428,2226.93,4262.65,0.0,0.0,0.794,1.51983,0.0,1,0.0024344132,0.2326833645,0.24507676730862024,Test
c5cc09432a_c5cc09432a2_clean,7.04652,4.99124,7.03394,1.10591,1252.19,1132.28,0.0,0.0,0.53,0.479244,0.0,1,0.0026167531,0.2434866844,0.2481054105937442,Test
c5cc10203k_c5cc10203k2_clean,16.11055,7.03802,16.11055,0.497,2186.45,4399.29,0.0,0.0,0.7782,1.5658,0.0,1,0.0031007176,0.3105159743,0.3088593746341532,Train
c5ce00862j_c5ce00862j2_clean,7.29772,5.9904,7.16104,1.02623,1329.56,1295.58,0.0,0.0,0.5566,0.542374,0.0,0,0.0029376772,0.2817637134,0.2812360743800999,Train
c5ce01948f_c5ce01948f2_clean,5.17559,4.77124,5.17559,1.89554,519.58,274.107,0.0,0.0,0.3868,0.204058,0.0,0,0.0007265724,0.0698351193,0.06889230667372662,Train
c5ce02194d_c5ce02194d2_clean,6.92785,5.95944,6.79754,0.95198,1569.85,1649.04,0.0,0.0,0.5884,0.61808,0.0,1,0.0034875339,0.3192811813,0.33457938323095016,Test
c5cp03920g_c5cp03920g2_clean,8.5781,4.08235,8.5781,1.22102,1656.3,1356.48,0.0,0.0,0.5914,0.484347,0.000163797,0,0.0024888919,0.2314143616,0.23947157285320625,Test
c5dt03091a_c5dt03091a2_clean,12.70758,7.22422,12.62907,0.840959,1997.99,2375.84,0.0,0.0,0.7324,0.87091,0.0,0,0.0014469026,0.1486535164,0.14227038469757508,Test
c5gc02393a_c5gc02393a2_clean,5.4044,4.48945,5.38726,1.33709,1164.94,871.248,14.4818,10.8309,0.513,0.383669,0.0,1,0.0025326519,0.2460587428,0.24194286227763567,Test
c5nj01930c_c5nj01930c2_clean,5.64911,4.27538,5.64911,1.35969,1108.37,815.17,0.0,0.0,0.4986,0.366702,0.0,1,0.0030892159,0.28618555,0.2901331126685066,Test
c5nj02634b_c5nj02634b2_clean,6.56089,5.15548,6.36711,0.972386,1739.81,1789.21,0.0,0.0,0.6012,0.618273,0.0,1,0.0036441527,0.3524312027,0.3458253352529565,Test
c5sc03494a_c5sc03494a2_clean,6.21978,5.55178,6.21978,0.911359,2530.42,2776.54,0.0,0.0,0.701,0.769181,0.0,0,0.0043920769,0.4218738353,0.4361838963464576,Test
c5ta04989j_c5ta04989j2_clean,7.09855,5.91102,7.08643,1.4765,1374.61,930.993,0.0,0.0,0.5276,0.357332,0.0,1,0.0026374864,0.2442253091,0.2479281796888268,Test
c6cc00862c_c6cc00862c2_clean,8.00553,6.19741,8.00553,0.932782,1633.12,1750.81,0.0,0.0,0.6212,0.665964,0.0,1,0.0035404571,0.3454314214,0.335105728402943,Test
c6cc02494g_c6cc02494g1_clean,11.72847,10.48758,11.72847,1.03086,1570.44,1523.42,0.0,0.0,0.6508,0.631316,0.0,1,0.0016239962,0.1619264723,0.16048074378571045,Train
c6cc02494g_c6cc02494g3_clean,11.9944,10.81728,11.9944,1.03032,1587.16,1540.45,0.0,0.0,0.6594,0.639995,0.0,1,0.0017324692,0.1758874677,0.17591141616513,Test
c6cc02494g_c6cc02494g4_clean,11.99779,10.81941,11.9905,1.02929,1587.08,1541.92,0.0,0.0,0.6598,0.641025,0.0,1,0.0017841231,0.1756147355,0.17974983669355002,Test
c6cc02494g_c6cc02494g5_clean,11.54428,10.77033,11.54428,1.02257,1607.9,1572.4,0.0,0.0,0.664,0.649342,0.0,1,0.0017543553,0.1691102899,0.17844056492936164,Test
c6cc02494g_c6cc02494g6_clean,11.73822,10.49789,11.73822,1.02922,1570.21,1525.64,0.0,0.0,0.6512,0.632715,0.0,1,0.0016115993,0.1623097436,0.16055406099736783,Test
c6ce00126b_c6ce00126b2_clean,5.67441,4.44258,5.66536,1.13028,1138.37,1007.16,0.0,0.0,0.5446,0.481828,0.0,1,0.0071292019,0.6030993573,0.6119769827251302,Train
c6ce00141f_c6ce00141f2_clean,9.56221,8.33336,9.07575,0.705297,1946.55,2759.91,0.0,0.0,0.6886,0.976327,0.0,0,0.002757739,0.2658026533,0.2734150821796672,Train
c6ce00407e_c6ce00407e1_clean,15.77585,8.21654,15.76128,0.595584,2156.28,3620.44,0.0,0.0,0.7746,1.30057,0.0,1,0.0025736753,0.2600402724,0.25615001288236644,Test
c6ce00407e_c6ce00407e2_clean,12.56279,7.41464,12.35901,0.699904,2125.04,3036.19,0.0,0.0,0.7334,1.04786,0.0,1,0.0023445831,0.2354221497,0.23308617992035072,Test
c6ce00407e_c6ce00407e3_clean,12.83222,6.18664,12.83222,0.918215,2210.46,2407.34,0.0,0.0,0.7204,0.784565,0.0,1,0.0039290346,0.3582938571,0.3585441358546865,Train
c6ce00407e_c6ce00407e4_clean,54.27623,28.17362,54.19829,0.0636525,512.685,8054.44,0.0,0.0,0.9694,15.2296,0.0,0,0.0072989804,0.7434678609,0.7368970574950706,Train
c6ce00407e_c6ce00407e7_clean,33.68342,15.87888,33.68342,0.207465,1336.6,6442.53,0.0,0.0,0.9124,4.39786,0.0,1,0.0034989748,0.3536315683,0.35216951662546475,Train
c6ce00407e_c6ce00407e8_clean,6.42415,4.65473,6.4148,0.850252,2400.69,2823.5,0.0,0.0,0.6736,0.792235,0.0,1,0.0030640217,0.3024198732,0.30617430580205024,Train
c6ce00407e_c6ce00407e9_clean,13.32178,10.04301,13.32178,0.313342,1952.24,6230.37,0.0,0.0,0.8528,2.72162,0.0,1,0.0024512832,0.2341994366,0.2392751533890982,Train
c6dt03852b_c6dt03852b2_clean,13.14811,11.57992,13.14609,0.737977,1944.6,2635.04,0.0,0.0,0.7482,1.01385,0.000271011,1,0.002383598,0.2389247105,0.22791649043388595,Test
c6ta00429f_c6ta00429f2_clean,15.86893,5.53957,7.79231,0.722489,2062.25,2854.37,0.0,0.0,0.6916,0.957247,0.000276821,0,0.0023043137,0.2318528421,0.22519393368136123,Test
CABJOH_clean,4.53725,3.92462,4.47478,1.06179,1786.16,1682.21,0.0,0.0,0.5552,0.522889,0.0,1,0.0061379179,0.5639804332,0.5682999071634087,Train
CACBUG_clean,4.28617,3.67636,4.28617,1.29935,625.637,481.501,0.0,0.0,0.4628,0.356178,0.0,1,0.0009738043,0.0939925566,0.09726623193861314,Train
CADPII_clean,5.83331,5.05627,5.83331,2.03698,286.725,140.76,0.0,0.0,0.351,0.172314,0.0,1,0.0013655545,0.1164507698,0.11272931469327396,Train
CADQAB_clean,6.63883,4.78268,6.63883,1.11548,2206.23,1977.84,0.0,0.0,0.6348,0.569083,0.0,1,0.0028368639,0.2766421134,0.27570357607348633,Test
CADQOP_clean,6.71582,4.81933,6.71582,1.09675,2218.01,2022.35,0.0,0.0,0.6388,0.58245,0.0,1,0.002441884,0.2425476263,0.24071035953112085,Test
CADZIT_clean,4.17501,3.53659,4.16494,1.26214,543.593,430.693,0.0,0.0,0.4638,0.367472,0.0,0,0.0015855991,0.158144749,0.15390441451069758,Test
CAGSAG_clean,9.02799,5.29308,7.06322,0.961699,2031.62,2112.53,9.03866,9.39864,0.6624,0.688781,0.0,1,0.0033350301,0.317310118,0.3193979123684866,Test
CAGXIU_clean,5.87273,4.76439,5.85793,1.68022,875.321,520.957,0.0,0.0,0.4288,0.255205,0.0,0,0.003498626,0.3090000032,0.3102474114799767,Test
CAJQEL_clean,13.93661,8.23046,13.93661,0.705662,2053.08,2909.44,0.0,0.0,0.7554,1.07048,0.0,1,0.0037983813,0.3703450144,0.3566417338878189,Test
CAJQIP_clean,13.27741,7.61293,13.27741,0.545408,2173.64,3985.35,0.0,0.0,0.787,1.44296,0.0,1,0.0032460338,0.3197425685,0.3200000889959111,Train
CAJWIV_ion_b,6.19996,3.79741,6.11559,1.07892,1261.13,1168.88,0.0,0.0,0.546,0.50606,0.0,1,0.0035497058,0.3571339596,0.33004781795188276,Test
CANRIU_clean,6.98874,4.43531,6.97328,0.861557,1846.01,2142.64,0.0,0.0,0.6044,0.70152,0.0,1,0.0043064615,0.3887895647,0.39893748367128984,Train
CANROA_clean,6.93935,4.21694,6.93935,0.944373,1810.25,1916.88,0.0,0.0,0.5966,0.631742,0.0,1,0.0033802658,0.3261005416,0.32932686540615275,Train
CANRUG_clean,6.57321,4.9271,6.57235,0.884567,1797.13,2031.65,0.0,0.0,0.588,0.664732,0.0,1,0.0041266797,0.395891825,0.39125476417154165,Test
CANYIB_clean,8.93125,8.46949,8.93125,1.07172,1754.82,1637.38,0.0,0.0,0.614,0.572909,0.0,1,0.0022332506,0.2181446534,0.21731976036746137,Test
CAPLOX_clean,6.59085,5.37966,6.59085,1.11008,2109.4,1900.22,0.0,0.0,0.6376,0.574371,0.0,1,0.0031387138,0.309330826,0.30395812684654394,Train
CAQCAZ_clean,6.29148,5.67839,6.29148,1.73371,1423.23,820.916,0.0,0.0,0.5114,0.294974,0.0,0,0.0058173355,0.5102454341,0.5109135421547167,Train
CARGEI_clean,4.10808,3.65886,4.09677,3.44333,235.863,68.4985,0.0,0.0,0.3342,0.0970573,0.0,1,6.53034e-05,0.0066408088,0.0075548555311063526,Train
CASTEW_clean,6.08438,5.45003,6.05599,1.74666,1447.28,828.595,0.0,0.0,0.5044,0.288779,0.0,0,0.0061844835,0.5317372569,0.5241493195826771,Train
CAVMOD_clean,10.28847,9.36955,10.28847,0.959454,1312.84,1368.32,0.0,0.0,0.585,0.609722,0.0,1,0.002576808,0.2249277029,0.24468254278594323,Test
CAVNOE_clean,5.24143,4.75286,5.24143,1.73091,867.69,501.29,0.0,0.0,0.4214,0.243455,0.0,0,0.0032055367,0.2783416498,0.28357873520690136,Test
CAVPEW_manual,20.25907,7.7782,20.25907,0.40269,1930.55,4794.14,0.0,0.0,0.8198,2.03581,0.0,0,0.0024707232,0.2563201576,0.24399925716568616,Test
CAVPIA_manual,19.92035,7.75151,19.86628,0.416148,1969.69,4733.15,0.0,0.0,0.8146,1.95748,0.0,0,0.0025094534,0.2509260495,0.250683509784539,Train
CAVPUM_manual,20.42812,7.78019,20.42812,0.407456,1942.56,4767.53,0.0,0.0,0.8202,2.01298,0.0,1,0.0026715796,0.2623575259,0.26688493962119636,Test
CAVRAU_clean,8.06449,6.42877,8.06449,0.994088,1841.55,1852.5,0.0,0.0,0.6396,0.643404,0.0,1,0.0045010847,0.3954022314,0.41403129681750706,Train
CAVREY_clean,7.18071,5.30054,7.16429,1.02665,1966.55,1915.49,0.0,0.0,0.6398,0.62319,0.0,1,0.0045713427,0.4014281101,0.4301346469209891,Test
CAVSUP_clean,6.03054,5.46806,6.0217,1.37834,1107.72,803.663,0.0,0.0,0.5324,0.386261,0.0,0,0.0012964809,0.1213730065,0.12674292485815078,Test
CAVVUS_clean,8.70352,6.17686,8.67533,1.10684,1589.76,1436.3,0.0,0.0,0.6378,0.576233,0.0,1,0.0029597454,0.2866916161,0.28072752626648845,Test
CAWDOU02_clean,6.97816,4.93144,6.97816,0.905214,1990.01,2198.39,0.0,0.0,0.6108,0.674758,0.0,1,0.0031210335,0.3042844864,0.30412775628027916,Test
CAWDOU_charged,5.51448,3.85745,5.50116,1.1172,1375.49,1231.19,0.0,0.0,0.5376,0.481202,0.0,1,0.0033577646,0.3201228872,0.3205720565628528,Train
CAWVIH_SL,6.49654,4.73872,6.48371,1.24069,901.093,726.283,0.0,0.0,0.4956,0.399454,0.0,0,0.0030149091,0.278304429,0.2788486577762085,Test
CAXTAY_clean,10.46003,5.71128,10.46003,0.724219,2006.33,2770.34,0.0,0.0,0.6846,0.945294,0.0,0,0.0016781472,0.1815124863,0.1643555828337535,Test
CAXTEC_clean,10.87616,5.2726,10.87615,0.837152,1928.01,2303.05,0.0,0.0,0.6672,0.796988,0.0,0,0.002553717,0.2508065303,0.24812735229118854,Test
CAXVII_clean,11.59355,10.81405,11.59355,1.12398,1567.91,1394.96,0.0,0.0,0.6396,0.569048,0.0,1,0.0020729652,0.2083847786,0.20675141250586992,Train
CAXVOO_clean,11.60689,10.81841,11.60689,1.12075,1577.05,1407.14,0.0,0.0,0.6396,0.57069,0.0,1,0.0020693316,0.2060665458,0.2047301559365146,Test
CAXVUU_clean,11.30625,10.52946,11.30625,1.14718,1579.61,1376.96,0.0,0.0,0.6282,0.547605,0.0,1,0.0019984765,0.2030143272,0.19482443743020378,Test
CAXWAB_clean,11.47981,10.7455,11.47981,1.14506,1582.63,1382.13,0.0,0.0,0.6306,0.550713,0.0,1,0.0021801562,0.2122400214,0.21638517560360976,Test
CAXWEF_clean,11.4766,10.80771,11.4766,1.14451,1589.9,1389.16,0.0,0.0,0.6324,0.552552,0.0,1,0.0021020339,0.2100307965,0.2088825970335711,Test
CAXWIJ_clean,11.51419,10.74209,11.51419,1.143,1585.27,1386.93,0.0,0.0,0.6362,0.556603,0.0,1,0.0021002171,0.2131484198,0.2092200558730043,Test
CAXXEG_clean,6.07325,3.85926,6.03932,1.21319,1423.03,1172.97,0.0,0.0,0.5422,0.446922,0.0,0,0.0023652061,0.2262296041,0.2271802267558451,Test
CAXZOS_clean,9.21896,5.54947,8.26542,0.933786,1488.97,1594.55,0.0,0.0,0.591,0.632907,0.0,0,0.0035722801,0.3463353026,0.34458917534275707,Train
CAXZUY_clean,9.32301,5.43687,8.01925,0.950981,1467.16,1542.78,0.0,0.0,0.579,0.608845,0.0,0,0.0037355323,0.3665044729,0.36069481852149876,Train
CAYCAI_clean,6.80768,3.74439,6.80768,1.98488,984.427,495.962,6.49147,3.27046,0.4704,0.236991,0.0,1,0.000379338,0.0381891419,0.03951858918686235,Train
CAYDEN_clean,5.0519,4.88565,5.0519,1.50882,682.819,452.551,0.0,0.0,0.463,0.306862,0.0,0,0.0009647652,0.0941304201,0.09544991829536167,Test
CAYDIR_clean,5.11017,4.94322,5.11017,1.49623,706.715,472.33,0.0,0.0,0.4642,0.310247,0.0,0,0.0009609317,0.0925842401,0.09352079466360824,Train
CAYDUD_clean,5.16273,4.98367,5.16273,1.48699,695.762,467.899,0.0,0.0,0.4646,0.312443,0.0,0,0.0009034292,0.090883442,0.08341310206910063,Test
CAYKEU_clean,6.90917,5.51195,6.89676,1.65926,1248.25,752.294,0.0,0.0,0.5378,0.32412,0.0,1,0.0018791293,0.1796960247,0.1756977617012836,Test
CAYMIZ_clean,5.09274,4.35949,5.06741,1.47774,1017.51,688.557,0.0,0.0,0.4866,0.329286,0.0,0,0.0027230653,0.2534352672,0.24347316941350405,Test
CAYQAV_clean,5.97925,4.27197,5.97925,1.3965,1570.86,1124.85,0.0,0.0,0.5832,0.417615,0.0,1,0.0013264827,0.1296375972,0.12848717749340777,Train
CAYSIE_clean,7.01369,4.99057,7.01369,1.16777,715.513,612.717,0.0,0.0,0.471,0.403332,0.0,0,0.0006336896,0.0652376467,0.06174345129163758,Train
CAYSOK_clean,7.10061,5.08651,7.10061,1.15597,734.4,635.313,0.0,0.0,0.476,0.411777,0.0,0,0.0007424098,0.0720344326,0.07279139775554455,Train
CAYYEG_clean,7.23384,5.22809,7.23384,1.1195,757.877,676.976,0.0,0.0,0.4822,0.430726,0.0,0,0.0007088049,0.0650658101,0.06814649343035628,Train
CAZGIT_clean,5.03658,3.98397,5.03257,1.74975,597.309,341.369,0.0,0.0,0.4322,0.247007,0.0,1,0.002007038,0.1891180717,0.18325397126769888,Test
CAZNEY_clean,6.26427,5.09264,6.24536,0.832059,2251.27,2705.66,0.0,0.0,0.6506,0.781916,0.0,1,0.0031616789,0.3158163205,0.310197056213109,Test
CAZNOI_charged,9.90063,6.53329,9.65916,0.690807,2263.18,3276.15,0.0,0.0,0.7002,1.0136,0.0,0,0.0030285403,0.3061929726,0.29852875753559194,Test
CAZNUO_charged,10.27831,7.67167,10.27831,0.69448,2247.72,3236.55,0.0,0.0,0.6966,1.00305,0.0,0,0.0030529331,0.3137567198,0.3036709468058929,Test
CEBDOD_clean,5.66465,5.15984,5.65666,2.39766,855.034,356.611,0.0,0.0,0.4118,0.171751,0.0,1,0.0011177978,0.1016152581,0.10450464490499378,Train
CECVAI_clean,8.49795,6.03194,7.93874,0.769652,2649.07,3441.9,0.0,0.0,0.7384,0.959394,0.0,1,0.0020924513,0.2023572255,0.21097968836813757,Test
CEDFIC_clean,5.4924,4.94828,5.32905,1.21421,1932.36,1591.46,0.0,0.0,0.6236,0.513586,0.0,1,0.0031454295,0.2949595878,0.3022174281604066,Test
CEGDUO_clean,4.82541,3.97638,4.82307,1.91831,724.949,377.909,0.0,0.0,0.4724,0.246258,0.0,1,0.0008875138,0.0879621695,0.08325459794301598,Train
CEGFAW_clean,4.76954,3.53933,4.76954,1.84478,851.951,461.818,0.0,0.0,0.4894,0.265289,0.0,1,0.0008911888,0.0856763162,0.08608178259065052,Test
CEGWER_clean,4.43901,3.87534,4.42525,1.46079,690.461,472.661,0.0,0.0,0.4246,0.290664,0.0,1,0.0035624317,0.3095175146,0.3140714425315844,Train
CEHLAD_clean,10.21413,5.8901,10.08749,0.853623,2217.93,2598.26,0.0,0.0,0.735,0.861036,0.0,1,0.0025299686,0.2552242301,0.2529664563809867,Test
CEJBEA_clean,7.33038,5.85474,7.33038,1.57516,776.239,492.799,0.0,0.0,0.4492,0.285177,0.0,0,0.0008063369,0.0731834271,0.07975149605579065,Train
CEJCAW_clean,5.5108,4.81672,5.5108,1.18356,1317.21,1112.92,29.3634,24.8094,0.5646,0.477037,0.0,1,0.0019730182,0.1866520898,0.18904241324758403,Test
CEJZAU_clean,7.19009,4.36372,6.93205,1.03983,1483.83,1427.0,0.0,0.0,0.5552,0.533934,0.0,0,0.0035370413,0.3548582742,0.33812109150842135,Train
CEKHIL_clean,8.90548,6.79186,8.80947,0.613586,2659.69,4334.67,0.0,0.0,0.7608,1.23992,0.0,1,0.0029416933,0.2905609492,0.2921946524663309,Test
CEKROB_clean,5.35179,3.54558,5.35179,1.20403,773.46,642.39,0.0,0.0,0.4936,0.409955,0.0,0,0.0019529631,0.1870315412,0.17837465909875794,Test
CELZEA_clean,5.3255,4.52273,5.32364,1.62985,1218.16,747.41,0.0,0.0,0.5184,0.318067,0.0,1,0.0018157768,0.1741019407,0.17223639341700792,Train
CEMYUQ_clean,6.77494,3.84893,6.77491,1.21968,1760.79,1443.65,0.0,0.0,0.6118,0.501606,0.0,1,0.0049989433,0.4723746931,0.464384063487547,Train
CENJIQ_clean,8.5056,4.03981,8.49212,1.2776,1268.59,992.946,62.8816,49.2184,0.584,0.457106,0.0,1,0.0015200552,0.1464094977,0.14856036099793074,Train
CENKAJ_clean,8.21931,4.12189,8.21931,1.27633,1215.32,952.199,71.8847,56.3212,0.5908,0.462888,0.0,1,0.0013672559,0.1310045515,0.13253121465367815,Train
CENPUI_clean,6.19698,4.05893,5.0808,0.999903,1127.63,1127.74,0.0,0.0,0.537,0.537052,0.0,1,0.0077945297,0.6475164551,0.6471414543133946,Test
CEQBUV_charged,6.8037,4.57353,6.8037,2.00293,381.306,190.374,0.0,0.0,0.4176,0.208494,0.0,0,0.0002907285,0.0271187052,0.027704975027795176,Train
CETFOX_clean,5.89862,5.05783,5.89274,1.36113,1575.61,1157.57,0.0,0.0,0.5628,0.413479,0.0,1,0.0015086378,0.1430908314,0.1483010630488101,Test
CETFUD_clean,4.78644,4.1075,4.78644,1.42835,1079.17,755.535,0.0,0.0,0.4914,0.344034,0.0,1,0.0025434349,0.244597715,0.2409002960889818,Test
CETGOY_clean,10.22503,9.4107,10.22503,0.619603,1948.44,3144.66,0.0,0.0,0.6924,1.11749,0.0,1,0.0022154514,0.214628076,0.21894533182616288,Train
CETHEQ_clean,9.71439,7.35018,9.71439,1.06464,1786.46,1678.0,0.0,0.0,0.68,0.638714,0.0,1,0.0010664931,0.1070701222,0.10910909955177164,Test
CETJAN_clean_h,5.90298,3.79569,5.88477,1.04758,1099.93,1049.97,0.0,0.0,0.521,0.497338,0.0,0,0.0020301044,0.1892607016,0.1995721243849658,Test
CETNUL_clean,4.58077,3.60286,4.56313,1.13657,1013.54,891.755,16.0108,14.0869,0.5734,0.504499,0.0,0,0.003293009,0.3097735481,0.31034925494739424,Test
CEXHET_clean,5.56032,3.64308,4.81937,1.07672,1426.07,1324.45,4.06218,3.77273,0.5636,0.523441,0.0,1,0.0025698553,0.2484345091,0.2498962181316004,Test
CEXHOD_clean,6.20263,3.99405,6.1987,0.988457,1905.85,1928.11,0.0,0.0,0.5896,0.596485,0.0,1,0.0021839042,0.218250699,0.2168939029154247,Test
CEXSEE_charged,5.7859,3.93376,5.7859,1.09699,1522.38,1387.77,0.0,0.0,0.5436,0.495537,0.0,1,0.002306953,0.2270702467,0.22349912290410345,Test
CEYPUT01_clean,5.3037,3.76464,5.15402,1.22825,976.383,794.936,0.0,0.0,0.5114,0.416364,0.0,0,0.0080125233,0.6702039547,0.6619265060824602,Train
CEYPUT_clean,5.36995,3.83237,5.24339,1.20669,1059.79,878.268,0.0,0.0,0.5054,0.418833,0.0,0,0.0078750715,0.6450850974,0.6542178908495515,Train
CEZFIY_clean,5.34194,3.72114,5.30915,1.18992,1017.05,854.72,0.0,0.0,0.4786,0.40221,0.0,0,0.0027138155,0.2621027217,0.2478042475084675,Test
cg034025wsi20030214_115651_clean,4.98405,3.48688,4.91647,1.80625,1199.75,664.222,0.0,0.0,0.5452,0.30184,0.0,1,0.0015191842,0.1438014447,0.14285490992612274,Test
cg060732osi20070605_042406_clean,6.23351,5.51273,6.19042,0.921282,2509.58,2724.01,0.0,0.0,0.696,0.755469,0.0,0,0.0044973162,0.4480664392,0.4397157032874943,Test
cg200332y_si_002_clean,5.21581,3.97485,5.21581,1.32224,2143.79,1621.34,0.0,0.0,0.6406,0.484482,0.0,0,0.0049810823,0.4901570811,0.4681483493576117,Test
cg200606r_si_001_clean,4.89412,3.61697,4.88387,1.24739,1030.7,826.282,0.0,0.0,0.5586,0.447815,0.0,1,0.0088214509,0.7527831669,0.7584854838228692,Train
cg300302n_si_004_clean,4.26728,3.40774,4.26728,1.22723,425.532,346.741,0.0,0.0,0.4466,0.363908,0.0,0,0.0008865187,0.0882555465,0.08655441338009451,Train
cg300827e_si_003_clean,6.49481,4.26763,6.39496,1.12226,1820.26,1621.96,0.0,0.0,0.6138,0.546932,0.0,0,0.0033232708,0.3143751535,0.3190832165157338,Test
cg301577a_si_002_clean,13.79617,7.99146,13.47475,0.563648,2128.96,3777.11,0.0,0.0,0.7834,1.38987,0.0,1,0.0035836039,0.3453350022,0.34373453626621325,Test
cg301725z_si_004_clean,4.69664,4.11195,4.68637,1.09749,1702.36,1551.13,0.0,0.0,0.5844,0.532487,0.0,0,0.0049011673,0.4732766672,0.4705276010503785,Test
cg400449c_si_001_clean,12.65792,7.41339,12.43712,0.667569,2346.54,3515.05,0.0,0.0,0.7554,1.13157,0.0,1,0.0030323544,0.3020295731,0.3015344750755554,Test
cg401858s_si_002_clean,5.76822,4.62513,5.72988,1.11065,1442.06,1298.4,0.0,0.0,0.5672,0.510693,0.0,1,0.0023933653,0.2359797512,0.2314804660046391,Test
cg401887b_si_003_clean,8.26997,6.53639,8.26997,0.770939,2356.88,3057.16,0.0,0.0,0.7266,0.942487,0.0,1,0.0035287761,0.3317236876,0.3366231331422826,Test
cg401887b_si_004_clean,8.20931,6.61957,8.1877,0.786825,2323.24,2952.68,0.0,0.0,0.7066,0.898039,0.0,1,0.0032376691,0.3149118765,0.31634541537496497,Train
cg500033b_si_002_clean,6.04182,4.78062,6.04182,1.0885,1374.83,1263.05,0.0,0.0,0.5536,0.508589,0.0,1,0.0032038168,0.3036900969,0.30397859914675435,Train
cg500033b_si_003_clean,4.83661,3.74279,4.83563,1.15821,667.849,576.623,201.392,173.883,0.5058,0.436709,0.0,0,0.005003153,0.4121834689,0.41898649387819487,Test
cg500091k_si_002_clean,7.03754,5.53828,7.03754,0.930114,2289.08,2461.07,0.0,0.0,0.6592,0.70873,0.0,1,0.002654053,0.2574057029,0.2615598190634922,Test
cg500121f_si_004_clean,4.92521,3.49647,4.87249,1.18083,1031.61,873.629,0.0,0.0,0.5556,0.470517,0.0,0,0.0046259023,0.4315442265,0.4286793649761132,Train
cg500149s_si_002_clean,5.58191,4.61814,5.576,1.28231,662.205,516.417,0.0,0.0,0.4432,0.345627,0.0,0,0.0011550486,0.1119801022,0.11073169424026694,Train
cg500192d_si_003_clean,11.24994,9.49767,11.24883,0.554498,2069.35,3731.94,0.0,0.0,0.7928,1.42976,0.0,0,0.0026034999,0.2496610633,0.2535475089242827,Train
cg501012e_si_002_clean,10.40468,5.07098,10.12255,0.834367,2007.02,2405.44,0.0,0.0,0.668,0.800607,0.0,1,0.0033787262,0.3231227344,0.32648553932286806,Train
cg5010616_si_003_clean,4.68057,3.6532,4.67686,1.10074,1075.03,976.65,11.638,10.5729,0.4874,0.442795,0.0,1,0.0057021342,0.5195226905,0.5144599334142845,Test
cg5010616_si_007_clean,4.62764,3.59212,4.62764,1.09202,987.897,904.65,4.23835,3.8812,0.4894,0.44816,0.0,1,0.0051587621,0.4929345531,0.4856934583296904,Train
cg501141m_si_002_clean,7.16379,4.82619,7.11311,0.994067,1469.53,1478.3,195.255,196.42,0.5926,0.596137,0.0,1,0.0040357574,0.3821389946,0.37310166657826516,Train
cg501231v_si_001_clean,17.06774,7.18297,17.06774,0.779609,1749.67,2244.29,0.0,0.0,0.6902,0.885316,0.0,0,0.0025762954,0.257934975,0.2527547346146572,Train
cg5012617_si_002_clean,6.32079,5.69332,6.32079,1.49326,566.795,379.568,60.4946,40.5117,0.4478,0.29988,0.0,1,0.0010306849,0.1029887127,0.10404158146581832,Train
cg501279y_si_002_clean,6.41301,4.86183,6.41301,1.15346,875.131,758.698,0.0,0.0,0.4984,0.43209,0.0,0,0.0042836228,0.3939145885,0.38322557371968674,Train
cg501332u_si_002_clean,6.1572,4.57393,6.1572,1.23684,1051.25,849.954,0.0,0.0,0.5146,0.416062,0.0,0,0.0011785731,0.1150566399,0.11331783507787954,Test
cg501560z_si_002_clean,9.02632,7.52711,9.02632,0.738263,2435.69,3299.23,0.0,0.0,0.7636,1.03432,0.0,0,0.0013214169,0.1300547988,0.1301000262452721,Train
cg501560z_si_003_clean,10.58889,8.21137,10.57587,0.621509,2301.94,3703.79,0.0,0.0,0.8104,1.30392,0.0,1,0.0012803529,0.1269528911,0.1254195708684532,Train
cg501730q_si_002_clean,15.26084,10.84338,15.26084,0.834696,1931.13,2313.57,0.0,0.0,0.7224,0.865465,0.0,1,0.0027703546,0.2680505723,0.26669507167143314,Test
cg800424t_si_002_clean,11.07723,9.2554,11.07723,0.942046,1274.04,1352.42,0.0,0.0,0.6274,0.665997,0.0,1,0.001935824,0.1889835093,0.17832379348309962,Test
cg8013317_si_003_clean,5.86482,4.33377,5.84465,0.919505,1402.89,1525.7,0.0,0.0,0.564,0.613373,0.0,1,0.0049930489,0.4763708458,0.4634217109358427,Train
cg900153m_si_001_clean,16.94263,7.25585,10.11151,0.592421,2320.63,3917.2,0.0,0.0,0.7834,1.32237,0.0,1,0.0025915083,0.2643692957,0.2549278114039818,Test
cg901114e_si_002_clean,4.97956,4.41476,4.97764,1.61977,1113.96,687.724,0.0,0.0,0.4738,0.29251,0.0,1,0.0016381575,0.1493502814,0.1518803446520068,Train
cg901128k_si_004_clean,5.1054,4.19275,5.1054,1.86722,389.052,208.359,0.0,0.0,0.4158,0.222684,0.0,0,0.0006518708,0.0669561648,0.06434814557359952,Train
cg901312t_si_002_clean,15.54833,7.92817,14.85181,0.630454,2258.1,3581.71,0.0,0.0,0.764,1.21183,0.0,1,0.0029266951,0.2735946328,0.2869591882753006,Test
CIDKUX_clean,9.17673,8.30352,9.17673,1.04661,1668.34,1594.05,0.0,0.0,0.6532,0.624113,0.0,1,0.0025299023,0.2450159948,0.24855472955672597,Train
CIFDOM_clean,5.56405,4.03207,5.56103,0.979977,1797.6,1834.33,0.0,0.0,0.591,0.603075,0.0,1,0.003284119,0.3191444582,0.3162068404709787,Test
CIFDUS_clean,6.0819,4.13005,6.0819,0.982136,1846.77,1880.36,0.0,0.0,0.6008,0.611728,0.0,1,0.0032307886,0.3143275209,0.3107335101547605,Test
CIFJAE_clean,5.80851,5.16856,5.80851,1.17303,1403.54,1196.51,0.0,0.0,0.544,0.463755,0.0,1,0.0041487448,0.3837367003,0.38524839967403657,Test
CIFLUA_clean,9.37773,7.98095,9.37773,0.746179,1903.8,2551.39,0.0,0.0,0.6868,0.920422,0.0,1,0.0028443467,0.2910471648,0.2811325216551118,Train
CIFMAH_clean,10.24439,9.01949,10.24042,0.733938,2150.52,2930.12,0.0,0.0,0.6824,0.929779,0.0,1,0.0034243643,0.3258287806,0.33070634634917173,Train
CIFMEL_clean,8.24371,5.76486,8.24371,0.761139,2746.38,3608.25,0.0,0.0,0.7488,0.983788,0.0,1,0.0018510557,0.1821967717,0.1812224122022035,Test
CIFMIP_clean,7.90061,6.44934,7.90061,1.08801,1993.5,1832.24,0.0,0.0,0.6246,0.574075,0.0,1,0.0023944448,0.2427300052,0.2355127538319104,Test
CIGDUT_clean,5.04549,3.73361,5.01118,1.73625,237.061,136.536,547.429,315.294,0.5092,0.293276,0.0,1,0.0024928605,0.2359712404,0.2312255771157471,Test
CIGFAB_clean,5.06435,3.71465,5.06435,1.72692,240.436,139.228,509.807,295.211,0.5158,0.298682,0.0,1,0.0024855981,0.2294489266,0.23017343318972272,Train
CIGFEF_clean,5.08065,3.70225,5.00391,1.56415,1026.35,656.171,0.0,0.0,0.547,0.349712,0.0,1,0.0027398772,0.2626387832,0.248602776484587,Test
CIGXIA_manual,28.48677,11.8329,28.48274,0.684425,1325.74,1937.02,47.85,69.9127,0.7628,1.11451,0.0,1,0.005862489,0.4093348219,0.4149490356305616,Train
CIJVOH01_clean,5.72943,4.43683,5.71847,1.42641,2600.15,1822.87,0.0,0.0,0.6914,0.484714,0.0,1,0.0014372373,0.1430044099,0.14381021534566704,Train
CIJVOH_clean,5.67314,4.40026,5.67231,1.44318,2399.39,1662.57,0.0,0.0,0.687,0.476032,0.0,1,0.0013785745,0.1344927249,0.13252363181651663,Train
CIMTAV_charged,7.40007,4.39946,7.37157,1.11198,992.78,892.807,0.0,0.0,0.4902,0.440837,0.0,0,0.0008464908,0.0818271157,0.08284937348878665,Test
CIMTEZ_charged,8.4931,5.75863,8.48244,1.05628,1293.17,1224.27,0.0,0.0,0.5428,0.513878,0.0,0,0.0019803692,0.1904192244,0.19111950679349787,Test
CIPCUB_clean,4.79005,3.99723,4.76699,1.72886,1140.31,659.571,0.0,0.0,0.5,0.289207,0.0,1,0.0031584359,0.2800862242,0.29386435140402595,Test
CIRTUU_clean,15.60203,7.15132,15.60203,0.583758,2414.48,4136.1,0.0,0.0,0.7788,1.33412,0.0,1,0.0035479066,0.345000888,0.3418057333087361,Test
CISLUN_clean,5.76312,4.73452,5.67518,0.963118,2174.12,2257.37,0.0,0.0,0.655,0.680083,0.0,1,0.0029654623,0.2810909108,0.2888281686304519,Test
CISXEJ_clean,8.40281,5.25443,8.32688,0.998279,1037.93,1039.71,82.5858,82.7282,0.5322,0.533117,0.0,1,0.0034307688,0.3184276411,0.32021340949230864,Test
CITZIP_manual,6.91567,6.30981,6.88477,1.43035,1426.63,997.402,0.0,0.0,0.5266,0.368162,0.0,0,0.0020419412,0.1997898956,0.19875372762657195,Train
CIVTEH_clean,5.3881,4.01709,5.3881,1.06088,1244.8,1173.37,0.0,0.0,0.5492,0.517684,0.0,1,0.0024800985,0.2523917542,0.24189504536433493,Test
CIWREG_clean,8.13471,7.32788,8.13207,1.23149,2046.97,1662.19,0.793114,0.644029,0.6562,0.532851,0.0,0,0.0019459939,0.1842565261,0.19015216617943825,Test
CIWRIK_clean,8.18288,7.41537,8.15939,1.23146,2070.3,1681.17,0.299565,0.243259,0.6662,0.540982,0.0,0,0.0019479689,0.1895560021,0.18997710591108488,Test
CIWROQ_clean,8.21788,7.67164,8.21788,1.21042,2075.04,1714.31,0.0,0.0,0.6722,0.555343,0.0,0,0.0019953679,0.1900174844,0.19683328504413633,Train
CIWRUW_clean,8.32352,7.79985,8.25756,1.23467,2023.32,1638.75,0.0,0.0,0.6682,0.541198,0.0,0,0.0018966199,0.1815047485,0.1848547742902643,Test
CIWSAD_clean,8.30771,7.62763,8.30771,1.22175,2054.23,1681.39,0.0,0.0,0.6672,0.546104,0.0,0,0.0018334212,0.1819971719,0.18024871182179847,Test
CIWYUD_clean,7.106,4.57125,7.10384,1.41213,1333.92,944.617,0.0,0.0,0.5334,0.377728,0.0,1,0.0023929552,0.2267621426,0.2267654993480054,Test
CIWZEP_clean,6.72158,5.37996,6.72158,1.16391,939.134,806.877,0.0,0.0,0.5184,0.445394,0.0,0,0.0011575494,0.1075798897,0.11139883954442367,Train
CIWZIT_clean,6.79559,5.48299,6.79559,1.25271,971.679,775.661,0.13923,0.111143,0.5152,0.411268,0.0,0,0.0010141624,0.1005269415,0.0976243915342733,Train
CIXBUH_clean,8.16009,7.52386,8.14429,1.22695,2058.62,1677.84,0.0,0.0,0.6684,0.544765,0.0,0,0.0019242694,0.1886086796,0.1862782648004906,Train
CIXCAO_clean,8.41278,7.79803,8.41278,1.20596,2061.81,1709.68,0.0,0.0,0.6754,0.560051,0.0,0,0.0018920117,0.1849155044,0.18288786249677286,Train
CIYZUG_clean,4.43409,3.66305,4.43409,1.41147,330.488,234.144,0.0,0.0,0.4122,0.292036,0.0,1,0.0006198006,0.0640800719,0.060215288159471136,Train
CIZMIJ_clean,6.80411,4.91458,6.62402,0.777083,2425.06,3120.72,0.0,0.0,0.6814,0.876869,0.0,1,0.0041885511,0.4057437853,0.4074237492552877,Train
CIZPOS_clean,10.90949,3.96313,10.90949,0.997777,2106.31,2111.0,0.0,0.0,0.6492,0.650646,0.0,1,0.0058893994,0.4910082642,0.5330592577920998,Test
cm1008587_si_003_clean,6.03686,5.8505,6.03686,1.12119,1527.32,1362.24,0.0,0.0,0.5816,0.518737,0.0,0,0.0033456732,0.3130335207,0.3163133945349539,Train
cm202876r_si_002_clean,4.47913,3.53194,4.47073,1.51151,750.121,496.273,0.0,0.0,0.4498,0.297584,0.0,1,0.0059631278,0.4937662981,0.49548661403385774,Train
cm301726k_si_004_clean,7.25727,6.70407,7.25727,1.2275,1056.33,860.551,0.0,0.0,0.4792,0.390387,0.0,1,0.0028930829,0.2769834914,0.2708150772460597,Train
cm303749m_si_001_clean,11.62501,8.78986,11.62501,0.556141,2268.15,4078.37,0.0,0.0,0.7584,1.36368,0.0,1,0.0028124216,0.2991300849,0.2856374870689006,Train
cm303749m_si_002_clean,11.94079,10.66908,11.94079,0.51806,2178.92,4205.92,0.0,0.0,0.7776,1.50099,0.0,1,0.0028272357,0.2834663206,0.2822901861105357,Test
cm500700z_si_002_clean,6.28804,4.63482,6.27649,0.925761,2471.95,2670.19,0.0,0.0,0.6686,0.722217,0.0,1,0.0045521306,0.4324050078,0.4409108354492397,Test
cm500700z_si_003_clean,7.09965,5.06719,7.09965,1.05656,1959.47,1854.58,0.0,0.0,0.6212,0.587946,0.0,0,0.003174667,0.3129467258,0.30691488206395606,Train
cm501138g_si_002_clean,13.2781,6.68961,13.2781,0.886331,2090.67,2358.79,0.0,0.0,0.7192,0.811435,0.0,1,0.003314235,0.310768296,0.3066308401161944,Test
cm501138g_si_005_clean,13.193,6.5701,13.193,0.888496,2142.98,2411.92,0.0,0.0,0.7196,0.809908,0.0,1,0.0033168182,0.3232089473,0.30749557588862775,Test
cm501138g_si_006_clean,13.20287,6.64275,13.20287,0.881027,2105.19,2389.47,0.0,0.0,0.7198,0.817001,0.0,1,0.0034098131,0.3138242118,0.31522049996393886,Train
cm501138g_si_008_clean,13.18132,6.60546,13.18132,0.885001,2136.53,2414.16,0.0,0.0,0.72,0.813558,0.0,1,0.0034278954,0.3222712487,0.31777829096239263,Test
cm501138g_si_009_clean,13.19195,6.68183,13.19195,0.878773,2116.69,2408.69,0.0,0.0,0.7208,0.820234,0.0,1,0.0032703207,0.3160767549,0.3031431609033755,Train
cm501138g_si_010_clean,13.19966,6.69993,13.19966,0.880672,2105.24,2390.49,0.0,0.0,0.7198,0.81733,0.0,1,0.0036061356,0.3084356738,0.32656363800197863,Train
cm501138g_si_011_clean,13.25601,6.66924,13.25601,0.875822,2120.67,2421.34,0.0,0.0,0.7216,0.823911,0.0,1,0.0033400669,0.31300534,0.3079612642884707,Train
cm501138g_si_012_clean,13.22876,6.69209,13.22876,0.883303,2102.85,2380.67,0.0,0.0,0.72,0.815122,0.0,1,0.003489892,0.3107450472,0.3182445454005568,Test
cm503311x_alf100K_clean,7.0434,6.64625,7.0434,0.965639,1593.91,1650.63,0.0,0.0,0.608,0.629635,0.0,0,0.0036335896,0.3543022814,0.3509003273862714,Test
cm503311x_alf11K_clean,7.06313,6.65574,7.06313,0.967105,1569.67,1623.06,0.0,0.0,0.6028,0.623304,0.0,0,0.0035607965,0.3501005011,0.3444324901658981,Test
cm503311x_alf125K_clean,7.14687,6.82418,7.14687,0.9646,1570.17,1627.8,0.0,0.0,0.6102,0.632594,0.0,0,0.0034880034,0.3531032171,0.34142682951589787,Test
cm503311x_alf150K_clean,7.24848,7.00179,7.24848,0.962828,1577.69,1638.6,0.0,0.0,0.6114,0.635005,0.0,0,0.0035405762,0.3530102036,0.342682905449143,Test
cm503311x_alf175K_clean,7.34601,7.12573,7.34601,0.962415,1571.81,1633.19,0.0,0.0,0.6104,0.634238,0.0,0,0.0037427792,0.3524298808,0.36226547725179925,Test
cm503311x_alf200K_clean,7.35028,7.12879,7.35028,0.963076,1569.66,1629.84,0.0,0.0,0.6114,0.634841,0.0,0,0.0036093252,0.3585546124,0.3498130278910583,Test
cm503311x_alf225K_clean,7.37407,7.1534,7.3737,0.963767,1557.96,1616.53,0.0,0.0,0.6114,0.634385,0.0,0,0.0037023386,0.3530607544,0.36194754984033284,Test
cm503311x_alf250K_clean,7.38381,7.16186,7.38381,0.96386,1556.21,1614.56,0.0,0.0,0.6126,0.635569,0.0,0,0.0037124488,0.3559643908,0.3620756636068578,Test
cm503311x_alf275K_clean,7.36182,7.1382,7.36181,0.964358,1561.39,1619.1,0.0,0.0,0.612,0.634619,0.0,0,0.0036174133,0.3628109876,0.34984991995614795,Test
cm503311x_alf290K_clean,7.33152,7.10769,7.33152,0.964679,1559.29,1616.38,0.0,0.0,0.6126,0.63503,0.0,0,0.0036558319,0.3610882172,0.3518603104014513,Test
cm503311x_alf300K_clean,7.31824,7.09159,7.31824,0.964626,1573.17,1630.86,0.0,0.0,0.6112,0.633614,0.0,0,0.0035789947,0.3605645112,0.34834795811248825,Test
cm503311x_alf325K_clean,7.35887,7.1334,7.35887,0.964937,1562.46,1619.23,0.0,0.0,0.6116,0.633824,0.0,0,0.0036881844,0.3487578726,0.3589500623949865,Test
cm503311x_alf350K_clean,7.39937,7.12527,7.39534,0.965163,1550.6,1606.57,0.0,0.0,0.6104,0.632432,0.0,0,0.0035345101,0.3474556847,0.342462816205337,Test
cm503311x_alf375K_clean,7.39622,7.0927,7.39622,0.96527,1537.67,1593.0,0.0,0.0,0.6086,0.630497,0.0,0,0.0035486643,0.3364699906,0.3423470653212578,Test
cm503311x_alf400K_clean,7.38658,7.1188,7.38658,0.965403,1554.96,1610.69,0.0,0.0,0.6116,0.633518,0.0,0,0.0034192543,0.3510023269,0.33387870553003446,Test
cm503311x_alf40K_clean,7.05984,6.6215,7.05984,0.967154,1574.94,1628.43,0.0,0.0,0.6042,0.62472,0.0,0,0.0036436997,0.3453628827,0.3528525159399463,Test
cm503311x_alf425K_clean,7.36621,7.1125,7.36621,0.965299,1563.1,1619.29,0.0,0.0,0.6096,0.631514,0.0,0,0.0034475627,0.3453729928,0.3361557837942272,Train
cm503311x_alf475K_clean,7.39406,7.16617,7.39402,0.965634,1544.09,1599.05,0.0,0.0,0.61,0.63171,0.0,0,0.0037104268,0.355978545,0.36138439002016054,Train
cm503311x_alf500K_clean,7.43156,7.13669,7.43156,0.965551,1537.41,1592.26,0.0,0.0,0.6112,0.633006,0.0,0,0.003532488,0.3426290969,0.3420821040628487,Train
cm503311x_alf70K_clean,7.062,6.64337,7.062,0.967007,1580.84,1634.77,0.0,0.0,0.6034,0.623987,0.0,0,0.0036538099,0.3509335779,0.35318540250822744,Train
cm503311x_aloh150K_clean,7.13232,6.79915,7.13232,0.950095,1594.31,1678.06,0.0,0.0,0.6096,0.64162,0.0,0,0.0037118757,0.3684893302,0.3643953832561223,Test
cm503311x_aloh175K_clean,7.12797,6.78403,7.12797,0.949982,1591.61,1675.41,0.0,0.0,0.6094,0.641486,0.0,0,0.0037364984,0.3673997747,0.3643953832561223,Train
cm503311x_aloh200K_clean,7.15467,6.82431,7.15467,0.949754,1589.94,1674.05,0.0,0.0,0.609,0.641219,0.0,0,0.0037795882,0.3663163748,0.3648349777280841,Train
cm503311x_aloh225K_clean,7.13993,6.81973,7.13993,0.949535,1597.17,1682.06,0.0,0.0,0.609,0.641367,0.0,0,0.003919117,0.3680481731,0.37471350603000275,Train
cm503311x_aloh250K_clean,7.13817,6.81007,7.13817,0.949354,1600.74,1686.14,0.0,0.0,0.6102,0.642753,0.0,0,0.0037590693,0.3702293361,0.36467074731663546,Test
cm503311x_aloh275K_clean,7.13108,6.79826,7.13108,0.949161,1601.41,1687.19,0.0,0.0,0.6114,0.644148,0.0,0,0.0037488098,0.3654155935,0.36467074731663546,Train
cm503311x_aloh300K_clean,7.16075,6.82592,7.16075,0.948967,1591.48,1677.07,0.0,0.0,0.6092,0.641961,0.0,0,0.0038739753,0.3678163091,0.37435344776033375,Train
cm503311x_aloh325K_clean,7.17072,6.86808,7.17072,0.948742,1590.12,1676.03,0.0,0.0,0.6094,0.642324,0.0,0,0.0037180314,0.3614369716,0.3624263790042948,Test
cm503311x_aloh350K_clean,7.17066,6.85243,7.17066,0.948507,1596.68,1683.36,0.0,0.0,0.6094,0.642483,0.0,0,0.0037200833,0.3659367745,0.3624263790042948,Test
cm503311x_aloh375K_clean,7.15773,6.843,7.15773,0.948289,1598.4,1685.56,0.0,0.0,0.6106,0.643896,0.0,0,0.0036010734,0.366427177,0.3481769349122644,Test
cm503311x_aloh400K_clean,7.13585,6.82109,7.13585,0.948063,1604.12,1692.0,0.0,0.0,0.6108,0.644261,0.0,0,0.0036954606,0.3649251909,0.3610920253056939,Train
cm503311x_aloh425K_clean,7.16028,6.84144,7.16028,0.947823,1600.53,1688.64,0.0,0.0,0.611,0.644635,0.0,0,0.0037406022,0.3694762911,0.3625019278230497,Test
cm503311x_aloh450K_clean,7.14422,6.83019,7.14422,0.947615,1603.14,1691.76,0.0,0.0,0.6106,0.644355,0.0,0,0.0038493526,0.3659983313,0.3717338181934695,Test
cm503311x_aloh475K_clean,7.15171,6.83611,7.15171,0.947452,1603.8,1692.75,0.0,0.0,0.6108,0.644676,0.0,0,0.0036749416,0.3674346569,0.35772327610648846,Test
cm503311x_aloh500K_clean,7.13372,6.81979,7.13372,0.947313,1605.9,1695.22,0.0,0.0,0.6114,0.645405,0.0,0,0.003783692,0.3656905472,0.364606908519586,Train
cm503311x_F-mil-53-Al-lp-mono_clean,7.00775,6.5216,7.00775,0.971998,1645.39,1692.79,0.0,0.0,0.6046,0.622018,0.0,0,0.0044986217,0.4360737835,0.4271109949493799,Test
cm503311x_F-mil-53-Al-lp-ortho_clean,7.02034,6.52714,7.01966,0.96948,1649.91,1701.85,0.0,0.0,0.609,0.628172,0.0,0,0.0044523464,0.4379082693,0.4267936931904942,Test
cm503311x_OH-mil-53-Al-lp-ortho_clean,7.10725,6.52666,7.10725,0.948868,1614.15,1701.13,0.0,0.0,0.6014,0.633808,0.0,0,0.0044899392,0.41773787,0.42657138908937026,Train
cm504350q_si_002_clean,5.76264,4.30885,5.7542,1.44577,991.836,686.024,142.148,98.3197,0.5294,0.366171,0.0,1,0.0025381555,0.2210758697,0.2368324420603314,Test
cm901983a_si_001_clean,27.79726,11.16103,27.79599,0.630774,1349.52,2139.47,28.0221,44.4249,0.749,1.18743,0.0,1,0.0104429586,0.6447937395,0.6405158131073123,Train
COBWEV_clean,5.55668,4.21092,5.49797,1.63609,377.557,230.768,91.8579,56.1447,0.4574,0.279569,0.0,1,0.0005047807,0.0506938531,0.04822596952500949,Train
COCMAJ_clean,8.89284,8.27815,8.8249,0.8398,2517.0,2997.14,0.0,0.0,0.7562,0.900452,0.0,1,0.0019741086,0.1889248144,0.1933992081530228,Train
COCMOY_clean,15.71318,6.14739,15.71318,0.538882,2078.74,3857.5,0.0,0.0,0.7762,1.44039,0.0,1,0.0026353824,0.2489422736,0.2625824844383127,Test
COCMUE_clean,10.55498,6.2941,10.55218,0.575823,2408.0,4181.84,0.0,0.0,0.7504,1.30318,0.0,1,0.0026096466,0.2621834639,0.2614347258129896,Test
COCNAL_clean,10.84171,6.54754,10.84171,0.653951,2390.98,3656.2,0.0,0.0,0.7696,1.17685,0.0,1,0.0022002704,0.2323746753,0.21728008058970927,Test
COCNEP_clean,10.13832,6.56369,10.13026,0.615207,2370.03,3852.42,0.0,0.0,0.7534,1.22463,0.0,1,0.0026308147,0.2615069718,0.25938676523565646,Test
CODFEH_clean,3.78989,3.49285,3.78989,1.48867,302.667,203.313,0.0,0.0,0.4624,0.310612,0.0,1,0.0008800788,0.0846365623,0.08489714976621612,Train
CODMUF_clean,4.26772,3.45383,4.24866,1.74897,903.437,516.555,0.0,0.0,0.5768,0.329795,0.0,1,0.003236125,0.2887113917,0.29646991968977443,Train
CODNAM_clean,4.57469,3.97634,4.52445,1.63521,1494.85,914.162,0.0,0.0,0.5962,0.364602,0.0,0,0.0046816345,0.4477840395,0.4312931002338649,Test
CODROD_clean,4.34102,3.83565,4.34102,1.88869,770.385,407.893,0.0,0.0,0.4956,0.262404,0.0,1,0.0019058257,0.1826561512,0.17632490199508155,Test
CODRUJ_clean,4.3292,3.79384,4.32865,1.92319,755.058,392.607,0.0,0.0,0.4878,0.253641,0.0,1,0.0018865647,0.1891397367,0.1754934818502783,Test
CODSUL_clean,6.55692,3.55923,6.55642,1.27214,782.617,615.2,0.966661,0.759873,0.4932,0.387695,0.0,1,0.0014580254,0.1446611478,0.1380383911492079,Test
COGNAO_clean,5.98836,4.70156,5.95362,1.13574,1753.04,1543.53,0.0,0.0,0.578,0.508922,0.0,1,0.0036485193,0.339585176,0.34311160005116775,Test
COJGEO_clean,6.41217,5.04769,5.92617,0.978354,2161.34,2209.16,0.0,0.0,0.6438,0.658044,0.0,1,0.0039041598,0.3859404308,0.37146280838534274,Test
COJHIT_clean,10.09171,9.35609,10.09171,0.716453,1773.43,2475.29,0.0,0.0,0.707,0.986805,0.0,0,0.002444583,0.2401034533,0.2414512084434541,Test
COKFAK_clean,5.25617,3.49649,5.25539,1.05876,800.714,756.272,0.071455,0.0674891,0.4738,0.447503,0.0,1,0.0028220984,0.2671543323,0.26525270465573936,Test
COKMEW_clean,11.49614,10.90273,11.4945,1.13639,1559.35,1372.2,0.0,0.0,0.646,0.568466,0.0,1,0.0022219425,0.221056028,0.21740965880142432,Test
COKMIA_clean,11.457,10.75448,11.457,1.17248,1560.69,1331.1,0.0,0.0,0.6422,0.547727,0.0,1,0.001763911,0.1832935957,0.17903201438882427,Train
COKMOG_clean,11.40307,10.64671,11.37943,1.32388,1550.85,1171.45,0.0,0.0,0.6382,0.482069,0.0,1,0.0016873003,0.1677285445,0.17175153505081175,Test
COKMUM_clean,11.78987,10.95857,11.78969,1.07449,1572.51,1463.5,0.0,0.0,0.6544,0.609034,0.0,1,0.0017728108,0.171386937,0.17664627148035716,Test
COKNAT_clean,11.6018,10.75702,11.60156,1.22798,1610.43,1311.45,0.0,0.0,0.6686,0.544469,0.0,1,0.0021774882,0.2156132219,0.2163471878518458,Train
COKPEZ_clean,11.53314,10.69952,11.53296,0.910755,1588.72,1744.4,0.0,0.0,0.66,0.724674,0.0,1,0.0028440633,0.2815531128,0.2760692929862807,Train
COKPID_clean,11.40668,10.82581,11.40502,1.13771,1560.01,1371.18,0.0,0.0,0.6426,0.564817,0.0,1,0.0021837898,0.2199123544,0.2160667920427536,Test
COKPOJ_clean,11.55541,10.79186,11.54889,1.17423,1558.36,1327.14,0.0,0.0,0.6464,0.550488,0.0,1,0.0018894595,0.1874963519,0.18333069252157957,Test
COKPUP_clean,11.57951,10.81874,11.57907,1.23248,1594.31,1293.59,0.0,0.0,0.671,0.544433,0.0,1,0.0022390426,0.2201331984,0.21848770564319425,Train
COKQAW_clean,11.31709,10.61593,11.31663,1.308,1523.61,1164.84,0.0,0.0,0.6476,0.495108,0.0,1,0.0014708086,0.149532497,0.14737566704332097,Test
COKQEA_clean,11.43729,10.88858,11.43526,1.1695,1547.4,1323.13,0.0,0.0,0.6482,0.554254,0.0,1,0.0018244592,0.1809544769,0.1815184047481913,Train
COKQIE_clean,11.52097,11.05538,11.51936,1.12778,1536.06,1362.02,0.0,0.0,0.646,0.572806,0.0,1,0.0022028661,0.2224340684,0.21717283357720735,Test
COKQOK_clean,11.69077,10.88298,11.69034,1.22651,1596.45,1301.62,0.0,0.0,0.6696,0.545941,0.0,1,0.0022433172,0.2188756071,0.21789204981054067,Test
COKROL_clean,5.12764,4.65835,5.12764,1.20027,1190.29,991.679,0.0,0.0,0.5368,0.447232,0.0,1,0.0076726023,0.6592415101,0.663573425503938,Train
COKRUR_clean,8.84098,5.5446,8.84098,0.885689,1897.06,2141.9,0.0,0.0,0.6258,0.706568,0.0,1,0.0044111413,0.4099458587,0.4143334155617456,Train
COMDOY_clean,6.1206,5.53928,6.10847,1.22694,1491.89,1215.95,0.0,0.0,0.5716,0.465876,0.0,0,0.0048884637,0.4659538065,0.44893631174137755,Train
COPXOV_clean,5.47401,3.72166,5.47401,1.25742,393.122,312.642,0.0,0.0,0.4288,0.341015,0.0,0,0.0026259982,0.2174561328,0.2239511049775187,Train
COQGAS_clean,7.55288,6.66056,7.53462,1.14065,1084.94,951.161,0.0,0.0,0.5048,0.442555,0.0,0,0.0021649786,0.2126738482,0.21227702090158299,Test
COQHUN_clean,7.65838,4.8543,7.65838,0.97068,1543.72,1590.34,0.0,0.0,0.5742,0.591544,0.0,1,0.0040238965,0.3677540533,0.37803324030164664,Test
COQLAX_clean,6.51206,3.51527,6.51206,1.25751,617.251,490.851,2.6328,2.09366,0.4496,0.357531,0.0,1,0.0015862636,0.1538355573,0.14891110075732034,Train
COQNIF_clean,8.23055,5.78857,8.23055,1.332,1912.43,1435.75,0.0,0.0,0.608,0.456455,0.0,0,0.0079318041,0.7256032176,0.7263686159493212,Train
COQTEJ_clean,7.76168,6.6264,7.46116,0.69781,2656.93,3807.52,0.0,0.0,0.7034,1.00801,0.0,1,0.003977458,0.4002431211,0.3875692597409208,Train
CORZIU_clean,12.15536,11.69752,12.13047,0.719622,2150.19,2987.95,0.0,0.0,0.7504,1.04277,0.0,1,0.0032577105,0.3193125214,0.31443022999690123,Test
COSMII_clean,8.75515,7.45633,8.75515,0.883978,2550.25,2884.97,0.0,0.0,0.6928,0.78373,0.0,1,0.0045459139,0.4447146788,0.44058811657171704,Train
COTVOY_clean,5.88006,4.17812,5.70456,1.30534,1614.08,1236.52,0.0,0.0,0.5814,0.445402,0.0,1,0.0028441243,0.2722602669,0.2724702182793915,Test
COTVUE_clean,5.96406,4.24876,5.86955,1.32545,1637.27,1235.25,0.0,0.0,0.5874,0.443169,0.0,1,0.0025782103,0.2548143034,0.24585601963012704,Test
COTXEQ_clean,5.14726,4.24065,5.13338,1.08125,1135.23,1049.92,0.0,0.0,0.5266,0.487029,0.0,0,0.0042154413,0.3960293441,0.39468205820975766,Test
COTXIU_clean,5.20924,4.31105,5.19843,1.08343,1119.32,1033.13,0.0,0.0,0.5218,0.481618,0.0,0,0.0042906546,0.4055761817,0.39851416168503895,Test
COTXOA_clean,5.06649,4.15335,5.05658,1.08454,1114.76,1027.86,0.0,0.0,0.52,0.479465,0.0,0,0.0042521734,0.3982017831,0.39564847225718636,Train
COTYIV_clean,9.63817,7.84231,9.63817,0.968257,1898.84,1961.09,0.0,0.0,0.697,0.71985,0.0,1,0.001737865,0.1703513407,0.17485129977034414,Test
COVPAG_clean,5.03463,4.22302,4.98223,1.34292,669.782,498.75,0.0,0.0,0.3872,0.288327,0.0,1,0.0032389567,0.2978244611,0.283790965664352,Test
COWBEX_clean,5.58641,4.95411,5.5297,1.71799,525.99,306.165,0.0,0.0,0.4268,0.24843,0.0,1,0.0010298256,0.0931855446,0.09160586463014647,Train
COWMAD_clean,6.73617,5.57745,6.73408,1.22293,2145.79,1754.63,0.0,0.0,0.651,0.532328,0.0,1,0.001680358,0.1618116401,0.16049108432349216,Test
COWMEH_clean,6.75649,5.53249,6.75411,1.20645,2145.39,1778.27,0.0,0.0,0.6618,0.548553,0.0,1,0.0016647711,0.1624644861,0.16056709749563278,Test
COWMIL_clean,6.74228,5.52931,6.73491,1.23822,2114.95,1708.06,0.0,0.0,0.6464,0.522042,0.0,1,0.0016842482,0.1630322869,0.16130024016771358,Train
COWMOR_clean,6.72492,5.5633,6.71793,1.24692,2127.23,1705.98,0.0,0.0,0.644,0.516471,0.0,1,0.0016009201,0.1593837344,0.1588856524838009,Test
COWMUX_clean,6.71015,5.5309,6.7037,1.25989,2128.6,1689.51,0.0,0.0,0.6534,0.518616,0.0,1,0.0015684573,0.1602534467,0.15878545680094536,Test
COXHED_clean,8.70899,8.38156,8.70899,0.6876,2308.5,3357.33,0.0,0.0,0.7964,1.15823,0.0,0,0.0011782459,0.124190393,0.11407128425801644,Test
COXHIH_clean,8.57279,8.24745,8.57279,0.705939,2310.51,3272.96,0.0,0.0,0.7916,1.12134,0.0,0,0.0011510537,0.1231996119,0.11271126352792185,Test
COXHON_clean,8.79766,8.47314,8.79766,0.659131,2297.83,3486.15,0.0,0.0,0.8002,1.21402,0.0,0,0.0015011741,0.1521633278,0.1475975110928891,Train
COXXIX_clean,5.00194,3.89763,4.98595,1.444,837.163,579.754,22.0465,15.2677,0.5136,0.355679,0.0,1,0.0006020457,0.0652757222,0.05945793788988499,Train
COYCEZ_clean,6.30223,4.25857,6.12676,1.16488,1753.9,1505.65,0.0,0.0,0.5836,0.500994,0.0,1,0.0021752737,0.2101269247,0.2130144936800934,Test
COYCID_clean,9.57313,6.95581,9.57313,0.931123,1860.71,1998.35,0.0,0.0,0.6788,0.729012,0.0,1,0.0014949191,0.1540259716,0.14697072461342758,Train
COZMUA_clean,10.13386,5.37207,10.11324,0.637133,2279.97,3578.48,0.0,0.0,0.7374,1.15737,0.0,1,0.0027586458,0.2704324354,0.272347556446899,Test
CUBHOY_clean,7.59167,4.35736,7.59084,1.4363,1409.0,980.994,0.0,0.0,0.55,0.382928,0.0,1,0.0015093164,0.143676592,0.1462606015196651,Test
CUCKIV_charged,4.87533,4.08652,4.52426,1.3221,1032.16,780.696,0.0,0.0,0.5142,0.388926,0.0,0,0.0024970724,0.2331355431,0.23935631789918693,Test
CUCSAU_clean,5.5757,4.21323,5.5757,0.840322,1200.85,1429.04,0.0,0.0,0.5078,0.604292,0.0,1,0.0019288205,0.1816891291,0.1850325945571832,Test
CUCTAX_clean,4.38086,4.0721,4.38086,1.35437,330.655,244.139,49.7338,36.721,0.4262,0.314685,0.0,0,0.0031442863,0.2894549354,0.2763957961373687,Test
CUFDUD_clean,6.88574,5.43307,6.8031,0.934938,2543.4,2720.39,0.0,0.0,0.6874,0.735236,0.0,0,0.004625202,0.4597422322,0.45591348087731,Train
CUFFAL_clean,6.84864,5.58095,6.83586,0.914088,2542.3,2781.24,0.0,0.0,0.6982,0.763822,0.0,0,0.0044973162,0.4329448352,0.43830505488638344,Test
CUFFEP_clean,6.24407,5.54414,6.24407,0.899727,2546.22,2829.99,0.0,0.0,0.6998,0.777791,0.0,0,0.0038132853,0.3824713037,0.37618338168911675,Test
CUFGIV_clean,7.21934,5.21879,7.21721,0.929294,2597.37,2794.99,0.0,0.0,0.6854,0.737549,0.0,1,0.0030063201,0.289377277,0.298772264632908,Train
CUFGOB_clean,4.05624,3.53975,4.04542,2.04456,175.907,86.0365,0.0,0.0,0.427,0.208847,0.0,1,0.0001260272,0.0126317207,0.011768120785364489,Train
CUFGUH_clean,4.02229,3.4972,4.01473,2.06043,171.814,83.3874,0.0,0.0,0.4234,0.205491,0.0,1,0.000133324,0.0116036353,0.01203453324310605,Train
CUGVUW_clean,6.46234,4.56978,6.46234,1.32198,676.004,511.358,0.0,0.0,0.4376,0.331019,0.0,0,0.0011111681,0.104417121,0.10734725810249579,Test
CUGXAF_clean,8.60996,4.08035,8.60996,0.892149,1793.87,2010.73,0.236744,0.265364,0.6424,0.720059,0.0,1,0.0041177271,0.3940707585,0.39652596355091757,Train
CUGYUA_clean,4.81001,4.60953,4.81001,2.60117,548.977,211.05,0.0,0.0,0.4254,0.163542,0.0,1,0.0001871803,0.016978971,0.019308261942830196,Train
CUIMDZ01_clean_h,4.5789,3.79593,4.57845,1.66764,167.634,100.522,0.0,0.0,0.381,0.228466,0.0,1,0.000399298,0.0391218338,0.03786447922405456,Train
CUKXIR_clean,4.25316,3.64523,4.25225,1.37123,1248.02,910.151,0.0,0.0,0.5164,0.376597,0.0,1,0.0031842791,0.2997467059,0.30178123370467536,Train
CUKXOW_clean,4.70734,4.27142,4.70734,1.65503,1163.02,702.72,14.5035,8.7633,0.5338,0.322532,0.0,1,0.0017137177,0.1739511826,0.1633159398984562,Test
CUKXUC_clean,4.71812,4.30637,4.71207,1.61022,1190.26,739.19,16.3088,10.1283,0.5368,0.33337,0.0,1,0.001947852,0.1780261194,0.18243885120206077,Test
CUKYAJ_clean,4.71891,4.29348,4.71891,1.65805,1181.97,712.869,13.2923,8.01679,0.5418,0.326769,0.0,1,0.0017805632,0.1746982838,0.16960293766492804,Test
CUKZOY_clean,4.8322,4.10064,4.8322,1.27011,1172.94,923.5,0.0,0.0,0.5356,0.421697,0.0,1,0.002621811,0.2465422435,0.24860559461556878,Test
CUMDEU_clean,5.19472,4.72553,5.19472,1.64523,654.329,397.714,0.0,0.0,0.462,0.280812,0.0,0,0.0004494165,0.0436505945,0.04123629774337284,Train
CUMDIY_clean,5.05781,4.25829,5.05781,2.01174,699.865,347.89,0.0,0.0,0.3956,0.196645,0.0,0,0.0025363969,0.2137131208,0.21955351090692993,Test
CUMDOE_clean,5.65665,4.97039,5.61572,1.60054,1129.91,705.955,0.0,0.0,0.5292,0.330638,0.0,0,0.0011689906,0.1096769629,0.11144447544450264,Test
CUMDUK_clean,6.0834,3.52201,5.92291,1.54452,1012.49,655.538,0.0,0.0,0.489,0.316603,0.0,1,0.0010955456,0.1051450848,0.10778767988511595,Train
CUMJEB_clean,5.10711,4.11246,5.10711,2.00854,711.044,354.01,0.0,0.0,0.4216,0.209904,0.0,0,0.00108375,0.1005418303,0.10262224018967253,Test
CUMLUT_clean,5.66406,3.97439,5.65405,1.2172,2284.73,1877.03,0.0,0.0,0.6392,0.525138,0.0,1,0.0038033479,0.3801377421,0.3624247309649913,Test
CUMQOQ_clean,7.03622,3.75437,6.89995,0.977205,1831.45,1874.17,0.0,0.0,0.6154,0.629756,0.0,1,0.0023707227,0.2220353637,0.23568755272615982,Test
CUNFOH01_clean,8.64942,5.76711,8.00067,1.65261,1750.49,1059.23,0.0,0.0,0.639,0.38666,0.0,1,0.0005325749,0.052613342,0.053480968035587384,Train
CUNFOH_clean,9.05758,5.6508,9.05758,1.63668,1779.69,1087.38,0.0,0.0,0.6298,0.384804,0.0,1,0.0004818949,0.0519118639,0.04852378227900003,Train
CUNQOT_clean,4.94603,4.45617,4.94603,1.56048,1158.67,742.507,0.0,0.0,0.5224,0.334768,0.0,1,0.0023085576,0.2122911063,0.2168840076322367,Test
CUNQUZ_clean,5.05516,4.50865,5.05476,1.94091,1202.57,619.589,0.0,0.0,0.5384,0.277396,0.0,1,0.0018538664,0.1909647509,0.1723840546224947,Test
CUNWEO_clean,7.09668,6.48549,7.07965,1.23144,1193.32,969.043,0.0,0.0,0.53,0.430389,0.0,0,0.0021969605,0.2071254261,0.21429980114961802,Test
CUPHUS_clean,7.45968,5.41366,5.85768,0.680928,2377.88,3492.12,0.0,0.0,0.7016,1.03036,0.0,1,0.0034374494,0.3246955696,0.3329997757760651,Train
CUQKOQ_clean,5.93389,5.13786,5.93375,1.75724,1823.79,1037.87,0.0,0.0,0.6128,0.348728,0.0,1,0.0021138209,0.2051320035,0.2035602879745415,Train
CUQRIR_clean,5.69204,4.57463,5.69204,1.10643,1361.29,1230.35,0.0,0.0,0.5686,0.513906,0.0,0,0.0032330702,0.3098020109,0.3069525755257553,Test
CUQROX_clean,5.44132,4.56825,5.41816,1.11997,1366.06,1219.73,0.0,0.0,0.5636,0.503227,0.0,0,0.0032651345,0.3033967721,0.3087950088085455,Test
CUQSAK_clean,18.30047,4.50008,17.86541,0.672661,1852.6,2754.14,0.138515,0.205922,0.7088,1.05373,0.0,1,0.0022243674,0.2268574596,0.2170137421834364,Test
CUQTAL_clean,8.5131,5.3048,8.50413,0.597247,2569.07,4301.52,0.0,0.0,0.7222,1.20921,0.0,1,0.0036002407,0.3401294674,0.34651442826691187,Train
CUQXUI_clean,8.23055,4.00763,8.23055,0.791399,1552.16,1961.29,0.863838,1.09153,0.6424,0.811727,0.0,1,0.0019259856,0.1828841787,0.1873194995979368,Train
CURBOH_clean,9.52504,4.72038,9.52504,1.26402,1793.73,1419.06,0.0,0.0,0.654,0.517396,0.0,0,0.0013054486,0.1274066443,0.1280765792512939,Train
CURQEN_clean,5.22355,3.40082,5.03486,1.27256,737.628,579.643,0.0,0.0,0.5026,0.394953,0.0,1,0.0049649753,0.3844192106,0.43191344304896584,Test
CURYOE01_clean,11.02009,9.16908,10.48925,1.0226,1239.44,1212.05,0.0,0.0,0.5864,0.57344,0.0,0,0.0020971886,0.1987226369,0.1998564484507195,Train
CURZEV_clean,5.59049,4.15781,5.59049,1.21714,1921.05,1578.33,0.0,0.0,0.5986,0.491808,0.0,1,0.0030839031,0.2859879331,0.29713522169619105,Test
CUSDIE_charged,13.09537,5.58136,13.09537,1.02039,1738.3,1703.57,0.0,0.0,0.6724,0.658965,0.0,1,0.0015556713,0.1572451568,0.1570173519553711,Train
CUSYAR_clean,28.01343,12.17996,27.60124,0.247232,1408.41,5696.7,0.0,0.0,0.9076,3.67105,0.0,0,0.0032022512,0.2959698668,0.32227155599509427,Test
CUSYIA_clean,5.815,4.76876,5.815,0.737304,2684.86,3641.46,0.0,0.0,0.6944,0.941809,0.0,0,0.0037194954,0.3795636159,0.3733862598671844,Train
CUSZEX_clean,4.67101,3.44264,4.47333,0.835534,2247.71,2690.15,0.0,0.0,0.666,0.797095,0.0,0,0.0033284815,0.3381706117,0.3307361816247456,Test
CUSZIB_clean,5.49146,4.83933,5.49049,0.750845,2776.04,3697.22,0.0,0.0,0.7042,0.937877,0.0,0,0.0040307503,0.4011037483,0.39505958676954417,Test
CUTBEA_clean,7.42434,5.85197,7.17817,1.04694,2086.66,1993.1,0.0,0.0,0.646,0.617036,0.0,1,0.0020552412,0.2012281349,0.20647473487548404,Train
CUTBIE_clean,7.59116,5.99994,7.59116,0.996691,2065.1,2071.96,0.0,0.0,0.6486,0.650753,0.0,1,0.0020785505,0.200040998,0.20837114048888566,Train
CUTFON_charged,8.38862,6.77493,8.38733,0.882886,1323.33,1498.87,0.0,0.0,0.5826,0.659882,0.0,1,0.0009847094,0.1005145339,0.09937143190001307,Train
CUTFUT_charged,6.47725,4.49016,6.45672,0.996719,1363.02,1367.51,9.83281,9.86518,0.5428,0.544587,0.0,1,0.0024033431,0.2366744264,0.2320695961614845,Test
CUTGEF_clean,4.94868,3.68158,4.94702,1.57089,1320.93,840.881,0.0,0.0,0.546,0.347574,0.0,1,0.0071939819,0.5945300864,0.624263971914091,Test
CUVGIK_clean,6.25146,5.06086,6.0647,1.02515,1494.68,1458.01,0.0,0.0,0.5362,0.523046,0.0,0,0.0047838368,0.4503348948,0.443576504523445,Train
CUVGOQ_clean,5.59653,4.5385,5.59247,1.00212,1543.11,1539.84,0.0,0.0,0.5404,0.539255,0.0,0,0.0052736963,0.4931298045,0.4923263345081548,Train
CUVHEH_clean,12.77883,12.02741,12.74392,1.65471,1447.16,874.57,0.0,0.0,0.651,0.393423,0.0,1,0.0011950256,0.1172445998,0.11515025376469876,Train
CUVHIL01_clean,12.86501,12.02225,12.84969,1.66038,1437.07,865.505,0.0,0.0,0.642,0.386658,0.0,1,0.0013113164,0.120197778,0.1265824385215471,Test
CUVHIL02_clean_h,12.81562,12.03113,12.80804,1.65786,1432.65,864.159,0.0,0.0,0.6442,0.388573,0.0,1,0.0012359098,0.1224780974,0.12515176806606884,Test
CUVHIL_clean_h,12.87614,12.03249,12.87614,1.65921,1433.06,863.702,0.0,0.0,0.643,0.387534,0.0,1,0.001319795,0.1236776569,0.12664103159438955,Test
CUVTUJ_clean,11.49174,10.88335,11.49174,1.17569,1542.4,1311.91,0.0,0.0,0.635,0.540109,0.0,1,0.0017683631,0.1816516715,0.17986421824500884,Train
CUVXAT_clean,6.50652,4.77619,6.38844,1.06179,1622.41,1527.99,0.0,0.0,0.5708,0.537581,0.0,0,0.0026509578,0.2648218437,0.2560623930881206,Test
CUWNIT_clean,7.16308,4.76212,7.16308,1.01279,1797.12,1774.42,0.0,0.0,0.5942,0.586695,0.0,1,0.0026349607,0.2535124379,0.2552977506994581,Test
CUWNOZ_clean,5.62994,3.54616,5.59519,1.08751,1437.05,1321.41,0.0,0.0,0.5562,0.511443,0.0,0,0.0046275697,0.417927682,0.4328851922765623,Test
CUWTUL_clean,6.09533,3.90326,6.09533,1.40599,1180.08,839.321,0.0,0.0,0.5142,0.365721,0.0,1,0.004573977,0.4076628511,0.4098460964715146,Train
CUWVAT_clean,6.58776,4.88581,6.58776,1.3301,1313.65,987.633,75.7547,56.9541,0.5658,0.425382,0.0,1,0.0033228516,0.3150460751,0.30424690601153564,Test
CUWVIB_clean,5.59458,3.68098,5.59458,1.45813,1146.31,786.151,0.0,0.0,0.4962,0.340299,0.0,1,0.0045028545,0.4003034188,0.4006516879362645,Train
CUWWEY_clean,6.3126,4.22285,6.24291,1.35207,1327.35,981.718,0.0,0.0,0.5216,0.38578,0.0,0,0.0027217614,0.2516917403,0.24991373136293935,Test
CUWXID_clean,6.81153,5.91204,6.80774,1.05332,2229.66,2116.79,0.0,0.0,0.6498,0.616908,0.0,1,0.0029309374,0.271039031,0.2807275235401257,Train
CUWXOJ_clean,5.20089,3.52692,5.18895,1.36291,1137.88,834.888,0.0,0.0,0.5102,0.374345,0.0,1,0.0054414267,0.4723426318,0.47528831113675657,Train
CUWXUP_clean,5.81508,3.73125,5.78204,1.39886,1150.61,822.535,0.0,0.0,0.5122,0.366154,0.0,1,0.0051005489,0.4568897979,0.456223278552464,Test
CUWYAW_clean,6.66043,3.94178,6.66043,1.12925,2112.73,1870.91,0.0,0.0,0.6192,0.548327,0.0,1,0.0032408212,0.3189211507,0.3141327037146422,Train
CUWZAX_clean,6.33115,4.3932,6.33115,1.11728,2292.11,2051.51,0.0,0.0,0.638,0.571029,0.0,1,0.0034014906,0.3426448436,0.330500246909988,Train
CUWZIF_clean,6.90107,4.04842,6.50474,1.24221,1455.33,1171.56,0.0,0.0,0.5514,0.443886,0.0,1,0.0042047469,0.3952096486,0.3936053992141145,Test
CUXFIL_clean,5.39541,4.09689,5.37407,1.23338,1385.07,1122.99,0.0,0.0,0.496,0.402148,0.0,1,0.0041414192,0.3698203586,0.3863029732929695,Test
CUXJAI_clean,5.59834,5.04687,5.59211,1.08566,2410.48,2220.29,0.0,0.0,0.6696,0.616766,0.0,1,0.0020165038,0.197924506,0.20103976770626503,Train
CUXJEM_clean,5.2963,3.43417,5.2963,1.4085,970.687,689.164,0.0,0.0,0.509,0.361378,0.0,1,0.0039343349,0.3508651338,0.3486182565699126,Test
CUXLEO_clean,4.56916,3.40748,4.56916,1.05387,1849.74,1755.19,0.0,0.0,0.6276,0.59552,0.0,0,0.0027352945,0.2706576949,0.27082810312007916,Train
CUYWUP_clean,7.47672,4.58604,7.47672,0.942864,1947.64,2065.66,0.0,0.0,0.6222,0.659904,0.0,1,0.0049123674,0.4721308994,0.4555171897320087,Test
CUYYAX_clean,5.04944,3.83367,4.87007,1.16048,1383.0,1191.75,0.0,0.0,0.5718,0.492727,0.0,1,0.0040508787,0.3681295097,0.3738785656147572,Test
CUYYEB_clean,5.05464,3.82141,5.04976,1.16139,1360.51,1171.44,0.0,0.0,0.5758,0.495783,0.0,1,0.0041594113,0.3682189486,0.38393152839183814,Train
DABFIX_clean,5.93116,3.4012,5.93116,1.19033,685.642,576.011,28.078,23.5885,0.47,0.394849,0.0,1,0.0028948378,0.2785925546,0.2613708106707331,Test
DABMUR_clean,5.77537,4.11633,5.61896,0.856547,2860.27,3339.3,0.0,0.0,0.6996,0.816768,0.0,1,0.00301741,0.3042915442,0.303601845403539,Test
DACFAR_clean,7.28891,6.40353,7.28891,0.848239,1646.33,1940.88,0.0,0.0,0.624,0.735642,0.0,1,0.0048978366,0.4394013418,0.4531963617185726,Train
DACYUE_clean,6.8959,6.15645,6.8959,0.724543,2828.29,3903.55,0.0,0.0,0.6932,0.956741,0.0,1,0.0041222725,0.4079563804,0.39702267551197723,Test
DACZUF_clean,5.17797,3.83142,5.17477,1.30054,1151.53,885.425,0.0,0.0,0.514,0.395219,0.0,1,0.0036083472,0.3293734579,0.3317846588056368,Train
DADLEC_clean,6.0526,4.95704,6.0412,1.09523,933.141,852.004,0.0,0.0,0.4902,0.447577,0.0,1,0.0018901766,0.1795019251,0.17652966807744136,Test
DADLIG_clean,8.09916,4.69208,7.74628,1.04866,1110.94,1059.38,0.0,0.0,0.5094,0.485762,0.0,1,0.0018768893,0.1824036212,0.18054468274108523,Train
DADLOM_clean,18.71129,17.36648,18.69765,0.589373,1296.58,2199.93,0.0,0.0,0.7274,1.23419,0.0,1,0.0027005828,0.2661230554,0.26110300940650155,Train
DADNII_clean,4.74177,3.59689,4.70677,1.8394,1364.57,741.854,0.0,0.0,0.5562,0.302381,0.0,0,0.0012089286,0.1183193503,0.1169042869164823,Test
DADNOO_clean,4.73082,3.55854,4.7198,1.89726,1369.77,721.97,0.0,0.0,0.558,0.294108,0.0,0,0.0012850076,0.127486701,0.12877026193432178,Train
DADNUU_clean,4.77214,3.58642,4.71473,1.86251,1387.29,744.847,0.0,0.0,0.5582,0.299703,0.0,0,0.0012109252,0.1221970461,0.11931488619032521,Train
DADPAC_clean,4.72724,3.56217,4.71894,1.83384,1319.23,719.379,0.0,0.0,0.5554,0.302862,0.0,0,0.0012109361,0.1164777263,0.11668368655734254,Test
DADPEG_clean,4.6964,3.56133,4.68951,1.91805,1368.69,713.581,0.0,0.0,0.56,0.291963,0.0,0,0.0012445671,0.1281519435,0.12668034512286425,Train
DAFJOM_clean,8.83929,3.81491,8.83929,0.983115,1714.88,1744.33,0.0,0.0,0.601,0.611322,0.0,0,0.0056450135,0.5560381523,0.5345254167696315,Train
DAFSOV_clean,3.83746,3.40945,3.83746,1.6077,380.608,236.741,0.0,0.0,0.4436,0.275923,0.0,1,0.0010313037,0.1089219939,0.09621144476583354,Test
DAFYAN_clean,9.66168,8.17907,9.66128,0.727331,2334.02,3209.02,0.0,0.0,0.7244,0.99597,0.0,1,0.0031145468,0.3094582402,0.3043313791119332,Test
DAFYOB_clean,10.04293,8.51588,10.03567,0.702304,2308.4,3286.89,0.0,0.0,0.7318,1.042,0.0,1,0.0032330935,0.3057900262,0.3137690737006802,Test
DAGDIZ_clean,6.53637,3.58733,6.4961,1.65009,1230.44,745.682,0.0,0.0,0.5248,0.318042,0.0,1,0.0017994024,0.1806523597,0.17221653716462798,Test
DAGDUL_clean,5.27377,3.53794,5.26479,1.49897,1060.75,707.651,0.047289,0.0315476,0.5304,0.353842,0.0,1,0.0023781115,0.2258376024,0.22358405693678832,Train
DAGJED_clean,5.20512,3.82408,5.11079,1.13589,1063.56,936.32,0.0,0.0,0.5332,0.469412,0.0,1,0.0031629149,0.2955976506,0.2981937236769301,Test
DAHNOQ_clean,4.37827,3.40648,4.37827,1.74065,715.841,411.25,0.0,0.0,0.5478,0.314711,0.0,0,0.0007025228,0.0694001434,0.06654124281832566,Train
DAHNUW_clean,5.84798,3.71152,5.7374,1.67689,1727.89,1030.41,0.0,0.0,0.5894,0.351484,0.0,1,0.0012956681,0.1290476125,0.12539748653194227,Test
DAHPAE_clean,5.00613,3.59286,5.00613,1.85953,1943.24,1045.01,0.0,0.0,0.5872,0.315779,0.0,0,0.0015565652,0.1499617994,0.1494954834577922,Train
DAKVIW_clean,10.56447,5.75649,10.52532,0.937929,2177.49,2321.59,0.0,0.0,0.7172,0.764663,0.0,1,0.0033642163,0.299054018,0.31889279269635123,Test
DAKVOC_clean,10.83342,6.67267,9.96393,0.814427,2128.52,2613.52,0.0,0.0,0.7096,0.871288,0.0,1,0.0045343577,0.3969385053,0.41727674284958954,Test
DAKVUI_clean,10.79495,6.61419,10.65384,0.825495,2120.6,2568.89,0.0,0.0,0.704,0.852822,0.0,1,0.0041677565,0.3657477126,0.38044282688702347,Train
DAKZUN_clean,8.9514,8.55667,8.9514,1.07791,1424.0,1321.08,0.0,0.0,0.6034,0.559789,0.0,1,0.0013357593,0.1361483589,0.13049081204474733,Train
DALSUH_clean,5.91398,4.13588,5.88727,1.34754,1386.92,1029.23,0.0,0.0,0.5694,0.422549,0.0,1,0.0028926335,0.2702404629,0.27158446589988566,Test
DALTAO_clean,5.94592,4.16513,5.91791,1.30338,1417.2,1087.33,0.0,0.0,0.5806,0.445458,0.0,1,0.0028678781,0.26784072,0.2702960224764422,Train
DALVAQ_clean,4.44925,3.63681,4.42486,1.58343,818.36,516.827,0.0,0.0,0.5166,0.326254,0.0,1,0.0024889898,0.2344469506,0.23775669289187246,Test
DALVIY_clean,8.33476,5.09032,8.29465,1.08397,2205.78,2034.91,0.0,0.0,0.6634,0.612008,0.0,1,0.0022812764,0.2291621313,0.22535911740528186,Train
DAMDUT_clean,8.31671,7.58192,8.27853,1.19599,2079.9,1739.06,0.0,0.0,0.676,0.565222,0.0,0,0.0018110383,0.1855336669,0.18096534632887834,Test
DAMYOI_clean,10.02859,8.74362,10.02158,0.833317,2083.55,2500.31,0.0,0.0,0.7206,0.864737,0.0,1,0.002515034,0.2502607927,0.24741877591197253,Train
DAMYUO_clean,10.07569,8.829,10.07569,0.816116,2083.89,2553.43,0.0,0.0,0.7258,0.889335,0.0,1,0.0024532918,0.2448664474,0.24111250299041698,Test
DAMZEZ_clean,5.14628,4.13045,5.14063,1.48117,701.768,473.794,0.0,0.0,0.4344,0.293282,0.0,0,0.0024424332,0.2199895299,0.22016161007057317,Test
DANFUW_clean,4.81728,3.69845,4.80154,1.21376,550.063,453.189,0.0,0.0,0.4588,0.377999,0.0,1,0.0015949517,0.1453902186,0.14750344901500753,Test
DANZAV_charged,9.71579,8.11881,9.71579,1.08633,1754.25,1614.84,0.0,0.0,0.6146,0.565759,0.0,0,0.0019880373,0.1923139771,0.19586476906722122,Test
DANZEZ_charged,9.71572,8.15204,9.70036,0.982123,1506.84,1534.27,0.0,0.0,0.5818,0.59239,0.0,0,0.0018390883,0.1754256216,0.1801855140629435,Train
DANZID_charged,9.96795,8.48591,9.92826,0.966412,1751.92,1812.81,0.0,0.0,0.633,0.655,0.0,1,0.0025293744,0.2515842031,0.2508441287208214,Train
DAPBED_clean,11.8768,6.79638,11.8768,0.823875,2185.0,2652.11,0.0,0.0,0.7074,0.858625,0.0,1,0.004135419,0.3798696965,0.3859494054602264,Test
DAPBIH_neutral,11.12385,5.1267,11.12385,0.988754,1494.17,1511.16,320.813,324.462,0.6592,0.666697,0.0,0,0.0033181787,0.3030777534,0.30046145429129756,Test
DAPHOU_clean,10.96282,6.06241,10.06318,0.785626,2401.47,3056.76,0.0,0.0,0.737,0.938106,0.0,1,0.0028261952,0.2954476423,0.27841251054321353,Test
DAPXID_ion_b,14.13138,12.09179,14.13138,0.764894,1790.29,2340.57,0.0191816,0.0250774,0.7044,0.920911,0.0,1,0.0013083592,0.1384661874,0.12912991161699383,Test
DAPYAW_clean,10.03517,4.39114,9.81197,1.07113,1518.35,1417.52,0.0,0.0,0.6004,0.560529,0.0,1,0.0021012581,0.2024383795,0.20220724720795663,Train
DARBUU_clean,5.36181,3.52881,5.36181,1.3326,1639.41,1230.24,0.0,0.0,0.6492,0.487169,0.0,1,0.0004980121,0.0518462036,0.05231213329588558,Train
DARSEV_SL,9.02256,7.15114,9.02256,0.917569,1768.62,1927.51,0.0,0.0,0.6346,0.69161,0.0,0,0.0023679465,0.234186097,0.2331655650907558,Train
DATHAJ_clean,5.55335,3.71297,5.5372,1.88262,726.028,385.647,0.0,0.0,0.4308,0.22883,0.0,1,0.0008915518,0.0809579466,0.08318446399433352,Test
DATPIY_clean,5.0065,3.44702,5.0065,2.43277,611.699,251.441,0.0,0.0,0.401,0.164832,0.0,1,0.001158927,0.1035120273,0.09973262583064793,Test
DAWBIO_clean,5.36745,4.59869,5.35848,1.40464,933.9,664.867,0.0,0.0,0.4578,0.325919,0.0,0,0.0031372317,0.2842772835,0.288128486662744,Test
DAWBOU_clean,5.38914,4.65491,5.38091,1.40413,956.091,680.914,0.0,0.0,0.473,0.336864,0.0,0,0.0031387926,0.2892545399,0.29064165490686544,Test
DAWBUA_clean,5.52672,4.41246,5.51306,1.33702,1014.57,758.83,0.0,0.0,0.4726,0.353472,0.0,0,0.0033027809,0.3000194592,0.3027266603301975,Train
DAWCAH_clean,5.49841,4.3714,5.48581,1.35332,991.393,732.566,0.0,0.0,0.483,0.356901,0.0,0,0.0035537161,0.3131598247,0.3209031081140533,Test
DAWCIP_clean,7.07962,5.54367,6.68431,0.995326,1963.72,1972.94,0.0,0.0,0.6428,0.645818,0.0,1,0.0036823712,0.3485332333,0.3548461783016394,Train
DAWCOV_clean,6.44243,4.38111,6.43204,0.976829,1852.41,1896.35,0.0,0.0,0.5892,0.603176,0.0,1,0.0041027334,0.4115670109,0.390055514667619,Test
DAWDAI_clean,5.05189,3.47503,5.00056,1.41655,729.858,515.235,3.30907,2.336,0.487,0.343792,0.0,0,0.0027092554,0.2405088521,0.24239790761023505,Test
DAWWAB_clean,9.11595,5.71973,9.11595,1.61188,1283.24,796.112,0.0,0.0,0.5532,0.343202,0.0,1,0.0010688734,0.1092432243,0.10490699209579138,Test
DAWWEF_clean,7.03379,5.33899,6.88955,1.07778,2082.97,1932.65,0.0,0.0,0.6328,0.587134,0.0,1,0.0017686828,0.1742685388,0.17722978123855257,Test
DAXHIV01_clean,7.67683,6.96811,7.64287,0.883035,2122.43,2403.56,0.0,0.0,0.652,0.738362,0.0,1,0.0026986804,0.2899607559,0.2670616827534414,Train
DAXHIV_clean,7.62222,6.92477,7.62222,0.882059,2131.41,2416.4,0.0,0.0,0.65,0.736913,0.0,1,0.0029311821,0.2847792895,0.2852184854875594,Test
DAXHUH01_clean,7.57949,6.81104,7.57786,0.890235,2156.64,2422.55,0.0,0.0,0.6646,0.746545,0.0,1,0.0029685485,0.2989598171,0.2885986965383445,Test
DAXHUH_clean,7.50015,6.78537,7.50015,0.876532,2176.78,2483.4,0.0,0.0,0.6518,0.743612,0.0,1,0.0028792844,0.2874239963,0.2814402809090258,Test
DEBGIA_clean,4.22344,3.46939,4.21901,1.31115,709.801,541.36,0.0,0.0,0.5062,0.386075,0.0,1,0.0021891133,0.2015576658,0.2073847676401749,Train
DEBWAK_clean,9.51714,7.06696,9.49794,1.05415,1137.31,1078.89,0.0,0.0,0.5474,0.519279,0.0,1,0.0015992403,0.1562013123,0.1535897573412807,Train
DEFKUU_clean,5.40643,4.54366,5.40121,1.71115,1533.38,896.109,0.0,0.0,0.5346,0.312421,0.0,1,0.0020521523,0.1915675732,0.19787902896841014,Train
DEFRIR_clean,4.8082,3.42715,4.52912,1.36761,1390.79,1016.96,0.0,0.0,0.6218,0.454663,0.0,1,0.0014672421,0.1438793923,0.1450624174473113,Train
DEGJIK_clean,4.49857,3.8442,4.48892,1.5866,672.4,423.8,0.0,0.0,0.4622,0.291315,0.0,1,0.0030240147,0.2762524606,0.2762451008565144,Test
DEGPEL_charged,7.7396,4.21765,7.14988,1.4277,1629.33,1141.22,0.0,0.0,0.6116,0.42838,0.0,1,0.0018560896,0.1753186912,0.1767060217671254,Train
DEJCIF_clean,5.07924,4.58071,5.07255,1.37299,1275.41,928.928,0.0,0.0,0.5384,0.392137,0.0,1,0.0042254478,0.4132624615,0.3952644185585632,Test
DEJJIN_clean,9.02838,5.92782,8.88373,1.15645,1730.76,1496.61,0.0,0.0,0.6316,0.546154,0.0,1,0.0014442503,0.1427768627,0.1416278766171179,Test
DEJRUH_clean,4.98345,3.78027,4.98096,1.03045,1372.42,1331.87,0.0,0.0,0.5442,0.52812,0.0,1,0.0027549985,0.2796207866,0.2691843294625583,Train
DEKHEH_clean,5.43686,4.14383,5.43686,1.07065,1502.42,1403.28,0.0,0.0,0.5314,0.496335,0.0,0,0.0032275331,0.309269591,0.3118506121634046,Test
DEKHUX_clean,6.73498,5.41814,6.73498,1.052,1333.52,1267.6,0.0,0.0,0.5288,0.50266,0.0,0,0.0033619692,0.3263902196,0.3180377675177659,Test
DELGEI_manual,11.23796,5.9406,11.23796,0.599562,2425.76,4045.89,0.0,0.0,0.7354,1.22656,0.0,1,0.0020680115,0.2180077982,0.21346331324213277,Test
DEPSEW_clean,5.82661,3.6907,5.82661,2.13899,1066.33,498.522,0.0,0.0,0.4968,0.232259,0.0,0,0.0200133873,1.116546829,1.1142809101123516,Train
DEPTOH_clean,5.8241,3.64846,5.79204,2.13649,1058.19,495.294,0.0,0.0,0.4966,0.232438,0.0,0,0.019707423,1.1051881999,1.1110435420336413,Train
DEPXAY_clean,5.29628,3.94728,5.28006,1.07008,2144.58,2004.14,0.0,0.0,0.6404,0.598462,0.0,1,0.0039789139,0.3732960088,0.37691443556424553,Test
DEPXIG_clean,5.45833,4.42032,5.43874,1.21453,1418.68,1168.08,0.0,0.0,0.5298,0.436217,0.0,1,0.0037558043,0.3658245213,0.3531436520533505,Train
DEPXOM_clean,5.87443,4.69467,5.85064,1.07984,2256.84,2089.97,0.0,0.0,0.6052,0.560452,0.0,1,0.0027811459,0.2700409944,0.2669376254778017,Test
DEQFOU_clean,4.43033,3.99236,4.42996,1.33979,549.564,410.186,188.414,140.63,0.5546,0.413945,0.0,1,0.0014571355,0.1454244374,0.1402229048039246,Train
DEQVIF_clean,6.28134,5.12336,6.25197,1.10154,1366.18,1240.24,0.0,0.0,0.5242,0.475878,0.0,0,0.0029131305,0.2782103435,0.2748332500902781,Test
DEWQUS_clean,6.85928,3.77665,6.81852,1.76082,1527.11,867.274,0.0,0.0,0.5524,0.313718,0.0,1,0.0012421278,0.1229177539,0.12327803964819145,Train
DEWRIH_clean,5.32446,3.88819,5.25315,2.34041,1006.15,429.901,0.0,0.0,0.4786,0.204494,0.0,1,0.0007278615,0.06919143,0.07156889765234542,Train
DEYJIC_clean,5.18714,3.79158,5.1767,1.26241,1435.68,1137.26,0.0,0.0,0.5344,0.423318,0.0,1,0.0027232796,0.2596280843,0.2531488251092449,Test
DEYJOI_clean,5.20142,3.64055,5.19254,1.24367,1493.92,1201.22,0.0,0.0,0.5352,0.430338,0.0,1,0.0027545672,0.2657435042,0.26196392104757527,Test
DEYLUQ_clean,7.28064,4.66536,7.28064,1.6199,977.704,603.558,0.0,0.0,0.4976,0.307179,0.0,1,0.0015389792,0.1469167357,0.14646014242510105,Train
DEYNIG_clean,4.67091,3.76726,4.63755,2.4194,389.97,161.184,0.0,0.0,0.4246,0.175498,0.0,1,0.0006402701,0.0605620855,0.06138936375125931,Train
DEZKAW_clean,8.13146,3.74741,8.1255,0.911325,1740.68,1910.06,27.7822,30.4855,0.6372,0.699202,0.0,1,0.0017878361,0.1765436748,0.18195731372771484,Test
DIBJEF_clean,5.60649,4.70814,5.13464,1.76959,946.581,534.916,0.0,0.0,0.4236,0.239378,0.000565104,1,0.0020532168,0.1887952476,0.19838065996965626,Test
DIBJIJ_clean,6.10817,4.16928,5.9554,1.53541,899.273,585.691,0.0598489,0.0389792,0.5054,0.329164,0.0,1,0.0017694834,0.1667536974,0.16800820222351825,Train
DIBPAH_clean,5.70136,3.62358,5.70136,1.16448,1493.52,1282.56,0.0,0.0,0.5674,0.487255,0.0,1,0.0044235793,0.398056985,0.41226396607726956,Train
DIBQEM_clean,16.82847,3.4822,16.82847,0.80886,1885.97,2331.64,0.0,0.0,0.6836,0.84514,0.0,1,0.0029043066,0.2799256959,0.28434749609973436,Test
DIBQIQ_clean,8.63632,7.63034,8.63632,0.777557,2368.36,3045.9,0.0,0.0,0.6702,0.86193,0.0,1,0.0037916278,0.3640991004,0.3638387297399492,Test
DIBQOW_clean,9.37426,8.42221,9.36118,0.760114,2220.47,2921.23,0.0,0.0,0.6854,0.901706,0.0,1,0.0034581526,0.3389312712,0.33492714240788574,Train
DIBQUC_clean,9.44546,8.47192,9.44155,0.754531,2221.93,2944.78,0.0,0.0,0.6746,0.894065,0.0,1,0.0035036932,0.3418987598,0.3409010723215803,Test
DICKEH_clean,12.83987,7.4101,12.68863,0.522471,2354.64,4506.73,0.0,0.0,0.796,1.52353,0.0,1,0.003102744,0.293422169,0.31043687431380884,Test
DICVAO_clean,6.28011,3.53464,6.28011,1.12464,1454.75,1293.53,0.0,0.0,0.5698,0.506652,0.0,1,0.003526357,0.3345199268,0.3328203920588035,Train
DICVES_clean,6.33441,3.59662,6.33441,1.11373,1441.4,1294.21,0.0,0.0,0.581,0.521669,0.0,1,0.0035237855,0.3342131002,0.33125031283215933,Train
DICVIW_clean,6.26495,3.45129,6.22166,1.15151,1468.87,1275.6,0.0,0.0,0.5682,0.493438,0.0,1,0.0037258304,0.342697179,0.35851811861698846,Test
DIDBAV_clean,9.28847,5.74363,7.91915,0.92545,1489.11,1609.07,0.0,0.0,0.5874,0.634718,0.0,0,0.003540252,0.3517306123,0.3408381966642726,Test
DIDBEZ_clean,9.17575,5.94989,7.9915,0.929043,1495.06,1609.25,0.0,0.0,0.5892,0.634201,0.0,0,0.0036523504,0.353544777,0.3484868700162051,Test
DIDDOK_clean,9.60031,8.17399,9.60031,0.525842,2599.96,4944.37,0.0,0.0,0.7878,1.49817,0.0,1,0.0028885381,0.2921057824,0.2880951907933768,Test
DIHVIB01_clean,13.18363,6.64307,13.17065,0.881735,2096.71,2377.93,0.0,0.0,0.7124,0.807952,0.0,1,0.002927402,0.2828213906,0.2755152092526527,Test
DIHVIB_clean,13.27896,6.89092,13.26587,0.883073,2036.2,2305.8,0.0,0.0,0.7186,0.813749,0.0,1,0.0030216885,0.2805759512,0.28490648144917874,Test
DIKJUD_clean,5.51513,4.27188,5.50941,1.06812,1036.17,970.09,0.0,0.0,0.5198,0.486651,0.0,1,0.0040330686,0.3926336255,0.36856432545537,Test
DINNIZ_clean,5.64071,4.66315,5.45064,1.16869,1439.96,1232.11,0.0,0.0,0.5486,0.469413,0.0,1,0.0017987864,0.1722020781,0.17617870672762598,Test
DIPMAS_clean,5.87796,4.78268,5.87796,1.71391,1532.86,894.368,0.0,0.0,0.5492,0.320438,0.0,1,0.0007683554,0.0759731715,0.07648080611675076,Test
DIRPIF_clean,8.33531,6.07292,8.1953,0.867063,1783.84,2057.33,0.0,0.0,0.6398,0.737893,0.0,1,0.0032208353,0.3084664976,0.31156196735323943,Test
DITJIB_clean,20.3631,9.01147,20.3631,0.521418,1774.76,3403.71,0.0,0.0,0.8332,1.59795,0.0,1,0.001801674,0.1822667458,0.18631153746049087,Test
DITJOH_clean,19.43102,8.59079,19.40135,0.448746,1849.48,4121.45,0.0,0.0,0.824,1.83623,0.000445686,1,0.002266994,0.2231074665,0.22534401824678718,Train
DITTEH_clean,5.93254,5.15214,5.88831,1.0803,2344.41,2170.15,0.0,0.0,0.6392,0.59169,0.0,1,0.0031642679,0.3014286076,0.3054376654884378,Train
DITXOU_clean,5.00365,3.53364,4.98221,1.08104,1844.81,1706.51,0.0,0.0,0.6206,0.574076,0.0,1,0.003704118,0.3555623113,0.3597855147044738,Test
DITYEM_clean,4.09318,3.46859,4.09318,1.84238,155.54,84.4234,0.0,0.0,0.347,0.188344,0.0,1,0.0004981656,0.0493267166,0.04620417429801496,Test
DITYOW_clean,4.93354,4.81445,4.92328,1.42734,510.614,357.738,113.486,79.5089,0.4866,0.340914,0.0,1,0.0018262237,0.1663535686,0.16995384140853392,Train
DIVGIA_clean,5.63742,3.98335,5.62763,1.20442,696.106,577.961,65.1595,54.1004,0.5032,0.417795,0.0,1,0.0016435165,0.1576825725,0.1541959585215328,Test
DIVPUU_clean,5.28515,5.1054,5.28515,1.34186,1223.75,911.977,0.0,0.0,0.5794,0.431788,0.0,1,0.0033598926,0.3079035236,0.31045136443658206,Train
DIVSUY_clean,6.25148,4.17859,6.25148,1.23081,1945.11,1580.35,0.0,0.0,0.5978,0.485697,0.0,1,0.0037783919,0.3564470486,0.35559407367207313,Test
DIWMON_clean,9.50738,3.99435,9.49132,0.925424,1888.23,2040.4,0.0,0.0,0.6264,0.676879,0.0,1,0.0027262335,0.2748805243,0.25925632608004356,Test
DIWNAA_clean,6.5178,6.18035,6.5178,0.652513,3119.09,4780.12,0.0,0.0,0.7074,1.08412,0.0,1,0.0061302343,0.6151453028,0.558283515374074,Test
DIXKOL_clean,7.1658,4.7152,7.1658,1.41392,1322.21,935.139,0.0,0.0,0.5174,0.365933,0.0,1,0.0023703474,0.220281432,0.2254106505383661,Test
DIYKAZ_clean,4.37543,3.51099,4.3605,1.7281,376.515,217.879,0.0,0.0,0.374,0.216423,0.0,0,0.0033626216,0.2847571671,0.2781048634111041,Train
DIYKED_clean,4.3222,3.9714,4.30868,1.64821,471.45,286.037,0.0806433,0.0489277,0.4054,0.245963,0.0,0,0.0005577307,0.0531646093,0.057236254917358814,Train
DIYTEM_clean,5.54342,3.85621,5.5369,1.27196,1497.59,1177.39,0.0,0.0,0.5676,0.446239,0.0,1,0.0029550227,0.2762700709,0.2848852998825569,Test
DOCKOW_clean,6.92307,5.14701,6.92307,1.38513,740.657,534.72,0.0,0.0,0.4578,0.330511,0.0,1,0.0010980662,0.0988064924,0.10480205865015005,Train
DODMIT_clean,7.01246,4.52059,7.01246,1.55856,1353.3,868.3,0.0,0.0,0.5366,0.344293,0.0,1,0.0029214298,0.2806537842,0.2722627051269236,Test
DOGMET_clean,4.99101,3.50509,4.98216,1.8068,621.631,344.051,0.0,0.0,0.4322,0.239208,0.0,0,0.0016743966,0.1522784244,0.1492151974989968,Test
DOHNUL_clean,5.10735,4.25399,5.10735,1.35619,773.026,569.999,0.0,0.0,0.4762,0.351131,0.0,1,0.0018962195,0.1744975311,0.1734883208015282,Test
DOKDEN_clean,15.14217,13.44364,15.14217,0.712137,1836.8,2579.28,0.0,0.0,0.7026,0.986608,0.0,0,0.0031536044,0.3035108958,0.3096555506408277,Test
DOKHIV_clean,4.6785,3.79643,4.6785,1.49483,851.868,569.877,0.0,0.0,0.5076,0.339571,0.0,1,0.002264765,0.2116854847,0.21554002060964628,Test
DOLRAZ_clean,5.60421,4.00046,5.58702,1.12972,1092.67,967.204,0.0,0.0,0.499,0.441701,0.0,1,0.0056114073,0.5107892613,0.49148460447116776,Test
DOLXOR01_clean,6.62435,5.36027,6.62435,1.08308,2578.79,2380.98,0.0,0.0,0.7368,0.68028,0.0,1,0.0005833022,0.0593619882,0.06025005281758866,Train
DOLXOR02_clean,6.63462,5.37244,6.6246,1.07895,2591.9,2402.25,0.0,0.0,0.7454,0.690858,0.0,1,0.0005217477,0.0584357395,0.05641513012075894,Train
DOLXOR_clean,6.62226,5.36537,6.62226,1.08651,2583.31,2377.63,0.0,0.0,0.7438,0.684577,0.0,1,0.0006008892,0.059429405,0.059871411490288656,Train
DOMCUE_clean,18.25013,13.54682,18.2492,0.68587,1384.82,2019.07,0.0,0.0,0.7758,1.13112,0.0,1,0.0011587329,0.1137096615,0.11635688963832916,Train
DOMDAL_clean,18.43381,14.45488,18.43381,0.66329,1341.32,2022.22,0.0,0.0,0.7914,1.19314,0.0,0,0.0011831098,0.1209481916,0.11922403366504303,Train
DOMFUI_clean,8.13637,5.96872,8.13476,1.18044,720.043,609.981,519.992,440.508,0.5282,0.447462,0.0,1,0.0032268755,0.3077620637,0.31900119908228874,Test
DOMKEX_clean,5.79906,5.20244,5.74892,1.1266,1080.97,959.499,0.0,0.0,0.4364,0.387361,0.0,1,0.0019752685,0.1900260641,0.18924417445082098,Test
DONKIC_clean,6.48379,4.41641,6.4829,1.03451,1661.2,1605.79,0.0954102,0.0922278,0.5846,0.565101,0.0,1,0.0026333316,0.2551619126,0.2526385309754203,Test
DONKOI_clean,7.04655,4.39343,7.04655,1.0337,1721.47,1665.34,0.466736,0.451519,0.6006,0.581018,0.0,1,0.0025595017,0.2518630587,0.2500822188706651,Train
DONKUO_clean,5.4573,3.6514,5.4573,1.13,941.26,832.97,0.0,0.0,0.5158,0.456458,0.0,1,0.0032663859,0.296127957,0.30216398010356066,Test
DONNAW01_SL,6.43543,6.35486,6.43543,1.16514,1539.67,1321.44,0.0,0.0,0.5912,0.507406,0.0,0,0.004136009,0.3864726693,0.3968575697710476,Train
DONNAW_clean,6.49774,6.1972,6.46918,1.18453,1598.35,1349.36,0.0,0.0,0.5994,0.506024,0.0,0,0.0048714951,0.4655071319,0.4550969967508166,Train
DONNEA_clean,5.83858,5.56044,5.83858,1.23493,1480.59,1198.93,0.0,0.0,0.573,0.463996,0.0,0,0.0050872357,0.4602719157,0.4761148783343226,Train
DONNIE_clean,7.12052,6.90641,7.12052,1.14518,1600.5,1397.6,0.0,0.0,0.6142,0.536335,0.0,0,0.0043711704,0.4265785324,0.42586599532201574,Train
DONXUB_clean,5.08195,4.10328,5.08195,1.44854,506.69,349.793,246.756,170.348,0.4778,0.329849,0.0,1,0.0088489259,0.6719246109,0.690436161332033,Test
DOPHOH_clean,12.12577,5.64086,12.12577,0.985409,1409.44,1430.31,390.474,396.256,0.664,0.673832,0.0,1,0.0019193571,0.1924403616,0.19223844940338164,Test
DOPHUN_clean,12.13355,5.61514,12.13355,0.984545,1406.36,1428.44,392.743,398.909,0.6676,0.67808,0.0,1,0.0018201164,0.1892139835,0.18385123811901277,Test
DOPJAV_clean,7.55824,6.21149,7.55824,1.32954,1214.76,913.669,0.0,0.0,0.54,0.406156,0.0,1,0.0012658466,0.1167281632,0.127017943433606,Test
DORFAS_clean,6.89012,5.94748,6.89012,1.02954,1487.46,1444.77,0.0,0.0,0.5948,0.577731,0.0,0,0.0031531263,0.3099644506,0.30583909209476895,Test
DORFOG_clean,3.83387,3.5005,3.83387,1.28492,358.59,279.076,0.0,0.0,0.476,0.370451,0.0,1,0.0019667375,0.1888434372,0.1867809458103516,Train
DORFUM_clean,5.31241,3.65877,4.34235,1.179,656.388,556.733,287.867,244.163,0.4348,0.368788,0.0,1,0.005110648,0.4376585233,0.43446468338697775,Train
DORYUG_clean,4.30528,3.70581,4.14603,1.35136,548.483,405.876,0.0,0.0,0.4236,0.313463,0.0,0,0.008317653,0.6153571642,0.6136361773052654,Train
DOTTEM_clean,6.58677,6.27426,6.58677,1.16648,1563.6,1340.44,0.0,0.0,0.6108,0.523628,0.0,0,0.0047090705,0.4446159865,0.4432497933157768,Train
DOTTUC_charged,4.62986,4.25621,4.62986,1.14726,852.417,743.004,0.0,0.0,0.5106,0.445061,0.0,0,0.0038214126,0.3551556946,0.3553017484303728,Test
DOTYES_clean,5.96032,3.45239,5.95027,3.11213,1072.19,344.518,4.81821,1.5482,0.4928,0.158348,0.0,1,0.0002831143,0.0299832041,0.02993221489758946,Train
DOYBAV_clean,6.11281,4.48624,6.11281,1.17289,1293.73,1103.03,0.0,0.0,0.5656,0.482229,0.0,1,0.0021888223,0.2163265963,0.21135512993157052,Train
DOYBEA_clean,5.83429,5.37899,5.82078,1.0599,1634.79,1542.4,0.0,0.0,0.5844,0.551373,0.0,0,0.0064362688,0.5733833202,0.5884622561207589,Train
DOYBUQ01_clean,4.47276,3.50575,4.44835,1.90606,879.044,461.183,0.0,0.0,0.519,0.272289,0.0,1,0.0030238635,0.2705819098,0.2848635393218953,Test
DOYBUQ_clean,4.65105,3.76809,4.64879,1.78136,1057.62,593.716,0.0,0.0,0.5468,0.306956,0.0,1,0.0026503696,0.2369836265,0.2455588497640647,Test
DOYHOQ_clean,6.82504,4.15814,6.82504,0.987346,2244.54,2273.31,0.0,0.0,0.6424,0.650633,0.0,1,0.0041949444,0.4242502044,0.401361335244567,Test
DOYHUW_clean,6.87938,5.20644,6.87938,0.976254,2294.91,2350.74,0.0,0.0,0.6516,0.667449,0.0,1,0.0060063976,0.550525882,0.5695942921421687,Test
DOYLEI_clean,6.40369,4.15529,6.40369,1.15157,1694.44,1471.42,0.0,0.0,0.6046,0.525024,0.0,1,0.0011429885,0.1151341097,0.11150578734188707,Train
DOZCEC_clean,19.11403,11.74027,19.11403,0.458248,1880.45,4103.57,0.0,0.0,0.8106,1.76891,0.0,1,0.0023886162,0.2350789576,0.24085010883181124,Test
DOZKIO_clean,6.44925,4.72277,6.43616,1.05766,2120.44,2004.84,0.0,0.0,0.6376,0.602839,0.0,1,0.0048262004,0.4582652863,0.4523997460362926,Test
DUBBEI_clean,4.93494,3.49142,4.86694,2.00135,1263.38,631.266,0.0,0.0,0.5166,0.258126,0.0,0,0.0022116032,0.204647459,0.20557437773761753,Test
DUBJUH_clean,7.25048,6.08004,7.24863,1.09392,1335.78,1221.09,0.0,0.0,0.5476,0.500583,0.0,0,0.0029790328,0.2943625038,0.28823952388906643,Test
DUBKAO_clean,7.17371,5.8712,7.17371,1.10727,1329.12,1200.36,0.0,0.0,0.5452,0.492383,0.0,0,0.0030592549,0.2922220612,0.2964316187832769,Test
DUBWON_clean,5.41735,4.7264,5.40719,1.2729,1870.44,1469.44,0.0,0.0,0.6244,0.490534,0.0,1,0.0046501184,0.4498993251,0.43796639642521973,Test
DUDKEU_clean,5.16942,3.66649,5.16942,1.65561,855.86,516.946,0.0,0.0,0.4144,0.250301,0.0,1,0.0009403904,0.0878795637,0.09053982715156073,Train
DUDKOE_clean,10.92488,6.00637,10.24342,0.779781,2417.09,3099.71,0.0,0.0,0.7388,0.947446,0.0,1,0.002985115,0.2916178185,0.2942124978418568,Test
DUDKUK_clean,8.84791,6.66406,8.84791,0.84398,2430.67,2880.0,0.0,0.0,0.75,0.888646,0.0,1,0.0019590238,0.1970815682,0.1937334434075555,Train
DUFGOB_clean,8.44616,7.81761,8.44616,1.12069,1457.55,1300.59,0.0,0.0,0.5722,0.51058,0.0,1,0.0008791973,0.0881689883,0.08764022110584463,Train
DUFKAS_clean,18.33861,11.31425,18.33733,0.529585,1559.27,2944.33,0.0,0.0,0.811,1.53139,0.0,1,0.0019121692,0.1924817446,0.189338634786811,Test
DUGMOJ_clean,13.15947,6.68014,13.15947,1.04413,1452.16,1390.78,0.0,0.0,0.5972,0.571957,0.0,1,0.0027088366,0.2541602468,0.2526202020746375,Train
DUHXIP_clean,5.38027,3.4809,5.34205,1.27884,677.396,529.696,4.06005,3.17479,0.4624,0.361578,0.0,1,0.0035956506,0.3076290611,0.32410382553227723,Test
DUJRAD_clean,6.16228,5.32315,6.13437,1.37535,1593.73,1158.79,0.0,0.0,0.5806,0.422148,0.0,1,0.0030041013,0.2825035772,0.28382521480280193,Train
DUKNII_clean,5.28968,3.60886,5.25875,1.23201,362.386,294.143,41.4473,33.6421,0.4702,0.381654,0.0,1,0.0020032577,0.1773939944,0.18586985724120397,Test
DUMXEQ01_clean,4.78039,3.84263,4.78039,1.76597,828.843,469.341,0.0,0.0,0.4496,0.254591,0.0,0,0.0033300164,0.2965864336,0.2938726777426535,Train
DUMXEQ_clean,4.75958,3.82785,4.75554,1.76954,805.711,455.323,0.0,0.0,0.4502,0.254417,0.0,0,0.0033258556,0.291034557,0.2943332135095213,Train
DUMXIU_clean,4.39406,3.66786,4.39093,1.82931,560.452,306.373,0.0,0.0,0.4366,0.238669,0.0,0,0.0022690158,0.2185286855,0.2163389721923111,Train
DUNJON_clean,5.13321,3.70024,5.11248,2.82249,688.218,243.833,0.0,0.0,0.4132,0.146395,0.0,1,0.0002796306,0.02950311,0.029463580742103868,Train
DUNXUH01_clean,5.08043,3.95835,5.08043,1.20337,1874.89,1558.04,0.0,0.0,0.6064,0.503919,0.0,1,0.0057581738,0.5365708789,0.5320067127830731,Test
DUNXUH02_clean,5.05926,3.9622,4.49661,1.21011,1835.42,1516.73,0.0,0.0,0.6046,0.499624,0.0,1,0.0056831585,0.531984444,0.5272875771065829,Test
DUNXUH03_clean,4.97891,3.78832,4.59863,1.23681,1734.27,1402.21,0.0,0.0,0.5936,0.479945,0.0,1,0.0055031218,0.5114647611,0.5136396065943227,Train
DUNXUH04_clean,4.99541,3.81551,4.9844,1.23241,1776.81,1441.74,0.0,0.0,0.5952,0.482957,0.0,1,0.0054626135,0.5129620663,0.5065875854571118,Train
DUNXUH05_clean,5.01407,3.87283,4.97867,1.22609,1774.32,1447.13,0.0,0.0,0.5944,0.484792,0.0,1,0.0056741567,0.5181171172,0.5288178410637512,Train
DUNXUH06_clean,5.04935,3.8892,5.03687,1.21647,1807.28,1485.67,0.0,0.0,0.6062,0.498328,0.0,1,0.0056816582,0.5215303129,0.5236857161622508,Train
DUNXUH12_clean,4.98043,3.76476,4.96686,1.23681,1716.03,1387.47,0.0,0.0,0.593,0.47946,0.0,1,0.0053650937,0.5055625579,0.4971076687896757,Test
DUNXUH13_clean,4.99037,3.79418,4.86577,1.23241,1722.87,1397.97,0.0,0.0,0.5938,0.481821,0.0,1,0.00549412,0.5119628626,0.5107158834226959,Test
DUNXUH14_clean,5.00423,3.8343,4.58368,1.22609,1739.06,1418.37,0.0,0.0,0.5986,0.488218,0.0,1,0.0054821175,0.5223224744,0.5137659543816597,Train
DUNXUH15_clean,5.0496,3.92518,5.02742,1.21011,1811.64,1497.09,0.0,0.0,0.6042,0.499293,0.0,1,0.0058646955,0.5293424054,0.5462944945645136,Train
DUNXUH21_clean,5.07683,3.95879,4.81355,1.20337,1860.11,1545.75,0.0,0.0,0.6076,0.504916,0.0,1,0.0058541934,0.531709888,0.5402108493651306,Train
DUNXUH_clean,5.0284,3.9124,4.82782,1.21944,1796.23,1472.99,0.0,0.0,0.602,0.493667,0.0,1,0.0056981616,0.522089927,0.5260014923159119,Train
DUPJAB_clean,9.76192,5.55983,9.75209,1.11305,1740.01,1563.28,62.6529,56.2895,0.67,0.60195,0.0,1,0.0023374203,0.2174728069,0.22468780786411885,Train
DUPKAC_clean,11.8886,6.57125,10.69212,0.647287,2123.23,3280.21,0.0,0.0,0.7376,1.13953,0.0,1,0.0031167863,0.2934246231,0.30130451050504836,Test
DUPVER_clean,9.93002,6.46763,9.91751,0.795967,2168.14,2723.91,0.0,0.0,0.7348,0.923153,0.0,1,0.0026671955,0.2617146275,0.2628549430983964,Train
DUQSEO_clean,3.77576,3.47286,3.77576,1.73065,285.313,164.859,0.0,0.0,0.4436,0.25632,0.0,1,0.0002973329,0.0255421691,0.02640460143479839,Train
DUQYEU01_clean,4.86217,4.34562,4.86217,1.66926,2251.32,1348.69,0.0,0.0,0.6184,0.370463,0.0,1,0.0015754033,0.1585878651,0.15983427865252903,Train
DUQYEU_clean,4.86021,4.34715,4.86021,1.66839,2272.53,1362.11,0.0,0.0,0.6004,0.359868,0.0,1,0.0015685656,0.1583499136,0.15969005318664564,Test
DURDAX_clean,8.5072,5.95019,7.5941,0.701061,2581.34,3682.05,0.0,0.0,0.7402,1.05583,0.0,1,0.003186772,0.319880791,0.3137452650652432,Train
DURDIF_clean,6.93958,6.05366,6.90375,0.735097,2642.04,3594.14,0.0,0.0,0.7204,0.980006,0.0,1,0.003526758,0.3348378842,0.34118935620242047,Test
DUTKAG_clean,6.82996,5.62808,6.81318,0.906851,2249.11,2480.13,0.0,0.0,0.6722,0.741246,0.0,1,0.0028203361,0.2809441367,0.278550481544019,Test
DUVNIS01_charged,8.00893,5.97402,7.89554,1.10379,1097.15,993.985,311.831,282.508,0.5828,0.527997,0.0,0,0.0031439714,0.2958707969,0.30250793211526983,Test
DUVNIS_charged,7.93461,5.97007,7.92647,1.08134,1101.81,1018.93,445.609,412.091,0.592,0.547471,0.0,0,0.0029126232,0.2759934715,0.27994245338416424,Train
DUWBEE_clean,7.4726,6.03228,7.03921,0.972318,2397.88,2466.15,0.0,0.0,0.7166,0.737002,0.0,1,0.0023123982,0.2297355596,0.22668523866294518,Train
DUWFOS_clean,4.7722,3.99598,4.7722,1.5688,655.828,418.043,0.0,0.0,0.462,0.294492,0.0,0,0.0019798078,0.1847875562,0.18437048872049155,Train
DUWGEJ_clean,6.48283,5.44672,6.47851,1.23973,1910.17,1540.8,0.0,0.0,0.6142,0.495432,0.0,1,0.0025143617,0.2469187535,0.24566323296195586,Test
DUWROE_clean,4.35263,3.47485,4.33203,1.3646,1032.9,756.92,0.0,0.0,0.5148,0.377252,0.0,0,0.0037500984,0.3543132333,0.35244208308032793,Train
DUWRUK_clean,4.54182,3.68421,4.38679,1.45633,495.592,340.302,181.958,124.943,0.4774,0.32781,0.0,0,0.0036692573,0.3496315602,0.3201766200514911,Test
DUWSAR_clean,5.89224,4.25071,5.89224,0.915526,2178.46,2379.46,0.816322,0.891643,0.6566,0.717184,0.0,1,0.0019038182,0.1941228522,0.1881890139690983,Test
DUXKUD_clean,7.67361,6.90082,7.6375,1.23834,1391.29,1123.51,0.0,0.0,0.5864,0.473535,0.0,1,0.0011815042,0.1186532194,0.1183746461029678,Test
DUXMAL_clean,4.53313,3.88732,4.40894,1.15892,1217.93,1050.91,0.0,0.0,0.5062,0.436785,0.0,1,0.0068090556,0.616121253,0.6040576275233134,Train
DUYJIS_clean,6.08213,4.77192,5.96456,1.01187,1589.69,1571.04,0.0,0.0,0.5968,0.589801,0.0,0,0.0051695745,0.4600853536,0.49064879155746044,Test
DUYRAR_clean,5.40502,3.6653,5.2509,3.43473,596.999,173.813,136.893,39.8556,0.4634,0.134916,0.0,1,0.0002935499,0.0288857398,0.029286103550305864,Train
DUYREV_clean,5.41837,3.69977,5.33563,3.41098,611.073,179.149,152.278,44.6434,0.4568,0.133921,0.0,1,0.0003068178,0.0293848987,0.03053925813670466,Train
DUYRIZ_clean,5.27957,3.6902,5.27957,3.398,604.136,177.792,174.249,51.28,0.4708,0.138552,0.0,1,0.0003005352,0.0302774238,0.029194120795020317,Train
DUYROF_clean,5.30567,3.77956,5.29101,3.36341,632.283,187.989,184.756,54.9313,0.4688,0.139383,0.0,1,0.0003004059,0.0307746819,0.030323300401448205,Train
DUYVEA_clean,4.52649,3.62009,4.52649,1.39154,383.437,275.549,0.0,0.0,0.4574,0.328701,0.0,1,0.0005807839,0.0597939603,0.05730979368514291,Train
DUZPUL_clean,7.06957,4.91595,7.06648,0.920284,2531.68,2750.98,0.0,0.0,0.6946,0.754767,0.0,1,0.0036763463,0.3708072758,0.36238747387797704,Train
DUZWOM_clean,5.41107,3.63654,5.41022,1.51085,1084.42,717.756,0.0,0.0,0.4906,0.324718,0.0,0,0.0011789763,0.1186806092,0.11642844315263595,Train
EBATUY_clean,5.89375,3.67074,5.89375,1.25605,1195.64,951.909,0.0,0.0,0.5408,0.430557,0.0,0,0.0030580713,0.287662155,0.2875008107362331,Test
EBATUZ_clean,12.21806,7.03158,12.21806,0.59675,2360.49,3955.57,0.0,0.0,0.7812,1.30909,0.0,1,0.0035810625,0.3578024593,0.34631414144551215,Test
EBAVAH_auto,14.10999,7.45371,14.02692,0.571355,2267.46,3968.58,0.0,0.0,0.776,1.35818,0.0,1,0.0028607902,0.2818304524,0.2853489708152884,Test
EBAVIP_clean,4.98159,3.61041,4.97646,1.20745,1001.48,829.422,0.0,0.0,0.4772,0.395214,0.0,1,0.0049373545,0.4407766527,0.44393834255683373,Test
EBAVOV_clean,5.06494,3.47701,5.06494,1.20126,1010.26,841.002,0.0,0.0,0.4938,0.411069,0.0,1,0.0047653268,0.4302443802,0.4304185666176985,Train
EBAVUB_clean,5.15491,3.70129,5.14806,1.1957,1007.34,842.47,0.0,0.0,0.4888,0.408797,0.0,1,0.0048998819,0.4346272416,0.43716536305797526,Test
EBELUU_clean,5.06354,4.01259,5.06354,1.09045,1520.09,1394.01,0.0,0.0,0.5732,0.525654,0.0,1,0.0042021113,0.3929723246,0.4029402992231384,Train
EBEMEE_clean,4.82351,3.61774,4.82351,1.61026,574.177,356.574,0.0,0.0,0.414,0.257101,0.0,0,0.0011846714,0.1124617391,0.11084644795193435,Test
EBEMEF_clean,4.2795,3.43566,4.27665,1.23366,1261.3,1022.41,0.0,0.0,0.6368,0.516186,0.0,1,0.0006464426,0.0637385121,0.06527356079973559,Train
EBEMII_clean,4.74887,3.57779,4.74887,1.57979,558.843,353.745,0.0,0.0,0.4136,0.261807,0.0,0,0.0014731226,0.1373701899,0.13772824318598395,Train
EBEWIT_clean,6.98757,6.64177,6.98757,1.55436,1566.68,1007.93,0.0,0.0,0.573,0.368642,0.0,0,0.0023728235,0.2411970363,0.23243685939799244,Train
EBEXAM_clean,7.13111,6.78821,7.13111,1.50724,1561.7,1036.13,0.0,0.0,0.5636,0.373929,0.0,0,0.0021974824,0.2152370127,0.21488318609634013,Test
EBEXEQ01_clean,7.07406,6.73356,7.07173,1.61064,1512.67,939.176,0.0,0.0,0.556,0.345204,0.0,1,0.0025176706,0.2400630363,0.241504395085821,Test
EBEXEQ_clean,7.05454,6.70514,7.05454,1.61812,1500.38,927.234,0.0,0.0,0.5486,0.339035,0.0,1,0.0025576941,0.2457235069,0.24422547442555506,Train
EBIDOK_ion_b,10.15108,7.28168,10.14731,0.88059,1949.39,2213.74,0.147124,0.167074,0.6452,0.732691,0.0,1,0.0027265136,0.2617767984,0.26054858361150296,Train
EBIHII_clean,6.77782,5.19916,6.76838,1.13174,1870.74,1652.98,0.0,0.0,0.589,0.520437,0.0,1,0.0031986323,0.3126928912,0.3064776196301368,Test
EBIJAC_clean,5.69411,4.34501,5.6755,1.35778,616.318,453.917,180.508,132.944,0.4634,0.341293,0.0,0,0.0018459495,0.1712318457,0.1724446155046465,Train
EBIMEJ_clean,4.76005,3.76742,4.75297,1.25917,1007.84,800.402,0.0,0.0,0.5458,0.433462,0.0,1,0.0034786899,0.3346353493,0.32995919550515357,Test
EBIPOX_clean,5.78746,4.90776,5.77533,1.02316,2423.56,2368.7,0.0,0.0,0.6678,0.652682,0.0,1,0.0023335819,0.2278877825,0.23399725209306826,Train
EBIZUN_clean,10.22426,8.07829,10.22419,0.790487,2342.19,2962.97,0.0,0.0,0.7238,0.915638,0.0,1,0.0027440999,0.273013468,0.26667675775218,Test
EBOBIJ_clean,6.08923,4.67292,6.06736,0.939565,1692.1,1800.94,0.0,0.0,0.6024,0.641148,0.0,0,0.0052445235,0.4957601082,0.49613677559359926,Train
EBOCOQ_clean,5.90692,5.38954,5.89965,0.987787,1345.25,1361.88,0.0,0.0,0.583,0.590208,0.0,1,0.0038848494,0.3637662617,0.3626111997322237,Test
EBOJOV_clean,5.22472,4.63991,5.22472,2.49061,907.874,364.519,0.0,0.0,0.4464,0.179234,0.0,1,0.0003046747,0.0309524838,0.0332052579629597,Train
EBUQIB_clean,6.03622,4.38011,5.42071,1.1026,1157.92,1050.17,0.0,0.0,0.4992,0.452746,0.0,1,0.0036761198,0.3437849658,0.3407620675041426,Train
EBUREA_clean,5.12157,4.43835,5.12005,1.31199,1365.8,1041.01,0.0,0.0,0.4802,0.36601,0.0,1,0.0024801079,0.2339257232,0.24118975186820488,Test
ECAFOG_clean,9.52896,9.26877,9.52862,1.12614,1174.7,1043.12,0.0,0.0,0.5574,0.494964,0.0,0,0.001334493,0.1318276073,0.13013298430779505,Test
ECAHAT_clean,12.33039,11.4865,12.33039,0.854274,1047.61,1226.32,88.151,103.188,0.6086,0.712418,0.0,0,0.004980249,0.431486389,0.4146799801573141,Test
ECAHEX_clean,6.93055,5.1748,6.93055,1.20906,867.96,717.883,0.0,0.0,0.4824,0.398989,0.0,0,0.0015468807,0.1488801038,0.14713047569379936,Test
ECAHOH_clean,6.87089,4.98271,6.87089,1.21823,856.833,703.343,0.0,0.0,0.4828,0.396313,0.0,0,0.001375005,0.1415306302,0.12800698213040596,Train
ECASAD_clean,4.09039,3.62411,4.09039,1.61904,470.381,290.531,0.0,0.0,0.4766,0.294372,0.0,0,0.0008438415,0.0744958376,0.08412112768943972,Test
ECEDAU_clean,5.16051,3.4158,5.15302,1.53177,706.487,461.221,0.0,0.0,0.4352,0.284115,0.0,1,0.0047248847,0.3846704559,0.39449578329180485,Test
ECEDEY_clean,6.39219,4.6444,6.38001,1.02837,1438.77,1399.08,0.0,0.0,0.541,0.526076,0.0,1,0.002671008,0.2628863086,0.2551072806456232,Test
ECEZAO01_clean,4.88805,4.01037,4.88805,1.43329,945.622,659.759,0.0,0.0,0.4914,0.342849,0.0,1,0.0025569114,0.24083188,0.23706944351668524,Train
ECIWIW_clean,5.91503,4.28149,5.90688,1.32412,773.007,583.789,0.0,0.0,0.4832,0.364921,0.0,1,0.001285797,0.1204380502,0.12137783944593303,Train
ECIWOC_clean,5.05411,4.785,5.05411,1.40153,572.024,408.141,0.0,0.0,0.4148,0.295961,0.0,1,0.0042327883,0.3535034907,0.36227876074172705,Test
ECODEG_clean,5.33632,3.54871,5.31165,1.34842,1018.67,755.456,0.0,0.0,0.5336,0.395722,0.0,1,0.0062260783,0.5475940268,0.5235350220903351,Test
ECODIK_clean,4.79857,4.01377,4.75701,1.19981,1900.99,1584.41,0.0,0.0,0.5936,0.494745,0.0,1,0.0038909487,0.3621738045,0.37206192093624746,Test
ECOGEI_clean,4.77299,3.85637,4.77299,0.998724,1292.16,1293.81,0.0,0.0,0.5602,0.560915,0.0,1,0.0040586095,0.3819978272,0.3861009415624518,Train
ECOKAJ_clean,18.9972,17.57546,18.98876,0.325331,1156.9,3556.08,0.0,0.0,0.873,2.68342,0.0,1,0.0022770967,0.2226980672,0.22831979139004915,Test
ECOLEP_clean,11.63969,10.91793,11.63255,0.407232,1818.5,4465.52,0.0,0.0,0.8666,2.12803,0.0,1,0.0019872262,0.1901362312,0.19727354672056102,Train
ECOLOX_clean,5.75377,5.01577,5.75377,3.73963,1778.59,475.605,0.0,0.0,0.5632,0.150603,0.0,1,0.0009111644,0.0891295735,0.09034218737715133,Test
ECUDIR_charged,5.33987,4.51439,5.31648,2.64413,741.105,280.284,75.85,28.6862,0.5,0.189098,0.0,0,0.0004974173,0.0482766277,0.05725898068761315,Test
ECUDOX_clean,6.82408,6.14054,6.82408,2.34011,1768.65,755.799,0.0,0.0,0.6164,0.263406,0.0,1,0.0010384867,0.1007050522,0.10080586856707016,Train
ECUFAL_charged,5.3241,4.46702,5.296,2.91222,763.155,262.053,0.0,0.0,0.467,0.160359,0.0,1,0.0001473538,0.0163376826,0.017531926571158984,Train
ECUFEP_charged,5.27771,4.42008,5.27771,2.93369,723.725,246.694,0.0,0.0,0.4474,0.152504,0.0,1,0.0001862496,0.0166079205,0.016887222386640977,Train
ECUGEQ_clean,6.02953,4.07384,5.91743,2.29908,1875.55,815.783,0.0,0.0,0.6102,0.26541,0.0,1,0.0008487393,0.0854366478,0.08448375571746339,Train
EDADIX_clean,4.63332,3.88728,4.61559,1.24361,944.143,759.198,93.0933,74.8575,0.5198,0.417978,0.0,1,0.0055421705,0.4597495671,0.46706694180837804,Train
EDAFUM_clean,4.92982,3.72004,4.92982,1.77302,851.953,480.51,0.0,0.0,0.4508,0.254256,0.0,0,0.0012027178,0.1251277138,0.11378413698686946,Train
EDAGAT_clean,4.66461,3.62215,4.66149,1.84563,725.213,392.936,0.0,0.0,0.435,0.235692,0.0,0,0.0012042717,0.1185376283,0.11455417571624177,Test
EDAGEX_clean,4.90414,3.69066,4.90414,1.79444,798.923,445.222,0.0,0.0,0.4496,0.250552,0.0,0,0.0013814162,0.1298329199,0.12627795021460636,Test
EDAPIK_clean_h,7.09885,6.53196,7.09077,0.672755,2256.65,3354.34,0.591427,0.879112,0.6938,1.03128,0.0,1,0.002647774,0.2637357005,0.2658537430700654,Test
EDATOT_clean,9.62468,7.97439,9.62468,0.668028,2323.97,3478.84,0.0,0.0,0.7968,1.19276,0.0,0,0.0013056231,0.1309750525,0.12522962365405624,Test
EDAVOV_clean,5.43148,4.91725,5.43148,1.632,451.699,276.776,0.0,0.0,0.4036,0.247304,0.0,1,0.0006174041,0.061228018,0.05640888357446289,Train
EDECOG_clean,6.30911,4.65211,6.30565,1.66761,3310.63,1985.26,0.0,0.0,0.756,0.453344,0.0,1,0.0004576779,0.0459728689,0.04586822604046725,Train
EDEPAG_clean,5.9343,4.39186,5.9343,1.47756,1345.05,910.315,0.0,0.0,0.5408,0.366009,0.0,1,0.0027785643,0.2552825528,0.2589035162805084,Test
EDIKIL_clean,4.99635,3.98785,4.76329,1.3412,2179.84,1625.29,0.0,0.0,0.601,0.448105,0.0,0,0.0019909865,0.1959140191,0.19216103949626076,Test
EDOMAM_clean,8.29315,6.04438,8.28681,0.809806,2146.39,2650.49,0.0,0.0,0.6716,0.829334,0.0,0,0.0030389362,0.3039127135,0.2984847239159641,Test
EDORIY_charged,6.08641,4.10073,6.08269,2.74632,690.446,251.407,0.0,0.0,0.433,0.157665,0.0,1,0.0004038706,0.0395860722,0.03937196255751427,Train
EDUSIF_clean,15.05124,7.91583,15.05124,0.593338,2225.74,3751.22,0.0,0.0,0.8098,1.36482,0.0,0,0.0020982684,0.201543351,0.21506982037539493,Test
EDUSUR_clean,14.97276,6.60675,14.97057,0.720686,2039.23,2829.56,0.0,0.0,0.7584,1.05233,0.0,0,0.0018755765,0.1884098053,0.18760282750554677,Train
EDUTIG_clean,15.04959,5.6073,15.03522,0.712902,1939.67,2720.81,0.0,0.0,0.7442,1.0439,0.0,0,0.0024444527,0.2465818496,0.24063272990061052,Test
EDUVOO_clean,20.93415,10.62864,20.9324,0.373403,1788.47,4789.64,0.0,0.0,0.862,2.3085,0.0,0,0.0027108559,0.2810755468,0.26500682893982536,Test
EFAYEQ_clean_h,11.33412,8.20992,11.33412,0.445208,2301.41,5169.29,0.0,0.0,0.8028,1.8032,0.0,1,0.0024533081,0.2233027666,0.24457189609169966,Test
EFAYIU_clean,11.56522,8.64377,10.65601,0.433579,2251.34,5192.46,0.0,0.0,0.8194,1.88985,0.0,1,0.0025972419,0.24014785,0.2583653477550634,Test
EFEGOM_clean,6.13983,5.63757,6.13983,1.11988,1513.16,1351.17,0.0,0.0,0.5868,0.523983,0.0,0,0.0032704871,0.3171200244,0.311346781479644,Test
EFESEP_clean,10.28948,6.13196,9.71774,0.910166,1438.69,1580.69,202.393,222.369,0.6216,0.682952,0.0,1,0.004113363,0.3691103341,0.3756014321375873,Test
EFESOZ_clean,10.40168,6.18945,10.40168,0.9137,1441.31,1577.44,199.174,217.986,0.6294,0.688847,0.0,1,0.0043854861,0.3858804943,0.39182793190540266,Train
EFIMOV_clean,6.67559,6.34874,6.67559,1.77157,892.601,503.846,0.0,0.0,0.3714,0.209644,0.0,0,0.0028537077,0.2682968677,0.25826860562648235,Test
EFOSUO_clean,5.23309,4.44144,5.224,2.23497,2650.04,1185.72,0.0,0.0,0.6472,0.289579,0.0,1,0.0005059875,0.0519956904,0.049265913271276024,Train
EFOTAV_clean,5.43531,4.50362,5.41958,2.18747,2824.93,1291.41,0.0,0.0,0.6522,0.298153,0.0,1,0.0005212338,0.0518289337,0.051572624403983275,Train
EFOTEZ_clean,5.06643,4.39448,5.0661,2.67676,2557.25,955.354,0.0,0.0,0.6308,0.235658,0.0,1,0.000390839,0.0350684961,0.039744226964845475,Train
EFOTID_clean,5.17106,4.13348,5.16647,3.01069,2149.74,714.036,0.0,0.0,0.6124,0.203408,0.0,1,0.0003535706,0.0340883662,0.031418103138836084,Train
EGATAI_clean,7.25975,4.31318,7.25513,0.959509,2426.34,2528.73,0.0,0.0,0.7032,0.732875,0.0,1,0.0022857675,0.2212996919,0.22967110398996407,Test
EGATEM_clean,10.25144,8.68741,10.25144,0.847968,1429.66,1685.99,106.489,125.581,0.6438,0.759227,0.0,1,0.0038465542,0.3601226492,0.35565498113980365,Train
EGATIQ_clean,10.61507,9.35673,10.60597,0.815931,1600.87,1962.02,0.0,0.0,0.6556,0.803499,0.0,1,0.0038716944,0.3516858968,0.3568890607138674,Test
EGATOW_clean,5.96917,5.11285,5.74626,1.20816,2033.24,1682.93,0.0,0.0,0.6202,0.513343,0.0,1,0.0030669131,0.2943847087,0.2947727193363821,Test
EGEHOO_charged,9.43184,6.31093,9.42479,1.23596,1610.7,1303.2,0.0,0.0,0.626,0.506488,0.0,0,0.0021810092,0.2020677554,0.21111220794584762,Train
EGEJIK_manual,10.26084,8.70015,10.25879,0.680562,2082.85,3060.48,75.8285,111.42,0.7408,1.08851,0.0,0,0.0027109436,0.2586853718,0.2686362526491987,Test
EGELUY01_manual,7.46224,7.0558,7.4593,0.947391,1658.83,1750.95,0.0,0.0,0.6114,0.645351,0.0,0,0.0046491143,0.4568025101,0.44477493414349806,Test
EGELUY_SL,7.32559,6.86607,7.31942,0.950432,1658.89,1745.4,0.0,0.0,0.6086,0.640341,0.0,0,0.0044508963,0.4545320124,0.4269335685918916,Test
EGIFUV_clean,9.74551,8.51622,9.74551,1.04544,1332.95,1275.02,6.1078,5.84232,0.6136,0.58693,0.0,1,0.0034007138,0.2399948273,0.3136420792513761,Test
EGOXII_clean,5.25614,3.66279,5.25614,1.73248,965.076,557.05,0.0,0.0,0.56,0.323237,0.0,1,0.0035131518,0.3217779799,0.31832300094255345,Train
EGOZAB_clean,7.0311,5.28936,7.0311,1.03834,1885.29,1815.68,0.0,0.0,0.6226,0.599612,0.0,1,0.002941624,0.2813163663,0.28190566193640243,Test
EHAFEA_clean,5.41079,3.41231,5.40089,2.22058,1080.51,486.589,0.0,0.0,0.5328,0.239937,0.0,1,0.0013951403,0.1363606399,0.13607698937783475,Train
EHAFIE_clean,5.56485,3.57227,5.56485,2.06302,1265.0,613.179,0.0,0.0,0.5486,0.265921,0.0,1,0.0012864552,0.1245643146,0.12360654417656369,Test
EHAFOK_clean,5.56183,3.59241,5.55524,2.07064,1253.24,605.245,0.0,0.0,0.547,0.26417,0.0,1,0.0013128606,0.1246602473,0.12359577323873516,Train
EHAFUQ_clean,5.5462,3.57781,5.45874,2.0894,1245.04,595.885,0.0,0.0,0.5448,0.260744,0.0,1,0.0012349803,0.1254196987,0.12268011640817728,Train
EHAGAX_clean,5.47293,3.47311,5.47293,2.13433,1158.89,542.974,0.0,0.0,0.5398,0.252913,0.0,1,0.0012547283,0.1208389354,0.12390773116697665,Train
EHAGEB_clean,5.47507,3.4761,5.45313,2.1363,1116.62,522.688,1.415,0.662358,0.5378,0.251743,0.0,1,0.0011802032,0.1186999595,0.1157856077342001,Train
EHAGIF_clean,5.44616,3.48144,5.44616,2.1778,1155.98,530.802,0.0,0.0,0.5374,0.246762,0.0,1,0.0012720805,0.1246368189,0.12425706402682501,Test
EHAGOL_clean,5.39044,3.4677,5.39044,2.17273,1093.47,503.269,0.185996,0.0856051,0.5364,0.246879,0.0,1,0.0013050189,0.1211298621,0.12386183106145204,Test
EHAGUR_clean,5.37684,3.4053,5.1859,2.19821,1066.99,485.393,0.0,0.0,0.5324,0.242197,0.0,1,0.001163202,0.1153080908,0.11544472071813833,Train
EHALOP_manual,7.57594,7.11735,7.57594,0.939011,1706.06,1816.86,0.0,0.0,0.618,0.658139,0.0,0,0.0047191914,0.4545920785,0.4513484711157928,Test
EHEKUY_clean,6.18029,3.5251,6.17561,1.28701,834.589,648.47,1.25956,0.978668,0.5024,0.390361,0.0,0,0.0025832634,0.2322248769,0.23375830460407146,Train
EHIPOC_clean,4.96443,3.71594,4.96443,1.51785,665.78,438.633,0.0,0.0,0.4902,0.322956,0.0,1,0.0004137113,0.0437570365,0.04298542790753576,Train
EHODOV_SL,6.30224,4.66761,6.30224,1.13784,1442.21,1267.5,266.504,234.219,0.5974,0.525029,0.0,0,0.0039434671,0.3660972785,0.3638881028436657,Test
EJAXIW_clean,6.39565,4.30182,6.34251,0.942507,1857.91,1971.24,0.0,0.0,0.5942,0.630446,0.0,1,0.0032311206,0.3151815708,0.3103870089124572,Test
EJETAQ_clean,12.53345,9.36877,12.53345,0.673241,1975.18,2933.84,0.0,0.0,0.7674,1.13986,0.0,1,0.0016633533,0.1792075994,0.16246851048963376,Test
EJIDUW02_clean,4.29785,3.46947,4.29785,1.53852,788.843,512.727,0.0,0.0,0.4966,0.322777,0.0,1,0.0014999675,0.1419463475,0.14088241401360097,Test
EJONOH_clean,4.44167,3.60442,4.4347,1.47939,700.956,473.814,0.0,0.0,0.4646,0.314048,0.0,1,0.0016567786,0.1602496309,0.15491747103979756,Train
EJOQOL_clean,7.54682,4.16239,7.5307,1.29085,1431.56,1109.01,0.0,0.0,0.5368,0.415851,0.0,1,0.0019646233,0.1811830961,0.1864039316007798,Test
EJOQUR_clean,11.95194,5.10518,11.95194,0.926552,1894.67,2044.86,37.9561,40.9649,0.6978,0.753115,0.0,1,0.0026196211,0.2543533947,0.2519503252434854,Train
EJORAY_clean,4.91477,3.6019,4.91477,1.33891,1478.66,1104.38,0.0,0.0,0.5598,0.418102,0.0,1,0.0030752323,0.2909019002,0.29042675707818183,Test
EJOZOU_clean,6.49751,6.10381,6.49751,1.26256,795.165,629.804,0.0342194,0.0271032,0.4812,0.38113,0.0,1,0.0015445197,0.1507729636,0.14826289960421266,Test
EKEQIV_clean,5.23981,3.45461,5.21199,2.0444,792.887,387.835,0.0,0.0,0.4572,0.223636,0.0,1,0.0008265932,0.0825651953,0.08085257758416309,Train
EKETOF_clean,4.41106,3.42867,4.41106,1.63804,321.449,196.241,0.0,0.0,0.4172,0.254695,0.0,0,0.0026124901,0.2382553806,0.2225932533671683,Test
EKETUL_clean,4.43428,3.43441,4.41751,1.64611,319.015,193.799,0.0,0.0,0.4126,0.250651,0.0,0,0.0025810658,0.2238641446,0.21875943116846108,Test
EKEVAT_clean,4.38581,3.45093,4.3809,1.70718,319.337,187.056,0.0,0.0,0.4042,0.236765,0.0,0,0.002700745,0.2390452681,0.22526822374941427,Test
EKIDEH_clean,5.83216,5.4959,5.8074,2.41757,833.936,344.948,0.748002,0.309402,0.4456,0.184317,0.0,1,0.0089077731,0.6827770477,0.673997659178825,Train
EKIDIL_clean,5.81547,5.58073,5.8139,2.56508,834.555,325.352,0.0,0.0,0.4098,0.159761,0.0,1,0.0076116493,0.5513178334,0.5562382694070063,Train
EKOKIA_clean,6.37814,3.95219,6.37814,1.40385,1452.65,1034.76,0.0,0.0,0.5578,0.397337,0.0,1,0.0020334146,0.2023923094,0.19903162220435172,Test
EKOPEA_clean,5.53957,5.19564,5.53023,1.2074,1563.35,1294.8,0.0,0.0,0.5696,0.471756,0.0,1,0.0038028885,0.3543723282,0.35556448907670524,Train
EKOPIE_clean,6.61542,5.14354,6.60525,1.21526,2002.74,1648.0,0.0,0.0,0.6146,0.505737,0.0,1,0.0030677619,0.314585677,0.29487984928102523,Test
EKOPOK_clean,7.61675,7.30447,7.61675,1.24495,1308.01,1050.65,0.0,0.0,0.569,0.457046,0.0,1,0.0034104673,0.3197780346,0.32479358298404987,Test
EKOPUQ_clean,11.06416,8.02745,11.06416,0.972371,1585.84,1630.9,0.0,0.0,0.6092,0.62651,0.0,0,0.0019673504,0.1990951349,0.18733456395439588,Test
EKUPEG_clean,12.15079,8.26476,12.15067,0.865202,1608.01,1858.54,0.0,0.0,0.685,0.791723,0.0,1,0.0009791101,0.1032195751,0.10060965506910174,Test
ELELEN_clean,7.0748,4.1882,7.0748,0.915782,1244.35,1358.78,0.0,0.0,0.592,0.646442,0.0,1,0.0019837519,0.187481084,0.19292005035164494,Test
ELERIY_clean,13.06874,6.51652,13.06768,0.765708,2243.35,2929.77,0.0,0.0,0.7112,0.928814,0.0,1,0.0031298593,0.3180282789,0.30394006189625755,Test
ELIJOZ_clean,5.0309,3.85268,5.0309,1.48251,1155.21,779.228,0.0,0.0,0.5,0.337266,0.0,1,0.0030855192,0.2962525236,0.2896204461576031,Test
ELIJUF_clean,4.98722,3.63869,4.98647,1.36019,1078.5,792.905,0.0,0.0,0.4826,0.354803,0.0,1,0.0036429327,0.3494907293,0.33226470187294904,Test
ELIKAM_clean,5.04335,3.82798,5.04275,1.49693,1142.39,763.156,0.0,0.0,0.4918,0.328538,0.0,1,0.0032093512,0.3027977086,0.2994692792355479,Test
ELIKEQ_clean,4.99766,3.80728,4.99701,1.51189,1166.85,771.784,0.0,0.0,0.4966,0.328463,0.0,1,0.002994209,0.2943830538,0.2811712996314653,Train
ELIKIU_clean,4.97124,3.7531,4.97064,1.54816,1122.94,725.337,0.0,0.0,0.505,0.326193,0.0,1,0.0031665441,0.2904215215,0.2946166396372174,Test
ELIKOA_clean,4.97213,3.73339,4.97213,1.55809,1148.96,737.416,0.0,0.0,0.4918,0.315643,0.0,1,0.0030583599,0.2845228982,0.286848630398622,Train
ELIKUG_clean,4.95561,3.7268,4.95492,1.57969,1129.17,714.803,0.0,0.0,0.4908,0.310694,0.0,1,0.0029734874,0.2819461641,0.279101179804178,Test
ELILAN_clean,4.95628,3.69174,4.9556,1.61177,1116.59,692.775,0.0,0.0,0.4992,0.309722,0.0,1,0.0030246734,0.2744436137,0.28060190450898703,Test
ELILER_clean,4.98078,3.65658,4.98016,1.63697,1110.94,678.659,0.0,0.0,0.487,0.297501,0.0,1,0.0029893452,0.2761288535,0.27927136208669484,Test
ELILIV_clean,4.97952,3.62473,4.97952,1.64354,1091.64,664.203,0.0,0.0,0.4882,0.297042,0.0,1,0.0029044791,0.2707440304,0.26629609924569636,Test
ELOGUJ_clean,5.2439,3.95274,4.46811,3.13806,963.536,307.048,0.0,0.0,0.4846,0.154427,6.37e-05,1,0.0006759655,0.0652036925,0.06801263631578633,Test
ELOHOE_clean,5.56549,4.27537,5.53003,1.15001,1036.4,901.217,0.0,0.0,0.5212,0.453215,0.0,1,0.0043928828,0.3958163225,0.4028471173644548,Test
ELOZEK_clean,5.94525,5.24436,5.94525,2.80091,275.157,98.2384,0.0,0.0,0.3674,0.131171,0.0,1,6.4382e-05,0.0063806303,0.011804905676945032,Train
ELUJAY_clean,4.49095,3.64747,4.47832,1.68009,831.421,494.867,0.0,0.0,0.4708,0.280223,0.0,1,0.0019186769,0.1798677243,0.17797784764970354,Train
ELUJEC_clean,4.38047,3.64592,4.38047,1.73198,794.119,458.504,0.0,0.0,0.4624,0.266978,0.0,1,0.0019388445,0.1770194268,0.17659780729842417,Train
ELUZES_clean,5.83115,4.20879,5.08027,1.7311,2004.82,1158.12,0.0,0.0,0.6554,0.378603,0.0,1,0.0004403249,0.0430623543,0.044829315469548825,Train
EMAGAB_clean,7.29475,4.84283,7.29475,1.35618,833.24,614.402,0.0,0.0,0.4816,0.355115,0.0,0,0.0016440778,0.1528605547,0.14888586068690968,Test
EMAMOW_clean,6.67757,5.81943,6.67757,1.11834,959.829,858.263,0.0,0.0,0.5032,0.449953,0.0,1,0.0009473207,0.0927608729,0.09806879530729865,Train
EMAMUC_clean,5.84513,5.03009,5.84513,1.22272,803.232,656.921,0.0,0.0,0.473,0.386841,0.0,1,0.0007656417,0.0737912679,0.07280820724937956,Train
EMAPAK_clean,11.21755,3.61918,11.21755,0.925375,1521.72,1644.44,0.0,0.0,0.637,0.688369,0.0,0,0.0014004782,0.1456863427,0.1410469391532093,Train
EMIFOW_clean,7.56186,4.84974,7.24948,1.40224,2851.33,2033.41,0.0,0.0,0.6898,0.491927,0.0,1,0.0028650301,0.2755450578,0.2782133524065763,Test
EMIGAJ_charged,12.66503,10.75885,12.03091,1.10466,2236.27,2024.41,0.0,0.0,0.7532,0.681842,0.0,1,0.0022237334,0.207587752,0.21208205236460417,Train
EMIGEN_charged,9.93361,9.15754,9.92686,1.09302,2331.12,2132.73,0.0,0.0,0.7498,0.685988,0.0,1,0.0018034726,0.1841035847,0.17903534882166983,Train
EMIGIR_charged,7.59015,4.82509,7.59015,1.39411,2783.36,1996.52,0.0,0.0,0.7034,0.504552,0.0,1,0.0026897422,0.2693673529,0.26143366207218033,Test
EMIGOX_clean,6.95421,5.10297,6.95421,1.53443,2307.47,1503.8,0.0,0.0,0.6448,0.420222,0.0,1,0.0034283971,0.3335692724,0.32592654509155505,Test
EMIGUD_charged,7.15691,4.93813,7.11128,1.49442,2313.25,1547.92,0.0,0.0,0.6482,0.433746,0.0,1,0.0035652277,0.333329701,0.33403184711883704,Test
EMIHEO_charged,9.11282,7.59699,9.11282,1.43722,2463.69,1714.2,0.0,0.0,0.7124,0.495678,0.0,1,0.0015831631,0.1602016366,0.1579373011165547,Test
EMIYUW_clean,10.6209,7.98188,10.6209,0.698012,2320.47,3324.4,0.0,0.0,0.7472,1.07047,0.000573056,1,0.002714112,0.2752525732,0.26692013735336517,Train
EMIZAD_clean,35.58882,34.51057,35.58779,0.382184,1428.23,3737.01,0.0,0.0,0.8516,2.22824,0.000523308,1,0.0027209417,0.2654806092,0.26085890668715206,Test
EMOHIZ_clean,4.57808,3.51835,4.56928,1.23803,572.381,462.333,0.0,0.0,0.4556,0.368005,0.0,1,0.0014175332,0.126747673,0.13273443237571148,Train
EMUBIZ_clean,10.77303,6.68088,10.77303,1.37229,1702.91,1240.92,117.774,85.8232,0.672,0.489692,0.000145742,1,0.0018144045,0.1682288545,0.1855890221917869,Test
EMUBOF_clean,9.89745,6.63764,9.89048,1.19874,1975.94,1648.35,0.0,0.0,0.6738,0.562089,0.0,1,0.002725785,0.2546064087,0.25663338569477395,Test
ENAFAB_clean,11.6148,4.31195,11.6148,2.54245,1508.6,593.364,0.0,0.0,0.575,0.22616,0.0,1,0.0004881684,0.0473523339,0.04763572363286592,Train
ENAFOP_ion_b,11.60166,8.24635,11.58519,1.18111,1100.84,932.042,0.0,0.0,0.5386,0.456012,0.0,1,0.00057632,0.0613754756,0.04987587656854997,Test
ENANIS_clean,4.58864,4.1598,4.58113,1.33735,718.625,537.349,0.0,0.0,0.4534,0.339028,0.0,1,0.0055413796,0.4825641708,0.4735409321428913,Train
ENESOH_clean,8.38054,5.7847,8.27724,0.639206,2434.82,3809.13,4.9539,7.75009,0.7442,1.16426,0.0,1,0.0027662684,0.2707565868,0.27569723905660726,Test
ENESUN_clean,8.35126,5.49783,8.35126,0.626692,2424.85,3869.29,2.07427,3.30987,0.7316,1.1674,0.0,1,0.0029072565,0.2736983934,0.28699645139719454,Test
ENIHUG01_clean,13.78566,6.83219,13.78098,0.585033,2323.11,3970.91,0.0,0.0,0.7686,1.31377,0.0,1,0.0027182953,0.2664456139,0.2686133255467674,Train
ENIHUG_clean,13.82069,6.83124,13.8201,0.581484,2340.51,4025.06,0.0,0.0,0.7906,1.35962,0.0,1,0.0026049376,0.2689818499,0.26379349418456366,Train
ENISOK_clean,6.962,4.5443,6.96157,1.14432,1841.89,1609.59,0.0,0.0,0.6018,0.525903,0.0,1,0.0020719749,0.2093357507,0.2052957509287469,Train
ENISUQ_clean,6.6554,4.37963,6.6554,0.992256,1823.18,1837.41,0.0,0.0,0.5804,0.58493,0.0,1,0.0023912367,0.2358924353,0.23566916731054235,Train
ENITAX_clean,10.08149,7.22011,10.08149,0.573061,2335.96,4076.29,0.0,0.0,0.7798,1.36076,0.0,1,0.0028734857,0.2738770593,0.2813095390870823,Test
ENITEB_clean,7.9765,5.25239,7.9026,0.909449,2139.04,2352.02,0.0,0.0,0.6632,0.729233,0.0,1,0.0028198235,0.2675540184,0.27746635610915504,Test
ENITIF_clean,6.04006,4.14792,6.02363,0.993739,1774.39,1785.57,0.0,0.0,0.6108,0.614648,0.0,1,0.0033530427,0.3281654645,0.3243011396787352,Test
ENITOL_clean,9.0167,5.78838,9.01452,1.0207,1622.24,1589.34,0.0,0.0,0.589,0.577054,0.0,1,0.0029080119,0.2793597466,0.2743312912070144,Test
ENIXUV_clean,6.81302,4.75487,6.75625,1.04896,1506.97,1436.63,0.0,0.0,0.539,0.513843,0.0,0,0.0025476697,0.2569015396,0.24843247023156467,Test
ENOSAD_clean,5.57968,5.07062,5.57968,1.63787,1052.89,642.84,0.0,0.0,0.4624,0.282318,0.0,0,0.0019991915,0.1901576939,0.18569474404036768,Test
ENOVAG_clean,10.23983,9.51593,10.22611,1.29505,1477.19,1140.64,0.0,0.0,0.5948,0.459286,0.0,1,0.0011647223,0.1164065249,0.11734211550986862,Train
EPAGEJ_clean,5.19961,3.47948,5.18752,1.66805,743.29,445.603,0.0,0.0,0.4886,0.292916,0.0,1,0.0008443344,0.0805791342,0.07984652072938692,Test
EPECEJ_clean,7.92371,4.89913,7.91993,0.908491,1989.28,2189.65,0.0,0.0,0.6342,0.69808,0.0,1,0.0039138543,0.3653650641,0.37085530299950326,Test
EPEWAY_clean,5.86305,5.34538,5.70782,1.27095,1126.31,886.195,0.0,0.0,0.506,0.398129,0.0,0,0.002919154,0.2764502841,0.26964274968656154,Test
EPEWEC_clean,5.88152,5.35243,5.87056,1.27191,1143.58,899.1,0.0,0.0,0.5064,0.398141,0.0,0,0.0029404945,0.2790560698,0.2719499695634194,Test
EPEXUU_clean,8.78791,3.92519,8.78786,1.21365,1182.3,974.168,0.0,0.0,0.5234,0.431261,0.0,1,0.0028538971,0.2485348579,0.25566936318040484,Train
EPEYAB_clean,8.46111,3.62498,8.46069,1.24571,1153.47,925.96,0.0,0.0,0.5226,0.419521,0.0,1,0.003281643,0.2968769138,0.3013845902321676,Test
EPISOM_clean,12.63938,6.49016,12.62405,0.677616,2253.72,3325.96,0.0,0.0,0.7494,1.10594,0.0,1,0.0038940844,0.3712590446,0.36485262498664917,Test
EPONAA_clean,9.18286,8.73453,9.17503,0.495184,2583.42,5217.09,0.0,0.0,0.8544,1.72542,0.0,1,0.0010974729,0.1068263267,0.10860992093357613,Train
EPONEE_clean,9.19024,8.74095,9.18226,0.492814,2582.15,5239.6,0.0,0.0,0.8536,1.73209,0.0,1,0.0011433015,0.1081215859,0.10911827566037507,Train
EPOPEG_clean,5.47224,4.77054,5.47224,0.955888,1699.64,1778.08,0.0,0.0,0.613,0.641289,0.0,0,0.0027769489,0.2828617473,0.2727882907599289,Test
EPOTAF_clean,7.63453,6.61136,7.601,0.575241,2982.7,5185.13,0.0,0.0,0.779,1.35421,0.0,1,0.0026195537,0.2761178628,0.2637981827507583,Test
EPOXAJ_clean,4.90808,3.54046,4.59353,3.60105,1300.0,361.007,0.0,0.0,0.5304,0.14729,0.0,1,0.0002785378,0.0280861814,0.029087274304220923,Train
EQAMUG_clean,4.23795,3.61938,4.23534,1.81883,688.208,378.378,0.0,0.0,0.424,0.233116,0.0,0,0.0014666886,0.1392734901,0.14054973935816104,Test
EQERAU_clean,8.66462,5.10134,8.65703,0.830188,1832.92,2207.84,0.0,0.0,0.646,0.778137,0.0,1,0.0033363328,0.33944837,0.32244581588480714,Train
EQEREY_clean,6.76077,5.17427,6.21591,1.08432,1568.49,1446.52,0.0,0.0,0.5588,0.515345,0.0,0,0.0042730462,0.3991029877,0.4002382247866572,Train
EQERIC_clean,5.65308,5.10575,5.50654,1.08357,1441.7,1330.51,0.0,0.0,0.5522,0.509612,0.0,0,0.0061039785,0.5479574912,0.5455600713879266,Train
EQETAX_clean,6.01885,5.05908,5.99018,0.890782,1989.22,2233.11,0.0,0.0,0.6458,0.724981,0.0,1,0.0053585429,0.4958289293,0.4946080115690997,Train
EQOXIT_clean,7.68652,6.98261,7.68519,1.19569,1340.21,1120.87,0.0,0.0,0.551,0.460823,0.0,1,0.0017995691,0.1717618415,0.17609940328829568,Train
EQUBIC_clean,4.62524,4.02529,4.62419,2.01313,877.337,435.807,0.0,0.0,0.4672,0.232076,9.93e-05,0,0.0018497753,0.1700962409,0.16909019547587717,Test
EQUBOI_clean,4.70314,4.11847,4.7011,1.94101,957.405,493.252,0.0,0.0,0.4856,0.250179,0.000103039,0,0.0018888898,0.1756678118,0.17479209708846194,Test
EQUBUO_clean,4.678,4.09417,4.67712,1.98147,941.234,475.017,0.0,0.0,0.4712,0.237803,0.000100935,0,0.0018246573,0.172040455,0.1712748204036348,Test
EQUNEL_clean,11.53586,5.50716,8.36401,1.01632,2227.68,2191.92,0.0,0.0,0.6942,0.683055,0.0,1,0.0040243984,0.3846471159,0.3800377143893689,Train
EQUNIP_clean,12.19685,4.3543,12.19496,0.882362,2411.33,2732.81,0.0,0.0,0.7004,0.793779,0.0,1,0.0042235352,0.4140985517,0.4092245276090761,Train
ERAHOV_clean,8.72809,7.46409,8.72809,0.942162,2285.98,2426.31,0.0,0.0,0.718,0.762077,0.0,1,0.0014545664,0.1478013965,0.14458497545577167,Train
ERALUG_clean,10.3431,8.94026,10.3375,1.11121,2058.72,1852.68,0.0,0.0,0.6522,0.586926,0.000719933,1,0.0020408046,0.1947842114,0.2055189343071518,Test
ERAMAN_clean,12.01377,10.18099,12.01377,0.963545,2126.75,2207.22,0.0,0.0,0.6966,0.722955,0.0,1,0.0023066027,0.2210100214,0.2238389007537158,Train
ERAMER_clean,12.83976,11.91501,12.83976,0.685959,2103.01,3065.8,0.0,0.0,0.7502,1.09365,0.000291563,1,0.0023194693,0.2130183146,0.22495984779632833,Train
EREFEN01_SL,5.00416,3.86566,5.00416,1.13683,1255.14,1104.07,0.0,0.0,0.5352,0.470783,0.0,0,0.0053287155,0.4824442303,0.4807286138433237,Train
EREGOY_clean,7.33047,5.25494,7.19533,0.879553,2401.32,2730.16,0.0,0.0,0.685,0.778805,0.0,1,0.0029893027,0.2772251731,0.29682952661045997,Test
ERELIX_clean,5.64254,3.51162,5.62378,1.23268,1079.22,875.507,0.0,0.0,0.5468,0.443586,0.0,1,0.0027088087,0.258694603,0.25132681333182594,Test
ERIGER_clean,7.45113,4.52945,7.45095,1.32558,1000.06,754.431,0.0,0.0,0.5014,0.378249,0.0,1,0.0011000293,0.1120330436,0.1090306710259101,Train
ERIRIG_auto,11.67849,9.57613,11.66558,0.426775,2035.73,4770.02,0.0,0.0,0.8318,1.94903,0.0,0,0.0014149566,0.139150095,0.14131589700472255,Train
ERIWAF_clean,10.65116,5.48487,10.46238,0.840538,2241.03,2666.18,0.0,0.0,0.709,0.843508,0.0,1,0.0035904762,0.3441195209,0.3399561399394774,Train
EROCIZ_clean,5.34059,3.74867,5.34025,1.39658,907.085,649.503,0.0,0.0,0.4828,0.345701,0.0,1,0.0043076667,0.2690366612,0.3833594265670861,Test
ERUFUS_clean,4.3604,3.42673,4.35329,1.50899,684.051,453.317,0.0,0.0,0.4548,0.301394,0.0,0,0.0023105691,0.2255626419,0.2120576920074252,Test
ERULEK_clean,8.92635,6.96534,8.92635,0.799593,1925.59,2408.22,0.0,0.0,0.6678,0.835175,0.0,1,0.0023623696,0.2382431878,0.232742995093367,Test
ERUNOW_clean,9.74436,7.85759,9.7385,0.884315,1769.89,2001.42,0.0,0.0,0.6546,0.740234,0.0,1,0.0024221856,0.2361916924,0.24047948740623987,Train
ESANET_clean,7.69209,6.08736,7.69209,1.80232,1148.27,637.106,0.0,0.0,0.5264,0.292069,0.0,1,0.0008070161,0.0794028948,0.07940846098633161,Test
ESAROH_clean,4.75347,3.71612,4.73943,1.3675,535.723,391.753,0.0,0.0,0.4534,0.331553,0.0,1,0.0032479111,0.2834646557,0.28881331411206823,Train
ESARUN_clean,6.08793,3.97207,6.06402,1.14221,1213.02,1061.99,0.0,0.0,0.5254,0.459984,0.0,1,0.0039339881,0.3571130295,0.35733015222437076,Train
ESASAU_clean,5.00328,3.89627,5.00219,1.37708,632.788,459.514,0.0,0.0,0.4448,0.323002,0.0,1,0.0029323838,0.2636943061,0.2607035262008457,Train
ESASEY_clean,5.5251,4.77538,5.51126,1.28472,744.013,579.127,0.0,0.0,0.486,0.378294,0.0,1,0.0032187247,0.2795286756,0.29322630839793373,Test
ESEDIQ_clean,5.39674,3.78301,5.31113,0.83454,2154.55,2581.72,0.0,0.0,0.6546,0.784384,0.0,0,0.0043396016,0.4125110978,0.4172648380553714,Train
ESEHIV_clean,5.10587,3.69765,5.10587,1.24278,879.237,707.477,0.0,0.0,0.5044,0.405865,0.0,1,0.0043661829,0.3855136293,0.39099916092824033,Test
ESEQUO_clean,5.9241,3.78187,5.9241,1.17049,1289.9,1102.02,0.0,0.0,0.5438,0.464593,0.0,1,0.0024918188,0.2330296342,0.2388845720415242,Train
ESEVIH_clean,6.88268,6.30555,6.87572,1.51625,1264.35,833.868,0.0,0.0,0.5472,0.36089,0.0,1,0.0024461178,0.2438223348,0.2326342581943795,Test
ESIDOB_clean,5.0954,4.12899,5.0954,1.32897,1274.07,958.69,0.0,0.0,0.5378,0.404673,0.0,0,0.0063673452,0.5808744911,0.5634788072826105,Train
ESIFET_clean,8.81259,5.05152,8.81259,1.42533,1454.27,1020.3,0.0,0.0,0.5856,0.410852,0.0,0,0.0022836577,0.2259886242,0.21725155619145486,Train
ESIGES01_clean,5.30554,4.43053,5.27741,1.28243,1799.46,1403.16,0.0,0.0,0.6102,0.475814,0.0,0,0.0041718751,0.3866525965,0.3947539010945,Train
ESIGES02_clean,5.25592,4.31073,5.18518,1.28541,1797.52,1398.4,0.0,0.0,0.597,0.464442,0.0,0,0.0040884376,0.3755928485,0.38465508959171424,Train
ESIGES_clean,5.24833,4.2623,5.18742,1.29046,1800.98,1395.62,0.0,0.0,0.6108,0.473321,0.0,0,0.0041633174,0.3849346397,0.39124277321267753,Test
ESURER01_clean,6.75428,5.6916,6.72807,1.40497,1349.29,960.372,0.0,0.0,0.5342,0.380221,0.0,0,0.002782728,0.2686700433,0.2623963313903332,Train
ESURER02_clean,6.73405,5.67186,6.7278,1.40899,1346.64,955.749,0.0,0.0,0.5328,0.378145,0.0,0,0.0027983613,0.2664097282,0.2676475711374431,Train
ESURER03_clean,6.73192,5.66128,6.64205,1.40989,1345.84,954.57,0.0,0.0,0.5322,0.377477,0.0,0,0.0028791334,0.2700027824,0.2707900937360931,Test
ESURER04_clean,6.9676,6.06182,6.9676,1.36538,1434.64,1050.72,0.0,0.0,0.5472,0.400767,0.0,0,0.0027449475,0.2649519226,0.25863986677192363,Train
ESURER_clean,6.78739,5.78928,6.78739,1.3933,1363.04,978.277,0.0,0.0,0.5382,0.386276,0.0,0,0.0028426557,0.2676656035,0.2701300874504466,Test
ESUSAO01_clean,6.3973,4.82556,6.3973,1.43147,1333.03,931.231,0.0,0.0,0.5244,0.366336,0.0,1,0.0028192057,0.2690387287,0.26337704944604035,Test
ESUSAO_clean,6.44994,4.84687,6.44994,1.43017,1343.92,939.69,0.0,0.0,0.5242,0.366529,0.0,1,0.0027983613,0.2734195277,0.26317964787535497,Test
ESUSIW_clean,6.7467,5.80608,6.7467,1.39203,1364.88,980.494,0.0,0.0,0.5394,0.387491,0.0,1,0.0027201948,0.2579052111,0.2538051369646949,Train
ESUSOC01_clean,7.22634,6.19526,7.22634,1.36351,1450.27,1063.63,0.0,0.0,0.544,0.398969,0.0,1,0.0027549355,0.2721306487,0.2642413844288344,Test
ESUSOC02_clean,7.24893,6.31165,7.23441,1.36801,1456.76,1064.88,0.0,0.0,0.538,0.393273,0.0,0,0.0028643686,0.2632248769,0.2725183563513256,Train
ESUSOC_clean,7.05543,5.76553,7.05417,1.36444,1437.77,1053.75,0.0,0.0,0.5426,0.397672,0.0,1,0.0028487353,0.2689692473,0.26954528943528894,Train
ESUTAP_clean,7.12445,6.33134,7.12445,1.37347,1444.41,1051.64,0.0,0.0,0.5478,0.398843,0.0,1,0.0029996401,0.274735765,0.2861661067090104,Test
ESUTIX_clean,7.33038,6.15605,7.3245,1.35339,1467.91,1084.62,0.0,0.0,0.5522,0.408012,0.0,1,0.0027143323,0.2611992784,0.25474488131287953,Test
ESUVAR01_clean,5.82794,3.93449,5.82794,1.54928,1195.21,771.464,0.0,0.0,0.4896,0.316018,0.0,1,0.0032239346,0.2915715299,0.29757940126802146,Test
ESUVAR_clean,6.28796,4.55194,6.20677,1.47064,1312.34,892.358,0.0,0.0,0.5172,0.351684,0.0,1,0.0031527162,0.2866366172,0.2945855908451601,Train
ESUVOF_clean,6.88083,5.87111,6.87535,1.38485,1391.22,1004.61,0.0,0.0,0.5404,0.390224,0.0,0,0.0028804361,0.2752386362,0.2740185911694429,Train
ETAXUT_clean,12.89356,7.93773,12.89356,0.721487,1897.63,2630.17,77.994,108.102,0.7242,1.00376,0.0,1,0.0034248149,0.3247300836,0.32722282964560817,Train
ETECIR_clean,4.32284,3.50203,4.32284,1.44521,1297.96,898.111,0.0,0.0,0.6006,0.41558,0.0,0,0.0030228215,0.288521974,0.28834466554734245,Test
ETECOX_clean,10.32812,8.91862,10.31469,1.07802,2014.96,1869.13,0.0,0.0,0.7346,0.681437,0.0,1,0.0018142901,0.176387292,0.17934726489924727,Test
ETEJIX01_clean,6.69684,4.77946,6.69684,1.08358,2483.86,2292.26,0.0,0.0,0.649,0.598939,0.0,1,0.0024796685,0.2463461063,0.25022103369610726,Test
ETEJIX_clean,6.81796,5.05367,6.81796,1.05868,2313.65,2185.42,0.0,0.0,0.6546,0.61832,0.0,1,0.0025651789,0.2513039533,0.25272012534959715,Test
ETEJOD01_clean,6.6678,4.96877,6.6678,1.10092,2405.28,2184.79,0.0,0.0,0.6552,0.595139,0.0,1,0.0026501016,0.2620863523,0.25892435355418597,Train
ETEJOD_clean,6.80678,5.11467,6.80678,1.12771,2231.39,1978.7,0.0,0.0,0.6388,0.56646,0.0,1,0.0026958232,0.2788434801,0.2593085957709933,Test
ETEJUJ_clean,6.80904,5.16362,6.80904,1.11208,2257.09,2029.61,0.0,0.0,0.6478,0.582511,0.0,1,0.002678606,0.2523617632,0.2591137829386,Train
ETEKAQ01_manual,5.81491,4.70834,5.54365,1.17141,2276.97,1943.78,0.0,0.0,0.6496,0.554545,0.0,1,0.0018972915,0.1863017189,0.1870996709504479,Train
ETEKAQ_clean,6.79458,5.19238,6.79458,1.13284,2254.4,1990.05,0.0,0.0,0.6454,0.569721,0.0,1,0.0024818624,0.2539642618,0.24681276935285582,Test
ETEKEU_clean,6.74215,5.18388,6.74215,1.16256,2288.23,1968.27,0.0,0.0,0.6442,0.554124,0.0,1,0.002544424,0.2474051031,0.2503836559259477,Train
ETEPID_clean,6.17672,3.95395,5.87594,1.10537,1278.33,1156.47,289.636,262.025,0.5518,0.499197,0.0,1,0.0104388617,0.6769325323,0.6901900244829858,Train
ETEQUQ_clean,5.92538,4.00393,5.92538,2.21544,1336.48,603.256,0.0,0.0,0.5274,0.238056,0.0,1,0.0007802794,0.0754379781,0.07724198405212068,Train
ETESIG_clean,5.84738,4.10522,5.84738,1.34804,1113.36,825.908,0.0,0.0,0.511,0.379069,0.0,1,0.0034346245,0.3162859688,0.317831229537756,Test
ETEXEI01_clean,5.81183,4.79897,5.70377,1.51395,1510.72,997.869,0.0,0.0,0.6306,0.416527,0.0,0,0.0027285569,0.2515829033,0.2518471437898797,Train
ETEXEI_clean,5.78427,4.68209,5.77551,1.52654,1503.21,984.721,0.0,0.0,0.622,0.407458,0.0,0,0.0027527749,0.2580437171,0.2625525638341796,Train
ETIXIQ_clean,6.68041,4.65647,6.65888,0.848377,2297.1,2707.64,0.0,0.0,0.6174,0.727742,0.0,0,0.0041551234,0.3836342098,0.40559796486635524,Test
ETUWEW_clean,4.93842,4.37104,4.93842,1.56386,2303.31,1472.84,0.0,0.0,0.6098,0.389934,0.0,0,0.0016424745,0.1557712579,0.1595631261637474,Train
ETUWIA_clean,4.84869,4.31374,4.84869,1.3172,2256.73,1713.27,0.0,0.0,0.6028,0.457637,0.0,1,0.0024568431,0.2368686856,0.23916162536237118,Test
ETUXEW_clean,4.30967,3.74181,4.30967,1.76757,1105.02,625.163,0.0,0.0,0.5662,0.320327,0.0,0,0.0036286578,0.3442206395,0.33914499423686223,Test
EVADIQ_clean,7.6272,6.3767,7.6272,1.10873,1926.39,1737.47,0.0,0.0,0.6356,0.573266,0.0,1,0.0026481783,0.257018586,0.2563412905486513,Test
EVAKIV_clean,13.34989,4.00312,13.34989,0.730238,1776.02,2432.11,0.0,0.0,0.6852,0.938325,0.0,0,0.0031993956,0.3175469527,0.31378103797085993,Train
EVAKOB_charged,13.10841,3.92348,13.10841,0.806398,1723.78,2137.62,0.0,0.0,0.6526,0.809278,0.0,0,0.0032211149,0.3242779167,0.31396568495292043,Test
EVEGIV_clean,6.17269,4.02251,6.17269,1.31229,854.868,651.434,42.1748,32.1384,0.5236,0.398999,0.0,1,0.0018421425,0.1687640633,0.17037514863573353,Train
EVEGOB_clean,6.69286,4.9654,6.69286,1.28252,924.55,720.888,100.648,78.477,0.5186,0.404362,0.0,1,0.0019558257,0.1942892013,0.1850409750383452,Train
EVEGUH_clean,6.67679,5.04188,6.67679,1.28811,935.874,726.551,97.6899,75.84,0.5222,0.405402,0.0,1,0.0020483594,0.2015152412,0.19345692149307864,Test
EVIMUT_clean,5.27695,4.27032,5.27695,0.98944,1543.01,1559.48,0.0,0.0,0.5212,0.526762,0.0,1,0.0019884808,0.1935911341,0.1959209760272783,Train
EVUDAA_clean,8.8715,5.37575,8.86492,1.06655,1848.87,1733.49,0.0,0.0,0.6318,0.592375,0.0,1,0.0039318402,0.3665073433,0.3659156283200381,Train
EVUPOC_clean,6.33794,4.33255,6.21155,1.43397,1521.86,1061.29,0.0,0.0,0.5584,0.389408,0.0,1,0.0028766675,0.2780897184,0.27107978392399984,Test
EVUQOC_clean,5.3745,3.92262,5.34265,1.5074,1102.05,731.093,0.0,0.0,0.4832,0.320551,0.0,1,0.0039682608,0.3458108362,0.3517512326214029,Train
EVUQUI_clean,4.83999,3.93851,4.82956,1.53551,1049.12,683.243,0.0,0.0,0.4838,0.315075,0.0,1,0.0032021228,0.2884258305,0.2992556516045079,Test
EVURAP_clean,4.91998,4.00691,4.90722,1.50366,1094.53,727.909,0.0,0.0,0.4888,0.325073,0.0,1,0.003252561,0.2964232499,0.29953121543161376,Train
EWASIG01_clean,6.54739,5.55468,6.37809,0.995743,2287.2,2296.98,0.0,0.0,0.6682,0.671057,0.0,1,0.0027728651,0.2729877916,0.27226296839723213,Train
EWASIG_clean,6.45735,5.55117,6.42218,0.997683,2278.25,2283.54,0.0,0.0,0.6672,0.66875,0.0,1,0.0029042248,0.2833251932,0.28097852078580693,Test
EWECOY_clean,6.36107,5.38638,6.36107,1.35369,1897.91,1402.03,0.0,0.0,0.613,0.452836,0.0,1,0.0021957387,0.2043816307,0.2124243713600918,Train
EWESAC_clean,4.96455,3.52189,4.96455,1.2876,515.857,400.635,170.93,132.751,0.4632,0.35974,0.0,0,0.0042288711,0.3622807181,0.3698328049696122,Test
EWETUW_clean,5.62021,4.24917,5.57976,1.31411,662.316,504.004,418.644,318.576,0.5412,0.411838,0.0,1,0.0057352795,0.4939359705,0.4924954647235054,Train
EWEWUZ_charged,4.52116,3.71878,4.50868,1.669,563.834,337.828,0.0,0.0,0.4256,0.255003,0.0,1,0.0013344479,0.1324604937,0.12063431905742569,Test
EWIPIL_clean,5.07501,3.95522,5.05284,1.20337,1849.05,1536.56,0.0,0.0,0.602,0.500263,0.0,1,0.0057611744,0.5325650623,0.5284285745870965,Train
EWUCOP_clean,4.517,3.6203,4.517,1.14036,1567.35,1374.43,0.0,0.0,0.607,0.532288,0.0,0,0.0038358594,0.3683254867,0.3732126100761185,Train
EWUGEK_clean,4.25922,3.99552,4.25922,1.59647,254.293,159.284,0.0,0.0,0.3716,0.232763,0.0,0,0.0011145857,0.0987344714,0.09146984829899515,Test
EWUKAK_clean,8.06678,6.82094,8.05126,1.11278,1981.43,1780.62,0.0,0.0,0.6252,0.561838,0.0,1,0.002840296,0.2742763172,0.2746540875299991,Test
EWUKEO_clean,6.02152,4.9088,6.0177,1.04306,2495.54,2392.52,0.0,0.0,0.6576,0.630455,0.0,1,0.0034316048,0.3248831695,0.334071436518348,Train
EWUKIS_clean,6.09706,5.36823,6.07492,1.05799,2424.88,2291.97,0.0,0.0,0.6762,0.639136,0.0,1,0.0034272458,0.3268815117,0.3355603923476786,Test
EWUSOF_clean,11.18858,8.47337,10.82571,0.877,1675.84,1910.87,0.0,0.0,0.721,0.822121,0.0,1,0.0010244267,0.1019400759,0.10015091425831163,Test
EWUSUL_clean,11.25293,8.38573,11.25293,0.979503,1671.61,1706.59,0.0,0.0,0.7086,0.723428,0.0,1,0.0008953162,0.0914539688,0.0877930485245326,Train
EWUTEW_clean,7.55965,4.88065,7.45386,1.29422,1660.56,1283.06,0.0,0.0,0.5852,0.452164,0.0,1,0.0021225034,0.2072098199,0.2118958649185647,Train
EXALAR_clean,8.27068,4.14256,8.27068,0.819136,1552.0,1894.68,19.4699,23.7688,0.6382,0.779114,0.0,1,0.0018241196,0.1824119623,0.17872231245984999,Test
EXALIZ_clean,8.54083,3.87619,8.54083,1.52305,1283.51,842.727,0.0,0.0,0.5696,0.373988,0.0,1,0.0007644392,0.0789167082,0.07657582942084759,Train
EXAPEA_clean,5.23017,3.49325,5.23017,1.44837,343.252,236.992,0.0,0.0,0.4076,0.281419,0.0,0,0.0022138603,0.1938528949,0.19045669720527916,Test
EXAXAE01_clean,10.9668,6.77359,10.9668,1.34773,1718.01,1274.74,128.947,95.6773,0.6772,0.502475,0.0,1,0.0016006528,0.1647790004,0.16700787160866412,Test
EXAXAE_clean,10.76753,6.65722,10.58024,1.36537,1690.78,1238.34,127.443,93.34,0.6754,0.494666,0.0,1,0.0018777844,0.1707043982,0.19017970690970237,Test
EXEMUR_clean,6.22751,4.77221,6.20611,1.4177,461.655,325.637,178.147,125.659,0.4768,0.33632,0.0,0,0.0009620313,0.0977963852,0.11379589107599836,Test
EXENAX_clean,4.98437,3.71955,4.67631,1.89432,1307.11,690.013,0.0,0.0,0.588,0.310402,0.0,1,0.0011751189,0.1109592528,0.11170023358298597,Test
EXEQAA_clean,7.25351,7.13068,7.2425,1.02495,1673.9,1633.14,0.0,0.0,0.6088,0.593978,0.0,0,0.0033847406,0.3309825843,0.33206361489913516,Test
EXEQII_SL,7.24683,7.11371,7.24683,1.02502,1683.52,1642.43,0.0,0.0,0.597,0.58243,0.0,0,0.0033405158,0.3294419154,0.32170000228418577,Test
EXEWIO_clean,7.06551,3.91163,7.06551,1.10612,1247.35,1127.68,0.0,0.0,0.5336,0.482408,0.0,1,0.0053545848,0.4592172544,0.4701024870238068,Test
EXEXAH_clean,9.58473,9.08126,9.58473,0.865744,1381.13,1595.31,0.0,0.0,0.6118,0.706675,0.0,0,0.0016506703,0.1554747726,0.16055549949972098,Test
EXIDOF_clean,5.61373,5.00672,5.60841,1.03591,1864.27,1799.64,0.0,0.0,0.6158,0.594451,0.0,0,0.0041457468,0.389952991,0.3927110548123959,Train
EXOFIH_clean,4.43208,4.25139,4.42906,1.35435,1660.17,1225.81,0.0,0.0,0.5858,0.432533,0.0,0,0.0089227836,0.7770071844,0.7833694983483022,Train
EXOTOB_clean,13.28738,7.77882,13.22247,0.710367,1789.01,2518.43,0.0,0.0,0.7024,0.988785,0.0,1,0.0015275275,0.150476401,0.15550165463760082,Test
EXOTUH_SL,6.05951,4.4083,6.05951,0.950557,1966.63,2068.92,0.0,0.0,0.6264,0.658982,0.0,0,0.0035710398,0.3463152378,0.3478154290445555,Train
EXOZIB_clean,8.81916,5.67239,8.81916,0.860889,2066.43,2400.34,0.0,0.0,0.7104,0.825193,0.0,1,0.0019108581,0.1953307482,0.18800460756634874,Test
EXUHEM_clean,5.5848,3.98697,5.5848,1.1948,1036.21,867.268,0.0,0.0,0.5148,0.430868,0.0,0,0.0028958364,0.2649190361,0.26969451548733153,Test
EXUHUC_clean,6.22107,4.0898,6.22107,1.22274,852.187,696.948,9.45855,7.73552,0.5232,0.427891,0.0,1,0.0008988603,0.0898722547,0.08470397598253926,Test
EYACOX_clean,8.14361,5.87215,7.68514,0.961963,2469.42,2567.06,0.0,0.0,0.6732,0.699819,0.0,1,0.0027103565,0.2681736119,0.26563613642999945,Train
EYINOR_clean,8.12774,5.83469,8.12774,0.997324,2427.09,2433.6,0.0,0.0,0.6904,0.692252,0.0,1,0.0028599689,0.2787686233,0.2805733889051756,Train
EYIYES_clean,8.23387,5.84668,8.15455,0.958955,2430.13,2534.15,0.0,0.0,0.6902,0.719741,0.0,1,0.002383275,0.2429160086,0.23934376330667226,Train
EYOCIG_clean,8.27418,5.89212,8.06359,0.922433,2431.08,2635.51,0.0,0.0,0.694,0.752358,0.0,1,0.0024611698,0.2427908797,0.24704977913170661,Test
EYOCOM_clean,8.18337,5.84697,8.18337,0.974997,2429.97,2492.29,0.0,0.0,0.6902,0.7079,0.0,1,0.0025532854,0.2443445272,0.25406961018965424,Test
EYULOA_clean,4.93073,3.99192,4.90572,1.26506,819.807,648.04,0.0,0.0,0.5008,0.395872,0.0,0,0.0047116234,0.4054028943,0.4151157269451561,Test
EYUWAW_clean_h,6.01873,4.52997,6.01625,1.02499,1441.95,1406.78,0.0,0.0,0.5778,0.563711,0.0,1,0.0031302367,0.2934698523,0.2993521633354476,Train
EZABEN_clean,5.22809,3.75233,5.19001,1.80933,1456.46,804.973,0.0,0.0,0.5686,0.314261,0.0,1,0.0021082077,0.1981244915,0.20229471557751227,Test
EZEQEH_clean,4.87284,4.37059,4.87284,1.23337,902.039,731.365,0.0,0.0,0.4534,0.367612,0.0,0,0.0040208487,0.3675638303,0.3583262265973369,Test
EZEQIL_clean,5.30026,4.78345,5.30026,1.17129,1076.67,919.215,0.0,0.0,0.476,0.406389,0.0,0,0.00398029,0.3755668126,0.36575712294142004,Train
EZEQOR_clean,5.6482,4.90134,5.6482,1.14412,1130.85,988.403,0.0,0.0,0.4858,0.424607,0.0,0,0.0042365476,0.3908003169,0.3893509133935668,Test
EZEQUX_clean,5.58794,4.86495,5.58794,1.14902,1119.33,974.163,0.0,0.0,0.4862,0.423145,0.0,0,0.0043785033,0.3980124032,0.3995989267642809,Test
EZESAF_clean,5.1372,4.14128,5.1327,1.2462,687.896,551.996,0.0,0.0,0.4534,0.363827,0.0,1,0.003992583,0.3451941621,0.34759731524702103,Train
EZIPEK_clean,8.58626,4.2007,8.58626,1.51602,1671.68,1102.68,0.0,0.0,0.5836,0.384955,0.000527697,0,0.002672331,0.2484685986,0.24315630459766793,Test
EZITUE_clean,5.18743,4.58908,5.18743,1.41786,514.897,363.149,0.0,0.0,0.4536,0.319918,0.0,1,0.0020041671,0.1778812875,0.18558773969080006,Test
EZIVAM_clean,4.86841,4.201,4.86841,1.36805,410.17,299.821,0.0,0.0,0.4216,0.308176,0.0,1,0.0020334746,0.1841699636,0.18493193415648865,Train
EZOBUR02_clean,5.4535,4.4976,5.43411,1.36504,878.599,643.645,0.0,0.0,0.4944,0.362188,0.0,1,0.0019768101,0.1836087101,0.18222966045939448,Train
EZOBUR_clean,6.22091,4.91314,6.06649,1.26527,1070.0,845.668,0.0,0.0,0.5366,0.4241,0.0,1,0.0017286228,0.1700865822,0.17023296717765193,Train
EZOFEF_clean,11.22482,4.58247,11.22482,1.02492,1340.94,1308.34,253.285,247.127,0.6156,0.600633,0.0,0,0.005842429,0.5141165245,0.5142233539152918,Train
EZUCIM_clean,5.27092,4.42324,5.21472,1.00292,1781.29,1776.11,0.0,0.0,0.602,0.600249,0.0,0,0.0045962028,0.4550778626,0.44128875117259714,Train
EZULAO_clean,5.09593,4.42786,5.07986,1.44576,1054.74,729.539,0.0,0.0,0.5038,0.348468,0.0,1,0.0029492859,0.2805670349,0.2687898075989555,Test
FABCUI_clean,5.29132,3.67742,5.0134,1.09277,1448.77,1325.78,0.0139318,0.0127491,0.5368,0.49123,0.0,1,0.0021478065,0.2031891979,0.2147037565663213,Test
FABGUM_clean,4.49645,4.20268,4.49184,1.20151,964.988,803.144,198.183,164.944,0.618,0.514351,0.0,0,0.0015321369,0.1492749365,0.1613631922383531,Test
FAFDEX_clean,4.84612,4.0465,4.84612,1.4121,763.799,540.896,0.0,0.0,0.426,0.301679,0.0,1,0.0027868633,0.2646171387,0.24826512498198278,Test
FAFMAC_clean,6.81612,5.39086,6.79864,1.26269,1165.02,922.651,0.0,0.0,0.5508,0.436212,0.0,1,0.0013204234,0.125833632,0.12537187404599884,Train
FAFQEJ01_clean,6.37389,4.22376,5.90055,1.46265,2225.33,1521.44,0.0,0.0,0.6474,0.442621,0.0,1,0.0009225345,0.0897676599,0.09321768415539447,Test
FAGMAE_clean,5.46748,4.37557,5.46748,1.06062,1170.19,1103.31,0.885384,0.834777,0.5442,0.513094,0.0,1,0.0018761015,0.1826941703,0.18015569738934217,Test
FAGMEI_clean,4.74677,3.86448,4.45761,1.13696,582.955,512.733,152.586,134.206,0.5114,0.449797,0.0,1,0.0028084808,0.2669191025,0.2663382696434246,Test
FAGMOS_clean,4.83565,3.90897,4.83387,1.11657,661.618,592.547,152.346,136.441,0.5228,0.468221,0.0,1,0.0029037604,0.2677622517,0.2661543541801863,Test
FAGQAI_clean,13.61199,8.61498,13.60121,0.481098,2019.32,4197.32,0.0,0.0,0.7864,1.63459,0.0,1,0.0023121694,0.2309006991,0.230701200939129,Test
FAGREM_clean,7.38233,6.89343,7.38233,1.46524,1454.62,992.751,0.0,0.0,0.557,0.380143,0.0,1,0.0020998168,0.1944553627,0.2077197181658107,Test
FAGXIX_clean,5.2216,3.54475,5.2216,1.24357,1161.81,934.26,0.0,0.0,0.5266,0.42346,0.0,1,0.0076686517,0.6596873687,0.6564362626916806,Train
FAHGAY_clean,5.42928,5.0549,5.42928,0.789805,2259.65,2861.02,0.0,0.0,0.6494,0.822229,0.0,0,0.0043882512,0.4359661827,0.4316929043586855,Test
FAHPOV_clean,15.83326,12.70856,15.77354,0.465056,1930.74,4151.64,0.0,0.0,0.8222,1.76796,0.0,1,0.0026452046,0.2606198069,0.2641149543698465,Test
FAHQIQ_clean,9.85392,4.35513,9.85392,0.853176,2077.29,2434.78,0.0,0.0,0.6662,0.780847,0.0,0,0.0049113512,0.4622996327,0.46021151487194545,Train
FAHQIR_clean,5.4668,3.66161,5.45525,1.24631,646.137,518.44,0.0,0.0,0.4704,0.377434,0.0,1,0.0037059208,0.3201590459,0.3276266487507528,Test
FAJYAS_clean,8.56248,6.70705,8.55013,0.843378,1917.39,2273.46,0.0,0.0,0.6388,0.75743,0.0,1,0.0020395808,0.2140614159,0.20739982945517516,Train
FAJZOI_clean,5.7048,3.67896,5.62232,1.15456,806.025,698.125,0.0,0.0,0.4918,0.425964,0.0,0,0.0072435979,0.5856942177,0.5933461513169749,Train
FAKLIO_clean,9.35143,8.40739,9.35026,0.753404,1654.42,2195.93,0.0,0.0,0.6524,0.865937,0.0,0,0.0026069123,0.2580074199,0.2596948581484151,Train
FAKLOU_clean,9.12795,8.03305,9.12795,0.879649,1631.51,1854.72,0.0,0.0,0.6538,0.743251,0.0,0,0.0022490642,0.2319831189,0.2179229284647029,Test
FAKLUA_clean,9.01677,8.0299,9.01677,0.819291,1611.05,1966.39,0.0,0.0,0.6454,0.787754,0.0,0,0.0030914864,0.3021062276,0.3035093602382101,Test
FAKMAH_clean,8.51474,7.6757,8.51474,0.756909,1726.74,2281.31,0.0,0.0,0.6586,0.870118,0.0,0,0.0027261074,0.2871544684,0.2721160372020653,Train
FAKNIR_clean,7.731,5.84497,7.731,0.960238,2118.84,2206.58,0.0,0.0,0.6484,0.675249,0.0,1,0.0027552526,0.2776327965,0.2725118902461053,Test
FALBAX_manual,16.15249,9.49143,16.1486,0.447193,2181.58,4878.38,0.0,0.0,0.8038,1.79743,0.0,0,0.0028580256,0.2736220538,0.2827804453203923,Train
FALDAA_clean,6.52279,5.33991,6.32184,1.08899,1435.02,1317.76,0.0,0.0,0.579,0.531688,0.0,1,0.0025883767,0.2540251241,0.245206801987329,Test
FALLOT_clean,5.47116,3.44168,5.42276,1.84097,1146.35,622.691,0.0,0.0,0.5828,0.316572,0.0,1,0.0011113003,0.1099274296,0.10778984908161052,Test
FALPOY_clean,5.64075,4.31698,5.64026,1.89914,1788.53,941.762,0.0,0.0,0.5702,0.300242,0.0,1,0.0098030503,0.7913144987,0.7889213737420674,Train
FALVOF_clean,6.65756,4.5203,6.48608,1.39374,1687.85,1211.03,0.0,0.0,0.5882,0.422031,0.0,1,0.0010656348,0.1103727722,0.10968122325115531,Train
FAMPUH_clean,14.29727,6.50644,14.29727,0.67257,2359.31,3507.91,0.0,0.0,0.7568,1.12524,0.0,1,0.0035067241,0.3357605689,0.338576725372061,Test
FAMQAO_clean,14.19972,6.54893,14.18609,0.666736,2302.24,3453.0,0.0,0.0,0.7576,1.13628,0.0,1,0.0034533222,0.327384101,0.3315280137900225,Train
FAMQES_clean,13.92314,6.55268,13.92314,0.674226,2354.83,3492.63,0.0,0.0,0.7532,1.11713,0.0,1,0.0034482363,0.3392088053,0.3333238660916962,Test
FANCIJ_clean,8.52966,7.16955,8.46063,1.09037,1242.28,1139.32,72.6595,66.6376,0.5784,0.530463,0.0,0,0.0028052509,0.2761054776,0.2715832392697946,Test
FANCOP_clean,8.31522,6.68432,8.30333,1.04032,1268.68,1219.51,89.2086,85.7514,0.5834,0.560791,0.0,0,0.0036136166,0.3459652352,0.3409190138175279,Test
FANDEG_clean,8.58478,6.98003,8.57286,1.05217,1307.67,1242.83,85.7897,81.5358,0.5892,0.559985,0.0,0,0.0032484459,0.3213398488,0.312409821073714,Test
FANQER_clean,5.21362,4.0339,5.21362,1.50842,1029.25,682.337,0.211472,0.140194,0.5204,0.344996,0.0,1,0.0005199161,0.0526989223,0.05324039824106491,Train
FAPXEC_clean,7.23633,7.07944,7.22228,1.10849,1601.62,1444.86,0.0,0.0,0.5964,0.538029,0.0,0,0.0034849034,0.3379522254,0.3405228744932482,Test
FAPXIG_clean,7.25163,7.0872,7.25163,1.12925,1578.62,1397.94,0.0,0.0,0.5966,0.528317,0.0,0,0.0036858218,0.3537958724,0.35779982047155395,Train
FAPXOM_clean,7.22558,7.07954,7.22145,1.12985,1598.05,1414.39,0.0,0.0,0.5978,0.529098,0.0,0,0.0035680928,0.3566779677,0.3438245863704119,Test
FAQGEL_clean,5.35554,3.64691,5.34801,1.44151,1313.99,911.54,0.0,0.0,0.536,0.371832,0.0,1,0.0033354799,0.319427794,0.30990286883969426,Train
FAQGIP_clean,5.30496,3.71196,5.30496,1.22203,1264.33,1034.61,0.0,0.0,0.5172,0.423229,0.0,1,0.0037022984,0.3555230266,0.34555318307955846,Test
FAQLUH_clean,7.25665,7.09719,7.24714,1.10687,1602.27,1447.57,0.0,0.0,0.5958,0.538276,0.0,0,0.0033135886,0.3426814152,0.31898118312271906,Test
FARBIL_clean,6.5257,5.85477,6.5257,1.16183,1319.81,1135.97,0.0,0.0,0.544,0.468226,0.0,0,0.0031662948,0.2946760715,0.3015247601407598,Test
FARFIO_clean,9.12316,6.55123,9.12316,1.31137,1730.77,1319.82,0.0,0.0,0.6458,0.492464,0.0,0,0.0012165754,0.1164416664,0.12250175684813955,Test
FARFOU_clean,8.96134,6.03917,8.96134,1.3138,1736.65,1321.85,0.0,0.0,0.6496,0.494443,0.0,0,0.0011790511,0.1226410658,0.11597360069963389,Train
FARFUA_clean,8.43305,5.99885,8.43305,1.37514,1658.2,1205.84,0.0,0.0,0.6292,0.457553,0.0,0,0.0011198023,0.120705605,0.11315516368014245,Test
FARHIR_ion_b,6.8791,5.35126,6.8791,1.62906,838.805,514.901,0.0,0.0,0.3778,0.231913,0.0,1,0.0029158695,0.2569472589,0.2607260685758443,Test
FARHOX_ion_b,6.26684,3.62781,6.26416,1.63231,1189.76,728.882,0.0,0.0,0.5338,0.327022,0.0,1,0.0027739522,0.2582504285,0.2556713687585068,Train
FASHAK_clean,5.67537,4.91896,5.66915,1.31877,1672.64,1268.34,0.0,0.0,0.5816,0.441018,0.0,1,0.0015531279,0.1506008454,0.1554944682037951,Train
FASHOX_clean,5.79545,4.39914,5.79038,3.73156,1762.91,472.433,0.0,0.0,0.572,0.153287,0.0,1,0.0009016547,0.0862397226,0.08628301876240102,Test
FASVIH_clean,7.36263,6.76595,7.35007,1.28937,1714.12,1329.42,0.0,0.0,0.6144,0.476511,0.0,1,0.0019155522,0.1874266778,0.18687663299976193,Test
FASYUU_charged,5.1995,4.26246,5.17527,1.9801,586.64,296.268,0.0,0.0,0.4562,0.230392,0.0,0,0.0013883264,0.1238932765,0.1247643254570697,Test
FATKAO_clean,4.65609,3.80909,4.65088,1.95034,1014.02,519.916,0.0,0.0,0.465,0.238419,0.0,1,0.0010133652,0.0972548564,0.09970864853851141,Test
FATKES_clean,4.81739,3.70783,4.8165,1.82727,1025.9,561.439,0.0,0.0,0.4878,0.266955,0.0,1,0.0010201732,0.1001465172,0.09987230223491053,Train
FATKIV_clean,14.84172,10.48506,14.13115,0.799535,924.965,1156.88,197.216,246.664,0.6364,0.795963,0.0,1,0.0018214226,0.176860139,0.18393880287100567,Test
FATKIW_clean,4.92999,3.7145,4.92517,1.89194,1016.62,537.341,0.0,0.0,0.477,0.252122,0.0,1,0.0011140366,0.1035000363,0.1081019686996394,Train
FATKOC_clean,4.67985,3.79401,4.65705,1.90793,1011.46,530.135,0.0,0.0,0.4774,0.250219,0.0,1,0.0010357124,0.1002342629,0.10173189871975594,Train
FATKUI_clean,4.71614,3.90797,4.71614,1.76449,1087.25,616.182,0.0,0.0,0.4914,0.278494,0.0,1,0.0009818326,0.101327886,0.10053330653170348,Train
FATLUJ_clean,5.42171,4.28978,5.42171,1.20951,1168.02,965.69,4.12251,3.4084,0.5226,0.432074,0.0,1,0.0016031974,0.1516385464,0.15534172307305644,Test
FATQID_clean,11.53016,8.55287,11.53016,0.606791,2204.88,3633.67,0.0,0.0,0.8008,1.31973,0.0,1,0.0020692266,0.2093350958,0.20869678291991073,Test
FATVOM_clean,4.53669,4.03212,4.53669,1.59797,796.91,498.701,0.0,0.0,0.4212,0.263584,0.0,1,0.0029879648,0.2654105795,0.2667683135694585,Train
FAVFUG_clean,6.83841,4.77149,6.83841,1.02578,1903.53,1855.69,0.0,0.0,0.6082,0.592913,0.0,0,0.0033895924,0.322318026,0.3303291997817054,Train
FAVGAN_clean,5.57142,4.50196,5.49969,1.52705,956.016,626.056,0.0,0.0,0.4838,0.316821,0.0,1,0.0012586519,0.1215993621,0.12451440910045436,Train
FAVGER_clean,5.35311,4.52327,5.34725,1.54964,901.531,581.768,0.0,0.0,0.481,0.310395,0.0,0,0.001162915,0.1112906605,0.11164940038048074,Train
FAVGIV_clean,4.89361,4.27611,4.89361,1.63035,784.518,481.195,0.0,0.0,0.4718,0.289385,0.0,1,0.0011813497,0.1135053047,0.10874008741699129,Test
FAVGOB_clean,4.8913,4.26213,4.88425,1.63875,774.721,472.75,0.0,0.0,0.4632,0.282654,0.0,1,0.0012200491,0.1155879428,0.11434048285624085,Test
FAVGUH_clean,4.86763,4.2119,4.84866,1.64912,773.676,469.146,0.0,0.0,0.4688,0.284274,0.0,1,0.0012441908,0.1129280759,0.11743424348814299,Train
FAVHAO_clean,4.95666,4.40143,4.92219,1.63957,784.566,478.52,0.0,0.0,0.4652,0.283733,0.0,1,0.0012594134,0.1182782993,0.11740620530320417,Train
FAVHES_clean,4.81694,4.18094,4.81252,1.69685,756.814,446.011,0.0,0.0,0.4616,0.272033,0.0,1,0.0011425257,0.1117805985,0.10512363752565165,Test
FAVHIW_clean,4.93663,4.37848,4.91876,1.68898,774.259,458.419,0.0,0.0,0.459,0.271762,0.0,1,0.0012794689,0.1228909865,0.11918804242445188,Test
FAVKAP_clean,6.87609,5.10388,6.87609,1.0919,2445.17,2239.37,0.0,0.0,0.6468,0.592361,0.0,1,0.0023733625,0.2475032234,0.23737829783090408,Train
FAWCEN02_SL,11.41573,3.43573,11.41573,0.924186,1463.4,1583.45,0.0,0.0,0.6478,0.700941,0.0,0,0.0014726887,0.1499579536,0.15096154658159514,Test
FAYPAY_clean,12.90794,5.24047,12.8925,0.673936,2011.51,2984.72,0.0,0.0,0.742,1.10099,0.0,1,0.0025670713,0.2441182457,0.2508965083313012,Test
FAYPEC_clean,11.32938,4.75784,11.28719,0.745804,1782.19,2389.63,0.0,0.0,0.6898,0.924908,0.0,1,0.0022638464,0.2320562993,0.22656020113754394,Test
FAYPIG_clean,11.51198,6.01308,11.45567,0.74228,1782.59,2401.5,0.0,0.0,0.7098,0.956244,0.0,1,0.0021970473,0.2273655359,0.21767589846794044,Test
FAYPOM_clean,8.33734,7.34032,8.33734,0.888945,1770.92,1992.16,0.0,0.0,0.637,0.71658,0.0,0,0.0022230759,0.2232848228,0.2191263807598401,Train
FAYQAZ_clean,13.25092,5.37829,12.95797,0.797039,1583.25,1986.41,0.0,0.0,0.6806,0.85391,0.0,1,0.001931814,0.1963538589,0.1874832970299602,Test
FAYQED_clean,12.559,10.1499,12.53561,0.533674,1990.43,3729.68,0.0,0.0,0.7818,1.46494,0.0,1,0.0032321701,0.3167790153,0.31595231833394677,Test
FAYQUT_clean,11.36736,8.26719,11.16554,0.777904,1704.81,2191.54,0.0,0.0,0.681,0.875429,0.0,1,0.0028254672,0.2647049054,0.2753980048516575,Test
FAZFET_clean,6.57316,4.4573,6.55727,1.65256,1476.29,893.337,1.47172,0.89057,0.5356,0.324103,0.0,1,0.0009062651,0.0890218967,0.0905656663268852,Train
FAZPED_clean,7.63868,5.99081,7.63868,1.64589,749.747,455.527,0.0,0.0,0.4048,0.245946,0.0,1,0.0011881032,0.1140547454,0.11120578871199754,Train
FAZRAA_charged,5.45459,4.79592,5.43006,1.5554,801.166,515.086,0.0,0.0,0.4652,0.299087,0.0,0,0.0038195237,0.3426686779,0.33449541159602814,Train
FAZZEM_clean,5.74693,4.41081,5.68235,2.16525,873.054,403.211,0.0,0.0,0.4638,0.214201,0.0,1,0.0005719975,0.0549093579,0.05536924662832654,Train
FEBPUY_clean,5.08924,4.38524,5.07804,1.23823,1158.3,935.44,0.0,0.0,0.5392,0.435459,0.0,1,0.003466301,0.3171200315,0.32655646946393374,Train
FEBXIV_clean,17.28638,15.74639,17.27933,0.293688,1491.04,5076.95,0.0,0.0,0.8788,2.99229,0.0,1,0.0030074479,0.3000151137,0.3057707973569745,Train
FECCIZ_clean,4.99663,3.47947,4.98801,1.68897,855.07,506.267,0.0,0.0,0.478,0.283012,0.0,0,0.0521907537,2.4137559265,2.4069512958839683,Train
FECKAA_clean,5.54178,3.96898,5.52138,0.97764,1036.11,1059.8,74.179,75.8756,0.5832,0.596539,0.0,1,0.0041227921,0.3730040152,0.3814415884696362,Test
FECXAO_clean,5.79137,4.59346,5.79018,0.989543,1846.09,1865.6,0.0,0.0,0.6174,0.623924,0.0,0,0.0042133831,0.4204568149,0.4080589541215496,Test
FECXES_clean,10.76463,6.58995,10.58338,0.833076,2133.05,2560.44,0.0,0.0,0.7044,0.845541,0.0,1,0.0041938301,0.379669985,0.3842016299745409,Test
FECXUI_clean,10.09798,5.67724,10.08611,0.924829,2051.69,2218.46,0.0,0.0,0.69,0.746084,0.0,1,0.0031176853,0.2872653933,0.3009439532775209,Test
FECYUJ_clean,9.54146,5.39642,9.54146,0.925869,2090.23,2257.59,1.94532,2.10107,0.6792,0.733581,0.0,1,0.0032008818,0.3044913081,0.3107664241646162,Test
FECZAQ_manual,8.47974,5.36674,8.47974,0.984083,2012.57,2045.13,0.0,0.0,0.6646,0.67535,0.0,0,0.0023066034,0.2313140951,0.22454172351038057,Train
FEDBEX_clean,5.54956,5.03901,5.54956,1.56747,1415.29,902.91,0.0,0.0,0.5562,0.354839,0.0,0,0.0010909891,0.1076863362,0.10927961867006078,Test
FEDJUU_charged,3.91214,3.63395,3.91214,1.48389,192.255,129.562,0.0,0.0,0.37,0.249345,0.0,0,0.0003554132,0.038347161,0.037350177368103255,Train
FEFCUQ_clean,8.87571,6.35025,8.74283,0.77796,2120.63,2725.88,0.0,0.0,0.673,0.865083,0.0,0,0.0029155957,0.296763665,0.28594549694745164,Test
FEFDAX_clean,7.78612,6.37885,7.6796,0.828568,2134.58,2576.23,0.0,0.0,0.6746,0.814176,0.0,0,0.0030586545,0.284552101,0.2991575970007142,Train
FEFDEB_manual,13.10906,11.59751,13.10906,0.53928,2135.2,3959.36,0.0,0.0,0.77,1.42783,0.0,0,0.0022117366,0.2214587619,0.21934096623936394,Test
FEFZOF_clean,4.86334,3.89341,4.85268,1.78217,1115.48,625.914,0.0,0.0,0.5442,0.305359,0.0,1,0.0017392481,0.1619231994,0.16614621941450142,Test
FEGNIQ_clean,7.13681,4.81158,7.13681,1.15152,1310.71,1138.24,0.0,0.0,0.528,0.458524,0.0,0,0.0020955799,0.2118841939,0.20178818415996924,Test
FEHCIG_manual,7.75569,7.04294,7.74271,0.956692,1636.76,1710.86,0.0,0.0,0.6308,0.659355,0.0,0,0.002531254,0.2518867851,0.2512884040113411,Train
FEJDII01_clean,5.11637,4.26776,5.11637,1.65956,1220.45,735.403,0.0,0.0,0.5874,0.353949,0.0,0,0.0031981163,0.2955559928,0.2974734228882681,Train
FEJDII_clean,5.18964,4.3206,5.16791,1.64976,1282.11,777.148,0.0,0.0,0.607,0.367932,0.0,0,0.0032260342,0.2996286465,0.29870442644638084,Test
FENROG_clean,5.38209,4.56613,5.38209,1.67781,1972.59,1175.69,0.0,0.0,0.6206,0.369888,0.0,1,0.000879908,0.089456492,0.08559853092271816,Train
FENVOL_charged,6.69079,4.0118,6.69079,1.28432,1495.32,1164.29,0.0,0.0,0.569,0.443036,0.0,1,0.0046006214,0.4144004148,0.41782417464479493,Train
FEQSIF_clean,9.23636,5.60978,9.22645,0.773392,2340.66,3026.49,0.0,0.0,0.7012,0.906656,0.0,1,0.0038617227,0.3602880808,0.36907066279012224,Train
FERHAN_clean,10.23981,6.40536,10.23981,0.784123,1831.24,2335.4,115.057,146.734,0.6978,0.889911,0.0,1,0.0036330278,0.3278449556,0.3407787501237514,Test
FERVEF_clean,4.50859,3.42442,4.50859,2.0439,895.257,438.014,0.0,0.0,0.5236,0.256177,0.0,1,0.0013766162,0.1378244336,0.13217129751163137,Train
FERVIJ_clean,4.83126,3.6773,4.83126,1.86686,1302.53,697.711,13.494,7.22817,0.5356,0.286899,0.0,1,0.0015345686,0.1515128345,0.15221321391988915,Train
FERVUV_clean,4.63344,3.59285,4.63329,1.52979,1125.91,735.991,2.57897,1.68584,0.5188,0.339132,0.0,1,0.0020362206,0.194192647,0.2009756494566304,Test
FERWAC_clean,4.92077,3.87767,4.92014,1.42345,1457.89,1024.2,0.0,0.0,0.5614,0.394393,0.0,1,0.0022740969,0.2286831159,0.21828602886643053,Test
FESTUT_clean,4.58957,3.56818,4.49102,1.91412,810.164,423.257,0.0,0.0,0.5446,0.284517,0.0,0,0.0044742682,0.3920363121,0.3947322910651864,Train
FEVNIE_charged,12.01697,4.5426,12.01697,0.722308,2109.6,2920.63,0.0,0.0,0.7314,1.01259,0.0,0,0.0021095546,0.228371695,0.20662190702073935,Test
FEVSAC_clean,4.70494,3.78141,4.69575,1.30344,385.722,295.926,85.5055,65.5998,0.4704,0.36089,0.0,1,0.0009526591,0.1012434947,0.09860236175004589,Train
FEVVIM_charged,5.22245,3.56324,5.13158,1.20459,851.067,706.522,0.0,0.0,0.5288,0.438989,0.0,0,0.0019478744,0.1959858235,0.18091016810806643,Test
FEWGUL_clean,4.38967,3.93713,4.357,1.63655,694.151,424.154,0.0,0.0,0.3828,0.233906,0.0,0,0.0028485009,0.2504687574,0.250825394957948,Train
FEWQIJ_manual,5.32147,5.14959,5.31527,2.34625,1158.3,493.681,0.0,0.0,0.4776,0.203559,0.0,1,0.0015332314,0.1453538335,0.1450580779664394,Test
FEWQOP_clean,5.35536,5.19712,5.35116,2.28568,1163.85,509.19,0.0,0.0,0.467,0.204315,0.0,1,0.0014707516,0.1456384317,0.1417821243059616,Train
FEWWOV_clean,6.50134,3.77167,6.50134,0.923858,1579.47,1709.64,0.0,0.0,0.5876,0.636029,0.0,0,0.0051085227,0.4618555298,0.4908829059328471,Test
FEWWUB_clean,13.46293,4.10343,6.99036,0.839472,1304.99,1554.54,374.213,445.771,0.6142,0.731651,0.0,0,0.0040801673,0.3652875014,0.3743714923478665,Test
FEXCES_clean,6.14892,5.48137,6.14892,1.01825,1528.57,1501.17,0.0,0.0,0.5802,0.569801,0.0,1,0.0048096014,0.437994576,0.44431182418790227,Train
FEYDET_clean,5.39172,4.60807,5.33792,1.74589,895.254,512.778,0.0,0.0,0.456,0.261185,0.0,0,0.0055237551,0.4532145483,0.4538493252873905,Test
FEYJOJ_clean,6.25646,4.72399,6.2395,0.913381,2517.97,2756.76,0.0586414,0.0642026,0.6538,0.715802,0.0,1,0.0034739342,0.3366502592,0.34283724808146776,Test
FEYQIK_clean,5.731,4.17822,5.71686,1.30044,1433.54,1102.35,0.0,0.0,0.5822,0.447694,0.0,1,0.0019816489,0.1862555507,0.19206947045964168,Train
FEZCOD_charged,6.55568,3.92352,6.55158,1.41054,548.517,388.871,0.0,0.0,0.4878,0.345826,0.0,1,0.0004726274,0.0463556148,0.04553187860824451,Train
FEZCUJ_charged,6.46053,4.06857,6.46053,1.4332,560.324,390.96,0.0,0.0,0.493,0.343986,0.0,1,0.0004706671,0.0453604028,0.042599540611627795,Train
FEZQEI_clean,5.828,5.10591,5.828,1.19338,806.933,676.177,0.0,0.0,0.487,0.408086,0.0,0,0.0011054068,0.1127487962,0.1086738431039409,Train
FEZREJ_clean,6.80795,5.29768,6.78405,1.3201,2032.7,1539.8,0.0,0.0,0.6256,0.473902,0.0,1,0.002772629,0.2604384755,0.2671382028292008,Test
FEZTIP_clean,5.60935,4.76331,5.55768,1.11089,1381.78,1243.85,0.0,0.0,0.563,0.5068,0.0,1,0.0034363683,0.3225974327,0.3269865589211453,Test
FIBHIJ_clean,5.3367,3.42361,5.26159,1.29192,845.674,654.588,0.0,0.0,0.5226,0.404515,0.0,1,0.0014904816,0.1476610906,0.14184176616250777,Train
FIBKEI_clean,12.33456,6.95883,12.32864,0.708252,2274.88,3211.97,0.0,0.0,0.7362,1.03946,0.0,1,0.0031552365,0.3186080005,0.3080433844080316,Test
FIDRIV_clean,15.99327,15.90265,15.99327,0.698397,1517.46,2172.77,0.0,0.0,0.7102,1.0169,0.0,1,0.0015022861,0.1483816635,0.14978615037791862,Test
FIFGAE_clean,7.43152,6.20566,7.41957,0.862729,2447.09,2836.45,0.0,0.0,0.7008,0.812306,0.0,1,0.0031252988,0.3113086627,0.3111449685504661,Test
FIFGEI_clean,16.15291,14.69313,16.15291,0.412792,1738.34,4211.18,0.0,0.0,0.8636,2.09209,0.0,1,0.002850138,0.2742520711,0.28144377959316974,Test
FIFGIM_clean,12.64493,7.03976,9.83966,0.68535,2218.22,3236.63,0.0,0.0,0.7642,1.11505,0.0,1,0.002970136,0.2866260485,0.29047830663794816,Train
FIFMIS01_clean,4.81383,4.49281,4.81367,1.28928,625.276,484.979,115.997,89.97,0.4752,0.368577,0.0,1,0.0036248728,0.3293008223,0.32664327564353435,Test
FIFMIS_clean,4.83064,4.51142,4.83037,1.28879,636.461,493.845,117.284,91.0034,0.48,0.372443,0.0,1,0.0034224745,0.3311704333,0.3170309848914274,Train
FIFMOX_clean,6.04512,4.24356,6.04078,0.977861,1901.41,1944.46,0.0,0.0,0.5916,0.604994,0.0,1,0.0023613857,0.2337595656,0.2331900189287201,Train
FIFMOY_clean,4.8407,4.42587,4.8407,1.29544,593.069,457.813,123.778,95.5491,0.468,0.361267,0.0,1,0.0035734156,0.324215709,0.3248706588597988,Train
FIFMUD_clean,5.99897,3.96607,5.98731,0.985465,1849.24,1876.51,1.01814,1.03316,0.5914,0.600123,0.0,1,0.0023651766,0.2249823683,0.23217670807753812,Test
FIFNUE01_clean,4.79076,3.93215,4.75885,1.01704,1531.07,1505.43,0.0,0.0,0.567,0.557502,0.0,1,0.0018259752,0.1882623108,0.18313196464748138,Train
FIFNUE_clean,4.8017,3.95118,4.74576,1.02025,1565.01,1533.95,0.0,0.0,0.5802,0.568687,0.0,1,0.0020422091,0.1987162855,0.20428648750763587,Train
FIFPAM01_clean,4.73813,3.78761,4.73813,1.03017,1649.03,1600.74,0.0,0.0,0.5794,0.562433,0.0,1,0.0018623965,0.1982744181,0.18770311938603618,Test
FIFPAM_clean,4.72449,3.84654,4.62424,1.03535,1611.82,1556.78,0.0,0.0,0.5846,0.564637,0.0,1,0.0016673392,0.1661434025,0.166335589315057,Test
FIHFAF_clean,6.24558,4.36754,6.24558,1.21214,1512.33,1247.65,0.0,0.0,0.5622,0.463807,0.0,1,0.0029254119,0.2834048837,0.27726267708104996,Train
FIHRIZ_clean,6.70189,5.92513,6.34809,1.0601,1583.25,1493.5,0.0,0.0,0.594,0.560326,0.0,0,0.0034738324,0.3432775865,0.3366104746598975,Train
FIJCUX01_clean,7.34002,6.13056,7.33722,1.22326,1581.46,1292.83,0.0,0.0,0.608,0.497033,0.0,1,0.0026206205,0.2542897232,0.2536885825797144,Test
FIJDIM01_clean,5.82926,5.08135,5.82926,1.24507,1266.69,1017.36,0.0,0.0,0.5318,0.427125,0.0,1,0.0035309066,0.3229342355,0.32502364015589474,Test
FIJDIM02_clean,5.85717,5.09946,5.85717,1.24136,1271.74,1024.47,0.0,0.0,0.5328,0.429205,0.0,1,0.0035294976,0.3231004953,0.32514607769057546,Test
FIJDIM03_clean,5.87678,5.11703,5.87678,1.23925,1279.62,1032.57,0.0,0.0,0.5332,0.430259,0.0,1,0.003570358,0.325208331,0.3263573090607333,Test
FIJDIM04_clean,5.91316,5.13983,5.91316,1.23456,1288.47,1043.66,0.0,0.0,0.5342,0.432705,0.0,1,0.003575994,0.3226806189,0.3317796885231002,Test
FIJDIM05_clean,5.94737,5.16221,5.94737,1.2314,1299.48,1055.29,0.0,0.0,0.534,0.433654,0.0,1,0.0033195594,0.3223213287,0.3077663164540489,Test
FIJDIM06_clean,5.98426,5.17875,5.98426,1.22798,1308.75,1065.77,0.0,0.0,0.5354,0.436,0.0,1,0.0034801833,0.3223368275,0.32657084219533034,Train
FIJDIM07_clean,6.01552,5.19329,6.01552,1.22701,1316.88,1073.24,0.0,0.0,0.5354,0.436345,0.0,1,0.0034463677,0.3171489592,0.32216741138884253,Test
FIJDIM08_clean,6.03525,5.21694,6.03525,1.22274,1324.94,1083.58,0.0,0.0,0.5378,0.43983,0.0,1,0.0033308313,0.3152693785,0.31013326681303105,Test
FIJDIM09_clean,6.04424,5.23566,6.03957,1.22037,1336.43,1095.1,0.0,0.0,0.5392,0.441833,0.0,1,0.0033843725,0.3182014681,0.3189444255286168,Test
FIJDIM10_clean,5.79441,4.98095,5.78067,1.23638,1249.85,1010.9,0.0,0.0,0.5298,0.428511,0.0,1,0.0032603822,0.3004764862,0.30272748827330426,Train
FIJDIM11_clean,5.83014,5.0814,5.83014,1.23386,1262.75,1023.41,0.0,0.0,0.5344,0.433111,0.0,1,0.0033463301,0.3104492542,0.30793665464692055,Train
FIJDIM12_clean,5.8948,5.11958,5.8948,1.23559,1318.02,1066.71,0.0,0.0,0.5368,0.434449,0.0,1,0.0034900461,0.3200796399,0.3257576917928614,Test
FIJDIM_clean,5.85157,5.09863,5.85157,1.24567,1280.47,1027.93,0.0,0.0,0.5282,0.424028,0.0,1,0.0034463677,0.3198330682,0.32028669913611535,Test
FIJDOS_clean,11.71715,10.90932,11.71715,1.21946,1612.88,1322.61,0.0,0.0,0.6614,0.54237,0.0,1,0.0022775141,0.2121011994,0.22602489727300884,Test
FIJDUY_clean,5.11347,3.64709,5.11347,1.4525,1805.45,1242.99,0.0,0.0,0.5992,0.412529,0.0,1,0.0016230276,0.1645153339,0.15706173710272514,Train
FIJFEK_manual,6.92559,6.57184,6.92559,1.58281,1548.76,978.488,0.0,0.0,0.5618,0.354939,0.0,0,0.0024378639,0.2415553158,0.23764810563241442,Test
FIJFUA_clean,6.58892,4.46794,6.58892,1.28412,1352.77,1053.46,0.0,0.0,0.5288,0.4118,0.0,1,0.002301869,0.2331245248,0.2202818863045349,Test
FIJXUR_clean,7.39108,4.72102,7.39108,1.5002,1093.27,728.749,0.0,0.0,0.506,0.337289,0.0,1,0.000543847,0.0510444581,0.054788218515650716,Train
FIJYED_clean,4.73259,3.98746,4.61177,1.90177,745.293,391.895,0.0,0.0,0.4318,0.227052,0.0,0,0.0487254811,1.7957810026,1.7938959691457423,Train
FIJZEE_clean,7.37726,6.47542,7.37726,1.82096,874.8,480.405,0.0,0.0,0.4718,0.259093,0.0,0,0.007641317,0.6147243174,0.614335462776552,Train
FILYEG_clean,7.61133,5.3287,7.60971,1.06942,1916.91,1792.48,0.0,0.0,0.6258,0.585176,0.0,1,0.0017427691,0.1811892593,0.17707488508236147,Test
FIMNIA_clean,8.67616,3.56541,8.61027,1.50156,1522.94,1014.24,0.0,0.0,0.6126,0.407975,0.0,1,0.000762602,0.0766218944,0.07780894375677408,Test
FIMXUW_clean,4.96245,3.57593,4.95367,2.04735,760.785,371.594,0.0,0.0,0.4152,0.202798,0.0,1,0.000974614,0.089652396,0.09369283408034398,Test
FIMZAE_clean,8.7496,5.24839,8.73677,1.17241,1659.79,1415.71,0.0,0.0,0.6,0.511765,0.0,1,0.0019812305,0.1888596369,0.19205004184181018,Test
FINQOK_clean,8.7337,4.60012,8.08289,1.3997,1628.14,1163.2,0.0,0.0,0.614,0.438665,0.0,1,0.0008544273,0.0876423657,0.08419290122794709,Test
FINQUQ_clean,8.681,4.51126,8.681,1.41696,1585.78,1119.14,0.0,0.0,0.6192,0.436992,0.0,1,0.000834796,0.0851398472,0.08424865741018431,Train
FIPJAR_clean,5.38201,3.65359,5.35586,1.48851,1135.66,762.952,0.0,0.0,0.5586,0.375274,0.0,1,0.0024861964,0.239678754,0.23651065774916497,Train
FIPKOG01_clean,6.5379,4.8064,6.53406,1.09146,1614.42,1479.13,0.0,0.0,0.5916,0.542026,0.0,0,0.0032851252,0.3075764951,0.3107037939038255,Test
FIPKOG_clean,6.55849,4.8515,6.50444,1.08595,1635.33,1505.9,0.0,0.0,0.5862,0.539805,0.0,0,0.0032504476,0.3046427696,0.3102029782436039,Test
FIPKUM_clean,6.35636,4.74684,6.35358,1.04617,1413.94,1351.54,0.0,0.0,0.5724,0.547139,0.0,0,0.0034210004,0.3344529529,0.3249330166334609,Test
FIPWOS_clean,5.20561,3.82141,5.20561,1.29023,881.425,683.154,0.0,0.0,0.5118,0.396674,0.0,0,0.0055747246,0.4773672635,0.47808129864545634,Test
FIPXAF_clean,4.65881,3.97386,4.65881,1.34738,766.026,568.53,0.0,0.0,0.4744,0.35209,0.0,0,0.0071981383,0.5897051573,0.5921819158834609,Train
FIPXEJ_clean,4.43579,3.68809,4.4295,1.35731,462.184,340.514,181.053,133.391,0.4954,0.364986,0.0,0,0.0028610925,0.2688312029,0.26527469630809297,Test
FIQYOU_clean,4.72303,3.65899,4.72303,1.75011,750.863,429.037,0.0,0.0,0.4464,0.255069,0.0,0,0.0022960888,0.2085299262,0.21236673440358844,Train
FIQYUA_clean,4.6258,3.62649,4.60025,1.85684,696.0,374.831,0.0,0.0,0.4364,0.235023,0.0,0,0.0012975056,0.124586957,0.12448223264593078,Train
FIQZAH_clean,4.65627,3.68934,4.65627,1.93416,700.399,362.121,0.0,0.0,0.45,0.23266,0.0,0,0.002510734,0.2339777689,0.2276939102694006,Test
FIRMUQ_clean,6.37918,5.90394,6.37918,0.804259,2580.98,3209.14,0.0,0.0,0.675,0.839282,0.0,1,0.0034087417,0.3176283814,0.3340861046671752,Test
FIRNAX01_clean,7.03668,6.10812,7.03668,0.718413,2358.57,3283.03,0.0,0.0,0.7048,0.981051,0.0,1,0.0028987962,0.3004850304,0.2846569306345692,Test
FIRNAX_clean,6.70534,6.02432,6.70378,0.728308,2391.07,3283.04,0.0,0.0,0.6994,0.960308,0.0,1,0.0031468475,0.3017058322,0.309830775230383,Train
FIRNIF_clean,6.7853,6.06191,6.78493,0.71467,2582.63,3613.74,0.0,0.0,0.693,0.969679,0.0,1,0.0029522975,0.3035808086,0.29740657311404395,Train
FIRNOL_clean,6.1215,5.54396,6.11958,0.794887,2656.05,3341.42,0.0,0.0,0.6666,0.838609,0.0,1,0.0036414501,0.3650803687,0.35536016057877506,Test
FIRNUR_clean,6.62054,6.03585,6.61701,0.714161,2609.57,3654.03,0.0,0.0,0.6944,0.97233,0.0,1,0.0034404797,0.3504914988,0.33704584366454143,Test
FIRPAZ_clean,7.15818,6.15135,7.14286,0.673811,2389.65,3546.47,0.0,0.0,0.7144,1.06024,0.0,1,0.0030781296,0.3029050869,0.30140964996996883,Test
FIRZOX_clean,8.47321,7.4886,8.47321,1.47389,1193.71,809.905,0.0,0.0,0.5488,0.372348,0.0,1,0.0005740449,0.0555177255,0.060219860682456355,Train
FITGEW_clean,9.86717,4.17287,8.68985,1.08823,1175.78,1080.45,0.0,0.0,0.5382,0.494564,0.0,1,0.0011664939,0.1182205141,0.11283803044101845,Test
FITHIA_clean,4.35737,3.84524,4.35737,1.27732,941.275,736.915,0.0,0.0,0.4314,0.337739,0.0,1,0.001616731,0.1603502372,0.15726980559864928,Train
FIVNAZ_clean,4.57167,3.52743,4.40749,2.12433,1354.32,637.526,0.0,0.0,0.5842,0.275004,0.0,1,0.0005185393,0.0601189557,0.05769574378709755,Train
FIVQOR_clean,4.63823,4.0753,4.63823,2.18775,1209.41,552.809,0.0,0.0,0.4796,0.219221,0.0,1,0.0194673261,1.2533801979,1.2510688878214438,Train
FIVYEP01_clean,5.69673,4.73568,5.69673,2.0333,1245.18,612.394,0.0,0.0,0.4572,0.224856,0.0,1,0.001044288,0.1040063391,0.09831291944137899,Train
FIVYEP_clean,5.69894,4.7333,5.69894,2.0333,1248.63,614.092,0.0,0.0,0.458,0.22525,0.0,1,0.0010846355,0.105765015,0.10720954784664019,Train
FIVYUF_clean,4.68091,3.50866,4.67789,1.41648,465.948,328.948,0.0,0.0,0.4326,0.305405,0.0,0,0.0020900909,0.1909531264,0.19511343535899953,Test
FIXVUE_clean,10.80219,6.73703,10.80219,1.60539,1740.78,1084.34,0.0,0.0,0.6236,0.388442,0.0,1,0.0003887332,0.0401440676,0.043541495322366064,Train
FIYDOH_clean,4.62011,3.85906,4.62011,1.58881,555.753,349.792,0.0,0.0,0.3874,0.24383,0.0,1,0.0013281099,0.1205191665,0.1205439128944128,Train
FIZPOV_clean,6.69877,5.40684,6.69877,0.878608,2365.02,2691.78,0.0,0.0,0.6734,0.766439,0.0,1,0.0046244948,0.4509753434,0.4488165136346921,Train
FOBNAN_clean,8.70901,6.58612,8.70709,0.867344,2020.64,2329.69,0.0,0.0,0.6644,0.766017,0.0,1,0.0027142556,0.2560202133,0.2611714959173406,Train
FOCZAA_clean,4.86095,4.4492,4.8459,1.39709,775.702,555.227,0.0,0.0,0.452,0.32353,0.0,0,0.0048450033,0.4197725903,0.41304574110332876,Test
FOFCOU_clean,4.8597,4.4269,4.8597,1.38069,783.577,567.528,0.0,0.0,0.4546,0.329257,0.0,0,0.004861722,0.4112357974,0.41422149262177066,Train
FOFHAK_clean,4.16875,3.58203,4.16875,2.15496,1011.75,469.5,0.0,0.0,0.4808,0.223114,0.0,1,0.009083072,0.7268978845,0.7293083495162351,Train
FOFTIF_clean,6.9711,4.44534,6.9711,1.09535,1552.88,1417.7,0.0,0.0,0.5846,0.533709,0.0,1,0.004322494,0.3948954476,0.4040993450082837,Train
FOFTUR_clean,6.77119,4.51348,6.77119,1.0583,1552.58,1467.05,0.0,0.0,0.588,0.555606,0.0,1,0.0037290496,0.3537944201,0.35563452941849727,Test
FOHCIP_clean,4.96285,4.14038,4.9303,1.87592,1245.59,663.988,0.0,0.0,0.5966,0.318031,0.0,1,0.0015701225,0.1532173072,0.14924399651002454,Test
FOHQUO_clean,4.34506,3.45753,4.34017,1.59314,531.012,333.311,0.0,0.0,0.4696,0.294764,0.0,1,0.0006170892,0.0613270767,0.06085111671667787,Train
FOJKIA_clean,5.14315,4.1527,5.13924,1.07093,1386.95,1295.08,0.0,0.0,0.5272,0.492281,0.0,0,0.0054825751,0.513282745,0.5038002196961859,Train
FOJLOH_clean,7.23927,6.67302,7.23927,0.822249,1870.22,2274.52,0.0,0.0,0.6338,0.770813,0.0,1,0.0032803677,0.3084235711,0.3147919899128729,Test
FOKWIN_clean,4.14624,3.73304,4.14504,1.37748,413.35,300.078,0.0,0.0,0.4306,0.312601,0.0,0,0.0017341378,0.1666312454,0.16787822537724645,Train
FOKYEL_clean,8.8968,8.56106,8.8968,1.19075,983.087,825.606,363.949,305.648,0.581,0.48793,0.0,1,0.0033517496,0.3093296247,0.31081294665882436,Test
FOKYIP_clean,5.79638,3.84056,5.66635,1.22762,1981.83,1614.37,0.0,0.0,0.5912,0.481583,0.0,1,0.0037634428,0.3520212132,0.3557927476067203,Test
FOLLEZ_clean,4.11323,3.75301,4.10779,1.67795,655.16,390.454,0.0,0.0,0.4424,0.263656,0.0,1,0.0057143831,0.4841595541,0.48294008902847696,Test
FOMWOV_clean,7.41662,4.5384,7.41662,0.990309,1837.3,1855.28,0.0,0.0,0.6302,0.636367,0.0,0,0.003122122,0.3110972652,0.3072094184215924,Train
FONKEA_clean,4.68396,3.93383,4.68242,1.69201,643.159,380.115,0.0,0.0,0.4636,0.273994,0.0,1,0.0017442939,0.1681258678,0.16463208312536473,Test
FONPUV_clean,5.63348,5.082,5.6238,1.54253,959.017,621.718,0.0,0.0,0.4556,0.29536,0.0,1,0.0020807337,0.1936764347,0.19711402430019376,Test
FONQIJ_clean,4.70842,3.66843,4.69527,1.05376,821.167,779.27,0.0,0.0,0.51,0.483979,0.0,1,0.0031642634,0.2965075545,0.29848330009326257,Test
FOPBAP_clean,5.87537,3.57797,5.87537,1.84319,650.747,353.054,0.0,0.0,0.4432,0.240452,0.0,1,0.0012663259,0.1164743656,0.11759261075069699,Test
FOQPAE_clean,6.29792,5.29972,6.23782,1.24637,1399.4,1122.77,0.0,0.0,0.5656,0.453796,0.0,1,0.002592056,0.2384146302,0.24472358001914998,Test
FORKUU_clean,13.26482,11.33443,13.26482,0.597503,2329.13,3898.11,0.0,0.0,0.7474,1.25087,0.0,0,0.0045284264,0.4490028656,0.44577875544395834,Train
FORPIM_clean,9.59156,4.26108,9.59156,1.02718,2184.13,2126.33,0.0,0.0,0.709,0.690238,0.0,1,0.0013286007,0.1246751736,0.1320124580430953,Test
FORPOS_clean,9.45347,4.25355,9.45336,1.03837,2182.11,2101.49,0.0,0.0,0.7034,0.677411,0.0,1,0.0011774332,0.1233105277,0.11855266724688235,Train
FORPUY_clean,9.42246,3.59342,9.42246,1.13071,1908.86,1688.19,0.0,0.0,0.6696,0.592195,0.0,1,0.0011980506,0.121635544,0.11566229319063084,Test
FORQAF_clean,9.35233,4.33657,9.35233,1.04043,2153.98,2070.28,0.0,0.0,0.6962,0.669144,0.0,1,0.0011243464,0.1182032462,0.11445042873430969,Train
FORQEJ_clean,9.63063,4.26523,9.63063,1.03635,2192.11,2115.22,0.0,0.0,0.6976,0.67313,0.0,1,0.0012081488,0.1244854012,0.12033960198405486,Train
FORQIN_clean,9.58088,4.20865,9.58088,1.06074,2156.73,2033.24,0.0,0.0,0.7006,0.660485,0.0,1,0.0012198372,0.1212008044,0.12248566154674262,Test
FORTIR_clean,7.46367,6.87207,7.46367,0.921652,1895.01,2056.1,0.0,0.0,0.6264,0.679649,0.0,1,0.0019525478,0.1928031047,0.1948722846741457,Test
FORTUD_clean,17.46562,10.38181,17.46523,0.786041,1513.55,1925.54,116.509,148.223,0.691,0.879089,0.0,1,0.0016486556,0.1675793586,0.17100686148615507,Train
FOSTUE_clean,13.09568,7.43748,13.09568,0.582855,2174.14,3730.15,0.0,0.0,0.7556,1.29638,0.0,0,0.003481417,0.336928457,0.34226754270050386,Test
FOTNIN_clean,33.62157,29.92948,33.55545,0.240324,765.124,3183.71,0.0,0.0,0.9206,3.83066,0.0,1,0.0033422974,0.3025383218,0.3370686037547465,Test
FOVPEN_clean,6.90856,3.45436,6.49799,1.14952,1115.5,970.402,0.0,0.0,0.525,0.45671,0.0,1,0.0016483393,0.151553612,0.15646466089217204,Test
FOVPOX_clean,5.86564,3.51663,5.02799,1.32713,811.807,611.702,0.0,0.0,0.504,0.379767,0.0,1,0.0017320616,0.1583432835,0.16338790047631546,Train
FOVPUD_clean,5.92888,3.43151,5.75387,1.33896,878.863,656.376,0.0,0.0,0.4994,0.372975,0.0,1,0.0017051884,0.15999225,0.16101043188609251,Train
FOWTOC_clean,5.29743,3.61946,5.29013,1.16444,1132.68,972.722,0.0,0.0,0.4982,0.427845,0.0,0,0.0026469861,0.2480457557,0.24753380012912618,Train
FOXHUX_clean,5.2601,3.59083,5.25053,1.14964,1141.44,992.863,0.0,0.0,0.4984,0.433527,0.0,0,0.002557194,0.2424609259,0.2419536126382998,Train
FOXNIQ_clean,5.68172,4.34787,5.68172,1.93205,592.227,306.527,51.4334,26.6211,0.4372,0.226288,0.0,1,0.0009893763,0.0886542895,0.09532377837134454,Test
FUBDAI_clean,8.13737,7.41793,8.13713,1.22976,2049.34,1666.45,0.0,0.0,0.6726,0.546935,0.0,0,0.0018584374,0.1833756939,0.18356758602382495,Train
FUBDEM_clean,8.59245,7.9025,8.57984,1.19129,2067.73,1735.7,0.0,0.0,0.6832,0.573495,0.0,0,0.0018511958,0.1830155929,0.18071836862676,Test
FUBDIQ_clean,8.11684,7.23133,8.11684,1.24691,2021.29,1621.04,0.0,0.0,0.6644,0.532838,0.0,0,0.0018511958,0.1821736016,0.1803385635276868,Test
FUBNOH_clean,4.81179,3.53828,4.81179,1.32608,706.882,533.061,0.0,0.0,0.4668,0.352014,0.0,0,0.0068652043,0.5710286239,0.5541383466472539,Test
FUDGES_clean,7.76038,5.54861,7.76038,0.846504,2469.98,2917.86,0.0,0.0,0.7118,0.84087,0.0,1,0.0029640379,0.2919070809,0.292097467015808,Test
FUDHAP_clean,7.29309,6.51816,7.28407,0.803706,2501.45,3112.39,0.0,0.0,0.7112,0.8849,0.0,1,0.0029433258,0.2929763857,0.29047847118191256,Test
FUDHET_clean,7.05179,4.74765,7.05179,0.905742,2494.35,2753.93,0.0,0.0,0.6642,0.733321,0.0,1,0.0034929353,0.3372677787,0.3458158941417643,Test
FUHMOM_clean,5.53443,4.01054,5.50524,1.19557,1378.79,1153.25,0.0,0.0,0.5554,0.464549,0.0,1,0.0054444842,0.4993724324,0.49059159154222665,Train
FUHNED_clean,6.48528,4.12203,6.4155,1.3617,1522.72,1118.25,0.0,0.0,0.5858,0.430197,0.0,1,0.0041020607,0.3827876343,0.3833503015961701,Test
FUHNIH_clean,5.52821,3.42388,5.52134,1.16361,1148.32,986.858,0.0,0.0,0.5352,0.459948,0.0,1,0.0044232047,0.4200411613,0.41396839555869935,Train
FULQOT_clean,5.67142,3.50634,5.66877,1.72182,1110.34,644.862,0.0,0.0,0.4972,0.288764,0.0,1,0.0030967677,0.2867931035,0.28682278940714334,Test
FULQUZ_clean,5.87633,5.25314,5.79727,1.51981,1332.09,876.486,0.0,0.0,0.5216,0.3432,0.0,1,0.0028316903,0.2712575631,0.26414292401252076,Test
FUMHOL_clean,4.68606,3.56586,4.60097,1.64124,1221.33,744.153,0.0,0.0,0.5528,0.336819,0.0,1,0.0004275408,0.0412038666,0.04151290155739182,Train
FUMJAA_clean,6.69521,5.2041,6.68616,1.12957,2214.41,1960.41,0.0,0.0,0.6298,0.557558,0.0,1,0.0028514243,0.2815998798,0.2754687650423499,Test
FUNBAS_clean,6.30412,4.59254,6.30412,1.11042,1258.26,1133.14,0.0,0.0,0.5296,0.476938,0.0,0,0.0034833426,0.3202942176,0.32781965597638973,Test
FUNCAT_clean,9.48772,8.77545,9.48772,0.930198,1473.55,1584.13,0.0,0.0,0.6084,0.654055,0.0,0,0.0031626858,0.2823380962,0.2967835219296013,Train
FUNCEX_clean,13.21557,12.47689,13.21557,0.543761,1970.91,3624.58,0.0,0.0,0.7842,1.44218,0.0,1,0.0027408613,0.2668170604,0.26552158869132236,Train
FUNFOL_clean,9.5586,7.20173,9.50846,0.864162,1603.61,1855.68,0.0,0.0,0.6396,0.740139,0.0,1,0.0024876987,0.2343939999,0.2480091358256849,Test
FUNGAY_clean,5.61963,3.40645,5.61963,1.09956,890.548,809.916,0.30381,0.276303,0.5202,0.4731,0.0,1,0.0021815652,0.2065625864,0.21464851240698046,Test
FUNLAD_clean,6.24379,4.83507,6.24379,1.06947,1236.73,1156.4,0.0,0.0,0.53,0.495574,0.0,0,0.0047600283,0.4385041869,0.42675779532585145,Train
FUQJUX_clean,12.69722,8.47633,12.65144,0.718278,2115.98,2945.9,0.0,0.0,0.7464,1.03915,0.0,1,0.0017525924,0.169945751,0.17729170953935341,Train
FURFIJ01_clean,4.13712,3.42264,4.1139,1.63785,320.686,195.797,0.0,0.0,0.4366,0.266569,0.0,1,0.0021305307,0.1964291097,0.19634898320524985,Test
FURFIJ_clean,4.1371,3.42264,4.11394,1.63785,321.866,196.518,0.0,0.0,0.4366,0.266569,0.0,1,0.0022742642,0.1990436038,0.20693084090455952,Train
FURFOP_clean,4.93892,3.56519,4.93892,1.22098,496.28,406.459,457.279,374.517,0.5202,0.42605,0.0,0,0.0047429463,0.4168159953,0.4054043011817853,Test
FURQOZ01_ion_b,9.28425,8.43309,9.28425,1.37609,1096.56,796.865,0.0,0.0,0.5274,0.383259,0.0,1,0.0006583093,0.069377915,0.06724953144357484,Test
FURQUF_ion_b,8.81158,7.98715,8.81158,1.41389,1094.82,774.331,0.0,0.0,0.5082,0.359435,0.0,1,0.0006908819,0.0694413459,0.06704576305078752,Test
FURRAM_clean,10.403,9.40744,10.403,1.04916,1635.25,1558.63,0.0,0.0,0.6366,0.606772,0.0,1,0.0010866202,0.0972632103,0.11254532433167727,Test
FURREQ_clean,10.33776,9.35961,10.33776,1.05489,1621.43,1537.05,0.0,0.0,0.6312,0.598353,0.0,1,0.0010271771,0.1004184511,0.10245127732547263,Test
FURRIU_clean,11.05152,9.97547,11.05152,0.995058,1664.82,1673.09,0.0,0.0,0.6552,0.658454,0.0,1,0.0010818648,0.1045438036,0.11112205940255365,Test
FURROA_clean,11.58923,10.47029,11.58875,1.00075,1596.28,1595.09,0.0,0.0,0.6602,0.659706,0.0,1,0.001105642,0.1074493833,0.11292110740443417,Train
FURRUG01_ion_b,7.84736,6.96591,7.84736,1.57752,739.057,468.494,0.0,0.0,0.4582,0.290456,0.0,1,0.0002456803,0.0251707826,0.02454556463135571,Train
FURRUG_ion_b,8.32809,6.43068,8.32781,1.55213,780.748,503.018,0.0,0.0,0.4718,0.30397,0.0,1,0.0004379518,0.045379129,0.04317169753720018,Train
FURSES_clean,5.13622,4.08548,4.9972,1.59979,1236.67,773.017,0.0,0.0,0.4932,0.30829,0.0,1,0.0024591387,0.2295052979,0.2299880069366779,Test
FUSGOR_clean,5.22313,4.14656,5.21824,1.4906,1212.59,813.493,0.0,0.0,0.5048,0.338655,0.0,1,0.0024467487,0.231668546,0.23255674014418323,Train
FUSMEM_clean,10.20459,9.2057,10.20459,1.06882,1617.37,1513.23,0.0,0.0,0.6304,0.589811,0.0,1,0.0010081553,0.0981881453,0.10018217870170532,Train
FUSMIQ_clean,10.44819,9.48819,10.44819,1.0407,1643.53,1579.26,0.0,0.0,0.6404,0.615354,0.0,1,0.0009701117,0.0997241555,0.10200536096771518,Train
FUSMOW_clean,10.54817,9.56428,10.54817,1.03431,1651.72,1596.94,0.0,0.0,0.643,0.621671,0.0,1,0.001010533,0.1022659433,0.10289157263289392,Train
FUSMUC_clean,10.39839,9.40181,10.39839,1.04415,1643.14,1573.66,0.0,0.0,0.6396,0.612553,0.0,1,0.0009463345,0.099961928,0.09463997611562322,Test
FUSNAJ_clean,10.8347,9.87565,10.8347,1.0024,1663.43,1659.45,0.0,0.0,0.6588,0.657225,0.0,1,0.0010509544,0.1093848513,0.11195415445949089,Test
FUSNEN_clean,10.85037,9.87705,10.85037,0.997622,1665.26,1669.23,0.0,0.0,0.6604,0.661974,0.0,1,0.0010010221,0.1072472767,0.10161907521739194,Train
FUSNIR_clean,11.70294,10.66498,11.70294,1.01253,1536.34,1517.33,0.0,0.0,0.6416,0.633661,0.0,1,0.0010129108,0.1042394549,0.10231064282857014,Train
FUSQUH_clean,6.74859,4.59542,6.74676,1.05193,1186.33,1127.76,0.0,0.0,0.5202,0.49452,0.0,0,0.0026673365,0.2569036665,0.250655475103021,Train
FUTCAZ_clean,6.78768,5.03504,6.78768,0.817663,2795.18,3418.5,0.0,0.0,0.708,0.865883,0.0,1,0.0017555886,0.1824038796,0.17948029496426696,Test
FUTDII_clean,10.10622,8.60837,10.10622,0.871632,1521.24,1745.28,0.0,0.0,0.6404,0.734713,0.0,1,0.0022887357,0.2207883599,0.22772861847438702,Test
FUTKEL_manual,6.71846,5.39444,6.71589,0.983709,1614.06,1640.79,0.0,0.0,0.5708,0.580253,0.0,1,0.0026330703,0.25204059,0.2544499210922753,Test
FUTYEA_clean,5.60643,4.51803,5.59058,1.0369,2090.75,2016.34,0.0,0.0,0.6318,0.609316,0.0,1,0.0043777742,0.4298551274,0.4268011160816131,Test
FUTYOK_clean,6.0154,4.82285,5.99433,1.02626,1867.85,1820.05,0.0,0.0,0.6442,0.627713,0.0,0,0.0038859754,0.3729083881,0.3733572821536191,Train
FUTYUQ_clean,7.46662,4.79581,7.42523,1.0101,2335.64,2312.29,0.0,0.0,0.6514,0.644887,0.0,1,0.0039371863,0.3747265891,0.37215330934976204,Train
FUTZAX_clean,6.70042,6.11185,6.67865,0.956816,2069.71,2163.12,0.0,0.0,0.6692,0.699403,0.0,1,0.0033330202,0.3202171105,0.3180388173691179,Train
FUTZEB_clean,5.24587,4.08263,5.23555,1.0782,1939.66,1798.98,0.0,0.0,0.611,0.566685,0.0,1,0.0048504617,0.4658010365,0.45442613974430435,Test
FUTZOK_clean,4.72075,4.28777,4.72075,1.63519,1202.62,735.465,19.983,12.2206,0.5424,0.331705,0.0,1,0.0017689492,0.1745138496,0.1704805368011007,Test
FUTZOL_clean,9.30232,6.36524,9.14367,0.891296,2041.5,2290.48,0.0,0.0,0.6794,0.762261,0.0,1,0.0027821002,0.2722476612,0.2714315014431773,Train
FUVBAB_clean,5.41797,4.41204,5.39267,1.02127,2112.61,2068.61,0.0,0.0,0.6324,0.619229,0.0,1,0.0044363824,0.4222640975,0.4266715216139564,Test
FUVDEH06_clean,6.60161,5.99656,6.60161,1.76662,404.855,229.169,0.0,0.0,0.3004,0.170042,0.0,1,0.0004699147,0.0458303566,0.04826755523788376,Train
FUVDEH07_clean,6.60769,6.00286,6.60769,1.79524,402.026,223.94,0.0,0.0,0.2898,0.161427,0.0,1,0.0005078927,0.0465894106,0.04995260154571679,Test
FUVDEH08_clean,6.59075,5.99281,6.59075,1.83217,393.9,214.991,0.0,0.0,0.278,0.151733,0.0,1,0.0004815613,0.0449523047,0.04880362661415116,Train
FUVFUZ_clean,6.56118,5.97328,6.56118,1.8467,394.83,213.803,0.0,0.0,0.2718,0.147181,0.0,1,0.0004916888,0.0451477649,0.049047289161217644,Test
FUVGAG01_clean,6.51649,5.95918,6.51649,1.88251,388.784,206.525,0.0,0.0,0.2612,0.138751,0.0,1,0.0004800422,0.0443588349,0.046383717976014316,Train
FUVGAG_clean,6.54806,5.98797,6.54806,1.86856,393.33,210.499,0.0,0.0,0.2642,0.141392,0.0,1,0.0004476343,0.0453736076,0.04385796340689299,Train
FUWFIO_clean,7.45171,4.92598,7.05573,1.06861,2012.96,1883.72,0.0,0.0,0.6538,0.611823,0.0,1,0.0022373273,0.2202441155,0.21803279907396855,Train
FUWXOL_SL,4.76594,4.4337,4.74254,1.49774,1245.43,831.539,0.0,0.0,0.5154,0.344119,0.0,0,0.0106640811,0.826629808,0.8241688881130712,Train
FUWYAY_clean,4.00169,3.86741,4.00169,1.98354,581.815,293.322,0.0,0.0,0.4022,0.202769,0.0,1,0.00138332,0.1294325374,0.13295742324062718,Test
FUXCOS_clean,4.8198,4.16045,4.8198,1.4521,612.494,421.799,0.0,0.0,0.4284,0.295021,0.0,0,0.0021108885,0.1890383401,0.19110269095879645,Train
FUXXIH_clean,10.16266,8.68185,10.16266,0.899748,1582.07,1758.35,0.0,0.0,0.6434,0.715089,0.0,1,0.0016884219,0.16245838,0.1718802729567328,Test
FUYCEJ_clean,4.90132,3.779,4.87424,0.834486,2400.21,2876.28,0.217355,0.260466,0.6646,0.796418,0.0,0,0.0054522577,0.5311800761,0.5203533407089745,Test
FUYCIN_clean,11.38543,11.12419,11.3774,0.437316,1877.39,4292.99,0.0,0.0,0.832,1.90251,0.0,0,0.002746806,0.2609888913,0.2663881315996442,Train
FUYKER_clean,6.42799,4.66248,6.41167,1.2058,1179.26,977.987,0.0,0.0,0.5038,0.417814,0.0,1,0.0033226376,0.3132823113,0.3076064825798045,Train
FUZPUN_clean,4.74703,3.54387,4.71052,1.02013,1169.51,1146.44,0.0,0.0,0.5838,0.572282,0.0,0,0.0037481994,0.3574409626,0.35713200373054094,Train
GACBOE_clean,6.66763,4.36115,6.66763,1.04515,2329.85,2229.2,0.0,0.0,0.6722,0.64316,0.0,1,0.0037756665,0.3515520127,0.36248830228415563,Test
GACPUX_clean,5.9525,3.77259,5.85811,1.02185,1638.86,1603.82,0.0,0.0,0.614,0.600871,0.0,1,0.0033472298,0.3312904672,0.32374670989120896,Test
GACQAE_clean,8.56972,8.26373,8.56972,0.874357,2020.35,2310.67,0.0,0.0,0.694,0.793726,0.0,1,0.0028717594,0.2858946967,0.27926204267124827,Test
GACVIS_clean,7.02111,6.32962,7.02111,1.11473,2097.73,1881.83,0.0,0.0,0.6286,0.563903,0.0,1,0.0031107868,0.3000099572,0.2993329218065244,Train
GADDOH_clean,8.41895,4.83802,8.38301,1.2132,1718.46,1416.47,0.0,0.0,0.6166,0.508243,0.0,1,0.0018950877,0.1858279278,0.18145529607355732,Train
GADFAV_clean,5.86066,4.67676,5.86066,1.79494,889.419,495.515,0.0,0.0,0.4512,0.251373,0.0,1,0.0027223355,0.2512390868,0.24012610725221342,Train
GADMAA01_clean,8.25017,6.95114,8.25017,1.49914,1053.4,702.671,0.37233,0.248363,0.576,0.38422,0.0,1,0.000569129,0.0560592106,0.05404075878329792,Test
GADMAA_clean,8.30223,7.00364,8.30223,1.50475,1042.04,692.502,0.0,0.0,0.5772,0.383584,0.0,1,0.0005835171,0.0574660465,0.057298497073343974,Test
GADNUX_clean,15.43787,6.70397,14.77017,0.729552,2339.56,3206.84,0.0,0.0,0.7494,1.02721,0.0,1,0.0031768606,0.3200697065,0.3111173470714175,Test
GADRAH_clean,6.6659,5.14076,6.6659,1.16041,1633.36,1407.57,0.0,0.0,0.5642,0.486207,0.0,1,0.0026625627,0.2586617922,0.25438151178221835,Train
GAFROX_clean,10.38317,5.82029,10.02176,0.765244,2450.36,3202.06,0.0,0.0,0.7244,0.946626,0.0,1,0.0037456015,0.3570065613,0.3610048388838114,Test
GAFRUD_clean,10.59453,5.69918,10.59344,0.768776,2454.62,3192.89,0.0,0.0,0.7144,0.929269,0.0,1,0.0031933975,0.3205470784,0.31057406112905234,Test
GAGQAI_clean,15.6839,9.81587,15.64212,0.743275,1280.66,1723.0,458.409,616.743,0.721,0.970032,0.0,1,0.0028694987,0.2834657775,0.2765632254043736,Train
GAGSUF_clean,13.27563,13.09101,13.27563,1.53244,1385.3,903.983,0.0,0.0,0.652,0.425465,0.0,1,0.0011139532,0.114919971,0.11258309201234304,Train
GAGZEV_clean,28.66522,11.53771,28.66522,0.279149,1594.77,5712.98,0.0,0.0,0.8816,3.15817,0.0,1,0.0030655034,0.3168167304,0.31598740881635895,Test
GAHWIX_clean,10.08038,7.17794,10.08038,0.589363,2617.83,4441.79,0.0,0.0,0.7728,1.31125,0.0,1,0.003121459,0.303041458,0.31050624042682967,Test
GAHXUL_clean,5.28974,3.50395,5.28106,1.05699,1056.2,999.25,0.0,0.0,0.5634,0.533021,0.0,1,0.0022528798,0.2169402096,0.2174242857824185,Train
GAJVEU_charged,6.73207,4.73018,6.72863,1.06231,1487.78,1400.51,0.0,0.0,0.5704,0.536941,0.0,0,0.0024335551,0.2239357868,0.2354870152351453,Train
GAJVIY_charged,5.63813,4.777,5.6237,1.03115,1429.11,1385.93,0.0,0.0,0.5626,0.545603,0.0,1,0.0036959517,0.3420212408,0.35071657307377224,Test
GAJYUN_clean,4.85568,4.28663,4.65881,1.5312,1091.56,712.879,0.0,0.0,0.5342,0.348877,0.0,1,0.0009368345,0.0934660166,0.09164681708216971,Test
GAJZAU_clean,4.80108,4.30234,4.80108,1.51624,1143.74,754.324,0.0,0.0,0.5456,0.359838,0.0,1,0.0009393959,0.0940388361,0.09298595165694395,Train
GAJZEY_clean,4.80464,4.28777,4.80464,1.53408,1142.39,744.678,0.0,0.0,0.5448,0.355132,0.0,1,0.0009653105,0.0946671379,0.09967361172058131,Test
GAJZIC_clean,4.74189,4.18269,4.74189,1.58149,1144.61,723.756,0.0,0.0,0.5442,0.344106,0.0,1,0.0010617977,0.0969937675,0.10726625968469869,Test
GAJZOI_clean,4.76043,4.22431,4.76043,1.6231,1140.51,702.673,0.0,0.0,0.5414,0.333559,0.0,1,0.0009982618,0.095987698,0.0969111157758463,Train
GAJZUO_clean,4.67022,4.137,4.66388,1.35819,1115.52,821.33,0.0,0.0,0.5302,0.390373,0.0,1,0.0013965476,0.1306204564,0.14015565602653224,Train
GAKBAX_clean,4.75047,4.21764,4.75047,1.60269,1138.62,710.445,0.0,0.0,0.5414,0.337808,0.0,1,0.0009676572,0.0990864126,0.09738261131558915,Train
GALCAZ_clean,7.51924,6.97754,7.50411,1.17363,1179.25,1004.78,0.0,0.0,0.5068,0.431822,0.0,1,0.002332695,0.2237408337,0.22761633197693731,Train
GALHOS_ion_b,10.40242,4.28813,10.40242,0.962357,1197.69,1244.54,67.8044,70.4566,0.5764,0.598946,0.0,0,0.0028667498,0.2549338498,0.26958221120845716,Test
GALJAG_clean,7.13587,6.98688,7.13339,0.8258,2198.4,2662.15,0.0,0.0,0.6726,0.814482,0.0,0,0.0035174829,0.359558506,0.345839232475216,Test
GAMFEI_clean,7.53059,4.20216,7.34521,1.13363,1510.82,1332.73,0.0,0.0,0.5782,0.510042,0.0,1,0.0020635084,0.2029446169,0.20107800430111433,Train
GAMXAV_clean,12.82817,4.31562,12.82817,0.868866,1783.25,2052.39,0.0,0.0,0.6754,0.777335,0.0,1,0.002928832,0.296248602,0.2818626165131828,Test
GAPNOD_clean,6.6565,4.84778,6.65444,1.74449,1900.25,1089.29,0.0,0.0,0.644,0.369162,0.0,1,0.0013970731,0.1259793827,0.1356331924814359,Train
GAQYIH_clean,20.25844,8.96976,15.7736,0.559917,2127.26,3799.24,0.0,0.0,0.8486,1.51558,0.0,1,0.0011738843,0.1237790204,0.12062997407995008,Test
GARLAP_clean,5.58892,4.38006,5.58663,1.1363,1527.33,1344.12,0.0,0.0,0.5756,0.506555,0.0,1,0.0044837629,0.4098391032,0.41915054346034686,Test
GARLET_clean,5.53835,4.38226,5.51111,1.15379,1524.15,1321.0,0.0,0.0,0.573,0.496625,0.0,1,0.004326313,0.4168113853,0.4127156272445216,Train
GARLIX_clean,5.51894,4.34952,5.51894,1.16479,1506.37,1293.26,0.0,0.0,0.5712,0.49039,0.0,1,0.0045509935,0.4179069913,0.43030625695591673,Test
GARLOD_clean,5.48563,4.3317,5.48563,1.18591,1487.56,1254.36,0.0,0.0,0.5682,0.479126,0.0,1,0.0044079957,0.4308627809,0.4188323689080907,Train
GARLUJ_clean,5.47258,4.30508,5.46713,1.19194,1490.51,1250.49,0.0,0.0,0.5688,0.477205,0.0,1,0.0045095525,0.4277622682,0.419917881032319,Train
GARMAQ_clean,5.4678,4.29561,5.44556,1.2061,1479.57,1226.74,0.0,0.0,0.5666,0.469779,0.0,1,0.0046808646,0.4285290024,0.43633125239955817,Train
GARQAU_clean,7.22233,4.73121,7.22233,1.05141,1110.85,1056.54,0.0,0.0,0.5324,0.50637,0.0,0,0.0039511908,0.3670088565,0.3608120907119452,Train
GARSUQ_clean,4.38052,3.88796,4.36788,1.61033,1121.78,696.613,0.0,0.0,0.4852,0.301304,0.0,1,0.0030668692,0.2737471362,0.28614987991040375,Train
GARTAX_clean,4.45838,3.94557,4.41836,1.61624,1125.98,696.667,0.0,0.0,0.4868,0.301193,0.0,1,0.0033022496,0.3196432346,0.3074824719211262,Train
GARTEB_clean,4.30272,3.79858,4.29463,1.63832,1104.37,674.089,0.0,0.0,0.4846,0.295792,0.0,1,0.0026687829,0.2432888625,0.24882027214682065,Test
GARTIF_clean,4.43647,3.87557,4.43647,1.65372,1132.95,685.091,0.0,0.0,0.471,0.284812,0.0,1,0.0030703035,0.2876403023,0.2881102960554569,Test
GARTUR_clean,11.12255,10.84777,11.12255,1.34756,1641.0,1217.75,0.0,0.0,0.6774,0.502685,0.0,1,0.001603062,0.152140018,0.1575887524912125,Train
GASSEB_clean,5.64924,4.02494,5.64854,0.918331,1776.39,1934.36,0.0,0.0,0.633,0.689294,0.0,1,0.0027158696,0.2582876951,0.2637493698761526,Test
GASSUR_clean,7.13166,6.36797,7.11779,1.0643,1692.45,1590.2,0.0,0.0,0.616,0.578785,0.0,1,0.0038482944,0.3624929456,0.3656276816808088,Test
GATBUZ_charged,6.90621,5.13941,6.90042,1.10396,1265.08,1145.95,0.0,0.0,0.542,0.490962,0.0,1,0.0026723887,0.2637318815,0.2525087909221467,Train
GATJIV_charged,12.96226,9.06013,12.96226,0.970833,859.66,885.487,164.952,169.908,0.5716,0.588772,0.0,0,0.0030430515,0.2816227174,0.28127858739628775,Test
GAVYAG_clean,5.30344,3.91416,5.17667,1.18769,1076.26,906.183,0.0,0.0,0.5266,0.443383,0.0,1,0.0071804254,0.6541272028,0.6314019052886313,Train
GAWCUF_clean,5.14591,3.62459,5.10569,1.20211,1101.2,916.058,0.0,0.0,0.5036,0.418931,0.0,0,0.0032113185,0.297534668,0.3039295883020463,Test
GAWLIB_clean,7.30469,6.9637,7.3003,1.77656,565.048,318.057,10.6196,5.97759,0.4542,0.255662,0.0,1,0.0004102255,0.0407394814,0.04201809036883827,Train
GAWMOJ_clean,9.85959,7.82076,9.85959,0.707147,2014.24,2848.41,0.0,0.0,0.7242,1.02411,0.0,1,0.0023794144,0.2366340213,0.23453078860092552,Test
GAXDIS10_clean,5.63603,3.80534,5.63603,1.31969,1996.73,1513.03,0.0,0.0,0.6636,0.502846,0.0,1,0.0008362422,0.0837678416,0.08340011490199065,Test
GAXKOH_clean,9.78617,8.86105,9.78617,0.959935,1692.37,1763.0,0.0,0.0,0.6186,0.644419,0.0,1,0.0019741841,0.1935538772,0.19180642479118398,Test
GAXQIH_clean,5.17093,4.52481,5.06299,1.36553,783.142,573.505,0.0,0.0,0.4372,0.320168,0.0,0,0.0018730287,0.1718043108,0.17287294388139435,Test
GAYFUJ_clean,5.68191,5.17685,5.68191,1.29989,1899.11,1460.97,0.0,0.0,0.6252,0.480962,0.0,1,0.0031124891,0.2884760579,0.29751719392842313,Test
GAYGAQ_clean_h,5.42545,4.61164,5.42545,1.32331,1222.55,923.858,0.0,0.0,0.5596,0.42288,0.0,1,0.0045457021,0.4133055361,0.4147490972293867,Test
GAYPED_clean,9.58074,6.82289,7.89267,0.900136,2106.29,2339.97,0.0,0.0,0.6514,0.723668,0.0,1,0.0034702228,0.3268131414,0.3324293026716233,Train
GAYTEH_ion_b,7.25944,3.65684,7.23718,1.37181,1135.72,827.897,0.0,0.0,0.497,0.362294,0.0,1,0.0012121246,0.1171875022,0.12264558285971172,Train
GAZLAW_clean,5.89078,3.42545,5.89078,1.13599,1083.97,954.205,0.0,0.0,0.5156,0.453877,0.0,0,0.0023554327,0.230334139,0.22716779041246607,Test
GAZZIS01_charged,11.17851,7.92037,10.89859,0.716256,1846.76,2578.36,0.0,0.0,0.6862,0.958038,0.0,0,0.002641315,0.2475946556,0.2574482368970729,Train
GAZZIS02_charged,11.20436,7.94034,11.20436,0.711008,1877.62,2640.79,0.0,0.0,0.6876,0.967078,0.0,0,0.0026867188,0.2581342525,0.2606452102857789,Train
GAZZIS03_charged,11.21713,7.9594,11.21713,0.708632,1875.04,2646.0,0.0,0.0,0.6888,0.972013,0.0,1,0.0026985632,0.2596977214,0.2629617982809503,Test
GAZZIS04_charged,11.31495,8.02511,11.31495,0.701206,1844.81,2630.91,0.0,0.0,0.6916,0.986301,0.0,1,0.0024281147,0.2417770507,0.2420168366561723,Train
GAZZIS05_charged,11.58602,8.06264,11.56229,0.694521,1834.07,2640.77,0.0,0.0,0.6964,1.0027,0.0,0,0.0024498295,0.2395187067,0.24194272700848868,Test
GAZZIS_charged,11.11626,7.91904,10.92252,0.721226,1877.77,2603.58,0.0,0.0,0.6858,0.950881,0.0,0,0.002795293,0.2636735125,0.27501059351993445,Test
GEBCAT_clean,7.82822,4.28279,7.82194,1.50818,1191.52,790.035,0.0,0.0,0.4616,0.306064,0.0,1,0.0007644645,0.0764242398,0.07837252333643213,Train
GEDDAW_clean,10.55388,8.11262,10.55388,0.996818,2113.88,2120.63,0.0,0.0,0.7028,0.705043,0.0,1,0.0013195816,0.134670542,0.13054771893981218,Test
GEDDEA_clean,10.13591,3.81582,10.13591,1.29721,1601.1,1234.26,0.0,0.0,0.591,0.455593,0.0,1,0.0018625599,0.1806349754,0.17909723584720103,Train
GEDQIR_clean,6.54643,4.98654,6.54643,1.05474,2262.59,2145.17,0.0,0.0,0.6334,0.600529,0.0,1,0.0030911765,0.3097685887,0.3019253501301268,Train
GEDQOX_clean,6.45005,4.67913,6.43264,1.07947,2326.66,2155.37,0.0,0.0,0.632,0.585473,0.0,1,0.0035022129,0.3467007374,0.3376249927286123,Test
GEDQUD_charged,5.25686,3.77734,5.24403,1.25709,1297.87,1032.45,0.0,0.0,0.5522,0.43927,0.0,0,0.0022321637,0.2167728334,0.21179973602709024,Train
GEDRAK_clean,5.77362,3.92842,5.19693,1.15636,2398.21,2073.93,0.0,0.0,0.6018,0.520425,0.0,1,0.0040232663,0.3847406979,0.37594262175038534,Test
GEDROY_clean,5.0096,3.45081,4.98262,1.23925,1556.79,1256.24,20.5089,16.5495,0.5694,0.459473,0.0,1,0.0028146056,0.2654240339,0.2735331555655621,Test
GEDRUE_clean,6.04452,4.23776,6.03554,1.11864,2304.55,2060.12,0.0,0.0,0.6118,0.546912,0.0,1,0.0039560336,0.3767537578,0.37373696291307384,Test
GEDSAL_clean,5.44628,3.82645,5.44628,1.17011,2237.72,1912.41,0.0,0.0,0.5966,0.509868,0.0,1,0.0042356606,0.3892789056,0.4037945394534215,Test
GEDSEP_clean,4.82283,3.73359,4.81042,1.38544,1023.08,738.448,0.0,0.0,0.5156,0.372155,0.0,1,0.0056832907,0.4953768921,0.49925710990954386,Train
GEDSOZ_clean,6.10424,4.23086,6.10424,1.10708,2330.43,2105.02,0.0,0.0,0.618,0.558223,0.0,1,0.0038208042,0.373260713,0.3661891182546544,Test
GEDSUF_clean,6.8646,4.02613,6.8646,1.20789,1460.83,1209.4,0.0,0.0,0.5606,0.464115,0.0,1,0.0042344122,0.390346817,0.3966015447542378,Test
GEDTAM_clean,6.16288,4.28316,6.16288,1.08963,2317.05,2126.45,0.0,0.0,0.629,0.577258,0.0,1,0.0037176631,0.3595131523,0.3598593062652211,Train
GEFYUN_clean,6.73786,6.27962,6.66229,1.04811,1399.46,1335.23,0.0,0.0,0.5478,0.522657,0.0,0,0.0014633441,0.1381915331,0.14364039585173266,Test
GEFZAU_clean,6.43441,5.83045,6.43102,0.991134,1373.29,1385.58,0.0,0.0,0.5466,0.55149,0.0,0,0.0013620203,0.1350207156,0.13286783238807245,Train
GEGDED_clean,10.73095,6.57358,10.72652,0.838883,2111.23,2516.71,0.0,0.0,0.6964,0.830152,0.0,1,0.0042479828,0.3783211802,0.392216194065501,Test
GEGGEG01_clean,4.4734,3.53731,4.46972,1.51151,780.594,516.434,0.0,0.0,0.4522,0.299171,0.0,1,0.0058665263,0.4868613061,0.4980567513689055,Train
GEGGIK01_clean,4.44976,3.51616,4.44506,1.53378,754.006,491.601,0.0,0.0,0.45,0.293393,0.0,1,0.0060728107,0.5044971105,0.5056202204585353,Train
GEGGIK_clean,4.4635,3.52722,4.4561,1.51854,764.891,503.702,0.0,0.0,0.4512,0.297128,0.0,1,0.0059017456,0.493792461,0.49433636999100405,Test
GEGGUW_clean,4.63719,3.51738,4.44195,1.53214,779.383,508.688,0.0,0.0,0.4588,0.29945,0.0,1,0.0061837047,0.504347462,0.5043326952282259,Train
GEGHAD_clean,4.65392,3.51526,4.65392,1.53055,804.048,525.333,0.0,0.0,0.4664,0.304727,0.0,1,0.0060166953,0.5043104765,0.5051119023504842,Train
GEJJEL01_clean,4.95342,3.83497,4.95342,1.99384,910.263,456.538,0.0,0.0,0.4388,0.220078,0.0,1,0.0007321409,0.0761196074,0.07030275035731123,Test
GEKVEZ_clean,4.60932,3.49419,4.2137,1.75988,1163.32,661.023,0.0,0.0,0.526,0.298883,0.0,1,0.0004715708,0.0483446618,0.047047282221598014,Train
GEPDEM_clean,4.09249,3.45067,4.09249,1.44433,525.305,363.701,0.0,0.0,0.487,0.33718,0.0,1,0.0014313015,0.1410089995,0.1396391109290435,Train
GERNOI_clean,6.93892,3.80818,6.45255,1.05982,1273.96,1202.05,0.0,0.0,0.5412,0.510651,0.0,0,0.0026278859,0.2543720875,0.2496742730360922,Test
GERPUP_clean,8.51519,7.38328,8.51519,1.47529,1095.68,742.686,1.06498,0.721878,0.5678,0.384873,0.0,1,0.0004803444,0.049777307,0.04910091930363775,Train
GERWEH_clean,9.16485,6.64251,9.16485,1.11428,1571.66,1410.47,39.9079,35.815,0.625,0.560902,0.0,1,0.004169123,0.364977131,0.39314205182125583,Test
GESBOW_charged,9.3261,6.791,9.3261,1.20544,1671.98,1387.02,0.0,0.0,0.5642,0.468044,0.000331829,1,0.0005631061,0.0545734831,0.05803558355910657,Train
GESBUC_charged,11.6643,6.15098,11.6643,1.20476,1631.32,1354.07,0.0,0.0,0.6028,0.50035,0.000664034,0,0.0005181665,0.0520063108,0.05400836953749136,Train
GESDUF_clean,7.63383,7.44692,7.63383,1.05439,936.707,888.384,0.0,0.0,0.5408,0.512901,0.0,1,0.0007751232,0.0797559146,0.07829733939483924,Train
GESFAN_clean,7.57798,7.34904,7.57798,1.05603,938.983,889.166,0.0,0.0,0.5286,0.500556,0.0,1,0.0007771316,0.0781715952,0.07782008182583439,Test
GESNOI_clean,6.41874,3.48818,6.41739,1.68473,668.393,396.736,0.0,0.0,0.4826,0.286455,0.0,1,0.0017144347,0.1637478347,0.15893851096425243,Test
GEVXIQ_clean,5.46888,4.61181,5.39982,1.67855,1326.24,790.111,0.0,0.0,0.5498,0.327545,0.0,1,0.0008538557,0.0836604074,0.08461933088151066,Train
GEWXAJ_clean,4.82967,4.48576,4.82967,1.6967,607.999,358.342,0.0,0.0,0.4016,0.236695,0.0,1,0.0024080641,0.2064597255,0.21420818447938503,Train
GEZRAG_clean,7.97174,5.12774,7.97032,1.15353,2068.35,1793.06,0.0,0.0,0.6172,0.535054,0.0,1,0.0015257186,0.1533548895,0.1527664771503534,Test
GEZYOB_clean,5.97203,4.53159,5.97203,1.47469,1908.41,1294.11,0.0,0.0,0.5414,0.367128,0.0,0,0.0015100703,0.1474445313,0.146560874977435,Test
GIDKOU_clean,4.78674,3.41448,4.67256,1.74547,701.395,401.837,0.0,0.0,0.4798,0.274883,0.0,1,0.0069763497,0.5564315241,0.5596264020031074,Train
GIFKEL_clean,4.63167,4.31957,4.63167,1.28045,1230.74,961.183,0.0,0.0,0.5428,0.423914,0.0,1,0.0027892789,0.2618025669,0.26992101956342146,Test
GIKQIC_clean,3.78387,3.47181,3.77533,1.63861,422.447,257.809,0.0,0.0,0.4372,0.266812,0.0,1,0.0013822902,0.1351640998,0.13005744476610742,Train
GIMSIG_clean,8.71143,5.70228,8.71143,1.44846,1502.61,1037.38,0.0,0.0,0.5786,0.399459,0.0,1,0.0023562337,0.2308338882,0.2263036958020831,Train
GINLIA_clean,6.39385,4.60431,6.39349,0.877136,2189.88,2496.63,0.0,0.0,0.6554,0.747205,0.0,1,0.0049427225,0.4495253204,0.46526008748947306,Train
GIQXEK_clean,5.02308,3.9389,5.02308,1.70666,1611.03,943.967,0.0,0.0,0.591,0.34629,0.0,1,0.0016099255,0.1584669228,0.15235312412030652,Test
GIQXIO_clean,4.89641,3.86855,4.89641,1.80531,1632.56,904.31,0.0,0.0,0.5842,0.323601,0.0,1,0.0017057932,0.1688717206,0.1656697524176014,Test
GIQXOU_clean,4.81089,3.81392,4.81089,1.85808,1583.35,852.141,0.0,0.0,0.5814,0.312903,0.0,1,0.0018317809,0.178720758,0.17663043015596142,Train
GIQXUA_clean,4.89316,3.86869,4.89316,1.79298,1637.93,913.522,0.0,0.0,0.5838,0.325603,0.0,1,0.0017793784,0.1728980866,0.17119551465018035,Test
GIQYAH_clean,4.79715,3.78414,4.66858,1.84797,1560.79,844.598,0.0,0.0,0.5808,0.31429,0.0,1,0.0017238322,0.1776141579,0.17255413283922655,Test
GIQYEL_clean,5.04966,3.95603,5.04926,1.69109,1647.45,974.192,0.0,0.0,0.5932,0.35078,0.0,1,0.0015118735,0.158138985,0.14639447394513977,Test
GIQYIP_clean,4.93593,3.90727,4.93593,1.7362,1686.39,971.31,0.0,0.0,0.5894,0.339477,0.0,1,0.0017288016,0.1722230705,0.17053363564607016,Train
GIQYOV_clean,4.65103,4.01588,4.65103,1.69435,1544.77,911.715,0.0,0.0,0.5744,0.339009,0.0,1,0.001177714,0.1215546242,0.11616740137094186,Test
GIQYUB_clean,4.85877,3.85756,4.85723,1.80735,1636.84,905.654,0.0,0.0,0.586,0.324231,0.0,1,0.0018481038,0.1735402135,0.17577661398758204,Test
GIRDUI_clean,4.42025,3.76528,4.4179,1.33231,513.764,385.618,0.0,0.0,0.4442,0.333405,0.0,1,0.0017254853,0.1667483494,0.16767263079746852,Test
GIRXUC_clean,9.02646,6.62876,9.00319,0.768463,2450.96,3189.43,0.0,0.0,0.7778,1.01215,0.0,1,0.0018725902,0.1899268781,0.1865283927736542,Test
GIRYAJ_clean,11.11776,6.67504,11.11673,0.856122,2399.62,2802.89,0.0,0.0,0.7336,0.856887,0.0,1,0.0021985964,0.220816843,0.21785310185577142,Train
GIRYEN_clean,4.46145,3.72288,4.46145,1.49644,287.06,191.829,0.0,0.0,0.4038,0.269841,0.0,1,0.0024804774,0.2073718194,0.21587218409303038,Test
GIRYUD_clean,4.50395,3.69554,4.50367,1.50379,303.721,201.971,0.0,0.0,0.4016,0.267059,0.0,1,0.0025771461,0.2139535173,0.2185159171154345,Train
GIRZAK_clean,4.21373,3.61145,4.21373,1.53199,237.412,154.969,0.0,0.0,0.4018,0.262273,0.0,1,0.0020535546,0.1786390966,0.18237859884338792,Train
GISMAY_clean,7.56113,5.5145,7.12706,1.15475,978.763,847.594,187.52,162.389,0.5516,0.477677,0.0,1,0.0027477329,0.2606245532,0.25900128676121986,Train
GISNED_clean,16.88394,10.60987,16.88394,0.446812,2036.44,4557.7,0.0,0.0,0.8226,1.84104,0.0,0,0.0025274615,0.2497973016,0.2537238814740395,Test
GISZUD_clean,6.49431,5.39638,6.48428,1.08851,2690.71,2471.91,0.0,0.0,0.726,0.666964,0.0,1,0.0010338471,0.1056358035,0.1001636335515248,Train
GISZUF_clean,5.98913,5.07662,5.983,1.31215,1025.01,781.164,0.0,0.0,0.5226,0.398277,0.0,1,0.0020303561,0.1935978659,0.19397678058128287,Train
GITPIK_clean,6.71051,5.85889,6.69498,1.05932,1949.1,1839.96,0.0,0.0,0.6024,0.568668,0.0,1,0.0032317528,0.3042233583,0.30770655942050423,Train
GITTUZ_clean,10.85901,8.03964,10.85901,1.03314,1392.4,1347.74,0.0,0.0,0.6084,0.588883,0.0,0,0.0022523172,0.2056026209,0.21675536696722503,Test
GITVEL01_clean,15.27666,13.37931,15.27666,0.777112,1815.11,2335.71,0.0,0.0,0.723,0.930368,0.0,0,0.0018823488,0.1881504381,0.18511726090432212,Test
GITVEL_clean,15.24588,13.37948,15.24588,0.777112,1827.71,2351.93,0.0,0.0,0.724,0.931654,0.0,0,0.0018882128,0.1875675551,0.18522951146033995,Test
GITWIQ_clean,5.04878,3.9878,4.84113,1.55276,984.517,634.043,0.0,0.0,0.443,0.285298,0.0,0,0.002444947,0.2330830285,0.22889270135853323,Test
GIVHIC_clean,5.68256,4.14915,5.67478,1.01525,1315.17,1295.41,0.0,0.0,0.5352,0.527158,0.0,0,0.0060131444,0.5658109708,0.5488793721137776,Train
GIVNIK_clean,7.21449,5.67473,7.21449,0.867445,2262.97,2608.78,0.0,0.0,0.6652,0.76685,0.0,1,0.0020350122,0.2019903533,0.20864174170617056,Test
GIVNOQ_clean,7.18513,5.72761,7.17339,0.897407,2341.84,2609.57,0.0,0.0,0.648,0.72208,0.0,1,0.002366804,0.2322374759,0.23555586210935486,Train
GIWBEU_charged,6.28733,3.84153,6.28733,1.07489,1634.17,1520.3,0.0,0.0,0.5726,0.532703,0.0,1,0.0025635258,0.2507275881,0.2492991160221773,Test
GIWBIY_charged,6.45593,4.24018,6.45593,1.07571,1743.16,1620.48,0.0,0.0,0.587,0.545689,0.0,1,0.0026674618,0.2493007352,0.2566833224137776,Test
GIWBOE_charged,6.1387,4.01365,6.12781,1.1355,1474.09,1298.19,0.0,0.0,0.537,0.472918,0.0,1,0.0028729646,0.272436915,0.2732909147245606,Test
GIWCAR_ion_b,6.05356,4.17814,6.05356,1.07197,1658.11,1546.78,2.02848,1.89228,0.5834,0.544229,0.0,1,0.002719572,0.2540331517,0.25645628576396795,Test
GIWCIZ_ion_b,5.12494,3.68789,4.86231,1.25758,738.946,587.595,101.966,81.0816,0.492,0.391229,0.0,1,0.0031289783,0.2802387278,0.2863315145293772,Train
GIWCOF_ion_b,6.18603,4.18536,6.1755,1.09485,1872.24,1710.03,0.0,0.0,0.5864,0.535596,0.0,1,0.0027247021,0.2613789533,0.2566177518929089,Train
GIXGOK_clean,17.36935,5.40179,17.36935,1.04037,1505.92,1447.48,0.0,0.0,0.6542,0.628815,0.0,0,0.0013623925,0.130441818,0.13139666675786818,Test
GIXNAE_clean,7.22845,6.88703,7.22003,0.852646,2024.04,2373.83,0.0,0.0,0.6572,0.770777,0.0,0,0.0024679393,0.2370272565,0.24444807012597455,Test
GIYSEN_clean,5.42608,5.04414,5.4195,1.45199,958.497,660.129,0.0,0.0,0.4968,0.342152,0.0,0,0.0022625122,0.2044936407,0.2098043850426396,Test
GIYSIR_clean,5.35034,4.96809,5.33586,1.46578,931.664,635.609,0.0,0.0,0.4966,0.338795,0.0,0,0.0022055748,0.2073704774,0.2030828133677125,Test
GIYSOX_clean,5.41931,4.91867,5.41931,1.46994,924.604,629.008,0.0,0.0,0.4898,0.333211,0.0,0,0.0022205583,0.1994037375,0.20397576977338117,Test
GIYSUD_clean,5.72746,4.12193,5.64984,1.21514,2074.82,1707.48,0.0,0.0,0.605,0.497886,0.0,1,0.0026722673,0.2591844488,0.2575019386935202,Train
GIYTAK_clean,5.85565,4.3241,5.81433,1.11314,2290.27,2057.49,0.0,0.0,0.6456,0.579983,0.0,1,0.0027292134,0.2488457766,0.26059828614946917,Test
GIYTIS_SL,6.15959,5.08946,6.15959,0.966844,2140.02,2213.41,0.0,0.0,0.6424,0.66443,0.0,1,0.0031064511,0.294681836,0.3026277032243645,Test
GIZXET_clean,4.75858,3.81827,4.66708,0.984908,1381.16,1402.32,0.0,0.0,0.5818,0.590715,0.0,0,0.0063315664,0.5752582587,0.5776840279659097,Train
GOBGAG_clean,17.26438,5.3381,17.26438,1.05121,1516.89,1443.0,0.0,0.0,0.6532,0.621382,0.0,0,0.0013398796,0.13259434,0.12857589468649283,Train
GOBSUM_clean,5.27749,3.98975,5.17779,1.10089,1767.3,1605.34,0.0,0.0,0.5602,0.508863,0.0,1,0.0034077012,0.3149803803,0.32784340553471764,Test
GOGSIF_clean,8.22407,5.82511,8.22407,0.843093,1913.32,2269.41,1.31012,1.55395,0.6484,0.769073,0.0,1,0.001846887,0.1907755869,0.1803435460232627,Test
GOGWAB_clean,4.95936,4.07145,4.95936,1.0628,2097.01,1973.11,0.0,0.0,0.6348,0.597292,0.0,1,0.0062420491,0.6062397894,0.5940986215243007,Test
GOGWEF_clean,4.59875,4.17002,4.59043,0.999501,2126.38,2127.44,0.0,0.0,0.617,0.617308,0.0,1,0.005457626,0.5196030699,0.5178735315495566,Test
GOJDOZ_clean,4.79892,4.35574,4.79892,2.78878,865.091,310.204,296.77,106.416,0.5306,0.190263,0.0,1,0.0009238606,0.0871482175,0.09616021803800798,Test
GOJFAN_charged,16.63143,5.96233,15.15468,1.28609,2131.94,1657.69,0.0,0.0,0.7304,0.567923,0.0,1,0.0007151174,0.0753722497,0.07193899836149037,Test
GOKBUE_clean,6.09249,4.54759,6.09249,1.63047,1317.37,807.969,0.0,0.0,0.5592,0.342968,0.0,1,0.0009637438,0.0943015768,0.09573688524605062,Train
GOMFOF_clean,14.8276,14.77034,14.8276,0.887088,1281.1,1444.16,0.0,0.0,0.6208,0.699818,0.0,1,0.0013425605,0.1310743044,0.12942553974350157,Train
GOMREG_clean,5.38381,3.63961,5.38381,1.86675,886.646,474.968,0.0,0.0,0.4612,0.247061,0.0,0,0.0148943566,0.9353502512,0.9372279784790273,Train
GONNAA_clean,7.09205,5.80307,7.09205,0.944258,2774.42,2938.2,0.0,0.0,0.7154,0.757632,0.0,1,0.0019406617,0.1938893183,0.18860620025236957,Test
GOPTIQ_clean,6.68622,4.50914,6.67956,0.770633,1838.89,2386.21,0.0,0.0,0.6402,0.830746,0.0,1,0.0034309014,0.3358313419,0.3367645152544547,Test
GOQSIQ_clean,8.1775,6.04263,8.04141,1.00533,1638.23,1629.55,0.0,0.0,0.6412,0.637802,0.0,0,0.003288689,0.3089425768,0.31352781575509425,Test
GOQXAN_clean,6.22843,5.8492,6.22773,1.32869,1398.1,1052.24,0.0,0.0,0.556,0.418457,0.0,1,0.0026291652,0.2522779504,0.25072324214196473,Train
GORQAF_clean,6.72825,5.09275,6.72825,1.1538,2875.75,2492.42,0.0,0.0,0.7648,0.662854,0.0,0,0.0007583449,0.0760223368,0.07461479688995748,Train
GOSBOH_clean,10.37122,8.95436,10.37122,0.787001,1611.54,2047.69,0.0,0.0,0.6654,0.845489,0.0,1,0.001587545,0.1552685183,0.16042598772270855,Train
GOSDID_clean,7.82021,4.59261,7.82021,1.06883,1472.28,1377.47,0.0,0.0,0.5676,0.531048,0.0,1,0.003212163,0.2935891686,0.3065864726057222,Train
GOSKEG_clean,7.10002,5.21425,6.59335,0.943193,1754.71,1860.4,1.38955,1.47324,0.6182,0.655433,0.0,1,0.0044089783,0.4409444519,0.4222241366636642,Train
GOTDIE_clean,4.73101,4.56435,4.72097,1.48128,186.327,125.788,8.43694,5.69572,0.3958,0.267202,0.0,0,0.0005367886,0.0511949025,0.051264052758877326,Train
GOTNEK_clean,6.68492,5.17244,6.67225,1.16398,1342.18,1153.1,0.0,0.0,0.5428,0.466332,0.0,1,0.0054264055,0.4560202121,0.4688688337304896,Train
GOVHOQ_clean,5.0786,4.57892,5.0786,2.10255,403.599,191.957,0.0,0.0,0.3698,0.175882,0.0,0,0.0004010172,0.0374383226,0.03649829695380363,Train
GOVWOF_clean,15.42527,11.20267,15.42527,0.794433,1878.77,2364.92,0.0,0.0,0.6966,0.876851,0.0,1,0.0036316256,0.3528328386,0.3433675040348248,Train
GOVXIA_clean,6.67259,5.28318,6.67068,1.1406,1107.96,971.384,0.0,0.0,0.4988,0.437316,0.0,1,0.002368212,0.2316688426,0.2231139133679509,Train
GOZNAM_clean,6.30239,4.60575,6.30081,0.99242,2117.8,2133.98,0.0,0.0,0.6346,0.639447,0.0,1,0.0017961992,0.1723032418,0.1803830965509677,Test
GOZNEQ_clean,6.09971,4.27883,6.09943,0.947205,2272.9,2399.59,0.0,0.0,0.644,0.679895,0.0,1,0.0019593218,0.1916333324,0.19360843124250748,Train
GUANZS_clean,5.10287,4.04623,5.10287,1.31647,2066.97,1570.09,0.0,0.0,0.6518,0.495113,0.0,0,0.002046659,0.2061867343,0.20195391156054643,Test
GUBBAG_clean,6.17269,4.47662,6.08707,1.25773,1864.63,1482.53,0.0,0.0,0.6658,0.529365,0.0,1,0.0006780975,0.0696130136,0.0693796972275254,Train
GUBKUL_clean,8.78437,8.58193,8.78437,1.65394,1300.1,786.066,0.0,0.0,0.597,0.360957,0.0,1,0.001443235,0.1402499966,0.13690735991608813,Test
GUBVUU_clean,6.86464,4.18996,6.61474,0.930991,1654.01,1776.62,0.0,0.0,0.6014,0.645979,0.0,1,0.003255075,0.3259825645,0.31445756905708194,Test
GUBZAF_clean,8.48171,3.92126,8.48171,0.891092,1361.54,1527.95,0.0,0.0,0.6076,0.68186,0.0,1,0.0015737728,0.1568163138,0.15879937095717095,Test
GUCHUJ_clean,4.84299,3.46778,4.84299,1.43835,1253.58,871.544,0.0,0.0,0.5374,0.373624,0.0,1,0.0041835027,0.3902237055,0.39303485169266433,Train
GUCJAQ_clean,5.76197,4.68972,5.75144,1.29019,1221.31,946.616,0.0,0.0,0.4888,0.37886,0.0,0,0.0031462536,0.2805543431,0.2946183999541633,Test
GUDJOG_clean,7.68451,4.9879,7.6811,1.00363,1922.96,1916.01,0.0,0.0,0.6122,0.609987,0.0,1,0.0029080143,0.2923431709,0.27885197365105263,Test
GUFBOA_clean,5.81423,4.04124,5.79708,1.35939,665.654,489.672,0.0,0.0,0.4506,0.331473,0.0,1,0.0029056084,0.2605608736,0.257599464111977,Train
GUFBUG_clean,6.13698,5.34529,5.96708,1.2615,1111.92,881.432,0.0,0.0,0.517,0.40983,0.0,0,0.0048457633,0.4332302939,0.42752742798748683,Test
GUFREF_clean,4.21553,3.44252,4.2138,1.21319,638.089,525.958,0.0,0.0,0.4724,0.389386,0.0,0,0.0022310772,0.2061173895,0.20763111164524362,Train
GUFXEM_clean,6.06791,4.72083,6.0579,1.2094,1573.94,1301.42,0.0,0.0,0.5582,0.461552,0.0,1,0.0034623388,0.3207466545,0.32621626712488694,Test
GUGNON_clean,5.28957,4.33779,5.28957,0.956875,1608.61,1681.11,0.0,0.0,0.5938,0.620562,0.0,1,0.0034911904,0.3276992276,0.33628755332895166,Train
GUHMIH_clean,13.3149,6.32995,13.3149,0.498432,2835.47,5688.77,0.0,0.0,0.778,1.5609,0.0,1,0.002613994,0.2741314141,0.2721240003823535,Test
GUHNUU_clean,8.22186,5.12827,8.22186,0.946932,1929.01,2037.11,0.0,0.0,0.6218,0.656647,0.0,1,0.0027921627,0.2782569819,0.27458127915918523,Test
GUHPAC_clean,8.2386,5.1093,8.2386,0.972915,1925.54,1979.14,0.0,0.0,0.6264,0.643838,0.0,1,0.0029197119,0.2761350267,0.2792971007066146,Train
GUHPEG_clean,5.72092,4.53231,5.72092,1.21796,1067.45,876.424,0.0,0.0,0.5332,0.437781,0.0,1,0.0025933499,0.2506939956,0.2449947596445782,Train
GUJREK01_clean,6.68707,6.10275,6.68707,1.23624,984.626,796.47,83.5539,67.5873,0.5306,0.429206,0.0,1,0.0016487365,0.1633458471,0.16103498568618205,Train
GUJREK_clean,6.69718,6.09535,6.69718,1.23624,986.103,797.665,80.349,64.9948,0.5296,0.428397,0.0,1,0.0015431356,0.1620530878,0.15779192423961613,Train
GUKFEY_clean,5.44718,4.31032,5.44265,0.953017,1818.67,1908.33,0.0,0.0,0.6068,0.636715,0.0,1,0.0044165502,0.4104309703,0.42346124604217367,Test
GUKYUI_clean,4.85912,4.51007,4.85912,1.20599,627.214,520.082,14.592,12.0996,0.4608,0.382092,0.0,0,0.0011008401,0.1026728779,0.10738686056810326,Train
GUKZAO_clean,6.06489,4.97271,6.06019,1.23962,1992.38,1607.25,0.0,0.0,0.6032,0.486602,0.0,1,0.0030699888,0.302329276,0.29310934681081174,Test
GULBAR_clean,4.47722,3.75995,4.47722,1.44705,840.737,581.002,0.0,0.0,0.4724,0.326458,0.0,1,0.0051422526,0.4464884858,0.4563673154748723,Train
GULCAS_clean,4.32787,3.5712,4.32787,1.83607,854.103,465.181,0.0,0.0,0.4892,0.266439,0.0,1,0.0047692633,0.4183964645,0.4146859141279625,Test
GULPIN_clean,4.25802,3.49743,4.22359,1.39734,591.978,423.648,0.0,0.0,0.4574,0.327337,0.0,1,0.0026767986,0.2391182822,0.24701947403315308,Test
GULVUF_clean,16.10036,15.32514,16.09835,0.674334,1617.68,2398.93,0.0,0.0,0.7312,1.08433,0.0,0,0.0022526961,0.2303477514,0.22325115683326519,Test
GULWAM_clean,8.69308,7.48414,8.68762,0.756867,2252.53,2976.13,0.0,0.0,0.7044,0.930679,0.0,0,0.0027340906,0.2619360273,0.26501199495621575,Train
GULWEQ_clean,15.98104,7.52003,15.97479,0.734572,1758.78,2394.29,252.635,343.921,0.7614,1.03652,0.0,1,0.0022585783,0.2280504432,0.22489169154426414,Train
GULWIU_clean,11.05938,6.30446,11.02908,0.918977,2242.53,2440.24,0.0,0.0,0.738,0.803067,0.0,1,0.0019481181,0.1891921283,0.19016309786544444,Test
GULWOA_clean,7.6136,7.16835,7.6136,1.27683,1846.33,1446.03,0.0,0.0,0.6334,0.496073,0.0,1,0.0011663529,0.1166797353,0.11647716393749374,Test
GUMDEZ_clean,5.27869,4.82624,5.26972,1.35338,1171.24,865.416,0.0,0.0,0.5066,0.374323,0.0,0,0.0119448898,0.8883375663,0.9061787706523078,Train
GUNFAW01_neutral,9.61074,7.33598,9.61074,0.662989,2371.82,3577.46,0.0,0.0,0.7958,1.20032,0.0,0,0.0013351049,0.1286038726,0.1269953169447973,Test
GUNZIA_clean,5.83475,4.30482,5.82509,1.2153,836.856,688.601,251.586,207.016,0.5296,0.435778,0.0,0,0.0037321077,0.3326786463,0.33338786225140743,Test
GUPBEZ02_clean,23.87093,10.84779,23.87093,0.911245,1630.75,1789.58,0.0,0.0,0.8024,0.880553,0.0,1,0.000735108,0.075735705,0.07407368200296546,Train
GUPBUP_SL,12.69031,3.67391,12.69031,0.919646,1552.86,1688.54,0.0,0.0,0.6966,0.757465,0.0,0,0.0009559232,0.0959665935,0.09713390843868985,Train
GUPCAW_clean,13.64672,8.62891,13.57643,0.814725,1868.84,2293.83,0.829839,1.01855,0.7426,0.911474,0.0,0,0.001114918,0.1123022459,0.11066395184573333,Train
GUPDEB_clean,20.68684,7.65386,20.68684,0.945467,1548.81,1638.15,1.11326,1.17747,0.7196,0.761105,0.0,0,0.001137476,0.1097045282,0.11038294894804235,Train
GUPREQ_clean,6.00262,3.86824,5.65571,1.31,1012.28,772.734,0.0,0.0,0.4954,0.378168,0.0,1,0.0024780147,0.2311209066,0.23517829654997902,Train
GUQWOG_clean,7.33297,4.64507,7.06229,0.957966,1896.24,1979.44,0.0,0.0,0.6126,0.63948,0.0,0,0.0031902309,0.3173076133,0.3088125840986421,Train
GURPIT_clean,9.17432,7.72525,9.0966,0.709696,2365.23,3332.74,0.0,0.0,0.7732,1.08948,0.0,0,0.0013176715,0.130826559,0.1257815814129844,Test
GURPUF_clean,9.46604,8.41122,9.46604,0.69659,2357.29,3384.04,0.0,0.0,0.789,1.13266,0.0,0,0.0012635062,0.130604424,0.12327441941351788,Test
GURTIX_charged,6.67771,5.78982,6.67771,1.24602,1833.38,1471.39,0.0,0.0,0.6046,0.485225,0.0,0,0.0037342838,0.3525830045,0.3560666276138893,Test
GUSJOU_clean,6.46175,4.9377,6.46175,1.4824,1450.9,978.754,0.0,0.0,0.5424,0.365894,0.0,1,0.0022431555,0.217163616,0.21274669383393496,Test
GUSMAJ_clean,4.67375,3.80751,4.66389,1.32281,575.521,435.074,0.0,0.0,0.4708,0.355908,0.0,0,0.0036792376,0.313953326,0.33043177071949414,Test
GUTYIE_clean,5.62453,4.16158,5.60554,1.07616,1629.52,1514.21,0.0,0.0,0.6326,0.587833,0.0,0,0.0045910814,0.4401979954,0.43970053412455157,Test
GUVBOQ_clean,8.83128,4.93156,8.81323,1.43518,1000.0,696.779,0.0,0.0,0.4548,0.316894,0.0,1,0.0019914163,0.1819896517,0.17838695814345867,Test
GUVCOP_clean,5.74545,3.94509,5.74323,1.37815,1848.48,1341.28,0.0,0.0,0.614,0.445526,0.0,1,0.0013743317,0.1318084466,0.13285814804400264,Test
GUVKUE_clean,8.21847,7.49363,8.20971,1.22679,2052.71,1673.24,0.0,0.0,0.664,0.54125,0.0,0,0.0018511958,0.1815903301,0.1806616458215391,Train
GUVLAL_clean,8.46005,7.97124,8.46005,1.21092,2060.95,1701.98,0.0,0.0,0.6704,0.55363,0.0,1,0.0019512605,0.1861195717,0.1896006040235912,Train
GUVZII_clean,11.49557,10.72535,11.49539,1.14498,1547.17,1351.26,0.0,0.0,0.6402,0.559135,0.0,1,0.0021038507,0.2060729046,0.20899892616711532,Test
GUWDUY_clean,6.18049,4.11372,6.17321,0.97822,1677.34,1714.69,0.0,0.0,0.6008,0.614177,0.0,0,0.003192622,0.3086516875,0.3085615392859081,Test
GUXJUF_clean,4.84037,3.9654,4.82716,1.41449,886.753,626.908,0.0,0.0,0.4542,0.321106,0.0,1,0.0008878869,0.0914095026,0.08658169728628282,Train
GUXPOF_clean,5.62972,5.12114,5.55282,1.20445,928.209,770.649,0.0,0.0,0.499,0.414297,0.0,1,0.0013487809,0.128883921,0.12934374957992165,Test
GUXSEY_clean,6.24254,3.72061,6.24254,1.49869,1194.16,796.807,0.0,0.0,0.5316,0.354711,0.0,0,0.005097388,0.4580098746,0.4561351212658237,Test
GUXSIC_clean,6.13867,3.70141,6.13867,1.60239,1120.27,699.126,0.0,0.0,0.517,0.322643,0.0,0,0.0050796533,0.4622241076,0.4514698964698678,Train
GUXZIJ_clean,5.81008,4.95296,5.55484,2.37336,1506.6,634.795,0.0,0.0,0.5624,0.236964,0.0,1,0.0018327924,0.1759633425,0.17301226886985294,Train
GUXZUV_clean,6.58785,4.88173,6.58785,1.68165,1430.07,850.397,0.0,0.0,0.5722,0.340261,0.0,1,0.0029660727,0.2760488333,0.2765720872990032,Train
GUYBAE_clean,5.86532,5.19351,5.73822,2.36156,1533.32,649.284,0.0,0.0,0.5552,0.235099,0.0,1,0.0017490831,0.1704391183,0.168376972771422,Test
HABQUY_clean,25.71531,12.0883,18.82078,0.289452,1646.58,5688.62,0.0,0.0,0.8738,3.01881,0.0,1,0.0032262622,0.3110959356,0.31512725093536836,Train
HABRAF_manual,24.30948,9.03515,24.30948,0.38234,1867.98,4885.64,0.0,0.0,0.8462,2.21321,0.0,1,0.0027773796,0.2873018552,0.2787606225536414,Train
HABREJ_clean,7.22153,5.5004,7.20678,0.929467,1805.81,1942.84,0.0,0.0,0.6346,0.682757,0.0,1,0.0041205803,0.3883278615,0.39732361471349065,Test
HADLOQ01_clean,10.03253,9.59417,10.02623,0.699735,1785.38,2551.51,0.0,0.0,0.7038,1.00581,0.0,0,0.0026202276,0.2590048196,0.26000974112836517,Test
HADPOU_clean,4.62887,4.08311,4.62887,1.93861,903.412,466.011,0.0,0.0,0.5016,0.258742,0.0,1,0.0031511262,0.2947115625,0.28686806072836896,Test
HADQUA_clean,4.81461,3.51016,4.81159,1.02272,1546.56,1512.21,0.0,0.0,0.5746,0.561836,0.0,0,0.0105197881,0.8487112462,0.8579524241594971,Train
HADXIW_clean,4.67426,4.35266,4.67426,2.30119,853.786,371.02,0.0,0.0,0.5434,0.236139,0.0,1,0.0006533789,0.0602447877,0.06406629465273386,Train
HAFGUQ_clean,5.00398,3.75819,5.00288,1.4388,1552.49,1079.02,0.0,0.0,0.603,0.4191,0.0,0,0.0052974366,0.4811023539,0.4838111027126687,Test
HAFTOZ_clean,15.37241,7.5238,15.37241,0.554007,2040.18,3682.59,0.0,0.0,0.7832,1.4137,0.0,0,0.0020799173,0.2105674411,0.21118360546507098,Test
HAFVOB_clean,5.59823,4.10574,5.59823,0.989877,1624.62,1641.23,0.0,0.0,0.559,0.564717,0.0,1,0.0041516322,0.398320878,0.3950277321862218,Test
HAFVUH_SL,7.26111,7.14037,7.26111,0.948615,1661.34,1751.34,0.0,0.0,0.5896,0.621538,0.0,0,0.0041985581,0.4162910941,0.41066333849639797,Train
HAFWAO_charged,9.30827,4.15962,9.30827,0.852871,1523.34,1786.13,0.0,0.0,0.6286,0.73704,0.0,0,0.0021331475,0.2100528608,0.2135713174902628,Train
HAFWIW_clean,5.35067,4.98225,5.35067,1.31519,1804.28,1371.88,0.0,0.0,0.6304,0.479324,0.0,1,0.0015537455,0.1532483738,0.15520312480343015,Train
HAFWUI_charged,5.17795,3.43564,5.1502,1.38752,525.135,378.471,0.0,0.0,0.4118,0.296789,0.0,0,0.0027514779,0.2457813678,0.24112713370228794,Train
HAHCUR_clean,7.19827,5.98763,7.19827,1.10603,1324.83,1197.82,0.0,0.0,0.546,0.493657,0.0,0,0.0030922388,0.2922289329,0.3005382351677491,Test
HAHPIQ_charged,9.53782,8.62412,9.53782,1.59282,617.871,387.91,0.0,0.0,0.455,0.285657,0.0,1,0.0002531155,0.025616524,0.02577158722912598,Train
HAHPOW_clean,9.6196,8.46967,9.6196,1.47235,624.294,424.013,93.3885,63.4283,0.498,0.338235,0.0,1,0.0005836725,0.0592036582,0.07002238600446223,Test
HAJDII_clean,7.11031,6.37447,7.11031,1.26291,989.015,783.122,12.4903,9.89007,0.5394,0.427108,0.0,0,0.0012702488,0.1228272647,0.12426219949164038,Train
HAJLEK_clean,5.87742,3.45437,5.87742,1.36069,369.973,271.901,0.0,0.0,0.367,0.269716,0.0,0,0.0017144285,0.147792785,0.14929960354395222,Train
HAJLIO_clean,5.88281,3.51824,5.88281,1.36262,373.489,274.096,0.0,0.0,0.3676,0.269774,0.0,0,0.0015669508,0.1532913577,0.13836002045363066,Test
HAJLOU_clean,5.886,3.5289,5.886,1.35798,373.139,274.776,0.0,0.0,0.3686,0.271433,0.0,0,0.0017278355,0.1494083364,0.1532000858647772,Train
HAJLUA_clean,5.93833,3.59787,5.73261,1.34629,399.566,296.791,0.0,0.0,0.3782,0.28092,0.0,0,0.0016155514,0.1424416901,0.1389149411300415,Test
HAJMEL_clean,5.95786,3.62462,5.74689,1.33025,394.105,296.264,0.0,0.0,0.3816,0.286863,0.0,0,0.0015138182,0.1369332708,0.1357893957310309,Train
HAJMIQ_clean,13.26244,6.64572,13.26244,0.873197,2121.07,2429.08,0.0,0.0,0.7212,0.825931,0.0,1,0.0034375824,0.3001894801,0.31640889569792474,Train
HAJPEQ_clean,6.11767,3.57208,6.10936,1.00677,852.908,847.173,0.0,0.0,0.5204,0.516901,0.0,1,0.0050410133,0.4314006559,0.4376171465848967,Train
HAJRES_clean,5.28648,3.63417,5.2773,0.904106,536.331,593.217,509.7,563.762,0.5196,0.574711,0.0,0,0.0063033888,0.5297207313,0.5303472460260577,Train
HAJYEZ_clean,5.05238,3.74879,4.99149,1.49581,731.65,489.133,0.0,0.0,0.4222,0.282255,0.0,1,0.0048801509,0.4145995575,0.4033051051505582,Train
HAKCAZ_clean,7.25791,5.03113,6.91895,1.17911,1594.01,1351.88,0.0,0.0,0.5908,0.501055,0.0,1,0.0033843342,0.3308953204,0.32229454846615185,Test
HAKSAQ_clean,8.06664,3.9387,8.06075,1.15948,1831.32,1579.42,0.0,0.0,0.63,0.543345,0.0,0,0.0049788459,0.4659235254,0.4638756485592144,Test
HAKSEU_clean,8.08706,3.61748,7.36025,1.26635,1637.77,1293.3,0.0,0.0,0.6148,0.485489,0.0,1,0.0041405582,0.3902378548,0.3933198484822522,Test
HAKSIY_clean,8.0725,3.53077,8.06497,1.03469,1587.07,1533.85,0.0,0.0,0.6072,0.58684,0.0,1,0.0040814345,0.3909054074,0.3904505893892096,Train
HAKVOH_clean,9.12551,3.7795,9.11836,1.17123,1785.15,1524.17,0.0,0.0,0.6208,0.530041,0.0,1,0.0025840418,0.2491207084,0.24855707064654686,Train
HAKVUN_clean,8.02196,4.1722,8.01469,1.33184,2031.27,1525.15,0.0,0.0,0.6558,0.4924,0.0,1,0.0040601611,0.4041049422,0.3943711042885323,Train
HAKWAU_clean,7.77196,4.02298,7.7515,0.967928,1840.06,1901.03,0.0,0.0,0.6374,0.65852,0.0,1,0.0035785137,0.3490669638,0.3467352623144683,Train
HALQUJ_clean,5.83271,4.11171,5.82021,0.775057,2252.16,2905.8,0.0,0.0,0.6658,0.859034,0.0,0,0.0033324421,0.3239884838,0.3255620828355752,Train
HALVAU_clean,7.2529,4.09487,7.24788,1.02599,1723.2,1679.54,0.0,0.0,0.6096,0.594156,0.0,1,0.00273665,0.2641404572,0.2623790977580033,Train
HAMJOW_clean,5.97637,5.66826,5.96867,0.916107,2203.56,2405.35,0.0,0.0,0.6442,0.703193,0.0,1,0.0047510137,0.4527776957,0.4449959057668461,Test
HAMLIT_clean,7.60143,4.74827,7.04866,1.03116,1778.09,1724.35,0.0,0.0,0.6042,0.58594,0.0,1,0.0043209981,0.4075142139,0.406437382236543,Test
HAMREU_clean,7.3712,5.08597,7.3712,1.79786,881.924,490.542,0.0,0.0,0.4552,0.25319,0.0,0,0.0012956719,0.1254526287,0.12322852303579471,Test
HAMRIY_clean,7.12952,5.0191,7.12952,1.96935,853.811,433.551,0.0,0.0,0.434,0.220378,0.0,0,0.0013187329,0.1249385236,0.12235682584436475,Train
HANKUE_clean,11.04769,6.93986,11.04769,1.01875,2416.33,2371.86,7.87226,7.72737,0.7184,0.705177,0.0,1,0.0028180247,0.2636529264,0.27322339525869965,Test
HANWAW_clean,11.32674,4.96034,11.30095,0.840493,2065.42,2457.39,0.0,0.0,0.7018,0.834987,0.0,1,0.0036140193,0.3453700273,0.33746975762236575,Train
HAPBAE_clean,7.19899,4.51752,7.19899,1.177,1685.21,1431.79,101.434,86.1807,0.6014,0.510961,0.0,1,0.0016154331,0.1568852536,0.16052074470294356,Train
HAPBEI_clean,7.40345,4.51665,7.18933,1.1831,1645.32,1390.68,107.302,90.6958,0.5974,0.504945,0.0,1,0.0015627339,0.1556541657,0.1585007270136489,Test
HAPBIM_clean,7.3635,4.07388,7.35928,1.22764,1566.0,1275.62,0.0,0.0,0.6092,0.496238,0.0,1,0.0012382529,0.1219758669,0.1255727512707104,Test
HAPGIR_clean,6.12679,5.53694,6.11946,1.24903,1460.77,1169.52,0.0,0.0,0.5518,0.441784,0.0,1,0.00249283,0.2582184832,0.24358821242684808,Train
HAPHUD_clean,8.47502,6.8337,8.46296,0.827108,1882.02,2275.42,0.0,0.0,0.6618,0.800137,0.0,1,0.0026235534,0.2546181208,0.25897698283272996,Test
HAPNEU_clean,7.1275,4.47989,7.11656,1.12613,1773.48,1574.85,0.0,0.0,0.6,0.5328,0.0,1,0.0017137646,0.1716704747,0.16922626615177405,Test
HAPNOE_clean,5.80604,3.7042,5.80604,1.49141,1358.54,910.909,0.0,0.0,0.535,0.358721,0.0,1,0.0016119909,0.1512524765,0.1557261736809525,Test
HAPNUK_clean,5.80307,3.70444,5.7954,1.49676,1370.95,915.947,0.0,0.0,0.5352,0.357572,0.0,1,0.0015803564,0.1524017614,0.15554086583191568,Train
HAPPAS_clean,5.66478,3.61524,5.6614,1.54511,1255.98,812.875,0.0,0.0,0.5282,0.341853,0.0,1,0.0015511917,0.1586252454,0.15304209906667765,Train
HAPVEB_clean,4.76596,4.34263,4.75951,2.7741,1216.03,438.349,0.0,0.0,0.4794,0.172813,0.0,1,0.0011192167,0.1115071492,0.10937312895760198,Test
HAQJIV_clean,10.92187,6.16089,10.13253,0.730979,2352.02,3217.63,0.0,0.0,0.744,1.01781,0.0,1,0.0034353674,0.3417636456,0.33008258526183243,Test
HAQKES_clean,7.18365,5.84135,6.93817,1.26274,1917.74,1518.71,0.0,0.0,0.6256,0.495429,0.00158385,1,0.0011852845,0.1181050108,0.1223957326488117,Test
HAQRID_clean,8.35999,7.36684,8.31122,1.01133,1835.07,1814.52,0.0,0.0,0.6542,0.646874,0.0,1,0.0030220347,0.299281961,0.2918374796680847,Test
HASMIZ_clean,9.9371,5.9051,9.93469,0.740129,2096.9,2833.15,0.0,0.0,0.687,0.928217,0.0,0,0.0023726641,0.231524989,0.23663987622206867,Test
HASNIB_clean,5.40755,4.36097,5.2762,1.74872,1493.17,853.86,0.0,0.0,0.5666,0.324008,0.0,1,0.0012909579,0.122026489,0.12410061894445762,Train
HASNOH_clean,5.38898,4.39397,5.38845,1.86317,1402.69,752.852,0.0,0.0,0.5556,0.298201,0.0,1,0.0014763228,0.1442344705,0.1410189269860913,Test
HASNUN_clean,5.53374,4.52225,5.53374,1.71424,1549.27,903.767,0.0,0.0,0.5698,0.332393,0.0,1,0.001140108,0.115922624,0.11133011853019326,Train
HASTAY_clean,6.39369,3.9398,5.95965,1.27695,1466.95,1148.79,0.116669,0.0913651,0.5758,0.450916,0.0,1,0.0035740976,0.3272657114,0.33601161465121004,Test
HATZOS02_clean,4.8576,4.0805,4.8576,1.31729,1109.65,842.374,1.31609,0.999089,0.544,0.41297,0.0,1,0.001459923,0.1442375413,0.1397742069663583,Test
HATZOS_clean,4.85832,4.07746,4.85832,1.31771,1115.31,846.4,1.47769,1.12141,0.531,0.402973,0.0,1,0.0014646785,0.1454834691,0.14466569210864005,Test
HAVVUX_clean,8.34589,6.74867,8.34589,2.21863,955.771,430.794,0.0,0.0,0.5032,0.226807,0.0,1,0.0007878993,0.0765295834,0.07330322055838828,Test
HAVZIP_clean,12.95456,9.6087,12.76631,0.416845,1954.8,4689.52,0.0,0.0,0.815,1.95516,0.0,1,0.002474281,0.2468072116,0.2439990858265747,Test
HAWGIX_charged,6.23164,4.41484,6.20582,1.34664,1022.84,759.553,0.0,0.0,0.4892,0.363275,0.0,0,0.0029702164,0.2837416179,0.27752085235926927,Test
HAWREE_clean,5.95677,4.26157,5.93982,1.29463,1394.9,1077.46,0.0,0.0,0.5154,0.398107,0.0,0,0.0028460361,0.2716861627,0.27077781589648303,Test
HAWVAE_clean,5.43472,3.75459,5.43472,1.57273,1218.49,774.765,0.0,0.0,0.5248,0.333688,0.0,0,0.0040477125,0.3720727137,0.3625677749104402,Train
HAWVEI_clean,5.44774,3.7649,5.44192,1.50867,1222.23,810.136,0.0,0.0,0.526,0.348652,0.0,0,0.0041034181,0.3633223414,0.3767525337352119,Test
HAWVIM_clean,5.41474,3.72498,5.39995,1.55868,1201.98,771.152,0.0,0.0,0.522,0.334898,0.0,0,0.0042125181,0.3785849006,0.3858982603524915,Train
HAWVOS_clean,5.41179,3.71334,5.38603,1.62695,1198.02,736.358,0.0,0.0,0.519,0.319002,0.0,0,0.0043017576,0.3861867297,0.3868246973614371,Test
HAWVUY_clean,5.4288,3.7248,5.42521,1.58725,1209.7,762.135,0.0,0.0,0.523,0.3295,0.0,0,0.0040856158,0.3745926801,0.3698028493251742,Test
HAWWAF_clean,5.36818,3.69998,5.3038,1.61776,1179.03,728.804,0.0,0.0,0.5186,0.320567,0.0,0,0.0043176186,0.3921408746,0.38700477959792434,Test
HAWWEK_clean,6.09263,4.09444,6.07646,0.818977,2614.48,3192.37,0.0,0.0,0.6796,0.829816,0.0,0,0.002437453,0.2485107847,0.24497064417669961,Test
HAWWIN_clean,6.94632,6.00048,6.94632,1.03663,2578.05,2486.94,0.0,0.0,0.6936,0.669088,0.0,1,0.0019414707,0.2059406241,0.19472412816987467,Train
HAWWOT_clean,7.05521,6.39517,7.05449,1.0177,2567.24,2522.59,0.0,0.0,0.6952,0.683108,0.0,1,0.0020418691,0.1973963276,0.20607161050333644,Train
HAWWUZ_clean,6.85987,6.20916,6.70163,1.02767,2542.94,2474.47,0.0,0.0,0.6868,0.668309,0.0,1,0.0020001451,0.2045011455,0.19896281642678026,Test
HAWZEM_clean,4.83947,3.74089,4.83947,1.28408,1060.99,826.263,0.0,0.0,0.5012,0.390319,0.0,1,0.0088004498,0.7102549654,0.7091967300186099,Train
HAXMUP_clean,8.05193,5.7692,8.05193,1.0871,1247.11,1147.19,0.0,0.0,0.6042,0.555788,0.0,1,0.0006297064,0.0615062048,0.06223877908816888,Train
HAYLIE_clean,7.09546,5.16312,7.09546,0.822497,1782.71,2167.43,0.0,0.0,0.6384,0.776173,0.0,1,0.0024074574,0.2306363086,0.23945612962145166,Train
HAZSIL_clean,7.68408,4.67009,7.68408,1.19851,1999.16,1668.03,0.0,0.0,0.6332,0.528321,0.0,1,0.0017784413,0.1846924728,0.17859505945183682,Test
HAZWIP_clean,6.08536,5.42004,6.08536,0.76282,3171.25,4157.27,0.0,0.0,0.7336,0.961695,0.0,1,0.0022280561,0.2320035331,0.22264517977102427,Test
HEBJAB_clean,4.69189,4.1551,4.68505,1.19151,652.957,548.006,0.0,0.0,0.4618,0.387574,0.0,1,0.0011650148,0.1065801953,0.10975706351548709,Test
HEBKEG_clean,5.17721,3.88044,5.16559,1.56809,1108.64,706.999,0.0,0.0,0.4678,0.298324,0.0,0,0.0027655506,0.2610147744,0.2568815651670803,Train
HEBNIN_clean,5.00989,4.14842,5.00989,2.07402,1561.26,752.77,0.0,0.0,0.5908,0.284857,0.0,1,0.000913252,0.0952446671,0.09003407366711805,Test
HEBNOT_clean,6.16705,5.25559,6.16705,2.0588,1791.16,870.001,0.0,0.0,0.601,0.291917,0.0,1,0.0009553064,0.0900717503,0.09401942933834351,Train
HEDBEZ_clean,5.55376,3.62598,5.46848,2.06178,1285.48,623.479,0.0,0.0,0.5464,0.265014,0.0,1,0.0013044995,0.1259537287,0.12378710209556121,Test
HEDBID_clean,5.55564,3.58661,5.41937,2.08307,1276.82,612.952,0.0,0.0,0.5458,0.262017,0.0,1,0.0013025926,0.1252158054,0.12434185536929665,Test
HEDBOJ_clean,6.12669,4.55303,6.11551,2.25914,1566.11,693.232,0.0,0.0,0.5588,0.247351,0.0,1,0.0007213068,0.0713908151,0.06834019587645032,Train
HEDBUP_clean,6.082,4.53553,6.07141,2.27942,1559.62,684.218,0.0,0.0,0.5574,0.244536,0.0,1,0.0007407459,0.0718499462,0.07057376807224039,Train
HEDCAW_clean,8.17736,6.62352,8.16605,0.938004,1961.34,2090.97,0.0,0.0,0.6256,0.666948,0.0,1,0.0026865979,0.2524236076,0.2604076510976349,Train
HEDCIE_clean,6.94357,6.25435,6.88861,1.02856,1661.58,1615.44,0.0,0.0,0.5918,0.575367,0.0,1,0.0028001092,0.2559356457,0.2752394704608898,Test
HEFDED_clean,6.92505,4.2277,6.91906,1.17857,874.958,742.388,0.0119262,0.0101192,0.491,0.416606,0.0,0,0.0006482951,0.0605837051,0.06417482004110919,Train
HEFDON_clean,9.34267,6.30544,9.30322,1.26616,1290.92,1019.56,0.0,0.0,0.564,0.445443,0.0,1,0.0024148673,0.2295861495,0.23358593820560603,Test
HEFFAB_charged,9.07189,5.62921,9.07189,1.09841,1235.65,1124.95,94.6696,86.1878,0.5808,0.528764,0.0,1,0.0019865138,0.1999502091,0.1923021892833811,Test
HEFFEF_clean,9.54316,8.35297,9.54316,1.17123,1191.49,1017.3,0.0,0.0,0.5608,0.478813,0.0,1,0.0021449928,0.2094627936,0.2122738150523257,Test
HEFVAR_clean,4.22955,3.7824,4.22684,1.70241,256.239,150.515,0.0,0.0,0.3872,0.227442,0.0,1,0.0007265287,0.0644704671,0.06397464435338204,Train
HEGCEB_clean,5.1693,4.46656,5.1693,1.06371,1875.59,1763.26,0.0,0.0,0.6372,0.599038,0.0,1,0.0009675628,0.0974824238,0.10245789290217105,Test
HEGJUZ_clean,6.22529,4.73915,6.22421,1.09032,1314.16,1205.3,0.0,0.0,0.551,0.505357,0.0,1,0.0040276743,0.3626013495,0.37103839021161983,Test
HEGNAJ_clean,6.01939,4.81592,6.01939,1.89872,712.25,375.122,0.0,0.0,0.4102,0.216041,0.0,0,0.0010674904,0.1020125669,0.10640690373705544,Test
HEGNEN_clean,5.92457,4.79042,5.92457,1.92239,717.079,373.015,0.0,0.0,0.4062,0.2113,0.0,0,0.0013606904,0.1218828818,0.12480122305940552,Train
HEGNIR_clean,6.01675,4.74609,6.01675,1.93131,685.918,355.156,0.0,0.0,0.4034,0.208873,0.0,0,0.001311045,0.119825597,0.11963643495307921,Train
HEGNOX_clean,6.0763,4.7602,6.0763,1.95362,711.305,364.096,0.0,0.0,0.416,0.212938,0.0,0,0.0015043139,0.130364907,0.1336494429567008,Test
HEGNUD_clean,5.94961,4.80382,5.94961,1.93345,716.335,370.496,0.0,0.0,0.4134,0.213815,0.0,0,0.0013445529,0.1203601594,0.12447011263247121,Train
HEGPAL_clean,5.89979,4.82106,5.89979,1.93984,705.302,363.588,0.0,0.0,0.4094,0.211048,0.0,0,0.0012696901,0.1169881471,0.11927233904035148,Test
HEKTAU_clean,4.87289,4.04271,4.86475,1.11842,1707.65,1526.84,0.0,0.0,0.5666,0.506605,0.0,1,0.0042739954,0.4134860861,0.40830022709863834,Train
HELDEJ_SL,5.22361,3.40377,5.22361,1.39671,578.501,414.189,0.0,0.0,0.4356,0.311876,0.0,1,0.0027368041,0.2350665188,0.2445492987213222,Test
HELDOT_clean,9.05788,8.40599,9.04804,0.706681,2105.01,2978.73,0.0,0.0,0.7028,0.994508,0.0,1,0.0023943379,0.2327254047,0.2379770263956411,Train
HEMTEZ_clean,6.9282,3.87493,6.90819,1.74491,1526.38,874.763,0.0,0.0,0.561,0.321507,0.0,1,0.0013290895,0.1212669175,0.12550048676803813,Train
HETZOW_clean,5.51262,3.86354,5.23725,1.5527,956.041,615.728,190.025,122.384,0.5024,0.323565,0.0,1,0.0018778472,0.1821248577,0.17754973359269027,Test
HETZUC_charged,5.49154,3.80214,5.49154,1.70676,464.702,272.271,214.78,125.841,0.4578,0.268227,0.0,0,0.0014268451,0.1416551946,0.1355534029887055,Test
HEWFUL_ion_b,5.58258,4.94247,5.58258,1.66592,467.165,280.425,0.0,0.0,0.3124,0.187524,0.0,1,0.0006668079,0.0610458815,0.06207158559572615,Train
HEXVEM_clean,28.43131,15.91754,28.43131,0.251734,1350.35,5364.2,0.0,0.0,0.895,3.55533,0.0,1,0.0028942561,0.2998686882,0.30266873769590164,Train
HEZPIL01_clean,4.55228,3.8726,4.49338,1.6515,1184.67,717.327,0.0,0.0,0.5308,0.321405,0.0,1,0.0023112401,0.2299739186,0.22087030745806152,Test
HGCNCO_clean,5.31956,3.48582,5.3054,1.56034,1406.04,901.106,0.0,0.0,0.6028,0.386325,0.0,1,0.0010070167,0.1051347651,0.10239465582462248,Test
HIBGEF_clean,4.68206,3.60956,4.68206,1.41956,703.501,495.576,0.0,0.0,0.4404,0.310237,0.0,0,0.0021216769,0.2040494446,0.1998469614108852,Train
HIBGIJ_clean,4.81263,3.80435,4.77754,1.65937,798.009,480.911,0.0,0.0,0.4498,0.271067,0.0,0,0.0011129146,0.1046012013,0.10883004932086979,Train
HICVOG_clean,4.78823,4.34338,4.74662,1.25646,1202.69,957.206,0.0,0.0,0.553,0.440126,0.0,1,0.0093171361,0.7904617727,0.7900646803404542,Train
HICVUM_clean,5.70734,4.18424,5.69729,1.38731,1533.97,1105.72,0.0,0.0,0.5594,0.403228,0.0,1,0.0043763822,0.3921566579,0.4073434386748934,Test
HICZAW_clean,4.79099,4.0094,4.67667,1.66988,586.788,351.395,42.4437,25.4172,0.4496,0.26924,0.0,0,0.0038031614,0.3236957263,0.32105142845981416,Train
HICZEA_clean,4.83695,4.09471,4.83695,1.59649,796.791,499.09,0.0,0.0,0.4516,0.282871,0.0,0,0.0043860708,0.3722038609,0.38140160141973267,Train
HIDCUU_clean,4.77714,4.04915,4.77714,1.67198,561.972,336.111,24.6403,14.7372,0.4404,0.2634,0.0,0,0.0039399529,0.3299390285,0.33440924957643214,Test
HIFGEK_clean,6.30554,5.14447,6.30011,1.31758,1695.15,1286.57,0.0,0.0,0.5682,0.431246,0.0,1,0.0016588599,0.159475449,0.15715590021862333,Train
HIFGIO_SL,12.5848,12.05657,12.5848,0.73279,1666.47,2274.15,0.0,0.0,0.7016,0.957436,0.0,0,0.0028646432,0.2788307167,0.27695482840690805,Train
HIFTOG01_clean,15.08334,7.94194,15.08334,0.584242,2219.37,3798.71,0.0,0.0,0.8024,1.3734,0.0,0,0.0020536244,0.1998631128,0.21211690275692602,Test
HIFTOG02_clean,7.88297,4.15104,7.88297,1.15793,1890.02,1632.24,0.0,0.0,0.6168,0.532675,0.0,0,0.0037419797,0.3442479269,0.35474177174825794,Test
HIFTOG_clean,7.95891,4.14066,7.95891,1.16582,1897.92,1627.97,0.0,0.0,0.6126,0.525468,0.0,0,0.003677043,0.3401163268,0.34749015274303874,Train
HIFTUM_clean,6.30533,4.49793,6.29978,1.16773,1014.53,868.802,0.0,0.0,0.5164,0.442225,0.0,1,0.000868539,0.0867366005,0.08326900723760872,Test
HIFVOI_clean,9.00136,6.57223,9.00136,0.85431,2140.93,2506.03,0.0,0.0,0.7094,0.830378,0.0,0,0.0026661872,0.2571872252,0.2611950798520546,Test
HIFWAV_clean,6.82644,4.81311,6.7091,1.14185,1358.99,1190.16,0.0,0.0,0.5914,0.517932,0.0,0,0.0026894168,0.2446962101,0.2534924997959222,Test
HIFZAY_charged,4.52081,3.45842,4.52081,1.48786,347.115,233.298,0.0,0.0,0.4196,0.282015,0.0,1,0.0010150495,0.0912917214,0.09301917568423926,Train
HIGRIA_clean,11.33189,6.86002,11.33189,0.649596,2356.83,3628.15,0.0,0.0,0.774,1.19151,0.0,1,0.0026387334,0.2424702788,0.25628747255962786,Train
HIHFOV_clean,4.86314,3.46095,4.86114,1.09882,730.753,665.036,0.0,0.0,0.4806,0.437379,0.0,0,0.0055591755,0.4964879992,0.4928716534150147,Train
HIHFUB_clean,7.23376,3.90094,7.22167,1.02876,1762.4,1713.12,0.0,0.0,0.6028,0.585946,0.0,1,0.0028066589,0.2771135837,0.2762254304553616,Test
HIHGAI_clean,10.55614,5.67197,10.5437,1.00791,1714.99,1701.54,0.0538795,0.0534569,0.6458,0.640735,0.0,1,0.0026630244,0.2597459464,0.25723516123167584,Test
HIHGEM_manual,9.93245,5.52954,9.93245,1.05018,1644.99,1566.39,0.0,0.0,0.6486,0.617608,0.0,1,0.0025588825,0.2407656391,0.2482578930550311,Test
HIHGIQ_clean,7.45404,4.653,7.45404,0.903111,1947.01,2155.89,0.0,0.0,0.6178,0.68408,0.0,0,0.0041706581,0.4156019702,0.40182216153870043,Test
HIHGUC_clean,8.04408,6.54623,8.01999,0.696864,2211.4,3173.36,0.0,0.0,0.7326,1.05128,0.0,0,0.002512586,0.2579559675,0.2519452452959558,Train
HIJSOK_clean,4.65728,3.47175,4.65433,1.22153,961.191,786.878,69.3358,56.7617,0.5406,0.442561,0.0,1,0.0021200348,0.2030504502,0.20718057716452692,Train
HILJUJ_clean,4.42922,3.63352,4.42922,1.96256,310.567,158.245,0.0,0.0,0.4212,0.214617,0.0,1,0.0003397025,0.0321213524,0.032749356999664025,Train
HIMSAY_clean,5.16871,3.64786,5.16485,0.985668,753.397,764.352,500.835,508.117,0.5382,0.546026,0.0,0,0.008646826,0.7305333321,0.7279500298024673,Train
HIQNAY_clean,6.18436,4.94333,5.98081,1.31558,928.05,705.433,194.939,148.177,0.529,0.402105,0.0,1,0.0034282155,0.3257414372,0.3108606398059318,Test
HIQWOV_clean,6.76103,5.10334,6.76103,1.07696,1941.39,1802.66,0.0,0.0,0.6212,0.57681,0.0,0,0.002728852,0.265224081,0.26008886203413706,Test
HISGAT_clean,5.66636,4.82954,5.66636,1.37462,738.511,537.249,0.0,0.0,0.318,0.231337,0.0,1,0.002528692,0.2379099169,0.22516786821621984,Test
HISGIB_clean,6.02888,4.81928,6.02888,1.46684,832.757,567.721,0.0,0.0,0.4806,0.327643,0.0,1,0.0020345017,0.190727223,0.1904659293512307,Train
HISJIE_clean,6.27871,5.58535,6.27871,1.41351,623.69,441.235,0.0,0.0,0.4354,0.308027,0.0,1,0.0009680285,0.0972708422,0.09647931423269901,Train
HISSIN_clean,6.52902,4.63625,6.52902,1.20846,1900.2,1572.41,0.0,0.0,0.613,0.507257,0.0,1,0.0031803759,0.2952786705,0.30365648680605734,Test
HIWKEE_clean,5.33619,3.90302,5.22967,1.1804,712.798,603.863,412.05,349.077,0.5362,0.454254,0.0,1,0.0013679784,0.1276396787,0.13324076264287105,Train
HIWKII_clean,4.49598,3.52102,4.49598,1.26918,746.378,588.079,0.0,0.0,0.5282,0.416174,0.0,1,0.0006727454,0.0705975517,0.0684140481175704,Train
HIWLIK_clean,4.58174,3.69427,4.58174,1.68973,1137.53,673.202,0.0,0.0,0.5902,0.349287,0.0,1,0.0032061889,0.303195414,0.30333337262119886,Train
HIWLOQ_clean,5.62306,3.85048,5.61686,1.5787,1548.3,980.742,0.0,0.0,0.6176,0.391207,0.0,1,0.0028927009,0.2800820613,0.27343187663478385,Test
HIWLUW_clean,5.19394,3.96476,5.19394,1.59085,1442.83,906.957,0.0,0.0,0.6148,0.386461,0.0,0,0.0036024217,0.3391483221,0.33615606084245764,Train
HIYBUN_clean,10.15365,9.81645,10.15365,1.11827,1552.73,1388.51,0.0,0.0,0.6486,0.580004,0.0,0,0.0009843845,0.1011724281,0.09991938563195732,Train
HIYGIH_clean,17.06952,6.66429,17.06948,0.730619,2158.98,2955.01,0.0,0.0,0.7424,1.01613,0.0,1,0.0032363146,0.3064199959,0.31487827737666385,Test
HIYYEU_clean,4.58192,3.82938,4.58192,1.15929,890.249,767.928,0.0,0.0,0.475,0.409735,0.0,0,0.0007467275,0.0713913547,0.07506085560163753,Train
HIZQEN01_clean,5.09985,3.87591,5.09025,1.50728,1179.77,782.72,0.0,0.0,0.547,0.362907,0.0,1,0.0029156304,0.2714662822,0.27176564131618147,Test
HIZQEN_clean,5.11247,3.90242,5.06469,1.50181,1156.11,769.817,0.0,0.0,0.5508,0.366759,0.0,1,0.0030098045,0.2774388041,0.2827016264979805,Test
HIZQUD_clean,6.30539,5.26051,6.30539,1.49546,1378.73,921.943,0.0,0.0,0.5664,0.378747,0.0,1,0.0028204796,0.2637399594,0.26589071316049884,Test
HOBGAH_clean,4.98965,4.17051,4.98965,1.41285,672.875,476.256,0.0,0.0,0.4416,0.312561,0.0,0,0.0012825588,0.1180794029,0.12102220370957198,Train
HOBGEL_clean,4.92633,4.45881,4.92633,1.33002,1110.7,835.1,0.0,0.0,0.469,0.352627,0.0,0,0.0047933426,0.4451526244,0.42354189095436523,Test
HOBGIP_clean,4.56618,4.05009,4.56618,1.4926,751.203,503.284,0.0,0.0,0.4242,0.284201,0.0,0,0.0033946283,0.2933149504,0.2990507501436237,Train
HOBGOV_clean,4.53296,4.00605,4.52467,1.46371,719.363,491.465,0.0,0.0,0.4314,0.29473,0.0,0,0.0034043437,0.3076881446,0.3064226783074566,Train
HOCDOU_clean,5.08767,3.82439,5.07588,1.48605,1252.4,842.773,0.0,0.0,0.5402,0.363514,0.0,1,0.0015221358,0.1485045663,0.14895230594824246,Test
HOFJIX_clean,9.75671,8.56589,9.45457,1.06294,1335.32,1256.25,0.0,0.0,0.5826,0.548103,0.0,1,0.0017171542,0.1765950059,0.16667426220193154,Test
HOFSOL_clean,6.47441,4.48765,6.46774,0.782233,2543.82,3252.0,0.0,0.0,0.7104,0.90817,0.0,0,0.0025391105,0.255186814,0.2557446171889836,Train
HOFSUS_clean,4.7504,3.70252,4.74887,1.26142,1014.67,804.388,0.0,0.0,0.555,0.439981,0.0,1,0.0028941671,0.2836951131,0.27155549258542994,Test
HOGJIX_clean,10.87652,5.94063,10.87549,0.784217,2419.27,3084.95,0.0,0.0,0.7452,0.950247,0.0,1,0.0030280663,0.2918411652,0.2983472898977287,Test
HOGJOD_clean,4.75742,3.71555,4.75742,1.43501,995.445,693.686,0.0,0.0,0.5006,0.348848,0.0,0,0.0029911107,0.2721324383,0.278404521261839,Test
HOGJUK_clean,4.62158,3.54405,4.62158,1.37822,778.037,564.523,55.153,40.0175,0.5524,0.400807,0.0,0,0.0009023202,0.087325689,0.09549999851733146,Test
HOGLEV01_clean,9.50106,5.60478,9.50106,0.851383,2390.76,2808.08,0.0,0.0,0.7012,0.823601,0.0,1,0.004029957,0.3816824002,0.38495408863018277,Test
HOGLEV_clean,14.03402,9.0463,14.02308,0.76193,2112.49,2772.55,0.0,0.0,0.7494,0.983555,0.0,1,0.0032565084,0.3148292471,0.31626247558951065,Test
HOGSIG_clean,5.41082,3.95109,5.41082,1.19816,1084.16,904.86,0.0,0.0,0.5322,0.444182,0.0,1,0.0018361346,0.1778910592,0.17641865071506335,Test
HOGTOM_clean,7.72626,5.11822,7.71236,1.77252,921.698,519.992,0.0,0.0,0.4714,0.265948,0.0,0,0.0007901067,0.0730616962,0.07880140541246558,Train
HOHMEX_manual,18.78417,14.89456,18.78417,0.315898,1578.36,4996.42,0.0,0.0,0.8756,2.77178,0.0,0,0.0025961623,0.2643930174,0.25653141210641905,Test
HOJLID_clean,8.3495,5.13588,8.1646,0.608298,3093.18,5084.98,0.0,0.0,0.7326,1.20434,0.0,0,0.0044413382,0.4251368369,0.42274873903528454,Train
HOJLUP_clean,6.04405,4.68216,6.04405,0.897215,1739.4,1938.66,0.0,0.0,0.5916,0.659373,0.0,1,0.0035571904,0.3363982672,0.33682527789874706,Test
HOKGUJ_clean,9.34177,3.71993,9.34177,1.22332,1337.41,1093.26,0.0,0.0,0.5774,0.471995,0.0,1,0.0017946644,0.1766427731,0.17189976659430703,Test
HOKLIE_clean,5.61648,4.05301,5.61199,1.31362,1114.73,848.591,0.0,0.0,0.4902,0.373167,0.0,1,0.0039977948,0.3490322824,0.35878586972113324,Test
HOLQIK_clean,12.10808,3.4458,10.16044,0.913109,1657.88,1815.64,0.0,0.0,0.663,0.726091,0.0,1,0.0030685236,0.2865442386,0.3040713746040081,Test
HOMRIL_clean,8.32537,4.10495,8.32349,0.82756,1557.76,1882.35,17.9805,21.7271,0.651,0.78665,0.0,1,0.0018299377,0.1786363361,0.17808470417047925,Test
HOMXIR_manual,23.70226,22.8547,23.70226,0.394433,1769.36,4485.82,0.0,0.0,0.844,2.13978,0.0,0,0.0024303846,0.2473038642,0.2434011456435373,Train
HOMZEP_clean,8.52957,6.78202,7.76045,1.30479,1180.46,904.71,435.839,334.03,0.602,0.461377,0.0,1,0.0063227629,0.591878732,0.5875778852431088,Train
HOQMIL01_clean,5.56977,4.83187,5.56337,1.16042,1122.88,967.652,0.0,0.0,0.4848,0.417781,0.0,0,0.0041148713,0.3775818459,0.3760945794377836,Train
HOQMIL02_clean,5.63983,4.88733,5.62365,1.14617,1146.47,1000.26,0.0,0.0,0.486,0.424021,0.0,0,0.0041628044,0.3752128451,0.3786812101437095,Test
HOQMIL03_clean,5.60791,4.87769,5.56878,1.15397,1143.32,990.77,0.0,0.0,0.4896,0.424274,0.0,0,0.0043803469,0.3864955568,0.39907180632043726,Train
HOQMIL04_clean,5.70711,4.91694,5.69105,1.1407,1134.98,994.985,0.0,0.0,0.4988,0.437277,0.0,0,0.0040460443,0.3609058423,0.36482362495746923,Test
HOQMIL_clean,5.74994,5.00317,5.74994,1.13423,1163.97,1026.22,0.0,0.0,0.491,0.432891,0.0,0,0.004085374,0.3793756495,0.3729041803059064,Test
HOQMUX_clean,4.86191,4.39042,4.86191,1.23808,888.924,717.986,0.0,0.0,0.4546,0.367182,0.0,0,0.0039526362,0.3601858218,0.3520532750583202,Test
HOQNEI_clean,5.27742,4.83558,5.27742,1.18109,1071.17,906.928,0.0,0.0,0.4762,0.403186,0.0,0,0.0040079437,0.3776389969,0.3634503604608308,Test
HOVGIK_clean,5.93161,4.23353,5.92922,1.12874,1308.17,1158.97,0.0,0.0,0.541,0.479296,0.0,0,0.0043490155,0.4112047655,0.4008182541657389,Test
HOVQAM_clean,8.83543,4.89469,8.82746,0.624336,3070.63,4918.23,0.0,0.0,0.7,1.12119,0.0,0,0.0046713885,0.4443168321,0.4439147736360113,Train
HOWJEK_clean,3.99229,3.40619,3.99097,1.96697,432.183,219.72,0.0,0.0,0.4482,0.227863,0.0,1,0.0017719033,0.1652860015,0.16347741730454743,Test
HOWPEQ_clean,5.50159,4.45937,5.49668,1.2167,2188.23,1798.5,0.0,0.0,0.652,0.535877,0.0,1,0.0015668778,0.1536422592,0.15970186012529664,Train
HOWPOZ_clean,7.21513,5.98736,7.21361,1.27988,1504.5,1175.5,0.0,0.0,0.585,0.457073,0.0,1,0.0021665922,0.2143737559,0.2141519555366958,Test
HOWPUF_clean,7.93406,5.48339,7.91016,0.971712,2041.64,2101.08,0.0,0.0,0.6486,0.667482,0.0,1,0.0027444763,0.260395759,0.2656223155157841,Test
HOWQAM_clean,6.8261,5.31039,6.2759,1.01498,2208.17,2175.58,0.0,0.0,0.6538,0.644149,0.0,1,0.0032182844,0.3113865918,0.31143259826674047,Test
HOWQEQ_clean,5.03956,3.43426,5.01641,1.51423,609.631,402.601,6.8807,4.54403,0.48,0.316993,0.0,1,0.0034667836,0.2956322792,0.31376778350452056,Test
HOWSAP_clean,6.71751,4.61596,6.71751,1.15559,1670.87,1445.9,0.0,0.0,0.5844,0.505717,0.0,1,0.0024637011,0.2461797935,0.23523572064144077,Test
HOWSET_clean,7.27272,4.03268,6.91947,1.23503,1647.39,1333.89,0.0,0.0,0.572,0.463147,0.0,1,0.0038699897,0.3563409475,0.3603183134082296,Test
HOWSIX_clean,7.29706,4.00765,6.07294,1.2292,1638.5,1332.99,0.0,0.0,0.575,0.467785,0.0,1,0.0037716349,0.3481016806,0.35236240849400347,Train
HOXGEH_clean,7.22422,5.56347,7.22422,1.76045,532.184,302.3,0.0,0.0,0.428,0.24312,0.0,1,0.0005836472,0.050095147,0.05459254833894342,Train
HOXJIO_charged,6.55469,4.73411,6.53912,1.16621,1617.91,1387.32,0.0,0.0,0.5634,0.483104,0.0,1,0.002472148,0.2341150177,0.236245335496237,Test
HOXKIP_clean,5.63987,3.43131,5.63987,1.70238,1080.26,634.558,0.0,0.0,0.5028,0.295352,0.0,1,0.0031696792,0.2805050996,0.289757514572802,Train
HOXKUB_clean,6.32021,4.20706,6.31633,1.716,1292.29,753.082,0.0,0.0,0.5408,0.315151,0.0,1,0.0035390982,0.3216869993,0.32337557337956857,Test
HOXSUK_clean,6.8634,6.5073,6.8549,1.07828,1271.94,1179.6,0.0,0.0,0.553,0.512854,0.0,1,0.0034726244,0.3130889462,0.32897460574136,Test
HOYREU_clean,6.42466,5.8923,6.42466,1.33156,1407.54,1057.05,0.0,0.0,0.5312,0.398929,0.0,1,0.0024331429,0.2503461414,0.23517734619079658,Test
HOYRIY_clean,6.33252,5.73011,6.33252,1.22757,1418.96,1155.91,0.0,0.0,0.5282,0.430281,0.0,1,0.0031835507,0.314909612,0.2988694570989327,Test
HOYROE_clean,6.155,5.22739,6.12328,1.60811,1166.91,725.638,0.0,0.0,0.4436,0.275852,0.0,1,0.0023673823,0.2249920214,0.22684902122947198,Test
HOYTUL_clean,5.4823,3.49814,5.47353,1.38751,591.329,426.179,114.439,82.4776,0.4482,0.323024,0.0,1,0.0010726925,0.1015999585,0.11080151299765026,Test
HOZBUV_clean,7.91812,7.59324,7.91812,1.47122,1126.87,765.945,0.0,0.0,0.5294,0.359837,0.0,1,0.0008499139,0.0809535254,0.08341446003290032,Train
HOZFEJ_clean,8.96888,8.2985,8.96888,1.10337,952.541,863.301,0.0,0.0,0.4856,0.440106,0.0,0,0.000886445,0.0912551743,0.08636913328142176,Test
HOZTOG_clean,8.69843,6.41352,8.68476,1.38534,1756.27,1267.75,0.0,0.0,0.642,0.463424,0.0,0,0.0010327313,0.1004394082,0.10059571538685252,Test
HOZXEB_clean,5.47734,4.35167,5.29891,2.01178,1095.39,544.49,0.870043,0.432475,0.5328,0.264841,0.0,1,0.0017825099,0.1599523541,0.1660161539514329,Train
HUCBAJ_charged,5.86453,3.89751,5.82742,1.20005,1333.39,1111.12,0.0,0.0,0.5246,0.43715,0.0,1,0.0077208137,0.6573933933,0.6585290327039235,Train
HUCBEN_manual,5.37435,4.22886,5.37435,1.12816,1186.89,1052.06,0.0,0.0,0.5522,0.48947,0.0,0,0.005073491,0.4677725944,0.46700899254861006,Train
HUCWOT_clean,6.74016,3.64875,6.72751,1.24419,1425.52,1145.74,0.0,0.0,0.5586,0.448968,0.0,0,0.0023888255,0.2347678287,0.23016330647915476,Test
HUCWUZ_clean,6.73347,3.6531,6.72302,1.2549,1424.07,1134.81,0.0,0.0,0.5568,0.443702,0.0,0,0.002507378,0.2384560138,0.2403141330943758,Test
HUCXAG_clean,6.73203,3.67524,6.71149,1.26793,1413.13,1114.52,0.0,0.0,0.5564,0.438826,0.0,0,0.0025409255,0.2369510778,0.24395350662274387,Test
HUCXEK_clean,6.73085,3.71981,6.7271,1.26713,1437.51,1134.46,0.0,0.0,0.5568,0.439419,0.0,0,0.0025027276,0.2325657581,0.23989908453459916,Train
HUCXIO_clean,6.71014,3.72796,6.70426,1.27761,1431.04,1120.09,0.0,0.0,0.554,0.433623,0.0,0,0.002369324,0.2308534842,0.2248647341973221,Test
HUCXOU_clean,6.73345,3.74488,6.72117,1.28647,1439.37,1118.85,0.0,0.0,0.5556,0.43188,0.0,0,0.0023839608,0.2317331124,0.22870115517976253,Train
HUCXUA_clean,6.72319,3.76747,6.7027,1.29306,1441.14,1114.52,0.0,0.0,0.5554,0.429523,0.0,0,0.0024427934,0.2344958264,0.23237237987413892,Train
HUDMAW_clean,5.85435,3.49017,5.85435,1.41425,459.28,324.752,4.50371,3.18452,0.4168,0.294714,0.0,0,0.0015973511,0.1537788626,0.14834375927138355,Train
HUDWUA_clean,5.86312,3.92573,5.85006,1.18848,1521.84,1280.49,0.0,0.0,0.5574,0.469003,0.0,1,0.0037683057,0.3595081811,0.35339095326514275,Train
HUFHEX_clean,11.02675,7.87011,11.02675,0.803859,2205.78,2743.99,0.0,0.0,0.7232,0.89966,0.0,1,0.0014282903,0.1485719469,0.1455287481678029,Train
HUFHIB_clean,9.90019,7.46213,9.90004,0.9042,1987.19,2197.73,0.0,0.0,0.6998,0.773944,0.0,1,0.0016233577,0.1650386131,0.1594267850004363,Train
HUFHOH_clean,11.37997,7.84586,11.37913,0.791329,2050.25,2590.9,0.0,0.0,0.7294,0.921741,0.0,1,0.0015572332,0.1452467085,0.16189178163660584,Test
HUFHUN_clean,11.46361,8.17134,11.46361,0.780594,2181.16,2794.23,0.0,0.0,0.7478,0.957988,0.0,1,0.00143077,0.1484008496,0.14538201473722182,Test
HUFJAV_clean,10.82518,7.21362,10.82516,0.846584,2017.74,2383.39,0.0,0.0,0.7126,0.841735,0.0,1,0.0013960546,0.141177569,0.14028142262935353,Train
HUFJEZ_clean,8.97021,6.86873,8.96999,1.02124,1801.67,1764.2,0.0,0.0,0.6662,0.652342,0.0,1,0.0016002141,0.1557563793,0.15897536777165897,Test
HUFKUQ_clean,12.94916,9.87431,12.94916,0.591794,2246.92,3796.8,0.0,0.0,0.7696,1.30045,0.0,1,0.0024741238,0.233057716,0.24327507568108142,Test
HUFLUR_clean,4.58854,4.14721,4.58854,1.14854,1287.04,1120.59,0.0,0.0,0.5678,0.494365,0.0,1,0.0012855093,0.1232006752,0.12774393093400527,Test
HUFMUS_clean,4.79853,3.61328,4.79853,1.52895,747.86,489.132,0.0,0.0,0.4994,0.326629,0.0,1,0.0009135208,0.0910340647,0.09094491016645986,Train
HUFYIS_clean,4.3139,3.55368,4.30056,2.21162,511.056,231.077,0.0,0.0,0.5152,0.232951,0.0,1,0.0010261724,0.1013078377,0.09799706301086272,Train
HUHBET_clean,5.15548,4.03539,5.14476,1.3667,952.931,697.251,1.82887,1.33817,0.456,0.333651,0.0,1,0.0006288574,0.0604216485,0.06153154177763054,Train
HUHNIJ_clean,6.23729,5.3405,6.23046,1.03071,1170.03,1135.17,0.0,0.0,0.5464,0.530122,0.0,1,0.001530272,0.1508331706,0.1475804378121335,Train
HUJGEA_clean,12.53944,4.7914,12.4029,0.822662,2143.27,2605.28,0.0,0.0,0.7056,0.857703,0.0,1,0.0041775157,0.3968472056,0.3929752750701301,Test
HUJVOX_clean,5.27825,3.53087,5.19969,0.862596,1941.73,2251.03,0.0,0.0,0.6554,0.7598,0.0,1,0.0030677992,0.3014636592,0.3009923479181961,Test
HULCOI_clean,19.48655,7.36184,19.24065,0.593799,2227.14,3750.66,0.0,0.0,0.7806,1.31459,0.0,1,0.0028129439,0.2755516993,0.28114764563307537,Test
HULRIR_clean,9.43814,4.59805,9.43814,1.24517,1642.64,1319.2,2.40063,1.92795,0.6318,0.5074,0.0,1,0.0021939352,0.2183962801,0.21216612679877,Train
HULTEN_clean,5.18269,3.6406,5.1729,1.69201,1269.56,750.33,0.0,0.0,0.571,0.337469,0.0,0,0.0098148525,0.7852497153,0.7967295125759833,Train
HULTEP_clean,7.49376,5.16023,7.49376,0.72122,2310.7,3203.88,0.0,0.0,0.6912,0.958376,0.0,0,0.0036687388,0.3597600434,0.35662992891911105,Test
HUMWIX_clean,14.98566,9.18322,14.98566,0.727734,1500.13,2061.37,168.676,231.782,0.6626,0.910497,0.0,1,0.0029345329,0.2701207063,0.28120695291903275,Test
HUPQIU_clean,11.12952,5.24741,11.12952,1.02735,1615.52,1572.51,0.0,0.0,0.5816,0.566115,0.0,1,0.001587948,0.1520830575,0.15579761479852436,Test
HUQGOR_clean,10.27351,7.23414,10.27351,0.702938,1802.86,2564.75,0.0,0.0,0.6908,0.982733,0.0,1,0.002786245,0.2767558212,0.2718539783700761,Test
HUQGUX_clean,10.2361,7.27261,10.14502,0.69251,1823.51,2633.19,0.0,0.0,0.6952,1.00388,0.0,1,0.0025683826,0.2554956519,0.2545957204402159,Test
HUQHAE_clean,10.11008,7.63969,10.07674,0.70182,1853.59,2641.12,0.0,0.0,0.6866,0.978314,0.0,1,0.00265009,0.2743839611,0.2633351448080006,Train
HUQHEI_clean,10.39855,7.33583,10.39855,0.70723,1815.66,2567.28,0.0,0.0,0.6916,0.9779,0.0,1,0.0025659845,0.267741366,0.25362074589293127,Test
HUQHIM_clean,10.2269,8.71112,10.19864,0.711062,1763.31,2479.82,0.0,0.0,0.6842,0.962223,0.0,1,0.0026629639,0.270468496,0.26368791666847735,Test
HUQHOS_clean,9.73841,7.14116,9.73841,0.752041,1815.26,2413.78,0.0,0.0,0.677,0.900216,0.0,1,0.0027926948,0.2703336594,0.2780557020183066,Test
HUQHUY_clean,12.11698,9.08074,12.11414,0.619951,1818.86,2933.88,0.0,0.0,0.7208,1.16267,0.0,1,0.0028060762,0.2677631737,0.2773135609779031,Test
HURFEH_clean,7.40163,5.27423,7.39913,1.02718,1852.44,1803.42,0.0,0.0,0.6308,0.61411,0.0,1,0.0043477993,0.4025140536,0.40895044251922574,Test
HURGEH_clean,7.76009,5.17265,7.74555,1.0195,2020.5,1981.85,0.0,0.0,0.6252,0.613242,0.0,1,0.0022826217,0.2157038367,0.22676314495840125,Test
HURGUX01_clean,4.95927,3.84058,4.95343,1.32588,650.018,490.253,0.0,0.0,0.4448,0.335474,0.0,1,0.0038528884,0.3364911942,0.3368132130931128,Test
HURGUX_clean,4.97475,3.84254,4.97057,1.32525,657.853,496.398,0.0,0.0,0.4546,0.343029,0.0,1,0.0039644556,0.3347458556,0.34522366651151043,Test
HUVHOX_clean,5.48842,3.66587,5.4468,1.48531,1066.45,718.001,0.0,0.0,0.5288,0.356021,0.0,1,0.0056029611,0.4880108695,0.4828578061503588,Train
HUWDEJ_clean,4.9355,3.41269,4.9355,1.26902,576.242,454.085,0.0,0.0,0.4542,0.357915,0.0,0,0.0031052541,0.270538481,0.28440641398728184,Test
HUWHOY_clean,6.08119,4.05672,5.74775,0.950744,2154.5,2266.13,0.0,0.0,0.64,0.673157,0.0,1,0.0044406854,0.4251307342,0.42461780611768973,Train
HUWLUI_clean,8.75473,4.69687,8.74085,1.19037,1892.69,1590.0,0.0,0.0,0.6324,0.531265,0.0,0,0.001913094,0.1909434572,0.18827018957532304,Train
HUWPIA_clean,6.29862,4.63989,6.29862,1.01225,1229.62,1214.75,0.0,0.0,0.5338,0.527343,0.0,0,0.0052063529,0.4644356245,0.4775263746454122,Train
HUWSUN_clean,6.32885,4.07784,6.32149,0.837909,1976.96,2359.4,0.0,0.0,0.6126,0.731105,0.0,0,0.0043686304,0.4219676089,0.4202461566025001,Test
HUXWAY_clean,8.32795,7.15006,8.32795,1.52785,1060.51,694.117,0.0,0.0,0.5724,0.374644,0.0,1,0.0005076539,0.0495002559,0.050691091489847934,Train
HUYJOA_clean,6.60468,3.67142,6.60468,0.952542,1431.54,1502.86,0.0,0.0,0.5926,0.622125,0.0,1,0.0030406149,0.297854928,0.29379041779479853,Test
HUYJUG_clean,9.25957,5.86045,9.25957,0.936428,1023.97,1093.48,181.933,194.284,0.5896,0.629627,0.0,1,0.0021280722,0.2044037149,0.2097299096029689,Test
HUYKAN_clean,9.77773,6.64666,9.77773,0.912205,1093.16,1198.37,132.875,145.663,0.5876,0.644153,0.0,1,0.0020492044,0.2026237491,0.20039779805136332,Test
HUYKER_clean,10.78123,7.93542,10.78123,0.823199,1422.11,1727.54,11.597,14.0878,0.6292,0.764335,0.0,0,0.0013957994,0.1395491161,0.14069077547247816,Test
HUYKIV_clean,13.89985,13.68041,13.89985,0.580343,1228.9,2117.55,17.6299,30.3783,0.7586,1.30716,0.0,1,0.0018363235,0.1789690512,0.17705835861509495,Test
HUYKOB_clean,12.11737,9.13356,12.10852,0.81232,1278.02,1573.3,19.6901,24.2393,0.6314,0.77728,0.0,0,0.0020444633,0.1903660505,0.19653537117781614,Test
HUYKUH_clean,11.74767,8.70516,11.74078,0.798853,1389.42,1739.27,15.3936,19.2696,0.6548,0.819675,0.0,0,0.0015268726,0.1487207238,0.14769941995702782,Test
HUZFEO_clean,5.36799,3.75589,5.36799,1.02114,1113.68,1090.63,0.0,0.0,0.58,0.567992,0.0,0,0.0060387554,0.5302792576,0.5344071464097799,Train
HUZFOY_charged,6.25647,5.45731,5.91782,0.952334,1722.4,1808.61,0.0,0.0,0.5758,0.60462,0.0,0,0.0038682575,0.382339226,0.3731639482053675,Test
HUZSOL_clean,9.96894,8.00393,9.95333,0.905605,1288.39,1422.68,0.0,0.0,0.602,0.664749,0.0,1,0.0025963988,0.240943114,0.24828659864611508,Test
HUZSUR_clean,9.15011,7.4108,9.12328,0.889985,1539.75,1730.09,0.0,0.0,0.5804,0.652146,0.0,1,0.0026601064,0.255083119,0.257590263903741,Train
HUZXAD_clean,11.46912,7.77199,11.4651,0.64457,2049.85,3180.18,0.0,0.0,0.7146,1.10865,0.0,1,0.0027157696,0.2629355945,0.2644230556337989,Test
HUZXEH_clean,10.51647,6.32242,10.51647,0.652816,2155.36,3301.64,0.0,0.0,0.7166,1.09771,0.0,0,0.0028940059,0.2800078698,0.2815203089868966,Test
HUZXIL_clean,10.514,7.06946,10.514,0.669354,2073.02,3097.05,0.0,0.0,0.7026,1.04967,0.0,1,0.0028833927,0.2857055817,0.28116611507681444,Test
HUZXOR_clean,11.426,7.94889,11.41586,0.669497,1905.96,2846.85,0.0,0.0,0.7086,1.05841,0.0,1,0.0027207078,0.2682890844,0.26517836806878126,Train
HUZXUX_clean,9.29118,6.23555,9.29118,0.722566,1940.52,2685.59,0.0,0.0,0.6812,0.942751,0.0,1,0.0028287676,0.2818608543,0.2815764363852787,Train
HUZYAE_clean,9.33073,8.38879,9.32654,0.70416,2028.32,2880.48,0.0,0.0,0.6852,0.973074,0.0,0,0.0037449244,0.3607447755,0.3648642927834174,Test
IBABOF01_clean,5.88201,4.55805,5.8327,1.10239,1625.66,1474.66,0.0,0.0,0.5558,0.504176,0.0,0,0.0035627513,0.3317161549,0.3371157552741174,Test
IBABOF_clean,5.93645,4.5492,5.93645,1.10165,1649.71,1497.5,0.0,0.0,0.558,0.506515,0.0,0,0.0035715951,0.3404979579,0.3430544075092433,Test
IBABUL_clean,6.15206,4.47904,5.79334,1.09763,1721.78,1568.64,0.0,0.0,0.559,0.50928,0.0,0,0.0037358354,0.3485785812,0.3588726975969542,Test
IBACAS_clean,6.00206,4.65234,5.82846,1.09941,1650.0,1500.81,0.0,0.0,0.5576,0.507182,0.0,0,0.0036423447,0.3477952812,0.34566805900695396,Train
IBARUA_clean,7.1268,5.0269,7.1268,1.98004,834.649,421.532,0.0,0.0,0.4306,0.217471,0.0,0,0.0013468752,0.1219292639,0.12619035358833755,Test
IBASAH_clean,7.16916,5.08713,7.16916,1.9547,862.063,441.02,0.0,0.0,0.4422,0.226224,0.0,0,0.001218845,0.1183129797,0.11925098641608545,Train
IBASEL_clean,7.42906,5.13218,7.42906,1.77226,891.565,503.068,0.0,0.0,0.4602,0.259669,0.0,0,0.0012550092,0.1193476151,0.12260080154053393,Test
IBASOV_clean,7.32486,5.10994,7.32486,1.82355,868.952,476.517,0.0,0.0,0.451,0.24732,0.0,0,0.0013179623,0.1212558256,0.12293820974651248,Train
IBASUB_clean,7.25865,5.07987,7.25865,1.86882,874.187,467.775,0.0,0.0,0.4444,0.237797,0.0,0,0.0013020569,0.1202728843,0.12235287932737768,Test
IBATEM_clean,7.23101,5.08834,7.23101,1.90327,884.824,464.897,0.0,0.0,0.4492,0.236015,0.0,0,0.0011580667,0.1190249598,0.11052589935208759,Test
IBEYOE_clean,6.06432,4.11134,6.06432,2.34842,1354.27,576.674,0.0,0.0,0.5366,0.228494,0.0,1,0.0007352657,0.0754965292,0.07134044141718149,Test
IBICAZ_clean,9.97802,9.8426,9.97802,1.0723,1065.95,994.074,0.0,0.0,0.5548,0.517392,0.0,0,0.0010232601,0.0965425604,0.09867189489594372,Train
IBICED_clean,10.07018,9.94208,10.07018,1.22593,1035.72,844.843,0.0,0.0,0.5562,0.453697,0.0,0,0.0009080365,0.0863166541,0.09243589818437986,Test
IBICIH_clean,9.99905,9.84285,9.99905,1.06849,1087.54,1017.83,0.0,0.0,0.5632,0.527098,0.0,0,0.0010119907,0.0970564443,0.0981332984906371,Test
IBICON_clean,10.09823,9.93982,10.09823,1.22363,1026.52,838.914,0.0,0.0,0.5488,0.448503,0.0,0,0.0008686423,0.0866534746,0.08541784592264506,Train
IBIRES_clean,6.08051,3.77232,6.05891,1.56855,1166.99,743.994,0.0,0.0,0.5416,0.345287,0.0,1,0.001807345,0.1629275436,0.17360216460113234,Test
IBITUK_clean,5.114,4.10664,5.114,1.17728,905.001,768.724,0.0,0.0,0.527,0.447643,0.0,1,0.00159231,0.1533470976,0.1516709449791334,Train
IBIYOI_ion_b,5.57969,4.82285,5.52558,1.97565,709.524,359.134,0.0,0.0,0.437,0.221193,0.0,1,0.0014362206,0.127916998,0.13068871666271176,Train
IBOTEY_clean,8.07557,7.19713,7.70521,0.981503,1333.18,1358.3,51.1851,52.1497,0.584,0.595006,0.0,0,0.0021244845,0.2118339466,0.21526185001470338,Test
IBOTIC_clean,6.31717,4.2524,6.31717,0.893807,2347.07,2625.93,0.0,0.0,0.6358,0.711339,0.0,0,0.0036013625,0.34681027,0.35284198234649167,Test
IBOTOI_clean,9.5634,6.50142,9.5634,0.680526,2284.07,3356.33,0.0,0.0,0.7158,1.05183,0.0,0,0.0021052082,0.2071866002,0.2100712978400772,Test
IBOZIK_clean,6.1387,4.49344,6.1387,0.940059,2165.41,2303.48,0.0,0.0,0.6574,0.699317,0.0,1,0.0025197748,0.2480790551,0.24896293677954437,Test
IBUBAL_clean,8.56175,6.50064,8.56175,1.3766,1598.36,1161.09,0.0,0.0,0.5934,0.431061,0.0,1,0.0014203902,0.1362809447,0.14136767513905749,Test
IBUBIT_clean,11.26336,10.79912,11.26336,0.878987,1904.31,2166.48,0.0,0.0,0.7036,0.800467,0.0,1,0.0015172414,0.1564552615,0.15257313525226623,Train
IBUDOZ_clean,5.08668,4.25333,5.08214,1.48919,879.713,590.733,0.0,0.0,0.5098,0.342334,0.0,1,0.0030106011,0.2766036974,0.279187696216616,Test
IBUYAH_clean,4.28353,4.03476,4.28353,1.49492,252.024,168.587,0.0,0.0,0.3994,0.267172,0.0,1,0.0006614342,0.0621994561,0.060956049704674914,Train
ic025743v_s1_clean,5.43084,3.59671,5.41371,0.985749,2031.66,2061.03,0.0,0.0,0.67,0.679686,0.0,1,0.000902369,0.0899179638,0.0894722216329063,Train
ic034943jsi20030807_040506_clean,5.2265,4.77382,5.2265,1.35803,835.979,615.584,0.0,0.0,0.4602,0.338874,0.0,1,0.0027642062,0.2474144735,0.25171487682105914,Test
ic050064gsi20050115_040515_clean,7.09944,5.34059,6.92965,0.893388,2231.12,2497.37,0.0,0.0,0.6764,0.757118,0.0,1,0.0032221336,0.3073459289,0.31370647473380303,Test
ic051810ksi20060220_094504_clean,6.9462,5.87305,6.9462,1.26346,2180.21,1725.6,0.0,0.0,0.6444,0.51003,0.0,1,0.0024795177,0.2478960021,0.24643159765929476,Test
ic0520162si20051122_054836_clean,6.8306,5.22442,6.80585,1.96079,794.081,404.98,10.1093,5.15573,0.4932,0.251531,0.0,1,0.0008585539,0.0810406614,0.08174563277563701,Test
ic060030osi20060309_091447_clean,7.66338,4.13517,7.08387,1.45852,1622.05,1112.12,0.0,0.0,0.6038,0.41398,0.0,1,0.0017971359,0.1796926728,0.17446119431383447,Train
ic060608urom20060410_101638_clean,4.58785,3.57723,4.32835,1.52818,688.664,450.644,0.0,0.0,0.5224,0.341845,0.0,0,0.0046445646,0.4374661209,0.4074311677695552,Test
ic060771psi20060614_113937_clean,5.26056,3.44551,5.26056,1.3794,1193.29,865.074,0.0,0.0,0.5622,0.407567,0.0,1,0.0027638569,0.2715996427,0.25996136887530963,Test
ic070274o-file006_clean,9.5696,5.43482,9.51118,0.6688,2216.08,3313.52,0.0,0.0,0.6986,1.04456,0.0,0,0.0027402048,0.2784278699,0.2688217167281397,Train
ic100188w_si_002_clean,7.49679,5.33186,7.49523,1.88994,791.307,418.693,0.0,0.0,0.3762,0.199054,0.0,0,0.0020323578,0.1871464782,0.19251669043454805,Train
ic101789u_si_002_clean,5.93071,5.35547,5.91488,0.866561,2600.04,3000.42,0.0,0.0,0.6794,0.784019,0.0,0,0.0048577937,0.4826653218,0.4724115598509125,Train
ic101935f_si_002_auto,13.52781,8.78691,13.51433,0.408029,2079.05,5095.35,0.0,0.0,0.8498,2.08269,0.0,0,0.0023956151,0.2354959996,0.23963412158821895,Test
ic102347b_si_001_clean,7.286,6.24859,7.286,0.867522,2138.17,2464.68,0.0,0.0,0.647,0.745803,0.0,1,0.0030671607,0.293372358,0.2986657536917308,Train
ic2017598_si_001_clean_h,14.86745,7.89388,14.86745,0.609156,2262.99,3714.96,0.0,0.0,0.7982,1.31034,0.0,0,0.0019927462,0.1985481438,0.2041558432683644,Test
ic202626c_si_002_clean,4.17676,3.4851,4.17082,1.22883,636.577,518.037,0.0,0.0,0.5146,0.418774,0.0,0,0.0024909703,0.2372506702,0.23458170966406144,Test
ic202769e_si_002_clean,5.53082,4.05182,5.47464,1.47192,707.209,480.467,0.0,0.0,0.4518,0.306946,0.0,0,0.0021045173,0.1965368839,0.19297930360733145,Test
ic300665a_si_002_clean,6.76851,6.40962,6.75925,1.06856,1310.99,1226.88,0.0,0.0,0.5662,0.529874,0.0,1,0.0026313623,0.2410727038,0.25149792873016885,Test
ic3019502_si_002_clean,8.03478,4.99407,8.03478,0.817121,2079.34,2544.72,0.0,0.0,0.6862,0.839778,0.0,1,0.0034246493,0.3372321705,0.3348042165841967,Test
ic400607w_si_001_clean,8.03748,6.22623,7.97705,1.08776,1912.85,1758.52,0.0,0.0,0.6308,0.579905,0.0,0,0.0023048892,0.2246878112,0.2258313147319669,Test
ic400777c_si_002_clean,6.92734,4.01933,6.90734,1.34581,1520.73,1129.98,0.0,0.0,0.5638,0.418931,0.0,1,0.0055664238,0.4947543684,0.4906301663651972,Test
ic401157n_si_002_clean,8.07184,5.576,8.06069,0.920261,2034.27,2210.53,0.0,0.0,0.6426,0.69828,0.0,0,0.0026279163,0.2667768245,0.259391486198304,Train
ic401157n_si_003_clean,8.36266,5.62116,8.35172,0.801466,2331.72,2909.32,0.0,0.0,0.6656,0.830478,0.0,1,0.0045101621,0.432126614,0.429298724316285,Train
ic402058f_si_002_clean,5.68988,4.36716,5.68491,1.37492,565.476,411.28,350.976,255.27,0.5054,0.367586,0.0,1,0.0039620404,0.3597372889,0.34804401654886435,Test
ic402058f_si_003_clean,5.34889,4.37091,5.2699,1.32744,1070.91,806.748,0.0,0.0,0.5284,0.398059,0.0,1,0.0051586405,0.4620010654,0.4688533561395558,Test
ic402058f_si_004_clean,5.82311,4.37702,5.76138,1.28628,1179.38,916.891,0.0,0.0,0.5444,0.423237,0.0,1,0.0045004305,0.4064142781,0.40566928968888455,Train
ic402058f_si_005_clean,5.71457,4.11763,5.69455,1.40487,535.949,381.495,295.743,210.514,0.4902,0.34893,0.0,1,0.0041182055,0.3491380321,0.3548672371426123,Train
ic402692p_si_002_clean,7.57252,6.20483,7.53216,1.12902,2001.22,1772.53,0.0,0.0,0.6518,0.577314,0.0,0,0.0038404702,0.3558086616,0.36745745412339476,Test
ic402692p_si_003_clean,5.22305,3.60975,4.94835,1.24721,1324.38,1061.87,0.0,0.0,0.5356,0.429439,0.0,1,0.0050218607,0.4635008641,0.44690875869414926,Test
ic402692p_si_004_clean,14.06271,4.49755,14.06271,0.931261,2158.03,2317.32,0.0,0.0,0.6974,0.748877,0.0,1,0.0028308574,0.2806012709,0.2797773757956579,Test
ic402692p_si_005_clean,8.36657,7.12488,8.36657,1.09017,2068.01,1896.96,0.0,0.0,0.651,0.597155,0.0,1,0.0029531047,0.2959340111,0.2838028583162983,Test
ic403134c_si_002_clean,5.082,3.77684,5.05347,1.04512,1065.89,1019.88,0.0,0.0,0.4842,0.463297,0.0,0,0.0077745451,0.669093423,0.6604795143002622,Train
ic500323r_si_001_clean,5.40217,4.39968,5.38357,1.7244,1051.83,609.969,0.0,0.0,0.4942,0.286592,0.0,1,0.0010202444,0.1036165838,0.09709645281997697,Test
ic500323r_si_002_clean,5.13222,4.08543,5.13222,1.68431,1029.92,611.476,0.0,0.0,0.4906,0.291276,0.0,1,0.0012987873,0.1208728706,0.12378904836606106,Test
ic5008457_si_002_clean,5.97545,4.80817,5.79843,0.950435,2209.73,2324.97,0.0,0.0,0.6536,0.687685,0.0,1,0.0029678871,0.2781084753,0.2885291812603924,Test
ic5011133_si_002_clean,5.81331,3.76182,5.80948,1.18896,1513.31,1272.8,0.0419839,0.0353114,0.5602,0.471167,0.0,1,0.0033018586,0.3188395827,0.3128035742945939,Train
ic5011133_si_003_clean,6.22091,5.02145,6.15779,1.0165,1852.81,1822.74,0.0,0.0,0.6262,0.616036,0.0,0,0.0031348527,0.2988002723,0.30335853202988255,Train
ic5011133_si_004_clean,5.76939,3.85425,5.57935,1.03783,2096.3,2019.88,0.0,0.0,0.6036,0.581597,0.0,1,0.002406077,0.2420107257,0.23599293483290146,Test
ic501477u_si_002_clean,8.32761,5.8376,8.32761,0.662866,2535.19,3824.58,0.0,0.0,0.725,1.09373,0.0,0,0.0025590884,0.2600932988,0.2529531754197741,Test
ic501801f_si_002_clean,7.62911,3.95603,7.62911,0.921866,1772.69,1922.93,0.0,0.0,0.5984,0.649118,0.0,1,0.0019256514,0.1946617437,0.1898964097395261,Train
ic501801f_si_003_clean,7.15079,6.5153,7.14534,0.88298,1302.1,1474.67,43.0565,48.7627,0.5668,0.641917,0.0,1,0.0013552584,0.1491989302,0.14359279541314923,Train
ic501849g_si_002_clean,6.90703,4.72819,6.90703,1.13022,1690.08,1495.36,0.0,0.0,0.5888,0.520963,0.0,1,0.0024089522,0.2364214514,0.23573375605366576,Train
ic5021302_si_002_clean,7.40462,5.14931,5.97305,1.03321,929.837,899.95,920.441,890.857,0.6068,0.587296,0.0,0,0.0034791192,0.3240037388,0.3251347143756825,Train
ic502254c_si_002_clean,12.68207,7.60887,12.68207,0.711281,1866.25,2623.79,0.0,0.0,0.7144,1.00439,0.0,1,0.0020548322,0.2016833017,0.20788868219950712,Test
ic502643m_si_003_clean,9.70753,8.64872,9.70205,0.819549,2343.2,2859.13,0.0,0.0,0.7048,0.859985,0.0,1,0.0029716334,0.2889525413,0.29545361453870433,Test
ic502643m_si_006_clean,9.0043,8.36575,9.0043,0.810849,2358.37,2908.52,0.0,0.0,0.7174,0.884751,0.0,1,0.0029483594,0.302279765,0.2838605804226555,Test
ic502643m_si_007_clean,13.1918,11.62964,13.1918,0.690929,2270.17,3285.68,0.0,0.0,0.7542,1.09157,0.0,1,0.0028610215,0.2686602091,0.27814336729745665,Train
ic502643m_si_008_clean,9.64298,8.71131,9.6207,0.809539,2189.42,2704.52,0.0,0.0,0.7184,0.887419,0.0,1,0.0036734948,0.3378654167,0.3525982906493623,Test
ic502643m_si_009_clean,12.65736,11.14997,12.63796,0.678305,2348.61,3462.47,0.0,0.0,0.757,1.11602,0.0,1,0.0028683075,0.2806723202,0.28155733523011295,Test
ic502643m_si_010_clean,12.46942,12.09962,12.4634,0.660845,2360.76,3572.33,0.0,0.0,0.7614,1.15216,0.0,1,0.0026780212,0.2707459638,0.26568212762387844,Train
ic502725y_si_004_clean,9.62394,4.35849,9.62394,1.57097,2049.09,1304.34,0.0,0.0,0.6364,0.405099,0.000509239,0,0.0014149958,0.1411558102,0.13876395934958227,Test
ic502730y_si_002_clean,6.89356,6.68644,6.89356,1.03024,1630.4,1582.54,0.0,0.0,0.626,0.607627,0.0,0,0.0026408534,0.2573762255,0.25917828240134383,Train
ic502921j_si_002_clean,10.79969,7.20507,10.77322,1.03513,1844.88,1782.26,0.0,0.0,0.6792,0.656147,0.0,1,0.0022080145,0.2059112809,0.2148875298953466,Test
ic502921j_si_003_clean,7.7085,4.09601,7.43001,1.34893,1247.81,925.035,50.2931,37.2837,0.56,0.415144,0.0,1,0.0019698256,0.1837396841,0.186618557143042,Train
ic5029383_si_002_clean,13.89608,6.70448,13.87452,0.615292,2325.45,3779.43,0.0,0.0,0.7826,1.27192,0.0,1,0.0027174831,0.2790180321,0.26857659763154723,Test
ic5b00096_auto,12.59507,5.60823,12.59507,0.755193,2269.89,3005.71,0.0,0.0,0.7192,0.952339,0.000264833,0,0.0013277257,0.1339234615,0.13423026360684087,Test
ic5b00130_si_002_clean,5.93683,5.18128,5.93683,1.3408,561.854,419.044,0.0,0.0,0.4314,0.321748,0.0,0,0.0019032457,0.1747744666,0.17113155951434444,Train
ic5b00194_si_002_clean,8.53834,6.535,8.52358,0.823713,2522.95,3062.9,0.0,0.0,0.705,0.85588,0.0,1,0.0045571351,0.4303179406,0.4353835709793408,Train
ic5b00535_si_002_clean,17.88281,5.61829,17.88281,0.59819,1804.02,3015.8,0.0,0.0,0.749,1.25211,0.000668684,0,0.0025354193,0.2516082013,0.2501745050079806,Test
ic5b01023_si_002_clean,12.81278,3.94057,12.81278,0.929822,1555.72,1673.14,0.0,0.0,0.6134,0.659696,0.0,1,0.0047039262,0.4208203148,0.42841453379449584,Test
ic700893w-file001_clean,4.64861,4.20723,4.64861,1.96566,477.402,242.871,0.0,0.0,0.3902,0.198508,0.0,1,0.0009798824,0.0948145279,0.09219392488644165,Train
ic7014034-file001_clean,6.72718,4.71693,5.67099,0.945137,1965.67,2079.78,0.0,0.0,0.6212,0.657259,0.0,1,0.0039085744,0.3656146704,0.36872761973919466,Train
ic7025158-file001_clean,6.29254,4.20047,6.29254,1.82522,2184.33,1196.75,0.0,0.0,0.6642,0.363901,0.0,1,0.0010337424,0.0979325458,0.09775448015035137,Test
ic800131r-file003_clean,12.9498,9.58722,12.94902,0.417413,1982.69,4749.95,0.0,0.0,0.8202,1.96496,0.0,1,0.0023908783,0.2454032657,0.23994034091313415,Train
ic8004536-file004_clean,6.6968,4.95321,6.255,1.67243,1875.63,1121.5,0.0,0.0,0.609,0.364141,0.000119587,1,0.0006659029,0.0680774421,0.06727476407579017,Train
ic9002115_si_001_clean,5.30738,5.07102,5.30738,1.24196,982.107,790.77,0.0,0.0,0.4718,0.379883,0.0,0,0.003877785,0.347910487,0.34872978109081043,Train
ICAGOK_clean,8.74413,5.00268,8.74413,0.838204,1937.33,2311.28,0.0,0.0,0.645,0.769503,0.0,1,0.0026126717,0.2574228359,0.2594157347692067,Test
ICAQIO_clean,20.39112,7.95732,20.39112,0.40349,1914.78,4745.53,0.0,0.0,0.8268,2.04912,0.0,0,0.0028278627,0.275355818,0.2771660259517962,Test
ICAQOU_clean,20.29966,7.90669,20.29476,0.413296,1915.83,4635.5,0.0,0.0,0.824,1.99373,0.0,0,0.0026710425,0.2735907191,0.2645230577909165,Train
ICAROV_clean,20.33339,7.92146,20.31568,0.406521,1928.4,4743.67,0.0,0.0,0.8236,2.02597,0.0,0,0.0027501775,0.2698515617,0.2733068294465245,Test
ICAWUF_clean,8.09105,7.71087,8.06629,1.03438,1360.39,1315.18,0.0,0.0,0.5716,0.552602,0.0,1,0.0018485021,0.1768527079,0.1792362561621518,Train
ICEGED_clean,7.44329,6.41787,7.44329,0.943252,2339.38,2480.12,0.0,0.0,0.7078,0.750383,0.0,1,0.002126186,0.2112930594,0.21765920708123956,Test
ICISAP_clean,8.79152,6.71431,8.77922,0.851648,2192.52,2574.44,0.0,0.0,0.6926,0.813247,0.0,1,0.0031603987,0.3011957218,0.3059289015728237,Test
ICITEU_charged,19.79523,10.47822,19.79523,0.512865,1788.29,3486.86,0.0,0.0,0.8054,1.57039,0.0,0,0.0029269912,0.2765772771,0.2817843325398692,Test
ICIVAS_clean,5.79063,4.60472,5.70801,1.33492,507.517,380.187,462.251,346.277,0.4564,0.341894,0.0,1,0.0021455972,0.2037588757,0.20583930031885905,Train
ICODIP01_clean,12.6239,9.97272,12.61095,0.806244,1575.25,1953.81,0.0,0.0,0.686,0.850859,0.0,0,0.0020935037,0.2160575034,0.20732267596346649,Test
ICODIP_clean,12.5506,9.93166,12.1307,0.813948,1593.28,1957.47,0.0,0.0,0.685,0.841577,0.0,0,0.0021198925,0.2218498237,0.2119530060665042,Test
ICORAV_ion_b,4.97918,4.38997,4.82512,1.76091,1048.99,595.709,0.0,0.0,0.479,0.272019,0.0,1,0.0007779518,0.0741022396,0.07724763437992146,Train
ICOWON_clean,5.79599,4.2449,5.79493,1.26187,1474.68,1168.65,0.0,0.0,0.5752,0.45583,0.0,1,0.0017698767,0.1793950897,0.17308547203232427,Train
IDAGEA_charged,6.40396,5.9816,6.40396,1.07446,1281.71,1192.89,0.0,0.0,0.5302,0.493458,0.0,1,0.001414072,0.1339075364,0.1423092974036412,Test
IDEYOF_clean,10.03153,6.17304,10.03153,0.42881,2478.11,5779.04,0.0,0.0,0.8074,1.88288,0.0,1,0.002766553,0.2659301679,0.27735882814787594,Test
IDIWIB_clean,6.62997,6.29787,6.59524,1.04722,1606.71,1534.25,0.0,0.0,0.612,0.584403,0.0,0,0.0027662829,0.2712436007,0.27110682192221763,Test
IDIWUN_clean,10.73827,9.8398,10.73827,0.874765,1685.19,1926.45,0.0,0.0,0.684,0.781924,0.0,0,0.0020975109,0.2120787249,0.20893754996969408,Train
IDIXAU_clean,9.41711,9.09464,9.41711,0.965845,1677.36,1736.68,0.0,0.0,0.6676,0.691208,0.0,0,0.0024642326,0.2437344343,0.23895069743661534,Test
IDORAW_clean,10.66058,7.94571,10.64148,0.758358,1989.66,2623.65,0.0,0.0,0.7566,0.997682,0.0,1,0.0017236705,0.1731489761,0.17603068425980767,Train
IDUDIW_clean,4.41225,3.49442,4.39662,1.09369,1435.22,1312.27,0.0,0.0,0.577,0.527571,0.0,0,0.0038704727,0.3693772626,0.3762204966124835,Test
IDUTUW_clean,4.95983,4.34552,4.92681,3.2621,618.922,189.731,0.0,0.0,0.4194,0.128567,0.0,1,0.0003510421,0.0346473474,0.029929451748019142,Train
IFAGON_clean,7.26408,5.9349,7.24141,0.928559,1699.23,1829.96,0.0,0.0,0.6226,0.670501,0.0,1,0.0030635908,0.2975817691,0.2969747850255077,Train
IFAHEC_clean,8.64157,7.39543,8.63925,1.95986,1143.21,583.31,50.6979,25.8681,0.5464,0.278795,0.0,1,0.0155502038,0.843737195,0.8594461139955416,Train
IFAREN_charged,5.57319,3.90361,5.56208,1.81423,974.915,537.371,3.1454,1.73374,0.4442,0.244842,0.0,0,0.0006247683,0.0573730868,0.06605519134450166,Test
IFASOZ_clean,9.64796,7.3234,9.64796,0.745691,1847.95,2478.17,0.0,0.0,0.6678,0.895545,0.0,1,0.0017332187,0.1591391601,0.17725084567708038,Test
IFEHUY_clean,11.31643,10.12794,11.31643,1.037,1594.72,1537.82,0.0,0.0,0.6458,0.622755,0.0,1,0.0016260624,0.1674637622,0.1589563148081005,Test
IFENOY01_SL,7.2447,5.77835,7.2447,1.33475,547.742,410.371,0.0,0.0,0.456,0.341638,0.0,0,0.0004972944,0.0437238726,0.046940970875657545,Train
IFENOY02_SL,7.2725,5.76,7.2725,1.32744,548.221,412.992,0.0,0.0,0.4566,0.343971,0.0,0,0.0004712323,0.045094602,0.04504273283968005,Train
IFENOY03_SL,7.28997,5.75367,7.27102,1.31871,593.793,450.282,0.0,0.0,0.4674,0.354437,0.0,0,0.0005592801,0.0522018268,0.05329906033298476,Train
IFENOY_clean,7.29661,5.78947,7.29661,1.34939,546.821,405.234,0.0,0.0,0.4514,0.33452,0.0,0,0.0004141772,0.0423489169,0.03999486852963963,Train
IFEPUG_SL,8.50919,8.20364,8.50919,1.3525,636.298,470.459,0.0,0.0,0.441,0.326062,0.0,0,0.0011065858,0.1114601629,0.11480581849167112,Train
IFEQIV_SL,8.23002,7.90173,8.23002,1.32672,694.39,523.389,0.0,0.0,0.4528,0.341293,0.0,0,0.0007635512,0.0812167729,0.07761910645620407,Train
IFEYIB_clean,5.67304,3.77404,5.54772,1.56953,1870.34,1191.66,0.0,0.0,0.6516,0.415157,0.0,1,0.0012291652,0.1137909016,0.12222190916350387,Train
IFOSIG_clean,4.26001,3.61738,4.26001,1.58988,662.885,416.939,121.875,76.6569,0.5738,0.360907,0.0,0,0.0007204339,0.0708149961,0.0727153391390504,Train
IFUNUU_clean,5.50748,4.0974,5.50748,1.36844,1548.79,1131.79,0.0,0.0,0.5726,0.418432,0.0,1,0.0041727544,0.3764575496,0.3900214785430885,Test
IGAGAA_clean,6.32999,3.64698,6.28248,1.49391,1433.42,959.509,0.0,0.0,0.5336,0.357182,0.0,1,0.003529184,0.3269482398,0.32750715535314756,Test
IGAGUU_clean,16.24786,12.96845,16.24786,0.632439,2294.44,3627.92,0.0,0.0,0.7656,1.21055,0.0,1,0.0023365001,0.2295818618,0.23426667965663722,Train
IGAHAB_clean,8.07676,5.90613,8.07676,1.09695,1250.92,1140.36,257.39,234.642,0.6018,0.548613,0.0,1,0.0038789791,0.333569826,0.35068501368919275,Test
IGETUL_clean,7.73199,5.01492,7.73199,1.17458,1427.74,1215.53,0.0,0.0,0.5802,0.493962,0.0,1,0.0050200252,0.436020994,0.4450828927123452,Test
IGEXOH_clean,5.20725,4.43194,5.19154,1.26433,2211.95,1749.5,0.0,0.0,0.6598,0.521856,0.0,0,0.0030857974,0.2992335075,0.29985354703215766,Train
IGINIX01_clean,5.76124,3.82869,5.74335,1.27239,1739.17,1366.85,0.0,0.0,0.5698,0.447817,0.0,1,0.0040579951,0.3883632362,0.3863820780327374,Train
IGINIX_clean,5.75448,3.84672,5.66179,1.27352,1748.75,1373.16,0.0,0.0,0.5668,0.445064,0.0,1,0.0040851087,0.3855886159,0.38624640445058755,Train
IGITOJ_clean,9.86619,7.72074,9.86533,2.03715,1524.44,748.321,0.0,0.0,0.6278,0.308175,0.0,0,0.0004155892,0.0403858403,0.041938255145566344,Train
IGIZAA_clean,4.5862,3.48961,4.56741,3.31108,485.403,146.6,0.0,0.0,0.374,0.112954,0.0,1,0.0001513302,0.0161294794,0.017001083340779266,Train
IGIZEF_clean,4.69926,3.5008,4.58086,1.87274,282.887,151.055,108.889,58.1444,0.4116,0.219785,0.0,1,0.0032066168,0.271964847,0.2619468548726263,Test
IGOJEV_clean,6.84915,5.33678,6.8307,1.1268,1367.78,1213.86,0.0,0.0,0.5334,0.473376,0.0,0,0.00299188,0.2757105388,0.28580221230144365,Test
IGUCIY_clean,4.91096,3.9591,4.91096,1.65468,587.51,355.059,0.0,0.0,0.4326,0.26144,0.0,0,0.0011808507,0.1142241273,0.1089074152792707,Test
IGUVIR01_clean,6.10337,3.92459,6.10337,1.30886,926.034,707.513,0.0,0.0,0.4778,0.365051,0.0,0,0.0038181613,0.3358344165,0.33382128097956376,Train
IGUVIR_clean,5.80337,3.48765,5.78397,1.34417,868.475,646.107,0.0,0.0,0.4594,0.341773,0.0,0,0.0039102886,0.3413907114,0.33995348446123375,Train
IHAJEH_clean,6.78044,6.29448,6.78044,1.39086,1751.0,1258.94,0.0,0.0,0.6318,0.454253,0.0,0,0.0011794004,0.117477077,0.11612802224143606,Train
IHAJIL_clean,5.45406,4.34442,5.40178,1.56119,1403.37,898.914,0.0,0.0,0.5862,0.375483,0.0,0,0.0036597381,0.3309872952,0.33773189668349013,Train
IHILUI_clean,4.87031,3.7868,4.87031,2.14625,806.195,375.629,0.0,0.0,0.4228,0.196995,0.0,1,0.0008131457,0.07518349,0.07704218562136395,Train
IHIMAP01_clean,5.07944,3.8505,5.07201,1.90767,927.816,486.36,0.0,0.0,0.4506,0.236204,0.0,1,0.0008786675,0.079754427,0.083781009207374,Train
IHIMAP_clean,4.88033,3.6251,4.88017,1.94507,780.03,401.03,0.0,0.0,0.4326,0.222409,0.0,1,0.0007820472,0.0737742251,0.07678609877718756,Train
IHUTIQ_clean,4.64256,3.74008,4.5445,1.27422,518.012,406.533,0.0,0.0,0.439,0.344525,0.0,0,0.000915217,0.0931280687,0.09185642054225943,Train
IJASOC_clean,6.30976,5.8805,6.27431,1.0194,1983.73,1945.99,0.0,0.0,0.653,0.640576,0.0,1,0.002652037,0.2570417292,0.25810937723848026,Test
IJEVEA_clean,6.16235,3.65442,6.15987,1.71122,898.254,524.922,0.0,0.0,0.4748,0.277464,0.0,1,0.0029233591,0.2696568188,0.26517226196364674,Test
IJEVIE_clean,6.39858,3.56516,6.38456,1.47483,1314.49,891.28,0.423263,0.286991,0.5748,0.389739,0.0,1,0.0035791356,0.3264393685,0.3346226590558303,Test
IJEXIF01_clean,6.79743,4.32524,6.79743,1.08441,2203.63,2032.1,0.0,0.0,0.6682,0.616187,0.0,1,0.0042756214,0.4137939872,0.40781427605014875,Test
IJEXIF_clean,6.7342,4.37179,6.7342,1.07253,2222.65,2072.34,0.0,0.0,0.6664,0.621333,0.0,1,0.0041635637,0.3997195481,0.3986564763499405,Train
IJIGOX_clean,6.16574,5.62335,6.16574,2.01565,1416.67,702.835,0.0,0.0,0.5266,0.261256,0.0,0,0.0060250988,0.5025472768,0.5103996340932142,Train
IJUTEM_clean,7.42822,3.46008,7.42822,1.4496,1196.69,825.529,190.636,131.509,0.5614,0.38728,0.0,0,0.0235813147,1.4339047051,1.4393097922313849,Train
IKAYAU_clean,4.59122,3.56678,4.59122,1.61867,325.484,201.081,0.0,0.0,0.3984,0.246128,0.0,1,0.0004890048,0.0507295161,0.04775726953330747,Train
IKEBUV01_clean,4.90885,3.89845,4.88149,1.28693,1923.5,1494.65,0.0,0.0,0.6236,0.484565,0.0,1,0.0023290839,0.2283115598,0.22992639319886052,Train
IKEBUV_clean,4.87862,3.88747,4.8574,1.29691,1916.47,1477.73,0.0,0.0,0.6176,0.47621,0.0,1,0.0023762632,0.2313341792,0.23122489086901143,Test
IKETAU_clean,5.60593,4.335,5.59414,1.55077,1730.4,1115.83,0.0,0.0,0.5626,0.362788,0.0,1,0.0020241246,0.195457369,0.1972959924890212,Test
IKETEY_clean,5.5138,4.26379,5.5027,1.61573,1676.6,1037.67,0.0,0.0,0.5562,0.34424,0.0,1,0.0020544325,0.2052999145,0.19858896723265734,Test
IKETIB_clean,13.18345,6.57771,10.98623,0.873765,2179.56,2494.44,0.0,0.0,0.722,0.826309,0.0,1,0.0027769261,0.2594641819,0.26589470595821546,Test
IKETIC_clean,5.48661,4.24072,5.47557,1.63135,1674.67,1026.56,0.0,0.0,0.5538,0.339473,0.0,1,0.0021312918,0.2034593426,0.20995618557673537,Train
IKETOH_manual,13.20001,6.4144,13.20001,0.879595,2120.61,2410.89,0.0,0.0,0.713,0.810601,0.0,1,0.0030765813,0.3012337353,0.2936554635422823,Train
IKETOI_clean,5.47175,4.23311,5.43757,1.66186,1666.92,1003.04,0.0,0.0,0.5532,0.33288,0.0,1,0.002079441,0.2017239296,0.2003057514929783,Test
IKETUN_clean,13.22557,6.52759,13.22557,0.869317,2182.06,2510.09,0.0,0.0,0.7238,0.832608,0.0,1,0.0027129988,0.2543323807,0.2572948959126789,Train
IKETUO_clean,5.44662,4.20794,5.39592,1.67888,1662.67,990.343,0.0,0.0,0.552,0.328791,0.0,1,0.0021874387,0.2019398839,0.2089866319401928,Train
IKEVAW_clean,5.40684,4.19271,5.39701,1.71304,1637.64,955.985,0.0,0.0,0.5474,0.319548,0.0,1,0.0022275879,0.2051527949,0.20999908892886082,Train
IKOPEF_clean,7.2534,4.34633,7.2534,1.24385,1606.2,1291.31,0.0,0.0,0.5726,0.460344,0.0,1,0.0027879406,0.2692287485,0.2633802967913981,Train
IKOPIJ_clean,5.93474,4.94123,5.93474,1.12209,2241.63,1997.73,0.0,0.0,0.5918,0.527408,0.0,1,0.0023442833,0.2282916759,0.23117431629487417,Test
IKOSOQ_clean,5.18747,4.15785,5.187,1.04558,711.454,680.438,252.551,241.541,0.5228,0.500009,0.0,1,0.0033640355,0.3173557969,0.3075911533598659,Test
IKOSUW_charged,4.07919,3.55335,4.07791,1.12011,691.738,617.562,0.187284,0.167201,0.517,0.461562,0.0,1,0.0011255484,0.1125746919,0.11283447048062004,Train
IKOTUZ_clean,16.05073,15.64664,16.05073,1.00283,1515.79,1511.5,0.0,0.0,0.658,0.656142,0.0,1,0.0024503429,0.2448653391,0.23996344072504316,Train
IKOVAH_clean,16.06628,15.68836,16.05839,1.01053,1521.53,1505.68,0.0,0.0,0.6416,0.634917,0.0,1,0.0025238204,0.2467888718,0.25020263790861286,Test
IKOVEL_clean,15.9244,15.48384,15.9244,0.975432,1532.92,1571.53,0.0,0.0,0.643,0.659195,0.0,1,0.0024279783,0.2448559655,0.23986892482416344,Train
IKUBUL01_clean,4.97225,4.13588,4.96966,1.70618,1252.65,734.185,0.0,0.0,0.581,0.340527,0.0,0,0.0050716446,0.4494712241,0.45222990585739153,Train
IKUBUL_clean,5.00176,4.50394,4.98274,1.67146,1332.86,797.421,0.0,0.0,0.5778,0.345685,0.0,0,0.0047618565,0.421506543,0.4178050288562678,Train
IKUTIT_clean,6.70756,4.84545,6.68635,1.15517,2264.75,1960.54,0.0,0.0,0.6434,0.556977,0.0,1,0.0029386939,0.2850043307,0.28209827356968115,Test
IKUTOZ_clean,6.60931,5.74465,6.60446,1.16881,1703.33,1457.32,0.0,0.0,0.5968,0.510603,0.0,1,0.0021194641,0.2062491355,0.21342115970520492,Test
ILAGUY_charged,4.63061,3.51764,4.63061,1.4904,238.135,159.779,0.0,0.0,0.3824,0.256575,0.0,0,0.0011370546,0.1014021457,0.0998350240117469,Train
ILEHUD_clean,5.02137,3.75623,4.99615,1.79998,1015.1,563.953,0.0,0.0,0.5264,0.292448,0.0,1,0.0045200488,0.3889012144,0.4017500476383945,Test
ILENOC_clean,4.95574,3.57203,4.9334,2.30558,814.836,353.419,0.0,0.0,0.4958,0.215043,0.0,1,0.0089043111,0.6868104194,0.6766717039494821,Train
ILIFOY_clean,5.51379,4.36093,5.51127,1.7785,832.969,468.356,0.0,0.0,0.4352,0.244701,0.0,0,0.0025875333,0.2370466061,0.2279229293481941,Test
ILIFUE_clean,5.46839,4.30835,5.46382,1.80799,845.912,467.873,0.0,0.0,0.4296,0.237611,0.0,0,0.0028384506,0.2510406453,0.2524737601949072,Train
ILIGAL_clean,5.39984,4.21783,5.39803,1.8431,801.718,434.983,0.0,0.0,0.424,0.230047,0.0,0,0.002926627,0.2637273089,0.2545260838650886,Test
ILIGEP_clean,5.40466,4.22337,5.40056,1.85928,816.766,439.291,0.0,0.0,0.4238,0.227938,0.0,0,0.0029720718,0.2627461823,0.26558703785630966,Train
ILIMOH_clean,7.40414,5.70962,7.40414,1.17288,870.384,742.093,0.0,0.0,0.5052,0.430735,0.0,0,0.0009771866,0.1031134335,0.09771669221163709,Train
ILIMUN_clean,6.19427,4.05594,6.18143,1.18958,950.094,798.68,0.0,0.0,0.473,0.397619,0.0,0,0.002285623,0.218208675,0.21583924700848467,Test
ILINIC_clean,4.81641,3.7003,4.81641,3.15291,1757.15,557.309,0.0,0.0,0.577,0.183005,0.0,1,0.0003694411,0.0371465192,0.040020968130588364,Train
ILITUT_manual,12.63372,9.84913,12.63125,0.49196,2089.33,4246.95,0.0,0.0,0.786,1.59769,0.0,1,0.002525605,0.2496039623,0.25405933331484065,Train
ILOJOJ_clean,6.13171,4.84213,6.13171,1.27844,834.445,652.704,0.0,0.0,0.4692,0.367009,0.0,1,0.0021721768,0.2056182991,0.20263717445540302,Test
IMACND_clean,4.34425,3.82182,4.33967,1.80066,838.501,465.663,0.0,0.0,0.5398,0.299779,0.0,1,0.0006460233,0.0660576899,0.06049286967751927,Train
IMAGAG_clean,5.63215,4.41962,5.58123,0.709614,2844.3,4008.23,0.0,0.0,0.7052,0.99378,0.0,1,0.0033410103,0.3306720049,0.3286750044194454,Train
IMAXUR_clean,9.35814,4.03338,9.35814,0.94009,1810.27,1925.64,0.0,0.0,0.6284,0.668447,0.0,1,0.0032116925,0.3008275186,0.31031151428114784,Train
IMEDOV_clean,8.12382,4.26401,8.12382,1.06775,893.804,837.087,12.2034,11.4291,0.5044,0.472393,0.0,1,0.0013770337,0.1289126618,0.1283661486189449,Train
IMISIH_clean,5.27982,3.88793,5.27982,1.92173,1036.22,539.212,0.0,0.0,0.5212,0.271214,0.0,1,0.0020067461,0.1846915321,0.1914165724903051,Test
IMUTUG_ion_b,8.41076,5.98943,8.40503,1.06348,2136.59,2009.05,13.7433,12.9229,0.6802,0.639596,0.0,1,0.0045216877,0.3971749929,0.40947125505961846,Train
INAMUG_clean,5.65697,3.6533,5.65697,1.24473,444.163,356.836,0.0,0.0,0.424,0.340637,0.0,1,0.0009006167,0.0864852241,0.08028519868038236,Train
INARUM_clean,4.27147,3.60968,4.26595,1.49233,736.38,493.444,0.0,0.0,0.5148,0.344964,0.0,1,0.0025172377,0.2292511278,0.23627158144469323,Test
INIDAL_clean,4.50397,3.74534,4.50292,2.3554,849.004,360.45,0.0,0.0,0.4596,0.195126,0.0,0,0.031251166,1.5248818793,1.5421292727141012,Train
INIGET_clean,5.272,3.4615,5.24671,1.60135,599.11,374.128,0.0,0.0,0.458,0.286009,0.0,1,0.001629872,0.1530639411,0.14715506242138135,Test
INIQUR_clean,6.2915,4.5306,6.2915,1.16326,1032.52,887.604,0.0,0.0,0.5158,0.443408,0.0,1,0.000885694,0.0859186173,0.0848780509713363,Test
INIRAA_clean,5.29891,3.4654,5.27682,1.58723,589.473,371.386,0.0,0.0,0.45,0.283514,0.0,1,0.0016116752,0.1484692784,0.1466114401611657,Test
INIRAY01_clean,6.20577,4.3891,6.20321,1.19479,1004.19,840.475,0.0,0.0,0.5078,0.42501,0.0,1,0.0008607497,0.0792237339,0.08404373568275875,Train
INIRAY_clean,6.42335,4.78031,6.35158,1.15007,1090.31,948.038,0.0,0.0,0.529,0.459971,0.0,1,0.0008739599,0.0853831696,0.08477960251111982,Train
INIRII_clean,7.50885,6.39264,7.49963,2.36792,800.533,338.074,0.947654,0.400205,0.4536,0.19156,0.0,1,0.0004051327,0.0410895702,0.0412419399978331,Train
INOMIJ_clean,7.95221,7.58337,7.95221,0.978026,1630.8,1667.44,0.0,0.0,0.607,0.620638,0.0,1,0.0029168994,0.2784538166,0.281602199147787,Train
INOMOP01_clean,5.44312,5.07173,5.44201,1.06786,1357.09,1270.86,0.0,0.0,0.5604,0.52479,0.0,1,0.0028799095,0.2685094422,0.27345366033696833,Test
INOMOP_clean,5.26106,4.80157,5.24412,1.1048,1287.23,1165.13,0.0,0.0,0.553,0.500544,0.0,1,0.0028382866,0.2689415277,0.268902209424042,Test
INOVEN_clean,6.5916,4.86656,6.58623,1.1112,2296.52,2066.7,0.0,0.0,0.6394,0.575413,0.0,1,0.0032996884,0.3066197628,0.3150083283805878,Train
IPICOA_clean,5.44441,4.81551,5.37454,1.57966,1489.86,943.154,0.0,0.0,0.6242,0.395149,0.0,0,0.0036690211,0.3539374235,0.3435739902235473,Test
IPICUG_charged,5.44463,3.47968,4.68801,1.44695,414.396,286.392,252.926,174.799,0.46,0.31791,0.0,1,0.0094146361,0.7206193404,0.7210176328332828,Train
IPIDUH_clean,5.17469,3.85894,5.16774,1.5676,1161.37,740.859,0.0,0.0,0.5352,0.341413,0.0,1,0.0019803524,0.1902286568,0.18914016989917445,Test
IPIFAP_clean,7.07203,5.90208,7.07203,1.44306,1593.23,1104.06,0.0,0.0,0.6048,0.419109,0.0,1,0.0010792651,0.1031710027,0.10837761789578468,Train
IPIHIA_clean,4.19682,3.6848,4.18995,1.35995,968.941,712.483,0.0,0.0,0.4832,0.355307,0.0,1,0.0016680268,0.1634251978,0.15877507046524034,Test
IPIJEY_clean,5.9118,5.17695,5.9118,1.3358,1030.18,771.213,0.0,0.0,0.4974,0.372363,0.0,1,0.0023783143,0.2343349139,0.22079020595969212,Test
IPIJUM_clean,5.58529,4.21049,5.58529,1.73559,1483.34,854.658,0.0,0.0,0.546,0.314591,0.0,1,0.0010267831,0.1025465339,0.10023877503684056,Train
IQABEJ_clean,5.1026,4.0827,5.09122,1.64165,725.772,442.098,0.0,0.0,0.4456,0.271434,0.0,1,0.0012295236,0.1135279567,0.11361545909677498,Test
IQECIS_clean,8.1309,7.21043,8.08032,0.715898,2174.72,3037.76,0.0,0.0,0.7158,0.999863,0.0,0,0.0022625651,0.2225208008,0.22633688306434357,Test
IQEKOG_clean,6.56789,4.70003,6.53165,0.994726,2095.71,2106.82,0.0,0.0,0.6568,0.660283,0.0,1,0.0037669833,0.3621401257,0.3615096631553104,Test
IQEKUM_clean,5.23045,4.40009,5.21843,1.19945,1749.75,1458.79,0.0,0.0,0.58,0.483556,0.0,1,0.0047874728,0.4550138633,0.44745596482779854,Test
IQEWOQ_clean,5.16976,4.01341,5.16976,1.5881,979.709,616.905,0.0,0.0,0.4814,0.303129,0.0,0,0.0011847671,0.1114734891,0.1132945176688045,Test
IQILIF_clean,7.54585,4.55729,7.31598,0.9871,1707.16,1729.47,0.0,0.0,0.5864,0.594063,0.0,1,0.004090155,0.3911351181,0.38902939876047365,Test
IQOHUT_clean,6.95469,5.55862,6.9488,0.866054,1696.91,1959.36,0.0,0.0,0.6176,0.71312,0.0,1,0.0024852887,0.2476970499,0.2473488485987416,Test
IQOJAB_clean,5.87643,3.82611,5.87109,1.02895,1467.53,1426.23,25.3077,24.5957,0.5682,0.552213,0.0,1,0.0054741806,0.4902442016,0.5035540403553133,Test
IQOJEF_clean,6.3031,3.72946,5.90938,1.09859,1022.71,930.932,0.0,0.0,0.506,0.460592,0.0,1,0.0036017246,0.3388117631,0.3289190341951412,Test
IQOKEG_clean,7.17756,4.14343,7.15508,0.93657,1757.51,1876.54,0.0,0.0,0.5934,0.633589,0.0,0,0.0025713398,0.2520414417,0.2514215427478502,Train
IQOKIK_clean,6.46497,4.73774,6.45982,0.941841,1852.78,1967.19,0.0,0.0,0.5902,0.626645,0.0,1,0.0030743258,0.3044804773,0.29460996561402836,Test
IQUCOO_clean,6.46968,5.45118,6.44712,1.037,1366.21,1317.47,0.0,0.0,0.5412,0.521892,0.0,1,0.0036939215,0.3485748806,0.347174016016068,Train
IRAGEN_charged,4.75114,4.24064,4.75114,1.78595,724.014,405.395,0.0,0.0,0.4336,0.242784,0.0,1,0.001761223,0.1688319599,0.16509840942939466,Train
IRAHUF_clean,4.40761,3.65968,4.40667,2.37748,766.685,322.478,0.0,0.0,0.4662,0.19609,0.0,0,0.0293590247,1.4412782072,1.4472777178824558,Train
IRAJER_clean,5.44662,5.0231,5.44662,2.01995,992.271,491.236,0.0,0.0,0.4872,0.241195,0.0,0,0.0224500175,1.1042043926,1.1197230699260121,Train
IRAYOQ_clean,5.78238,3.66955,5.46102,1.63677,1152.51,704.133,59.8933,36.5923,0.516,0.315255,0.0,1,0.0022844208,0.2171450793,0.2148820505434177,Test
IRELAU_clean,6.04901,3.48029,6.04818,1.13995,1676.5,1470.68,0.0,0.0,0.5904,0.517916,0.0,1,0.0060628778,0.5607995843,0.5661847890905518,Train
IROVAO_clean,6.12408,5.59581,6.1197,2.89163,1515.71,524.173,0.0,0.0,0.544,0.188129,0.0,1,0.0010215608,0.102045637,0.10202665992914764,Test
IROVES_clean,4.99754,4.47196,4.99754,2.88324,1161.14,402.721,0.0,0.0,0.4772,0.165508,0.0,1,0.0007327493,0.0703837981,0.06694086713101557,Train
ISUCUV_clean,5.63872,3.87203,5.63872,1.06793,1382.56,1294.62,0.0,0.0,0.5686,0.532434,0.0,1,0.004080642,0.3874449552,0.383506030446039,Test
ITAPAU_clean,4.795,4.07473,4.77797,1.13588,2690.44,2368.6,0.0,0.0,0.6968,0.613446,0.0,1,0.0005619348,0.0663173347,0.06550505062435918,Train
ITAPIC_clean,5.53493,4.56275,5.50447,0.932577,3320.52,3560.59,0.0,0.0,0.7606,0.815589,0.0,1,0.0008192062,0.0791431018,0.08378212763316098,Test
ITIBOD_clean,4.51038,3.48306,4.50833,2.426,458.262,188.896,79.7243,32.8625,0.4254,0.17535,0.0,1,0.0023330344,0.2089811924,0.2074023937954366,Train
ITIPAE_clean,5.03819,3.84363,5.03819,1.81693,898.58,494.56,0.0,0.0,0.4852,0.267044,0.0,0,0.0024601023,0.2175329083,0.22282207933489262,Train
ITIPOS_clean,9.85225,8.07125,9.85225,1.06602,1798.13,1686.76,17.9557,16.8436,0.664,0.622875,0.0,1,0.0012624036,0.1272452365,0.12409455426481808,Train
ITIWAK_clean,5.0332,4.12661,5.01239,1.10257,950.216,861.818,65.1005,59.0442,0.5042,0.457294,0.0,0,0.0043501256,0.3955325867,0.3944762755535023,Test
ITIWEO_clean,5.00227,4.2399,4.99534,1.10398,955.442,865.452,106.221,96.2163,0.515,0.466494,0.0,0,0.0048101509,0.4580068266,0.41819833531724243,Test
ITIWIS_charged,5.15312,4.22321,5.15312,1.21722,755.895,621.0,81.5581,67.0034,0.4796,0.394012,0.0,0,0.0041897771,0.3705229868,0.3723482183479033,Train
ITIWOY_charged,5.17201,4.22878,5.17201,1.2164,765.02,628.924,77.9087,64.0488,0.4792,0.393951,0.0,0,0.004292082,0.3785295218,0.38265910550591864,Train
ITIWUE_charged,5.19102,4.23615,5.19102,1.21425,767.035,631.694,85.3834,70.3177,0.48,0.395305,0.0,0,0.0042181077,0.3839721399,0.3795175442248266,Train
ITOSEQ_clean,5.53585,3.92423,5.52778,1.23909,1879.29,1516.67,0.0,0.0,0.6304,0.508762,0.0,0,0.0044446516,0.4214064557,0.4233360785678518,Train
IVEHEW_manual,8.08882,6.64746,8.02924,0.857961,1988.29,2317.45,0.0,0.0,0.6604,0.769732,0.0,0,0.0024174163,0.2373602222,0.24258269562979248,Test
IVEQAC_clean,4.74809,3.58509,4.40546,1.51827,638.51,420.551,0.0,0.0,0.4406,0.290199,0.0,0,0.0024947944,0.2151861434,0.22964239022366134,Test
IVETOT_clean,10.10291,7.15637,9.84044,0.681717,1733.15,2542.34,0.0,0.0,0.6842,1.00364,0.0,1,0.0021621453,0.2190808441,0.2179507965506784,Test
IVILEG_clean,14.1452,13.26623,14.13413,0.718024,1541.13,2146.34,0.0,0.0,0.7232,1.00721,0.0,1,0.00219782,0.2119758284,0.2156927732810171,Test
IVOCON_clean,5.24294,3.86797,5.24294,1.46762,1975.27,1345.9,0.0,0.0,0.64,0.436082,0.0,0,0.0039798182,0.3875115897,0.37524357578292783,Test
IVOGUX_clean,5.27459,4.52668,5.27459,1.48634,1223.66,823.275,0.0,0.0,0.5418,0.36452,0.0,1,0.0033016867,0.3091515031,0.30602308327910266,Train
IVUVIG_clean,6.23822,4.28609,6.22408,1.47829,1492.88,1009.86,0.0,0.0,0.5414,0.366233,0.0,1,0.0030763127,0.2810544617,0.2902035100043114,Test
IWAXUZ_clean,9.16743,4.27442,9.16743,1.02656,1732.45,1687.62,0.0,0.0,0.6018,0.586228,0.0,1,0.00138717,0.1556137359,0.1343528391615365,Test
IWAYAG_clean,7.52525,4.29732,7.52525,1.3181,1385.19,1050.9,0.0,0.0,0.4828,0.366286,0.0,1,0.001093976,0.1053242336,0.1120051939464046,Test
IWAYEK_clean,9.36738,4.35185,9.36738,1.20213,1638.24,1362.78,0.0,0.0,0.576,0.479148,0.0,1,0.0009832798,0.1013476532,0.10028073423713835,Train
IWAYIO_clean,9.10068,4.24338,9.10068,1.22219,1678.76,1373.57,0.0,0.0,0.5934,0.485524,0.0,1,0.0015873138,0.1514675444,0.1539025169855627,Train
IWAYOU_clean,9.03723,4.17928,9.03723,1.25701,1700.75,1353.01,0.0,0.0,0.594,0.47255,0.0,1,0.0010857191,0.1041114339,0.10808024564335553,Train
IWAYUA_clean,9.10772,4.29795,9.10772,1.27221,1742.4,1369.58,0.0,0.0,0.6022,0.473349,0.0,1,0.0011582828,0.1111540762,0.11421802872420472,Test
IWAZEL_clean,9.02688,4.19715,9.02563,1.29051,1705.91,1321.89,0.0,0.0,0.6062,0.469736,0.0,1,0.0014652623,0.1467669119,0.14274700382523062,Test
IWAZIP_clean,9.36232,4.34831,9.36232,1.51484,1601.89,1057.47,0.0,0.0,0.5888,0.388687,0.0,1,0.0008284673,0.0842282187,0.08174415774791485,Train
IWELIG01_clean,4.6866,4.49829,4.6866,1.86798,511.71,273.938,140.313,75.1146,0.3994,0.213814,0.0,0,0.009804522,0.7243161305,0.7098738394450981,Train
IWELIG_clean,4.69268,4.51959,4.68546,1.86097,534.218,287.064,156.241,83.9569,0.4064,0.218381,0.0,0,0.009865676,0.7139887415,0.725794455851891,Train
IWEVAJ_clean,13.76426,6.67603,13.76426,0.642349,2372.68,3693.76,0.0,0.0,0.7784,1.2118,0.0,1,0.0019481896,0.2011135913,0.19992308213632615,Test
IWIPIO_clean,5.10392,4.12276,5.06017,1.12645,2627.06,2332.16,0.0,0.0,0.6972,0.618936,0.0,1,0.0007364676,0.0681377117,0.07612810724797076,Test
IWOKUC_clean,6.55692,5.28768,6.53155,0.964561,1220.6,1265.44,0.0,0.0,0.5288,0.548229,0.0,0,0.0024167106,0.2123623857,0.23373164436574978,Test
IWOSAP_clean,4.764,3.76645,4.764,2.24785,751.282,334.223,0.0,0.0,0.4204,0.187023,0.0,1,0.000754789,0.070005915,0.0743032693483131,Test
IXAKAU_clean,6.35523,5.9549,6.33797,0.780645,2644.49,3387.58,0.0,0.0,0.7136,0.914116,0.0,1,0.0031840091,0.2990986051,0.31128345925098067,Train
IXAZEO_clean,4.95392,4.38313,4.95392,1.49539,968.887,647.917,0.0,0.0,0.4732,0.31644,0.0,1,0.0007471291,0.0743831754,0.07550945140033039,Train
IXEBEU_clean,4.63531,3.53624,4.63082,1.05655,1090.22,1031.87,0.0,0.0,0.503,0.476077,0.0,1,0.0026326081,0.2521802845,0.25698327589660913,Test
IXECET_clean,8.30942,3.60945,8.30942,1.54442,1337.53,866.043,0.0,0.0,0.5456,0.353273,0.0,0,0.0128764308,1.0247047296,1.0231884204029544,Train
IXEDOE_charged,7.09574,3.51061,7.08581,1.12636,1307.68,1160.97,0.0,0.0,0.5566,0.494157,0.0,0,0.0035983043,0.3484472765,0.33883432349989706,Test
IXEFAS_charged,7.1377,4.17724,7.09066,1.24632,1150.23,922.898,0.0,0.0,0.5346,0.428942,0.0,0,0.001690133,0.1669401547,0.16458020234715287,Train
IXEJIG_clean,11.25458,10.39011,10.80502,0.837465,1965.46,2346.92,0.0,0.0,0.6976,0.83299,0.000955264,1,0.0021519726,0.2020614106,0.21358602216887063,Test
IXEJOL_clean,5.47758,4.11939,5.46905,1.8094,1349.53,745.844,0.0,0.0,0.534,0.295125,0.000331601,1,0.0019915446,0.1889303375,0.18707994509907838,Test
IXEJOM_clean,15.02825,14.15107,15.02825,0.818993,2120.95,2589.7,0.0,0.0,0.749,0.914537,0.000244202,1,0.0020411281,0.2027597009,0.20263357309690672,Test
IXIPAG_clean,7.26036,3.75863,5.90499,3.37203,985.803,292.347,369.675,109.63,0.5588,0.165716,0.0,1,0.000367938,0.0343015735,0.0349068102054359,Train
IXIPEK_clean,7.04096,3.63154,5.75307,3.49876,924.617,264.27,341.824,97.6986,0.5428,0.155141,0.0,1,0.0003213698,0.0357582738,0.03594009587395153,Train
IXIPIO_clean,7.45471,4.20487,6.02758,3.27069,1181.85,361.346,334.28,102.205,0.5696,0.174153,0.0,1,0.0003317732,0.0342449677,0.03550190271192549,Train
IXISAJ_clean,5.70852,4.41794,5.70852,1.67395,1266.62,756.664,0.0,0.0,0.5296,0.316377,0.0,0,0.0047386105,0.3921471523,0.4113496437744674,Train
IXISOX_clean,5.5699,4.33438,5.5699,1.93342,1150.89,595.258,0.0,0.0,0.516,0.266884,0.0,0,0.003975154,0.3268079227,0.3378611926282663,Train
IXISOZ02_clean,4.74076,3.59919,4.72141,1.46415,983.567,671.767,0.0,0.0,0.4992,0.340949,0.0,0,0.0029646273,0.2843402626,0.2762070987525851,Test
IXISUD_clean,7.1533,3.82815,7.1533,2.06709,831.561,402.286,84.7168,40.9836,0.496,0.239951,0.0,0,0.0017501956,0.1601198097,0.15896049993194328,Test
IXODUV_clean,6.94577,6.48704,6.94195,1.01181,1784.75,1763.93,0.0,0.0,0.629,0.621659,0.0,0,0.0028474321,0.2812646139,0.2782038101230388,Test
IXOFAD_clean,7.25204,6.74283,7.23817,1.01031,1741.08,1723.31,0.0,0.0,0.638,0.631491,0.0,0,0.0028834983,0.2793404784,0.27860699516762205,Train
IXOFEH_clean,7.08623,6.6722,7.07786,1.02717,1639.04,1595.68,0.0,0.0,0.6198,0.603404,0.0,0,0.0027698896,0.2680102595,0.2720554966381673,Train
IXOFIL_clean,7.14051,6.67398,7.10365,1.01557,1692.36,1666.42,0.0,0.0,0.624,0.614435,0.0,0,0.0027193968,0.2690201151,0.26169002071891106,Test
IXOFOR_clean,6.58573,6.10481,6.58573,1.02216,1741.26,1703.51,0.0,0.0,0.611,0.597752,0.0,0,0.0028420221,0.2858684734,0.2787429189725699,Train
IXOFUX01_clean,6.87071,6.41176,6.84188,1.00146,1800.87,1798.25,0.0,0.0,0.6308,0.629881,0.0,0,0.0027392332,0.2739467676,0.26390220082072985,Test
IXOFUX_clean,7.08508,6.6128,7.06755,1.00152,1792.17,1789.44,0.0,0.0,0.6318,0.63084,0.0,0,0.0027193968,0.2718224643,0.26100421579867905,Test
IXUQOJ_clean,5.21271,3.78909,5.02943,1.47771,847.063,573.227,0.228953,0.154938,0.4794,0.324421,0.0,1,0.0023637281,0.2184419269,0.22161982741123232,Test
IXUQUO_clean,6.17038,3.88626,6.17038,1.0897,1053.12,966.424,109.804,100.765,0.5652,0.518674,0.0,1,0.0054333865,0.4629845725,0.47838244048273326,Test
IXURID_clean,5.42414,4.17526,5.42124,1.15055,1597.74,1388.68,0.0,0.0,0.5668,0.492633,0.0,1,0.0049799228,0.4582369699,0.4586419157179892,Test
IXUWII_clean,7.47721,5.13969,7.4691,0.925259,1534.87,1658.86,0.0,0.0,0.5898,0.637443,0.0,0,0.0039981396,0.3846159716,0.3780565182361082,Train
IYAJID_clean,7.03999,4.83767,7.03999,1.19258,1520.7,1275.13,0.0,0.0,0.565,0.473761,0.0,0,0.0036150269,0.3533649511,0.34218016335433477,Test
IYAJOJ_clean,6.96485,4.61788,6.92434,1.17533,1527.18,1299.36,0.0,0.0,0.552,0.469655,0.0,1,0.0036491542,0.3512227644,0.3384536947092385,Test
IYAJUP_clean,6.42992,4.57524,6.40815,1.20914,1470.44,1216.1,0.0,0.0,0.515,0.425922,0.0,1,0.0036250075,0.3520947265,0.3400358232266322,Test
IYAKAW_clean,7.04175,4.93619,7.01576,1.16871,1555.91,1331.31,0.0,0.0,0.5758,0.492679,0.0,0,0.003723451,0.3603698577,0.35409459333289184,Test
IYAKIE_clean,7.40162,5.12822,7.38112,0.935395,2309.49,2469.0,0.0,0.0,0.6746,0.721193,0.0,1,0.0024352529,0.2446632127,0.24202024006910425,Train
IYASOS_clean,5.79357,5.23786,5.68144,1.42202,1531.27,1076.83,0.0,0.0,0.5756,0.404777,0.0,1,0.0036043449,0.3385738493,0.33445141915153204,Test
IYAYUE_clean,6.14666,4.14311,6.14666,1.13268,1552.87,1370.97,0.0,0.0,0.598,0.527951,0.0,1,0.0034124409,0.3363611253,0.32696043981016176,Test
IYEHAX_clean,8.64445,5.92674,8.64445,0.762449,2402.32,3150.79,0.0,0.0,0.7046,0.924127,0.0,1,0.0033270594,0.3235473139,0.32208093970605867,Train
IYEPUZ_clean,9.24057,8.58239,9.23056,0.696077,2043.12,2935.2,0.0,0.0,0.7082,1.01742,0.0,1,0.0026617795,0.2579842553,0.26360264356433977,Test
IYESUC_clean,9.19521,5.52341,9.19263,0.879294,1974.29,2245.31,0.0,0.0,0.637,0.724444,0.0,1,0.0038570215,0.374854887,0.36771820622442974,Train
IYEXOZ_clean,5.1071,3.62688,5.0939,2.43583,1067.8,438.373,0.0,0.0,0.4574,0.18778,0.0,1,0.000658189,0.0666813673,0.06698217215046912,Train
IYICUP_clean,7.48898,5.2438,6.05899,1.02061,1910.86,1872.27,0.0,0.0,0.6306,0.617866,0.0,0,0.0033281682,0.3251463112,0.31830954377916726,Test
IYOBAA_clean,7.42959,4.86526,7.42403,1.59483,1008.69,632.478,0.0,0.0,0.5194,0.325678,0.0,1,0.0007811861,0.0827444241,0.07578050684098814,Train
IYOCIK_clean,8.71773,6.01818,8.7094,1.33605,1729.76,1294.69,0.0,0.0,0.6404,0.479325,0.0,0,0.0012284251,0.1228247371,0.12391580105759384,Test
IYOCOQ_clean,8.6676,5.83377,8.6676,1.34426,1726.36,1284.24,0.0,0.0,0.6354,0.472675,0.0,0,0.0012481747,0.123618671,0.12622179223758823,Train
IYODAD_clean,9.11936,6.31963,9.11936,1.11347,1733.11,1556.5,0.0,0.0,0.6578,0.590765,0.0,0,0.0015981829,0.1511063912,0.15752492113659122,Test
IYOQAQ_clean,5.30249,4.25008,5.30179,1.48751,1231.76,828.073,0.0,0.0,0.5432,0.365175,0.0,1,0.0038540056,0.3526470264,0.3496408016467851,Test
IYOSUM_clean,6.18145,3.97754,6.17448,0.943184,2480.99,2630.44,0.0,0.0,0.6618,0.701666,0.0,1,0.0041485058,0.3999641511,0.40343622606506174,Train
IYOTAT_clean,6.12724,4.05651,6.12724,0.946965,2470.71,2609.08,0.0,0.0,0.6612,0.698231,0.000211201,1,0.0041750738,0.4166144615,0.3975341548844973,Test
IYOWID_manual,20.51668,7.7477,20.51668,0.405068,1929.7,4763.89,0.0,0.0,0.822,2.02929,0.0,0,0.0027592315,0.2661097445,0.2732258300521782,Test
IYUCEM_clean,9.38043,8.88789,9.38043,1.09901,1267.7,1153.49,0.0,0.0,0.5774,0.525384,0.0,1,0.0013667983,0.1298583943,0.13164841483689654,Train
IYUCIQ_clean,9.96651,8.62113,9.96126,0.918137,1921.78,2093.13,0.0,0.0,0.6824,0.743244,0.0,0,0.0017085957,0.1741795452,0.17162983038692609,Train
IYUHOA_clean,7.25841,4.65632,7.2501,1.15015,1882.43,1636.69,0.0,0.0,0.5978,0.519759,0.0,0,0.0050265346,0.4700532708,0.4602421804226917,Train
IYUHUG_ion_b,9.1569,7.01562,9.1569,0.894019,1922.0,2149.85,0.0,0.0,0.6824,0.763294,0.0,0,0.0017020402,0.1719465523,0.17080154724552477,Train
IYUJAO_clean,6.23359,4.26512,6.23359,1.39701,1111.0,795.271,29.8587,21.3733,0.5102,0.365209,0.0,1,0.0029729031,0.2730115979,0.27867827979372967,Test
IYUQEZ_clean,14.23268,4.75487,14.22709,0.637403,1240.77,1946.61,289.582,454.315,0.6812,1.06871,0.0,1,0.0022364266,0.2102283645,0.21663194192333712,Test
IYUQID_clean,15.09176,9.842,15.04915,0.561619,1319.58,2349.59,286.013,509.264,0.7206,1.28308,0.0,1,0.0020247563,0.214817922,0.20012667376021154,Test
IZEBAR_clean,6.51824,4.42782,6.29573,1.10634,2352.12,2126.04,0.0,0.0,0.625,0.564928,0.0,1,0.0033965458,0.3223120809,0.32929338134086744,Train
IZEBEV_clean,3.9737,3.59297,3.9737,1.83936,288.006,156.579,0.0,0.0,0.4124,0.224208,0.0,1,0.0008054786,0.0772766527,0.07501164682933187,Train
IZEFEZ_charged,9.41174,4.54571,9.39909,1.06892,1212.51,1134.33,17.3519,16.233,0.5486,0.513227,0.0,0,0.0036139265,0.3307505046,0.32687201156954104,Test
IZENIM_clean,10.57534,5.75707,6.51584,1.38426,1059.32,765.262,606.777,438.341,0.6424,0.464076,0.0,0,0.0036025454,0.3313633073,0.333576672648001,Test
IZENUY_clean,10.28405,5.66029,7.85884,0.907624,1488.62,1640.12,573.454,631.819,0.6758,0.744581,0.0,1,0.0033714282,0.3337462534,0.325926507028876,Train
IZEPAF_clean,24.1004,7.53546,24.1004,0.570649,1958.05,3431.26,0.0,0.0,0.7816,1.36967,0.0,1,0.0023582529,0.2269818409,0.2336217326291686,Train
IZEPEJ_clean,23.87439,6.75259,21.66541,0.54542,1808.89,3316.52,0.0,0.0,0.7792,1.42862,0.0,1,0.0024319483,0.2360871432,0.2425051904062957,Test
IZEQUB_clean,6.84955,5.26119,6.84595,0.91964,1931.75,2100.55,0.9049,0.983971,0.6246,0.679179,0.0,1,0.0046038841,0.4285138729,0.42996141543246147,Train
IZERAI_clean,21.81992,21.11699,21.81992,0.624269,1355.09,2170.68,0.0,0.0,0.7802,1.24978,0.0,1,0.0050365622,0.4454425498,0.4218243197307957,Test
IZEWAN_clean,9.04728,8.48639,9.03641,0.87931,1735.67,1973.9,0.0,0.0,0.6642,0.755365,0.0,1,0.0044820264,0.4342979137,0.4246833726760907,Train
IZIGUV_clean,8.5642,7.08912,8.42042,0.715311,2209.59,3088.99,0.0,0.0,0.7258,1.01466,0.0,1,0.0035889934,0.3500218142,0.3416414007867379,Test
IZIHAC_clean,7.3243,5.53893,7.31909,1.3207,1515.57,1147.55,0.0,0.0,0.5694,0.431134,0.0,1,0.0017922515,0.1754292286,0.17567604793069894,Train
IZIHEG_clean,7.25076,5.4614,7.24597,1.35223,1495.67,1106.08,0.0,0.0,0.5682,0.420196,0.0,1,0.0018826134,0.1801097282,0.17881800665411413,Train
IZIHOQ_clean,7.0561,5.32108,7.05322,1.40869,1409.46,1000.55,0.0,0.0,0.555,0.393983,0.0,1,0.0018357778,0.1719613186,0.17508378850458445,Train
IZISEQ_clean,4.08842,3.70736,4.08842,1.02254,520.647,509.17,0.0,0.0,0.4678,0.457489,0.0,1,0.0036777975,0.3451517071,0.3481686358012932,Test
IZOWAW_clean,18.94727,10.51321,18.93676,1.00603,1791.25,1780.51,0.0981256,0.0975376,0.7888,0.784073,0.0,1,0.0007215694,0.0703952288,0.07284417768525203,Train
IZOWEA_clean,9.72623,7.72143,9.71631,1.42425,2106.67,1479.15,0.0,0.0,0.696,0.488679,0.0,1,0.0005694785,0.0571332055,0.05584870956441618,Train
IZUMUM_clean,5.57902,4.64149,5.57902,1.29431,1246.48,963.048,0.0,0.0,0.5324,0.411338,0.0,0,0.0013715265,0.1334986263,0.13122594570855312,Test
IZUVUV_clean,10.56188,10.34053,10.56188,0.902736,1518.51,1682.12,0.0,0.0,0.6572,0.728009,0.0,1,0.0012117825,0.1177593796,0.11897801306019118,Train
ja074366osi20070816_031204_clean,15.02646,7.9821,15.02646,0.595037,2203.3,3702.8,0.0,0.0,0.8104,1.36193,0.0,0,0.0019602779,0.2084509968,0.20068390486469345,Train
ja0752540-file002_clean,8.14433,7.67619,8.14433,1.22499,2017.42,1646.89,0.0,0.0,0.654,0.533883,0.0,0,0.0018294713,0.1776437017,0.1802905711354385,Train
ja076167asi20070815_063752_clean,6.41846,5.04294,5.80487,0.848014,2489.2,2935.33,0.0,0.0,0.6344,0.748101,0.0,1,0.0026424326,0.2554820265,0.2665272883876179,Test
ja109659k_si_002_clean,11.09415,6.65734,11.09415,1.14966,1274.48,1108.58,493.769,429.493,0.6432,0.559472,0.0,1,0.0031276646,0.3051056604,0.30638913760200187,Train
ja110042b_si_003_clean,18.775,6.41603,18.72266,0.610707,2220.68,3636.25,0.0,0.0,0.7614,1.24675,0.0,1,0.0028115817,0.2847902417,0.28177189120568746,Train
ja203898s_si_004_clean,9.14668,4.74188,9.0851,0.980647,1250.92,1275.61,461.53,470.638,0.6076,0.619591,0.0,0,0.0044371056,0.4130833312,0.4203137211849021,Test
ja205976v_si_004_clean,8.87098,7.69354,8.87098,1.40672,1456.52,1035.4,0.0,0.0,0.5566,0.395672,0.0,0,0.0012454647,0.1286584594,0.12601137454643402,Train
ja205976v_si_006_clean,11.60788,10.85998,11.60788,1.12671,1551.48,1377.0,0.0,0.0,0.6348,0.563411,0.0,1,0.0021856066,0.2180810232,0.21624367375324094,Train
ja206917z_si_001_clean,5.82674,4.72231,5.76849,1.30832,751.163,574.141,0.193696,0.148049,0.5654,0.432156,0.0,0,0.0007171414,0.0774618875,0.06785578999917113,Train
ja300034j_si_002_clean,16.78888,16.71746,16.78888,0.713223,1373.37,1925.59,0.0,0.0,0.772,1.08241,0.0,1,0.002223542,0.2269405187,0.2162270199021154,Train
ja302110d_si_001_clean,8.24333,6.47099,8.10297,0.864634,1943.01,2247.2,0.0,0.0,0.666,0.770268,0.0,1,0.0021421225,0.2155708068,0.2174114393709915,Test
ja302340b_si_002_clean,8.31134,7.66102,8.31134,1.03479,1409.77,1362.37,116.194,112.287,0.5924,0.572482,0.0,1,0.0028225544,0.2614320185,0.2767034162284156,Test
ja302380x_si_003_clean,6.15862,4.38483,5.85392,1.07794,1748.54,1622.12,0.0,0.0,0.6004,0.556988,0.0,1,0.0038192578,0.3592048042,0.3667388511820816,Test
ja3082523_si_004_clean,15.27185,8.36501,15.01039,0.495502,2200.94,4441.83,0.0,0.0,0.774,1.56205,0.0,0,0.0025176208,0.2448190996,0.2554485792060878,Test
ja308995t_si_002_clean,6.91507,6.43648,6.89159,1.15816,1047.86,904.763,0.0,0.0,0.5248,0.453131,0.0,0,0.0028671386,0.266780295,0.2677186514968632,Test
ja4012707_si_003_clean,5.77734,4.61223,5.7686,1.06481,2227.7,2092.11,0.0,0.0,0.671,0.630159,0.0,0,0.003380294,0.3309382704,0.3303325516764097,Test
ja4012707_si_004_clean,6.17779,4.90836,6.17779,0.978371,2446.9,2500.99,0.0,0.0,0.6772,0.692171,0.0,0,0.0025662542,0.258936889,0.2554536488893519,Train
ja403810k_si_002_clean,24.11444,19.56277,24.11444,0.396669,1099.67,2772.25,0.0,0.0,0.86,2.16806,0.0,1,0.0019879762,0.2094895642,0.1983061787571988,Test
ja4050828_auto,29.28345,28.74884,29.27587,0.488759,1535.79,3142.23,0.0,0.0,0.8256,1.68918,0.0,0,0.0019253968,0.1965132106,0.19475804119658013,Train
ja406030p_si_002_manual,11.77864,6.5918,11.60527,0.794772,2268.81,2854.67,0.0,0.0,0.7438,0.935866,0.0,1,0.0031804475,0.3024941281,0.30728844994660576,Train
ja406030p_si_003_clean,14.29207,10.12824,14.29207,0.648977,1825.21,2812.44,0.0,0.0,0.775,1.19419,0.0,1,0.0033563818,0.3142873154,0.32184853686424125,Test
ja406030p_si_004_clean,12.47571,8.72571,12.47571,0.678618,1920.17,2829.53,0.0,0.0,0.7566,1.11491,0.0,1,0.0034485714,0.3249299304,0.32946386546416223,Train
ja406030p_si_005_manual,11.30323,7.62193,11.30323,0.677748,2157.76,3183.72,0.0,0.0,0.75,1.10661,0.0,1,0.0035134597,0.3292534377,0.336135375624197,Test
ja406030p_si_006_manual,12.36076,7.19983,11.84038,0.687816,2106.83,3063.07,0.0,0.0,0.751,1.09186,0.0,1,0.003446706,0.3295293357,0.32749220244325367,Train
ja406030p_si_007_manual,11.02963,8.4918,11.02963,0.735801,2134.61,2901.07,0.0,0.0,0.738,1.00299,0.0,1,0.0035245732,0.3286058332,0.33433968054060315,Test
ja406030p_si_008_manual,11.82924,9.14708,11.82924,0.688549,2055.52,2985.28,0.0,0.0,0.7528,1.09331,0.0,1,0.0034608811,0.3353016986,0.32840629280079486,Test
ja406030p_si_009_manual,11.54376,6.59467,10.51794,0.708658,2222.43,3136.11,0.0,0.0,0.7352,1.03745,0.0,1,0.0036785642,0.3372880293,0.3445049495876465,Train
ja406844r_si_002_clean,11.4181,8.43938,10.92264,0.695103,2221.97,3196.61,0.0,0.0,0.7474,1.07524,0.0,0,0.0034955621,0.3320090431,0.33963399427676577,Test
ja407778a_si_003_clean,5.65215,4.4572,5.65215,0.864214,1953.72,2260.69,0.0,0.0,0.6454,0.746806,0.0,1,0.0031442623,0.3136291332,0.3110627023552142,Test
ja408959g_si_002_clean,31.07244,30.38497,31.07244,0.440944,1502.5,3407.47,0.0,0.0,0.8264,1.87416,0.000453572,0,0.0023017068,0.2304627146,0.22597840132314237,Test
ja408959g_si_003_clean,17.33749,14.32817,17.33749,0.750299,1914.17,2551.21,1.3371,1.78209,0.7272,0.969213,0.00026656,0,0.0019646643,0.1886664864,0.18927606362108557,Train
ja411887c_si_002_clean,11.91912,9.14993,11.89973,0.619221,2306.85,3725.41,0.0,0.0,0.7606,1.22832,0.0,1,0.0027631189,0.2766964684,0.2755177930983588,Test
ja500330a_si_005_clean,6.34772,3.79741,5.91821,1.34881,2067.47,1532.8,0.0,0.0,0.5966,0.442315,0.000444835,1,0.0018958965,0.1890153605,0.1870023970873444,Test
ja500330a_si_006_auto,12.20585,6.15217,12.20585,0.793444,2143.73,2701.8,0.0,0.0,0.7068,0.8908,0.000252066,0,0.0012424975,0.1268732491,0.12641158024292468,Train
ja500330a_si_007_auto,19.46238,14.48757,19.44715,0.798895,1320.38,1652.76,18.6426,23.3354,0.7758,0.971091,0.000500691,0,0.0005538685,0.0587558113,0.06029818436404197,Train
ja500330a_si_009_auto,10.23354,4.21372,10.21937,1.02655,1874.68,1826.19,0.0,0.0,0.6604,0.643319,0.0,0,0.0010944387,0.1046729542,0.11295016711953776,Test
ja5063423_si_002_clean,10.81396,5.19047,10.74347,0.995074,2374.31,2386.06,0.0,0.0,0.7264,0.729996,0.0,1,0.0019513303,0.2057922256,0.19267616812070296,Test
ja506357n_si_002_clean,4.6846,4.2919,4.67468,1.31892,765.522,580.418,0.0,0.0,0.4712,0.357263,0.0,1,0.0053756118,0.4641197442,0.4609752605125125,Test
ja507269n_si_002_clean,27.33946,23.18439,27.33946,0.358752,1494.97,4167.13,0.0,0.0,0.865,2.41113,0.0,1,0.0025269977,0.2535501612,0.2551636109583088,Train
ja507269n_si_003_clean,27.20941,25.54914,27.20941,0.339031,1450.85,4279.41,0.0,0.0,0.869,2.56319,0.0,1,0.0028812446,0.293101942,0.2855237803966584,Train
ja507947d_si_001_auto,17.5271,9.15991,17.51275,0.493165,2044.36,4145.4,0.0,0.0,0.8062,1.63475,0.000405544,0,0.0018236743,0.1802624397,0.18291561178199706,Test
ja5103103_si_002_auto,16.95031,14.45168,16.94349,0.50204,1609.85,3206.61,0.0,0.0,0.8216,1.63652,0.0,1,0.0018100172,0.180509135,0.18375795604374937,Train
ja510525s_si_002_clean,11.55111,8.31224,11.55111,1.02928,1660.34,1613.11,402.375,390.929,0.6934,0.673676,0.000194311,1,0.0023266315,0.2280143862,0.2309444399086977,Test
ja510525s_si_003-1_clean,10.94267,8.40951,10.74622,0.792307,2099.13,2649.38,0.0,0.0,0.6954,0.87769,0.000252427,1,0.0027456071,0.2754518596,0.2664037179299906,Train
ja5111317_ja5111317_si_002_auto,21.37941,8.74134,21.37941,0.420413,1892.53,4501.6,0.0,0.0,0.8218,1.95474,0.000475722,1,0.002414932,0.243565521,0.24117037115789486,Test
ja512137t_si_002_clean,8.83209,4.60356,8.83209,0.894333,2156.88,2411.72,0.0,0.0,0.6544,0.731719,0.0,0,0.0043328142,0.4172638034,0.4152007565670175,Train
ja512311a_si_003_auto,11.88887,9.00529,11.09267,0.491487,2207.95,4492.38,0.0,0.0,0.8056,1.63911,0.0,0,0.0015476803,0.138472696,0.1603733012162707,Test
ja512311a_si_007_auto,11.3746,9.04299,10.93292,0.509598,2105.05,4130.81,0.0,0.0,0.8058,1.58125,0.0,0,0.0009353936,0.0970448119,0.09737772705923622,Train
ja512437u_si_002_clean,5.46454,4.64589,5.42464,1.16038,1353.66,1166.57,0.0,0.0,0.522,0.449854,0.0,1,0.0035718161,0.3414173948,0.33813500755440895,Test
ja512437u_si_003_clean,5.66684,4.62581,5.62433,1.17377,1371.36,1168.34,0.0,0.0,0.5236,0.446085,0.0,1,0.003508688,0.3358597031,0.32962506255831586,Test
ja512437u_si_004_clean,5.66299,4.65074,5.65798,1.30634,1428.94,1093.85,0.0,0.0,0.5386,0.412296,0.0,1,0.0034715721,0.3280106462,0.32928760193418555,Test
ja512762r_si_002_auto,13.2428,11.09142,13.2428,0.709182,2154.21,3037.6,0.0,0.0,0.7414,1.04543,0.0,0,0.0011715732,0.1143342899,0.11922306462250662,Test
ja512973b_si_002_auto,17.75046,8.47189,17.75013,0.458587,2258.74,4925.43,0.0,0.0,0.7852,1.71222,0.000436122,0,0.0018221534,0.1819489519,0.18414342184237448,Train
ja512973b_si_003_auto,21.33814,8.58252,20.92518,0.403686,1883.32,4665.31,0.0,0.0,0.8204,2.03227,0.000495434,0,0.001914804,0.1905158779,0.19249363795431684,Train
ja512973b_si_004_auto,23.13451,12.211,23.13368,0.298536,1643.34,5504.68,0.0,0.0,0.864,2.89413,0.0,0,0.0020441276,0.2046074342,0.20796981302928558,Train
ja512973b_si_005_auto,25.24149,10.49588,25.24149,0.291153,1600.36,5496.62,0.0,0.0,0.8684,2.98262,0.000686924,0,0.0021103453,0.2207845573,0.21837778944616554,Train
ja5131269_si_002_clean,10.86981,8.81904,10.86239,0.665683,2359.22,3544.05,0.0,0.0,0.7502,1.12696,0.0,0,0.0030991156,0.3040138507,0.30561066503828505,Train
ja5131269_si_003_clean,10.97224,8.95533,10.97224,0.663582,2332.5,3515.02,0.0,0.0,0.7592,1.14409,0.0,0,0.0032804981,0.319162131,0.31744845133659855,Test
ja5b00365_si_002_clean,21.77625,7.63115,21.77625,0.452533,2037.74,4502.96,0.0,0.0,0.826,1.82528,0.0,0,0.0027718742,0.2636011418,0.2709927104048778,Train
ja5b02556_si_002_clean,4.73869,3.95041,4.3237,1.15657,768.798,664.724,0.0,0.0,0.4702,0.406548,0.0,0,0.0057339088,0.4896590477,0.496118786031464,Train
ja5b02897_si_003_clean,11.87679,10.79351,11.87679,1.06888,1595.23,1492.43,0.0,0.0,0.6484,0.606614,0.0,1,0.0023900351,0.2268190606,0.23175315985499662,Test
ja5b02999_si_002_clean,17.68621,16.73879,17.68621,0.597274,1774.03,2970.22,0.0,0.0,0.8228,1.37759,0.0,1,0.0018255579,0.1821503288,0.1846984177480498,Train
ja5b02999_si_003_clean,14.70244,11.79351,14.69456,0.775127,1933.94,2495.0,0.0,0.0,0.7872,1.01557,0.0,1,0.0017355125,0.1686764502,0.1729190039611515,Test
ja5b02999_si_004_clean,14.69185,13.06998,14.68941,0.678878,1913.08,2818.01,0.0,0.0,0.7962,1.17282,0.0,1,0.0018895123,0.1933789605,0.18609215766814943,Test
ja5b02999_si_006_clean,15.81495,13.61984,15.81495,0.591093,1861.23,3148.79,0.0,0.0,0.7794,1.31858,0.0,1,0.0020172751,0.1978980327,0.20395748104514566,Train
ja5b02999_si_007_clean,19.24151,15.81933,18.17294,0.414726,1795.61,4329.62,0.0,0.0,0.8236,1.98589,0.0,1,0.0027091438,0.2741087929,0.2676873837084473,Train
ja808995d_si_002_clean,17.63143,10.03888,17.62334,0.751788,1337.16,1778.64,192.928,256.625,0.6832,0.908766,0.0,1,0.0042600931,0.3540554859,0.35226436900660657,Test
ja809985t_si_002_clean,22.77836,8.92569,22.41884,0.406231,1793.65,4415.34,0.0,0.0,0.8602,2.11751,0.0,0,0.0026343435,0.2574786642,0.2600313277230006,Train
ja903726m_si_002_clean,12.24865,4.72993,12.24865,0.820334,2060.46,2511.73,0.0,0.0,0.6832,0.832831,0.0,0,0.0018086688,0.1721948913,0.17883035384032414,Train
ja905009e_si_002_clean,7.4254,5.9743,7.38064,1.40157,2795.33,1994.43,0.066678,0.0475737,0.7066,0.504148,0.0,1,0.0008283915,0.080741212,0.08335114126187379,Train
ja907023c_si_001_clean,9.61179,5.4202,9.50068,0.666698,1801.22,2701.7,393.55,590.296,0.69,1.03495,0.0,0,0.002689029,0.2782155078,0.2714573043843778,Test
ja907023c_si_002_clean,9.7447,5.39631,9.52834,0.66078,1783.63,2699.29,403.357,610.425,0.6912,1.04604,0.0,0,0.0027817541,0.2813130286,0.2779113952867328,Train
ja907023c_si_003_clean,9.71412,5.38216,9.47423,0.667627,1783.85,2671.92,384.965,576.618,0.6968,1.0437,0.0,0,0.0029246009,0.28165135,0.284349787263736,Train
ja907023c_si_004_clean,9.71962,5.45923,9.49261,0.665822,1776.52,2668.16,388.062,582.832,0.695,1.04382,0.0,0,0.0029045523,0.280380765,0.2826579256231908,Train
JABMEF_clean,4.29453,3.62408,4.28019,1.76637,1054.03,596.719,0.0,0.0,0.558,0.315902,0.0,0,0.0039158968,0.3673299773,0.3553828620800499,Test
jacs.5b12516_ja5b12516_si_002_clean,8.05832,6.63779,8.05832,1.47307,1756.87,1192.66,0.0,0.0,0.6028,0.409213,0.000135771,1,0.0008236157,0.0819666194,0.08559907203189529,Train
jacs.5b12516_ja5b12516_si_003_clean,8.53606,6.74383,8.51304,1.39796,1816.6,1299.47,0.0,0.0,0.6282,0.44937,0.0,1,0.0008148227,0.0819776107,0.08332037005890364,Train
jacs.5b12516_ja5b12516_si_004_clean,8.49651,6.78307,8.47146,1.40015,1810.97,1293.41,0.0,0.0,0.6308,0.450522,0.0,1,0.000831676,0.0816720522,0.08292519296748932,Train
jacs.5b13491_ja5b13491_si_002_clean,10.00499,6.00632,8.35178,0.770104,1492.72,1938.34,566.054,735.036,0.688,0.893386,0.0,1,0.0034587497,0.3427298464,0.338260145635288,Train
jacs.6b01345_ja6b01345_si_001_clean,20.28746,11.03087,20.28746,0.706861,1313.51,1858.23,15.0052,21.228,0.6976,0.986898,0.0,1,0.0058013439,0.4295838297,0.4317111160107976,Train
jacs.6b01663_ja6b01663_si_003_clean,27.62636,19.6462,27.62636,0.319125,1432.79,4489.74,0.0,0.0,0.874,2.73874,0.0,1,0.0025470729,0.2447886011,0.25482178936155986,Test
jacs.6b02030_ja6b02030_si_002_clean,9.27827,8.57062,9.27827,1.61278,1536.21,952.52,0.0,0.0,0.6184,0.383437,0.0,1,0.0017053124,0.1704965442,0.16723873090454694,Train
jacs.6b02030_ja6b02030_si_003_clean,9.33807,8.65245,9.33807,1.33968,1588.12,1185.45,0.0,0.0,0.6278,0.468619,0.0,1,0.0024814132,0.2387745748,0.24282089650746097,Train
jacs.6b04608_ja6b04608_si_003_clean,17.74549,10.18366,17.61731,0.472151,1971.53,4175.64,0.0,0.0,0.8228,1.74266,0.000423593,0,0.0021283542,0.2087073483,0.21341834974511986,Test
jacs.6b06759_ja6b06759_si_002_clean,14.81093,8.19624,14.81093,0.576281,2199.59,3816.87,0.0,0.0,0.7704,1.33685,0.000347053,0,0.002465187,0.2559142082,0.24156703438543195,Test
jacs.6b06759_ja6b06759_si_003_clean,15.38405,7.99425,15.37857,0.667947,2168.98,3247.23,0.0,0.0,0.7722,1.15608,0.000299425,0,0.0018292227,0.1821718188,0.18480367838937653,Test
jacs.6b06759_ja6b06759_si_004_clean,15.4905,7.85668,15.48477,0.558595,2165.23,3876.2,0.0,0.0,0.7746,1.38669,0.000358041,0,0.0022272515,0.2153422272,0.2181359982892095,Train
jacs.6b08724_ja6b08724_si_009_clean,28.38912,26.8915,28.38912,0.324235,1424.57,4393.62,0.0,0.0,0.8668,2.67337,0.0,1,0.0030686611,0.2915656641,0.29564416265817406,Test
jacs.6b08724_ja6b08724_si_014_clean,28.056,26.5894,28.056,0.284192,1417.0,4986.05,0.0,0.0,0.8798,3.09579,0.0,1,0.003634665,0.3478738812,0.3489359517952204,Test
jacs.6b08724_ja6b08724_si_016_clean,28.19813,26.70296,28.19813,0.327356,1415.91,4325.28,0.0,0.0,0.8786,2.68393,0.0,1,0.0031259194,0.2906761983,0.2981536532312243,Train
jacs.6b09113_ja6b09113_si_002_clean,13.34579,11.70118,13.34579,0.574767,1929.82,3357.56,0.0,0.0,0.7742,1.34698,0.000347967,1,0.0022595135,0.20867844,0.21932356678633738,Test
jacs.6b09155_ja6b09155_si_009_clean,8.83227,8.6768,8.83227,0.846692,1685.24,1990.38,0.0,0.0,0.6728,0.794622,0.0,0,0.0021545803,0.2185754659,0.21737395560291628,Train
JADBIC_clean,6.8732,4.88929,6.87248,1.16013,1658.2,1429.33,0.0,0.0,0.5776,0.497877,0.0,1,0.0023930013,0.2401793431,0.23202162041928176,Train
JADJOQ_clean,5.63389,5.12978,5.62594,1.03186,2420.1,2345.38,0.0,0.0,0.6734,0.65261,0.0,1,0.0026472646,0.2626721147,0.2606686936651932,Train
JADMAF_clean,5.40649,3.68585,5.39971,1.18993,400.217,336.338,47.5494,39.9599,0.4748,0.399016,0.0,1,0.0016844666,0.1563103562,0.15201107971184924,Train
JAFPIQ_clean,7.18163,6.66781,7.16788,1.29779,1736.11,1337.74,0.0,0.0,0.6626,0.51056,0.0,1,0.0008120459,0.0777852634,0.07874859753471147,Test
JAKBIJ_clean,5.97609,4.07891,5.95911,0.794839,2068.46,2602.36,0.0,0.0,0.6772,0.851997,0.0,0,0.0016272861,0.1673689807,0.16333660932738667,Train
JAKBOP01_clean,5.57699,4.27379,5.57277,0.833702,1977.55,2372.01,0.0,0.0,0.6608,0.792609,0.0,0,0.0016163094,0.1633295791,0.161090170350507,Train
JAKBOP_clean,5.76914,4.18918,5.68942,0.806983,2029.2,2514.56,0.0,0.0,0.6692,0.829261,0.0,0,0.0016931459,0.1703409045,0.1705974393617325,Test
JAKBUV_clean,5.57167,3.71325,5.56165,0.804799,1950.58,2423.69,0.0,0.0,0.669,0.831263,0.0,0,0.0015751471,0.1508189598,0.16132970925487553,Test
JALCAD_clean,10.23917,5.38907,7.72274,0.840589,1476.7,1756.74,567.482,675.1,0.661,0.786353,0.0,1,0.0056055273,0.5315265955,0.5153932983422659,Test
JALLEQ_clean,20.72686,7.8738,20.45456,0.987929,1836.17,1858.6,0.0,0.0,0.7646,0.773942,0.000202444,1,0.000869295,0.0913010734,0.08690572168056745,Train
JALLOA_clean,21.13684,18.33831,21.13684,0.755302,1118.2,1480.46,7.09089,9.38816,0.8308,1.09996,0.00158877,1,0.000916931,0.0911234215,0.09125949291909233,Train
JALTUL_clean,4.54107,3.68666,4.49534,0.520686,2635.05,5060.73,0.0,0.0,0.6792,1.30443,0.0,0,0.0016919105,0.1637957823,0.18148277189205297,Test
JASNAT_clean,4.78374,3.98828,4.76573,1.2488,1042.64,834.91,0.0,0.0,0.5318,0.425847,0.0,0,0.0049710222,0.4568870529,0.4480111712106772,Train
JAVNIE_clean,7.27986,4.97275,7.26799,0.939534,2385.4,2538.91,0.0,0.0,0.669,0.712055,0.0,1,0.0026593771,0.257952196,0.26386474360061796,Train
JAVSUV_clean,5.63959,3.43313,5.63872,1.69188,1126.3,665.708,0.0,0.0,0.4934,0.291628,0.0,0,0.0255350418,1.5751744948,1.5644082731555526,Train
JAVTEG_clean,6.01685,3.69212,6.01685,1.47606,1556.57,1054.55,0.0,0.0,0.549,0.371936,0.0,0,0.0138277762,1.0870468656,1.0931775389182672,Train
JAVWUY_clean,5.48014,3.89264,5.47915,1.114,1459.0,1309.69,0.0,0.0,0.5932,0.532494,0.0,1,0.002902173,0.275233384,0.2778469469559776,Test
JEBCOJ_clean,7.20433,5.04936,7.20433,1.89362,858.504,453.367,0.0,0.0,0.4412,0.232993,0.0,0,0.0012792328,0.1250115887,0.12103462350448091,Train
JEDJUY_clean,5.0551,4.14906,5.0551,1.66961,1339.59,802.333,0.0,0.0,0.4474,0.267966,0.0,1,0.0024613173,0.2402884247,0.23744361453977342,Train
JEDKEJ_clean,11.82785,6.92938,11.82019,0.805938,1577.17,1956.93,0.028495,0.0353563,0.6606,0.819666,0.0,0,0.0010908739,0.1076203513,0.11066048710370835,Test
JEJWOL_clean,9.81493,7.51137,9.63023,0.647443,2248.07,3472.22,0.0,0.0,0.754,1.16458,0.0,1,0.0023197394,0.2320490285,0.23271885618392688,Test
JELPAS_clean,6.6136,5.51475,6.6136,2.20984,1180.92,534.391,0.0,0.0,0.4712,0.213228,0.0,1,0.0020208398,0.1948679883,0.19756336684612996,Train
JENKET_SL,12.8466,11.09496,12.83423,0.704786,1452.89,2061.46,0.0,0.0,0.6858,0.973062,0.0,1,0.0023087879,0.2143383261,0.22415992616328534,Train
JENKIX_SL,9.92059,7.48583,9.85803,1.01231,1221.66,1206.81,0.0,0.0,0.5698,0.56287,0.0,1,0.0020659566,0.2022269209,0.20155406947515486,Test
JETZAK_clean,6.92889,6.03574,6.92889,0.751805,1979.79,2633.39,0.0,0.0,0.6492,0.863522,0.0,1,0.0035424521,0.3606457793,0.3383956111593459,Test
JEWYAM_charged,15.97384,6.3885,15.95282,0.758636,1416.77,1867.53,462.668,609.868,0.711,0.937208,0.0,0,0.0021386837,0.2182299494,0.2185851207679645,Test
j.ica.2016.05.002_2_clean,7.92311,7.02117,7.40406,1.04215,1506.32,1445.4,0.0,0.0,0.5762,0.552895,0.0,1,0.0021316869,0.2028462243,0.21630445989271907,Test
j.ica.2016.08.030_3_clean,5.42105,4.17711,5.42004,0.867442,2120.17,2444.17,0.0,0.0,0.6348,0.731807,0.0,1,0.0035071076,0.3379971626,0.33997550313582947,Train
JILWIL_clean,8.24655,3.54646,8.24655,1.48902,1339.88,899.835,0.0,0.0,0.545,0.366011,0.0,0,0.0183600565,1.386996424,1.3733124861225396,Train
JILWOR_clean,10.37997,3.63188,10.37997,1.43849,1318.22,916.388,0.0,0.0,0.5592,0.38874,0.0,0,0.0149327605,1.1206222129,1.1059903486411855,Train
JILXOS_clean,4.50507,4.05314,4.50324,1.57483,481.643,305.838,0.0,0.0,0.4424,0.280919,0.0,1,0.0021785517,0.1981191142,0.20216669316012126,Train
j.inoche.2015.01.025_INC05862-mmc2_clean,4.92906,3.897,4.88525,1.27844,1610.15,1259.46,0.0,0.0,0.5778,0.451957,0.0,0,0.0051257727,0.4776379399,0.477790456233762,Test
j.inoche.2015.03.028_inc05925-mmc2_clean,5.98483,4.5721,5.97294,0.945356,2162.97,2287.99,0.0,0.0,0.6338,0.670435,0.0,0,0.0049441958,0.4730892465,0.46937826648801023,Test
j.inoche.2015.03.054_CIFs_clean,12.69533,7.85866,12.69533,0.704617,2272.11,3224.61,0.0,0.0,0.79,1.12118,0.0,1,0.0020844063,0.1928292475,0.2117364985722156,Test
j.inoche.2015.12.019_1_clean,6.46265,4.53541,6.46076,1.0284,1784.75,1735.46,0.0,0.0,0.5772,0.561258,0.0,0,0.0042425781,0.4145473669,0.40661642622910243,Test
JISVAJ_clean,8.23303,6.49522,8.23303,0.862534,2413.26,2797.87,0.0,0.0,0.71,0.823156,0.0,1,0.0021043541,0.2058367443,0.212312507326975,Test
JITPOS_SL,5.87095,4.85353,5.87048,1.43918,1047.46,727.817,0.0,0.0,0.485,0.336998,0.0,1,0.0015990923,0.1480091071,0.14844452318483078,Test
JITQEI_clean,4.74821,3.43684,4.74019,0.96574,1149.8,1190.59,1.38371,1.4328,0.5672,0.587322,0.0,1,0.0022174942,0.2133977835,0.22020671008222695,Test
JIVFUQ_clean,6.2294,5.27198,6.22457,1.14554,1736.51,1515.89,0.0,0.0,0.6318,0.55153,0.0,0,0.0031175321,0.3124716823,0.29947987770567125,Test
JIVHIG_clean,5.86134,3.79303,5.86134,0.999234,920.272,920.978,0.0,0.0,0.4348,0.435133,0.0,1,0.0022323568,0.2196853314,0.21417637396192085,Train
JIVSEN_clean,4.65844,4.22522,4.64209,1.94999,466.538,239.251,0.0,0.0,0.392,0.201026,0.0,1,0.0009568036,0.0926324622,0.09084153805222106,Train
JIXWUJ01_clean,4.91458,3.91959,4.91458,1.63925,888.533,542.037,0.0,0.0,0.4672,0.285009,0.0,0,0.0011368654,0.1109274104,0.1076064230980339,Test
JIXWUJ02_clean,4.89442,3.8959,4.88243,1.64878,881.814,534.829,0.0,0.0,0.4588,0.278267,0.0,0,0.0010602228,0.1074880731,0.10617899691283489,Train
JIXWUJ_clean,4.9428,3.96901,4.93448,1.63196,890.669,545.765,0.0,0.0,0.469,0.287384,0.0,0,0.0011608163,0.1123437021,0.11177022486935534,Test
JIYXUL_clean,6.59669,5.39005,6.562,2.75496,1188.02,431.228,0.0,0.0,0.4754,0.172562,0.0,1,0.0001464768,0.0170213542,0.020230054027851996,Train
JIZJAF_clean,10.25461,9.82723,10.24056,1.07189,1137.99,1061.67,0.0,0.0,0.5772,0.538489,0.0,0,0.001140618,0.1216415877,0.10965798687957631,Test
JIZJEJ_clean,10.34811,9.92334,10.34811,1.06947,1137.02,1063.16,0.0,0.0,0.5768,0.53933,0.0,0,0.0011385327,0.11860133,0.10934133322963926,Test
JIZJOT_clean,10.25508,9.65715,10.24861,1.06872,1112.51,1040.98,4.63217,4.33432,0.5712,0.534472,0.0,0,0.0011823225,0.1163075827,0.11235676168314607,Test
JIZJUZ_clean,10.30863,9.86894,10.26273,1.07331,1114.06,1037.97,0.0,0.0,0.5706,0.531626,0.0,0,0.0012949246,0.1183093985,0.12383737719671281,Train
JIZWEW_clean,6.00475,5.39741,6.00471,1.02738,1409.26,1371.7,0.0,0.0,0.5578,0.542934,0.0,0,0.0040237635,0.3911381329,0.3774477650760321,Test
JIZWIA_clean,5.73459,5.3907,5.73388,1.0417,1399.8,1343.76,0.0,0.0,0.5588,0.536429,0.0,0,0.0045654635,0.4260285334,0.42424428205712506,Train
JIZWOG_clean,5.77811,5.24857,5.77811,1.0286,1416.31,1376.93,0.0,0.0,0.5656,0.549873,0.0,0,0.0045415247,0.4249010178,0.4250665267669367,Test
j.jssc.2014.11.015_mmc2_clean,5.22329,3.73672,5.11659,0.962226,1097.58,1140.67,0.0,0.0,0.5588,0.580737,0.0,0,0.0068867817,0.5861208753,0.5947718860660922,Train
j.jssc.2015.05.012_mmc6_clean,5.19284,3.47327,4.97212,1.17487,1114.95,948.996,0.0,0.0,0.5544,0.471883,0.0,1,0.0028649349,0.2604098536,0.26576223322614495,Train
j.jssc.2016.09.008_mmc8_clean,4.48976,3.77657,4.48976,1.63203,829.111,508.026,0.0,0.0,0.4792,0.293623,0.0,1,0.0015312415,0.1640487405,0.1433389347028961,Test
JOCWIJ_clean,13.89765,5.51402,13.89722,0.824207,1875.6,2275.65,13.4154,16.2767,0.735,0.891766,0.0,1,0.0013293586,0.1356105822,0.1280595536205409,Test
JOFGOC_clean,5.75292,4.66172,5.55476,1.28873,519.931,403.445,222.923,172.979,0.4708,0.365321,0.0,1,0.001730936,0.1550529122,0.17083928351664848,Test
JOFKIA01_clean,6.88318,5.09054,6.88318,1.58969,1147.61,721.91,0.0,0.0,0.53,0.333399,0.0,1,0.0012570845,0.1223025134,0.1216295116721551,Test
JOFKIA_clean,6.957,5.13094,6.957,1.57886,1125.97,713.155,0.0,0.0,0.5264,0.333406,0.0,1,0.0012757012,0.1194971915,0.12048216070580556,Train
JOGHEU_clean,4.6871,3.79057,4.64785,1.04241,1656.32,1588.93,0.0,0.0,0.5686,0.545465,0.0,1,0.0018316683,0.1765535844,0.18577961204717763,Test
JOGHIY_clean,4.7279,3.83843,4.69154,1.03019,1565.61,1519.72,0.0,0.0,0.5608,0.544364,0.0,1,0.0018640163,0.1870623461,0.18684608779326367,Test
JOGSAA_clean,12.97631,9.4474,12.86758,0.420776,1989.54,4728.27,0.0,0.0,0.8226,1.95496,0.0,1,0.0024183607,0.2424174023,0.24253559095537158,Train
JOHFIW_manual,6.80122,6.39579,6.80122,1.29813,1554.38,1197.39,0.0,0.0,0.5754,0.443252,0.0,0,0.0033570058,0.3282710644,0.32208195599796857,Test
JOJKUQ_clean,18.63152,8.76045,18.62188,0.609363,1817.58,2982.76,0.0,0.0,0.7992,1.31153,0.0,0,0.0022626573,0.2273486679,0.22575860608158838,Test
JOKXAI10_clean,4.67354,3.99704,4.67354,1.55632,737.434,473.833,0.0,0.0,0.5056,0.32487,0.0,1,0.0006391035,0.0598937889,0.06387275693090622,Train
JOKXAI_clean,4.68166,4.00596,4.68147,1.55341,734.6,472.896,0.0,0.0,0.502,0.323161,0.0,1,0.0005964966,0.0587249779,0.05789495454776514,Train
JOKXEM10_clean,4.65592,3.94576,4.65486,1.57353,726.043,461.41,0.0,0.0,0.5,0.317757,0.0,1,0.0005765366,0.0580060344,0.056595878135904776,Train
JOKXEM_clean,4.6554,3.9457,4.65434,1.57353,726.052,461.416,0.0,0.0,0.5004,0.318011,0.0,1,0.000578072,0.0575592377,0.056595878135904776,Test
JOKXOW10_clean,4.65545,3.95436,4.6545,1.5749,721.126,457.885,0.0,0.0,0.5016,0.318495,0.0,1,0.0005815266,0.0577242915,0.05652452689531837,Train
JOKXOW_clean,4.65344,3.95436,4.65249,1.5749,718.186,456.019,0.0,0.0,0.5018,0.318622,0.0,1,0.0005757689,0.0580490252,0.05614944416470832,Train
JOKXUC10_clean,4.62045,3.87167,4.62045,1.57557,703.325,446.394,0.0,0.0,0.499,0.31671,0.0,1,0.0005972643,0.0582509282,0.055448049329623106,Test
JOKXUC_clean,4.54485,3.93734,4.54439,1.57557,692.186,439.324,0.0,0.0,0.4938,0.31341,0.0,1,0.000568092,0.0555855018,0.054821933023984776,Train
JOKYAJ_clean,4.98975,3.80682,4.92018,1.55283,739.05,475.936,0.0,0.0,0.512,0.32972,0.0,1,0.0005596474,0.0593191715,0.055337838330794975,Train
JOKYEN_clean,5.04569,3.84468,4.80961,1.54631,723.173,467.677,0.0,0.0,0.5112,0.330594,0.0,1,0.0005550413,0.0575078024,0.053219243083499845,Train
JOKYIR10_clean,5.00078,3.76275,4.99703,1.55706,710.679,456.424,0.0,0.0,0.5092,0.327027,0.0,1,0.0005527382,0.0573097379,0.05349010296697962,Test
JOKYIR_clean,5.00078,3.76275,4.99703,1.55706,710.679,456.424,0.0,0.0,0.5092,0.327027,0.0,1,0.0005861328,0.0568306981,0.057168421940596015,Train
JOKYOX10_clean,4.99892,3.69875,4.99892,1.57161,677.229,430.914,0.0,0.0,0.5068,0.322472,0.0,1,0.0005826782,0.0549721159,0.05655218725564831,Train
JOKYOX_clean,4.99892,3.69875,4.99892,1.57161,690.001,439.041,0.0,0.0,0.5096,0.324253,0.0,1,0.0005792236,0.0579327199,0.05645683148966163,Train
JOLYEQ_clean,10.48054,10.40031,10.48054,1.12044,787.1,702.494,0.0,0.0,0.5464,0.487667,0.0,0,0.0006512247,0.0639340951,0.06683155712494779,Train
JOQSOZ_clean,6.10079,4.1274,6.09895,1.15948,1782.04,1536.94,0.0,0.0,0.5942,0.512473,0.0,1,0.0017269988,0.1712737672,0.1738557682037742,Train
JOQZUM_clean,5.68246,5.15937,5.6766,1.419,1065.4,750.809,34.7517,24.4903,0.522,0.367865,0.0,1,0.0006900494,0.0680498297,0.06692759226069064,Train
JORBAV_clean,5.6025,5.15328,5.59565,1.72417,1077.57,624.98,31.7982,18.4426,0.5402,0.31331,0.0,1,0.0005618019,0.0572816567,0.05493212093032612,Train
JORLEJ_clean,9.51377,6.43314,9.51377,0.798695,1989.75,2491.25,0.0,0.0,0.6678,0.836114,0.0,1,0.0025100391,0.2456268311,0.24876171690854484,Test
JORRAL_clean,6.90146,4.37137,6.90002,0.999683,1472.23,1472.69,0.0,0.0,0.5752,0.575382,0.0,1,0.0042681157,0.3896309156,0.40000832068834186,Train
JORSEQ_clean,4.96868,3.55075,4.83089,1.43147,797.865,557.376,0.0,0.0,0.4912,0.343145,0.0,1,0.0050073731,0.4256086496,0.4326649583470036,Train
JORVET_clean,10.62231,4.72909,10.62231,0.840025,2012.33,2395.56,0.0,0.0,0.6632,0.789501,0.0,1,0.0037450509,0.3593156787,0.3523027090525768,Test
JOSNAG01_clean,4.34391,3.48794,4.33354,1.48639,790.023,531.506,0.0,0.0,0.5002,0.336521,0.0,1,0.0014623484,0.1326938138,0.13865286090600726,Train
JOSNAG_clean,4.31831,3.47722,4.26587,1.49368,756.727,506.618,0.0,0.0,0.503,0.336751,0.0,1,0.001347942,0.1282363647,0.12727207991484896,Train
JOVXEZ_clean,4.48882,3.73021,4.48882,1.13994,1278.34,1121.41,0.0,0.0,0.558,0.4895,0.0,1,0.0024961464,0.2430109069,0.24621849707520596,Test
JOWFOQ_clean,6.87554,6.2746,6.85501,1.0117,2308.98,2282.27,0.0,0.0,0.7136,0.705344,0.0,1,0.0010557394,0.1052412343,0.10868607987841164,Train
JOXPIX_clean,5.23239,4.07998,5.23239,2.19565,717.149,326.623,0.211459,0.0963082,0.4132,0.188191,0.0,1,0.0006177442,0.0546454159,0.06062524701205588,Test
JOYKUF_clean,15.8468,15.75155,15.8468,0.656923,1385.91,2109.7,0.0,0.0,0.7706,1.17304,0.0,1,0.0020993914,0.2101035824,0.20636394805708902,Train
jp102463p_si_002_clean,7.50467,7.0978,7.502,1.02131,1655.17,1620.62,0.0,0.0,0.6276,0.614502,0.0,0,0.0027979931,0.2639759312,0.27648180015786633,Test
jp102463p_si_004_clean,7.69309,7.15133,7.69309,1.0015,1823.95,1821.21,0.0,0.0,0.6478,0.646828,0.0,0,0.0030852123,0.2935930116,0.3016303163710908,Train
jp2064408_si_002_clean,12.93309,6.73336,12.93309,0.876804,2105.23,2401.03,0.0,0.0,0.7182,0.819111,0.0,1,0.0039212238,0.3622064081,0.35023226286194376,Test
jp209895d_si_002_clean,5.49532,3.6076,5.46456,1.0177,1748.28,1717.87,0.0,0.0,0.5898,0.57954,0.0,1,0.0051301816,0.4756969804,0.4904162808006981,Test
JUCGUL_clean,6.1601,4.88151,6.1601,0.959179,1807.63,1884.57,0.0,0.0,0.5894,0.614484,0.0,1,0.0043256152,0.4280067282,0.41114616498489986,Test
JUCXEK_clean,7.06758,6.25925,7.06758,2.58085,1392.56,539.574,0.0,0.0,0.5948,0.230467,0.0,1,0.0004578956,0.0424404043,0.04410127700685454,Train
JUFREJ_clean,6.336,6.00289,6.33424,2.30777,537.799,233.038,0.0,0.0,0.3782,0.163881,0.0,1,0.0004225974,0.0431644063,0.03961085337046183,Train
JUGQIN_clean,6.60597,5.16054,6.59079,1.12408,2425.27,2157.56,0.0,0.0,0.675,0.600491,0.0,1,0.0020316334,0.2025168368,0.20700742159270888,Test
JUGQOT_clean,6.35365,5.03774,6.35365,1.16137,2402.86,2068.99,0.0,0.0,0.662,0.570019,0.0,1,0.0021064933,0.2042929503,0.20826689438242302,Test
JUJMOS_clean,10.00436,3.46125,9.10166,1.00404,871.243,867.739,634.245,631.694,0.6146,0.612128,0.0,0,0.0027985269,0.2750445252,0.27880315536184824,Test
JUJTAL_clean,5.88047,3.45324,5.88047,1.10464,953.649,863.311,0.0,0.0,0.5102,0.461869,0.0,1,0.0051413947,0.4545651255,0.4603284684142792,Train
JUMCOL_clean,7.85155,7.4129,7.84422,0.988066,1824.14,1846.18,0.0,0.0,0.6392,0.646921,0.0,0,0.0028104641,0.2788499771,0.2778590357362981,Test
JUMCUR_clean,6.66565,6.12054,6.47961,1.03261,1670.88,1618.12,0.0,0.0,0.6176,0.598098,0.0,0,0.0029141547,0.2851038684,0.28302141397387826,Test
JUMDAY_clean,6.08117,5.71486,6.04254,1.0654,1666.94,1564.61,0.0,0.0,0.599,0.562229,0.0,0,0.0029754673,0.2992472564,0.2919160406162495,Train
JUMDEC_clean,6.63074,6.11727,6.62182,1.03639,1700.67,1640.96,0.0,0.0,0.617,0.595335,0.0,0,0.0029087447,0.2931087772,0.280851107013468,Test
JUNBOL_clean,4.23505,3.57437,4.22469,1.56146,719.857,461.015,0.0,0.0,0.4554,0.29165,0.0,0,0.0017326232,0.1688997995,0.1679095330710984,Train
JUNBUR_clean,6.68812,5.2162,6.6842,1.12906,2243.68,1987.2,0.0,0.0,0.6588,0.583492,0.0,1,0.002868811,0.2819722457,0.2758914585343089,Train
JUQVAU_clean,7.11924,4.2578,6.73222,1.25075,1718.51,1373.98,0.35167,0.281167,0.5804,0.464042,0.0,1,0.0025116481,0.2503065337,0.24162433040224424,Test
JURKIS_clean,7.21804,4.89996,7.21804,1.05199,1093.71,1039.66,0.0,0.0,0.5258,0.499814,0.0,1,0.0012352015,0.1275793293,0.12525443659777438,Train
JUSBAC_clean,5.9515,3.58022,5.94467,1.69538,782.353,461.462,0.0,0.0,0.4474,0.263894,0.0,1,0.0029379161,0.2448851198,0.2608690252765075,Test
JUSKAL_clean,5.98148,5.50358,5.98148,1.39089,683.78,491.614,0.0,0.0,0.4456,0.320371,0.0,1,0.0011884736,0.1122661503,0.112623899736642,Test
JUTCIM_clean,15.74073,14.87864,15.74073,0.734143,2013.05,2742.03,0.0,0.0,0.7486,1.01969,0.0,1,0.0036730956,0.3525865564,0.3500551816714682,Test
JUTCUW_SL,6.94384,5.61196,6.94384,1.08226,2751.52,2542.38,0.0,0.0,0.7548,0.697429,0.0,0,0.0010594256,0.1017452345,0.10600869767585688,Train
JUVROJ_clean,5.07744,3.63748,5.07744,1.35621,1447.17,1067.07,0.0,0.0,0.563,0.415127,0.0,0,0.0032122161,0.3045297651,0.3024193722401953,Test
JUXFAL_clean,5.68774,4.91257,5.68774,1.89851,1234.68,650.342,0.0,0.0,0.4776,0.251566,0.0,0,0.0017727412,0.1743173352,0.16635062260908579,Test
JUXFOZ_clean,6.56163,5.01898,6.56163,0.789798,2685.32,3400.01,0.0,0.0,0.699,0.885037,0.0,1,0.0038521007,0.3713467545,0.3775673106747778,Test
JUYJIY_clean,8.93591,6.40725,8.93528,0.861374,1865.56,2165.8,0.0,0.0,0.6744,0.782935,0.0,0,0.002543847,0.2564671323,0.25216150930132475,Train
JUYROM_clean,6.54798,4.58648,6.32354,0.991599,1825.87,1841.34,0.0,0.0,0.6014,0.606495,0.0,0,0.0042872523,0.4011761732,0.4096280814966686,Test
jz4002345_si_002_clean,8.57756,4.11023,8.57756,1.21659,1656.78,1361.82,0.0,0.0,0.594,0.488251,0.000328789,0,0.0025206081,0.2315954781,0.2370961719806434,Test
jz4002345_si_003_clean,8.23229,4.10889,8.23229,1.21659,1653.43,1359.07,0.0,0.0,0.5956,0.489565,0.000164394,0,0.0023803889,0.2310195776,0.2268206218140369,Test
jz4002345_si_005_clean,8.17701,3.85924,8.17701,1.11826,1495.8,1337.62,0.0,0.0,0.578,0.516876,0.00017885,0,0.0033319425,0.30313356,0.31091965084301015,Train
jz4002345_si_006_clean,8.7001,4.17817,8.7001,1.56011,1731.24,1109.69,0.0,0.0,0.5976,0.383051,0.000256393,0,0.0018081478,0.1707925104,0.17028537720850354,Test
KABNIL_clean,4.822,3.60721,4.822,1.40695,1317.06,936.108,0.0,0.0,0.5446,0.387078,0.0,1,0.0034718449,0.3343002653,0.3300862231911014,Test
KABXES_clean,5.52619,4.96961,5.37117,1.18279,1951.27,1649.71,0.0,0.0,0.6294,0.53213,0.0,1,0.0030619058,0.2975421182,0.29583371650660145,Train
KABXIW_clean,5.62028,4.9456,5.38973,1.141,1960.49,1718.22,0.0,0.0,0.6228,0.545837,0.0,1,0.0030400674,0.2933817768,0.2925480606899952,Train
KABXOC_clean,5.507,4.94994,5.35679,1.19591,1938.76,1621.16,0.0,0.0,0.616,0.51509,0.0,1,0.0030827169,0.3028146685,0.2951557054503045,Test
KACZEV_clean,9.80506,5.54909,9.77983,0.780304,2624.36,3363.25,0.0,0.0,0.7202,0.922973,0.0,1,0.0038832914,0.3729511561,0.3747958142957113,Test
KACZIZ_clean,8.95718,5.39384,8.83819,0.804507,2612.7,3247.58,0.0,0.0,0.7218,0.897196,0.0,1,0.0040630065,0.3776977231,0.39430064933208575,Test
KADLOT_clean,9.00309,8.54299,8.9671,0.97843,1897.63,1939.47,0.0,0.0,0.6736,0.68845,0.0,1,0.002390329,0.2346905527,0.23438520847234517,Train
KADLUZ_clean,14.27976,9.75466,14.27887,0.875377,1931.83,2206.85,0.0,0.0,0.6958,0.794857,0.0,1,0.0026931786,0.2573443892,0.25995080577691065,Test
KAGCAY_charged,10.06669,5.92468,10.06669,1.03617,1997.39,1927.67,0.0550289,0.053108,0.6814,0.657615,0.0,0,0.0016211445,0.1583177165,0.158925188935174,Train
KAGVUL_clean,6.24779,5.74251,6.24779,3.24848,1430.81,440.455,0.0,0.0,0.5524,0.170049,0.0,1,0.000970948,0.0941145132,0.096648231468661,Train
KAGWEW_clean,10.78843,9.81151,10.76706,1.6648,1720.66,1033.55,0.0,0.0,0.7082,0.425396,0.0,1,0.0006479028,0.0672957115,0.06445609221496634,Train
KAHMOW_clean,5.20373,4.91346,5.20373,1.50927,221.957,147.062,328.828,217.872,0.4508,0.298686,0.0,1,0.0053998805,0.3778521766,0.3785185684074522,Train
KAHNOX_clean,6.67271,5.40663,6.66794,1.08519,2578.11,2375.72,0.0,0.0,0.741,0.682828,0.0,1,0.0005920957,0.0601563344,0.05982731906189209,Train
KAHPUE_clean,5.5467,4.52994,5.5467,1.10879,1597.49,1440.76,0.0,0.0,0.5904,0.532473,0.0,1,0.0014171556,0.1464366327,0.142852066725345,Test
KAHYEY_clean,3.89651,3.5765,3.89651,1.95338,467.631,239.396,0.0,0.0,0.401,0.205285,0.0,1,0.0011502745,0.1088694623,0.10946917799176048,Train
KAHYID_clean,8.93039,4.11514,8.89727,1.11173,2249.06,2023.03,0.0,0.0,0.7014,0.630911,0.0,1,0.0012723727,0.1223513635,0.12526406714256844,Train
KAHYOJ_clean,8.86827,4.20402,8.86827,1.11868,2254.43,2015.26,0.0,0.0,0.7004,0.626094,0.0,1,0.0012031151,0.1221005097,0.11863821448787551,Train
KAHYUP_clean,8.96058,4.23716,8.87271,1.11708,2278.94,2040.08,0.0,0.0,0.7126,0.637912,0.0,1,0.0011899892,0.1193852495,0.11754930311687153,Train
KAJZIH_clean,8.4847,6.59254,8.46458,1.73964,1004.17,577.227,0.0,0.0,0.4824,0.277298,0.0,1,0.001324022,0.1290547409,0.12366529078353952,Test
KAKCAD_clean,9.06904,5.14285,6.93826,0.88724,1840.24,2074.12,0.0,0.0,0.6138,0.691809,0.0,1,0.002908828,0.2747787728,0.278991665028963,Test
KAKCEH01_clean,8.87027,8.43287,8.86098,1.05825,1407.83,1330.34,0.0,0.0,0.5852,0.55299,0.0,0,0.0017801183,0.1772247583,0.17563001324888364,Train
KAKCEH02_clean,9.05571,8.66764,9.05571,1.03977,1417.11,1362.9,0.0,0.0,0.5874,0.564931,0.0,0,0.0017555649,0.1717425395,0.17435831564967905,Test
KAKCEH_clean,9.06296,8.67891,9.0551,1.03141,1421.05,1377.78,0.0,0.0,0.5742,0.556714,0.0,1,0.0018496861,0.176242624,0.1779174127275327,Test
KALFEK_clean,6.54196,4.56831,6.52391,0.938074,1723.71,1837.5,0.0,0.0,0.6008,0.640461,0.0,0,0.0043757316,0.4124207195,0.4213265850378083,Test
KALFOU_clean,6.46523,4.80891,6.4631,0.94279,1718.26,1822.53,0.0,0.0,0.5936,0.629621,0.0,0,0.0046141105,0.4388939898,0.4401651611785161,Test
KALGAH_clean,6.33471,4.78818,6.33036,0.937811,1809.34,1929.33,0.0,0.0,0.5982,0.637868,0.0,0,0.0045522322,0.4195317043,0.4296573229812749,Train
KALGEL_clean,6.46285,4.62415,6.46285,0.930333,1709.53,1837.55,0.0,0.0,0.6066,0.652024,0.0,0,0.004070682,0.39553544,0.39198074127996396,Test
KANDIO_clean,6.34814,4.18035,6.34814,1.16715,1258.72,1078.45,0.0,0.0,0.5426,0.464892,0.0,1,0.0037600535,0.3603082249,0.3465495670356996,Train
KANMIX_clean,9.77148,3.95127,9.76981,1.08328,1654.63,1527.42,0.0,0.0,0.6392,0.590057,0.0,1,0.0032679833,0.3012968268,0.3091132536594799,Test
KARLUM_clean,12.53415,7.4934,12.53415,0.637007,2138.43,3357.0,0.0,0.0,0.7386,1.15949,0.0,0,0.0026668438,0.2618132665,0.2630855004036704,Test
KARNAU_clean,15.53234,10.48172,15.53234,0.459782,1976.67,4299.13,0.0,0.0,0.8028,1.74604,0.0,0,0.0030566573,0.3128548372,0.30585675138223267,Train
KARNID_clean,13.04357,6.77607,13.04357,0.899644,2279.39,2533.66,0.0,0.0,0.69,0.76697,0.0,1,0.0035703277,0.330565678,0.3304356340624114,Train
KARTAA_clean,6.20188,4.23592,5.30961,1.89212,1747.42,923.525,0.0,0.0,0.5718,0.3022,0.0,0,0.0017351261,0.1648574866,0.16581234771714914,Test
KASRAZ_clean,6.01546,4.14091,6.00986,0.986437,2302.7,2334.36,0.0,0.0,0.6452,0.654071,0.0,1,0.0033552504,0.3291244991,0.32538365487495674,Test
KASRED_clean,7.65199,6.36839,7.38295,0.889824,2356.91,2648.74,0.0,0.0,0.6808,0.765095,0.0,1,0.0030881445,0.3087858823,0.3031679255984161,Test
KATDAM_clean,6.25403,6.06717,6.25403,1.40557,375.411,267.088,0.0,0.0,0.4372,0.311048,0.0,0,0.0004181069,0.0355927804,0.03855939377672429,Train
KAVGAQ_clean,5.26252,4.91537,5.26252,1.15534,1485.59,1285.85,0.0,0.0,0.5246,0.454067,0.0,0,0.0047157621,0.4259347172,0.43135482791591967,Train
KAVJAT_charged,6.84822,4.59519,6.84227,1.0747,2178.51,2027.08,0.0,0.0,0.6228,0.579508,0.0,0,0.0012863329,0.125948134,0.12601214559693735,Test
KAVJEX01_clean,9.52843,6.46475,9.52268,1.03139,1993.36,1932.71,0.0,0.0,0.6454,0.62576,0.0,0,0.0012392231,0.1205578063,0.1262479963501139,Train
KAVJEX_clean,8.73636,5.24821,8.73636,1.1563,1804.89,1560.92,0.0,0.0,0.605,0.523221,0.0,0,0.0013693117,0.1354452018,0.13542744340149857,Test
KAVKIC_clean,5.02071,3.4738,5.02071,2.5731,618.391,240.329,0.0,0.0,0.3932,0.152812,0.0,1,0.0012786796,0.1091680453,0.10840163920514362,Train
KAVNIH_clean,8.43697,7.72021,8.43697,1.03874,1070.95,1031.01,0.0,0.0,0.5158,0.496565,0.0,0,0.0023463421,0.2248127978,0.22801670123957268,Test
KAVTEI_clean,5.69693,3.84932,5.6869,1.19116,1393.16,1169.59,0.886343,0.744103,0.5548,0.465766,0.0,0,0.0027373184,0.2705578378,0.2565202826079217,Test
KAVTUY_clean,5.22962,4.08985,5.19903,2.0701,676.869,326.975,0.0,0.0,0.424,0.204821,0.0,1,0.0010909614,0.0997001046,0.10359641174322426,Train
KAWBOB_clean,7.62136,6.38807,7.35051,1.08418,1533.97,1414.86,0.0,0.0,0.5764,0.531645,0.0,1,0.0020849976,0.202667528,0.20604572559339934,Test
KAWHEY_clean,18.21481,15.58526,18.21481,0.462868,1507.18,3256.18,0.0,0.0,0.8126,1.75558,0.0,1,0.0022549067,0.2215096826,0.2252610769269197,Test
KAXQIL_clean,5.12409,3.76819,5.12409,1.55224,467.005,300.859,0.0,0.0,0.3454,0.222517,0.0,0,0.0082209309,0.5436603547,0.5394702089082706,Train
KAYBIX_clean,5.6946,5.49039,5.6894,1.21439,1338.7,1102.37,0.0,0.0,0.5044,0.415354,0.0,1,0.0055113854,0.5059102543,0.48777095176282514,Test
KAYBUJ_clean,5.49315,5.23582,5.46639,1.19412,1383.3,1158.42,0.0,0.0,0.511,0.427931,0.0,1,0.0051641316,0.4720316828,0.4757589130635729,Test
KAYCIY_clean,5.92381,4.85823,5.92381,0.977102,1893.89,1938.27,0.0,0.0,0.5954,0.609353,0.0,1,0.0034567438,0.3449312886,0.32955354102128775,Test
KEBDIG_charged,6.72563,5.57122,6.72563,1.15231,951.277,825.536,0.0,0.0,0.4938,0.428529,0.0,0,0.0050650431,0.4462663503,0.43753565432604424,Train
KEBFII_clean,5.16866,4.1674,5.16866,1.42464,1443.53,1013.26,0.0,0.0,0.5604,0.393361,0.0,1,0.0012908251,0.1296776416,0.1256542536889954,Test
KECRAL10_clean,7.14324,5.71599,7.14324,1.04513,2666.2,2551.06,0.0,0.0,0.762,0.729094,0.0,1,0.0009332658,0.0852988009,0.09080122857511155,Train
KECRAL12_clean,6.84524,5.44973,6.84445,1.04937,2682.68,2556.47,0.0,0.0,0.7656,0.729579,0.0,1,0.0008252249,0.0863019892,0.08388510662226606,Train
KECRAL_clean,7.14304,5.71829,7.14304,1.04514,2648.0,2533.63,0.0,0.0,0.759,0.726219,0.0,1,0.0008567253,0.0847952175,0.08473048901586966,Train
KEDJAG01_clean,5.62745,4.42901,5.626,1.06272,3032.17,2853.21,0.0,0.0,0.6922,0.651347,0.0,0,0.0016058444,0.1558348157,0.1574575827130327,Test
KEDJAG02_clean,5.64435,4.47405,5.63077,1.05807,3043.38,2876.34,0.0,0.0,0.6944,0.656287,0.0,0,0.0016258176,0.1590285287,0.1587711275071708,Train
KEDJAG03_clean,5.73609,4.60094,5.73609,1.03985,3094.03,2975.45,0.0,0.0,0.6998,0.672979,0.0,0,0.0017336728,0.1604066787,0.17313316479495283,Test
KEDJAG04_clean,5.58759,4.3837,5.56019,1.07026,3013.15,2815.34,0.0,0.0,0.6894,0.644141,0.0,0,0.0015139677,0.1561983278,0.14968736703819577,Train
KEDJAG06_clean,5.60157,4.39581,5.5618,1.06802,3018.73,2826.48,0.0,0.0,0.6908,0.646807,0.0,0,0.0014800133,0.1538934218,0.14554002266588673,Test
KEDJAG08_clean,5.61357,4.40385,5.61357,1.06606,3021.96,2834.71,0.0,0.0,0.6918,0.648934,0.0,0,0.0016937264,0.157684333,0.16697936161155486,Train
KEDJAG10_clean,5.6275,4.42824,5.62604,1.06272,3031.79,2852.86,0.0,0.0,0.692,0.651159,0.0,0,0.0017156969,0.157095124,0.1673817679646049,Train
KEDJAG12_clean,5.63489,4.44582,5.40576,1.06079,3035.28,2861.33,0.0,0.0,0.6926,0.652908,0.0,0,0.0015059785,0.1580678183,0.15043619773769432,Test
KEDJAG14_clean,5.64072,4.46761,5.621,1.05911,3041.81,2872.03,0.0,0.0,0.6942,0.655454,0.0,0,0.0016298122,0.1596077511,0.15917711880357965,Train
KEDJAG16_clean,5.644,4.47445,5.6433,1.05807,3043.8,2876.74,0.0,0.0,0.6942,0.656098,0.0,0,0.0016517827,0.1589106868,0.1591714832753417,Train
KEDJAG18_clean,5.65854,4.50803,5.65314,1.0548,3060.96,2901.94,0.0,0.0,0.6954,0.659272,0.0,0,0.0015419302,0.1591124161,0.15589097311068795,Train
KEDJAG20_clean,5.67593,4.5303,5.67504,1.05131,3067.91,2918.19,0.0,0.0,0.6962,0.662224,0.0,0,0.0016497854,0.1598454321,0.15977874791556795,Train
KEDJAG22_clean,5.70452,4.56197,5.70452,1.04697,3123.81,2983.66,0.0,0.0,0.6974,0.666112,0.0,0,0.0015898658,0.1633587161,0.1591046801505446,Train
KEDJAG24_clean,5.73555,4.60029,5.7012,1.03985,3093.95,2975.36,0.0,0.0,0.6996,0.672786,0.0,0,0.0015339409,0.1598454321,0.15062726606095778,Test
KEDJAG26_clean,5.76062,4.63585,5.58828,1.03565,3107.22,3000.25,0.0,0.0,0.7004,0.676287,0.0,0,0.0016677613,0.1618467456,0.16126149394054165,Train
KEDJAG28_clean,5.787,4.68615,5.787,1.03012,3120.56,3029.31,0.0,0.0,0.7,0.67953,0.0,0,0.0016058444,0.1603247886,0.1606169459719255,Test
KEDJAG_clean,5.61338,4.40406,5.55816,1.06606,3021.98,2834.73,0.0,0.0,0.6918,0.648934,0.0,0,0.0015559114,0.1582116252,0.15637241166001517,Test
KEDNOY_clean,4.98967,3.63243,4.9802,1.21306,941.075,775.788,0.0,0.0,0.514,0.423723,0.0,1,0.007418143,0.6470481401,0.6385359338710823,Train
KEDQAN_clean,6.47084,4.69781,6.47084,1.24227,903.446,727.254,0.0,0.0,0.4856,0.390897,0.0,0,0.0030093568,0.2735086136,0.2789789171638937,Train
KEFBEE_clean,11.08232,7.03865,11.08232,0.706119,2334.22,3305.7,0.0,0.0,0.7482,1.05959,0.0,1,0.0028366556,0.2849777805,0.27770076055077375,Test
KEFBII_clean,11.60551,5.69321,11.58639,0.756483,2453.14,3242.83,0.0,0.0,0.7332,0.969223,0.0,1,0.0033682578,0.3434291256,0.33023621221718913,Test
KEFBOO_clean,11.98728,8.05488,11.98728,0.72084,2302.73,3194.5,0.0,0.0,0.7462,1.03518,0.0,1,0.0028193325,0.2904865223,0.2795123369337895,Test
KEFWAV_clean,4.19377,3.55017,4.10153,1.43831,578.428,402.157,0.568123,0.394992,0.4896,0.340399,0.0,1,0.002247222,0.2244700232,0.21611977123500115,Train
KEFWEZ_charged,5.67031,4.17239,5.67031,1.18787,1490.34,1254.63,0.0,0.0,0.5346,0.450049,0.0,0,0.0030851393,0.299749171,0.2965511099600656,Train
KEFWID_clean,5.1885,3.70567,5.1885,1.78935,815.911,455.982,0.0,0.0,0.4748,0.265348,0.0,1,0.0019758141,0.1889905498,0.17821573946078714,Test
KEGYAX_clean,4.05397,3.78362,4.05397,2.49857,460.926,184.476,0.0,0.0,0.3628,0.145203,0.0,1,0.0006915396,0.0679042001,0.060429393819799365,Test
KEGZOL01_clean,6.43501,4.94371,6.43501,0.973544,2580.97,2651.11,0.0,0.0,0.724,0.743675,0.0,0,0.0014920541,0.1479418279,0.14674659567355874,Test
KEGZOL02_clean,5.90632,4.48545,5.90632,0.991222,2611.36,2634.48,0.0,0.0,0.7042,0.710436,0.0,0,0.0014741732,0.1442822227,0.1468954044617356,Train
KEGZOL03_clean,6.38762,4.90333,6.38762,0.985223,2558.92,2597.3,0.0,0.0,0.7104,0.721055,0.0,0,0.0014046368,0.1495630212,0.14234788937447315,Test
KEGZOL_clean,6.39792,4.91247,6.39792,0.989226,2580.25,2608.35,0.0,0.0,0.72,0.727842,0.0,0,0.0015556303,0.1510769295,0.15792416224799838,Train
KEHFUA_clean,4.97412,3.92327,4.96359,1.11198,578.781,520.497,332.856,299.337,0.5476,0.492456,0.0,1,0.0025826743,0.2578553458,0.2514751835473864,Train
KEHGAH_charged,8.41883,6.8178,8.41883,0.985883,1722.07,1746.73,0.0,0.0,0.628,0.636992,0.0,0,0.0024600337,0.2312113108,0.23928914077265753,Test
KEHGIP_clean,4.93159,3.98659,4.92634,1.07028,1453.04,1357.62,0.0,0.0,0.5542,0.517807,0.0,1,0.0055112926,0.529913604,0.5088599934809304,Test
KEJBOQ_clean_h,5.17871,3.9347,5.17066,1.30921,1037.24,792.266,0.0,0.0,0.5384,0.411242,0.0,1,0.006275735,0.5583081976,0.5337228269668469,Train
KEJHIQ_clean_h,5.28754,3.98518,5.28525,1.29873,1052.26,810.224,0.0,0.0,0.5454,0.41995,0.0,1,0.0059617292,0.516720682,0.524446661858534,Train
KENJEU_clean,6.20454,3.65645,6.19551,1.18024,913.968,774.393,4.05812,3.43839,0.5244,0.444317,0.0,1,0.0016708441,0.1605875323,0.1539479301124031,Test
KEPPIF_clean,7.58494,5.23607,7.09943,1.25981,2380.78,1889.8,0.0,0.0,0.6804,0.540084,0.0,1,0.0016031356,0.1591077378,0.16081893861681879,Train
KEQDER_clean,13.61666,6.49901,13.37179,0.543402,2314.06,4258.46,0.0,0.0,0.7794,1.4343,0.0,1,0.0034552151,0.3320368366,0.3324954460025563,Test
KESBIU_charged,5.75057,4.00781,5.59048,1.13972,1487.51,1305.15,0.499128,0.437939,0.5544,0.486435,0.0,1,0.0024485484,0.2343087287,0.237567843949737,Test
KESBOA_clean,6.05718,4.26017,6.04665,0.970091,1926.33,1985.72,0.0,0.0,0.5956,0.613963,0.0,1,0.0024439872,0.2431603325,0.24031467139840715,Train
KESBUG_clean,6.02545,4.0393,5.99647,0.986984,1894.92,1919.91,0.0,0.0,0.59,0.597781,0.0,1,0.0022321245,0.224708103,0.21876594525920606,Train
KESGAS_clean,5.62194,5.11595,5.6016,1.12689,1067.74,947.506,0.0,0.0,0.5322,0.472273,0.0,1,0.002866937,0.2710645547,0.26600371437406,Test
KESHAT_clean,4.71415,3.88542,4.71415,1.78814,1095.1,612.422,0.0,0.0,0.4878,0.272797,0.0,1,0.0010809372,0.1026467441,0.11030115115240482,Test
KETHEY01_clean,5.27207,3.57986,5.2523,1.48689,974.284,655.251,0.0,0.0,0.4998,0.336139,0.0,1,0.0047014937,0.4078206979,0.41224629621677744,Test
KETHEY02_clean,5.25403,3.55446,5.25403,1.49143,984.672,660.22,0.0,0.0,0.4862,0.325996,0.0,1,0.0046852918,0.4096058515,0.4108485227824397,Test
KETHEY_clean,5.2876,3.58603,5.2765,1.48195,986.779,665.865,0.0,0.0,0.491,0.33132,0.0,1,0.0044982336,0.4055332857,0.3967269748982224,Test
KEVVIS_clean,6.50043,5.82364,6.50043,1.16086,1001.29,862.542,0.0,0.0,0.5192,0.447255,0.0,1,0.0018912131,0.1782039887,0.17593114120753772,Test
KEVWUF_clean,9.52723,4.19884,9.52723,1.04193,2188.13,2100.07,0.0,0.0,0.7092,0.680658,0.0,1,0.0011332939,0.126872376,0.11356973902674206,Test
KEWBUL_clean,5.54329,4.14541,5.54329,1.48949,971.772,652.421,0.0,0.0,0.4996,0.335418,0.0,1,0.0018026625,0.181610942,0.17264874911316513,Train
KEWNUX_clean,10.50155,5.22557,10.50155,1.81291,2313.92,1276.36,0.0,0.0,0.6966,0.384245,0.0,1,0.0005368736,0.0550551628,0.054182732619235285,Train
KEWZET_clean,6.38285,4.89652,6.37584,1.09177,1385.23,1268.79,0.0,0.0,0.5274,0.483068,0.0,1,0.0026548939,0.2527410999,0.2524395604183313,Test
KEXFAU_clean,4.63469,3.96609,4.63178,0.913347,1885.16,2064.02,0.0,0.0,0.6022,0.659333,0.0,1,0.0033930418,0.3220194693,0.33190863929228215,Train
KEXFIC10_clean,4.89247,3.74563,4.89153,1.59304,659.951,414.272,0.0,0.0,0.4988,0.313112,0.0,1,0.0005565766,0.0537207781,0.05322046057034904,Test
KEXFIC_clean,4.90739,3.75202,4.9029,1.59304,664.487,417.119,0.0,0.0,0.5,0.313865,0.0,1,0.000555809,0.0521923035,0.05292137914898609,Train
KEYFUR_clean,5.43827,4.92439,5.43827,1.64151,456.158,277.889,0.0,0.0,0.4004,0.243921,0.0,1,0.0006860686,0.0634137437,0.06355007776219365,Train
KEYMUY_clean,6.53351,5.26079,6.50691,1.20658,1362.71,1129.4,0.0,0.0,0.5562,0.460973,0.0,1,0.0033311935,0.3168669081,0.30966617310537614,Test
KEYROX_clean,11.21887,3.60068,11.21229,0.939946,1552.8,1652.01,0.0,0.0,0.65,0.691529,0.0,0,0.0012706391,0.1392642962,0.12459421996176442,Test
KEYYET_clean,4.99758,4.16066,4.97856,2.73182,2341.44,857.098,0.0,0.0,0.6236,0.228273,0.0,1,0.0003288011,0.0344620752,0.03295919753798904,Train
KIBDEF_clean,4.31904,3.92279,4.31686,2.00589,798.722,398.188,0.0,0.0,0.4762,0.2374,0.0,1,0.0021696464,0.2103036639,0.2079631994061419,Test
KIBDIJ_clean,4.30909,3.88512,4.30289,2.07432,740.264,356.871,0.0,0.0,0.4854,0.234004,0.0,0,0.0021293957,0.205144933,0.20395919056893763,Train
KICXAX_clean,5.16268,4.57333,5.16268,3.58491,368.423,102.77,1.6771,0.467821,0.3658,0.102039,0.0,1,0.0002077744,0.0216415408,0.0193991951738815,Train
KICXEB_clean,5.19321,4.51034,5.19321,3.50049,366.788,104.782,3.53238,1.00911,0.3962,0.113184,0.0,1,0.0002445688,0.0220305326,0.021371775552047723,Train
KIDDIM_clean,5.26498,3.54235,5.26498,1.46293,1254.88,857.787,0.054983,0.0375841,0.5414,0.370079,0.0,1,0.0038813384,0.3428679812,0.3516007320916203,Train
KIDDOS_clean,5.1988,3.52628,5.1988,1.34479,1175.14,873.846,0.0,0.0,0.5262,0.391287,0.0,1,0.0053414601,0.4707601291,0.472233637646792,Test
KIDVIE_clean,6.06928,4.27938,6.0515,1.59401,1653.86,1037.55,0.0,0.0,0.5994,0.376033,0.0,1,0.0011230699,0.1121232368,0.11044416223629927,Test
KIFJIT_charged,4.8015,3.58209,4.8015,1.28128,258.644,201.864,172.457,134.598,0.4944,0.385866,0.0,0,0.0018240691,0.1728798776,0.17574748859459577,Test
KIFWUT_clean,5.20547,3.53873,4.99626,1.38567,317.914,229.429,0.0,0.0,0.4078,0.294297,0.0,1,0.0013632551,0.1170844329,0.1207412955464898,Train
KIGCEK_clean,10.39364,10.27787,10.39364,0.990795,1293.94,1305.96,0.0,0.0,0.603,0.608602,0.0,1,0.0012188074,0.128303502,0.12251731086192902,Train
KIJPUQ_clean,4.83597,4.0538,4.82906,1.04226,1795.93,1723.11,0.0,0.0,0.619,0.593902,0.0,1,0.0031307888,0.3001304478,0.30357121739692144,Test
KIJRUS_clean,12.14192,7.10734,11.60914,0.697914,2309.15,3308.64,0.0,0.0,0.7064,1.01216,0.0,1,0.0036706894,0.3819847274,0.34778482240598824,Test
KIKDAL_clean,6.22689,3.75929,6.04304,1.41993,422.344,297.441,0.0,0.0,0.4098,0.288607,0.0,0,0.0009919549,0.0940806481,0.09349902918567199,Train
KIKFIV_clean,6.97244,5.06027,6.95895,1.05179,1573.15,1495.68,0.0,0.0,0.5538,0.52653,0.0,1,0.0022240769,0.2133280877,0.21601387910355943,Test
KINDOC_clean,6.25246,5.98089,6.23061,1.0194,1977.32,1939.7,0.0,0.0,0.6526,0.640183,0.0,1,0.0026687281,0.270808212,0.2597532024869739,Test
KINFAQ_clean,7.6173,5.59807,7.60335,1.3531,1646.54,1216.86,0.0,0.0,0.602,0.444903,0.0,1,0.0026348621,0.2547869797,0.25157849008189875,Test
KINFEU_clean,7.75525,5.37339,7.72099,1.46024,1528.12,1046.49,0.0,0.0,0.5768,0.395004,0.0,1,0.0029259516,0.2767872415,0.27214890557604193,Test
KINNIG_clean,5.23856,4.20025,5.23856,0.934994,2808.15,3003.39,0.0,0.0,0.672,0.718721,0.0,0,0.0040763656,0.3915621059,0.3969683791788766,Train
KINPUU_clean,5.05147,4.16271,5.05147,1.13092,540.779,478.177,0.321066,0.283899,0.472,0.41736,0.0,1,0.0018151937,0.1708702383,0.16681415549627976,Test
KINQAB_clean,5.083,4.08701,5.083,1.12522,554.857,493.112,3.99845,3.5535,0.4816,0.428007,0.0,1,0.0018280227,0.1675520275,0.1693219944024674,Train
KINRIK_clean,9.88966,4.92572,9.88966,1.29557,1990.08,1536.07,0.0,0.0,0.6774,0.52286,0.0,1,0.000719015,0.0725438901,0.07274802224258944,Train
KINROQ_clean,9.89689,4.84005,9.89689,1.30206,1987.71,1526.59,0.0,0.0,0.6598,0.506735,0.0,1,0.0006742738,0.0722666522,0.07296920555799469,Train
KIPJIE_clean,6.98996,5.50834,6.97989,1.65051,1046.06,633.782,0.0,0.0,0.4498,0.272521,0.0,0,0.001118673,0.1045933902,0.11286912782838884,Test
KIPJOK_clean,7.22312,5.53705,7.21754,1.64475,1067.63,649.113,0.0,0.0,0.4574,0.278097,0.0,1,0.0011175416,0.1074650095,0.11226118017032827,Test
KIPJUQ_clean,7.29399,6.9774,7.2828,1.83817,548.504,298.397,9.18351,4.99601,0.453,0.246441,0.0,1,0.0003642299,0.039782242,0.038809482447399235,Train
KIPKAX_clean,7.3989,7.10265,7.38802,1.86184,543.943,292.153,8.42327,4.52417,0.4534,0.243523,0.0,1,0.0004928714,0.05153195,0.050269537728323405,Train
KIPKEB_clean,7.31365,7.00422,7.30257,1.55565,545.263,350.505,9.24741,5.9444,0.4558,0.292997,0.0,1,0.0005359139,0.0523978398,0.053218495656661036,Test
KIPZEQ_clean,4.90958,4.0897,4.90138,1.27414,1102.16,865.023,0.0,0.0,0.4878,0.382847,0.0,1,0.0032503974,0.3087725451,0.3020933931175809,Test
KIRFIA_clean,5.7578,4.65199,5.7578,1.02515,3140.54,3063.5,0.0,0.0,0.6918,0.674829,0.0,0,0.0016058444,0.1607229209,0.15958150191027887,Train
KIRTUC_clean,4.85053,4.15268,4.83508,1.33238,1171.73,879.427,0.0,0.0,0.5362,0.402437,0.0,0,0.0100381903,0.8436222991,0.8433381473218551,Train
KISVEO_clean,12.37009,6.46344,11.80655,2.21622,1903.3,858.806,0.0,0.0,0.6734,0.303851,0.0,1,0.0008119101,0.081397021,0.0815520637704619,Train
KITVEQ_clean,6.53651,4.25527,6.53589,1.13006,897.316,794.041,0.0,0.0,0.4944,0.437498,0.0,0,0.002133558,0.2075308475,0.2054564987280338,Test
KIVDUQ_clean,6.26762,4.30044,6.26762,1.44826,1375.59,949.827,0.0,0.0,0.529,0.365266,0.0,1,0.0012759596,0.1276180513,0.12547696295014285,Test
KIVFAY_clean,6.23242,4.28797,6.23242,1.46353,1355.07,925.895,0.0,0.0,0.5256,0.359132,0.0,1,0.0013077666,0.122826727,0.1269651591460153,Train
KIVFEC_clean,6.2609,4.2583,5.97896,1.47095,1347.56,916.116,0.0,0.0,0.5236,0.355961,0.0,1,0.0013001729,0.1230480971,0.12651975231256454,Train
KIYMIQ_clean,7.09051,6.95471,7.08404,1.0379,1177.89,1134.87,0.0,0.0,0.482,0.464398,0.0,1,0.0035976338,0.3239892444,0.3335824948335002,Test
KIYQEQ_clean,5.83028,3.92148,5.83028,1.25472,1762.89,1405.01,0.0,0.0,0.5742,0.457633,0.0,1,0.0040263626,0.3896082002,0.37806823388479477,Test
KIYQIU_clean,5.86454,4.0944,5.8642,1.28277,1638.51,1277.32,0.0,0.0,0.564,0.439672,0.0,1,0.0045204318,0.4341301605,0.4165882689401557,Test
KIYQOA_clean,4.76031,3.94678,4.76031,1.3892,1043.7,751.292,0.0,0.0,0.5312,0.382377,0.0,1,0.0049226162,0.4459772769,0.4454754525627147,Train
KIYTOD_clean,14.38752,6.75209,13.57035,0.794229,1901.95,2394.72,0.0,0.0,0.7144,0.899489,0.0,1,0.0025286033,0.2516967439,0.24933128953438274,Test
KIYXUN_clean,17.29009,12.6482,17.27598,0.96734,1415.77,1463.57,0.0532371,0.0550346,0.6946,0.718052,0.0,1,0.0008913003,0.0891085542,0.08526557120032258,Test
KOBFIR_clean,7.61968,5.81939,7.61968,0.929894,1834.94,1973.28,0.0,0.0,0.6418,0.690186,0.0,0,0.0027776053,0.2958260232,0.2699994153473578,Test
KOBRAV01_clean,6.38674,3.78902,6.38674,1.36238,822.472,603.704,0.0,0.0,0.4712,0.345866,0.0,1,0.0015559952,0.1470490483,0.14864643586870568,Test
KOBRAV_clean,6.35889,3.80128,6.35889,1.36336,826.663,606.343,0.0,0.0,0.4722,0.34635,0.0,1,0.0016291083,0.1469571884,0.14954445218319748,Test
KOCCUC_clean,9.17407,6.81795,9.17407,1.04186,1636.71,1570.96,6.29699,6.044,0.6142,0.589525,0.0,1,0.0019763548,0.1916231206,0.1902582293740374,Test
KOCWEF_clean,8.13442,3.87575,8.10204,1.046,828.231,791.809,624.804,597.328,0.5872,0.561377,0.0,1,0.0024854682,0.2401609688,0.2439591818411161,Test
KOFPEB01_clean,7.3154,5.12362,7.3154,1.77872,899.08,505.464,0.0,0.0,0.461,0.259175,0.0,0,0.0012605428,0.1237213333,0.1226086847402299,Train
KOFPEB02_clean,7.34058,5.07386,7.34058,1.77151,892.32,503.707,0.0,0.0,0.46,0.259666,0.0,0,0.0012417287,0.1226500379,0.12243673910704164,Train
KOFPEB03_clean,7.32397,5.11399,7.32397,1.7716,886.883,500.612,0.0,0.0,0.461,0.260217,0.0,0,0.0012572227,0.1233107439,0.12259386740641418,Train
KOFPEB04_clean,7.23942,4.91036,7.23942,1.7997,891.039,495.105,0.0,0.0,0.4576,0.254265,0.0,0,0.0013900279,0.1338632245,0.12632761077586466,Test
KOFPEB_clean,7.31754,5.12695,7.31754,1.78125,881.099,494.651,0.0,0.0,0.4574,0.256786,0.0,0,0.0012605428,0.1217358954,0.12280437917794809,Train
KOFVOS_clean,5.23992,4.30833,5.23699,1.25499,1442.74,1149.6,0.0,0.0,0.543,0.432672,0.0,1,0.0034458273,0.334828084,0.3231171811358414,Test
KOGYIP_clean,5.27845,4.86254,5.27845,1.3895,794.839,572.034,0.0,0.0,0.4714,0.33926,0.0,1,0.0010084071,0.0983238057,0.09596588954202218,Test
KOHDIW_clean,6.97684,4.55031,6.84951,0.806536,2130.46,2641.49,0.0,0.0,0.6532,0.809883,0.0,1,0.0031556111,0.3123449233,0.31130819853461755,Train
KOHKIC_clean,9.61717,7.1473,9.61717,0.879264,1566.05,1781.09,99.4285,113.081,0.6478,0.736752,0.0,1,0.0026395085,0.2601353061,0.26056412067315243,Test
KOHKOI_clean,9.75224,7.03631,9.74499,0.882485,1556.94,1764.27,99.8155,113.107,0.639,0.724092,0.0,1,0.0026137025,0.2619049516,0.25984650175378454,Test
KOHLIE_clean,6.85522,4.84816,6.83832,0.971676,1685.5,1734.63,0.0,0.0,0.5992,0.616666,0.0,1,0.002912578,0.2776477383,0.2783325591330892,Train
KOJTOU_clean,6.48228,4.55814,6.48011,1.0623,1935.66,1822.14,0.0,0.0,0.6082,0.57253,0.0,1,0.0025436322,0.2536543396,0.24973144024501942,Test
KOJZEP_manual,15.61444,13.71841,15.61444,0.514247,2543.27,4945.62,0.0,0.0,0.7936,1.54323,0.0,1,0.0028187917,0.2820087255,0.2859271047918114,Test
KOJZIT_clean,16.19567,14.7503,16.19567,0.506406,2424.91,4788.47,0.0,0.0,0.7912,1.56238,0.0,1,0.0031037815,0.3101444139,0.31083849397091684,Test
KOJZUF_clean,5.27662,4.93416,5.27372,1.16508,1131.52,971.191,0.0,0.0,0.5138,0.440998,0.0,1,0.0024860405,0.242083415,0.23922384305351044,Test
KOKKOL_clean,5.52004,3.68761,5.13882,1.35428,964.882,712.469,2.40449,1.77548,0.5008,0.369791,0.0,1,0.0041606604,0.3798038493,0.37591641983648594,Train
KOMCOG_clean,8.14869,7.69355,8.14119,0.987789,1275.19,1290.95,0.0,0.0,0.5856,0.592839,0.0,0,0.0022144485,0.2178842271,0.21517695178354312,Test
KOMDAT_clean,8.28379,7.41139,8.23195,0.998413,1202.66,1204.57,0.0,0.0,0.5776,0.578518,0.0,0,0.0018846719,0.1884600072,0.18106093680003194,Test
KOMGUP_clean,4.68805,3.52352,4.66923,1.59631,799.407,500.784,0.0,0.0,0.5144,0.322243,0.0,0,0.0031534652,0.2965774725,0.29008259364762806,Train
KOMVIT_clean,5.90535,4.58324,5.82203,1.08467,916.631,845.08,0.0,0.0,0.4426,0.408051,0.0,1,0.0014700503,0.1345491822,0.14259502273006347,Test
KONCIA_clean,4.36737,3.44948,4.36567,1.89084,688.357,364.048,0.0,0.0,0.4706,0.248884,0.0,0,0.002150459,0.2077743093,0.2043749568275421,Train
KONSAJ_clean,18.94329,3.74567,18.94329,1.10475,1183.2,1071.01,0.0,0.0,0.647,0.585652,0.0,1,0.0008197168,0.0811099285,0.08414763366209038,Train
KONYOB_clean,4.69642,3.80022,4.68366,1.36629,635.393,465.049,0.0,0.0,0.4666,0.341508,0.0,1,0.0007997044,0.0755174696,0.07483912637616877,Test
KOQLUZ_clean,5.1448,3.57576,5.11859,3.8283,1063.95,277.916,0.0,0.0,0.4726,0.123449,5.22e-05,1,0.000380231,0.0355646096,0.03675257622845002,Train
KORNAI_clean,6.27152,3.95758,6.27152,1.38102,999.488,723.73,0.0,0.0,0.4722,0.34192,0.0,1,0.0016765955,0.1598621077,0.1532728807161679,Test
KOSJAF_clean,10.99192,9.84925,10.99026,1.18883,1563.88,1315.47,0.0,0.0,0.6324,0.53195,0.0,1,0.0017790481,0.1738925999,0.17775879208901377,Test
KOSJEJ_clean,11.06598,9.80954,11.06598,1.1867,1573.29,1325.77,0.0,0.0,0.637,0.536783,0.0,1,0.0017861714,0.1828074294,0.17843362916877117,Test
KOSJIN_clean,11.01144,9.80964,11.01144,1.18637,1561.55,1316.25,0.0,0.0,0.6378,0.537607,0.0,1,0.0017345274,0.1781754934,0.1746327077524158,Test
KOSJOT_clean,11.15761,9.87899,11.15761,1.18127,1568.08,1327.45,0.0,0.0,0.6374,0.539589,0.0,1,0.0017808289,0.1769556256,0.1771158879265527,Test
KOSJUZ_clean,11.10045,9.86004,11.10045,1.1813,1571.58,1330.38,0.0,0.0,0.6394,0.541269,0.0,1,0.0018467196,0.1777089163,0.17908140012440185,Train
KOSKAG_clean,11.20025,9.92421,11.20025,1.17831,1553.45,1318.38,0.0,0.0,0.64,0.543152,0.0,1,0.001800418,0.1784319328,0.17923332973997153,Test
KOSKEK_clean,11.20845,9.89743,11.20845,1.17889,1581.37,1341.4,0.0,0.0,0.6412,0.543901,0.0,1,0.0019037061,0.1767045288,0.18298124797038862,Train
KOSKIO01_clean,11.01399,9.78872,11.01003,1.18277,1548.2,1308.96,0.0,0.0,0.6322,0.534508,0.0,1,0.0017113766,0.1659091439,0.17109763644252812,Test
KOSKIO_clean,11.01742,9.84741,11.01742,1.18828,1532.31,1289.52,0.0,0.0,0.6324,0.5322,0.0,1,0.0017879522,0.1750216454,0.17870080880450678,Test
KOSKUA_clean,11.38797,10.70957,11.38797,1.17105,1531.31,1307.64,0.0,0.0,0.6356,0.542761,0.0,1,0.0017612398,0.1825777025,0.17967076908943794,Train
KOSLAH_clean,11.4975,10.81891,11.4975,1.16812,1568.04,1342.37,0.0,0.0,0.638,0.546177,0.0,1,0.0017986372,0.1780597396,0.18019676152077424,Train
KOSLIP_clean,11.047,9.74411,11.047,1.19777,1578.73,1318.05,0.0,0.0,0.6514,0.543843,0.0,1,0.0018656157,0.1772352717,0.1807601890860523,Test
KOSLOV_clean,11.06557,9.9584,11.06504,1.19415,1597.55,1337.81,0.0,0.0,0.6546,0.54817,0.0,1,0.0019137721,0.1834349658,0.1828603545454563,Test
KOSLUB_clean,10.96072,9.79504,10.96072,1.20031,1612.87,1343.71,0.0,0.0,0.6478,0.539695,0.0,1,0.00169796,0.1782412059,0.16996565266823077,Test
KOSMAI_clean,11.0184,9.87166,11.0184,1.18797,1537.56,1294.27,0.0,0.0,0.6322,0.532166,0.0,1,0.0018146647,0.1734830093,0.17955439599680761,Test
KOTSIX_clean,5.60667,4.32453,5.60667,1.2413,1001.47,806.796,0.0,0.0,0.493,0.397165,0.0,1,0.0011967569,0.1180055464,0.11705036186905954,Test
KOVJAI01_clean,4.82969,3.81832,4.82273,1.56913,1845.61,1176.2,0.0,0.0,0.5908,0.376513,0.0,1,0.0019343773,0.1914442143,0.18333364551942805,Test
KOVJAI_clean,5.14485,3.87668,5.14485,1.59025,1739.3,1093.73,0.0,0.0,0.5728,0.360194,0.0,1,0.0019123274,0.1859768423,0.18224764048610775,Test
KOXFUA_clean,4.69443,3.97759,4.69443,1.13804,1028.96,904.147,0.0,0.0,0.5206,0.457451,0.0,0,0.0023458922,0.2259624547,0.22808605553189543,Test
KOXGAH_clean,5.583,3.66466,5.55273,1.2752,1155.67,906.265,0.0,0.0,0.5562,0.436166,0.0,1,0.0024972753,0.2356087308,0.2380569518492062,Test
KOXGIP_clean,6.17141,3.90334,6.16279,1.0195,1425.23,1397.97,0.0,0.0,0.5534,0.542815,0.0,0,0.0020531105,0.2048977151,0.20065175353889766,Train
KOYRAT_charged,5.60484,4.74964,5.60484,1.07243,1405.15,1310.25,0.0,0.0,0.5576,0.519939,0.0,1,0.0035569081,0.3274045767,0.3340960514469494,Test
KOZNIY_clean,6.57194,5.24744,6.52017,1.04618,2076.22,1984.58,0.0,0.0,0.6344,0.606399,0.0,1,0.0022659531,0.211577819,0.2269061020977439,Test
KOZQEX_clean,22.4236,6.86083,22.4236,0.430914,1919.0,4453.33,0.0,0.0,0.8428,1.95584,0.0,1,0.0026474534,0.2645147877,0.2662079813957131,Train
KOZSID_clean,5.70928,3.86868,5.70928,1.21403,346.494,285.408,0.0,0.0,0.432,0.35584,0.0,0,0.0003186778,0.0296766217,0.02876907731549344,Train
KOZSOJ_clean,5.58117,3.74612,5.58117,1.23312,326.732,264.964,0.0,0.0,0.4264,0.34579,0.0,0,0.0003219767,0.0286638465,0.02851276113643131,Train
KUBQAA_charged,7.40919,4.50215,7.40919,1.01071,1241.42,1228.26,0.0,0.0,0.5426,0.536848,0.0,0,0.0026157151,0.2481303905,0.25005456065686965,Train
KUCDIW_clean,15.32957,4.28733,15.14716,0.82417,1410.27,1711.14,0.0,0.0,0.6424,0.779451,0.0,0,0.0016412323,0.1686237228,0.1588524286371487,Test
KUCDOD_clean,4.90891,3.62196,4.90891,1.35907,1386.6,1020.26,0.0,0.0,0.5556,0.40881,0.0,1,0.0031724523,0.3049630999,0.2973200118688323,Test
KUDLUR_clean,7.15013,5.00794,7.15013,1.94765,848.423,435.613,0.0,0.0,0.4292,0.220368,0.0,0,0.001327923,0.1223299698,0.1244492551102081,Test
KUDMAY_clean,7.16272,5.01285,7.16272,1.93261,861.664,445.855,0.0,0.0,0.439,0.227154,0.0,0,0.0013052231,0.1252349218,0.1228176566642569,Train
KUDWAJ_clean,7.33926,6.28305,7.32227,0.91185,1922.64,2108.5,0.0,0.0,0.6474,0.709985,0.0,1,0.0022506504,0.218469945,0.22564845992409943,Test
KUFBEU_clean,5.14306,4.53772,5.14306,2.05503,811.697,394.98,0.0,0.0,0.4976,0.242137,0.0,1,0.0008150814,0.0795973106,0.07652667379902231,Train
KUFTAI_clean,6.13135,4.37055,6.10622,0.966131,1917.87,1985.1,0.0,0.0,0.596,0.616894,0.0,1,0.004424722,0.418734372,0.41766798211526446,Train
KUFVAK_clean,6.38663,4.81205,6.34996,0.850503,2611.85,3070.95,0.0,0.0,0.6758,0.794589,0.0,1,0.0031100178,0.3224219015,0.310681729239078,Train
KUGZIW_clean,10.78109,9.76034,10.78096,0.954298,1397.44,1464.37,0.0,0.0,0.6244,0.654303,0.0,1,0.0022255434,0.2217588985,0.21439476216608327,Train
KUHNEI_clean,4.79446,3.77144,4.77823,1.53468,1318.31,859.009,0.0,0.0,0.5006,0.326191,0.0,1,0.0043508356,0.4006901607,0.40109884672894913,Train
KUJMEJ_clean,4.61683,4.05372,4.60817,1.34015,2066.31,1541.85,0.0,0.0,0.6314,0.47114,0.0,1,0.0029165121,0.2852951314,0.2886691797835505,Test
KUJMIN_clean,6.57892,5.89807,6.49701,1.10785,2422.79,2186.93,0.0,0.0,0.699,0.630954,0.0,1,0.0025574868,0.2540152224,0.2505476442461176,Test
KUJNEJ_clean,12.51834,7.61249,12.51295,0.637007,2148.52,3372.84,0.0,0.0,0.739,1.16011,0.0,0,0.0027359476,0.2708320217,0.26616905512780237,Train
KUJNOT_clean,8.23736,6.10049,8.23736,1.05875,1568.61,1481.57,0.0,0.0,0.6114,0.577473,0.0,1,0.0028214932,0.2653142985,0.27184788758462725,Train
KUJNUZ_clean,8.0106,6.50203,7.98579,1.08206,1519.03,1403.83,0.0,0.0,0.6028,0.557085,0.0,1,0.0027405375,0.2665663064,0.26202216801964184,Train
KUJPAH_clean,10.82391,6.6625,10.80154,0.808261,1985.69,2456.74,0.0,0.0,0.6988,0.864572,0.0,1,0.0025902947,0.2433525049,0.2501007897096798,Train
KUJTUG_clean,6.64483,3.87362,6.64483,1.33823,656.021,490.215,0.0,0.0,0.462,0.345232,0.0,0,0.0025340386,0.2305114053,0.22954237284850815,Train
KUKMUA_clean,7.32298,5.66775,7.31573,1.18063,2218.14,1878.78,0.0,0.0,0.6574,0.556822,0.0,1,0.0027598266,0.2660901612,0.2683606310097214,Train
KUKPOX_clean,5.10165,4.15013,5.10165,1.44975,1410.84,973.163,0.0,0.0,0.5516,0.38048,0.0,1,0.0025697888,0.2449290904,0.2436622860806236,Train
KUKZOH_clean,7.44729,5.70388,7.44729,0.883784,2165.19,2449.91,57.8203,65.4236,0.6614,0.748373,0.0,1,0.0036536898,0.3394748624,0.3420459548808077,Train
KULLAG_clean,8.67819,7.37101,8.67819,0.808147,1895.46,2345.44,0.0,0.0,0.644,0.796885,0.0,1,0.0021700048,0.2092330785,0.21707397513684643,Test
KULLEK_clean,9.57077,7.08727,9.56435,0.806267,1675.18,2077.7,0.0,0.0,0.6472,0.802712,0.0,1,0.0017120053,0.1620236441,0.1697204618735287,Train
KULMEK_clean,13.21045,7.45311,13.20856,0.659951,2268.86,3437.92,0.0,0.0,0.7544,1.14311,0.0,0,0.0020850796,0.2087551293,0.21129482072636918,Test
KULRIT_clean,5.77631,3.79148,5.77631,1.4748,1923.58,1304.31,0.0,0.0,0.5954,0.403717,0.000135612,1,0.0025313272,0.2501496097,0.24509294390196137,Train
KULZEY_clean,5.33789,3.67614,4.8281,1.21787,366.738,301.132,43.558,35.7659,0.4728,0.38822,0.0,1,0.0019548729,0.1713823582,0.17857383450705328,Test
KUMGIK_clean,4.46757,3.79797,4.46575,1.34004,1684.26,1256.87,0.0,0.0,0.5592,0.417301,0.0,0,0.0050313384,0.4495271658,0.46055022461597844,Train
KUMGOQ_clean,5.8077,3.86323,5.63808,1.72243,1551.26,900.621,0.0,0.0,0.5892,0.342074,0.0,1,0.0007836995,0.0804191832,0.07792077557829422,Test
KUNMUD_clean,4.95062,4.13329,4.94762,1.10605,938.168,848.212,43.6274,39.4442,0.5178,0.468151,0.0,0,0.004091252,0.3654105471,0.3701380857059153,Test
KUNSUJ_clean,17.88791,6.52688,17.88791,0.635531,1938.63,3050.41,0.0,0.0,0.7634,1.2012,0.0,1,0.0029407801,0.3003082219,0.2885000542185881,Test
KUNWEW_clean,5.28786,3.80654,5.2803,1.47108,725.981,493.502,0.0,0.0,0.4468,0.303722,0.0,1,0.00143347,0.1290883686,0.13290085441892882,Test
KUQWIE_clean,4.08788,3.51453,4.08434,2.15741,347.669,161.151,0.0,0.0,0.4,0.185408,0.0,1,0.0016711011,0.1428554747,0.14374589481028255,Train
KUQXIE_clean,4.66467,3.81788,4.64797,2.25323,873.463,387.649,0.0,0.0,0.4358,0.193411,0.0,1,0.001941376,0.1828296885,0.18040278670265214,Test
KUSZED_clean,6.91176,5.48765,6.90468,1.05966,2714.41,2561.59,0.0,0.0,0.7606,0.717779,0.0,1,0.0008873209,0.0893775325,0.08652949315828393,Test
KUTDAG_clean,8.09572,7.27616,7.85826,1.05444,1387.54,1315.9,115.306,109.353,0.5816,0.551571,0.0,1,0.0025885154,0.2589466535,0.25308287081293795,Test
KUTRUO_clean,6.83473,3.59668,6.83473,1.18846,813.826,684.776,8.77654,7.38483,0.5106,0.429633,0.0,0,0.0013840835,0.1339334218,0.12842081859360358,Train
KUVJIW_clean,5.68037,4.76623,5.68037,2.51192,1254.16,499.284,0.0,0.0,0.5368,0.213701,0.0,1,0.0015391266,0.140536782,0.14501102195408655,Train
KUVMIZ_clean,15.75075,11.00764,15.73688,0.361001,1774.59,4915.74,0.0,0.0,0.8214,2.27534,0.0,1,0.0025358984,0.2532747997,0.25541082269266263,Test
KUVMUL_clean,6.75392,4.07419,6.69615,0.89776,1801.49,2006.65,0.0,0.0,0.591,0.658305,0.0,1,0.0021628656,0.2184684381,0.2177312712344648,Train
KUVYAD_clean,7.7679,4.64075,7.76059,0.97417,2004.06,2057.19,0.0,0.0,0.6464,0.663539,0.0,1,0.0024749582,0.2447813498,0.24084979173603147,Test
KUXLUL_clean,5.74302,5.27685,5.74302,1.21834,2265.85,1859.79,0.0,0.0,0.629,0.516277,0.0,1,0.0029874382,0.2995901961,0.2903585903273624,Train
KUXREC_clean,9.08968,8.2956,9.08968,0.720728,2297.66,3187.98,0.0,0.0,0.7352,1.02008,0.0,1,0.0028912896,0.2615075846,0.27775474148596724,Train
KUYPIF_clean,5.29478,4.2566,5.29396,1.44591,1143.68,790.98,0.0,0.0,0.5108,0.353273,0.0,1,0.0083639667,0.6715433689,0.6577382800764116,Train
KUZPEC_clean,5.17179,3.98335,5.17179,1.18882,918.246,772.405,0.0,0.0,0.4884,0.410829,0.0,0,0.0025148184,0.2291874309,0.23598092694735956,Train
KUZZAI_clean,6.29773,3.71971,6.29294,1.09675,1370.58,1249.67,0.0,0.0,0.5312,0.48434,0.0,1,0.0035246797,0.3389857551,0.33069857357924376,Test
la304204k_si_003_clean,7.26398,5.93484,7.26398,0.928582,1704.47,1835.57,0.0,0.0,0.6226,0.670485,0.0,1,0.0031358218,0.292443405,0.3031714474352871,Test
la4012839_si_002_auto,13.36908,6.74856,13.36908,0.867921,2110.92,2432.16,0.0,0.0,0.7182,0.827495,0.0,1,0.0036486322,0.3229781733,0.32928799709343204,Train
LABJUV_clean,5.11712,3.55603,5.11324,2.35598,595.818,252.896,0.0,0.0,0.4426,0.187862,0.0,1,0.0004959201,0.0470055435,0.04765015721632465,Train
LABNAG_clean,10.27364,5.56329,10.24469,1.27911,1762.02,1377.54,0.0,0.0,0.6464,0.505353,0.0,0,0.0012068928,0.1234526848,0.1160934785150759,Test
LABNIO_clean,10.05627,4.99033,10.05627,1.27605,1802.46,1412.53,0.0,0.0,0.6588,0.51628,0.0,0,0.0013548226,0.133690967,0.13230094293327851,Train
LABPOV_clean,5.38943,3.83465,5.38943,1.71242,444.245,259.426,0.0,0.0,0.4352,0.254144,0.0,1,0.0003584163,0.0371218013,0.03316687498292875,Train
LABPUB_clean,5.35903,3.85156,5.35903,1.74047,449.583,258.311,0.0,0.0,0.4336,0.249128,0.0,1,0.0003928268,0.0353938445,0.03699802131397484,Train
LABQAI_clean,5.3891,3.9099,5.3891,1.74433,460.911,264.234,0.0,0.0,0.4348,0.249265,0.0,1,0.0003742237,0.0363012092,0.03467223419437232,Train
LABRUE_clean,7.57658,5.24596,7.57658,1.02746,1360.51,1324.14,0.363733,0.354011,0.5524,0.537636,0.0,1,0.0026689003,0.2542804837,0.2541214202675085,Test
LACBID_clean,10.30601,6.64118,10.28692,0.805914,2114.88,2624.2,0.0,0.0,0.7002,0.868827,0.0,1,0.0022145788,0.2089799104,0.21930223853069986,Test
LACGED_clean,5.2733,3.44165,5.13632,1.92322,520.432,270.604,0.0,0.0,0.4068,0.21152,0.0,1,0.0033829238,0.2733224095,0.27970388631546766,Train
LACNUB_clean,10.94579,5.16973,10.93074,0.864094,1771.17,2049.74,0.852229,0.986269,0.6286,0.727467,0.0,1,0.003280016,0.3056172818,0.30714916788905977,Train
LACQIS_clean,6.42465,5.40382,6.41795,0.966783,2295.27,2374.13,0.0,0.0,0.6476,0.669851,0.0,1,0.0024472247,0.2448853616,0.24222762592334315,Train
LACZEX_clean,9.30565,6.85906,9.27959,0.706361,2166.56,3067.21,0.0,0.0,0.6788,0.960982,0.0,1,0.0028589658,0.2769623091,0.2808159393025048,Test
LADHEF_clean,6.83841,4.27158,6.82898,1.16057,1697.89,1462.98,0.0,0.0,0.622,0.535943,0.0,1,0.0027818691,0.2662467957,0.266057299740834,Test
LADHIJ_clean,6.31369,5.23329,6.31062,1.05952,1841.47,1738.01,0.0,0.0,0.633,0.597438,0.0,1,0.0035487728,0.3370570846,0.33661571428335096,Test
LADKEJ_clean,5.28453,4.80173,5.27514,1.43501,1453.93,1013.18,0.0,0.0,0.553,0.385362,0.0,0,0.002906933,0.2692120332,0.270013547200226,Train
LADQEP_clean,6.40577,5.56715,6.25288,1.14819,702.645,611.957,670.065,583.581,0.5642,0.49138,0.0,1,0.002869367,0.2710939124,0.2692130959722172,Test
LADQIT_clean,6.45056,5.56339,6.34518,1.15416,710.115,615.268,669.203,579.82,0.57,0.493867,0.0,1,0.0028178565,0.2656286565,0.26889645096140513,Train
LADQOZ_clean,6.39416,5.57332,6.29797,1.14467,684.064,597.606,672.069,587.128,0.5646,0.493241,0.0,1,0.0027350512,0.2703929073,0.25847672244215436,Test
LADQUF_clean,6.36601,5.5234,6.1979,1.16657,696.584,597.122,678.849,581.92,0.5602,0.480212,0.0,1,0.0029116063,0.2713068075,0.27183051412649956,Train
LAFFEG02_clean,5.85231,3.84033,5.85188,1.01925,1457.17,1429.65,0.0,0.0,0.5954,0.584153,0.0,1,0.0032500329,0.3072023346,0.31178851079845826,Test
LAFQOA_clean,12.74838,4.90662,12.74647,0.732143,1873.63,2559.11,0.0,0.0,0.6698,0.914849,0.0,0,0.0041223894,0.3996745426,0.3912843892594966,Test
LAFQUG_clean,12.86913,4.98724,12.65799,0.728838,1735.49,2381.17,147.1,201.828,0.6744,0.925308,0.0,0,0.004282636,0.405934728,0.39714851640123444,Train
LAFRAN_manual,12.74626,5.01226,12.74368,0.72706,1886.16,2594.23,0.0,0.0,0.6866,0.944351,0.0,0,0.0041928275,0.3976001407,0.394764612208157,Test
LAFRER_manual,13.05445,5.12975,13.05445,0.705732,1930.45,2735.39,0.0,0.0,0.696,0.986211,0.0,0,0.003949816,0.383778426,0.3721498137129101,Test
LAFRIV_manual,12.37219,5.304,12.36122,0.722154,1902.53,2634.52,0.0,0.0,0.6808,0.942735,0.0,0,0.0043654008,0.4091343784,0.4058840554155781,Train
LAFROB_manual,12.50276,5.7361,12.50276,0.712849,1639.29,2299.63,251.853,353.304,0.6904,0.968508,0.0,0,0.0043636398,0.4012875749,0.3859748233171826,Test
LAGBUS_clean,7.74875,6.13477,7.74875,1.18661,1504.44,1267.85,0.0,0.0,0.5684,0.479013,0.0,1,0.0017198275,0.1726515721,0.17417947811211654,Train
LAGDII_ion_b,7.42765,5.89687,7.42765,1.85675,752.998,405.546,104.015,56.0201,0.501,0.269826,0.0,1,0.0008971169,0.0898539374,0.08832497057622615,Train
LAGHIL_clean,4.99697,4.10291,4.99697,1.2735,911.527,715.766,0.0,0.0,0.5088,0.399529,0.0,1,0.0058082968,0.5014750133,0.5044947662468937,Train
LAGMUD_clean,4.81496,3.82583,4.65063,1.13347,1702.63,1502.14,0.0,0.0,0.5906,0.521054,0.0,1,0.0043245776,0.3978417971,0.41264484802401025,Train
LAGNAK_clean,5.49382,4.32281,5.47087,1.02346,1865.76,1823.0,0.0,0.0,0.633,0.618491,0.0,1,0.0030424025,0.2986638961,0.2978449414522538,Test
LAGNEO_clean,5.27906,4.62985,5.27848,1.04928,1875.68,1787.59,0.0,0.0,0.62,0.590882,0.0,1,0.0033677821,0.3391532721,0.3204995867095479,Test
LAGNIS_clean,5.10607,4.02699,5.08197,1.11842,1698.05,1518.26,0.0,0.0,0.5914,0.528783,0.0,1,0.0033636371,0.3251536611,0.3197609270476519,Test
LAGNOY_clean,7.14061,4.94756,7.14061,1.20532,1458.34,1209.92,0.0,0.0,0.5588,0.463613,0.0,1,0.003931497,0.375931525,0.3600624846308367,Test
LAGNUE_clean,5.28866,4.84747,5.2531,1.29946,1308.25,1006.77,0.0,0.0,0.533,0.410171,0.0,1,0.0043459933,0.4064757542,0.39919980495548674,Test
LAGPAM_clean,5.52911,4.43587,5.49964,1.29684,1347.35,1038.95,0.0,0.0,0.5314,0.409766,0.0,1,0.0036392771,0.342337985,0.3381730210141358,Train
LAGQER_clean,4.88781,3.95017,4.78327,1.29203,1761.41,1363.29,0.0,0.0,0.6026,0.466399,0.0,1,0.0029444565,0.2911205883,0.27985907567931223,Train
LAGQOB_clean,4.89671,3.9272,4.87864,1.32887,1753.02,1319.17,0.0,0.0,0.599,0.450758,0.0,1,0.003153553,0.2913731532,0.30115183998709943,Train
LAGTIY_clean,8.49333,5.93464,8.49333,1.13024,2517.32,2227.25,0.0,0.0,0.7308,0.646591,0.0,1,0.0014830949,0.1460868481,0.14696855369993628,Test
LAGVOG_clean,7.38705,6.71212,7.38296,0.935187,2320.11,2480.9,0.0,0.0,0.6728,0.719428,0.0,1,0.002307562,0.2210723866,0.22779779819065038,Train
LAGWEX_clean_h,6.67772,5.77243,6.67772,1.37946,1565.15,1134.61,0.0,0.0,0.5916,0.428865,0.0,1,0.0023784892,0.2354146202,0.22921469606795164,Train
LAGWUN_clean,7.27418,6.60927,7.27418,1.47237,1426.73,969.005,0.0,0.0,0.5734,0.38944,0.0,1,0.0018335588,0.191406768,0.17993680909646373,Train
LAHTUM_clean,7.00326,4.86289,7.00219,1.1818,1642.93,1390.19,0.0,0.0,0.5612,0.474868,0.0,1,0.0031968701,0.3148863894,0.30575982029722815,Test
LAHVAU_clean,7.77112,5.22128,7.77112,1.02459,1747.86,1705.92,54.8522,53.5358,0.6324,0.617222,0.0,1,0.0031016078,0.3004325364,0.29704507964360066,Train
LAHYOL_clean,4.91604,3.64149,4.71388,1.41984,853.074,600.823,0.0,0.0,0.4516,0.318063,0.0,1,0.0046632621,0.4000577394,0.4035878901824412,Train
LAJJAK_clean,5.2622,3.52522,5.24789,1.1695,1542.33,1318.79,0.0,0.0,0.5992,0.512354,0.0,0,0.0037602184,0.3577959018,0.3562441020373518,Train
LAJLIT_charged,15.26982,4.36349,15.26982,1.00336,1238.94,1234.78,0.0,0.0,0.5456,0.543771,0.0,0,0.0018144018,0.1723923936,0.1685678824282482,Test
LAJTIC_clean,3.75555,3.44484,3.75041,1.857,465.817,250.843,0.0,0.0,0.5076,0.273344,0.0,1,0.0001434457,0.0145768767,0.016920870238538388,Train
LAKFIN_clean,8.38907,7.72449,8.38907,1.20127,2069.83,1723.03,0.0,0.0,0.6742,0.561239,0.0,0,0.001876212,0.1837700276,0.18285506148207187,Test
LALFEL_clean,6.13469,4.34629,6.1328,1.17934,2824.52,2395.0,0.0,0.0,0.6914,0.58626,0.0,1,0.0015051576,0.1551602489,0.1481948958341049,Train
LALFUB_clean,4.98066,4.11701,4.97309,1.72073,1391.23,808.509,0.0,0.0,0.5092,0.29592,0.0,0,0.0017890946,0.1770253521,0.1736670538842669,Train
LAMFEK_clean,4.48925,3.88031,4.48925,1.58556,679.109,428.309,0.0,0.0,0.4966,0.313202,0.0,1,0.0005535059,0.0541752517,0.05287933785003618,Train
LAMFIO_clean,4.66583,3.98613,4.66523,1.50136,697.933,464.867,0.0,0.0,0.541,0.360339,0.0,1,0.0005049803,0.0449993567,0.048024881685800935,Train
LAMFOU_clean,4.69194,4.00507,4.69151,1.56242,721.999,462.102,0.0,0.0,0.5042,0.322704,0.0,1,0.0005884359,0.0581630274,0.057266184228035255,Train
LAMHAI_clean,5.00396,3.88434,5.00066,1.56799,698.006,445.161,0.0,0.0,0.506,0.322707,0.0,1,0.0005619505,0.0551010882,0.05561737036726211,Train
LAPZIO_clean,15.30437,8.24294,15.30437,0.552463,2030.06,3674.57,0.0,0.0,0.7882,1.4267,0.0,1,0.0044374868,0.443335938,0.42082851635859975,Test
LAQNID_clean,13.51443,6.53331,13.51443,0.653619,2236.32,3421.44,0.0,0.0,0.7516,1.1499,0.0,1,0.0037777739,0.3506421911,0.3554220866025781,Test
LAQZOV_clean,6.50752,5.08332,6.49522,1.09349,2330.32,2131.09,0.0,0.0,0.645,0.589856,0.0,1,0.0023905771,0.2347453675,0.2368092481740721,Test
LARNIE_clean,4.62596,4.14329,4.62016,1.44887,799.885,552.077,0.0,0.0,0.4668,0.322183,0.0,0,0.0030956127,0.2788238419,0.282714698734995,Train
LARPEC_clean,7.01725,4.86799,6.99499,1.23133,2027.11,1646.27,0.0,0.0,0.6304,0.511965,0.0,1,0.0033511212,0.3061323069,0.3193843926398222,Test
LARPOL_charged,5.32037,4.37982,5.15985,1.2211,1121.65,918.554,0.0,0.0,0.4968,0.406845,0.0,0,0.0020507114,0.1935078129,0.19662626922192336,Test
LARVIM_clean,10.82294,9.52295,10.82294,1.0693,1503.49,1406.04,81.7206,76.4241,0.6418,0.600203,0.0,1,0.0020327035,0.1871708174,0.2046197838898548,Test
LARXUA_clean,21.8367,11.13953,21.8367,0.43704,1909.12,4368.3,0.0,0.0,0.8068,1.84605,0.0,1,0.0028178746,0.2665842835,0.2773025043407241,Train
LASDEQ_clean,13.8531,8.72821,13.84085,0.762381,2268.77,2975.9,0.0,0.0,0.7444,0.976415,0.0,1,0.0029549886,0.2979177114,0.2919382926009177,Train
LASMAV_neutral,8.35947,4.46891,5.6634,1.04829,1752.03,1671.32,0.0,0.0,0.5968,0.569309,0.0,1,0.0027654027,0.2619810396,0.26783983850515114,Test
LASRAB_clean,10.22208,8.47748,10.22208,0.840267,2115.15,2517.24,0.0,0.0,0.7808,0.929228,0.0,1,0.0010264434,0.1023553785,0.10164024670507779,Train
LASREF_clean,11.04017,10.09881,11.0096,0.804882,1997.85,2482.17,0.0,0.0,0.781,0.970328,0.0,1,0.0012250788,0.1159598903,0.11959387293827858,Train
LASRIJ_clean,11.13693,10.31061,11.1274,0.748964,1958.48,2614.92,0.0,0.0,0.808,1.07882,0.0,1,0.001004442,0.1167127901,0.10768765978958447,Train
LASWEJ_clean,7.10977,4.83707,7.10977,1.05149,1683.85,1601.39,0.0,0.0,0.578,0.549695,0.0,1,0.0036584844,0.3543654391,0.3489913395065307,Test
LASWIN_clean,4.48241,3.82945,4.48241,1.26627,817.741,645.786,0.0,0.0,0.4948,0.390753,0.0,1,0.0060695701,0.5405485668,0.5246966175785456,Test
LASYOU_clean,10.05429,4.94116,10.05429,0.926612,2320.72,2504.52,0.0,0.0,0.6828,0.736878,0.0,1,0.003441106,0.3299090606,0.3306178769055095,Train
LATCEO_clean,5.87388,4.8832,5.87388,1.09727,2738.31,2495.57,0.0,0.0,0.732,0.667111,0.0,1,0.0010111901,0.102243941,0.10041707515509443,Train
LATPIG_clean,6.7326,6.29437,6.73188,1.53602,1420.36,924.703,0.0,0.0,0.5822,0.379031,0.0,0,0.0019494508,0.1833774258,0.1868366171289157,Test
LATYOX_clean,8.43825,7.66991,8.43825,0.899517,1548.12,1721.06,0.0,0.0,0.606,0.673695,0.0,0,0.0017604711,0.1794676312,0.1810308213850632,Test
LAVCOD_clean,3.77854,3.49065,3.77854,2.38895,513.1,214.781,0.0,0.0,0.4702,0.196823,0.0,1,0.0029261441,0.2787184268,0.25185912247589054,Test
LAVCUJ_clean,4.43208,3.98772,4.43094,2.2011,1075.88,488.794,0.0,0.0,0.5356,0.243333,0.0,1,0.0002304221,0.0213011063,0.02322448634618779,Train
LAVDOE_clean,6.06535,4.45301,6.06535,1.35673,1212.79,893.908,0.0,0.0,0.533,0.392855,0.0,1,0.0024227123,0.2285220826,0.2301493261463367,Test
LAVSUY_clean,6.88683,6.50841,6.88683,1.28067,1607.28,1255.03,0.0,0.0,0.5652,0.441333,0.0,0,0.0034438047,0.328953726,0.33465723723983287,Test
LAVTAF_clean,6.94207,6.59487,6.94207,1.57026,1544.58,983.644,0.0,0.0,0.5696,0.362742,0.0,0,0.0023923318,0.2394323822,0.23483447740025767,Test
LAVTEJ_clean,6.93182,6.57314,6.93182,1.58977,1549.61,974.742,0.0,0.0,0.5672,0.356782,0.0,0,0.0025307774,0.2359597609,0.247102438910124,Test
LAVTIN_clean,6.87869,6.48693,6.87869,1.63046,1549.18,950.153,0.0,0.0,0.5698,0.349473,0.0,0,0.0024837629,0.2438316936,0.2407854274137899,Train
LAVTOT_clean,6.86565,6.50199,6.86565,1.63118,1543.92,946.504,0.0,0.0,0.5648,0.346252,0.0,0,0.0025746549,0.2396154179,0.2448794219591984,Test
LAVTUZ_clean,6.84748,6.45021,6.84748,1.66996,1548.02,926.977,0.0,0.0,0.5682,0.340247,0.0,0,0.0030597934,0.2886636491,0.2923418023760301,Train
LAVZOA_clean,4.97897,3.76472,4.96668,2.4043,872.519,362.9,0.0,0.0,0.4822,0.200558,0.0,1,0.0014497859,0.1368801136,0.1343828910281167,Test
LAVZUG_clean,9.32038,5.88413,9.23158,1.53681,2188.0,1423.72,0.0,0.0,0.709,0.461344,0.0,1,0.0011910205,0.1141490443,0.11152167872685392,Test
LAWFOF_clean,15.10116,7.95608,15.10116,0.589497,2232.85,3787.72,0.0,0.0,0.8124,1.37812,0.0,0,0.0019602779,0.1995972781,0.20020535169309803,Test
LAWFUL_clean,15.1002,7.9585,15.1002,0.589907,2229.21,3778.92,0.0,0.0,0.8122,1.37683,0.0,0,0.0019947755,0.2007762858,0.2045257743274267,Test
LAWFUN_clean,6.89842,3.95926,6.89842,1.2173,1168.89,960.232,0.0,0.0,0.5192,0.426519,0.0,1,0.0036712587,0.342900012,0.3344634323976734,Test
LAWGAS_clean,15.0923,7.9386,15.0599,0.589907,2234.12,3787.24,0.0,0.0,0.812,1.37649,0.0,0,0.0020272439,0.1994542143,0.20837363702794431,Test
LAWGEW_clean,15.06244,7.93691,15.06244,0.591684,2230.24,3769.3,0.0,0.0,0.803,1.35714,0.0,0,0.0020942099,0.2014743557,0.21504675238277382,Train
LAWGIA_clean,15.0745,7.93652,15.0745,0.590588,2230.11,3776.08,0.0,0.0,0.8028,1.35932,0.0,0,0.0019846291,0.2027406222,0.2043240743360712,Train
LAWGOG_clean,15.0805,7.93827,15.0805,0.589428,2230.89,3784.84,0.0,0.0,0.8032,1.36268,0.0,0,0.0019237509,0.2015474096,0.1953405900900292,Train
LAWGUM_clean,15.09972,7.93483,15.09787,0.58881,2231.62,3790.06,0.0,0.0,0.8032,1.36411,0.0,0,0.0021834979,0.1995911902,0.22050364902437697,Test
LAWHOJ_clean,10.27348,3.66364,10.27348,1.54552,1337.51,865.414,0.0,0.0,0.5444,0.352244,0.0,1,0.00188768,0.1767601151,0.17699138185021407,Train
LAWHUP_clean,10.46029,3.75562,10.46029,1.55256,1336.79,861.022,0.0,0.0,0.5416,0.348844,0.0,0,0.0018565473,0.1816074782,0.17571932040348986,Train
LAXJAX_clean,12.82983,5.12034,12.75758,0.7175,1929.2,2688.78,0.0,0.0,0.678,0.944947,0.0,0,0.0042051541,0.4041596881,0.4024635518745463,Train
LAYGAV_clean,6.45802,4.57521,6.44061,1.03521,1472.0,1421.94,0.0,0.0,0.5658,0.546558,0.0,0,0.003319659,0.323479613,0.3148523805732144,Test
LAZGOK_manual,4.94973,3.64755,4.74405,1.28266,1115.13,869.385,0.0,0.0,0.5616,0.43784,0.0,1,0.0007071918,0.0728776644,0.07172499472389299,Train
LAZJIH_clean,5.57744,4.95549,5.57327,1.06968,1869.94,1748.13,0.0,0.0,0.6238,0.583165,0.0,0,0.005221915,0.4876857561,0.49045052094757247,Train
LAZKUU_clean,6.24874,4.05552,6.23411,0.996458,1522.19,1527.6,0.0,0.0,0.5832,0.585273,0.0,0,0.003011609,0.2829862097,0.29376053663713103,Train
LAZXOB_clean,9.34691,6.36719,9.34691,1.04439,1784.83,1708.97,0.0,0.0,0.6322,0.605329,0.0,1,0.0021185448,0.2074694715,0.21369519121505198,Train
LECFAC_clean,9.81867,4.43769,9.81443,0.838672,2179.96,2599.3,0.0,0.0,0.7164,0.854207,0.0,1,0.0033766504,0.3271403587,0.3279689949937281,Train
LECFEG_clean,9.36969,4.36946,9.36969,0.882661,2218.78,2513.74,0.0,0.0,0.708,0.80212,0.0,1,0.0031992817,0.305004134,0.3135757413820553,Test
LECFUW_charged,5.88356,3.55877,5.88356,1.50111,282.937,188.485,487.845,324.99,0.4798,0.31963,0.0,1,0.0025966126,0.2394492362,0.23625327312748987,Test
LECGIL_clean,10.08545,7.23049,10.05263,0.936646,2086.42,2227.54,0.0,0.0,0.727,0.776173,0.0,1,0.0010715831,0.1096261039,0.11039531813478143,Train
LEDHEJ_clean,5.17343,4.21878,5.16848,1.58915,678.436,426.917,0.0,0.0,0.4584,0.288456,0.0,1,0.0032240869,0.276628267,0.2902370214103591,Test
LEDHIN_clean,5.14094,4.21977,5.13595,1.60723,671.365,417.716,0.0,0.0,0.4556,0.28347,0.0,1,0.0034362316,0.2737832863,0.30637428073180656,Test
LEDLAJ_clean,6.91296,3.51033,6.91296,1.15045,885.224,769.461,0.0,0.0,0.496,0.431137,0.0,1,0.0021460286,0.2054509678,0.20530346817483935,Test
LEDLEN_clean,8.11845,6.60905,8.11698,0.914085,1985.25,2171.84,0.0,0.0,0.6552,0.716782,0.0,1,0.0023699645,0.221701632,0.23477125501810148,Test
LEDNEP_charged,4.53355,3.90286,4.53355,2.19304,289.105,131.828,0.0,0.0,0.4438,0.202367,0.0,0,0.0014468005,0.125403744,0.12797242065326997,Train
LEDNIT_charged,4.72844,4.15581,4.72844,2.17734,316.677,145.442,0.0,0.0,0.4404,0.202265,0.0,0,0.0009576647,0.0873064325,0.08919900844249096,Train
LEGGEK_clean,4.38053,3.59011,4.38053,1.51154,471.927,312.216,0.0,0.0,0.4872,0.32232,0.0,1,0.0052278958,0.46702912,0.4530877114068471,Test
LEGGIO_clean,5.18429,3.8135,5.15632,1.17196,1806.33,1541.29,0.0,0.0,0.5938,0.506672,0.0,1,0.0037481355,0.3643690343,0.3554996634333495,Test
LEHXUT_clean,24.94881,9.11981,13.96328,0.407171,1936.47,4755.92,0.0,0.0,0.8288,2.03551,0.0,1,0.0029890025,0.2953887376,0.2966674187752213,Train
LEJBUX_clean,6.30676,4.81909,6.30369,1.04776,2668.26,2546.63,0.0,0.0,0.7428,0.70894,0.0,1,0.0009202375,0.0947958273,0.09166032949978348,Train
LEJCAE_clean,5.15076,4.65327,5.14771,1.13486,3020.72,2661.76,0.0,0.0,0.7162,0.631093,0.0,1,0.0010776679,0.1013786905,0.10759619619796701,Train
LEJKIW_clean,6.1081,4.29761,6.1081,1.82473,1754.35,961.429,0.0,0.0,0.562,0.307991,0.0,1,0.0038083798,0.3481572559,0.3463334641011228,Train
LEJRIC_clean,11.60038,10.84699,11.60038,1.19087,1547.76,1299.69,0.0,0.0,0.637,0.534904,0.0,1,0.0019262571,0.1849081957,0.1863172354085016,Test
LELDUD_clean,16.5482,9.24625,16.5482,0.458126,1992.46,4349.15,0.0,0.0,0.829,1.80955,0.0,1,0.002579167,0.2661458924,0.25453518406660236,Test
LELMIA01_clean,5.7573,4.86083,5.74121,1.47804,1284.35,868.952,0.0,0.0,0.5138,0.347622,0.0,1,0.0039377815,0.3728283795,0.3492827794673856,Test
LELMIA_clean,5.90205,5.05463,5.89889,1.44105,1311.25,909.93,0.0,0.0,0.5386,0.373756,0.0,1,0.0037664331,0.3508747625,0.34358554736284314,Train
LELROL_clean,9.52458,5.89518,9.49645,0.725604,2342.81,3228.77,0.0,0.0,0.6884,0.948726,0.0,1,0.0026994797,0.2676916118,0.2660212315504162,Test
LELRUR_clean,7.75367,5.31169,7.43322,1.04806,1544.2,1473.39,0.0,0.0,0.5926,0.565427,0.0,1,0.0021567511,0.204596537,0.21333721630919938,Test
LEMVOP_clean,5.28106,3.76828,5.22671,1.49221,559.092,374.674,165.129,110.661,0.47,0.314969,0.0,0,0.00142749,0.1328594145,0.1394325211738276,Test
LENGAO_clean,9.03703,6.62918,8.94738,0.968421,1920.56,1983.18,0.0,0.0,0.6764,0.698457,0.0,1,0.0022598422,0.2150729609,0.22340415289005772,Train
LENKIA_clean,11.49386,10.72802,11.47361,1.31034,1534.89,1171.37,0.0,0.0,0.6288,0.479875,0.0,1,0.0016207077,0.166407071,0.16102469885600054,Train
LEQQAA_clean,5.52925,4.85253,5.5277,0.807375,2409.06,2983.81,0.0,0.0,0.6688,0.828364,0.0,1,0.0033134803,0.3207881598,0.3247803126189697,Train
LEQQII_clean,8.74289,7.28376,8.74289,0.770513,1869.68,2426.54,0.0,0.0,0.6812,0.884086,0.0,1,0.0021303286,0.1997199461,0.21421035850748982,Train
LEQVUZ_clean,9.63173,5.48027,9.50266,0.666563,1780.56,2671.25,394.567,591.942,0.7036,1.05556,0.0,0,0.0028506714,0.2765740222,0.28050961091975074,Test
LESWAI_clean,5.70322,4.2936,5.70044,1.41973,1194.97,841.693,0.0,0.0,0.5074,0.357393,0.0,0,0.0036653049,0.3431710302,0.3342400971768592,Test
LETDEU_clean,8.60977,8.56919,8.60977,1.61724,1284.5,794.25,0.0,0.0,0.6168,0.38139,0.0,1,0.0003251691,0.0318455334,0.035533643333746534,Train
LETDUK_clean,7.09435,6.39708,7.09435,1.10433,2376.79,2152.25,0.0,0.0,0.6948,0.62916,0.0,1,0.0012070664,0.130515539,0.11552696209833505,Test
LETPOR_clean,11.06769,10.6456,11.06769,1.31092,1583.35,1207.82,0.0,0.0,0.6774,0.516738,0.0,1,0.0014344,0.1408915056,0.1438918550567918,Train
LETPUX01_clean,17.65528,16.43472,17.65528,1.06966,1485.27,1388.55,0.0,0.0,0.7452,0.696673,0.0,1,0.0015753366,0.1539819739,0.15372298359074787,Train
LETPUX_clean,17.65528,16.43472,17.65528,1.06966,1482.59,1386.05,0.0,0.0,0.7454,0.69686,0.0,1,0.0015432996,0.1533798993,0.15081994543498622,Train
LETQAE01_ion_b,17.89295,17.20825,17.88663,1.0366,1281.21,1235.97,0.0,0.0,0.718,0.692649,0.0,0,0.001290366,0.1248088576,0.12293689618408757,Train
LETQAE_clean,18.31927,17.55519,18.31927,0.940384,1367.76,1454.47,0.0,0.0,0.7778,0.827109,0.0,1,0.0016771852,0.1570120202,0.15674401427619164,Test
LETQEI_clean,25.68935,25.43895,25.68935,0.814849,1230.83,1510.5,0.0,0.0,0.8076,0.991104,0.0,1,0.0015612833,0.1564045341,0.15327312521030598,Test
LETRAF_clean,26.75898,26.49317,26.74189,0.733819,1149.99,1567.13,0.0,0.0,0.828,1.12834,0.0,1,0.0014330982,0.1400342677,0.14079172277869598,Train
LEVBAQ_clean,5.71097,4.52955,5.6806,2.00382,1507.28,752.202,0.0,0.0,0.5374,0.268188,0.0,1,0.0050779518,0.4570116738,0.4568604582900622,Test
LEVDIB_clean,12.81022,4.05785,12.67653,0.771367,2135.54,2768.51,0.0,0.0,0.6982,0.905146,0.0,1,0.0035685149,0.3307712881,0.33434307453645606,Train
LEVLEF_clean,20.18098,6.8654,20.18098,0.883011,1005.98,1139.26,176.505,199.889,0.6154,0.696933,0.0,1,0.0051035049,0.4255516403,0.4076270651743141,Test
LEVNOQ01_clean,5.76478,3.88293,5.76079,0.975082,1366.72,1401.64,0.0,0.0,0.5706,0.585182,0.0,1,0.0048959945,0.4662687365,0.46139750594208245,Train
LEVNOQ_clean,5.91307,3.93225,5.91307,0.947393,1555.93,1642.33,0.0,0.0,0.5826,0.614951,0.0,1,0.0047892222,0.4559506513,0.451081375870037,Train
LEVPAF_clean,9.99333,8.10197,9.99333,0.81142,1805.64,2225.28,0.0,0.0,0.6764,0.833601,0.0,1,0.0020638112,0.2043459903,0.20539437115671455,Train
LEVYOC_clean,4.43687,3.53475,4.41654,1.7513,543.427,310.299,0.0,0.0,0.4316,0.246445,0.0,1,0.0028401559,0.2604905558,0.256654590030144,Train
LEWMUX_clean,9.4187,3.8157,9.4187,1.15388,1572.68,1362.95,0.0,0.0,0.5946,0.515306,0.0,1,0.0041789877,0.3795700779,0.39061450729452685,Test
LEYFUS_clean,6.97561,3.5531,6.28921,2.99567,1378.54,460.178,5.73766,1.91532,0.5416,0.180795,0.0,1,0.0003093339,0.0328276417,0.032541049695517965,Train
LEYPAI_clean,5.73576,4.86589,5.73576,1.67394,1567.04,936.138,0.0,0.0,0.5778,0.345174,0.0,1,0.0010432465,0.1086516567,0.0990504424479614,Test
LEYQUD_clean,9.49015,4.11988,9.48875,1.0718,2134.49,1991.5,0.0,0.0,0.699,0.652175,0.0,1,0.0012602459,0.1212109066,0.12572037787964888,Train
LEYRAK_clean,9.5213,4.16248,9.5213,1.04525,2148.73,2055.7,0.0,0.0,0.7006,0.670268,0.0,1,0.0012081488,0.1240349051,0.11915638137363507,Train
LEYREO_clean,9.51379,4.14819,9.5125,1.05388,2143.29,2033.7,0.0,0.0,0.7,0.66421,0.0,1,0.0012662946,0.1220901984,0.1262431947526387,Train
LEZLAF_clean,5.67349,3.43363,5.66285,1.39295,953.777,684.72,0.0,0.0,0.529,0.379771,0.0,1,0.0014364833,0.1324620998,0.1373548937607116,Test
LEZMIN_clean,4.88856,4.07448,4.86623,1.80949,1151.84,636.557,0.0,0.0,0.5686,0.314232,0.0,0,0.0036215942,0.3272906031,0.3280852793853445,Test
LEZWUK_clean,6.90304,3.45469,6.90294,3.02612,1351.11,446.482,2.10866,0.696819,0.5404,0.178579,0.0,1,0.0003335758,0.0336245477,0.033369780546764594,Train
LEZXAR_clean,6.92017,3.56103,6.91993,3.0017,1355.71,451.646,4.12818,1.37528,0.5278,0.175834,0.0,1,0.0003946359,0.0392707573,0.03888943383015814,Train
LIBQIY_clean,9.48211,4.09783,9.48211,1.10251,2123.81,1926.34,0.0,0.0,0.703,0.637636,0.0,1,0.0012729038,0.1213939102,0.12571344489738273,Test
LIBZIG_clean,5.90138,4.68963,5.90138,1.54375,1825.0,1182.18,0.0,0.0,0.5888,0.381408,0.0,1,0.0018069036,0.1646793462,0.17665344000981936,Test
LICKAL_clean,4.46919,3.89223,4.46919,1.80004,671.763,373.194,1.29095,0.717177,0.4414,0.245217,0.0,1,0.0022026719,0.1955505593,0.2063945919801198,Test
LIDWIG_clean,6.16997,4.49229,6.14357,1.15777,1073.38,927.108,0.0,0.0,0.4856,0.419428,0.0,0,0.0032333158,0.3060379125,0.3017833904856597,Test
LIDZOP_clean,5.56488,4.14994,5.56158,1.64984,557.624,337.986,0.0,0.0,0.3922,0.23772,0.0,0,0.0060156928,0.422155333,0.43289163834304156,Train
LIDZUV_clean,5.12552,3.77339,4.88815,1.54716,456.013,294.742,0.0,0.0,0.3458,0.223506,0.0,0,0.0083147058,0.5364860724,0.5382446504571423,Train
LIFSAW_clean,5.78145,3.73909,5.7809,1.26392,1211.1,958.208,0.0,0.0,0.5322,0.421072,0.0,0,0.002850153,0.2613902558,0.2679914223760738,Test
LIFSEA_clean,5.51731,3.61848,5.51731,1.29733,1177.02,907.264,0.0,0.0,0.5102,0.393268,0.0,0,0.0033975547,0.3056809743,0.31636539857752566,Train
LIFWOO_clean,4.98366,4.55513,4.98366,1.07707,1107.59,1028.34,0.0,0.0,0.5242,0.486692,0.0,0,0.005301664,0.4890501709,0.47888111769565467,Test
LIGHAM_clean,5.55777,4.9763,5.55645,1.04913,1135.92,1082.72,0.164681,0.156969,0.531,0.506133,0.0,1,0.0021334188,0.2057009513,0.2104298276427211,Train
LIJNOJ01_clean,4.91078,3.67872,4.91078,1.2863,552.942,429.872,0.0,0.0,0.425,0.330406,0.0,0,0.0032126999,0.2840383283,0.28593360501141935,Test
LIJNOJ_clean,4.87208,3.58717,4.87208,1.2994,528.572,406.782,0.0,0.0,0.416,0.320148,0.0,0,0.0032628983,0.2843170162,0.2816791595879314,Train
LIKDOA_clean,18.48324,9.41931,18.48324,0.536397,1957.94,3650.16,0.0,0.0,0.8154,1.52014,0.0,1,0.0025017128,0.2424216756,0.2491963562952838,Train
LIPQOR_clean,9.96385,4.33568,9.96385,0.897942,1931.52,2151.05,198.042,220.551,0.6648,0.74036,0.0,1,0.0026262981,0.2444435129,0.25810255684052336,Test
LIQDAS_clean,12.80393,5.86346,12.80393,0.732254,1996.94,2727.12,0.0,0.0,0.725,0.990093,0.0,1,0.0021802026,0.2138333516,0.21557408817151305,Train
LIQFEY_clean,5.32747,3.70757,5.32747,1.44986,1251.71,863.334,0.0,0.0,0.5234,0.361001,0.0,0,0.003479895,0.3249008428,0.32363730548238995,Test
LIQJEC_clean,8.59986,6.07561,8.59986,1.33584,1720.59,1288.03,0.0,0.0,0.6236,0.466823,0.0,0,0.0012540996,0.1213593168,0.1266196318255677,Test
LIRFIB_clean,9.16234,8.82724,9.16234,0.554774,2252.81,4060.77,0.0,0.0,0.8042,1.4496,0.0,0,0.0013088304,0.1409896018,0.12590871484095958,Test
LIRNOR_clean,5.98787,3.62357,5.98787,1.13373,1270.63,1120.75,0.0,0.0,0.5214,0.459897,0.0,0,0.0033386767,0.3076287945,0.3115257180542839,Test
LIRVAK_charged,5.32501,4.24984,5.32501,0.914869,1495.24,1634.38,0.0,0.0,0.582,0.636157,0.0,0,0.0036917876,0.3555156991,0.35665964681323636,Train
LITCIC_clean,7.20254,4.1628,7.20254,0.886931,1974.54,2226.26,0.0,0.0,0.6382,0.71956,0.0,1,0.0032434638,0.3222573703,0.3162400605742165,Train
LITCOI_clean,7.36237,3.74541,7.3233,1.05285,1772.71,1683.72,0.106276,0.100941,0.6258,0.594384,0.0,1,0.0038649649,0.3652994236,0.37129179425498815,Test
LITDAV_clean,6.01025,4.24331,5.99992,1.01002,1613.71,1597.7,0.0,0.0,0.5946,0.588704,0.0,1,0.0040983605,0.3867737826,0.3906641879039535,Train
LITHUR_clean,5.86756,4.66068,5.8615,1.85218,2577.81,1391.77,0.0,0.0,0.691,0.373074,0.0,0,0.0004783783,0.0458460057,0.04316733291718214,Train
LIVLUZ_clean,5.91163,5.00426,5.91034,1.15595,1292.96,1118.53,0.0,0.0,0.5702,0.493275,0.0,0,0.0040346265,0.3656516158,0.3689743143137112,Test
LIVTEP_charged,4.29529,3.65537,4.29474,1.45498,707.948,486.568,0.0,0.0,0.4962,0.341035,0.0,0,0.001068175,0.106890237,0.10809020912479483,Train
LIVTIT_clean,5.03218,4.49412,5.03218,0.873833,1850.2,2117.34,0.0,0.0,0.6576,0.752547,0.0,1,0.0030248638,0.2981446592,0.2962686721422756,Train
LIVWAQ_clean,5.90832,4.03567,5.90832,1.60342,1467.86,915.456,0.0,0.0,0.615,0.383556,0.0,0,0.0034611502,0.3137234997,0.3253215709518607,Test
LIWFOM_clean,5.43362,4.03441,5.43362,2.15039,700.892,325.936,0.0,0.0,0.4398,0.204521,0.0,1,0.000799614,0.0801940553,0.07655002128789296,Train
LIWVIY_clean,5.89138,4.8352,5.89138,1.26516,1787.77,1413.07,0.0,0.0,0.6376,0.503967,0.0,1,0.0017537305,0.1670738992,0.17391909453915091,Train
LIWXIZ_clean,4.12479,3.66059,4.10123,1.63001,136.604,83.8054,0.0,0.0,0.3614,0.221716,0.0,1,0.0003849861,0.0364824757,0.03749222824506443,Train
LIWXOG_clean,5.30986,3.68842,5.30986,1.40965,1545.05,1096.05,0.0,0.0,0.589,0.417834,0.0,1,0.0020210314,0.1982756053,0.19561342270008114,Test
LIXWAR01_clean,5.58762,3.9288,5.58762,1.07311,1360.46,1267.78,0.0,0.0,0.5636,0.525205,0.0,1,0.0034355085,0.3416928856,0.32850081099242684,Train
LIXWAR_clean,5.63611,3.90043,5.63611,1.06263,1387.85,1306.06,0.0,0.0,0.5696,0.536029,0.0,1,0.0035507709,0.3357216037,0.33544212122812533,Train
LIXXAS_clean,6.60705,5.3683,6.60705,1.11648,2145.98,1922.1,0.0,0.0,0.6524,0.584335,0.0,1,0.0028409415,0.2671414091,0.27527137257083245,Test
LIZWEX_charged,18.41354,3.91151,18.38659,0.818678,2195.65,2681.95,0.0,0.0,0.7294,0.890949,0.0,0,0.0020799124,0.1920735224,0.20157364873286404,Train
LOBHAM_clean,7.0104,5.91491,7.0104,1.01758,1770.03,1739.45,0.0,0.0,0.6232,0.612433,0.0,0,0.0025139295,0.2509128623,0.24825804464264822,Test
LOCZIO_clean,7.2178,3.83248,7.2178,1.09612,1264.7,1153.8,0.0,0.0,0.5608,0.511625,0.0,1,0.0030722824,0.2987403069,0.291746937449785,Test
LODKIA_clean,6.01281,4.49425,5.60772,1.02042,1998.25,1958.27,0.0,0.0,0.6138,0.601518,0.0,1,0.0038188061,0.3668679667,0.36033930211067255,Train
LODPUQ_clean,6.04771,4.78066,6.04165,1.07351,1496.3,1393.84,0.0,0.0,0.5402,0.50321,0.0,1,0.0053852529,0.4754476484,0.4842484976327446,Test
LOFVUY01_clean,8.11285,4.66596,8.11285,1.07811,1882.69,1746.29,0.0,0.0,0.6276,0.582131,0.0,1,0.0020090303,0.1971132868,0.20222297214416596,Test
LOFVUY_clean,8.04365,4.63845,8.04358,1.07811,1889.15,1752.28,0.0,0.0,0.626,0.580647,0.0,1,0.0019231437,0.1949940354,0.18900692405326647,Train
LOFZUB_clean,8.36948,3.5655,8.36948,1.45872,1389.79,952.749,0.0,0.0,0.549,0.376358,0.0,0,0.0168183072,1.325129995,1.3320833026941346,Train
LOGBAK_clean,8.33905,3.64261,8.33905,1.46617,1378.61,940.283,0.0,0.0,0.5464,0.372672,0.0,0,0.0174603468,1.3244310116,1.330135694969143,Train
LOGBEO_clean,8.32475,3.5444,8.32475,1.47637,1351.58,915.479,0.0,0.0,0.5444,0.368742,0.0,0,0.018024089,1.3330423152,1.3298499811331863,Train
LOGXEM_clean,11.7072,8.5205,11.7072,1.40177,1826.91,1303.29,0.0,0.0,0.6678,0.476399,0.0,0,0.0005212651,0.0520507899,0.0545500375134203,Train
LOJFOF_clean,5.76837,5.02994,5.76476,1.16037,1095.67,944.242,0.0,0.0,0.472,0.406768,0.0,1,0.0031324202,0.29654515,0.2929935066481376,Test
LOJFUL_clean,11.50657,8.6404,11.49116,0.609882,1949.87,3197.13,64.2093,105.281,0.7292,1.19564,0.0,1,0.0034675049,0.3554868882,0.3449864071254013,Train
LOJLAZ01_clean,6.41625,5.33783,6.41625,1.67137,1436.49,859.47,0.0,0.0,0.5874,0.351448,0.0,1,0.001582117,0.1489299501,0.15038648221262568,Test
LOJLAZ_clean,6.04161,4.90341,6.00485,1.78682,1392.9,779.539,0.0,0.0,0.5636,0.31542,0.0,1,0.0017680158,0.175343394,0.1677010946490789,Test
LOLREL_clean,8.50343,6.96426,8.50343,1.36486,1470.9,1077.7,0.0,0.0,0.5994,0.439167,0.0,1,0.0015530259,0.1582728242,0.1542334219262723,Train
LOLVAJ_clean,4.04776,3.6459,4.03742,2.02495,342.226,169.005,0.0,0.0,0.431,0.212845,0.0,0,0.0004934542,0.0483085643,0.04873061019275249,Train
LOMLOQ_clean,6.7486,3.80235,6.29526,1.47019,2203.5,1498.78,0.0,0.0,0.646,0.439399,0.0,0,0.0030794348,0.2999051297,0.29523028193587747,Test
LOMLUW_clean,5.44799,3.79422,5.44799,1.50469,1945.11,1292.7,0.0,0.0,0.6428,0.427199,0.0,0,0.0037133272,0.3452531058,0.35471504074272187,Test
LONVAN_clean,10.90817,9.80221,10.908,1.08454,1586.63,1462.95,0.0,0.0,0.6414,0.591401,0.0,1,0.001649524,0.1692923901,0.15923927396430362,Test
LONVIV_clean,10.81251,9.68892,10.81235,1.16864,1579.98,1351.99,0.0,0.0,0.6292,0.538405,0.0,1,0.0018114028,0.1898622618,0.17924158853761366,Test
LONWIW_clean,6.32722,5.3124,6.00348,0.832586,2332.25,2801.21,0.0,0.0,0.6626,0.795834,0.0,1,0.0031789185,0.3112630601,0.31135188083335374,Train
LOPZAS_clean,6.31996,4.58953,6.31996,0.918625,1348.48,1467.93,0.0,0.0,0.5474,0.595891,0.0,1,0.0023573918,0.2168260129,0.2275100520722829,Train
LOQLEJ_manual,14.69858,14.40453,14.61633,0.993806,1433.78,1442.72,0.0,0.0,0.6928,0.697118,0.0,0,0.0036483238,0.3380920836,0.3384186716245385,Train
LOQLIN_SL,14.25248,13.92666,14.25248,0.952578,1304.34,1369.28,0.0,0.0,0.6736,0.707133,0.0,0,0.0043594453,0.3958745561,0.3928494072610051,Test
LORMOW_clean,5.15517,3.73399,5.14768,1.63871,712.948,435.067,0.0,0.0,0.4168,0.254347,0.0,1,0.0018761569,0.172506691,0.16731764636313415,Test
LORROB_clean,6.37003,3.61495,6.36168,1.37197,938.703,684.2,0.0,0.0,0.4942,0.360212,0.0,1,0.001660662,0.160891408,0.1528918649791297,Train
LOSBOM_clean,6.43284,5.09662,6.26908,0.76383,2342.39,3066.64,0.0,0.0,0.6748,0.883443,0.0,1,0.0058068858,0.5489441212,0.5413911626651127,Train
LOSXIC_clean,6.03462,5.83771,6.03429,1.10745,2163.31,1953.42,0.0,0.0,0.6146,0.554971,0.0,0,0.0073527194,0.5951064912,0.6216563747982073,Train
LOTDIJ_clean,5.46612,4.37573,5.12432,0.961023,1171.92,1219.45,0.0,0.0,0.527,0.548374,0.0,0,0.0043284034,0.4000261277,0.40628930137850905,Test
LOVLEP_clean,10.42908,4.04603,10.42903,1.5407,1428.2,926.981,0.0,0.0,0.5884,0.381905,0.0,1,0.0007551767,0.0763689083,0.07441687703566699,Test
LOXBEH_clean,11.66545,8.26406,11.65056,1.01014,1491.41,1476.44,0.0,0.0,0.6388,0.632385,0.0,1,0.0017978158,0.1754503386,0.17729667500748528,Train
LOXKAM_clean,14.55985,13.78223,14.55985,0.784824,1498.1,1908.83,0.0,0.0,0.661,0.842227,0.0,1,0.0031413565,0.2957155991,0.3027726059387533,Test
LOXWAY_clean,5.69577,5.32518,5.69577,1.3733,890.048,648.107,0.0,0.0,0.4566,0.332483,0.0,0,0.0017705229,0.1724991656,0.164008591207278,Test
LOXWEC_clean,7.26238,6.47995,7.26238,1.2744,1043.86,819.095,0.0,0.0,0.5004,0.392655,0.0,0,0.0012319335,0.1193429807,0.12818861282725497,Test
LUBMAW_clean,13.15917,12.3614,13.15917,0.992617,1200.54,1209.47,0.0,0.0,0.628,0.632671,0.0,1,0.0011924155,0.118036284,0.1153549184953189,Test
LUBNAZ_clean,8.26904,7.02568,8.25431,1.05459,2068.88,1961.78,0.0,0.0,0.642,0.608768,0.0,1,0.0023889246,0.2378890089,0.23481393684030655,Test
LUCDAO_clean,8.53408,6.05824,8.194,0.856034,2292.36,2677.89,0.0,0.0,0.7178,0.838519,0.0,1,0.0022892539,0.2228754948,0.2268684913956229,Train
LUCDES_clean,8.51481,6.04534,8.51481,0.866707,2299.09,2652.67,0.0,0.0,0.7194,0.830038,0.0,1,0.0022522114,0.2156993756,0.22586949602534984,Test
LUCDIW_clean,8.52461,6.17272,8.52461,0.822543,2288.73,2782.5,0.0,0.0,0.7208,0.876306,0.0,1,0.0022737899,0.2243586445,0.2262734069029299,Train
LUDCUK_clean,6.13722,3.87042,6.049,1.49949,788.964,526.155,0.0,0.0,0.4632,0.308905,0.0,1,0.0060805923,0.4728195741,0.4791344866749425,Train
LUDKOM_clean,6.72845,4.30181,6.72845,1.47246,871.523,591.883,0.0,0.0,0.4702,0.31933,0.0,1,0.0068034794,0.5316361677,0.5257897833918265,Test
LUDKUS_clean,6.94763,4.22525,6.94763,1.5606,819.909,525.382,0.0,0.0,0.4464,0.286044,0.0,1,0.0095045747,0.6682145565,0.6747339033843087,Train
LUDLED_clean,13.17739,6.65728,13.17739,0.881906,2096.4,2377.12,0.0,0.0,0.7118,0.807115,0.0,1,0.0032955068,0.3037135994,0.3049432178613893,Test
LUDLIH_clean,13.23241,6.67449,13.22045,0.876399,2107.58,2404.81,0.0,0.0,0.7124,0.812871,0.0,1,0.0032509468,0.3018472434,0.30300148802320737,Train
LUDVIP_clean,6.92788,4.09866,6.92788,1.5951,1191.16,746.758,0.0,0.0,0.5576,0.34957,0.0,1,0.0014114381,0.1345540245,0.136620615021875,Test
LUFBUL_clean,4.96727,4.63026,4.96727,1.29284,870.275,673.148,0.0,0.0,0.4736,0.366324,0.0,1,0.0052145802,0.4572648525,0.45747281528744593,Train
LUFCAS_clean,4.96103,4.24915,4.96103,1.44232,901.376,624.947,0.0,0.0,0.4662,0.323228,0.0,0,0.0027110644,0.2467436273,0.24177293658096602,Test
LUFNAC01_clean,7.70412,5.87256,7.69288,1.02639,1471.97,1434.12,0.0,0.0,0.566,0.551448,0.0,1,0.0038013277,0.377837025,0.35846863572193177,Train
LUFNAC02_clean,7.66591,5.85542,7.65462,1.02962,1488.42,1445.6,0.0,0.0,0.5648,0.548553,0.0,1,0.0038205479,0.3784776982,0.36508834999259243,Test
LUFNAC03_clean,7.68055,5.84066,7.66172,1.02599,1463.18,1426.13,0.0,0.0,0.565,0.55069,0.0,1,0.0039956652,0.3794472503,0.37660829782584854,Test
LUFNAC04_clean,7.6755,5.87796,7.66911,1.02659,1461.4,1423.54,0.0,0.0,0.5658,0.551143,0.0,1,0.0039337335,0.3772604191,0.36815495243916574,Test
LUFNAC05_clean,7.61946,5.80686,7.57494,1.03101,1474.3,1429.95,0.0,0.0,0.564,0.547035,0.0,1,0.0037586162,0.3797440956,0.3564591936295388,Test
LUFNAC_clean,7.52412,5.6534,7.51131,1.03145,1483.45,1438.22,0.0,0.0,0.562,0.544864,0.0,1,0.0040960374,0.3870007875,0.39194464884504276,Test
LUFNEG_clean,4.76594,3.97544,4.75053,1.17247,1466.56,1250.83,0.0,0.0,0.5002,0.426622,0.0,1,0.0069913464,0.6324069229,0.6212239018891443,Train
LUFQUZ01_clean,4.13433,3.66293,4.13433,1.49707,741.631,495.388,0.0,0.0,0.4688,0.313145,0.0,1,0.0054151981,0.5012217814,0.4731944385296484,Test
LUFQUZ02_clean,4.33985,4.02318,4.33985,1.29652,936.621,722.414,0.0,0.0,0.5262,0.405857,0.0,1,0.0041194634,0.3868476918,0.38553602383354824,Train
LUFQUZ_clean,4.20915,3.71253,4.20915,1.48805,761.664,511.852,0.0,0.0,0.4716,0.316924,0.0,1,0.0060010773,0.5299595766,0.5240282195903466,Train
LUJBAV_clean,4.98599,3.44797,4.98599,1.46601,380.372,259.461,0.0,0.0,0.3928,0.267938,0.0,1,0.0019969033,0.1673190578,0.1766128858925345,Test
LUJPUC_clean,7.07474,4.6808,7.07474,1.16372,1382.44,1187.95,0.0,0.0,0.5842,0.50201,0.0,1,0.0011068938,0.1145645352,0.11108996312243982,Train
LUJSOA_clean,4.74098,3.40425,4.68235,1.23774,661.744,534.639,0.0,0.0,0.5006,0.404447,0.0,1,0.0003718932,0.0369296013,0.039455583812533,Train
LUKREO_clean,4.04002,3.66815,4.04002,1.33832,308.401,230.438,0.0,0.0,0.4326,0.323241,0.0,1,0.0016826091,0.1623689668,0.15215315154524753,Test
LUKRIS_clean,5.16354,4.10534,5.03617,1.38895,415.25,298.967,0.0,0.0,0.404,0.290867,0.0,1,0.001267288,0.1133718065,0.11614514441868914,Train
LULVOF_clean,5.17234,3.93529,5.17234,1.20763,463.383,383.712,171.595,142.093,0.474,0.392504,0.0,0,0.0044722368,0.3584261965,0.37171627235128923,Train
LULXAS_clean,4.15152,3.42748,4.13309,1.37462,547.083,397.99,0.0,0.0,0.3992,0.290408,0.0,1,0.0031199582,0.298045787,0.2849521331732819,Test
LUMDEC_clean,7.82073,4.889,7.82073,1.29296,1273.82,985.194,0.0,0.0,0.5548,0.429093,0.0,0,0.0012749932,0.1177176356,0.1247096864995405,Train
LUMLIQ_clean,4.75675,3.55253,4.75675,2.1629,785.103,362.986,0.0,0.0,0.4638,0.214434,0.0,1,0.0051618556,0.4275792114,0.4351324468890281,Test
LUMYEZ_clean,6.00702,4.53801,6.00702,1.30429,1992.95,1527.99,0.0,0.0,0.6142,0.470906,0.0,1,0.002773203,0.2668309843,0.2645580674775285,Test
LUMYID_clean,5.94433,4.56717,5.90149,1.30513,1995.48,1528.95,0.0,0.0,0.6194,0.474589,0.0,1,0.0028450477,0.2689033029,0.2736117765812963,Train
LUMYOJ_clean,5.98976,4.51852,5.98976,1.3118,1973.17,1504.17,0.0,0.0,0.6186,0.471565,0.0,1,0.002805134,0.2726088897,0.2714101402368664,Train
LUMYUP_clean,6.15923,4.54415,6.13245,1.2924,1996.56,1544.85,0.0,0.0,0.6166,0.477097,0.0,1,0.0027029549,0.2560127784,0.2567463249572795,Train
LUMZAW_clean,5.8494,4.60336,5.8494,1.30478,1964.07,1505.29,0.0,0.0,0.6278,0.481155,0.0,1,0.0028737855,0.2690485887,0.27406692200966465,Train
LUMZUO_clean,5.98461,4.76477,5.96493,1.86922,2708.01,1448.74,0.0,0.0,0.6802,0.363895,0.0,1,0.0004339018,0.0428422248,0.04258860819412916,Train
LUNBAX_clean,5.92168,4.6498,5.91414,1.91328,2588.47,1352.9,0.0,0.0,0.676,0.353321,0.0,1,0.000443102,0.041385069,0.04111720465478294,Train
LUNBEB_clean,5.83182,4.56735,5.65089,1.97905,2446.69,1236.29,0.0,0.0,0.6622,0.334605,0.0,1,0.0004168784,0.0416927662,0.03995818875042115,Train
LUNBIF_clean,8.36527,6.6245,8.36354,1.86674,2385.2,1277.73,8.72646,4.67469,0.7178,0.38452,0.0,1,0.0004808205,0.0481503779,0.04785920913508537,Train
LUPTAS_clean,4.91554,3.81154,4.8497,1.42961,733.471,513.055,0.0,0.0,0.4568,0.319527,0.0,1,0.0033545473,0.289517283,0.29846495058572764,Train
LUPYAX_clean,7.54991,6.34934,7.53102,1.01424,2199.81,2168.93,0.0,0.0,0.6806,0.671046,0.0,1,0.0026835382,0.2543889526,0.2610027884570332,Test
LUQGAG_clean,6.95292,4.98162,6.95292,1.09152,1536.81,1407.96,0.0,0.0,0.5428,0.497289,0.0,0,0.0032070494,0.2961500551,0.30725552339060935,Test
LURLOB_clean,7.37662,6.99185,7.37662,1.00469,1747.18,1739.02,0.0,0.0,0.6396,0.636613,0.0,0,0.0028165427,0.2751146485,0.27628209682808574,Test
LUSHIR_clean,5.64907,5.07129,5.64636,1.2313,1163.45,944.9,0.0,0.0,0.5004,0.406401,0.0,0,0.0034343944,0.3056285733,0.3187806814021479,Train
LUSHOX01_clean,5.25442,4.88912,5.25442,1.20931,1317.3,1089.3,0.0,0.0,0.5332,0.440913,0.0,1,0.0034428453,0.3147381926,0.32316175452216284,Test
LUSHOX02_clean,5.40311,4.9355,5.40311,1.1935,1329.97,1114.34,0.0,0.0,0.5516,0.462169,0.0,1,0.0033366433,0.321698383,0.3121590436279068,Train
LUSHOX03_clean,5.24171,4.88245,5.22892,1.21123,1320.66,1090.34,0.0,0.0,0.5276,0.435589,0.0,1,0.0035094196,0.3129628764,0.32809594659591157,Test
LUSHOX04_clean,5.42751,4.95925,5.42646,1.17969,1336.79,1133.18,0.0,0.0,0.5422,0.459613,0.0,1,0.0033096965,0.3084136288,0.308185648745595,Test
LUSHOX_clean,5.30336,4.92542,5.30336,1.19355,1298.68,1088.08,0.0,0.0,0.5398,0.452264,0.0,1,0.0033921219,0.3038738918,0.3208343357132266,Test
LUSHUD_clean,5.21289,4.69215,5.21289,1.27198,1075.64,845.64,0.0,0.0,0.4926,0.38727,0.0,0,0.0035822374,0.3253523164,0.329413853774834,Test
LUSJEP_clean,6.10412,5.49511,6.10412,1.18923,1245.03,1046.92,0.0,0.0,0.5248,0.441293,0.0,0,0.0033530807,0.3200284877,0.316534650710245,Train
LUSJIT_clean,6.09975,5.42401,6.09669,1.18953,1257.58,1057.21,0.0,0.0,0.5236,0.440174,0.0,0,0.0031209671,0.3036415625,0.29766928985041197,Test
LUSJOZ_clean,6.14785,5.47386,6.14779,1.1794,1250.19,1060.02,0.0,0.0,0.5326,0.451584,0.0,0,0.0031505357,0.3060824515,0.29993932709876653,Train
LUSYEF_clean,11.6475,5.80016,11.64729,0.734641,2294.6,3123.44,0.0,0.0,0.7226,0.98361,0.0,1,0.0036168623,0.3514540343,0.34163265586009656,Test
LUTSEA_clean,4.56432,3.41314,4.56432,1.75016,669.342,382.447,0.0,0.0,0.5022,0.286946,0.0,1,0.0005282794,0.0507191129,0.05162661971847668,Train
LUVTAY_clean,10.30257,9.44256,10.2197,1.08662,1146.97,1055.54,0.0,0.0,0.5838,0.537262,0.0,1,0.0013658602,0.1349020729,0.12999390905814948,Train
LUVWUU_clean,5.95531,3.72974,5.95531,1.11029,1552.29,1398.09,0.0,0.0,0.5716,0.514821,0.0,1,0.001995669,0.1982705157,0.19310754006635467,Train
LUWMEX_clean,5.64862,4.46205,5.64805,1.16543,1755.8,1506.57,0.0,0.0,0.5904,0.506596,0.0,1,0.003768977,0.3476629865,0.3568317174694304,Test
LUWMIB_clean,6.46125,4.54999,6.46125,1.13178,2301.96,2033.92,0.0,0.0,0.6152,0.543567,0.0,1,0.0035704124,0.3448449989,0.3379151427834271,Train
LUWMOH_clean,6.36296,4.2806,6.36272,1.20693,1999.45,1656.65,0.0,0.0,0.5984,0.495805,0.0,1,0.0037214445,0.3504872738,0.35585358265373246,Test
LUXDUE_clean,13.68943,4.23916,13.68943,1.04302,1835.8,1760.08,13.4841,12.9279,0.692,0.663456,0.0,1,0.0021621651,0.2115464806,0.21080297531005354,Test
LUXFOA_clean,13.73946,4.3179,13.73946,0.952497,1834.04,1925.51,15.1519,15.9076,0.6722,0.705724,0.0,1,0.0016578301,0.1686232051,0.15819935265243346,Test
LUXFUG_clean,13.71044,4.29007,13.71044,1.01438,1788.77,1763.41,11.1798,11.0213,0.6608,0.651434,0.0,1,0.0016910856,0.1639601714,0.1665363836179206,Train
LUYBOY_clean,7.89316,7.4198,7.87816,1.34135,1580.28,1178.13,0.0,0.0,0.5778,0.43076,0.0,1,0.0017410668,0.1728472377,0.17495401455405712,Test
LUYHAP_clean,12.05622,6.74493,12.05603,0.618537,2287.3,3697.93,0.0,0.0,0.7716,1.24746,0.0,1,0.0027384413,0.2679018358,0.2689821876281995,Test
LUYSEF_clean,4.81614,3.46612,4.554,1.34495,1416.38,1053.11,0.0,0.0,0.6156,0.457711,0.0,1,0.0015456199,0.1494705318,0.15551641430055604,Test
LUYSOP_clean,15.21554,13.85225,15.21554,0.826153,1716.72,2077.96,0.0,0.0,0.7048,0.853111,0.0,0,0.0043319154,0.4000103046,0.405238513057068,Test
LUZBOY_clean,6.14636,4.66385,6.14509,0.864953,1863.69,2154.67,0.0,0.0,0.6302,0.728594,0.0,0,0.0025201114,0.2466863413,0.2503428372295422,Test
LUZJAT_clean,8.19723,7.01697,8.18474,1.37403,1823.93,1327.44,0.0,0.0,0.6136,0.44657,0.0,1,0.002991816,0.3016343041,0.28905186071637085,Test
MABCUQ_clean,5.37255,3.56877,5.37255,1.53414,1466.89,956.165,0.0,0.0,0.6184,0.403092,0.0,1,0.0010389532,0.1046705392,0.10210767818160668,Train
MABJUV01_clean,4.71712,3.63905,4.71712,1.54053,563.034,365.48,0.0,0.0,0.4068,0.264064,0.0,0,0.0015691227,0.1504326079,0.14992390394616,Train
MABJUV_clean,4.72309,3.67608,4.72309,1.52978,599.848,392.114,0.0,0.0,0.4106,0.268405,0.0,0,0.0016164008,0.1493477666,0.1497971366410446,Test
MABKEG_clean,4.96705,4.29241,4.96705,1.47907,598.033,404.332,0.0,0.0,0.4092,0.276661,0.0,0,0.0018651285,0.1717910941,0.16671327340749148,Train
MABKIK01_clean,5.51433,5.20447,5.51433,1.39065,845.278,607.831,0.0,0.0,0.4446,0.319707,0.0,0,0.001639126,0.1552795427,0.15103911723757882,Test
MABKIK_clean,4.95272,4.26488,4.95272,1.45304,582.257,400.715,0.0,0.0,0.4264,0.293453,0.0,0,0.0017724796,0.1703384809,0.1616805676811683,Test
MABLAD_clean,5.34449,3.90767,5.34449,1.19766,953.889,796.46,0.0,0.0,0.4728,0.394769,0.0,0,0.0045906983,0.4363649401,0.4108939443671302,Test
MACHIJ_clean,13.29616,4.97277,13.29616,0.983012,1612.04,1639.9,0.0,0.0,0.67,0.681578,0.0,1,0.0015420428,0.1540800397,0.1552779119772455,Test
MACKAE_clean,9.52684,4.31294,9.52684,2.70363,1850.45,684.433,0.0,0.0,0.6186,0.228804,0.0,1,0.0005827741,0.0574230634,0.05526203685437278,Train
MADVUJ_clean,5.32382,4.69426,5.32382,1.65668,675.478,407.729,0.0,0.0,0.418,0.252311,0.0,0,0.0020253677,0.1722395195,0.18210148565199016,Test
MADWAQ_clean,5.18677,4.51055,5.17631,1.52314,635.031,416.921,0.0,0.0,0.412,0.270493,0.0,0,0.0020764304,0.1996103375,0.19230012989623002,Train
MAFDII_SL,6.17503,4.57934,6.17321,1.14403,1406.65,1229.55,266.817,233.224,0.5936,0.518866,0.0,0,0.0039219915,0.3640727507,0.35735860239899675,Test
MAFJIO_clean,10.24604,5.19927,9.76441,0.774705,2445.7,3156.94,0.0,0.0,0.7196,0.92887,0.0,1,0.0031799958,0.2945782156,0.3111478692641093,Test
MAFLUD_clean,5.38373,3.98212,5.36788,1.15006,1774.93,1543.34,0.0,0.0,0.592,0.514756,0.0,1,0.0036332168,0.3478258398,0.34266685583834855,Test
MAFMAK01_clean,5.76423,4.1915,5.74643,1.09839,2062.25,1877.52,0.0,0.0,0.6384,0.581215,0.0,0,0.0032274235,0.325250696,0.31415204298915766,Test
MAFZIE_charged,6.32453,3.80789,6.30141,1.2534,1395.37,1113.27,0.0,0.0,0.5634,0.449498,0.0,1,0.0027583633,0.2639539442,0.26252898212943404,Train
MAGBAZ_clean,7.74379,4.25931,7.73545,0.9596,2206.02,2298.89,0.0,0.0,0.666,0.694039,0.0,0,0.0029066172,0.2813095018,0.28192984579979036,Test
MAGBON_clean,6.77313,5.2032,6.75742,1.14435,2195.85,1918.86,0.0,0.0,0.6464,0.564863,0.0,0,0.0042450702,0.415905504,0.40682897241878047,Test
MAGNEQ01_clean,5.36278,4.15643,5.36278,1.09674,2370.15,2161.08,0.0,0.0,0.672,0.612723,0.0,1,0.0015260676,0.1462764008,0.1510552259760643,Train
MAGNEQ_clean,5.32617,4.14354,5.3111,1.10004,2360.03,2145.41,0.0,0.0,0.6692,0.608342,0.0,1,0.0014220689,0.1455845835,0.14210204494595002,Train
MAHCEG_clean,18.51843,7.97271,18.51843,0.531149,2149.05,4046.05,0.0,0.0,0.8144,1.53328,0.0,1,0.002462813,0.2456269911,0.24616665640833993,Train
MAHCIK_clean,18.77734,7.81499,18.77734,0.539574,2171.35,4024.19,0.0,0.0,0.8044,1.49081,0.0,1,0.0026003304,0.2446582307,0.2605782385620183,Test
MAHCOQ_clean,18.83938,7.96401,18.83938,0.527426,2147.45,4071.57,0.0,0.0,0.8002,1.51718,0.0,1,0.0024290373,0.2466799662,0.245386025745041,Train
MAHTAR01_clean,5.34764,4.14932,5.34428,1.34276,985.458,733.903,0.0,0.0,0.4968,0.369983,0.0,1,0.0033716917,0.3196456737,0.3091533395894627,Test
MAHTAR_clean,5.34824,4.13773,5.34698,1.34089,993.502,740.929,0.0,0.0,0.4942,0.368562,0.0,1,0.0035562682,0.3128163424,0.3212303035306512,Test
MAJHUC_clean,5.75252,3.69157,5.65377,1.18631,467.138,393.774,0.0,0.0,0.4432,0.373595,0.0,1,0.0008538845,0.0787682953,0.07667618309991986,Test
MAKFIQ_clean,8.56724,6.92833,8.56724,1.27671,1511.52,1183.92,0.0,0.0,0.5678,0.444738,0.0,0,0.0019331047,0.1902352622,0.1831447917360883,Test
MAKFOW_clean,8.33236,6.80185,8.33236,1.32055,1504.03,1138.94,0.0,0.0,0.578,0.437696,0.0,0,0.00194171,0.2000659043,0.18710688226878028,Test
MAKGAJ_clean,8.49976,6.89727,8.49976,1.31953,1515.96,1148.87,0.0,0.0,0.5704,0.432276,0.0,0,0.0020309592,0.1940582482,0.20113644341821374,Test
MAKHAJ_clean,5.36353,4.34017,5.23294,1.65348,1412.13,854.037,0.0,0.0,0.5972,0.361179,0.0,0,0.0043417422,0.3848556867,0.394893720663681,Train
MAKRAU_clean,7.29081,6.46944,7.28567,1.08372,1133.62,1046.04,0.0,0.0,0.4976,0.459157,0.0,1,0.0022394361,0.2115904558,0.21349426731163532,Test
MAKRIC_clean,4.96992,3.99417,4.90348,1.09301,509.103,465.783,515.606,471.733,0.491,0.44922,0.0,1,0.005702661,0.4998880412,0.4754810024184186,Test
MAKXAZ_clean,5.08726,4.83873,5.06957,1.27292,905.072,711.021,0.0,0.0,0.4628,0.363574,0.0,0,0.0039033141,0.3544012232,0.34254673737608743,Test
MALFUD_clean,7.43512,5.15007,7.43277,0.84804,2258.38,2663.06,0.0,0.0,0.6712,0.791472,0.0,1,0.0019332966,0.1991241901,0.19033876224247676,Test
MALROJ_clean,16.84369,16.76415,16.84369,0.692416,1360.98,1965.54,0.0,0.0,0.7588,1.09587,0.0,1,0.0022032632,0.2139183872,0.21577238672820728,Test
MALRUM_clean,5.9367,4.07723,5.9367,0.815854,1158.61,1420.12,12.5333,15.3622,0.5888,0.721698,0.0,0,0.0017012457,0.1705156293,0.16618682713939148,Test
MALRUP_clean,16.92414,16.84411,16.92414,0.675419,1334.6,1975.96,0.0,0.0,0.764,1.13115,0.0,1,0.0024221973,0.2420102397,0.23424730056616283,Test
MALSAW_clean,16.91027,16.82951,16.91027,0.672455,1349.27,2006.49,0.0,0.0,0.7654,1.13822,0.0,1,0.0023152714,0.2349815033,0.22825795805559917,Test
MALSEA_clean,16.90358,16.82254,16.90358,0.671459,1350.93,2011.93,0.0,0.0,0.767,1.14229,0.0,1,0.0024549297,0.2382394677,0.23683478366933383,Test
MALSIE_clean,16.8944,16.81333,16.8944,0.672143,1349.09,2007.15,0.0,0.0,0.767,1.14113,0.0,1,0.0024134686,0.2373382357,0.23420655694801218,Train
MALSOK_clean,16.92569,16.84467,16.92569,0.669653,1353.12,2020.63,0.0,0.0,0.7686,1.14776,0.0,1,0.0024789334,0.2380365268,0.2421700237390292,Train
MALYIJ_charged,5.55641,4.36813,5.55641,0.905977,1376.2,1519.02,0.0,0.0,0.5874,0.648361,0.0,0,0.0027943937,0.2787744354,0.27644612008220415,Test
MANDUD_clean,8.1447,5.93208,8.1447,0.901348,2323.1,2577.36,0.0,0.0,0.6668,0.739781,0.0,1,0.0027829133,0.2677185202,0.2738403895038472,Test
MANLAP_ion_b,4.72532,3.67633,4.72532,0.949147,1391.99,1466.57,0.0,0.0,0.5776,0.608546,0.0,0,0.0020213915,0.2043614114,0.2022578572369529,Test
MANLIX_charged,8.67852,5.48387,8.67852,0.763975,1830.88,2396.52,0.0,0.0,0.6304,0.825158,0.0,0,0.0022611059,0.224966205,0.22524868777736884,Train
MANLOD_manual,8.55642,5.36069,8.35991,0.706783,1873.58,2650.85,92.9946,131.574,0.6674,0.944278,0.0,0,0.0020241966,0.2153289444,0.20831749082553475,Test
MAPCIP_clean,9.53742,5.44759,9.32696,1.58248,1828.68,1155.58,0.0,0.0,0.6098,0.385344,0.0,0,0.0024633694,0.2370018647,0.22999363990305086,Test
MAPCUE_clean,5.3952,3.72256,5.3952,1.47049,1163.8,791.435,0.0,0.0,0.504,0.342742,0.0,0,0.002870852,0.2808599259,0.2653575081137304,Test
MAPFIS_clean,5.59771,4.30891,5.54289,1.06696,1494.67,1400.87,0.0,0.0,0.5474,0.513047,0.0,1,0.0034872557,0.344074585,0.33365829656028223,Test
MAPLEX_clean,5.48812,3.7418,5.48733,1.43983,1166.77,810.351,0.0,0.0,0.499,0.346569,0.0,0,0.0030334711,0.2853714065,0.28369454424756047,Test
MAQBEO_clean,9.00352,4.63709,9.00352,0.93614,1838.21,1963.61,22.2471,23.7647,0.63,0.672976,0.0,1,0.0039241313,0.3756033142,0.36684984766897727,Test
MAQBIS_clean,11.35798,8.5918,11.35555,0.674777,2143.5,3176.61,0.0,0.0,0.7262,1.07621,0.0,1,0.0038878652,0.371372224,0.365908943653102,Test
MAQRAA_clean,6.97366,6.05295,6.96579,1.20561,1541.67,1278.75,0.0,0.0,0.5886,0.488218,0.0,1,0.0027689966,0.2740843041,0.2678043941113108,Test
MARDAM_charged,5.71725,4.41875,5.02479,1.26956,985.999,776.649,0.0,0.0,0.4628,0.364537,0.0,0,0.0012384594,0.1134781211,0.11939344956595688,Train
MARJAQ_clean,10.63499,10.4191,10.6339,1.83144,1181.22,644.965,1.00954,0.551229,0.5826,0.31811,0.0,1,0.005339868,0.4687530648,0.4562167232402048,Test
MARNOL_clean,5.81104,3.45148,5.7898,1.22228,1232.48,1008.35,0.0,0.0,0.5482,0.448508,0.0,1,0.0028266071,0.2749759741,0.2698545885557854,Test
MARPOL_clean,5.59699,4.85089,5.59699,1.22385,769.975,629.142,0.0,0.0,0.4788,0.391224,0.0,0,0.0007597909,0.0780719952,0.07548451289415098,Train
MARXEK_clean,6.80849,6.42208,6.80849,1.6895,1568.88,928.61,0.0,0.0,0.5668,0.335485,0.0,0,0.0026735714,0.2608685955,0.24982360931144817,Test
MASMIC_clean,9.31006,7.53558,9.30278,0.580679,2625.75,4521.86,0.0,0.0,0.7606,1.30985,0.0,1,0.0025432581,0.2603165927,0.2578115576677613,Train
MASZOX_clean,6.20608,3.81259,6.16409,1.48643,1158.39,779.31,0.0,0.0,0.5192,0.349294,0.0,1,0.0017358502,0.1628071265,0.16989558211422484,Train
MASZUD_clean,6.16395,3.77069,6.1156,1.46962,1165.3,792.926,0.0,0.0,0.5354,0.364312,0.0,1,0.0016855105,0.1518313457,0.1567949271396384,Test
MATBAM_clean,7.54049,4.88112,7.54049,1.17286,1649.01,1405.98,0.0,0.0,0.5866,0.500147,0.0,1,0.0024033265,0.2249816881,0.23344028287587193,Test
MATBEQ_clean,6.25491,3.91181,5.95608,1.39707,1185.59,848.625,0.0,0.0,0.547,0.391533,0.0,1,0.0019834948,0.1837177712,0.19005882299872,Test
MATFIY_clean,8.97967,4.54894,7.97865,1.40065,1635.25,1167.49,0.0,0.0,0.6194,0.442222,0.0,1,0.0008749934,0.0908712408,0.08788851599663802,Test
MATPOP_clean,9.20624,4.84305,9.20624,1.16023,1655.06,1426.49,0.0,0.0,0.6112,0.526791,0.0,1,0.002296737,0.221885571,0.22120074111553495,Test
MATPUV_clean,8.96945,4.59437,8.96945,1.16708,1604.04,1374.41,0.0,0.0,0.584,0.500396,0.0,1,0.0023088363,0.214497094,0.21839596974651676,Test
MATTOR_clean,5.58364,3.90943,5.58364,1.24007,952.192,767.854,70.05,56.4887,0.5222,0.421105,0.0,1,0.005221605,0.4730236862,0.4482139870032722,Test
MATTUX_clean,6.25712,5.16476,6.25712,1.06941,1603.09,1499.04,0.0,0.0,0.5648,0.528144,0.0,1,0.0043218941,0.4021497209,0.4052317327869115,Train
MATWUC_clean,6.79171,5.36307,6.77355,0.962581,2073.83,2154.45,0.0,0.0,0.6394,0.664256,0.0,1,0.0050603457,0.4844014843,0.4723655213156964,Test
MATXAJ_clean,12.50004,9.04853,12.40632,0.6224,2078.93,3340.18,0.0,0.0,0.775,1.24518,0.0,1,0.002925361,0.2884749593,0.28380056533699705,Test
MAVFEV01_clean,4.92643,4.38387,4.92643,1.57725,2265.97,1436.66,0.0,0.0,0.6254,0.396513,0.0,1,0.0016260036,0.1555148236,0.1592799669445263,Test
MAVFEV_clean,4.93313,4.38082,4.93313,1.57553,2293.93,1455.98,0.0,0.0,0.6088,0.38641,0.0,0,0.0016245921,0.1529883076,0.15804735095272515,Test
MAVNUU_manual,7.52328,6.25675,7.49475,1.00896,1346.7,1334.73,0.0,0.0,0.5494,0.544519,0.0,1,0.0041211258,0.3882441134,0.38715639394414975,Train
MAWFAT_charged,5.5324,3.86891,5.52986,1.06651,697.303,653.818,0.0,0.0,0.4922,0.461505,0.0,1,0.0022303893,0.2053729915,0.20721097799166377,Test
MAWFEY_clean,8.76979,6.5651,8.76979,1.23234,2527.32,2050.83,0.36923,0.299617,0.7208,0.584904,0.0,1,0.0008605882,0.091122607,0.08804012892567506,Train
MAWFIC_clean,9.46149,6.72598,9.46149,1.3222,2511.12,1899.19,0.278339,0.210512,0.7294,0.551655,0.0,1,0.0006330916,0.0643288426,0.06553844026089409,Train
MAWTUC_clean,5.33465,4.95075,5.33465,1.06578,1588.39,1490.35,0.0,0.0,0.586,0.549831,0.0,1,0.0037702522,0.3503116963,0.35426067488494783,Train
MAWVAK_clean,5.70954,5.40047,5.70954,0.993165,1765.23,1777.38,0.0,0.0,0.616,0.620239,0.0,1,0.0032743656,0.310519637,0.3129637508962355,Test
MAXFIA_charged,4.61944,3.85024,4.61944,1.29704,1389.35,1071.17,0.0,0.0,0.5658,0.436222,0.0,1,0.0025048563,0.2442307037,0.24250954118721268,Test
MAXHOJ01_clean,7.81574,7.80243,7.81574,2.30216,801.005,347.937,0.0,0.0,0.4866,0.211367,0.0,1,0.0002678029,0.0254730967,0.028219406860716112,Train
MAYJOM_clean,6.51956,6.14293,6.51763,1.25239,1627.1,1299.19,0.0,0.0,0.6236,0.497928,0.0,0,0.003408974,0.3161106248,0.32782675742744777,Test
MAYKOO_clean,12.58218,11.50288,12.56968,0.603307,2027.92,3361.34,0.0,0.0,0.7608,1.26105,0.0,1,0.0024597875,0.2490840795,0.24153924719091963,Train
MAZSUD_clean,5.33307,3.93087,5.33307,1.15662,1798.05,1554.58,0.0,0.0,0.618,0.534316,0.0,0,0.003679473,0.362661475,0.3560678433210475,Train
MECWIB_clean,7.68734,5.08903,7.68734,1.09108,1654.78,1516.65,0.0,0.0,0.567,0.51967,0.0,0,0.0029234654,0.2841425031,0.2785466715261832,Test
MEFJUE_clean,13.6466,4.52582,13.6466,0.969419,2198.16,2267.5,0.0,0.0,0.6876,0.709291,0.0,1,0.0032346892,0.3072096857,0.3113602056376297,Train
MEFYUT_clean,5.77585,4.33422,5.56399,1.19211,1979.16,1660.22,0.0,0.0,0.6036,0.506331,0.0,1,0.003144356,0.3053109563,0.30401847152405564,Test
MEFZUU_manual,9.38956,5.60914,9.2442,0.843227,2246.05,2663.63,0.0,0.0,0.685,0.812356,0.0,1,0.0020341417,0.2081791649,0.208679987651629,Train
MEGBAD_clean,9.5163,5.76215,9.5163,0.851407,2206.78,2591.93,0.0,0.0,0.6808,0.799618,0.0,1,0.0022949196,0.2329130315,0.22817385781870594,Test
MEGBEH_manual,9.9497,6.81571,9.9489,0.994874,2116.8,2127.71,0.0,0.0,0.683,0.686519,0.0,1,0.0018339802,0.1841438914,0.18092047916394727,Train
MEGFIN_clean,12.26016,8.11803,12.26013,0.845073,1643.38,1944.66,0.0,0.0,0.644,0.762064,0.0,1,0.0027708731,0.2661189885,0.27093044160492075,Test
MEHMET_clean,21.82341,9.06966,13.94061,0.408796,1899.79,4647.28,0.0,0.0,0.8328,2.0372,0.0,1,0.0027455657,0.2700594018,0.268986569985319,Train
MEJMOE_clean,13.36085,7.20564,12.38159,0.61631,2232.14,3621.79,0.0,0.0,0.8056,1.30713,0.0,0,0.0020637708,0.1993355018,0.20881713584458056,Test
MEJQEZ_clean,4.70786,3.58668,4.69647,1.26931,973.305,766.801,0.0,0.0,0.5298,0.417393,0.0,0,0.0058345494,0.4999705228,0.5114337039388805,Train
MEJQID_clean,4.95338,3.66569,4.91383,1.21757,1152.17,946.288,0.0,0.0,0.5426,0.445643,0.0,0,0.0054588582,0.4825656555,0.4868771760077931,Train
MEJQOJ_clean,5.07328,3.68023,5.06179,1.21005,1189.89,983.336,0.0,0.0,0.5496,0.454196,0.0,0,0.0054183742,0.492765996,0.4855055526780895,Train
MEJZEI_clean,5.32267,3.53615,5.32267,1.67671,498.537,297.33,52.5885,31.3641,0.4392,0.261941,0.0,1,0.0010687182,0.1063855037,0.1041209517859723,Train
MEJZIM_clean,5.3333,3.56234,5.2261,1.69384,503.361,297.172,49.7521,29.3724,0.4348,0.256695,0.0,1,0.0011750758,0.1074818364,0.10942720478898746,Train
MEJZOS_clean,5.26465,3.41703,5.25331,1.72957,398.344,230.313,32.6666,18.8871,0.43,0.248616,0.0,1,0.00099991,0.0984788647,0.09129327557767156,Test
MEJZUY_clean,5.25291,3.40149,5.01155,1.7873,394.206,220.559,29.004,16.2278,0.4246,0.237565,0.0,1,0.0010851135,0.095454399,0.09769898574447436,Test
MEKBAH_clean,5.23285,3.40673,4.67793,1.83571,402.852,219.453,27.5563,15.0113,0.421,0.229339,0.0,1,0.0010377974,0.0966522071,0.0903430152326738,Test
MEKDUC_clean,4.94918,3.68888,4.93711,1.45476,795.928,547.119,0.0,0.0,0.4866,0.334488,0.0,0,0.003944815,0.3410568864,0.348285322764871,Test
MEMGAN_clean,4.41097,3.81053,4.41097,1.23944,1320.34,1065.27,0.0,0.0,0.561,0.452623,0.0,1,0.0056323446,0.5138651008,0.5121824207703756,Train
MEQHUL01_clean,6.0116,4.19513,6.00621,2.27118,1170.18,515.23,0.0,0.0,0.5276,0.232302,0.0,1,0.0005053975,0.0512978496,0.05119609920549417,Train
MEQHUL_clean,6.03972,4.19838,6.03396,2.27118,1173.84,516.843,0.0,0.0,0.5134,0.22605,0.0,1,0.0005079761,0.0514224799,0.05161046734622313,Train
METYIU_clean,7.46107,4.86322,7.46107,1.31027,1231.65,939.995,0.0,0.0,0.5398,0.411977,0.0,0,0.0012386225,0.1199402861,0.12498565637925779,Test
MEWNEH_clean,5.42515,3.64983,5.42515,2.53736,330.635,130.307,105.197,41.4594,0.4166,0.164187,0.0,1,0.0010656375,0.0952165298,0.09204988314099749,Test
MEXDEY_clean,5.3901,4.95385,5.37594,2.70285,794.745,294.04,0.0,0.0,0.4526,0.167453,0.0,1,0.0017025549,0.1584723794,0.15660591582900205,Test
MEXJAC_clean,6.51326,4.65771,6.51326,1.72938,2369.14,1369.94,0.0,0.0,0.6388,0.369382,0.0,1,0.0011923217,0.117043058,0.11100686930160958,Test
MIBMER_clean,8.80758,7.78405,8.80758,0.713822,2198.53,3079.94,0.0,0.0,0.7072,0.990723,0.0,1,0.0024435416,0.2405557812,0.24399744332885856,Test
MICDEJ_clean,5.47717,4.50209,5.38717,1.18044,1256.75,1064.65,0.0,0.0,0.5258,0.445429,0.0,1,0.0033225842,0.3059284238,0.3117887522757402,Test
MIDCAF_clean,11.10741,9.8382,11.10741,0.853326,1614.16,1891.61,0.0,0.0,0.6702,0.785397,0.0,1,0.0014601282,0.1482903845,0.1443131660188245,Test
MIDSUP01_clean,10.88215,9.55664,10.87435,0.67542,1854.05,2745.03,0.0,0.0,0.7122,1.05446,0.0,0,0.0021437901,0.2132421998,0.21565551160546026,Train
MIDSUP_clean,10.07574,8.87881,10.05297,0.69045,1869.43,2707.55,0.0,0.0,0.7086,1.02629,0.0,0,0.0020282091,0.2100645138,0.2047439609033596,Train
MIFGEP01_clean,5.99775,4.93271,5.97758,1.0207,1831.3,1794.17,0.0,0.0,0.5916,0.579605,0.0,1,0.003719308,0.3530262174,0.356504761119038,Train
MIFGEP_clean,5.99664,4.9389,5.9821,1.0207,1811.65,1774.92,0.0,0.0,0.5912,0.579213,0.0,1,0.0037492564,0.3595735114,0.35678373771006044,Train
MIFKUJ_clean,6.05079,4.58023,5.97678,0.91647,1939.38,2116.14,0.0,0.0,0.5864,0.639846,0.0,1,0.0041979209,0.3983185384,0.39660310781078945,Train
MIFLIY_clean,9.88279,8.82764,9.86175,0.758162,1549.91,2044.3,0.0,0.0,0.642,0.846785,0.0,1,0.002695913,0.2798746413,0.26336296338912885,Test
MIFNUM_clean,6.11585,5.67624,6.11585,1.55309,529.015,340.62,76.1683,49.0429,0.441,0.283949,0.0,1,0.0010596232,0.103288617,0.11035089170485698,Test
MIFPUO_clean,6.70296,5.88092,6.70296,1.13456,971.753,856.498,0.0,0.0,0.5046,0.444752,0.0,0,0.0039403667,0.3546223908,0.35944266588180784,Test
MIFQOJ_clean,7.14805,6.39591,7.14805,1.06573,1037.76,973.749,0.0,0.0,0.5254,0.492994,0.0,0,0.0034563768,0.3147733532,0.3214246768158376,Train
MIFROK_clean,6.3068,5.74769,6.3068,1.44498,561.702,388.727,79.3873,54.9401,0.4722,0.326787,0.0,1,0.0011489902,0.1140197281,0.1115685054544587,Train
MIFSAX_clean,6.24449,5.77613,6.24449,1.46696,557.647,380.138,84.3149,57.4759,0.4544,0.309756,0.0,1,0.0011534314,0.1169452142,0.11902107575982518,Test
MIFSUR_clean,6.18293,5.67653,6.18293,1.48492,554.322,373.301,73.2038,49.2981,0.4504,0.303316,0.0,1,0.001153929,0.1092766045,0.11560398450623538,Test
MIFTEC_clean,6.21252,5.76844,6.21252,1.49343,549.45,367.91,94.3906,63.2038,0.457,0.306006,0.0,1,0.0011824861,0.1159212766,0.11965914239578757,Test
MIFTIG_clean,6.1695,5.71241,6.1695,1.51351,547.592,361.803,81.859,54.0857,0.4488,0.29653,0.0,1,0.0011514866,0.1106178124,0.1138648743794998,Train
MIFTUS_clean,6.04963,5.68051,6.04963,1.61833,495.105,305.936,63.5383,39.2616,0.4414,0.27275,0.0,1,0.0010337602,0.1045681067,0.1015476060667731,Train
MIFVEE_clean,6.09339,5.6432,6.09339,1.54719,534.667,345.572,82.6577,53.4242,0.4374,0.282705,0.0,1,0.0011674424,0.1095166268,0.11460202023578761,Test
MIHLAR_clean,5.77868,4.92206,5.77868,1.33529,705.816,528.586,0.0,0.0,0.4442,0.332662,0.0,0,0.0011849338,0.1165926741,0.11324673939732643,Test
MIHLEV_clean,5.70252,3.69982,5.70252,1.38172,844.284,611.037,0.0,0.0,0.4754,0.344063,0.0,1,0.0018125416,0.1738655332,0.16779162234513723,Test
MIHLIZ_clean,5.21862,3.52165,5.21802,1.34387,724.016,538.756,0.0,0.0,0.4324,0.321758,0.0,1,0.0014581951,0.1381965186,0.13598162629741262,Train
MIHLOF_clean,5.26092,3.78569,5.21082,1.36197,739.196,542.742,0.0,0.0,0.4512,0.331286,0.0,1,0.0013991459,0.143179261,0.1337881462394143,Test
MIJHOD_clean,4.18455,3.46938,4.126,1.22946,1127.43,917.014,0.0,0.0,0.5064,0.411887,0.0,1,0.0041691957,0.3800020148,0.3977124490390329,Test
MIJMAU_clean,6.68967,5.56749,6.68967,1.09709,1295.9,1181.22,0.0,0.0,0.5546,0.50552,0.0,0,0.0010954369,0.1097523415,0.10984480859384699,Test
MIKDUH_clean,5.90493,5.239,5.89411,2.24827,1626.7,723.534,0.0,0.0,0.5828,0.259221,0.0,1,0.0013041683,0.1274559175,0.12224264048925687,Train
MIKJAR_clean,5.99502,4.85131,5.99502,1.96036,716.905,365.7,0.0,0.0,0.4012,0.204656,0.0,0,0.0014085122,0.1336880755,0.13151384404391206,Test
MILQIJ_clean,4.63559,4.00457,4.63559,1.27465,706.955,554.628,0.0,0.0,0.4642,0.364179,0.0,0,0.0111294714,0.8496317284,0.8298307541390877,Train
MILROQ_clean,19.71713,10.83562,19.26567,0.59986,1609.68,2683.42,0.0,0.0,0.7756,1.29297,0.0,1,0.0016574464,0.1667242564,0.16615623692319095,Test
MIMFOF_clean,5.18488,4.28306,5.18488,1.821,982.945,539.783,0.0,0.0,0.4352,0.23899,0.0,0,0.0189613139,1.2624547479,1.2492565496339,Train
MIMKIE_clean,5.77879,3.6694,5.74168,1.1744,1435.84,1222.62,0.0,0.0,0.5446,0.463725,0.0,1,0.0031308454,0.2897927691,0.2966872865503376,Test
MIMSOS_clean,11.1144,9.75442,11.1107,0.986032,1267.43,1285.39,0.0,0.0,0.613,0.621683,0.0,1,0.0030966159,0.2807940957,0.27969785574158923,Train
MIMSUY_clean,11.16343,10.81199,11.16343,0.974993,1274.86,1307.56,0.0,0.0,0.613,0.628722,0.0,1,0.0032127948,0.2749925956,0.2868539312644408,Train
MIMVEJ_clean,4.71676,4.28533,4.60921,1.30405,891.701,683.791,0.0,0.0,0.494,0.378819,0.0,0,0.0171424173,1.2292114438,1.228307814086925,Train
MINCIX_clean,10.4943,7.36608,10.44985,0.729721,2144.38,2938.63,0.0,0.0,0.7612,1.04314,0.0,1,0.0024315437,0.240918563,0.24125009108980505,Train
MINCUJ_clean,12.01283,7.57315,11.94291,0.692877,2023.51,2920.44,0.0,0.0,0.7558,1.09081,0.0,1,0.0024032934,0.2254495056,0.23608271211908968,Train
MINVOU01_clean,6.55615,6.26734,6.55615,1.05162,1586.57,1508.69,0.0,0.0,0.6118,0.581771,0.0,0,0.0020771308,0.2035003553,0.20524877200463493,Train
MINVOU_clean,6.55346,6.27139,6.55346,1.05162,1583.28,1505.56,0.0,0.0,0.6148,0.584624,0.0,0,0.0021081872,0.2043863785,0.20650634659830355,Test
MINVUA01_SL,6.89591,6.55778,6.89591,1.0419,1703.36,1634.86,0.0,0.0,0.5962,0.572226,0.0,0,0.0026220542,0.2586700284,0.2588628528492999,Test
MINVUA_SL,6.89591,6.55778,6.89591,1.0419,1723.91,1654.59,0.0,0.0,0.5992,0.575105,0.0,0,0.0025773703,0.2590239253,0.2541618492127411,Train
MIQLII_clean,6.49396,4.19114,6.49396,1.29248,1977.91,1530.32,0.0,0.0,0.6424,0.497028,0.0,0,0.0030125223,0.2835884794,0.2940270634224488,Test
MIRLAB_clean,3.58512,3.47285,3.58424,2.09979,267.635,127.458,11.6012,5.52495,0.4148,0.197544,0.0,0,0.0002647111,0.0271997948,0.026223058370161867,Train
MISQIQ01_clean,4.23793,4.07504,4.23793,2.08281,569.533,273.444,0.0,0.0,0.3922,0.188303,0.0,0,0.0627088995,1.8320556048,1.8376999090796433,Train
MISQIQ02_clean,4.23621,4.07274,4.23621,2.08336,549.107,263.568,0.0,0.0,0.3918,0.188062,0.0,0,0.0630885801,1.831047314,1.8364262216449887,Train
MISQIQ03_clean,4.25302,4.08852,4.25302,2.07032,582.277,281.249,0.0,0.0,0.3888,0.187797,0.0,0,0.061987255,1.8097232834,1.8180429057873455,Train
MISQIQ04_clean,4.23963,4.07761,4.23963,2.08195,575.722,276.53,0.0,0.0,0.3888,0.186748,0.0,0,0.0637373059,1.8406047039,1.8349776069317243,Train
MISQIQ05_clean,4.23899,4.07961,4.23899,2.08153,552.922,265.632,0.0,0.0,0.3806,0.182846,0.0,0,0.061377503,1.8284322954,1.8327495890907586,Train
MISQIQ06_clean,4.2381,4.07519,4.2381,2.08503,537.998,258.029,0.0,0.0,0.3768,0.180717,0.0,0,0.0632268743,1.8283694344,1.8265010798053614,Train
MISQIQ07_clean,4.23855,4.07782,4.23855,2.08216,622.195,298.822,0.0,0.0,0.3756,0.18039,0.0,0,0.0622977884,1.8263264511,1.8232669570065163,Train
MISQIQ_clean,4.24107,4.07806,4.24107,2.08195,577.159,277.221,0.0,0.0,0.3898,0.187228,0.0,0,0.0643168845,1.8473672928,1.8349776069317243,Train
MITGOL_clean,4.76638,3.82621,4.60043,2.19605,897.1,408.507,0.0,0.0,0.447,0.203547,9.11e-05,1,0.0013268594,0.1249609343,0.12599384724236107,Train
MITSAK_clean,6.11636,4.97088,6.11301,1.14225,2249.13,1969.04,0.0,0.0,0.6532,0.571855,0.0,1,0.0034547982,0.3142912852,0.3280592128587933,Train
MITSIS_charged,7.96604,6.5203,7.96604,1.06349,1820.47,1711.79,0.0,0.0,0.642,0.603674,0.0,1,0.0020523214,0.2036614494,0.20532063006195167,Train
MITSUE_clean,6.56785,5.33808,6.55603,1.09158,2281.03,2089.65,0.0,0.0,0.6788,0.621849,0.0,0,0.0027775307,0.2712091333,0.2721283348607824,Test
MITTAL_charged,4.98774,3.97598,4.98541,1.35336,680.281,502.662,0.0,0.0,0.4972,0.367383,0.0,1,0.0029684644,0.2589184971,0.2697974352341532,Test
MIVFOO_clean,15.59545,7.18908,15.59545,1.05942,1203.53,1136.02,437.579,413.035,0.6586,0.621658,0.0,1,0.0017963699,0.1724442706,0.18776928137796,Test
MIXBAY_clean,11.02015,7.37075,10.14135,0.640306,2311.05,3609.3,0.0,0.0,0.7544,1.17819,0.0,1,0.0028541739,0.2724904031,0.2752283245101032,Train
MIXBEC_clean,12.4058,6.44619,12.40529,0.643237,2322.53,3610.7,0.0,0.0,0.758,1.17841,0.0,1,0.0033557738,0.3241983638,0.32553752742779896,Test
MIXBIG_auto,10.49302,6.38821,9.82708,0.743714,2384.9,3206.74,0.0,0.0,0.733,0.985594,0.0,1,0.0028426038,0.2741364371,0.28031744557985233,Test
MIXYID_clean,6.97459,5.00942,6.97459,0.914112,2019.19,2208.91,0.0,0.0,0.6354,0.695101,0.0,0,0.0054402548,0.4827477379,0.4971840841430977,Train
MIXZOK_clean,13.18784,9.81049,13.17941,0.452893,2109.4,4657.62,0.0,0.0,0.8114,1.79159,0.0,1,0.002766748,0.2854438954,0.27331947361606634,Test
MIYWIB_clean,7.04459,5.28876,6.99806,2.24046,1871.0,835.095,0.0,0.0,0.6028,0.269052,0.0,1,0.0004683755,0.0469830953,0.046821969639230604,Train
MIZKOW_clean,3.8316,3.43471,3.8316,1.99445,193.651,97.0949,0.0,0.0,0.3706,0.185815,0.0,1,0.0006662939,0.0619565651,0.05992259987105311,Train
MOCKAR_clean,10.84435,6.73283,10.55041,0.748614,2330.25,3112.76,0.0,0.0,0.7394,0.987692,0.0,1,0.0030597366,0.2987676341,0.29872351986132184,Train
MOCKEV_clean,10.91306,6.61562,10.91306,0.767829,2301.91,2997.95,0.0,0.0,0.734,0.955943,0.0,1,0.0024585161,0.2526644718,0.24057373661841272,Test
MODJOG_clean,5.59367,4.45075,5.58718,1.92976,2690.17,1394.04,0.0,0.0,0.6586,0.341285,0.0,1,0.0014640996,0.1447593832,0.13467701876433005,Test
MODMIB_clean,4.79205,3.60409,4.64994,1.39523,1791.62,1284.1,0.0,0.0,0.6494,0.465443,0.0,0,0.0006367718,0.0640661885,0.06560681202971447,Train
MODNAU_charged,4.86966,3.5837,4.85998,1.61768,883.144,545.932,0.0,0.0,0.542,0.335048,0.0,1,0.0005850498,0.0577447591,0.056622381755585066,Train
MODNOI_ion_b,4.69367,3.76314,4.57829,1.59692,967.946,606.132,0.0371682,0.0232749,0.536,0.335646,0.0,1,0.0006383393,0.0597408448,0.06324227452246939,Train
MODNUO_ion_b,4.66372,3.69734,4.59177,1.60534,930.362,579.543,0.167447,0.104306,0.5352,0.333388,0.0,1,0.0006366385,0.0601688609,0.05900197212993888,Train
MOFBIU_clean,4.73204,4.05435,4.73204,1.35155,598.778,443.031,0.0,0.0,0.4396,0.325256,0.0,1,0.0020673024,0.1854713937,0.189061333213077,Test
MOFKUO_clean,10.06674,5.89372,10.02896,0.775285,1690.92,2181.03,0.0,0.0,0.666,0.859039,0.0,1,0.0017733577,0.1598378144,0.18077069540404678,Test
MOFLAV_clean,10.54329,3.57347,9.99148,0.796722,1428.62,1793.12,0.0,0.0,0.6376,0.800279,0.0,1,0.0013045455,0.1370664293,0.1276476517063679,Test
MOGNAY_clean,5.98746,4.8264,5.9716,1.48355,1468.56,989.896,0.0,0.0,0.5258,0.35442,0.0,0,0.0020878825,0.1993173867,0.2010279621018361,Train
MOGXUB_clean,4.66693,3.601,4.66693,2.8376,304.361,107.26,28.0112,9.87147,0.401,0.141317,0.0,1,0.0008080821,0.071574976,0.07412259532138135,Train
MOJNAC_clean,4.66481,4.27217,4.66481,1.62429,1132.96,697.513,6.84199,4.21231,0.5378,0.331099,0.0,1,0.0018611299,0.1772123425,0.17533812778695396,Test
MOLKAB_clean,6.21836,5.45282,6.15162,1.19004,1495.35,1256.55,0.0,0.0,0.585,0.491579,0.0,1,0.0030715638,0.2917985606,0.2924149083000228,Test
MOLQEL_clean,7.00282,4.91398,6.98169,0.922936,2510.46,2720.08,0.0,0.0,0.6774,0.733962,0.0,1,0.0037606766,0.3577634259,0.3683617948280531,Test
MOLRIP_clean,5.54234,3.55384,5.35331,2.01055,805.607,400.69,0.0,0.0,0.4136,0.205715,0.0,1,0.0007730711,0.0728070057,0.07354199098161054,Train
MOMRIR_clean,4.41914,3.78485,4.34144,1.40491,222.323,158.247,290.552,206.812,0.4588,0.326569,0.0,1,0.0040291497,0.3371549737,0.3347682877525295,Test
MOMSIS_clean,6.17338,4.21228,5.94323,1.84008,1775.64,964.98,0.0,0.0,0.577,0.313573,0.0,0,0.0017193149,0.1644522211,0.1658955959432636,Train
MOPQIT_clean,5.0132,3.85656,5.0132,1.33687,942.288,704.846,0.0,0.0,0.476,0.356055,0.0,0,0.0021297749,0.2074749001,0.20473577342730748,Test
MORFEG_clean,4.79928,3.48721,4.69113,1.33806,713.958,533.579,0.0,0.0,0.4706,0.351704,0.0,1,0.0032201981,0.2920407494,0.2974920377104164,Test
MORZID_clean,4.19947,3.9712,4.19947,1.83218,696.283,380.03,0.0,0.0,0.4348,0.237313,0.0,0,0.0662172798,2.1896129061,2.1899916166095403,Train
MOSBIG_clean,7.9749,7.17885,7.94814,1.43251,1497.34,1045.25,0.0,0.0,0.5716,0.399019,0.0,1,0.0012707406,0.1294650103,0.12713103864006772,Test
MOSDUT_clean,5.00847,4.17233,5.00847,1.12183,1419.6,1265.43,13.3609,11.9099,0.5596,0.498828,0.0,1,0.0025342322,0.2563419607,0.24760276152861324,Train
MOTMAK_clean,5.72133,5.32598,5.72133,0.997473,1372.13,1375.6,0.0,0.0,0.5098,0.511092,0.0,1,0.0053944399,0.5042916937,0.48950508311085417,Test
MOTVOI_clean,9.87335,7.01536,9.87051,1.00037,1639.71,1639.11,0.0,0.0,0.6506,0.650361,0.0,1,0.0029576261,0.2775870109,0.28396008097361225,Train
MOVGUB_clean,4.79892,3.66567,4.79892,1.29583,1695.99,1308.8,0.0,0.0,0.5686,0.438791,0.0,1,0.0033077836,0.3169327228,0.3151630308061288,Test
MOVHEM_clean,4.78648,3.65733,4.78648,1.31907,1696.72,1286.3,0.0,0.0,0.5664,0.429393,0.0,1,0.0032282769,0.3122150652,0.3096718348586393,Test
MOVKOZ_clean,5.21247,3.83096,5.21247,1.25573,2044.79,1628.37,0.0,0.0,0.592,0.47144,0.0,1,0.0038449299,0.3613502001,0.36269022047874644,Test
MOXDOT_charged,6.77584,4.90421,6.76317,0.994946,1162.28,1168.18,0.0,0.0,0.5484,0.551186,0.0,0,0.0022017801,0.2243376309,0.21147574236827854,Test
MOXKAN_clean,5.24035,3.78554,5.21637,1.49263,550.2,368.611,159.888,107.118,0.4678,0.313407,0.0,0,0.0014894077,0.1344130835,0.1447598444305854,Test
MOXNIY_clean,5.20828,4.58005,5.18499,1.11938,1150.31,1027.63,0.0,0.0,0.506,0.452034,0.0,0,0.0022791828,0.2307686385,0.21890131041499364,Test
MOXNUJ_clean,7.33692,7.13556,7.33692,0.746109,2128.73,2853.11,0.0,0.0,0.7,0.9382,0.0,1,0.0016985216,0.1693746824,0.17435478092852857,Test
MOXNUK_clean,5.04646,4.16361,5.04099,1.19416,1034.92,866.655,0.0,0.0,0.4922,0.412174,0.0,0,0.0024975363,0.2406852248,0.2377769387122244,Test
MOXPEV_charged,5.7432,3.80242,5.74317,1.12837,1123.76,995.91,0.100812,0.089343,0.5302,0.469881,0.0,1,0.0020123813,0.2105851735,0.19772648536488072,Train
MOXPIZ_charged,10.81058,10.12401,10.80581,0.637276,1876.75,2944.96,0.0,0.0,0.7144,1.12102,0.0,1,0.001815417,0.2009573126,0.18594489544008908,Train
MOXPUL_clean,12.29446,11.95813,12.29446,0.744524,1605.86,2156.89,0.0,0.0,0.6934,0.931333,0.0,0,0.0020527106,0.2056097739,0.20554528851157908,Train
MOYMET_clean,9.12886,8.44595,9.12886,1.00188,1110.93,1108.85,0.0,0.0,0.56,0.558951,0.0,1,0.0013473444,0.1375724046,0.1316315122557952,Train
MOYNIY_clean,4.76569,4.12526,4.76569,1.26221,800.094,633.883,4.17361,3.30659,0.4918,0.389634,0.0,1,0.0027016883,0.2491912905,0.24929943702272372,Test
MOYYEF_clean,7.68803,7.36383,7.68803,0.950247,1850.19,1947.06,0.0,0.0,0.627,0.659828,0.0,1,0.002621487,0.254083052,0.25659538282526206,Test
MOYYIJ_clean,12.42053,9.37645,12.42053,0.730593,2207.0,3020.84,0.0,0.0,0.7162,0.980299,0.0,1,0.0034532756,0.3068888681,0.328791536385702,Test
MUBQIJ_clean,7.7972,3.97712,7.7972,1.1623,1447.09,1245.01,77.4656,66.6483,0.573,0.492986,0.0,1,0.0051053921,0.4366588283,0.46440139578093953,Test
MUBZOA_auto,18.72717,7.12,18.72717,0.441638,1990.25,4506.52,0.0,0.0,0.8132,1.84133,0.00045286,0,0.0014535267,0.1484214657,0.1484632609828624,Train
MUBZUG_auto,18.63539,7.90997,18.63539,0.469492,1954.88,4163.83,0.0,0.0,0.8032,1.71078,0.000425992,0,0.0015710558,0.1515850311,0.16090350073805618,Train
MUDLON_clean,10.7008,8.31199,10.7008,0.628411,1977.63,3147.04,0.0,0.0,0.7012,1.11583,0.0,1,0.0037777378,0.3734166106,0.35565231225864163,Test
MUDTAH_clean,18.89368,6.63386,18.89368,0.562193,2169.18,3858.42,0.0,0.0,0.7916,1.40806,0.0,1,0.0030642008,0.2915850661,0.308379661776809,Test
MUDTEL_clean,19.09514,6.59272,18.85083,0.559282,2154.91,3853.0,0.0,0.0,0.789,1.41074,0.0,1,0.0026296294,0.2704362221,0.2638447686558045,Train
MUFXUI_clean,6.32175,3.7026,6.31403,1.91517,995.288,519.687,0.0,0.0,0.5032,0.262744,0.0,1,0.0012788991,0.1256875685,0.12235255161021022,Train
MUFYAP_clean,6.26363,3.70776,6.26313,1.90371,978.115,513.793,0.0,0.0,0.5022,0.2638,0.0,1,0.0012655273,0.1248052076,0.12179078656671022,Test
MUGFOK_clean,5.96918,4.1656,5.96918,1.0315,1325.72,1285.24,0.0,0.0,0.5408,0.524287,0.0,0,0.0020873296,0.2039287912,0.20325858519195966,Test
MUGHED_clean,6.89695,5.88693,6.88053,1.44086,1384.56,960.922,0.0,0.0,0.5716,0.396706,0.0,0,0.0035722977,0.3405611429,0.33554783861321696,Test
MUGQAI_clean,4.49067,3.71104,4.4722,1.86928,279.265,149.397,0.0,0.0,0.3624,0.193872,0.0,1,0.0033956526,0.2742415785,0.27436777372179283,Train
MUHNAG_clean,5.2054,3.59701,5.17347,1.40338,910.102,648.507,0.0,0.0,0.4596,0.327495,0.0,0,0.0048636646,0.4188704184,0.4127985081929576,Test
MUHNUA_clean,6.00569,3.96893,5.96297,1.13245,277.836,245.342,598.929,528.881,0.5278,0.466071,0.0,1,0.0025933968,0.2409537568,0.23911128027160897,Train
MUHPAI_clean,5.12215,3.79398,5.11629,1.52223,483.947,317.921,0.0,0.0,0.445,0.292335,0.0,1,0.0021763661,0.1954345235,0.19865034442551405,Test
MUJRIT_clean,6.24948,5.12409,6.24249,1.30647,1092.9,836.531,0.0,0.0,0.5376,0.411492,0.0,1,0.0012233471,0.1236771848,0.12140888917558684,Train
MULQOA_clean,5.82935,5.12372,5.78502,1.29204,2093.52,1620.33,0.0,0.0,0.6306,0.488067,0.0,1,0.002615576,0.2552642005,0.25561185584301416,Train
MULSER_clean,6.43873,5.71769,6.32596,3.20394,1423.73,444.368,0.0,0.0,0.5564,0.173661,0.0,1,0.0009605343,0.091542344,0.09446156735050759,Test
MULXOH_clean,5.40379,4.11586,5.39113,1.20876,1724.57,1426.72,0.0,0.0,0.5842,0.483303,0.0,1,0.0024032035,0.2343211461,0.23500146846637002,Test
MUMYAW_clean,5.93329,4.12111,5.93329,1.25624,296.676,236.162,0.0,0.0,0.4254,0.338629,0.0,0,0.0003013275,0.0268488532,0.0260400608688513,Train
MUNDAC_clean,10.7777,6.68804,10.76442,1.37281,1712.63,1247.54,119.227,86.849,0.6828,0.497375,0.0,1,0.0018318029,0.1722764679,0.1875204246445653,Test
MUNDEG_clean,13.44844,12.65122,13.43461,0.869875,2175.3,2500.7,0.0,0.0,0.7658,0.880357,0.0,1,0.0015551705,0.1611549979,0.1557461283064691,Test
MUNDOQ_clean,14.169,13.34985,14.06749,0.845802,2182.1,2579.91,0.0,0.0,0.7752,0.916526,0.0,1,0.0015885672,0.1580922724,0.1610522049345347,Train
MUNLUE_clean,8.36355,6.76783,8.36355,1.33052,1528.86,1149.07,0.0,0.0,0.5564,0.418184,0.0,0,0.0020666659,0.1968558854,0.20115489851953622,Test
MUNNUF_clean,7.33223,5.00492,7.33223,0.937356,1880.0,2005.64,0.0,0.0,0.6136,0.654607,0.0,1,0.0037474957,0.354998301,0.35683895386820874,Test
MUNPAN_clean,7.42883,6.43303,7.42883,0.851362,1993.43,2341.47,0.0,0.0,0.6496,0.763013,0.0,0,0.0028884657,0.2857165652,0.28130808169721844,Train
MUNPER_clean,7.09681,5.52234,7.09517,0.917986,1955.18,2129.86,0.0,0.0,0.6202,0.675609,0.0,0,0.003218621,0.3163904456,0.31499884979658166,Train
MUPTAU_clean,4.1653,3.49014,4.1653,1.2541,633.589,505.216,0.0,0.0,0.52,0.414641,0.0,0,0.0023110022,0.2384646089,0.21373941297493362,Test
MUQSAU_clean,6.10574,5.26029,6.08367,1.19181,1276.39,1070.97,0.0,0.0,0.5272,0.442354,0.0,1,0.0019407395,0.191437409,0.1860864616470535,Test
MURBEI_clean,7.16636,5.68293,7.16636,0.873364,2436.63,2789.93,0.0,0.0,0.6948,0.795545,0.0,0,0.0046340097,0.4702386111,0.4594508820539356,Train
MURCAD_clean,4.60111,3.76823,4.60111,1.18753,1551.89,1306.82,0.0,0.0,0.5832,0.491102,0.0,1,0.002939393,0.2980490791,0.29002896920728527,Train
MURCIL_clean,8.29917,7.10888,8.29917,1.5444,1055.62,683.511,0.0,0.0,0.5688,0.368297,0.0,1,0.0004937309,0.0500340539,0.04951884787485911,Test
MURCOR_clean,8.10583,6.88134,8.10583,1.58436,1015.28,640.812,0.0,0.0,0.5632,0.355475,0.0,1,0.0005141176,0.0525796333,0.05043596366201247,Train
MURFIQ_clean,7.24055,5.2237,7.22777,1.12426,739.654,657.9,0.0,0.0,0.487,0.433172,0.0,0,0.0006038542,0.0620997898,0.05701423247908213,Train
MURTUO_clean,5.36071,4.16389,5.36071,1.95193,861.496,441.357,0.0,0.0,0.5124,0.26251,0.0,1,0.0007497489,0.0723429342,0.07409019669378764,Test
MUSCAG_clean,5.66812,5.1578,5.66812,1.35058,1261.14,933.776,0.0,0.0,0.5436,0.402493,0.0,1,0.0020558846,0.1906551394,0.19762364966211377,Train
MUSCIN_clean,9.38658,7.66741,9.38512,0.993168,1809.71,1822.16,0.0,0.0,0.6586,0.663131,0.0,1,0.0025418406,0.2477116444,0.25021136492634943,Test
MUSSIE_clean,8.74352,7.39002,8.74352,1.23265,727.688,590.344,539.668,437.811,0.5772,0.468259,0.0,0,0.0054587204,0.4863691409,0.4714688210922372,Test
MUTDIQ_clean,8.28155,3.70267,8.27208,0.907108,1694.67,1868.21,61.3387,67.62,0.6404,0.70598,0.0,1,0.0020491126,0.1934870178,0.2063402564100856,Test
MUTVUT_clean,4.81469,3.76296,4.81469,1.36731,413.706,302.568,0.0,0.0,0.4354,0.318435,0.0,0,0.0012305272,0.1223995921,0.11727979350376957,Test
MUVGOA_clean,5.03839,3.5374,4.60238,0.993755,720.941,725.471,502.862,506.022,0.5306,0.533934,0.0,0,0.0079253385,0.6470221237,0.6369988120758914,Test
MUVGUG_clean,5.3049,3.8372,5.3049,0.980252,740.547,755.465,511.645,521.952,0.5644,0.57577,0.0,0,0.0089334367,0.764675287,0.7668283897007222,Train
MUVHER_clean,5.24679,3.7317,5.24381,0.97664,759.504,777.67,505.736,517.833,0.5526,0.565818,0.0,0,0.0092354804,0.7648296159,0.7608314506950196,Train
MUVJIX_clean,5.57567,4.9751,5.5219,1.4259,1132.91,794.523,0.0,0.0,0.4782,0.335368,0.0,1,0.002305199,0.2185208998,0.21795463453070943,Test
MUVLUM_clean,8.4023,7.67137,8.36811,1.09338,1571.87,1437.62,0.0,0.0,0.597,0.546011,0.0,1,0.0023755224,0.2301578933,0.23155034253310364,Test
MUVMOG_clean,4.22005,3.96612,4.21245,1.88412,1523.37,808.528,0.0,0.0,0.519,0.27546,0.0,1,0.0152037109,1.2353817528,1.2295693777458303,Train
MUVNAT_clean,5.6328,3.44137,5.05356,2.33052,1152.05,494.331,0.0,0.0,0.4892,0.209911,0.0,1,0.0007738163,0.0758172479,0.07438159439150471,Train
MUVNEX_clean,5.38689,3.95895,5.38689,2.21744,1372.1,618.775,0.0,0.0,0.5208,0.234865,0.0,1,0.0006511591,0.0636141981,0.06805489906812842,Train
MUVROM_clean,6.53947,4.17251,6.17765,1.42791,635.748,445.228,276.909,193.926,0.462,0.323549,0.0,1,0.0048066782,0.4009189754,0.3942876078925036,Train
MUWQEB_clean,15.66484,9.57746,15.5128,0.72296,1280.06,1770.59,458.981,634.865,0.7258,1.00393,0.0,1,0.0027270782,0.2734051909,0.26031823827839906,Test
MUZGAQ_clean,8.01686,3.8968,7.05023,1.88749,1060.89,562.066,12.103,6.41222,0.5204,0.27571,0.000105961,1,0.0006086963,0.0651753469,0.06248011265338166,Train
MUZHUL_charged,4.32673,3.84006,4.30197,1.1945,1774.51,1485.57,0.0,0.0,0.5874,0.491753,0.0,1,0.0072770072,0.6890451742,0.6841244662840988,Train
MUZKAV_clean,17.45826,13.87931,17.45826,0.40339,1714.83,4251.06,45.6222,113.097,0.8208,2.03476,0.0,1,0.0048365817,0.4590286011,0.4200378376416934,Test
MUZVUA_clean,6.29282,4.92678,6.2328,1.05196,1843.91,1752.83,0.0,0.0,0.6012,0.571503,0.0,1,0.0026523835,0.2598552869,0.2574048391791464,Test
NABCEA_charged,5.43965,4.08712,5.41186,1.05892,1153.3,1089.13,0.0,0.0,0.5644,0.532997,0.0,1,0.0026567085,0.2488635696,0.25173104399129553,Train
NABMUA01_clean,6.23732,6.06718,6.23732,1.12213,1424.12,1269.12,0.0,0.0,0.5374,0.47891,0.0,1,0.0066361618,0.6039884943,0.599387649183788,Train
NABMUA_clean,6.23863,6.07222,6.23863,1.11938,1449.31,1294.74,0.0,0.0,0.536,0.478835,0.0,1,0.0063868474,0.595257603,0.5801435700783928,Train
NACVUI_clean,4.77526,3.80831,4.76074,1.15827,1072.88,926.279,0.0,0.0,0.5544,0.478644,0.0,0,0.0039830752,0.3825532242,0.36861097026823797,Test
NACYAU_clean,9.59326,6.44061,9.30682,0.587991,2547.85,4333.14,0.0,0.0,0.7478,1.27179,0.0,1,0.0030378031,0.3086842463,0.3044525807166041,Train
NACYOG_clean,5.74941,4.06197,5.74941,1.46194,999.211,683.482,0.0,0.0,0.4946,0.338317,0.0,1,0.002441879,0.2383725973,0.2277793139810388,Train
NACYUM_clean,5.55428,3.97006,5.53082,1.38654,927.307,668.791,0.0,0.0,0.4542,0.327578,0.0,1,0.0026401752,0.2528977963,0.2442119413311592,Train
NADKEK_clean,5.31129,3.4955,5.31129,1.49762,283.2,189.1,22.2509,14.8575,0.4336,0.289526,0.0,0,0.0002075314,0.0168975322,0.019004966869122952,Train
NADNEM_clean,6.17658,3.63409,6.12044,1.11816,999.382,893.777,0.0,0.0,0.5212,0.466125,0.0,0,0.0050564558,0.4419468081,0.4397869879617859,Train
NADZEZ_clean,4.52715,3.99796,4.52715,1.63451,828.325,506.772,0.0,0.0,0.4522,0.276657,0.0,0,0.0075350822,0.5957688289,0.6021323614687202,Train
NADZID_clean,5.01289,4.70268,4.9859,1.56754,1059.53,675.918,0.0,0.0,0.4664,0.297536,0.0,0,0.0075151419,0.5956444953,0.6169572517582516,Test
NAFSOF_clean,10.41333,8.31604,10.41316,0.437831,2285.29,5219.56,0.0,0.0,0.8158,1.86328,0.0,1,0.0028100709,0.2739571624,0.27509505039164467,Test
NAGBUU_clean,4.53887,4.18445,4.52808,1.74664,609.414,348.906,0.0,0.0,0.3514,0.201186,0.0,1,0.001477328,0.1347326976,0.12620724479739476,Test
NAGCAB_clean,7.89572,6.99253,7.70374,1.77084,1845.07,1041.92,0.0,0.0,0.6216,0.35102,0.0,1,0.0005982199,0.0580554971,0.05869905746258486,Train
NAGQET_clean,6.32737,4.10631,6.32737,1.16822,1034.31,885.371,0.0,0.0,0.4844,0.414648,0.0,0,0.0027542706,0.2585393029,0.2571591278394371,Train
NAGQOD_clean,7.52321,5.78841,7.52321,1.16388,884.56,760.01,0.0,0.0,0.503,0.432176,0.0,0,0.0010438591,0.1061388599,0.09776321387082978,Test
NAHFIO_clean,5.2589,3.87482,5.25696,1.10135,1180.95,1072.27,0.0,0.0,0.523,0.474873,0.0,0,0.0017492997,0.1678853514,0.17107623134708022,Train
NAHHAI_clean,6.03251,4.99461,5.9659,1.6794,1408.86,838.909,0.0,0.0,0.5636,0.335597,0.0,1,0.0022070734,0.2098441249,0.2105690874012168,Train
NAHNES_clean,12.52913,11.45257,12.52913,0.578749,2093.33,3616.99,0.0,0.0,0.7668,1.32493,0.0,1,0.0024400621,0.2512774376,0.24180626469076247,Test
NAJMIV_charged,7.40421,4.16757,5.0872,1.17134,507.024,432.857,384.327,328.109,0.5032,0.429593,0.0,1,0.0019339063,0.1891794115,0.17905029946976136,Test
NAJQUN_clean,5.34756,3.50411,5.30221,1.22931,1132.44,921.195,0.0,0.0,0.5072,0.412588,0.0,1,0.0035499328,0.3286865586,0.3263923142809509,Train
NAJSUP_clean,6.289,4.7993,6.289,1.17213,2075.39,1770.61,0.0,0.0,0.6006,0.512401,0.0,1,0.0042190216,0.4029408937,0.4026127319427921,Test
NAJTAW_clean,6.34991,4.99732,6.34991,1.15815,2148.84,1855.41,0.0,0.0,0.6062,0.523422,0.0,1,0.0038877539,0.3688054111,0.36584522191687435,Train
NAKLIW_clean,5.07535,4.01579,4.60929,1.15907,1720.4,1484.3,0.0,0.0,0.6208,0.535603,0.0,1,0.0038626494,0.369680134,0.3696411882690338,Test
NALWOO_clean,9.16164,8.79623,9.14564,1.02635,1440.32,1403.34,0.0,0.0,0.5862,0.571148,0.0,1,0.0018546067,0.1798246812,0.180965933805345,Test
NALYEG_clean,13.12266,12.88152,13.12266,1.5741,1371.05,871.007,0.0,0.0,0.6462,0.41052,0.0,1,0.0011515522,0.1147960362,0.11580988327341146,Test
NAMDUD_clean,16.03482,3.9849,16.03053,0.771409,1799.33,2332.52,0.0,0.0,0.674,0.873726,0.0,1,0.0038441139,0.3547124654,0.36881890814454166,Test
NANTII_clean,10.0936,8.00204,10.0936,0.620421,2302.26,3710.81,0.0,0.0,0.7974,1.28526,0.0,1,0.0015093078,0.1559271046,0.1513471822640085,Test
NANYUX03_clean,5.54429,4.75767,5.52159,1.04137,1912.89,1836.9,0.0,0.0,0.6486,0.622835,0.0,0,0.00366938,0.3744245556,0.3596882828872761,Train
NANYUX_charged,4.35841,3.42866,4.08742,1.28106,653.787,510.347,0.0,0.0,0.5112,0.399044,0.0,1,0.0039057654,0.3723009588,0.3508427476170949,Test
NAPNEA_clean,6.09623,3.46864,4.58597,0.972297,496.247,510.387,355.216,365.337,0.5562,0.572048,0.0,0,0.0044230747,0.386947132,0.39458361828890726,Test
NAPZOV_clean,5.15523,4.10902,5.14793,1.47553,1007.23,682.626,0.0,0.0,0.5412,0.366783,0.0,1,0.0033789682,0.3098755837,0.31379055708893444,Train
NAQLAT_clean,6.1178,3.53855,6.08833,1.24225,1087.35,875.308,0.0,0.0,0.5306,0.427128,0.0,1,0.0065969115,0.567218088,0.5645926388590428,Train
NAQQED_clean,8.84631,4.18602,8.84631,1.16199,2235.29,1923.68,0.0,0.0,0.7052,0.606892,0.0,1,0.001182268,0.1179519948,0.11801805542899213,Train
NAQQIH_clean,8.86151,4.15241,8.85959,0.875522,2235.36,2553.18,0.0,0.0,0.7024,0.802264,0.0,1,0.0017838925,0.1741678805,0.18203101138821756,Test
NAQQON_clean,9.07609,4.33235,9.07609,1.01182,2282.57,2255.9,0.0,0.0,0.7134,0.705063,0.0,1,0.0012943777,0.1293471385,0.12883802795094193,Test
NAQQUT_clean,9.01357,4.32605,9.01322,1.00423,2256.36,2246.85,0.0,0.0,0.7102,0.707207,0.0,1,0.0013915615,0.1315224786,0.13602398571014804,Test
NAQRAA_clean,8.82176,4.19423,8.82039,1.0822,2240.28,2070.12,0.0,0.0,0.7116,0.657551,0.0,1,0.0013199566,0.126670022,0.12923448940920887,Train
NAQREE_clean,8.85655,4.22407,8.85397,1.08196,2247.94,2077.65,0.0,0.0,0.7126,0.658619,0.0,1,0.0012443125,0.1267547844,0.12632702434051168,Train
NARMUR_clean,3.85567,3.41897,3.84405,2.08835,240.166,115.003,0.0,0.0,0.399,0.19106,0.0,1,0.0005664259,0.0544655764,0.044899702278753034,Test
NARPOO_clean,4.62788,3.52973,4.62788,1.93637,626.775,323.686,0.0,0.0,0.4208,0.217314,0.0,1,0.0016981523,0.1611287686,0.16060229319751856,Test
NARPUU_clean,4.57962,3.51552,4.57962,1.96606,599.01,304.676,0.0,0.0,0.431,0.219221,0.0,1,0.0017850509,0.163551628,0.16722799748419254,Train
NASREH_clean,7.10434,4.41446,7.10434,0.83655,2601.4,3109.67,0.0,0.0,0.663,0.79254,0.0,1,0.003748877,0.3685395487,0.37027560565356343,Train
NASRIL_clean,7.12232,4.94837,7.12232,0.851796,2450.87,2877.3,0.0,0.0,0.6816,0.800191,0.0,1,0.0036542255,0.3577013539,0.35501252078607026,Test
NASROR_clean,13.45228,4.98216,13.45228,0.776126,1903.68,2452.8,0.0,0.0,0.7,0.901915,0.0,1,0.003807905,0.3719270445,0.3521441408481929,Test
NATFAS_clean,6.53453,3.93626,6.37422,1.34798,1587.17,1177.44,0.0,0.0,0.564,0.418403,0.0,0,0.0050242698,0.4440393349,0.44941118054687257,Train
NATHOH_ion_b,5.49353,3.97352,5.49353,2.17321,1195.36,550.044,0.0,0.0,0.4624,0.212773,0.0,1,0.0007649978,0.0733837288,0.0785691923085908,Test
NATHUO_clean,7.56745,6.68911,7.56745,1.07613,1712.53,1591.37,0.0,0.0,0.6018,0.559224,0.0,1,0.002231895,0.2117955488,0.21876185464710363,Test
NATKIF_clean,17.00981,12.93858,16.43746,0.345463,1901.41,5503.94,0.0,0.0,0.8556,2.47668,0.0,1,0.0032898641,0.3185086512,0.3174892489492742,Test
NATKOL_clean,7.96067,5.75072,7.91611,0.695846,2746.18,3946.53,0.0,0.0,0.699,1.00453,0.0,1,0.0031509296,0.3162856992,0.31364194886804975,Test
NAVJAW01_clean,11.39615,10.64646,11.39615,1.17113,1550.28,1323.75,0.0,0.0,0.633,0.540502,0.0,1,0.0016276776,0.1674727117,0.16172825606348212,Test
NAVJAW_clean,11.35149,10.97665,11.35149,1.17524,1535.17,1306.26,0.0,0.0,0.6334,0.538952,0.0,1,0.0018876786,0.1827504429,0.18269123141274163,Test
NAVLIG_clean,4.05904,3.742,4.05904,1.16225,487.528,419.471,0.0,0.0,0.474,0.407831,0.0,0,0.0029808716,0.2918004994,0.2810968977379343,Test
NAWDUN_clean,7.40097,5.49968,7.39892,0.842634,2070.76,2457.48,0.0,0.0,0.6368,0.755726,0.0,1,0.0038284411,0.3783049334,0.3707232294781588,Train
NAWKII_clean,5.87047,3.9227,5.87047,0.947947,1478.21,1559.38,0.0,0.0,0.5784,0.610161,0.0,1,0.0046664341,0.4465930314,0.44065511402710256,Train
NAWWUG_clean,5.71546,4.10727,5.46236,1.11201,1652.38,1485.94,0.0,0.0,0.5826,0.523916,0.0,1,0.00372933,0.3522952684,0.3543943267375561,Test
NAWXER_clean,9.09863,5.59872,6.09599,0.664973,2891.83,4348.79,0.0,0.0,0.734,1.1038,0.0,1,0.0033555377,0.3352688377,0.331464313973691,Train
NAXKOO_clean,7.154,7.00039,7.154,1.18269,1555.75,1315.44,0.0,0.0,0.5548,0.469101,0.0,0,0.0066032073,0.6295947533,0.6146755009085153,Train
NAXLII_clean,5.86925,5.28522,5.86925,1.2305,998.395,811.372,0.0,0.0,0.5042,0.409751,0.0,1,0.0016428848,0.1633415729,0.15332510354062148,Test
NAYGUR_clean,7.6924,7.0244,7.6924,0.745846,2238.41,3001.16,0.0,0.0,0.7254,0.972586,0.0,1,0.0019630422,0.1868880182,0.19438420210380603,Train
NAYMOQ_clean,4.042,3.49537,4.03529,1.20973,330.783,273.436,0.0,0.0,0.4026,0.332802,0.0,1,0.0005697209,0.0556443736,0.05666907498495252,Train
NAYNIK_clean,5.90297,3.81726,5.80437,1.72086,950.582,552.388,0.0,0.0,0.5262,0.305777,0.0,0,0.0002688377,0.0285871416,0.02692040098522608,Train
NAYPIM_clean,5.76963,3.48376,5.76943,1.68342,1111.0,659.968,0.0,0.0,0.502,0.298203,0.0,0,0.0249392445,1.5028373895,1.4975877056732048,Train
NAYXOC_clean,8.15867,4.39162,7.93074,1.10978,1802.12,1623.85,0.0,0.0,0.6112,0.550741,0.0,1,0.0026077739,0.2497934669,0.2527861339289575,Train
NAYZOE_clean,15.82314,6.52553,15.81665,0.498918,2302.42,4614.84,0.0,0.0,0.813,1.62953,0.0,1,0.0024819388,0.2439053777,0.2544045384544361,Test
NAYZUK_SL,9.49894,7.59757,9.49894,1.33539,970.819,726.992,135.046,101.128,0.563,0.421599,0.0,0,0.0022511772,0.2174835889,0.21601529966672406,Train
NAZZEV_clean,9.68562,8.04863,9.67315,1.02009,1679.74,1646.65,0.0,0.0,0.6478,0.635039,0.0,1,0.002540044,0.2559041083,0.24975047735216171,Test
nchem.2258-s3_clean,11.60468,9.32321,11.60031,0.548188,2435.64,4443.09,11.1166,20.2788,0.7802,1.42324,0.0,1,0.0037373169,0.3786242197,0.3614721999756771,Test
ncomms11831_ncomms11831-s2_clean,4.88753,3.53737,4.88616,1.57042,403.532,256.959,0.0,0.0,0.3336,0.212428,0.0,0,0.0082713475,0.5298583061,0.5329973726634094,Train
ncomms11831_ncomms11831-s3_clean,4.53044,4.08038,4.52326,1.56068,421.065,269.795,0.0,0.0,0.3414,0.21875,0.0,0,0.0067104495,0.4655680653,0.46986197723005246,Train
ncomms7350-s2_clean,6.32642,5.9567,6.32642,1.52435,1274.9,836.355,0.0,0.0,0.531,0.348344,0.0,1,0.0013441408,0.1304732504,0.13134785383112826,Train
NDAIAH_clean,6.63827,3.41985,6.40814,1.54439,1188.39,769.486,0.0,0.0,0.551,0.356774,0.0,1,0.0011379804,0.1088687467,0.1132886671218985,Test
NEBNOZ_clean,6.01321,5.05928,6.00094,1.13873,1248.11,1096.06,0.0,0.0,0.5186,0.45542,0.0,1,0.0027085546,0.2619740374,0.2511957514317465,Test
NEDVOJ_charged,5.96101,4.69934,5.94878,0.918723,1885.07,2051.84,0.0,0.0,0.6022,0.655475,0.0,0,0.0029684558,0.2912807808,0.28674509098614115,Test
NEDVUP_clean,7.10231,5.27516,7.10043,0.883179,2108.77,2387.7,0.0,0.0,0.6378,0.722164,0.0,1,0.0025357241,0.2490760998,0.25437536516680465,Test
NEDWAW_clean,8.21752,5.99671,8.17631,0.756185,2155.93,2851.06,0.0,0.0,0.6702,0.886291,0.0,0,0.0023293217,0.2447256759,0.2369290759440805,Test
NEDWEA_clean,7.23193,5.49922,7.23193,0.857312,2138.95,2494.95,0.0,0.0,0.6398,0.746286,0.0,1,0.0025683917,0.2508643742,0.2543820533004214,Test
NEDWIE_clean,8.99031,6.43493,8.98641,0.682799,2139.49,3133.41,0.0,0.0,0.724,1.06034,0.0,1,0.0020603072,0.2116021333,0.20786263997742166,Train
NEDXOL_clean,5.99531,3.70069,5.99531,1.19863,1096.35,914.669,0.0,0.0,0.5274,0.440003,0.0,0,0.0039411754,0.3629143729,0.3599808227236901,Test
NEFZOO_clean,4.9876,4.51456,4.96943,1.17458,1752.87,1492.33,0.0,0.0,0.5624,0.478808,0.0,1,0.0105135908,0.9159231374,0.9161109299626866,Train
NEGMUI_clean,6.43529,3.57476,6.40936,1.70833,1135.33,664.583,0.0,0.0,0.5116,0.299474,0.0,1,0.0006653348,0.0640920139,0.06648025343213088,Train
NEGZUW_clean,6.52732,5.75532,6.52732,1.40591,2132.81,1517.03,0.0,0.0,0.6336,0.450668,0.0,1,0.0011808368,0.1117031324,0.11286556290758565,Train
NEHGEO_clean,5.2858,4.45812,5.28563,1.33637,1775.08,1328.28,0.0,0.0,0.5648,0.422636,0.0,1,0.0037881502,0.3532779807,0.3547077639697064,Test
NEHGIS_clean,5.25791,4.32138,5.25791,1.34435,1760.82,1309.79,0.0,0.0,0.5618,0.417897,0.0,1,0.0040086353,0.3665699851,0.37308451582323887,Train
NEHMET_clean,4.71483,3.76667,4.71105,1.33401,1622.86,1216.53,0.0,0.0,0.597,0.447522,0.0,0,0.0040864257,0.3903587869,0.38776024785838664,Train
NEHZIK_clean,7.34019,4.77821,7.34019,1.20148,1239.75,1031.85,0.0,0.0,0.5382,0.447947,0.0,1,0.0014951431,0.149413102,0.14344338598505754,Train
NEJRUR_clean,4.68942,3.81829,4.68942,1.2394,1057.89,853.554,15.7348,12.6955,0.5034,0.406165,0.0,0,0.0038838482,0.3481358858,0.35891301693606276,Test
NEJSAY_clean,4.50943,3.7344,4.50943,1.24034,1046.3,843.559,44.3105,35.7246,0.5234,0.421982,0.0,0,0.0036703501,0.3424077775,0.3401983161697263,Train
NEJSEC_clean,5.81645,3.98304,5.23805,1.24255,1038.8,836.024,5.34967,4.30539,0.5324,0.428473,0.0,0,0.0041087025,0.3654309342,0.3728251339636239,Train
NEJSOM_clean,5.41485,4.53855,5.40953,1.12052,1544.19,1378.11,0.0,0.0,0.5672,0.506195,0.0,0,0.004352639,0.4248005699,0.4118128439536251,Train
NEKBEL_clean,4.90746,3.89074,4.89557,1.60125,914.813,571.31,2.67246,1.66898,0.5046,0.315128,0.0,1,0.0004516305,0.0458279535,0.047903666645679244,Train
NEKMUN_clean,5.69957,3.6274,5.51939,1.30616,1011.9,774.717,0.0,0.0,0.4788,0.366572,0.0,0,0.006299672,0.5093149776,0.5246105297257849,Train
NEKREB_clean,7.13295,5.12512,7.13295,1.3542,1081.87,798.902,136.454,100.763,0.5622,0.415152,0.0,1,0.0022777882,0.2048324704,0.21526665727165104,Test
NELVAC_clean,4.82648,4.29457,4.79942,1.65303,931.318,563.4,0.0,0.0,0.5062,0.306225,0.0,0,0.0066653635,0.5317248885,0.540343250165172,Train
NELVEG_clean,4.88877,3.9894,4.88281,1.93052,846.514,438.489,0.0,0.0,0.4838,0.250606,0.0,0,0.0071249572,0.538061051,0.559343219263748,Test
NENFAN_clean,7.3527,6.48023,7.3527,2.08229,1229.05,590.24,0.0,0.0,0.526,0.252607,0.0,0,0.0114359899,0.897671415,0.897449262295486,Train
NENHAQ_clean,10.30187,9.48231,10.30187,0.81249,1810.52,2228.36,0.0,0.0,0.7266,0.894287,0.0,1,0.0014617501,0.1505988864,0.14279544353179255,Test
NEPWIQ_clean,4.3412,3.92268,4.32302,2.14557,765.165,356.625,0.0,0.0,0.4758,0.221759,0.0,1,0.0021092685,0.2059454545,0.2008798747788597,Train
NERMON_clean,5.21245,4.69214,4.9752,1.84917,802.953,434.223,0.0,0.0,0.4356,0.235565,0.0,1,0.0004547806,0.0419254778,0.0440734201028829,Train
NERNON_charged,6.35292,3.79738,6.26017,1.1566,1285.87,1111.77,0.0,0.0,0.5552,0.480028,0.0,0,0.0030377275,0.2905023442,0.2887960697529097,Test
NERTAH_clean,4.54882,3.46995,4.4502,1.3343,589.598,441.88,43.1614,32.3477,0.4772,0.357642,0.0,1,0.00205881,0.1907115056,0.19710532656670937,Train
NERVAJ_clean,12.53445,5.46518,12.53445,1.01277,1389.34,1371.82,0.0,0.0,0.569,0.561827,0.0,1,0.0016962696,0.1567828803,0.16435718064856988,Test
NERVEN_clean,12.25139,5.76203,12.25139,1.08035,1360.26,1259.1,0.0,0.0,0.5706,0.528164,0.0,1,0.0014262803,0.1324827663,0.13580679931904563,Test
NESVAK_charged,11.02589,4.28602,10.76042,0.996288,2238.65,2246.99,0.0572152,0.0574284,0.7148,0.717463,0.0,0,0.0020678443,0.2078371685,0.20212764141954775,Test
NESVEO_charged,10.20306,4.32155,10.18509,0.904718,2332.63,2578.3,0.0,0.0,0.6856,0.757805,0.0,0,0.0032799724,0.3217247903,0.3181543180927052,Test
NETHOJ_clean_h,4.97649,4.04567,4.52041,1.68332,1607.37,954.88,0.0,0.0,0.565,0.335646,0.0,1,0.0017039123,0.1620849515,0.1704499880017578,Test
NETYIV01_clean,8.07265,7.09602,8.06746,0.782971,2020.36,2580.37,0.0,0.0,0.686,0.87615,0.0,1,0.0021008941,0.2147282732,0.21427073952778852,Test
NETYIV_clean,8.05298,7.05859,8.05298,0.781018,1992.35,2550.96,0.0,0.0,0.686,0.878341,0.0,1,0.0020518508,0.2048695534,0.21002282311613363,Test
NEVJEF_clean,6.93106,3.47964,6.92655,1.61189,1003.29,622.432,0.0,0.0,0.4932,0.305976,0.0,1,0.0013774392,0.1442615319,0.12936427973582582,Test
NEVPOU_clean,6.31655,5.18077,6.31594,1.2374,1037.41,838.376,200.543,162.068,0.5652,0.456764,0.0,1,0.0021763755,0.2131116153,0.211097864088871,Train
NEVPUA_charged,6.37646,5.20524,6.37646,1.60506,1041.49,648.879,0.0,0.0,0.4822,0.300425,0.0,1,0.0015061633,0.1535598822,0.14294500733370438,Train
NEVQAH_charged,6.33826,5.17201,6.33534,1.7631,1025.51,581.65,0.0,0.0,0.477,0.270547,0.0,1,0.0014639748,0.1467593871,0.13696039285798556,Train
NEVVAM01_clean,6.94552,5.78544,6.80825,1.42342,1408.53,989.544,0.0,0.0,0.5446,0.3826,0.0,0,0.0023913126,0.222241889,0.2292534571890679,Train
NEVVAM02_clean,6.83817,5.86962,6.83673,1.42399,1416.84,994.976,0.0,0.0,0.5302,0.372334,0.0,0,0.0022282977,0.2178015524,0.2114627073660761,Test
NEVVAM_clean,6.98127,5.93133,6.98127,1.4203,1415.91,996.914,0.0,0.0,0.523,0.368233,0.0,0,0.0024028648,0.2280274193,0.23106424702447792,Test
NEVVEQ_clean,4.80581,3.79614,4.80581,1.56913,728.185,464.069,0.0,0.0,0.453,0.288695,0.0,0,0.0066438921,0.540206994,0.5307130851582806,Train
NEXDOK_charged,7.15126,3.56969,7.13771,1.0729,864.959,806.188,0.0,0.0,0.517,0.481871,0.0,1,0.0009937728,0.0955906799,0.10051147871010052,Test
NEXVET_clean,15.05129,7.94511,15.02301,0.572296,2220.51,3880.01,0.0,0.0,0.8096,1.41465,0.0,0,0.0018534642,0.181245248,0.1944336893992185,Test
NEXVUI_clean,9.07531,8.9508,9.07531,1.35917,693.606,510.314,30.665,22.5615,0.5322,0.391561,0.0,1,0.0009454422,0.0854152506,0.08660576121558214,Train
NEXXEV_clean,10.14339,9.60102,10.14163,0.701942,1675.6,2387.1,0.0,0.0,0.6396,0.911186,0.0,1,0.0034008343,0.3235478257,0.3261142572707774,Train
NEXXIZ_clean,9.73301,9.22346,9.73301,0.709285,1668.91,2352.94,0.0,0.0,0.6328,0.892166,0.0,1,0.0034528543,0.3308341119,0.32903761347135996,Train
NEYVEU_clean,20.18169,6.42425,20.08436,0.514184,2007.78,3904.79,0.0,0.0,0.7952,1.54653,0.0,0,0.0026790404,0.2679202553,0.2633246509475689,Test
NEYYUN_clean,4.68454,4.06012,4.68454,1.064,2087.99,1962.4,0.0,0.0,0.6166,0.579512,0.0,1,0.0076045879,0.7327013637,0.7261626984444531,Train
NEYZAU_clean,4.66904,4.09054,4.65339,0.942406,2112.21,2241.29,0.0,0.0,0.6186,0.656405,0.0,1,0.0093395056,0.8621372365,0.8623082025234399,Train
NEZWOG01_clean,6.15081,4.94067,6.15081,1.68632,1580.27,937.116,0.0,0.0,0.5538,0.328408,0.0,1,0.0009089774,0.0854456886,0.0913473046012013,Train
NEZWOG_clean,6.42146,5.18119,6.41863,1.71364,1489.36,869.12,0.0,0.0,0.552,0.322122,0.0,1,0.0009865398,0.096585651,0.09943832305230374,Train
NIBHUC_clean,18.86769,11.8721,18.86769,0.449382,1927.35,4288.89,0.0,0.0,0.8286,1.84387,0.0,1,0.0025219834,0.2465850567,0.25398209020138174,Train
NIBJAK_clean,32.00355,17.55175,32.00033,0.223433,1188.94,5321.22,0.0,0.0,0.9102,4.0737,0.0,1,0.0030763204,0.3120867094,0.3164962683575634,Test
NIBXUT_clean,6.21117,5.18074,6.19848,1.9388,1406.45,725.426,0.0,0.0,0.5234,0.269961,0.0,1,0.0011290149,0.1073403507,0.11045109525910021,Test
NIFTIH_clean,4.90975,3.65701,4.90975,1.37616,1012.21,735.536,0.0,0.0,0.5236,0.380479,0.0,1,0.0036371715,0.3478672009,0.3322717948302387,Test
NIGBOW_clean,11.80846,11.56903,11.80846,0.664854,1743.47,2622.33,0.0,0.0,0.7086,1.0658,0.0,0,0.0025638745,0.2417733645,0.25002265877144836,Test
NIGDEO_clean,13.9402,7.42068,13.92619,0.633535,2119.03,3344.77,0.0,0.0,0.7538,1.18983,0.0,1,0.0032050754,0.3203406125,0.31448196037250215,Test
NIGDIS_clean,14.03164,7.36423,14.03164,0.622681,2210.2,3549.5,0.0,0.0,0.7674,1.23241,0.0,1,0.0032771074,0.3234413278,0.3201278649454341,Train
NIGFIT_clean,7.4378,4.64365,7.4378,1.2326,2395.77,1943.66,0.0,0.0,0.659,0.53464,0.0,1,0.0022018123,0.2213720957,0.21810277683089338,Train
NIGFOZ_clean,7.49823,4.6446,7.49513,1.19407,2411.1,2019.23,0.0,0.0,0.6618,0.554241,0.0,1,0.0022196893,0.2249645612,0.2178710873016037,Test
NIGFUF_clean,7.45855,4.62821,7.45855,1.23037,2420.25,1967.09,0.0,0.0,0.6578,0.534636,0.0,1,0.0023598043,0.2305731694,0.23288737821734057,Train
NIGGAM_clean,7.44488,4.63983,7.44488,1.22204,2431.75,1989.92,0.0,0.0,0.6646,0.543847,0.0,1,0.0021875958,0.223397956,0.21903315856758718,Train
NIGGEQ_clean,7.37601,4.62938,6.94846,1.24921,2427.77,1943.44,0.0,0.0,0.6582,0.526892,0.0,1,0.0021993909,0.2222492793,0.21886739367619135,Test
NIGGIU_clean,7.3331,4.59835,7.3331,1.27304,2426.84,1906.33,0.0,0.0,0.656,0.5153,0.0,1,0.0029227877,0.2792303518,0.2847736392467763,Test
NIGNUO_clean,16.88905,3.72632,16.88905,0.773731,1979.77,2558.73,0.0,0.0,0.6948,0.897987,0.0,1,0.0030074005,0.286573133,0.29360060136904087,Test
NIGPEA_clean,10.42385,9.24875,10.42385,0.730648,2142.0,2931.64,0.0,0.0,0.6842,0.936428,0.0,1,0.0032892114,0.3218417687,0.31636787698713265,Test
NIHBAI01_clean,4.75768,3.68765,4.75768,1.76453,773.951,438.616,0.0,0.0,0.4424,0.250719,0.0,0,0.0023135435,0.2190868568,0.21928486169862788,Test
NIHBAI02_clean,4.7992,3.7527,4.7992,1.74298,825.866,473.823,0.0,0.0,0.449,0.257604,0.0,0,0.0023770152,0.2255117798,0.21991204494208177,Test
NIHBAI_clean,4.7247,3.65018,4.71583,1.7748,745.205,419.881,0.0,0.0,0.4386,0.247126,0.0,0,0.0023008492,0.2140805264,0.21329263846287044,Test
NIHBEM01_clean,4.87963,3.68372,4.87963,1.74048,783.372,450.089,0.0,0.0,0.4496,0.258319,0.0,0,0.0022675265,0.2164369133,0.21094686689580514,Test
NIHBEM02_clean,5.01891,3.78432,5.01891,1.70287,870.252,511.052,0.0,0.0,0.4636,0.272247,0.0,0,0.0023722548,0.2193740663,0.22013373902326056,Test
NIHBEM_clean,4.82471,3.66332,4.81898,1.76393,749.866,425.111,0.0,0.0,0.4434,0.25137,0.0,0,0.0024611152,0.2200056097,0.22154114420516732,Train
NIHBIQ01_clean,5.30133,3.89271,5.30133,1.65496,952.5,575.542,0.0,0.0,0.4798,0.289916,0.0,0,0.0022580058,0.2058101638,0.21163272625790894,Test
NIHBIQ02_clean,5.38184,3.95166,5.35574,1.6285,1006.66,618.147,0.0,0.0,0.4894,0.300521,0.0,0,0.0022119888,0.2032141712,0.20597375519567862,Test
NIHBIQ_clean,5.25122,3.88968,5.21988,1.66955,927.396,555.476,0.0,0.0,0.4762,0.285226,0.0,0,0.0022913284,0.2141614528,0.21229702315677984,Train
NIHVUX_clean,7.06296,5.57011,7.05951,3.18911,938.163,294.177,124.289,38.973,0.4932,0.154651,0.0,1,0.0003727949,0.0378646977,0.035482552159357805,Train
NIJTOR_clean,5.13346,3.60858,4.57199,1.35089,285.546,211.376,191.611,141.84,0.4084,0.302318,0.0,1,0.0030592633,0.2601974009,0.2620861702952906,Train
NIJZIP01_clean,8.50827,7.36867,8.50827,1.45663,1110.96,762.692,3.7965,2.60636,0.5674,0.38953,0.0,1,0.0005062755,0.0493643236,0.05104161254242401,Train
NIJZIP_clean,9.04941,7.56212,9.04941,1.42787,1214.86,850.82,0.0,0.0,0.5802,0.406339,0.0,1,0.0005311259,0.0516127445,0.05341972766003786,Train
NIJZOV_clean,8.62609,7.08161,8.6236,1.5406,1133.11,735.501,0.0,0.0,0.5798,0.376347,0.0,1,0.0003930222,0.0468501755,0.042328294612709316,Train
NIKDAM_clean,7.96983,7.14498,7.96983,0.958363,1366.23,1425.59,0.0,0.0,0.6056,0.631911,0.0,1,0.0018375732,0.1639304783,0.17742734138991745,Train
NIKJIB_clean,7.23675,3.61132,7.23452,1.15081,1184.22,1029.04,0.0,0.0,0.5324,0.462633,0.0,1,0.0020209922,0.2002511089,0.19453431502503077,Test
NIKKIC_clean,5.94413,4.27315,5.93398,1.24613,1177.42,944.864,0.0,0.0,0.498,0.399638,0.0,1,0.0029371567,0.2708274006,0.2737447052142925,Test
NIKYOW01_clean,4.61161,3.58405,4.59865,1.78633,690.02,386.278,0.0,0.0,0.436,0.244076,0.0,0,0.0022215095,0.202336675,0.20549611397369238,Test
NIKYOW02_clean,4.72463,3.68194,4.72463,1.75151,766.584,437.671,0.0,0.0,0.4498,0.256808,0.0,0,0.002408751,0.2153261586,0.22316034657772021,Test
NIKYOW_clean,4.56807,3.54686,4.56807,1.80221,654.259,363.032,0.0,0.0,0.4324,0.239928,0.0,0,0.0020485491,0.2004103088,0.19496737093649935,Train
NIKYUC01_clean,4.94759,3.68791,4.94354,1.71164,846.153,494.351,0.0,0.0,0.4572,0.267112,0.0,0,0.0023389322,0.2178523323,0.22084881323934086,Test
NIKYUC02_clean,5.06856,3.78234,5.06856,1.67303,915.135,546.992,0.0,0.0,0.4718,0.282003,0.0,0,0.002248485,0.2127254056,0.20621077484006722,Train
NIKYUC_clean,4.9018,3.64376,4.89963,1.7317,810.432,467.997,0.0,0.0,0.4504,0.260091,0.0,0,0.0022897416,0.219942138,0.21227687254961564,Train
NIKZAJ01_clean,4.60883,3.61545,4.57384,1.79637,691.539,384.965,0.0,0.0,0.4298,0.23926,0.0,0,0.002164385,0.2085251658,0.2037301324567223,Test
NIKZAJ02_clean,4.67382,3.68928,4.66396,1.76633,754.073,426.914,0.0,0.0,0.4402,0.249217,0.0,0,0.0022881548,0.2123493358,0.21305315472579328,Train
NIKZAJ_clean,4.56098,3.58427,4.53545,1.81346,655.548,361.491,0.0,0.0,0.426,0.234911,0.0,0,0.0022357907,0.2077603318,0.20520346533879452,Train
NIKZEN01_clean,4.86464,3.71164,4.85271,1.72603,830.972,481.435,0.0,0.0,0.4544,0.263263,0.0,0,0.0023579737,0.2193867606,0.22029973718324936,Test
NIKZEN02_clean,4.94738,3.78699,4.94738,1.70037,871.961,512.806,0.0,0.0,0.4662,0.274175,0.0,0,0.002324651,0.217181119,0.22115361569356895,Test
NIKZEN_clean,4.82301,3.70763,4.82301,1.74152,807.966,463.944,0.0,0.0,0.4514,0.259199,0.0,0,0.0023912963,0.2211592079,0.22092824635041194,Test
NIMPEG01_clean,8.44,5.51406,8.10508,0.6075,2688.56,4425.61,0.0,0.0,0.7444,1.22535,0.0,1,0.003395284,0.3121730521,0.333843492384977,Test
NIMPEG_clean,5.8871,5.25211,5.8871,0.735505,2646.72,3598.51,0.0,0.0,0.6844,0.930517,0.0,1,0.0033225338,0.3281846887,0.32695189425760907,Test
NIMPOQ_clean,9.48433,7.47639,9.46555,0.558554,2612.29,4676.87,0.0,0.0,0.765,1.36961,0.0,1,0.0031419971,0.3175288861,0.31393531538849445,Train
NIMTAE_clean,4.79937,4.4136,4.79752,1.0571,1265.99,1197.61,0.0,0.0,0.5494,0.519725,0.0,0,0.0034030335,0.3285393989,0.32647325784311537,Test
NIMXIS_clean,10.63837,6.01154,10.63837,1.05177,1918.06,1823.65,0.0,0.0,0.667,0.634168,0.0,1,0.0014201751,0.1437153833,0.14358093502441718,Train
NINHOH_clean,6.49972,5.39746,6.49972,1.04902,2642.26,2518.78,0.0,0.0,0.76,0.724483,0.0,1,0.0008670187,0.0843834826,0.08569516360232723,Train
NINVAI_clean,11.85606,6.40748,11.85606,0.818223,2181.06,2665.61,0.0,0.0,0.7028,0.858935,0.0,1,0.0037976831,0.3560583041,0.3527321241508172,Train
NIRGAY_clean,8.4539,5.80719,8.43976,0.806367,1866.49,2314.69,0.0,0.0,0.644,0.798644,0.0,1,0.0025722325,0.2503839994,0.252793898945663,Test
NISBEX_clean,4.31898,3.41744,4.31844,1.44504,366.268,253.467,91.9485,63.6306,0.472,0.326636,0.0,1,0.0011552453,0.1109433255,0.11253559652267134,Train
NISPEL_charged,5.69424,3.91942,5.43239,1.32791,1077.9,811.729,0.0,0.0,0.5284,0.397919,0.0,0,0.0033474503,0.3062654328,0.3111723694414455,Train
NIVZOJ_clean,9.94924,7.55081,9.94924,0.836734,2096.15,2505.16,0.0,0.0,0.7358,0.879372,0.0,1,0.0008920354,0.0969018518,0.09029790428579615,Train
NIYJAI_clean,5.86863,4.46882,5.70658,1.13108,1072.3,948.033,0.0,0.0,0.5246,0.463806,0.0,0,0.00253065,0.2474294381,0.24148833388453828,Train
NIYZIG_clean,9.1257,4.85174,9.11367,0.956862,1879.49,1964.22,0.0,0.0,0.637,0.665718,0.0,1,0.0033589128,0.3132683424,0.31872972322574544,Test
NIZNAN_clean,5.62761,3.49058,5.62761,1.17342,1545.25,1316.88,0.0,0.0,0.567,0.483203,0.0,1,0.0040944755,0.3694452484,0.3854882398416046,Test
NIZZAY_clean,8.39896,7.78516,8.38426,1.2112,2073.27,1711.74,0.0,0.0,0.6754,0.557627,0.0,0,0.0019795682,0.188440808,0.19048466209362208,Train
NIZZEC_clean,8.3208,7.63206,8.31922,1.20763,2065.46,1710.34,0.0,0.0,0.6766,0.560269,0.0,0,0.001857779,0.1831340905,0.18285693879639486,Test
NIZZIG_clean,8.38921,7.68868,8.37589,1.19762,2072.68,1730.66,0.0,0.0,0.6836,0.570798,0.0,0,0.0020026094,0.1868549151,0.20041796556760166,Test
NIZZOM_clean,8.52507,7.77175,8.50752,1.1812,2086.39,1766.33,0.0,0.0,0.685,0.579917,0.0,0,0.0019216361,0.189475687,0.18581190914701573,Test
NOBVOR_clean,5.28259,5.11208,5.27848,1.1717,1472.77,1256.95,0.0,0.0,0.5292,0.451653,0.0,0,0.0047370642,0.4267009182,0.43642457213727054,Test
NOCKOG_clean,5.62673,5.01808,5.62673,1.04593,1347.49,1288.32,0.0,0.0,0.553,0.528716,0.0,1,0.0047470699,0.4364632276,0.4344106516024415,Test
NOCKUM_clean,6.00758,5.1022,6.00758,1.07326,1338.2,1246.86,0.0,0.0,0.5502,0.512645,0.0,1,0.0031167515,0.2928884855,0.2932079150532521,Test
NOCLOH01_clean,5.48382,4.82541,5.46744,1.30816,1237.43,945.928,0.0,0.0,0.5374,0.410806,0.0,1,0.0036322445,0.3356855968,0.33484511421918983,Train
NOCLOH02_clean,5.50015,4.83636,5.44966,1.30452,1262.04,967.436,0.0,0.0,0.5462,0.418699,0.0,1,0.0035715538,0.3370649301,0.3338556257351294,Test
NOCLOH03_clean,5.53774,4.87922,5.44835,1.29563,1278.59,986.85,0.0,0.0,0.5392,0.416168,0.0,1,0.0035568409,0.3351577719,0.3289968902834781,Train
NOCLOH_clean,5.4394,4.78188,5.37771,1.31451,1235.22,939.686,0.0,0.0,0.5324,0.405018,0.0,1,0.00364144,0.3351908759,0.3340419363076735,Test
NOCLUN_clean,6.26764,5.77209,6.22951,1.07441,1685.14,1568.43,0.0,0.0,0.6158,0.57315,0.0,1,0.0023851432,0.2362450423,0.23476720810980078,Test
NOCYUB_clean,4.54438,4.10807,4.54438,1.72564,433.752,251.357,0.0,0.0,0.3964,0.229712,0.0,1,0.0009747391,0.0906743279,0.09110876215623043,Test
NOCZAI_clean,4.42954,4.04745,4.42954,1.74484,414.324,237.458,0.705302,0.404222,0.3944,0.226039,0.0,1,0.0008618222,0.0848547271,0.08170234700129331,Train
NODKAT_clean,4.87174,3.58316,4.87174,1.20089,870.838,725.159,0.0,0.0,0.5258,0.437841,0.0,0,0.0044376495,0.3881863424,0.4029633875852271,Test
NODKOH_clean,5.43236,4.66054,5.43106,1.05473,1385.41,1313.52,0.0,0.0,0.5884,0.557866,0.0,0,0.0035483391,0.3344330841,0.33507096419269694,Train
NODKUN_clean,8.11946,6.79716,8.07056,0.764763,2379.51,3111.44,0.0,0.0,0.6852,0.895963,0.0,0,0.0042373149,0.4129326866,0.41602850418722526,Test
NOFDUI_clean,4.93531,4.06199,4.92703,1.21153,1000.68,825.958,0.0,0.0,0.4872,0.402135,0.0,0,0.0025665759,0.23960845,0.24144746137048426,Train
NOFHOG_clean,6.65675,5.09348,6.63927,0.822826,2730.97,3319.01,0.0,0.0,0.6932,0.842462,0.0,1,0.0034271741,0.3324232194,0.3396617305972645,Test
NOFQAB_clean,21.07333,4.609,21.07333,0.947534,1218.66,1286.14,157.272,165.98,0.655,0.691268,0.0,0,0.0037779945,0.3279284808,0.3201694462912319,Test
NOFQIK_clean,4.9549,4.61383,4.95259,1.45912,792.567,543.181,0.0,0.0,0.5256,0.360216,0.0,1,0.0010288178,0.1027217098,0.09512961892361269,Test
NOFQOQ_clean,5.26068,4.9317,5.26068,1.52336,805.604,528.834,0.0,0.0,0.5044,0.331111,0.0,1,0.0015541715,0.1510460474,0.14711694158306485,Test
NOGDAP_clean,6.90613,3.48821,6.90608,1.43733,1400.84,974.616,0.0,0.0,0.5538,0.385299,0.0,0,0.0174804353,1.3471564316,1.3455851380512862,Train
NOHFOG_clean,5.40858,4.54107,5.33613,1.66638,1542.3,925.536,0.0,0.0,0.5474,0.328496,0.0,1,0.0021998265,0.2039290497,0.2105454407745445,Test
NOHLAZ_clean,4.58304,3.41283,4.57147,1.83959,742.915,403.849,0.0,0.0,0.415,0.225594,0.0,1,0.0011737554,0.1126202884,0.10827481191090246,Test
NOHSIM01_clean,4.97938,3.79602,4.89937,1.44217,1518.59,1052.99,0.0,0.0,0.5942,0.412019,0.0,0,0.0038219596,0.3698256553,0.35905603265712,Test
NOHSIM_clean,4.94525,3.77888,4.76061,1.43422,1498.07,1044.52,0.0,0.0,0.608,0.423923,0.0,0,0.0028405835,0.2651737015,0.2683650409452444,Train
NOHSUA_clean,8.36544,4.75817,8.32279,0.872139,1620.2,1857.73,0.0,0.0,0.5908,0.677415,0.0,1,0.0028360909,0.2766853635,0.274092194434854,Train
NOKJON_clean,7.47331,5.41094,7.47331,2.39941,2004.26,835.312,0.0,0.0,0.6598,0.274984,0.0,1,0.0007738804,0.0771228923,0.07711136336658062,Train
NOKLIJ_clean,11.48526,10.66621,11.48526,1.19832,1550.1,1293.56,0.0,0.0,0.646,0.539086,0.0,1,0.0017050942,0.182177548,0.1733613392806015,Test
NOKPEJ_clean,4.49218,3.71025,4.45459,1.6407,696.202,424.332,0.828968,0.505252,0.5208,0.317425,0.0,1,0.0008329877,0.0776022124,0.07954416043396714,Train
NOMQAJ01_clean,4.90223,3.68918,4.90223,1.31657,708.381,538.05,0.0,0.0,0.45,0.341797,0.0,0,0.0070203501,0.5586639072,0.5536769448585082,Train
NOPJOT_clean,6.1592,4.69936,6.14418,1.00061,2117.03,2115.74,0.0,0.0,0.6142,0.613825,0.0,1,0.0033655904,0.3302065872,0.3212721312345741,Test
NOQKOV_clean,5.57218,4.25994,5.56937,1.06467,1684.1,1581.8,0.0,0.0,0.536,0.503441,0.0,0,0.0036941719,0.353110092,0.35530834118859034,Train
NOQKUB_clean,5.39399,4.39499,5.39187,1.00245,1858.17,1853.63,0.0,0.0,0.55,0.548657,0.0,0,0.0044446028,0.4300177893,0.4256241021025374,Train
NORBUT_clean,5.08002,3.51252,5.07961,1.76418,163.887,92.8971,0.0,0.0,0.4354,0.246801,0.0,1,0.0004379444,0.0410336262,0.03919158705901871,Train
NORGOS_clean,4.94677,3.43492,4.94677,1.7289,141.415,81.7948,0.0,0.0,0.4202,0.243045,0.0,1,0.0002541133,0.0240827092,0.022427982624553422,Train
NOSHEK_clean,5.7194,3.87373,5.09672,1.68613,1874.51,1111.72,0.0,0.0,0.614,0.364148,0.0,1,0.0021612343,0.2113035974,0.2094052303217029,Train
NOSJIQ_charged,6.56002,4.40515,6.56002,2.09187,568.118,271.583,75.6928,36.1842,0.444,0.21225,0.0,1,0.0002952962,0.0290482675,0.031535337628171956,Train
NOSTUM01_clean,6.02005,5.48184,6.00511,0.946326,1720.55,1818.13,0.0,0.0,0.6136,0.648402,0.0,1,0.0041760718,0.3986313333,0.39916899082774626,Test
NOSTUM_clean,5.81524,5.30062,5.7997,0.959933,1717.62,1789.31,0.0,0.0,0.6084,0.633794,0.0,1,0.0041280257,0.4115171375,0.39413148843772455,Test
NOWGIR_clean,9.36325,6.59726,9.2981,1.43951,1651.33,1147.14,0.0,0.0,0.634,0.440427,0.0,1,0.001103152,0.1039181594,0.1092554389828182,Train
NUBBAP_clean,14.05418,6.66438,11.10621,0.762781,2298.42,3013.21,0.0,0.0,0.7708,1.01051,0.0,1,0.0022821992,0.2209242079,0.22499001697077403,Train
NUBPIL_clean,11.57277,9.78079,11.57277,0.608967,2225.04,3653.8,0.0,0.0,0.7688,1.26247,0.0,1,0.0026864189,0.2591676102,0.26408245589325363,Train
NUCBIY_clean,5.06822,3.86536,5.06061,1.18684,700.396,590.137,0.0,0.0,0.4806,0.404942,0.0,0,0.0026327073,0.245182089,0.23923271884807296,Test
NUCCEV_clean,6.52615,3.99784,6.52615,1.00465,1502.03,1495.08,0.0,0.0,0.556,0.553427,0.0,1,0.0039262596,0.3626223319,0.3687908383804343,Test
NUCPEI_clean,6.7664,4.45805,6.7664,1.03972,2105.55,2025.11,0.0,0.0,0.6338,0.609585,0.0,1,0.0060533224,0.5902694449,0.5805475250094325,Train
NUCYAN_clean,4.98599,4.20846,4.98599,1.48214,662.288,446.845,0.0,0.0,0.4874,0.328848,0.0,1,0.0014643174,0.1366528616,0.1361382112122213,Train
NUCYER_clean,4.96656,4.20041,4.96656,1.49997,657.943,438.637,0.0,0.0,0.4852,0.323473,0.0,1,0.0014343997,0.1356046659,0.1335404569366631,Train
NUCYIV_clean,4.97799,4.21601,4.96375,1.53207,652.698,426.025,0.0,0.0,0.477,0.311344,0.0,1,0.0014903505,0.1389574894,0.13678519023405,Train
NUDLIJ_clean,6.93743,5.78938,6.89446,1.14165,1419.26,1243.17,0.0,0.0,0.5428,0.475454,0.0,0,0.0034195083,0.3191962032,0.32673776588136605,Train
NUDMAC_clean,6.47898,5.73918,6.47898,1.16985,1365.51,1167.25,0.0,0.0,0.54,0.461596,0.0,0,0.0034203026,0.3235657073,0.3250282700789856,Train
NUDMEG_clean,6.29424,5.40754,6.23822,1.19809,1344.33,1122.06,0.0,0.0,0.5334,0.445207,0.0,0,0.0034314229,0.3211049322,0.3253787248620287,Test
NUDMOQ_clean,6.59897,5.83765,6.59897,1.15867,1384.65,1195.03,0.0,0.0,0.5454,0.470712,0.0,0,0.0032709721,0.3134096486,0.31143220960321755,Test
NUDMUW_clean,6.32198,5.70328,6.32198,1.18747,1340.68,1129.02,0.0,0.0,0.5322,0.448181,0.0,0,0.003321808,0.3225553439,0.31427600666593103,Test
NUDNEH_clean,6.40452,5.65537,6.40452,1.17792,1346.46,1143.08,0.0,0.0,0.5262,0.44672,0.0,0,0.0033075104,0.3165900693,0.3104459330897657,Test
NUFBEX_clean,8.49623,5.29107,8.49623,1.23125,1460.16,1185.92,0.0,0.0,0.5628,0.457098,0.0,1,0.0013615391,0.1289562873,0.1323730168030263,Test
NUFBOH_clean,6.20415,3.43588,6.19684,1.14211,1512.51,1324.31,0.0,0.0,0.5816,0.509231,0.0,0,0.0050432354,0.4826227922,0.4763218169457279,Train
NUFBUN_clean,7.53238,5.74054,7.52156,1.07363,1972.83,1837.54,0.0,0.0,0.6478,0.603375,0.0,1,0.0027878284,0.263103375,0.26791493664046484,Test
NUFCAU_clean,9.94144,7.33631,9.94144,0.845072,2116.0,2503.93,0.0,0.0,0.7364,0.871405,0.0,1,0.0020209709,0.1979426376,0.19996311929956576,Test
NUFTOY_charged,9.32517,8.36752,9.32517,0.982387,1441.86,1467.71,0.0,0.0,0.6018,0.612589,0.0,0,0.0052824855,0.4696754766,0.4756470506571029,Train
NUGRIR_clean,8.70402,6.3995,8.695,1.28478,1827.49,1422.42,0.0,0.0,0.645,0.502033,0.0,0,0.0011674912,0.1161067074,0.11516269281767194,Test
NUGROX_clean,7.91316,6.30977,7.91316,1.24187,1907.41,1535.92,0.0,0.0,0.6464,0.520505,0.0,0,0.001298376,0.1287958011,0.12862178991350676,Test
NUHNUA_clean,5.91571,3.87698,4.38862,0.866172,1483.02,1712.15,0.0,0.0,0.5628,0.649756,0.0,1,0.0031250979,0.3042869561,0.30614061390744407,Test
NUHPAI_clean,5.92167,3.93075,4.42412,0.871868,1496.53,1716.46,0.0,0.0,0.5834,0.669138,0.0,1,0.0031762585,0.3163525805,0.3066541033562267,Test
NUHQAK_clean,6.11993,4.14765,6.11993,1.236,1832.14,1482.32,0.0,0.0,0.5934,0.480098,0.0,1,0.0037676204,0.3527703873,0.3550657310661278,Test
NUHQIS_clean,6.54623,4.66095,6.54623,1.20529,1894.68,1571.97,0.0,0.0,0.5972,0.495483,0.0,1,0.0031055482,0.2934766928,0.29875980503025795,Test
NUHQOY_clean,6.53062,4.6635,6.53062,1.21249,1899.32,1566.47,0.0,0.0,0.5942,0.490068,0.0,1,0.0031510195,0.2979139972,0.30195148594234467,Test
NUHQUE_clean,6.55171,4.68685,6.54808,1.21067,1893.64,1564.13,0.0,0.0,0.5964,0.492619,0.0,1,0.0031185835,0.2959957686,0.2986033278548778,Test
NUHRAL_clean,6.51247,4.65457,6.51247,1.22333,1897.36,1550.98,0.0,0.0,0.5928,0.484579,0.0,1,0.0031108144,0.2953864676,0.29932066313868994,Test
NUHZAS_clean,4.59282,3.63902,4.53366,1.44559,429.681,297.236,0.0,0.0,0.4222,0.292061,0.0,1,0.0035364236,0.2854839998,0.2995696550758334,Train
NUJCEA_clean,4.83502,3.79811,4.83328,1.60555,436.405,271.811,21.0341,13.1009,0.487,0.303323,0.0,1,0.0003255014,0.031532946,0.034142917136059714,Train
NUJCIE_clean,5.03148,3.82553,5.03043,1.58392,461.015,291.061,23.0849,14.5746,0.4906,0.309739,0.0,1,0.0003247337,0.0324288425,0.032793537339643186,Train
NULMAJ_clean,5.03229,4.40705,5.03229,0.892035,1713.32,1920.69,0.0,0.0,0.6184,0.693246,0.0,0,0.0012560922,0.1334233218,0.13080491126850827,Train
NUNCEG_clean,6.32724,4.08141,6.24551,0.841857,1844.22,2190.65,0.0,0.0,0.5678,0.674462,0.0,1,0.003026745,0.2922751375,0.2952311477491443,Test
NUNNUH_clean,6.00836,4.32228,5.9546,0.799722,2197.7,2748.08,0.0,0.0,0.6854,0.857048,0.0,1,0.0033074146,0.3063584115,0.3227062624602611,Test
NUNPAP_clean,6.01151,4.33549,6.00656,0.794607,2195.03,2762.41,0.0,0.0,0.6796,0.855265,0.0,1,0.0029103616,0.2817500241,0.2861378331902044,Test
NUNSIA_clean,4.82032,4.25115,4.82032,1.27602,836.789,655.783,0.0,0.0,0.4866,0.381343,0.0,0,0.0018393592,0.1838115086,0.17369142019862388,Train
NUNSOG_clean,4.99291,4.35876,4.99291,1.27773,873.941,683.982,0.0,0.0,0.4864,0.380677,0.0,0,0.0020742395,0.1924023349,0.19622387482390524,Test
NURMUJ_clean,4.39424,3.64857,4.38802,1.20073,1518.88,1264.97,0.0,0.0,0.6332,0.527347,0.0,1,0.0023092789,0.2375258259,0.23110542141237161,Train
NUTQAV_clean,10.89201,6.87272,10.20477,0.722737,2294.74,3175.06,0.0,0.0,0.7432,1.02831,0.0,1,0.0024397957,0.257819632,0.23917890657386326,Test
NUTYEI_clean,13.08518,12.35732,13.03987,0.787627,1749.9,2221.74,0.0,0.0,0.7456,0.946641,0.0,0,0.0021303749,0.2055223674,0.21174679725140613,Test
NUTYIM_clean,13.08434,12.35689,13.08434,0.80193,1745.22,2176.28,0.0,0.0,0.7446,0.92851,0.0,0,0.0020257359,0.1999665458,0.19904497940553806,Test
NUVBIQ_clean,4.60795,3.59775,4.60795,2.15646,840.114,389.58,0.0,0.0,0.4404,0.204223,0.0,1,0.0014428072,0.1431307527,0.13696846598756854,Test
NUVWEH_clean,5.84014,3.85397,5.84014,1.503,1203.66,800.838,0.0,0.0,0.5116,0.340385,0.0,1,0.0011325709,0.1128573609,0.11205541233731742,Test
NUVXOT_clean,9.16707,5.75569,9.14121,0.884237,2287.82,2587.34,0.0,0.0,0.7176,0.811547,0.0,1,0.0021099734,0.2232827129,0.2123742325161126,Train
NUVYOT_clean,4.99931,3.59386,4.8252,1.15218,688.171,597.279,170.523,148.001,0.5094,0.44212,0.0,1,0.0030298947,0.2751476718,0.2801717536733243,Test
NUWBOX_clean,5.68496,3.45366,5.08673,2.30898,1203.77,521.344,0.0,0.0,0.4886,0.211609,0.0,1,0.0008214086,0.0758868738,0.07903377395200187,Train
NUWPOM_clean,8.32687,8.01604,8.32687,1.25431,1381.61,1101.49,0.0,0.0,0.5552,0.442633,0.0,1,0.0008284371,0.0819115641,0.08494705167194552,Train
NUWVIM_clean,4.95462,3.8636,4.94993,1.17037,724.517,619.05,9.52012,8.13429,0.4914,0.419868,0.0,0,0.0034819168,0.3151717685,0.3239345377030681,Test
NUYNEC_clean,8.26029,6.82395,8.26029,1.01384,1779.3,1755.01,0.0,0.0,0.6224,0.613905,0.0,1,0.0017473709,0.1755272028,0.1765521735825815,Train
NUYQUU_clean,3.95153,3.47099,3.94298,2.33033,494.395,212.157,0.0,0.0,0.4774,0.204864,0.0,0,0.0029317403,0.2715914294,0.25428964442895413,Test
OBAFEF_clean,4.96935,4.01792,4.92296,2.37845,904.645,380.351,0.0,0.0,0.4776,0.200803,0.0,1,0.0007417742,0.074162853,0.07338315455719246,Train
OBAFOP_clean,5.00648,4.01028,4.65887,2.41546,964.282,399.213,0.0,0.0,0.4784,0.198058,0.0,1,0.0008983845,0.0864869075,0.08318641944901026,Test
OBAHIL_clean,8.44223,7.37969,8.44223,0.972998,1553.57,1596.68,0.0,0.0,0.603,0.619734,0.0,0,0.0034554642,0.3205999229,0.33260602468400424,Test
OBAHOR_clean,8.04827,7.09842,8.046,0.982079,1580.94,1609.79,0.0,0.0,0.5956,0.606469,0.0,0,0.0039026784,0.3599485772,0.3714112287008512,Test
OBAHUX_clean,8.31415,7.49178,8.31031,0.960232,1571.77,1636.87,0.0,0.0,0.605,0.630056,0.0,0,0.0032140615,0.3173239633,0.3089001036497692,Test
OBAJAF_clean,9.08651,7.73882,9.08617,0.939446,1595.74,1698.6,0.0,0.0,0.6188,0.658686,0.0,1,0.0032991714,0.3128053983,0.3114343775985087,Test
OBEDAA_charged,4.68867,3.83063,4.60079,1.17021,1077.32,920.621,0.0,0.0,0.5386,0.46026,0.0,0,0.0032619609,0.3064954943,0.30953706121720254,Train
OBEDEE_clean,5.83756,4.97252,5.83756,0.932431,2005.16,2150.46,0.0,0.0,0.6298,0.675439,0.0,1,0.0023940575,0.2433289924,0.238349606471375,Train
OBIBAF_clean,6.94508,5.04977,5.92375,0.848313,1610.41,1898.37,0.0,0.0,0.6028,0.710587,0.0,1,0.0036562291,0.3302431075,0.3506636763982549,Test
OBIBEJ_clean,8.27924,5.80407,6.33414,0.828843,1754.26,2116.52,0.0,0.0,0.601,0.725107,0.0,1,0.0028514544,0.2688775902,0.2747013885191863,Train
OBIBOT_clean,6.67176,5.057,6.67176,1.21046,1489.16,1230.24,0.0,0.0,0.5556,0.458998,0.0,1,0.0028605226,0.2720171703,0.27032962012280876,Train
OBODEQ_clean,5.13358,4.46715,5.12837,1.36036,1938.87,1425.26,0.0,0.0,0.5966,0.43856,0.0,1,0.002624774,0.2619872275,0.24804312099376663,Test
OBOGUK_clean,8.65239,7.8304,8.65239,0.77452,2430.14,3137.61,0.0,0.0,0.7298,0.942262,0.0,1,0.0025975868,0.2533114743,0.25877941300237917,Test
OBONUO_charged,8.62654,4.35866,8.61518,1.08466,1322.48,1219.26,0.0,0.0,0.5486,0.505779,0.0,1,0.0018105027,0.1772452379,0.17354271353108736,Test
OBUBOC_manual,8.45577,7.46863,8.45577,1.46042,1170.56,801.525,0.571901,0.391601,0.5536,0.37907,0.0,1,0.0005914844,0.0544858281,0.05937600448978392,Test
OBUFEX_clean,5.14759,4.35938,5.14759,1.09987,1567.25,1424.95,0.0,0.0,0.565,0.513698,0.0,0,0.0029233051,0.2839974061,0.2778573210283371,Test
OBUFIB_SL,4.69226,3.94966,4.47162,1.56841,881.672,562.145,0.0,0.0,0.426,0.271613,0.0,0,0.0017715801,0.1660691932,0.16953719089590566,Train
OCACUR_clean,5.50745,4.89061,5.44518,1.25128,1937.07,1548.08,0.0,0.0,0.5884,0.47024,0.0,1,0.0032572293,0.3193745439,0.3098423194068455,Test
OCAQOY_clean,4.53686,3.80641,4.53372,1.60935,541.33,336.366,0.0,0.0,0.3906,0.242707,0.0,1,0.0012728067,0.1217172457,0.11735381635242684,Train
OCOKUP_clean,5.00304,3.71484,4.99284,1.15999,792.721,683.386,0.0,0.0,0.474,0.408624,0.0,1,0.00311719,0.2831678451,0.2859291871992466,Test
OCUGEZ01_clean,5.7662,4.18465,5.76016,1.3013,1459.07,1121.24,0.0,0.0,0.5724,0.439868,0.0,1,0.0018458174,0.1789325406,0.17666046333881164,Test
OCUGEZ_clean,5.71674,4.14737,5.66007,1.32226,1442.09,1090.62,0.0,0.0,0.5748,0.43471,0.0,1,0.0018361837,0.1863312243,0.17493510651186972,Test
OCUMIL_clean,5.22769,3.7877,5.2092,1.25606,1523.79,1213.15,0.0455347,0.036252,0.5456,0.434374,0.0,1,0.0019018203,0.1874238465,0.1816283952358696,Test
OCUMOR_clean,5.32208,3.84167,5.31587,1.29298,1290.04,997.724,16.7653,12.9664,0.525,0.406038,0.0,1,0.0022303603,0.2165938299,0.2131619150953355,Train
OCUNAC_manual,36.1506,14.04664,36.1506,0.427517,1422.73,3327.89,0.0,0.0,0.8368,1.95735,0.0,1,0.002632005,0.2597549891,0.2592726669972413,Test
OCUNAE_clean,5.43724,3.65933,5.43724,1.22157,1397.41,1143.94,27.2256,22.2874,0.5506,0.450731,0.0,1,0.0019057804,0.1840498727,0.18303746319549086,Train
OCUPUY_clean,4.6531,4.04819,4.6531,1.52024,995.727,654.982,0.0,0.0,0.479,0.315083,0.0,1,0.0047796342,0.4337752489,0.4215523819252629,Test
OCURAG_clean,5.43063,3.42226,5.42822,1.47361,1201.66,815.454,0.0,0.0,0.519,0.352197,0.0,1,0.0028825031,0.2749222014,0.27246520495826365,Train
OCUSIP_clean,5.39686,4.96775,5.37929,1.58503,1157.95,730.556,0.0,0.0,0.5014,0.316334,0.0,1,0.0021330114,0.2062854924,0.2048722741285589,Test
OCUSOV_clean,4.91031,3.4317,4.90721,1.52702,1101.56,721.382,0.0,0.0,0.5004,0.327698,0.0,1,0.0035716908,0.3194287022,0.33288557718635425,Test
OCUSUB_clean,5.00781,3.40979,5.00781,1.50787,1123.4,745.023,0.0,0.0,0.5152,0.341674,0.0,1,0.00299158,0.2783791345,0.28384092830443475,Test
OCUTEM_clean,5.16189,3.4562,5.16189,1.4963,1173.27,784.115,0.0,0.0,0.5098,0.340707,0.0,1,0.0031634042,0.2999534335,0.29712426277535775,Test
OCUVUF_clean,7.8514,5.72034,7.7546,3.13958,1789.03,569.831,0.0,0.0,0.5542,0.176521,0.0,1,0.0002349672,0.0235918304,0.02408733481755848,Train
ODAHIK_charged,5.19645,3.68876,5.16301,1.07382,742.491,691.446,0.0,0.0,0.4792,0.446256,0.0,1,0.0024741625,0.2152035654,0.2280121878510719,Test
ODERIZ_clean,5.75405,4.36229,5.74596,1.52699,807.66,528.922,146.001,95.6134,0.5294,0.346694,0.0,1,0.0024900834,0.2265334161,0.2326375826246462,Test
ODEZAB_clean,11.63192,4.40592,11.61962,0.799101,2103.64,2632.5,6.44431,8.06445,0.6938,0.868225,0.0,1,0.0041850371,0.4104767737,0.39197102512779103,Test
ODIMAQ_clean,8.52073,7.26741,8.52073,1.44329,1085.87,752.358,0.0,0.0,0.5848,0.405186,0.0,1,0.0005913652,0.0544556908,0.05723172642707458,Train
ODIVUU_clean,8.59093,6.84892,8.59093,1.01269,1735.08,1713.33,0.0,0.0,0.6294,0.621511,0.0,1,0.0035765613,0.3443950841,0.3396130953628089,Test
ODIXEG_clean,10.36031,7.47097,10.26209,0.552173,2299.01,4163.57,0.0,0.0,0.7816,1.4155,0.0,1,0.0029240871,0.2862064255,0.28454064343174196,Test
ODODES_clean,6.13875,4.52515,6.13614,0.993468,1787.67,1799.42,0.0,0.0,0.5926,0.596497,0.0,1,0.0035360551,0.3368246728,0.3376357224175532,Test
ODODIW_clean,7.22618,4.59373,7.22618,0.965963,1948.86,2017.54,0.0,0.0,0.634,0.65634,0.0,1,0.0033205199,0.3347046476,0.3193590112799923,Test
ODODOC_clean,7.00262,4.84122,6.9907,1.05423,1743.61,1653.92,0.0,0.0,0.6044,0.57331,0.0,0,0.0025242864,0.2400068542,0.2507107222145894,Test
ODODUI_clean,11.00214,7.6444,10.86092,0.618366,2208.53,3571.55,0.0,0.0,0.7646,1.23648,0.0,1,0.002747742,0.2647289489,0.27290925509251324,Test
ODOMIF_clean,4.61212,3.63133,4.60194,1.07759,1653.01,1533.99,0.0,0.0,0.5582,0.51801,0.0,0,0.0057269252,0.5578299188,0.5430299967208687,Train
ODOXEK_clean,5.23174,4.24381,5.21951,1.86723,267.21,143.105,283.845,152.014,0.425,0.22761,0.0,0,0.004182596,0.3498656282,0.34334227995995836,Train
ODUNEH_clean,6.66002,5.04848,6.62254,0.964914,2093.57,2169.69,0.0,0.0,0.6352,0.658297,0.0,1,0.0033572918,0.3149856326,0.3234802531083099,Train
OFAWAV_clean,11.42925,8.90439,11.4135,0.968512,2176.57,2247.34,0.0,0.0,0.7636,0.788426,0.000206502,1,0.0013590913,0.1323639365,0.1334655241148165,Train
OFAWEZ_clean,10.66695,9.07717,10.66695,0.975199,2204.12,2260.18,0.0,0.0,0.7702,0.789787,0.0,1,0.0012992953,0.1334402638,0.12457352981820774,Test
OFEHAK_clean,6.57238,4.30728,6.57238,1.26099,1569.04,1244.3,0.0,0.0,0.577,0.457578,0.0,1,0.0026464119,0.2522722793,0.25326603457875363,Test
OFEREX_clean,6.99117,6.70761,6.99117,1.56791,1544.85,985.293,0.0,0.0,0.5694,0.363159,0.0,1,0.0027094611,0.2570100811,0.2550584505799488,Test
OFERUN06_clean,11.42842,3.43062,11.4146,0.893311,1495.78,1674.42,0.0,0.0,0.6708,0.750915,0.0,0,0.0011430246,0.1201931082,0.11838211985289918,Train
OFERUN_clean,11.51766,3.43919,11.48105,0.924676,1442.14,1559.62,0.0,0.0,0.6416,0.693865,0.0,0,0.0013933588,0.1426636694,0.13844323678339152,Train
OFESAU_clean,7.18693,4.9999,7.18693,1.91678,854.706,445.907,0.0,0.0,0.4402,0.229656,0.0,0,0.0013129057,0.1236013127,0.12157423252184807,Test
OFESEY_clean,7.30457,5.07688,7.30457,1.8342,871.652,475.221,0.0,0.0,0.451,0.245883,0.0,0,0.0013157675,0.125751822,0.12290583725938345,Train
OFESIC_clean,7.36476,5.0904,7.36476,1.82236,878.112,481.855,0.0,0.0,0.4554,0.249896,0.0,0,0.0013487918,0.1205206881,0.12812431040366073,Test
OFOCUI_clean,11.39371,7.77962,11.39371,0.789274,2336.11,2959.83,0.0,0.0,0.7236,0.916792,0.0,1,0.0026944125,0.2691209477,0.26382816670911124,Test
OFODET_clean,6.29959,4.57313,6.27845,1.15382,1340.43,1161.73,0.0,0.0,0.519,0.449811,0.0,1,0.0026735255,0.2713197755,0.2504731721733481,Test
OFUCAV_clean,4.37268,3.46007,4.37113,1.87575,696.078,371.093,0.0,0.0,0.4774,0.254512,0.0,1,0.0021157939,0.2043367655,0.20431785780239864,Test
OFUCEZ_clean,5.30083,4.49138,5.29823,1.50666,1791.35,1188.95,0.0,0.0,0.5642,0.374471,0.0,1,0.001784923,0.1661924012,0.17663087091642724,Test
OFUYUL_SL,6.56154,4.20373,6.56131,1.08955,1752.35,1608.33,0.0,0.0,0.6302,0.578404,0.0,0,0.0038650423,0.3859724843,0.3758011434997912,Train
OGAGAF_clean,4.92581,3.9125,4.92581,1.40546,832.759,592.516,0.0,0.0,0.5084,0.361731,0.0,0,0.0021924977,0.1924527341,0.20385264031278116,Train
OGAGEJ_clean,5.64492,5.21899,5.64485,1.05864,1853.73,1751.06,0.0,0.0,0.6242,0.589626,0.0,0,0.0027605023,0.2586607688,0.2699341007030923,Test
OGAGIN_clean,5.17696,3.68155,5.09885,1.45357,798.238,549.157,0.0,0.0,0.4912,0.337926,0.0,0,0.002358639,0.222774239,0.218272685391905,Train
OGAXUR_clean,6.21326,5.95602,6.21326,1.24359,1052.97,846.718,0.0,0.0,0.4942,0.397397,0.0,1,0.003109579,0.2898624352,0.29123231809004624,Test
OGEBAF01_clean,14.74547,10.54801,14.74547,0.504959,2054.21,4068.08,0.0,0.0,0.8166,1.61716,0.0,1,0.002442739,0.2505592932,0.24513346294223365,Test
OGECOU_clean,6.21029,5.96321,6.17894,1.2702,1037.22,816.577,0.0,0.0,0.4898,0.385607,0.0,1,0.0035678554,0.3130345652,0.32377484311761684,Test
OGIBOV_clean,4.29925,3.68277,4.29768,2.42877,736.158,303.099,0.0,0.0,0.457,0.188161,0.0,0,0.0492275191,1.6811397361,1.6788718554714217,Train
OGIBUD_clean,6.49659,4.27127,6.49659,1.11792,1777.29,1589.82,0.0,0.0,0.603,0.539397,0.0,0,0.0041442984,0.3893373524,0.3979365702257569,Test
OGIKAR_clean,10.46212,5.43474,8.12198,0.950984,1724.97,1813.88,0.0,0.0,0.622,0.654059,0.0,1,0.0031236993,0.296336441,0.3008891971900222,Train
OGIYOT_charged,9.60009,8.6886,9.60009,1.09617,1167.18,1064.78,32.3905,29.5489,0.568,0.51817,0.0,0,0.0030171894,0.2733860618,0.2797850820681983,Test
OGIYUZ_clean,9.8373,8.87116,9.8373,1.07364,1299.27,1210.15,0.0,0.0,0.577,0.537422,0.0,0,0.0029434796,0.2733070176,0.27471198622402476,Train
OGOJOJ_charged,6.48122,4.02381,6.42493,1.42933,545.366,381.553,0.0,0.0,0.4802,0.335961,0.0,1,0.0004869012,0.0468449622,0.046933274549758625,Train
OGOWAJ_clean,7.34237,6.24854,7.34237,0.908904,1684.85,1853.71,0.0,0.0,0.611,0.672238,0.0,0,0.0030860917,0.2947512541,0.3020311882556363,Train
OGUJIL_clean,4.11991,3.42248,4.10899,1.27165,539.273,424.075,0.0,0.0,0.4916,0.386586,0.0,0,0.0018015949,0.1846620682,0.17346604113697575,Test
OGUPIQ_clean,5.83455,3.53797,5.83455,1.63754,706.847,431.65,0.0,0.0,0.4298,0.262466,0.0,1,0.0026998413,0.2489484898,0.23597288042296988,Test
OGURAK_charged,9.48905,5.22989,9.11458,0.968985,1939.23,2001.3,0.0,0.0,0.6678,0.689174,0.0,1,0.0035430402,0.3518448586,0.3330133080564813,Test
OHAKEO_clean,5.91842,4.8868,5.91143,1.15127,1254.68,1089.81,0.0,0.0,0.543,0.471652,0.0,0,0.0045228738,0.4079574345,0.4064539612542972,Test
OHAKIS_clean,5.22451,4.43244,5.1107,1.2284,1098.1,893.932,0.0,0.0,0.5162,0.420223,0.0,0,0.0062498475,0.5533281822,0.5267746483054241,Test
OHIHET_clean,4.30684,3.71246,4.30684,1.30435,366.699,281.135,0.0,0.0,0.4222,0.323685,0.0,0,0.0027088637,0.2349596331,0.2335164632181334,Train
OHOMIH_clean,4.60907,4.30122,4.60907,1.97594,752.524,380.843,0.0,0.0,0.396,0.200411,0.0,1,0.0026835876,0.2442553854,0.2272834799169782,Test
OHUMEL_clean,14.09837,12.86508,14.09837,0.808879,1803.58,2229.73,0.123257,0.15238,0.8014,0.990754,0.0,1,0.0010024905,0.0968840513,0.09872406409926293,Train
OJAZOP_clean,4.82674,3.80884,4.82333,2.14546,1510.62,704.1,0.00634264,0.00295631,0.5202,0.242465,0.0,1,0.0009706518,0.0927185585,0.10280672833306367,Test
OJICEQ_charged,11.96892,11.06718,11.96892,0.836902,1379.64,1648.51,0.0,0.0,0.6404,0.765203,0.0,1,0.0021608323,0.219358385,0.21430580682801442,Test
OJICUG_clean,8.60682,7.88912,8.60682,0.689805,2294.5,3326.3,0.0,0.0,0.734,1.06407,0.0,1,0.0025749637,0.2383444704,0.25324904254041286,Test
OJIDAN_clean,19.79872,19.3368,19.78262,0.704653,1186.45,1683.74,21.5807,30.626,0.6956,0.987152,0.0,1,0.0018127858,0.1811888616,0.17358522520708655,Test
OJIWAG_clean,5.38643,4.20657,5.38643,1.10966,1491.09,1343.75,0.0,0.0,0.561,0.505563,0.0,1,0.0042623713,0.4015743642,0.4021570971458855,Train
OJIWIO_clean,4.64307,3.99735,4.61496,1.33375,842.543,631.712,0.0,0.0,0.4524,0.339195,0.0,1,0.0031365178,0.2866755136,0.2906016953977324,Train
OJONOQ_clean,6.43933,5.37715,5.61608,1.49915,1863.16,1242.81,0.0,0.0,0.6578,0.438781,0.0,1,0.0007065386,0.0676623861,0.06993337428783156,Train
OJORUC_clean,8.31671,3.81807,7.2234,0.868373,1910.02,2199.54,0.0,0.0,0.6578,0.757508,0.0,1,0.0048235859,0.4644477696,0.4488848859075687,Test
OKABAE_clean,14.07417,9.53484,14.07417,0.650845,2097.18,3222.24,0.0,0.0,0.77,1.18308,0.0,1,0.0025787883,0.2558776667,0.2521838312259045,Train
OKABEI_clean,13.86987,9.42284,13.86987,0.653017,2127.67,3258.22,0.0,0.0,0.7686,1.177,0.0,1,0.0028021114,0.268656857,0.2770440316160779,Train
OKAYAC_clean,4.90891,3.57241,4.90749,1.56645,415.712,265.385,0.0,0.0,0.3406,0.217434,0.0,0,0.0083308391,0.5416759573,0.5361280497309961,Train
OKAYEG_clean,4.8581,3.49488,4.85158,1.57533,393.933,250.064,0.0,0.0,0.3384,0.214812,0.0,0,0.0086010721,0.5630687293,0.5667859631595311,Train
OKAYOQ_clean,4.43848,3.73339,4.16809,1.19153,558.623,468.829,0.0,0.0,0.4514,0.378841,0.0,0,0.0047584692,0.4218904385,0.4183472542602877,Test
OKAYUW_clean,4.44294,3.73093,4.20318,1.19551,569.391,476.274,0.0,0.0,0.4482,0.374902,0.0,0,0.0049051343,0.4424398549,0.43590299139856314,Test
OKAZAD_clean,4.45701,3.77862,4.21772,1.1891,589.131,495.442,0.0,0.0,0.453,0.38096,0.0,0,0.0051030158,0.4396648573,0.45301715302030554,Test
OKELOH_clean,4.42328,3.40802,4.39617,0.903668,1931.69,2137.61,0.0,0.0,0.6342,0.701806,0.0,1,0.0030600601,0.322675993,0.3060490409515195,Test
OKIJUO_charged,4.87708,4.03642,4.75358,1.10443,1426.24,1291.38,0.0,0.0,0.5616,0.508498,0.0,1,0.0027965454,0.2699839392,0.27293068987367863,Train
OKIKAV_charged,4.97826,4.06942,4.94845,1.10853,1482.04,1336.94,1.08056,0.974766,0.572,0.515998,0.0,1,0.0032046245,0.3152521358,0.307369599922869,Test
OKIKEZ_charged,5.08981,4.22613,5.08052,1.20557,1212.32,1005.6,0.0,0.0,0.5372,0.445598,0.0,1,0.0029051237,0.2688147654,0.27283053766644727,Test
OKILEA_clean,6.35409,4.27067,6.35409,1.16036,1077.85,928.894,0.0,0.0,0.549,0.473129,0.0,1,0.0012258472,0.114079572,0.12083603854507993,Train
OKIQEG_clean,5.32479,3.99481,5.32479,1.53026,921.294,602.05,0.0,0.0,0.486,0.317592,0.0,0,0.0027628512,0.2561804795,0.25392993189986246,Test
OKITAE_clean,4.44244,4.08974,4.44244,2.43122,732.513,301.295,0.0,0.0,0.4692,0.19299,0.0,1,0.0016888282,0.1517866817,0.1570846146025008,Test
OKITIM01_charged,5.14979,4.19464,5.14143,1.33255,758.767,569.409,0.0,0.0,0.4472,0.335597,0.0,0,0.0045664952,0.3918044292,0.39380334210208434,Train
OKITIM02_charged,5.18004,4.21896,5.17138,1.32716,773.992,583.195,0.0,0.0,0.4494,0.338619,0.0,0,0.00448352,0.3863824314,0.3875727658324563,Train
OKITIM_charged,5.14144,4.17617,5.14144,1.21667,978.637,804.355,0.0,0.0,0.4798,0.394354,0.0,0,0.0043093951,0.4092729164,0.3961122948158445,Train
OKIVAG01_charged,5.21651,4.26413,5.21651,1.30724,781.368,597.724,0.0,0.0,0.4546,0.347756,0.0,0,0.0044477549,0.3754611832,0.389366430073282,Test
OKIVAG_charged,5.18944,4.24053,5.18944,1.30519,783.346,600.176,0.0,0.0,0.4544,0.348148,0.0,0,0.0040958257,0.3621951713,0.3669116476061649,Test
OKIVIO01_charged,5.17671,4.20625,5.168,1.3234,781.606,590.603,0.0,0.0,0.4572,0.345473,0.0,0,0.0045135628,0.3887071666,0.38917790521386075,Test
OKIVIO02_charged,5.18455,4.19232,5.17544,1.32508,780.817,589.262,0.0,0.0,0.4562,0.344282,0.0,0,0.004516424,0.3934882527,0.38927838528933817,Train
OKIVIO_charged,5.21198,4.21182,5.20304,1.3182,795.322,603.339,0.0,0.0,0.4582,0.347595,0.0,0,0.0044892425,0.3840691411,0.38944592688161445,Test
OKIVUA_clean,5.10253,4.2044,5.09658,1.08974,982.283,901.395,83.5631,76.6819,0.5216,0.478648,0.0,0,0.0047087004,0.4103041228,0.41407235433726963,Train
OKIWEL01_charged,5.19278,4.23494,5.18611,1.31978,771.986,584.935,0.0,0.0,0.4382,0.332025,0.0,0,0.0043976837,0.3828845991,0.38611880746271904,Train
OKIWEL02_charged,5.11048,4.1838,5.11048,1.33097,743.937,558.942,0.0,0.0,0.4368,0.328181,0.0,0,0.0043933918,0.3782437124,0.3830038651843769,Test
OKIWEL_charged,5.18183,4.22957,5.18183,1.32225,773.764,585.188,0.0,0.0,0.4376,0.330951,0.0,0,0.0044105591,0.3906341933,0.3864434547493876,Train
OKIWUB01_charged,5.13643,4.14989,5.12483,1.20422,912.157,757.464,0.0,0.0,0.4898,0.406735,0.0,0,0.0038655494,0.3537339738,0.3524813600088726,Train
OKIWUB02_clean,5.03837,4.11286,5.03612,1.09856,959.969,873.844,73.9627,67.327,0.5172,0.470799,0.0,0,0.0040475233,0.391612751,0.35839070948668067,Test
OKIWUB_charged,5.12951,4.16078,5.11762,1.20914,911.345,753.713,0.0,0.0,0.4896,0.404916,0.0,0,0.0038986018,0.3589767039,0.35230518423950374,Test
OKIXIQ01_charged,5.10846,4.1448,5.09395,1.20766,897.626,743.279,0.0,0.0,0.4832,0.400114,0.0,0,0.0039426716,0.3689349007,0.3587051606096556,Train
OKIXIQ02_charged,5.11945,4.15972,5.10982,1.20367,899.993,747.71,0.0,0.0,0.4862,0.403933,0.0,0,0.0041992206,0.3671925704,0.3825120441655792,Test
OKIXIQ_charged,5.11629,4.16408,5.11629,1.20453,866.775,719.596,22.256,18.4769,0.485,0.402647,0.0,0,0.0039788717,0.3604829461,0.3559386766354409,Train
OKIYAJ01_clean,5.18521,4.2274,5.17492,1.07871,1159.33,1074.74,0.0,0.0,0.5252,0.486877,0.0,0,0.0042364311,0.4076874007,0.3963063228463397,Test
OKIYAJ_charged,5.06142,4.15589,5.06142,1.33775,713.92,533.673,0.0,0.0,0.4412,0.329808,0.0,0,0.0039599181,0.3547288373,0.34419308195349346,Train
OKIYIR01_charged,5.07722,4.14733,5.07722,1.20629,854.825,708.639,44.8446,37.1756,0.4822,0.399737,0.0,0,0.0041032115,0.373140417,0.3720745136481903,Train
OKIYIR02_charged,5.06728,4.13768,5.06623,1.32981,761.127,572.359,0.0,0.0,0.4418,0.332228,0.0,0,0.0042732209,0.3744454528,0.3731328422202772,Test
OKIYIR03_charged,5.07375,4.15333,5.07189,1.32574,760.582,573.704,0.0,0.0,0.4398,0.33174,0.0,0,0.0042760821,0.3658146052,0.37318555810112103,Train
OKIYIR_charged,5.07705,4.14844,5.06757,1.32658,763.041,575.194,0.0,0.0,0.441,0.332434,0.0,0,0.0043046942,0.3726357359,0.37641373754946417,Test
OKOSUE_clean,8.8545,8.04507,8.8545,0.943263,2011.47,2132.46,0.0,0.0,0.6862,0.727475,0.0,1,0.0023193615,0.2292649921,0.23180421374494095,Train
OKUKOW_clean,10.73228,5.84434,10.36712,0.736536,2434.56,3305.42,0.0,0.0,0.7384,1.00253,0.0,1,0.0030831904,0.3056526635,0.30426255665147994,Test
OKUSUK_clean,24.78598,13.19796,24.78598,0.313235,1548.59,4943.87,0.0,0.0,0.8766,2.79854,0.0,1,0.00284977,0.2939569655,0.28311886946654435,Test
OKUTAR_clean,10.98199,6.35591,10.98199,0.660572,2299.33,3480.81,0.0,0.0,0.7416,1.12266,0.0,1,0.0029880051,0.2916415273,0.2922559536834941,Test
OKUTEV_clean,23.06458,12.98274,23.06458,0.330655,1597.33,4830.79,0.0,0.0,0.865,2.61602,0.0,1,0.0029933218,0.2949006859,0.2949099160693536,Test
OLAGIR_clean,5.85131,3.81671,5.85131,1.37856,1640.47,1189.99,0.0,0.0,0.6336,0.459611,0.0,0,0.0038832197,0.355104775,0.36422382487371113,Train
OLANAS_clean,8.02314,6.05017,8.02314,1.20795,1391.88,1152.26,0.0,0.0,0.562,0.46525,0.0,1,0.0014171152,0.1398442815,0.14087323837189097,Train
OLANEW_clean,6.98637,4.05835,6.98637,1.31839,1367.83,1037.5,0.0,0.0,0.5798,0.439778,0.0,1,0.0012626513,0.1290497476,0.12630603513510408,Test
OLAQOI_clean,9.42311,9.23332,9.42311,1.32858,853.13,642.139,2.75819,2.07605,0.5142,0.387031,0.0,1,0.0004825444,0.0432531276,0.04659977326887729,Train
OLEKUM_manual,6.88265,5.7276,6.86806,1.02354,1835.21,1793.0,0.0,0.0,0.6172,0.603003,0.0,1,0.0025586173,0.2471500946,0.25144458456913305,Test
OLICIX_clean,16.1602,9.89287,16.13331,0.719139,1270.58,1766.81,424.686,590.547,0.722,1.00398,0.0,1,0.0034636242,0.3385917644,0.32151348770211713,Test
OLOGEC_clean,13.04043,10.53518,13.0319,0.526318,2030.14,3857.25,0.0,0.0,0.8106,1.54013,0.0,1,0.0026113025,0.2515967009,0.2587300545062252,Train
OLOPEM_clean,4.92877,3.82035,4.91547,1.17415,717.6,611.164,177.099,150.831,0.512,0.436059,0.0,0,0.0056852668,0.4548009616,0.46439174867594524,Train
OLOYOF_clean,10.67083,6.6024,10.66881,0.812728,2368.58,2914.35,0.0,0.0,0.7332,0.902146,0.0,1,0.0032854303,0.3201882418,0.3124764427599807,Test
OLUCAZ_clean,5.7945,5.1746,5.79081,1.16161,989.952,852.226,0.0,0.0,0.5026,0.432676,0.0,1,0.0016488431,0.1499437726,0.1517355652144515,Test
OLUROC_clean,5.45136,3.48672,5.44746,1.49162,882.297,591.504,0.0,0.0,0.5148,0.345129,0.0,0,0.0087791927,0.7358116217,0.7261286281445254,Train
OLURUI01_charged,5.46784,3.47093,5.34568,1.49665,885.367,591.567,0.0,0.0,0.5054,0.337688,0.0,0,0.0091706909,0.7313326954,0.747929689602562,Train
OLURUI_charged,5.43214,3.46686,5.42609,1.4903,875.604,587.534,0.0,0.0,0.4958,0.332684,0.0,0,0.0080552317,0.6728705117,0.6581560237057223,Train
om701262m-file004_clean,7.38904,5.39567,7.38902,1.09901,1620.41,1474.43,0.0,0.0,0.5644,0.513555,0.0,1,0.0026905511,0.2555534773,0.2557275607455922,Test
OMAMEU_clean,5.49135,3.67927,5.48307,2.05035,939.573,458.25,0.0,0.0,0.5336,0.260248,0.0,1,0.0044008404,0.3658076239,0.3854235367863154,Test
OMIMEE_clean,16.54568,6.7257,16.54568,0.768319,2276.49,2962.95,0.0,0.0,0.7618,0.991516,0.0,1,0.0019916436,0.2058920962,0.2005187702942825,Train
OMIPAD_clean,5.24341,3.62169,5.16602,1.1791,539.772,457.781,0.0,0.0,0.4566,0.387243,0.0,0,0.0053802594,0.4229006061,0.43142062064501446,Train
OMIPEH_clean,21.73136,7.72557,21.69935,0.65885,2065.52,3135.04,0.0,0.0,0.8104,1.23002,0.0,1,0.0021445315,0.2083604989,0.21507009706571953,Test
OMITUB_clean,21.96656,7.7864,21.95556,0.652675,2053.5,3146.28,0.0,0.0,0.8126,1.24503,0.0,1,0.0021502617,0.2105694953,0.2151360981574248,Train
OMOVET_clean,6.41327,4.65956,6.41327,1.12783,2048.27,1816.12,0.0,0.0,0.6196,0.549375,0.0,1,0.0040047572,0.3917457271,0.3754284587766198,Test
OMUSAS_clean,18.71438,16.17316,18.71102,0.318003,1216.14,3824.31,0.0,0.0,0.8696,2.73457,0.0,1,0.0017820019,0.1924562099,0.18542603570877042,Train
ONEJUN_clean,5.6787,4.73551,5.6787,3.33073,1808.25,542.898,0.0,0.0,0.5352,0.160685,0.0,1,0.0002781453,0.0266937184,0.027967870521175497,Train
ONEYOW_clean,8.70869,7.89064,8.69934,0.794155,1863.49,2346.5,0.0,0.0,0.6608,0.83208,0.0,1,0.0023231423,0.2216818757,0.2331839202988825,Test
ONUKAL_clean,5.66391,3.7745,5.54501,1.39723,1126.09,805.946,11.0536,7.91109,0.5124,0.366727,0.0,1,0.0068190301,0.5599094218,0.5592448623165712,Train
ONUQOE_clean,5.78941,4.64204,5.78941,1.32315,1185.02,895.611,0.0,0.0,0.5286,0.399503,0.0,0,0.0038416487,0.3409079036,0.35026497577480886,Train
OPAGIX_clean,11.70127,10.88776,11.68193,0.905898,1551.84,1713.04,0.0,0.0,0.6624,0.731208,0.0,1,0.0028474968,0.2791336561,0.27560697335821754,Train
OPAMOI_clean,4.34496,3.46478,4.34496,1.66467,999.374,600.345,0.0,0.0,0.5336,0.320544,0.0,1,0.0022054523,0.2138669516,0.20954859609118603,Test
OPENUT_clean,7.63636,6.82671,7.63251,1.41267,1546.48,1094.72,0.0,0.0,0.5554,0.393156,0.0,1,0.0013323765,0.1397013441,0.13110539557268702,Test
OPIFUQ_clean,17.9991,10.13495,17.99088,0.790446,1197.42,1514.86,384.276,486.151,0.722,0.913408,0.0,1,0.0036563934,0.3359098183,0.32759468154448945,Train
OPINIL_clean,4.65675,3.54009,4.3607,1.69641,1183.53,697.671,0.0,0.0,0.533,0.314194,0.0,1,0.0003958678,0.0395574585,0.038726785917512635,Train
OPIPUZ_clean,4.1797,3.40347,4.03039,1.43766,625.591,435.146,0.0,0.0,0.4234,0.294507,0.0,0,0.0020546172,0.193305698,0.19153433159447564,Train
OPIWEQ_clean,4.3926,3.70955,4.3926,1.4951,548.278,366.717,0.0,0.0,0.4282,0.286403,0.0,0,0.0039920304,0.3484453946,0.34504468294127716,Test
OPIXUI_clean,8.41938,5.49258,8.39031,1.03412,1914.8,1851.63,0.0,0.0,0.6428,0.621591,0.0,1,0.001753344,0.1762222677,0.17775571166365015,Test
OPIYAP_clean,5.9608,4.59988,5.87453,1.18841,1751.48,1473.8,0.0,0.0,0.5816,0.489391,0.0,1,0.0029588338,0.2820278126,0.2828056039930015,Train
OPOBIF_clean,6.22483,5.35278,6.22483,1.6905,347.831,205.756,0.0,0.0,0.3994,0.236261,0.0,1,0.0009151094,0.0807227167,0.08369363336869826,Test
OPOZEZ_clean,7.29162,6.03013,7.28839,1.13101,1136.3,1004.68,0.0,0.0,0.5256,0.464718,0.0,0,0.0017104202,0.1746494507,0.16520992458420447,Test
OPUDOT_clean,4.54754,3.94914,4.54754,2.40444,540.357,224.733,0.0,0.0,0.4012,0.166858,0.0,1,0.0040574302,0.3040703375,0.32950749313071875,Test
OQANIE_clean,7.73235,4.1602,7.73235,1.08482,1352.95,1247.16,189.787,174.948,0.5938,0.547371,0.0,1,0.0056876811,0.4591338556,0.5098276220703375,Test
OQEPUW_clean,5.11656,4.82152,5.08524,1.96915,768.393,390.215,0.0,0.0,0.4116,0.209024,0.0,1,0.0016440868,0.1534936717,0.14687736633871395,Train
OQEROS_clean,5.47906,4.59982,5.42309,1.16864,1289.46,1103.39,0.0,0.0,0.5586,0.477993,0.0,1,0.0047777839,0.429475454,0.4311877719519388,Train
OQERUY_clean,5.44049,4.47163,5.40893,1.18349,1270.62,1073.62,0.0,0.0,0.5504,0.465066,0.0,1,0.0048457563,0.4358347633,0.4369032211807339,Train
OQESAF_clean,5.40051,4.82483,5.39518,1.19788,1160.82,969.063,0.0,0.0,0.5318,0.443952,0.0,1,0.0047798594,0.430886789,0.43032528085694327,Test
OQESEJ_clean,5.44129,4.56082,5.37025,1.17091,1266.4,1081.56,0.0,0.0,0.5586,0.477065,0.0,1,0.0046470279,0.4232925616,0.4221840019313706,Train
OQETEK_clean,9.22928,8.86311,9.22928,0.986231,2193.64,2224.27,0.0,0.0,0.7092,0.719101,0.0,1,0.0025719136,0.238160568,0.24915969783538983,Train
OQIQEM_clean,5.45055,4.49489,5.37157,1.84745,1087.67,588.74,0.0,0.0,0.4966,0.268803,0.0,1,0.0036494707,0.3221419194,0.32210383073451393,Train
OQIQIQ_clean,5.6202,4.58328,5.56734,1.81543,1128.03,621.358,0.0,0.0,0.505,0.278171,0.0,1,0.0035381934,0.3243611103,0.31742995238256827,Test
OQIQOW_clean,5.63723,4.61311,5.63723,1.46954,1129.77,768.793,0.0,0.0,0.507,0.345006,0.0,1,0.0049477062,0.4298117287,0.4318884935470185,Test
OQIQUB01_charged,7.44171,4.59837,7.44171,1.09914,764.422,695.474,149.201,135.744,0.5288,0.481105,0.0,1,0.0021836191,0.2091534329,0.20598687208774394,Test
OQIQUB_charged,6.32359,4.88882,6.26623,1.12593,746.44,662.956,2.0438,1.81522,0.5018,0.445677,0.0,1,0.0013590138,0.128327324,0.127651167577943,Test
OQIRAI_charged,6.0002,4.66146,6.0002,1.44047,626.071,434.631,18.4523,12.8099,0.4832,0.335447,0.0,1,0.0007271184,0.072038084,0.06681358207945551,Test
OQIZUL_clean,13.227,6.74608,13.21397,0.868865,2105.53,2423.31,0.0,0.0,0.7146,0.822452,0.0,1,0.0033297341,0.2946982603,0.30613593306978704,Test
OQOJUB_clean,5.19109,4.86993,5.18739,1.04071,742.936,713.872,0.0,0.0,0.4654,0.447194,0.0,0,0.0021439749,0.2069863392,0.20274657595368184,Test
OQUCOU_clean,8.09828,4.42359,8.09828,0.85933,2801.31,3259.88,0.0,0.0,0.697,0.811097,0.0,1,0.0022185372,0.2274831266,0.22113580538077757,Test
OQUFAJ04_clean,10.98593,10.0178,10.98593,1.04962,2124.9,2024.45,7.18544,6.84576,0.6738,0.641947,0.000381091,1,0.0020378863,0.2029401727,0.20318468106312845,Train
OQUFAJ_clean,11.24927,10.05552,11.24927,1.02086,2177.77,2133.26,0.0,0.0,0.6808,0.666886,0.000195912,1,0.0020823617,0.2032241311,0.20595654770959437,Train
OQUWUU_clean,7.2326,3.56865,7.1357,2.62668,817.31,311.158,0.924344,0.351906,0.4758,0.181141,0.0,1,0.0003827177,0.0398318209,0.03942405188231157,Train
OQUXAB_clean,5.25424,3.9856,4.37611,3.15937,963.013,304.812,0.0,0.0,0.479,0.151613,6.33e-05,1,0.0007515616,0.0690348834,0.06977996629773073,Test
OQUXEF_clean,5.15601,3.95885,4.51563,3.15796,940.396,297.786,0.0,0.0,0.4776,0.151237,0.0,1,0.0006977641,0.0672366762,0.06632412058759929,Test
OQUXIJ_clean,5.10257,3.94634,4.56846,3.16115,912.504,288.662,0.0,0.0,0.4752,0.150325,0.0,1,0.000719381,0.0673126441,0.06661118781069103,Train
OQUZIL_clean,5.18347,3.94031,4.38977,3.26699,933.452,285.723,0.0,0.0,0.4852,0.148516,6.12e-05,1,0.0007193639,0.0680381476,0.06815565138584162,Train
ORAGEU_clean,5.42971,4.14733,5.42971,3.26052,599.199,183.774,0.0,0.0,0.4338,0.133046,0.0,1,0.00013209,0.0140434097,0.014502160006721887,Train
ORAGOF_clean,11.1071,8.37381,11.01802,1.02581,1703.75,1660.88,0.0,0.0,0.6588,0.642222,0.0,1,0.0014915694,0.145491256,0.14690987835178992,Test
ORAQUU_clean,8.39177,4.98086,8.38728,0.858283,1785.46,2080.27,0.0,0.0,0.5764,0.671573,0.0,1,0.0037188796,0.3500108244,0.35337197212217997,Test
OREZES_clean,6.24665,4.6565,6.24665,1.39534,1020.81,731.587,0.0,0.0,0.5102,0.365646,0.0,1,0.0003493914,0.0378044239,0.03752012272567856,Train
ORIBAU_clean,6.79191,5.8597,6.78824,0.948194,2192.57,2312.36,0.0,0.0,0.6432,0.678343,0.0,0,0.0030809459,0.2978964396,0.30080666178797016,Test
ORIVOC_clean,11.63735,10.86073,11.63667,1.22977,1588.45,1291.67,0.0,0.0,0.669,0.544005,0.0,1,0.0018680062,0.1884625859,0.18343510193520207,Train
ORIVUI_clean,11.75163,10.98212,11.75156,1.19791,1581.46,1320.18,0.0,0.0,0.6576,0.548955,0.0,1,0.0019984917,0.1886965013,0.19659152472769373,Test
ORIWAP_clean,11.38312,11.03917,11.38312,1.17282,1538.11,1311.46,0.0,0.0,0.6442,0.549274,0.0,1,0.001774596,0.1802376933,0.17941452616029796,Train
ORIWET_clean,11.42805,11.05994,11.42805,1.09099,1549.25,1420.05,0.0,0.0,0.6484,0.594324,0.0,1,0.0016000988,0.1618795539,0.1589151797595707,Test
OROKEN_clean,5.0644,3.74541,5.02547,1.65088,1835.83,1112.03,0.0,0.0,0.5786,0.350479,0.0,1,0.0010917726,0.1096821276,0.10943314369270776,Test
OROLUD_clean,4.90586,4.18695,4.898,1.66342,1280.2,769.617,0.0,0.0,0.5884,0.353728,0.0,0,0.0031523712,0.2932431776,0.2929000714643292,Test
ORUKET_clean,11.72853,7.7572,11.72853,0.760878,1856.28,2439.65,0.0,0.0,0.6772,0.890024,0.0,1,0.0024860081,0.2523140127,0.24849956775366347,Test
ORUKOD_clean,4.98278,3.59875,4.86135,1.67769,666.045,397.001,0.0,0.0,0.4328,0.257974,0.0,1,0.0028655227,0.2449345849,0.2533977635567328,Test
ORULEU_clean,5.09262,3.5697,5.08241,1.45149,909.467,626.575,0.0,0.0,0.458,0.315538,0.0,1,0.0038263284,0.3579014527,0.341428986260979,Test
OSAVEK_clean,5.46185,5.06196,5.40742,0.991485,1397.48,1409.49,0.0,0.0,0.5638,0.568642,0.0,1,0.002866973,0.2728174824,0.2722770632103057,Train
OSAVUA_clean,5.76863,5.59566,5.76863,0.884314,1778.32,2010.97,0.0,0.0,0.631,0.713547,0.0,1,0.0029548688,0.2887715333,0.2877267123543296,Train
OSAWEL_clean,5.275,4.57502,5.23103,1.20581,1256.21,1041.8,0.0,0.0,0.5198,0.43108,0.0,1,0.0058325581,0.5144316269,0.5126119945152632,Test
OSIKIL_clean,8.13936,7.62995,8.13936,1.21532,2049.41,1686.32,0.0,0.0,0.6656,0.547676,0.0,0,0.0018274963,0.1848753469,0.18068482691013346,Test
OSIKUX_clean_h,7.70472,6.98844,7.7017,1.09814,1952.99,1778.44,0.770215,0.701379,0.6478,0.589904,0.0,1,0.0020459946,0.2058972282,0.2057224125577526,Test
OSILOS_charged,4.79761,4.69593,4.79573,1.75408,479.152,273.164,0.0,0.0,0.3838,0.218804,0.0,1,0.0018980134,0.1664397561,0.165775713147001,Test
OSIWUJ_clean,4.71118,4.05137,4.70087,1.96063,444.374,226.648,0.0,0.0,0.4546,0.231864,0.0,1,0.0010054601,0.0912744419,0.09371977328071707,Train
OSIXEU_clean,4.48519,3.90629,4.42091,1.97236,391.928,198.71,0.0,0.0,0.4512,0.228762,0.0,1,0.0009112691,0.0922980592,0.08757348090562136,Train
OSIXIY_clean,4.45544,3.93912,4.44865,1.99203,383.618,192.577,0.0,0.0,0.4342,0.217969,0.0,1,0.0009234686,0.0940559122,0.0863202921976724,Test
OSOTUN_clean,6.5088,4.06646,6.48701,1.06518,1477.94,1387.5,25.9444,24.3569,0.587,0.551081,0.0,1,0.005660156,0.5309269673,0.5181853884746908,Train
OSUVIJ_clean,5.66016,4.49241,5.58709,1.27175,1400.18,1100.98,0.0,0.0,0.5626,0.442381,0.0,1,0.0021538037,0.2093680769,0.21170194104004175,Test
OSUWEF_clean,5.4068,4.18826,5.4054,1.41887,599.478,422.503,0.0,0.0,0.4032,0.28417,0.0,1,0.0069094457,0.5278403298,0.523405830931969,Train
OTABES_clean,7.63161,5.91717,6.56997,0.849248,2347.96,2764.75,0.0,0.0,0.6812,0.802122,0.0,0,0.0047845405,0.4803281187,0.4613204058915269,Test
OTALUS_clean,12.67704,9.31362,12.67704,0.655199,1619.49,2471.76,0.0,0.0,0.7266,1.10898,0.0,1,0.0016449455,0.1565016638,0.16021425804865064,Train
OTAQAD_clean,7.25379,5.92825,6.48374,0.846977,2257.66,2665.55,0.0,0.0,0.6554,0.773811,0.0,0,0.0054078279,0.4978554763,0.5105958407393776,Test
OTATOT_clean,5.58723,4.86765,5.58723,1.11303,1703.16,1530.2,0.0,0.0,0.5774,0.518764,0.0,0,0.0014352316,0.140511295,0.14262049375063565,Test
OTAVAH_clean,5.59343,4.88116,5.59343,1.10464,1681.99,1522.66,0.0,0.0,0.5666,0.512927,0.0,0,0.0014145022,0.1389172372,0.14164064397350903,Test
OTAVOV_clean,5.7034,4.97261,5.54406,1.0469,1728.96,1651.5,0.0,0.0,0.5858,0.559554,0.0,0,0.0014692341,0.1467605721,0.14608902617191646,Test
OTAVUB_clean,5.619,4.89691,5.42117,1.09458,1697.03,1550.39,0.0,0.0,0.5796,0.529517,0.0,0,0.0014040929,0.1409673515,0.14177548374840376,Test
OTAWIR_clean,8.76686,5.54904,8.76285,0.758956,2118.77,2791.7,0.0,0.0,0.6858,0.90361,0.0,1,0.0048414461,0.4703429789,0.4534417755242619,Train
OTECAT_clean,10.77761,8.01894,10.77717,0.584808,2035.46,3480.57,0.0,0.0,0.7422,1.26913,0.0,1,0.0028288575,0.3037194372,0.27906101797031396,Test
OTEGUR_clean,7.28809,7.1769,7.28809,1.35972,1613.99,1187.0,0.0,0.0,0.5986,0.440239,0.0,0,0.0050823731,0.4819883909,0.4889104044593418,Train
OTEHAY_clean,7.22049,7.09442,7.20844,1.32207,1634.16,1236.06,0.0,0.0,0.6156,0.465632,0.0,0,0.004213531,0.4253511877,0.4203316211188536,Train
OTIBUQ_clean,7.49622,5.20769,7.4368,0.82052,1944.83,2370.25,0.0,0.0,0.6366,0.775849,0.0,0,0.0099117468,0.8160196321,0.8294329114307365,Train
OTIJAE_clean,7.04903,4.97186,7.04895,1.01719,2261.56,2223.34,0.0,0.0,0.6676,0.65632,0.0,0,0.0015365925,0.1511444274,0.15569612486085854,Test
OTIPAK_clean,5.73499,5.10341,5.72616,1.20537,1243.12,1031.31,0.0,0.0,0.5414,0.449155,0.0,0,0.0063334757,0.5343987673,0.5491330235802485,Train
OTIPEO_clean,5.44422,3.64653,5.43023,1.30852,1112.97,850.554,0.0,0.0,0.552,0.421851,0.0,1,0.0059471243,0.5258823496,0.5234811403062176,Train
OTIPUE_clean,4.56896,3.82437,4.54982,1.42368,625.25,439.178,0.0,0.0,0.419,0.294307,0.0,0,0.0044708512,0.3858866468,0.3828970413586641,Train
OTIQAL_clean,5.97222,5.38811,5.95841,1.10964,1272.64,1146.9,0.0,0.0,0.5134,0.462673,0.0,0,0.0040573307,0.3717657762,0.3764466316864987,Test
OTODEI_clean,4.84074,4.45864,4.84074,1.17554,1203.72,1023.97,0.0,0.0,0.5354,0.45545,0.0,1,0.0015131129,0.1508971194,0.14842486934744975,Train
OTODOS_clean,5.33134,5.0692,5.30094,1.13572,1496.22,1317.43,0.0,0.0,0.5556,0.489207,0.0,1,0.0018942314,0.1859837802,0.18134940670718858,Test
OTOLIU_clean,6.25402,4.56727,6.25402,0.748874,3565.69,4761.4,0.0,0.0,0.7372,0.984411,0.0,0,0.0030407571,0.3084542176,0.3087124745761971,Train
OTOVAW_clean,4.51109,3.41338,4.48101,1.61175,574.481,356.434,0.0,0.0,0.423,0.262448,0.0,0,0.0036648616,0.3185388194,0.31175796039805925,Test
OTOVIE_clean,5.10968,4.35413,5.09224,1.37878,906.647,657.571,0.0,0.0,0.4582,0.332323,0.0,0,0.0042309954,0.3784712783,0.37816002391992454,Test
OTUDEO_clean,11.1719,10.22736,11.1719,0.861706,1688.22,1959.16,0.0,0.0,0.6512,0.75571,0.0,1,0.0021568341,0.2094296533,0.21505996651118336,Test
OTUDIS_clean,11.15528,10.21239,11.15528,0.865137,1694.91,1959.13,0.0,0.0,0.6454,0.746009,0.0,1,0.0021440843,0.2083437988,0.21517034349556452,Train
OTUXUX_clean,4.86145,3.74941,4.84403,1.24376,901.8,725.062,0.0,0.0,0.4716,0.379174,0.0,0,0.0087249911,0.6931418953,0.6910073641039733,Train
OTUYEJ_clean,6.23847,3.92545,6.16497,1.66734,1557.5,934.127,0.0,0.0,0.5496,0.329627,0.000239904,1,0.001211927,0.1115478949,0.11561008406990775,Train
OVEHUT_clean,6.55703,4.29128,6.55703,1.17548,2147.07,1826.55,0.0,0.0,0.6548,0.557051,0.0,1,0.0029629891,0.2933359248,0.287515135286371,Test
OVEJIJ_clean,6.31656,4.24661,6.2524,1.60097,1225.59,765.53,134.792,84.1937,0.5422,0.33867,0.0,1,0.0022356676,0.2135436286,0.20937214468654775,Train
OVEXOD_clean,5.7329,3.62145,5.72476,1.46061,416.232,284.972,0.0,0.0,0.379,0.259481,0.0,1,0.000963274,0.0930389851,0.08600827817256268,Test
OVICUS_clean,5.87924,5.2518,5.87924,1.52853,828.26,541.866,0.0,0.0,0.4388,0.287073,0.0,1,0.0041149407,0.3530018794,0.36470097865212026,Test
OVIWIA_clean,4.70586,3.71228,4.70586,2.66834,1137.35,426.241,0.0,0.0,0.5094,0.190905,0.0,1,0.0011428111,0.1114890397,0.11171407012896034,Train
OVIZID_clean,5.3844,4.07127,5.3844,1.26325,906.56,717.64,0.0,0.0,0.4818,0.381397,0.0,1,0.002481547,0.2313010757,0.23722025627483573,Train
OVUCOY_clean,6.51812,4.71987,6.51261,2.41124,1158.77,480.568,0.0,0.0,0.5524,0.229094,0.0,1,0.0011082987,0.1032322099,0.10444045906890986,Train
OVUDAL_clean,7.09169,4.92914,7.08099,2.29972,1368.63,595.127,0.0,0.0,0.5708,0.248204,0.0,1,0.0009478642,0.0939131352,0.09181818704028871,Test
OWAVIS_clean,9.58182,5.9765,9.29598,0.840674,2344.57,2788.91,0.0,0.0,0.7226,0.859548,0.0,1,0.0025785398,0.2556410856,0.2540726848399571,Test
OWAVOY_clean,8.02011,4.26959,8.02011,1.00925,2055.28,2036.44,0.0,0.0,0.642,0.636114,0.0,1,0.0038988685,0.3862116068,0.3744179065137127,Train
OWETIU_clean,6.92899,4.15657,6.92674,3.31737,1014.79,305.901,78.2458,23.5867,0.4912,0.148069,0.0,1,0.0003198727,0.0284237647,0.03055217217768963,Train
OWEYOF_clean,6.37079,4.45129,6.36918,1.04803,1419.15,1354.11,0.0,0.0,0.5498,0.524602,0.0,0,0.0073195233,0.6467921754,0.6534638766436613,Test
OWIHEJ_clean,7.35052,7.17386,7.35052,1.33314,1629.69,1222.45,0.0,0.0,0.6108,0.458167,0.0,0,0.0045366979,0.4500919964,0.4405373423934857,Test
OWIHIN_clean,7.33344,7.17038,7.33344,1.33826,1633.23,1220.41,0.0,0.0,0.6104,0.456115,0.0,0,0.0046815049,0.4546781406,0.45115833039532716,Train
OWIHOT_clean,7.42387,7.28396,7.42387,1.32488,1634.57,1233.75,0.0,0.0,0.6134,0.462986,0.0,0,0.0048280779,0.456671886,0.45718697584631685,Test
OWIHUZ_clean,7.37728,7.20219,7.37728,1.32559,1638.53,1236.07,0.0,0.0,0.613,0.462436,0.0,0,0.0045861442,0.4440365908,0.4433486711241935,Train
OWIJAH_clean,7.38305,7.21509,7.38305,1.32603,1628.6,1228.17,0.0,0.0,0.6114,0.461074,0.0,0,0.0043830612,0.4428922621,0.43035455576528814,Train
OWIJEL_clean,7.46814,7.33893,7.46814,1.32685,1640.34,1236.26,0.0,0.0,0.612,0.461241,0.0,0,0.0047097599,0.4447464983,0.4502881500739568,Test
OWIJIP_clean,7.46558,7.33479,7.46558,1.3287,1650.48,1242.18,0.0,0.0,0.6126,0.461053,0.0,0,0.0045190385,0.4456965737,0.4317156039245472,Test
OWIJOV_clean,7.41619,7.28781,7.41619,1.32565,1655.33,1248.7,0.0,0.0,0.6148,0.463773,0.0,0,0.0046161652,0.4530799656,0.4486644066787785,Test
OWILAJ_clean,8.92733,6.71409,8.92733,0.968913,1708.71,1763.53,0.0,0.0,0.6184,0.638241,0.000412834,1,0.0021775703,0.2082493242,0.2134088589560511,Train
OWIYUP_clean,8.24396,6.91953,8.2349,0.925347,1653.05,1786.41,0.0,0.0,0.6152,0.664832,0.0,1,0.0032612933,0.3007503661,0.3116767709902729,Test
OWIZAW_clean,14.23644,11.75665,14.23644,0.378656,1891.92,4996.41,0.0,0.0,0.8398,2.21785,0.0,1,0.0026378772,0.2685610199,0.2619726923109282,Test
OWUWOU_clean,5.606,4.2786,5.606,1.14741,1253.9,1092.81,0.0,0.0,0.529,0.461039,0.0,1,0.0024849655,0.2323000768,0.24140929438030032,Test
OWUWUA_clean,5.57616,4.37097,5.56477,1.14473,1062.1,927.816,0.0,0.0,0.5102,0.445693,0.0,1,0.0029998078,0.2775086327,0.28383280639801933,Train
OXALAB_clean,7.26534,5.19998,7.26225,0.828762,2095.62,2528.62,0.0,0.0,0.6488,0.782855,0.0,0,0.0027700995,0.2828592601,0.2750945992736213,Train
OXALEF_clean,7.18754,5.18545,7.18754,0.839237,2049.14,2441.67,0.0,0.0,0.6438,0.767126,0.0,0,0.0030218228,0.2914140371,0.29744463155191786,Test
OXALIJ_ion_b,7.03961,4.95922,7.03961,0.942672,1903.34,2019.09,0.0,0.0,0.627,0.66513,0.0,0,0.0019519735,0.2015406213,0.19228551421852993,Test
OXALOP_clean,5.88824,4.43891,5.88824,1.02509,1694.61,1653.14,0.780383,0.761286,0.599,0.584341,0.0,1,0.0043327327,0.3898855132,0.4158566921465843,Test
OXALUV_SL,9.15018,6.54946,9.15011,0.800859,2321.96,2899.33,0.0,0.0,0.7128,0.890045,0.0,0,0.0030797451,0.3119922666,0.30180965005621785,Test
OXAPEJ_charged,4.86127,3.89897,4.85464,1.26008,919.939,730.067,0.0,0.0,0.4838,0.383945,0.0,0,0.0026581398,0.250548134,0.24670187009690275,Test
OXEVOE_clean,5.9996,4.29075,5.9996,1.32095,787.004,595.785,77.213,58.4525,0.5,0.378515,0.0,1,0.002773299,0.2576633926,0.2542849165112162,Train
OXITOF_clean,6.28705,5.508,6.2848,1.24834,1230.37,985.608,0.0,0.0,0.5144,0.412068,0.0,1,0.0013327227,0.1295366794,0.12865238998636203,Test
OXOLAP_SL,19.10077,13.85784,19.10077,0.601751,1192.03,1980.93,80.0846,133.086,0.7556,1.25567,0.000332363,0,0.0050079004,0.3806636855,0.37318815502709646,Test
OXOZUY_clean,8.19821,4.66417,8.1974,0.956716,1690.02,1766.48,0.0,0.0,0.6112,0.638852,0.0,1,0.0044102787,0.3982074388,0.41154661817525023,Train
OXUPUT_clean,9.06209,8.39643,9.06209,1.93215,1090.05,564.166,13.9927,7.24204,0.573,0.296561,0.0,1,0.0013204956,0.1252517907,0.1221120644355598,Test
OYEJOS_clean,9.55583,4.63693,9.55583,0.834794,1714.96,2054.35,0.0,0.0,0.6424,0.769531,0.0,1,0.0018680185,0.1855355265,0.1850994831500849,Test
OYERER_clean,14.32515,11.45272,14.00664,0.462369,2190.15,4736.81,0.0,0.0,0.8394,1.81543,0.0,1,0.0018403567,0.1821838963,0.1878495410039453,Test
OYERIV_clean,14.68028,11.95217,14.68028,0.792697,1463.31,1845.99,123.823,156.204,0.696,0.878015,0.0,1,0.0040585758,0.354468008,0.36489287674176263,Test
OYEROB_clean,9.45168,7.14174,9.44893,0.790347,2325.92,2942.91,0.982216,1.24277,0.7298,0.923392,0.0,1,0.0021941551,0.2050386776,0.2151311231299381,Train
OYERUH_clean,7.57942,6.42809,7.56103,1.08661,1656.01,1524.01,185.649,170.851,0.6376,0.586778,0.0,1,0.0043478813,0.3570780445,0.4064120931257147,Test
OYEWEW_clean,9.10111,6.40889,9.10064,0.579676,2406.76,4151.9,0.0,0.0,0.7488,1.29176,0.0,1,0.0040084592,0.3743398016,0.3777467794699653,Train
OYEWIA_clean,10.37041,7.95909,10.26711,0.677921,2034.96,3001.77,0.0,0.0,0.7108,1.0485,0.0,1,0.0039814373,0.3822145988,0.3747232994484423,Test
OYIVEY_clean,8.41834,4.77784,8.41834,1.02358,1872.15,1829.01,0.0951624,0.0929698,0.626,0.611576,0.0,1,0.0027343597,0.2624747514,0.2628254685189551,Test
OYIVIC_clean,5.5413,4.80567,5.5333,1.19582,1382.4,1156.02,0.0,0.0,0.5784,0.483684,0.0,1,0.00269895,0.2508021421,0.2575572996404274,Test
OYIVOI_clean,5.54513,4.92009,5.54513,1.34386,1289.96,959.889,0.0,0.0,0.5594,0.416262,0.0,1,0.0024387733,0.2330562937,0.23380554376912088,Test
OYOSAX_clean,5.10436,4.21189,5.06572,1.19023,1067.87,897.196,0.0,0.0,0.5162,0.433699,0.0,1,0.0033719098,0.3143641856,0.31374135322207336,Test
OYUSAD_charged,6.75607,4.84046,6.75225,1.13784,2199.31,1932.88,0.0,0.0,0.622,0.546649,0.0,1,0.0040999701,0.3838177567,0.3880062572736663,Train
OZAVES_clean,5.64539,5.08904,5.62805,1.07782,1464.13,1358.41,0.0,0.0,0.5738,0.532369,0.0,1,0.0034041601,0.3088593923,0.3252145472518626,Test
OZAVOC_clean,6.46772,5.63481,6.46128,1.35316,1406.83,1039.66,0.0,0.0,0.5486,0.40542,0.0,1,0.0034043382,0.3162235783,0.32080184140748147,Train
OZAVUI_clean,5.43678,4.75451,5.43678,1.24526,1365.54,1096.59,0.0,0.0,0.5928,0.476044,0.0,1,0.0024586887,0.2402951972,0.2367421173770499,Train
OZUKOL_clean,11.66314,11.04095,11.6623,1.07501,1570.69,1461.09,0.0,0.0,0.6578,0.611902,0.0,1,0.0018721887,0.1764494997,0.18215479628472814,Test
OZUKUR01_clean,12.00308,11.20848,12.00308,1.04914,1577.91,1504.01,0.0,0.0,0.6712,0.639764,0.0,1,0.001576514,0.1621935118,0.15800674508644713,Test
OZUKUR_clean,11.77684,11.08852,11.77544,1.07383,1569.26,1461.37,0.0,0.0,0.6592,0.613879,0.0,1,0.0017533921,0.1748491724,0.17650108969836925,Train
OZULAY_clean,11.76704,10.98127,11.76502,1.07223,1568.4,1462.75,0.0,0.0,0.6546,0.610504,0.0,1,0.0017328311,0.1712704249,0.17399623058108632,Train
OZULUS_clean,11.30509,10.53212,11.30463,1.32172,1536.26,1162.31,0.0,0.0,0.6386,0.483157,0.0,1,0.0016362748,0.1664010171,0.16036053322548316,Test
OZUMAZ01_clean,11.42001,10.68224,11.42001,1.32181,1528.59,1156.43,0.0,0.0,0.6378,0.482518,0.0,1,0.0016976783,0.1644914533,0.1730341605631095,Train
OZUMAZ_clean,11.32593,10.60044,11.32547,1.32216,1533.89,1160.14,0.0,0.0,0.6396,0.483754,0.0,1,0.0016959487,0.1639249839,0.17172594559528714,Train
OZUMIH_clean,11.34307,10.585,11.34288,1.32207,1537.23,1162.75,0.0,0.0,0.6412,0.484999,0.0,1,0.0017340016,0.1710607679,0.17583569731133353,Test
PACGIM_clean,5.65368,4.16479,5.64778,1.04531,2243.67,2146.41,0.0,0.0,0.631,0.603646,0.0,0,0.0036598353,0.3447963917,0.35423370747333294,Train
PACZOK_clean,14.42262,6.94223,14.41025,1.08844,2172.35,1995.84,0.0,0.0,0.7086,0.651024,0.0,1,0.0009829986,0.0997083134,0.10033789983578104,Train
PACZUQ_clean,6.93068,4.23947,6.93068,1.54491,905.644,586.213,0.0,0.0,0.4772,0.308886,0.0,0,0.000423974,0.0387256295,0.04282826870530135,Train
PADBAZ_charged,7.27183,4.3116,7.03101,1.80524,823.314,456.069,0.0,0.0,0.447,0.247613,0.0,0,0.0004827334,0.0437432931,0.045591706445700986,Train
PAFMUH_clean,4.1569,3.45207,4.13312,1.53558,373.555,243.267,0.0,0.0,0.4318,0.281197,0.0,1,0.0019596673,0.1783562534,0.18076406953376745,Train
PAHPOG_clean,7.73062,5.40152,7.60787,0.954052,1660.24,1740.2,0.0,0.0,0.5924,0.620931,0.0,1,0.0032411329,0.3233040753,0.31211071085142084,Train
PAJSAX_clean,11.72543,11.19673,11.71838,0.847503,1673.18,1974.24,0.0,0.0,0.6882,0.812032,0.0,0,0.0022203001,0.2084837421,0.21597349852334796,Test
PAKFAL_clean,4.75354,4.10738,4.75354,2.43205,513.87,211.291,0.0,0.0,0.3964,0.16299,0.0,1,0.000392421,0.0376919743,0.038744981299507486,Train
PAKFEP_clean,4.86901,4.27875,4.86901,1.90484,508.538,266.971,0.0,0.0,0.3924,0.206001,0.0,1,0.0004884608,0.0460196543,0.049458766468064186,Train
PAKXIK_clean,5.56128,3.90775,5.56038,1.25158,1486.65,1187.82,19.61,15.6682,0.5744,0.458939,0.0,1,0.0024555501,0.2307659318,0.2370455544475667,Test
PALTON_clean,12.85281,10.88454,12.85281,0.723595,1862.94,2574.56,0.0,0.0,0.677,0.935606,0.0,1,0.0045566749,0.424180375,0.4213453704858235,Train
PAMHIW_clean,9.2687,4.50421,9.2687,0.952087,1296.4,1361.64,427.264,448.766,0.6164,0.64742,0.0,0,0.004250468,0.4056949968,0.40904004349990936,Test
PAMTII_clean,12.14001,5.49468,12.1397,0.953828,2043.58,2142.5,0.0,0.0,0.7082,0.742482,0.0,1,0.0031607822,0.2775678383,0.30200342119417745,Test
PAMTOO_clean,12.35154,5.62136,12.35154,0.923606,1995.9,2160.98,0.0,0.0,0.7096,0.768293,0.0,1,0.0029274659,0.2782975595,0.27848809459638607,Train
PAMTUU_clean,12.40087,5.62514,12.40087,0.908425,2011.92,2214.73,0.0,0.0,0.6952,0.76528,0.0,1,0.002852555,0.2741298769,0.27470222174160586,Test
PAMVEG_clean,4.06328,3.71255,4.05877,1.30742,297.768,227.753,0.0,0.0,0.4276,0.327056,0.0,1,0.0004893321,0.0514205161,0.05289519510190013,Test
PANYOU_charged,5.36231,4.92388,5.28904,1.15349,1242.79,1077.42,0.0,0.0,0.5298,0.459302,0.0,0,0.0022762245,0.2192590717,0.21886290402240813,Test
PAPROO_clean,7.19025,5.05276,7.19025,1.91608,861.592,449.664,0.0,0.0,0.4326,0.225774,0.0,0,0.0012869907,0.1205234633,0.12383354721261519,Train
PAPRUU_clean,7.39284,4.83476,7.39284,1.80811,810.66,448.345,0.0,0.0,0.438,0.242241,0.0,0,0.0012428658,0.1164945982,0.11860562051851412,Test
PAPVAF_clean,10.09597,6.84011,9.58875,0.817097,2396.15,2932.52,0.0,0.0,0.7324,0.896344,0.0,1,0.0022382804,0.2249600265,0.2188191484932141,Train
PAPXUB_clean,4.14867,3.74838,4.12901,1.41027,380.17,269.572,0.0,0.0,0.4056,0.287604,0.0,0,0.0031743328,0.2741431707,0.27639465828980125,Train
PAQMEB_clean,5.66983,3.45515,5.06855,2.32316,1166.36,502.057,0.0,0.0,0.4938,0.212555,0.0,1,0.0007896804,0.0756982671,0.07500411652259512,Train
PAQVEK_clean,5.27989,4.58936,5.26433,1.11804,1118.78,1000.66,0.0,0.0,0.502,0.449,0.0,1,0.005336744,0.4739811323,0.47454843220711174,Test
PARHAS_clean,6.90619,6.37667,6.76731,0.69817,2236.54,3203.43,0.0,0.0,0.6838,0.979418,0.0,1,0.0016668039,0.1778136211,0.16381455777590492,Test
PARHEW_clean,7.38605,6.67234,7.38605,0.632325,2400.53,3796.35,0.0,0.0,0.7148,1.13043,0.0,1,0.001815247,0.187568453,0.18221368989053516,Test
PARKUQ01_clean,6.67552,5.18428,6.65544,1.17133,2054.42,1753.92,0.0,0.0,0.6446,0.550316,0.0,0,0.0027405838,0.2757383773,0.2635986784402461,Test
PARKUQ_charged,5.67135,5.18154,5.67135,1.3438,1282.95,954.722,0.0,0.0,0.5352,0.398274,0.0,0,0.0042222785,0.3890612145,0.39321373776274676,Test
PARMIG_clean,4.62483,4.28304,4.62483,1.33462,793.109,594.261,0.0,0.0,0.4652,0.348565,0.0,0,0.0240012988,1.5829988564,1.576281129660635,Train
PARNIH_clean,8.32489,6.77668,8.32489,0.861017,1951.67,2266.71,0.0,0.0,0.6712,0.779544,0.0,1,0.0019968494,0.1921086564,0.19831658411531938,Train
PARNON_clean,7.81335,6.23608,7.8124,0.973393,1971.82,2025.72,0.0,0.0,0.6118,0.628523,0.0,1,0.002498643,0.2483103886,0.24709568300710305,Train
PASMUT_clean,5.21671,3.87145,5.2007,1.45236,1664.76,1146.24,0.0,0.0,0.5822,0.400864,0.0,1,0.0018870369,0.1851308335,0.17940229446515904,Test
PASNAA01_clean,4.83008,3.80459,4.83008,1.46381,1335.98,912.674,0.0,0.0,0.51,0.348405,0.0,1,0.0019657106,0.2003744533,0.19120898733618563,Train
PASNAA_clean,4.89594,3.826,4.89193,1.4497,1354.61,934.408,0.0,0.0,0.5164,0.356212,0.0,1,0.0021208983,0.1946622534,0.21084473031729678,Test
PASTOU_clean,6.66976,4.5166,6.66976,1.58721,797.598,502.516,0.0,0.0,0.4778,0.301032,0.0,1,0.0011879459,0.1180632694,0.11071984836597129,Test
PATNAB_clean,9.14224,6.89364,9.14224,1.35956,1803.58,1326.59,0.0,0.0,0.6728,0.494866,0.0,1,0.0009008448,0.093420803,0.08685354216909569,Train
PATWOY_clean,7.80785,6.68696,7.80785,0.911859,1500.87,1645.94,0.0,0.0,0.5982,0.656023,0.0,1,0.0037465048,0.3467109396,0.35698608578521374,Test
PAVKIH_charged,8.78156,6.51511,8.78156,1.29997,1284.33,987.968,0.0,0.0,0.5538,0.42601,0.0,1,0.0009328811,0.1029005145,0.09154100804351792,Test
PAVLOO_clean,4.63098,4.29599,4.63098,1.36764,915.445,669.362,13.6565,9.98545,0.5494,0.401715,0.0,1,0.0079312549,0.6580155966,0.6535565338219416,Train
PAVMAB_clean,4.70831,4.3739,4.70531,1.34518,952.077,707.768,16.532,12.2898,0.553,0.411097,0.0,1,0.007496096,0.6327223356,0.6338867930348293,Train
PEBNEP_clean,4.70974,3.99855,4.70974,1.47945,319.51,215.966,0.0,0.0,0.4064,0.274697,0.0,1,0.001526956,0.1384682442,0.1306471134039495,Test
PECLEP_clean,5.39206,3.58035,5.25926,1.26009,1193.65,947.27,0.0,0.0,0.492,0.390447,0.0,0,0.0047620711,0.4302632976,0.4253212662929823,Train
PEDMER_clean,4.87431,3.86596,4.87431,1.94999,1030.99,528.717,0.0,0.0,0.5166,0.264924,0.0,1,0.0025932403,0.2457236777,0.2377293909404301,Test
PEDMOB_clean,6.13543,5.59613,6.13543,1.47554,899.4,609.538,0.0,0.0,0.4724,0.320153,0.0,1,0.001386333,0.1394570111,0.1292726743694511,Test
PEDRIA_clean,15.09269,7.93434,15.07573,0.589901,2245.43,3806.46,0.0,0.0,0.8114,1.37549,0.0,0,0.0020008633,0.1952698531,0.20822721537124278,Test
PEFJUF_clean,6.61682,6.0615,6.61682,1.19245,2068.35,1734.53,0.0,0.0,0.6212,0.520944,0.0,0,0.0094738493,0.8510744854,0.8539188873001333,Train
PEFRID01_clean,6.55951,5.47634,6.55951,1.31717,1348.3,1023.64,0.0,0.0,0.552,0.419081,0.0,1,0.0031656756,0.3134434561,0.2990897165526184,Train
PEFRID_clean,9.83364,8.16227,9.74315,1.01836,1671.9,1641.77,0.0,0.0,0.6476,0.635927,0.0,1,0.0025552538,0.2450245068,0.24948739128457975,Test
PEFRUP01_clean,6.70842,5.60789,6.69161,1.32053,1380.71,1045.57,0.0,0.0,0.5546,0.419982,0.0,1,0.0032918959,0.3089429268,0.3095583808121945,Test
PEFRUP_clean,9.50189,8.00757,9.50189,1.0519,1670.24,1587.83,0.0,0.0,0.6432,0.611463,0.0,1,0.0025214522,0.2456809929,0.24519717779410277,Train
PEFSUQ_clean,6.71056,3.90525,6.68671,1.19472,875.451,732.768,0.0,0.0,0.5094,0.426377,0.0,1,0.0006224295,0.0647156749,0.0614279331446817,Train
PEGBAG_clean,4.42914,3.59275,4.42914,1.43063,530.361,370.719,0.0,0.0,0.4708,0.329086,0.0,1,0.0011095583,0.1036272842,0.10634960343434022,Train
PEGBUA_clean,4.24178,3.44241,4.23659,1.42808,542.261,379.715,0.0,0.0,0.474,0.331915,0.0,1,0.0013668264,0.1307927784,0.1281716574824152,Test
PEGCAH_clean,4.41751,3.55963,4.41517,1.40923,648.294,460.035,0.0,0.0,0.4816,0.341747,0.0,1,0.0019101075,0.1825783941,0.17580821435004665,Test
PEGCEL_clean,4.60881,3.89017,4.60881,1.36646,760.056,556.224,0.0,0.0,0.4938,0.361373,0.0,1,0.0020610189,0.1916072093,0.19277458931995056,Test
PEGCIP_clean,5.4738,4.63859,5.45736,1.20371,1399.17,1162.38,0.0,0.0,0.5244,0.435652,0.0,1,0.0042009938,0.3805230167,0.38900383355941254,Train
PEGPOI_clean,4.98627,3.51233,4.9807,1.99017,618.984,311.02,0.0,0.0,0.3962,0.199078,0.0,1,0.0021260283,0.1826971819,0.1930951429946482,Train
PEGQID_clean,5.05756,3.46018,5.04486,2.49056,625.358,251.092,0.0,0.0,0.3982,0.159884,0.0,1,0.0011379208,0.1076656829,0.09670941930478505,Test
PEGQOJ_clean,5.06893,3.45218,5.06893,2.53315,611.744,241.495,0.0,0.0,0.3936,0.15538,0.0,1,0.001221963,0.1105876504,0.10588636231105081,Test
PEGQUP_clean,4.99244,3.49069,4.98026,2.64253,618.757,234.153,0.0,0.0,0.3906,0.147813,0.0,1,0.0012767526,0.1125469044,0.11012921683616073,Test
PEHQID_neutral,5.14211,3.77935,5.14211,1.46568,1144.37,780.78,0.0,0.0,0.5232,0.356968,0.0,0,0.0015583649,0.1592217463,0.15200554737758992,Test
PEHTON_clean,5.79765,4.80371,5.79765,1.25943,995.966,790.809,0.0,0.0,0.488,0.387478,0.0,1,0.0010645206,0.0940227217,0.10967441623320676,Test
PEJFOA_clean,4.64383,3.88697,4.63782,2.21077,775.822,350.929,123.298,55.7717,0.4612,0.208615,0.0,1,0.0219420629,1.1103249513,1.1163829902623692,Train
PEJFUG_clean,5.6094,5.1902,5.6094,2.02674,953.383,470.404,0.0,0.0,0.4916,0.242558,0.0,0,0.0137758743,0.8937751607,0.8877157531947079,Train
PEJMOI_clean,7.77261,4.72411,7.77261,1.78918,1087.16,607.629,0.0,0.0,0.4986,0.278675,0.0,1,0.001136891,0.1131234822,0.10937193276089349,Test
PEJMUN_charged,5.3558,3.67159,5.3558,1.04887,1404.79,1339.34,0.0,0.0,0.5588,0.532765,0.0,0,0.0023411361,0.2310068248,0.22935461357345965,Train
PEJNUP_clean,9.7414,9.14394,9.67281,0.771129,2269.17,2942.66,0.0,0.0,0.7412,0.961188,0.0,0,0.002695975,0.2638411637,0.2621875893967972,Test
PEJPAX_charged,7.32167,6.47359,7.26969,0.938297,1670.88,1780.76,0.0,0.0,0.6272,0.668445,0.0,1,0.0031589491,0.3084933268,0.30559156491213246,Train
PEJPIF_charged,5.04054,3.8225,4.98288,1.26802,1172.73,924.846,0.0,0.0,0.5342,0.421285,0.0,1,0.0044751595,0.3942317156,0.40901753751285735,Test
PEKCUF_clean,8.20333,5.43297,8.20152,0.769862,2179.49,2831.01,0.0,0.0,0.6652,0.864051,0.0,1,0.0027859157,0.2747618524,0.2748621951062765,Train
PEKDAM_clean,6.66878,5.26481,6.65683,0.823111,2211.99,2687.35,0.0,0.0,0.6464,0.785313,0.0,1,0.0029868348,0.2955692366,0.2955589173849324,Train
PEKZIP_clean,4.53518,4.08657,4.53518,1.41548,619.125,437.397,0.0,0.0,0.4398,0.310708,0.0,1,0.0017547051,0.1785368609,0.1645350442354892,Test
PELGOE_clean,4.61976,3.65124,4.60921,1.18989,1005.69,845.196,0.0,0.0,0.5078,0.426764,0.0,1,0.0033354952,0.3121162915,0.31470677538126896,Train
PELQII_clean,9.06577,7.1819,8.76719,0.671525,2063.21,3072.43,0.0,0.0,0.712,1.06027,0.0,1,0.0028792065,0.2853737913,0.28011479526737426,Test
PELRIJ_clean,21.55746,10.38341,21.54289,0.51708,1832.88,3544.68,0.0,0.0,0.8016,1.55024,0.0,1,0.0028086213,0.2769025851,0.27671915503671085,Test
PELXIP_clean,5.04305,3.66818,5.03506,1.84132,581.447,315.776,13.9718,7.58794,0.4556,0.247431,0.0,1,0.0020630249,0.1868046938,0.1891585724269976,Test
PEMGIZ_charged,4.80245,3.4721,4.75947,1.44001,643.407,446.806,0.0,0.0,0.4566,0.31708,0.0,1,0.0013115236,0.1274105219,0.12020479577854185,Test
PEMREG_clean,9.06566,7.46673,9.06566,0.753022,2058.76,2734.0,0.0,0.0,0.7058,0.93729,0.0,1,0.002227119,0.2135260845,0.21909170765082275,Train
PEMRIK_clean,6.31603,3.45605,6.31603,1.18528,1197.81,1010.57,0.0,0.0,0.5532,0.466723,0.0,1,0.00474358,0.4281420632,0.43278510388628966,Test
PENNAZ_clean,8.96214,8.00387,8.96214,0.962495,1990.53,2068.1,0.0,0.0,0.7004,0.727692,0.0,1,0.0023135785,0.2239710015,0.23171288944282947,Test
PENNON_clean,7.9329,6.23525,7.71711,0.684898,2586.98,3777.17,0.0,0.0,0.7318,1.06848,0.0,1,0.0025307371,0.2490995175,0.2545918273397656,Train
PENNUT_clean,5.51848,4.07497,5.51848,1.34514,1276.26,948.789,0.0,0.0,0.5072,0.377061,0.0,1,0.0023204287,0.2208827608,0.22770472654132068,Test
PENYIR_clean,5.70014,3.65365,5.70014,1.6367,929.089,567.66,64.7109,39.5375,0.5088,0.31087,0.0,1,0.0022779552,0.2071374398,0.21258929269392352,Test
PENZIS_clean,5.20436,4.63461,5.20306,1.48152,1841.93,1243.27,0.0,0.0,0.653,0.440764,0.0,0,0.0021069626,0.2125640686,0.20242623850701835,Test
PEPBAO_clean,5.10254,3.95909,5.10254,1.42412,833.906,585.559,0.0,0.0,0.4934,0.34646,0.0,0,0.0022521382,0.2105649804,0.21073670030238084,Test
PEPFAT_clean,10.91726,6.85852,7.70966,1.0029,2251.01,2244.49,0.0,0.0,0.6862,0.684214,0.0,1,0.0030103111,0.2944896001,0.2923269191886039,Test
PEPKOL_clean,4.51864,3.40095,4.50908,1.52523,488.244,320.112,0.0,0.0,0.42,0.275368,0.0,0,0.003659624,0.3143531818,0.3123006044466432,Train
PEPKUR_clean,4.38796,3.85266,4.37809,1.51141,576.087,381.159,0.0,0.0,0.4116,0.272329,0.0,0,0.0041157645,0.3693840334,0.36176672314059966,Test
PEPLAY_clean,6.74837,6.3776,6.72825,1.05651,1615.67,1529.25,0.0,0.0,0.6178,0.584755,0.0,0,0.0029556309,0.2785307906,0.28627187281909094,Train
PEPLEC_clean,7.22831,6.81306,7.22831,1.03011,1642.0,1594.0,0.0,0.0,0.618,0.599935,0.0,0,0.002674314,0.2650582353,0.25935187059899417,Test
PEPLIG_clean,6.77242,6.39006,6.75097,1.04905,1614.89,1539.38,0.0,0.0,0.6148,0.586054,0.0,0,0.0027789061,0.2652674196,0.2697155704093669,Train
PEPLOM_clean,5.48105,5.23227,5.47438,1.20095,1296.27,1079.37,0.0,0.0,0.5572,0.463966,0.0,0,0.0035146581,0.3135403194,0.32996328823933385,Test
PEQRUZ_clean,5.68699,4.77458,5.65626,1.19715,1015.07,847.906,0.0,0.0,0.4752,0.396942,0.0,1,0.0076065015,0.6609627847,0.6465778395809516,Train
PEQWAK_clean,5.99001,5.4678,5.99001,1.06078,1335.71,1259.17,0.0,0.0,0.5666,0.534134,0.0,1,0.0031082148,0.2948797819,0.29506448859570616,Test
PESTUD_clean,4.29451,3.77014,4.29451,1.52203,554.299,364.183,0.0,0.0,0.4078,0.267931,0.0,0,0.0042370909,0.3703266461,0.36787420101805424,Test
PETWOC_clean,9.15829,4.1058,9.15829,1.69456,1870.12,1103.6,0.0,0.0,0.6222,0.367174,0.000472098,0,0.0015141416,0.1374676555,0.14058271834318867,Test
PEVFON_clean,11.13773,3.47627,11.13633,0.923906,1490.46,1613.21,0.0,0.0,0.6306,0.682537,0.0,0,0.0015469334,0.1497779357,0.15578210647423282,Train
PEVLIN_clean,4.23888,3.58587,4.23888,1.92889,451.698,234.175,0.0,0.0,0.4172,0.21629,0.0,1,0.0013037482,0.1274818101,0.12139266142684477,Test
PEVQIS_clean_h,14.89727,7.78421,14.89178,0.605776,2230.04,3681.29,0.0,0.0,0.8056,1.32986,0.0,0,0.0019491169,0.199136633,0.19987619760449496,Train
PEVQOY_clean_h,14.80942,7.88362,14.80084,0.613708,2232.3,3637.4,0.0,0.0,0.8108,1.32115,0.0,0,0.0020962392,0.2086295729,0.2148160537182732,Train
PEVXAQ_clean,4.99995,3.63805,4.93929,1.21492,686.301,564.895,0.0,0.0,0.4752,0.391137,0.0,1,0.0016913165,0.1596377047,0.15763651767996528,Test
PEWGEF_clean,9.8037,7.11476,9.8037,1.04146,1816.14,1743.84,0.0,0.0,0.6896,0.662146,0.0,1,0.0012067626,0.1121999765,0.11673641518509534,Train
PEWLUA_clean,17.77125,7.51947,12.45937,0.588936,2255.4,3829.62,0.0,0.0,0.7974,1.35397,0.0,1,0.002967485,0.2748583969,0.2903202654339529,Train
PEWXUL01_clean,5.54275,4.60824,5.54275,1.0598,1055.66,996.092,0.0,0.0,0.5124,0.483488,0.0,0,0.0034341357,0.3236972064,0.32298815505790773,Test
PEWXUL_clean,5.34544,4.38509,5.34544,1.05997,1077.55,1016.58,0.0,0.0,0.5136,0.48454,0.0,0,0.0040438039,0.3813692837,0.3695927943088264,Test
PEXFAA_clean,6.38992,4.78581,6.38785,0.722856,2527.72,3496.86,0.0,0.0,0.6962,0.963124,0.0,1,0.0027202308,0.2751735201,0.2706368702859082,Train
PEXTUI_clean,5.13294,4.08127,4.81094,1.41697,1690.94,1193.35,0.0,0.0,0.6078,0.428944,0.0,1,0.0030144484,0.2880426317,0.2878289356159787,Test
PEYPAM_SL,6.47723,4.9888,6.46954,1.38224,1403.34,1015.27,0.0,0.0,0.5238,0.378951,0.0,0,0.0065805458,0.5616712868,0.5655700468701045,Train
PEYPIU_clean,4.73554,3.50341,4.73554,1.41341,845.394,598.124,0.0,0.0,0.4704,0.332812,0.0,0,0.0068201733,0.5542839127,0.550215599983743,Train
PEYSIW_clean,5.69089,4.7197,5.69089,1.0552,1032.59,978.576,0.0,0.0,0.5102,0.483511,0.0,0,0.0032032221,0.3067475856,0.30072332993073536,Test
PEYVEV_clean,8.8911,6.60199,8.13016,1.41868,1212.67,854.793,531.685,374.776,0.6316,0.445204,0.0,1,0.0048980431,0.4730994093,0.471713968914382,Train
PEZCII_clean,12.50562,10.18861,12.50562,0.9535,1419.23,1488.44,0.0,0.0,0.6362,0.667226,0.0,1,0.0014219941,0.1406984173,0.14057445166302232,Train
PIBGAK_clean,6.08784,5.5601,6.06673,1.08232,1652.36,1526.68,0.0,0.0,0.6232,0.575798,0.0,1,0.001979354,0.1998681619,0.19247195059787908,Test
PIBNUK01_clean,15.37191,14.18335,15.35887,0.42304,1389.84,3285.35,0.0,0.0,0.8366,1.97759,0.0,1,0.0020168991,0.1921544212,0.20035918061677938,Train
PIBNUK_clean,15.38411,14.18619,15.38378,0.422713,1393.02,3295.43,0.0,0.0,0.8378,1.98196,0.0,1,0.0019513681,0.1939543398,0.19054147219652592,Test
PIBPAS01_clean,10.22467,9.87308,10.22467,0.904434,1674.99,1851.98,0.0,0.0,0.6484,0.716913,0.0,1,0.0018245329,0.175220659,0.18252601106627736,Test
PIBPIA_clean,15.49369,14.25357,15.47411,0.458724,1374.44,2996.23,0.0,0.0,0.8362,1.82288,0.0,1,0.0016925306,0.169646909,0.17135495709653392,Train
PICTIG_clean,7.17773,5.19524,7.1746,0.956819,2131.67,2227.87,0.0,0.0,0.65,0.679334,0.0,1,0.0027144575,0.2591317388,0.26179035530495726,Test
PIDMEV01_clean,7.72003,4.28453,7.71744,1.05835,1674.28,1581.97,0.0,0.0,0.5974,0.564462,0.0,1,0.0034594562,0.3331220404,0.3301576005653168,Train
PIDMEV_clean,7.7619,4.42953,7.71379,1.03258,1688.46,1635.19,0.0,0.0,0.5902,0.57158,0.0,1,0.0035013489,0.3271357921,0.3353782991677779,Train
PIGXUZ_clean,4.56718,3.56694,4.54309,1.41248,518.542,367.114,0.0,0.0,0.408,0.288854,0.0,0,0.002592668,0.2211412167,0.22527174388726484,Train
PIHNUQ_clean,4.36505,3.62057,4.36492,1.46153,400.036,273.71,0.0,0.0,0.4114,0.281486,0.0,1,0.002677709,0.2554486994,0.23395818396723178,Test
PIHWAG_clean,8.27361,7.69473,8.27361,1.26901,1392.1,1096.99,0.0,0.0,0.5476,0.431516,0.0,0,0.0018955598,0.1870467364,0.18108710938182956,Test
PIHWOU_clean,4.6487,3.54073,4.5523,1.74456,1048.04,600.749,0.0,0.0,0.5644,0.32352,0.0,0,0.0069999094,0.5978844635,0.5721385083501973,Test
PIJDIX_clean,5.30724,3.52085,5.26545,1.71921,1128.44,656.369,0.0,0.0,0.5814,0.338178,0.0,1,0.0037928017,0.3339253153,0.3365656058991134,Train
PIJJEZ_clean,14.75395,5.96588,14.75395,0.935418,1803.08,1927.56,0.0,0.0,0.656,0.70129,0.0,0,0.0053756831,0.4553046426,0.4643486137752768,Train
PIJJOI_clean,6.12931,4.00789,6.08289,1.09199,859.144,786.767,2.75763,2.52532,0.5414,0.495791,0.0,0,0.0038469788,0.3389547516,0.34543515492279003,Train
PIJROR_clean,8.28575,7.67913,8.28575,1.27602,1385.29,1085.63,0.0,0.0,0.5522,0.432752,0.0,0,0.0019899649,0.186926843,0.19328003466030053,Test
PIQFIG_clean,9.19593,7.79711,9.19593,0.691873,2332.15,3370.77,0.0,0.0,0.7756,1.12101,0.0,0,0.0012727643,0.1285111392,0.12314675249460469,Test
PIQMOT_clean,6.47127,5.32823,6.30186,1.23035,1074.68,873.471,0.0,0.0,0.4866,0.395496,0.0,0,0.0033755042,0.3160511171,0.31482746905986436,Test
PIQMUZ_clean,5.76653,4.2611,5.71921,1.16552,750.166,643.631,0.0,0.0,0.4826,0.414063,0.0,1,0.0019992854,0.1877364528,0.18475834598436153,Test
PITPEP_clean,11.41966,9.93708,11.41966,0.952882,1649.81,1731.39,0.565272,0.593223,0.622,0.652757,0.0,1,0.0023595217,0.2221861217,0.22949258775173906,Test
PIWSEV_clean,8.52736,7.61097,8.52736,0.846818,2044.34,2414.14,0.0,0.0,0.6702,0.791433,0.0,1,0.0026574718,0.2704336582,0.26318516173502793,Train
PIYZAZ_clean,7.00061,5.66568,7.00061,1.03548,2663.91,2572.62,0.0,0.0,0.7414,0.715993,0.0,0,0.0009835343,0.1027282099,0.09832118551108548,Test
PIYZED01_clean,6.96517,5.63588,6.96517,1.04478,2626.41,2513.83,0.0,0.0,0.7254,0.694307,0.0,0,0.0010473721,0.1039552835,0.1074700832320126,Test
PIYZED02_clean,6.95041,5.62583,6.95041,1.04842,2625.12,2503.87,0.0,0.0,0.7248,0.691323,0.0,0,0.0011296037,0.1038946917,0.10875102279110543,Train
PIYZED03_clean,6.91935,5.60013,6.91935,1.05779,2618.81,2475.74,0.0,0.0,0.7212,0.681798,0.0,0,0.0010315028,0.1037648522,0.1004258417457333,Train
PIYZED_clean,7.00442,5.67284,7.00442,1.03221,2628.22,2546.21,0.0,0.0,0.7278,0.705091,0.0,0,0.0010300601,0.1028155811,0.09850608687874512,Test
PIZHOX_clean,6.00527,4.8111,5.6775,0.960875,2065.34,2149.44,0.0,0.0,0.6412,0.667309,0.0,1,0.0028005797,0.2828221783,0.2783049737927916,Test
PIZNOB_clean_h,5.81424,4.85489,5.81424,1.50508,1940.53,1289.33,0.0,0.0,0.5884,0.390944,0.0,1,0.0016090178,0.1559006089,0.15693097411898702,Train
PIZPAP_clean_h,5.02301,4.09369,4.55915,1.6437,1625.99,989.228,0.0,0.0,0.5662,0.344467,0.0,1,0.0016760855,0.162995764,0.15854404228410662,Train
PIZPET_clean_h,5.00612,4.07229,4.54032,1.30745,1650.65,1262.5,0.0,0.0,0.5638,0.431222,0.0,1,0.0024970863,0.2438084732,0.2430808991007379,Train
PIZPIX02_clean,4.8742,3.92497,4.87073,1.75108,1636.83,934.755,0.0,0.0,0.5514,0.314892,0.0,1,0.0018922601,0.1797416217,0.17690309584080344,Test
PIZPIX_clean_h,4.99576,3.97323,4.53163,1.71361,1574.79,918.993,0.0,0.0,0.5616,0.32773,0.0,1,0.0016463471,0.1634825006,0.157582455546852,Train
PIZPOD_clean_h,4.95479,3.97477,4.74982,1.78246,1546.28,867.502,0.0,0.0,0.5566,0.312266,0.0,1,0.0019144555,0.1841218591,0.1811012275475276,Test
PIZQUM_clean,5.38703,4.44024,5.38703,1.21672,1189.38,977.523,0.0,0.0,0.5254,0.431815,0.0,1,0.0039765994,0.3692764077,0.3633761658592745,Test
PIZRAT_clean,5.69309,4.64481,5.67801,1.18335,1207.09,1020.06,0.0,0.0,0.5368,0.453627,0.0,1,0.0032840456,0.3014452275,0.306844138569844,Test
PIZRUN_clean,5.3818,4.43333,5.37307,1.2127,1196.95,987.011,0.0,0.0,0.5248,0.432754,0.0,1,0.0040026633,0.3682096514,0.3657526571672973,Train
PIZSAU_clean,5.7096,4.51588,5.7096,1.18019,1218.01,1032.05,0.0,0.0,0.5404,0.457893,0.0,1,0.0033011626,0.2971624546,0.3074687518008525,Train
POBMOJ01_clean,16.09028,3.85233,16.09028,1.0369,1784.32,1720.83,0.0,0.0,0.67,0.64616,0.0,1,0.0029311061,0.2776626506,0.2806844095592745,Train
POBNEA_clean,12.6133,10.84896,12.6133,0.646582,1753.98,2712.69,2.26513,3.50323,0.7374,1.14046,0.0,1,0.001470946,0.1460685265,0.14539522754201986,Test
POBVIN_clean,9.76079,6.4479,9.73092,0.869183,2049.78,2358.28,0.0,0.0,0.696,0.800752,0.0,1,0.0026153775,0.2667057379,0.2597920690195037,Train
POBYAH_charged,5.61208,3.90993,5.47281,3.11106,1121.22,360.397,0.0,0.0,0.4562,0.146638,0.0,0,0.0002559873,0.0257488851,0.02713627163405008,Train
POCPAZ_clean,6.39676,5.12111,6.38825,0.921688,1695.17,1839.2,6.74347,7.31643,0.6078,0.659442,0.0,1,0.0028021399,0.2689836029,0.2755388767282978,Test
PODKOK_clean,18.51885,8.56409,12.59731,0.489414,2180.69,4455.72,0.0,0.0,0.8128,1.66076,0.0,1,0.0030265161,0.2840335268,0.29824352136694277,Test
PODKUQ_clean,22.31857,8.92625,14.18285,0.425765,2028.03,4763.26,0.0,0.0,0.8332,1.95695,0.0,1,0.0030973365,0.303515232,0.3060359865014146,Test
PODVIP_clean,4.42056,3.62761,4.42056,2.28386,243.746,106.725,0.0,0.0,0.3946,0.172778,0.0,1,0.0009231558,0.0815101157,0.07993022784099432,Test
PODXEN_clean,5.34783,4.01094,5.34783,1.28087,710.366,554.597,0.0,0.0,0.4518,0.352729,0.0,1,0.0020707657,0.1905082143,0.19213811653376883,Test
POFGUO_clean,5.1465,3.74676,5.14199,0.93374,1597.91,1711.3,0.0,0.0,0.5678,0.608092,0.0,0,0.0048042235,0.4463226186,0.4530745974038068,Test
POFSIN01_clean,6.99195,5.64457,6.99195,1.04057,2621.47,2519.27,0.0,0.0,0.7274,0.699041,0.0,0,0.001069012,0.1027924985,0.10707425823992917,Train
POFSIN02_clean,6.98557,5.64932,6.97231,1.04143,2630.55,2525.91,0.0,0.0,0.7252,0.69635,0.0,0,0.0010141909,0.1027001682,0.0989003090843335,Test
POFSIN03_clean,6.95953,5.63255,6.95953,1.04557,2624.93,2510.51,0.0,0.0,0.7258,0.694164,0.0,0,0.0010113055,0.1038615105,0.09874497292718504,Train
POFSIN04_clean,6.97392,5.62462,6.97392,1.04699,2616.52,2499.1,0.0,0.0,0.7262,0.69361,0.0,0,0.0010718973,0.1041630267,0.10722278560433027,Test
POFSIN_clean,6.96628,5.64795,6.96628,1.04283,2632.71,2524.58,0.0,0.0,0.7246,0.694838,0.0,0,0.00107334,0.1032209689,0.1074700832320126,Test
POHCOG_clean,6.03433,4.98914,5.98921,1.54389,1290.39,835.809,0.0,0.0,0.5212,0.33759,0.0,1,0.0020276782,0.1878214131,0.1933985725596356,Test
POHWIU_clean,15.94965,10.39364,15.94872,0.460887,1949.35,4229.57,0.0,0.0,0.8104,1.75835,0.0,1,0.0026028273,0.2616153292,0.25915667352773225,Test
POKGEC_clean,4.44927,3.87743,4.29992,1.20216,336.435,279.858,237.315,197.407,0.504,0.419245,0.0,1,0.0014485852,0.1354017675,0.14016696406268248,Train
POKSAL_clean,5.16886,3.80347,5.16886,2.04384,546.746,267.509,0.0,0.0,0.4218,0.206376,0.0,1,0.0009691305,0.0917058202,0.09209448277753127,Train
POKSEP_clean,5.24976,3.94365,5.24501,1.70126,572.314,336.407,0.0,0.0,0.4264,0.250638,0.0,1,0.0009559582,0.0907829039,0.08997856020620479,Test
POKSIT_clean,5.21903,3.84136,5.20793,2.02039,562.699,278.51,0.0,0.0,0.4168,0.206297,0.0,1,0.000743587,0.0733844549,0.07020359067205342,Test
POKSOZ_clean,5.23291,4.00143,5.18374,1.95789,573.341,292.837,0.0,0.0,0.4166,0.21278,0.0,1,0.0007378989,0.0720248312,0.07138554844840786,Train
POKTIU_clean,5.25513,3.88718,5.24992,2.03578,584.018,286.877,0.0,0.0,0.4004,0.196682,0.0,1,0.0007460876,0.0742902273,0.07059898801312153,Test
POKVAO_clean,5.22916,3.84535,5.22916,1.97617,548.634,277.625,0.0,0.0,0.4172,0.211116,0.0,1,0.0008122161,0.0745663903,0.07626186876676963,Train
POLBEX_clean,8.55331,7.31354,8.46863,1.98623,1149.15,578.559,46.9518,23.6386,0.5414,0.272577,0.0,1,0.0202063305,1.0281519394,1.0114613403503525,Train
POLBIB_clean,4.50015,3.80804,4.49155,1.64999,1209.33,732.928,0.0,0.0,0.534,0.323637,0.0,1,0.0020207055,0.2006516089,0.19839143639939658,Train
POLBUN_clean,4.31477,3.58843,4.31278,2.39943,670.094,279.272,0.0,0.0,0.4488,0.187045,0.0,0,0.0276871274,1.3430630537,1.359580079911883,Train
POLDOK_clean,5.06326,4.95206,5.06326,1.44271,500.914,347.204,76.3428,52.9162,0.4724,0.327439,0.0,1,0.0022739723,0.2113944666,0.20854234486439593,Test
POLDUQ_clean,5.0902,4.98067,5.0902,1.44184,520.517,361.01,59.0453,40.9514,0.471,0.326666,0.0,1,0.00207767,0.1923259266,0.19013228373497398,Train
POLYEW_clean,5.14291,3.60228,5.14291,1.21883,774.169,635.173,0.0,0.0,0.4678,0.38381,0.0,1,0.0053442266,0.4546532896,0.4491816821122013,Test
POMMAH_clean,14.83525,11.96507,14.83525,1.26278,1468.55,1162.95,199.616,158.076,0.7018,0.555756,0.00015838,1,0.0023342103,0.2219288839,0.23475563712320832,Test
POMSER_clean,7.01968,3.83495,7.01968,1.10319,1326.02,1201.98,0.0,0.0,0.5236,0.474622,0.0,1,0.002829563,0.280774608,0.26923083960637695,Test
POMSOB_clean,5.67937,4.56222,5.67937,1.11643,1180.95,1057.79,0.0,0.0,0.5376,0.481534,0.0,1,0.003099369,0.2973829863,0.29421910804307727,Test
PONPOX_clean,4.5617,3.77666,4.56065,2.3716,853.999,360.095,0.0,0.0,0.4606,0.194215,0.0,0,0.0335612816,1.5733434068,1.5544470661047007,Train
PONSOC_clean,7.4772,6.20805,7.45867,0.784087,1906.95,2432.06,0.0,0.0,0.6546,0.834856,0.0,1,0.0027819946,0.2878750098,0.27564476821430867,Train
PORGAE_clean,5.87412,3.87625,5.87412,2.28472,891.425,390.167,0.0,0.0,0.4496,0.196785,0.0,0,0.01078645,0.6938352415,0.6896484684353852,Train
PORLAL_clean,9.41867,8.86897,9.41275,1.10001,1269.94,1154.48,0.0,0.0,0.5682,0.516538,0.0,1,0.0013613415,0.1277063072,0.13212616009750208,Test
PORLEP_clean,7.93943,4.67024,7.92199,1.76214,638.871,362.555,235.766,133.795,0.4966,0.281817,0.0,1,0.0012766692,0.1166234978,0.12014358183675511,Test
PORVID_clean,7.37109,6.82741,7.37109,1.40599,1511.82,1075.27,0.0,0.0,0.5614,0.399292,0.0,1,0.0025260987,0.2423804024,0.24821571166157147,Test
PORVUO_clean,4.67797,3.97904,4.67797,1.06036,1507.72,1421.89,0.0,0.0,0.5284,0.498321,0.0,0,0.0063801418,0.5784764401,0.5805289503561977,Test
POSFIO_clean,6.80619,3.42889,6.79194,1.15852,1000.28,863.415,0.0,0.0,0.5272,0.455065,0.0,1,0.0030543757,0.2723199536,0.2890325459980597,Test
POSGAH_clean,6.19197,4.53531,6.16887,1.09324,1845.26,1687.87,0.0,0.0,0.5814,0.531812,0.0,0,0.0040274655,0.3834780624,0.38185321690800944,Test
POTNET_clean,4.90891,3.62196,4.89268,1.35117,1395.4,1032.74,0.298007,0.220556,0.5558,0.411349,0.0,1,0.0029617965,0.2822373582,0.280635308417593,Test
POTREX_clean,14.70007,10.79864,14.70007,0.483438,2025.11,4188.97,0.0,0.0,0.7802,1.61386,0.0,1,0.0030314721,0.2894673877,0.299094003410796,Train
POYPAW_clean,7.97392,4.92371,7.96142,0.954107,1622.71,1700.76,0.0,0.0,0.5818,0.609785,0.0,0,0.0050567935,0.4702583582,0.46280594681969656,Test
POZHUI_ion_b,9.39252,3.7857,9.39207,1.30542,878.942,673.301,73.4571,56.2708,0.5296,0.405693,0.0,0,0.0023648887,0.19367925,0.20397904699496605,Train
PUDSIR01_clean,6.99715,5.84689,6.98056,1.03177,2165.84,2099.14,0.0,0.0,0.6538,0.633665,0.0,1,0.0030121882,0.2825804194,0.29141563992448427,Test
PUDSIR_clean,6.84685,5.37896,6.83632,1.0569,2169.92,2053.1,0.0,0.0,0.647,0.61217,0.0,1,0.0028728067,0.2882279496,0.27647362503664363,Test
PUDSOX_clean,7.03254,5.77219,7.03254,1.04422,2164.07,2072.42,0.0,0.0,0.654,0.626304,0.0,1,0.0029707519,0.2785725971,0.28941153115126067,Train
PUDSUD_clean,7.08521,6.02588,7.08155,0.996555,2169.83,2177.33,0.0,0.0,0.6624,0.66469,0.0,1,0.0028027615,0.2830815265,0.2770283607870191,Test
PUFRIR_clean,5.81593,4.39318,5.8122,0.99503,2005.1,2015.11,0.0,0.0,0.6314,0.634554,0.0,1,0.0021537924,0.2256110266,0.2185919577520402,Train
PUGGOP_clean,8.14998,6.76772,8.12163,0.920168,2113.5,2296.86,0.0,0.0,0.6298,0.68444,0.0,1,0.0048282622,0.4120755078,0.44804407826110815,Test
PUGPEO_clean,9.53093,8.66388,9.24995,1.0567,1899.67,1797.75,0.0,0.0,0.6656,0.629888,0.0,1,0.0023560733,0.2252750884,0.23131400144073078,Test
PUGSER_clean,9.40538,8.82837,9.39896,0.800645,2377.49,2969.47,0.0,0.0,0.7256,0.906269,0.0,1,0.0027186314,0.2681191112,0.2648306874483598,Train
PUGSOB_clean,9.50607,8.86576,9.50607,0.864037,2169.58,2510.98,0.0,0.0,0.6944,0.803669,0.0,1,0.0035448664,0.3450258407,0.33986921466024717,Train
PUGSUH_clean,9.30915,8.71365,9.30507,0.821567,2358.23,2870.4,0.0,0.0,0.708,0.861767,0.0,1,0.0030281407,0.303833668,0.2974389058502286,Train
PUJJEL_clean,9.07645,8.51256,9.07645,1.13917,1399.12,1228.2,0.0,0.0,0.572,0.502121,0.0,0,0.0016432994,0.1584773359,0.15740417992814296,Test
PUJQEQ_clean,7.62791,6.18953,7.62791,0.66886,2115.6,3163.0,0.0,0.0,0.6814,1.01875,0.0,1,0.0023400189,0.2444813359,0.2378280192707497,Train
PUKSUL_clean,6.59798,4.14111,6.57182,1.5702,2804.07,1785.8,0.0,0.0,0.6962,0.443383,0.0,1,0.0005992375,0.0585000185,0.05824634544110871,Test
PUKVAU_clean,6.34308,4.86227,6.34308,1.0986,1347.83,1226.86,0.0,0.0,0.5706,0.519389,0.0,1,0.0015220398,0.1462273596,0.14764628138053074,Train
PULMIU_clean,7.09135,4.01215,7.09135,1.0722,1770.87,1651.63,0.0,0.0,0.6158,0.574336,0.0,1,0.0035421861,0.3342626114,0.3386334686540167,Test
PUMDIM_clean,7.80071,4.22996,5.62381,1.22507,393.72,321.387,874.299,713.674,0.564,0.460383,0.0,1,0.0039585171,0.3832682853,0.33910067101307484,Test
PUMGIP01_clean,5.45506,3.48614,5.2674,1.17898,397.642,337.276,548.508,465.24,0.493,0.418158,0.0,1,0.0036349582,0.3235425483,0.32550508619661717,Test
PUMNIV_clean,5.71977,3.98662,5.71104,1.66821,1567.24,939.473,0.0,0.0,0.6384,0.382685,0.0,1,0.0010930688,0.1118697937,0.10822933613649746,Train
PUMNOB_clean,5.46311,3.57221,5.46311,1.50782,1496.51,992.504,0.0,0.0,0.6142,0.407344,0.0,1,0.0010568986,0.1049131964,0.11122350918042281,Test
PUNSIB_clean,5.01625,3.57988,5.00209,1.32619,942.101,710.383,0.0,0.0,0.5344,0.402959,0.0,0,0.0014381994,0.1391785277,0.13762989405639517,Test
PUPHUE_clean,7.11215,6.70655,7.11215,0.937093,954.53,1018.61,0.0,0.0,0.5324,0.56814,0.0,1,0.0022163129,0.2150595326,0.2125132319987822,Test
PUQDOW_clean,5.15222,4.10448,5.15222,1.41779,682.397,481.312,0.0,0.0,0.4322,0.304841,0.0,0,0.0021914511,0.2025299921,0.20037181669527632,Train
PUQXUV_clean,5.37589,5.08075,5.29758,1.50363,233.241,155.118,324.657,215.915,0.4578,0.304462,0.0,1,0.0057393734,0.3891766083,0.38991187491551216,Train
PUQYAC_clean,5.36415,5.07421,5.36415,1.50028,235.559,157.01,320.725,213.777,0.4614,0.307543,0.0,1,0.0054947556,0.3844522845,0.3797715330798408,Train
PURJES_clean,6.1741,5.21501,6.1741,1.07844,1412.21,1309.49,0.0,0.0,0.5678,0.526503,0.0,1,0.0063731311,0.5630282971,0.5648658766309927,Train
PURJIW_clean,8.03037,6.16762,8.02661,0.894418,1849.84,2068.21,0.0,0.0,0.6498,0.726506,0.0,1,0.0027998056,0.2732739199,0.2772070953658824,Test
PURNEX_clean,5.09479,3.51841,5.0825,3.89183,1036.85,266.417,0.0,0.0,0.4494,0.115473,0.0,1,0.0004121896,0.0383581272,0.03926800727355631,Train
PURNIB_clean,4.73361,3.41508,4.65301,3.6233,403.306,111.309,0.0,0.0,0.3372,0.0930644,5.52e-05,1,0.0003123318,0.0315120719,0.028709306461685957,Train
PURSOK_clean,4.44828,3.48673,4.44828,1.3532,940.252,694.837,0.0,0.0,0.521,0.385014,0.0,1,0.0027351292,0.2587480586,0.25676863161736574,Train
PUSXIL_charged,6.89815,4.80142,6.88952,1.16087,2151.45,1853.3,0.0,0.0,0.6554,0.564577,0.0,0,0.0045929892,0.4489991393,0.4305549435460372,Test
PUTYAE_charged,4.56339,3.8937,4.54416,1.48208,836.49,564.403,0.0,0.0,0.5,0.337364,0.0,0,0.0046156275,0.4194936469,0.4133388928848953,Test
PUTYEI_clean,6.07481,4.74641,6.03797,1.15301,1967.9,1706.74,0.0,0.0,0.6112,0.530089,0.0,0,0.003841065,0.3665213687,0.36488970401867715,Train
PUVJOG_clean,5.99071,5.7142,5.99071,1.16612,1343.68,1152.27,0.0,0.0,0.5688,0.487772,0.0,0,0.0021877239,0.2142042343,0.21156900810092083,Test
PUWCUF_clean,5.62914,3.92719,5.62914,1.20596,1932.54,1602.49,0.0,0.0,0.6014,0.49869,0.0,1,0.0036637362,0.3429588067,0.349534584454321,Test
PUWDAM_clean,9.00542,5.91155,9.00542,0.805702,2374.94,2947.67,0.0,0.0,0.7118,0.883453,0.0,0,0.0053790065,0.5011215846,0.49902436169205144,Train
PUWDEQ_charged,5.82315,4.48921,5.82315,0.959455,1620.28,1688.75,0.0,0.0,0.56,0.583665,0.0,1,0.0032046821,0.3050641452,0.3108438817171584,Test
PUWDIU_clean,8.22754,6.95777,8.22754,1.0931,2055.27,1880.23,0.0,0.0,0.6384,0.584028,0.0,1,0.0029019741,0.2867404775,0.27745330268361357,Test
PUWDOA_clean,10.50578,8.82117,10.50578,0.768678,1898.43,2469.74,0.0,0.0,0.689,0.896344,0.0,1,0.0033883736,0.3353481814,0.32699033301359154,Train
PUWVAG_clean,4.80954,3.64569,4.72725,1.26832,891.081,702.566,0.0,0.0,0.4874,0.384287,0.0,1,0.0066144906,0.5525805804,0.556479712650757,Train
PUWXAH_clean,4.52797,3.58309,4.52797,1.5745,738.046,468.749,0.0,0.0,0.4104,0.260654,0.0,0,0.0011818122,0.1169606385,0.11340014821393007,Test
PUYHOI_clean,8.13748,6.87673,8.13748,1.50852,1009.54,669.222,0.0,0.0,0.5634,0.373478,0.0,1,0.000464401,0.0516540593,0.04565476051412415,Train
PUYZUF_clean,5.69776,3.92558,5.6607,1.26995,1498.86,1180.25,0.0,0.0,0.59,0.464585,0.0,0,0.0042645643,0.3876858995,0.3994015534483718,Test
PUZJOL_clean,4.83061,4.03981,4.83061,1.24259,1148.92,924.616,0.0,0.0,0.519,0.417676,0.0,0,0.0054733256,0.5007884048,0.4889896239685035,Train
PUZKOM_clean,5.73239,3.68789,5.71092,1.28608,1004.7,781.21,0.0,0.0,0.5098,0.396397,0.0,1,0.0044792244,0.3965210354,0.3963595034302606,Train
PUZKUS_clean,5.50979,4.91819,5.49321,1.14051,1329.3,1165.53,0.0,0.0,0.5506,0.482765,0.0,1,0.0054052651,0.5022503763,0.48756731647226215,Train
PUZLAZ_clean,6.70975,6.33216,6.70975,1.05033,2275.23,2166.2,0.0,0.0,0.6682,0.636179,0.0,0,0.0045746615,0.4394024964,0.4385725307434158,Train
PUZLUS_clean,15.09144,8.39804,15.08737,0.46153,2323.48,5034.3,0.0,0.0,0.8014,1.7364,0.0,0,0.0028456989,0.2903757542,0.2862650727420303,Train
PUZMAZ_manual,16.4214,9.23775,16.40927,0.447552,2179.79,4870.46,0.0,0.0,0.7972,1.78124,0.0,0,0.0027541294,0.2766015851,0.276898432767425,Test
PUZTOV_clean,7.33778,6.60028,7.33778,1.18441,1668.47,1408.69,0.0,0.0,0.6108,0.5157,0.0,1,0.0028025498,0.2783740765,0.2744185467134665,Test
PYDCUT_clean,5.31645,4.73242,5.31645,1.56466,1273.49,813.911,0.0,0.0,0.5466,0.349342,0.0,0,0.0026317742,0.2435581765,0.24567957430561554,Train
QADBII_clean,4.90485,4.23271,4.90165,1.42586,539.675,378.491,0.0,0.0,0.4884,0.34253,0.0,0,0.0023900933,0.2082453968,0.21489338532954122,Train
QADWEA_clean,4.644,4.03482,4.644,1.80951,763.808,422.108,0.0,0.0,0.4542,0.251007,0.0,0,0.0032071382,0.2917619727,0.28808641756540726,Test
QADWIE_clean,4.58512,3.92708,4.57664,1.84741,722.607,391.146,0.0,0.0,0.4522,0.244775,0.0,0,0.0031840306,0.2803837801,0.28166144814983646,Train
QADWOK_clean,4.58729,3.99418,4.55638,1.86546,733.177,393.026,0.0,0.0,0.4474,0.239833,0.0,0,0.0030776046,0.2898008531,0.27859544722346125,Train
QADWUQ_clean,4.54229,3.95239,4.49763,1.89145,716.655,378.892,0.0,0.0,0.4464,0.236009,0.0,0,0.0030857749,0.2795911543,0.27906635991694306,Test
QADXAX_clean,4.50897,3.9304,4.4621,1.90926,707.48,370.552,0.0,0.0,0.4456,0.233389,0.0,0,0.0031018327,0.2728085481,0.27763363551452247,Test
QAGDIO_clean,12.81046,10.08472,12.79582,0.728225,1959.77,2691.16,0.0,0.0,0.7164,0.983763,0.0,1,0.0026740083,0.2804209081,0.26083741878911343,Test
QAGQEW_clean,16.48295,9.14033,16.48295,0.959417,1239.84,1292.29,398.029,414.866,0.701,0.730652,0.0,1,0.0033727745,0.3159198912,0.31815138301927753,Train
QAGTOH_clean,4.99286,4.09874,4.71178,1.12214,865.652,771.429,0.0,0.0,0.4996,0.44522,0.0,0,0.0037643721,0.3518243869,0.3454541832831691,Test
QAJKIV_clean,4.24125,3.62097,4.24125,2.37718,709.122,298.303,0.258537,0.108758,0.4518,0.190057,0.0,0,0.0293531865,1.4074857396,1.3976222911719212,Train
QALGUH_SL,7.81866,7.32218,7.81866,0.998911,1796.0,1797.96,0.0,0.0,0.6356,0.636293,0.0,0,0.0027561061,0.2627630783,0.27118493820840356,Train
QALHAO_clean,7.68357,4.14824,7.68357,1.41986,1680.89,1183.84,0.0,0.0,0.6244,0.439761,0.0,1,0.0015257799,0.1533519762,0.14723371130428145,Train
QALHES_clean,7.67318,4.16213,7.67318,1.424,1678.65,1178.83,0.0,0.0,0.625,0.438904,0.0,1,0.0015952651,0.1536448757,0.15384955775239778,Train
QALHIX_clean,10.92504,5.92348,10.86207,0.740473,2226.36,3006.67,0.00873198,0.0117924,0.7394,0.998552,0.0,1,0.0025969706,0.2607887952,0.25593622906551317,Test
QALWUV_clean,7.07527,5.39947,6.79315,0.842522,2364.13,2806.02,0.0,0.0,0.7084,0.840809,0.0,0,0.0012176776,0.1218806961,0.12242254941897959,Test
QAMVEH01_clean,5.82556,4.59087,5.81673,0.990751,1901.06,1918.81,0.0,0.0,0.6228,0.628614,0.0,1,0.0043927579,0.4230332615,0.42125750078279345,Train
QAPQEE_clean,4.84641,3.70884,4.84641,1.26705,1206.55,952.253,0.0,0.0,0.5406,0.426661,0.0,1,0.0021149845,0.2061376268,0.2102564392381107,Train
QAQHOG_clean,4.07536,3.5864,4.07536,2.36311,463.12,195.979,0.0,0.0,0.3764,0.159282,0.0,1,0.0051131228,0.3906854213,0.40033692344450456,Test
QAQMON_clean,13.97996,12.87565,13.97503,0.607595,2338.25,3848.36,0.0,0.0,0.7644,1.25807,0.0,1,0.0031370273,0.311076232,0.3143855966908151,Train
QAQNOO_clean,9.00524,7.79992,9.00524,0.836247,1935.23,2314.19,0.0,0.0,0.674,0.805982,0.0,1,0.0017696649,0.1590656496,0.1758556563021878,Train
QAQRUW_clean,6.65732,4.64818,6.52021,0.851853,2010.6,2360.27,0.0,0.0,0.621,0.728999,0.0,1,0.0039486332,0.3866690288,0.37793597474254953,Train
QAQSAD_clean,5.24683,3.85843,5.23776,1.22144,1138.43,932.039,0.0,0.0,0.537,0.439646,0.0,1,0.0031749244,0.2850675843,0.2994201175779981,Test
QARCET_clean,5.6311,3.58556,5.5035,1.43101,772.342,539.717,0.0,0.0,0.4414,0.308453,0.0,0,0.0031365919,0.2772817723,0.2787828090923049,Train
QASSUZ_clean,8.20384,7.94678,8.20384,1.22317,850.148,695.037,0.0,0.0,0.3894,0.318353,0.0,1,0.000203065,0.0212064751,0.02355543730623849,Train
QATHOK_clean,9.29834,6.48945,9.29621,1.21668,1222.78,1005.01,0.0,0.0,0.5554,0.456489,0.0,0,0.0013161966,0.1255494637,0.12678700834105855,Train
QATKII_clean,5.10915,3.79672,5.10915,1.21674,1321.26,1085.9,0.0,0.0,0.55,0.452026,0.0,0,0.0048461123,0.4431027683,0.43971578071869877,Train
QATKOO_clean,5.44759,3.80722,5.43097,1.23164,1414.07,1148.12,0.0581087,0.0471799,0.5662,0.459712,0.0,0,0.0048351073,0.4424321436,0.43565745545070433,Test
QATLEE_clean,5.57595,4.31452,5.57595,1.46536,813.962,555.469,0.0,0.0,0.467,0.318693,0.0,1,0.0070567178,0.518942638,0.5714806780942168,Test
QATPOR_clean,4.01523,3.48616,4.00077,2.44828,405.938,165.805,0.0,0.0,0.3718,0.151862,0.0,1,0.0051700193,0.3823406539,0.3923446236856725,Train
QATVUE_clean,6.38161,3.71559,6.38161,1.03389,1164.63,1126.45,0.0,0.0,0.5572,0.538935,0.0,0,0.0075533486,0.6538056469,0.6525576330101739,Train
QATXIU_clean,7.14794,6.36836,7.14653,1.22477,1332.85,1088.25,75.8051,61.8933,0.5956,0.486296,0.0,0,0.0016002323,0.1592331617,0.16131209815589043,Train
QAVBUL_clean,12.14778,9.97355,12.14778,1.03126,1437.46,1393.89,0.0,0.0,0.626,0.607023,0.0,1,0.0013811053,0.1384026377,0.13099664163581073,Test
QAVPIO_clean,5.30738,4.3707,5.28519,1.74559,1115.19,638.858,0.0,0.0,0.453,0.25951,0.0,0,0.0124629471,0.960926703,0.9477418811444333,Train
QAVWAN_clean,6.3577,4.74176,6.3577,1.14455,1283.39,1121.31,0.0,0.0,0.5318,0.464638,0.0,1,0.0041463469,0.3918503291,0.3827233739487276,Train
QAWDID_clean,8.86764,6.4582,8.76206,0.663333,2493.74,3759.41,0.0,0.0,0.781,1.17739,0.0,1,0.0021006574,0.2046040319,0.21136434596570963,Test
QAWPIO_clean,5.34571,3.76875,5.30515,1.53902,932.084,605.634,189.024,122.821,0.49,0.318384,0.0,1,0.0016660992,0.1697900745,0.1574013856462767,Test
QAWREM_clean,4.54212,3.52572,4.54212,1.85502,694.124,374.186,0.0,0.0,0.4334,0.233636,0.0,1,0.0033912635,0.2923933289,0.3052428009763292,Test
QAWRIQ_clean,4.49398,3.4919,4.49398,1.89418,683.645,360.919,0.0,0.0,0.429,0.226483,0.0,1,0.0038356798,0.3238187659,0.3312171283553982,Test
QAYTOZ_charged,6.37317,3.74212,6.3597,1.3114,1057.91,806.699,0.0,0.0,0.5622,0.428702,0.0,0,0.0017172344,0.1669059701,0.16339166936866112,Train
QEBGAH_clean,5.50168,5.08562,5.49191,1.08026,1235.17,1143.4,0.0,0.0,0.5322,0.492658,0.0,0,0.0053799463,0.4954120557,0.48299678954124925,Train
QEBGEL_clean,6.08453,4.84553,6.08453,1.01993,1460.11,1431.58,0.0,0.0,0.5522,0.54141,0.0,0,0.0038549373,0.3666931901,0.3636564570862242,Test
QEBKUF_SL,9.81772,5.95471,9.68668,0.686123,2457.39,3581.56,0.0,0.0,0.7136,1.04005,0.0,0,0.0034615061,0.3339471585,0.3355097779501209,Train
QEFNAQ_clean,6.2895,4.867,6.2895,1.2915,870.104,673.714,94.8179,73.4166,0.5222,0.404335,0.0,1,0.0033523982,0.3227376113,0.3026808180388097,Test
QEFWUV_clean,32.36037,28.26773,32.35632,0.473548,1565.06,3304.96,0.0,0.0,0.826,1.74428,0.000422344,1,0.0025117129,0.246451406,0.24982344867075518,Test
QEGGUE_charged,7.78517,6.64702,7.63417,0.868362,1997.41,2300.2,0.0,0.0,0.6528,0.75176,0.0,1,0.0031731451,0.3001909257,0.30658866985997085,Train
QEGHEP_clean,5.21452,3.49325,5.21452,1.29869,492.691,379.376,29.3469,22.5974,0.4466,0.343886,0.0,0,0.0011091335,0.1079121613,0.10318257279303392,Train
QEJYIP_clean,5.79435,3.44834,5.51643,1.42081,1141.45,803.374,0.0,0.0,0.5468,0.38485,0.0,0,0.0040747858,0.3688678262,0.37696755144497884,Test
QEPZOB_clean,6.00756,3.91744,6.00756,0.930353,1597.61,1717.21,0.801378,0.86137,0.6088,0.654376,0.0,1,0.0018698663,0.1830245927,0.1848476771664298,Test
QEPZUH_charged,10.55832,7.30371,10.53934,0.591685,2336.09,3948.21,0.0,0.0,0.7172,1.21213,0.0,1,0.002322657,0.2295173677,0.23418978172133437,Train
QEQZUH_clean,7.20474,5.54936,7.20474,2.98733,1121.05,375.269,0.0,0.0,0.4558,0.152577,0.0,0,0.0065715587,0.4871234167,0.4780903811593726,Test
QERWAL_clean,6.23685,3.59052,6.23393,0.96089,1663.57,1731.28,0.0,0.0,0.5974,0.621716,0.0,0,0.0037499929,0.3553709,0.36169488806546557,Train
QERZUI01_clean,4.40066,3.54145,4.40066,1.45403,577.348,397.068,0.0,0.0,0.4282,0.294492,0.0,1,0.0063874717,0.548224394,0.5381531587083497,Train
QESLOQ_clean,6.6747,4.69389,6.6747,2.0556,1217.11,592.095,0.0,0.0,0.5328,0.259195,0.0,1,0.0029696873,0.29281062,0.27567380277412584,Test
QESYOD_clean,7.06657,4.49673,7.06657,1.70049,1062.54,624.842,0.0,0.0,0.5092,0.299443,0.0,0,0.0008054061,0.0828798124,0.07700086813456619,Train
QETCUO_clean,6.89128,4.79138,6.89128,1.23174,1603.73,1302.0,0.0,0.0,0.5742,0.46617,0.0,1,0.0024885443,0.2347111752,0.24250492140650165,Test
QETHUT_clean,5.64185,3.41958,5.64104,1.68813,1127.74,668.04,0.0,0.0,0.4972,0.294527,0.0,0,0.0255634614,1.562475993,1.5856665915204653,Train
QEVKOS_clean,4.71244,3.94029,4.71244,1.86641,753.543,403.738,0.0,0.0,0.4654,0.249355,0.0,0,0.0016943887,0.1532863155,0.16457352758028992,Train
QEWDON_clean,6.85219,4.97206,6.85219,1.41693,1021.65,721.035,55.4121,39.1073,0.5212,0.367839,0.0,1,0.0071031319,0.5614718571,0.5596946583061867,Train
QEZZOL_clean,6.25588,3.45747,6.04611,1.73068,941.451,543.977,0.0,0.0,0.483,0.279081,0.0,1,0.0008968356,0.0921271375,0.08655254250466557,Test
QIBTAW_charged,6.28512,4.05802,6.25084,1.12019,652.48,582.474,6.74798,6.02397,0.4704,0.41993,0.0,0,0.0013762802,0.1339028835,0.12839689474309057,Test
QIBTEA_charged,4.9353,3.89407,4.5236,1.1906,316.412,265.757,11.2356,9.43686,0.4206,0.353266,0.0,0,0.001651725,0.1574405989,0.1505812924731802,Train
QIGBIR_clean,5.14127,4.23557,5.11201,2.30609,2556.32,1108.51,0.0,0.0,0.6426,0.278653,0.0,1,0.0005507735,0.0516135793,0.05264205281909687,Train
QIHXIQ_clean,9.72743,8.74819,9.72743,0.867164,1773.91,2045.64,0.0,0.0,0.6572,0.757873,0.0,1,0.0015657724,0.1637147546,0.16003101738866612,Train
QIJLAW_clean,8.05446,5.26641,8.05325,0.671267,2454.25,3656.15,0.0,0.0,0.7174,1.06873,0.0,0,0.0015168337,0.1566310879,0.15409224422244044,Test
QIPROY_clean,5.10002,3.64368,4.72082,0.794412,2326.28,2928.3,0.0,0.0,0.6568,0.826775,0.0,1,0.0034173435,0.3399381903,0.33514779286763824,Test
QIQTAN_clean,5.97055,4.70307,5.97055,1.22492,943.091,769.92,0.0,0.0,0.5008,0.408843,0.0,1,0.0022465358,0.2096404049,0.20795008411296806,Train
QIQZIB_clean,8.62906,4.33786,8.62906,1.28033,1914.7,1495.48,0.0,0.0,0.6336,0.494873,0.0,1,0.0022963078,0.2269375478,0.22524254662910825,Test
QIRWAR_clean,5.03603,3.89356,5.03603,1.34872,1809.31,1341.5,0.0,0.0,0.6038,0.447684,0.0,1,0.003214995,0.3183627226,0.30890051596631557,Train
QIRYAS_clean,6.80431,4.28089,6.76896,1.43909,1279.9,889.381,0.0,0.0,0.5066,0.352029,0.0,1,0.0024793645,0.2383807811,0.2375933105726508,Train
QISNAJ_clean,6.86275,5.39635,6.82883,1.05954,2863.52,2702.61,0.0,0.0,0.7298,0.688789,0.0,1,0.0015244133,0.1604021598,0.1526649355431531,Train
QISNEN_clean,6.73584,5.39558,6.7159,1.14249,2865.04,2507.71,0.0,0.0,0.739,0.646833,0.0,1,0.001583329,0.1495879579,0.15787286498489037,Train
QISNIR_clean,6.57248,5.45743,6.53468,1.21872,2929.79,2404.0,0.0,0.0,0.7294,0.598499,0.0,1,0.0013886541,0.1330554349,0.13448388604099196,Test
QITDOO_clean,4.51149,3.70593,4.5073,1.60486,623.741,388.657,0.0,0.0,0.4184,0.260708,0.0,1,0.0019303471,0.1841826159,0.1729659618960293,Test
QITXAU_clean,5.33833,4.09777,5.32992,1.02323,1464.2,1430.95,0.0,0.0,0.5698,0.556862,0.0,0,0.0031384602,0.291837773,0.30457299025744805,Test
QITYOI_clean,5.05446,3.86932,5.05446,1.38238,1280.1,926.009,0.0,0.0,0.5378,0.389038,0.0,1,0.0014682482,0.1504458519,0.14400763658956195,Test
QIVJAG_clean,6.03486,4.47657,5.9683,0.924756,2925.59,3163.63,0.0,0.0,0.7036,0.760849,0.0,1,0.0015330542,0.1538922472,0.15439081170662103,Train
QIVQAP_clean,5.96532,3.96258,5.96532,1.08722,942.027,866.452,0.0,0.0,0.4728,0.434869,0.00073582,1,0.0022006821,0.2011022214,0.2030678838799731,Train
QIVYUR_clean,4.21696,3.7868,4.20902,1.26329,745.535,590.155,0.0,0.0,0.457,0.361755,0.0,0,0.0031984185,0.2942209206,0.3041529745036387,Test
QIWCOQ_clean,7.90536,6.37424,7.89587,0.88756,1705.8,1921.9,0.0,0.0,0.6366,0.717248,0.0,1,0.0033755416,0.3243335472,0.3268620410624923,Train
QIWDOR_clean,4.59203,4.06699,4.58575,1.55074,682.335,440.007,0.0,0.0,0.3988,0.257168,0.0,1,0.0026161038,0.2412476749,0.23000413349276255,Test
QIWGOU_clean,4.95412,3.59777,4.40809,1.51133,204.724,135.46,222.59,147.281,0.4446,0.294179,0.0,1,0.0010951376,0.1022991425,0.12158890585390447,Test
QIWPET_clean,6.87756,5.53647,6.83784,1.18214,1480.3,1252.22,0.0,0.0,0.543,0.459336,0.0,1,0.0033336201,0.3168358144,0.3138167883765534,Test
QIXNES_clean,5.40564,4.53621,5.32703,1.33406,1524.22,1142.54,0.0,0.0,0.5456,0.408976,0.0,1,0.002941073,0.2838732492,0.27822304814642446,Train
QIXNIW_clean,5.3327,4.51343,5.26398,1.68575,1489.56,883.622,0.0,0.0,0.5396,0.320096,0.0,1,0.0020918704,0.2089605113,0.20258379647814,Train
QIXSOG01_clean,7.54214,5.04155,7.54214,0.607311,2915.58,4800.8,0.0,0.0,0.7764,1.27842,0.0,1,0.0013937874,0.1526197239,0.1374745967844634,Test
QIXSOG_clean,7.51562,5.04263,7.51562,0.608086,2919.24,4800.71,0.0,0.0,0.776,1.27614,0.0,1,0.001513566,0.1512440847,0.15497559688800047,Test
QIYDAF_clean,22.97967,8.76388,22.97967,0.403152,1832.34,4545.03,0.0,0.0,0.8334,2.06721,0.0,1,0.0024417753,0.2520264619,0.2465157695851229,Train
QIYDEJ_clean,22.48969,11.55679,22.48969,0.431427,1897.73,4398.73,0.0,0.0,0.814,1.88676,0.0,1,0.0028385412,0.2829825997,0.2788841090475755,Train
QIYDIN01_clean,21.60142,10.45655,21.53105,0.395741,1819.65,4598.09,0.0,0.0,0.8328,2.10441,0.0,1,0.0024702886,0.244765939,0.24624315170449254,Train
QIYDIN_clean,29.975,15.02249,29.83505,0.197643,1310.13,6628.79,0.0,0.0,0.9182,4.64576,0.0,1,0.0032557004,0.3220654939,0.3339513557829795,Test
QIYDOT_clean,19.81856,17.06364,19.63981,0.211978,1346.05,6349.95,0.0,0.0,0.9118,4.30139,0.0,1,0.0029310494,0.3189975047,0.3085436851368681,Train
QIZLIW_clean,6.45845,5.65073,6.45505,1.52092,1546.0,1016.49,0.0,0.0,0.5696,0.374511,0.0,1,0.0016938191,0.1698935467,0.16832445501934934,Train
QOBGEV_clean,7.79609,3.48851,7.69085,1.10244,1557.79,1413.04,0.0,0.0,0.6186,0.56112,0.0,0,0.0041584667,0.3974907312,0.4008032812832585,Test
QOBPEE_clean,5.93943,5.1846,5.93943,1.67865,1062.24,632.793,0.0,0.0,0.4286,0.255324,0.0,0,0.0048742399,0.4218064301,0.41806664084830863,Train
QOCBUH_clean,5.62714,5.2779,5.62443,1.65942,1085.12,653.917,0.0,0.0,0.4334,0.261175,0.0,0,0.0040550267,0.3694162433,0.36608654327505497,Test
QOCRUW_clean,5.79604,4.18591,5.79604,1.38102,1479.67,1071.43,0.0,0.0,0.5506,0.398692,0.0,1,0.0028036622,0.2770960799,0.26971273157898656,Test
QOCSAD_clean,5.79442,4.21505,5.67699,1.39648,1468.21,1051.36,0.0,0.0,0.5488,0.392987,0.0,1,0.002924315,0.2698687299,0.2755399695667977,Test
QOCSEH_clean,5.70812,4.12503,5.70669,1.44217,1397.59,969.093,0.0,0.0,0.5398,0.374298,0.0,1,0.0028815931,0.2777049414,0.2705011844584621,Test
QODHUO01_clean,7.02176,3.66753,6.99115,1.3176,1021.05,774.937,0.0,0.0,0.496,0.376443,0.0,1,0.0017476925,0.1632679504,0.16902319376941932,Test
QODHUO02_clean,7.03734,3.63732,6.65847,1.31371,1014.75,772.431,0.0,0.0,0.5018,0.381972,0.0,1,0.0016510117,0.1609922316,0.15400387951659547,Test
QODHUO03_clean,7.01529,3.79079,6.96918,1.33247,1014.37,761.274,0.0,0.0,0.4906,0.368189,0.0,1,0.0017700035,0.1662399574,0.16980373087934286,Train
QODHUO04_clean,7.0665,3.70053,7.05456,1.31094,1039.62,793.032,0.0,0.0,0.501,0.382168,0.0,1,0.0016770411,0.162858916,0.15624355539872256,Train
QODHUO05_clean,7.05009,3.74248,7.03715,1.31954,1023.92,775.964,0.0,0.0,0.4934,0.373918,0.0,1,0.0016974929,0.1646261306,0.16437975853651327,Train
QODHUO06_clean,7.04216,3.76029,6.51395,1.3253,1016.32,766.86,0.0,0.0,0.4928,0.37184,0.0,1,0.0018183439,0.1653884221,0.17256577431126408,Test
QODHUO07_clean,7.03774,3.77448,6.9742,1.32931,1016.48,764.667,0.0,0.0,0.4848,0.364699,0.0,1,0.0017467629,0.1666462029,0.1696751460806568,Test
QODHUO08_clean,7.07082,3.72352,7.02334,1.31235,1023.45,779.863,0.0,0.0,0.497,0.378709,0.0,1,0.0017012114,0.1668414239,0.16437934214495875,Test
QODHUO09_clean,7.01869,3.81528,6.63722,1.33794,1007.41,752.957,0.0,0.0,0.4858,0.363096,0.0,1,0.0017560592,0.1700393294,0.1695948564075777,Test
QODHUO10_clean,7.01033,3.79821,6.75812,1.33845,1014.35,757.851,0.0,0.0,0.488,0.364601,0.0,1,0.0017820886,0.1695503474,0.17130462293574333,Train
QODHUO11_clean,7.01042,3.80896,6.9255,1.3366,1007.71,753.939,0.0,0.0,0.4868,0.364209,0.0,1,0.0017077187,0.1690297581,0.16428085127868713,Test
QODHUO12_clean,7.0091,3.78553,6.9949,1.33735,1014.06,758.26,0.0,0.0,0.4828,0.361012,0.0,1,0.0017439741,0.166327342,0.16956948254336782,Test
QODHUO13_clean,7.01938,3.75717,6.78624,1.32807,1011.93,761.958,0.0,0.0,0.4912,0.36986,0.0,1,0.001724452,0.1698487566,0.16937800458006447,Test
QODHUO_clean,7.01702,3.80696,7.00767,1.33459,1022.86,766.423,0.0,0.0,0.4802,0.35981,0.0,1,0.0017790932,0.1664464371,0.17018012556373135,Train
QODPOQ_clean,7.05519,3.79599,6.7273,1.31521,1027.79,781.463,0.0,0.0,0.4944,0.37591,0.0,1,0.0017634962,0.1657667789,0.17025392051465751,Test
QODQEH_clean,7.07208,3.67099,6.65977,1.31088,1023.42,780.716,0.0,0.0,0.4996,0.381118,0.0,1,0.0017123668,0.1638926575,0.16466172126872708,Train
QODSUZ_clean,7.02333,3.67551,6.68721,1.32015,1014.75,768.665,0.0,0.0,0.4954,0.375261,0.0,1,0.0017532703,0.1614923692,0.16934803667381992,Test
QOFBIY01_clean,7.02313,3.82948,7.02313,1.33462,1010.65,757.254,0.0,0.0,0.4866,0.364598,0.0,1,0.0017792998,0.1697502164,0.16978381717152632,Train
QOFBIY02_clean,7.03275,3.83288,6.70379,1.33192,1017.39,763.856,0.0,0.0,0.4894,0.36744,0.0,1,0.0017895256,0.1683948251,0.1715252295343615,Test
QOFBIY_clean,7.01606,3.82362,7.01606,1.3363,1014.56,759.23,0.0,0.0,0.4868,0.364289,0.0,1,0.0017541999,0.1696423801,0.16977042184395763,Test
QOFCAR_clean,7.04297,3.82338,7.04297,1.33044,1025.08,770.483,0.0,0.0,0.4874,0.366345,0.0,1,0.0017402556,0.1681494044,0.16996841369466242,Train
QOFCIZ_clean,7.04341,3.83129,7.04341,1.32486,1021.89,771.322,0.0,0.0,0.4928,0.371964,0.0,1,0.0017569888,0.1712245996,0.16996861456030649,Test
QOFCOF_clean,7.02932,3.80353,7.02932,1.32333,1025.15,774.676,0.0,0.0,0.4948,0.373906,0.0,1,0.0017495518,0.1678054437,0.16980255585480009,Test
QOFDAS_clean,7.03553,3.81631,6.66267,1.32324,1033.46,781.008,0.0,0.0,0.4904,0.370605,0.0,1,0.0017532703,0.1682646778,0.17012135189743527,Train
QOFDEW_clean,7.03046,3.79465,6.68948,1.32008,1029.49,779.869,0.0,0.0,0.4982,0.377401,0.0,1,0.0018183439,0.1690483506,0.17331592436335364,Train
QOFDIA01_clean,7.07034,3.75403,6.76838,1.31589,1019.32,774.626,0.0,0.0,0.4958,0.37678,0.0,1,0.0017132965,0.1672671916,0.16462989801978872,Test
QOFDIA02_clean,7.01083,3.77871,6.95045,1.33425,1016.66,761.974,0.0,0.0,0.4834,0.362301,0.0,1,0.0017077187,0.1699528744,0.1647050622741591,Train
QOFDIA05_clean,7.02958,3.74465,6.95589,1.32702,1017.45,766.718,0.0,0.0,0.49,0.36925,0.0,1,0.0016714634,0.167992298,0.15439877882690262,Test
QOFDIA06_clean,7.01624,3.71089,6.8329,1.32411,1025.99,774.855,0.0,0.0,0.4912,0.370967,0.0,1,0.0017328186,0.1642738033,0.16903081606350484,Test
QOFDIA07_clean,7.02954,3.71586,6.33543,1.32374,1036.28,782.845,0.0,0.0,0.4912,0.371071,0.0,1,0.0016370673,0.1644866871,0.15349479736159527,Test
QOFDIA08_clean,7.02793,3.71306,6.40493,1.32259,1024.02,774.255,0.0,0.0,0.4926,0.372451,0.0,1,0.0016779708,0.1651448607,0.1541369353418082,Test
QOFDIA_clean,7.0591,3.80398,6.95726,1.31482,1028.35,782.123,0.0,0.0,0.4968,0.377845,0.0,1,0.0017040002,0.1667419542,0.1652741988662908,Train
QOFDOG_clean,7.06378,3.79902,6.95616,1.31604,1025.34,779.109,0.0,0.0,0.4946,0.375823,0.0,1,0.0017597777,0.1662771423,0.1701999100308617,Test
QOFKUT_clean,5.30234,4.62006,5.27677,1.31152,1132.35,863.381,0.0,0.0,0.538,0.410209,0.0,1,0.0048510788,0.4401379905,0.43131141127206923,Test
QOFLAA_clean,9.67197,6.44372,9.67197,0.77122,2332.16,3023.99,0.0,0.0,0.771,0.999714,0.0,1,0.0015839455,0.164217353,0.1606467409535286,Train
QOFPAE_clean,5.80282,4.70685,5.79577,3.42955,1940.39,565.785,0.0,0.0,0.5998,0.174892,0.0,1,0.0007165468,0.0709071696,0.06854184544663833,Train
QOHTUD_clean,6.67584,5.81143,6.66422,1.12235,912.162,812.727,0.0,0.0,0.4922,0.438545,0.0,1,0.0008633911,0.0867380148,0.08382971368432324,Test
QOHYET_clean,5.66796,4.25652,5.66268,1.43346,1155.57,806.137,0.0,0.0,0.5024,0.350479,0.0,0,0.0037115026,0.3501734042,0.342117295898159,Train
QOJTUE_clean,4.99075,4.07072,4.98875,1.39072,1473.66,1059.64,0.0,0.0,0.5964,0.428841,0.0,1,0.0045818017,0.4265867598,0.4248184200801892,Train
QOJVAM_clean,5.27687,4.07489,5.26218,1.3881,1464.38,1054.95,0.0,0.0,0.585,0.421438,0.0,1,0.004526799,0.4115991472,0.4184177618070877,Test
QOKCID_clean,4.30865,3.85554,4.26496,1.71497,435.499,253.939,0.0,0.0,0.3688,0.215047,0.0,1,0.0032674624,0.2633005721,0.2683121832059821,Train
QOKKAE_clean,4.41255,3.41758,4.32307,1.9759,693.219,350.838,235.178,119.024,0.5434,0.275014,0.0,1,0.0012263231,0.1228299372,0.12038179958494785,Train
QOLVET_clean,4.18106,3.97053,4.18106,1.83396,707.407,385.727,0.0,0.0,0.4316,0.235338,0.0,0,0.0659193933,2.1877754057,2.1881373091427725,Train
QOMDUS_clean,5.73732,4.27265,5.65548,1.56934,1252.52,798.122,0.0,0.0,0.5388,0.343329,0.0,1,0.0027122351,0.243948215,0.24867493987800085,Test
QOMFEE_clean,6.23329,4.79223,6.23329,0.956504,2173.22,2272.05,0.0,0.0,0.6332,0.661994,0.0,1,0.0045650579,0.4261175554,0.4341930807197185,Test
QOMRUH_clean,5.91598,4.8393,5.90444,0.946458,2296.32,2426.22,0.0,0.0,0.6568,0.693956,0.0,1,0.0028563488,0.28337502,0.27852188604887124,Train
QOMSAO_clean,6.28295,5.19194,6.16876,0.913349,2335.71,2557.31,0.0,0.0,0.6626,0.725462,0.0,1,0.0024902124,0.260167792,0.2511934538600159,Test
QOMSES_clean,5.8822,4.848,5.86939,0.949674,2240.73,2359.47,0.0,0.0,0.658,0.692869,0.0,1,0.0028248271,0.2742361586,0.27769725550327073,Train
QOMTET_clean,4.76534,3.95054,4.76534,1.34356,1133.18,843.42,0.0,0.0,0.5016,0.373337,0.0,1,0.0046919869,0.4183145506,0.4248850093133645,Train
QONKUB_clean,6.24349,5.12734,6.13649,0.9162,2335.91,2549.56,0.0,0.0,0.6696,0.730845,0.0,1,0.0025872022,0.2667049027,0.25553262322140397,Test
QONLAI_clean,6.10211,4.91381,6.0286,0.939951,2318.74,2466.88,0.0,0.0,0.6558,0.697696,0.0,1,0.0028224024,0.2700510499,0.2779719964436036,Test
QONLEM_clean,5.90984,4.72024,5.82362,0.936419,2363.81,2524.31,0.0,0.0,0.6642,0.709298,0.0,1,0.0029363654,0.2718865814,0.2858912702308142,Test
QONLIQ_clean,6.00653,4.86996,6.00653,0.931336,2311.78,2482.22,0.0,0.0,0.6534,0.701573,0.0,1,0.0028030044,0.2711543086,0.277953520599655,Train
QONQAM_clean,6.95521,6.65822,6.95521,0.957388,1627.93,1700.38,0.0,0.0,0.609,0.636106,0.0,0,0.0038124185,0.3875514227,0.36532577469399863,Test
QONQEQ_manual,7.41052,7.00984,7.40327,0.944282,1611.38,1706.46,0.0,0.0,0.6124,0.648535,0.0,0,0.0045510064,0.4447052023,0.43798428113820387,Test
QOPCEE_clean,5.00224,4.42588,5.00224,2.00794,611.459,304.521,0.0,0.0,0.4062,0.202297,0.0,1,0.0019773238,0.1748077014,0.1728369843826359,Train
QOPDEE_clean,5.73867,3.59336,5.72178,2.09497,1040.44,496.637,0.0,0.0,0.5118,0.244299,0.0,0,0.0094401421,0.6563902867,0.6660411306490419,Train
QOPPES_clean,7.05411,5.65156,7.03914,0.967554,1983.39,2049.91,0.0,0.0,0.6408,0.662289,0.0,1,0.0025039587,0.2389266303,0.2475761159216969,Train
QOPPOC_clean,4.21204,3.56876,4.20993,1.51146,562.274,372.007,0.0,0.0,0.4702,0.31109,0.0,1,0.0047266032,0.4235984011,0.41950004315911293,Train
QOPZIF_clean,6.77563,4.15655,6.73512,1.06978,1861.11,1739.71,0.0,0.0,0.6378,0.596196,0.0,1,0.0037077772,0.3578399471,0.3598726019602442,Train
QOQWOK01_clean,8.63633,6.73186,8.63063,0.935461,1473.57,1575.23,0.0,0.0,0.5784,0.618305,0.0,0,0.0028041885,0.2874212413,0.2726742620631096,Test
QOQWOK_clean,8.39175,6.59132,8.39175,0.957359,1460.22,1525.26,0.0,0.0,0.566,0.59121,0.0,0,0.0030072902,0.2866180663,0.2926813549739648,Train
QOSJEP_clean,5.95986,5.08733,5.90424,1.45523,1476.39,1014.54,0.0,0.0,0.5466,0.37561,0.0,1,0.0019969081,0.2012531644,0.19147244560916188,Test
QOSJIT_clean,8.05472,3.98,7.82448,1.13518,1829.79,1611.9,0.0,0.0,0.6248,0.550399,0.0,1,0.0021433894,0.2112627296,0.21514788946964997,Train
QOSJOZ_clean,8.08316,3.97327,8.04054,1.14357,1840.46,1609.4,0.0,0.0,0.6224,0.54426,0.0,1,0.0021686269,0.2114348539,0.215507019778386,Test
QOSJUF_clean,6.12081,5.11749,6.09552,1.41231,1533.09,1085.52,0.0,0.0,0.5616,0.397647,0.0,1,0.0019426055,0.1964965729,0.18618692721019708,Test
QOSKAM_clean,8.09283,3.98695,8.04748,1.17505,1628.38,1385.79,0.0,0.0,0.6158,0.524061,0.0,1,0.0021754984,0.208726984,0.21292906192495012,Test
QOSXOM_clean,11.03802,8.53557,11.03802,1.03996,1270.59,1221.78,36.3048,34.91,0.5972,0.574255,0.0,1,0.0030302222,0.2705748734,0.27430693074222057,Train
QOTZEG_clean,6.98929,6.77562,6.98929,1.52277,1495.88,982.34,0.0,0.0,0.5546,0.364204,0.0,1,0.0027214043,0.2569639886,0.2547577137367214,Test
QOVDAH_clean,9.81819,9.19443,9.81819,1.3396,1377.74,1028.47,0.0,0.0,0.5818,0.434308,0.0,1,0.0007088575,0.0720134095,0.06977754667179675,Test
QOVDEL_clean,9.82811,9.16141,9.82811,1.34846,1344.96,997.404,0.0,0.0,0.5734,0.425224,0.0,1,0.0006333841,0.0675849,0.06345310279123711,Train
QOVSOL_clean,6.4221,3.84022,6.40906,1.13898,1211.49,1063.66,0.0,0.0,0.5446,0.478145,0.0,0,0.004257327,0.387340737,0.3922204263182896,Test
QOWLEU_clean_h,7.55178,5.63017,7.55178,1.41332,1270.28,898.791,0.0,0.0,0.5304,0.375286,0.0,0,0.0006138376,0.0642498246,0.06187515075608074,Train
QOWQUO_manual,16.36508,5.22924,16.36508,0.720668,2111.4,2929.78,0.0,0.0,0.7092,0.984087,0.0,1,0.0033253484,0.327697699,0.31626790995128723,Test
QOWRAV02_clean,16.40599,5.24588,16.39933,0.71711,2129.23,2969.18,0.0,0.0,0.7138,0.995384,0.0,1,0.0032532182,0.3159728651,0.31164577332164,Test
QOWRAV04_clean,16.39644,5.24663,16.39644,0.717349,2130.73,2970.28,0.0,0.0,0.7132,0.994216,0.0,1,0.0032502741,0.3137000285,0.31182800842631847,Test
QOWRAV05_clean,16.38928,5.24682,16.38928,0.717588,2130.87,2969.49,0.0,0.0,0.7132,0.993885,0.0,1,0.0034018947,0.3154657458,0.32484013408329504,Test
QOWRAV06_clean,16.3778,5.24265,16.37247,0.717908,2134.21,2972.83,0.0,0.0,0.7136,0.994,0.0,1,0.0034092549,0.3163239477,0.32465789897861663,Test
QOWRAV07_clean,16.36646,5.23896,16.35136,0.718227,2134.13,2971.38,0.0,0.0,0.7136,0.993558,0.0,1,0.0033849662,0.3157675149,0.32323578533977976,Train
QOWRAV08_clean,16.35712,5.2326,16.35248,0.718547,2136.57,2973.47,0.0,0.0,0.7128,0.992003,0.0,1,0.0033098919,0.3152110821,0.3135948668963176,Train
QOWRAV09_clean,16.34087,5.22933,16.33846,0.718946,2138.82,2974.94,0.0,0.0,0.7138,0.992842,0.0,1,0.0033400688,0.3179476127,0.31624494204432585,Train
QOWRAV10_clean,16.32287,5.22574,16.32052,0.719907,2137.74,2969.47,0.0,0.0,0.7132,0.990684,0.0,1,0.0034394318,0.3193372226,0.32616047222121136,Test
QOWRAV11_clean,16.31009,5.22559,16.30705,0.720949,2138.54,2966.28,0.0,0.0,0.7124,0.988141,0.0,1,0.0033695097,0.3182044844,0.3195920519121625,Test
QOWRAV12_clean,16.28739,5.21999,16.28739,0.722396,2138.93,2960.89,0.0,0.0,0.713,0.986993,0.0,1,0.0033658296,0.3163173235,0.3195920519121625,Train
QOXFIU_clean,5.39147,3.92821,5.39147,2.22853,612.028,274.634,150.125,67.3652,0.4354,0.195376,0.0,1,0.0005032975,0.0514589042,0.05169122795301939,Train
QOXNIB_clean,4.25979,3.61253,4.24685,2.02207,509.832,252.133,0.0,0.0,0.4388,0.217005,0.0,1,0.001689868,0.1529112742,0.16073360204863227,Test
QOYLOG_clean,5.80261,4.54109,5.79964,1.48289,1070.97,722.217,0.0,0.0,0.498,0.335831,0.0,1,0.0050376273,0.4299706311,0.43370449988454296,Train
QOZDOY_clean,5.27343,4.6547,5.27343,1.1624,1108.39,953.534,0.0,0.0,0.534,0.459394,0.0,1,0.0105152871,0.8413932123,0.8291815922753787,Train
QOZFUG_charged,7.42492,5.29699,7.42492,0.863696,1680.6,1945.82,0.0,0.0,0.6082,0.704183,0.0,1,0.0014641664,0.1595016465,0.14772549097265542,Test
QOZGAP_clean,4.8362,3.81563,4.76917,1.19541,1260.2,1054.2,0.0,0.0,0.5442,0.455241,0.0,1,0.0059432768,0.5467605311,0.5412073082151505,Train
QOZPIG_clean,4.54942,3.60193,4.54942,1.23234,1331.25,1080.26,0.0,0.0,0.5634,0.457179,0.0,0,0.0034688985,0.3393270624,0.3362226755184099,Train
QOZPOM_clean,4.94177,4.05577,4.93292,1.11879,802.645,717.419,483.544,432.201,0.5788,0.517342,0.0,0,0.0048067378,0.4271672581,0.4293337557421263,Train
QOZWAF_clean,8.11802,4.72444,8.10878,2.64249,1840.83,696.627,0.0,0.0,0.5864,0.221912,0.0,1,0.0002934925,0.0298400958,0.03062730586386675,Train
QUBWIU_clean,10.48256,4.17052,10.46235,1.23045,1614.41,1312.05,0.0,0.0,0.6222,0.505669,0.0,1,0.0012844799,0.1271463361,0.12862609189988303,Test
QUBZAP_clean,7.14967,3.85025,7.14967,1.8852,994.903,527.743,2.6105,1.38473,0.4918,0.260874,0.0,1,0.0008097939,0.0799893701,0.0788379970207908,Test
QUDGED_clean,9.12367,7.3846,9.12367,0.60089,2399.82,3993.78,0.0,0.0,0.7754,1.29042,0.0,1,0.0031989481,0.3087550038,0.3151573589621002,Test
QUDJIJ_clean,5.71523,4.47901,5.71444,1.04798,1842.24,1757.9,0.0,0.0,0.5918,0.564707,0.0,1,0.0043590908,0.4281324632,0.4143108679759534,Train
QUDJOP_clean,6.19638,4.53832,6.17045,1.05792,1773.86,1676.75,0.0,0.0,0.5902,0.557888,0.0,1,0.0051024997,0.499748503,0.48374089560315503,Test
QUFTAM_clean,4.97686,4.54571,4.97686,1.56592,814.078,519.872,0.0,0.0,0.4264,0.2723,0.0,1,0.0027267078,0.2476033146,0.2413881756788955,Test
QUGPAJ_charged,9.18799,6.4755,9.18799,2.98549,918.453,307.639,0.0,0.0,0.4726,0.158299,0.0,1,0.0001614721,0.0162581661,0.016780118705500613,Train
QUJJUC_clean,6.37183,4.25289,6.36461,1.09976,2598.54,2362.82,0.0821372,0.0746863,0.689,0.626499,0.0,0,0.0024000178,0.2385599319,0.23956784601308567,Train
QULLEP_clean,4.84676,3.51441,4.84676,1.2958,520.065,401.348,0.0,0.0,0.4678,0.361013,0.0,1,0.0021155851,0.1915154736,0.2020624133924489,Test
QULMIU_clean,10.29771,9.60437,10.29648,1.52872,1059.92,693.336,0.0,0.0,0.525,0.343424,0.0,0,0.0011640873,0.1266392981,0.10940384508607073,Test
QUMFUB_clean,6.17873,3.70632,6.16879,1.24989,1414.19,1131.45,0.0,0.0,0.5442,0.435399,0.0,0,0.0029492186,0.2818779663,0.274819114198276,Test
QUNVIG_clean,7.99116,6.98056,7.99116,0.854766,1939.43,2268.96,0.0,0.0,0.6666,0.779862,0.0,0,0.0017762248,0.1786925017,0.18070520973485105,Test
QUNWAZ_clean,6.68191,4.62372,6.68191,0.987311,1445.66,1464.24,0.0,0.0,0.5434,0.550384,0.0,1,0.0041522806,0.4022323879,0.39154401658054827,Train
QUPDEL01_clean,4.31787,3.88877,4.31787,2.05035,791.695,386.128,0.0,0.0,0.4768,0.232546,0.0,1,0.0021373918,0.2041308229,0.20820053369470015,Test
QUPDEL_clean,4.30346,3.89395,4.29928,2.06117,790.339,383.442,0.0,0.0,0.481,0.233363,0.0,1,0.0025676781,0.2322877383,0.23780601257068634,Train
QUPHUF_clean,5.02709,3.72665,4.99488,1.27657,629.658,493.241,0.0,0.0,0.4654,0.36457,0.0,1,0.0039947422,0.337245011,0.34745012210574727,Train
QUPJAN_clean,5.93426,3.61461,5.81162,1.33898,708.592,529.204,195.452,145.971,0.4828,0.360574,0.0,0,0.0042056708,0.3616986574,0.36423913283010206,Train
QUQBAH_clean,9.66456,8.22981,9.66456,0.719522,1817.4,2525.84,0.0,0.0,0.7038,0.978149,0.0,0,0.0029546148,0.2853234824,0.28925466457052235,Train
QUQFIS_clean,7.94677,5.42884,7.94677,0.862455,2489.26,2886.25,0.0,0.0,0.7028,0.814884,0.0,1,0.0049875998,0.463407182,0.4750201560258077,Test
QUQFOY_clean,8.20803,5.81249,8.20591,0.948677,2479.72,2613.87,0.0,0.0,0.7154,0.754103,0.0,1,0.0032856616,0.3199932904,0.3174879331196036,Test
QUQGAL_clean,5.24917,3.7405,5.24587,0.948381,1199.28,1264.55,0.0,0.0,0.5468,0.576561,0.0,1,0.0037691176,0.3632953581,0.35037681335612775,Test
QUQHAM_clean,4.11745,3.56035,4.11745,2.20732,218.405,98.9459,0.0,0.0,0.3616,0.163818,0.0,1,0.0011182157,0.1060135592,0.09872312354811352,Train
QUQPOI_SL,6.67917,4.16594,6.67917,0.777338,2276.92,2929.12,0.0,0.0,0.6518,0.838503,0.0,0,0.0058221603,0.5364195477,0.5448192055709047,Train
QUQWOQ_clean,10.06165,6.49649,10.06165,0.726621,2197.25,3023.92,0.0,0.0,0.7314,1.00658,0.0,1,0.0030506063,0.2936404112,0.29844342747280095,Test
QUQWUW_clean,9.102,7.19033,9.102,0.965103,1741.04,1804.0,0.0,0.0,0.668,0.692154,0.0,1,0.0034226904,0.3298861795,0.3260838194906282,Train
QUQYUY_clean,5.26261,4.12424,5.26261,2.16673,1285.57,593.325,0.0,0.0,0.5212,0.240547,0.0,1,0.0015617476,0.1529013673,0.15158315504526704,Test
QURSEC_clean,6.73488,4.98598,6.69979,1.11309,1471.92,1322.37,0.0,0.0,0.585,0.525564,0.0,1,0.0031428308,0.2915545998,0.2989031160639113,Test
QUSBIP_clean,10.66909,7.4091,8.27581,0.565023,2406.95,4259.92,0.0,0.0,0.764,1.35216,0.0,1,0.002453543,0.2462289975,0.2447568969799317,Train
QUSBIQ_charged,5.32669,4.23467,4.4649,0.976445,1595.83,1634.33,0.0,0.0,0.605,0.619594,0.0,0,0.0044983584,0.4045283151,0.42389206200504637,Test
QUSCAJ_clean,5.41421,3.75067,5.4093,1.171,1325.63,1132.04,0.0,0.0,0.5476,0.467633,0.0,1,0.0018161501,0.1803146201,0.17602523102177142,Train
QUSCEN_clean,5.44405,4.31312,5.4378,1.17461,1160.52,988.008,0.0,0.0,0.5346,0.455132,0.0,0,0.0080863658,0.6830961004,0.6746366040479368,Train
QUSHUJ_clean,7.15336,4.82289,7.11748,0.903996,1600.62,1770.61,0.0,0.0,0.599,0.662614,0.0,1,0.0025105701,0.2479521848,0.24810837783939696,Test
QUSQIG_clean,4.53831,3.95004,4.53831,1.42878,1037.77,726.335,0.0,0.0,0.4826,0.337771,0.0,0,0.0014003341,0.1312747751,0.1397710441041072,Train
QUSRIH_clean,4.38791,3.69157,4.27847,1.86379,1077.12,577.916,0.0,0.0,0.549,0.294561,0.0,1,0.0019900748,0.1840499947,0.19280458557474167,Test
QUSRUT_clean,5.91349,3.768,5.90805,2.1648,1012.46,467.691,0.0,0.0,0.5258,0.242886,0.0,1,0.0006462282,0.0587039584,0.06172555368152646,Train
QUSSII_clean,5.07067,4.28847,5.07067,1.30387,1013.74,777.485,0.0,0.0,0.5214,0.399886,0.0,1,0.004777652,0.4264338899,0.42318253067433287,Train
QUTTII01_clean,5.86223,4.35313,5.84737,1.55825,1478.82,949.028,0.0,0.0,0.4966,0.31869,0.0,1,0.0028419338,0.2730448345,0.2703832179905493,Train
QUTTII_clean,5.89004,4.39215,5.87319,1.54457,1464.98,948.466,0.0,0.0,0.5138,0.332648,0.0,1,0.0030046713,0.2716079595,0.28513522160126525,Test
QUWYEO_clean,4.99055,3.64708,4.98531,1.56862,445.43,283.963,0.0,0.0,0.3404,0.217006,0.0,0,0.0086424137,0.558934568,0.5683565661548711,Test
QUXQUX_clean,5.17149,3.8322,5.17149,1.55185,476.457,307.026,0.0,0.0,0.3482,0.224378,0.0,0,0.0083116808,0.5462255513,0.5442557546603786,Train
QUXRAE_clean,5.03286,3.68439,5.03149,1.56261,456.108,291.888,0.0,0.0,0.3404,0.21784,0.0,0,0.0086565303,0.5503082877,0.5618264393683023,Train
QUXREI_clean,5.01673,3.67388,5.01071,1.5629,457.79,292.911,0.0,0.0,0.336,0.214985,0.0,0,0.0085304888,0.5532536255,0.5450028504491026,Train
QUXRIM_clean,4.75182,4.31251,4.74788,1.55891,477.005,305.985,0.0,0.0,0.3332,0.213739,0.0,0,0.0074747652,0.5264340106,0.5239766479447184,Train
QUXROS_clean,5.0019,3.66108,4.98081,1.56447,446.305,285.275,0.0,0.0,0.341,0.217965,0.0,0,0.0083086558,0.551551561,0.5443514225784956,Train
QUXRUY_clean,4.90652,3.5734,4.90652,1.57471,420.432,266.99,0.0,0.0,0.3326,0.211213,0.0,0,0.008616197,0.5587621433,0.5598418380113171,Train
QUZVEO_clean,9.48553,8.8403,9.48103,1.4036,1600.03,1139.94,0.0,0.0,0.619,0.441008,0.0,1,0.001232564,0.1210751039,0.12696150064727268,Test
QUZZES_clean,5.06119,3.42679,5.05316,1.0324,1234.19,1195.46,0.0,0.0,0.5416,0.524604,0.0,0,0.0056775111,0.5222355871,0.5272004937706012,Test
RABHAZ_clean,6.83344,4.71663,6.83296,1.06807,1813.41,1697.83,0.0,0.0,0.6246,0.584793,0.0,1,0.0011248864,0.1113002638,0.11284092870855886,Test
RABHIH_clean,6.97329,4.88825,6.97329,0.93136,2191.25,2352.75,0.0,0.0,0.6512,0.699193,0.0,1,0.0016971149,0.163723414,0.17051386967234805,Test
RACHUA_clean,10.9643,9.26908,10.9643,0.761133,2031.27,2668.75,0.0,0.0,0.7024,0.922834,0.0,1,0.0019343442,0.192305327,0.1906729035540066,Train
RACZEC_clean,5.79552,5.04854,5.77825,1.51587,900.967,594.354,0.0,0.0,0.4678,0.308601,0.0,0,0.0017205541,0.1611081567,0.16284740298504818,Train
RAFNIV_clean,5.08011,4.95466,5.07716,1.28742,668.968,519.62,0.0,0.0,0.4346,0.337575,0.0,0,0.0022442364,0.2026240393,0.2016019446953728,Train
RAFNUH01_clean,5.42763,5.00502,5.42763,1.15566,1031.44,892.51,0.0,0.0,0.5104,0.441654,0.0,0,0.001518148,0.1410384733,0.14446140229685053,Train
RAFNUH_clean,4.89776,4.80325,4.89776,1.32249,640.157,484.055,0.0,0.0,0.4324,0.326959,0.0,0,0.002563804,0.2303840568,0.22941676193917657,Train
RAGMOE_clean,5.90739,4.56726,5.89705,1.28251,410.79,320.302,304.548,237.463,0.4784,0.373019,0.0,0,0.008285847,0.6315651495,0.6301263534507775,Train
RAGREY_charged,6.91275,6.07316,6.90845,0.727942,1843.94,2533.08,0.0,0.0,0.6678,0.917381,0.0,1,0.0026040654,0.2451811714,0.26326297695213957,Test
RAHBUZ_clean,6.80616,5.48586,6.79539,1.14478,1985.3,1734.22,0.0,0.0,0.6386,0.557835,0.0,1,0.002777409,0.2708353389,0.26866080858724783,Test
RAHMAP_clean,5.60258,3.44233,5.60258,1.27525,1106.44,867.624,0.0,0.0,0.5354,0.419839,0.0,1,0.0038029753,0.3383795978,0.3429619051750107,Train
RAHNOF_clean,19.03849,6.57368,19.03849,0.594852,2177.49,3660.55,0.0,0.0,0.7766,1.30553,0.0,1,0.0029524511,0.2776074412,0.2949520774542807,Test
RAJFAM_clean,5.76966,4.83521,5.76966,1.51984,1227.59,807.709,0.0,0.0,0.4906,0.322798,0.0,1,0.0031696523,0.2893255453,0.29047002247706094,Train
RAJFEQ_clean,6.16839,5.15091,6.14553,1.469,1288.74,877.291,0.0,0.0,0.5068,0.344997,0.0,1,0.0030041998,0.276631303,0.27804924566326744,Test
RAKCUC_clean,8.57661,7.89234,8.55843,1.19439,2063.73,1727.86,0.0,0.0,0.673,0.563469,0.0,0,0.0018011635,0.1813737428,0.18068343788467545,Train
RAKDAJ_clean,8.45824,7.8928,8.45069,1.20511,2057.23,1707.09,0.0,0.0,0.6724,0.557956,0.0,1,0.0018426377,0.1817707098,0.17981260761159545,Train
RAKDEN_clean,8.39033,7.40998,8.36675,1.20923,2036.82,1684.4,0.0,0.0,0.668,0.55242,0.0,0,0.0017432314,0.1757148241,0.17496606473368406,Train
RAKMOF_clean,6.63021,4.74893,6.28969,1.14411,2264.35,1979.14,0.0,0.0,0.7132,0.623366,0.0,1,0.0007601416,0.0746309561,0.07626466420139619,Train
RANNOM_clean,5.69914,3.57907,5.69914,1.37889,1612.66,1169.53,0.0,0.0,0.555,0.402497,0.0,1,0.0021217223,0.2071925539,0.21034889546562469,Test
RANNUS_clean,5.60983,3.56003,5.60983,1.35998,1546.68,1137.28,0.0,0.0,0.565,0.415449,0.0,1,0.0020331406,0.2024249529,0.19931110970002996,Test
RANPAA_clean,6.05316,4.94809,6.0477,1.2743,1610.55,1263.87,0.0,0.0,0.5832,0.457663,0.0,1,0.0029584909,0.2872975725,0.28175918628068036,Train
RANWAH_clean,16.74527,9.32901,16.72649,0.807635,1226.12,1518.16,378.27,468.367,0.6974,0.863509,0.0,1,0.0038483732,0.3701298787,0.3406857471491361,Test
RAPBOZ_clean,6.26431,4.41375,6.26263,1.54927,1120.19,723.042,0.0,0.0,0.4916,0.31731,0.0,1,0.0047380749,0.4162866746,0.4119933650685243,Test
RAPYUE_clean,8.10283,5.74584,7.78942,0.857006,2630.83,3069.79,0.0,0.0,0.7212,0.841534,0.0,1,0.0022868529,0.2288774873,0.22982004532351943,Test
RASGAT_clean,7.32111,5.46808,7.222,1.5718,2726.03,1734.34,0.0,0.0,0.7354,0.467871,0.0,1,0.0006074643,0.0623734565,0.06102538570248445,Train
RASKIH_clean,5.34593,4.56791,5.34593,1.18507,1106.86,934.001,0.0,0.0,0.485,0.409257,0.0,1,0.0079351096,0.6716395095,0.652352852721516,Test
RASKON_clean,4.83097,3.827,4.78914,1.13652,871.617,766.914,0.0,0.0,0.4996,0.439586,0.0,1,0.0048739932,0.4498502965,0.4384497997256751,Train
RASXEP01_clean,5.09989,3.45083,5.0749,2.38949,628.019,262.825,0.0,0.0,0.4048,0.169408,0.0,1,0.0012126614,0.101291983,0.10699673698562898,Train
RASXIT_clean,5.08501,3.51139,5.08501,2.43093,644.893,265.287,0.0,0.0,0.4018,0.165287,0.0,1,0.0012050279,0.1108894618,0.10468891715542983,Train
RATRUB_clean,5.58846,4.62948,5.58392,1.75407,1139.55,649.659,0.0,0.0,0.5118,0.291778,0.0,1,0.0034710534,0.3040051733,0.31791945092590934,Test
RATSAI_clean,5.60614,4.62847,5.47098,1.77494,1148.07,646.824,0.0,0.0,0.5046,0.284292,0.0,1,0.0035024503,0.3110347902,0.31691621597553965,Train
RAVJOP_clean,6.06205,4.36461,6.04226,1.22934,1821.97,1482.08,0.0,0.0,0.617,0.501897,0.0,1,0.0029221898,0.2736438154,0.27906093724509934,Train
RAVVIU01_clean,4.59869,3.5679,4.59657,1.86048,691.944,371.917,0.0,0.0,0.4344,0.233488,0.0,0,0.0012369036,0.1207286259,0.12247833856546189,Train
RAVVIU_clean,4.57827,3.5768,4.571,1.86654,688.219,368.714,0.0,0.0,0.4312,0.231016,0.0,0,0.0012835205,0.1212103345,0.12456478364905685,Train
RAVVUH_clean,17.18258,16.37707,17.18252,0.61117,1430.17,2340.05,0.0,0.0,0.7478,1.22355,0.0,1,0.0029537435,0.2881991078,0.2858286290927787,Train
RAVWAO_clean,17.92516,17.51395,17.92516,0.536552,1469.43,2738.65,0.0,0.0,0.7562,1.40937,0.0,1,0.0029869292,0.2906207241,0.2928702215559528,Test
RAVWES_clean,24.44059,23.62721,24.44059,0.439059,1246.56,2839.17,0.0,0.0,0.7912,1.80203,0.0,1,0.0030512678,0.3143533055,0.29617239521365973,Test
RAVWIW_clean,30.70055,30.14408,30.70055,0.362219,1156.23,3192.07,0.0,0.0,0.82,2.26383,0.0,1,0.002957083,0.279291206,0.2854402461725455,Test
RAVWOC_clean,28.21772,27.5597,28.21772,0.383766,1182.94,3082.47,0.0,0.0,0.7968,2.07627,0.0,1,0.0023756303,0.2323727405,0.2356183558887188,Test
RAVWUI_clean,36.78756,36.43313,36.78756,0.334728,1010.86,3019.95,0.0,0.0,0.8506,2.54117,0.0,1,0.0028130789,0.2673036503,0.26990685932443287,Train
RAVXAP_clean,34.85961,34.35542,34.85961,0.286106,1008.2,3523.86,0.0,0.0,0.8406,2.93808,0.0,1,0.0030141661,0.2823212192,0.2940953503491841,Test
RAVXET_clean,38.22812,38.06649,38.22812,0.326773,945.437,2893.25,0.0,0.0,0.8304,2.54121,0.0,1,0.002189225,0.2078501862,0.21663242593285942,Test
RAVXIX_clean,53.57674,53.26429,53.57674,0.23463,734.576,3130.78,0.0,0.0,0.8668,3.69432,0.0,0,0.0026674713,0.2833492749,0.2795331575951405,Test
RAVXOD_clean,71.64119,71.50197,71.64119,0.179103,619.991,3461.66,0.0,0.0,0.8986,5.01724,0.0,1,0.0033378202,0.3162360918,0.3490062221526921,Test
RAWZIA_clean,5.39589,4.8012,5.39589,1.33412,1219.23,913.881,0.0,0.0,0.473,0.35454,0.0,0,0.0069117616,0.5972148675,0.5904044252741654,Test
RAXCAW_charged,6.59267,5.18923,6.59267,1.24447,1342.97,1079.15,0.0,0.0,0.5474,0.439866,0.0,0,0.0017019023,0.1579677714,0.16443905539779277,Train
RAXQEO_clean,8.85312,4.24768,8.85312,0.848051,1428.37,1684.3,0.0,0.0,0.631,0.744059,0.0,1,0.0017977751,0.1747788727,0.17920779975440176,Train
RAYFAA_clean,15.81778,9.45289,13.62877,0.959285,1554.88,1620.88,0.0,0.0,0.6988,0.728459,0.0,1,0.0014701501,0.1454309415,0.14703840040551905,Test
RAYFEE_clean,13.87561,10.03609,13.87561,0.965847,1665.9,1724.8,0.0,0.0,0.7062,0.731172,0.0,1,0.0020705214,0.198891563,0.2036458286297259,Train
RAYKIN_clean,9.49471,7.12348,9.49471,1.03474,1089.85,1053.26,0.0,0.0,0.5584,0.539655,0.0,1,0.0020250681,0.1950158927,0.19512685531030433,Test
RAYLAG_clean,8.06325,5.70271,8.06325,1.05948,1118.14,1055.37,0.0,0.0,0.5424,0.511951,0.0,1,0.0022252789,0.2199749295,0.2129179151127797,Test
RAYLOU_clean,6.83933,5.19617,6.83933,1.09861,1246.82,1134.91,0.0,0.0,0.5274,0.480063,0.0,1,0.0023279719,0.2243900212,0.22622990075017035,Test
RAYMAG_clean,6.11234,4.00379,6.11037,0.853384,2274.69,2665.5,0.0,0.0,0.6316,0.740112,0.0,1,0.0039781563,0.3865393289,0.3824961174005471,Train
RAYMIP_clean,13.47425,9.8037,13.46784,0.502799,2109.81,4196.14,0.0,0.0,0.8088,1.6086,0.0,1,0.0028955273,0.2949931539,0.2819082646575799,Test
RAYMOV_clean,13.90455,9.65699,13.67506,0.424006,2112.55,4982.37,0.0,0.0,0.8122,1.91554,0.0,1,0.0026652711,0.2791877947,0.2666517703310597,Test
RAZGOQ_clean,5.22922,5.1443,5.20974,1.6171,770.443,476.435,163.357,101.019,0.5102,0.315503,0.0,1,0.0012390147,0.1225290197,0.12116960059569284,Test
RAZXIA02_clean,7.82014,4.3293,7.82014,1.54095,1272.68,825.908,0.0,0.0,0.459,0.297868,0.0,1,0.0009371357,0.090226583,0.09417732480302196,Train
RAZXIA_clean,7.67887,4.23308,7.64737,1.56136,1212.02,776.259,0.0,0.0,0.456,0.292053,0.0,1,0.0008996034,0.0869812081,0.09051701110038016,Test
RAZYIC_clean,7.88308,6.20532,7.88308,1.40501,1615.19,1149.59,0.0,0.0,0.5966,0.424622,0.0,0,0.0024884862,0.2441847665,0.2439029895877833,Train
RAZYOI_clean,7.72531,5.99694,7.71841,1.07668,1740.27,1616.34,0.0,0.0,0.608,0.564701,0.0,0,0.0031592614,0.317967259,0.3060538701941617,Test
REDROI_clean,5.11492,3.52421,4.97096,1.62315,751.494,462.985,0.0,0.0,0.4856,0.299172,0.0,0,0.0051779383,0.437847086,0.44097851061043186,Train
REDYEG_clean,6.00247,5.30071,6.00247,1.71779,1047.72,609.926,0.0,0.0,0.4804,0.279662,0.0,0,0.002000943,0.190864141,0.18973919409362822,Test
REFJET_clean,6.27741,5.87074,6.27741,1.48318,1233.99,831.987,0.0,0.0,0.4452,0.300165,0.000134845,1,0.002607641,0.2605381859,0.24856281880192777,Test
REFTON_SL,6.52014,5.78584,6.51985,1.60919,731.041,454.292,0.0,0.0,0.4398,0.273306,0.0,1,0.0009865401,0.091957189,0.09662653622597656,Test
REFTUT_clean,6.62287,5.81813,6.60232,1.44048,711.488,493.924,0.0,0.0,0.4434,0.307814,0.0,1,0.0009894391,0.0975995125,0.09643961109740404,Train
REGJIW01_clean,4.19061,3.96956,4.19061,2.19605,565.019,257.289,0.0,0.0,0.3638,0.165661,0.0,0,0.0043269504,0.3658937753,0.3628118010032508,Train
REGJIW02_clean,4.15601,3.75321,4.15601,2.20306,528.853,240.053,0.0,0.0,0.3622,0.164407,0.0,0,0.003577249,0.3151488149,0.2955610314267506,Test
REGJIW_clean,4.22072,4.03217,4.22072,2.18549,633.476,289.856,0.0,0.0,0.367,0.167926,0.0,0,0.0046778489,0.3829081634,0.37725373633517734,Train
REGMOH_clean,5.75637,3.63199,5.752,1.21306,695.864,573.642,0.0,0.0,0.461,0.380029,0.0,0,0.0022896326,0.1999219548,0.20514690130532043,Train
REGMUN_clean,5.53731,3.62481,5.51122,1.21407,657.252,541.362,0.0,0.0,0.452,0.372301,0.0,0,0.0021518222,0.1935687855,0.19605500898173345,Train
REGQUR_clean,6.37556,5.47534,6.06532,1.03259,2464.11,2386.34,0.0,0.0,0.6836,0.662025,0.0,1,0.0032758789,0.3298976375,0.3181083832851899,Train
REGRAY_clean,9.45537,5.54963,9.26082,0.925798,2318.33,2504.14,0.0,0.0,0.7126,0.769715,0.0,1,0.0028472121,0.273295638,0.27786533379650286,Test
REGREC_clean,7.78665,6.48187,7.78665,0.899667,2411.03,2679.92,0.0,0.0,0.7204,0.800741,0.0,1,0.002783648,0.2756960441,0.27572508504240595,Test
REGRIG_clean,9.2158,6.6287,9.19553,0.813635,2298.6,2825.1,0.0,0.0,0.7402,0.909744,0.0,1,0.002416211,0.2502843072,0.239773929564155,Train
REHHOD_clean,9.5023,7.30426,9.5023,0.978772,2065.68,2110.48,0.0,0.0,0.6764,0.69107,0.0,1,0.0024687514,0.2323863533,0.23897371175095566,Train
REHVAD_clean,5.39014,4.09776,5.39014,1.21945,848.775,696.033,0.0,0.0,0.4626,0.379352,0.0,0,0.0044702617,0.3835840831,0.3898598341351156,Train
REHVEH_clean,5.09966,4.72276,5.09966,1.21463,819.918,675.033,0.0,0.0,0.4664,0.383984,0.0,0,0.004212945,0.3733811225,0.37772289105533097,Train
REJLAU_clean,4.47497,3.84758,4.42236,1.74913,1220.58,697.821,0.0,0.0,0.5078,0.290316,0.0,1,0.0003360794,0.0305323795,0.03572626236927223,Train
REJLEY_clean,5.1864,4.84916,5.1864,1.17199,1483.96,1266.19,0.0,0.0,0.5272,0.449833,0.0,0,0.0047410633,0.4324196199,0.43492908886694315,Test
REJLIC_clean,7.01256,4.27999,7.01256,1.09096,1719.24,1575.89,0.0,0.0,0.5716,0.523941,0.0,0,0.0045740695,0.4288705027,0.43122325693181085,Test
REJVOS_clean,4.89378,3.67275,4.89056,1.38833,813.018,585.609,0.0,0.0,0.4646,0.334647,0.0,0,0.0021884855,0.217445567,0.2060498532337233,Test
RESQAJ_clean,5.3045,3.72656,5.30006,1.51504,527.124,347.927,0.0,0.0,0.4244,0.280124,0.0,1,0.0021678473,0.202318021,0.1969913479181768,Test
RESSAK_clean,5.33635,3.74229,5.33635,1.17983,1069.98,906.899,0.0,0.0,0.5116,0.433623,0.0,1,0.0020955788,0.2166394927,0.20062210883747728,Test
RETBEZ_clean,5.70035,3.74465,5.68395,1.36188,872.92,640.965,0.0,0.0,0.4694,0.344669,0.0,1,0.0031437857,0.2768032209,0.2858007578534817,Test
REVYUO_clean,4.59119,3.58129,4.35696,1.13884,1005.06,882.529,15.2393,13.3814,0.5666,0.497524,0.0,0,0.0032891424,0.3078789402,0.307779605379882,Train
REWLEM_clean_h,12.46985,5.92009,12.2403,0.703058,2170.85,3087.73,0.0,0.0,0.7184,1.02182,0.0,1,0.003558811,0.351242736,0.3350355020278448,Test
REWNEO01_clean,18.51106,6.94262,11.7916,0.597667,2260.57,3782.32,0.0,0.0,0.7806,1.30608,0.0,1,0.0028040772,0.2861988958,0.2837326571161292,Test
REWNEO_clean,19.37323,6.76945,10.17378,0.57834,2196.18,3797.39,0.0,0.0,0.79,1.36598,0.0,1,0.0028073454,0.2858393987,0.2813867117315362,Test
REWSUJ_clean,7.20015,5.05884,7.19749,1.17107,1370.13,1169.98,0.0,0.0,0.5526,0.471877,0.0,1,0.0019985529,0.1974230765,0.19016527276080694,Test
REXCII_clean,8.08493,5.70512,8.08493,1.37969,1708.34,1238.2,0.0,0.0,0.6152,0.445897,0.0,0,0.0012659494,0.1244481542,0.12728843081707364,Test
REXCOO_clean,8.77219,5.8473,8.77219,1.32352,1734.33,1310.39,0.0,0.0,0.6516,0.492323,0.0,0,0.0012521246,0.1204370105,0.12505195365844232,Train
REXCUU_clean,8.63785,5.56771,8.63785,1.36162,1719.14,1262.57,0.0,0.0,0.6254,0.459305,0.0,0,0.0012718742,0.1270926256,0.12672696276030246,Test
REXDEF_clean,8.48446,5.31586,8.48446,1.36884,1680.23,1227.48,0.0,0.0,0.6354,0.464188,0.0,0,0.0012935988,0.1261446449,0.12772423197476704,Test
REXDIJ_clean,8.90631,7.09895,8.90631,1.2857,1723.1,1340.2,0.0,0.0,0.6524,0.507429,0.0,0,0.0012146004,0.118039409,0.12174896758081388,Train
REXDOP_clean,10.39698,6.23971,7.4603,1.26275,1736.17,1374.91,0.0,0.0,0.6598,0.522512,0.0,0,0.0012264502,0.1213810413,0.12229229959424623,Test
REXDUV_clean,8.6384,5.67843,8.6331,1.35953,1719.61,1264.86,0.0,0.0,0.6318,0.464721,0.0,0,0.0012422498,0.1271360748,0.12556896494660696,Train
REXFAD_clean,8.37909,6.69323,8.37909,1.32806,1739.82,1310.04,0.0,0.0,0.6402,0.482057,0.0,1,0.0012007757,0.1181440819,0.11657004779413177,Train
REXFEH_clean,9.20954,5.96123,9.20203,1.33437,1715.88,1285.91,0.0,0.0,0.627,0.469885,0.0,0,0.0012264502,0.1215726125,0.12243643357679918,Test
REXFIL_clean,8.77344,5.77864,8.77344,1.35848,1719.23,1265.56,0.0,0.0,0.6372,0.469054,0.0,1,0.0012067006,0.1243790306,0.117176436417846,Test
REXFOR_clean,8.55578,6.22037,8.55578,1.35087,1711.36,1266.85,0.0,0.0,0.6414,0.474804,0.0,0,0.0013409978,0.1207668288,0.13015126462617563,Test
REYBAA_clean,4.19945,3.50951,4.19839,1.29344,533.841,412.731,0.0,0.0,0.4586,0.35456,0.0,0,0.0014949421,0.1386688748,0.14466941489660312,Test
REYJEM_clean,10.02209,6.26863,9.82831,0.811705,2149.78,2648.47,0.0,0.0,0.7198,0.886775,0.0,0,0.0055395037,0.4899961456,0.4994862027841349,Train
REYMOZ_clean,13.17296,6.59717,13.17189,0.883255,2124.84,2405.69,0.0,0.0,0.7188,0.813808,0.0,1,0.0034104589,0.3131035013,0.3159774955082537,Test
REYPES_clean,6.75417,5.73604,6.69554,1.53002,424.431,277.402,27.8439,18.1983,0.422,0.275813,0.0,1,0.000899597,0.0872026077,0.08538692663024247,Train
REYPIW_clean,5.40721,5.27542,5.40721,1.18423,1439.71,1215.73,0.0,0.0,0.5374,0.453797,0.0,0,0.005375298,0.480190753,0.48488945798142735,Train
REZVAU_clean,5.17319,4.55903,5.17319,1.10092,1367.69,1242.32,0.0,0.0,0.552,0.5014,0.0,1,0.0031968503,0.2983043119,0.30526549145191795,Train
REZXEA_clean,10.58306,9.90235,10.58306,0.641816,2266.19,3530.9,0.0,0.0,0.7602,1.18445,0.0,1,0.0019516128,0.1814393024,0.19411792405255635,Test
REZXIE01_clean,8.61957,8.10066,8.61957,0.817919,2366.84,2893.73,0.0,0.0,0.7116,0.870012,0.0,1,0.001742604,0.1680793239,0.17381732009505324,Train
REZXIE_clean,8.61965,8.10074,8.61965,0.817908,2366.92,2893.87,0.0,0.0,0.7116,0.870025,0.0,1,0.0017390404,0.1680917966,0.17381732009505324,Test
REZXOK_clean,14.21059,13.62195,14.20905,0.470058,1999.64,4254.04,0.0,0.0,0.8176,1.73936,0.0,1,0.0020925799,0.2076102282,0.21274749384327646,Test
REZXUQ_clean,15.26291,13.95995,15.26291,0.361934,1754.08,4846.42,0.0,0.0,0.8582,2.37115,0.0,1,0.0021410726,0.2195804844,0.218692109690506,Test
RIBDAJ_clean,5.97505,5.0342,5.95251,0.92739,2392.13,2579.42,0.0,0.0,0.666,0.718144,0.0,0,0.0031011055,0.3082138335,0.31008928147458975,Train
RIBDEN_clean,6.08901,5.09508,6.08573,0.93229,2330.9,2500.19,0.0,0.0,0.6512,0.698495,0.0,0,0.0032731934,0.3039162684,0.31916201778102943,Test
RIBTAZ_clean,7.94342,5.01622,7.94342,0.877067,2617.13,2983.95,0.0,0.0,0.7178,0.818409,0.0,1,0.0029420157,0.295521921,0.29053114503034394,Test
RICBEM_clean,11.37522,8.59238,11.37522,0.399184,2277.32,5704.93,0.0,0.0,0.821,2.0567,0.0,1,0.0027237773,0.2760406637,0.26880480731676343,Train
RICHIV_clean,4.32733,3.40584,4.32733,1.68108,513.916,305.705,0.0,0.0,0.4398,0.261617,0.0,0,0.0006501335,0.0590282444,0.06560253774839614,Test
RIDCEN_charged,6.49506,5.81046,6.49156,1.24785,1293.33,1036.45,76.9442,61.6614,0.6122,0.490604,0.0,0,0.0017720901,0.1697306915,0.17596772031362407,Train
RIDKOE_charged,5.21819,4.02517,5.17202,1.44651,731.317,505.572,0.0,0.0,0.4472,0.309157,0.0,0,0.0009248998,0.0896537776,0.08829362324499485,Train
RIFDUG01_clean,13.00544,6.82625,13.00544,0.86753,2060.89,2375.58,0.0,0.0,0.7198,0.829712,0.0,1,0.0040389629,0.3498438031,0.3612183833320708,Train
RIFGAQ_clean,13.18615,6.52783,13.17424,0.879718,2150.81,2444.89,0.0,0.0,0.7148,0.812533,0.0,1,0.0035660962,0.3170092871,0.3229971183250928,Train
RIFMIE_clean,5.81313,3.54807,5.80072,1.27517,844.386,662.176,100.563,78.8628,0.5018,0.393516,0.0,1,0.0020862592,0.1948092313,0.19759389038823805,Train
RIFQUT_clean,5.6172,4.23676,5.6163,1.93171,1255.63,650.01,0.0,0.0,0.475,0.245896,0.0,1,0.001038502,0.1041403196,0.09954910780396495,Test
RIFSOQ_clean,12.93918,4.8446,12.92898,0.716983,1922.33,2681.14,0.0,0.0,0.6812,0.950093,0.0,0,0.0040695608,0.3802389118,0.386429418703956,Train
RIGPEE01_clean,4.32886,3.44721,4.31075,1.25081,566.106,452.592,0.0,0.0,0.462,0.369361,0.0,1,0.001296864,0.1298438111,0.1235044831797383,Test
RIGPEE_clean,4.3699,3.50423,4.34774,1.23163,597.681,485.277,0.0,0.0,0.468,0.379984,0.0,1,0.0013428324,0.1319393168,0.12849894540825693,Train
RIGTIL_clean,6.02864,4.29629,6.02864,1.13222,1723.76,1522.46,0.0,0.0,0.6098,0.538588,0.0,0,0.0042345353,0.4135296666,0.4079765796040696,Train
RIGVOU_clean,4.93156,4.16902,4.92505,2.31703,753.709,325.291,0.0,0.0,0.3776,0.162967,0.0,0,0.0020518295,0.1803514853,0.17633718178948893,Test
RIGWIP_clean,5.39694,5.17369,5.38654,2.25257,825.556,366.496,0.0,0.0,0.3946,0.175178,0.0,0,0.0018159897,0.1606630545,0.1663760565700929,Test
RINPEJ_charged,4.78251,4.14203,4.781,1.3132,512.248,390.075,3.82003,2.90894,0.4528,0.344805,0.0,0,0.0041559567,0.3452881571,0.36815116146122506,Test
RINSEM_clean,5.77452,4.19628,5.77452,1.18323,2019.49,1706.76,0.0,0.0,0.6626,0.559992,0.0,0,0.002532888,0.2466330385,0.25058496447636414,Test
RIPKIM01_clean,7.23442,6.64943,7.23442,1.25736,958.585,762.382,0.0,0.0,0.4932,0.392252,0.0,0,0.0009541172,0.0909342006,0.09876830874739548,Test
RIPKIM_clean,7.16555,6.65101,7.16555,1.28891,929.295,720.995,0.0,0.0,0.4824,0.374271,0.0,0,0.0009557824,0.0964740751,0.09801481777562546,Train
RIPNIP_clean,5.40468,4.16071,5.24069,1.54847,1362.91,880.165,0.0,0.0,0.5192,0.335298,0.0,1,0.0018623041,0.1834870539,0.17967489177993257,Train
RIPTEQ_clean,5.96,4.10144,5.96,2.02284,1713.13,846.891,0.0,0.0,0.5442,0.269027,0.0,1,0.0008137581,0.0809548995,0.08274001376540571,Train
RIRDED_clean,8.69638,4.93276,7.75095,1.22642,1303.46,1062.82,0.0,0.0,0.5456,0.444872,0.0,1,0.0026186204,0.2456265972,0.24901390543846288,Test
RITGIM_clean,5.22026,3.78444,5.12438,2.19337,1554.84,708.882,0.0,0.0,0.5434,0.247747,0.0,1,0.0007485234,0.0756021832,0.07636398832677435,Test
RIVDEF_clean,4.74355,4.40879,4.74355,1.30487,1087.67,833.549,0.0,0.0,0.5116,0.392069,0.0,0,0.0010674637,0.0992233571,0.11026125939582171,Train
RIWMUH_clean,10.50032,10.04767,10.50032,0.982459,1440.31,1466.03,0.0,0.0,0.6132,0.624148,0.0,1,0.0023776177,0.2371699468,0.2301645816174795,Train
RIWSUM_clean,5.96762,4.61739,5.59799,1.1098,1315.0,1184.9,1.14823,1.03463,0.578,0.520815,0.0,1,0.0015416275,0.145314044,0.1508087766777421,Train
RIXBEG_clean,6.00946,4.04752,5.99904,1.21211,664.521,548.234,0.0,0.0,0.4704,0.388083,0.0,1,0.0026383151,0.231453052,0.23712569108082832,Train
RIXBIK_clean,6.35159,4.65776,6.34133,1.14836,1013.62,882.673,0.0,0.0,0.5162,0.449512,0.0,1,0.0034463296,0.3093689679,0.3180550171506474,Test
RIXPIZ_clean,9.94535,8.42715,9.94535,0.56995,2088.86,3665.0,0.0,0.0,0.7428,1.30327,0.0,0,0.0039146311,0.3687946666,0.3722144960686238,Train
RIYBAE_clean,8.18384,7.49831,8.16337,1.22176,2051.61,1679.23,0.0,0.0,0.667,0.545934,0.0,0,0.0018386878,0.1818174505,0.18073823296062902,Test
RIYBEI_clean,8.30815,7.80553,8.30815,1.20426,2064.05,1713.96,0.0,0.0,0.6688,0.555362,0.0,0,0.0018992532,0.1838826003,0.1850597980600302,Test
RIYBIM_clean,8.35741,7.50788,8.28491,1.24126,2090.26,1683.99,0.0,0.0,0.6636,0.534619,0.0,0,0.0020342088,0.1942057162,0.20357838277508478,Train
RIYBOS_clean,8.27117,7.50835,8.18647,1.23809,2073.81,1675.0,0.0,0.0,0.6628,0.535339,0.0,1,0.001976935,0.1891906345,0.19096916184803847,Train
RIYWED_clean,4.63321,3.54746,4.62492,1.48698,355.273,238.923,0.0,0.0,0.3958,0.266178,0.0,1,0.0014265631,0.1360107822,0.1312133327277365,Train
RIYWIH_clean,4.61736,3.75355,4.61736,1.46943,261.851,178.199,75.8401,51.612,0.4096,0.278748,0.0,1,0.0014290014,0.1351217677,0.12801879601807348,Test
RIYXIG_clean,5.32542,4.68558,5.29552,1.52248,1574.19,1033.97,0.0,0.0,0.575,0.377674,0.0,1,0.001269363,0.1248156346,0.12768360238077522,Test
ROBWAH_clean,5.06604,4.01581,5.06032,1.4577,413.629,283.754,105.001,72.0315,0.443,0.303902,0.0,1,0.0020795716,0.195690116,0.18976276070745746,Test
ROCZAM_clean,5.6803,4.28854,5.40999,1.1313,2335.01,2064.0,0.0,0.0,0.6432,0.568548,0.0,1,0.0022718571,0.2249795014,0.22771433974756933,Test
ROCZEQ_clean,5.8918,4.42295,5.82087,1.11408,2330.31,2091.69,0.0,0.0,0.6462,0.580029,0.0,1,0.002279491,0.2250985907,0.2263738453324885,Test
ROCZIU_clean,6.78863,5.28492,6.57422,1.08447,2132.05,1965.99,0.0,0.0,0.649,0.598451,0.0,1,0.0022718571,0.2197357561,0.2261293902775356,Test
ROCZOA_clean,6.50104,5.23642,6.50104,0.958325,2491.0,2599.32,0.0,0.0,0.685,0.714789,0.0,1,0.0021376154,0.2107394652,0.221440436556967,Test
ROCZUG_clean,6.74711,5.16908,6.7416,0.926118,2487.32,2685.75,0.0,0.0,0.688,0.742886,0.0,1,0.0019242681,0.1990509345,0.19279409888696775,Train
RODBAP_clean,7.01898,5.1049,7.00748,0.913193,2450.75,2683.71,0.0,0.0,0.7006,0.767198,0.0,1,0.0018600568,0.1924848097,0.18898874799454904,Test
ROGLOP_clean,5.33017,3.84032,5.33017,1.2463,995.82,799.02,0.0,0.0,0.527,0.422851,0.0,1,0.0020382415,0.1970145991,0.1984832403008444,Train
ROGSAI_clean,7.26111,4.49108,7.2508,1.17019,1831.91,1565.48,0.0,0.0,0.6072,0.51889,0.0,1,0.0018521132,0.1837394087,0.18005724415702007,Test
ROLZEZ_clean,6.54271,5.20454,6.54271,1.10411,1262.09,1143.08,86.4297,78.2797,0.5632,0.510092,0.0,0,0.0031817102,0.3055944832,0.29697359131643253,Test
ROMQAN_clean,4.67601,3.58614,4.53668,1.50157,646.168,430.33,0.0,0.0,0.452,0.301019,0.0,1,0.0015159349,0.1411817435,0.1432568847884293,Train
RONCIG_clean,9.09448,7.62606,9.09448,1.45289,1203.19,828.136,0.0,0.0,0.5812,0.400029,0.0,1,0.0004760943,0.0496496009,0.049487107886577675,Train
RONSIY_clean,5.08447,4.36113,5.07274,1.22435,722.372,590.005,0.0,0.0,0.469,0.38306,0.0,1,0.0052409144,0.4395174077,0.45114244565376826,Train
RONSOC_clean,9.61015,5.51941,9.61015,1.44392,1795.25,1243.32,0.0,0.0,0.604,0.418306,0.0,0,0.0013463407,0.1384553325,0.12872587501682808,Test
RONWIA_clean,5.83208,4.50922,5.82484,1.11758,1988.36,1779.17,0.0,0.0,0.6574,0.588235,0.0,1,0.0008339985,0.0846247807,0.08419917836001023,Test
RONZID_clean,6.44623,4.93162,6.4436,1.11083,2786.39,2508.38,0.0,0.0,0.7422,0.668147,0.0,1,0.0008361386,0.0897629573,0.08350289717695986,Test
ROQVIE_clean,8.20229,7.33404,8.17219,0.896085,1741.45,1943.4,0.0,0.0,0.6732,0.751268,0.0,0,0.0026022395,0.2653150464,0.2591919169903903,Test
RORLIV_clean,5.0614,3.45442,5.0614,1.30915,1167.77,892.008,0.0,0.0,0.6106,0.466408,0.0,0,0.0011400011,0.1149363875,0.11467700459940541,Test
RORRIB_clean,5.56844,4.5608,5.56844,2.09957,1607.82,765.783,0.0,0.0,0.5896,0.280819,0.0,1,0.0011938263,0.1136866075,0.11253814728679998,Test
RORTAV_clean,9.60382,5.42977,9.56238,0.669195,1791.93,2677.74,407.039,608.252,0.711,1.06247,0.0,0,0.0028085903,0.2748637237,0.28171798084582694,Test
RORVAX_clean,6.42929,6.08998,6.42929,0.7293,3122.65,4281.71,0.0,0.0,0.7,0.959824,0.0,1,0.0051211441,0.5085755334,0.49188528019347316,Test
ROTQIC_clean,4.94875,3.6681,4.74718,1.32167,723.976,547.773,0.0,0.0,0.481,0.363934,0.0,1,0.0017503051,0.1575299309,0.16430691418222282,Test
ROTTOL_clean,6.50353,4.02235,6.48646,1.01612,1524.25,1500.07,0.0,0.0,0.5582,0.549344,0.0,0,0.0040144653,0.3925038191,0.3811147794874574,Test
ROYJUM_clean,8.75922,3.76722,8.42147,1.05929,1657.4,1564.64,0.0,0.0,0.5928,0.559622,0.0,0,0.0051006655,0.5047561244,0.4849078842508948,Test
ROYREE_clean,6.65259,5.04516,6.56274,1.17392,1308.03,1114.24,0.0,0.0,0.5524,0.47056,0.0,1,0.0055010355,0.447835921,0.47137832024461557,Train
ROYRII_clean,6.60108,5.14039,6.60108,1.17875,1322.43,1121.89,0.0,0.0,0.5472,0.464219,0.0,1,0.0053102216,0.454609789,0.4656031971463388,Test
ROYROO_clean,6.57261,5.08535,6.54322,1.19171,1317.71,1105.73,1.69583,1.42302,0.5486,0.460348,0.0,1,0.005910999,0.4863587452,0.5061912407537761,Train
RUBDUP_clean,21.09518,19.24681,20.98484,0.298857,1270.61,4251.56,0.0,0.0,0.868,2.9044,0.0,1,0.0025820712,0.265137941,0.25716413128075005,Test
RUBGUS_clean,4.4617,3.54667,4.45263,1.35931,320.757,235.971,161.359,118.706,0.4638,0.341202,0.0,1,0.0037427382,0.349539451,0.34092504398198126,Train
RUBTAK01_SL,8.70379,4.00842,8.70379,1.20121,1712.27,1425.46,0.0,0.0,0.5914,0.492338,0.000832496,0,0.0026708431,0.2532944087,0.2481341858345488,Test
RUBTAK02_SL,8.49537,3.88559,8.49537,1.23841,1654.63,1336.08,0.0,0.0,0.5866,0.47367,0.000322994,0,0.0024555063,0.237496372,0.23076843137354053,Train
RUBTAK03_auto,8.46299,3.95011,8.46299,1.23778,1637.26,1322.74,0.0,0.0,0.6028,0.487,0.000161579,0,0.0007643202,0.0726836551,0.07791972693998675,Test
RUCGOM_clean,4.40498,3.818,4.39366,2.16054,906.666,419.648,0.0,0.0,0.5218,0.241514,0.0,1,0.0009077205,0.09053514,0.09151635330233529,Train
RUFDUT_clean,4.69173,3.85639,4.65615,1.66558,994.805,597.274,0.0,0.0,0.4696,0.281944,0.0,1,0.0031995171,0.3062949798,0.29767720352780486,Test
RUFRIV_clean,7.49731,4.21343,7.49731,1.44845,1008.29,696.116,0.0,0.0,0.4786,0.330421,0.0,1,0.0017309131,0.1688787572,0.16666680422213181,Test
RUFTET_clean,5.41592,3.76809,5.41592,1.32563,1019.52,769.082,0.0,0.0,0.4806,0.362546,0.0,0,0.0017240311,0.1727709841,0.16846897420416512,Train
RUFZID_clean,10.67067,8.77989,10.67019,0.799166,1949.96,2439.99,0.0,0.0,0.71,0.888426,0.0,1,0.002014384,0.2031039762,0.20199581154953267,Train
RUGKOV_clean,6.88401,5.43231,6.88401,0.929347,2753.28,2962.6,0.0,0.0,0.6968,0.749773,0.0,1,0.0029714032,0.2942815795,0.2997196539895321,Train
RUGXOI01_clean,6.51947,4.18889,6.51947,1.08279,1782.29,1646.02,0.0,0.0,0.638,0.589221,0.0,0,0.0038341134,0.3653299413,0.3729696044597055,Test
RUGXOI_clean,5.21341,3.72816,5.20196,1.19066,1517.77,1274.73,0.0,0.0,0.586,0.492165,0.0,0,0.0049779572,0.4765398194,0.45856346808667525,Test
RUGYOJ_clean,5.31747,4.41438,5.22074,1.35237,1132.24,837.223,13.731,10.1533,0.5218,0.385841,0.0,1,0.0026328047,0.2478356963,0.2448636427679685,Train
RUGZAW_clean,9.17489,7.98957,9.06653,0.92991,1617.71,1739.64,0.0,0.0,0.6164,0.66286,0.0,1,0.003134621,0.2986383501,0.300649693661047,Train
RUHCED_SL,6.00951,5.54585,6.00744,1.22913,1471.94,1197.55,0.0,0.0,0.5726,0.465859,0.0,0,0.00469246,0.4410696494,0.43500847608485005,Test
RUHFEH_clean,9.84183,8.46338,9.78525,0.895692,2177.87,2431.49,0.0,0.0,0.7858,0.87731,0.0,1,0.001031432,0.1067241466,0.10161674077080185,Train
RUHFIL_clean,10.02499,8.76011,10.02499,0.882826,2167.55,2455.24,0.0,0.0,0.7844,0.88851,0.0,1,0.0011221524,0.1037174106,0.1086129854420392,Train
RUHFOR_clean,10.01133,8.72369,10.0082,0.889531,2175.51,2445.69,0.0,0.0,0.787,0.884736,0.0,1,0.0011123416,0.1048306811,0.10898427602704758,Train
RUHFUX_clean,9.94292,8.65457,9.91903,0.903529,2165.07,2396.24,0.0,0.0,0.7826,0.86616,0.0,1,0.0009790205,0.1048406999,0.10108960537418671,Train
RULBOQ_clean,7.47442,6.27169,7.47442,1.39226,1576.48,1132.32,0.0,0.0,0.6106,0.438569,0.0,1,0.0009888154,0.0946089348,0.10009661812343745,Train
RULQIY_clean,8.44935,6.89767,8.44935,1.57222,1115.58,709.56,0.0,0.0,0.577,0.366998,0.0,1,0.0005316282,0.0462580404,0.05114096518606173,Test
RULVUP_clean,5.01128,4.18788,4.96894,1.11888,878.165,784.859,0.0,0.0,0.5036,0.450092,0.0,1,0.0045432351,0.4024148377,0.4150856657160644,Test
RULXOM_clean,15.36971,3.55595,15.36971,0.839199,1628.5,1940.54,0.0,0.0,0.652,0.776931,0.0,0,0.0040982403,0.3976445209,0.38638886222465085,Test
RUMRUO_clean,3.89523,3.56149,3.89523,2.03382,242.444,119.206,0.0,0.0,0.4326,0.212703,0.0,1,0.0019712039,0.1776618643,0.18089131928580937,Test
RUNXUV_clean,5.8356,4.62926,5.8296,1.09463,1307.34,1194.33,0.0,0.0,0.5502,0.502636,0.0,0,0.0052620899,0.4801526463,0.4755587579308905,Test
RUPTED_clean,4.59148,3.67658,4.57699,2.43056,359.515,147.915,0.0,0.0,0.433,0.178148,0.0,1,0.0005667408,0.0579252135,0.053604544240549196,Train
RUPVAB_clean,13.61739,4.61754,13.61739,0.953237,2216.88,2325.64,0.0,0.0,0.6886,0.722381,0.0,1,0.0031738384,0.3090547105,0.3058193698132427,Test
RURPAW_clean,4.26453,3.57847,4.26352,2.09861,723.866,344.926,0.0,0.0,0.4906,0.233773,0.0,1,0.0043368379,0.3845162006,0.3830491885764925,Test
RURPEA_clean,4.37304,3.99561,4.36427,1.79681,1037.11,577.197,0.0,0.0,0.5372,0.298975,0.0,1,0.0025911134,0.2411872277,0.24312159276449163,Test
RUSHIY_clean,9.32937,5.73491,9.31763,2.81322,981.321,348.825,12.3418,4.38706,0.4998,0.177661,0.0,1,0.000246552,0.0255742701,0.026917043742558544,Train
RUSWIN_clean,6.48006,3.76789,6.3774,1.27344,1499.33,1177.39,0.0,0.0,0.5498,0.431746,0.0,1,0.0025531982,0.2412979379,0.2436066457731505,Train
RUSWOT_clean,6.47922,3.93218,6.4245,1.19886,1481.92,1236.11,0.0,0.0,0.5554,0.463273,0.0,1,0.0025282746,0.2412684064,0.24483439584133312,Test
RUSWUZ_clean,6.54942,3.9072,6.54694,1.21025,1492.0,1232.81,0.0,0.0,0.5598,0.46255,0.0,1,0.0026103384,0.2551006284,0.24890651846988374,Test
RUSXAG_clean,6.44133,3.78742,6.3358,1.2672,1503.0,1186.08,0.0,0.0,0.5486,0.432924,0.0,1,0.0026576812,0.2493286292,0.25124286184587663,Train
RUSXEK_clean,6.54291,3.90146,6.54291,1.24418,1488.27,1196.19,0.0,0.0,0.5602,0.450258,0.0,1,0.0025529572,0.2440817146,0.2461618584223984,Test
RUTNOK_manual,24.61263,14.64846,24.61263,0.240823,1468.58,6098.18,0.0,0.0,0.9018,3.74465,0.0,0,0.0027287377,0.2891764521,0.2742563958613304,Test
RUVBOB_clean,6.09913,3.98908,5.99424,1.3777,1258.08,913.177,14.3931,10.4472,0.545,0.395586,0.0,0,0.0023563048,0.2263427954,0.22417177683663192,Test
RUVCES_clean,5.62432,4.09519,5.62432,1.21847,2083.62,1710.03,0.0,0.0,0.6886,0.565136,0.0,0,0.0021014871,0.2205868672,0.20762855479442363,Train
RUVKAV_clean,11.95152,7.15447,11.95152,0.601684,2230.0,3706.27,0.0,0.0,0.7794,1.29537,0.0,1,0.0024849589,0.2587640021,0.2500432102071874,Test
RUVMAX_clean,5.22433,4.41387,5.22043,1.2008,1767.14,1471.63,0.0,0.0,0.5696,0.474351,0.0,1,0.005064012,0.4751663573,0.46707431574043645,Train
RUVMUR_clean,3.8115,3.49015,3.80241,1.48235,185.395,125.068,39.5872,26.7057,0.4088,0.275779,0.0,1,0.0006050269,0.0594914554,0.06496173233086128,Train
RUWWOW01_clean,5.03981,3.90859,5.01601,1.48698,1131.86,761.178,0.0,0.0,0.4928,0.331409,0.0,1,0.0032176777,0.3010652604,0.29940442710068316,Train
RUWWUC_clean,5.12851,4.00559,5.12851,1.54997,877.489,566.133,0.0,0.0,0.4642,0.29949,0.0,1,0.0030784137,0.2797854768,0.28124467553088855,Test
RUWXAJ_clean,5.17293,4.0299,5.17293,1.53238,836.842,546.106,0.0,0.0,0.4794,0.312847,0.0,1,0.0025191634,0.2393915742,0.2339620412165385,Test
RUWXEN_clean,5.03811,3.94141,5.03811,1.46802,1178.02,802.454,0.0,0.0,0.5092,0.346863,0.0,1,0.0031891465,0.3070689503,0.29503218243581103,Train
RUWZIU_clean,6.72021,5.65873,6.72021,1.01181,1054.68,1042.37,0.0,0.0,0.5302,0.52401,0.0,0,0.0008188925,0.0748748564,0.08147811141013325,Train
RUWZOA_clean,6.55761,6.38772,6.55761,1.0684,1052.58,985.194,0.0,0.0,0.5174,0.484275,0.0,0,0.0009448096,0.0954018065,0.09206805035337451,Train
RUWZUG_clean,6.65442,5.67424,6.65442,1.10163,1013.24,919.768,0.0,0.0,0.4878,0.442798,0.0,0,0.0009931692,0.1013117044,0.09906979650321138,Train
RUYNIK_clean,5.71975,3.68772,5.7164,1.35451,1400.63,1034.05,0.0,0.0,0.5398,0.398522,0.0,1,0.002097611,0.2085151819,0.20353459241909866,Train
RUYQIN01_clean,9.71547,7.35837,9.71529,1.15099,1450.59,1260.3,0.0,0.0,0.5838,0.507215,0.0,1,0.0017121073,0.1669566256,0.1672130973979053,Train
RUYQIN02_clean,9.7478,7.37011,9.74761,1.14404,1452.85,1269.93,0.0,0.0,0.5842,0.510647,0.0,1,0.0015930356,0.1616768762,0.15581408400111754,Test
RUYQIN03_clean,9.69288,7.37414,9.69288,1.14102,1457.05,1276.97,0.0,0.0,0.586,0.513575,0.0,0,0.0016886538,0.1582968624,0.16738125361109205,Train
RUYQIN_clean,9.76179,7.44687,9.76179,1.1629,1436.26,1235.07,0.0,0.0,0.573,0.492735,0.0,1,0.0017247362,0.1640835688,0.1737264322625116,Test
RUYQOT_clean,9.68542,7.26317,9.68542,1.1664,1438.72,1233.47,0.0,0.0,0.575,0.49297,0.0,1,0.0016237056,0.1606025244,0.1564978631149466,Train
RUYTIQ_clean,9.62315,7.47258,9.62297,1.13645,1456.84,1281.92,0.0,0.0,0.5872,0.516695,0.0,0,0.0015614635,0.1593315237,0.155514139176355,Train
RUYTUC_clean,9.67783,7.26872,9.67783,1.16505,1440.32,1236.27,0.0,0.0,0.5776,0.495773,0.0,1,0.0015957418,0.1611590946,0.15632637785637868,Train
RUYVAK_clean,9.67948,7.48497,9.67948,1.15401,1452.68,1258.81,0.0,0.0,0.5806,0.503115,0.0,1,0.001756676,0.1722784395,0.17457608926187582,Test
RUYVEO_clean,12.21297,10.12216,12.21297,0.962787,1461.82,1518.32,0.0,0.0,0.6354,0.659959,0.0,1,0.001887931,0.1838967282,0.18343952438913091,Train
RUYVIS_clean,15.8929,13.20205,15.79897,0.679059,1536.4,2262.54,0.0,0.0,0.7374,1.08592,0.0,0,0.0017579605,0.1696740775,0.17758078951842904,Test
RUYZUH_clean,5.57075,3.47029,5.07859,2.36782,1042.81,440.408,0.0,0.0,0.4718,0.199255,0.0,1,0.0006802997,0.0665642406,0.06764303406225569,Train
RUZCOF_clean,5.55577,4.78031,5.52738,1.59859,1464.21,915.939,0.0,0.0,0.603,0.377208,0.0,0,0.0037416749,0.3506975985,0.3481915987687976,Test
RUZDAS_clean,5.2699,4.49334,5.2699,1.45263,1149.42,791.271,0.0,0.0,0.5294,0.364442,0.0,1,0.0018722666,0.1713193815,0.17706656407815574,Test
S2052520616005515_bm5080sup1_clean,4.47894,3.61798,4.46305,1.15409,1529.36,1325.16,0.0,0.0,0.5662,0.490602,0.0,0,0.0042890182,0.4205145878,0.41650359684826366,Train
S2056989016007027_zl2661sup1_clean,6.51796,4.57602,6.50954,1.14323,1545.49,1351.86,0.0,0.0,0.5984,0.523428,0.0,0,0.0041246549,0.3964714138,0.3894995296048836,Test
SABKIS_clean,6.81493,5.97974,6.81375,1.3839,1674.07,1209.68,0.0,0.0,0.6086,0.439772,0.0,1,0.0024085361,0.2316140476,0.23611030229811897,Test
SABVOH01_clean,6.48998,6.20475,6.48998,1.00596,1532.58,1523.5,0.0,0.0,0.5966,0.593066,0.0,0,0.0056602266,0.5359075303,0.5344004547096531,Train
SABVOH_manual,6.26548,5.9824,6.25328,0.999416,1586.53,1587.46,0.0,0.0,0.5914,0.591745,0.0,0,0.0052137354,0.5037461509,0.4954388586604447,Test
SABVUN_clean_h_min,7.01984,6.76477,7.01984,0.978971,1612.66,1647.3,0.0,0.0,0.5868,0.599405,0.0,0,0.0049116531,0.4631795252,0.46905468267610806,Test
SACDOR_clean,8.1061,7.63768,8.07477,1.2392,2030.48,1638.54,0.0,0.0,0.6692,0.540025,0.0,1,0.0018702871,0.1822400919,0.18310973941024494,Test
SADLEQ_clean,7.11187,6.8054,7.11187,1.50504,1508.7,1002.44,0.0,0.0,0.5702,0.378862,0.0,1,0.0025121142,0.2466042338,0.24389697520050926,Test
SADLIU_clean,6.85652,6.48147,6.85652,1.67165,1571.6,940.146,0.0,0.0,0.549,0.328417,0.0,0,0.0031803584,0.2906675855,0.2997514933869872,Train
SADMUH_SL,7.87003,7.35,7.87003,0.987944,1759.25,1780.72,0.0,0.0,0.6412,0.649025,0.0,0,0.0027166143,0.274024617,0.2606656521074626,Test
SADVEB_clean,5.28527,4.25585,5.28527,2.60318,983.265,377.718,0.0,0.0,0.4638,0.178167,0.0,1,0.0007835625,0.0738829524,0.07464934084866462,Train
SAHXAD_clean,7.24131,5.09073,7.23502,0.88875,2564.25,2885.23,0.0,0.0,0.6954,0.782447,0.0,1,0.0027965651,0.2806161135,0.2836143480936929,Test
SAHYAD01_charged,5.19203,4.15651,5.19203,1.32487,706.962,533.607,0.0,0.0,0.4484,0.338447,0.0,0,0.0036065584,0.3048378744,0.3196493698606917,Test
SAHYAD02_charged,5.10825,4.11856,5.05504,1.21472,956.169,787.154,0.0,0.0,0.4744,0.390544,0.0,0,0.0041661683,0.3879525855,0.38369324222127155,Train
SAHYAD03_charged,5.12494,4.13079,5.11799,1.21393,956.365,787.825,0.0,0.0,0.476,0.392114,0.0,0,0.0043062473,0.3975251717,0.3942554169635081,Train
SAHYAD_charged,5.20099,4.24745,5.18975,1.20366,904.811,751.716,0.0,0.0,0.4892,0.406427,0.0,0,0.003993037,0.3582889006,0.3590899590664821,Train
SAHYIL_charged,5.10796,4.12363,5.09232,1.21487,743.904,612.333,74.7608,61.5382,0.4846,0.398891,0.0,0,0.0037648185,0.3407349621,0.3369956955613603,Train
SAJDIT_clean,7.44507,6.67773,7.44507,1.18884,1185.58,997.26,0.0,0.0,0.5216,0.438748,0.0,1,0.0018969669,0.1826551182,0.1832412739300656,Test
SAJRAW10_clean,6.98873,5.65739,6.98873,1.03716,2658.72,2563.46,0.0,0.0,0.7434,0.716765,0.0,0,0.0010459294,0.1024491451,0.10624507968721697,Train
SAJRAW_clean,6.95776,5.62966,6.95776,1.0485,2631.43,2509.71,0.0,0.0,0.7242,0.690701,0.0,0,0.0010430441,0.104600153,0.1000992952433252,Train
SAJRUT_clean,6.75939,5.98836,6.75562,0.832145,2447.69,2941.42,0.0,0.0,0.6812,0.818608,0.0,1,0.0031470871,0.3161395244,0.3125455065886656,Test
SAJSAA_clean,6.806,6.26285,6.79743,1.09035,1505.97,1381.18,0.0,0.0,0.546,0.500758,0.0,1,0.0044375515,0.4174049254,0.4154133958281379,Test
SAKRAZ_clean,5.58245,5.12904,5.58245,1.03675,2394.2,2309.33,0.0,0.0,0.6546,0.631396,0.0,1,0.0027469904,0.2664616922,0.2717571730004495,Test
SAKRED_clean,5.5169,5.02553,5.5169,1.03225,2416.65,2341.14,0.0,0.0,0.6696,0.648678,0.0,1,0.0026218799,0.2570475839,0.25915101578269467,Test
SALXEL_clean,17.7233,14.92578,17.7233,0.954529,1589.06,1664.76,49.7541,52.1243,0.7288,0.763518,0.000419055,1,0.0015045776,0.141702153,0.15103951962222562,Test
SALXIP_clean,18.35498,16.34268,18.35498,1.06535,1653.8,1552.35,0.0,0.0,0.7432,0.697612,0.00112639,1,0.0011024813,0.107514051,0.10946527162039893,Train
SALZAH_clean,5.2131,3.75496,5.20977,1.33753,1363.66,1019.54,0.0,0.0,0.5834,0.436178,0.0,1,0.0009471706,0.0958797762,0.09747400126486899,Train
SAMLAV_manual,5.80959,3.99095,5.75161,1.19097,1685.7,1415.4,0.0,0.0,0.5904,0.495731,0.0,0,0.0023693547,0.2281719744,0.2300225684047539,Train
SAMVEK_clean,7.83578,6.98017,7.83578,0.980713,1609.04,1640.69,0.0,0.0,0.611,0.623016,0.0,0,0.002223085,0.2235509959,0.21745750300354244,Test
SANGEW_clean,6.64431,4.85626,6.63808,1.45126,1299.25,895.255,0.0,0.0,0.529,0.36451,0.0,1,0.0045465571,0.4091938793,0.4070019617008042,Train
SANGUM_clean,6.61883,4.82903,6.58035,1.50455,1309.82,870.575,0.0,0.0,0.5346,0.355323,0.0,1,0.0031863597,0.3022530284,0.29415524102522284,Train
SANHIB_clean,6.11189,4.81167,6.1084,1.59136,1228.71,772.117,0.0,0.0,0.5088,0.319727,0.0,1,0.0042396573,0.3925381667,0.3815191834185523,Test
SANHOH_clean,6.60456,4.91636,6.49799,1.53725,1315.89,856.008,0.0,0.0,0.5322,0.346204,0.0,1,0.0030878317,0.2941132773,0.28937008347219634,Test
SANHUN_clean,6.50583,4.8025,6.36295,1.599,1277.92,799.196,0.0,0.0,0.517,0.323327,0.0,1,0.004400369,0.399844421,0.39426266317294084,Test
SANJAV_clean,6.50945,4.91174,6.48422,1.32827,1290.56,971.607,0.0,0.0,0.515,0.387722,0.0,1,0.0053109279,0.4967122754,0.4716500251787845,Train
SAQQAD_clean,10.6229,9.13911,10.59086,0.899459,1701.71,1891.92,0.0,0.0,0.6748,0.750228,0.0,1,0.0024675368,0.254366929,0.2418296051422995,Train
SAQQEH_clean,10.62623,9.13273,10.62623,0.914395,1723.95,1885.35,0.0,0.0,0.6746,0.737756,0.0,1,0.0025880657,0.2540439296,0.2521158772563042,Test
SAQQIL_clean,10.65559,9.10715,10.62918,0.918282,1715.69,1868.37,0.0,0.0,0.6836,0.744434,0.0,1,0.0025825651,0.2545603604,0.2520109051813958,Test
SAQQOR_clean_h,10.68647,9.07282,10.64358,0.778283,1708.0,2194.57,0.0,0.0,0.6882,0.884254,0.0,1,0.0029877977,0.2907659313,0.2923874017163978,Test
SAQSOU_clean,6.47651,3.98462,6.43461,1.44924,1500.2,1035.16,0.0,0.0,0.568,0.391929,0.0,1,0.0011478666,0.1139930576,0.11216423709787626,Train
SARGID_clean,11.28011,10.79695,11.27845,1.13003,1551.23,1372.74,0.0,0.0,0.643,0.569013,0.0,1,0.0021483622,0.2122245786,0.2138694061460403,Train
SARGOJ_clean,11.21149,10.84114,11.20988,1.13101,1553.18,1373.27,0.0,0.0,0.6422,0.56781,0.0,1,0.0020984003,0.2077825104,0.2065100680534338,Train
SARGUP_clean,11.61678,10.99568,11.61678,1.13145,1593.32,1408.21,0.0,0.0,0.6444,0.569535,0.0,1,0.0022146753,0.222857382,0.21769201485612866,Train
SARHAW_clean,11.26396,10.8267,11.26396,1.13289,1578.11,1393.0,0.0,0.0,0.6352,0.560691,0.0,1,0.0020856828,0.2074927313,0.2078334439595388,Train
SARHEA_clean,11.57288,10.94497,11.57288,1.13911,1582.39,1389.14,0.0,0.0,0.6384,0.560437,0.0,1,0.0020911331,0.2222342207,0.20941776569702575,Train
SARMEE_clean,4.34974,3.44315,4.3363,1.72993,254.091,146.879,149.818,86.6033,0.429,0.247987,0.0,1,0.001612108,0.1524626563,0.1524098543308799,Test
SARNOQ_clean,9.2766,6.16862,9.2766,1.10826,1838.17,1658.6,0.0,0.0,0.6536,0.589751,0.0,0,0.0015292259,0.1527191521,0.14991185392401774,Test
SARTIR_clean,8.84902,7.39282,8.55302,0.84182,1819.29,2161.13,0.0,0.0,0.6546,0.7776,0.0,0,0.0022321031,0.2328396008,0.22147965933803238,Train
SATRIP_clean,5.64735,4.63209,5.64735,1.5207,2001.22,1315.99,0.0,0.0,0.609,0.400475,0.0,1,0.0014765988,0.1393857224,0.1443097226341595,Train
SATROV_clean,5.68214,4.67755,5.6433,1.62598,1989.31,1223.46,0.0,0.0,0.6086,0.374297,0.0,1,0.001472065,0.1412373722,0.1425707244033297,Test
SAXLEK_clean,9.25038,8.58806,9.25038,1.08002,1714.03,1587.03,0.0,0.0,0.6988,0.647023,0.0,1,0.0007157369,0.0692019345,0.06966668114902921,Train
SAXRIS_clean,6.95604,5.1283,5.82931,1.88243,2109.8,1120.78,0.0,0.0,0.5242,0.27847,0.000106246,1,0.0005776399,0.0577114168,0.059818529978768964,Train
SAYTOD_clean,6.38142,4.3971,6.36474,1.32305,2428.66,1835.65,0.0,0.0,0.7024,0.530895,0.0,1,0.0005170846,0.053624118,0.055545487266673216,Train
SAYTUJ_clean,5.53716,4.24775,5.50087,1.26647,2678.26,2114.75,0.0,0.0,0.7138,0.563615,0.0,1,0.0005861308,0.0593222513,0.06261519140116004,Test
science.1056698_manual,16.36523,5.22927,16.36523,0.720658,2117.08,2937.7,0.0,0.0,0.7092,0.9841,0.0,1,0.003281187,0.3298557161,0.3124616610544676,Test
SEFSOM_clean,7.74471,4.63206,7.74435,1.3092,888.245,678.465,0.0,0.0,0.4856,0.370914,0.0,0,0.0014836882,0.1447385554,0.13931206240569188,Train
SEFVAC_clean,11.52297,3.67055,11.52297,0.903784,1536.01,1699.54,0.0,0.0,0.6434,0.711896,0.0,0,0.0014668407,0.1432698313,0.14336358668203206,Train
SEFVEG02_clean,11.61381,3.82654,11.61381,0.901728,1567.52,1738.35,0.0,0.0,0.642,0.711966,0.0,0,0.0014073433,0.1306701046,0.13866485768466577,Train
SEFVEG_clean,11.61384,3.82499,11.61384,0.903214,1567.68,1735.67,0.0,0.0,0.6424,0.711238,0.0,0,0.0013203855,0.1300430931,0.12556800695583198,Test
SEFVUW_clean,11.26795,3.60856,11.26795,0.928704,1552.88,1672.09,0.0,0.0,0.6514,0.701407,0.0,0,0.0014640461,0.1410521867,0.1443523337374137,Test
SEFWEH_clean,11.26494,3.61002,11.26494,0.914157,1525.26,1668.49,0.0,0.0,0.6436,0.704037,0.0,0,0.0015286265,0.1534095678,0.14945109095381345,Train
SEFWIL_clean,11.33313,3.69478,11.33313,0.92841,1562.33,1682.8,0.0,0.0,0.6504,0.700552,0.0,0,0.0014010764,0.1339006249,0.13891537212944377,Train
SEFWOR_clean,11.5954,3.6311,11.5954,0.926162,1578.03,1703.84,0.0,0.0,0.6492,0.700957,0.0,0,0.0010727343,0.112214301,0.10953174930633608,Test
SEGBIR_clean,10.04679,9.57778,10.04679,1.2245,885.139,722.858,0.0,0.0,0.519,0.423847,0.0,1,0.0008063599,0.0771585631,0.07560624597734175,Train
SEGMEW_clean,4.54304,3.58735,4.3932,1.55869,710.369,455.747,0.0,0.0,0.505,0.32399,0.0,1,0.0004675244,0.0452661869,0.04544163642565999,Train
SEHNID_clean,5.75155,4.35756,5.66689,1.44623,1469.69,1016.22,4.17576,2.88733,0.5848,0.404361,0.0,1,0.0006224535,0.0602321229,0.06333694133901718,Train
SEHSII_clean,5.51627,4.61799,5.4977,1.32529,2244.33,1693.46,0.0,0.0,0.6396,0.482611,0.0,1,0.0026825989,0.2659548234,0.259609735990224,Test
SEHSUU_clean,5.44704,4.60331,5.44667,1.3755,2258.75,1642.13,0.0,0.0,0.6246,0.454089,0.0,1,0.0027805531,0.2647164486,0.26558131796748274,Test
SEHTAB_clean,5.41612,4.59352,5.36104,1.41024,2230.71,1581.8,0.0,0.0,0.6402,0.453966,0.0,1,0.0035219592,0.334589778,0.33506409807822035,Test
SEHTEF_clean,5.47631,4.61623,5.47631,1.08146,2270.04,2099.06,0.0,0.0,0.6446,0.596049,0.0,1,0.0038121135,0.3708424022,0.3636161842488013,Test
SEHVOQ_clean,4.8676,3.87877,4.8676,1.74504,1289.65,739.04,0.0,0.0,0.497,0.284807,0.0,1,0.0044359012,0.396740524,0.39911316816118675,Train
SEHXIN_clean,7.02055,6.72566,7.02055,1.5497,1564.27,1009.4,0.0,0.0,0.5642,0.364069,0.0,0,0.0025218681,0.2445380507,0.2477620845668108,Test
SEHZUB_clean,5.72411,4.04304,5.72411,1.14687,1108.91,966.904,0.0,0.0,0.5276,0.460036,0.0,1,0.0019814324,0.1875546245,0.19127367382929966,Test
SEJBAL_clean,5.28042,3.84303,5.01194,1.17037,1017.74,869.583,0.0,0.0,0.5124,0.437809,0.0,1,0.0016840047,0.1616212701,0.15582252164478994,Test
SEMFEX_charged,5.91615,4.07041,5.72647,1.27171,639.129,502.574,287.488,226.064,0.4862,0.38232,0.0,0,0.0083505728,0.637958309,0.6391425693531134,Test
SEMFIB_charged,6.30171,4.17949,5.81814,1.31707,655.519,497.709,308.693,234.378,0.512,0.38874,0.0,0,0.0068578625,0.5299767349,0.5347969437683195,Train
SENVIR_clean,15.37344,3.88956,15.37344,0.850165,1726.79,2031.12,0.0,0.0,0.6596,0.77585,0.0,1,0.0042564887,0.4121956966,0.4060831530925726,Test
SEQSIS_clean,5.53296,4.93164,5.53296,1.1424,1232.92,1079.24,0.0,0.0,0.546,0.477942,0.0,1,0.0054435932,0.4803398643,0.48334461059864864,Train
SEQSOY_clean,6.18995,5.53555,6.17075,1.00925,1555.89,1541.63,0.0,0.0,0.5934,0.587963,0.0,1,0.0047479003,0.442528065,0.44180393411387037,Train
SEQTEP_clean,7.6925,5.22397,7.6925,0.967552,1457.91,1506.8,0.0,0.0,0.5822,0.601725,0.0,1,0.0032184189,0.3007153154,0.30870915763291207,Test
SERCEZ_clean,10.07441,8.56931,10.07441,0.708098,2363.51,3337.82,0.0,0.0,0.7424,1.04844,0.0,1,0.0032104678,0.3071321415,0.31481758612613286,Test
SERJOP_clean,8.8151,8.02852,8.80673,1.47492,1445.52,980.069,0.0,0.0,0.5668,0.384292,0.0,1,0.0011551716,0.1230027049,0.1160169159915089,Train
SERJUV_clean,8.81658,8.12377,8.8037,1.17608,1441.79,1225.93,0.0,0.0,0.577,0.490611,0.0,1,0.001580788,0.157781673,0.15889313547968403,Test
SERLEI_clean,11.28347,6.23061,11.2833,0.73908,2383.12,3224.44,0.0,0.0,0.7306,0.988527,0.0,1,0.0036778471,0.3491212618,0.3489367215255028,Train
SERWAP_clean,5.42763,4.05857,5.33801,0.873598,1883.71,2156.27,0.0,0.0,0.6098,0.698033,0.0,0,0.0060233912,0.5486417077,0.551423559821536,Train
SETDUS_clean,4.71148,4.0993,4.71148,1.05303,1402.23,1331.61,0.0,0.0,0.6032,0.572822,0.0,1,0.0031132814,0.3022805793,0.3014916705034922,Test
SETPEO_clean,14.47047,3.66339,14.46844,0.794221,1742.27,2193.69,0.0,0.0,0.7298,0.918888,0.0,1,0.0027315496,0.2687422722,0.26319339659730545,Train
SETQAL_clean,4.42679,4.26632,4.42679,1.31307,1092.38,831.931,0.0,0.0,0.5278,0.40196,0.0,0,0.0050511778,0.4427289773,0.4521555753861607,Test
SETQEP_clean,4.49444,4.34625,4.49444,1.29869,1133.37,872.699,0.0,0.0,0.5334,0.410721,0.0,0,0.0049001987,0.4340715182,0.4455882311814382,Train
SETQIT_clean,4.41727,4.22902,4.41727,1.31505,1081.66,822.523,0.0,0.0,0.5234,0.398009,0.0,0,0.0048326554,0.4281820092,0.43285366212956167,Test
SETQOZ_SL,7.85539,7.34267,7.85421,0.993925,1777.54,1788.41,0.0,0.0,0.6354,0.639284,0.0,0,0.002645402,0.2753776491,0.25920757087397345,Test
SETQUF_SL,7.76352,7.22608,7.76352,0.996606,1737.41,1743.32,0.0,0.0,0.6204,0.622513,0.0,0,0.0027547113,0.275191755,0.27255313635978645,Test
SETRAM_clean,8.05582,7.60574,8.05085,0.990751,1790.54,1807.25,0.0,0.0,0.6356,0.641533,0.0,0,0.0031096396,0.3056637985,0.3025791872731227,Test
SETSIV_clean,10.19056,8.58608,10.19056,0.702208,2298.35,3273.03,0.0,0.0,0.7264,1.03445,0.0,1,0.002895929,0.2813753875,0.2797887520233615,Test
SETSOB_clean,6.38657,4.98443,6.37723,0.814512,2668.09,3275.69,0.0,0.0,0.6874,0.843941,0.0,0,0.0033775915,0.3298840486,0.3381524188307845,Train
SETXEW_clean,4.58511,3.92335,4.57028,2.3001,529.435,230.179,0.0,0.0,0.417,0.181296,0.0,1,0.0004728415,0.0432407649,0.04484060377609131,Train
SEVLEM_clean,9.1752,7.37433,9.1752,0.963135,2062.24,2141.17,0.0,0.0,0.6686,0.694191,0.0,1,0.0016694677,0.1585037633,0.16147738814070844,Train
SEWCED_clean,12.17369,9.5104,12.17369,0.810307,1760.05,2172.08,0.0,0.0,0.6728,0.830303,0.0,1,0.0017823091,0.180988237,0.17826876807442593,Train
SEYQIW_clean,5.89707,5.20358,5.89707,1.03265,2825.78,2736.42,0.0,0.0,0.6948,0.672829,0.0,0,0.0022369964,0.2260685303,0.22025421849395982,Test
SEZPOE_clean,4.80607,4.08896,4.78655,1.66902,1314.15,787.374,0.0,0.0,0.5938,0.355777,0.0,0,0.0028698283,0.279962317,0.2663198410781105,Test
SICZOV_clean,18.76086,11.86635,18.76086,0.419881,1773.06,4222.76,0.0,0.0,0.8408,2.00247,0.0,1,0.0028646507,0.2862477287,0.28029664643918417,Test
SIDCAL_clean,9.18075,7.95829,9.18075,1.0779,1545.97,1434.24,0.0,0.0,0.5948,0.551815,0.0,0,0.0020010317,0.1952870144,0.19764642679530364,Train
SIFVAG_clean,5.52904,3.49181,5.49354,1.16245,673.998,579.808,0.0,0.0,0.4796,0.412577,0.0,1,0.0013509296,0.1338941351,0.12500140054015774,Test
SIKGAW_clean,4.92676,4.21433,4.92676,0.888887,2386.29,2684.58,0.0,0.0,0.6492,0.730352,0.0,0,0.0023140671,0.2213519249,0.23514023791866417,Test
SIKYER_clean,6.53029,4.26393,6.50771,1.2109,2088.91,1725.09,0.0,0.0,0.6104,0.504089,0.0,1,0.0023419244,0.2337226617,0.23273294759582058,Test
SINQEL_clean,5.80887,4.60559,5.80549,1.29073,2087.2,1617.07,0.0,0.0,0.6484,0.502351,0.0,0,0.0033734465,0.3237984879,0.327663667793721,Train
SINXET_charged,4.94582,3.8237,4.93896,1.72217,738.404,428.763,0.0,0.0,0.4962,0.288124,0.0,0,0.0004286278,0.042816101,0.043090740566108954,Train
SIPCID_clean,5.31594,4.0774,5.2787,1.47588,738.038,500.065,0.0,0.0,0.506,0.342845,0.0,0,0.0008568285,0.0819369071,0.08151222760647428,Train
SIQCOM_clean,4.78607,3.41332,4.77151,1.37032,965.525,704.599,0.103074,0.0752192,0.535,0.39042,0.0,1,0.0025754917,0.2345943399,0.24301451521703962,Test
SIQQEO_clean,5.38066,4.73377,5.38066,1.02212,1743.14,1705.42,0.0,0.0,0.596,0.583103,0.0,1,0.0027974567,0.2710017572,0.27418556832320845,Train
SISFEH_clean,4.41588,3.6646,4.35167,1.61069,592.834,368.062,0.0,0.0,0.4254,0.26411,0.0,1,0.0014253431,0.1323116726,0.13257251597028,Train
SISPUH_clean,5.99511,5.1936,5.99511,1.69632,1257.02,741.025,0.0,0.0,0.5152,0.303716,0.0,1,0.0032001703,0.285423462,0.2964634312270406,Test
SISQAO_clean,5.99338,5.23289,5.99338,1.66873,1254.35,751.683,0.0,0.0,0.5178,0.310297,0.0,1,0.0031008442,0.2923763326,0.286424889757841,Test
SISQES_clean,5.97003,5.21528,5.97003,1.65966,1234.67,743.931,0.0,0.0,0.5184,0.312353,0.0,1,0.00316119,0.2913794207,0.29044265153375737,Test
SISQIW_clean,6.00511,5.20372,6.00511,1.61583,1236.89,765.482,0.0,0.0,0.521,0.322434,0.0,1,0.0031949801,0.2883579091,0.296487410508073,Test
SITTUM_clean,6.67296,3.57209,6.58264,1.4371,626.277,435.791,0.0,0.0,0.4524,0.3148,0.0,1,0.0017380314,0.1665852377,0.162615626536933,Train
SIVGIP_clean,5.24448,3.98805,5.17797,1.10666,1685.18,1522.76,0.0,0.0,0.6024,0.544339,0.0,1,0.002811632,0.2614292944,0.2748421521488579,Test
SIVGOV_clean,5.24396,4.0676,5.24396,1.11955,1644.75,1469.11,0.0,0.0,0.6106,0.545397,0.0,1,0.0027651464,0.2657479612,0.26645199035020767,Test
SIVGUB_clean,8.31266,6.47199,8.20556,0.679186,2443.34,3597.46,0.0,0.0,0.7546,1.11104,0.0,1,0.0029914791,0.3061943439,0.2979540418317487,Test
SIVJIS_clean,6.47513,4.62269,6.40533,1.38853,1236.89,890.797,0.0,0.0,0.5274,0.379827,0.0,0,0.0031773826,0.2941249944,0.2947404479968606,Test
SIVKAK_clean,4.30972,3.83052,4.30972,1.95562,167.191,85.4925,0.0,0.0,0.4122,0.210777,0.0,1,0.0001381337,0.012354809,0.013050442107964966,Train
SIVQAR_clean,8.43693,5.95196,8.03277,1.35381,1577.05,1164.9,0.0,0.0,0.616,0.455013,0.0,1,0.0022513665,0.2214007608,0.22168155040418963,Train
SIVWUR_clean,4.87776,4.03318,4.87776,1.72206,462.742,268.715,0.0,0.0,0.3598,0.208936,0.0,0,0.0054440601,0.3913732974,0.3995297619644914,Train
SIWSUO_clean,4.95346,3.52092,4.93971,1.30798,969.125,740.933,0.0,0.0,0.499,0.381505,0.0,1,0.0062389017,0.5493877905,0.5337848612363363,Train
SIWTEZ_clean,6.78942,4.98966,6.77665,1.39975,1050.66,750.605,0.0,0.0,0.4732,0.33806,0.0,1,0.0021317054,0.202901676,0.20562578675302912,Test
SIWTOJ_clean,4.72876,3.487,4.72876,1.43464,1201.3,837.352,0.0,0.0,0.525,0.365944,0.0,1,0.0067877983,0.5811102554,0.5843972404550274,Train
SIZJUH_clean,6.46611,5.64692,6.46611,1.69172,651.341,385.016,66.1469,39.1003,0.474,0.280188,0.0,1,0.0002418035,0.0255367339,0.027848177475615077,Train
SIZPUN_clean,19.22538,6.71018,19.22499,0.693763,2153.01,3103.37,0.0,0.0,0.757,1.09115,0.0,1,0.0034166292,0.3362134276,0.3278816185988462,Train
SOBTUY_clean,5.30158,4.93345,5.25562,1.24028,1722.57,1388.85,0.0,0.0,0.5708,0.460217,0.0,1,0.0014408334,0.1364107325,0.1412461617845569,Test
SOBZEQ_clean,7.06044,5.44324,7.04565,0.861876,2509.51,2911.69,0.0,0.0,0.7062,0.819376,0.0,1,0.0025546393,0.2651907125,0.25731184631584136,Test
SOCLAZ_clean,3.66826,3.40979,3.66826,1.5968,132.944,83.257,0.0,0.0,0.3902,0.244364,0.0,0,0.0002979664,0.0290429601,0.029600139531953173,Train
SODNAA_clean,4.92821,3.76656,4.9265,1.39799,1007.61,720.756,0.0,0.0,0.501,0.358372,0.0,1,0.0028710456,0.2595649356,0.2644432421839283,Test
SODQOT_clean,6.38354,5.71555,6.35379,1.16333,2168.31,1863.88,0.0,0.0,0.653,0.561321,0.0,1,0.0025032058,0.2484421834,0.24557542249066408,Test
SODXUG_clean,4.72864,4.01613,4.71178,1.34536,905.757,673.244,0.0,0.0,0.4682,0.34801,0.0,1,0.0055027378,0.4783418607,0.47754307028394244,Train
SODZIV_clean,6.23207,5.25681,6.23207,1.2688,1153.66,909.256,0.0,0.0,0.5338,0.420714,0.0,1,0.0016054875,0.1680514353,0.15366087165918033,Test
SOHBUO_clean,4.82292,4.04207,4.82292,1.2506,823.12,658.177,0.0,0.0,0.481,0.384614,0.0,1,0.002348814,0.2176065671,0.22356161638115501,Test
SOHGUS_clean,9.69532,8.17838,9.6883,0.723839,1841.74,2544.41,0.0,0.0,0.707,0.976737,0.0,0,0.0025656395,0.2516490765,0.25470401304385476,Train
SOHMEI_clean,8.65383,8.02301,8.62464,1.19399,2084.79,1746.06,0.0,0.0,0.6688,0.560138,0.0,0,0.00181038,0.1836541633,0.1811330755755594,Test
SOHMIM_clean,8.13654,7.41946,8.10265,1.23579,2022.73,1636.78,0.0,0.0,0.6656,0.538601,0.0,0,0.0018709454,0.1816370708,0.18298031105978807,Test
SOHMUY_clean,8.20693,7.56134,7.97833,1.2172,2055.43,1688.66,0.0,0.0,0.6606,0.542722,0.0,0,0.001795897,0.1771920942,0.18052215738151678,Test
SOHNAF_clean,8.77466,8.24178,8.76382,1.17605,2072.16,1761.97,0.0,0.0,0.686,0.583311,0.0,0,0.0020355254,0.1851696159,0.20421016196515573,Test
SOHNEJ_clean,8.72478,7.97366,8.7184,1.18471,2089.45,1763.69,0.0,0.0,0.6672,0.563178,0.0,0,0.0019130779,0.1837805607,0.18572369182441606,Test
SOHNIN_clean,8.46136,7.91648,8.46136,1.21276,2069.15,1706.15,0.0,0.0,0.6704,0.552789,0.0,0,0.0018492209,0.1843914817,0.18046050065157618,Train
SOJGOO_clean,6.25393,4.92061,6.24311,1.24524,1162.74,933.744,0.0,0.0,0.513,0.411967,0.0,1,0.0035191367,0.3262211075,0.32276164411326114,Test
SOJSUH_clean,8.78676,6.77563,8.78676,0.847279,2062.57,2434.34,0.0,0.0,0.6744,0.79596,0.0,1,0.0025618095,0.258581583,0.25230712492770285,Test
SOKKOT_ion_b,6.1792,5.66918,6.17838,1.21138,852.75,703.947,80.7869,66.6897,0.5432,0.448412,0.0,0,0.0030165943,0.281696632,0.2790217381432113,Test
SOKKUZ_clean,6.70484,6.32665,6.70484,1.05966,2286.47,2157.74,0.0,0.0,0.6502,0.613593,0.0,0,0.00463112,0.444471551,0.44507866529041984,Test
SOKWAS01_clean,5.31439,4.17423,5.31439,1.94035,1774.06,914.299,0.0,0.0,0.5988,0.308604,0.0,1,0.0016854748,0.1589756603,0.1549413570800468,Test
SOKWAS_clean,6.00629,4.14523,5.99555,1.89659,1733.95,914.246,0.0,0.0,0.6016,0.317201,0.0,1,0.0018459692,0.1763104735,0.17477768074876032,Test
SOKWUM_clean,5.85854,4.29712,5.84922,1.62759,2447.15,1503.54,0.0,0.0,0.6492,0.398872,0.0,1,0.001284672,0.1210507492,0.12323093056263856,Test
SOMCON_clean,8.11347,7.39172,8.11088,1.23046,2025.07,1645.79,0.0,0.0,0.6712,0.545487,0.0,0,0.0018235464,0.1757582732,0.18034742426941058,Train
SOMFAC_clean,6.70637,6.34214,6.70637,1.04875,2285.42,2179.2,0.0,0.0,0.6702,0.639049,0.0,0,0.0045441434,0.4370281891,0.4350113998738518,Train
SOMFEG_clean,6.71551,6.34258,6.71551,1.05531,2284.15,2164.44,0.0,0.0,0.6512,0.61707,0.0,0,0.0044419078,0.4381848246,0.4228560747419078,Test
SOMFIK_clean,6.73279,6.35537,6.73279,1.03071,2266.62,2199.08,0.0,0.0,0.6584,0.63878,0.0,0,0.0045502471,0.4344249961,0.43554548785193503,Train
SOMSIY_clean,6.00203,5.70916,6.00203,1.30077,1538.34,1182.64,0.0,0.0,0.5758,0.442662,0.0,0,0.0056922608,0.5250793907,0.5201053836833622,Train
SONTAR_manual,6.97799,5.28288,6.97799,1.00094,2334.34,2332.14,0.0,0.0,0.674,0.673365,0.0,1,0.0021543017,0.2039465878,0.21767501021886748,Test
SONTIZ_clean,6.62072,5.41763,6.62072,1.09079,2319.93,2126.83,0.0,0.0,0.6638,0.608548,0.0,1,0.0020562823,0.1972839829,0.20485269914601204,Test
SONTOF_clean,6.50923,5.39354,6.50923,1.11456,2282.12,2047.56,0.0,0.0,0.6604,0.592523,0.0,1,0.0020750691,0.205840221,0.20650392645136076,Train
SONTUL_neutral_b,11.07564,6.55104,11.07564,0.882976,2163.69,2450.45,0.0,0.0,0.717,0.812027,0.0,1,0.003355566,0.31039115,0.31022490376231054,Test
SONVAT_neutral_b,13.18133,6.56576,13.18133,0.88151,2137.18,2424.45,0.0,0.0,0.7168,0.81315,0.0,1,0.0032987358,0.314325351,0.3058498574880706,Train
SONVEX_neutral_b,13.20026,6.62162,13.20026,0.879921,2126.12,2416.26,0.0,0.0,0.7172,0.815073,0.0,1,0.0034149794,0.3177868278,0.31539439530418034,Train
SONVIB_neutral_b,13.19327,6.63983,13.19327,0.881013,2113.29,2398.7,0.0,0.0,0.7204,0.817695,0.0,1,0.0034563105,0.3149633993,0.3161623331272135,Train
SOPLAM_clean,7.99336,6.43639,7.96868,0.786263,2208.41,2808.75,0.0,0.0,0.6702,0.852386,0.0,1,0.0029805993,0.2888135171,0.2936448399917631,Train
SOPLEQ_clean,8.78838,7.50509,8.78838,0.73171,2217.3,3030.3,0.0,0.0,0.6802,0.929603,0.0,0,0.002661914,0.2682107248,0.26642997134070323,Train
SOPLOA_clean,8.29809,6.85068,8.29809,0.790491,2059.77,2605.68,0.0,0.0,0.6598,0.834671,0.0,1,0.0028373902,0.28674774,0.2815748014825422,Test
SOSSEA_clean,4.66034,3.46037,4.63504,1.16769,974.945,834.933,0.0,0.0,0.5088,0.435731,0.0,0,0.0051300675,0.4424947674,0.4738577907611765,Test
SOTWOP_clean,6.21348,5.18247,6.21348,1.16378,2263.81,1945.21,0.0,0.0,0.6514,0.559726,0.0,1,0.0018918916,0.1891766703,0.18284604913564007,Test
SOTWUV_clean,6.18672,5.12197,6.18672,1.20466,2258.56,1874.85,0.0,0.0,0.6516,0.540898,0.0,1,0.0019585853,0.1883345484,0.19109026393850553,Train
SOTXAC_clean,6.12649,5.14189,6.12133,1.25484,2251.96,1794.63,0.0,0.0,0.645,0.514011,0.0,1,0.0019268082,0.194458223,0.18695430365243104,Train
SOTXEG_neutral,5.04075,3.40746,5.04075,1.50786,630.779,418.326,0.0,0.0,0.472,0.313026,0.0,0,0.0019519016,0.1823141643,0.18074874343521408,Train
SOVHAM_clean,4.88485,4.19849,4.88485,1.17469,1409.46,1199.86,0.0,0.0,0.5526,0.470422,0.0,1,0.002141505,0.2025602943,0.20883221061775553,Train
SOVHOA_clean,4.19176,3.82361,4.19176,1.2075,1328.47,1100.17,0.0,0.0,0.5406,0.4477,0.0,1,0.001811971,0.1705378596,0.1781350789044242,Train
SOVLEW_clean,16.78989,6.64048,16.78989,0.755158,2186.99,2896.07,0.0,0.0,0.742,0.982576,0.0,1,0.0031477579,0.2995754891,0.309333228605649,Test
SOXDAM_clean,7.87287,4.28499,7.87287,1.75813,1069.27,608.188,0.0,0.0,0.4738,0.26949,0.0,1,0.0022288772,0.2090982938,0.2094101584562324,Test
SOXDEQ_clean,7.82825,4.19616,7.82511,1.75226,1007.81,575.152,0.0,0.0,0.4478,0.255556,0.0,1,0.0022267833,0.2118174241,0.20774903613336881,Train
SOYFUJ_clean,4.60508,3.53241,4.56134,1.47456,918.914,623.177,0.0,0.0,0.5152,0.349392,0.0,1,0.002518519,0.2368946074,0.23888056967286392,Train
SOYWOT_neutral_b,13.17245,6.57882,13.17245,0.881994,2147.64,2434.99,0.0,0.0,0.7166,0.812478,0.0,1,0.0034020635,0.3142607712,0.3158585991464114,Train
SOYWUZ_clean,13.18202,6.56101,13.18202,0.874244,2168.24,2480.14,0.0,0.0,0.7172,0.820366,0.0,1,0.0027925818,0.2618275371,0.2725272702503466,Test
SOZBIS_clean,7.02326,5.68654,7.02326,1.02671,2667.76,2598.37,0.0,0.0,0.7458,0.7264,0.0,0,0.0010675693,0.1016845347,0.10756204047359966,Test
SOZGIZ_clean,8.59808,3.83664,8.57584,1.027,1782.17,1735.31,0.0,0.0,0.6252,0.608761,0.0,1,0.0038107557,0.3677882288,0.3597948687068874,Test
SOZGOF_clean,8.62412,3.75854,8.61676,1.03974,1771.69,1703.98,0.0,0.0,0.6218,0.598036,0.0,1,0.0043117738,0.4020648767,0.40866364702975716,Train
SOZRUW_clean,8.81736,4.01112,8.59398,0.978332,1794.66,1834.4,0.0,0.0,0.6308,0.644771,0.0,1,0.0036425804,0.3569593168,0.3492469314263232,Test
SOZSAD_clean,8.8027,3.99777,8.80075,0.979603,1802.77,1840.31,0.0,0.0,0.6322,0.645363,0.0,1,0.0036149753,0.3585883317,0.3484831425332657,Train
SOZSEH_clean,8.87095,4.01926,8.85196,0.99882,1779.57,1781.67,0.0,0.0,0.63,0.630744,0.0,1,0.0036680605,0.3565542637,0.35380001168765157,Test
SOZSIL_clean,8.7376,3.97317,8.68094,0.99936,1793.88,1795.03,0.0,0.0,0.631,0.631404,0.0,1,0.003716886,0.3649955331,0.3604802813610693,Test
SOZSOR_clean,8.74499,3.992,8.31175,1.01024,1785.62,1767.53,0.0,0.0,0.6274,0.621043,0.0,1,0.0037834049,0.3651904995,0.3603065543567049,Test
SOZSUX_clean,8.70746,3.96873,8.68609,1.0202,1783.95,1748.63,0.0,0.0,0.6284,0.615958,0.0,1,0.0038049576,0.3647656379,0.36138066156855464,Train
SUBMIN_clean,9.97573,6.14945,9.9755,0.833875,1650.14,1978.89,0.0,0.0,0.635,0.761505,0.0,0,0.0027773415,0.2817338239,0.2714038473395197,Test
SUCLOT_clean,5.75412,5.30597,5.75185,0.900285,1657.72,1841.33,0.0,0.0,0.6148,0.682895,0.0,1,0.0024091654,0.2213517813,0.2383218953842447,Test
SUFBAY_clean,6.49481,4.4278,6.49481,0.863231,1967.74,2279.51,0.0,0.0,0.608,0.704331,0.0,0,0.0051460458,0.4854791715,0.4899540487469324,Train
SUFHIM_clean,10.78647,9.46825,10.78641,1.0639,1328.84,1249.03,0.0,0.0,0.569,0.534826,0.0,1,0.0012894324,0.1277812614,0.1250962239276773,Test
SUFJOU_clean,6.30332,3.54841,6.29414,1.24899,1424.61,1140.61,0.0,0.0,0.571,0.457169,0.0,1,0.0071089606,0.6229542974,0.62984136795655,Test
SUFROA_clean,5.45181,5.00801,5.45026,0.91452,1466.61,1603.69,0.0,0.0,0.6234,0.681669,0.0,0,0.0030320616,0.2958643771,0.29610339349432424,Train
SUGDIJ_auto,12.99556,11.59411,12.53696,0.409914,1974.15,4816.02,0.0,0.0,0.8394,2.04775,0.0,0,0.0022985863,0.2399739246,0.23010219851524916,Train
SUGVUM_clean,5.79435,4.06776,5.78784,1.1064,1279.06,1156.05,0.0,0.0,0.5442,0.491863,0.0,1,0.0047076398,0.4418758653,0.4272147687227561,Test
SUHBAA_clean,11.92534,10.15941,10.7957,0.715863,1973.75,2757.16,0.0,0.0,0.807,1.12731,0.000279383,1,0.0016890663,0.1788230801,0.17081101365312343,Test
SUHMEP_clean,8.35438,6.74513,8.35438,1.25512,1629.48,1298.27,0.0,0.0,0.6082,0.484574,0.0,0,0.0022770027,0.2268769916,0.2254271063504597,Train
SUJNUH_clean,7.55155,6.59808,7.55155,1.24948,986.433,789.474,0.0,0.0,0.5334,0.426897,0.0,1,0.0013907886,0.1312427348,0.132767614783542,Test
SUKKUF_clean,5.04,3.85862,5.04,2.47267,613.367,248.059,0.0,0.0,0.3764,0.152224,0.0,1,0.0010777598,0.1023591158,0.09051160989977095,Test
SUKNOC_charged,12.16925,11.40732,12.16925,0.725109,1812.93,2500.21,0.0,0.0,0.7,0.965373,0.0,1,0.0014733103,0.1498977187,0.14965000162365905,Train
SUKNUI_charged,11.25061,10.30174,11.25061,0.775347,1855.65,2393.32,0.0,0.0,0.6848,0.883217,0.0,1,0.0012887479,0.1303751516,0.1274820722781985,Train
SUKREX_clean,5.76528,3.44001,5.76528,2.05587,771.787,375.407,0.0,0.0,0.4332,0.210714,0.0,1,0.0014888808,0.1387349752,0.133840334220466,Test
SUKRIB_clean,5.67492,3.40868,5.64201,2.09272,780.987,373.192,0.0,0.0,0.4274,0.204232,0.0,1,0.0015342409,0.1403427787,0.1393756724092158,Train
SUKYIH_clean,9.64677,7.09331,9.64677,0.59954,2372.38,3957.0,0.0,0.0,0.7742,1.29132,0.0,1,0.0029076903,0.2952034235,0.283068817939538,Test
SUKYON_clean,10.7978,7.28862,10.07334,0.52652,2852.06,5416.81,0.601169,1.14178,0.7786,1.47877,0.0,1,0.0032673622,0.3340116817,0.31583606333669795,Test
SUNHUF_clean,6.56646,4.08998,6.54784,1.26553,1485.95,1174.18,0.0,0.0,0.5694,0.449931,0.0,0,0.0026853746,0.2527206481,0.2523134027279991,Test
SUNJER_clean,4.80272,3.79637,4.63139,1.43298,1698.73,1185.45,0.0,0.0,0.5816,0.405867,0.0,1,0.0037658964,0.3791606128,0.36165163467382244,Train
SUNJIV_clean,4.89155,3.90131,4.73471,1.36084,1754.51,1289.29,0.0,0.0,0.5968,0.438553,0.0,1,0.0029975112,0.2888214175,0.28855839173633485,Train
SUNJOB01_clean,4.89634,3.8976,4.73512,1.37366,1723.73,1254.84,0.0,0.0,0.596,0.433877,0.0,1,0.0030023098,0.2884875145,0.28798652048079826,Train
SUNJOB_clean,4.89048,3.89627,4.72752,1.37509,1744.51,1268.65,0.0,0.0,0.5894,0.428626,0.0,1,0.0030901494,0.290100158,0.29708902203948107,Train
SUPLOF_clean,9.82615,5.81764,9.823,0.800346,2153.22,2690.36,0.0,0.0,0.6784,0.847633,0.0,0,0.0026371649,0.245037507,0.25995984297704333,Test
SUQHUJ_clean,7.25953,5.23411,7.25953,1.08539,2701.3,2488.77,0.0,0.0,0.709,0.653219,0.0,1,0.0038176682,0.3740774582,0.3661591928212683,Train
SUQJEV_clean,6.37976,3.41068,6.37976,1.61288,1257.56,779.698,0.0,0.0,0.5318,0.329721,0.0,1,0.0060625995,0.5253621408,0.5221095213873944,Train
SURDOA_clean,4.38797,3.72635,4.38797,1.29817,708.567,545.82,0.0,0.0,0.448,0.345101,0.0,0,0.0018074779,0.1693824035,0.1737802407018615,Test
SUSZIQ_clean,6.2853,5.33445,6.2853,1.91818,700.301,365.087,0.0,0.0,0.4294,0.223858,0.0,0,0.0077970983,0.5804510079,0.5664969560698333,Train
SUSZOW_clean,6.37118,5.41681,6.36973,1.91863,721.465,376.031,0.0,0.0,0.4268,0.22245,0.0,0,0.0074928057,0.5585323292,0.5632352314863602,Train
SUVNEE_clean,15.6562,6.95834,15.6562,0.815704,1584.31,1942.26,314.611,385.692,0.6944,0.851289,0.0,1,0.0028359776,0.2816452609,0.27480961947154847,Test
SUWBET_clean,4.90044,3.63709,4.9004,1.39724,1278.69,915.152,0.0,0.0,0.5378,0.384902,0.0,1,0.0024386818,0.2333769266,0.23416370529336109,Test
SUWQEI_clean,9.47366,7.57886,8.89706,0.818244,1562.75,1909.88,0.0,0.0,0.6376,0.779229,0.0,1,0.001873209,0.1912003303,0.18746429110385127,Train
TACFIN_clean,4.11781,3.54093,4.10826,2.15064,560.827,260.772,0.0,0.0,0.499,0.232024,0.0,0,0.0045080048,0.4093907219,0.3862935818750717,Test
TACPAP_clean,6.18933,6.06319,6.18525,1.70548,627.561,367.968,0.0,0.0,0.428,0.250956,0.0,0,0.0015790965,0.1432212874,0.15077501591584228,Test
TACPET_clean,6.03338,5.92233,6.03037,1.73347,616.775,355.803,0.0,0.0,0.4186,0.241481,0.0,0,0.0017045495,0.153159697,0.1641880857956748,Test
TACPIX_clean,6.11363,6.00668,6.11363,1.71163,630.3,368.246,0.0,0.0,0.4286,0.250405,0.0,0,0.0015837002,0.141891946,0.15187146994803138,Train
TACWOM_clean,6.848,5.25293,6.59533,0.694132,2524.62,3637.09,0.0,0.0,0.711,1.0243,0.0,1,0.0036591588,0.3740644513,0.3588335771228632,Test
TACWUS_clean,6.83932,5.17767,6.83932,0.667047,2492.87,3737.18,0.0,0.0,0.6944,1.04101,0.0,1,0.003611017,0.36862092,0.3514732152475529,Test
TADCOS_clean,5.56445,4.67968,5.55486,1.27739,2127.97,1665.87,0.0,0.0,0.6456,0.505404,0.0,0,0.0028038694,0.2847491154,0.2757505661242429,Test
TADWEC_manual,12.9835,12.22348,12.9835,0.782876,1609.55,2055.94,0.0,0.0,0.6462,0.825418,0.0,1,0.0035046184,0.3344459016,0.32955541954947565,Test
TADWIG_manual,12.20204,12.01283,12.20204,0.782648,1673.73,2138.55,0.0,0.0,0.6702,0.856323,0.0,1,0.0041292064,0.3854757526,0.3832127149716083,Train
TADYEE_clean,6.41454,5.84385,6.41454,1.06115,1369.43,1290.51,0.0,0.0,0.545,0.513592,0.0,0,0.0016462532,0.1589226713,0.15680576020104897,Test
TADYII_clean,4.96323,4.04573,4.95818,1.11527,1604.24,1438.44,0.0,0.0,0.5578,0.500149,0.0,0,0.0012911933,0.1345805072,0.1305330718984933,Test
TAGBUZ_clean,4.64533,3.41141,4.64533,1.22769,600.487,489.118,0.0,0.0,0.4834,0.393746,0.0,1,0.0049152618,0.4222522378,0.4403103890728851,Test
TAGSEB_clean,5.65756,4.12237,5.64659,1.3278,950.233,715.647,0.0,0.0,0.4958,0.373401,0.0,1,0.0012035379,0.117052703,0.11510056681919681,Test
TAGTED_clean,7.12719,5.34262,7.10815,0.804618,2476.05,3077.29,0.0,0.0,0.6892,0.856555,0.0,1,0.0029411563,0.2933289178,0.2929699683595026,Test
TAGTIH_clean,7.18408,5.4183,7.18408,0.735724,2753.27,3742.25,0.0,0.0,0.7098,0.964764,0.0,1,0.0030139192,0.3050207226,0.30107985199590837,Train
TAGTUT_clean,8.9985,5.11189,8.9985,0.769828,1964.88,2552.36,0.0,0.0,0.6538,0.849281,0.0,1,0.0037136078,0.3510233219,0.35805205821211894,Test
TAGVAB_clean,7.19373,5.47476,7.19162,0.743514,2474.93,3328.7,0.0,0.0,0.678,0.911886,0.0,1,0.0033594365,0.3285632124,0.32946831660326525,Test
TAHNEY_clean,10.9331,7.2387,10.84031,1.02563,2322.37,2264.33,0.0472135,0.0460334,0.7992,0.779225,0.0,1,0.0006263081,0.0598037691,0.061599973879887665,Test
TAJXIO01_clean,3.69381,3.48019,3.69381,2.30789,102.259,44.3085,0.0,0.0,0.3224,0.139695,0.0,1,0.0001019155,0.0088309813,0.006522000981492249,Train
TAJXIO02_clean,3.66669,3.45698,3.66669,2.31975,96.8188,41.7367,0.0,0.0,0.3178,0.136997,0.0,1,8.15324e-05,0.0072835637,0.008482877149880719,Train
TAJXIO03_clean,3.62936,3.42106,3.62936,2.33614,88.0182,37.6767,0.0,0.0,0.3106,0.132954,0.0,1,7.38888e-05,0.0064877732,0.007107952504886161,Train
TAJXIO04_clean,3.63081,3.41863,3.61802,2.33825,87.153,37.2728,0.0,0.0,0.3114,0.133177,0.0,1,6.36972e-05,0.0065030606,0.007107952504886161,Train
TAJXIO_clean,3.69262,3.45097,3.69262,2.33323,96.1718,41.2184,0.0,0.0,0.319,0.136721,0.0,1,9.34226e-05,0.0085651516,0.008414007291486558,Train
TAKGOE_clean,10.5248,9.55919,10.5248,1.53175,1232.21,804.446,0.0,0.0,0.5862,0.3827,0.0,1,0.0012441753,0.1209775843,0.12607471194219316,Train
TAKGUK_clean,10.52986,9.57688,10.52986,1.52454,1236.56,811.103,0.0,0.0,0.5926,0.388707,0.0,1,0.0011192698,0.1191423722,0.11258500089914963,Test
TAKHAR_clean,10.31674,9.51664,10.31674,1.55109,1234.33,795.781,0.0,0.0,0.5892,0.379861,0.0,1,0.0012113045,0.1186622643,0.11607881825892596,Train
TAKHEV_clean,10.20812,9.46941,10.20812,1.57295,1231.54,782.951,0.0,0.0,0.5872,0.373312,0.0,1,0.0012139892,0.1194342645,0.12006174599429822,Test
TAKTIL_clean,7.09237,6.9712,7.09237,1.23349,1578.28,1279.52,0.0,0.0,0.5866,0.47556,0.0,0,0.005855884,0.5656483774,0.5571755845475859,Test
TAKTOR_clean,7.05969,6.99995,7.05969,1.17586,1580.48,1344.1,0.0,0.0,0.5726,0.486963,0.0,0,0.0044852269,0.4377444599,0.4260983920591505,Test
TAKVAF_clean,7.05263,6.93916,7.05263,1.17979,1573.47,1333.69,0.0,0.0,0.5826,0.493819,0.0,0,0.0045757261,0.4462359303,0.439366589771948,Test
TAMHUM_clean,11.15594,7.259,10.84071,0.82433,2033.72,2467.12,0.0,0.0,0.7282,0.883384,0.0,1,0.0013811766,0.1400902334,0.13209452293029433,Test
TAMJAU_charged,8.92381,6.94851,8.92381,1.37984,1141.5,827.271,0.0,0.0,0.549,0.397872,0.0,1,0.0011015792,0.1143666121,0.1090339384572083,Train
TAMJEY_charged,9.35755,7.41632,9.35755,1.16758,1638.67,1403.47,0.0,0.0,0.615,0.52673,0.0,1,0.0014144863,0.1441549974,0.14038215424992678,Train
TAMZUE_charged,4.64123,3.89872,4.64123,1.60316,476.421,297.176,37.0323,23.0996,0.4566,0.284813,0.0,0,0.001567113,0.1467666535,0.14742318732945608,Train
TANBAN_charged,4.68355,3.94427,4.68195,1.53411,507.69,330.936,40.177,26.1892,0.4644,0.302717,0.0,0,0.0015368285,0.1506388657,0.14823664425536281,Train
TANBER_charged,4.69623,3.9752,4.69623,1.55724,521.36,334.798,40.7728,26.1828,0.462,0.296679,0.0,0,0.0015958285,0.151204251,0.15091875917977368,Test
TANBIV_charged,4.67591,3.93255,4.67558,1.57743,501.763,318.09,39.3209,24.9272,0.4588,0.290853,0.0,0,0.0015660414,0.1503670775,0.14741449457141126,Train
TANBOZ_clean,6.76714,4.26504,6.76714,1.06143,2653.84,2500.25,0.0,0.0,0.7164,0.674939,0.0,1,0.0007041111,0.0725065163,0.07158121526790717,Train
TAPXIT01_clean,5.69893,5.36843,5.69893,1.57809,498.722,316.029,0.0,0.0,0.4096,0.259554,0.0,1,0.0014747588,0.1353602167,0.13580934328389938,Test
TAQGEZ_clean,8.38886,8.25863,8.38886,0.927218,1939.79,2092.05,0.0,0.0,0.7086,0.764222,0.0,0,0.0014967649,0.1617605496,0.1491541984828022,Test
TAQGOK_clean,4.98254,4.66211,4.92513,1.2855,367.973,286.249,0.0,0.0,0.4142,0.32221,0.0,1,0.0017118084,0.1503262492,0.15268967783179246,Train
TARVOX_clean,4.82249,4.38256,4.82249,1.56156,717.335,459.371,0.0,0.0,0.4084,0.261533,0.0,1,0.0007018018,0.0671544715,0.06953874758089165,Train
TARVUD_clean,5.52201,5.05683,5.52201,1.5754,822.863,522.32,0.0,0.0,0.431,0.273582,0.0,1,0.0007293893,0.0710556631,0.07266254483057968,Train
TARWAK_clean,5.7222,5.11854,5.62643,1.61442,844.237,522.933,0.0,0.0,0.433,0.268207,0.0,1,0.0006894777,0.0646226679,0.068194597738746,Train
TARWEO_clean,5.90162,5.41792,5.90162,1.76228,855.544,485.476,0.0,0.0,0.4612,0.261707,0.0,1,0.0006709409,0.0657254619,0.06782917750637069,Train
TASFAU_clean,11.93851,7.45098,11.93851,0.561345,2465.98,4393.0,0.0,0.0,0.7892,1.40591,0.0,1,0.0019148571,0.1958731351,0.19838603237161018,Test
TASJUT_charged,4.28411,3.85282,4.28411,1.51154,607.984,402.228,0.0,0.0,0.4342,0.287257,0.0,1,0.0033227193,0.2955819162,0.30141049228176137,Test
TASVUG_clean,7.60995,6.84404,7.60152,1.19319,1872.8,1569.57,0.0,0.0,0.6146,0.515088,0.0,1,0.0016895667,0.1636128496,0.17291947651120088,Test
TASWAN_clean,7.61281,6.7795,7.61281,1.23616,1858.69,1503.6,0.0,0.0,0.6202,0.501716,0.0,1,0.0018344537,0.1733831659,0.18032856297651512,Test
TASWER_clean,7.18775,6.56186,7.17833,1.27687,1841.49,1442.19,0.0,0.0,0.6088,0.47679,0.0,1,0.0018244522,0.1766015092,0.18051818969410122,Test
TASWIV_clean,7.31506,6.71653,7.31506,1.25001,1853.82,1483.05,0.0,0.0,0.6122,0.489757,0.0,1,0.001876402,0.1752694437,0.18327104951358025,Test
TASWOB_clean,7.28953,6.56977,7.27292,1.26788,1836.09,1448.15,0.0,0.0,0.6064,0.478278,0.0,1,0.0018286641,0.1733037667,0.18029783200455257,Test
TASXIW_clean,7.39302,4.84143,7.39302,1.10616,2095.82,1894.67,0.0,0.0,0.6304,0.569897,0.0,1,0.0034999454,0.3426878459,0.3369304183756514,Train
TASYUJ_charged,12.08735,10.73897,12.08735,0.620401,1700.18,2740.45,93.6236,150.908,0.725,1.1686,0.0,1,0.0033597696,0.3340503799,0.3177025413196734,Test
TASZAQ_charged,12.48204,11.20672,12.48204,0.609743,1448.73,2375.98,226.842,372.029,0.73,1.19723,0.0,1,0.0022383809,0.2093929184,0.21452595569395128,Train
TASZEU_charged,12.15024,10.9248,12.15024,0.559582,2019.96,3609.76,0.0,0.0,0.7508,1.34172,0.0,1,0.0034762985,0.3423737914,0.3340742677981028,Test
TATPOV_clean,8.94506,6.39643,8.9366,0.932619,2044.77,2192.51,0.0,0.0,0.6812,0.730416,0.0,1,0.0027745604,0.2789055155,0.27112208184328124,Test
TAWHOO_clean,4.38999,3.64477,4.35876,1.86492,695.401,372.886,0.0,0.0,0.4262,0.228535,0.0,0,0.0414952941,1.8219735141,1.8103678767183198,Train
TAWTAP_clean,4.72389,3.94843,4.7043,1.63068,1518.12,930.97,0.0,0.0,0.6006,0.368312,0.0,0,0.0046029262,0.4263647669,0.42268509378009445,Train
TAWYUO_clean,7.27421,6.44823,7.26586,0.918654,1410.21,1535.08,0.0,0.0,0.5716,0.622215,0.0,1,0.0028284862,0.2750644948,0.27550620908107676,Test
TAYNEN_clean,5.31191,3.45332,5.31191,1.3024,757.68,581.756,0.0,0.0,0.4834,0.371161,0.0,0,0.0012554212,0.1218743173,0.12364496928317656,Test
TAZLIR_clean,11.03662,6.77118,11.03522,0.972357,2245.68,2309.52,0.0,0.0,0.737,0.757952,0.0,1,0.0024655886,0.2320338331,0.23632217620639875,Test
TAZLOX_clean,11.11165,6.76913,11.10718,0.977004,2218.73,2270.96,0.0,0.0,0.7358,0.753118,0.0,1,0.0025038175,0.2344211058,0.24212057777169507,Train
TAZLUD_clean,11.12433,6.7889,11.12433,0.98349,2237.28,2274.84,0.0,0.0,0.7358,0.748152,0.0,1,0.0024595387,0.2336973495,0.23462744713993577,Test
TAZSAP02_clean,4.8997,3.82043,4.80699,1.96517,851.036,433.06,0.0,0.0,0.4368,0.222271,0.0,1,0.0008094268,0.0764919423,0.07819785029030671,Train
TAZYAV_clean,6.36917,5.18527,6.3624,0.882052,2917.95,3308.15,0.0,0.0,0.7278,0.825122,0.0,0,0.0016697483,0.1685327979,0.16204618953546038,Test
TEBSAW_clean,5.155,3.94411,5.14164,1.22508,1226.81,1001.4,0.0,0.0,0.5714,0.466417,0.0,1,0.0027816413,0.2714177109,0.2608703625625546,Test
TECTUS_clean,5.16992,3.60905,5.14467,1.12529,1198.87,1065.39,0.0,0.0,0.54,0.479875,0.0,1,0.0029332137,0.2844106386,0.2782164950551267,Test
TECVEE_clean,6.29319,4.18887,6.28108,1.16711,1136.4,973.681,0.0,0.0,0.5084,0.435605,0.0,1,0.0031830049,0.2966488208,0.2952065488011889,Test
TEDXOR_clean,4.80997,3.90285,4.79195,1.24859,706.426,565.776,0.0,0.0,0.4748,0.380268,0.0,1,0.003094234,0.2779085739,0.2855613361003698,Train
TEFWIL_clean,18.12979,5.71178,18.12979,1.1222,1588.21,1415.26,0.0,0.0,0.6436,0.573515,0.0,0,0.002169875,0.1960885639,0.21119651041931914,Test
TEFWOR_clean,8.09113,4.61719,8.09113,1.43313,1313.7,916.666,0.0,0.0,0.5436,0.379311,0.0,0,0.004568514,0.3650895322,0.40882658345428935,Test
TEHRUU_clean,4.78045,3.65221,4.45538,1.55312,875.885,563.951,207.395,133.534,0.5568,0.358503,0.0,1,0.000916189,0.0889060277,0.09614103068394209,Train
TEHWEK_clean,5.04484,3.57491,5.04484,1.22875,1458.35,1186.85,0.0,0.0,0.6306,0.513203,0.0,0,0.0026444023,0.2515162164,0.2515275875218381,Test
TEJBAN_clean,4.03108,3.48324,4.03108,1.38569,387.305,279.502,0.0,0.0,0.442,0.318974,0.0,0,0.0010402325,0.1063981193,0.10033341564393178,Test
TEJBOB_clean,7.12468,6.03948,7.12468,1.31037,1062.37,810.735,0.0,0.0,0.4896,0.373634,0.0,1,0.0013940224,0.1364918958,0.13170780418007816,Test
TEJGAS_clean,4.74057,3.77757,4.73232,1.91081,991.998,519.151,0.0,0.0,0.479,0.250679,0.0,1,0.0010753487,0.1001229877,0.11005361507504807,Train
TEJGEW_clean,4.65952,3.80073,4.61652,1.92155,1014.2,527.802,0.0,0.0,0.4756,0.247508,0.0,1,0.0009992646,0.0973892824,0.10113435256522221,Test
TEJGIA01_clean,4.64544,3.84764,4.60599,1.88324,1040.62,552.567,0.0,0.0,0.4686,0.248826,0.0,1,0.001005794,0.0982296756,0.10024969733272843,Test
TEJGIA_clean,4.64155,3.86357,4.62359,1.88003,1035.3,550.681,0.0,0.0,0.4662,0.247975,0.0,1,0.0009952571,0.0976012939,0.09948174232714338,Train
TEJLOL_clean,6.35231,4.97084,6.35231,1.25899,1757.24,1395.75,0.0,0.0,0.6298,0.500244,0.0,1,0.0020709291,0.1968957385,0.2030463212087922,Train
TEMPAE_clean,9.74723,4.32378,9.74723,0.807529,2116.71,2621.22,0.0,0.0,0.6822,0.844799,0.0,0,0.0027229513,0.2600117128,0.26303308275908044,Train
TEMPEI_clean,15.71457,10.86579,15.71457,0.592467,1916.3,3234.44,0.0,0.0,0.745,1.25745,0.0,1,0.0022317461,0.2292475112,0.21895489862688097,Test
TENLIJ_clean,5.37557,4.41973,5.36241,1.14422,1308.35,1143.45,0.0,0.0,0.5684,0.496758,0.0,0,0.0038509906,0.3637127997,0.35602915147918196,Test
TENQOS_clean,6.34819,4.3477,6.32525,1.05624,2172.8,2057.11,0.0,0.0,0.6388,0.604787,0.0,1,0.0017274517,0.1702642523,0.17564023466894677,Train
TEQPAI_clean,6.00734,3.70386,5.68806,1.19067,1432.59,1203.18,0.0,0.0,0.596,0.500558,0.0,1,0.0044330463,0.4142900972,0.41033322464146854,Test
TEQVAO_manual,4.70544,3.52951,4.70544,1.19795,706.636,589.87,0.0,0.0,0.5124,0.42773,0.0,1,0.0023706221,0.221097298,0.223006849482565,Train
TEQWER01_clean,4.21874,3.59841,4.17878,1.6409,883.632,538.504,0.0,0.0,0.5372,0.327381,0.0,1,0.0016758548,0.1576033572,0.15476979665695095,Test
TEQWER_clean,4.21138,3.62218,4.19081,1.63762,863.669,527.392,0.0,0.0,0.5414,0.330601,0.0,1,0.0016824918,0.1604722215,0.1562971932486546,Train
TERFUT_clean,8.54041,6.58905,8.49644,0.900361,2024.24,2248.26,0.0,0.0,0.6654,0.739037,0.0,1,0.0026971246,0.2552082451,0.2619403402030794,Test
TERNUA_clean,7.01847,4.73004,6.9462,1.44294,1426.15,988.361,0.0,0.0,0.5566,0.385739,0.0,1,0.0028239143,0.2853165125,0.26529225959325153,Test
TESGOO_clean,4.76391,3.62987,4.72184,1.92126,733.455,381.758,0.0,0.0,0.4574,0.238073,0.0,0,0.0024720156,0.2229802776,0.2240346917322955,Test
TESGUU_clean,4.82436,3.58268,4.81961,1.92111,719.303,374.421,0.0,0.0,0.4562,0.237467,0.0,0,0.002358839,0.224077793,0.21879984056037857,Train
TESHAB_clean,5.24315,3.84947,5.24293,1.8144,918.907,506.452,0.0,0.0,0.4908,0.270503,0.0,0,0.0023379907,0.2173765458,0.21841209320620245,Train
TETVIZ_clean,5.51517,3.41736,5.00993,2.38206,1155.9,485.251,0.0,0.0,0.4816,0.202178,0.0,1,0.0007260678,0.0767237999,0.07488578129698661,Test
TETWEW_clean,6.01008,3.97081,5.72262,2.0273,1705.36,841.198,0.0,0.0,0.5372,0.264983,0.0,1,0.0008509951,0.0813706324,0.08507294519391734,Test
TETZEX_clean,9.38994,9.11674,9.38994,1.90854,1244.92,652.292,0.0,0.0,0.5738,0.300649,0.0,0,0.0060830887,0.5404993998,0.5447124534179593,Train
TETZEZ_clean,10.62365,6.73057,10.03707,0.736025,1901.4,2583.34,0.0,0.0,0.6844,0.92986,0.0,1,0.0025392554,0.254708835,0.25397025407607043,Train
TETZID_clean,5.13889,3.8044,5.11428,1.3464,751.257,557.976,64.4982,47.9043,0.4882,0.362598,0.0,0,0.0022921946,0.2195254161,0.2126828101821633,Test
TEVZEA_clean,4.59329,3.52297,4.53885,1.97043,629.425,319.434,0.0,0.0,0.444,0.225331,0.0,0,0.0022188574,0.2059412398,0.2049106100924245,Train
TEVZIE_clean,4.89772,3.64059,4.89772,1.88802,794.062,420.579,0.0,0.0,0.468,0.247879,0.0,0,0.0025196689,0.232006113,0.22832723889678586,Test
TEVZOK_clean,4.56897,3.54471,4.54551,1.97903,632.114,319.407,0.0,0.0,0.4392,0.221927,0.0,0,0.0021682258,0.2086410978,0.2029086021818072,Test
TEVZUQ_clean,4.84681,3.6521,4.84681,1.89478,778.542,410.888,0.0,0.0,0.4634,0.244567,0.0,0,0.0024347865,0.2252408317,0.22452637368244854,Test
TEWFOS_clean,5.12439,3.80032,5.11789,1.20574,872.156,723.339,0.0,0.0,0.4772,0.395775,0.0,1,0.0043902431,0.3856812328,0.39694893061791753,Test
TEWFUY_clean,5.12402,3.76853,5.12402,1.20256,906.265,753.612,0.0,0.0,0.4818,0.400645,0.0,1,0.0044792626,0.3977275707,0.4004633738968569,Test
TEWGEJ_clean,5.1192,3.89364,5.10203,1.1805,1020.25,864.259,0.0,0.0,0.4966,0.420671,0.0,1,0.0045391636,0.4065313517,0.4117653508766188,Test
TEXTOH_clean,7.36714,6.73872,7.36371,1.14671,1020.81,890.209,164.756,143.677,0.5422,0.472831,0.0,0,0.0024049758,0.2024764001,0.233291099883476,Test
TEYHIP_charged,7.18204,6.12269,7.18077,0.866215,1822.63,2104.13,0.0,0.0,0.6256,0.722222,0.0,0,0.0028998081,0.2828876494,0.28160160466836387,Train
TEZKAM_clean,6.18548,4.52304,6.11894,1.1169,1248.24,1117.59,0.0,0.0,0.5306,0.475064,0.0,1,0.0044344938,0.4049537167,0.40228760164372257,Train
TIDKAS_clean,5.39311,4.19786,5.39311,1.06903,921.952,862.419,0.0,0.0,0.508,0.475197,0.0,1,0.0024252298,0.2274726341,0.2320254478469243,Test
TIDLEZ_clean,7.0595,6.90616,7.0592,1.03857,2192.07,2110.66,0.0,0.0,0.6778,0.652626,0.0,0,0.0014972391,0.1489494233,0.14750167071253772,Test
TIDLID_clean,4.2096,4.02928,4.2096,1.31378,1082.38,823.864,182.179,138.667,0.5798,0.44132,0.0,0,0.0012719022,0.1203983914,0.12221690345060623,Train
TIDMEA_clean,6.05011,4.95275,5.94474,1.747,1488.92,852.276,0.0,0.0,0.5394,0.308759,0.0,1,0.0008621741,0.0792884517,0.0841978974583436,Test
TIFBOA_clean,4.67398,3.53239,4.41116,1.37462,661.997,481.587,0.0,0.0,0.4932,0.358791,0.0,1,0.0008813366,0.0890613786,0.0831534679061122,Test
TIFHAT_charged,8.78262,5.31323,8.77635,0.904587,1772.28,1959.21,0.0,0.0,0.6524,0.721213,0.0,0,0.0020249679,0.1975450198,0.20306609667546355,Test
TIFHEX_charged,8.69858,5.24575,7.68809,0.922778,1756.21,1903.18,0.0,0.0,0.6546,0.70938,0.0,0,0.0019291791,0.2015355671,0.18793180547738675,Test
TIFZIR_clean,5.07264,3.5666,4.83614,1.48604,1551.78,1044.24,0.0,0.0,0.6264,0.421523,0.0,0,0.0035918263,0.3410161324,0.33855539657210465,Test
TIGSOT_clean,4.31733,3.92478,4.29293,1.79014,708.62,395.847,0.0,0.0,0.4326,0.241658,0.0,1,0.0021861242,0.2028462203,0.20621527645636573,Test
TIGVUC_clean,4.87344,3.46442,4.87344,1.07454,850.662,791.651,5.08913,4.73609,0.5344,0.497328,0.0,1,0.002376837,0.2295338796,0.2327122257718382,Test
TIJPOT_clean,4.06689,3.45193,4.06689,1.44348,706.681,489.567,0.0,0.0,0.526,0.364397,0.0,1,0.0009683314,0.0943946862,0.09729691517813716,Train
TIKMEH_clean,5.55473,4.01932,4.70025,1.57489,444.086,281.979,505.527,320.992,0.4674,0.296782,0.0,1,0.0036891944,0.324064464,0.3190957105363006,Test
TILHAZ_clean,7.88517,4.63235,7.88517,1.00373,1853.27,1846.38,0.563729,0.561634,0.6258,0.623475,0.0,1,0.0014927945,0.1429363585,0.14782768135930852,Test
TILVOZ_clean,6.92662,5.60326,6.92662,1.05598,2650.36,2509.85,0.0,0.0,0.7402,0.700958,0.0,0,0.0010459294,0.1058538257,0.10622240847016284,Train
TILVUF_clean,5.76983,4.47642,5.76568,1.10794,2807.97,2534.4,0.0,0.0,0.7218,0.651478,0.0,0,0.0009575664,0.0990610552,0.09676841795487995,Test
TILWAM_clean,5.60602,4.41216,5.60244,1.12946,2808.42,2486.52,0.0,0.0,0.7174,0.635172,0.0,1,0.0009689274,0.1007343619,0.09989750672851899,Test
TIQGOQ_clean,4.96613,3.45527,4.96613,1.61722,430.124,265.965,0.0,0.0,0.3844,0.237692,0.0,0,0.0011643316,0.108529632,0.10666937893139117,Test
TIQGUW_clean,4.96978,3.43779,4.70211,1.57704,459.833,291.579,0.0,0.0,0.3926,0.248947,0.0,1,0.0011291484,0.1048375685,0.10246973698202338,Train
TIQHAD_clean,4.94141,3.41905,4.94141,1.59594,416.437,260.936,0.0,0.0,0.3934,0.246501,0.0,0,0.0010706486,0.0992685813,0.10166720836391771,Train
TIQHEH_clean,4.93102,3.44222,4.63541,1.5902,461.876,290.452,0.0,0.0,0.3816,0.23997,0.0,0,0.0010706825,0.1021649404,0.10351578941072387,Test
TIQHIL_clean,4.95366,3.41712,4.75042,1.6098,421.45,261.803,0.0,0.0,0.389,0.241646,0.0,0,0.001108998,0.1043578508,0.10121209861100125,Test
TIRHIL_clean,9.31104,7.31301,9.26469,0.758181,2378.0,3136.45,0.0,0.0,0.7986,1.05331,0.0,0,0.0012347508,0.1132911539,0.11891382780292425,Train
TIRLIQ_clean,5.16708,4.02438,5.14791,1.34501,828.176,615.737,0.0,0.0,0.4914,0.365349,0.0,1,0.0023336167,0.2181765539,0.22172431567903156,Test
TIRQOB_clean,6.9378,5.1125,6.91934,1.1916,1497.46,1256.68,0.0,0.0,0.5672,0.475998,0.0,1,0.0064787076,0.5239753276,0.5795456705536549,Test
TIRRIW_clean,6.09614,5.02444,6.09614,1.07096,1529.04,1427.73,0.0,0.0,0.5558,0.518974,0.0,0,0.0045479066,0.4165262851,0.4252722930599396,Test
TISGUY_clean,5.93335,3.50712,5.93065,1.25359,678.031,540.871,0.0,0.0,0.466,0.371732,0.0,1,0.0006623915,0.0606046953,0.06356645020193666,Train
TISHAF_clean,10.6324,4.41521,10.62231,0.802555,2137.19,2662.99,0.0,0.0,0.6594,0.821626,0.0,1,0.0046948009,0.4493933456,0.43198605866065887,Test
TISPAO_clean,11.19601,4.56022,11.19601,1.01627,1481.21,1457.5,344.513,338.997,0.6604,0.649826,0.0,0,0.0035860556,0.3328501499,0.32823976395094506,Train
TIVXOM_charged,5.78959,4.20151,5.78959,1.67755,480.697,286.547,0.0,0.0,0.428,0.255134,0.0,1,0.0002773572,0.0235673464,0.025272931218036532,Train
TIVYAZ01_clean,8.9528,6.92043,8.9528,0.77854,2139.65,2748.28,0.0,0.0,0.7276,0.934569,0.0,1,0.0018702015,0.1994803376,0.18720474348253202,Train
TIXCIO_clean,8.51649,4.04507,8.50623,0.818285,2218.52,2711.18,0.0,0.0,0.665,0.812676,0.0,0,0.004048374,0.4183264948,0.3887108943346048,Test
TIXMET_clean,7.38507,6.83905,7.38507,1.43185,1792.23,1251.69,0.0,0.0,0.6648,0.464295,0.0,0,0.0016429562,0.1591290184,0.15461213247045869,Test
TIXMIX_clean,5.48641,4.37851,5.43408,1.55041,1423.25,917.982,0.0,0.0,0.5816,0.375127,0.0,0,0.0022522756,0.2286163225,0.21755807991529108,Test
TIXVON_clean,5.07339,3.91911,5.00348,0.938456,1558.9,1661.14,0.0,0.0,0.5776,0.615479,0.0,1,0.005146767,0.4799799639,0.4961990750637226,Test
TIZVED01_charged,4.71525,3.70487,4.71525,0.910386,1406.58,1545.03,0.0,0.0,0.6034,0.662796,0.0,0,0.0036279097,0.3432366766,0.3490825389641439,Train
TIZVED_charged,4.71763,3.70524,4.71763,0.910386,1406.55,1545.0,0.0,0.0,0.6034,0.662796,0.0,0,0.0037239603,0.3493038703,0.3627278769737438,Test
TIZVIH01_charged,4.59128,3.66545,4.5882,0.929855,1300.04,1398.11,0.0,0.0,0.6068,0.652575,0.0,0,0.0037008585,0.3714337401,0.3665814236417311,Train
TIZVIH_charged,4.59121,3.66545,4.59121,0.929855,1299.57,1397.61,0.0,0.0,0.607,0.65279,0.0,0,0.0038235712,0.3596864361,0.3742725179457078,Test
TOBJUR_clean,10.64745,9.47902,10.64745,1.06964,1632.11,1525.85,0.0,0.0,0.6686,0.625069,0.0,1,0.0021356832,0.207654578,0.21359574343785911,Train
TOBKAY_clean,10.72174,9.5428,10.71607,1.08933,1630.18,1496.5,0.0,0.0,0.666,0.611383,0.0,1,0.0020670226,0.2006062187,0.200980203018925,Train
TOBKEC_clean,10.11718,8.98959,10.11479,1.13998,1639.27,1437.98,0.0,0.0,0.6544,0.574044,0.0,1,0.0021385663,0.2050472893,0.21325422841802066,Test
TOFQEM_clean,4.70069,3.85298,4.60227,1.25512,1271.42,1012.99,0.0,0.0,0.5644,0.449677,0.0,1,0.0044130232,0.4111168721,0.4131777820886433,Test
TOFTIT_clean,20.17115,6.28286,20.17115,0.598403,2258.24,3773.78,0.0,0.0,0.7822,1.30715,0.0,1,0.0028284197,0.2755653348,0.282694691523074,Train
TOHJIL_clean,5.54681,3.74513,5.54681,2.48482,1379.64,555.227,0.0,0.0,0.5704,0.229553,0.0,1,0.0012185318,0.1145792868,0.11837560243841844,Test
TOHQEO_clean,5.89344,4.18847,5.89146,0.984353,1685.69,1712.48,0.0,0.0,0.5842,0.593486,0.0,0,0.0051187341,0.4801278954,0.4886488751289157,Train
TOHSAL_clean,9.79069,6.17903,9.78331,0.576207,2737.54,4750.96,0.0,0.0,0.7668,1.33077,0.0,1,0.0032144823,0.3173235797,0.31815178932066945,Train
TOHYUL_clean,7.14824,6.33455,7.14824,1.33984,1522.29,1136.17,0.0,0.0,0.5742,0.428558,0.0,1,0.0017474748,0.1745894516,0.17375570047395267,Train
TOHYUM_clean,6.18172,4.54627,6.18172,1.23378,1539.69,1247.95,0.0,0.0,0.5958,0.482905,0.0,1,0.003533641,0.3334014619,0.333366452618754,Train
TOJLOT_clean,9.35136,7.4656,9.35136,0.787935,1703.38,2161.83,0.0,0.0,0.6612,0.839156,0.0,0,0.0022157839,0.2183078858,0.21830179210873685,Test
TOKDON_clean,5.68269,4.05076,5.58356,1.1925,2235.99,1875.04,0.0,0.0,0.6214,0.52109,0.0,1,0.0038195527,0.3767751525,0.36597368337158126,Test
TOLGOR_clean,5.98694,4.00719,5.95033,1.17836,1406.99,1194.02,0.0,0.0,0.5528,0.469125,0.0,1,0.0032392764,0.3097165084,0.30721843292430595,Test
TOLYOJ_clean,5.56011,4.7997,5.54043,0.908517,1594.37,1754.91,0.0,0.0,0.5744,0.632239,0.0,1,0.0027605218,0.2840954466,0.274218183514804,Train
TONBOO_clean,4.69422,3.90104,4.69422,1.33698,611.28,457.21,0.0,0.0,0.4482,0.335234,0.0,1,0.0036742228,0.3253443364,0.3244344760199815,Train
TONBUU_charged,5.46099,3.46825,5.45558,1.25434,1128.75,899.882,0.0,0.0,0.511,0.407386,0.0,0,0.0025256849,0.2388269084,0.24280412862914527,Train
TONLOY_clean,7.42094,6.92579,7.42094,1.50963,792.043,524.661,0.0,0.0,0.4632,0.30683,0.0,1,0.0008647945,0.0832775638,0.0836740902853112,Test
TONLOZ_clean,5.96623,4.0883,5.95565,1.23552,1555.44,1258.93,0.0,0.0,0.5706,0.461828,0.0,1,0.0037747066,0.3687168266,0.3519445689664226,Test
TONTIB_clean,8.17686,3.88128,8.17686,0.785515,2106.51,2681.7,0.0,0.0,0.6434,0.819081,0.0,0,0.0039581039,0.3952772702,0.38031633102006057,Test
TONTOH_clean,8.07783,3.80615,8.07783,0.808912,2062.02,2549.12,0.0,0.0,0.628,0.776351,0.0,0,0.0035329333,0.3513170672,0.3430548418937177,Test
TONTUN_clean,8.01411,3.79872,8.01411,0.818446,2057.67,2514.12,0.0,0.0,0.6292,0.768774,0.0,0,0.0036100953,0.3626547504,0.35020601065685153,Test
TONVAV_clean,8.13737,3.84778,8.13737,0.811081,2093.45,2581.06,0.0,0.0,0.6356,0.783646,0.0,0,0.0040107116,0.3820476812,0.3817101753972842,Test
TONWUO01_clean,5.10073,4.40085,5.10073,1.20939,753.801,623.288,0.0,0.0,0.4534,0.374898,0.0,0,0.0032386901,0.2995359742,0.29485108850042635,Test
TONWUO_clean,4.69191,4.1146,4.69191,1.30005,589.458,453.412,0.0,0.0,0.4408,0.339064,0.0,0,0.0093028146,0.7338590726,0.7371283172219318,Train
TOPKIT_clean,8.32819,5.0756,8.31268,0.957644,2418.19,2525.15,0.0,0.0,0.6634,0.692742,0.0,1,0.0043170544,0.4156549073,0.4092340421901471,Train
TORJAN_clean,5.41891,3.81819,5.4137,1.12525,1554.01,1381.04,0.0,0.0,0.5844,0.519353,0.0,1,0.0021528154,0.208733608,0.2128974645819555,Test
TORJER_clean,5.04936,3.67231,5.03861,1.16476,1436.77,1233.53,0.0,0.0,0.5708,0.490058,0.0,1,0.002226813,0.2197850712,0.213178863954961,Test
TORJIV_clean,5.15558,3.73306,5.14713,1.14909,1453.8,1265.17,0.0,0.0,0.5738,0.499351,0.0,1,0.0022509053,0.2145484467,0.2210745087331442,Train
TORJOB_clean,5.4126,3.81862,5.4126,1.10851,1564.49,1411.34,0.0,0.0,0.5858,0.528458,0.0,1,0.0021813422,0.2152112544,0.21332017808088855,Test
TORJUH_clean,5.30819,3.79107,5.29306,1.12185,1513.8,1349.38,0.0,0.0,0.5828,0.519498,0.0,1,0.0022753505,0.2190830062,0.22293534431015416,Test
TORKAO_clean,5.01927,3.67935,4.85274,1.1494,1435.4,1248.83,0.0,0.0,0.5704,0.496261,0.0,1,0.0021987511,0.2224620845,0.21206758564499245,Test
TORKES_clean,5.31982,3.78089,5.2376,1.14355,1498.22,1310.14,0.0,0.0,0.5788,0.506141,0.0,1,0.0022113252,0.2161230479,0.21458958242332338,Test
TORPUN_clean,8.7872,8.28484,8.78484,1.1627,1327.18,1141.46,0.0,0.0,0.5712,0.49127,0.0,0,0.0018921981,0.1834119272,0.17940604746208008,Test
TORXAB_clean,5.19491,4.25541,5.19491,1.88967,495.266,262.092,0.0,0.0,0.436,0.230728,0.0,0,0.0005107117,0.0515178012,0.05132837006492144,Train
TOVHUJ_clean,8.92456,5.42795,8.42869,0.747114,2560.53,3427.22,0.0,0.0,0.6974,0.933458,0.0,1,0.0031405818,0.3015527214,0.3130400926651748,Test
TOVJAP_charged,4.47668,3.46305,4.46299,1.95257,333.013,170.551,90.5462,46.3727,0.4092,0.209569,0.0,1,0.0027876519,0.2149692224,0.219325699307141,Train
TOVJEV_clean,13.68087,10.37066,13.68087,0.399582,1892.74,4736.79,0.0,0.0,0.837,2.09469,0.0,1,0.0027319886,0.2756196093,0.265346336044806,Test
TOVJIZ_clean,12.65101,8.2906,12.63941,0.451159,2031.86,4503.64,0.0,0.0,0.8026,1.77897,0.0,1,0.0027155291,0.2710897718,0.26554601867223915,Test
TOVJOF_clean,12.42499,8.36781,12.422,0.470537,2039.96,4335.39,0.0,0.0,0.8052,1.71124,0.0,1,0.0029660207,0.2854140226,0.2909124055016759,Test
TOVJUL_clean,7.14215,5.30329,7.13909,0.862488,2071.68,2401.98,0.0,0.0,0.6594,0.764532,0.0,1,0.0034863262,0.3301089045,0.3372043134720665,Test
TOVKEW_clean,13.15242,8.94797,13.15242,0.566631,2049.64,3617.24,0.0,0.0,0.7342,1.29573,0.0,1,0.0033921002,0.3257562413,0.3307702932040768,Test
TOVKIA_clean,11.37766,5.00759,10.17753,0.697273,2365.25,3392.15,0.0,0.0,0.715,1.02542,0.0,1,0.0036344198,0.3611186101,0.34060914720426605,Test
TOVKOG_clean,22.84213,13.1462,21.49189,0.3316,1563.99,4716.49,0.0,0.0,0.8634,2.60374,0.0,1,0.0030998733,0.3034465202,0.30308087962042896,Test
TOWNEA_clean,8.82467,7.77952,8.82467,0.718839,2198.94,3059.02,0.0,0.0,0.7032,0.978244,0.0,1,0.002319118,0.2342913977,0.2357922084223878,Test
TOWNOK_clean,6.93499,4.73179,6.92745,1.00825,1925.88,1910.13,0.0,0.0,0.619,0.613938,0.0,1,0.0074800177,0.6409860538,0.6546944102906254,Train
TOWNUQ_clean,8.86609,7.97255,8.86609,0.87729,1618.53,1844.92,0.0,0.0,0.6006,0.684609,0.0,1,0.0042296232,0.4141691593,0.4072791570550255,Train
TOWPEC_clean,10.15584,5.70866,7.95557,0.889254,1486.62,1671.76,593.787,667.736,0.6774,0.761762,0.0,1,0.0034337204,0.3206736363,0.33032830199986085,Train
TOWXEK_clean,6.06928,5.16457,6.05534,0.997154,1436.69,1440.79,3.8223,3.83321,0.5782,0.57985,0.0,1,0.0028188716,0.2800423649,0.2716367582533365,Test
TOXHAR_clean,4.88487,4.27765,4.88487,1.14926,1012.18,880.723,0.0,0.0,0.4974,0.4328,0.0,1,0.0027474554,0.2498283663,0.2577479132852355,Test
TOXMUQ_clean,6.89787,6.74832,6.89787,1.06186,1595.8,1502.83,0.0,0.0,0.5884,0.55412,0.0,0,0.0078390497,0.7488568433,0.7345744015729847,Train
TOXNEB_clean,7.00092,6.86576,7.00092,1.06886,1568.91,1467.83,0.0,0.0,0.5846,0.546936,0.0,0,0.0078440795,0.7301583081,0.7347514738807375,Train
TOXNIF_clean,6.95996,6.82273,6.95996,1.06718,1555.99,1458.03,0.0,0.0,0.5754,0.539176,0.0,0,0.0078242395,0.7246072896,0.7274558768720025,Train
TOZFOF_clean,13.77283,9.32974,13.77283,0.843356,2144.73,2543.09,0.0,0.0,0.7158,0.848752,0.0,1,0.0015594494,0.1505240806,0.1583110559212476,Test
TOZHAR_clean,4.71595,3.81365,4.64425,1.35498,1755.8,1295.81,0.0,0.0,0.6366,0.469823,0.0,1,0.0010382984,0.1089515002,0.1035843972616664,Train
TUBCEA_clean,5.6085,3.84866,5.6085,1.73795,888.172,511.045,0.0,0.0,0.4598,0.264564,0.0,1,0.002607192,0.2327130289,0.2379717089506816,Test
TUBJAD_clean,4.85188,4.35004,4.85188,1.22218,733.491,600.149,0.0,0.0,0.4892,0.400268,0.0,1,0.0012556433,0.1157553929,0.12152692763044423,Train
TUBLIN_clean,5.27232,3.84215,5.27232,1.23985,960.484,774.675,0.0,0.0,0.4788,0.386175,0.0,0,0.0025611873,0.2458854626,0.24126626323790312,Test
TUCJAD_clean,5.76369,4.27387,5.76369,1.22067,1421.06,1164.17,0.0,0.0,0.5556,0.455161,0.0,1,0.0032380355,0.3108097516,0.30703012754841474,Test
TUDQOZ_clean,4.7672,3.81876,4.49087,1.57647,290.479,184.259,229.56,145.616,0.4148,0.263119,0.0,0,0.00281004,0.2470706797,0.24611241777936232,Train
TUGTAR_clean,4.77865,3.86046,4.77243,1.14723,1098.41,957.446,0.0,0.0,0.5416,0.472093,0.0,1,0.0044403833,0.4208674086,0.41090672454939486,Test
TUJGIQ_clean,5.65806,4.28444,5.64037,1.20241,974.646,810.578,0.0,0.0,0.5012,0.41683,0.0,1,0.0024159274,0.2358929844,0.23158432990792738,Train
TUKCOT_clean,5.03348,3.75359,4.98119,1.1597,1353.77,1167.35,0.0,0.0,0.5642,0.486504,0.0,1,0.0038388382,0.3510195465,0.35964428961695377,Test
TUMDAI_clean,4.50033,3.69451,4.50033,1.24564,1071.02,859.815,0.0,0.0,0.5156,0.413924,0.0,0,0.0057835772,0.5374688868,0.5184995014702233,Test
TUMQID_clean,4.78803,3.71858,4.78803,1.19719,1092.19,912.297,0.0,0.0,0.5342,0.446213,0.0,1,0.0042604866,0.4046136136,0.4025913999876709,Train
TUMRIE_clean,4.83008,3.62775,4.83008,1.3408,1128.82,841.902,0.0,0.0,0.5312,0.396182,0.0,1,0.0042319371,0.3873027363,0.3980666288689045,Test
TUMROK_clean,4.44242,3.69598,4.44242,1.23691,1067.61,863.126,0.0,0.0,0.5056,0.40876,0.0,0,0.0051747623,0.4782149013,0.479217869565014,Train
TUNJET_clean,6.14578,4.61369,6.05606,1.50948,1150.01,761.861,0.0,0.0,0.5096,0.3376,0.0,1,0.0024837689,0.2271632916,0.2339796108902027,Train
TUPDOZ_clean,4.88368,4.4419,4.87874,1.30126,809.227,621.881,0.0,0.0,0.487,0.374254,0.0,1,0.0055808481,0.4742221054,0.4755275246081433,Train
TUPGIU_clean,4.86654,3.68424,4.60956,0.816785,1409.59,1725.78,0.0,0.0,0.5472,0.669943,0.0,1,0.001483599,0.1403673284,0.15301708022732058,Test
TUQWIL01_clean,5.38124,3.40475,5.38124,1.42901,1463.26,1023.97,0.0,0.0,0.6194,0.433446,0.0,0,0.005309621,0.4779687001,0.48459669085982116,Train
TURDIV_clean,6.92653,4.99633,6.92653,1.00914,1370.8,1358.39,0.0,0.0,0.5476,0.542641,0.0,0,0.0031881824,0.311463538,0.30178025073167225,Test
TURDOB_clean,6.98892,4.35902,6.87374,1.03033,1344.35,1304.78,0.0,0.0,0.5432,0.52721,0.0,0,0.0031588792,0.3001533047,0.3007539911714026,Train
TURDUH_clean,6.62446,4.36886,6.61015,1.02982,1359.58,1320.21,0.0,0.0,0.5506,0.534658,0.0,0,0.0030815189,0.2973823992,0.29422090773142207,Test
TURFAP_clean,6.01435,4.39558,5.97493,1.05478,1276.17,1209.89,0.0,0.0,0.5208,0.493754,0.0,0,0.0032538214,0.3036134203,0.30693614491602683,Train
TURFET_clean,6.77386,4.80527,6.75967,1.02251,1388.25,1357.69,0.0,0.0,0.5348,0.523025,0.0,0,0.0034632412,0.3247007462,0.3281849546875855,Test
TUTHIA_clean,7.74765,6.0396,7.74488,1.02371,1471.87,1437.78,0.0,0.0,0.5658,0.552697,0.0,1,0.0037427217,0.3572817108,0.35584681395476225,Train
TUTHOG_clean,7.58539,5.94334,7.58539,1.03555,1488.56,1437.45,0.0,0.0,0.5586,0.539422,0.0,1,0.003961496,0.3802416851,0.37231732687046437,Test
TUTJAU_clean,6.55313,5.09154,6.45158,1.05742,1473.03,1393.05,0.0,0.0,0.5626,0.532052,0.0,1,0.0043090705,0.3999651265,0.4032348374511716,Train
TUYFIE_clean,5.48587,4.03732,5.48587,1.18223,1310.67,1108.64,0.0,0.0,0.5692,0.481463,0.0,1,0.006066501,0.5396314738,0.5393799035191407,Test
TUYHOL_clean,5.84321,4.88702,5.4789,3.20354,994.943,310.576,0.0,0.0,0.468,0.146088,0.0,1,0.0003052699,0.0327968728,0.029783844429074002,Train
TUYHUR_clean,9.01467,4.33972,9.01467,1.00323,2258.33,2251.06,0.0,0.0,0.7092,0.706918,0.0,1,0.0013310114,0.1290146795,0.13197836479538214,Test
TUYJAZ_clean,9.06373,3.5335,9.05923,1.06444,1888.19,1773.89,0.0,0.0,0.6828,0.641464,0.0,1,0.0011766396,0.1131041831,0.11675506754151624,Train
TUYJED_clean,8.921,4.25748,8.91848,1.03154,2274.68,2205.14,0.0,0.0,0.7106,0.688873,0.0,1,0.0012728736,0.1263668025,0.1279141420626597,Test
TUYLIJ_clean,4.51754,3.71437,4.51754,1.86429,822.472,441.171,0.0,0.0,0.4454,0.238911,0.0,0,0.0391203184,1.8894672714,1.8861398476906708,Train
TUYNEI_clean,4.98882,3.8643,4.98882,1.23289,1157.26,938.66,0.0,0.0,0.5728,0.4646,0.0,1,0.0034062649,0.3243858396,0.3219270993103652,Test
TUZVUH_clean,8.88409,8.01315,8.88409,1.36955,1074.66,784.684,0.0,0.0,0.5192,0.379103,0.0,1,0.0009766131,0.0936321648,0.09792741380404552,Train
UBECEM_clean,4.8768,4.71272,4.8768,2.40571,1479.77,615.106,0.0,0.0,0.5964,0.24791,0.0,1,0.0011572215,0.1115453723,0.10957885317514157,Test
UBIBUF_clean,11.65323,7.63405,11.12586,0.757644,2339.26,3087.55,0.0,0.0,0.745,0.983311,0.0,1,0.0028820319,0.2808298848,0.280885284216613,Train
UBIPAY_clean,4.38835,3.9606,4.38835,1.21218,1031.09,850.605,0.0,0.0,0.4942,0.407694,0.0,1,0.0030166071,0.2749816788,0.29129163021511356,Test
UBULIO_SL,24.23226,22.89921,24.21499,0.438068,1818.16,4150.4,0.0,0.0,0.8258,1.8851,0.0,1,0.0023562372,0.2487606491,0.23893889892401868,Test
UBULUA_clean,8.25861,7.55924,8.25861,1.22262,2063.77,1688.0,0.0,0.0,0.67,0.548005,0.0,1,0.0018163049,0.1848128065,0.1801529431790097,Test
UBUMAH_clean,7.09336,6.41082,6.96082,0.845931,2610.44,3085.88,0.0,0.0,0.7132,0.843094,0.0,1,0.002627218,0.2596975774,0.26143961138053473,Train
UBUROY_clean,6.6651,5.3887,6.6651,1.08106,2567.3,2374.8,0.0,0.0,0.7436,0.687844,0.0,1,0.0006277332,0.0607850082,0.06250462406834845,Test
UCABAE_clean,5.42772,4.56824,5.1729,1.09568,662.018,604.208,511.165,466.528,0.544,0.496495,0.0,0,0.0043843348,0.4043188504,0.4018495681162961,Train
UCAXEC_clean,4.65972,3.79898,4.65972,1.24715,773.765,620.428,0.335064,0.268664,0.4924,0.394821,0.0,1,0.0027679716,0.2557114546,0.2575933787417539,Test
UCEGAM_clean,4.6913,3.56585,4.6913,1.64579,1244.17,755.971,0.0,0.0,0.5386,0.32726,0.0,1,0.0003742538,0.0403702018,0.03877904774347116,Train
UCEGEQ_clean,4.6624,3.53865,4.56509,1.68077,1210.21,720.033,0.0,0.0,0.5348,0.318188,0.0,1,0.0004305605,0.0403222838,0.04271212149700779,Train
UCEXAC_clean,6.32023,4.85158,6.32023,1.4352,1385.63,965.467,0.0,0.0,0.5604,0.390469,0.0,1,0.0024296803,0.2359018474,0.23119587991639792,Test
UCEXEG_clean,6.31608,4.83612,6.30774,1.45624,1389.21,953.967,0.0,0.0,0.5674,0.389633,0.0,1,0.0025466384,0.238898016,0.2437448388967771,Test
UCEXIK_clean,6.33067,4.85437,6.2578,1.46159,1391.18,951.831,0.0,0.0,0.5718,0.391219,0.0,1,0.0024809034,0.2322972477,0.2403758176415109,Test
UCEXOQ_clean,6.32321,4.82644,6.31444,1.48289,1385.85,934.555,0.0,0.0,0.5694,0.383979,0.0,1,0.0024758876,0.2354086462,0.24016102040281506,Test
UCOCUM_neutral,13.17014,6.56871,13.16847,0.882705,2115.68,2396.81,0.0,0.0,0.7142,0.809104,0.0,1,0.0033607324,0.3132998238,0.31045210454737765,Test
UCOHUR_clean,8.1734,7.22847,8.12249,1.21949,2095.07,1717.98,0.0,0.0,0.6692,0.548752,0.0,0,0.0019124196,0.1889391562,0.18589918638322742,Test
UCOJAZ_clean,8.09472,7.35206,8.09472,1.24694,2013.79,1614.99,0.0,0.0,0.6576,0.527372,0.0,1,0.0018149882,0.1787595541,0.1803842235902281,Test
UCOJED_clean,7.99802,7.49345,7.99418,1.22768,2022.24,1647.21,0.0,0.0,0.665,0.541674,0.0,0,0.0018999115,0.1836219056,0.18587440807750696,Test
UCOJIH_clean,8.11816,7.11073,8.05724,1.22088,2052.56,1681.21,0.0,0.0,0.6616,0.541903,0.0,0,0.0018459293,0.1808154875,0.18158763916472936,Train
UCOXOZ_clean,6.74707,6.10487,6.74209,1.02439,1598.25,1560.2,14.8613,14.5075,0.5836,0.569706,0.0,1,0.0022580571,0.2220270463,0.22326763384544943,Test
UCUJOU_clean,7.86092,6.25774,7.86092,1.30122,2380.04,1829.08,0.0681927,0.0524066,0.6862,0.52735,0.0,1,0.0012324305,0.1174087636,0.1274554325426831,Test
UCUTIW_clean,6.35635,5.83008,6.34586,1.00359,1563.59,1558.0,0.0,0.0,0.6334,0.631134,0.0,1,0.0023751906,0.2326382785,0.23206179016644846,Test
UDANEV_clean,13.79937,11.17997,13.79937,0.783809,1782.29,2273.88,0.0,0.0,0.7968,1.01657,0.0,1,0.0030901593,0.2920094178,0.2988809484429772,Test
UDEMEW_manual,28.23748,11.69499,28.22828,0.681201,1337.39,1963.29,46.9906,68.9819,0.7606,1.11656,0.0,1,0.0041354117,0.3536814985,0.34064632836673797,Test
UDICAN_clean,4.58421,3.93064,4.58097,3.59569,711.428,197.856,0.0,0.0,0.4032,0.112134,0.0,1,0.0034676277,0.2672043671,0.28016910338412226,Test
UDOVOA_clean,11.10402,3.55246,11.07204,1.28591,1551.09,1206.21,48.2971,37.5586,0.5878,0.457107,0.0,1,0.0079060087,0.6304518026,0.630573671838897,Train
UDOVUG_charged,6.85464,6.24008,6.85464,1.16526,1955.54,1678.2,13.2531,11.3735,0.6044,0.518681,0.0,0,0.0049023861,0.4390328448,0.44672379826957187,Train
UDUMIP02_clean,7.11427,6.32764,7.10696,1.42622,1719.35,1205.53,0.0,0.0,0.5884,0.412559,0.0,1,0.0012692537,0.1268947429,0.12506251112570813,Train
UDUMIP03_clean,7.09807,6.30763,7.09096,1.42891,1721.24,1204.58,0.0,0.0,0.5872,0.410943,0.0,1,0.0013664012,0.1282231298,0.13130901594740563,Test
UDUMIP_clean,7.19202,6.41478,7.18204,1.40092,1718.44,1226.65,0.0,0.0,0.5958,0.425293,0.0,1,0.0012586941,0.1227944834,0.1257917585829739,Test
UFASEA_ion_b,3.8787,3.48972,3.87221,1.84634,417.315,226.022,88.8958,48.1469,0.4466,0.241883,0.0,1,0.0021075457,0.189182257,0.1932413114914248,Test
UFEMIC_clean,5.26486,4.19267,5.24985,1.20943,1737.26,1436.43,0.0,0.0,0.6508,0.538107,0.0,0,0.0008068962,0.0762726694,0.07903836912347784,Train
UFENAW_clean,7.28617,5.35852,7.10503,0.754992,3088.35,4090.58,0.0,0.0,0.7422,0.983057,0.0,1,0.0023744351,0.2486227519,0.23907302377765688,Test
UFEVIL_clean,6.75773,4.04783,6.73846,1.05377,1465.81,1391.02,0.0,0.0,0.5784,0.548886,0.0,1,0.002190753,0.2096868199,0.21348664637600312,Train
UFEXEJ_clean,5.30731,5.14101,5.30608,2.3365,1189.34,509.026,0.0,0.0,0.4796,0.205264,0.0,1,0.0015161318,0.1439097503,0.14518002417362288,Train
UFEXIN_clean,5.2808,5.11213,5.27438,2.36936,1181.21,498.534,0.0,0.0,0.4788,0.20208,0.0,1,0.0015654746,0.1440151479,0.15060257242674366,Test
UFOFIF_clean,4.79304,3.6453,4.79304,1.31843,760.934,577.154,0.0,0.0,0.5036,0.381971,0.0,1,0.0008443479,0.0872542313,0.0818314167399661,Train
UFUNIS_clean,4.49854,3.78199,4.40172,1.42532,684.322,480.117,0.0,0.0,0.4402,0.308843,0.0,1,0.0069658945,0.5896921885,0.5764443053382606,Train
UFUQIV_clean,7.38156,5.81733,6.18024,0.675677,2389.77,3536.85,0.0,0.0,0.7014,1.03807,0.0,1,0.0031859794,0.3203499186,0.3074459200536254,Test
UGAQEY_clean,4.89575,4.03861,4.89307,1.29414,1150.64,889.116,1.22671,0.947894,0.5042,0.389602,0.0,1,0.0022614749,0.2209036535,0.21779054298157932,Train
UGELIB_clean,9.36087,9.10832,9.36087,1.90193,1244.67,654.425,0.0,0.0,0.572,0.300747,0.0,0,0.0067827411,0.6050034618,0.5904754634166105,Train
UGOFED_clean,5.38504,4.20309,4.96349,1.22232,1169.34,956.656,0.0,0.0,0.5274,0.431476,0.0,1,0.005493595,0.4807874716,0.4895783331587525,Test
UGOSOY_charged,6.30273,4.8353,6.29385,0.968672,1382.14,1426.84,1.61985,1.67224,0.6198,0.639845,0.0,1,0.002247677,0.2206539607,0.21447450776802518,Test
UGUGUZ_clean,4.77323,4.07807,4.77323,1.79667,684.632,381.056,127.779,71.1197,0.5662,0.315138,0.0,1,0.0008356724,0.0822885626,0.08172090462995249,Train
UGUHAG_clean,4.84717,4.36591,4.84717,1.73201,1080.53,623.859,0.0,0.0,0.576,0.332562,0.0,1,0.0008755963,0.0845444041,0.0825937079709726,Train
UGUHEK_clean,4.77594,4.10655,4.77594,1.75746,691.545,393.492,145.139,82.5845,0.5694,0.323991,0.0,1,0.0006058581,0.0593309788,0.06046463671552396,Train
UGUQOC_charged,5.44159,3.98171,5.43587,1.19373,1327.79,1112.3,0.0,0.0,0.547,0.458227,0.0,0,0.0030850667,0.2869724296,0.29351204647641366,Test
UHASED_clean,4.93212,3.89765,4.93212,1.32119,1664.14,1259.57,0.0,0.0,0.5574,0.421891,0.0,0,0.0047369013,0.4290959756,0.4353443405708646,Train
UHAXUW_clean,5.09262,3.57011,5.0696,1.51761,748.067,492.925,0.0,0.0,0.446,0.293883,0.0,0,0.0020727758,0.1923966182,0.19069037029806019,Train
UHUPET_clean,13.55212,8.93511,12.0856,0.540431,2097.88,3881.87,0.0,0.0,0.7682,1.42146,0.0,1,0.0021966266,0.2182694462,0.21843256207530073,Test
UHUPOD01_clean,33.07784,21.40391,33.07784,0.19136,873.381,4564.06,0.0,0.0,0.937,4.89652,0.0,0,0.0032964597,0.3418168409,0.31828470911385076,Test
UJAQEC_clean,4.46683,3.5414,4.46683,1.21484,1347.94,1109.56,67.5496,55.6038,0.5582,0.459485,0.0,1,0.0040395588,0.3904870214,0.38459015711091904,Train
UJAQUS_clean,7.15939,6.10118,7.07981,0.989707,2008.92,2029.81,0.0,0.0,0.6442,0.6509,0.0,1,0.0030405538,0.2926237604,0.2941858012175112,Test
UJEDIX_clean,4.86939,3.4331,4.86939,1.44888,987.806,681.772,2.33073,1.60864,0.5456,0.376567,0.0,0,0.0013940757,0.1329659519,0.13176803509174034,Train
UJILAA_clean,19.23413,9.51535,19.23413,0.420332,1982.45,4716.4,0.0,0.0,0.8898,2.1169,0.0,1,0.0011509508,0.1164085197,0.12764373431463732,Test
UJIZET_clean,7.09242,5.53096,7.08797,1.15967,2195.41,1893.13,0.0,0.0,0.6436,0.554986,0.0,1,0.0015330116,0.1523044855,0.14981089690331983,Test
UJOWEW_clean,5.75366,4.18708,5.75366,1.11983,1989.69,1776.77,0.0,0.0,0.6036,0.539008,0.0,1,0.0014163621,0.1331654699,0.1416172354806813,Train
UJULIW_clean,7.01875,6.807,7.01875,2.47032,548.528,222.047,0.0,0.0,0.3284,0.132938,0.0,1,0.0020030938,0.1741414371,0.17092442760784732,Test
UJUPUM_clean,6.77742,5.67068,6.76869,0.861722,2505.7,2907.78,0.0,0.0,0.7082,0.821843,0.0,1,0.0018527969,0.1849757221,0.18735541827492408,Test
UJUQIB_clean,10.2017,5.3119,10.02065,0.774012,2238.72,2892.35,0.0,0.0,0.6914,0.893268,0.0,0,0.0030384699,0.3011620355,0.2995284815880934,Train
UKAJOH_clean,5.01926,3.81172,4.98641,1.35653,485.975,358.247,0.0,0.0,0.4304,0.317279,0.0,1,0.0046081854,0.3587622153,0.3864793503922256,Test
UKAPUS_clean,6.98994,4.84446,6.98994,1.13705,1711.16,1504.91,0.0,0.0,0.5842,0.513788,0.0,0,0.0031612599,0.2956004657,0.30229711369885054,Test
UKAQAZ_clean,7.03658,4.81444,7.03658,1.1542,1709.08,1480.75,0.0,0.0,0.5836,0.505632,0.0,0,0.0032908871,0.3018616811,0.3123688936193174,Train
UKAQED_clean,6.96134,4.79708,6.96134,1.16653,1696.68,1454.47,0.0,0.0,0.581,0.49806,0.0,0,0.0031804895,0.2966812216,0.3020745898135843,Test
UKAQIH_clean,7.0082,4.78738,7.0082,1.16844,1713.29,1466.3,0.0,0.0,0.5844,0.500152,0.000171168,0,0.0031474193,0.2984439096,0.29856408594383277,Train
UKAZEM_clean,10.77132,8.65206,10.76899,0.789293,2030.11,2572.07,0.0,0.0,0.7756,0.982652,0.0,1,0.0010245674,0.105052777,0.10262748446971792,Train
UKEXEP_clean,4.56996,3.476,4.56996,1.58485,612.499,386.472,21.3828,13.492,0.4954,0.312585,0.0,1,0.0015558372,0.1465719804,0.14907347345814717,Train
UKIQIP_clean,10.57455,7.52574,10.57455,0.823179,2075.57,2521.41,0.0,0.0,0.6786,0.824365,0.0,1,0.002159573,0.2136951593,0.21672238431759228,Test
UKIQOV_clean,13.66711,9.63813,13.66009,0.628902,2104.6,3346.47,0.0,0.0,0.7776,1.23644,0.0,1,0.0029237769,0.2794228154,0.2837675323107894,Test
UKOZOK_clean,5.16699,3.99697,5.16538,2.08607,1456.61,698.257,0.0,0.0,0.5214,0.249944,0.0,1,0.0019071878,0.181720633,0.179689595922223,Test
UKUBOS_clean,7.20509,4.51731,7.20509,1.01682,1332.64,1310.6,0.0,0.0,0.5496,0.540507,0.0,0,0.0065531592,0.5675168487,0.5725564087181316,Train
UKUBUY_clean,7.24877,4.48545,6.9378,1.0306,1336.85,1297.17,0.0,0.0,0.5312,0.51543,0.0,0,0.0077403767,0.6391707385,0.6469151536464081,Train
UKUCAF_clean,7.2141,4.4286,6.87747,1.05667,1313.72,1243.26,0.0,0.0,0.5246,0.496466,0.0,0,0.0076520781,0.6476613522,0.6454259934303086,Train
UKUPIB_clean,7.9794,5.83185,7.9636,0.893496,2137.53,2392.33,0.0,0.0,0.6356,0.711363,0.0,1,0.0020559907,0.212403781,0.20776479939946746,Train
UKUPUL_clean,6.90717,5.2805,6.90717,1.43379,1465.65,1022.22,1.90531,1.32886,0.5222,0.364209,0.0138095,1,0.0036269129,0.2824793109,0.2869103006448022,Train
ULAQAB_clean,5.27643,3.51743,4.89733,1.04387,1032.19,988.815,0.0,0.0,0.5466,0.523628,0.0,0,0.0035710011,0.3456243857,0.3353141149573982,Test
ULAQEF_clean,5.27064,3.49026,5.03731,1.02909,1016.13,987.412,0.0,0.0,0.5346,0.51949,0.0,0,0.0030962993,0.2855915246,0.29606834212119615,Test
ULASAD_clean,8.38485,6.51445,8.17533,0.647842,2428.58,3748.72,0.0,0.0,0.7298,1.12651,0.0,1,0.0013678864,0.1363774665,0.13700978433747363,Train
ULEGOH_clean,6.13177,4.39371,6.11357,1.30509,966.034,740.207,0.0,0.0,0.4766,0.365187,0.0,1,0.0029615382,0.251757733,0.2738889989396724,Test
ULIMIN_clean,5.00183,3.7748,4.85322,1.2693,515.601,406.208,162.351,127.906,0.476,0.375009,0.0,0,0.0052693963,0.4452207101,0.4399546638651632,Train
ULOGAE_clean,6.57121,5.40028,5.95167,1.35328,2211.75,1634.36,0.0,0.0,0.6272,0.463465,0.0,1,0.0024465988,0.2392579517,0.23752892735200837,Test
ULOKAJ_clean,8.7673,6.34979,8.7673,1.30492,1735.79,1330.19,0.0,0.0,0.637,0.488152,0.0,0,0.0012402749,0.1217543088,0.12490275302315179,Test
ULOLEO_clean,8.29808,5.90829,8.29808,1.34322,1731.11,1288.78,0.0,0.0,0.6394,0.47602,0.0,0,0.0012738492,0.1252025889,0.12731901288345435,Test
ULOLIS_clean,8.54677,6.10924,8.54677,1.32937,1733.05,1303.66,0.0,0.0,0.6388,0.480529,0.0,0,0.0013192733,0.1219695794,0.12878084400194795,Test
ULOMAL_clean,8.86217,6.43433,8.86217,1.31015,1733.6,1323.21,0.0,0.0,0.6522,0.497807,0.0,0,0.0012639744,0.1202908634,0.1254982479542323,Test
ULUVUT_clean,5.14269,4.75945,5.14269,1.14921,1898.67,1652.16,0.0,0.0,0.6398,0.556733,0.0,0,0.0030621644,0.2929463141,0.2977485965693948,Test
UMABIV_clean,5.68466,5.22417,5.68466,1.23934,1941.33,1566.43,0.0,0.0,0.6118,0.493651,0.0,1,0.0031065237,0.3014527044,0.29807287519373993,Train
UMABOB_clean,5.41853,4.65091,5.41146,1.04463,1738.12,1663.87,0.0,0.0,0.574,0.549478,0.0,1,0.0032920773,0.3248089576,0.3149905184943432,Test
UMALUQ_clean,8.90326,5.05379,8.67673,1.06985,1916.16,1791.07,0.0,0.0,0.5972,0.558212,0.0,1,0.0017568776,0.1754185324,0.1784057687640836,Test
UMARAC_charged,7.63967,4.04996,7.61915,1.1879,1840.97,1549.77,0.0,0.0,0.6226,0.524119,0.0,1,0.0012050409,0.1140365871,0.11950148315904352,Train
UMEDEX_clean,8.31991,5.90244,8.31991,1.33036,1734.05,1303.45,0.0,0.0,0.6334,0.476113,0.0,0,0.0012820906,0.1272820098,0.12800498502898744,Train
UMEDIB_clean,8.20629,5.26943,8.19367,1.3504,1744.84,1292.1,0.0,0.0,0.632,0.46801,0.0,0,0.0011593015,0.1259965229,0.1153301259449026,Train
UMEDOH_clean,8.3593,5.89473,8.3593,1.33036,1732.85,1302.55,0.0,0.0,0.6328,0.475662,0.0,0,0.0013077324,0.1257494184,0.12912588165161032,Train
UMEHOL_clean,7.1388,4.96773,6.18362,1.60251,1384.6,864.024,0.0,0.0,0.5636,0.351699,0.0,1,0.0030436031,0.2863430769,0.2837396518450667,Test
UMEKEE_clean,8.30632,6.09762,8.27233,0.751545,2616.23,3481.13,0.0,0.0,0.734,0.976654,0.0,0,0.0029130359,0.2741149339,0.2867463246576477,Test
UMEKII_clean,6.2978,4.37155,6.14715,1.16372,1476.0,1268.34,0.0,0.0,0.5854,0.50304,0.0,0,0.0046867614,0.4264668755,0.4335032032719407,Test
UMELAB_clean,6.29398,5.39006,6.2901,1.61584,1305.01,807.638,0.0,0.0,0.54,0.334192,0.0,1,0.0030483066,0.2801527191,0.2813525565834515,Train
UMELEF_clean,6.19405,5.34016,6.17707,1.64272,1285.83,782.746,0.0,0.0,0.5076,0.309,0.0,1,0.0029906432,0.2773242016,0.276132602111187,Train
UMEPOT_clean,6.2957,5.33563,6.29133,1.57681,1311.07,831.473,0.0,0.0,0.541,0.343098,0.0,1,0.0029886187,0.275203987,0.27915687392053956,Test
UMEQAG_clean,7.17863,4.94429,6.16873,1.58166,1384.15,875.123,0.0,0.0,0.5566,0.351908,0.0,1,0.003039687,0.2837661649,0.2827519244251075,Train
UMESIQ_clean,7.11235,5.04643,6.16421,1.65932,1412.73,851.388,0.0,0.0,0.558,0.336282,0.0,1,0.0037543629,0.3456628693,0.3428661638950897,Test
UMESOW_clean,7.17498,4.93769,6.17391,1.56952,1391.65,886.672,0.0,0.0,0.5498,0.350298,0.0,1,0.0030305515,0.2803651596,0.2824528255323827,Train
UMEXUF01_clean,5.93545,4.3172,5.83035,1.61863,1574.22,972.568,0.0,0.0,0.547,0.337941,0.0,1,0.0037570593,0.3559772885,0.3464862889851287,Train
UMEXUF_clean,5.96732,4.46538,5.94889,1.62337,1487.02,916.008,0.0,0.0,0.5378,0.331286,0.0,1,0.0036191856,0.3553405295,0.33706990866365116,Train
UMIGAA_clean,8.23557,7.15317,8.23557,1.10058,2014.92,1830.78,0.0,0.0,0.622,0.565157,0.0,1,0.002929764,0.2741490457,0.2780963302580085,Test
UMIZEX_clean,6.27903,5.11829,6.27347,1.43647,1654.12,1151.52,0.0,0.0,0.554,0.385668,0.0,1,0.002432518,0.2305899061,0.23092863553425502,Test
UMOBEF01_clean,11.72616,5.98085,11.72563,0.505624,2624.2,5190.03,0.0,0.0,0.792,1.56638,0.0,1,0.002924715,0.2945198193,0.29243192875284924,Test
UMOBEF02_clean,11.74556,6.09657,11.74553,0.512375,2648.86,5169.77,0.0,0.0,0.7876,1.53716,0.0,1,0.0029043337,0.3050909146,0.29780047080318295,Train
UMOBEF03_clean,11.19548,6.07261,11.19529,0.54262,2779.47,5122.32,0.0,0.0,0.775,1.42826,0.0,1,0.0031217341,0.3199590651,0.3152267894920702,Test
UMOBEF04_clean,9.82687,5.92931,9.82687,0.641251,2696.95,4205.76,1.10178,1.71818,0.73,1.1384,0.0,1,0.0037467603,0.3713776608,0.36255368925952625,Test
UMOBEF05_clean,9.81532,6.14212,9.81476,0.699468,2487.48,3556.24,0.0,0.0,0.705,1.00791,0.0,1,0.0037807291,0.3879102832,0.3644299096360153,Test
UMOBEF06_clean,9.73892,6.12776,9.73892,0.704912,2451.84,3478.22,0.0,0.0,0.7064,1.00211,0.0,1,0.0035735194,0.3860725703,0.34711550225808036,Test
UMOBEF07_clean,9.64899,6.11183,9.64836,0.717947,2412.56,3360.35,0.0,0.0,0.7028,0.978902,0.0,1,0.0041815612,0.3915721215,0.40021824905900094,Test
UMOBEF08_clean,9.5277,6.07844,9.52714,0.722374,2381.06,3296.16,0.0,0.0,0.701,0.970411,0.0,1,0.0039913358,0.3945206146,0.38118590374560746,Train
UMOBEF09_clean,9.30813,6.0393,8.12664,0.731985,2350.62,3211.3,0.0,0.0,0.696,0.95084,0.0,1,0.0041747674,0.3949588124,0.40046568443416175,Train
UMOBEF_clean,12.498,6.04018,12.42609,0.48038,2503.44,5211.38,0.0,0.0,0.7972,1.65952,0.0,1,0.0027888397,0.2783540601,0.28402387764074194,Test
UMODEH01_clean,11.30468,5.41503,11.30468,0.512269,2642.07,5157.57,0.0,0.0,0.7812,1.52498,0.0,1,0.0028145717,0.2957435041,0.2915733609805944,Train
UMODEH03_clean,11.61852,5.42066,11.35102,0.51003,2634.97,5166.3,0.0,0.0,0.785,1.53913,0.0,1,0.0028736876,0.2939371862,0.29364261327675273,Test
UMODEH04_clean,11.36787,5.34922,11.36787,0.533932,2752.39,5154.94,0.0,0.0,0.771,1.444,0.0,1,0.0029919193,0.3067456222,0.3055848356787045,Test
UMODEH06_clean,11.16649,5.2519,11.16649,0.555198,2855.76,5143.68,0.0,0.0,0.7652,1.37825,0.0,1,0.0032283827,0.3235148208,0.3219791331274126,Train
UMODEH07_clean,11.33302,5.24933,11.33302,0.558087,2863.98,5131.77,0.0,0.0,0.7612,1.36394,0.0,1,0.0032218143,0.3231535572,0.3221461537183825,Test
UMODEH08_clean,7.50813,5.20054,6.29758,0.647965,2827.66,4363.91,0.0,0.0,0.7222,1.11457,0.0,1,0.0041315417,0.3870019688,0.39571334021186116,Train
UMODEH09_clean,7.58377,5.1021,6.14779,0.720299,2563.17,3558.48,0.0,0.0,0.6962,0.966543,0.0,1,0.0044238368,0.3988087194,0.41720282631927313,Train
UMODEH10_clean,8.26869,5.10695,6.12476,0.739009,2428.99,3286.83,0.0,0.0,0.6872,0.929894,0.0,1,0.0040888469,0.3972618545,0.39785233113677504,Test
UMODEH11_clean,7.88398,5.10678,6.00855,0.750929,2393.61,3187.54,0.0,0.0,0.6846,0.911671,0.0,1,0.0042103628,0.3996133519,0.4086503103154084,Test
UMODEH12_clean,7.73054,5.09547,6.08288,0.751192,2382.98,3172.27,0.0,0.0,0.6794,0.90443,0.0,1,0.0042333523,0.4023917973,0.40763320457734187,Train
UMODEH13_clean,8.08,5.10727,6.08981,0.75692,2343.08,3095.55,0.0,0.0,0.6792,0.89732,0.0,1,0.003983752,0.4003621528,0.3872251168064483,Train
UMODEH14_clean,11.13019,5.34376,11.13003,0.540267,2804.02,5190.06,0.0,0.0,0.7704,1.42596,0.0,1,0.0031725511,0.3105060477,0.31738841948353824,Test
UMODEH15_clean,11.39121,5.37416,11.39121,0.528259,2720.83,5150.56,0.0,0.0,0.7764,1.46973,0.0,1,0.0030543194,0.3044302511,0.31056668166148804,Train
UMODEH16_clean,13.02556,5.98917,13.02556,0.473838,2451.04,5172.75,0.0,0.0,0.8008,1.69003,0.0,1,0.0029459403,0.2734141306,0.2879790175294073,Train
UMODEH17_clean,11.09362,5.25928,11.09362,0.56801,2915.72,5133.22,0.0,0.0,0.7592,1.3366,0.0,1,0.0033466144,0.3339947488,0.32788170609349526,Test
UMODEH18_clean,12.07339,5.35338,12.07339,0.527677,2756.54,5223.93,0.0,0.0,0.7746,1.46794,0.0,1,0.0029656456,0.3063580849,0.3044900929383092,Train
UMODEH19_clean,9.53314,6.14559,9.53308,0.644874,2729.74,4232.98,0.0,0.0,0.7296,1.13138,0.0,1,0.0037526143,0.3694962975,0.3636226889116755,Test
UMODEH20_clean,9.81757,5.20485,6.37863,0.582326,2920.59,5015.39,0.0,0.0,0.7482,1.28485,0.0,1,0.0034582777,0.3358864563,0.3384075294261018,Test
UMODEH21_clean,9.91334,5.23079,9.91334,0.575954,2919.56,5069.08,0.0,0.0,0.75,1.30219,0.0,1,0.0033039197,0.3321654414,0.32126371299299,Test
UMODEH22_clean,10.42971,5.27481,10.42971,0.557764,2866.15,5138.64,0.0,0.0,0.7608,1.36402,0.0,1,0.0031397089,0.3211074916,0.31208669752080365,Test
UMODEH23_clean,11.15907,5.34276,11.15907,0.535598,2770.05,5171.89,0.0,0.0,0.7696,1.4369,0.0,1,0.0029492245,0.3081742554,0.30003139938352846,Train
UMODEH24_clean,11.42851,5.36939,11.42851,0.532371,2746.88,5159.71,0.0,0.0,0.7732,1.45237,0.0,1,0.0032316669,0.3063055375,0.3225786277641468,Test
UMODEH25_clean,9.75422,5.20239,6.39739,0.581306,2933.81,5046.92,0.0,0.0,0.7442,1.28022,0.0,1,0.0032415196,0.3353806873,0.3229317376715001,Test
UMODEH_clean,10.95537,5.36113,10.95537,0.533113,2747.45,5153.6,0.0,0.0,0.7742,1.45222,0.0,1,0.0033564671,0.3072710965,0.32832416498752975,Test
UMOKIS_clean,10.47066,8.24292,10.42077,0.843112,1761.07,2088.78,0.0,0.0,0.6618,0.784949,0.0,1,0.00211847,0.2127177437,0.2172517914656401,Test
UMOVEZ01_clean,10.36799,5.68179,9.99869,0.557538,2889.19,5182.06,0.0,0.0,0.7634,1.36923,0.0,1,0.0031387185,0.3277820832,0.31097011024989446,Test
UMOVEZ02_clean,10.40783,5.7016,10.40783,0.554264,2884.62,5204.42,0.0,0.0,0.768,1.38562,0.0,1,0.0033187533,0.3260836425,0.32268010045691603,Test
UMOVEZ03_clean,10.92239,5.82104,10.1736,0.537309,2802.84,5216.45,0.0,0.0,0.7724,1.43754,0.0,1,0.0033289439,0.3129343141,0.32131257290648435,Test
UMOVEZ04_clean,11.43321,6.00494,11.43286,0.521066,2715.35,5211.14,0.0,0.0,0.7844,1.50538,0.0,1,0.0030877653,0.3044862697,0.3142104018034539,Test
UMOVEZ05_clean,10.32083,5.66439,10.32083,0.556946,2888.61,5186.51,0.0,0.0,0.7674,1.37787,0.0,1,0.0035191693,0.3267698125,0.3394445638106915,Test
UMOVEZ_clean,11.7936,5.96806,11.76218,0.502437,2621.26,5217.08,0.0,0.0,0.7922,1.57671,0.0,1,0.0030198277,0.29389819,0.30250766330506423,Test
UMOVID_clean,12.08323,6.02223,11.77524,0.495095,2551.4,5153.36,0.0,0.0,0.7958,1.60737,0.0,1,0.0027480772,0.2902295579,0.2783950448094395,Test
UMOVOJ_clean,12.44931,6.04966,11.64464,0.481059,2488.51,5172.97,0.0,0.0,0.8008,1.66466,0.0,1,0.0026733458,0.2832999196,0.2684618962809636,Test
UMOYOM03_clean,9.53653,5.34452,9.53653,0.572297,2816.69,4921.73,0.0,0.0,0.7558,1.32064,0.0,1,0.0030018229,0.2967153516,0.30189439287044045,Train
UMOYOM06_clean,9.27242,5.3599,9.27242,0.544667,2828.76,5193.56,0.0,0.0,0.7628,1.40049,0.0,1,0.0031096641,0.2962655959,0.30854036797374373,Train
UMOYOM07_clean,9.75529,5.37054,9.54348,0.541661,2791.87,5154.28,0.0,0.0,0.7712,1.42377,0.0,1,0.002937613,0.3041417122,0.29532920527307877,Train
UMOYOM08_clean,9.66223,5.42293,9.66221,0.547658,2688.94,4909.89,0.0,0.0,0.7644,1.39576,0.0,1,0.0027447861,0.2785881357,0.2752167729004836,Test
UMOYOM10_clean,9.29709,5.30741,9.29709,0.582563,2853.3,4897.84,0.0,0.0,0.748,1.28398,0.0,1,0.0029008441,0.2978291778,0.29146234126135345,Train
UMOYOM11_clean,8.68074,5.21106,8.68074,0.619321,2929.2,4729.69,0.0,0.0,0.724,1.16902,0.0,1,0.0033445387,0.3257329729,0.3254119125160482,Test
UMOYOM13_clean,8.08915,5.1527,6.21939,0.677127,2892.06,4271.07,0.0,0.0,0.7078,1.0453,0.0,1,0.0038739121,0.3748790253,0.37889117624717494,Train
UMOYOM16_clean,7.63035,5.01799,6.05656,0.779987,2424.82,3108.79,0.0,0.0,0.664,0.851297,0.0,1,0.0039504112,0.3892853271,0.38412772923681165,Test
UMOYOM17_clean,7.20985,4.99864,5.97659,0.754372,2435.06,3227.93,0.0,0.0,0.675,0.894784,0.0,1,0.0036703654,0.3654856848,0.35993275474662695,Test
UMOZUT_clean,10.2026,5.23269,10.2026,0.576016,2921.2,5071.38,0.0,0.0,0.7524,1.30621,0.0,1,0.0035173936,0.3326580736,0.339818592440489,Train
UMUBAH_clean,10.24236,5.23581,10.24236,0.576725,2914.77,5054.0,0.0,0.0,0.7536,1.30669,0.0,1,0.0033893092,0.3341392543,0.3336360545946548,Test
UMUBEL_clean,10.43104,5.29557,10.43104,0.565681,2914.18,5151.62,0.0,0.0,0.7596,1.34281,0.0,1,0.0032612249,0.3278598364,0.3197850371951211,Test
UMUBIP_clean,11.2434,5.32116,11.2434,0.544527,2831.33,5199.61,0.0,0.0,0.7672,1.40893,0.0,1,0.0032612249,0.3118952703,0.32468263328521507,Test
UMUBOV_clean,10.36323,5.21129,10.36305,0.581505,2938.31,5052.94,0.0,0.0,0.7516,1.29251,0.0,1,0.0034911199,0.3386649017,0.3385025441901736,Train
UMUXEG_clean,9.49806,8.4757,9.49806,2.20878,1092.16,494.464,0.0,0.0,0.5272,0.238684,0.0,1,0.0005575935,0.05684643,0.052226779423099695,Train
UNABIV_charged,5.08458,3.8192,4.86043,1.53367,1129.32,736.354,0.0,0.0,0.481,0.313628,0.0,1,0.0014479059,0.1377003017,0.13929046425835612,Test
UNADIX_clean,6.75931,3.87519,6.75562,1.24165,1862.26,1499.83,0.0,0.0,0.6188,0.498371,0.0,0,0.0048526437,0.4442031088,0.44839378198820073,Train
UNAGOH_clean,6.96079,6.02919,6.95596,0.981792,1984.33,2021.13,0.0,0.0,0.6686,0.681,0.0,1,0.0031992407,0.3104410157,0.30976549282618104,Test
UNAGUN_clean,6.99295,6.04603,6.99295,0.980411,1997.43,2037.34,0.0,0.0,0.6572,0.670331,0.0,1,0.0031342621,0.3121514819,0.3040326532875073,Train
UNECOH_clean,8.18788,6.9765,8.18788,1.09192,2032.27,1861.19,0.0,0.0,0.6216,0.569271,0.0,1,0.0025290001,0.2515400066,0.2503657007187608,Train
UNECUN_clean,8.22196,7.00638,8.21981,1.18297,2033.93,1719.35,0.0,0.0,0.6502,0.549636,0.0,1,0.0027237982,0.2680644287,0.260043359114896,Train
UNIMAG_clean,7.62122,4.89032,7.61772,1.27361,1516.85,1190.98,7.98461,6.26926,0.5702,0.447703,0.0,1,0.000916074,0.0964871888,0.09411478531980363,Test
UNUNEY_clean,34.00674,17.63763,34.00674,0.237838,1109.56,4665.2,0.0,0.0,0.9182,3.86062,0.0,1,0.0026731547,0.2746530466,0.2792614197216075,Train
UPIBOM_clean,6.9638,6.58355,6.9638,1.56774,1538.59,981.409,0.0,0.0,0.5776,0.368429,0.0,0,0.0024302752,0.2368882767,0.23621391150039017,Test
UQEGII_clean,7.86584,3.91024,7.82641,1.73651,1232.93,710.003,0.0,0.0,0.5438,0.313156,0.0,1,0.0003531855,0.0367140592,0.03385243739905058,Train
UQERIT_clean,4.88677,3.80399,4.88677,1.1967,1362.48,1138.53,0.0,0.0,0.5566,0.465112,0.0,0,0.0051636653,0.4737913938,0.4803671683407955,Train
UQOWUU_clean,5.90125,3.62484,5.90125,1.49858,1462.39,975.848,0.0,0.0,0.5542,0.369817,0.0,1,0.0019191336,0.194234583,0.18075762134223788,Test
UQOYOP_clean,5.62402,4.63088,5.62402,1.0296,1173.78,1140.03,0.0,0.0,0.5218,0.506796,0.0,0,0.0043975314,0.4088422804,0.40603726124901807,Test
UQULAU_clean,7.2826,3.59407,7.2826,0.863333,1569.2,1817.6,0.0,0.0,0.6162,0.713745,0.0,1,0.0026644402,0.2536169516,0.2596317492008821,Test
URENEM_clean,8.53899,7.85329,8.41522,0.74811,2058.38,2751.44,0.0,0.0,0.7178,0.959485,0.0,1,0.0030793274,0.3040991987,0.30095245643506535,Test
UREVIY_clean,4.97933,3.80174,4.64142,1.58439,1154.53,728.69,0.0,0.0,0.5098,0.321764,0.0,1,0.0026218427,0.2381721562,0.2461617128537441,Test
UREVOE_clean,4.98141,3.80725,4.69195,1.62966,1156.15,709.443,0.0,0.0,0.5054,0.310125,0.0,1,0.0024483091,0.2320057513,0.22965394106176593,Train
URUVUA_clean,9.76128,4.51984,9.76128,1.07567,2198.26,2043.62,0.0,0.0,0.6792,0.631422,0.0,1,0.0023300708,0.2234191562,0.23164308343541487,Train
URUWEL_clean,9.27008,8.60913,9.21935,1.12073,1091.29,973.727,41.1176,36.688,0.5796,0.517161,0.0,1,0.0008998641,0.0953601669,0.09165103620163634,Train
URUWIP_clean,8.03408,7.13721,8.03408,1.22198,1033.12,845.441,0.0,0.0,0.5468,0.447469,0.0,1,0.0011306988,0.100399406,0.11377161105602107,Test
USAWIW_clean,8.66526,5.94328,8.64173,1.00954,1665.76,1650.02,0.0,0.0,0.6018,0.596112,0.0,0,0.0018866792,0.1950921842,0.18571959272872868,Train
USEVOF_clean,9.78266,6.59544,9.77545,1.19807,1982.01,1654.33,0.0,0.0,0.6746,0.563072,0.0,1,0.002713724,0.2566061217,0.25600279766175194,Train
USIRUL_clean,4.36706,3.58238,4.17257,1.44082,204.986,142.27,0.0,0.0,0.3816,0.264849,0.0,0,0.0021874924,0.1862330669,0.18884078017329897,Train
USISEW_clean,4.41857,3.83614,4.34351,1.41445,243.314,172.02,0.0,0.0,0.4008,0.28336,0.0,1,0.0027058648,0.2354862366,0.22187618733090614,Test
USORUR_clean,6.75938,5.44409,6.68952,0.77718,2490.53,3204.57,0.0,0.0,0.705,0.907126,0.0,1,0.0035767905,0.3492064892,0.35082943255230215,Train
USOXEH_clean,5.26933,4.60511,5.26933,1.1789,1588.69,1347.6,0.0,0.0,0.5772,0.489609,0.0,1,0.0022468042,0.2210687364,0.21318444572881023,Test
USUBUG_clean,5.38089,5.04943,5.38089,1.1373,1931.44,1698.26,0.0,0.0,0.635,0.558338,0.0,0,0.0032539678,0.3067160175,0.3125914152561911,Train
USUPUV_clean,5.56088,3.62011,5.55354,1.39664,1062.12,760.484,0.0,0.0,0.503,0.36015,0.0,1,0.0005830466,0.0585463521,0.060832436368692705,Train
USUVIP_clean,7.94489,4.42991,7.94489,1.30315,1252.83,961.391,0.0,0.0,0.5286,0.405634,0.0,1,0.0018668742,0.1919773174,0.17707741532709326,Test
USUWUC_clean,6.42663,5.71174,6.42663,1.58208,1915.35,1210.65,0.0,0.0,0.6074,0.383924,0.0,0,0.003681411,0.3511632866,0.3503211619140728,Train
UTACOJ_clean,10.00482,8.08324,10.00482,1.1027,1897.31,1720.61,0.0,0.0,0.673,0.610321,0.0,1,0.0011910904,0.1199496189,0.11611200280151351,Test
UTACUP_clean,7.57859,3.49654,7.57859,1.1652,1628.8,1397.88,0.0,0.0,0.6024,0.516994,0.0,1,0.001540613,0.1370807607,0.1533255277683018,Test
UTADIE_clean,5.9737,4.97659,5.79418,1.5664,1976.27,1261.66,0.0,0.0,0.6122,0.390833,0.000127682,1,0.0014576868,0.14190216,0.14213915052484755,Test
UTELIQ_clean,6.45449,5.48487,6.42215,0.86074,1771.9,2058.57,0.0,0.0,0.608,0.706369,0.0,1,0.0052291662,0.4902650443,0.49083410076556455,Test
UTEMAJ_clean,8.09581,6.09927,8.09581,0.734825,2275.05,3096.04,0.0,0.0,0.6682,0.909332,0.0,1,0.0035149936,0.3441496814,0.3384627947998892,Test
UTEWOG_clean,14.59149,9.55269,14.59149,0.752086,1312.92,1745.71,424.373,564.261,0.7204,0.957869,0.0,1,0.0036044777,0.3529620442,0.3284439702179244,Test
UTEXIB_clean,6.29693,3.9636,6.29186,1.00241,1350.02,1346.77,59.1211,58.9791,0.5926,0.591177,0.0,0,0.0034259238,0.3251927523,0.3274766555049738,Train
UTOCAJ_clean,6.32412,4.71832,6.32412,1.02969,1479.29,1436.63,0.0,0.0,0.5216,0.506558,0.0,1,0.0042427922,0.4080951604,0.40016659132452653,Test
UTOCEN_clean,6.30527,4.82361,6.30527,1.02298,1494.45,1460.88,0.0,0.0,0.5268,0.514966,0.0,1,0.0043987859,0.4107672978,0.41289020709625746,Train
UTULIF_clean,4.41246,3.54295,4.40979,1.75943,1064.28,604.898,0.0,0.0,0.5628,0.319876,0.0,0,0.0037194751,0.3498375246,0.3482452819598606,Test
UTULUR_SL_part,7.64843,6.25721,7.64843,1.71749,808.319,470.64,196.079,114.166,0.5024,0.29252,0.0,0,0.0066139679,0.5077291036,0.5087536177024712,Train
UVANOW_clean,7.79568,5.2994,7.79517,0.823227,2568.33,3119.83,0.0,0.0,0.6984,0.848369,0.0,1,0.0028903143,0.2887799322,0.286987822167358,Test
UVANUC_clean,4.85728,3.61043,4.47871,1.46742,436.6,297.529,393.627,268.244,0.5082,0.346323,0.0,1,0.0033238534,0.3143052829,0.3073372341492323,Train
UVEVAT_clean,5.06012,3.86427,5.04389,0.990442,2050.94,2070.73,0.0,0.0,0.6266,0.632647,0.0,0,0.0040905309,0.3914803745,0.39093486971287333,Test
UVEVUN_clean,13.08634,6.53433,13.08634,0.765991,2243.91,2929.42,0.0,0.0,0.7048,0.920115,0.0,1,0.0032099966,0.3103927189,0.3107684998644422,Test
UVINAP_clean,4.33279,3.86236,4.33279,1.23597,436.504,353.166,0.0,0.0,0.445,0.36004,0.0,0,0.0014627559,0.1393920325,0.13845564808963948,Train
UVIPIZ_clean,13.16154,6.50431,13.16154,0.868575,2146.52,2471.31,0.0,0.0,0.7192,0.828023,0.0,1,0.0027058232,0.2582971815,0.2561016143286872,Test
UVIPOF_clean,13.17946,6.58449,13.17946,0.87003,2145.41,2465.9,0.0,0.0,0.7218,0.829627,0.0,1,0.0027854063,0.2579397101,0.26597267332694513,Test
UVOBUE_clean,6.22291,4.39102,6.19993,2.12393,1051.93,495.275,0.0,0.0,0.5032,0.236919,0.0,1,0.0005049679,0.0521717601,0.049805482302711285,Train
UVOTOQ_clean,11.52321,9.17095,11.02494,1.0394,1689.27,1625.24,0.0,0.0,0.6776,0.651916,0.0,1,0.0024078454,0.2259850432,0.23340748827309687,Train
UVUDUM_clean,7.11279,4.8596,7.11279,1.37449,836.385,608.506,0.0,0.0,0.489,0.355769,0.0,1,0.0007862666,0.0747016709,0.07582673192146794,Train
UVUFUN_clean,5.451,3.54467,5.41568,1.01248,1767.35,1745.57,0.0,0.0,0.5884,0.581148,0.0,1,0.0048790041,0.4489761984,0.45585176955718265,Train
UVUQAE_clean,5.89761,4.70396,5.31275,1.14377,1514.01,1323.7,0.0,0.0,0.5466,0.477894,0.0,1,0.0043371113,0.4010733419,0.4055912090651267,Train
UVUWAL_clean,5.70984,4.07494,5.63813,1.12706,1693.32,1502.42,0.0,0.0,0.5456,0.484089,0.0,0,0.0055294916,0.4992743086,0.5064774033848485,Test
UWALEL_clean,8.57419,8.06777,8.57419,0.978062,1809.81,1850.4,0.0,0.0,0.611,0.624705,0.0,1,0.0030851312,0.2972287399,0.2950724655715488,Train
UWELIS_clean,5.99371,4.57547,5.83222,0.952092,2140.18,2247.87,0.0,0.0,0.6406,0.672834,0.0,1,0.0056514288,0.5357787523,0.5238349153404752,Test
UWODAN_clean,6.59983,5.06853,6.59196,1.38828,1109.99,799.546,13.7879,9.93166,0.5174,0.372693,0.0,1,0.0019041541,0.1799861912,0.17829706088224578,Test
UWOWAF_clean,5.4452,4.14635,5.44512,1.16308,1303.91,1121.08,0.0,0.0,0.5534,0.475804,0.0,1,0.0048269835,0.4204524125,0.4312749945048374,Train
UWUKII_clean,9.32796,8.05126,9.01112,0.931594,1638.77,1759.1,0.0,0.0,0.6392,0.686136,0.0,1,0.0023611649,0.2429921991,0.23404820385604985,Train
UWUTIQ_clean,6.1259,4.66623,6.123,1.0094,1933.04,1915.04,0.0,0.0,0.5992,0.59362,0.0,0,0.0049994325,0.4812428411,0.46089783904788995,Test
UXABOL_clean,5.3893,5.04349,5.3893,1.74291,842.153,483.187,0.0,0.0,0.4972,0.28527,0.0,1,0.0004228496,0.04032638,0.04164368373229127,Train
UXABUR_clean,5.25063,5.01707,5.2326,1.46007,406.574,278.462,0.0,0.0,0.4604,0.315327,0.0,1,0.0002654582,0.0262961327,0.02526446914930336,Train
UXAXEY_clean,6.18002,3.46612,6.18002,1.398,1132.15,809.836,0.0,0.0,0.5144,0.367953,0.0,1,0.0033499507,0.3132653964,0.3096841707788439,Test
UXINAR_clean,5.3735,3.82354,5.35038,1.67875,1280.4,762.706,0.0,0.0,0.585,0.348473,0.0,1,0.002674571,0.2456389917,0.24651072698880494,Test
UXIQOJ_clean,7.1779,7.04787,7.1779,1.13503,1629.42,1435.57,0.0,0.0,0.592,0.521571,0.0,0,0.003228377,0.3190048263,0.3147030833994874,Train
UXISUR_clean,13.20708,6.69761,13.19407,0.878357,2102.35,2393.51,0.0,0.0,0.7182,0.817663,0.0,1,0.0033019648,0.3042295919,0.30446018863619534,Test
UXUNUX_clean,7.36512,5.79316,6.13107,0.678518,2356.29,3472.7,0.0,0.0,0.6988,1.02989,0.0,1,0.0033314579,0.3209546936,0.3197221886898696,Train
UXUPEJ_clean,7.33818,5.78241,6.14442,0.675641,2374.29,3514.13,0.0,0.0,0.7026,1.0399,0.0,1,0.003229623,0.3279626013,0.31476116782616476,Test
UXUPIN_clean,7.3374,5.72246,6.07377,0.669934,2447.15,3652.82,0.0,0.0,0.7066,1.05473,0.0,1,0.0032088403,0.316022972,0.31837708293693867,Test
UXUZAP_clean,4.84101,3.60752,4.82729,1.24118,1063.95,857.212,0.0,0.0,0.542,0.436681,0.0,0,0.0056256521,0.508621137,0.4988352150673576,Train
UYAQAN_clean,7.19018,5.3716,7.19018,1.13147,742.019,655.8,0.0,0.0,0.4556,0.402661,0.0,0,0.0012393887,0.1173710419,0.11969331931335994,Train
UYOFIY_clean,4.54158,3.74063,4.4159,1.84541,1216.19,659.037,0.0,0.0,0.4962,0.268884,0.0,1,0.0032430273,0.3045677095,0.30401219515194833,Train
UZANOZ_clean,5.69712,4.77135,5.69535,1.53417,1383.93,902.072,0.0,0.0,0.5298,0.345334,0.0,1,0.0018532662,0.1811455484,0.17887346876011118,Test
UZATAR_clean,4.70366,3.77441,4.70214,2.20784,876.761,397.113,0.0,0.0,0.4486,0.203185,0.0,1,0.0012733676,0.1241833451,0.12210659492264733,Test
UZEKEQ_clean,4.76828,3.67807,4.76182,1.66742,847.636,508.351,0.0,0.0,0.4118,0.246968,0.0,1,0.0010869801,0.1048167697,0.10403853661752138,Train
UZIJUJ_clean,6.64538,5.8584,6.63953,1.01975,1889.57,1852.97,0.0,0.0,0.5996,0.587987,0.0,0,0.0035402504,0.3386576693,0.3382430719586971,Train
UZOBAN_clean,6.16935,4.44214,6.16935,0.864572,2160.34,2498.74,0.0,0.0,0.6496,0.751355,0.0,1,0.0035617495,0.3437989367,0.34109722154585853,Test
UZOBER_clean,4.15957,3.7187,4.14785,1.30213,762.369,585.479,74.3878,57.1279,0.576,0.442353,0.0,0,0.0010826909,0.1097222548,0.10864333868744758,Train
UZUNAF01_clean,7.28303,6.53777,7.28303,1.26957,1027.84,809.6,0.0,0.0,0.5124,0.403601,0.0,0,0.0012296091,0.122195023,0.12479960092956227,Train
UZUNAF_clean,7.30425,6.5808,7.30425,1.26614,1045.59,825.812,0.0,0.0,0.4964,0.392058,0.0,0,0.0012040407,0.1196114492,0.11932384855791722,Train
UZUZUL_clean,4.89079,3.61553,4.62488,1.24739,1059.33,849.24,0.0,0.0,0.5482,0.439477,0.0,1,0.0089645687,0.7662798,0.7634215826725863,Train
VABJIS_clean,4.14214,4.05323,4.14214,1.37391,738.742,537.692,0.0,0.0,0.5042,0.366981,0.0,0,0.0022197817,0.2069899792,0.20714157069811634,Test
VACFOV_clean_h,7.04016,6.80377,7.04016,0.930569,2533.92,2722.98,0.0,0.0,0.6628,0.712252,0.0,0,0.0055653953,0.5239037014,0.5275873364735448,Train
VACFUB01_clean,8.53124,8.3704,8.53124,1.18192,1047.12,885.95,0.0,0.0,0.5384,0.455532,0.0,0,0.0015664762,0.1583145793,0.15600117463493268,Train
VACFUB_clean_h,8.50715,8.34107,8.50715,1.18054,1091.35,924.448,0.0,0.0,0.5186,0.439291,0.0,0,0.0014318992,0.144467504,0.14221899681322592,Train
VACLIX_clean,25.84424,11.11801,22.64252,0.527457,1593.04,3020.23,0.0,0.0,0.8434,1.59899,0.000379178,1,0.0016966222,0.1815636064,0.17765643403469905,Train
VADWON_clean,4.24405,3.53009,4.22084,1.10757,515.209,465.173,34.0376,30.7319,0.4648,0.419659,0.0,0,0.0017096407,0.1633460753,0.16683085165643075,Test
VAFWAB_clean,5.22912,3.96499,5.18849,1.68714,1215.2,720.275,0.0,0.0,0.594,0.352075,0.0,1,0.0033165152,0.3086027464,0.306010987461345,Train
VAGBEN_clean,6.05449,4.8127,6.05449,1.78797,959.833,536.829,0.0,0.0,0.4822,0.269692,0.0,1,0.0012677851,0.1208415115,0.12085979287684079,Train
VAGBOX_clean,5.4847,3.8221,5.12718,1.96889,508.317,258.175,0.0,0.0,0.435,0.220937,0.0,1,0.0009486177,0.0904485315,0.09171860144983729,Test
VAGBUD_clean,10.23495,9.48231,10.23335,1.57268,1211.54,770.363,0.0,0.0,0.5868,0.37312,0.0,1,0.001248364,0.1207898795,0.12052636085525975,Train
VAGJET_clean,4.15802,3.46053,4.1496,2.48318,463.195,186.533,0.0,0.0,0.361,0.145378,0.0,1,0.0009822227,0.0951020751,0.07786298636006417,Test
VAGMAT_clean,14.92091,13.26042,14.92091,0.364732,1875.05,5140.9,0.0,0.0,0.86,2.3579,0.0,1,0.0028626396,0.2739684302,0.28159082173056366,Test
VAGMEX_clean,15.28058,14.48863,15.28058,0.352218,1827.73,5189.2,0.0,0.0,0.863,2.45019,0.0,1,0.002621783,0.2715598645,0.2613556930331029,Test
VAGTAA01_clean,5.66319,4.40941,5.66319,0.999593,1775.32,1776.04,0.0,0.0,0.611,0.611249,0.0,1,0.0040565989,0.3991292986,0.39326917580719767,Train
VAGTAA_clean,5.69119,4.40372,5.677,0.872253,1821.29,2088.03,0.0,0.0,0.638,0.731439,0.0,1,0.0032387792,0.3118270109,0.31844677747363115,Test
VAGTUU_clean,6.4105,3.89316,6.4105,1.19065,828.698,696.007,460.809,387.025,0.5728,0.481084,0.0,1,0.0050178279,0.4619882762,0.44310774573916556,Test
VAHJEW_clean,5.94599,4.30466,5.94599,1.08689,1479.94,1361.63,0.0,0.0,0.5432,0.499775,0.0,0,0.0039114887,0.3657802203,0.36597808147738886,Test
VAHJIA_clean,4.59496,3.72145,4.53376,1.21451,948.028,780.582,0.0,0.0,0.4972,0.409382,0.0,0,0.0040800852,0.3600969283,0.37829859324085446,Test
VAHPUR_clean,5.81668,4.4159,5.81214,1.29937,901.437,693.751,0.0,0.0,0.489,0.376337,0.0,1,0.0021439887,0.208075792,0.20399435061000407,Test
VAHQAY_clean,5.75711,4.40654,5.75688,1.31802,917.051,695.781,0.0,0.0,0.4754,0.360693,0.0,1,0.0022836145,0.2156992935,0.2151830914841258,Test
VAHSON_clean,5.15227,4.26145,5.12644,2.34175,976.447,416.973,0.0,0.0,0.4326,0.184733,0.0,0,0.0173614843,1.0908292221,1.0893914080400842,Train
VAHTOQ_clean,6.66297,4.23051,6.65497,1.06844,1185.87,1109.9,0.0,0.0,0.5198,0.486502,0.0,1,0.0030235966,0.2920725671,0.28474802538650923,Test
VAHTUW_clean,9.85702,7.76622,8.65886,1.09206,1071.39,981.073,0.0,0.0,0.5342,0.489167,0.0,1,0.0015800608,0.1442281962,0.1528137493640121,Test
VAHVOR_clean,6.3986,4.82003,6.3986,1.14511,2295.95,2005.01,0.0,0.0,0.6334,0.553137,0.0,1,0.0033005195,0.3208892178,0.31446399428520355,Test
VALVAI_clean,6.23826,4.86854,6.23826,1.64521,1240.0,753.701,0.0,0.0,0.5196,0.315826,0.0,1,0.0035073362,0.3173822414,0.3193354749410278,Test
VALVIQ_clean,5.21348,4.28071,5.21348,1.82071,1261.82,693.039,0.0,0.0,0.5078,0.278902,0.0,1,0.0018508812,0.1737847789,0.173060961751293,Test
VALWUD_clean,10.17237,6.1037,8.0425,0.867774,1499.07,1727.49,576.042,663.816,0.6792,0.782692,0.0,1,0.002656164,0.2630821496,0.2647903199915816,Train
VALXAK_clean,9.98876,6.23965,8.39165,0.742505,1487.88,2003.86,574.813,774.154,0.69,0.929286,0.0,1,0.0032874496,0.3268757744,0.32222063506017645,Test
VALXEO_clean,9.6783,6.73158,8.21464,0.83384,1503.01,1802.51,543.478,651.776,0.6804,0.815983,0.0,1,0.0024902387,0.2519485252,0.25591273104279927,Test
VALXIS_clean,10.17011,5.92824,8.44426,0.888503,1485.32,1671.71,572.74,644.613,0.6916,0.778388,0.0,1,0.002777599,0.2716733738,0.2738750660942712,Train
VALXOY_clean,10.47061,5.58858,8.23634,0.777087,1484.63,1910.51,601.467,774.002,0.6808,0.876093,0.0,1,0.0036766534,0.3596835137,0.3527762539204571,Test
VAMPUX_clean,11.37157,10.81985,11.3699,1.17979,1541.06,1306.22,0.0,0.0,0.6462,0.547726,0.0,1,0.0019660351,0.1880252581,0.18990914895659686,Train
VAMQAE_clean,7.70786,5.78406,7.70755,1.38137,1401.32,1014.44,0.0,0.0,0.5594,0.404959,0.0,0,0.0007291837,0.0745231786,0.07332852260540221,Train
VAMQIM_clean,11.48256,10.83475,11.48089,1.17217,1544.63,1317.75,0.0,0.0,0.6478,0.55265,0.0,1,0.0018956924,0.1836835972,0.18326128989326218,Test
VAMQOS_clean,11.49062,10.84702,11.48896,1.17541,1553.24,1321.44,0.0,0.0,0.6476,0.550957,0.0,1,0.0019268569,0.1842133938,0.1852794141030365,Test
VANHEA_clean,8.56369,6.00066,8.56369,0.853114,2214.19,2595.42,0.0,0.0,0.6496,0.761445,0.0,1,0.0032373618,0.3070851017,0.3130622760334662,Test
VANNEG_clean,11.28278,7.20114,10.99968,0.910221,2188.91,2404.81,0.0,0.0,0.7194,0.790358,0.0,1,0.0017082291,0.169540022,0.16835737700577408,Train
VANNIK_clean,12.11733,10.70076,12.11733,0.488133,1807.7,3703.29,0.0,0.0,0.8496,1.74051,0.0,1,0.0015384352,0.1689345954,0.1605110503622176,Train
VAPBEV_clean,6.2413,3.63671,6.2413,1.10537,871.132,788.092,165.749,149.949,0.5168,0.467536,0.0,0,0.0056879918,0.4488332264,0.4589807413385743,Train
VAPBIZ_clean,6.25794,3.6162,5.25123,1.10539,876.554,792.979,162.666,147.157,0.5196,0.470059,0.0,0,0.0059773831,0.4633356466,0.48736570759417375,Test
VAPFUP_clean,5.15651,3.56832,5.15424,2.0755,483.988,233.191,0.0,0.0,0.4372,0.210648,0.0,1,0.0011495495,0.1097416509,0.10616618319193283,Train
VAPHOM_clean,4.23153,3.44235,4.23153,1.69156,935.756,553.19,0.0,0.0,0.5808,0.343351,0.0,0,0.003544904,0.3317012992,0.3275388873020087,Train
VAQTUF_clean,10.13522,6.68232,9.92269,0.858555,1863.51,2170.52,0.0,0.0,0.6104,0.710962,0.0,0,0.0031188612,0.3126097855,0.29849798523156285,Test
VARHIH_clean,6.67359,4.11194,6.66829,0.964951,2096.06,2172.19,0.0,0.0,0.6192,0.641691,0.0,0,0.0039087957,0.3839014868,0.37369516809779224,Test
VARJEF_clean,7.50874,4.26843,7.47113,0.807576,2145.36,2656.54,0.0,0.0,0.6264,0.775655,0.0,0,0.0042158013,0.417848599,0.4132577223254304,Test
VARWOC_clean,8.41083,6.51113,8.31612,1.24989,2285.05,1828.2,0.0,0.0,0.6966,0.55733,0.0,1,0.0007238036,0.0753445548,0.0742154910447051,Train
VARWUI_clean,8.3742,6.48381,8.29614,1.28778,2247.33,1745.13,0.0,0.0,0.6946,0.53938,0.0,1,0.0007421948,0.0741766044,0.07599814069912478,Train
VASFAZ_clean,5.87532,4.55866,5.87532,1.54574,1464.11,947.192,0.0,0.0,0.5206,0.336796,0.0,1,0.0014300907,0.1421270342,0.14063674572648746,Train
VASFED_clean,5.86586,4.56127,5.86586,1.56054,1486.93,952.828,0.0,0.0,0.5192,0.332705,0.0,0,0.0014684929,0.1411861198,0.14262200085168492,Test
VASFIH_clean,5.55628,5.01575,5.54452,1.55799,1392.72,893.922,0.0,0.0,0.5596,0.359181,0.0,0,0.0011193937,0.1075511829,0.11063003234187913,Train
VASFON_clean,5.84482,4.53722,5.84482,1.58678,1481.54,933.678,0.0,0.0,0.517,0.325818,0.0,0,0.001449006,0.1410761267,0.13845070741269114,Test
VASFUT_clean,5.82317,4.52383,5.82317,1.64203,1481.82,902.431,0.0,0.0,0.511,0.311201,0.0,0,0.0014806454,0.1417569105,0.14022514799887992,Train
VASGUU_clean,6.24288,4.56068,6.2408,1.07396,2025.67,1886.18,0.0,0.0,0.6304,0.586989,0.0,1,0.0042258127,0.4061556547,0.4102142563606979,Test
VASKOR_clean,4.41725,4.15949,4.41175,1.15817,1130.8,976.371,0.0,0.0,0.53,0.45762,0.0,0,0.002766254,0.2614325984,0.2665592809236463,Test
VATVIY_clean,6.85041,4.79302,6.73681,1.28666,1128.63,877.177,0.0,0.0,0.517,0.401816,0.0,1,0.0011387348,0.117176977,0.11162617516680276,Test
VATVOE_clean,6.86024,4.81417,6.53187,1.27918,1131.8,884.793,0.0,0.0,0.5156,0.403072,0.0,1,0.0012049674,0.1127707703,0.1165061916291141,Train
VATVUK_clean,4.75369,3.54535,4.74028,1.35574,615.159,453.744,0.0,0.0,0.4098,0.30227,0.0,0,0.0015230051,0.1480990315,0.14105947890595613,Test
VATXEU_clean,7.38612,5.95802,7.38612,2.25172,1314.88,583.946,0.0,0.0,0.537,0.238485,0.0,0,0.0010892464,0.1074867142,0.11129353458034441,Train
VATYAR_clean,5.8425,4.85588,5.8425,1.4789,2001.31,1353.25,0.0,0.0,0.6196,0.418961,0.0,1,0.0012977157,0.1335037203,0.12774054556541029,Train
VATYEV_clean,5.69723,4.67285,5.69723,1.60096,1965.06,1227.43,0.0,0.0,0.61,0.381022,0.0,1,0.0014181518,0.1390491991,0.14118750360278287,Train
VATYIZ_clean,5.77973,4.6993,5.77973,1.51124,2028.88,1342.53,0.0,0.0,0.6162,0.407745,0.0,1,0.0014477336,0.1394190597,0.14175705533017918,Test
VATYOF_clean,5.86599,4.67382,5.86599,1.53817,2040.49,1326.58,0.0,0.0,0.622,0.404378,0.0,1,0.0012997772,0.1252310091,0.12784400335125412,Test
VAXMUF_clean,6.97885,4.73882,6.97885,0.91747,1247.84,1360.09,0.0,0.0,0.5948,0.648304,0.0,1,0.0018312969,0.1834345975,0.17578340853551006,Test
VAXTEV_clean,6.86582,3.53622,6.72322,1.11335,919.514,825.896,6.20036,5.56908,0.527,0.473345,0.0,1,0.0014660468,0.1485333666,0.1450321758769986,Test
VAZROF_clean,5.03461,4.5915,5.03461,1.23766,828.566,669.464,0.0,0.0,0.453,0.366014,0.0,0,0.0046913716,0.4080589032,0.40467918378517637,Test
VAZTOG_clean,15.08014,7.93969,15.07583,0.589901,2233.7,3786.57,0.0,0.0,0.8002,1.3565,0.0,0,0.0019156339,0.1962875335,0.19541114402575058,Train
VAZTUM_clean,15.07409,7.93508,15.07409,0.591689,2246.58,3796.89,0.0,0.0,0.8116,1.37167,0.0,0,0.001931868,0.198679032,0.19532618262760232,Train
VEBHUG_SL,17.30249,9.82354,17.30249,0.511068,1917.15,3751.27,0.0,0.0,0.8468,1.65692,0.0,0,0.0024050497,0.2353190786,0.23953549539104904,Test
VECWUX_clean,5.40728,3.62986,4.72861,1.2151,591.936,487.152,249.544,205.37,0.5232,0.430584,0.0,1,0.0031820169,0.2955689131,0.2904683736795989,Test
VECZAG_clean,9.10711,7.36025,9.10711,1.61302,1710.75,1060.59,0.0,0.0,0.6522,0.404334,0.0,1,0.0007902071,0.0789650866,0.07635097599916091,Train
VECZEI_clean,5.84999,3.52276,5.84999,0.90542,1514.07,1672.22,0.0,0.0,0.6422,0.709284,0.0,0,0.0012171917,0.1211640769,0.12593886023528478,Test
VECZEK_clean,9.28653,7.43469,9.28653,1.34679,1798.64,1335.5,0.0,0.0,0.6836,0.507577,0.0,1,0.0009497424,0.0929995311,0.09772641341551289,Test
VEDDIT_charged,5.03386,3.88211,5.03386,1.55505,891.804,573.488,0.0,0.0,0.497,0.319603,0.0,0,0.0039056897,0.3437317125,0.34165554961762307,Train
VEDFAN_clean,6.01158,4.07874,6.00756,1.03866,1741.67,1676.84,0.0,0.0,0.5802,0.558605,0.0,0,0.0035262368,0.3331492879,0.34060461966648353,Test
VEDFIV_clean,5.7298,3.89416,5.70244,1.06894,1581.69,1479.68,0.0,0.0,0.5684,0.531742,0.0,0,0.0034683932,0.3254761076,0.33667041067627046,Test
VEDFOB_clean,5.93857,4.06358,5.90891,1.05075,1647.57,1567.99,0.0,0.0,0.5592,0.532191,0.0,0,0.0036352498,0.3394853904,0.3468752836171227,Train
VEDFUH_clean,5.95596,4.00314,5.95596,1.05093,1663.77,1583.13,0.0,0.0,0.5708,0.543136,0.0,0,0.0033527059,0.3204181269,0.32355789236193677,Test
VEDGAO_clean,5.63762,3.83278,5.54473,1.07445,1555.4,1447.63,0.0,0.0,0.5576,0.518962,0.0,0,0.0033604926,0.3210254851,0.322343407677494,Train
VEDGES_clean,5.91912,4.12997,5.83809,1.04225,1662.62,1595.23,0.0,0.0,0.5592,0.536534,0.0,0,0.0034372466,0.3264627865,0.33247884010045825,Train
VEDGIW_clean,5.91757,4.12403,5.88473,1.04313,1656.13,1587.65,0.0,0.0,0.5804,0.556402,0.0,0,0.0034839665,0.3294650935,0.33661757841568374,Train
VEFMAW_charged,14.37312,9.52614,14.37312,0.810102,1646.79,2032.82,0.0,0.0,0.6424,0.792987,0.0,0,0.0031099778,0.3006315339,0.2997857791272333,Train
VEGBUG_clean,26.2956,9.06734,26.2956,0.576598,1786.71,3098.71,0.0,0.0,0.8298,1.43913,0.000346862,1,0.0018794583,0.1976294245,0.19162615746771722,Train
VEGCAN_clean,26.23164,8.97115,26.23164,0.749461,1794.02,2393.75,0.0,0.0,0.8278,1.10453,0.000266859,1,0.0015427022,0.1552366424,0.15567177866639376,Train
VEGMIE01_charged,6.64353,5.05601,6.57824,1.10291,1234.43,1119.25,0.0,0.0,0.5218,0.473113,0.0,1,0.0023729463,0.2133932409,0.22580867126179704,Train
VEGMIE_charged,6.85321,5.14986,6.80435,1.08872,1273.46,1169.68,0.0,0.0,0.539,0.495075,0.0,1,0.0024344985,0.2285902848,0.23233134501284022,Train
VEGMOK01_charged,6.84998,5.14759,6.84391,1.11831,1269.11,1134.84,0.0,0.0,0.5472,0.489309,0.0,1,0.0028326488,0.2661649208,0.26863043514046464,Test
VEGMOK02_charged,6.86758,5.14075,6.81406,1.11182,1275.45,1147.17,0.0,0.0,0.5514,0.495942,0.0,1,0.0027493968,0.2625143213,0.2617174093407699,Train
VEGMOK03_charged,6.89118,5.16192,6.87746,1.10372,1282.03,1161.55,0.0,0.0,0.5556,0.503387,0.0,1,0.0028368114,0.2686479112,0.2674777892915396,Train
VEGMOK04_charged,6.87389,5.12762,6.8483,1.11455,1264.09,1134.17,0.0,0.0,0.5514,0.494728,0.0,1,0.0028388927,0.2706792597,0.26814678954589205,Test
VEGMOK_charged,6.79283,5.1354,6.73097,1.12265,1250.57,1113.94,0.0,0.0,0.5382,0.4794,0.0,1,0.0027452342,0.2687915209,0.25548249972169335,Test
VEHJID01_clean,8.78437,6.6937,8.25223,0.765372,2471.66,3229.36,0.0,0.0,0.7812,1.02068,0.0,1,0.0018063174,0.1859982918,0.18250171880885896,Train
VEHJOJ_clean,14.09924,6.85678,11.19448,0.748313,2267.56,3030.24,0.0,0.0,0.7708,1.03005,0.0,1,0.0020863091,0.2187582687,0.2098561802731576,Test
VEHJUP_clean,14.28068,6.83408,11.22906,0.743695,2268.42,3050.2,0.0,0.0,0.7746,1.04156,0.0,1,0.0021197538,0.2153150623,0.21648123535817074,Test
VEHKIE_SL,13.77124,4.50888,13.77124,0.959384,2184.49,2276.97,0.0,0.0,0.6924,0.721713,0.0,1,0.0031109371,0.3142013001,0.3033160760307607,Train
VEHKOK_charged,6.40877,5.06856,6.40877,1.19713,1684.43,1407.06,0.0,0.0,0.5998,0.501033,0.0,1,0.0040983191,0.3768050445,0.38950348832285725,Test
VEHLAW_clean,4.71553,3.44976,4.62826,1.6429,1000.4,608.925,0.0,0.0,0.6102,0.371417,0.0,0,0.0044273459,0.4189192576,0.4096943701503548,Test
VEHLIE_clean,5.23023,3.70327,5.22427,1.49837,1455.04,971.08,0.0,0.0,0.63,0.420457,0.0,0,0.0041140261,0.3819111863,0.3857292642860835,Test
VEHNAZ_charged,11.89701,7.39464,11.89701,0.776883,1712.61,2204.47,0.0,0.0,0.6806,0.876065,0.0,1,0.0017454833,0.1695075892,0.1751454997497462,Train
VEHPUU_clean,6.28215,5.72913,6.26507,1.2974,1101.09,848.689,0.0,0.0,0.5058,0.389856,0.0,1,0.0008963418,0.0856439418,0.08763901892751833,Train
VEHRIL_clean,8.79809,4.02227,8.77595,1.10229,2192.07,1988.65,0.0,0.0,0.6908,0.626694,0.0,1,0.0012867278,0.1222904134,0.12662424952942034,Train
VEHXEN_clean,9.30754,7.04491,9.30754,1.35949,2124.85,1562.97,0.0,0.0,0.7316,0.538142,0.0,1,0.0006947687,0.0761680602,0.07102314267399537,Train
VEHYUE_clean,6.12673,3.44814,6.105,1.87284,355.438,189.786,95.0653,50.7601,0.4804,0.256509,0.0,1,0.0003705196,0.0368946664,0.03711304626484563,Train
VEJHEZ_clean,15.05768,6.22214,9.48846,0.685711,2179.67,3178.7,0.0,0.0,0.7706,1.1238,0.0,1,0.002583292,0.2428568052,0.2529066165172797,Test
VEJHID_clean,17.65342,7.8833,11.58918,0.646039,2104.35,3257.31,0.0,0.0,0.7972,1.23398,0.0,1,0.001939428,0.1979679249,0.1892579740922139,Test
VEJYIT01_clean,6.55973,5.0687,6.54696,0.921332,2008.21,2179.68,0.0,0.0,0.6708,0.728076,0.0,0,0.0030864085,0.2979447832,0.3056827534257201,Test
VEJYIT_clean,6.4229,5.28654,6.4229,0.928973,1988.07,2140.07,0.0,0.0,0.6702,0.721442,0.0,0,0.0031660157,0.3023414472,0.30839065533761095,Test
VEJYOZ_clean,8.47376,5.69683,8.47376,0.880009,2096.08,2381.88,0.0,0.0,0.6858,0.779311,0.0,0,0.0028913057,0.2771268598,0.2808268286433888,Train
VELVEO_clean,3.68255,3.48411,3.67149,1.93689,201.323,103.941,0.0,0.0,0.4778,0.246685,0.0,0,0.0023014382,0.2046430532,0.20788815921285556,Train
VEMDAT_clean,5.87539,4.41454,5.87539,1.26001,982.755,779.959,0.0,0.0,0.5246,0.416346,0.0,1,0.0026859749,0.2486517759,0.24715833857454855,Test
VEMMAC_clean,7.0981,6.10195,7.04022,0.882251,2276.97,2580.86,0.0,0.0,0.6758,0.765995,0.0,1,0.0028687091,0.2750113597,0.2802288110505339,Train
VEMMEG_clean,7.14137,6.23055,7.14137,0.816125,2268.41,2779.48,0.0,0.0,0.6764,0.828795,0.0,1,0.0024126618,0.2461354081,0.24172545200880408,Train
VEMMIK_clean,14.01468,13.16757,14.01422,0.723032,1733.84,2398.01,0.0,0.0,0.741,1.02485,0.0,1,0.0015136449,0.156223528,0.15134921490626194,Test
VEMMOQ_clean,8.8382,8.57859,8.83401,0.859762,1844.22,2145.04,0.0,0.0,0.7008,0.815109,0.0,1,0.0023083727,0.2168208038,0.2274056304171212,Test
VEMSUC01_clean,5.11588,3.68593,5.09821,1.26749,1347.57,1063.18,0.0,0.0,0.5488,0.432983,0.0,0,0.0040893094,0.3750937785,0.3751834444133091,Train
VEMSUC_clean,5.13248,3.64573,5.11696,1.27033,1309.23,1030.62,0.0,0.0,0.551,0.433745,0.0,0,0.0039760851,0.3684716265,0.3619660669686784,Test
VEQBID_clean,6.52238,4.921,6.52175,1.46143,1501.88,1027.68,0.0,0.0,0.5412,0.370323,0.0,0,0.0008523323,0.0832937782,0.08439038535550289,Test
VEQBOJ_charged,5.21912,3.58191,5.21567,1.8334,382.771,208.777,1.80299,0.983415,0.4056,0.221228,0.0,0,0.0002514284,0.0234087597,0.022754079090376134,Train
VEQBUP_charged,5.40363,3.67177,5.40363,1.82037,410.64,225.581,8.91728,4.89862,0.4188,0.230064,0.0,0,0.0002630294,0.0278414994,0.02681065160273588,Train
VEQCAW_charged,5.4405,3.6509,5.4405,1.82532,412.662,226.076,9.84149,5.39165,0.4246,0.232616,0.0,1,0.0002756566,0.0279297366,0.02742636659007508,Train
VERPOZ_clean,5.42382,3.86113,5.42382,1.28962,856.154,663.88,0.0,0.0,0.4412,0.342116,0.0,0,0.0028596087,0.2585507941,0.26031761371665774,Test
VETMIS_clean,17.23979,11.94779,17.22882,0.311959,1757.5,5633.74,0.0,0.0,0.8662,2.77664,0.0,1,0.0029663994,0.2953032534,0.29163395005419557,Test
VETSOE_charged,20.8996,12.46025,20.8996,0.550125,1152.25,2094.53,505.476,918.838,0.7504,1.36405,0.0,1,0.0032112794,0.3060395813,0.30245219933958395,Test
VETTAR_charged,20.43545,12.00812,20.43545,0.58501,1189.43,2033.18,487.097,832.63,0.7556,1.2916,0.0,1,0.0038049927,0.3557737336,0.330394348964406,Test
VETTIZ_charged,21.62456,12.85426,21.62456,0.537597,1117.38,2078.48,492.088,915.347,0.7638,1.42077,0.0,1,0.0047177214,0.4340956383,0.3906203787824876,Test
VETTOE_clean,6.62806,4.69762,5.65255,0.902784,2439.76,2702.49,0.0,0.0,0.6684,0.740376,0.0,1,0.0034945035,0.3394135584,0.34696323788319006,Test
VEWKUF_clean,11.97194,10.54967,11.9427,0.470726,2101.15,4463.64,0.0,0.0,0.7866,1.67104,0.0,0,0.0028004939,0.2655580527,0.2789614759725403,Test
VEWLAM_clean,10.25798,6.23412,9.8049,0.70339,1968.06,2797.96,0.0,0.0,0.6656,0.946275,0.0,1,0.002316733,0.2273829626,0.23535741860287873,Test
VEWXAY_clean,5.90319,4.58543,5.60032,0.850194,2471.89,2907.44,0.0,0.0,0.6584,0.774411,0.0,1,0.0035899387,0.3621825849,0.3527070834740816,Test
VEXTUO_manual,8.87752,5.53782,8.86061,0.793323,2105.74,2654.33,0.0,0.0,0.6702,0.844801,0.0,0,0.002183455,0.2162493839,0.21722459068615552,Train
VEXVAW_clean,9.7712,5.86323,9.7712,0.773292,2071.81,2679.21,0.0,0.0,0.6628,0.857115,0.0,0,0.0030027387,0.3029545932,0.2962886253848936,Train
VEXYON_charged,15.41535,6.04579,15.41535,0.850858,1434.92,1686.44,448.001,526.529,0.701,0.823874,0.0,0,0.002382751,0.2317528911,0.22957965271780947,Test
VEYVEC_clean,3.81592,3.45137,3.81592,1.45798,155.953,106.965,20.8457,14.2976,0.425,0.291499,0.0,1,0.0034932746,0.3172754308,0.31194937666420686,Train
VICDOC_clean,4.65057,4.08181,4.52458,1.14596,958.267,836.212,0.0,0.0,0.5148,0.44923,0.0,0,0.0051719219,0.4712871416,0.47899809229501966,Test
VICLAW_clean,7.38415,6.2427,7.38415,1.11891,1046.87,935.619,0.0,0.0,0.5352,0.478323,0.0,1,0.0011533197,0.1114278572,0.11363684675381769,Test
VICSIL_clean,5.30875,4.09789,5.30496,1.03603,1478.6,1427.18,0.0,0.0,0.565,0.545353,0.0,0,0.0029547046,0.2814868511,0.2846291733643028,Test
VIDXOX_clean,6.16109,5.04479,6.14883,1.68509,1433.05,850.43,0.0,0.0,0.5712,0.338974,0.0,1,0.0009550257,0.0912767091,0.09618446400803493,Train
VIFBOD_clean,5.74056,4.35551,5.71651,1.76429,1367.25,774.956,0.0,0.0,0.5562,0.315255,0.0,1,0.0014037323,0.1296264345,0.1365626953164996,Test
VILXOE_clean,5.3607,4.59016,5.36062,1.2053,1282.83,1064.32,0.0,0.0,0.529,0.438894,0.0,1,0.0038761891,0.354284127,0.3587707106801242,Train
VIMRAM_clean,9.39066,7.30655,9.39066,1.12702,1893.97,1680.51,0.0,0.0,0.6384,0.56645,0.0,1,0.0022337934,0.2186748547,0.21592856107463543,Train
VINHOR_clean,9.98256,7.27933,9.98256,0.808976,2165.4,2676.71,0.0,0.0,0.7268,0.898419,0.0,1,0.0012277069,0.1182210104,0.12194324603676063,Test
VIPYOK_clean,4.56016,3.89151,4.55758,1.54463,762.225,493.466,0.0,0.0,0.455,0.294568,0.0,1,0.0028167455,0.2653631324,0.25869382416788256,Train
VIQFIL_clean,7.52933,6.88879,7.52933,2.72981,1439.26,527.24,0.0,0.0,0.5772,0.211443,0.0,1,0.0004164687,0.0393034294,0.041558071549684966,Train
VIQQUJ_clean,4.62845,3.89522,4.6169,1.17508,1256.18,1069.02,0.0,0.0,0.532,0.452736,0.0,1,0.007316201,0.6275605436,0.6473060999567319,Train
VIRKIQ_clean,4.98641,4.39323,4.97616,1.53429,1079.28,703.439,0.0,0.0,0.512,0.333704,0.0,1,0.0023053512,0.2235004358,0.21519931342557228,Test
VIRPOC_clean,7.89373,4.43058,7.89373,1.31415,1678.47,1277.23,0.0,0.0,0.6094,0.463722,0.0,1,0.0018592185,0.1818110604,0.17996947708689526,Test
VIRQES_clean,3.96779,3.62056,3.96779,1.9401,482.244,248.567,0.0,0.0,0.419,0.215969,0.0,1,0.0013225691,0.1197283415,0.1250822062428854,Train
VIRVEY_clean,7.24501,5.7858,6.68018,1.08742,2630.21,2418.77,0.0,0.0,0.715,0.65752,0.0,1,0.0018096438,0.1806591859,0.1809336607186673,Train
VIRXIF_clean,6.07104,5.56303,6.07104,1.4189,1653.8,1165.55,0.0,0.0,0.5644,0.397774,0.0,0,0.0032562943,0.3187602947,0.30905886068264726,Test
VITYOO_clean,8.76574,6.10267,8.74057,1.07917,1888.77,1750.21,0.0,0.0,0.6338,0.587305,0.0,1,0.0023105056,0.2365118519,0.22563895659565264,Test
VITYUU_clean,6.93618,5.76476,6.92128,1.4786,1370.63,926.978,0.0,0.0,0.519,0.351007,0.0,1,0.0025043567,0.2413025154,0.23953537688727713,Train
VITZAB_clean,6.94119,5.72919,6.85845,1.49624,1369.03,914.98,0.0,0.0,0.526,0.351548,0.0,1,0.0025065947,0.2413354501,0.23963011673639192,Test
VITZEF_clean,6.97691,5.80939,6.97691,1.4748,1347.25,913.518,0.0,0.0,0.5226,0.354354,0.0,1,0.0023806402,0.242537758,0.22668858136106532,Test
VITZIJ_clean,6.87611,5.69177,6.87611,1.52398,1353.45,888.103,0.0,0.0,0.5184,0.340161,0.0,1,0.0025160509,0.2402272891,0.23933601343755162,Train
VIVXOP_clean,6.49065,4.97595,6.49065,1.07139,1218.54,1137.35,2.44835,2.28522,0.5566,0.519514,0.0,1,0.0018766434,0.1921254021,0.18107810014794712,Train
VIWHUG_clean,4.81929,3.4802,4.68813,1.37889,639.979,464.125,0.0,0.0,0.4514,0.327364,0.0,1,0.0015074258,0.1409428981,0.14181016507654265,Test
VIWKIX_clean,6.70111,4.65532,6.60342,1.36906,1688.36,1233.22,0.0,0.0,0.5926,0.432851,0.0,1,0.0011041554,0.1101698355,0.1088400084128471,Test
VIWKOD_clean,6.65159,4.57304,6.53476,1.38205,1680.39,1215.87,0.0,0.0,0.5904,0.427192,0.0,1,0.0010975321,0.1107801318,0.10943936803095375,Train
VIWLAQ_clean,6.55466,4.31565,6.43849,1.43716,1676.29,1166.39,0.0,0.0,0.5778,0.402043,0.0,1,0.0011268721,0.1103313832,0.11023138194976612,Train
VIWLEU_clean,6.5503,4.41913,6.52435,1.44375,1672.31,1158.32,0.0,0.0,0.5838,0.404365,0.0,1,0.001073199,0.1093930985,0.10852201690206059,Train
VIWLIY_clean,5.6026,3.42365,5.59275,1.55646,1236.19,794.232,0.0,0.0,0.54,0.346941,0.0,1,0.001416595,0.1373925241,0.14269582684911644,Test
VIWMAR_clean,5.55555,3.41902,5.54549,1.58885,1213.98,764.058,0.0,0.0,0.5354,0.336973,0.0,1,0.0014431168,0.1351595973,0.14218078308790205,Test
VIWMEV_clean,5.54122,3.41506,5.5298,1.61736,1205.53,745.366,0.0,0.0,0.5346,0.330538,0.0,1,0.0013402623,0.1359757915,0.12969217896575552,Test
VIWMIZ_clean,9.56168,4.85659,9.53534,0.901746,1718.7,1905.97,37.8251,41.9466,0.6334,0.702415,0.0,1,0.0035779969,0.321483583,0.3340171690924706,Test
VIWMOF_clean,9.80611,5.23388,9.77319,0.869727,1722.79,1980.84,39.7443,45.6975,0.6458,0.742532,0.0,1,0.0038239315,0.3339271704,0.3593141732594154,Test
VIWZOR_clean,6.64322,4.15157,6.64322,1.41271,1889.38,1337.41,0.0,0.0,0.6434,0.455437,0.0,0,0.0024537591,0.2395498529,0.23683363010137415,Train
VIXCUB_clean,5.48718,4.89154,5.42033,1.09462,2414.99,2206.24,0.0,0.0,0.6474,0.59144,0.0,1,0.0017313256,0.1739167556,0.17487335544836208,Train
VIXGAM01_clean,5.20749,3.40288,5.20749,1.93235,393.451,203.613,0.0,0.0,0.4654,0.240847,0.0,1,0.000780192,0.0737935226,0.0741797828558885,Test
VIXPUP01_clean,10.93877,6.90793,10.8516,0.690693,2354.05,3408.24,0.0,0.0,0.7722,1.11801,0.0,1,0.0026941838,0.2690224558,0.2629997175829779,Test
VIXWEF_clean,12.63096,6.04016,12.48762,0.859273,2339.33,2722.46,0.0,0.0,0.7402,0.861426,0.0,1,0.0017421426,0.174207984,0.17583914110665833,Train
VIYMAT_clean,5.60515,5.02913,5.58159,1.46758,1606.87,1094.91,0.0,0.0,0.544,0.37068,0.0,0,0.0026199206,0.2516079961,0.2486283296530221,Test
VIYSON_clean,5.10341,3.76231,5.02058,1.31458,1263.39,961.063,0.0,0.0,0.5412,0.411691,0.0,1,0.0070451429,0.5903594524,0.5958633237446157,Train
VIYTAA_clean,5.13433,3.87051,5.09927,1.31108,1290.46,984.278,0.0,0.0,0.541,0.412638,0.0,1,0.0070601565,0.6164981712,0.6231655508369447,Train
VIYVIK_clean,5.08356,3.73927,5.05208,1.32275,1249.3,944.47,0.0,0.0,0.538,0.406727,0.0,1,0.0070839281,0.6162979895,0.6230487589716125,Train
VIZSOO_clean,10.55409,4.56253,10.55409,0.761137,2666.36,3503.12,0.0,0.0,0.738,0.969602,0.0,0,0.0029715363,0.2959516124,0.29687155035995216,Train
VIZSUU_clean,10.03238,7.42233,9.74376,0.749914,2221.9,2962.88,0.0,0.0,0.7282,0.971044,0.0,0,0.0017982772,0.1973620879,0.18125828063843896,Test
VIZTIJ_clean,8.73473,6.34609,8.6886,1.3133,1742.87,1327.09,0.0,0.0,0.6462,0.492044,0.0,0,0.0012027506,0.1232631782,0.11703347006430942,Test
VOBGAW_clean,4.66285,3.61303,4.65217,1.94112,362.013,186.497,1.69535,0.873387,0.4252,0.219049,0.0,1,0.000784966,0.0768857959,0.07443901806722864,Train
VOBGEA_clean,4.64455,3.59836,4.63854,1.95569,361.005,184.592,0.902313,0.461378,0.4234,0.216497,0.0,1,0.0007911374,0.0777462642,0.07513817390332239,Test
VOBKAA_clean,5.5254,4.43575,5.51234,1.26722,1839.76,1451.8,0.0,0.0,0.5992,0.472845,0.0,1,0.0025628587,0.2473392085,0.2503436493408154,Test
VOBRUB_clean,4.37729,3.47803,4.37729,1.252,989.147,790.053,0.0,0.0,0.4922,0.393131,0.0,1,0.0034239492,0.3210123947,0.3242935311784531,Test
VOCPEK_clean,4.62063,3.5641,4.61051,1.96241,341.977,174.264,0.360619,0.183763,0.4222,0.215144,0.0,1,0.0008347929,0.079426749,0.07608157703767418,Test
VOCQAF_clean,4.95925,3.73408,4.95925,1.25635,976.237,777.039,0.0,0.0,0.4616,0.367412,0.0,0,0.0039114593,0.375590307,0.35056670246429067,Test
VODQIP_clean,7.28777,5.97881,7.28116,1.0447,1818.88,1741.05,0.0,0.0,0.6212,0.594621,0.0,1,0.0036158823,0.3299245469,0.34258394222984195,Test
VODSEM_clean,5.2679,4.81357,5.26778,1.72365,582.024,337.669,47.1721,27.3675,0.5448,0.316073,0.0,0,0.0002987738,0.0282775646,0.03167067227710929,Train
VOFFED_clean,6.3407,5.90199,6.31652,1.20352,848.809,705.272,0.0,0.0,0.4862,0.403982,0.0,1,0.001040243,0.09645696,0.09706877538672207,Train
VOGPEO_clean,11.06118,7.00733,10.18392,0.767126,2192.56,2858.15,0.0,0.0,0.7242,0.944043,0.0,1,0.003657731,0.3400109308,0.34464503425542414,Train
VOGTIV_clean_h,11.63962,10.76348,11.63962,0.91487,1549.21,1693.37,0.0,0.0,0.6396,0.699116,0.0,1,0.0026987128,0.2583508208,0.2583991451533333,Test
VOHQIS_clean,5.34997,3.62026,5.34997,2.10583,1170.0,555.601,0.0,0.0,0.5162,0.245129,0.0,0,0.0284048121,1.5704576303,1.5626510901631898,Train
VOJGOS_clean,6.19077,5.31352,6.18884,0.976178,2056.2,2106.38,0.0,0.0,0.6384,0.653979,0.0,1,0.0050251126,0.4872048989,0.46675426740876347,Test
VOLPET_clean,9.30216,6.24705,9.30149,0.741977,2463.48,3320.15,0.0,0.0,0.7498,1.01054,0.0,1,0.0023467529,0.2278892955,0.23467222399825594,Train
VOLQOD_clean,11.11495,8.75374,11.11495,0.70291,1891.75,2691.32,0.0,0.0,0.7388,1.05106,0.0,1,0.0028462396,0.2741233471,0.2759559013527516,Test
VONCOS_clean,10.3381,9.26479,10.3381,1.24231,1086.56,874.625,129.189,103.991,0.6084,0.489732,0.0,1,0.0020056658,0.1836210961,0.20141144177457998,Test
VONDEJ_clean,5.31005,4.78872,5.30922,1.60595,966.902,602.074,0.0,0.0,0.507,0.315701,0.0,0,0.0055705695,0.4517589264,0.46578360276728437,Test
VOPCEK_clean,5.95724,5.2412,5.95724,1.32376,1286.35,971.741,0.0,0.0,0.5334,0.402943,0.0,1,0.0035097995,0.3160547541,0.3257203393702806,Test
VOPCIO_clean,8.96483,7.98484,8.95338,1.07697,1629.75,1513.27,0.0,0.0,0.6138,0.569932,0.0,1,0.0026143379,0.258256289,0.253223680033143,Train
VOSTUU_clean,8.30737,6.78194,8.30193,0.816834,1552.78,1900.97,4.35487,5.33141,0.5892,0.721322,0.0,1,0.0029038897,0.2884003004,0.2797230701218586,Test
VOTKEW_clean,5.14274,3.67598,5.1312,1.34119,1161.62,866.113,0.0,0.0,0.5308,0.395769,0.0,1,0.0032379545,0.3033571813,0.30210520325515566,Train
VOVKUO_clean,8.79938,7.37416,8.78205,2.86501,1668.56,582.391,0.0,0.0,0.6376,0.222547,0.0,1,0.0003694657,0.0363049044,0.03623943878402197,Train
VOXKIE_clean,6.80539,3.65176,6.80539,1.34151,1369.86,1021.14,0.0,0.0,0.6092,0.454115,0.0,1,0.0021586841,0.1996262113,0.2106565584338151,Test
VOXQOQ_clean,5.75088,3.78769,5.73674,1.21298,1196.61,986.497,0.0,0.0,0.5614,0.462825,0.0,1,0.0024208213,0.2246076184,0.2318278169160185,Test
VOXVEL_clean,6.58217,4.28987,6.50926,1.3543,1358.41,1003.03,0.0,0.0,0.5474,0.404194,0.0,0,0.0057915884,0.5262237782,0.5115065360704553,Test
VOXYUE_clean,4.28545,3.52898,4.277,1.97331,1033.2,523.587,0.0,0.0,0.5514,0.279428,0.0,0,0.0004962427,0.0495606742,0.05201749590735388,Train
VOYGOH_clean,8.28524,6.29263,8.24088,1.28416,2599.39,2024.19,0.195596,0.152314,0.7268,0.565973,0.0,1,0.000811241,0.0829798097,0.08192629299808338,Test
VOZVAJ01_clean,7.75927,5.99619,7.75927,1.41123,1642.21,1163.68,0.0,0.0,0.619,0.438625,0.0,0,0.0011968258,0.1232612033,0.11512316653088664,Test
VOZVIR01_clean,8.9147,5.57973,8.87661,1.34608,1682.46,1249.9,0.0,0.0,0.6346,0.471444,0.0,1,0.0010743782,0.1167951842,0.11153991998028168,Train
VUCTUK_clean,4.04395,3.64101,4.04395,1.92522,503.149,261.347,0.0,0.0,0.4222,0.2193,0.0,1,0.0013260374,0.1289134914,0.12547441237614643,Test
VUDQOB_clean,6.32363,4.82237,6.31689,1.49229,1377.55,923.11,0.0,0.0,0.5686,0.381025,0.0,1,0.0029155327,0.2700722012,0.2726687611807024,Test
VUDXID_clean,10.29567,8.38587,10.08643,0.842606,2083.44,2472.62,14.2598,16.9234,0.7296,0.865885,0.0,1,0.0015663829,0.1482130209,0.15485419413875473,Train
VUFBEE_clean,4.39803,3.46666,4.37592,1.64467,1017.25,618.512,0.0,0.0,0.5534,0.33648,0.0,1,0.0021320015,0.2102690187,0.20715897256099908,Test
VUGWUR_clean,7.83796,6.35433,7.79579,1.04646,1263.29,1207.21,74.2007,70.9066,0.5712,0.545842,0.0,0,0.00341757,0.3343428586,0.3321829751888127,Test
VUGXAY_clean,7.74052,6.24667,7.74052,1.0594,1255.22,1184.84,68.8954,65.0324,0.5682,0.536341,0.0,0,0.0035741,0.3266389413,0.3438683325921675,Test
VUGXEC_clean,7.75346,6.26253,7.72478,1.06296,1251.42,1177.3,67.8457,63.8273,0.5624,0.529091,0.0,0,0.0034302266,0.332963301,0.3370461569873251,Test
VUGXIG_clean,7.98476,6.4639,7.95078,1.05743,1260.94,1192.45,76.2558,72.1141,0.574,0.542824,0.0,0,0.0034587999,0.3388483453,0.3349346868529035,Train
VUGXOM_clean,7.85489,6.36686,7.85489,1.08455,1259.8,1161.59,65.0961,60.0213,0.5694,0.525011,0.0,0,0.0032450992,0.3194239468,0.3143661658163288,Train
VUGXUS_clean,7.98273,6.46173,7.98207,1.08037,1258.25,1164.65,72.9124,67.4885,0.5732,0.53056,0.0,0,0.0034312423,0.3181660509,0.33139236856335774,Test
VUGYAZ_clean,7.90027,6.40337,7.90027,1.10679,1245.86,1125.65,61.7559,55.7974,0.5642,0.509764,0.0,0,0.0031146687,0.2974337065,0.29841879817100087,Test
VUGYED_clean,7.99474,6.54413,7.99474,1.10841,1223.87,1104.17,67.208,60.6345,0.5792,0.522549,0.0,0,0.0029367512,0.2958595808,0.2887032704547391,Train
VUGYIH_clean,7.72851,6.23818,7.68217,1.11585,1251.2,1121.3,68.7821,61.641,0.5678,0.508849,0.0,0,0.0032565563,0.327170587,0.3177654584498768,Train
VUHJAK_clean,4.48985,4.30755,4.48985,1.91615,471.61,246.123,0.0,0.0,0.4148,0.216475,0.0,1,0.0033310299,0.264239891,0.2825478387505434,Test
VUHNET_clean,10.15164,5.15951,10.13819,1.26924,1812.62,1428.11,0.0,0.0,0.6596,0.519681,0.0,0,0.0012580495,0.1322038221,0.1257656592341748,Train
VUJBEI_clean,18.44776,6.57566,18.44776,0.562611,2173.89,3863.94,0.0,0.0,0.7874,1.39955,0.0,1,0.0029403568,0.2953247796,0.29353453018936243,Train
VUKHOZ_clean,14.72034,13.81107,14.72034,1.23894,1154.41,931.773,0.0,0.0,0.6248,0.504303,0.0,1,0.0007302337,0.0716371652,0.07627827244119817,Test
VUKJOC_clean,4.9896,3.40405,4.97821,1.45464,736.58,506.365,85.4496,58.7426,0.4856,0.333827,0.0,0,0.0024346962,0.2277717467,0.22634971291417308,Train
VUKJUI_clean,5.49725,3.44726,5.49566,1.4408,839.787,582.86,90.2917,62.6676,0.4968,0.344808,0.0,0,0.0026017105,0.238434406,0.2379082044987218,Test
VUKRUQ_clean,8.26088,7.40668,8.26088,0.854534,1806.41,2113.91,0.0,0.0,0.6414,0.750584,0.0,0,0.0023756558,0.2323160558,0.23844772534135042,Test
VUKSAX_clean,10.78925,9.42624,10.78325,0.664624,1937.19,2914.72,0.0,0.0,0.7148,1.0755,0.0,0,0.002200789,0.213527194,0.21628557182882363,Train
VUKSOL_clean,5.74617,4.59937,5.73998,1.07923,2058.01,1906.93,0.0,0.0,0.6268,0.580787,0.0,1,0.002746034,0.2662447871,0.2686367073416709,Test
VUKTAY_clean,5.60355,4.27431,5.58989,1.40562,1023.78,728.344,0.0374766,0.026662,0.486,0.345754,0.0,1,0.003028958,0.2777246227,0.28076423085332286,Test
VUKTEC_clean,5.61851,4.19073,5.60379,1.41892,799.153,563.212,172.003,121.221,0.487,0.343219,0.0,1,0.0029835125,0.275109567,0.2763157953985477,Train
VUKTIG_clean,5.58633,4.32231,5.37322,1.41396,1054.33,745.662,0.0,0.0,0.4904,0.346829,0.0,1,0.0029644801,0.2631650489,0.27370277000795523,Test
VUKTOM_clean,6.2708,4.86549,6.2708,1.34321,1213.42,903.374,0.0,0.0,0.5134,0.38222,0.0,1,0.0030603325,0.2693998611,0.2846896440813823,Train
VUKTUS_clean,6.57621,5.30461,6.57621,1.34132,1253.69,934.67,0.0,0.0,0.5342,0.398265,0.0,1,0.002854595,0.2688891344,0.2650886918544739,Test
VULFIT_clean,4.52056,3.43974,4.50577,1.5127,759.724,502.229,0.0,0.0,0.4534,0.299728,0.0,1,0.0056518849,0.4637607995,0.469011082608871,Train
VULKIX_clean,5.85201,4.46067,5.83515,1.35895,1067.23,785.338,21.156,15.5679,0.497,0.365724,0.0,1,0.002460622,0.2376719441,0.22939184377116895,Test
VULKOD_clean,5.01507,3.95686,5.01507,1.39517,753.359,539.978,0.0,0.0,0.4446,0.318672,0.0,1,0.0032606521,0.299230425,0.2916571063185947,Test
VUMBIQ_clean,4.87594,3.54867,4.87222,1.55224,358.688,231.077,25.2971,16.2971,0.4518,0.291063,0.0,1,0.002131348,0.2020160956,0.20074245418200115,Test
VUMCEM_clean,5.05124,3.61434,5.04105,1.01673,972.711,956.701,0.0,0.0,0.5318,0.523047,0.0,0,0.0073226786,0.6191077071,0.6394566094000964,Test
VUMYUZ_clean,8.61002,3.76636,8.58351,1.65942,1147.35,691.414,0.0,0.0,0.5252,0.316496,0.0,1,0.0008233087,0.0783901841,0.07806129667980599,Test
VUNHAO_clean,8.87764,7.99015,8.87736,0.6011,2717.65,4521.13,0.0,0.0,0.7556,1.25703,0.0,1,0.0019220597,0.1917988034,0.1904843427120178,Test
VUNNEZ_clean,5.49362,5.42758,5.49362,1.41847,1291.95,910.806,0.0,0.0,0.5748,0.405224,0.0,1,0.0009941443,0.101934983,0.10172642872897072,Train
VUQJUN01_clean,11.32844,10.26466,11.32844,0.790589,1731.69,2190.38,0.0,0.0,0.6654,0.841651,0.0,1,0.003864567,0.3714095962,0.3578601833590056,Test
VUQKAU01_clean,4.81422,4.24964,4.81422,1.04625,1425.24,1362.23,0.0,0.0,0.5584,0.533714,0.0,1,0.0042633762,0.3862700427,0.40333968691168426,Test
VUQKAU02_clean,4.89363,4.31451,4.87033,1.033,1471.86,1424.84,0.0,0.0,0.5576,0.539787,0.0,1,0.0040829906,0.3899875562,0.38638760765814295,Test
VUQKAU_clean,5.04139,4.46098,5.03992,1.00728,1566.78,1555.46,0.0,0.0,0.5754,0.571243,0.0,1,0.0042555334,0.3950760008,0.403336981437337,Train
VUQKOI_clean,6.97233,5.60829,6.97233,1.35846,1074.25,790.79,0.0,0.0,0.5344,0.393388,0.0,1,0.0009897281,0.0966607642,0.09884775221372674,Test
VURLIF_clean,5.59171,4.33137,5.56182,0.953551,2657.55,2787.0,0.0,0.0,0.6734,0.706202,0.0,0,0.0046585055,0.4543942292,0.4556541383171473,Train
VURYIR_clean,4.29138,3.47068,4.23523,1.58197,597.238,377.529,0.0,0.0,0.4322,0.273204,0.0,1,0.0008613807,0.0733398151,0.0838949576467441,Test
VURYOX_clean,6.57096,5.95893,6.55565,1.3407,1084.43,808.849,0.0,0.0,0.5052,0.376817,0.0,1,0.0007791925,0.0842067511,0.07854215999192274,Test
VUSKAW_clean,14.98828,7.97019,14.98828,0.594675,2204.82,3707.61,0.0,0.0,0.8008,1.34662,0.0,0,0.0019602779,0.2049241201,0.2006224446061402,Test
VUSQIK_charged,5.07837,4.30344,5.07804,3.66199,829.428,226.497,0.0,0.0,0.418,0.114146,0.0,1,0.000435104,0.0401609673,0.039624330498553684,Train
VUVZAP_clean,4.71954,3.57694,4.71245,1.57661,1081.4,685.901,0.0,0.0,0.5506,0.349231,0.0,0,0.0043796291,0.4069235915,0.40336821346799756,Train
VUWRUC_clean,8.86215,6.25992,8.83975,1.16678,1520.16,1302.87,0.0,0.0,0.593,0.508237,0.0,0,0.0028441806,0.2743951802,0.27268324311404957,Test
VUWSAJ_clean,5.66843,4.07448,5.66811,1.11008,1893.61,1705.84,0.0,0.0,0.6012,0.541584,0.0,1,0.0032014748,0.3108757316,0.3108752875674302,Test
VUZNOV_clean,7.56763,5.28078,7.56763,0.714751,2308.57,3229.9,0.0,0.0,0.6884,0.963133,0.0,0,0.003699356,0.3582185341,0.36047724239485796,Test
WABTOK_clean,4.92775,3.91462,4.90973,1.78273,1357.93,761.713,0.0,0.0,0.5942,0.333308,0.0,1,0.0007937865,0.0808980188,0.07991098420409892,Train
WABVIF02_clean,5.85197,4.01773,5.50246,1.2803,1937.61,1513.4,0.0,0.0,0.6248,0.488009,0.0,1,0.0017123348,0.1659517672,0.1700268175739238,Test
WABVIF03_clean,5.80274,3.92866,4.7438,1.30723,1855.76,1419.61,0.0,0.0,0.6136,0.46939,0.0,1,0.0016399826,0.1646295667,0.1582853441935707,Test
WABVIF04_clean,5.9528,4.29679,5.9528,1.18253,2130.19,1801.39,0.0,0.0,0.6496,0.549332,0.0,1,0.001414414,0.1485361736,0.14321337841569573,Test
WABVIF_clean,5.93486,4.28251,5.93486,1.19094,2095.13,1759.22,0.0,0.0,0.6604,0.55452,0.0,1,0.0015690491,0.1507932776,0.15917291136696274,Test
WABVOL_clean,5.64639,3.6405,5.64639,1.49122,938.691,629.478,0.0,0.0,0.4216,0.282721,0.0,1,0.0008771694,0.0929542235,0.0894843969293305,Train
WABVUR_clean,9.47863,4.42976,9.47863,1.26842,1786.23,1408.23,0.0,0.0,0.615,0.484855,0.0,1,0.0012670382,0.1253420993,0.12514055973964788,Test
WABWAY_clean,9.49902,4.44037,9.49902,1.29862,1698.78,1308.14,0.0,0.0,0.5936,0.457099,0.0,1,0.0011828697,0.1134593624,0.11536588652132909,Test
WABWEC_clean,9.48082,4.42797,9.48082,1.193,1861.05,1559.97,0.0,0.0,0.6462,0.54166,0.0,1,0.0011065626,0.1085991928,0.11317821226574909,Test
WACLEU_clean,6.11102,5.03298,6.08461,1.15501,1387.0,1200.86,0.0,0.0,0.5472,0.473763,0.0,1,0.0036498519,0.3367758094,0.3372064873785555,Train
WAFKAQ_clean,8.03491,5.51639,8.03491,0.911443,2137.62,2345.31,0.0,0.0,0.6604,0.724566,0.0,1,0.0035158262,0.3693541156,0.3390077883470987,Test
WAGDAL_clean,4.64816,3.73698,4.61775,2.65265,613.804,231.393,27.6543,10.4252,0.4246,0.160066,0.0,1,0.0013055582,0.1277128536,0.11659746928015163,Test
WAHFUJ01_clean,4.91116,3.78472,4.77837,1.29423,994.219,768.194,0.0,0.0,0.4692,0.362532,0.0,1,0.0021102082,0.2003135938,0.1993187491158881,Test
WAHGIY_clean,5.33673,4.40357,5.33673,1.28737,815.264,633.278,0.0,0.0,0.4692,0.364464,0.0,1,0.0030501867,0.2820121255,0.2780695796278055,Test
WAHKUO_clean,16.20891,7.16155,16.20891,0.580972,2068.66,3560.7,0.0,0.0,0.759,1.30643,0.0,1,0.002842809,0.2930187964,0.28118882805044193,Test
WAHNEB_clean,15.95836,6.79866,15.95836,0.49512,2275.95,4596.76,0.0,0.0,0.781,1.57739,0.0,1,0.0030066239,0.3166780215,0.30041703590456986,Test
WAHNIF_clean,16.02728,6.94786,16.02728,0.608079,2054.1,3378.01,0.0,0.0,0.7564,1.24392,0.0,1,0.0028893215,0.2873731786,0.28467634089692834,Train
WAHNOL_clean,16.15521,7.17077,16.15521,0.498613,2156.59,4325.17,0.0,0.0,0.7774,1.55913,0.0,1,0.0031379175,0.3163279052,0.31072293504102916,Test
WAHNUQ_charged,5.21911,3.84924,5.13491,1.302,482.198,370.352,4.09444,3.14473,0.4604,0.35361,0.0,1,0.0013145606,0.1242266044,0.1199129567493572,Train
WAJHOG_clean,6.41579,6.06601,6.40923,1.24433,1319.37,1060.3,0.0,0.0,0.541,0.434771,0.0,1,0.0029129252,0.2905955027,0.27586418271334734,Train
WAJLEA_charged,4.78677,4.11631,4.78677,1.16382,1062.0,912.51,0.413907,0.355645,0.498,0.427901,0.0,0,0.002184396,0.2118142242,0.2102772925336043,Train
WALKAY_clean,4.73309,3.92758,4.72517,1.16625,391.638,335.809,365.08,313.037,0.5,0.428724,0.0,1,0.0048444347,0.4355318809,0.4069629283967289,Test
WAMREJ_clean,15.93828,10.49353,15.93828,0.575196,2135.23,3712.18,0.0,0.0,0.7842,1.36336,0.0,1,0.0030428051,0.308451098,0.3018555575093708,Train
WAMRIN01_clean,7.20791,6.51318,7.17561,0.94264,1559.88,1654.8,0.0,0.0,0.5968,0.633115,0.0,1,0.0049566832,0.4685774519,0.46306703940875127,Train
WAMRIN_clean,7.37329,5.74338,7.35934,0.949012,1570.93,1655.33,0.0,0.0,0.5942,0.626125,0.0,1,0.0049820381,0.4655606092,0.46028891338901606,Test
WANBOE_clean,8.09931,5.5083,8.077,3.37544,1357.32,402.116,0.0,0.0,0.5218,0.154587,0.0,1,0.0002313688,0.0234259007,0.021834286600478814,Train
WANHIF_clean,11.32631,6.15412,11.32631,0.742906,2435.38,3278.19,0.0,0.0,0.7266,0.978051,0.0,1,0.0036792298,0.365885959,0.35557600224919994,Test
WANJIF_clean,4.50079,3.43707,4.48085,1.30508,566.366,433.969,0.0,0.0,0.4924,0.377294,0.0,1,0.0046033122,0.4168434573,0.41466627499872544,Train
WAPSUE_clean,6.68993,4.69904,6.68534,3.09743,1954.36,630.96,0.0,0.0,0.5988,0.193321,0.0,1,0.000265286,0.0280294838,0.027721293583703344,Train
WAQDOJ_charged,9.96907,6.19052,9.96907,0.69348,2082.92,3003.58,0.0,0.0,0.6764,0.97537,0.0,0,0.0034408578,0.3419990443,0.3328527355767378,Test
WAQFAX_clean,9.30669,8.11233,9.29943,0.819886,2162.64,2637.74,0.0,0.0,0.722,0.880611,0.0,1,0.0024405812,0.2391727082,0.24180637656582013,Train
WAQFIG_clean,8.54706,6.43178,8.54706,0.665022,2729.5,4104.38,0.0,0.0,0.7646,1.14974,0.0,1,0.0029990149,0.3028438569,0.30000420399650957,Train
WAQKUX_clean,11.77413,6.99458,11.77413,0.695804,2361.16,3393.43,0.0,0.0,0.7362,1.05806,0.0,1,0.0032993287,0.3154853452,0.31898948656509196,Test
WAQTEQ_clean,11.92108,6.99954,11.92108,0.79488,2039.53,2565.84,0.0,0.0,0.7422,0.933726,0.0,1,0.0024213794,0.22916094,0.23720692804548388,Train
WARFAZ_clean,6.17335,5.62341,6.16091,1.2809,1123.23,876.911,0.0,0.0,0.4772,0.372552,0.0,1,0.0013791901,0.1295146033,0.13212054860168831,Train
WARJAC_clean,6.27516,5.38886,5.82916,1.20156,1848.31,1538.27,0.0,0.0,0.6418,0.534141,0.0,1,0.0014762758,0.1450880806,0.14526814574126273,Test
WASMUB_clean,8.9,7.73975,8.81765,1.24649,1402.71,1125.33,0.0,0.0,0.5316,0.426479,0.0,0,0.0115057222,0.8621579969,0.8706601574816414,Train
WASPAK_clean,8.92408,8.10678,8.90273,0.931064,1602.41,1721.06,0.0,0.0,0.6094,0.65452,0.0,0,0.0033322624,0.3131670069,0.316295449779124,Test
WASQEP_clean,10.60263,4.61939,9.00037,0.666978,2426.86,3638.59,0.0,0.0,0.7138,1.0702,0.0,0,0.0035998595,0.3662518674,0.3484599670214481,Test
WASQIT_clean,10.8507,4.21913,8.79858,0.655054,2519.15,3845.71,0.0,0.0,0.7108,1.0851,0.0,0,0.0039923253,0.3919042494,0.38799044837476426,Train
WASTUG_clean,10.4656,7.25807,10.12341,1.59439,2004.76,1257.39,0.0,0.0,0.6606,0.414328,0.0,1,0.0005688963,0.0527591227,0.05485182076848938,Train
WASVES_clean,7.24568,4.22882,6.95314,2.14337,1730.17,807.218,0.0,0.0,0.582,0.271535,0.0,1,0.0003797289,0.0372841307,0.0392055764113102,Train
WAVQAN_clean,4.79566,3.75004,4.7947,1.6227,1326.67,817.573,0.0,0.0,0.5394,0.332409,0.0,1,0.0043586193,0.4070564516,0.403653513587143,Train
WAVQER_clean,4.81498,3.73544,4.8133,1.62849,1353.34,831.04,0.0,0.0,0.533,0.327297,0.000122813,1,0.0042181464,0.3918692439,0.3940857597182268,Train
WAVQOB_clean,10.26547,8.18203,10.23692,0.66377,1981.42,2985.1,0.0,0.0,0.7732,1.16486,0.0,1,0.0019589131,0.191953135,0.19277624878568922,Test
WAVQUH_clean,7.91312,4.47781,7.90396,1.01651,1145.58,1126.98,498.965,490.863,0.6102,0.600292,0.0,0,0.0032519867,0.3112166802,0.3136690314109247,Test
WAVRAO_clean,15.02274,4.23694,15.02053,0.819731,1973.4,2407.37,0.0,0.0,0.6752,0.823685,0.0,1,0.0039064807,0.3895264852,0.37594789382800603,Train
WAVROC_clean,18.88525,7.91531,18.88525,0.52911,1993.81,3768.23,0.0,0.0,0.7926,1.49799,0.0,1,0.0026931486,0.2566958564,0.26401725499497997,Train
WAWGOQ_clean,10.46531,7.24737,10.06993,0.692819,2068.45,2985.55,0.0,0.0,0.7192,1.03808,0.0,1,0.0031639576,0.2920887984,0.3035947152587564,Train
WAYKAK_clean,8.40665,6.61758,8.40665,1.07627,1621.77,1506.84,0.0,0.0,0.6056,0.562685,0.0,0,0.0030802824,0.2890283489,0.29715577142060473,Test
WAYMAM_clean,7.05522,6.73992,7.05522,1.02658,1675.75,1632.35,0.0,0.0,0.6178,0.601802,0.0,0,0.002084945,0.2009530877,0.20845514862617098,Test
WAYMEQ_SL,6.99879,6.49457,6.99879,0.979768,1578.78,1611.38,0.0,0.0,0.5878,0.599938,0.0,0,0.004903394,0.4675663509,0.46867382075540565,Train
WAYMIU_manual,7.34688,6.90533,7.3455,0.98047,1670.06,1703.32,0.0,0.0,0.606,0.618071,0.0,0,0.0052257486,0.4981159573,0.49893241825380596,Train
WAYMOA_manual,7.07433,6.89369,7.07243,0.955162,1592.82,1667.59,0.0,0.0,0.6076,0.636122,0.0,0,0.0047612376,0.445838449,0.4513819580903211,Train
WAZCUX_clean,5.1953,4.60615,5.12813,1.85198,863.616,466.321,0.0,0.0,0.4452,0.240392,0.0,1,0.0020869651,0.1951612966,0.19493581449799963,Train
WEBJOE_clean,19.11149,16.87545,19.11149,0.689845,2240.23,3247.44,0.0,0.0,0.788,1.14229,0.0,1,0.0033793376,0.3171467472,0.3227136250295292,Train
WEBKIX_charged,6.62237,4.41609,6.49093,1.41655,903.672,637.941,195.781,138.21,0.5266,0.371749,0.0,0,0.0024978623,0.2343316038,0.23272479400781232,Train
WEBKOD_clean,6.32569,5.26533,6.09075,1.27587,1622.74,1271.87,0.0,0.0,0.5952,0.466504,0.0,1,0.0027961163,0.2570873628,0.26864762149646226,Train
WEBLAQ_charged,6.51263,4.50294,6.50894,1.437,983.288,684.266,131.344,91.4017,0.5196,0.361588,0.0,0,0.0034592841,0.30149207,0.31007827194209336,Train
WEBREC_clean,5.39661,3.78553,5.39661,1.22212,951.616,778.662,0.0,0.0,0.476,0.389488,0.0,1,0.0048361872,0.4194351033,0.4224977232271765,Train
WECBEN_clean,6.503,4.33861,6.44488,0.992115,3119.1,3143.89,0.0,0.0,0.6996,0.70516,0.0,0,0.002107736,0.2104913328,0.20749758438400412,Test
WECBOX_clean,4.70975,3.71197,4.69989,1.52733,833.701,545.856,0.0,0.0,0.5236,0.342821,0.0,0,0.0025613573,0.2421112112,0.23636329601107003,Test
WECFAN01_clean,4.19243,3.69787,4.18729,1.32337,513.248,387.834,0.0,0.0,0.4454,0.336565,0.0,1,0.0017635569,0.1710105447,0.17214665645033222,Train
WECFAN_clean,5.13884,4.48422,5.13105,1.20369,945.898,785.834,0.0,0.0,0.4976,0.413397,0.0,1,0.0017771751,0.1739974698,0.17181369112006,Train
WECJIZ_clean,5.92737,4.9743,5.92737,1.01088,914.95,905.103,64.8197,64.122,0.5454,0.53953,0.0,1,0.0026342996,0.2391503162,0.24455101814282892,Train
WEDQED_clean,5.20127,4.18257,5.20127,1.3,804.684,618.987,0.0,0.0,0.4758,0.365999,0.0,1,0.0037803668,0.3221872516,0.33104613996236487,Train
WEFCAN_clean,5.5219,5.04903,5.5219,0.826455,2177.69,2634.97,0.0,0.0,0.6214,0.751886,0.0,0,0.0046195442,0.4515376311,0.44802709739920565,Train
WEFXEM_clean,6.73931,4.78997,6.67269,1.07497,1461.44,1359.51,0.0,0.0,0.5704,0.530617,0.0,0,0.003180051,0.2933762585,0.3021364885120882,Test
WEFZIS_clean,4.30666,3.54798,4.30607,2.06143,662.208,321.237,0.0,0.0,0.4722,0.229064,0.0,1,0.0021574601,0.2095575664,0.2071659847873364,Test
WEGDIX_charged,5.73813,3.42586,5.73613,1.52986,544.059,355.627,213.849,139.783,0.483,0.315715,0.0,1,0.0027989726,0.2533410474,0.25594970913377185,Train
WEGFUL_clean,4.85962,3.90561,4.85655,1.68872,896.439,530.839,0.0,0.0,0.4452,0.263631,0.0,0,0.0032174114,0.2907386721,0.2931578694748759,Test
WEGGAS_clean,4.84334,3.88578,4.83342,1.72479,895.132,518.979,0.0,0.0,0.4484,0.259973,0.0,0,0.0032687465,0.2861424401,0.2929571609496392,Test
WEGKIE_clean,11.12087,6.65331,11.08978,1.1494,1264.36,1100.02,490.634,426.862,0.6338,0.551419,0.0,1,0.0031994227,0.3070876694,0.31011707784791737,Test
WEHHEY_clean,10.71326,6.70339,10.52268,0.819904,2131.67,2599.9,0.0,0.0,0.7068,0.862052,0.0,1,0.0044746164,0.4025053901,0.4039499142509134,Train
WEHHIC_clean,10.89625,6.78698,10.2645,0.812812,2126.87,2616.68,0.0,0.0,0.7052,0.867605,0.0,1,0.0045403318,0.4084615885,0.4165732735140809,Test
WEHHOI_clean,10.711,6.72932,10.68633,0.81633,2148.04,2631.34,0.0,0.0,0.7146,0.875382,0.0,1,0.0045393361,0.4069252438,0.4098903426038518,Train
WEHHUO_clean,10.86494,6.69089,10.846,0.80874,2143.96,2650.98,0.0,0.0,0.7268,0.898682,0.0,1,0.0044965216,0.4037430288,0.403154300526026,Train
WEHJAW_clean,11.37189,6.87066,11.36953,0.813465,2137.05,2627.1,0.0,0.0,0.727,0.893708,0.0,1,0.00460306,0.40936617,0.41223448146699804,Train
WEHJEA_clean,11.11094,5.77138,11.07598,0.73357,2315.41,3156.35,0.0,0.0,0.7568,1.03167,0.0,1,0.0029751121,0.2848490646,0.2903243522516038,Train
WEHJIE_clean,11.03891,6.32706,11.01433,0.80868,2264.04,2799.67,0.0,0.0,0.7142,0.883167,0.0,1,0.0036514966,0.3395863069,0.34007575565952286,Test
WEHJOK_clean,11.74533,5.64839,11.7384,0.778372,2312.59,2971.06,0.0,0.0,0.736,0.945563,0.0,1,0.002810204,0.2701855927,0.2781995246382781,Test
WEHJUQ_clean,11.40663,8.63285,11.3324,0.700785,2325.03,3317.76,0.0,0.0,0.7666,1.09392,0.0,1,0.0025623703,0.2459232155,0.2518244991822486,Test
WEHQAC_charged,5.88519,4.42111,5.88043,1.07601,1508.86,1402.27,0.0,0.0,0.5452,0.506686,0.0,1,0.0028736134,0.2814852994,0.2734369613784262,Test
WEHRIL_charged,5.19679,3.88815,5.19679,1.15403,1306.7,1132.29,0.0,0.0,0.5258,0.455621,0.0,1,0.0030637907,0.2905268852,0.291172741738616,Train
WEMBUN_clean,4.83761,4.30379,4.83761,1.70777,2244.04,1314.02,0.0,0.0,0.608,0.356019,0.0,1,0.0016075044,0.1584861775,0.15943190309926042,Train
WEMCAU_clean,4.83981,4.27369,4.83981,1.75476,2235.14,1273.76,0.0,0.0,0.5942,0.338622,0.0,1,0.0021578138,0.2188954202,0.21473167746166588,Train
WEMCEY_clean,5.09454,3.5623,5.09454,2.38239,649.886,272.788,0.0,0.0,0.4074,0.171005,0.0,1,0.001104526,0.1027698336,0.0982645072601093,Test
WEMCIC_clean,5.03643,3.47331,4.82197,2.42633,623.511,256.977,0.0,0.0,0.4032,0.166177,0.0,1,0.0011806969,0.1055840094,0.10344904491830423,Train
WEMCOI_clean,5.04735,3.46352,5.0193,2.47686,626.37,252.888,0.0,0.0,0.3988,0.16101,0.0,1,0.0011568022,0.1056554401,0.09931512467545789,Test
WEMCUO_clean,4.97873,3.46394,4.79411,2.52518,613.235,242.848,0.0,0.0,0.3982,0.157692,0.0,1,0.001218207,0.1072447804,0.1068264706683329,Test
WEMDAV_clean,5.02432,3.48688,5.02432,2.56501,609.55,237.64,0.0,0.0,0.3952,0.154074,0.0,1,0.0011722261,0.1095777674,0.09988735377975455,Test
WEMDID_clean,5.01302,4.40435,5.01302,1.50314,2329.65,1549.85,0.0,0.0,0.6306,0.419521,0.0,0,0.0015351424,0.1531210545,0.15108447430927077,Train
WEMDOJ_clean,4.95352,4.39275,4.95352,1.55656,2295.37,1474.65,0.0,0.0,0.629,0.404097,0.0,0,0.0015346782,0.1540734669,0.15240017020259494,Train
WEMDUP_clean,4.9238,4.37132,4.9238,1.57984,2315.52,1465.67,0.0,0.0,0.6202,0.392572,0.0,0,0.0016048317,0.1552748752,0.15836019552307146,Test
WEMFAX_clean,4.90097,4.37647,4.90097,1.61335,2291.08,1420.07,0.0,0.0,0.6242,0.386896,0.0,1,0.0015335313,0.1557326026,0.15020422213648127,Train
WEMFEB_clean,4.87971,4.37038,4.87971,1.63348,2285.5,1399.16,0.0,0.0,0.604,0.369763,0.0,1,0.0015065211,0.1558309504,0.15086087751111904,Test
WEMFIF_clean,4.85948,4.34946,4.85948,1.66666,2253.59,1352.15,0.0,0.0,0.5992,0.35952,0.0,1,0.0015507876,0.1565775848,0.15613049128016246,Train
WEMFOL_clean,4.8612,4.33226,4.8612,1.68559,2254.63,1337.59,0.0,0.0,0.5966,0.353942,0.0,1,0.0015560251,0.1591123931,0.15907528405899227,Test
WEMNAF_clean,4.6267,3.86158,4.59914,1.41831,894.104,630.401,0.0,0.0,0.4764,0.335893,0.0,0,0.0038100918,0.3392895186,0.33816106660310263,Train
WENDIE_clean,4.91533,3.83478,4.91533,1.40969,980.417,695.487,0.0,0.0,0.4986,0.353696,0.0,1,0.0070945136,0.5815637031,0.6076212120421456,Test
WENKEH_clean,7.34891,5.7859,7.21721,1.50223,520.443,346.446,27.0727,18.0216,0.4484,0.298489,0.0,1,0.0010071699,0.09532794,0.09505987371538696,Train
WENKOR_clean,7.34523,5.77431,7.33779,1.55847,525.754,337.351,34.2975,22.0071,0.4426,0.283996,0.0,1,0.0010289258,0.1004642695,0.09496395694556248,Test
WENKUX_manual,7.45595,5.7787,7.37267,1.54828,597.632,385.997,35.4694,22.9089,0.4528,0.292453,0.0,1,0.0013778518,0.1292486591,0.1252531404103121,Test
WENLAE_manual,7.43383,5.78969,7.30816,1.58521,593.074,374.131,15.956,10.0656,0.4384,0.276557,0.0,1,0.0011492475,0.1136062925,0.10694178195814988,Test
WENLEI_clean,7.45284,5.80961,7.45284,1.59702,595.668,372.986,17.5491,10.9886,0.4418,0.276639,0.0,1,0.0012029136,0.1150938253,0.11152784266177865,Test
WERHIK_clean,5.75389,3.54583,5.75389,1.67143,1139.75,681.902,0.0,0.0,0.4974,0.297589,0.0,0,0.0238227588,1.4904596236,1.4942376368279806,Train
WESYAV_clean,4.87361,4.61034,4.87361,1.39877,1201.03,858.632,0.0,0.0,0.5228,0.373756,0.0,0,0.0050918522,0.4565661446,0.45483817322570375,Test
WEVQIX_clean,8.30134,7.08669,8.30134,1.3689,1061.52,775.455,0.0,0.0,0.5704,0.416684,0.0,1,0.0005545361,0.0586964815,0.053898866797360695,Train
WEVQOD01_clean,8.03523,6.79991,8.03523,1.55221,1025.68,660.788,0.0,0.0,0.5644,0.363612,0.0,1,0.0004880908,0.0485184742,0.050975432732587034,Test
WEVQOD_clean,8.33119,7.13692,8.33119,1.51454,1062.97,701.84,0.0665577,0.0439457,0.5726,0.378068,0.0,1,0.0005169909,0.0494400667,0.050817462427441396,Train
WEVQUJ_clean,8.44067,7.27418,8.44067,1.48575,1083.43,729.214,0.77233,0.519826,0.5778,0.388896,0.0,1,0.0004921015,0.0491696856,0.049897586804304755,Train
WEVRUK_clean,8.57681,7.4662,8.57681,1.43976,1130.1,784.921,4.16739,2.8945,0.5708,0.396454,0.0,1,0.0005616458,0.049889299,0.055134832380381665,Train
WEVZUT_clean,5.27812,3.52606,5.27812,1.59275,798.942,501.612,5.51079,3.45992,0.4646,0.291697,0.0,0,0.0011496424,0.1126010204,0.11105749704026904,Train
WEXTAV_clean,4.98825,4.19272,4.98346,1.40649,999.163,710.396,0.0,0.0,0.5104,0.36289,0.0,1,0.0016169445,0.1558321203,0.15023473899781056,Train
WEYQAU01_clean,4.51961,3.60555,4.51961,1.13786,1565.68,1375.99,0.0,0.0,0.5718,0.502522,0.0,0,0.0035951282,0.3382858787,0.3516498036549598,Test
WEYQAU02_clean,4.51815,3.68584,4.44811,1.14062,1514.82,1328.07,0.0,0.0,0.5714,0.500956,0.0,0,0.0044738555,0.4188808654,0.42561971452061226,Test
WEYQAU03_clean,4.54995,3.78626,4.54995,1.12516,1590.17,1413.29,0.0,0.0,0.5782,0.513884,0.0,0,0.004444043,0.4330318431,0.4255726058866913,Train
WEYQAU04_clean,4.4842,3.61074,4.45602,1.15336,1507.95,1307.45,0.0,0.0,0.565,0.489873,0.0,0,0.0043128682,0.412159151,0.4163367403191346,Test
WEYQAU05_clean,4.49445,3.64175,4.49445,1.14735,1525.05,1329.2,0.0,0.0,0.568,0.495054,0.0,0,0.0043605681,0.4215997611,0.4165217133693373,Test
WEYQAU06_clean,4.52093,3.69835,4.50827,1.13868,1559.53,1369.6,0.0,0.0,0.5718,0.502162,0.0,0,0.0044977054,0.4213056116,0.4259082730131466,Train
WEYQAU07_clean,4.54619,3.75106,4.54619,1.13112,1575.56,1392.92,0.0,0.0,0.576,0.509231,0.0,0,0.0043844181,0.4330576806,0.42389893994153693,Test
WEYQAU08_clean,4.54883,3.77222,4.52816,1.12759,1562.09,1385.34,0.0,0.0,0.5786,0.51313,0.0,0,0.0043724931,0.4267891154,0.42290814884200845,Test
WEYQAU09_clean,4.54974,3.80687,4.54906,1.12252,1599.36,1424.8,0.0,0.0,0.5812,0.517765,0.0,0,0.0045195679,0.4352598271,0.42969724020569,Train
WEYQAU10_clean,4.56818,3.83214,4.56487,1.10391,1656.82,1500.86,0.0,0.0,0.5884,0.533013,0.0,0,0.0036353421,0.3559136688,0.3498603851749134,Test
WEYQAU12_clean,4.40257,3.44728,4.36821,1.18614,1438.51,1212.76,0.0,0.0,0.5546,0.467566,0.0,1,0.0041578435,0.3918250705,0.3974273945806046,Train
WEZCIO_clean,8.732,7.51715,8.732,1.34422,1127.95,839.11,0.0,0.0,0.5656,0.420764,0.0,1,0.0005229045,0.0521634864,0.05497729644444482,Train
WIBSAD_clean,9.62612,6.21746,9.61657,0.927119,1704.27,1838.25,6.32101,6.81791,0.6464,0.697214,0.0,1,0.0015894607,0.154794223,0.15746298641709505,Test
WICGEV_clean,4.986,4.06891,4.90495,1.61194,943.479,585.307,0.0,0.0,0.463,0.287232,0.0,0,0.0011608163,0.1109609416,0.11171698283705367,Test
WIDQEG_clean,7.60111,7.11755,7.60111,1.01218,1727.14,1706.35,0.0,0.0,0.63,0.622417,0.0,0,0.0028023492,0.2778671712,0.2759287712669909,Test
WIDWOX_clean,6.98663,4.18313,6.97418,1.49157,1020.42,684.125,118.512,79.4544,0.5482,0.367533,0.0,1,0.0008047207,0.0812802565,0.08030862016474652,Test
WIDZUG_clean,5.41352,3.48109,5.41227,1.38051,840.521,608.85,0.0,0.0,0.4942,0.357985,0.0,0,0.0013170409,0.1258705196,0.12694325287705177,Test
WIFBAQ_clean,6.13409,5.44238,6.13409,1.2726,1015.51,797.983,0.0,0.0,0.5042,0.396197,0.0,0,0.0019749999,0.184230673,0.1844551450389095,Train
WIHDUN_clean,4.94352,3.57815,4.9376,1.23221,1172.12,951.24,0.0,0.0,0.5416,0.439537,0.0,1,0.0049458719,0.4374655291,0.45014516689765516,Train
WIHVAL_clean,4.98172,4.06866,4.90588,1.61186,947.448,587.799,0.0,0.0,0.4852,0.301019,0.0,0,0.0011528327,0.110700676,0.11139112599220025,Train
WIHVEP_clean,4.98664,4.03769,4.97035,1.60991,948.127,588.931,0.0,0.0,0.473,0.293805,0.0,0,0.0011576228,0.1104228466,0.11231106446303646,Test
WIHWAN_clean,9.73279,7.22908,9.72646,0.781161,2141.5,2741.43,0.0,0.0,0.7076,0.905831,0.0,0,0.0027862018,0.2627914984,0.2733008560567085,Test
WIJDAV_clean,6.7427,5.50308,6.71088,1.44712,1338.51,924.951,0.0,0.0,0.528,0.364864,0.0,0,0.0030078117,0.277548776,0.28399248982765285,Test
WIJXEU_clean,10.21317,6.80397,9.6529,0.728441,2006.16,2754.05,0.0,0.0,0.7122,0.977705,0.0,1,0.0025040499,0.2615074579,0.24820947126156914,Test
WIJXIY_clean,14.24395,11.55698,14.23198,0.475086,1730.44,3642.38,0.0,0.0,0.8226,1.73148,0.0,1,0.0020857608,0.2081279909,0.21103514148977837,Test
WIKXAQ_clean,7.61954,3.92787,7.61954,0.877202,2692.33,3069.22,0.0,0.0,0.7338,0.836523,0.0,0,0.0012906561,0.1309030567,0.1284345537584821,Train
WIKXUJ_charged,5.90123,4.88331,5.87765,1.20548,523.182,434.001,0.115009,0.0954049,0.4266,0.353883,0.0,0,0.0007602315,0.0775823062,0.07005183870256648,Test
WIKYAQ_clean,5.56765,4.22978,5.55876,1.17628,572.115,486.376,3.29466,2.80092,0.4396,0.373721,0.0,1,0.0008239104,0.0792724178,0.0798030075125504,Test
WILDUR_clean,4.40563,4.06842,4.39346,1.59545,414.383,259.728,154.011,96.5316,0.4902,0.307249,0.0,1,0.003752847,0.3358218595,0.3270746884439602,Test
WILFAZ_clean,4.61767,3.60434,4.60806,1.63777,404.45,246.951,107.478,65.6246,0.4794,0.292715,0.0,1,0.0035282198,0.3003808482,0.31074765471245247,Test
WILGII_clean,5.04706,4.025,5.04249,1.31109,1273.98,971.693,0.0,0.0,0.578,0.440854,0.0,1,0.0024329056,0.2280483563,0.23099839537465697,Test
WILHIK_clean,4.65234,4.0796,4.6262,1.34338,777.291,578.609,0.382682,0.284865,0.4858,0.361625,0.0,0,0.0051184966,0.4585676904,0.45460481002130226,Train
WILNEL01_clean,4.81584,3.50149,4.81584,1.10493,799.46,723.542,0.0,0.0,0.5386,0.487453,0.0,0,0.0033991068,0.3286461212,0.32262643644459993,Train
WILRAK_clean,6.14662,4.92634,6.07221,1.13056,2856.19,2526.36,0.0,0.0,0.7378,0.652598,0.0,1,0.0008292944,0.0888970095,0.08503902581735842,Train
WILREO_clean,6.22413,4.97143,6.22113,1.10896,2859.64,2578.66,0.0,0.0,0.7412,0.668372,0.0,1,0.0009320599,0.0893224112,0.09208182103649806,Train
WILRIS_clean,6.18287,5.26913,6.08331,1.06646,2702.71,2534.28,0.0,0.0,0.743,0.696696,0.0,1,0.0008174153,0.0835828397,0.08499592640840048,Train
WIMWEW_clean,4.85065,3.63556,4.83812,1.14632,1509.08,1316.45,0.0,0.0,0.552,0.481541,0.0,1,0.0036865715,0.3549121992,0.3536358619041729,Test
WIMWIA_clean,4.81894,3.74279,4.79734,1.18861,1454.84,1223.98,0.0,0.0,0.5584,0.469791,0.0,0,0.0049384313,0.4639028625,0.459473830530464,Train
WINCEC_clean,4.94527,3.59812,4.94527,1.22278,1150.61,940.978,0.0,0.0,0.5326,0.435564,0.0,1,0.0046032957,0.4340243021,0.42271916875851134,Test
WIPLOY_clean,6.48105,4.74292,6.45525,1.18111,1714.15,1451.31,0.0,0.0,0.5818,0.492588,0.0,1,0.0047039659,0.4385964262,0.4358336434495481,Train
WIPPIW_clean,6.83572,4.03275,6.83132,1.10561,1802.61,1630.43,0.0,0.0,0.614,0.55535,0.0,0,0.0026632087,0.2615401794,0.25793992734766574,Test
WIPZEC_clean,5.45688,4.84274,5.44436,1.09301,1433.3,1311.34,0.0,0.0,0.552,0.50503,0.0,0,0.005416986,0.5085262662,0.4936326288832533,Test
WIRKOZ_clean,17.38546,6.83963,17.38546,0.742862,1607.16,2163.48,0.0,0.0,0.6666,0.897341,0.0,1,0.0020597265,0.1952280479,0.20601060523754333,Test
WIRMOB_clean,8.09669,7.0815,8.09669,0.92351,1288.54,1395.26,130.958,141.805,0.578,0.625873,0.0,1,0.0053444682,0.4327307122,0.44485919724767975,Train
WISTID_clean,5.3857,3.74409,5.37745,1.51731,1051.5,692.999,0.0,0.0,0.4932,0.325048,0.0,1,0.0046070188,0.4122020693,0.4056732571406926,Train
WISVEB_clean,8.95121,6.85436,8.94162,0.828799,2404.18,2900.8,0.0,0.0,0.747,0.901304,0.0,1,0.0019994995,0.1980286996,0.19799154664373808,Train
WITJOA_clean,6.21484,4.39834,6.20863,1.03298,1693.59,1639.51,90.392,87.5058,0.5878,0.569032,0.0,1,0.0043136067,0.3924311561,0.39919426128054636,Train
WITJUG_clean,5.88607,4.95547,5.85988,1.02366,1929.46,1884.87,0.0,0.0,0.5976,0.583788,0.0,1,0.0036413676,0.3530917392,0.34399676494199116,Test
WITKIV_clean,20.46084,11.48372,20.46084,0.586943,1702.14,2900.02,0.0,0.0,0.7774,1.32449,0.0,1,0.0024659913,0.2320976689,0.24323889862091197,Test
WIVKOD_clean,5.94278,4.37421,5.9419,2.24053,1604.96,716.33,0.0,0.0,0.585,0.261099,0.0,1,0.0008385128,0.084608078,0.08072541797563249,Train
WIVRIE_clean,7.1828,5.28792,5.5333,1.16005,1460.05,1258.61,0.0,0.0,0.5844,0.50377,0.0,1,0.0047442585,0.4248775081,0.4317742497155014,Train
WIWQOI_clean,5.87719,4.74286,5.84645,1.30118,2520.95,1937.44,0.0,0.0,0.693,0.532594,0.0,0,0.0008121438,0.0805201865,0.07952999294241672,Train
WIWQUO_clean,5.86317,4.77379,5.86317,1.51311,2502.33,1653.77,0.0,0.0,0.691,0.456676,0.0,0,0.0007776981,0.0714044096,0.07580511481282462,Train
WIYFAM_clean,9.09166,6.13483,9.09166,0.794129,2337.82,2943.87,0.0,0.0,0.7296,0.918742,0.0,1,0.0027312381,0.2694929061,0.2633201826855839,Test
WIYMOG_charged,12.0545,7.54941,12.04417,0.408102,2874.44,7043.44,0.0,0.0,0.8306,2.03528,0.0,0,0.0021667822,0.2171380664,0.21590995606481994,Test
WIYWAE_clean,5.55509,4.14993,5.55509,1.52455,953.655,625.532,0.0,0.0,0.496,0.325342,0.0,1,0.0019310504,0.1752160522,0.17790053890962232,Test
WIYWEI_clean,5.60421,3.86066,5.60127,1.48994,937.281,629.074,0.0,0.0,0.4916,0.329946,0.0,1,0.0017562526,0.1677819219,0.1685399579234959,Train
WIYWOS_clean,5.5468,4.15747,5.5468,1.51166,957.433,633.365,0.0,0.0,0.499,0.330101,0.0,1,0.0018149259,0.1766866285,0.17237195298917296,Test
WIYWUY_clean,5.49903,4.14636,5.49903,1.53964,937.998,609.231,0.0,0.0,0.4952,0.321633,0.0,1,0.001761845,0.1712119005,0.17004045902913223,Train
WIYZOU_clean,6.69801,4.2951,6.69801,1.32919,1592.17,1197.85,0.0,0.0,0.5518,0.41514,0.0,1,0.0009664922,0.0986074276,0.10154340872775344,Test
WIZDEP_clean,11.388,10.51295,11.388,1.29023,1549.54,1200.97,0.0,0.0,0.6408,0.496654,0.0,1,0.0017833688,0.192588443,0.1816777787298014,Train
WIZKOH_clean,6.09672,4.22892,6.07575,0.908366,2253.73,2481.08,0.0,0.0,0.6284,0.691792,0.0,0,0.0048323355,0.4649708004,0.4568106355183472,Train
WIZMAV02_auto,12.74499,5.77928,12.74499,0.733163,2254.93,3075.61,0.0,0.0,0.725,0.988866,0.00027279,0,0.0013365674,0.1338593593,0.13243198592569616,Train
WOBHEB_clean,11.82299,11.04159,11.82299,1.21909,1551.12,1272.35,0.0,0.0,0.6516,0.534496,0.0,1,0.0020347161,0.1970784972,0.20499207147165063,Train
WOBHOL_clean,11.68121,10.84815,11.68121,1.21577,1583.43,1302.41,0.0,0.0,0.6636,0.545826,0.0,1,0.0021783431,0.2194552447,0.21664229584747363,Train
WOBHOM_clean,5.74395,5.29156,5.74395,1.06237,2263.33,2130.44,0.0,0.0,0.6418,0.604119,0.0,1,0.0030508966,0.2965443621,0.2971960953806151,Test
WOBQEL_clean,6.08333,5.37096,6.07626,1.04043,1389.12,1335.14,0.0,0.0,0.5492,0.52786,0.0,1,0.0059890802,0.536783602,0.5383949142589497,Test
WOCWAN_clean,5.80963,5.50482,5.80963,1.36819,906.494,662.552,0.0,0.0,0.4696,0.343228,0.0,0,0.0016595603,0.1616931231,0.1501665986764622,Test
WODFOL_clean,4.42221,3.69918,4.41972,1.50844,549.218,364.098,0.0,0.0,0.4148,0.274987,0.0,0,0.0049932433,0.4200804864,0.41508353186575203,Train
WODVOB_clean,6.26224,4.9385,6.26224,0.976988,2134.32,2184.59,0.0,0.0,0.6306,0.645453,0.0,1,0.0034133157,0.3266343205,0.32954838908042017,Train
WODXEU_clean,5.99818,3.55745,5.99789,1.43122,1129.23,788.996,0.0,0.0,0.5054,0.353125,0.0,1,0.0019967503,0.1837137194,0.1886452372836756,Test
WOFWET_clean,5.7179,4.33245,5.7179,1.22921,2521.0,2050.91,0.0,0.0,0.7142,0.581024,0.0,1,0.0008031294,0.0916649626,0.08310028574560455,Train
WOHBIF_clean,4.33773,3.41599,4.33773,1.49576,352.527,235.684,0.0,0.0,0.417,0.278788,0.0,0,0.0015601466,0.1405723665,0.1441866341055704,Train
WOHDON_clean,5.72419,4.44331,5.72419,1.42898,2534.05,1773.33,0.0,0.0,0.696,0.487062,0.0,1,0.0014498079,0.1423060439,0.14461173281640818,Test
WOHQAN_clean,6.17426,4.1636,6.17426,1.52633,1173.96,769.14,0.0,0.0,0.515,0.337411,0.0,1,0.0007650536,0.0758570856,0.07598848621204457,Train
WOHSIV_clean,4.85776,4.01614,4.85252,1.45202,314.846,216.834,0.0,0.0,0.3664,0.252339,0.0,1,0.0007550614,0.0672327789,0.06360906942561553,Train
WOHSOB_clean,4.76467,4.03549,4.66336,1.44804,377.496,260.695,0.0,0.0,0.3538,0.244331,0.0,1,0.0005759661,0.055838953,0.05493667102583419,Train
WOJJOV_SL,7.82098,6.43142,7.82098,1.16534,871.633,747.963,192.071,164.819,0.4948,0.424596,0.0,0,0.0087347923,0.6196872725,0.6286353828876783,Train
WOJZAY_clean,6.27243,4.13122,6.27243,1.17515,1915.59,1630.08,0.0,0.0,0.5984,0.509212,0.0,1,0.0036614567,0.3518467967,0.3483291840903504,Test
WOJZEC_clean,6.29331,4.20233,6.29331,1.17761,1945.22,1651.83,0.0,0.0,0.5978,0.507636,0.0,1,0.0037675988,0.3496781153,0.3553855598553422,Train
WOJZIG_clean,6.32968,4.348,6.32927,1.20953,2082.36,1721.62,0.0,0.0,0.5984,0.494736,0.0,1,0.0036491342,0.3516322021,0.34508690588305185,Test
WOJZOM_clean,5.77002,3.85246,5.77002,1.252,1972.92,1575.81,0.0,0.0,0.591,0.472044,0.0,1,0.0037783032,0.3496540129,0.354882460381562,Train
WOLMUG_clean,5.45253,3.7803,5.34777,1.25131,1519.07,1213.99,0.0,0.0,0.5746,0.459198,0.0,1,0.0025512629,0.2437874991,0.24649221332435192,Test
WOLREV_clean,9.92256,5.8874,9.91786,0.624717,2477.67,3966.07,0.0,0.0,0.7426,1.1887,0.0,1,0.0028546506,0.2831264505,0.2864564422161592,Test
WOLRIZ_clean,11.03643,6.52149,11.03643,0.928573,2127.88,2291.56,0.0,0.0,0.7184,0.77366,0.0,1,0.0021707798,0.2149230209,0.21419281517345476,Test
WOLYON_clean,13.08079,12.38023,13.06205,0.690785,1403.08,2031.14,0.0,0.0,0.695,1.0061,0.0,1,0.0014034781,0.145769464,0.141973628903582,Train
WOPSAX02_clean,11.61446,10.87886,11.61282,1.12308,1562.97,1391.69,0.0,0.0,0.6468,0.575919,0.0,1,0.0022437441,0.2184870773,0.21734614502329225,Train
WOPSAX_clean,11.66235,10.95208,11.66071,1.12361,1554.7,1383.67,0.0,0.0,0.6474,0.57618,0.0,1,0.0022201257,0.2198251481,0.2169781966106229,Test
WOPSOL01_clean,10.90023,10.70959,10.90023,1.18162,1552.96,1314.27,0.0,0.0,0.6334,0.536045,0.0,1,0.0022401105,0.2217600367,0.21809107962763485,Train
WOPSOL_clean,10.90058,10.69127,10.90058,1.17453,1540.78,1311.82,0.0,0.0,0.6378,0.543023,0.0,1,0.0021123256,0.2073938002,0.20847917229414936,Test
WOPWOO_clean,5.25085,4.08598,5.25085,2.1223,863.13,406.696,0.0,0.0,0.445,0.209679,0.0,1,0.0008182715,0.0785344408,0.07781409322791824,Train
WOQDUB_charged,6.86807,4.44781,6.86449,1.54228,1806.06,1171.04,0.0,0.0,0.5994,0.388646,0.0,0,0.0006438906,0.0586746688,0.06505092007656155,Train
WOQTUT_clean,7.74164,5.799,7.74164,1.37569,1208.67,878.591,0.0,0.0,0.519,0.377266,0.0,0,0.000675158,0.0692746604,0.0687504116522959,Train
WORKOF_clean,9.81174,6.0117,9.81174,0.930964,2043.98,2195.55,1.24552,1.33788,0.6752,0.725269,0.0,1,0.0031329586,0.3010917509,0.3019635487052898,Test
WORKUL_clean,8.46756,5.64741,8.46756,0.942685,2103.28,2231.16,0.0,0.0,0.6726,0.713494,0.0,1,0.0035829499,0.3315128634,0.34111139809484214,Train
WORLAS_clean,9.28052,5.47786,6.88618,0.953453,2042.04,2141.73,5.77107,6.05281,0.6674,0.699982,0.0,1,0.0031142797,0.3111460857,0.3042537318445941,Train
WORREC_clean,7.54466,5.76979,7.52984,0.764767,2839.31,3712.64,0.0,0.0,0.7218,0.943817,0.0,1,0.003103187,0.29389388,0.30886224693076636,Test
WORSUT_clean,6.27181,5.14016,6.27181,1.1,1232.84,1120.77,0.0,0.0,0.519,0.471819,0.0,0,0.0025963725,0.2455298427,0.24420437737663292,Test
WOSHET_clean,5.11803,3.57569,5.1143,1.5953,423.001,265.155,0.0,0.0,0.4296,0.269291,0.0,1,0.0007426777,0.0738019821,0.06835108568110346,Test
WOSZEL_charged,5.16081,4.12484,4.9288,1.1814,581.838,492.497,0.0,0.0,0.4608,0.390045,0.0,1,0.0023424909,0.2134174281,0.2189124978515288,Train
WOTLOI_clean,8.00513,4.84682,8.00513,0.97425,1418.35,1455.84,0.0,0.0,0.579,0.594304,0.0,1,0.001876939,0.1811552636,0.18247607610776795,Train
WOTSEF_clean,5.63894,4.87372,5.6352,0.95923,2385.0,2486.37,0.0,0.0,0.6578,0.685758,0.0,1,0.0031507233,0.3178863187,0.30793525249478393,Test
WOVDES_clean,5.23028,4.01485,5.22391,1.22139,660.545,540.814,0.0,0.0,0.4386,0.359099,0.0,0,0.0028115332,0.2484306424,0.2563382138011833,Test
WOYHUP_clean,12.04583,5.92239,11.92324,0.785656,2290.99,2916.02,0.0,0.0,0.7288,0.927633,0.0,1,0.0041231275,0.3987359409,0.39182723367397715,Train
WOYJAX_clean,12.27463,5.80964,12.27345,0.829543,2229.7,2687.86,0.0,0.0,0.7142,0.860956,0.0,1,0.00447492,0.4112051966,0.4138365388781653,Test
WOYJEB_clean,12.32799,5.95231,12.30286,0.80227,2262.64,2820.29,0.0,0.0,0.7248,0.903436,0.0,1,0.0041015131,0.3890035117,0.3898965865099844,Test
WOYJIF_clean,12.3325,5.92345,11.43456,0.799114,2266.72,2836.54,0.0,0.0,0.716,0.895992,0.0,1,0.0038073419,0.3718914261,0.3525997296065876,Test
WOYJOL_clean,12.52097,5.76234,12.52097,0.820913,2240.31,2729.05,0.0,0.0,0.7178,0.874392,0.0,1,0.0040145237,0.365146756,0.377709936776191,Test
WOZGUP_clean,8.72596,4.78582,5.19905,0.69846,2019.57,2891.46,0.0,0.0,0.6706,0.960112,0.0,0,0.0029265445,0.2899557653,0.28865719413060104,Train
WOZSOT_charged,7.64385,3.69554,7.61714,1.59976,1128.44,705.383,0.0,0.0,0.5006,0.312922,0.0,1,0.0007565423,0.0727924229,0.07392414517277651,Train
WOZWEP_clean,9.13832,7.15944,9.13721,1.55974,883.314,566.32,0.0,0.0,0.468,0.30005,0.0,0,0.001776874,0.1712135703,0.16429286712750668,Test
WUCRUH_clean,4.31723,3.81301,4.31723,1.71018,546.548,319.586,0.0,0.0,0.3908,0.228514,0.0,1,0.0037169484,0.3233640538,0.3130631439783556,Test
WUDVEY_clean,7.50178,6.81683,7.48998,1.3921,605.922,435.258,0.0,0.0,0.4572,0.328425,0.0,1,0.000936684,0.0947187898,0.08923448977191398,Train
WUGQAS_clean,11.44556,6.40417,11.33705,0.730607,2384.2,3263.31,0.0,0.0,0.7356,1.00683,0.0,1,0.0038382981,0.3760098113,0.36043264148098675,Test
WUHJIT_clean,10.93441,7.53577,10.93441,0.740914,2058.85,2778.79,0.0,0.0,0.6834,0.922374,0.0,1,0.0028675348,0.2787895564,0.27889047275709816,Test
WUKXEH_clean,20.08743,6.60038,20.08743,0.594513,2262.76,3806.08,0.0,0.0,0.7896,1.32814,0.0,1,0.0028024313,0.2814518376,0.2823958225499517,Test
WULJUJ_clean,13.2515,6.69559,13.2515,0.880841,2071.01,2351.17,0.0,0.0,0.7102,0.806275,0.0,1,0.0031011217,0.2846212294,0.29197519123353705,Test
WULKAQ_clean,13.2528,6.68289,13.24082,0.879538,2081.51,2366.6,0.0,0.0,0.7114,0.808834,0.0,1,0.0031721594,0.2843170586,0.2962743118995193,Train
WULQUR_clean,7.08547,5.79444,7.06039,0.976074,2045.35,2095.49,0.0,0.0,0.6658,0.682121,0.0,1,0.0033661465,0.3316253148,0.32228176954739607,Test
WUNSEE01_charged,5.00556,4.25936,4.99526,1.20903,749.985,620.32,113.34,93.7445,0.4842,0.400487,0.0,0,0.0045706659,0.4133839975,0.4073582677268175,Train
WUNSEE02_charged,4.93904,4.0295,4.92508,1.22564,729.192,594.949,58.9909,48.1308,0.476,0.388369,0.0,0,0.0035696523,0.3425874668,0.3256724128304085,Train
WUNSEE_charged,5.0116,4.2579,5.00398,1.20953,754.604,623.882,108.464,89.6743,0.4862,0.401975,0.0,0,0.0045203005,0.4160313323,0.3980315827162221,Test
WUNSII01_charged,5.16255,4.15677,5.1598,1.20317,906.897,753.758,0.0,0.0,0.489,0.406428,0.0,0,0.0043298561,0.3978273645,0.39443093066639984,Test
WUNSII02_charged,5.09877,4.13298,5.09676,1.20829,964.449,798.193,0.0,0.0,0.4804,0.397587,0.0,0,0.0042196816,0.3895737239,0.39173717108886463,Test
WUNSII_charged,5.12194,4.11529,5.12194,1.33232,742.246,557.107,0.0,0.0,0.4414,0.331301,0.0,0,0.0039198612,0.3428962929,0.3389037693075876,Train
WUNTAB_charged,5.08559,4.11717,5.08559,1.2088,729.375,603.388,81.5419,67.4569,0.4856,0.401721,0.0,0,0.0033555991,0.3033685088,0.3085578074661299,Test
WUNTEF_clean,5.11473,4.16376,5.10357,1.08866,1006.1,924.169,87.4124,80.2937,0.5292,0.486103,0.0,0,0.0044060982,0.4017822845,0.3970346780489167,Test
WUNTIJ_clean,5.10474,4.13393,5.10321,1.0969,978.875,892.401,83.5224,76.1441,0.514,0.468593,0.0,0,0.0043063969,0.4140892743,0.38786076457628826,Test
WUNTOP_clean,5.08733,4.17716,5.07679,1.08852,1089.8,1001.18,0.0,0.0,0.5174,0.475323,0.0,0,0.0041192383,0.3877051593,0.37978808810188136,Test
WUNTUV_clean,5.04996,4.14711,5.04511,1.09607,962.033,877.707,77.5987,70.7969,0.5244,0.478435,0.0,0,0.0040055438,0.3883366009,0.35707666921494186,Test
WUNVAD_clean,5.07875,4.17789,5.06297,1.09375,995.244,909.941,78.4709,71.7451,0.516,0.471773,0.0,0,0.0042014482,0.3993684634,0.3844565631438915,Test
WUNVEH_charged,5.09924,4.15379,5.09924,1.2063,759.956,629.989,82.42,68.3246,0.4874,0.404046,0.0,0,0.0034657736,0.3190542033,0.31707693666438647,Test
WUNVIL_charged,5.0609,4.11967,5.05301,1.21644,759.402,624.282,73.8134,60.6798,0.48,0.394594,0.0,0,0.0037427836,0.3307547304,0.3376031737372865,Test
WUNVOR_clean,5.13748,4.1998,5.12786,1.08542,1130.58,1041.61,0.0,0.0,0.5222,0.481103,0.0,0,0.0044200914,0.414362141,0.4058946429582573,Test
WUNVUX_clean,5.06256,4.10802,5.0479,1.09653,996.696,908.953,84.6011,77.1534,0.5168,0.471304,0.0,0,0.0042014482,0.3994646664,0.3828233124526935,Test
WUPZUE_clean,5.06349,3.71152,5.06349,1.47923,1116.55,754.816,0.0,0.0,0.5356,0.362081,0.0,1,0.0037832876,0.3522667084,0.3410881503082951,Test
WURKEB_clean,6.32965,4.86396,6.30162,0.999228,1791.69,1793.08,0.0,0.0,0.6306,0.631087,0.0,1,0.0028201785,0.265075174,0.275061564468197,Test
WURNOO_clean,6.92026,6.59227,6.92026,1.32896,1046.66,787.578,0.0,0.0,0.471,0.354412,0.0,0,0.0012347421,0.1229758999,0.1282311363844528,Test
WUSCUJ_clean,5.70656,4.20407,5.70656,1.37248,1878.22,1368.48,0.0,0.0,0.6602,0.481026,0.0,1,0.000704608,0.0687119664,0.07115559518288453,Train
WUSGIC_clean,4.47666,3.4574,4.38159,1.49843,1071.95,715.381,0.0,0.0,0.5224,0.348632,0.0,0,0.0020415833,0.201851135,0.19956571788705355,Train
WUSLED_clean,10.30385,9.54542,10.30385,0.791501,1993.93,2519.18,0.0,0.0,0.7574,0.956916,0.0,1,0.0016961082,0.1658215102,0.16954355900442114,Test
WUSSEK_clean,8.48774,6.12459,8.47169,0.953346,1562.83,1639.31,0.0,0.0,0.592,0.62097,0.0,1,0.0021949753,0.2092409526,0.2152662305979317,Test
WUSXEP_clean,10.27954,6.68603,10.27954,0.811613,2141.53,2638.61,0.0,0.0,0.7038,0.867162,0.0,1,0.0041430745,0.3713268838,0.38758883558703683,Test
WUTBES_clean,7.39924,5.0967,7.39924,1.7772,885.87,498.464,0.0,0.0,0.459,0.258271,0.0,0,0.0012782501,0.1225294065,0.12369044632041898,Train
WUTBEU_clean,12.65678,12.45148,12.65678,0.754809,1718.63,2276.91,0.0,0.0,0.7462,0.988595,0.0,0,0.0022905541,0.2205062653,0.22213298493821232,Test
WUTBIW_clean,7.26683,5.05082,7.26683,1.84193,854.902,464.133,0.0,0.0,0.4484,0.24344,0.0,0,0.0013464944,0.1259943446,0.12641697513004427,Train
WUTBOC_clean,7.17175,4.98444,7.17175,1.90997,842.378,441.043,0.0,0.0,0.429,0.224611,0.0,0,0.0013432586,0.1274848859,0.1275323471712605,Test
WUTBUI_clean,7.46533,5.15143,7.46533,1.74528,880.071,504.258,0.0,0.0,0.4664,0.267235,0.0,0,0.0012218079,0.1177428854,0.1188577984892043,Test
WUTCAP_clean,7.16776,4.98308,7.16776,1.90582,867.573,455.224,0.0,0.0,0.4432,0.232551,0.0,0,0.001427822,0.1269818415,0.13436020810016983,Train
WUTKIG_clean,4.92252,4.16141,4.92016,1.02848,1305.43,1269.29,149.801,145.653,0.5256,0.511047,0.0,1,0.0023186252,0.2250322387,0.2276808537636086,Train
WUWQEL_clean,6.86556,5.42795,6.77124,1.72448,1373.37,796.394,0.0,0.0,0.5618,0.325779,0.0,0,0.0008488081,0.078131877,0.08138401559212183,Train
WUYWIY_clean,9.10759,5.82003,9.09622,0.79426,2035.41,2562.65,0.0,0.0,0.6788,0.854632,0.0,0,0.0022503026,0.2233102442,0.22604652138968934,Train
WUYWOE_clean,9.31132,6.13762,9.25337,0.805528,2027.45,2516.92,0.0,0.0,0.6802,0.844415,0.0,0,0.0022716068,0.2227278208,0.22715397434216536,Test
WUYWUK_clean,8.78773,6.19333,8.65663,0.743413,2043.29,2748.52,0.0,0.0,0.6694,0.900442,0.0,0,0.0027075035,0.2641324223,0.26498567530101824,Test
WUYXAR_clean,9.35403,6.16685,9.35403,0.696817,2021.29,2900.75,0.0,0.0,0.689,0.988782,0.0,0,0.0024332222,0.2477626634,0.24380565877118265,Train
WUYXEV_clean,9.37986,6.91474,9.3766,0.799877,2024.21,2530.65,0.0,0.0,0.6774,0.84688,0.0,0,0.0023776944,0.2412754439,0.23451230811262266,Test
WUYXIZ_clean,9.29397,7.061,9.29397,0.804304,2026.73,2519.86,0.0,0.0,0.6664,0.828542,0.0,1,0.0026191291,0.2456864939,0.25869043584135604,Test
WUYXOF_clean,9.05505,5.17643,9.05505,0.759045,1983.21,2612.77,0.0,0.0,0.6628,0.873203,0.0,0,0.0024402525,0.2284990091,0.24161251936933834,Train
WUYXUL_clean,9.2643,7.0803,9.2643,0.838826,2017.64,2405.31,0.0,0.0,0.6628,0.790152,0.0,1,0.0024108295,0.2402359022,0.23719728595379422,Test
WUYYAS_clean,9.33636,7.09924,9.33362,0.775219,2017.38,2602.33,0.0,0.0,0.6762,0.87227,0.0,1,0.0023132896,0.2475463333,0.23477123557633248,Test
WUYYEW_clean,9.26232,6.95652,9.26232,0.838222,1987.56,2371.16,0.0,0.0,0.6778,0.808616,0.0,1,0.002449372,0.2391081704,0.23944022097751022,Test
WUYYOG_clean,8.73316,6.23369,8.71341,0.740492,2050.34,2768.88,0.0,0.0,0.675,0.911557,0.0,1,0.0027914361,0.2967422901,0.280552634022487,Test
WUZDOL_clean,5.93429,4.20385,5.53783,1.95218,1731.21,886.811,0.0,0.0,0.5688,0.291367,0.0,1,0.000782717,0.0754537586,0.0769493057135241,Train
WUZGAB_clean,9.3852,6.06112,9.3852,0.741116,2013.56,2716.93,0.0,0.0,0.6778,0.914567,0.0,0,0.0023613106,0.2411525352,0.23629607910218098,Train
WUZQOZ_clean,6.97207,5.82661,6.96816,0.933596,1700.54,1821.49,0.0,0.0,0.6474,0.693448,0.0,1,0.0020758747,0.2006919957,0.2053308864705459,Train
XACGIT_charged,5.6865,4.62391,5.6865,2.0702,595.538,287.672,0.0,0.0,0.4486,0.216694,0.0,0,0.00055576,0.0528748836,0.051438904338549,Train
XACQAT_clean,5.05389,3.89577,5.05389,2.41939,826.15,341.47,0.0,0.0,0.42,0.173597,0.0,0,0.0176271615,1.0066981798,1.0121043744137719,Train
XACSIG_clean,5.90641,4.49569,5.71401,1.1598,896.995,773.404,0.0,0.0,0.4966,0.428177,0.0,0,0.0023422709,0.2198917994,0.22120626681849218,Test
XACZEH_clean,10.60893,7.2431,10.60893,1.18823,994.3,836.792,67.7434,57.0121,0.5998,0.504785,0.0,1,0.0012003919,0.1215219009,0.12345583860367487,Test
XADCEM_clean,8.43446,8.11603,8.43446,1.03711,1659.86,1600.46,0.0,0.0,0.6244,0.602057,0.0,1,0.0041520563,0.4045833826,0.39596145193696874,Test
XADDAJ01_clean,6.46856,4.61872,6.46856,1.24305,1893.89,1523.58,0.0,0.0,0.5932,0.477214,0.0,1,0.0032488884,0.2984045518,0.3083947441111009,Train
XADDAJ_clean,6.3423,4.46517,6.3423,1.25711,1867.55,1485.59,0.0,0.0,0.5936,0.472195,0.0,1,0.0030682637,0.2901822018,0.29206327950048616,Train
XADDEN_manual,13.23644,6.65907,13.23644,0.875752,2128.62,2430.62,0.0,0.0,0.7182,0.820095,0.0,1,0.0033271509,0.3109362034,0.3066873794424365,Train
XADDIR_manual,13.24642,6.64739,13.24642,0.87412,2116.36,2421.13,0.0,0.0,0.718,0.821397,0.0,1,0.0032806535,0.3115045056,0.30308843689677956,Test
XADDOX_clean,5.56472,4.25664,5.46687,1.21878,1831.56,1502.78,0.0,0.0,0.5704,0.46801,0.0,1,0.0017829698,0.1874359942,0.17769225621322754,Train
XADDUD_clean,6.46377,5.36376,6.20996,1.13461,1899.46,1674.11,0.0,0.0,0.5878,0.518062,0.0,1,0.0023315654,0.220571691,0.22994630700549895,Train
XADGAM_clean,5.02813,3.93675,5.02538,1.19627,575.885,481.401,200.588,167.678,0.4922,0.411446,0.0,1,0.0082080296,0.6677298926,0.6560635436030752,Train
XADGOA_clean,4.96518,4.05764,4.96518,2.7729,1349.87,486.806,0.0,0.0,0.5428,0.195751,0.0,1,0.0016408248,0.1504801243,0.15193489066137733,Test
XAFBEN_clean,4.46675,3.68033,4.46518,1.46572,1326.74,905.182,0.0,0.0,0.5588,0.381246,0.0,1,0.0050543978,0.4525159679,0.46003492339172086,Test
XAFFAN_clean,14.91316,13.24304,14.91316,0.365184,1896.05,5192.05,0.0,0.0,0.8544,2.33964,0.0,1,0.0026573193,0.2687919881,0.2653422495781198,Train
XAFFER_clean,14.21921,13.28886,14.21921,0.359874,1854.43,5152.99,0.0,0.0,0.8504,2.36305,0.0,1,0.0027757733,0.2713426987,0.2740595705738526,Train
XAFFIV_clean,14.22916,13.19368,14.22916,0.358398,1899.33,5299.5,0.0,0.0,0.8506,2.37334,0.0,1,0.0025570169,0.265134955,0.25532158982184666,Test
XAFFOB_clean,14.83912,13.174,14.83912,0.366991,1878.61,5118.95,0.0,0.0,0.845,2.30251,0.0,1,0.0025786423,0.2616330125,0.2567404882223027,Test
XAFFUH_clean,23.72832,19.63801,23.72795,0.329166,1685.62,5120.87,0.0,0.0,0.8726,2.65094,0.0,1,0.0028682436,0.2830079734,0.2826729210168188,Train
XAFXOT_clean,5.91185,4.82034,5.90988,1.88819,647.785,343.072,0.0,0.0,0.3646,0.193095,0.0,1,0.0011777478,0.1122707871,0.10562055961770989,Test
XAGPUT_clean,5.48557,4.55432,5.48557,1.58071,2319.33,1467.27,0.0,0.0,0.6272,0.396784,0.0,1,0.002395679,0.2405765306,0.2331381505098567,Test
XAHPAZ_clean,8.5954,7.40656,8.5954,0.71813,2299.0,3201.36,0.0,0.0,0.725,1.00957,0.0,1,0.0024150754,0.2430639787,0.24066636542609146,Train
XAHPED_clean,12.36916,10.86748,12.33885,0.374438,1946.72,5199.04,0.0,0.0,0.8398,2.24283,0.0,1,0.0025354406,0.2541810612,0.25361498965912027,Train
XAHPIH_clean,14.31673,13.37952,14.23422,0.356183,1691.25,4748.26,0.0,0.0,0.8698,2.442,0.0,1,0.0025316093,0.2571424181,0.2537732956464119,Test
XAHPON_clean,17.29514,15.33221,17.29514,0.284265,1476.32,5193.45,0.0,0.0,0.8856,3.1154,0.0,1,0.0031116266,0.3088552838,0.31132602716349544,Train
XAHPUT_clean,21.82812,20.58591,21.82812,0.178675,1104.09,6179.32,0.0,0.0,0.9154,5.12326,0.0,1,0.0037260175,0.3625655393,0.36469789566714367,Train
XAHQAA_clean,23.03533,21.60719,23.02579,0.170429,1040.62,6105.88,0.0,0.0,0.9292,5.45213,0.0,1,0.0039820899,0.3811842953,0.3857306216453713,Test
XAHWAG_clean,5.39358,4.37499,5.38893,1.33376,2734.04,2049.88,0.0,0.0,0.6868,0.514937,0.0,0,0.0028375025,0.2784698491,0.2807042806101043,Test
XAJQAC_SL,8.58247,7.41664,8.57789,0.88698,2088.4,2354.51,0.0,0.0,0.6722,0.757852,0.0,0,0.0054344374,0.5092209386,0.5079212852466942,Test
XAJSEJ_clean,7.98338,7.19596,7.98212,0.722195,2566.22,3553.36,0.0,0.0,0.733,1.01496,0.0,0,0.0039573799,0.3926766248,0.3870165712227726,Train
XAKQOR_clean,6.07415,4.27878,5.44099,0.965162,1660.14,1720.06,0.0,0.0,0.5906,0.611918,0.0,0,0.0036541662,0.3570186197,0.3499368899002426,Train
XAKVUB_clean,4.10491,3.45919,4.10491,2.87963,383.784,133.276,0.0,0.0,0.3656,0.126961,0.0,1,0.1364919517,1.8634879314,1.8580431569566969,Train
XAKYUE_clean,12.06174,7.75873,12.06174,0.881143,1544.96,1753.36,0.0,0.0,0.6152,0.698184,0.0,1,0.0026856347,0.2438549821,0.2563914886551237,Test
XAKZAL_clean,8.8329,3.77071,4.46909,1.00158,193.263,192.958,1002.0,1000.42,0.5486,0.547735,0.0,1,0.0025610467,0.2418613581,0.23839860919024147,Test
XAKZIT_clean,12.23219,8.02038,12.23219,0.853098,1638.56,1920.72,0.0,0.0,0.6458,0.757006,0.0,1,0.0027624047,0.2539803287,0.27089045431416287,Test
XAKZOZ_clean,12.1779,8.09448,10.99703,0.853016,1612.06,1889.83,0.0,0.0,0.6372,0.746997,0.0,1,0.0026319907,0.2597100742,0.25615402531534287,Test
XAKZUF_clean,12.14685,7.7394,12.14685,0.885336,1547.82,1748.28,0.0,0.0,0.616,0.695781,0.0,1,0.0025981653,0.2513838302,0.252579450892449,Train
XALBAO_clean,12.08969,7.27048,11.78932,0.880979,1591.93,1807.0,0.0,0.0,0.6308,0.716022,0.0,1,0.0026508194,0.2563149873,0.25584566941417136,Train
XALBES_clean,12.09861,7.46549,12.09861,0.882372,1572.28,1781.87,0.0,0.0,0.6194,0.701971,0.0,1,0.0026425922,0.2573187116,0.25527726023489333,Train
XALBIW_clean,12.14217,7.80534,11.99319,0.869373,1588.95,1827.7,0.0,0.0,0.6226,0.716148,0.0,1,0.0025932287,0.2565256048,0.2530192148865564,Test
XALBUI_clean,12.38727,7.83288,12.25594,0.880388,1559.27,1771.12,0.0,0.0,0.6108,0.693785,0.0,1,0.002633801,0.254200669,0.2534752591165984,Train
XALCAP_clean,12.14021,7.5095,12.14021,0.892504,1531.39,1715.83,0.0,0.0,0.6302,0.706103,0.0,1,0.002666197,0.2602797926,0.2579482991141976,Train
XALCET_clean,12.0955,7.67742,12.0955,0.88783,1530.66,1724.05,0.0,0.0,0.6136,0.691123,0.0,1,0.0023389967,0.2524010669,0.229247801745223,Test
XALCIX_clean,8.90504,3.86123,4.56441,1.0015,203.674,203.369,1009.04,1007.53,0.5542,0.55337,0.0,1,0.002553885,0.2371675381,0.2389260757317463,Train
XALCOD_clean,8.97205,3.95645,4.60423,0.992163,207.149,208.786,995.754,1003.62,0.5564,0.560795,0.0,1,0.0024464585,0.2385096526,0.23516066025301363,Train
XALCUJ_clean,8.77917,3.81164,4.50991,0.995838,192.509,193.314,1019.4,1023.66,0.5598,0.562139,0.0,1,0.0025238056,0.2375127351,0.2386148628026237,Test
XALDAQ_clean,8.8251,3.77258,4.48452,0.998614,192.623,192.891,1030.53,1031.96,0.5614,0.562179,0.0,1,0.002460782,0.2285576656,0.23114663943311298,Train
XALDAS_clean,11.1437,9.04409,11.1437,0.650684,2284.21,3510.47,0.0,0.0,0.7594,1.16708,0.0,1,0.0034043315,0.3045288047,0.33044940983315496,Test
XALDEU_clean,8.28708,3.55494,4.42564,1.01761,177.365,174.295,1049.0,1030.85,0.5566,0.546967,0.0,1,0.0023461938,0.2202700725,0.22413787102526989,Test
XALDIY_clean,8.51371,3.60578,4.41534,1.00994,178.965,177.204,1041.51,1031.26,0.5412,0.535874,0.0,1,0.002286035,0.2186371904,0.2223196536039637,Train
XALDOE_clean,8.72809,3.86749,4.52721,0.991405,208.075,209.879,1052.86,1061.99,0.545,0.549725,0.0,1,0.0022430644,0.2285232891,0.222797217411154,Train
XALMII_clean,10.30936,8.99249,10.23213,0.734436,2165.04,2947.89,0.0,0.0,0.7052,0.960192,0.0,1,0.0025384292,0.2476540502,0.25486319034813987,Test
XALTIP_clean,18.68299,9.17237,18.68299,0.551216,1809.24,3282.27,0.0,0.0,0.7988,1.44916,0.0,1,0.002132144,0.2205162931,0.2174145590703797,Test
XALXUF01_clean,16.53276,6.69779,16.53276,0.78335,1957.27,2498.59,0.0,0.0,0.7286,0.930107,0.0,1,0.0031199165,0.3034208754,0.30046433705959713,Test
XALXUF_clean,16.29659,6.6292,16.03149,0.78852,1944.95,2466.59,0.0,0.0,0.7412,0.939989,0.0,1,0.0029895551,0.2928518787,0.28927147049386687,Test
XAMDUM01_clean,13.18662,6.72456,13.18662,0.882605,2071.54,2347.07,0.0,0.0,0.7186,0.81418,0.0,1,0.0034511441,0.3130001736,0.31547301362580354,Test
XAMDUM02_clean,13.17767,6.71826,13.17767,0.884458,2085.56,2358.0,0.0,0.0,0.7192,0.813153,0.0,1,0.003422729,0.3167871327,0.31470811637001556,Test
XAMDUM03_clean,13.16192,6.69067,13.16192,0.887821,2084.01,2347.33,0.0,0.0,0.7178,0.808496,0.0,1,0.0034149794,0.3197810519,0.3154877569626528,Test
XAMDUM04_clean,12.94074,6.40333,12.94074,0.919994,2127.62,2312.64,0.0,0.0,0.711,0.772831,0.0,1,0.0038076246,0.3524945917,0.34754908062682877,Test
XAMDUM05_clean,13.11018,6.61787,13.11018,0.895381,2105.3,2351.29,0.0,0.0,0.717,0.800776,0.0,1,0.0035415558,0.3319969655,0.323103005193949,Test
XAMDUM06_clean,13.1663,6.64621,13.1663,0.88326,2088.66,2364.72,0.0,0.0,0.7192,0.814256,0.0,1,0.0034924752,0.3062399609,0.32135439086357837,Test
XAMDUM_clean,13.20706,6.72961,13.20706,0.879722,2074.04,2357.61,0.0,0.0,0.7196,0.817985,0.0,1,0.0033736484,0.3075315567,0.31333226634797773,Test
XAMGUQ_clean,8.47788,6.65907,8.47788,0.938367,1761.37,1877.06,0.0,0.0,0.63,0.671379,0.0,1,0.0022729906,0.2285396696,0.22597362950101363,Test
XAMHEA_manual,9.05929,7.3957,8.92663,0.731602,2360.06,3225.88,0.0,0.0,0.7172,0.980315,0.0,0,0.0026154071,0.2583580694,0.2582225020825772,Test
XANKOO_clean,10.98297,5.31916,10.97484,0.745521,2263.49,3036.11,6.87382,9.22015,0.704,0.944306,0.0,1,0.0021125989,0.2046136907,0.20812064284727638,Train
XANLAA_clean,6.14583,4.4748,6.13418,0.794677,2426.04,3052.86,0.0,0.0,0.655,0.824234,0.0,1,0.0043916887,0.4479378175,0.43466846921705443,Train
XANLEE_clean,6.11311,4.49275,6.10612,0.785206,2427.23,3091.21,0.0,0.0,0.6562,0.835705,0.0,1,0.0046068002,0.4631431054,0.44955637183106384,Test
XANMIJ_clean,6.91782,5.66055,6.91782,1.1601,1892.28,1631.14,0.0,0.0,0.5818,0.50151,0.0,0,0.001865358,0.1771512677,0.18014547579626955,Test
XAPCOH_clean,8.13608,7.45425,8.13237,1.22623,2069.1,1687.37,0.0,0.0,0.6692,0.545739,0.0,0,0.0018992532,0.1865771041,0.18637649631257858,Train
XAPCOJ01_clean,7.3057,7.1276,7.3057,1.11442,1602.91,1438.33,0.0,0.0,0.599,0.537499,0.0,0,0.0034849034,0.3462857881,0.34111656818355496,Train
XAPCOJ02_clean,7.30662,7.12733,7.30662,1.1168,1599.91,1432.58,0.0,0.0,0.598,0.535457,0.0,0,0.0036066271,0.3454562639,0.35017166365456387,Test
XAPCOJ03_clean,7.31075,7.15837,7.31075,1.119,1594.88,1425.28,0.0,0.0,0.597,0.533514,0.0,0,0.0036111353,0.3466689922,0.3501366701923427,Test
XAPCOJ04_clean,7.30941,7.11813,7.30941,1.12085,1593.11,1421.33,0.0,0.0,0.597,0.53263,0.0,0,0.0036404392,0.3507828012,0.3502054675008863,Train
XAPCOJ05_clean,7.33092,7.2403,7.33092,1.11449,1591.26,1427.79,0.0,0.0,0.599,0.537465,0.0,0,0.0035547818,0.3416986093,0.3432861691908971,Test
XAPCOJ06_clean,7.33103,7.26133,7.33103,1.11607,1588.71,1423.49,0.0,0.0,0.5978,0.535629,0.0,0,0.0033744504,0.3359775971,0.3329536944221825,Test
XAPCOJ07_clean,7.31581,7.08591,7.31581,1.1114,1611.64,1450.1,0.0,0.0,0.6012,0.540938,0.0,0,0.0037554004,0.346396241,0.36121874255020414,Test
XAPCOJ_clean,7.18852,7.02354,7.18852,1.11226,1622.09,1458.37,0.0,0.0,0.6008,0.540161,0.0,0,0.0036517099,0.3550814498,0.35292015576776287,Test
XAPCUN_clean,8.23812,7.71066,8.23292,1.2095,2057.71,1701.29,0.0,0.0,0.6722,0.555769,0.0,0,0.0018511958,0.1861979118,0.18022677812444424,Test
XAPDAU_clean,8.2002,7.60089,8.18046,1.21167,2074.4,1712.02,0.0,0.0,0.6722,0.554773,0.0,0,0.0018808202,0.1867219345,0.18336182372648335,Train
XAPDEY_clean,8.43698,7.85452,8.43698,1.19984,2075.29,1729.64,0.0,0.0,0.6726,0.560573,0.0,0,0.0019203194,0.1835863563,0.18587977418704732,Train
XAPGAZ_clean,10.38016,8.73539,10.36807,1.35659,2005.54,1478.37,0.0,0.0,0.7244,0.533985,0.0,1,0.0005772948,0.0576502026,0.05878274654299703,Train
XAPGED_clean,10.47318,8.63887,10.47223,1.31181,2059.34,1569.85,0.148904,0.11351,0.7314,0.557551,0.0,1,0.0005882799,0.0572752289,0.06101718101773182,Train
XAPGOK_clean,4.30393,3.46273,4.2974,1.65851,453.916,273.69,0.0,0.0,0.4906,0.295808,0.0,1,0.0018991236,0.1906033794,0.1746379964633215,Test
XAPGUQ_clean,5.69788,4.67127,5.65245,1.33358,1307.89,980.739,0.0,0.0,0.5882,0.44107,0.0,1,0.0018394174,0.1735806658,0.17571332807007845,Test
XAPNIN_clean,6.36937,5.09614,6.24616,0.987749,1999.77,2024.57,0.0,0.0,0.6554,0.663529,0.0,0,0.0034961037,0.3337479492,0.34029826117417383,Train
XAPSIS_clean,5.46139,4.76389,5.45821,0.955004,2054.51,2151.31,0.0,0.0,0.644,0.674342,0.0,1,0.0031766159,0.3021622126,0.3074905403444722,Test
XAPTEQ_clean,5.59461,4.17124,5.5868,1.43565,1333.03,928.52,0.0,0.0,0.5274,0.36736,0.0,1,0.0047137092,0.4201639633,0.4230782435302882,Test
XAPTUE_clean,7.01351,4.77674,6.96552,1.46731,1437.82,979.906,0.0,0.0,0.555,0.378244,0.0,1,0.0030674845,0.2828592485,0.2880148998738136,Train
XARPAK_clean,5.96341,5.54999,5.95022,1.02109,1555.57,1523.45,0.0,0.0,0.5744,0.562538,0.0,1,0.0033461252,0.318583034,0.3157678720271037,Test
XASFAY_clean,4.84062,3.90347,4.82463,0.992255,1242.53,1252.23,0.0,0.0,0.541,0.545223,0.0,1,0.0024127551,0.2341610209,0.23559606503423722,Test
XASJUZ_clean,5.3717,3.49252,5.3717,1.8286,687.912,376.196,166.963,91.3066,0.5254,0.287324,0.0,1,0.0017530878,0.1665680906,0.16755382071712066,Train
XASNUD_clean,13.51875,4.58024,13.51875,0.967914,2185.15,2257.59,0.0,0.0,0.6906,0.713493,0.0,1,0.0032903941,0.3105850289,0.3133884286085049,Train
XASPEP_clean,8.21663,6.97386,8.21491,1.11162,2036.98,1832.45,0.0,0.0,0.6426,0.578078,0.0,1,0.0029979998,0.2899542236,0.28898283907647726,Test
XATLIQ_clean,6.68504,4.40867,6.68504,1.13487,1861.75,1640.49,0.0,0.0,0.6014,0.529928,0.0,1,0.002254267,0.2219337936,0.22355695981194867,Test
XATZOK_clean,8.52599,5.82023,8.33095,0.788781,2129.05,2699.16,0.0,0.0,0.69,0.874767,0.0,1,0.003877734,0.3591723724,0.3694372502709434,Train
XATZUQ_clean,7.56959,6.44554,7.50387,0.891969,1666.54,1868.38,0.0,0.0,0.6382,0.715495,0.0,1,0.0031646576,0.305325262,0.30547962456666156,Train
XAVDEF_clean_h,7.82348,7.29552,7.82348,0.99494,1791.82,1800.93,0.0,0.0,0.636,0.639234,0.0,1,0.0026869372,0.2730532258,0.26014364835728787,Test
XAVKIR_clean,15.62831,12.51365,15.62831,0.534545,1877.9,3513.08,0.0,0.0,0.7824,1.46367,0.0,1,0.0036470789,0.3485322782,0.34719985675549986,Test
XAVQIU01_clean,4.21946,3.54584,4.20969,1.16836,1052.94,901.216,0.0,0.0,0.57,0.487865,0.0,1,0.0025614272,0.2542345791,0.2529080255111837,Test
XAVQIU_clean,4.2412,3.56279,4.22796,1.15986,1110.01,957.016,0.0,0.0,0.5978,0.515406,0.0,1,0.0026178256,0.2582341655,0.2535753160481303,Test
XAWVUN_clean,10.78711,9.22291,10.78432,0.464213,2191.63,4721.18,0.0,0.0,0.8104,1.74575,0.0,1,0.0025206409,0.2470052464,0.24702864023866106,Test
XAYMUF_charged,4.86158,4.09043,4.85942,1.50538,1217.87,809.015,0.0,0.0,0.5458,0.362567,0.0,1,0.0039910146,0.3722908098,0.3641497663898179,Test
XAZFEJ_clean,4.73064,4.15643,4.70239,1.61284,1526.71,946.596,0.0,0.0,0.5556,0.344486,0.0,1,0.0014694256,0.1441872176,0.14451648479516802,Train
XAZGAG_charged,5.71825,5.05813,5.70025,2.0699,460.384,222.419,0.0,0.0,0.4028,0.194599,0.0,1,0.0005358383,0.0504665639,0.04854805632355766,Train
XAZGEK_clean,4.67162,3.9585,4.53755,1.49862,1406.73,938.683,116.154,77.5075,0.6196,0.413447,0.0,1,0.0008779993,0.0868868146,0.09737649012237609,Test
XEBHOC_clean,12.08201,9.91355,12.06465,0.465059,2182.46,4692.86,0.0,0.0,0.813,1.74817,0.0,1,0.0023449865,0.248669572,0.2371879840724374,Test
XEDGIY_clean,7.07898,5.31452,7.01634,0.998068,1852.97,1856.56,0.0,0.0,0.6184,0.619597,0.0,1,0.0021131685,0.2042004416,0.20707972451677686,Train
XEDLUN01_clean,4.9958,3.46915,4.97725,0.885985,1404.66,1585.43,0.0,0.0,0.6048,0.68263,0.0,1,0.0055593518,0.5291892331,0.532674445800599,Test
XEDLUN_clean,5.03615,3.51292,5.0361,0.885985,1404.83,1585.62,0.0,0.0,0.61,0.688499,0.0,1,0.0053858229,0.5184561493,0.5093980944095441,Train
XEDPED_clean,10.92065,8.43628,10.92065,1.03509,1442.59,1393.7,0.0,0.0,0.609,0.588357,0.0,0,0.0024246885,0.228624344,0.23148610854775903,Train
XEDPIH_clean,4.84924,3.94171,4.80226,1.78705,773.954,433.09,0.0,0.0,0.5042,0.282141,0.0,0,0.0037569611,0.3197868584,0.32724780239902745,Train
XEDPON_clean,7.48304,4.32366,7.48304,1.13521,1918.18,1689.72,0.0,0.0,0.6406,0.564302,0.0,1,0.0035027133,0.3283567938,0.3368145019797034,Train
XEDPUT_clean,12.14022,5.32775,12.13484,1.5096,998.115,661.177,50.3608,33.3603,0.5416,0.35877,0.0,1,0.0153222425,0.5609476135,0.5699394562287392,Train
XEFGAQ_clean,4.04864,3.84801,4.03945,1.23647,540.504,437.135,0.0,0.0,0.4578,0.370247,0.0,0,0.0028957195,0.2767049019,0.27102533640614856,Train
XEFKOI_clean,4.24138,4.03203,4.24093,1.2014,660.067,549.414,0.0,0.0,0.487,0.40536,0.0,0,0.0033931105,0.3112672407,0.3199227654023462,Test
XEGJIE02_clean,6.83643,4.32814,6.8224,1.14242,1819.25,1592.45,0.0,0.0,0.6186,0.541481,0.0,1,0.0025725725,0.2407345925,0.249964747966785,Test
XEGJIE_clean,6.8392,4.32331,6.8392,1.14242,1823.4,1596.08,0.0,0.0,0.6078,0.532027,0.0,1,0.0024403066,0.2403020829,0.23841303231471847,Test
XEGJOK_clean,8.03848,5.65574,8.03848,1.06612,2083.29,1954.09,0.0,0.0,0.6316,0.59243,0.0,1,0.0024641145,0.2352693639,0.24124676215358523,Test
XEGJUQ_clean,7.4125,4.89988,7.38387,1.09762,2034.16,1853.25,0.0,0.0,0.6302,0.574154,0.0,1,0.0024416293,0.2390601057,0.23997559505241156,Test
XEGKAX_clean,7.81736,4.94122,7.81736,1.03321,2328.38,2253.55,0.0,0.0,0.6462,0.625431,0.0,1,0.0021479989,0.2213893761,0.2173100206405483,Test
XEGKEB_clean,8.23995,5.69274,8.22914,1.05735,2095.89,1982.22,0.0,0.0,0.65,0.614747,0.0,1,0.0022432303,0.2286494536,0.21673000596692446,Test
XEGKIF_clean,5.20553,3.75045,5.02164,1.3269,1101.02,829.769,0.0,0.0,0.5188,0.390988,0.0,1,0.0033182813,0.304862729,0.30755720930073793,Test
XEGKOL_clean,8.255,5.9525,8.24564,1.11832,1646.01,1471.86,0.0,0.0,0.6014,0.537769,0.0,0,0.002003194,0.1886320671,0.19728831077586964,Train
XEGKUR_clean,6.60096,5.85838,6.60096,1.03463,2226.74,2152.21,0.0,0.0,0.653,0.631143,0.0,1,0.0023252352,0.230142736,0.23265673486142024,Train
XEHDEV_clean,10.95452,9.96703,10.95452,0.958795,1688.15,1760.7,0.0,0.0,0.6704,0.699211,0.0,0,0.002056242,0.2016384752,0.20355192366442848,Test
XEHRUY_clean,4.75094,3.73804,4.73309,1.40294,806.249,574.687,0.0,0.0,0.4558,0.32489,0.0,0,0.0022573185,0.2142347086,0.2139933610471036,Train
XEHSAF_clean,4.88109,3.65952,4.87411,1.39164,808.303,580.827,0.0,0.0,0.4608,0.33112,0.0,0,0.0021722895,0.214143606,0.20371711646187568,Test
XEHSEJ_clean,5.24127,3.85188,5.21916,1.33454,931.861,698.265,0.0,0.0,0.4838,0.362522,0.0,0,0.002255294,0.2095176215,0.21283137549121509,Test
XEHSIN_clean,4.81303,3.64676,4.81303,1.40908,773.939,549.25,0.0,0.0,0.452,0.320776,0.0,0,0.002214804,0.218763517,0.20692098608171214,Train
XEHSOT_clean,4.76348,3.63666,4.76348,1.41375,744.384,526.53,0.0,0.0,0.4508,0.318867,0.0,0,0.0023059065,0.2111534182,0.21380523447162914,Test
XEHSUZ_clean,4.73753,3.78928,4.73753,1.38845,832.486,599.579,0.0,0.0,0.4634,0.333753,0.0,0,0.0022532695,0.2203446522,0.21605031972129204,Test
XEJWUG_clean,4.34072,3.48491,4.33485,1.56158,471.476,301.922,0.0,0.0,0.4076,0.261018,0.0,0,0.0042572927,0.36801427,0.3642400764166955,Train
XEJXAN_clean,4.27901,3.60567,4.27901,1.57867,491.894,311.588,0.0,0.0,0.4078,0.258319,0.0,0,0.0046504701,0.3929269471,0.3852212475924956,Test
XEJXER_clean,4.12173,3.57853,4.12173,1.5597,414.634,265.842,0.0,0.0,0.4006,0.256844,0.0,0,0.0010039386,0.0862303218,0.09523079156350067,Train
XEKCAT01_clean,5.91545,4.93297,5.80854,0.930696,2244.72,2411.88,0.0,0.0,0.61,0.655424,0.0,1,0.0039216278,0.3991827888,0.3702359248877448,Test
XEKCAT_clean,5.88115,4.91006,5.87893,0.940943,2247.61,2388.68,0.0,0.0,0.6062,0.644247,0.0,1,0.0043086586,0.4087922737,0.4109867756156942,Test
XEKDOI_clean,4.10568,3.45704,3.93638,1.4574,748.354,513.486,0.0,0.0,0.4558,0.312749,0.0,1,0.0006098005,0.0682474322,0.06541607697451138,Train
XEKMIL_clean,4.64233,3.82793,4.64153,1.9066,1018.44,534.165,0.0,0.0,0.4706,0.246827,0.0,1,0.0009632316,0.0991394214,0.09850332994988889,Train
XENCAU_clean,8.29403,6.89914,8.29403,0.556974,2324.09,4172.71,0.0,0.0,0.7312,1.31281,0.0,1,0.0015787717,0.1600728749,0.15960733844501596,Train
XENKIM_clean,7.32998,6.03401,7.3267,0.822036,2196.41,2671.92,0.0,0.0,0.6598,0.802641,0.0,1,0.0029250883,0.2915581406,0.2857975081809933,Test
XENMIO_SL,4.2763,3.43605,4.2763,1.62008,351.871,217.194,309.344,190.944,0.4486,0.2769,0.0,1,0.0074099918,0.5570754312,0.5593744755427393,Train
XENMOU_SL,4.28444,3.44611,4.27407,1.60371,375.808,234.337,301.542,188.028,0.4528,0.282345,0.0,1,0.0069995836,0.530621081,0.5293000186401695,Train
XEPBAX_clean,5.14969,3.64809,5.0808,0.940411,1672.05,1778.0,0.0,0.0,0.6138,0.652693,0.0,1,0.0024776453,0.2528585361,0.24826447920672307,Train
XEQGAC_clean,5.58663,3.48947,5.56914,1.35723,1328.82,979.066,0.0,0.0,0.5714,0.421003,0.0,1,0.0030341074,0.2796900803,0.28689441778194724,Test
XEQRAO_clean,5.51146,4.60933,5.51146,1.37083,876.068,639.08,0.0,0.0,0.4564,0.332938,0.0,1,0.001725485,0.1585496138,0.16680750399183458,Test
XESKAJ_clean,9.85685,9.29464,9.85685,1.10591,1360.23,1229.96,0.0,0.0,0.5664,0.512158,0.0,1,0.0013412726,0.141730414,0.13053363746879454,Test
XESKEN_SL,9.9038,9.36477,9.9038,1.10837,1274.59,1149.97,0.0,0.0,0.5552,0.500916,0.0,1,0.0009900491,0.1064860593,0.10183236173549734,Test
XESKIR_clean_h,10.14317,9.85365,10.14317,1.23585,1309.87,1059.89,0.0,0.0,0.5666,0.45847,0.0,1,0.0007624896,0.0782593658,0.07806643942171124,Train
XESKUD_clean,9.9638,9.32015,9.9638,1.26973,1375.76,1083.51,0.0,0.0,0.5732,0.451435,0.0,1,0.0009286506,0.0894074147,0.09498619056479068,Test
XESLAK_clean,10.31182,9.72546,10.31182,1.3077,1323.78,1012.29,0.0,0.0,0.5742,0.439091,0.0,1,0.0007197767,0.0741015321,0.07230169267389516,Test
XEWDUA_clean,8.87023,8.12641,8.87023,1.28139,1148.81,896.537,0.0,0.0,0.5282,0.41221,0.0,1,0.0008203221,0.0831405154,0.08168847249758215,Train
XEWFAI_clean,8.58001,7.48221,8.58001,1.10647,1594.92,1441.46,0.0,0.0,0.5888,0.532145,0.0,1,0.0011341565,0.1119997068,0.11272539045797947,Train
XEXLAP_clean,8.64993,8.01633,8.63141,1.0685,1374.86,1286.72,0.0,0.0,0.5518,0.516424,0.0,0,0.0015955574,0.1557048302,0.15764381920632212,Test
XEXLET_clean,8.01945,7.40132,8.00563,1.23661,1375.89,1112.63,0.0,0.0,0.5666,0.458188,0.0,0,0.001394945,0.1416364982,0.13721272187765604,Train
XEXLIX_clean,7.04809,6.65056,7.03557,1.241,1207.66,973.134,0.0,0.0,0.527,0.424658,0.0,1,0.002726481,0.2548239351,0.2540264295459357,Train
XEXLOD_clean,7.18877,6.831,7.15894,1.17716,1370.68,1164.39,0.0,0.0,0.5458,0.463657,0.0,1,0.0024335715,0.2337574522,0.23715882083244594,Test
XEXLUJ_clean,8.72919,8.14175,8.68787,1.12133,1390.1,1239.69,0.0,0.0,0.5646,0.50351,0.0,1,0.0020848697,0.2147210256,0.20604279902176334,Test
XEXMAQ_clean,8.3881,8.06353,8.36842,1.12082,1406.28,1254.68,0.0,0.0,0.5662,0.505164,0.0,1,0.0021680687,0.2155882531,0.21438739820693592,Test
XEXMEU_clean,9.62722,8.85338,9.62722,1.05458,1424.32,1350.6,0.0,0.0,0.595,0.564206,0.0,1,0.0018705099,0.190510109,0.1797420447796793,Test
XEYMAR_clean,6.22077,4.79076,5.73209,1.34353,2239.47,1666.86,0.0,0.0,0.6636,0.493924,0.0,1,0.0016240321,0.1580354716,0.15903124730063792,Train
XIBZUF_clean,6.9167,4.63591,6.73101,0.936691,2313.06,2469.39,0.0,0.0,0.6504,0.694359,0.0,1,0.0041335681,0.3952946426,0.39786293484410723,Train
XICDUI_charged,5.89843,4.99085,5.89035,1.17751,1144.77,972.197,0.0,0.0,0.5066,0.430231,0.0,0,0.0024029961,0.2219776623,0.2278056635124629,Train
XICNOO01_clean,19.50435,6.85327,19.46967,0.908856,1908.32,2099.7,0.0,0.0,0.7472,0.822132,0.000220057,1,0.0015372541,0.1510626771,0.1488502022403469,Test
XICNOO02_clean,19.59015,6.72401,19.59015,0.902602,1911.89,2118.2,0.0,0.0,0.7472,0.827829,0.000221582,1,0.0015964088,0.1503005801,0.15204946538061218,Train
XICNOO_clean,19.61611,6.71064,19.54957,0.903297,1911.76,2116.42,0.0,0.0,0.747,0.826971,0.000221411,1,0.001571825,0.1500048066,0.15204946538061218,Train
XICYAL_clean,7.12423,4.20147,7.12423,1.10581,1383.62,1251.23,0.0,0.0,0.5472,0.49484,0.0,1,0.0033525763,0.3026205134,0.31702116718585616,Test
XICYEP_SL,6.23549,4.07005,5.99515,1.80747,1927.34,1066.32,0.0,0.0,0.6084,0.336603,0.000442607,1,0.0019619536,0.1788410975,0.18184984956551775,Train
XICYIT_SL,6.2924,4.02189,6.26235,1.33234,1949.8,1463.44,0.0,0.0,0.6146,0.461294,0.000450336,1,0.0026033456,0.2469529298,0.2456824339972294,Train
XICZAM_clean,19.52135,6.64584,19.52135,1.26176,1911.12,1514.64,0.0,0.0,0.7502,0.594564,0.000158508,1,0.0011184412,0.1091112029,0.10894120862793352,Train
XIDBUJ_clean,7.40475,6.25511,7.40475,1.09542,1351.03,1233.34,0.0,0.0,0.5684,0.518888,0.0,0,0.0033723973,0.321612911,0.32061770620044117,Train
XIDSUZ_clean,16.05314,15.78983,16.05314,0.493271,1893.57,3838.8,0.0,0.0,0.781,1.58331,0.0,1,0.002754714,0.2650793448,0.27518901724043904,Test
XIFHIF_clean,9.50274,8.84024,9.48896,1.39627,1580.72,1132.1,0.0,0.0,0.6078,0.435304,0.0,1,0.0012598825,0.1210949398,0.12449110234868127,Train
XIGFOJ_manual,18.90864,18.72951,18.90864,0.692037,1357.79,1962.03,0.0,0.0,0.7528,1.0878,0.0,1,0.0020678364,0.2011798008,0.20217079216692024,Train
XIGHAX_clean,9.42856,6.02587,9.42856,1.28204,1741.22,1358.17,0.0,0.0,0.657,0.512466,0.0,0,0.0011553516,0.1210117238,0.11322590106479682,Test
XIGHEB_clean,9.46287,6.0394,9.46287,1.26391,1742.96,1379.02,0.0,0.0,0.6604,0.522504,0.0,0,0.0012007757,0.1188254431,0.1140862207066709,Train
XIGHIF_clean,9.11851,6.40194,9.11851,1.31172,1721.81,1312.64,0.0,0.0,0.6494,0.495075,0.0,0,0.0013054486,0.1191019375,0.126511139672954,Train
XIGWUF_clean,7.07949,4.99162,7.07464,0.478412,3315.96,6931.17,0.0,0.0,0.7822,1.63499,0.0,1,0.0012725179,0.1282290878,0.1287515211715318,Test
XIHRIQ_clean,4.88127,3.7293,4.77721,1.106,908.9,821.794,0.0,0.0,0.4886,0.441774,0.0,0,0.003655423,0.3307684309,0.3359550366022671,Train
XIHSAJ01_clean,5.98845,3.99073,5.69816,1.03053,1765.29,1712.99,0.0,0.0,0.576,0.558935,0.0,1,0.0034937429,0.3277405496,0.3373445099543986,Test
XIHSAJ_clean,6.08478,4.0122,6.08478,1.01421,1817.12,1791.66,0.0,0.0,0.6044,0.595933,0.0,1,0.0033276164,0.3231771552,0.31866212249832093,Test
XIHSEN01_clean,5.64298,3.8792,5.64298,1.08478,1405.71,1295.85,0.0,0.0,0.5704,0.525822,0.0,1,0.0033649101,0.3383150128,0.319164087485929,Test
XIHSEN_clean,5.63541,3.87826,5.63541,1.09092,1426.31,1307.44,0.0,0.0,0.5682,0.520843,0.0,1,0.0038344719,0.3530833235,0.36174563965463497,Train
XILLEL_clean,7.63373,5.31385,7.61296,0.988669,1586.87,1605.06,0.0,0.0,0.5862,0.592918,0.0,0,0.0046199807,0.4471824326,0.4337057830312163,Test
XILLIP_clean,8.02024,6.48918,8.00532,0.699116,2353.41,3366.26,0.0,0.0,0.7058,1.00956,0.0,0,0.0048061539,0.4612702945,0.45949012997101746,Test
XILSUI_clean,8.05462,5.1792,8.05462,0.833153,2078.06,2494.21,0.0,0.0,0.6418,0.770326,0.0,1,0.0032466404,0.3258211481,0.316468084769963,Test
XILTAP_clean,7.46835,4.491,7.46835,0.893159,2015.14,2256.2,0.0,0.0,0.622,0.696404,0.0,1,0.0036233555,0.3457151525,0.3460343951774941,Test
XILVIZ_clean,7.75339,4.84522,7.60552,0.848736,2042.74,2406.8,0.0,0.0,0.6436,0.758304,0.0,1,0.0033752079,0.3337721093,0.32979340843839006,Test
XINHOT_clean,5.41924,4.10207,5.41262,1.543,726.815,471.04,0.0,0.0,0.4344,0.281529,0.0,0,0.0027393418,0.2368723368,0.2392776898085961,Train
XINRAP_clean,7.72889,5.88361,7.72889,0.997869,1989.71,1993.96,0.0,0.0,0.6604,0.66181,0.0,1,0.001472619,0.1489995576,0.14748803039498856,Train
XINWUO_clean,6.28616,4.28799,6.28616,1.09832,2350.01,2139.64,0.0,0.0,0.6626,0.603282,0.0,1,0.0010750681,0.1103490714,0.11060737738062548,Train
XINZEB_clean,5.58391,4.38224,5.56908,1.48991,1505.54,1010.49,0.0,0.0,0.5618,0.377069,0.0,1,0.0038898756,0.3655521586,0.36013441532859086,Test
XIPGUA_clean,6.999,4.80417,6.51629,2.95533,1333.32,451.159,0.0,0.0,0.4992,0.168915,0.0,1,0.0002058997,0.0221167159,0.021162655101393535,Train
XISLAM_clean,4.34393,3.64065,4.34393,1.93617,692.959,357.901,0.0,0.0,0.4122,0.212894,0.0,0,0.0433311807,1.5854560104,1.6009690014403744,Train
XISPEW01_clean,7.58694,5.52656,7.5744,1.14161,1954.46,1712.03,0.0,0.0,0.624,0.546598,0.0,1,0.0024727525,0.2416479888,0.24008194543568612,Test
XISPEW02_clean,7.73943,5.5228,7.73943,1.0858,1985.75,1828.83,0.0,0.0,0.6324,0.582427,0.0,1,0.0023386371,0.2246795981,0.23214404924843765,Train
XISPEW_clean,7.45128,5.46523,7.15276,1.17603,1960.28,1666.86,0.0,0.0,0.6188,0.526177,0.0,1,0.0024550567,0.2507845996,0.23977209084676485,Train
XISPUM01_clean,6.90955,4.49306,6.89631,1.14557,2040.23,1780.98,0.0,0.0,0.6396,0.558325,0.0,1,0.0020071435,0.1859556044,0.20057337696685915,Train
XISPUM_clean,7.32941,4.58436,7.32711,1.21765,2007.19,1648.41,0.0,0.0,0.6216,0.510492,0.0,1,0.0028667164,0.2736382343,0.2757237009252659,Test
XISVUR_clean,5.04407,3.94718,5.0182,1.1747,1719.75,1463.99,0.0,0.0,0.6072,0.516898,0.0,1,0.0038009896,0.3617361216,0.35785035156247513,Test
XISXEE_clean,10.02626,5.46429,10.02412,0.66541,2246.71,3376.43,0.0,0.0,0.7296,1.09647,0.0,1,0.0027923559,0.2761462302,0.2782803820121662,Test
XITYOP_clean,11.26084,5.01855,11.26084,0.828925,2008.18,2422.64,0.0,0.0,0.6806,0.821064,0.0,1,0.0041334366,0.3875932411,0.3861578192024414,Test
XIVMEW01_clean,5.52138,3.68821,5.51435,1.34752,969.124,719.188,2.26658,1.68203,0.5016,0.372238,0.0,1,0.0041589908,0.3629575156,0.37296595073293715,Train
XIWLAQ_clean,6.60663,5.9994,6.60453,2.29175,1025.32,447.396,0.0,0.0,0.5236,0.228472,0.0,1,0.0015382713,0.1414574319,0.14544169755764738,Test
XIWYEH_clean,4.26164,3.52891,4.24796,2.34877,351.985,149.859,0.0,0.0,0.3304,0.140669,0.0,0,0.0045214646,0.3335698729,0.3402713658401884,Test
XIYYEL_clean,8.54513,8.23246,8.54513,0.722133,2313.21,3203.31,0.0,0.0,0.7918,1.09647,0.0,0,0.0014680289,0.142739097,0.14571678013833464,Train
XOCWET_clean,5.57167,3.60863,5.43096,2.052,1278.23,622.917,0.0,0.0,0.549,0.267544,0.0,1,0.0013371362,0.1235724288,0.1258605273959804,Test
XOCWIX_clean,5.47886,3.44903,5.47476,2.18371,1125.64,515.471,0.227584,0.104219,0.5372,0.246003,0.0,1,0.0011775955,0.1184675546,0.1148888449028965,Train
XOCWOD_clean,5.38208,3.4319,5.38208,2.211,1054.39,476.883,0.0,0.0,0.5314,0.240344,0.0,1,0.0012466048,0.1177655521,0.12059373799376841,Train
XOCWUJ_clean,5.43529,3.40185,5.40249,2.21366,1083.86,489.625,0.0,0.0,0.5328,0.240687,0.0,1,0.0012062705,0.1173349779,0.11566055763270924,Train
XOFGAC_clean,20.28488,4.16314,9.48492,0.98367,1835.3,1865.77,0.0,0.0,0.6704,0.681529,0.0,1,0.0027155982,0.2608622429,0.2601310089071496,Train
XOFPEP01_clean,5.97449,3.48385,5.9665,2.03706,967.647,475.021,0.0,0.0,0.5188,0.25468,0.0,1,0.0012321337,0.1158723284,0.116899563662552,Train
XOFPEP_clean,5.97089,3.4618,5.97089,2.03022,1036.5,510.537,0.0,0.0,0.5304,0.261252,0.0,1,0.0011840031,0.1097399977,0.11266702811999221,Test
XOGXAU_clean,5.74983,3.78405,5.68214,1.22917,1255.73,1021.6,0.0,0.0,0.5252,0.427279,0.0,1,0.00275634,0.2735204394,0.26007349379326233,Test
XOHLEM_clean,5.52611,4.54089,5.51535,1.339,1839.55,1373.82,0.0,0.0,0.5986,0.44705,0.0,1,0.0036635919,0.3612161058,0.35048473862166063,Test
XOHTUJ_clean,6.47036,4.69494,6.47036,1.17962,2196.81,1862.3,0.0,0.0,0.6472,0.548652,0.0,1,0.0017080131,0.1623715774,0.17059815764054848,Test
XOJPIW_charged,8.62622,7.92037,8.61331,1.10762,1164.73,1051.56,0.0,0.0,0.5836,0.526895,0.0,1,0.0019469545,0.1831103982,0.18719993182459507,Test
XOJWEZ_clean,5.26222,4.56445,5.26222,1.41259,749.294,530.438,0.0,0.0,0.5012,0.354809,0.0,1,0.0022766971,0.2014856091,0.21271778005050435,Train
XOJWOJ_clean,7.01927,4.56509,7.01927,1.20631,1535.66,1273.03,0.0,0.0,0.6016,0.498713,0.0,1,0.0032630061,0.3045820268,0.30935319707506254,Test
XOKHIP_clean,4.7478,3.45863,4.7478,2.16707,449.011,207.197,0.0,0.0,0.3986,0.183935,0.0,1,0.0013613875,0.1218834015,0.11454451226739001,Test
XOMCIN_clean,5.94246,4.25779,5.52872,0.995112,2064.21,2074.35,0.0,0.0,0.6074,0.610384,0.0,1,0.0050312559,0.4591896937,0.46632202022189473,Train
XOMCOT_clean,4.8748,3.64387,4.86282,1.12809,975.65,864.872,0.0,0.0,0.4934,0.437378,0.0,0,0.0092636776,0.7385671466,0.7393099233766278,Train
XOMDOU_clean,6.08861,4.66373,6.08699,1.18202,859.304,726.977,313.731,265.419,0.5438,0.460059,0.0,1,0.0045675737,0.413366655,0.40321944333132476,Train
XOMGIQ_clean,5.5226,3.96675,5.5226,1.11957,1446.11,1291.67,0.0,0.0,0.5666,0.506089,0.0,1,0.0022478691,0.2267314119,0.2170909330103976,Test
XOMJOY_clean,6.10947,3.84777,5.97895,1.18998,613.441,515.507,422.204,354.8,0.5142,0.43211,0.0,0,0.0046689172,0.4034037751,0.4064497952457557,Train
XOMJUE_clean,6.09418,3.77279,6.07728,1.21681,603.908,496.303,411.544,338.214,0.507,0.416662,0.0,0,0.0048716641,0.4122114317,0.41036525328959855,Train
XONGUD_clean,8.38841,6.91725,8.38841,2.68456,1261.77,470.01,0.0,0.0,0.5318,0.198096,0.0,1,0.0002281113,0.0223802045,0.020678556682938165,Train
XONLES01_clean,15.55222,13.97126,15.55222,0.303181,1639.83,5408.75,0.0,0.0,0.871,2.87288,0.0,1,0.0029395796,0.2973898564,0.28871010538764,Test
XOPLOE_clean,7.50726,5.3332,7.50699,0.991241,2013.82,2031.62,0.0,0.0,0.621,0.626488,0.0,1,0.0026289504,0.2564692562,0.2583644029905435,Test
XOPMIA_clean,5.53948,4.71058,5.5345,1.05182,1628.72,1548.47,0.0,0.0,0.5582,0.5307,0.0,0,0.0038401797,0.368466504,0.36741871140687477,Train
XOQXIL_clean,5.56779,4.25341,5.54313,1.05181,1608.8,1529.56,0.0,0.0,0.552,0.524811,0.0,1,0.0026823188,0.2404104924,0.2588512808319123,Test
XORHET_clean,4.71137,3.51837,4.71137,1.22336,1024.9,837.774,81.2251,66.395,0.5446,0.445167,0.0,1,0.0020863728,0.2008522875,0.20132643685128596,Test
XOSPOK_clean,6.02139,4.57668,6.02139,1.94823,1837.76,943.297,0.0,0.0,0.586,0.300786,0.0,1,0.0029081001,0.2685156469,0.2664189667341147,Test
XOTGUI_clean,5.14072,4.00351,5.14055,1.55556,2014.34,1294.93,0.0,0.0,0.6006,0.386099,0.0,1,0.0015782369,0.1494678186,0.15582339500567574,Train
XOTHAP_clean,5.67034,4.65738,5.67034,1.50505,1984.46,1318.53,0.0,0.0,0.6152,0.408756,0.0,1,0.0014148028,0.1323133345,0.14163150785721215,Test
XOTKIA_charged,5.14199,3.65373,5.13486,1.81978,375.531,206.361,15.5204,8.52876,0.4108,0.225742,0.0,1,0.0002914051,0.0283461243,0.029299021986846696,Train
XOTSEG_clean,8.78779,6.45971,8.7759,0.828086,1735.59,2095.91,0.0,0.0,0.6318,0.762964,0.0,1,0.0026389596,0.2502198547,0.2570103527811992,Train
XOTSIK_clean,8.84143,7.37067,8.64635,0.961303,1776.26,1847.76,0.0,0.0,0.6086,0.633099,0.0,1,0.0023998894,0.2289558354,0.2363967740527807,Test
XOTXAG_clean,4.5925,3.72441,4.55253,1.45522,1114.56,765.906,0.0,0.0,0.459,0.315416,0.0,1,0.0024494151,0.2344049853,0.23455651506358355,Test
XOTXUB_clean,4.27674,3.47607,4.14843,1.21704,316.782,260.289,0.0,0.0,0.4284,0.352001,0.0,1,0.0007508087,0.0722709551,0.07223326407504435,Test
XOTZIR_clean,6.298,3.81619,6.27425,1.33376,798.487,598.675,0.0,0.0,0.4626,0.34684,0.0,1,0.0033881286,0.3046068797,0.30614348346799125,Test
XOVPIH_clean,4.3234,3.46915,4.32329,1.51036,756.835,501.096,0.0,0.0,0.4966,0.328796,0.0,1,0.0014603047,0.1327371645,0.13504859878983863,Train
XOVPON_clean,5.74841,4.13919,5.74724,1.29056,1444.67,1119.41,0.0,0.0,0.5696,0.44136,0.0,1,0.001954869,0.1846581344,0.1873780458455094,Test
XOVPUU_clean,11.45503,9.77333,11.45503,0.404958,2012.2,4968.9,0.0,0.0,0.8444,2.08515,0.0,1,0.0028587771,0.25135836,0.27828761266047125,Test
XOVQAB_clean,9.04253,7.30249,9.03111,0.610216,2352.44,3855.09,0.0,0.0,0.7448,1.22055,0.0,1,0.0024744632,0.249907335,0.24235459279624866,Train
XOVQEF_SL,13.73802,11.42638,13.39901,0.433642,2002.7,4618.32,0.0,0.0,0.8224,1.89649,0.0,1,0.0026321142,0.2554975015,0.2603334646021773,Test
XOVQIJ_clean,7.41561,4.13146,7.41561,0.925084,1684.83,1821.27,0.0,0.0,0.5816,0.6287,0.0,1,0.0028082083,0.2681569477,0.2767629223165261,Train
XOVVOU_clean,6.57595,5.59779,6.5535,1.07267,2264.54,2111.12,0.0,0.0,0.6676,0.622371,0.0,1,0.0030077922,0.2946925966,0.29348286195127943,Test
XOXMED_clean,15.20268,12.48764,14.68508,0.499,1903.11,3813.84,0.0,0.0,0.7876,1.57836,0.0,1,0.0023766474,0.238639326,0.2365304014888905,Train
XUBGUY_clean,11.92741,6.17876,10.43844,0.841842,2109.15,2505.4,0.0,0.0,0.7154,0.849804,0.0,1,0.0025002158,0.2345623432,0.24521013910489886,Test
XUCSOF_clean,5.25566,4.59264,5.25566,1.60312,661.505,412.637,358.397,223.562,0.482,0.300664,0.0,1,0.0046875355,0.4099028629,0.3928611180924145,Test
XUDNAN_clean,8.67531,5.1775,8.35832,0.937633,1918.83,2046.46,0.0,0.0,0.6496,0.692809,0.0,1,0.0026215245,0.2586666723,0.2565754022386934,Test
XUDNUH_clean,12.36127,6.84234,12.36127,0.492653,2292.38,4653.12,0.0,0.0,0.8076,1.63929,0.0,1,0.002616153,0.263907593,0.2642120283622481,Train
XUDPIX_clean,11.39057,6.9563,11.17218,0.55889,2521.72,4512.0,0.0,0.0,0.7746,1.38596,0.0,1,0.0026944904,0.2741789773,0.2720575780541281,Train
XUDYEC_clean,6.34584,5.04991,6.34584,1.10902,1973.56,1779.55,0.0,0.0,0.6464,0.582857,0.0,1,0.0029904365,0.285532771,0.2886793073377453,Train
XUDYOM_clean,5.92099,5.48654,5.7966,1.63199,1266.45,776.015,0.0,0.0,0.5438,0.333212,0.0,0,0.005238713,0.4728767371,0.4626132921887779,Test
XUFPIZ_clean,4.43917,3.40706,4.39655,1.31985,159.122,120.561,0.0,0.0,0.4154,0.314732,0.0,0,0.0009203926,0.0830753096,0.08419239841707446,Train
XUFWOM_clean,9.12848,8.18722,9.12848,0.813283,1954.3,2402.97,0.0,0.0,0.7082,0.870792,0.0,1,0.0023511454,0.2312278802,0.23204733927093546,Test
XUFYAA_clean,16.80237,4.60613,16.77492,0.589197,2123.72,3604.43,0.0,0.0,0.7212,1.22404,0.0,1,0.0037156521,0.3537386934,0.35764804024561037,Test
XUGROI_clean,6.64754,5.07389,6.16433,0.794522,2382.26,2998.35,0.0,0.0,0.6836,0.860391,0.0,1,0.0035471319,0.3488797548,0.3448498264830559,Train
XUGSEY_clean,7.45351,5.81909,7.11831,0.709523,2586.66,3645.63,0.0,0.0,0.7068,0.996162,0.0,1,0.0034162032,0.3281361556,0.335357452513497,Test
XUGWUS_clean,5.27863,4.66019,5.2635,1.38078,911.096,659.843,0.0,0.0,0.496,0.359218,0.0,1,0.0015214241,0.1499456445,0.14275161098858574,Test
XUJPEY_clean,5.84221,4.51142,5.77769,1.25506,1324.62,1055.42,0.0,0.0,0.5206,0.4148,0.0,0,0.0045007903,0.4108890546,0.40766693826425354,Test
XUJPIC_clean,5.88914,4.75213,5.84985,1.23811,1386.84,1120.12,0.0,0.0,0.5304,0.428394,0.0,0,0.0044820314,0.4043515864,0.4066024312543929,Test
XUJPOI_clean,5.22333,3.76094,5.20942,1.23729,1450.85,1172.61,0.0,0.0,0.566,0.457452,0.0,0,0.0042017985,0.3893909217,0.3961571581291696,Train
XUJQAV_clean,5.23926,3.75063,5.23926,1.23622,1470.1,1189.19,0.0,0.0,0.5596,0.452669,0.0,0,0.0041312171,0.3859368448,0.38454438139693803,Train
XUJSAY_clean,5.36362,3.81487,5.35817,1.44593,257.114,177.818,33.7457,23.3384,0.4668,0.322836,0.0,1,0.0080625967,0.3864290794,0.39877167185282375,Train
XUKHUI_clean,5.94415,4.22176,5.9168,1.20125,1179.74,982.099,0.0,0.0,0.5426,0.451698,0.0,1,0.0052470003,0.486300728,0.47391680921312124,Test
XUKLAS_clean,5.87516,3.79987,5.86816,1.26294,911.252,721.53,0.0,0.0,0.4946,0.391624,0.0,1,0.0027174324,0.2544431073,0.24513275459346284,Test
XUKNIC_clean,6.71193,5.19255,6.7113,1.00366,2512.55,2503.38,0.0,0.0,0.6472,0.644838,0.0,1,0.0030075355,0.2951852256,0.2978099766205817,Test
XUKYEI_neutral,13.17229,10.75846,13.16843,0.287208,1805.38,6285.97,0.0,0.0,0.8682,3.02289,0.0,0,0.0024541875,0.2530991258,0.24159577315719982,Test
XUMMOJ_clean,8.37622,7.86065,8.37622,1.08186,1183.03,1093.52,0.0,0.0,0.5464,0.505057,0.0,1,0.0012594383,0.1259197991,0.12720610422942064,Test
XUMMUP_clean,8.4295,7.42103,8.42696,1.01197,1167.11,1153.31,0.0,0.0,0.545,0.538555,0.0,1,0.0010081663,0.1073328956,0.10083526350389557,Test
XUMNEA_clean,5.24244,3.69297,5.22761,1.21845,601.492,493.654,0.0,0.0,0.4622,0.379335,0.0,0,0.0044606498,0.376234985,0.3808689123667626,Test
XUMNIE_clean,7.92656,5.00523,7.92544,0.836736,1842.18,2201.63,0.0,0.0,0.617,0.737389,0.0,0,0.0041888067,0.4102469521,0.39945442524855174,Test
XUMTUV_clean,5.4813,5.1227,5.47077,1.25424,1931.27,1539.79,0.0,0.0,0.6264,0.499425,0.0,1,0.0031834777,0.3071417551,0.3022995001766639,Test
XUMVAD_clean,5.48445,5.10748,5.47384,1.24179,1950.9,1571.03,0.0,0.0,0.619,0.498472,0.0,1,0.0031778535,0.3060189756,0.3021546880317479,Train
XUMVEH_clean,5.51001,5.03328,5.49298,1.14233,1980.67,1733.88,0.0,0.0,0.6382,0.55868,0.0,1,0.002920909,0.2898281838,0.2824190175072701,Train
XUNGOD_clean,5.27654,3.81371,5.27654,1.03399,1095.75,1059.73,0.0,0.0,0.4858,0.469831,0.0,0,0.0073153195,0.629366825,0.6390625903525534,Train
XUNGUJ_clean,4.49594,4.05224,4.48031,1.03604,1057.86,1021.06,0.0,0.0,0.4874,0.470444,0.0,0,0.0062336281,0.5483099274,0.545757205321519,Train
XUNHAQ_clean,4.43369,3.93895,4.41861,1.01112,1121.76,1109.42,0.0,0.0,0.495,0.489555,0.0,1,0.0059394367,0.5450576777,0.549166694923711,Train
XUNSAC_clean,4.78336,3.78154,4.77852,1.05045,959.001,912.941,0.0,0.0,0.4742,0.451425,0.0,1,0.0057959287,0.5277900794,0.5268605080352253,Train
XUNSEG_clean,5.12519,4.59555,5.12519,1.00672,1017.4,1010.61,0.0,0.0,0.4976,0.494281,0.0,1,0.0055349236,0.5024967971,0.48882586446108073,Test
XUNSIK_clean,4.24603,3.78968,4.24603,1.0539,1014.98,963.071,0.0,0.0,0.475,0.450706,0.0,0,0.0062443912,0.5455599557,0.5485668658595866,Test
XUNSOQ_clean,5.47061,4.41529,5.45212,1.01415,1093.33,1078.08,0.0,0.0,0.49,0.483165,0.0,0,0.0065769261,0.5774052745,0.5734117859437279,Train
XUNTIL_clean,4.3912,3.544,4.3912,1.10854,669.818,604.235,0.0,0.0,0.4582,0.413336,0.0,1,0.003893551,0.3661713868,0.3550791652895491,Test
XUPSAE_clean,6.99773,6.86151,6.99773,1.067,1576.28,1477.3,0.0,0.0,0.5844,0.547705,0.0,0,0.0075422874,0.7298841803,0.7220047828523096,Train
XUTQEI_clean,15.07113,13.13968,15.07113,0.479637,2165.37,4514.6,0.0,0.0,0.7968,1.66126,0.0,1,0.0024921824,0.2704988531,0.2538420498242271,Test
XUVGUQ_charged,5.67343,3.67394,5.66986,2.37614,417.777,175.822,0.0,0.0,0.3528,0.148476,0.0,1,0.0024502251,0.1769278696,0.18493749204660592,Train
XUVHEB_clean,6.21978,5.41115,6.21978,1.07724,1379.45,1280.54,0.0,0.0,0.5818,0.540085,0.0,1,0.0042300773,0.3976724032,0.39917716865314434,Test
XUVQOW_clean,7.02178,4.13589,6.48548,1.19698,1845.1,1541.47,0.0,0.0,0.6186,0.516801,0.0,1,0.0030182505,0.3063310891,0.2937271901228214,Train
XUWFUR_clean,8.57387,5.22151,8.55217,0.997477,1382.53,1386.02,0.0,0.0,0.5736,0.575051,0.0,1,0.0021550403,0.2000006019,0.20925247167709699,Train
XUWKEH_clean,5.79973,4.2003,5.79973,1.47767,748.2,506.339,0.0,0.0,0.4194,0.283826,0.0,1,0.000786011,0.0699882155,0.07260383092252923,Train
XUWSUD_clean,4.4926,3.78091,4.4926,2.14584,718.007,334.605,0.0,0.0,0.4438,0.206819,0.0,1,0.0072842926,0.5692023495,0.5494369453986794,Test
XUWTAK_clean,4.40667,3.75356,4.40321,2.17452,723.721,332.819,0.0,0.0,0.4382,0.201516,0.0,1,0.0077621863,0.5847819062,0.5763677165636245,Test
XUWVUG_clean_h,3.95338,3.75922,3.95195,3.19434,197.336,61.7769,0.0,0.0,0.287,0.0898463,0.0,1,0.0001868266,0.0183674696,0.014527361837387953,Train
XUYXAR_clean,4.42154,3.80283,4.41884,1.51094,575.938,381.179,0.0,0.0,0.432,0.285915,0.0,1,0.0017747099,0.1711531284,0.16720654122674294,Test
YABHER_clean,14.37293,4.52414,14.37293,0.692157,1907.84,2756.36,0.0,0.0,0.7082,1.02318,0.0,1,0.0034834766,0.329052742,0.33412126660083236,Train
YABPAU_clean,5.82793,4.33044,5.82793,1.0705,1501.93,1403.02,0.0,0.0,0.5582,0.521438,0.0,1,0.0047159911,0.4420764009,0.437661195410034,Train
YAGJOI_clean,5.63288,5.50957,5.62983,1.07586,1552.96,1443.46,0.0,0.0,0.5528,0.513822,0.0,0,0.0039653526,0.3657546073,0.3723437391726109,Train
YAHPED_clean,6.77398,3.93575,6.76774,1.0241,1743.19,1702.16,0.0,0.0,0.5738,0.560295,0.0,0,0.0038268099,0.3640172892,0.3681896577935627,Train
YAJXIT_clean,5.12079,3.85633,4.1425,1.60147,940.147,587.051,0.0,0.0,0.5148,0.321454,0.0,1,0.0020586155,0.1937166126,0.1978246237008065,Test
YAJXUF_clean,4.78048,4.01708,4.28221,1.6121,814.456,505.215,0.0,0.0,0.519,0.32194,0.0,1,0.0022203487,0.2074493877,0.20683465445683258,Test
YANBAR01_clean,4.64582,3.70971,4.64582,1.82012,796.602,437.666,0.0,0.0,0.4462,0.245149,0.0,0,0.0012959517,0.1241907128,0.12367425405761989,Train
YANBAR02_clean,4.9953,3.83765,4.98464,1.73124,921.603,532.338,0.0,0.0,0.4702,0.271598,0.0,0,0.0013814162,0.1247749788,0.12929532463503246,Train
YANBAR03_clean,4.71059,3.74,4.66327,1.80873,823.157,455.102,0.0,0.0,0.451,0.249346,0.0,0,0.0013907396,0.128293006,0.12920133286535412,Train
YANBAR_clean,4.9541,3.79831,4.9225,1.76383,896.703,508.383,0.0,0.0,0.4572,0.259208,0.0,0,0.0013565538,0.131907375,0.1270620270969912,Train
YAPLIM_clean,8.749,6.77808,8.749,0.964207,1741.38,1806.02,6.02633,6.25004,0.65,0.674129,0.0,1,0.0022027236,0.2301949685,0.21618162563618598,Test
YAPLOS_clean,9.23645,7.54223,9.20879,0.838059,1650.76,1969.74,3.89826,4.65153,0.6584,0.785625,0.0,1,0.0015164127,0.1496172305,0.15220551331545293,Train
YAPLUY_clean,7.79113,6.77532,7.7776,0.987389,1670.12,1691.45,5.68352,5.75611,0.6296,0.637641,0.0,1,0.0018270478,0.1817902156,0.18041845236898169,Test
YAPMAF_clean,8.17522,6.25474,8.17454,1.00629,1672.2,1661.75,6.89892,6.8558,0.6166,0.612746,0.0,1,0.0021387026,0.2085091493,0.21413581417173688,Test
YAPRUE_charged,8.30129,6.44362,7.31736,1.15313,1335.16,1157.86,0.0,0.0,0.542,0.470026,0.0,1,0.0019714478,0.2056683886,0.19212501334950127,Train
YAPSAL_charged,6.78919,3.83218,6.78914,1.25603,744.215,592.514,5.33392,4.24665,0.4778,0.380405,0.0,0,0.0017743369,0.1742968168,0.1661377670813996,Test
YAPXIX_clean,5.17779,4.8964,5.17779,1.52841,213.864,139.925,323.996,211.982,0.4448,0.291021,0.0,1,0.0056685028,0.3979542717,0.3963717565772771,Train
YAQCEY_clean,6.56305,4.53526,6.55951,1.09172,1547.89,1417.84,0.0,0.0,0.554,0.507454,0.0,1,0.0022966872,0.223753201,0.22232551729842454,Train
YAQKEI_clean,4.87973,4.18958,4.87973,1.91746,825.152,430.337,0.0,0.0,0.4374,0.228115,0.0,1,0.0023511927,0.2133588397,0.21995533578610837,Test
YARBAW_clean,4.44594,3.74599,4.44594,1.19018,680.577,571.825,0.0,0.0,0.4774,0.401114,0.0,1,0.0013292193,0.1221276142,0.1252820301545825,Train
YARBUQ_clean,4.67624,4.03616,4.54961,1.19852,280.172,233.766,258.386,215.589,0.447,0.372961,0.0,1,0.0072557456,0.509448548,0.48909267462697803,Test
YARDEC_clean,4.66636,3.48033,4.66636,1.03943,1194.85,1149.52,0.0,0.0,0.547,0.52625,0.0,0,0.0046789898,0.4441833863,0.4430674730033549,Test
YARDIG_clean,4.62568,3.53484,4.62568,1.03032,1206.44,1170.94,0.0,0.0,0.5394,0.523527,0.0,0,0.0045058273,0.4207499339,0.42324194990463315,Test
YARGAB_clean,10.70302,9.67182,10.70302,0.961173,1387.15,1443.19,0.0,0.0,0.6238,0.648999,0.0,1,0.0023218995,0.2242395163,0.2277980800162784,Test
YARKEJ_clean,5.07878,4.0341,5.03574,1.22095,872.445,714.565,0.0,0.0,0.486,0.398052,0.0,0,0.0042648376,0.3950454393,0.38584802611509417,Test
YARKOT_clean,5.25265,3.98181,5.2356,0.962764,1924.08,1998.5,0.0,0.0,0.6296,0.653951,0.0,1,0.0046679867,0.4485577475,0.4461919482900478,Train
YARSAN_clean,5.04398,3.94642,5.02513,1.29452,830.585,641.616,0.0,0.0,0.4644,0.358743,0.0,1,0.006171831,0.5011458214,0.5074809692488071,Test
YARYEV_clean,5.64641,4.02417,5.64641,1.12294,2187.12,1947.67,0.0,0.0,0.6948,0.618733,0.0,0,0.0006306758,0.0670259858,0.06170833373612014,Train
YARYIZ_clean,5.51251,4.14788,5.51251,1.11604,2131.77,1910.12,0.0,0.0,0.6948,0.622558,0.0,0,0.0007653252,0.0654678315,0.07521937433397033,Train
YARYOF_clean,4.91899,3.58217,4.91899,1.2259,1844.97,1504.99,0.0,0.0,0.6484,0.528917,0.0,0,0.0006989231,0.0705229525,0.07413126247212987,Test
YARYUL_clean,6.79463,6.1943,6.7496,1.01911,2644.72,2595.13,0.0,0.0,0.7536,0.73947,0.0,1,0.0008978988,0.0815377611,0.08802738559056242,Test
YARZEZ02_clean,7.33631,5.31685,7.33003,0.762014,2989.95,3923.75,0.0,0.0,0.7604,0.997882,0.0,0,0.0013991335,0.1279883439,0.14307374942367942,Test
YARZEZ03_clean,7.77175,4.5942,7.75648,0.810672,2535.58,3127.75,0.0,0.0,0.7232,0.8921,0.0,0,0.001461685,0.1359694116,0.141305455226499,Train
YARZEZ_clean,5.63038,4.40455,5.63038,0.959184,2069.23,2157.28,0.0,0.0,0.682,0.711021,0.0,0,0.0013484736,0.1342681656,0.13448701632886337,Train
YASLOW_clean,11.27088,6.03691,11.27088,0.827082,2236.87,2704.53,0.0,0.0,0.7068,0.85457,0.0,0,0.00194328,0.192978479,0.19180476629402504,Test
YASLUA_clean,4.94209,4.00194,4.9385,1.70772,1160.33,679.462,0.0,0.0,0.57,0.333779,0.0,1,0.0015677329,0.1473236534,0.14824710708435854,Test
YATDUV_clean,9.16363,5.74685,9.12289,0.890102,2297.06,2580.67,0.0,0.0,0.7262,0.815861,0.0,1,0.0022583196,0.2246538356,0.22692360458330613,Test
YATTUK_clean,5.98818,5.09996,5.98666,1.2421,2236.34,1800.46,0.0,0.0,0.6648,0.535224,0.0,1,0.0021855402,0.2221700293,0.21722673848439134,Train
YAVSOG_clean,5.27147,3.77137,4.73746,1.58778,810.938,510.737,0.0,0.0,0.471,0.296641,0.0,0,0.002100137,0.1914112198,0.1963442522949262,Train
YAVTUN_clean,9.91839,8.86286,9.91839,0.965245,1733.93,1796.36,0.0,0.0,0.6864,0.711115,0.0,1,0.0017274637,0.1674090397,0.17572435481373166,Test
YAVVAV_clean,9.88958,8.7039,9.88958,1.06981,1632.82,1526.27,0.0,0.0,0.6406,0.598799,0.0,1,0.0017360289,0.1788259415,0.17546314520306594,Test
YAVVEZ_clean,9.82749,8.59259,9.81107,1.05385,1634.41,1550.89,0.0,0.0,0.6474,0.614319,0.0,1,0.0017346933,0.1659919827,0.17508465761181483,Test
YAVVID_clean,4.84619,4.06844,4.72468,1.45348,1121.07,771.298,0.0,0.0,0.5442,0.374412,0.0,1,0.0023661647,0.2325216832,0.22553890238685181,Test
YAVVOJ_clean,4.78155,4.02282,4.65286,1.48818,1095.49,736.125,0.0,0.0,0.5464,0.36716,0.0,1,0.0026678805,0.2448652166,0.24898111709986515,Train
YAVVUP_clean,4.79083,4.0345,4.51089,1.48936,1096.45,736.189,0.0,0.0,0.5422,0.364049,0.0,1,0.002493251,0.2352784641,0.24049515502716023,Test
YAVWAW_clean,4.87227,4.07548,4.69675,1.46373,1145.93,782.881,0.0,0.0,0.5582,0.381355,0.0,1,0.0023859341,0.231206692,0.22973462610353365,Test
YAVWUQ_clean,15.48597,6.62234,15.4779,0.747785,2189.36,2927.8,0.0,0.0,0.7402,0.989857,0.0,1,0.003182231,0.3088534675,0.3096372806840051,Test
YAVZAX_clean,5.41112,4.55984,5.40803,1.50963,1275.98,845.227,0.0,0.0,0.5678,0.376117,0.0,0,0.0024335845,0.2227528726,0.22977590994662045,Test
YAVZUT_clean,9.86186,4.91496,9.72199,0.854434,1940.85,2271.51,0.0,0.0,0.6662,0.779698,0.0,1,0.0028071408,0.2850365469,0.2776591890828047,Train
YAWBAC_clean,10.4496,5.49019,10.26922,0.855998,1928.74,2253.21,0.0,0.0,0.6638,0.775469,0.0,1,0.0037549427,0.3493860368,0.35615548617313475,Test
YAWFEI_charged,4.87237,4.21817,4.85139,1.59832,794.764,497.251,0.0,0.0,0.4888,0.305822,0.0,1,0.0009073573,0.0907591956,0.08814895361885403,Train
YAWFOS_clean,6.58573,4.52277,6.51086,1.38834,1531.01,1102.76,0.0,0.0,0.6034,0.434618,0.0,1,0.0006074179,0.061363015,0.062095321320139674,Train
YAWKOX_clean,7.42586,6.54227,7.42586,1.26071,1716.68,1361.67,0.0,0.0,0.6098,0.483696,0.0,1,0.001535892,0.1495968125,0.15092969963761976,Test
YAXBOP_SL,5.80792,5.38349,5.80792,1.12998,1474.82,1305.18,0.0,0.0,0.591,0.52302,0.0,0,0.0032792787,0.3068683955,0.30933588814781143,Test
YAYLER_clean,4.97966,4.34921,4.97473,3.91304,903.181,230.813,0.0,0.0,0.4372,0.111729,0.0,1,0.0005653361,0.0522376516,0.05163628369104953,Train
YAYPOF_clean,6.50595,4.6947,6.4958,2.40269,1158.01,481.966,0.0,0.0,0.5536,0.230409,0.0,1,0.0010519298,0.1022800096,0.10403947705354186,Test
YAYRAT_clean,6.10819,5.25433,6.10592,0.863424,2602.75,3014.46,0.0,0.0,0.6904,0.799607,0.0,0,0.0048196461,0.4598631052,0.46432584897205204,Train
YAZWOM_clean,4.58853,4.19832,4.58853,1.42471,389.253,273.216,49.369,34.652,0.47,0.329892,0.0,1,0.0007424376,0.067786339,0.07196247516102555,Train
YEBLAT_clean,6.81519,6.14414,6.81519,1.60609,1346.83,838.578,0.0,0.0,0.5478,0.341077,0.0,0,0.0010576021,0.1042563486,0.10802852522228368,Train
YEDKOI_clean,5.69122,4.8418,5.69122,1.08403,1663.7,1534.74,7.50334,6.92174,0.592,0.546112,0.0,1,0.0021209016,0.2099862978,0.21322694143362134,Test
YEDKUO_clean,6.88443,4.8384,6.1725,0.827487,2774.06,3352.39,0.0,0.0,0.6498,0.785269,0.0,1,0.0028499655,0.2782106876,0.28506066521792106,Test
YEDLAV_clean,5.4499,3.81156,5.4499,1.25884,985.671,783.002,173.283,137.653,0.514,0.408314,0.0,1,0.0056421008,0.497351961,0.4845834221147657,Train
YEFNEC_clean,7.0118,5.67657,7.0118,1.03009,2663.85,2586.03,0.0,0.0,0.7454,0.723623,0.0,0,0.0010430441,0.1022212047,0.09910994855236724,Train
YEFNOM_clean,6.99053,5.65806,6.99053,1.03643,2661.11,2567.58,0.0,0.0,0.7442,0.718045,0.0,0,0.0010704546,0.1030983427,0.10624507968721697,Train
YEFPEE_clean,6.60032,5.32777,6.60032,1.16153,2587.98,2228.08,0.0,0.0,0.7204,0.620219,0.0,0,0.001162785,0.1175696776,0.1121889194736646,Test
YEGCUJ_clean,7.31661,4.83808,7.31661,1.36986,1339.97,978.182,0.0,0.0,0.5642,0.411867,0.0,1,0.002381324,0.2172339565,0.2260476073710691,Test
YEGHIC_clean,7.13593,3.78757,7.13593,1.08644,2189.73,2015.5,27.1266,24.9682,0.6726,0.619084,0.0,0,0.0004569598,0.0433507661,0.04615822695368463,Train
YEGKOM_clean,5.20851,4.05507,5.20188,1.12752,1913.28,1696.88,0.0,0.0,0.6196,0.549523,0.0,0,0.003181018,0.312433549,0.3063485220680338,Train
YEHGID_clean,6.88886,4.03008,6.66292,1.04955,1124.4,1071.32,29.6858,28.2844,0.5406,0.51508,0.0,0,0.0037190337,0.3366322808,0.34357163667000357,Test
YEKQOW_clean,13.71017,3.97085,13.71017,1.23134,1607.97,1305.87,0.0,0.0,0.6056,0.491823,0.0,1,0.003672697,0.330029308,0.3426311621769319,Test
YEKXET_clean,6.4533,5.02363,5.80415,0.985188,2310.11,2344.84,0.0,0.0,0.6394,0.649013,0.0,1,0.0030109053,0.2949409842,0.29450217651530985,Test
YEKXOD_clean,7.62702,5.92083,7.58526,0.977291,1976.53,2022.46,0.0,0.0,0.6138,0.628063,0.0,1,0.0026101129,0.250418887,0.25450707268901585,Train
YEKXUJ_clean,7.55002,6.86281,7.5454,0.941882,1957.97,2078.79,0.0,0.0,0.639,0.678429,0.0,1,0.0023429188,0.237392157,0.2349786989889734,Test
YELYOE_clean,5.04252,3.59258,5.00865,2.17111,739.471,340.597,0.0,0.0,0.4584,0.211137,0.0,1,0.004656838,0.3964406101,0.39252619159822905,Test
YEMFOM_clean,4.97553,4.09686,4.67636,1.71885,1447.62,842.207,0.0,0.0,0.5806,0.337785,0.0,1,0.0042205506,0.3742512341,0.3951370431823586,Test
YEMJAC_clean,6.87778,6.50668,6.87778,1.59244,1555.51,976.807,0.0,0.0,0.5806,0.364597,0.0,0,0.002502595,0.2399710524,0.24323129791101067,Test
YEMLUY_charged,6.12904,5.80783,6.12904,1.94195,358.184,184.445,0.0,0.0,0.335,0.172507,0.0,0,0.0004995666,0.0477858168,0.053568431086177926,Test
YEMMAF_clean,9.71746,9.09929,9.71746,1.3312,1383.23,1039.09,0.0,0.0,0.5818,0.43705,0.0,1,0.0007103374,0.0726638122,0.06995630355151286,Train
YENLUA_ion_b,21.49217,18.9061,21.49217,0.794834,1364.82,1717.11,0.605784,0.762152,0.7146,0.899055,0.0,1,0.0009938654,0.1092159239,0.0986476360629836,Test
YEQRER_clean,5.87384,4.7032,5.72081,1.15967,3090.85,2665.28,0.0,0.0,0.7338,0.632764,0.0,1,0.0006535873,0.0606891486,0.0702248416166057,Test
YEQRIV_clean,5.99633,4.79932,5.81502,0.74227,3172.25,4273.71,0.0,0.0,0.734,0.988859,0.0,1,0.0008378277,0.0835922211,0.08713347000378407,Train
YEVQOG_clean,6.25531,4.55241,6.24369,1.60942,1024.12,636.328,2.59362,1.61152,0.5428,0.337264,0.0,1,0.0011880906,0.1092411575,0.10781815473861381,Test
YEVQUM_manual,7.24971,4.97645,7.24971,1.58621,997.869,629.089,110.417,69.6106,0.5532,0.348755,0.0,1,0.0011990496,0.1112965607,0.11201041298105996,Train
YEYCUC_SL,17.82348,5.70059,17.82348,0.555715,2326.25,4186.05,0.0,0.0,0.7742,1.39316,0.000719793,0,0.0029213892,0.2762064083,0.28753531131352594,Test
YEYFEP_clean,6.98334,4.14157,6.98202,1.19557,2249.87,1881.83,0.0,0.0,0.6508,0.544341,0.0,1,0.0017525757,0.1751145795,0.17621026540683188,Train
YEZFIU_clean,7.76134,3.87237,7.76134,1.15876,1542.78,1331.4,0.0,0.0,0.5858,0.505539,0.0,1,0.0016397222,0.155367488,0.15537057431477813,Train
YEZKEV_clean,5.97739,3.43415,5.31131,1.09565,745.656,680.561,250.74,228.851,0.5084,0.464017,0.0,1,0.0033031539,0.2823740376,0.29721897059255065,Test
YIBMUT_clean,4.66852,3.42869,4.24306,1.43993,703.496,488.563,0.0,0.0,0.4898,0.340155,0.0,1,0.0041482401,0.3661154256,0.3793910282662287,Test
YICDAR_clean,5.59824,4.74384,5.59824,0.895752,2281.69,2547.24,0.0,0.0,0.6272,0.700194,0.0,1,0.003213286,0.315628274,0.3149488194390864,Train
YICREI_clean,5.84848,5.57464,5.83375,1.84239,1401.27,760.57,0.0,0.0,0.5592,0.303518,0.0,1,0.0036288264,0.334014729,0.3335842620538139,Test
YIKJOT_clean,9.06042,4.04226,9.06042,1.25445,1709.74,1362.94,22.3665,17.8297,0.6492,0.517517,0.0,1,0.0012637489,0.1263962324,0.12313603211406521,Train
YIKJUZ_clean,8.98552,4.23883,8.98552,1.25419,1702.48,1357.43,21.0421,16.7774,0.6478,0.516507,0.0,1,0.0013341943,0.1272842721,0.12721824261860912,Train
YILJAG_clean,9.10869,5.99614,8.54669,0.787709,2364.52,3001.77,0.0,0.0,0.7242,0.919375,0.0,1,0.0027091709,0.2589159364,0.26354056830426004,Test
YILJUA_clean,6.47025,4.23928,6.47025,1.06649,1898.08,1779.75,0.0,0.0,0.616,0.577597,0.0,0,0.003189061,0.310149562,0.30723745012526005,Test
YILKAH_clean,5.89247,4.24175,5.78451,1.04927,1964.15,1871.92,0.0,0.0,0.628,0.598513,0.0,0,0.0033152468,0.3065031729,0.32134874894654947,Test
YINCEF_clean,5.29805,4.38969,5.29805,1.14172,1383.89,1212.11,0.0,0.0,0.5194,0.454928,0.0,1,0.0032434227,0.3104560219,0.30781591047274426,Test
YINCIJ_clean,5.57662,4.55736,5.57662,1.15159,1292.51,1122.37,0.0,0.0,0.5342,0.463881,0.0,1,0.0032390248,0.3016141219,0.30658944540825256,Test
YINCOP_clean,5.26078,4.28352,5.26078,1.18451,1235.25,1042.84,0.0,0.0,0.5154,0.435117,0.0,1,0.0031114869,0.3071840132,0.2944954948585775,Test
YINCUV_clean,4.80903,3.55203,4.73589,1.40486,557.682,396.966,0.0,0.0,0.407,0.289708,0.0,1,0.0026616461,0.2425509913,0.232097874944345,Test
YINDOQ_clean,4.43071,3.40597,4.26593,1.3553,678.182,500.394,0.0,0.0,0.4342,0.320372,0.0,1,0.0049968843,0.4212910518,0.43142199672530157,Test
YINPEQ_clean,9.47139,8.23796,9.47139,0.666821,2383.65,3574.65,0.0,0.0,0.7906,1.18563,0.0,0,0.0017028348,0.1698452531,0.1688509081478416,Test
YINXIE_clean,6.16574,4.96395,6.1491,1.27739,1014.53,794.22,0.0,0.0,0.5052,0.395493,0.0,1,0.0018891588,0.1853560857,0.17649335769241412,Test
YIRHOY_clean,4.32621,3.78826,4.32621,3.27612,950.357,290.086,0.0,0.0,0.4232,0.129177,0.0,1,0.0016728406,0.1528163022,0.13956358762165857,Test
YISFEL_clean,5.46375,4.23769,5.46375,1.76848,680.689,384.9,0.0,0.0,0.5068,0.286574,0.0,1,0.0005734136,0.0581053564,0.05391011220325448,Train
YIVNIC_clean,4.61348,3.86544,4.61348,1.60999,548.992,340.991,0.0,0.0,0.3982,0.24733,0.0,1,0.0012475058,0.1193517105,0.11636820453164531,Train
YIVZIO_clean,7.47444,4.87179,7.47444,1.1331,1630.87,1439.3,0.0,0.0,0.577,0.509222,0.0,1,0.0017021868,0.163364156,0.16781204179473116,Train
YIVZOU_clean,7.22451,3.90462,7.20186,1.01646,1810.83,1781.5,0.0,0.0,0.6044,0.594611,0.0,1,0.0027428488,0.2717718006,0.2625715607082079,Test
YIWBEN_clean,5.41707,3.94622,5.41707,1.08258,1617.69,1494.29,0.0,0.0,0.5648,0.521716,0.0,0,0.004320764,0.4071976824,0.41004126084135667,Test
YIWLEV_clean,6.84017,5.52979,6.84017,1.2226,2050.0,1676.76,0.0,0.0,0.7014,0.573697,0.0,0,0.0008516784,0.0802369667,0.0824479488479904,Train
YIWLIZ_clean,6.76345,5.40521,6.76332,1.26054,2049.12,1625.6,0.0,0.0,0.6972,0.553098,0.0,0,0.0008315442,0.0840161639,0.08175572792002878,Test
YIWMEW_clean,5.71951,3.80264,5.71876,1.30733,2035.3,1556.84,0.0,0.0,0.6656,0.509129,0.0,1,0.0007852354,0.0842215332,0.07868259915186648,Train
YIWMOG_clean,6.74773,5.04258,6.74039,1.26894,2076.98,1636.78,0.0,0.0,0.6788,0.534934,0.0,1,0.0008305375,0.0830698545,0.08268070411297204,Test
YIWMUM_clean,6.07798,4.22779,6.07163,1.30832,2060.98,1575.28,0.0,0.0,0.6732,0.514552,0.0,0,0.0008456382,0.0854376414,0.08363272298081001,Train
YIWNAT_clean,6.30784,4.54282,6.29619,1.29078,2076.15,1608.45,0.0,0.0,0.675,0.52294,0.0,0,0.000863759,0.0852171714,0.08407631373410196,Train
YIWNIB_clean,6.81948,5.37501,6.81948,1.22536,2128.85,1737.32,0.0,0.0,0.696,0.567996,0.0,0,0.000798826,0.079704416,0.07899857271658264,Test
YIWPAV_clean,6.84936,5.28466,6.84936,1.24173,2101.82,1692.65,0.0,0.0,0.6932,0.558254,0.0,0,0.0007414435,0.0816342831,0.07500915129583768,Train
YIWPEZ_SL_part,7.01269,5.15498,7.0057,1.25891,2052.76,1630.59,0.0,0.0,0.6916,0.549364,0.0,0,0.0008544224,0.0817928892,0.08424634315879745,Train
YIWPID_clean,5.93872,4.77854,5.93164,1.27431,2083.27,1634.82,0.0,0.0,0.6888,0.540527,0.0,1,0.0008275173,0.0841540835,0.08361211401029606,Test
YIXFIW_clean,4.72359,3.58415,4.71426,1.46617,963.816,657.369,0.0,0.0,0.4922,0.335704,0.0,0,0.0031388065,0.3033900973,0.2941063116382328,Test
YIXYUB_clean,7.99703,7.36677,7.98615,1.64643,944.835,573.867,0.0,0.0,0.4756,0.288867,0.0,0,0.0015084683,0.1473900441,0.14569953278240802,Test
YIXZEM_clean,8.10881,7.62421,8.10881,1.55257,958.181,617.157,0.0,0.0,0.488,0.314317,0.0,0,0.0012939568,0.1246360843,0.12547889031564077,Test
YIYHAQ_clean,5.13693,3.97105,5.11342,0.982113,1295.69,1319.28,0.0,0.0,0.5422,0.552075,0.0,1,0.0027187296,0.2677670951,0.2558083487185119,Test
YIZGEV_clean,8.18498,3.62665,8.04776,1.4535,879.019,604.759,443.479,305.11,0.5378,0.370003,0.0,0,0.0182539321,1.3562584797,1.3518966969471902,Train
YIZGIZ_clean,8.32701,3.59268,8.32701,1.46991,1382.6,940.602,0.383122,0.260644,0.553,0.376215,0.0,0,0.017463194,1.3374639896,1.335228196018221,Train
YIZGOF_clean,8.30449,3.57994,8.30449,1.47966,1364.44,922.132,0.0,0.0,0.552,0.373059,0.0,0,0.0181564829,1.3693139969,1.3726728576436333,Train
YIZWIN_clean,4.63572,3.59591,4.50441,1.58532,638.298,402.631,0.0,0.0,0.4932,0.311105,0.0,1,0.0005243336,0.0511206055,0.05246550841001901,Train
YOBYAR_clean,9.69314,7.13433,9.69314,0.65232,2302.34,3529.46,0.0,0.0,0.7484,1.14729,0.0,1,0.0025422652,0.2392623307,0.25053701413622426,Test
YOBYEV_clean,9.64125,7.09583,9.64125,0.653616,2314.51,3541.09,0.0,0.0,0.7532,1.15236,0.0,1,0.0025214892,0.2402705628,0.2505129334407739,Train
YOCCIE_clean,6.8059,5.18062,6.8059,1.41637,1048.63,740.368,38.6647,27.2985,0.5234,0.369537,0.0,1,0.0067333848,0.522563224,0.5258237270523611,Train
YOCDUR_clean,9.69113,7.20147,9.69113,0.660405,2307.63,3494.27,0.0,0.0,0.7614,1.15293,0.0,1,0.0024574878,0.2458894543,0.24019532313611291,Train
YOCLEJ_clean,13.16813,6.65727,13.16813,0.881908,2114.87,2398.07,0.0,0.0,0.7196,0.815958,0.0,1,0.0033762316,0.3149530665,0.31396304013836984,Train
YOCLIN_clean,13.22354,6.67449,13.22354,0.8764,2113.41,2411.46,0.0,0.0,0.7206,0.822227,0.0,1,0.0032186569,0.3085467511,0.30183990233308977,Test
YOCNAH_clean,6.22868,3.97762,6.13994,1.44635,836.354,578.253,0.0,0.0,0.4804,0.332147,0.0,1,0.005551731,0.433878791,0.45546527385321267,Test
YOCSEQ_clean,5.29821,4.82783,5.29821,2.09158,1030.37,492.631,0.0,0.0,0.4588,0.219356,0.0,1,0.0020909797,0.1883406423,0.19682095260453003,Test
YODRAM_clean,7.27536,4.86667,7.27536,0.966335,1538.49,1592.09,200.889,207.888,0.6076,0.628767,0.0,1,0.0040682026,0.3796289639,0.3787735598159892,Test
YODWOF_clean,21.60336,14.63737,21.60336,0.354351,1695.85,4785.8,0.0,0.0,0.8718,2.46027,0.0,1,0.0027709867,0.2766011354,0.27579385241421617,Test
YODWUL_clean,23.49364,11.53361,23.48524,0.424505,1906.84,4491.91,0.0,0.0,0.849,1.99997,0.0,1,0.0027236906,0.2641784914,0.26719153536281354,Test
YOFGOR_clean,5.41632,4.78135,5.41632,1.32576,1175.0,886.282,0.0,0.0,0.499,0.376388,0.0,1,0.0048464534,0.439250743,0.4260383276655123,Test
YOFXEY_clean,5.28351,3.76449,3.92047,1.16809,406.535,348.035,406.008,347.584,0.5144,0.440378,0.0,0,0.0024659595,0.232243224,0.23254502473660016,Train
YOFXIC_clean,4.88114,3.85589,4.00843,1.17746,202.132,171.668,464.324,394.346,0.5094,0.432628,0.0,0,0.0023121803,0.2215921829,0.21698525659848755,Test
YOGKOW_clean,10.82894,9.41793,10.82894,0.926286,1458.82,1574.92,0.0,0.0,0.651,0.702807,0.0,1,0.0022623736,0.2257482551,0.2226418836638695,Test
YOGVEX_clean,4.10269,3.52572,4.10269,1.25337,612.446,488.638,0.0,0.0,0.5006,0.399402,0.0,0,0.002472072,0.2267807423,0.23067945270346085,Test
YOKKIU_clean,4.47915,3.70978,4.27429,1.38219,507.522,367.187,328.529,237.688,0.4744,0.343224,0.0,1,0.0036781437,0.3507080273,0.3312943749049316,Test
YOLGUB_clean,7.59854,5.9029,7.59287,0.74526,2992.97,4016.0,0.0,0.0,0.791,1.06137,0.0,1,0.0009301062,0.091820699,0.09399438367003479,Train
YOMBAE_charged,6.37722,4.1401,6.36865,1.48117,1573.92,1062.62,0.0,0.0,0.5824,0.393204,0.0,0,0.0012502189,0.1222916882,0.12387472217828555,Train
YOMZIL_clean,6.06999,4.11356,6.06999,1.23293,641.787,520.537,0.0,0.0,0.4508,0.365632,0.0,1,0.000952667,0.0928744856,0.09236638023991547,Test
YONNAR_clean,11.86103,5.70578,11.72639,0.691421,2206.3,3190.97,0.0,0.0,0.7668,1.10902,0.0,1,0.0024924497,0.2562423065,0.2484158622392148,Test
YONNUL_clean,7.44579,3.94305,6.4772,1.00681,1672.8,1661.47,0.0,0.0,0.5814,0.577465,0.0,0,0.0048852158,0.4649277186,0.4551171930718484,Train
YOPPAW_clean,4.43567,3.44353,4.43166,1.44767,531.139,366.891,0.0,0.0,0.4788,0.330738,0.0,1,0.0007733217,0.0755277523,0.07361446851267953,Train
YOQLAT_clean,5.09073,4.28382,5.09073,2.03523,909.798,447.024,0.0,0.0,0.4642,0.228082,0.0,1,0.001396534,0.1390613395,0.13144663159085865,Test
YORGOD_clean,8.38023,4.12707,8.38023,0.867162,1938.3,2235.22,0.0,0.0,0.6224,0.717744,0.0,0,0.0031228602,0.3070493185,0.3061767751616479,Test
YORLEY_clean,14.11404,9.82464,14.11404,1.50654,1067.45,708.545,0.0,0.0,0.6006,0.398661,0.0,1,0.0008513529,0.082250506,0.08313327349343175,Train
YORNIE_clean,6.06957,5.53792,6.06957,0.892995,1622.17,1816.55,0.0,0.0,0.629,0.704371,0.0,1,0.0020127349,0.2072480834,0.2026145492165122,Train
YOTXOW_clean,6.29142,5.79696,6.29077,1.36514,595.047,435.886,0.0,0.0,0.467,0.342088,0.0,1,0.0017633152,0.1664492567,0.16390603737637283,Train
YOYBUL_clean,7.16525,4.74264,7.03966,0.861413,1929.99,2240.49,0.0,0.0,0.6146,0.713479,0.0,0,0.0046606489,0.4378732657,0.43493090013607916,Test
YOYNUX_clean,6.53052,5.58315,6.53052,1.14575,936.289,817.183,0.0,0.0,0.503,0.439013,0.0,0,0.0040235267,0.3623049558,0.3649364538698101,Test
YOYPAF_clean,6.55588,5.45199,6.55588,1.14259,922.719,807.568,0.0,0.0,0.4978,0.435677,0.0,0,0.0042411581,0.3890116894,0.387171337745293,Train
YOYPEJ_clean,6.69444,5.84937,6.69444,1.13629,975.718,858.686,0.0,0.0,0.5104,0.44918,0.0,0,0.003956291,0.3614786643,0.3587835942486433,Test
YOYPIN_clean,6.69706,5.82012,6.69706,1.12302,945.662,842.074,0.0,0.0,0.503,0.447901,0.0,0,0.0037937336,0.3386079682,0.3428965840061767,Test
YOYPOT_clean,6.7589,5.79486,6.7589,1.1199,967.709,864.099,0.0,0.0,0.5112,0.456468,0.0,0,0.0040749474,0.373934791,0.37169248222183365,Test
YOYPUZ_clean,6.823,5.88003,6.823,1.1136,990.517,889.476,0.0,0.0,0.5056,0.454025,0.0,0,0.0040395746,0.364767928,0.36514121146358647,Test
YOYQAG_clean,6.86662,5.74381,6.86662,1.1179,982.695,879.053,0.0,0.0,0.5126,0.458537,0.0,0,0.0040201196,0.3632398227,0.3638903888698464,Train
YOYQEK_clean,6.62212,5.08469,6.62212,1.12644,928.228,824.034,0.0,0.0,0.5154,0.457546,0.0,0,0.0044569737,0.3954202343,0.39548595727422214,Train
YOYQIO_clean,6.67565,4.79784,6.64558,1.08038,1016.53,940.902,0.0,0.0,0.5102,0.47224,0.0,0,0.0043698859,0.3752519333,0.39110669367472767,Train
YOYQOU_clean,6.44081,4.04722,6.44081,1.09379,982.779,898.504,0.0,0.0,0.5092,0.465535,0.0,0,0.0045568615,0.3966886811,0.40739926635896284,Test
YOYQUA_clean,6.73531,5.14118,6.73531,1.08477,941.654,868.069,0.0,0.0,0.5218,0.481024,0.0,0,0.0043164643,0.3843763405,0.384571591740794,Train
YOYRAH_clean,7.09133,6.25516,7.09133,1.0672,1026.65,962.001,0.0,0.0,0.525,0.491941,0.0,0,0.0035391802,0.3247792167,0.32635923438619385,Train
YOYREL_clean,7.29129,6.3252,7.29129,1.04682,1086.92,1038.31,0.0,0.0,0.5424,0.518142,0.0,0,0.0036433523,0.3383296026,0.3399911790151446,Test
YOYRIP_clean,6.79198,5.2818,6.79198,1.07942,946.208,876.593,0.0,0.0,0.5242,0.485633,0.0,0,0.0043164643,0.3786789281,0.38472417923931157,Test
YOYTOX_clean,5.00131,3.86562,5.00092,1.39238,1497.55,1075.53,0.0,0.0,0.5584,0.401039,0.0,1,0.0022503092,0.214486662,0.218377451413433,Train
YOYTUD_clean,4.80402,3.83038,4.80248,1.49755,1398.05,933.559,0.0,0.0,0.5346,0.356983,0.0,1,0.0024770846,0.2390291465,0.24283091521263794,Test
YOYVAL_clean,5.10696,4.09246,5.10696,1.36597,1540.95,1128.11,0.0,0.0,0.565,0.413627,0.0,1,0.0023977925,0.2232801536,0.22851904135826034,Train
YOYVEP01_clean,4.85942,3.67908,4.85942,1.85926,1388.03,746.548,0.0,0.0,0.5542,0.298075,0.0,1,0.0015934971,0.151736398,0.15437644824996025,Train
YOYVOZ01_clean,4.93942,3.90462,4.93942,1.84087,1437.78,781.033,0.0,0.0,0.5596,0.303986,0.0,1,0.0018091629,0.1762408956,0.17217172338428602,Test
YOYVOZ_clean,4.67642,3.71608,4.67441,1.95188,1324.79,678.726,0.0,0.0,0.5406,0.276964,0.0,1,0.0016651832,0.1645493779,0.1557750728115978,Train
YOYWEQ01_clean,4.53154,3.47646,4.53046,2.03962,960.704,471.022,1.31722,0.645816,0.5242,0.257009,0.0,1,0.0015108758,0.1443527292,0.14436703734524697,Train
YOYWEQ_clean,4.77875,3.62914,4.77812,1.88548,1186.63,629.349,4.49602,2.38455,0.5478,0.290536,0.0,1,0.0013863364,0.1368013879,0.1344834837100594,Train
YOYZET_clean,6.17589,4.55995,6.17589,1.24493,1035.54,831.808,0.0,0.0,0.5128,0.411912,0.0,0,0.0011590637,0.1164106745,0.11257608637191846,Train
YOZBOF_SL,7.83476,4.57838,7.67886,1.07865,1348.62,1250.29,0.0,0.0,0.5716,0.529923,0.0,0,0.0022461452,0.2246558623,0.2109423382585307,Test
YOZCAS_manual,8.46123,4.31249,7.59373,1.29132,1274.82,987.221,0.0,0.0,0.5562,0.430722,0.0,0,0.0018406982,0.175791555,0.17310219268887572,Test
YOZJEE01_clean,4.99022,3.91645,4.98963,1.38859,1498.87,1079.42,0.0,0.0,0.5588,0.402423,0.0,1,0.0022685464,0.2191950257,0.21874981854740727,Train
YOZJEE_clean,4.63204,3.60208,4.62987,1.53122,1162.82,759.411,4.86491,3.17715,0.5256,0.343256,0.0,1,0.0020560436,0.2003512629,0.20315602688987638,Train
YOZKOP_clean,5.21744,4.85597,5.21744,1.23316,795.516,645.106,0.0,0.0,0.5018,0.406924,0.0,1,0.0018838067,0.1775626349,0.1732604216258244,Train
YOZNAE_clean,13.27907,6.70029,13.26706,0.882932,2074.79,2349.88,0.0,0.0,0.7122,0.80663,0.0,1,0.0033271509,0.3014216625,0.3061576072046938,Train
YOZQAG_charged,13.27914,8.89146,13.27914,0.6982,1942.39,2781.99,0.0,0.0,0.7516,1.07648,0.0,1,0.0018337065,0.1826915963,0.18174235996546412,Train
YOZQEK_clean,13.97996,12.00951,13.48133,0.61183,1737.5,2839.84,0.0,0.0,0.7918,1.29415,0.0,1,0.0017871008,0.176036693,0.18169183655808122,Test
YOZYOD_clean,6.08705,4.94831,6.08705,1.19906,1535.33,1280.44,0.0,0.0,0.57,0.475373,0.0,1,0.0032382511,0.3130119551,0.3073846309672839,Test
YOZYUJ_clean,8.32775,7.35004,8.32775,1.04928,1799.21,1714.71,0.0,0.0,0.648,0.617564,0.0,1,0.0030914694,0.3013769962,0.29816198387216614,Train
YUBFOR_clean,8.69265,4.94745,8.69265,1.19814,1446.3,1207.12,0.0,0.0,0.612,0.510792,0.0,1,0.0014942972,0.1561597893,0.144819502347103,Test
YUBGIN_clean,5.8422,3.48658,5.82075,1.92767,1406.23,729.498,0.0,0.0,0.58,0.300882,0.0,1,0.001464382,0.1499598117,0.13769739577588974,Test
YUBQET_clean,5.81942,4.13008,5.81921,1.08758,1193.63,1097.51,0.0,0.0,0.5256,0.483275,0.0,0,0.0044807258,0.4185251073,0.4092284946157959,Test
YUCZOM_clean,4.78325,3.91982,4.78325,1.01421,1563.82,1541.91,0.0,0.0,0.5504,0.54269,0.0,1,0.002234244,0.2263691749,0.2182703587177438,Test
YUDFEK_clean,6.78829,4.53676,6.76727,1.15506,1800.97,1559.2,0.0,0.0,0.6172,0.534345,0.0,1,0.0025461193,0.2517351508,0.24881658501042608,Test
YUDFIO_clean,7.42167,6.24399,7.42167,1.08555,1886.91,1738.2,0.0,0.0,0.6204,0.571506,0.0,1,0.0013610165,0.1449631398,0.136667887304432,Train
YUDFOU_clean,7.64047,6.34458,7.63187,1.05425,1899.74,1801.98,0.0,0.0,0.6516,0.618068,0.0,1,0.0014235122,0.1388693173,0.14275076331892547,Test
YUFLIW_clean,6.09359,4.9062,6.08114,0.831336,2354.2,2831.83,0.0,0.0,0.6718,0.808097,0.0,1,0.0038530723,0.3711002669,0.3744451225152324,Test
YUFLOC_clean,6.07463,4.45798,5.9729,0.984585,2401.71,2439.31,0.0,0.0,0.6528,0.663021,0.0,1,0.0024758303,0.2377362786,0.24732241284079975,Train
YUGLES_clean,10.89993,6.77637,10.89993,0.718001,2324.4,3237.32,0.0,0.0,0.7434,1.03537,0.0,1,0.0027671386,0.2643272088,0.2704791767700572,Test
YUGZIK_clean,11.91055,8.94015,11.87908,0.448758,2210.67,4926.21,0.0,0.0,0.8084,1.80142,0.0,1,0.0027612883,0.2745579681,0.2750547644378481,Train
YUHHIU_clean,6.82796,5.69487,6.82796,0.81756,1884.13,2304.57,0.0,0.0,0.672,0.821958,0.0,1,0.0025358948,0.2586965555,0.2536220965574364,Test
YUJCOX_clean,5.98412,4.49111,5.97667,1.61045,1537.35,954.605,0.0,0.0,0.5426,0.336924,0.0,1,0.0036040372,0.3371720497,0.33395803363421017,Test
YUJNOH_clean,5.27714,3.46452,5.27652,1.77541,392.456,221.051,0.0,0.0,0.4746,0.267319,0.0,1,0.0014042707,0.1318058074,0.13129159931683357,Train
YUKCAJ_clean,4.62174,3.64026,4.62174,1.16054,790.171,680.867,0.0,0.0,0.4744,0.408776,0.0,0,0.0024706476,0.2330314269,0.22968877842443391,Train
YUKKAR_clean,5.85992,4.34741,5.85992,1.1473,1614.58,1407.28,0.0,0.0,0.5232,0.456026,0.0,0,0.0032788389,0.3186319748,0.3094106596814206,Test
YULNOK_clean,4.29835,3.4152,4.29262,1.35163,393.739,291.306,2.25484,1.66823,0.4592,0.339737,0.0,1,0.00144216,0.1407951826,0.1386512960699388,Train
YUMFUJ_clean,5.62483,3.84836,5.59785,1.06417,2334.41,2193.65,0.0,0.0,0.607,0.5704,0.0,1,0.003330181,0.3202604882,0.31764769390463016,Test
YUMJAS_clean,6.24531,4.99676,6.24531,2.01823,1798.6,891.176,0.0,0.0,0.5646,0.27975,0.0,1,0.0007363169,0.0762071506,0.07270671730172945,Train
YUMKAU_clean,9.79433,6.58571,9.76919,1.05716,1773.48,1677.58,0.0,0.0,0.674,0.637556,0.0,1,0.0018450329,0.1803202741,0.17922141479847264,Train
YUMYUC_clean,6.81125,6.65142,6.81125,1.26369,1689.58,1337.02,0.0,0.0,0.6178,0.488886,0.0,1,0.0010846057,0.1162772723,0.11233338083731187,Test
YUNJUO_clean,4.39479,3.63152,4.30622,1.20023,327.056,272.493,228.818,190.645,0.4452,0.370927,0.0,0,0.0049051343,0.4253102972,0.39298510598183445,Test
YUNKAV_clean,4.51501,3.79299,4.16091,1.19194,612.464,513.84,0.0,0.0,0.4502,0.377705,0.0,0,0.0047468291,0.425289345,0.421279555571338,Train
YUNKIC_charged,5.44503,3.98756,5.43218,1.47604,602.64,408.281,115.307,78.119,0.505,0.342131,0.0,1,0.0023739307,0.2180362245,0.22036982907324223,Test
YUNXAI_clean,9.13708,7.11095,9.13708,0.82221,2053.25,2497.23,0.0,0.0,0.684,0.831905,0.0,0,0.002964874,0.2957774017,0.28927547821325106,Train
YUPSIM_clean,5.52019,4.61021,5.51376,1.65801,687.926,414.911,0.0,0.0,0.4506,0.271772,0.0,0,0.0005477058,0.0521962486,0.052105836134846845,Train
YURJUR_clean,13.69253,8.47609,13.69253,0.683521,2000.04,2926.08,0.0,0.0,0.7552,1.10487,0.0,0,0.0020395925,0.1978264794,0.20556383458164545,Test
YURKAY_clean,8.234,7.52617,8.234,0.858047,2501.02,2914.78,0.0,0.0,0.7128,0.830724,0.0,1,0.0025606649,0.2501316345,0.2548224703793189,Train
YURKEC_clean,7.90101,7.08763,7.8976,1.07399,1764.62,1643.06,0.0,0.0,0.6344,0.590696,0.0,1,0.0026156237,0.2496423548,0.2558460646458555,Test
YURKIG_clean,6.91612,5.83867,6.83043,1.00356,2150.65,2143.01,0.0,0.0,0.6578,0.655465,0.0,1,0.0026975176,0.2745342019,0.26068283079318755,Test
YUSGID_clean,4.4966,3.71515,4.45873,1.44519,752.59,520.755,0.0,0.0,0.4252,0.294217,0.0,0,0.0015840545,0.1494640982,0.1525254748978399,Train
YUSGOJ_SL,4.42187,3.56624,4.4192,1.435,723.425,504.128,0.0,0.0,0.4304,0.29993,0.0,1,0.0012678605,0.1190477848,0.12072622606428537,Test
YUSWEP_manual,37.3405,13.00592,37.31547,0.403891,1712.88,4240.94,0.0,0.0,0.8324,2.06095,0.0,1,0.0028453828,0.2813257528,0.2820861986616348,Test
YUSWEQ_clean,5.40391,4.45966,5.39413,1.61347,1720.16,1066.13,0.0,0.0,0.5494,0.340509,0.0,1,0.0025693304,0.2438879047,0.24324188717185186,Train
YUSWIU_clean,5.63795,4.77812,5.63069,1.59088,1761.52,1107.26,0.0,0.0,0.5624,0.353516,0.0,0,0.0026060493,0.2523491294,0.24855356594952852,Train
YUTDUO_clean,7.90649,6.23902,7.90649,1.39467,1474.83,1057.48,0.0,0.0,0.5612,0.40239,0.0,1,0.0118844293,0.9354960808,0.9333631402518842,Train
YUTGEZ_clean,5.82433,3.93601,5.82433,1.29826,1025.59,789.97,0.0,0.0,0.5686,0.437971,0.0,0,0.0008180184,0.0784820094,0.08033314777051104,Train
YUXLEJ_clean,10.83121,6.54663,10.83121,0.97354,1928.71,1981.13,0.0,0.0,0.6686,0.686772,0.0,1,0.001665304,0.1572558534,0.16109670681880156,Test
YUXLIN_clean,11.21237,6.77529,11.21199,0.978835,1903.75,1944.91,0.0,0.0,0.6474,0.661399,0.0,1,0.0014850365,0.1460597747,0.14603738311020362,Train
YUXQIS_clean,17.65359,14.41981,17.65359,0.688928,1805.53,2620.78,0.0,0.0,0.7418,1.07675,0.0,0,0.002357594,0.2289022129,0.23307381723614007,Test
YUXQOY_clean,7.81236,5.76726,7.81236,0.879883,2108.57,2396.42,0.0,0.0,0.6624,0.752827,0.0,0,0.0024909842,0.2384163455,0.24938905351331736,Test
YUYBIF_clean,5.00131,4.56878,4.98439,1.44177,873.775,606.043,0.0,0.0,0.501,0.347489,0.0,0,0.0030182039,0.272553724,0.27681594641149615,Test
YUYGOQ_clean,5.37118,4.47094,5.33272,1.34967,1149.04,851.347,10.6722,7.90727,0.5126,0.379797,0.0,1,0.0025994205,0.2484715148,0.24504793113779647,Test
YUYLIP_clean,5.22265,4.3746,5.21018,1.35436,1100.13,812.287,11.7356,8.66502,0.5156,0.380696,0.0,1,0.0024871279,0.2322680054,0.23766550761669158,Test
YUYLOV_clean,5.28891,4.25116,5.28891,1.21408,1053.59,867.808,5.10787,4.20721,0.5256,0.432922,0.0,1,0.0023609587,0.2178572116,0.225286411154404,Test
YUZCON_clean,12.85482,8.91717,12.83553,1.23622,1841.47,1489.6,0.0,0.0,0.7372,0.596334,0.0,1,0.0006164968,0.0658174537,0.06215135057280727,Train
YUZPEQ_clean,21.49816,9.22584,18.34054,0.4666,2093.84,4487.44,0.0,0.0,0.8266,1.77154,0.0,1,0.0030739291,0.3021559417,0.3007724827555299,Test
YUZPIU_clean,24.28264,10.2733,24.27637,0.405541,1930.72,4760.85,0.0,0.0,0.8426,2.07772,0.0,1,0.0032369908,0.3225690712,0.31428368771849413,Test
YUZPOA_clean,20.08724,6.66271,20.08724,0.597835,2261.64,3783.05,0.0,0.0,0.7894,1.32043,0.0,1,0.003097385,0.3159991767,0.3101961195446702,Train
YUZRAO_clean,7.04018,5.00118,6.73681,1.11887,1297.93,1160.04,0.0,0.0,0.528,0.471906,0.0,1,0.0022887152,0.223841119,0.21825013080501535,Test
YUZRES_clean,7.11877,4.99085,7.01426,1.11442,1299.63,1166.19,0.0,0.0,0.527,0.472891,0.0,1,0.002401959,0.2232232454,0.23010878040857394,Train
YUZXAT_clean,5.15837,3.71285,5.1262,1.26263,639.82,506.735,0.0,0.0,0.4692,0.371605,0.0,1,0.0040520021,0.3273467355,0.3479226822866869,Test
ZABQIC_ion_b,12.00373,11.11993,12.00373,0.767386,1559.55,2032.28,0.0,0.0,0.672,0.8757,0.0,1,0.0013284749,0.1415099037,0.13227580379019005,Test
ZACHIX_clean,13.14331,6.50331,13.13039,0.890304,2133.37,2396.22,0.0,0.0,0.7114,0.799053,0.0,1,0.0034033551,0.3031827535,0.31819990384677105,Test
ZAFXAI_clean,8.16636,3.63608,8.16636,1.40372,1642.88,1170.38,0.0,0.0,0.568,0.40464,0.00156727,0,0.0018449024,0.1672405798,0.17827475023869205,Test
ZAGHAT_clean,4.51112,4.19176,4.51112,1.1607,908.617,782.819,0.0,0.0,0.5106,0.439908,0.0,1,0.0032796167,0.3112633124,0.30922163300827776,Train
ZAHLEC_clean,10.74057,8.40432,8.92854,0.504189,2700.75,5356.61,0.0,0.0,0.8076,1.60178,0.0,1,0.0025638603,0.2453144093,0.25117049347204423,Train
ZALDUO_clean,4.61661,3.56851,4.61661,1.92477,1210.48,628.894,0.0,0.0,0.514,0.267045,0.0,1,0.0007243908,0.0700368642,0.07584997267667004,Train
ZALGEB_clean,6.62075,4.56528,6.62075,1.81667,1374.98,756.865,0.0,0.0,0.5514,0.303522,0.0,1,0.0003643645,0.0367367792,0.03831562430066143,Train
ZALREM_clean,5.87604,3.78386,5.86921,1.04183,1802.16,1729.8,0.0,0.0,0.622,0.597029,0.0,0,0.0045888536,0.4417082714,0.4380921222791532,Train
ZAQWEW_clean,6.95842,6.13717,6.94512,1.39957,1222.41,873.413,0.0,0.0,0.5188,0.370684,0.0,1,0.0012120701,0.1166975493,0.12230452621208088,Train
ZAQZOG_clean,5.77457,3.67413,5.75944,1.64692,1133.89,688.489,59.8527,36.3421,0.521,0.316347,0.0,1,0.0022749017,0.2176266996,0.2149465768781752,Test
ZARLEL_clean,14.43115,13.28451,14.43115,0.493906,1518.29,3074.04,0.0,0.0,0.7906,1.60071,0.0,1,0.0016925841,0.1758842545,0.17314681150283884,Test
ZARLIP_clean,9.09773,7.66595,9.09773,0.805646,1902.98,2362.06,0.0,0.0,0.6786,0.842305,0.0,1,0.0023718384,0.2228415295,0.2329558078903289,Test
ZARLUB_charged,9.74532,6.34877,9.74532,0.957875,1926.91,2011.65,0.0,0.0,0.64,0.668145,0.0,1,0.0031825342,0.3115866388,0.30191463106889027,Test
ZARMAI_charged,10.69503,7.05231,10.69503,0.975433,1644.41,1685.83,0.0,0.0,0.6456,0.66186,0.0,1,0.0029063498,0.2734148549,0.2753885662890928,Test
ZARPUF_clean,7.04716,6.45776,7.04716,1.849,1998.18,1080.68,0.0,0.0,0.6766,0.365927,0.0,1,0.0009180228,0.0910581551,0.0887548928017583,Train
ZARQAM_clean,7.63314,6.94265,7.63314,2.76479,1309.37,473.587,0.0,0.0,0.5168,0.186922,0.0,1,0.0004234438,0.0427605476,0.04297786739076084,Train
ZARTAP03_clean,4.16883,3.64959,4.16883,1.16973,666.603,569.875,0.0,0.0,0.5526,0.472415,0.0,0,0.0012853062,0.1301731572,0.12222273659602559,Test
ZARVIZ_clean,8.08211,6.49977,8.07086,1.60695,1752.25,1090.42,2.37844,1.4801,0.6066,0.377486,0.0,1,0.0008448809,0.0837587588,0.0825551203642711,Train
ZARZAV_clean,5.22384,3.95101,5.21614,1.32405,863.286,652.003,0.0,0.0,0.4802,0.362674,0.0,1,0.005362849,0.454934298,0.4534904412588898,Train
ZASJAG_clean,8.3258,8.06587,8.3258,1.20593,1261.26,1045.89,0.0,0.0,0.5316,0.440823,0.0,0,0.0013832943,0.135934871,0.13523322530066287,Test
ZAVPET_clean,5.39742,4.45708,5.33979,1.26627,1762.86,1392.17,0.0,0.0,0.5648,0.446036,0.0,1,0.0025496406,0.2423236602,0.24659088918980482,Train
ZAVPIX_clean,5.34624,4.4404,5.30939,1.2826,1715.57,1337.57,0.0,0.0,0.5728,0.446594,0.0,1,0.0025737384,0.2483736376,0.24717125778258417,Test
ZAVPOD_clean,5.37051,4.47073,5.34338,1.28123,1720.75,1343.05,0.0,0.0,0.573,0.447228,0.0,1,0.0024854364,0.2432216963,0.24262284887110716,Test
ZAVPUJ_clean,5.35189,4.46399,5.34326,1.29856,1713.78,1319.75,0.0,0.0,0.5712,0.439871,0.0,1,0.0025506052,0.2452952874,0.24703578769219758,Test
ZAVQAQ_clean,5.33865,4.48097,5.3256,1.32498,1680.96,1268.67,0.0,0.0,0.569,0.42944,0.0,1,0.0025421587,0.2409037664,0.24568081186647295,Test
ZAVQEU_clean,5.32077,4.48233,5.32077,1.33464,1678.44,1257.6,0.0,0.0,0.5746,0.430529,0.0,1,0.0024867348,0.2455831721,0.24212212907366965,Train
ZAVQIY_clean,5.30607,4.48289,5.30386,1.35411,1643.73,1213.88,0.0,0.0,0.5664,0.418282,0.0,1,0.0025238694,0.2465290737,0.24533607455196896,Test
ZAVQOE_clean,5.3264,4.54894,5.3264,1.35472,1669.82,1232.6,0.0,0.0,0.5738,0.423556,0.0,1,0.0025837976,0.2421647774,0.2456397382331338,Test
ZAVQUK_clean,5.30653,4.52403,5.29517,1.36913,1649.04,1204.45,0.0,0.0,0.5562,0.406243,0.0,1,0.0025357643,0.2399221531,0.24548944368114045,Train
ZAVRAR_clean,5.32227,4.57646,5.32227,1.37671,1661.66,1206.98,0.0,0.0,0.5744,0.417225,0.0,1,0.0025103589,0.2428869388,0.2411232509213346,Train
ZAVREV_clean,5.30179,4.55872,5.30179,1.39948,1649.43,1178.6,0.0,0.0,0.5718,0.40858,0.0,1,0.0026007599,0.2454408585,0.24811750482571995,Test
ZAVRIZ_clean,5.32783,4.62627,5.32783,1.39297,1655.8,1188.68,0.0,0.0,0.5686,0.408192,0.0,1,0.0025262958,0.2408537362,0.24438913159699605,Test
ZAXQOG_clean,5.67387,3.7719,5.66477,1.01421,1385.47,1366.06,80.4067,79.2805,0.6032,0.594751,0.0,1,0.0048843716,0.4720695948,0.4639583342180167,Train
ZAXQUM_charged,5.3015,3.54171,4.69168,1.40949,721.003,511.535,0.0,0.0,0.4634,0.328771,0.0,1,0.0021997249,0.2122271979,0.20441591915157684,Train
ZAYJOA_charged,4.04003,3.489,4.02141,3.84905,202.678,52.6567,0.0417027,0.0108345,0.3916,0.101739,0.0,0,4.20151e-05,0.0040538636,0.006941209765123579,Train
ZAZBUZ_clean,6.78822,5.70042,6.78792,1.17074,1452.69,1240.82,0.0,0.0,0.588,0.502245,0.0,1,0.0030259375,0.291558837,0.28768699936206116,Test
ZEBMAW_clean,7.10606,3.80774,7.0844,1.02768,1719.77,1673.45,0.0,0.0,0.5972,0.581114,0.0,1,0.0027435402,0.2751878236,0.2634286913070868,Test
ZECKID_clean,10.33934,8.28295,10.32915,0.62663,2205.37,3519.42,0.0,0.0,0.7756,1.23773,0.0,1,0.0016115411,0.1700072542,0.16188936869968373,Test
ZECKOJ_clean,10.01013,7.75871,10.01013,0.671545,2228.83,3318.96,0.0,0.0,0.7738,1.15227,0.0,1,0.0016459757,0.1738765598,0.16154700742036357,Test
ZEDLOL_clean,4.6264,3.66432,4.6264,1.37262,652.64,475.472,0.0,0.0,0.459,0.334398,0.0,0,0.0023865404,0.2184411516,0.22196624071865326,Test
ZEDQEG_clean,5.11458,4.23281,5.10868,1.21651,1349.89,1109.64,0.0,0.0,0.5426,0.446031,0.0,1,0.0022736383,0.2217128191,0.21999895317723583,Test
ZEDROR_clean,5.08255,3.56751,5.06998,1.24486,1045.2,839.611,0.0,0.0,0.4974,0.399562,0.0,1,0.0038976917,0.352064261,0.3558751251064165,Test
ZEDVOV_charged,5.91854,3.45718,5.91854,1.24349,557.924,448.674,35.0611,28.1957,0.4732,0.380541,0.0,0,0.001234668,0.1190478689,0.1203026756332064,Train
ZEDVUB_charged,5.3293,4.32637,5.19907,1.33144,777.591,584.023,24.9908,18.7698,0.4496,0.33768,0.0,0,0.0013160578,0.1281994448,0.12174456040920925,Test
ZEDWAI_charged,5.28683,4.41255,5.2637,1.35718,819.018,603.469,0.0,0.0,0.4502,0.331717,0.0,0,0.0013625396,0.1296448374,0.12814185324413663,Test
ZEDZAL01_clean,5.65082,4.55391,5.6492,1.03183,1744.09,1690.29,0.0,0.0,0.599,0.580521,0.0,0,0.0048114763,0.4495892655,0.45183754310366675,Test
ZEDZAL_clean,5.65964,4.57272,5.65578,1.03183,1734.09,1680.59,0.0,0.0,0.6058,0.587111,0.0,0,0.0048168987,0.4453453337,0.45010470964481014,Train
ZEKRIS_clean,5.6482,4.818,5.6482,1.03468,1377.31,1331.15,0.0,0.0,0.5112,0.494067,0.0,1,0.0058829622,0.5451932785,0.541681987771889,Train
ZELQAK_clean,8.24038,5.23853,8.14946,0.765451,2630.89,3437.05,0.0,0.0,0.7374,0.963354,0.0,1,0.003323522,0.3152366999,0.3248244053532007,Test
ZELROZ_manual,16.90888,11.06843,16.90888,0.361932,1789.5,4944.29,0.0,0.0,0.8714,2.40763,0.0,0,0.0023474659,0.2381050094,0.23670712356428766,Test
ZERQOE_clean,4.4965,4.02903,4.49472,1.56535,409.981,261.909,0.0,0.0,0.3512,0.224358,0.0,0,0.0065682747,0.4741156958,0.4706268024933379,Train
ZETLER_clean,7.4185,6.73421,7.4185,1.13583,1090.42,960.022,0.0,0.0,0.5128,0.451477,0.0,1,0.0024576341,0.2384781021,0.2340686963360499,Test
ZEVXAB_clean,8.31732,6.45797,8.30908,0.729711,1924.84,2637.82,0.0,0.0,0.6412,0.878704,0.0,0,0.0026038459,0.2634238059,0.26115933515802386,Train
ZEXKUK_clean,5.43641,4.11889,5.43641,1.10203,1510.94,1371.05,0.0,0.0,0.521,0.472764,0.0,0,0.0033136254,0.318143399,0.31393361229575933,Test
ZEZFIV_clean,10.69025,9.42287,10.68854,0.594994,2005.75,3371.05,0.0,0.0,0.743,1.24875,0.0,1,0.0022078443,0.2284997509,0.21980091050169343,Train
ZEZPAX_clean,4.88259,3.42627,4.87229,1.37031,946.317,690.584,0.0,0.0,0.58,0.423261,0.0,1,0.0023608948,0.2187676148,0.22188165016409517,Train
ZEZPUR_clean,6.86808,4.73515,6.86808,1.25879,1604.0,1274.24,0.0,0.0,0.5842,0.464096,0.0,1,0.002592265,0.2407759853,0.24637741984033878,Train
ZEZQAY_clean,6.85728,4.76238,6.85728,1.25559,1624.77,1294.03,0.0,0.0,0.5694,0.453492,0.0,1,0.0024734783,0.2490003571,0.23626239174842192,Test
ZEZQEC_clean,6.82109,4.77027,6.82109,1.2492,1610.37,1289.12,0.0,0.0,0.5834,0.467017,0.0,1,0.0025685904,0.2480788739,0.24684799891809595,Test
ZEZQIG_clean,6.88408,4.79829,6.69844,1.21505,1604.06,1320.16,0.0,0.0,0.5894,0.485082,0.0,1,0.002443998,0.2394471077,0.23664719610266405,Test
ZICCIZ_clean,17.08225,7.88152,11.63664,0.729494,2109.82,2892.17,0.0,0.0,0.7876,1.07965,0.0,1,0.0019811839,0.1945777973,0.19827110014910648,Train
ZIDBEV_clean,9.63216,5.48309,9.63216,0.807059,2178.07,2698.78,0.0,0.0,0.7352,0.910962,0.0,1,0.0012793558,0.1139496507,0.12514825930670526,Train
ZIDNEH_clean,8.84838,5.55883,8.83355,0.885692,1904.92,2150.77,0.0,0.0,0.6292,0.710405,0.0,1,0.0043092455,0.4093048629,0.4086679082822908,Test
ZIDVAL_clean,5.32891,3.57912,5.32891,1.33917,571.442,426.715,0.0,0.0,0.4296,0.320796,0.0,1,0.0045953825,0.3646114395,0.3854094509409214,Test
ZIGFIG_clean,11.59694,6.57481,10.91215,0.866393,2057.4,2374.67,0.0,0.0,0.6856,0.791327,0.0,1,0.0039944684,0.3482106443,0.3585383845367627,Train
ZIHFUR01_clean,5.31623,4.89277,5.31045,1.17914,978.608,829.937,0.0,0.0,0.4918,0.417085,0.0,0,0.0015060432,0.1450875405,0.14520264795736076,Test
ZIHFUR_clean,5.26061,4.96221,5.22095,1.17428,998.963,850.705,0.0,0.0,0.5002,0.425964,0.0,0,0.001479816,0.1410283859,0.14095293135330614,Test
ZIHTEP_clean,4.34589,3.49261,4.31959,1.10997,397.98,358.549,0.0,0.0,0.4276,0.385235,0.0,1,0.0008568849,0.0802049108,0.08113550645807083,Train
ZIJSAO_clean,20.32962,7.50871,20.32962,0.465536,2204.15,4734.65,0.0,0.0,0.8128,1.74594,0.0,1,0.0030372201,0.2777766053,0.29873933673752584,Test
ZIJVOF01_clean,5.27877,3.42429,5.23095,1.22527,1101.04,898.609,0.0,0.0,0.5618,0.458512,0.0,1,0.0039341575,0.3565138655,0.3586450773488752,Train
ZIKJIO_clean,7.07783,5.58584,7.07783,0.782965,2562.61,3272.96,0.0,0.0,0.6992,0.893015,0.0,1,0.0032631456,0.3106150692,0.320515491531775,Test
ZIKJOU_clean,5.81598,3.9573,5.81598,0.969805,2178.44,2246.27,0.0,0.0,0.6456,0.665701,0.0,1,0.0039909848,0.3863176209,0.3816337357624694,Test
ZILBAZ_clean,4.9863,4.28704,4.9863,0.999721,1029.25,1029.53,0.0,0.0,0.551,0.551154,0.0,1,0.0021214822,0.2140043245,0.20942128953807912,Test
ZILBED_clean,4.97187,3.8062,4.93999,0.952981,1353.58,1420.37,0.0,0.0,0.5664,0.594346,0.0,1,0.0026423205,0.2571423999,0.2565658006849982,Test
ZILBIH_clean,9.14666,5.88445,8.01264,0.927388,1498.69,1616.04,0.0,0.0,0.5906,0.636843,0.0,0,0.0035379643,0.3462801112,0.3401409578039728,Train
ZILFOR_manual,9.30653,7.96955,8.40209,0.639421,2480.2,3878.82,0.0,0.0,0.7576,1.18482,0.0,1,0.0027731991,0.288837677,0.2801640137662462,Train
ZIMLAK_clean,8.81434,4.17837,8.81158,1.15604,2223.72,1923.56,0.0,0.0,0.7056,0.610357,0.0,1,0.0011847009,0.1218714033,0.117971616827177,Train
ZIMLEO_clean,8.8325,4.17886,8.8325,1.13678,2223.09,1955.6,0.0,0.0,0.7064,0.621405,0.0,1,0.0012758401,0.1215219836,0.12759609289340987,Test
ZIMLIS_clean,8.92267,4.20987,8.92267,1.114,2237.68,2008.69,0.0,0.0,0.7006,0.628903,0.0,1,0.0011886488,0.1237327921,0.11700269235961608,Test
ZIMTAS_clean,15.44798,6.02893,15.44798,0.579498,2082.03,3592.82,0.0,0.0,0.7752,1.33771,0.0,1,0.0027291249,0.2533624468,0.267407754307571,Test
ZINDAD_clean,16.39277,6.7436,16.39277,0.781296,1939.71,2482.68,0.0538053,0.0688667,0.7302,0.934601,0.0,1,0.0032770893,0.3107795587,0.30828070513365646,Train
ZIQJEQ_clean,9.10665,6.72913,9.10665,0.629598,2298.43,3650.63,0.0,0.0,0.736,1.169,0.0,1,0.0020361404,0.1933443083,0.20304568057005562,Train
ZISFEO01_clean,4.76853,3.96927,4.66022,1.28743,834.269,648.011,0.0,0.0,0.4838,0.375787,0.0,1,0.0045540529,0.4002829231,0.4086731734274046,Test
ZISFEO_clean,4.87799,4.0904,4.87799,1.19653,987.013,824.893,0.0,0.0,0.5152,0.430577,0.0,1,0.0031686197,0.3106208176,0.29785510112661073,Test
ZISYAD_clean,5.9099,4.91539,5.73695,1.28892,1160.38,900.27,0.0,0.0,0.5204,0.403748,0.0,0,0.0044925171,0.3983174266,0.40008718405234556,Train
ZITRUP_clean,6.53672,5.01398,6.53672,0.717884,2623.55,3654.57,0.0,0.0,0.7268,1.01242,0.0,0,0.0018815737,0.1869108563,0.18461680659066054,Test
ZIWLUO_clean,7.47107,4.53903,7.43631,1.09467,1585.65,1448.51,0.0,0.0,0.5836,0.533128,0.0,1,0.0032571763,0.3059623211,0.30998700343849794,Test
ZOFZIF_clean,8.07986,5.82761,8.06722,0.702361,2633.85,3750.0,0.0,0.0,0.7174,1.02141,0.0,1,0.0026722791,0.2730910901,0.2660683333459637,Test
ZOFZOL_clean,9.41161,6.60227,9.39434,0.678974,2530.56,3727.03,0.0,0.0,0.7552,1.11227,0.0,1,0.0029122533,0.2816998728,0.28556283090339135,Train
ZOFZUR_clean,12.72726,10.75924,12.72726,0.565447,2337.99,4134.76,0.0,0.0,0.7702,1.36211,0.0,1,0.002931587,0.2958726706,0.2904806490221353,Train
ZOHFUZ_clean,11.92122,6.68196,11.92122,0.814891,2190.64,2688.27,0.0,0.0,0.7046,0.864656,0.0,1,0.0040461171,0.3664844751,0.370910173341058,Train
ZOMNEW_clean,6.0596,4.54083,6.0596,1.15823,1419.36,1225.46,0.0,0.0,0.5808,0.501457,0.0,1,0.0027831006,0.2737448777,0.26311375275218857,Test
ZOMNIA_clean,6.19749,4.62522,6.12809,1.13009,1429.96,1265.35,0.0,0.0,0.5774,0.510931,0.0,1,0.0026763035,0.2512537272,0.2532260727595515,Test
ZOMNUM_clean,6.06034,4.51773,6.06034,1.06034,1392.7,1313.45,0.0,0.0,0.5604,0.52851,0.0,1,0.0032037886,0.3022325701,0.30625510248014104,Train
ZOTKAW_clean,4.77881,3.75238,4.76637,1.43383,643.033,448.471,0.0,0.0,0.4312,0.300732,0.0,1,0.0010704788,0.10583477,0.10282481204659685,Test
ZOXFEZ_clean,6.93984,4.03954,6.93984,0.864343,2031.03,2349.79,0.0,0.0,0.6366,0.736513,0.0,0,0.0045676373,0.4357253394,0.4357015567766413,Test
ZOXGOK_clean,6.81689,4.16129,6.80143,1.34232,1279.03,952.844,0.0,0.0,0.53,0.394837,0.0,1,0.0012431796,0.1262068527,0.1255634506561947,Test
ZOXNEH_clean,5.49902,3.71803,5.37867,1.30831,1870.03,1429.35,0.0,0.0,0.6444,0.492544,0.0,1,0.0049781671,0.4713097456,0.4650384079326373,Train
ZOZCIC_clean,4.77783,3.48746,4.76506,1.70684,334.136,195.762,173.298,101.532,0.4902,0.287197,0.0,1,0.0016261647,0.1581633542,0.15466619225477718,Train
ZOZHON_clean,7.30118,5.11086,5.92942,1.04457,1885.43,1804.99,0.0160738,0.015388,0.6212,0.594697,0.0,0,0.0036566146,0.3411412257,0.34848157053312756,Train
ZOZKAC_clean,4.08199,3.46421,4.07007,1.50938,399.978,264.995,0.0,0.0,0.4188,0.277465,0.0,1,0.0033276611,0.2996247571,0.2923420078483038,Test
ZOZKEG_clean,7.97254,6.83417,7.97254,1.12239,1128.68,1005.6,75.4829,67.2521,0.5514,0.491274,0.0,1,0.0036880028,0.3055505517,0.3315240495529289,Test
ZOZPUB_clean,7.7256,6.01065,7.70911,1.03826,1572.11,1514.17,0.0,0.0,0.597,0.574999,0.0,1,0.0013746478,0.1400350103,0.13361775200098897,Test
ZUBFIN_clean,7.69352,3.71325,7.67785,1.11238,1215.17,1092.41,0.0,0.0,0.5518,0.496052,0.0,1,0.0046478418,0.4081975497,0.4101711538691541,Train
ZUDQUM_clean,5.81277,5.4291,5.81277,1.09047,1603.64,1470.59,0.0,0.0,0.5888,0.539951,0.0,0,0.0034191891,0.3197072487,0.3276327430172667,Test
ZUDRAT_clean,6.48565,4.23405,6.48051,1.20859,1651.45,1366.43,0.0,0.0,0.5628,0.465668,0.0,1,0.0027663243,0.2745763912,0.2632923574842909,Test
ZUDXAZ_clean,4.0542,3.70372,4.05121,1.83709,560.464,305.082,53.3835,29.0587,0.4362,0.237441,0.0,1,0.0021802039,0.2072883372,0.2112521094435197,Test
ZUGDEM_clean,9.67095,5.98717,9.67095,0.85339,2198.39,2576.07,0.0,0.0,0.6996,0.819789,0.0,1,0.0025832555,0.2684361281,0.2560880546878921,Train
ZUKNAW_clean,11.21967,10.68501,10.9966,0.962771,2472.04,2567.63,0.0,0.0,0.7894,0.819925,0.0,1,0.0008750204,0.0842084701,0.08772186085857944,Train
ZUNZIT_clean,5.02966,4.18682,5.02966,1.54704,1064.88,688.333,0.0,0.0,0.4702,0.303935,0.0,1,0.0033777606,0.3037608606,0.3151645048803782,Test
ZUPBET_clean,5.03517,4.18078,5.03517,1.52077,1109.78,729.746,0.0,0.0,0.4686,0.308133,0.0,1,0.0033101796,0.3029551139,0.30340902168150335,Test
ZUQMAB_clean,6.12654,3.97231,6.12654,1.08189,1594.49,1473.8,0.0,0.0,0.5652,0.522421,0.0,0,0.0029375443,0.2903354609,0.2822328917565002,Train
ZURQOS_clean,4.62363,3.68876,4.61478,1.30618,1284.42,983.341,0.0,0.0,0.526,0.402701,0.0,1,0.0026892007,0.257847726,0.254360295647443,Test
ZURROT_clean,4.90807,3.92111,4.90807,1.07774,1554.64,1442.5,0.0,0.0,0.611,0.566926,0.0,1,0.0017607188,0.1711324129,0.17451039089452966,Train
ZUSBIA_clean,4.68848,3.56399,4.68848,1.21981,1104.24,905.252,0.0,0.0,0.5638,0.462202,0.0,1,0.0039679943,0.3666677927,0.3707785262675161,Test
ZUSBOG_clean,4.86162,3.45547,4.8534,1.16782,1166.3,998.701,0.0,0.0,0.5894,0.504701,0.0,1,0.0045121682,0.4390284782,0.4242208833234712,Train
ZUTBIB_clean,5.89251,3.41929,5.89251,2.16043,1096.32,507.456,0.0,0.0,0.5212,0.241248,0.0,0,0.0181996158,1.1592923069,1.1557457596236587,Train
ZUTBUN_clean,4.42995,3.86732,4.42995,2.2828,1037.92,454.67,0.0,0.0,0.4626,0.202646,0.0,0,0.0249376396,1.4760262184,1.4611346052053837,Train
ZUWXUM_clean,6.25511,5.54572,6.22585,0.917254,2526.11,2753.99,0.0,0.0,0.7012,0.764456,0.0,0,0.004374759,0.4395034213,0.43610342495633353,Train
ZUXPOZ_clean,4.9428,4.31959,4.93372,2.00162,1314.33,656.635,0.0,0.0,0.579,0.289266,0.0,1,0.0014401966,0.1301927333,0.13292126861875897,Train
ZUZZEB_clean,12.38418,6.8566,12.3754,0.903178,2016.22,2232.36,0.0,0.0,0.7248,0.8025,0.0,0,0.0018544834,0.160825324,0.18185544110687452,Test
