filename,LCD,PLD,LFPD,cm3_g,ASA_m2_cm3,ASA_m2_g,NASA_m2_cm3,NASA_m2_g,AV_VF,AV_cm3_g,NAV_cm3_g,Has_OMS,0.01,y_true,y_pred,Split
ACOCOM_clean,24.60642,13.0343,24.60642,0.349927,1537.41,4393.52,0.0,0.0,0.863,2.46623,0.0,1,0.0037779022999999,5.3455275641,5.0104360416210145,Test
ACOCUS_clean,24.38417,13.22222,24.38417,0.346494,1518.48,4382.42,0.0,0.0,0.8644,2.49471,0.0,1,0.0038462383,5.4777513047,5.112950259269571,Test
ACODAZ_clean,23.29182,13.11646,23.29182,0.343144,1530.83,4461.21,0.0,0.0,0.8618,2.51148,0.0,1,0.0038958197,5.4064421673,5.278807496668014,Train
acscombsci.5b00188_34903_clean,6.15808,5.85025,6.15808,2.16583,1748.44,807.285,0.0,0.0,0.542,0.25025,0.0,0,0.020293679,3.9510609048,4.037914054677653,Train
acscombsci.5b00188_5013797_clean,9.69678,6.71185,9.61668,0.664961,2272.9,3418.09,0.0,0.0,0.7302,1.09811,0.0,0,0.0034870392,4.3134929659,4.364642538373919,Train
acs.inorgchem.6b01211_ic6b01211_si_002_clean,11.28381,4.52903,11.28381,0.822811,2257.22,2743.3,0.0,0.0,0.6948,0.844422,0.0,1,0.0053891652,4.4613189068,4.866517797578327,Test
acs.inorgchem.6b01762_ic6b01762_si_002_clean,11.40609,8.52606,11.40609,2.31198,1582.43,684.446,0.0,0.0,0.647,0.279846,8.65e-05,1,0.0004696855,0.6150720197,0.6473649041810479,Train
AGUBUA_clean,5.46218,4.59563,5.46034,1.83317,1345.91,734.196,0.0,0.0,0.576,0.31421,0.0,0,0.0146332068,3.2420539299,3.4147708535831414,Train
AHIYOH_clean,5.55847,4.74922,5.55001,1.42546,843.163,591.503,0.0,0.0,0.4554,0.319476,0.0,1,0.0058463201,2.238629504,2.144383642882996,Test
am301365h_si_002_clean,11.58637,3.48934,11.58637,0.907013,1494.34,1647.54,0.0,0.0,0.6382,0.703628,0.0,0,0.0023862229,2.8279463187,2.82394752735454,Train
AMIZIG_clean,6.42874,5.80877,6.41409,1.40393,699.498,498.243,0.0,0.0,0.4248,0.302579,0.0,1,0.0014861971,1.2796259156,1.2209205558297085,Train
ANOMOG_clean,12.8003,5.50166,12.79961,0.784559,2116.78,2698.05,0.0,0.0,0.7198,0.917458,0.0,1,0.0052782481,5.0538022863,4.890991536445309,Train
AQEGUY_clean,5.54395,4.66139,5.49926,1.46355,1275.66,871.62,0.0,0.0,0.5148,0.351747,0.0,1,0.0072377549,3.1247634489,3.1118122240253006,Train
AQIXUU_clean,5.00071,3.74213,5.00071,2.31618,778.297,336.026,0.0,0.0,0.406,0.175289,0.0,1,0.0078145545,1.6825620062,1.8828688995034712,Test
AQOTIK_clean,6.7817,3.86887,6.78051,1.47348,1288.35,874.359,0.0,0.0,0.5612,0.380867,0.0,1,0.0055591584,3.7746250936,3.269393887974262,Train
ASEKAM_clean,5.99031,5.00967,5.99031,1.72662,1403.65,812.946,0.0,0.0,0.5696,0.329892,0.0,1,0.0041051622,2.6659329151,2.6245589675924936,Test
ASIVEF_clean,11.85007,7.21214,11.45277,0.623261,2219.01,3560.32,0.0,0.0,0.7618,1.22228,0.0,1,0.0033185919,4.4179307971,4.3348545408196495,Train
ATEZEG_clean,10.12518,7.5272,10.12318,0.775574,2361.78,3045.2,0.0,0.0,0.7158,0.922929,0.0,1,0.0047228353,5.1505636066000005,4.952700927070916,Train
ATEZIK_clean,10.39835,7.60488,10.39835,0.744295,2329.14,3129.33,0.0,0.0,0.7298,0.980525,0.0,1,0.0040338615,4.8524213182,4.693160142301641,Test
ATUZEW_clean,10.5847,3.84767,10.5847,0.968927,2122.87,2190.95,0.0,0.0,0.6504,0.671258,0.0,1,0.0076982145999999,5.1335564113,5.550138087940635,Test
AVETAY_clean,5.64584,4.05596,5.63489,1.01371,1738.43,1714.92,0.32856,0.324118,0.6096,0.601358,0.0,1,0.0093644014,5.9061049753,5.587787582220885,Test
BABREE_clean,12.92538,6.29785,12.92538,0.898119,2356.63,2623.96,0.0,0.0,0.6828,0.760255,0.0,1,0.0040714361,4.1157167735,4.279248892945221,Test
BETFOX_clean,5.13144,3.67825,5.11456,1.3623,1196.21,878.085,0.0,0.0,0.5018,0.368349,0.0,0,0.0048802724,2.6688733703,2.890537596795342,Test
BEWCUD_clean,11.43013,9.61646,11.40927,0.476468,2123.61,4456.97,0.0,0.0,0.8196,1.72016,0.0,1,0.0033644778,4.6723402926,4.592744669206953,Test
BEXTUV_clean,4.28323,3.79801,4.26635,1.30528,1237.19,947.835,0.0,0.0,0.5092,0.390108,0.0,1,0.0101853402,4.1208598571,4.2198517198452645,Train
BEXVAD01_clean,3.87179,3.50198,3.85722,1.36931,1031.87,753.568,0.0,0.0,0.5022,0.366754,0.0,1,0.0074092924,3.4465777757,3.6151498545247827,Train
BEXVAD_clean,4.05512,3.67488,4.05512,1.37514,1152.1,837.807,0.0,0.0,0.4946,0.359673,0.0,1,0.009699965,3.9432374942,4.132770302076134,Test
BIHBEB_clean,18.34605,17.1599,18.34605,0.724278,1666.73,2301.23,0.0,0.0,0.776,1.07141,0.0,1,0.0118896108,5.4291589458,5.92423419159475,Test
BIJFAD_clean,8.3585,6.26342,8.18439,0.855984,1774.61,2073.18,0.0,0.0,0.6172,0.721042,0.0,1,0.0034835817999999,3.4807554606,3.597647729846262,Test
BIRGIU_clean,6.67557,4.28336,6.67557,1.36929,1467.6,1071.8,0.0,0.0,0.553,0.403858,0.0,1,0.0021657836,2.3936299984,2.060619535136122,Test
BIWSOQ_clean,15.33666,5.40917,6.36274,0.990293,1940.65,1959.67,0.0,0.0,0.6518,0.658189,0.0,1,0.0088095272,5.4545565688,5.49467761202102,Train
BORBEQ_clean,6.03525,3.97595,5.98504,1.10262,1309.44,1187.57,0.0,0.0,0.545,0.494276,0.0,0,0.0047412089,3.5739843366,3.428786437102563,Train
BOSHIC_clean,11.35851,4.44127,11.35851,0.998372,1829.81,1832.79,0.0,0.0,0.6236,0.624617,0.0,1,0.0130392526,6.192355303899999,6.032620623334925,Train
BOWSOW_clean,5.38919,4.13551,5.38919,1.62989,1386.73,850.81,0.0,0.0,0.5466,0.33536,0.0,1,0.0093948757,3.6241645333,3.6458691689154623,Train
BUPDOH_clean,11.18608,5.4183,11.18608,0.930795,2344.47,2518.79,0.0,0.0,0.7156,0.768805,0.0,1,0.0114103114,6.7328153928,6.580638519359187,Train
BUVVIZ_clean,5.00001,3.6207,4.99072,1.72941,572.133,330.826,0.0,0.0,0.4138,0.239272,0.0,0,0.0013371012,0.9196658079,0.9655362276851256,Test
BUVVOF_clean,4.68198,3.57584,4.68198,1.98004,493.025,248.998,0.0,0.0,0.4188,0.211511,0.0,1,0.0009801819,0.7139910697,0.7349866218408145,Train
c5cc09935h_c5cc09935h2_clean,12.43011,5.54656,12.43011,1.34061,1862.24,1389.1,0.0,0.0,0.6814,0.508277,0.000596744,0,0.0028166955,3.29059734,2.759677792939172,Test
c5ce00931f_c5ce00931f2_clean,5.29408,4.17227,5.29408,1.81161,1362.6,752.15,0.0,0.0,0.5006,0.276328,0.0,1,0.0054574206999999,2.8581417199,2.616267174674538,Test
c5ce02503f_c5ce02503f2_clean,13.50319,5.63614,13.50319,1.78413,1087.4,609.485,289.45,162.236,0.5546,0.310852,0.0,1,0.2868531959,4.8339043375,4.778552737073708,Train
c5dt01100k_c5dt01100k2_clean,10.14478,9.16125,10.14478,1.64843,1361.9,826.183,0.0,0.0,0.588,0.356703,0.0,1,0.0010694716,1.4490339268,1.2182444402633243,Test
c5dt03038b_c5dt03038b2_clean,6.32747,4.74814,6.26915,1.49819,1746.54,1165.77,0.0,0.0,0.584,0.389803,0.0,1,0.0066544533,4.1265323365,3.9821429775227473,Test
c5dt04943a_c5dt04943a2_clean,11.21193,6.39957,11.21193,0.759207,2393.65,3152.83,0.0,0.0,0.7392,0.973647,0.0,1,0.0051434202,5.1887691584,5.1193982010336825,Train
c5dt05023e_c5dt05023e2_clean,6.45831,4.45817,6.45831,1.05764,1467.29,1387.32,0.0,0.0,0.552,0.521916,0.0,1,0.0084530356,3.7023687837,4.4982115569297685,Test
c5qi00128e_c5qi00128e2_clean,6.58115,3.73125,6.58115,0.993282,1853.01,1865.55,0.0,0.0,0.582,0.585936,0.0,0,0.0111887005,7.0399253121,6.886028276003292,Test
c5sc00614g_c5sc00614g2_clean,12.67478,4.17297,12.67478,1.23591,1899.73,1537.11,0.0,0.0,0.6104,0.493887,0.000647296,0,0.0192118072,6.9171155634,6.808586489717373,Train
c5ta03835a_c5ta03835a2_clean,12.36152,9.64623,12.36152,0.670312,1969.74,2938.54,0.0,0.0,0.7304,1.08964,0.0,0,0.0034856186,4.1336807927,4.077498953644335,Test
c6cc00589f_c6cc00589f2_clean,11.05462,4.21804,11.05462,0.944025,1733.14,1835.91,0.0,0.0,0.6684,0.708032,0.0,1,0.0024616767,3.0901671242,2.860155738478463,Test
c6cc00589f_c6cc00589f3_clean,8.87015,7.61141,8.84647,0.61411,2422.25,3944.33,0.0,0.0,0.804,1.30921,0.0,0,0.0016857054,2.5571493486000003,2.421500382346686,Test
c6cc01597b_c6cc01597b2_clean,5.3252,4.32379,5.3252,1.51358,1134.66,749.654,0.0,0.0,0.4966,0.328096,0.0,1,0.0242515289,3.9669532199,4.133548940263767,Train
c6ce00465b_c6ce00465b2_clean,7.48534,6.6993,7.48534,0.744889,2472.69,3319.54,0.0,0.0,0.7082,0.950746,0.0,0,0.0075638782,8.03939335,7.895370949519595,Train
c6ta07145g_c6ta07145g2_clean,6.02059,3.60964,6.01517,1.26554,923.516,729.74,0.0,0.0,0.497,0.392717,0.0,0,0.0043311757,2.4215093832,2.409742726307083,Train
CACNOM_clean,5.51942,4.46179,5.51261,1.46727,1607.54,1095.6,0.0,0.0,0.5204,0.354673,0.0,0,0.0070236661,3.9690039562,3.798090134285644,Train
CASWIE_clean,9.90767,8.8856,9.90767,1.25703,2053.39,1633.52,0.0,0.0,0.7078,0.563072,0.0,0,0.0091407482,4.8136473818,4.7853336550916366,Train
CAVMIX_clean,8.93942,5.67971,8.86574,0.942961,1589.69,1685.85,0.0,0.0,0.62,0.657503,0.0,1,0.0056381233,4.1551735035,4.648406298043003,Test
CAXSUR_SL,13.20977,6.6958,13.20977,0.618713,2108.92,3408.56,2.69185,4.35072,0.73,1.17987,0.0,0,0.0032157661999999,4.2402599186000005,4.1290636673441075,Train
CAYQIE_clean,11.36799,6.51795,9.97187,0.696086,2497.61,3588.07,0.0,0.0,0.7382,1.0605,0.0,1,0.0046706368,5.1157744885000005,5.141375111935384,Train
CAYQOK_clean,11.83799,7.63891,11.7221,0.673503,2318.04,3441.77,0.0,0.0,0.7596,1.12783,0.0,1,0.0047726452,5.1929565661,4.670715524908793,Test
CAYQUQ_clean,11.37885,6.17998,10.24831,0.783377,2242.23,2862.26,0.0,0.0,0.6804,0.868548,0.0,1,0.0045754116999999,4.755584412,4.685872010565992,Test
CEDFOI_clean,8.34336,3.84131,8.32866,1.23395,1912.36,1549.78,0.0,0.0,0.6248,0.506341,0.0,1,0.0053236523,3.8392652239,4.245736035721139,Test
CEKNIQ_clean,19.34511,12.33787,19.24026,0.450433,1674.23,3716.94,0.0,0.0,0.8472,1.88086,0.0,1,0.0032873934999999,4.3198999955,4.39714164573407,Test
CEMKOV_clean,6.14232,4.76606,5.27946,0.925155,1938.38,2095.19,0.0,0.0,0.617,0.666916,0.0,1,0.009455471,5.9034535915,5.694791914475185,Test
CESFIQ_clean,12.64207,6.13059,12.56929,0.688272,2372.6,3447.18,0.0,0.0,0.7544,1.09608,0.0,1,0.0075683007,6.1243953987,5.982602405774385,Test
CESFOW_clean,11.30689,5.72282,11.30689,0.75113,2376.62,3164.06,0.0,0.0,0.7236,0.963349,0.0,1,0.0056728082999999,5.2279813491,5.226905638255911,Train
CEYYIQ_clean,8.37126,7.81796,8.37126,2.71612,1505.4,554.246,0.0,0.0,0.6104,0.224732,0.0,1,0.0007932458,0.9253628795,0.9123664862316017,Train
cg050585esi20051105_115011_clean,5.11718,3.57473,5.07564,1.4789,549.331,371.446,14.5687,9.85107,0.4246,0.287106,0.0,0,0.0128122543999999,2.4212673677,2.364442009065209,Train
cg3002866_si_001_clean,14.19695,6.32486,14.19695,0.780735,2310.25,2959.08,0.0,0.0,0.7264,0.930405,0.0,1,0.0045367506,5.4683136739,5.202911940387589,Train
cg300979c_si_002_clean,8.05407,6.75932,7.96872,0.960767,1454.92,1514.34,0.0,0.0,0.5674,0.59057,0.0,0,0.0022663194,2.5681644254,2.602613020914387,Test
cg3015354_si_002_clean,7.32162,4.55611,5.93566,1.50685,1363.44,904.833,0.0,0.0,0.5076,0.336863,0.0,1,0.0014934510999999,1.599093417,1.558762673024251,Test
cg501141m_si_003_clean,6.52889,4.75513,5.51076,1.08983,1352.45,1240.98,192.247,176.402,0.5792,0.531461,0.0,1,0.0077880519999999,4.1993372361,3.86659314237128,Test
CIPLIX_clean,4.16596,3.6754,4.15153,1.12701,1392.79,1235.82,0.0,0.0,0.5518,0.489614,0.0,1,0.0074528871,4.8859045099000005,4.72879393229719,Test
CIQQIE_clean,6.69548,4.06015,6.67985,1.03219,1589.58,1540.01,0.0,0.0,0.5732,0.555324,0.0,1,0.0077485715,4.7026883627,4.690021634582907,Train
cm071462f-file004_clean,6.42322,5.39187,6.42322,1.55223,1810.57,1166.43,0.0,0.0,0.6266,0.403676,0.0,0,0.0051302653999999,3.5971467795,3.60542395835904,Test
COJMOF02_clean,7.77133,6.76319,7.77133,0.912847,1827.53,2002.01,0.0,0.0,0.6452,0.7068,0.0,0,0.0045545,4.3647480202,4.611711580298921,Test
comp2_clean,6.3721,5.81224,6.36767,1.69788,895.639,527.505,0.0,0.0,0.47,0.276816,0.0,1,0.0019143059,1.4354164137999998,1.5109704374422108,Test
COQJOJ_clean,7.38214,4.96534,7.38214,1.07307,1447.07,1348.53,0.0720169,0.0671129,0.5318,0.495588,0.0,1,0.0081914181,3.7489559196,4.163484152253745,Test
COWDEZ_clean,8.91053,4.46746,8.91053,4.13717,1136.38,274.675,0.0,0.0,0.4164,0.100649,0.000386738,1,0.0022986003,0.9766813783,1.0251505498914506,Train
COXDIE_clean,5.62039,5.35711,5.62039,1.66496,1129.92,678.647,0.152502,0.091595,0.484,0.290697,0.0,1,0.0022530297,1.6761394791,1.729107596030584,Test
CUFQUR_clean,6.03864,3.8691,6.03864,2.05539,1028.56,500.422,0.0,0.0,0.503,0.244722,0.0,1,0.0009121393,0.8938396279,0.9720214932554412,Test
CUGLIB_clean,5.58062,5.51252,5.58062,2.40243,819.805,341.239,0.0,0.0,0.416,0.173158,0.0,1,0.0006552275,0.6753381695999999,0.6541045123984115,Train
CUGYIO_clean,5.85592,5.75004,5.85592,2.37725,832.973,350.394,0.0,0.0,0.4316,0.181554,0.0,1,0.0007198486,0.6883134773999999,0.687886748546866,Train
CUGZAH_clean,7.43946,7.40575,7.42884,2.24368,763.393,340.242,0.0,0.0,0.4524,0.201633,0.0,1,0.0005725727,0.6334907733,0.6157301826817916,Test
CUPHIG_clean,11.10015,5.6209,11.10015,0.767516,2426.29,3161.23,0.0,0.0,0.7292,0.950078,0.0,1,0.0055775742,5.622522232200001,5.297496595002377,Test
CUQRUD_clean,5.86918,4.59668,5.81577,0.986332,2188.93,2219.27,0.0,0.0,0.6352,0.644002,0.0,1,0.0071348479,5.348004849,5.439582719740498,Test
CUSXIY_clean,15.40731,13.34223,14.58073,0.291845,1568.49,5374.4,0.0,0.0,0.8896,3.04819,0.0,0,0.0030953249,4.4809145249,4.510944260364155,Train
CUSXOE_clean,17.97302,15.80148,17.15199,0.243844,1288.51,5284.15,0.0,0.0,0.909,3.72779,0.0,1,0.0039342716,5.519717773200001,5.656176499734622,Test
CUVVOG_clean,8.37247,7.3895,8.37077,1.20081,1241.45,1033.84,0.0,0.0,0.5362,0.446532,0.0,0,0.005029242,3.8370061524,3.7315529800279137,Train
CUWHUZ_clean,16.54325,4.10215,14.7488,0.938804,1933.37,2059.39,0.0,0.0,0.6922,0.737321,0.0,0,0.0063472379,4.9728272385,5.028920724638773,Train
CUXFUX_clean,5.75656,5.11113,5.75656,1.3231,1207.8,912.854,37.5492,28.3797,0.5462,0.412818,0.0,0,0.0091151846999999,5.1321577535000005,4.629940597817031,Train
DACSEI_clean,11.09615,4.22518,11.09615,1.45844,1887.17,1293.96,0.0,0.0,0.625,0.428539,0.0,1,0.0343583564,5.4968549886,5.5875433009201005,Train
DADXUE_clean,5.25371,3.53655,5.25051,1.61178,698.642,433.459,0.0,0.0,0.4448,0.275968,0.0,1,0.0150822346,2.4057640605,2.4256633954270286,Train
DALVEU_clean,5.33631,4.08532,4.88589,1.30265,1571.53,1206.41,0.0,0.0,0.5888,0.452001,0.0,1,0.0054651521,3.2712562124,3.6354546754562254,Test
DANZOJ_neutral,11.30814,4.84088,11.28951,0.953196,1460.99,1532.73,328.938,345.089,0.656,0.688211,0.0,0,0.0047473735,3.5351498571,3.6387033724797897,Test
DAZCAK_clean,13.11846,6.60097,13.10556,1.02457,1662.31,1622.44,0.0,0.0,0.6408,0.625431,0.0,1,0.0059310304,4.6603085615,4.271076752679457,Test
DEKPUF_clean,6.975,5.81852,6.975,1.54937,1782.47,1150.45,0.0,0.0,0.6318,0.407778,0.0,0,0.0032858228,2.7915369748,3.0057042528175884,Test
DEYLOJ_clean,7.45013,4.00626,7.41356,3.76527,1192.03,316.587,7.20509,1.91357,0.4952,0.131518,0.0,1,0.0002355647,0.3417429882,0.3288053126558461,Train
DIMQIB_clean,6.20574,4.20467,6.19483,1.06672,2087.42,1956.87,0.0,0.0,0.598,0.560599,0.0,1,0.0109441817,5.5833124362,6.12178207427848,Test
DIZVAK_clean,8.12516,5.69593,7.90061,1.15636,2071.75,1791.62,0.0,0.0,0.639,0.552597,0.0,0,0.0112642451,7.0299198725,6.949910476411213,Train
DOFTID_clean,8.70669,6.70952,8.70669,0.91345,2575.78,2819.83,0.0,0.0,0.7676,0.84033,0.0,1,0.0038989184,3.9395099526,4.197290204608272,Train
DOFTOJ_clean,8.39259,6.42224,8.39259,0.858615,2621.58,3053.27,0.0,0.0,0.7534,0.87746,0.0,1,0.0055234954,4.825047902,5.033439380353587,Train
DOGBAE_clean,25.81792,14.43274,25.36207,0.55407,1540.39,2780.13,0.0,0.0,0.8362,1.5092,0.0,1,0.0047632184,4.9285328789,4.930138439887734,Test
DOJXOR_clean,7.78532,7.29613,7.78532,1.02283,1574.02,1538.88,0.0,0.0,0.5858,0.572722,0.0,1,0.0051277358,4.556537591100001,4.404156952709411,Test
DOMGAP_clean,8.27667,5.74162,8.27274,1.20417,741.315,615.623,530.043,440.172,0.5268,0.437479,0.0,1,0.0053495193,3.838549279,3.811464992482094,Train
DOTFOJ_clean,9.02668,4.87755,9.02668,0.958168,1617.77,1688.4,0.0,0.0,0.6126,0.639345,0.0,1,0.0064944081,5.5185424082,5.254949018842893,Train
DUDKIY_clean,7.07907,5.66309,7.05735,0.974059,1868.46,1918.22,0.0,0.0,0.6506,0.667927,0.0,1,0.0053467807,4.605230596499999,4.737146593673084,Test
DUKNEE_clean,4.73188,3.71957,4.56441,1.30231,281.161,215.894,153.376,117.772,0.4962,0.381015,0.0,1,0.0048979675,1.8868462122,2.2931092345144632,Test
DUNYOC_clean,9.99521,7.8188,9.31419,0.670932,2064.07,3076.42,0.0,0.0,0.7104,1.05883,0.0,1,0.0033448192,4.1861369851,4.2948639712684304,Test
DUQRUD_clean,5.84696,3.93964,5.84696,1.3492,787.842,583.933,0.0,0.0,0.45,0.333531,0.0,0,0.0018643617,1.411865276,1.3805183465513031,Train
DUZKAM_clean,21.49045,20.91759,21.49045,0.763691,1446.12,1893.59,0.0,0.0,0.7166,0.938337,0.0,1,0.0019862418,2.2707716118,2.5439014677441554,Test
DUZKEQ_clean,20.34484,16.57615,20.32874,0.744987,1552.98,2084.58,0.0389169,0.0522383,0.7072,0.949278,0.0,1,0.0015799036,1.9731238133,2.068707845759552,Test
EBEXIU02_clean,4.00389,3.67365,4.00389,1.98749,501.521,252.339,0.0,0.0,0.386,0.194214,0.0,0,0.0140377843,2.4992260925,2.2078003447029735,Test
EBOXEA_clean,5.66693,4.72038,5.66453,1.32843,1075.3,809.448,0.0,0.0,0.5358,0.403332,0.0,1,0.0008286471,0.9698563711,0.9754143158880613,Test
ECEZAO_clean,4.94749,4.06581,4.8956,1.42755,1119.79,784.412,0.0,0.0,0.5024,0.351932,0.0,1,0.0055815904,2.7306896696,2.8649097922073112,Train
EDUSOL_clean,12.82141,3.84026,12.82141,2.18826,1494.62,683.017,0.0,0.0,0.5914,0.270261,0.0,0,0.0071467086,3.3999292988,3.1840499775327538,Test
EDUVAA_clean,11.12176,8.60837,11.10384,0.690728,2384.44,3452.06,0.0,0.0,0.7446,1.07799,0.0,0,0.0052378705,4.9398577925,5.11601831759819,Train
EDUVEE_clean,12.39923,7.07299,12.39923,0.815139,2115.12,2594.8,0.0,0.0,0.691,0.847708,0.0,1,0.0071757644999999,4.8826859073,4.9191483347189955,Train
EDUVII_clean,20.32202,9.77849,20.31158,0.420228,1870.75,4451.74,0.0,0.0,0.8576,2.0408,0.0,0,0.0036977284999999,5.2449778123,5.081302110582179,Train
EDUWAB_clean,25.32442,15.73034,25.32073,0.347361,1224.7,3525.73,0.0,0.0,0.9,2.59097,0.0,0,0.0035128838,4.7402378211,4.627817093213832,Train
EGABAR_clean,5.34669,4.59707,5.34669,2.32794,964.221,414.195,0.0,0.0,0.453,0.194593,0.0,0,0.0052485042,1.655930437,1.69256390216249,Test
EGEJUW_clean,9.46971,6.7544,9.46722,1.01741,1558.89,1532.22,0.0,0.0,0.6188,0.608213,0.0,1,0.0037184717,2.6282716673,3.428378280349274,Test
EHUSUX_clean,11.68128,4.3201,11.68059,0.797571,1974.27,2475.35,0.0,0.0,0.6798,0.852338,0.0,1,0.0087606007,5.2247621193,5.385829995976066,Test
EHUTAE_clean,11.6271,4.37686,9.57037,0.725635,2073.78,2857.89,0.0,0.0,0.7062,0.973216,0.0,1,0.0087906936,5.4280050945000005,5.520863155780177,Train
EJATIS_clean,4.15596,3.67859,4.15596,2.74932,303.078,110.238,193.382,70.3383,0.3638,0.132324,0.0,1,0.1816145217,2.3926071831,2.369534524449672,Train
EJESUJ_clean,12.74502,12.12417,12.74502,0.622379,1959.14,3147.82,0.0,0.0,0.784,1.25968,0.0,1,0.0026573028,3.6491632923,3.5318617858693364,Train
EKEKIQ_clean,7.79579,7.10452,7.79579,1.16703,1042.73,893.491,0.0,0.0,0.5546,0.475225,0.0,0,0.0020309548,2.1090287305,2.039078831504549,Test
EKEKOW_clean,7.39946,6.7038,7.38889,1.19584,1297.81,1085.27,0.0,0.0,0.5626,0.470465,0.0,1,0.0097833129,4.1363956623,4.136828037457519,Train
EKEMEO_clean,10.7868,4.76044,10.7868,1.09604,1984.97,1811.03,0.0,0.0,0.6446,0.588115,0.0,1,0.0817269948,6.309213704099999,6.321963922935302,Train
ELEROE_clean,12.99873,6.57068,12.98598,1.00519,1733.85,1724.91,0.0,0.0,0.6496,0.646248,0.0,1,0.005719983,4.8432605391,4.5385901053237,Train
ENCDBZ01_clean,4.96088,3.91158,4.96088,1.33226,1771.15,1329.44,0.0,0.0,0.6226,0.467327,0.0,0,0.0029149734,2.791063162,2.7675156195100223,Test
ENCDBZ_clean,5.17995,4.0381,5.17546,1.35947,2064.83,1518.84,0.0,0.0,0.6576,0.483717,0.0,0,0.0037712551,3.4042434553,3.3232345802719765,Test
ENCNBZ01_clean,5.19153,4.38458,5.1913,1.43907,1901.77,1321.52,0.0,0.0,0.6098,0.423745,0.0,1,0.0055984076,3.9086497194,3.8411979857989076,Train
ENEQUL_clean,7.56046,6.76685,7.56046,0.96801,1567.25,1619.05,0.0,0.0,0.6008,0.620655,0.0,1,0.0034718792,3.5820856683,3.6816567472309134,Test
EPUSUE_clean,8.46903,3.66579,7.7021,2.09876,1520.93,724.68,0.0,0.0,0.5964,0.284168,0.0,1,0.0005246284,0.7445568367000001,0.7607895598605476,Test
EQOCOC01_clean,9.01895,5.30438,9.01895,0.963226,2097.19,2177.26,0.0,0.0,0.6844,0.710529,0.0,0,0.0060668806,5.1671302421,5.226438917881719,Test
ERALIU_clean,14.86335,13.54057,14.86335,1.02804,1927.12,1874.56,4.88892,4.75558,0.7196,0.699973,0.000194545,1,0.0094829424,6.2884711092,6.196558874707973,Train
ERAQAR_clean,7.38576,7.26835,7.38576,1.40447,1641.95,1169.09,0.0,0.0,0.6066,0.431907,0.0,0,0.0080043411,5.2352898598,5.245673993993881,Train
ERUNUC_clean,14.74144,10.998,14.73673,0.612946,1667.89,2721.11,0.0,0.0,0.75,1.2236,0.0,1,0.0036794139,4.3239710292,4.265387447361472,Test
ESEBOV_clean,25.10343,17.21264,25.10343,0.432192,1480.29,3425.07,0.0,0.0,0.8414,1.94682,0.0,1,0.00285547,4.0079140735,3.9642758238442397,Train
ETIXAI_clean,5.65647,4.17101,5.65647,1.21689,891.966,732.986,0.0,0.0,0.4942,0.406116,0.0,1,0.0074002493,2.6178823666,2.8760676100085103,Test
EVOTIT_SL,8.2912,6.01432,8.2912,1.23039,1203.44,978.095,0.0,0.0,0.5204,0.422954,0.0,1,0.0055342625,2.6304064258,3.323658210552018,Test
EZIMEG_clean,9.90798,4.0416,9.90798,1.07192,1279.0,1193.19,493.885,460.749,0.5998,0.559557,0.0,1,0.0113536238999999,6.3081512565,6.182206162606256,Train
EZIMIK_clean,9.82604,3.91626,9.82604,1.06853,1265.94,1184.75,505.148,472.75,0.5976,0.559273,0.0,0,0.0103296756,6.1921338439,6.190639623725371,Train
EZOFUV_clean,8.33031,6.08017,8.32272,1.02014,2081.17,2040.08,0.0,0.0,0.6416,0.628934,0.0,0,0.0047202431,5.127578473,4.739296008799612,Train
FAKHIK_clean,6.91166,3.5646,6.91166,1.35887,1058.17,778.71,0.0,0.0,0.4948,0.364126,0.0,1,0.0064982806,3.3727040996,3.192941838142186,Train
FALRIV01_clean,5.68899,4.70468,5.67497,1.06479,1159.51,1088.96,0.0,0.0,0.5166,0.485167,0.0,0,0.0068649638,3.9484045775,3.8486196813088815,Train
FALRIV_clean,5.65646,4.67756,5.65646,1.06232,1172.37,1103.6,0.0,0.0,0.5212,0.490626,0.0,0,0.0070413003,4.0456952209,3.921839188801413,Train
FALROB_clean,5.75308,4.76749,5.73877,1.05859,1169.51,1104.78,0.0,0.0,0.5176,0.488953,0.0,0,0.0063481153,3.9061294132,3.7534313919938618,Test
FALSAO_clean,5.59493,4.61612,5.59493,1.06274,1144.25,1076.7,0.0,0.0,0.509,0.478952,0.0,0,0.0069186959999999,3.9078501055,3.7982107951578086,Train
FAYLIC_clean,6.73446,3.80347,6.73446,1.51633,1348.21,889.13,0.0,0.0,0.5788,0.381711,0.0,1,0.0070951977,4.1170598908,3.6110286156550577,Test
FECFAV_clean,5.25994,4.33258,5.25994,2.87728,502.041,174.484,0.0,0.0,0.3954,0.137421,0.0,1,0.0003448135,0.3205117726,0.2949142455020417,Train
FECJUT_clean,8.20883,4.88885,8.12686,0.902793,1817.93,2013.68,0.0,0.0,0.618,0.684542,0.0,1,0.0043115947,3.8739734002,4.093634615853585,Test
FEVNOL_clean,4.38957,3.82643,4.38957,2.76914,995.906,359.645,0.0,0.0,0.4604,0.166261,0.0,0,0.0934843939,3.3569163310000003,3.46169842643231,Train
FEWXEM_clean,17.92481,8.14411,17.86267,0.48374,2192.72,4532.85,0.0,0.0,0.805,1.66412,0.0,0,0.0040244172999999,5.4355436841,5.191162271652161,Test
FEWXIQ_clean,17.35042,7.46306,17.20636,0.482905,2259.15,4678.25,0.0,0.0,0.7942,1.64463,0.0,0,0.0036333683,5.1006333378,4.950420028577428,Train
FEYJID_clean,11.05011,4.28201,11.03981,1.28763,1684.31,1308.07,60.6702,47.1178,0.6268,0.486786,0.0,1,0.0033611144,3.4319892756,3.2459183000768728,Train
FEYQUW_clean,5.43401,3.9261,5.4268,1.48279,1376.93,928.609,0.0,0.0,0.5268,0.355276,0.0,1,0.0023943459,2.0840921684,2.072579623154114,Train
FIDMIP_clean,5.76709,4.43786,5.76709,2.12603,1177.09,553.657,0.0,0.0,0.5436,0.255688,0.0,1,0.0022059901,1.4823380813999998,1.5837175067706533,Train
FIHHOV_clean,6.48503,4.23046,4.73284,1.35341,178.981,132.245,677.871,500.863,0.475,0.350966,0.0,1,0.0029645069,1.8089026312,1.851596719122147,Test
FIHHUB_SL,15.61182,13.11587,15.60898,0.621293,2170.48,3493.49,0.0,0.0,0.7232,1.16402,0.0,0,0.0031378681,3.879455896,4.045348877670856,Test
FIJFOU_clean,6.85299,4.5996,6.84418,1.41253,1137.63,805.384,0.0,0.0,0.4974,0.352134,0.0,1,0.003802952,2.4307046231,2.4575489231010983,Test
FIPJEV_clean,5.48611,3.75413,5.4744,1.70121,1138.25,669.081,0.0,0.0,0.4918,0.289089,0.0,1,0.0106350526,3.1547841821,3.2453509842939616,Train
FISGOF_clean,15.80637,8.55438,15.80637,0.434111,2007.26,4623.85,0.0,0.0,0.8372,1.92854,0.0,1,0.0031075236,4.4715444057,4.415090254788339,Test
FISXEM_clean,15.69953,15.64725,15.69953,0.982352,1496.09,1522.96,0.0,0.0,0.7144,0.727234,0.0,0,0.0067032824,4.765077508,4.658002384472106,Test
FIWKUT_clean,10.75705,6.21115,10.75089,1.13958,2252.0,1976.17,0.0,0.0,0.6778,0.594779,0.0,1,0.0046164105,4.4048701287,3.8408280717271555,Test
FOFHEO_clean,6.41067,5.52308,6.4074,2.22496,990.681,445.257,0.0,0.0,0.446,0.200453,0.0,0,0.007366178,2.5905769988,2.10667892159333,Test
FOFTOL_clean,6.86591,4.62367,6.86591,1.13764,1540.19,1353.85,0.0,0.0,0.5824,0.511939,0.0,1,0.0059438466,3.8601981773,3.870050964774304,Train
FOPFAS_clean,20.99168,6.62083,20.99168,0.583055,2159.7,3704.11,0.0,0.0,0.7806,1.33881,0.0,1,0.0049758745,5.9073420087,5.201740065083037,Test
FOPTOU_clean,5.99188,4.04402,5.19077,1.42676,820.695,575.214,0.0,0.0,0.3986,0.279373,0.0,1,0.0010809241999999,1.0482024569,1.031730638302117,Test
FOQNIK_clean,5.46061,4.28764,5.45105,1.39446,1294.07,928.009,0.0,0.0,0.546,0.391549,0.0,1,0.0054066383999999,2.9352612943,3.059672081491654,Train
FOQNOQ01_clean,5.8632,5.042,5.82773,1.375,1086.49,790.181,181.915,132.302,0.54,0.392729,0.0,1,0.005531843,2.6773992804,2.773027916067903,Train
FOQNOQ02_clean,5.77332,4.6821,5.75387,1.37197,1078.45,786.062,190.643,138.956,0.5392,0.393013,0.0,1,0.0054129243,2.6912894091000004,2.9437768591759217,Test
FOQNOQ_clean,5.74039,4.59611,5.66519,1.31962,1294.45,980.929,0.224512,0.170134,0.5432,0.411634,0.0,1,0.0041619971,2.419740322,2.7950018360194697,Test
FOQNUW01_clean,6.20702,4.77029,6.1269,1.35255,1350.08,998.172,0.0,0.0,0.5374,0.397323,0.0,1,0.0049372495,2.6478416133,3.0472407345726364,Test
FOQNUW02_clean,6.26085,4.86283,6.24492,1.35147,1329.33,983.622,0.0525445,0.0388796,0.5542,0.410073,0.0,1,0.0051177511,2.638264411,2.9966269349148273,Train
FOQNUW_clean,6.24181,4.91804,6.10517,1.36057,1316.22,967.403,0.0,0.0,0.552,0.405711,0.0,1,0.005024315,2.6416918177,3.023746723776704,Test
FOQPAE01_clean,6.12529,4.88917,6.10135,1.39855,1351.73,966.526,0.0,0.0,0.5504,0.393551,0.0,1,0.0059554644999999,2.9210904355,3.2110039086835918,Test
FORWAL_clean,6.09772,3.45398,5.95541,1.14086,1067.63,935.814,0.0,0.0,0.5034,0.441246,0.0,1,0.0042037993,3.1799598147,2.8075170160563374,Test
FUTZIF_clean,5.6655,4.98419,5.65746,1.25322,1742.86,1390.71,0.0,0.0,0.5754,0.459137,0.0,1,0.00780356,4.7646967802,4.559312014498203,Train
FUVDEH01_clean,7.23867,5.86079,7.23867,1.59448,533.217,334.414,0.0,0.0,0.397,0.248984,0.0,0,0.0024139148,1.5898894403,1.5481434973886519,Train
FUVDEH02_clean,7.02003,5.91062,7.02003,1.6404,493.979,301.134,0.0,0.0,0.3806,0.232017,0.0,0,0.0022759088,1.523143924,1.5123073224628503,Train
FUVDEH03_clean,6.89105,5.80728,6.89105,1.67548,498.219,297.36,0.0,0.0,0.3654,0.218087,0.0,0,0.0022949441,1.526408479,1.4613987726097224,Train
FUVDEH04_clean,6.74437,6.14599,6.74437,1.73737,495.479,285.189,0.0,0.0,0.3518,0.20249,0.0,0,0.0022158285999999,1.4638953441,1.4083492307739762,Train
FUVDEH05_clean,7.30465,6.40041,7.2683,1.88786,438.985,232.53,0.0,0.0,0.3024,0.160181,0.0,1,0.0025927107,1.2759297694,1.342557180787153,Train
FUVDEH09_clean,7.0294,5.84289,7.0294,1.58635,523.994,330.314,0.0,0.0,0.397,0.25026,0.0,0,0.00235205,1.5980930624,1.5406760610841257,Train
FUVDEH10_clean,7.04062,5.87984,7.04062,1.60692,511.167,318.104,0.0,0.0,0.3892,0.242203,0.0,0,0.0022360535999999,1.5383793071,1.5283744823295393,Test
FUVDEH11_clean,6.87873,5.8578,6.87873,1.63822,509.358,310.921,0.0,0.0,0.3836,0.234156,0.0,0,0.0025453773,1.5949468832,1.5851846866962553,Test
FUVDEH13_clean,6.5322,6.05224,6.5322,1.69182,540.534,319.498,0.0,0.0,0.3658,0.216217,0.0,0,0.0024484161999999,1.587420799,1.445463783622927,Test
FUVDEH_clean,6.96664,5.8084,6.96664,1.59803,514.864,322.187,0.0,0.0,0.3906,0.244426,0.0,0,0.0026893318,1.6583641952,1.5775654554061127,Train
FUVGAG02_clean,6.44753,5.88333,6.44753,1.88939,387.159,204.912,0.0,0.0,0.2574,0.136235,0.0,1,0.0007195569,0.4731311978999999,0.5207108308450827,Test
FUWFUA_clean,7.25313,6.2676,7.10214,1.05922,1980.57,1869.84,0.0,0.0,0.6472,0.611017,0.0,1,0.0036925772,3.4922574415,3.6211650547303362,Train
FUWQIZ_clean,11.3491,4.56532,11.34892,0.820083,2318.22,2826.81,0.0,0.0,0.6918,0.843573,0.0,1,0.0063420038,5.2548152899,5.259502025828452,Train
FUYCAE_clean,12.12006,7.41697,11.45114,0.805353,2038.6,2531.31,0.0,0.0,0.6952,0.863224,0.0,1,0.005196255,4.864662972,4.408230526813647,Test
GABYUG_clean,8.28187,3.85233,8.28187,1.39429,1719.71,1233.39,0.0,0.0,0.5774,0.414117,0.0,0,0.0047812146,3.4550026808,3.543809741972044,Test
GACYER_clean,11.44273,8.46463,11.4041,0.752428,2161.9,2873.23,9.41673,12.5151,0.746,0.991457,0.0,1,0.0047450491999999,5.1082687281,4.945132252599432,Train
GAHSEQ_clean,9.12806,8.89551,9.12806,1.04861,1169.01,1114.83,0.0,0.0,0.5662,0.539955,0.0,1,0.0012336953999999,1.5983184973,1.5687313641811131,Test
GALFAB_clean,5.55868,3.43749,5.55868,1.2617,790.625,626.635,0.0,0.0,0.4566,0.361893,0.0,0,0.0080435768,2.8372169852999995,2.7500799684809953,Train
GANBAZ02_clean,5.94516,4.40671,5.62899,1.06833,1884.21,1763.7,0.0,0.0,0.666,0.623402,0.0,0,0.0092241322,6.687401124299999,5.802590303944113,Test
GATQIE_clean,8.12277,6.57853,7.8081,0.814422,2692.15,3305.6,0.0,0.0,0.7176,0.881116,0.000491146,1,0.0037890626,4.3081245331,4.332489171476196,Train
GATQOK_clean,8.0398,4.43833,8.0398,1.04873,1982.28,1890.18,0.0,0.0,0.641,0.611218,0.000572123,1,0.0053038821,4.5659679232,4.480247447025212,Test
GEBPEK_clean,17.98452,9.34908,17.98452,0.462491,1934.3,4182.35,0.0,0.0,0.837,1.80977,0.0,0,0.0034165199,4.6075278373,4.569646539197119,Train
GEDPAH_clean,6.03167,4.27212,6.03167,1.25052,927.95,742.052,0.0,0.0,0.4286,0.342738,0.0,1,0.0005206262,0.6435202993,0.6646259496186215,Train
GIJXAA_clean,10.59462,7.92596,10.59462,0.990408,1761.1,1778.16,0.0,0.0,0.6526,0.658921,0.0,0,0.0096803031,6.288010379299999,6.364593886341655,Test
GITSUY_clean,12.38253,7.614,12.38253,0.866035,1866.54,2155.27,0.0,0.0,0.694,0.801354,0.0,0,0.0029716943,3.5912711783999995,3.3553224569464124,Test
GITVAH01_clean,9.03293,4.92005,8.03384,1.44808,1218.66,841.568,0.0,0.0,0.5302,0.366141,0.0,0,0.0089486147999999,3.5779336977,3.79964116772127,Test
GITVAH_clean,8.75698,4.92208,6.66017,1.57163,868.704,552.741,0.298339,0.189828,0.4918,0.312924,0.0,0,0.0101310468,2.7201753967,2.7217347791482944,Train
GOPLUS_clean,4.69015,3.69955,4.69015,1.12654,1103.97,979.963,0.0,0.0,0.5668,0.503132,0.0,0,0.0039732612,3.3225299101,3.1103437501326243,Train
GOQWOY_clean,8.51298,6.88549,8.50318,0.782047,2084.03,2664.84,0.0,0.0,0.7176,0.917592,0.0,0,0.0032034377,4.2321906787,4.088677065029661,Train
GORJEE_clean,6.22352,3.46281,6.21155,1.2742,1383.19,1085.53,43.8432,34.4085,0.5994,0.470413,0.0,1,0.0151721013999999,5.3194995005,5.292289493903741,Train
GUPBOJ03_clean,20.79847,8.00163,20.79847,0.806562,1676.14,2078.13,0.0,0.0,0.7324,0.908052,0.0,0,0.001988559,2.6659899447,2.61334872640833,Test
GUZVOO_clean,7.90362,5.63787,7.44008,1.61009,1067.96,663.297,284.683,176.812,0.5464,0.339361,0.0,1,0.0024985288,1.986968909,1.9800685865447767,Train
HABCEV_clean,9.92705,7.22424,9.91479,0.991769,2097.63,2115.04,0.0,0.0,0.6876,0.693307,0.0,1,0.0032677025,4.1116475132,3.703293402005547,Train
HABCIZ_clean,9.83189,7.12324,9.82847,0.920871,2079.45,2258.13,0.0,0.0,0.6902,0.749507,0.0,1,0.0029675497999999,3.7384634254,3.5322292811834926,Train
HABCOF_clean,9.97681,7.2596,9.97191,0.933756,2065.72,2212.27,0.0,0.0,0.6892,0.738095,0.0,1,0.0025667962,3.6699200456,3.075291643164418,Test
HABDAS_clean,9.98388,7.09034,9.97982,0.917953,2085.87,2272.31,0.0,0.0,0.69,0.751673,0.0,1,0.0028522531,3.7710321832,3.537611200492418,Train
HABRUZ_clean,5.62999,4.2146,5.61662,1.21831,1657.43,1360.44,0.0,0.0,0.5722,0.469669,0.0,1,0.0055007965,3.368952074,3.6719660705912727,Train
HAMJUC_clean,10.68848,3.93393,10.67739,1.13553,1897.49,1671.02,0.0,0.0,0.6192,0.545297,0.0,1,0.0287484753,7.259662170199999,7.166795084920736,Train
HANKIS_clean,10.84256,6.81027,10.84256,0.962348,2445.81,2541.5,9.90677,10.2944,0.7018,0.729258,0.0,1,0.003939863,4.2367034288,4.196335131502515,Train
HANKOY_clean,11.28133,6.992,11.28091,0.975181,2332.28,2391.64,21.129,21.6668,0.7112,0.7293,0.0,1,0.0038564696,4.2585762696,3.7488965377680317,Test
HAWGIY_clean,4.9936,3.76376,4.99295,1.55118,587.725,378.89,0.0,0.0,0.3948,0.254516,0.0,0,0.0032277467,1.4409406891999998,1.4588045486009766,Train
HAXNOJ_clean,6.09414,4.53148,6.04647,1.2268,2259.24,1841.57,0.0,0.0,0.705,0.574664,0.0,0,0.0011307008,1.4787503205,1.487098483180231,Train
HICGEG_clean,7.22417,4.98345,7.22345,1.05866,1756.83,1659.47,0.0,0.0,0.6354,0.60019,0.0,0,0.0042873075,3.5769360466,3.8751372169105287,Train
HICZIE_clean,4.75635,3.88223,4.75635,1.70104,552.032,324.527,36.9511,21.7227,0.4418,0.259724,0.0,0,0.006665184,2.1566620039,2.257659494380608,Test
HIDDAB_clean,4.73402,3.99038,4.58029,1.71288,716.864,418.513,0.0,0.0,0.4374,0.255359,0.0,0,0.0080257293,2.5997562712,2.3859045952246083,Train
HIQKID_clean,6.24462,3.8099,6.24462,2.75365,1288.14,467.793,0.0,0.0,0.511,0.185572,7.26e-05,0,0.0023053395999999,1.2845524774,1.5478252287034129,Test
HIZTUG_clean,14.58128,7.2695,14.58128,0.949199,1744.45,1837.81,0.0,0.0,0.6154,0.648336,0.0,1,0.0137746277,5.2200227952,5.333964193276863,Train
HOJJUN_clean,10.20501,4.32102,10.20501,1.07008,1864.88,1742.75,0.0,0.0,0.6276,0.586499,0.0,0,0.0099054035,4.3067108401,5.795290447400574,Test
HOQNOS_clean,5.68928,5.15984,5.68602,1.20112,1133.38,943.601,0.0,0.0,0.508,0.422938,0.0,0,0.0066804058999999,3.1163352974,3.2692130681584723,Test
HOVGEG_clean,5.72288,5.00575,5.71258,1.7362,623.828,359.307,0.0,0.0,0.4442,0.255846,0.0,1,0.0038840284,1.3826438744999998,1.5172424718423734,Train
HOZFIN_clean,11.69529,10.43289,11.69529,0.774366,1771.67,2287.9,0.0,0.0,0.6506,0.840172,0.0,1,0.0028552318,3.3153946349,3.3234325446659367,Train
HUBQEC_clean,8.86857,5.43796,8.86857,1.74467,1156.2,662.705,0.0,0.0,0.545,0.31238,0.0,1,0.0006249987,0.8252325338,0.8305784362911561,Test
HUCSEF_clean,13.78845,4.39887,13.78845,0.867071,1791.92,2066.64,0.0,0.0,0.6752,0.778714,0.0,1,0.0079813274,4.9907944201,5.069119366159716,Train
HUNCIE_clean,23.8524,20.39274,23.77655,0.290995,1592.86,5473.82,0.0,0.0,0.8752,3.00761,0.0,1,0.0035437595,5.1915146885,5.038346064745398,Train
HUYFAJ_clean,13.01175,6.7865,13.01175,0.928859,1613.49,1737.07,0.0,0.0,0.649,0.698706,0.0,1,0.0033744124,3.652693518500001,3.541087988679016,Train
HUZYEI_clean,8.53699,6.27993,8.53699,0.711095,2228.2,3133.48,0.0,0.0,0.6894,0.969491,0.0,0,0.0034687255,3.9950173466,4.188253605661851,Train
HUZYIM_clean,8.39885,4.78933,7.86209,0.797668,1803.87,2261.43,0.0,0.0,0.6378,0.79958,0.0,0,0.0053253326,4.3123279677,5.115110969063175,Test
IBAPOS_clean,10.42394,6.6282,10.40124,0.688725,2224.76,3230.26,0.0,0.0,0.7214,1.04744,0.0,1,0.0034211121,4.3626006604,4.280143997133614,Test
IBAQAF_clean,10.29518,8.20784,10.21825,0.691719,2146.79,3103.55,0.0,0.0,0.7272,1.05129,0.0,1,0.0035307406,4.5256395919,4.362671479010171,Train
IBAQEJ_clean,10.47263,8.40011,10.41547,0.683981,2144.01,3134.6,0.0,0.0,0.734,1.07313,0.0,1,0.0033355982,4.4123737007,4.297523330555831,Train
IBIYUO_clean,5.20433,4.31707,5.18919,2.0196,573.799,284.115,0.0,0.0,0.4548,0.225193,0.0,0,0.0023526414,0.9377583798,1.082722706025259,Train
IBURAZ_clean,4.88805,3.48372,4.75798,1.89312,918.977,485.428,0.0,0.0,0.536,0.28313,0.0,0,0.0147536884,3.6226107024,3.523568973670329,Train
ic1010083_si_002_clean,8.73889,4.47796,8.73889,1.29976,1302.13,1001.82,0.0,0.0,0.5268,0.405305,0.0,1,0.0074996105,2.9240450297,3.136071463911853,Train
ic403175w_si_002_clean,5.88584,3.69969,5.83238,2.5678,470.928,183.398,0.0,0.0,0.2652,0.103279,0.0,1,0.0058993516,0.8329284647,0.798363438994298,Train
ic502478u_si_003_clean,6.55769,3.80885,6.25374,1.35422,531.365,392.376,0.404029,0.298347,0.4662,0.344256,0.0,1,0.0006993117,0.7050230595999999,0.666548537990435,Test
ic502643m_si_011_clean,13.64098,13.34789,13.63908,0.604316,2269.16,3754.93,0.0,0.0,0.793,1.31223,0.0,1,0.0042671122,5.2530991471,5.105296094619554,Train
ic502643m_si_012_clean,13.38503,12.66061,13.38102,0.629028,2341.28,3722.06,0.0,0.0,0.78,1.24001,0.0,1,0.0046394619,5.5395858016,5.192538348841648,Test
ic8008859_si_001_clean,6.51934,4.39103,6.27132,0.92999,1351.28,1453.01,0.0,0.0,0.5454,0.586458,0.0,1,0.0035852903,2.9914893139,3.1812712104830516,Test
ICAREL_clean,16.21859,9.18486,11.94903,0.616739,2046.86,3318.84,0.0,0.0,0.7336,1.18948,0.0,1,0.0037114009999999,4.5253601826,4.424669277962046,Test
ICIKAH_clean,8.01757,3.70704,7.93302,1.68308,428.741,254.736,345.699,205.397,0.4804,0.285429,0.0,1,0.0007224280999999,0.7870510854,0.8026634302006408,Test
ICIVEW_clean,9.81405,8.96526,9.81405,1.68894,1459.56,864.19,0.0,0.0,0.6214,0.367924,0.0,1,0.0038785407,2.7728324236,2.888315293495818,Test
IFEPUG01_clean,6.97552,6.67002,6.97552,1.81968,554.5,304.724,0.0,0.0,0.3222,0.177064,0.0,1,0.0019798418,1.4964264273,1.3681528507568876,Test
IFEPUG02_clean,7.03312,5.99915,7.03312,1.58114,529.815,335.085,0.0,0.0,0.3982,0.251844,0.0,0,0.0020171476,1.5006305106,1.4975774664275643,Test
IFEPUG03_clean,6.99241,5.91522,6.99241,1.59971,524.86,328.098,0.0,0.0,0.393,0.24567,0.0,0,0.0019160225,1.4467040833000002,1.4302039918304195,Train
IFEPUG04_clean,6.86283,5.99318,6.86283,1.62602,537.112,330.322,0.0,0.0,0.3814,0.23456,0.0,0,0.0019540931,1.4561426208,1.4470018935081397,Train
IFEPUG05_clean,6.85642,6.11281,6.85642,1.65571,533.488,322.211,0.0,0.0,0.3698,0.223348,0.0,0,0.0017613607,1.3487888481,1.3236112625552294,Train
IFEPUG06_clean,6.7419,6.18576,6.7419,1.68982,538.529,318.691,0.0,0.0,0.3576,0.21162,0.0,0,0.002035588,1.4571830193000002,1.466645736576432,Train
IFEPUG07_clean,6.70506,6.18332,6.70506,1.72629,549.827,318.502,0.0,0.0,0.3412,0.197649,0.0,0,0.0021985779,1.5593211181,1.4657108428551944,Train
IFEPUG08_clean,6.7666,6.32311,6.7666,1.76811,569.763,322.245,0.0,0.0,0.3312,0.187319,0.0,1,0.0023014875,1.6343220087,1.5003042883273214,Train
IFEPUG09_clean,6.88857,6.56673,6.88857,1.78418,556.743,312.044,0.0,0.0,0.331,0.185519,0.0,1,0.0020185922,1.5268664311000002,1.4623465379757805,Train
IFEPUG10_clean,6.80475,6.55642,6.80475,1.8372,603.527,328.504,0.0,0.0,0.3222,0.175376,0.0,1,0.0025213283,1.7475303277,1.4757468181055442,Test
IFEQER_clean,7.19047,6.08402,7.19047,1.57527,553.109,351.12,0.0,0.0,0.394,0.250116,0.0,0,0.002046844,1.557777692,1.5157207495810439,Test
IFUPAC_clean,5.45872,4.0869,5.45872,1.34142,1585.35,1181.84,0.0,0.0,0.5752,0.4288,0.0,1,0.0067589897,3.464956436,3.9153815898983244,Test
IGORUS_clean,10.22764,5.8145,10.22764,0.798105,2273.51,2848.64,0.0,0.0,0.7076,0.8866,0.0,1,0.0042496847,5.527143397200001,4.705119247505389,Test
IGUCEU_clean,4.52933,3.82475,4.49997,1.71915,529.35,307.913,0.0,0.0,0.4484,0.260826,0.0,0,0.0013790387,0.9442385573,1.0703326628615,Test
IJAPIU_clean,10.97896,4.58149,10.97895,0.821497,2292.36,2790.46,0.0,0.0,0.6958,0.84699,0.0,1,0.0070255746,5.3856431934,5.438721188399524,Train
IJAPOA_clean,11.3719,4.56274,10.28688,0.827364,2231.15,2696.69,0.0,0.0,0.6978,0.843401,0.0,1,0.0065597753,4.9626583923,5.136755512907293,Train
IJEXUS_clean,21.63198,16.25392,21.63198,0.800283,1414.75,1767.81,0.0,0.0,0.7074,0.883938,0.0,1,0.0015357804999999,1.863783944,1.888221327604046,Test
ILITON_clean,10.85959,9.44525,10.85959,0.579291,2065.83,3566.14,0.0,0.0,0.7778,1.34268,0.0,1,0.0033157763,4.5927101652,4.233993029278032,Test
ILOWAI_clean,5.40585,4.42661,5.40585,1.07764,1110.36,1030.36,0.0,0.0,0.5072,0.470657,0.0,0,0.0076335718,4.0196608433,3.768605397270401,Train
IMULEH_clean,8.24491,4.53271,8.24491,0.809297,1780.75,2200.36,0.0,0.0,0.6282,0.776229,0.0,0,0.0032805104999999,3.6658023971,3.6164789441860283,Test
INEPEY_clean,6.95447,5.78801,6.95447,1.44957,1129.68,779.321,87.9996,60.7072,0.5158,0.355829,0.0,1,0.0079275446,2.7609225332,3.049141209296135,Train
INIROO_clean,8.17605,4.71571,8.17605,2.17241,1103.1,507.776,0.0,0.0,0.5056,0.232737,0.0,1,0.0009588807,0.9837885333,0.9685242618246779,Test
IPIVOT_clean,6.19757,4.01106,6.19757,1.45575,826.006,567.408,0.0,0.0,0.474,0.325604,0.0,1,0.0102416759,2.5674435064,2.8123533377328984,Test
IREGOD_clean,5.40281,4.28093,5.40281,1.18436,1608.89,1358.45,0.0,0.0,0.5606,0.473337,0.0,1,0.0049252799,3.7071615123,3.637243370845826,Test
IVEKEA_clean,22.61279,7.45433,22.60405,0.58506,2033.02,3474.88,0.0,0.0,0.8178,1.3978,0.0,1,0.0042837583,5.198621463299999,5.098684424378586,Train
IWEWOY_clean,20.27537,19.97281,20.27537,0.872765,1162.79,1332.3,0.0,0.0,0.6926,0.79357,0.0,1,0.0038373119,3.2025470148000004,3.2648040994392726,Train
IYIHUU_manual,11.83739,10.43961,11.83739,0.634446,2047.9,3227.86,0.0,0.0,0.7402,1.16669,0.0,1,0.003854659,4.038002722,4.3807539927423,Test
IYITOB_clean,9.11454,7.50033,9.11454,1.16801,1732.8,1483.56,0.0,0.0,0.654,0.559929,0.0,0,0.0017978074,2.2038978401,2.197084323820265,Train
IZIHIK_clean,7.14331,5.40483,7.14331,1.44939,1285.98,887.257,42.2152,29.1262,0.5348,0.368983,0.0,1,0.0030457254999999,2.4999137972,2.461475962664524,Train
ja0660047si20060818_060256_clean,6.3909,4.01484,6.38663,0.926803,2000.77,2158.79,0.0,0.0,0.5998,0.647171,0.0,0,0.007551648,6.6048913861,5.575415330521771,Test
ja0660047si20060818_060458_clean,6.58402,3.94503,6.58402,1.00815,1971.57,1955.64,0.0,0.0,0.578,0.57333,0.0,0,0.0112139233,7.1609130111,7.018892814459398,Train
ja078060t-file002_clean,16.93112,9.01585,16.93112,0.615402,2165.98,3519.61,0.0,0.0,0.7858,1.27689,0.0,1,0.0055463197999999,6.1179978665,5.426261911885156,Test
ja101440z_si_001_clean,5.9006,5.23774,5.9006,1.30709,1576.97,1206.47,0.0,0.0,0.571,0.436847,0.0,1,0.0061110435,3.7815836436,3.786104369231844,Test
ja102862j_si_005_clean,16.33925,5.69725,16.33925,0.874313,1862.92,2130.72,0.0,0.0,0.7038,0.804975,0.000228751,0,0.0052079743,4.742262238,4.688341997991284,Train
ja111042f_si_002_clean,13.98436,10.86418,13.89482,0.502876,1948.39,3874.49,0.0,0.0,0.797,1.58488,0.0,1,0.0041692347,5.2966214246,5.026860808320291,Test
ja202154j_si_003_clean,11.58737,3.83412,11.58737,0.92986,1525.64,1640.72,0.0,0.0,0.645,0.693653,0.0,0,0.0026333481,3.1053256974,2.982244046597108,Test
ja4015666_si_002_clean,10.09928,9.13648,10.09928,0.711506,2224.92,3127.06,0.0,0.0,0.7638,1.0735,0.0,0,0.0030453236999999,4.1373148257,3.948298756432143,Test
ja4015666_si_003_clean,10.07647,9.04237,10.07647,0.718146,2256.82,3142.56,0.0,0.0,0.7528,1.04825,0.0,0,0.0032001707,4.1133135458,4.107017588619454,Train
ja403810k_si_003_clean,31.39938,26.2789,31.39936,0.252736,790.748,3128.75,0.0,0.0,0.9088,3.59585,0.0,1,0.0028830915,4.2623183609,4.150758661787758,Train
ja410368j_si_002_clean,11.55893,3.45239,11.55893,0.94881,1479.04,1558.83,0.0,0.0,0.6372,0.671578,0.0,0,0.0031029519,3.5204535057,3.464164289906913,Train
ja501810r_si_002_clean,11.13191,5.72159,11.13191,0.767426,2419.7,3153.01,0.0,0.0,0.7292,0.950189,0.0,1,0.0055657121,5.5874909854,5.303465442547602,Test
ja507971r_si_004_clean,4.53044,3.58227,4.53044,1.46814,606.341,412.999,3.33265,2.26998,0.4518,0.307736,0.0,1,0.0148938541,2.8892377357,2.8155514587655306,Test
ja5109535_si_002_clean,17.4505,7.65306,17.4505,0.65071,2199.17,3379.65,0.0,0.0,0.7686,1.18117,0.0,0,0.0071581365,7.121474086799999,6.591127692104365,Test
jacs.5b11079_ja5b11079_si_002_clean,14.16979,6.91811,12.94276,0.599196,2206.88,3683.06,0.0,0.0,0.7614,1.2707,0.0,1,0.0049509947,5.067544396000001,5.131718792835939,Test
jacs.6b01663_ja6b01663_si_002_clean,24.65699,17.09587,24.65699,0.438285,1508.06,3440.83,0.0,0.0,0.8424,1.92204,0.000456324,1,0.0028301256,4.0635619465,3.9953110656821282,Train
jacs.6b02030_ja6b02030_si_004_clean,6.78187,4.96364,6.78187,1.83949,1314.77,714.746,0.0,0.0,0.5076,0.275946,0.0,1,0.0021812989,2.1004889028,1.7823727207313749,Test
jacs.6b04608_ja6b04608_si_002_clean,18.84439,11.02909,18.84439,0.389439,1879.81,4826.98,0.0,0.0,0.8376,2.15079,0.00051356,0,0.0030996928,4.3493557374,4.285901244241288,Test
jacs.6b08724_ja6b08724_si_012_clean,28.6797,24.93616,28.6797,0.353838,1453.6,4108.09,0.0,0.0,0.8748,2.47232,0.0,1,0.0031504846999999,4.1361877465,4.236497056790683,Train
jacs.6b08724_ja6b08724_si_013_clean,28.04628,26.50518,28.04628,0.350938,1434.54,4087.73,0.0,0.0,0.8658,2.4671,0.0,1,0.0034767794,4.6919461094,4.597760497372493,Test
JADBEY_clean,5.1025,4.19518,4.95899,1.35732,1188.64,875.723,0.0,0.0,0.488,0.359531,0.0,0,0.0043195872999999,2.7743422347,2.599251516394759,Test
JAJZAY_clean,11.43481,6.24659,11.43433,0.715716,2413.07,3371.55,0.0,0.0,0.7402,1.03421,0.0,1,0.0054916439,5.5926593017,5.370464681538987,Test
JALLIU_clean,13.72158,6.77108,13.72158,0.777101,2196.2,2826.14,0.0,0.0,0.7498,0.964868,0.000514734,0,0.0019092989,2.6222265845,2.7467629026189324,Test
j.inoche.2015.02.023_INC05895-mmc1_clean,5.70413,3.46915,5.53584,1.31977,1259.88,954.616,0.0,0.0,0.503,0.381126,0.0,1,0.0138262561,4.2952929613,4.229948555298356,Train
JIVQOU_clean,5.16037,3.63851,4.20766,2.2732,284.489,125.149,281.748,123.944,0.4162,0.18309,0.0,1,0.0344017479999999,2.3939626755,2.393126780991034,Train
j.jssc.2016.06.015_ZJU-10_clean,11.36875,4.57229,11.36875,0.827579,2351.53,2841.46,0.0,0.0,0.6996,0.845357,0.0,1,0.005558504,4.9861087971,5.048575586324716,Train
JOHQUT_clean,5.10814,3.94987,5.09674,1.90453,697.67,366.322,0.0,0.0,0.4102,0.215382,0.0,1,0.0029953645,1.6343855488,1.4799641821128873,Train
JOZWOM_clean,22.16597,8.69473,22.16597,0.48225,1899.59,3939.01,0.0,0.0,0.8054,1.67009,0.000414723,1,0.0038178572999999,4.9577592382,4.607973340624424,Test
JOZWUS_clean,21.40599,8.60608,20.3343,0.48265,1906.91,3950.91,0.0,0.0,0.8026,1.6629,0.000414379,1,0.0039336087,4.9506916319,4.730543071460181,Test
jp302979a_si_002_clean,10.98282,6.54194,10.97083,0.963718,2282.53,2368.46,0.0,0.0,0.7164,0.743371,0.0,1,0.0033568543,4.1743202316,3.61279431597081,Test
JUKPAI_clean,7.08241,5.52674,6.9259,3.59589,1474.22,409.973,0.0,0.0,0.4916,0.136711,0.0,1,0.0004832855999999,0.5616633578,0.5915301956396046,Train
JUTCOS_clean,7.04726,4.27705,7.02404,1.31095,1329.11,1013.85,0.0,0.0,0.5362,0.409016,0.0,1,0.0037556274,2.5529206311,2.6845205248046597,Train
JUYBEM_clean,5.13731,3.85682,5.13731,1.48243,1119.92,755.465,0.0,0.0,0.4988,0.336475,0.0,0,0.0080746908,3.2172559929,3.1774818829125206,Train
KACKIL_clean,8.90649,6.59853,8.90649,1.06181,2105.95,1983.36,0.0,0.0,0.6938,0.653414,0.0,1,0.0054827468999999,3.8894580209,4.075047311352138,Train
KAHZAW_clean,8.94072,4.22762,8.82545,1.16306,2118.43,1821.42,0.0,0.0,0.6882,0.591713,0.0,1,0.001603425,2.123871587,2.1280964187117553,Test
KALFUA_clean,5.64692,4.66493,5.64692,1.02252,1561.82,1527.42,0.0,0.0,0.5924,0.579351,0.0,0,0.0099765459,5.4844914661,5.254336723062249,Test
KAVXAI_clean,9.40882,5.41413,9.40882,1.00634,2107.27,2094.0,0.0,0.0,0.6462,0.642132,0.0,0,0.0104272615,7.052661651499999,6.982357534043256,Test
KELJAN_clean,6.72992,4.20356,6.59748,1.50078,1661.97,1107.4,0.0,0.0,0.603,0.401791,0.0,1,0.0028564058,2.6442579815,2.685891779564502,Train
KEVBOE_clean,5.94177,3.85345,5.94177,1.15836,1692.78,1461.35,3.23237,2.79047,0.5546,0.478779,0.0,0,0.0302741823,8.4937105423,8.272253856621706,Train
KEWJIG_clean,7.66764,4.96521,7.66764,1.12411,2024.36,1800.85,0.0,0.0,0.6074,0.540337,0.0,1,0.0079015735,5.3934196564,5.249964828970667,Train
KIFDIM_clean,6.65854,3.7171,6.64815,1.05848,1659.61,1567.91,0.0,0.0,0.5926,0.559858,0.0,1,0.0035185221999999,3.4270306217,3.3357252028293574,Test
KINMUR_clean,5.20086,4.2137,5.19994,1.27394,2724.76,2138.85,0.0,0.0,0.6356,0.498926,0.0,0,0.0229035243,7.7136711211,7.723872728217179,Train
KOGSOQ_clean,6.70555,5.36137,6.69224,1.02667,1476.42,1438.07,0.0,0.0,0.596,0.580519,0.0,0,0.0051895512,3.9462537125,4.155944947680243,Test
KOJZOZ_clean,9.94395,7.51619,9.94395,1.17869,2115.26,1794.59,0.0,0.0,0.694,0.58879,0.0,1,0.0016660723,1.9733643049,2.083459494557755,Test
KOMHEB_clean,6.83617,4.31178,6.83617,2.04431,589.974,288.593,3.15896,1.54524,0.4406,0.215525,0.0,1,0.0070481858,2.0813432449,1.9911189162539014,Train
KOMHIF_clean,6.96433,4.30157,6.96433,2.10755,601.281,285.298,0.506718,0.24043,0.4434,0.210386,0.0,1,0.0102333219,2.1496244288,2.008587644494146,Test
KOMHOL_clean,7.12004,4.41244,7.12004,2.09673,622.975,297.118,3.20164,1.52697,0.448,0.213666,0.0,1,0.0097995237,2.1800413191,2.1129891035928208,Test
KOVGOT01_clean,9.14865,6.57962,8.64921,1.30232,2344.83,1800.5,0.233416,0.179231,0.6924,0.531667,0.0,1,0.0010893225,1.4778159078,1.4680544915004743,Test
KOVGOT_clean,9.14342,6.58506,9.14342,1.30232,2351.43,1805.57,0.204239,0.156827,0.6926,0.53182,0.0,1,0.0010574669,1.4792833422,1.3849004758449053,Test
KOZQIB_clean,28.54072,12.23604,28.54072,0.302864,1428.61,4716.99,0.0,0.0,0.8826,2.91418,0.0,1,0.0035666454,5.2066449573,4.730411591337736,Test
KUGFAU_clean,6.1404,4.28752,6.13565,2.43257,1183.17,486.384,94.0478,38.6618,0.538,0.221165,0.0,1,0.0006718975,0.643897735,0.7060665770098797,Train
KUKPUD_clean,9.04322,8.10629,9.04322,1.11678,1615.16,1446.26,0.0,0.0,0.65,0.582028,0.0,1,0.0049271965,4.7956175629,4.416804878665664,Train
KUKQAK_clean,4.64716,3.48929,4.64716,1.79907,353.643,196.57,0.0,0.0,0.3996,0.222114,0.0,1,0.0047807271,1.4485389337,1.3006383239153811,Test
KULMAG_clean,10.24525,8.92291,10.23663,0.907947,1704.68,1877.51,60.6525,66.8018,0.6662,0.733743,0.0,1,0.0124009584,4.1497599925,4.37492549350431,Train
KUXSAZ_clean,8.81598,3.44204,8.80847,1.03643,1657.94,1599.66,0.0,0.0,0.6052,0.583926,0.0,0,0.0082713758,7.0778331343,6.739664451682705,Train
KUZYUB_clean,17.79121,17.46158,17.79121,1.09527,1160.5,1059.55,0.0,0.0,0.6994,0.638563,0.0,1,0.003314038,3.5310546577,3.359720771174339,Train
LACYEW_clean,9.98958,7.17562,9.98958,0.965678,2132.17,2207.96,0.0,0.0,0.6886,0.713074,0.0,1,0.0033382644,4.190698895,3.718130170838151,Test
LACYIA_clean,13.94656,10.8971,13.94656,0.785099,1996.38,2542.84,0.0,0.0,0.6776,0.863076,0.0,1,0.0058458719,5.6967411025,5.383280395139007,Train
LACYOG_clean,9.45292,5.8367,9.45292,1.00526,2164.69,2153.37,0.0,0.0,0.6652,0.661721,0.0,1,0.005961157,5.185166112799999,4.736181687329972,Test
LACYUM_clean,8.19722,5.57863,8.19722,1.03476,2021.86,1953.94,156.073,150.83,0.648,0.626232,0.0,1,0.0067902058999999,5.4046810087,5.2884354842606704,Train
LACZAT_clean,8.2988,5.7298,8.2988,0.945764,1995.72,2110.17,179.673,189.977,0.662,0.699963,0.0,1,0.0044613334,4.5528641732,4.389762803485773,Train
LACZIB_clean,9.35168,6.74694,9.35021,0.752382,2169.18,2883.09,0.0,0.0,0.6922,0.920012,0.0,1,0.0034053663,4.5687121694,4.278049074340717,Train
LAGVEX_clean,6.7023,3.90662,6.7023,1.13087,1228.85,1086.65,0.0,0.0,0.5372,0.475032,0.0,1,0.0040614907,2.8101087355,2.992062161668168,Test
LAPNUO_clean,7.53441,3.97302,7.25213,1.27166,1671.62,1314.52,0.0,0.0,0.5848,0.459871,0.0,0,0.0385751253,7.0673697547000005,7.209814230173649,Train
LAPZEK_clean,15.51079,7.93845,15.33563,0.599908,2098.95,3498.78,0.0,0.0,0.7678,1.27986,0.0,1,0.0065025629,5.7275587114,5.796885485007087,Test
LAQNOJ_clean,14.29494,6.44811,14.29494,0.699724,2201.6,3146.38,0.0,0.0,0.7396,1.05699,0.0,1,0.0075709266,6.2121022082,6.147269186334414,Train
LAQNUP_clean,15.26013,7.80017,15.22984,0.646935,2142.31,3311.48,0.0,0.0,0.755,1.16704,0.0,1,0.0073699193999999,6.0778450091,6.053305810969642,Test
LATBUG_clean,17.59724,12.77954,17.59724,0.373345,1754.11,4698.37,0.0,0.0,0.8458,2.26547,0.0,1,0.0038547793,5.2920646648,5.229706778125266,Test
LATCAN_clean,17.46459,13.36465,17.46459,0.380351,1759.4,4625.73,0.0,0.0,0.8424,2.21479,0.0,1,0.0039553128,5.3655650727,5.388089330933077,Test
LATCIS_clean,6.18491,5.22174,6.13,1.03702,2650.66,2556.04,0.0,0.0,0.747,0.720336,0.0,1,0.0012139994,1.609003685,1.6346710010129981,Test
LAWGOI_clean,6.79778,4.16971,6.53453,1.58223,946.888,598.451,0.0,0.0,0.4988,0.315251,0.0,1,0.0012547741,1.1520467959,1.211081033815604,Train
LAWGUO_clean,7.18198,3.98931,7.17216,1.75912,848.078,482.104,0.0,0.0,0.4794,0.272523,0.0,1,0.0017129985999999,1.339588512,1.39429773031217,Test
LAWHEZ01_clean,7.31724,4.08974,7.31724,1.65797,902.036,544.061,0.0,0.0,0.4878,0.294215,0.0,1,0.0015843075,1.3475372388,1.3623098885643246,Train
LAWHEZ_clean,7.31422,4.06957,7.31422,1.65797,900.714,543.263,0.0,0.0,0.4874,0.293974,0.0,1,0.0016713574,1.3598420718000002,1.37038662589637,Test
LAWHID_clean,7.12473,3.80895,6.25716,1.71371,841.749,491.186,0.0,0.0,0.4802,0.280211,0.0,1,0.0016764426,1.2894259151,1.36655434173397,Test
LAXCUK_clean,8.14792,4.96145,8.14665,0.864341,1801.28,2083.99,0.0118168,0.0136714,0.6332,0.732581,0.0,1,0.0024529222,2.8460706892000003,2.867543300461549,Test
LEJCEK_clean,17.20124,11.68232,17.20124,0.334035,1916.36,5737.0,0.0,0.0,0.8616,2.57937,0.0,0,0.0029602278999999,4.6564466979,4.330925744421761,Test
LEJZOQ_clean,5.95247,4.56093,5.95247,1.11072,926.808,834.423,0.0,0.0,0.484,0.435754,0.0,1,0.0034358109999999,2.390991867,2.254703173653653,Train
LELDOX_clean,18.13342,6.69424,12.87691,0.621417,2220.07,3572.59,0.0,0.0,0.7588,1.22108,0.0,1,0.0038463115,4.8981360044,4.775438100838951,Train
LEQBUG_clean,14.22812,6.68064,13.72074,0.73218,2183.07,2981.61,0.0,0.0,0.7302,0.997295,0.0,1,0.0077846632999999,6.2433451653,6.2801715061726275,Train
LEQCAN_clean,13.67194,6.45338,13.67194,0.778071,2218.0,2850.64,0.0,0.0,0.719,0.92408,0.0,1,0.0083553111,6.3955435555,6.341340467032292,Test
LEWZET_clean,5.98081,4.39548,5.97981,1.17803,1312.3,1113.97,0.0,0.0,0.5222,0.443281,0.0,0,0.0105842028,4.2837620192,4.0886458529769705,Train
LIDSAU_clean,5.52729,4.59222,5.52557,1.12251,2012.74,1793.07,0.0,0.0,0.5812,0.517767,0.0,1,0.0111303117999999,5.6099853918,5.6338731462865965,Test
LIDSEY_clean,5.38035,4.73063,5.37764,1.08774,2028.26,1864.66,0.0,0.0,0.5984,0.550133,0.0,1,0.0112196081,5.7831820404,5.845519785055383,Test
LIDSIC_clean,5.88988,4.79787,5.74819,0.995436,2128.35,2138.11,0.0,0.0,0.6234,0.626258,0.0,1,0.0086226036,5.7621306362,5.807059682525939,Test
LIHKAQ_clean,4.20661,3.40597,4.15918,2.43906,861.502,353.21,0.0,0.0,0.4506,0.184743,0.0,0,0.0875516059,4.1722298174,4.134388081303939,Train
LIRTUC_clean,5.83831,3.6143,5.8313,1.27726,1032.08,808.039,0.0,0.0,0.5346,0.418551,0.0,0,0.0019998260999999,1.9160224418,1.7779270611853129,Train
LOCRUR_clean,5.043,4.16027,5.043,1.07174,1871.72,1746.44,0.0,0.0,0.587,0.547708,0.0,0,0.0041340711,3.8179544255,3.819133440997324,Train
LODTAB_clean,4.98387,4.62619,4.98387,1.23288,2036.05,1651.46,0.0,0.0,0.5874,0.476445,0.0,0,0.005861768,4.5648455489,4.185686951671697,Test
LOFJAT_clean,11.75384,5.77917,10.9055,0.7403,2339.25,3159.86,0.0,0.0,0.728,0.983385,0.0,1,0.0072787296,5.5213034832000005,5.742294562549942,Train
LORNEL_clean,6.96325,5.60613,6.9631,1.05672,2615.87,2475.46,0.0,0.0,0.7412,0.701416,0.0,0,0.0012548842,1.6690847085,1.6803489699874898,Train
LOSYAV_clean,4.55984,3.67657,4.54982,1.22852,1180.85,961.195,0.0,0.0,0.5162,0.42018,0.0,1,0.0090577944999999,4.5225663696,4.250416356625445,Train
LUDVAH_clean,5.76222,3.92954,5.75675,1.87163,1115.45,595.979,0.0,0.0,0.5392,0.288092,0.0,1,0.0029017008,1.7390143391,1.9700784232603288,Test
LUKLIN_clean,20.05813,9.81608,20.05813,0.466068,1922.41,4124.74,0.0,0.0,0.817,1.75296,0.0,1,0.0037784121999999,4.9768109702,4.814913615179883,Train
LURRIA_clean,22.37295,9.74126,15.85817,0.406542,1874.4,4610.6,0.0,0.0,0.8348,2.05341,0.0,1,0.0040328262,5.1015725263,5.281877850891731,Test
LUTZEH_clean,27.97153,12.56634,27.97011,0.560816,1424.55,2540.14,0.0,0.0,0.8216,1.46501,0.0,1,0.0020070376,2.9184743243,2.5982629943610887,Test
LUWMUN_clean,10.57457,7.88389,10.57457,0.724012,2075.47,2866.63,0.0,0.0,0.7454,1.02954,0.0,1,0.0032988412,4.1789559215,4.151639973641367,Test
LUWNAU_clean,10.46973,7.87545,10.46973,0.738468,2086.61,2825.59,0.0,0.0,0.7458,1.00993,0.0,1,0.0033523198999999,4.1978794361,4.206437412581366,Test
LUYBIS_clean,8.64392,7.56813,8.64392,1.32804,1594.81,1200.87,0.0,0.0,0.5826,0.438691,0.0,1,0.0102564831,4.4313339049,5.016662744557755,Test
MAJJUF_clean,9.38886,6.3118,6.70875,0.66218,2520.92,3807.0,0.0,0.0,0.7062,1.06648,0.0,1,0.0028072034999999,3.8492197073,3.83214247089531,Test
MAQMEZ_clean,6.07852,4.93483,6.07852,1.10025,1440.15,1308.92,0.0,0.0,0.5372,0.488252,0.0,1,0.0081674317,3.9621322024,4.1898650496045455,Test
MIMSIM_clean,10.75813,9.26028,10.75813,1.01792,1232.26,1210.56,0.0,0.0,0.595,0.584524,0.0,1,0.0055621186,2.8036273562000003,3.1517945580073836,Test
MIZPUI_clean,11.48015,5.54799,11.48015,0.751265,2238.05,2979.04,0.0,0.0,0.6966,0.927235,0.0,1,0.0060661485,4.9328107406,5.235897439019219,Test
MOKVOZ_clean,13.24903,6.01162,13.24903,0.724616,2572.52,3550.19,0.0,0.0,0.738,1.01847,0.0,1,0.0073118696,6.6372841198,6.130079807936754,Test
MOXBOS_clean,8.77455,8.32709,8.77455,1.39055,1211.67,871.361,0.0,0.0,0.542,0.389775,0.0,1,0.0012253262,1.5286553602,1.4159505745833343,Train
MOXPAR_clean,4.2596,3.69956,3.91407,1.28668,325.715,253.143,152.721,118.694,0.493,0.383155,0.0,1,0.0209942162,3.5146576322000005,3.593354549805129,Train
MOYZIK_clean,11.27166,9.72629,11.27166,0.630203,2036.29,3231.16,0.0,0.0,0.7776,1.23389,0.0,1,0.0050931628,6.3385273474,4.60233746125803,Test
MUGXIX_clean,6.18311,3.84627,6.03204,1.11722,1799.74,1610.9,0.0,0.0,0.5848,0.523441,0.0,1,0.0071285699,4.7917712133,4.66366026437086,Train
MUKQUG_clean,11.37507,4.46993,11.2947,0.820023,2214.4,2700.41,0.0,0.0,0.683,0.832903,0.0,1,0.0082011116,5.9656542823,5.747257367740103,Train
MUKRAN_clean,10.80355,3.74031,10.80323,0.902018,2107.1,2335.99,0.0,0.0,0.6572,0.728588,0.0,1,0.0082391551,5.2183638596,5.381258800077012,Train
MULXUO_clean,5.63973,4.20214,5.63973,1.33333,1496.0,1122.0,0.0,0.0,0.5418,0.40635,0.0,1,0.0046798893,3.3231470943,3.2073127292996224,Train
MUTCEL_clean,5.85951,3.93163,5.85747,0.998165,1648.55,1651.58,0.0,0.0,0.5924,0.593489,0.0,1,0.0041706565,3.6312756849,3.6994066617327634,Train
MUVJAP_clean,5.84101,5.24434,5.82161,1.88151,1162.86,618.045,0.0,0.0,0.4892,0.260004,0.0,1,0.0042246814,2.3410284545,2.1964976169574664,Test
MUZKEZ_clean,17.52243,13.2696,17.52243,0.353615,1734.78,4905.83,0.0,0.0,0.8448,2.38904,0.0,1,0.0043670574,6.2017123577,5.968829034636376,Train
NAHHOW_clean,11.20913,5.76802,11.20913,0.762768,2433.01,3189.71,0.0,0.0,0.7328,0.960711,0.0,1,0.0059781076,5.6103448415,5.402704638974171,Test
NANPUN_clean,6.54289,4.24913,6.41069,1.18041,2725.22,2308.7,0.0,0.0,0.7086,0.600298,0.0,1,0.0011317627,1.5624914467,1.5729837723307,Test
NATXOW_clean,6.27753,3.98136,5.70385,2.37062,1034.62,436.436,0.0,0.0,0.5084,0.214459,0.0,1,0.0011291073,1.0336999738,0.9944652288374778,Train
NAYHAY_clean,9.43032,7.54222,9.43032,1.04574,1938.97,1854.15,0.0,0.0,0.6636,0.634572,0.0,1,0.0019358077,2.5759410279,2.4696670380053716,Test
NEBYOK_clean,5.47437,4.15922,5.45635,1.58777,611.158,384.916,0.0,0.0,0.467,0.294124,0.0,1,0.0019572448,1.2333012188,1.2409355065497394,Test
NEDLOZ_clean,5.19157,3.5955,4.37454,1.44817,1020.62,704.764,0.0,0.0,0.4738,0.327171,0.0,0,0.038320309,4.720382106600001,4.7707951410171265,Train
NIKHAS_clean,5.15286,4.051,5.1389,1.29378,835.081,645.456,0.0,0.0,0.4744,0.366676,0.0,0,0.0055115356,2.5596225529,2.359598467018272,Test
NIRFIE_clean,4.91681,4.19541,4.74683,1.50398,326.541,217.118,372.303,247.545,0.4758,0.316361,0.0,1,0.0082552229,2.0847209992,2.091024845449676,Train
NODKEX_clean,5.07245,4.30959,5.07245,1.09741,1894.95,1726.75,0.0,0.0,0.5778,0.526513,0.0,0,0.0050184426,4.1834996365,3.966055009448271,Test
NODKIB_clean,5.63153,3.9554,5.61978,1.17451,1015.77,864.844,0.0,0.0,0.5246,0.446654,0.0,0,0.0072225381,2.9104302644,3.169970162127426,Test
NOMPOW_clean,10.08543,5.68643,10.01287,0.89499,1881.89,2102.69,0.0,0.0,0.632,0.706153,0.0,1,0.0033015062,3.885749504,3.582747056771379,Test
NUCPIM_clean,6.80799,4.4618,6.75728,1.08855,2111.95,1940.16,0.0,0.0,0.652,0.598964,0.0,1,0.0096684919,6.239828348600001,5.980694050682608,Test
NUDLAB_clean,6.59183,6.26977,6.57302,1.22444,1079.67,881.768,0.0,0.0,0.531,0.433667,0.0,1,0.0029523009,2.4176000980000003,2.359173920859376,Train
NUDLEF_clean,8.75721,7.78778,8.74627,1.19678,1224.87,1023.47,99.9871,83.5467,0.567,0.473771,0.0,1,0.0026984043,2.5426689607,2.4357039170372223,Test
NUSXEG_clean,23.63664,14.31993,19.5758,0.701228,1663.19,2371.82,0.0,0.0,0.827,1.17936,0.0,1,0.0020427997,2.7414248536000003,2.710030084321097,Train
NUVXUZ_clean,23.89274,9.6738,23.89274,0.500285,1776.43,3550.84,0.0,0.0,0.8514,1.70183,0.0,1,0.0018668473,2.6115241287,2.7513599283125276,Test
NUZCIV_clean,7.57732,5.39606,7.57711,1.85198,785.332,424.05,0.0,0.0,0.38,0.205186,0.0,0,0.0030408184,1.5308274404,1.7242594942310117,Test
OCILEU_clean,4.58414,3.42916,4.57221,1.15745,652.399,563.652,0.0,0.0,0.5004,0.43233,0.0,1,0.006619434,3.0075221038,2.9965057747433836,Train
OCIZAD_clean,5.25446,4.2672,5.25048,1.11639,1457.42,1305.47,0.0,0.0,0.522,0.467577,0.0,1,0.0038111136,2.9562656544,3.0660406306977688,Test
OCUMUX_clean,5.1192,3.7079,5.1192,1.29581,1317.84,1017.0,0.689155,0.531833,0.5164,0.398515,0.0,1,0.0029765457,2.6102922304,2.494641564263385,Test
OCUPOS_clean,4.38921,3.97026,4.38921,1.66698,711.745,426.966,0.0,0.0,0.445,0.266949,0.0,1,0.0091248229,2.8182664229000003,2.736196506590482,Train
OCUTAI_clean,4.9495,3.52882,4.91814,1.71859,1100.33,640.251,0.0,0.0,0.4958,0.288493,0.0,1,0.0043696676,2.4592399216,2.448402287858701,Train
ODIXIK_clean,6.81688,4.29892,6.81439,1.49389,849.77,568.828,302.861,202.732,0.5408,0.362007,0.0,1,0.0044005583,2.9388181341000004,2.7880971082959203,Train
OFAMUF_clean,5.59939,4.02992,5.59939,1.54548,471.321,304.968,0.0,0.0,0.3828,0.247691,0.0,1,0.0018827152,0.9104968581,1.0445144382536138,Train
OJIWEK_clean,5.59427,3.7203,5.58851,1.22195,1633.54,1336.83,0.0,0.0,0.5402,0.442081,0.0,0,0.0119829333,4.7474500757,4.884063980783139,Train
OLODEA_clean,10.40329,4.10605,10.37784,1.07199,1355.57,1264.53,0.0,0.0,0.5958,0.555788,0.0,0,0.0027890397,3.0265914479,2.83038547581712,Train
OMUMEQ_clean,6.91715,4.85787,6.80515,1.20639,1419.32,1176.5,0.0,0.0,0.5452,0.451927,0.0,1,0.0052457488,3.1861467486,3.4623912164770845,Train
OMUMIU_clean,6.8237,5.05077,6.8237,1.16475,1401.88,1203.6,0.0,0.0,0.5646,0.484741,0.0,1,0.0061109627,3.4863640564,3.5974715353424216,Test
ONUJUE_clean,9.03257,8.2459,9.03257,1.20375,1198.02,995.242,19.6744,16.3443,0.5232,0.434643,0.0,1,0.0050410259,4.0659438717,3.855670386986872,Train
OPAHIY_clean,10.04486,7.28733,8.32739,1.10725,1597.55,1442.8,0.0,0.0,0.6074,0.548566,0.0,1,0.006220391,4.129022480400001,4.28147597443534,Train
OQUFAJ01_clean,11.08356,10.07272,11.08356,1.04241,2157.14,2069.38,0.0,0.0,0.6704,0.643125,0.000575589,1,0.0030437148999999,3.2971026916,3.374663428431904,Test
OQUFAJ03_clean,11.0199,9.96279,11.0199,1.02397,2131.01,2081.12,2.80083,2.73525,0.6704,0.654704,0.000390635,1,0.0027597564,3.1623091164,3.1463647068303113,Train
OQUFIR_clean,11.25706,10.64391,11.25706,1.25158,1683.65,1345.22,0.0,0.0,0.6192,0.494733,0.000319595,1,0.0044436316,3.051354434,3.133323887857391,Train
OSOTIB_clean,11.1654,5.76413,11.16529,0.768695,2412.13,3137.96,0.0,0.0,0.7286,0.947841,0.0,1,0.0056582367,5.700316463200001,5.3026063316375165,Test
OTOZAA_clean,6.85219,5.8161,6.82993,0.945875,2241.09,2369.33,0.0,0.0,0.6656,0.703687,0.0,0,0.0126314790999999,6.514088865,6.686862302154813,Train
OVADAR_clean,5.1368,3.79878,5.1368,1.2109,986.179,814.421,0.0,0.0,0.4988,0.411926,0.0,1,0.0116044989999999,3.9679686792,3.8408892042214355,Train
OVIWOG_clean,6.17675,3.66385,6.16217,3.86628,1048.57,271.209,3.67271,0.949935,0.4996,0.12922,0.0,1,0.0005746583,0.6318879454,0.5954855556630907,Train
OVUVIL_clean,7.08548,5.40816,7.07157,1.2293,1842.78,1499.05,0.0,0.0,0.602,0.48971,0.0,1,0.0102646752,5.5849066042,5.546447399126139,Train
OXAMEG_clean,5.69878,4.15176,5.69426,1.30487,1528.5,1171.39,0.0,0.0,0.5762,0.441578,0.0,1,0.0047723438,3.0976605276,3.2490158780655,Train
OXANOR_clean,6.07888,4.64465,6.07888,1.08032,1892.14,1751.47,0.0,0.0,0.5974,0.552986,0.0,1,0.0064248711,4.6248588345,4.50157428948349,Test
OYAKAC02_clean,10.84931,8.93162,10.8375,1.42421,1898.38,1332.94,0.0,0.0,0.6618,0.464679,0.000140429,1,0.0037485097,3.6946644414,3.1320159400761556,Test
OZASOZ_clean,12.0686,4.7874,12.0686,0.713789,1872.2,2622.9,0.0,0.0,0.6712,0.940333,0.0,1,0.0044796298,4.2608304616,4.41507591742242,Test
PALTIH_clean,11.04439,8.71548,11.04439,0.72332,1810.35,2502.84,0.0,0.0,0.6956,0.961677,0.0,1,0.0023562756,2.9203423464,3.001036755712874,Train
PAQMAY_clean,16.51036,13.08019,16.51036,0.865049,1760.16,2034.75,0.0,0.0,0.7388,0.854055,0.0,1,0.0026194791,3.1264553091,3.043070481172028,Train
PAQTIM_clean,5.2151,3.68936,5.21444,1.57762,664.94,421.484,0.0,0.0,0.4366,0.276747,0.0,1,0.0045155472,1.5362222263,1.7028711023821774,Train
PAQTOS_clean,5.12845,3.67184,5.12666,1.49187,656.885,440.311,0.0,0.0,0.4242,0.284342,0.0,1,0.0049684311,1.662902585,1.7690939890811175,Train
PEKVUY_clean,5.42809,3.78005,5.42809,2.82711,1122.0,396.872,0.0,0.0,0.4876,0.172473,0.0,1,0.0045673436999999,1.7656862426,1.8062386071466356,Train
PEMGEV_clean,5.81147,5.44043,5.81147,1.41497,1048.95,741.327,0.0,0.0,0.4866,0.343895,0.0,1,0.0068201817,2.8675002573,2.858761989548872,Test
PENNIH_clean,6.3502,4.1996,4.94284,1.08381,1502.1,1385.95,0.0,0.0,0.547,0.504702,0.0,0,0.0041935976,3.2311902167,3.2460492590015475,Test
PETWUI_clean,10.45034,5.06084,10.45034,1.57916,2084.61,1320.07,0.0,0.0,0.6474,0.409964,0.000253299,0,0.0150020001,5.484521622000001,5.511358811623721,Train
PETXAP_clean,13.99523,6.27881,13.98885,1.13186,2079.02,1836.82,0.0,0.0,0.712,0.629056,0.00123691,0,0.0037737675,4.1414149306,4.014613876625095,Train
PIBPAS_clean,10.02705,9.63343,10.02705,0.905218,1687.34,1864.01,0.0,0.0,0.6458,0.71342,0.0,1,0.0023813088,2.9188391108,2.864669135085841,Test
PIDNEX_clean,15.32333,11.13291,15.32333,0.488773,1874.4,3834.91,0.0,0.0,0.8254,1.68872,0.0,0,0.0034993849,4.8522640614,4.502396781929028,Test
PIVBEC_clean,13.77076,8.56536,13.77076,0.777047,2136.37,2749.35,0.0,0.0,0.75,0.965193,0.0,1,0.0053748986,5.5284896128,5.33219847155522,Train
POBGAQ01_clean,13.29282,10.46232,13.28611,0.466279,1667.35,3575.87,0.0,0.0,0.769,1.64923,0.0,0,0.0030349451,3.9358410813,3.9829806422980245,Train
POBGAQ_clean,12.10195,9.86984,11.94213,0.53152,1907.5,3588.78,0.0,0.0,0.7308,1.37493,0.0,0,0.0031379884999999,4.2777378082,4.184250142695062,Test
POBJIB_clean,4.44888,3.51511,4.44772,1.47992,991.094,669.692,0.0,0.0,0.5136,0.347045,0.0,1,0.0253493142,4.732545437200001,4.7661387236325075,Train
POCRAB_clean,5.23607,3.48613,5.20368,1.30167,934.815,718.167,0.0,0.0,0.481,0.369526,0.0,1,0.0022377297,1.7860193204,1.7323929887588365,Test
PUBROU_clean,10.98616,5.10232,10.98616,0.916508,2445.22,2667.98,0.0,0.0,0.701,0.76486,0.0,0,0.0104627414,6.8066550859,6.879530055806339,Train
PUBSAH_clean,11.33641,4.82375,11.33641,0.84337,2328.1,2760.47,0.0,0.0,0.7052,0.836169,0.0,1,0.0054264143999999,4.528805075299999,4.952067802093744,Test
PUBSEL_clean,11.39413,4.45603,11.39395,0.823222,2176.06,2643.34,0.0,0.0,0.6782,0.823836,0.0,1,0.0072735504,5.3398206809,5.266454279792843,Train
PUBSIP_clean,11.35974,4.90438,11.35974,0.939411,2072.64,2206.31,0.0,0.0,0.6858,0.730032,0.0,1,0.0050182949,4.0551556588,4.188475002613946,Train
PUBSOV_clean,12.29772,4.40701,12.29772,1.06558,1807.75,1696.49,0.0,0.0,0.6366,0.597423,0.0,1,0.0161100863,5.4334252278,5.501661307920852,Train
PUCKUV_clean,5.10039,3.48814,5.04421,1.9845,773.41,389.725,0.0,0.0,0.4536,0.228571,0.0,0,0.0049678804,2.3863588235,2.0226310910467022,Train
PUMGIP_clean,5.7453,3.83462,5.73601,1.16695,456.507,391.195,576.227,493.787,0.5048,0.432579,0.0,1,0.0059282131999999,2.8831666163,3.065568501294591,Test
PUSSEC_clean,6.42822,3.88531,6.41292,2.06161,780.57,378.621,69.1973,33.5646,0.4744,0.230111,0.0,1,0.0012849812,0.9345654696,0.998292072612506,Train
PUWCIT_clean,9.4503,8.03208,9.44131,0.783125,2001.73,2556.08,0.0,0.0,0.6954,0.88798,0.0,1,0.0031024573,3.9129064055,3.8155370983476935,Train
QAMHAQ_clean,7.11373,6.811,7.11373,1.26887,1254.11,988.366,0.0,0.0,0.5466,0.430777,0.0,0,0.0152405356,3.9691121912,4.341966989678309,Train
QAMLEY_clean,11.14892,6.14756,10.82233,0.696915,2278.27,3269.08,0.0,0.0,0.7598,1.09023,0.0,0,0.0042187075,4.838541337200001,4.761427902812613,Test
QAPPON_clean,4.75518,3.45443,4.66797,1.42132,625.227,439.891,255.697,179.901,0.5156,0.362761,0.0,1,0.0051738259,2.795321832,2.7383499039816823,Test
QAVPOU_clean,8.34511,7.17292,8.34511,2.09717,1140.47,543.814,47.5156,22.657,0.5374,0.25625,0.0,1,0.0582178343,4.2176767566,4.251791225180849,Train
QILBUK_clean,12.94588,7.66866,12.94473,0.72242,1683.33,2330.13,0.0,0.0,0.6926,0.958722,0.0,1,0.0039003441999999,4.128188561,4.061426879966956,Train
QIWHEL_clean,6.23289,3.57497,6.23289,1.40383,1318.74,939.391,0.0,0.0,0.5748,0.409452,0.0,1,0.0054929881999999,2.7773093434,3.3322760225369192,Test
QIWQES_clean,6.44452,4.39633,6.26218,0.848839,2656.63,3129.72,0.0,0.0,0.6752,0.795439,0.0,1,0.0048154739,5.4803867879,5.121411418839037,Test
QIYDAF01_clean,22.00141,13.57926,22.00141,0.303251,1702.79,5615.12,0.0,0.0,0.8664,2.85704,0.0,1,0.0031883053,4.6814742191,4.668384820659097,Train
QOGPIM_clean,12.64784,4.86083,12.64784,0.990851,1164.4,1175.15,1.09776,1.1079,0.5774,0.582731,0.0,0,0.0035974231,1.9598308574,2.0941758472834717,Train
QOTHOY_clean,6.37058,3.75017,6.31599,1.47166,1046.29,710.962,0.0,0.0,0.4758,0.323309,0.0,1,0.0083905706999999,3.1051435455000003,3.093256631559194,Train
QUQGEP_neutral,5.04832,3.46231,5.04832,1.78813,230.047,128.652,0.0,0.0,0.3434,0.192044,0.0,0,0.0003125392,0.3142865913,0.31195880861467407,Train
QUQQOJ_clean,4.48385,3.90246,4.48385,1.73709,680.126,391.531,0.0,0.0,0.355,0.204365,0.0,0,0.0058848906,1.8651784641,1.761577883008839,Train
QUQZOS_clean,6.02265,4.01043,6.02265,1.66025,709.739,427.49,0.0,0.0,0.3766,0.226834,0.0,0,0.0627440504,2.8775687187,2.9156319848273258,Train
QUSSAA_clean,4.78,3.54213,4.78,1.57799,239.569,151.819,1.50875,0.956125,0.405,0.256656,0.0,1,0.0022905478,0.9633162887,1.173581072439442,Test
QUSSOO_clean,4.55358,3.93395,4.55358,1.57579,234.822,149.019,76.9833,48.8538,0.4096,0.259933,0.0,1,0.0057669292,1.356806246,1.670891923389748,Test
QUTDAM_clean,11.27758,5.77514,11.27758,0.754326,2377.38,3151.67,0.0,0.0,0.7286,0.965895,0.0,1,0.0054609538,5.147840957200001,5.196658014868143,Test
RAHPAT_clean,17.3936,6.5256,17.3936,0.714443,2314.93,3240.19,0.0,0.0,0.7448,1.04249,0.0,1,0.0053504148,5.9954809858,5.391856790796864,Test
RANCEQ_clean,14.1625,12.23837,14.01017,0.445038,1622.66,3646.11,0.0,0.0,0.8192,1.84074,0.0,0,0.0027445611,3.6938622796,3.7160305760773507,Test
RAXBOJ_clean,5.29579,3.70027,5.04153,2.43966,1096.49,449.444,0.0,0.0,0.4662,0.191092,0.0,1,0.0009551892,0.9640309427,0.983122414307664,Train
RAZXIA01_clean,4.8504,3.67082,4.8504,1.69205,830.274,490.692,0.0,0.0,0.422,0.249402,0.0,1,0.0006446119,0.7628489523,0.7925494005873666,Train
REHHET_clean,8.42834,7.30081,8.42834,1.12746,2081.49,1846.18,0.0,0.0,0.6604,0.585741,0.0,1,0.0070353557999999,4.209023824,4.429337542238025,Train
REHHIX_clean,9.35675,7.76923,9.35675,1.01818,2023.43,1987.3,0.0,0.0,0.682,0.669824,0.0,1,0.0040471139,3.6372733464,3.828302719318763,Train
REHHUJ_clean,8.23485,7.33998,8.22968,1.08218,2034.99,1880.45,0.0,0.0,0.6656,0.615052,0.0,1,0.0049449381,3.8784317636,4.367380985218878,Test
REJLOI_clean,6.4215,4.94372,6.4215,1.82045,781.409,429.241,62.0655,34.0935,0.4872,0.267627,0.0,0,0.1762901882,3.4727054658,3.5364755533439354,Train
REKZIR_clean,4.70593,3.52651,4.70593,1.57273,262.668,167.014,0.0,0.0,0.3982,0.25319,0.0,0,0.0011007398,0.595019439,0.6779439677759407,Train
RESDUQ_clean,9.24485,8.42275,9.24485,0.921133,2004.83,2176.48,0.0,0.0,0.7082,0.768836,0.0,1,0.0029623412,3.3898570769,3.484161102424931,Test
RESZIA_clean,7.48231,5.79274,7.48231,1.22218,1603.95,1312.37,0.0,0.0,0.5772,0.472271,0.0,0,0.007828006,4.6057187614,4.866244767078278,Train
RETVIW_clean,4.7226,4.53264,4.7226,2.05578,528.256,256.961,0.0,0.0,0.3428,0.166749,0.0,0,0.0039173672,1.228542164,1.2418920692602873,Train
REXGAE_clean,16.86752,8.38436,16.86674,0.654639,2227.03,3401.91,0.0,0.0,0.7522,1.14903,0.0,0,0.0064628356,6.5676400049,6.219600624960826,Test
RIRDIH_clean,8.39897,4.41455,7.24132,1.53561,1235.4,804.498,0.0,0.0,0.537,0.349697,0.0,1,0.0037329221999999,2.5400807106,2.496535988088566,Test
RITGEI_clean,7.34363,6.78558,7.34363,2.03979,1347.27,660.495,0.0,0.0,0.5606,0.274833,0.0,1,0.0008935988,0.9969092321,1.118811917335392,Test
RITGUY_clean,7.95322,7.17933,7.95063,2.27911,1239.6,543.896,0.0,0.0,0.5128,0.225,0.0,1,0.0010284896,1.0106044513,1.100358016788823,Test
RIWNAO_clean,9.73357,7.77994,9.73357,1.04203,1469.46,1410.19,0.0,0.0,0.5926,0.568698,0.0,1,0.0021846999,2.3246248037,2.430928956929194,Train
ROBYOY_clean,6.03272,4.74397,6.03272,1.27285,1432.72,1125.6,0.0,0.0,0.533,0.418745,0.0,1,0.0219825313,4.909284878399999,4.893210578548901,Train
ROMMAJ_clean,10.96057,3.9466,10.96057,0.96925,2139.32,2207.19,0.0,0.0,0.6522,0.672892,0.0,1,0.0080551732,4.9696934637,5.402729731664227,Test
RONSOE_clean,5.16012,4.53444,5.16012,1.3403,741.014,552.871,0.0,0.0,0.4724,0.352458,0.0,1,0.0064507311,1.9687804543,2.2037394384842965,Train
RUBTAK04_clean,8.73929,3.8669,8.73929,1.62446,1658.83,1021.16,0.0,0.0,0.5686,0.350023,0.000123118,0,0.0078079373,4.0210203202,4.03277456574057,Train
RUBTAK06_clean,8.7342,3.8432,8.7342,1.62392,1647.74,1014.66,0.0,0.0,0.5664,0.348785,0.000123158,0,0.0078609745,4.0372819586,4.059890114768624,Train
RUBTAK07_clean,8.72079,3.85677,8.72079,1.62392,1649.19,1015.56,0.0,0.0,0.5662,0.348662,0.000123158,0,0.0078122376,4.0324684735,4.032336029501234,Test
RUBTAK08_clean,8.7506,3.87613,8.7506,1.62628,1652.91,1016.38,0.0,0.0,0.5644,0.347051,0.00012298,0,0.0079269126,4.0493178215,4.036084873226833,Test
RUBTAK09_clean,8.7392,3.86679,8.7392,1.61914,1660.3,1025.42,0.0,0.0,0.5678,0.35068,0.000123522,0,0.0079505643999999,4.0738539813,4.031800362551967,Train
RUFPUF_clean,20.40507,9.35997,20.29085,0.359492,1749.6,4866.88,0.0,0.0,0.8282,2.30381,0.0,1,0.0026779382,4.0783478732,4.029297545732471,Test
RUFZOJ_clean,11.51038,11.00419,11.51038,0.791669,2046.48,2585.02,0.0,0.0,0.7196,0.908965,0.0,1,0.0030928281,3.2036284477,3.5100690436582482,Train
SABFUX_clean,6.52911,4.84223,6.42802,0.711336,2529.9,3556.55,0.0,0.0,0.724,1.0178,0.0,0,0.0025144309,3.3585879846,3.169621633135446,Test
SAJHUJ_clean,6.4139,3.72776,6.34123,1.44908,755.301,521.226,133.822,92.3491,0.5074,0.350152,0.0,0,0.0096964617,3.1052240746,3.1751028939157715,Train
SAJRAW11_clean,6.97897,5.6407,6.97897,1.04077,2621.69,2519.0,0.0,0.0,0.728,0.699485,0.0,0,0.0013315763,1.7324687977000002,1.7321229054142522,Test
SAKNOJ_clean,15.48179,8.59456,15.48179,0.827341,1070.73,1294.18,649.279,784.778,0.7024,0.848985,0.0,1,0.004283678,4.567274089700001,3.908726052709068,Test
SALROO_clean,8.67978,6.03579,8.67978,1.44387,1169.53,809.996,0.0,0.0,0.528,0.365683,0.0,0,0.0095988185,3.4784431384,4.019504962309707,Test
SALRUU_clean,5.91203,3.84839,5.91203,1.89218,897.906,474.535,26.6841,14.1023,0.5394,0.285068,0.0,1,0.0034046271999999,2.4078267775,2.137460475671821,Test
SAMVIO_clean,7.6401,7.16451,7.6401,1.03687,1572.96,1517.02,0.0,0.0,0.6052,0.583678,0.0,0,0.0033432088,3.5710930804000003,3.6270961141461093,Test
SAPHOI_clean,7.22635,3.6325,7.22635,1.12288,1450.11,1291.42,116.271,103.547,0.6152,0.547876,0.0,1,0.0087561167,4.6375695944,4.624358659913915,Test
SARPIL_clean,6.09702,4.59857,6.00864,0.925107,3214.55,3474.79,0.0,0.0,0.7256,0.784342,0.0,1,0.0058668161,5.9921930124000005,5.855591977100241,Test
SEHMUO_clean,5.30907,3.99675,5.30907,1.52316,1317.75,865.142,3.37005,2.21254,0.567,0.372253,0.0,1,0.0008445567999999,0.9559344955,1.0078236513910213,Train
SEHNEZ_clean,5.25288,3.93402,5.25288,1.60089,1259.27,786.607,0.906546,0.566275,0.553,0.345433,0.0,1,0.0009903019,1.122793864,1.126591844483159,Test
SENQAE_clean,3.72532,3.51549,3.72532,2.76591,299.271,108.2,0.0,0.0,0.4234,0.153078,0.0,1,0.0798420057,2.4891627005,2.431559318665478,Train
SERWIX_clean,5.07507,4.00874,5.06633,0.83188,1576.83,1895.5,14.3781,17.2839,0.6032,0.725105,0.0,1,0.0081267151,5.5998250759,5.553987866010262,Train
SESLUZ_clean,5.3028,4.79056,5.23858,2.17471,1211.49,557.081,0.0,0.0,0.5374,0.247113,0.0,1,0.0044753899,2.2325704005,2.151958104597547,Train
SEZPIY_clean,4.97649,3.71436,4.80086,1.82817,1160.84,634.973,0.0,0.0,0.5496,0.300629,0.0,0,0.0107793315,3.2849064895,3.744809149737444,Test
SINLAE_clean,6.69716,5.18096,6.69716,1.19378,889.708,745.285,0.0,0.0,0.5462,0.457538,0.0,1,0.0025795551,1.8646218851,1.9544731838219298,Train
SIVGAH_clean,5.64759,3.74556,5.63124,1.14128,1695.81,1485.89,0.0,0.0,0.6038,0.529056,0.0,0,0.0062057688,4.510992221,4.447433125696397,Train
SOKXOH_clean,22.96741,14.74434,21.68942,0.423627,1862.02,4395.43,0.0,0.0,0.8094,1.91064,0.0,1,0.0035005577,4.5444097915,4.654248431871006,Train
SOPLIU_clean,8.00418,6.00384,7.95536,0.793634,2093.66,2638.07,0.0,0.0,0.6836,0.861354,0.0,1,0.0041941087,4.5120317297,4.520730968305369,Test
SUNLAP_clean,15.71173,14.36824,15.70209,0.304225,1659.94,5456.29,0.0,0.0,0.8758,2.87879,0.0,1,0.0036383452,5.1313594528,5.074007415628273,Train
SUPQAW_clean,12.03938,6.80096,12.03938,0.533609,2437.56,4568.06,0.0,0.0,0.7952,1.49023,0.0,1,0.0034536746,4.8669368246,4.746582860568138,Test
SURHEU01_clean,8.7439,3.85039,8.7439,1.61905,1664.15,1027.86,0.0,0.0,0.5698,0.351935,0.000123529,0,0.0079864003,4.069206775,4.072519811637472,Test
SURHEU02_clean,8.70584,3.84457,8.70584,1.62392,1646.48,1013.89,0.0,0.0,0.566,0.348539,0.000123158,0,0.0080602224,4.021454652,4.070062506817255,Test
SURHEU_clean,8.75392,3.85708,8.75392,1.61914,1667.04,1029.58,0.0,0.0,0.569,0.351421,0.000123522,0,0.0081383447,4.127280369,4.143714067615748,Train
SURKUN_clean,8.75193,3.87567,8.75193,1.61914,1674.22,1034.02,0.0,0.0,0.5708,0.352533,0.000123522,0,0.0080587889,4.0510694829,4.184397194557615,Test
TAPLED_clean,7.07448,3.50364,7.07448,0.974588,1203.79,1235.18,0.0,0.0,0.5756,0.590608,0.0,1,0.002886621,2.7993489525,2.7055595619485517,Test
TATSAK_clean,6.11386,4.64051,6.10962,1.23527,1692.68,1370.29,0.0,0.0,0.5696,0.461113,0.0,1,0.0051631746999999,3.8275859122,3.8215660548081347,Train
TAZLAJ_clean,11.18983,6.92715,11.18534,1.0698,2252.1,2105.17,0.0,0.0,0.7314,0.683682,0.0,1,0.003288568,3.0211816952,3.3139214228964464,Test
TAZLEN_clean,11.08754,7.14784,11.07704,1.04748,2269.71,2166.83,0.0,0.0,0.7294,0.696338,0.0,1,0.0033292938,3.1235548369,3.284704711761835,Train
TEPJAB_clean,6.67857,6.1782,6.67857,1.3299,1357.69,1020.89,0.0,0.0,0.5186,0.389953,0.0,1,0.0361666942,5.9048459955,5.75765928514494,Train
TEQLIM_clean,10.57747,9.21067,10.57747,0.779734,1974.44,2532.19,79.8475,102.404,0.7166,0.919031,0.0,1,0.0044210984,3.7284230842,3.910491440659923,Train
TEQPEM_SL,17.25569,8.09715,17.25569,0.556792,2001.58,3594.84,0.0,0.0,0.8118,1.45799,0.0,0,0.0026370017999999,3.6145395248,3.680263619095582,Train
TEQVOC_clean,5.38838,3.99776,5.38838,1.49315,564.33,377.946,0.0,0.0,0.462,0.309413,0.0,1,0.0013063168,0.8857021289,0.9787981314925296,Test
TERFED_clean,4.51281,3.91001,4.51281,1.28172,1102.17,859.911,0.0,0.0,0.5092,0.397278,0.0,1,0.0065585003,3.6714778397,3.467139616651236,Test
TILWEQ_clean,6.50092,5.08477,6.48929,1.07548,2661.96,2475.15,0.0,0.0,0.732,0.680628,0.0,1,0.0012998378,1.7792139072,1.6220534842704388,Test
TIMMEI_clean,4.14172,3.70815,4.13635,1.81907,447.316,245.904,0.0,0.0,0.3944,0.216814,0.0,1,0.0062884099,1.9163510951,1.7960398470296206,Test
TIPZOJ_clean,4.94343,3.60013,4.89104,2.53459,858.107,338.559,0.0,0.0,0.4532,0.178806,0.0,1,0.0009205835,0.7903997242,0.7743196306654241,Test
TIPZUP_clean,4.42426,3.78879,4.41806,2.68502,271.798,101.228,0.0,0.0,0.3626,0.135046,0.0,1,0.0009351689999999,0.4954011714,0.5217467075634299,Test
TIVYAZ_clean,7.74101,6.53754,7.72929,0.889175,2037.11,2291.01,0.0,0.0,0.6704,0.753957,0.0,1,0.0030732255,3.7240997072,3.6347895750553487,Train
TOFLIL_clean,6.43035,3.58774,6.40263,1.17796,1255.08,1065.47,0.0,0.0,0.5356,0.454684,0.0,1,0.0047235396,3.3241082461,3.2450272614133344,Train
TOHDAX_clean,7.20792,4.54762,7.18428,2.94358,462.695,157.188,0.0,0.0,0.3644,0.123795,0.0,0,0.0252041800999999,1.0686692431,1.045930019580363,Train
TORXEE_clean,7.86941,5.48239,7.69217,1.35028,2044.61,1514.21,0.0,0.0,0.6322,0.468199,0.0,0,0.0444980971999999,8.2613905495,8.23975207599124,Train
TOTVEF_clean,6.00697,5.10202,6.00697,2.05406,380.973,185.473,0.0,0.0,0.3726,0.181397,0.0,0,0.0013501032,0.5434591374000001,0.57651307548615,Train
TUWFUN_clean,8.62108,7.43537,8.53874,2.06451,1144.69,554.462,53.991,26.152,0.5416,0.262339,0.0,1,0.0632722617,4.2165424463,4.117538294873499,Train
UBACUX_clean,7.27569,3.40268,7.27569,1.19506,1324.35,1108.19,0.0,0.0,0.5504,0.460564,0.0,1,0.002844469,2.6712861761,2.5963517374310796,Train
UCAJUF_clean,14.57882,8.27004,14.57002,0.828014,1665.84,2011.86,0.0,0.0,0.6674,0.806025,0.0,1,0.0030553934999999,3.2827518028,3.29828892812637,Test
UDAMET_clean,11.69192,5.63198,11.69192,1.6473,2524.33,1532.4,0.0,0.0,0.7696,0.467189,0.0,0,0.0004317811,0.6416453854999999,0.6597342221506621,Train
UDANIY_clean,23.87987,23.45836,23.87987,0.417441,1745.24,4180.81,0.0,0.0,0.8514,2.03957,0.0,1,0.0035830378,4.6759371937,4.683490230833554,Train
UDIQII_clean,5.3997,3.7276,5.38981,1.60552,1283.87,799.661,0.0,0.0,0.5344,0.332851,0.0,1,0.0021592448999999,1.8004276426,1.825345504536166,Test
UFEXOT_clean,5.24877,5.07012,5.24877,2.41392,1168.03,483.873,0.0,0.0,0.46,0.190561,0.0,1,0.0023949247,1.5866364531,1.5217470844900611,Train
UGEMOK_clean,14.34298,9.58261,14.33743,0.489073,1953.45,3994.18,0.0,0.0,0.8062,1.64842,0.0,1,0.0036398910999999,5.0652648586,4.735469373291105,Train
UJEGUL_clean,6.0532,4.88486,6.0532,1.5961,1140.46,714.525,0.0,0.0,0.4812,0.301484,0.0,1,0.0089305105,3.1736301128,3.0106850043633693,Test
UKIQUB_clean,13.62192,8.69235,13.61731,0.709108,2139.96,3017.82,0.0,0.0,0.7494,1.05682,0.0,1,0.0055282522,5.7644582877,5.261186599501593,Test
UKOLOV_clean,5.31372,3.9852,5.29181,1.76596,1661.67,940.942,0.0,0.0,0.5196,0.29423,0.0,0,0.0113657684,3.5513671054,3.695112253619678,Train
ULOKEN_clean,8.69136,6.12819,8.69136,1.41245,1732.73,1226.76,0.0,0.0,0.648,0.458778,0.0,0,0.001683887,1.9442898447,1.8670992834469053,Test
ULOKOX_clean,8.64627,5.79102,8.63931,1.45123,1704.6,1174.59,0.0,0.0,0.6308,0.434666,0.0,0,0.0017972432,1.9656903852,1.9586460064546312,Test
ULOKUD_clean,8.99985,5.9392,8.99985,1.59852,1738.06,1087.3,0.0,0.0,0.6478,0.40525,0.0,0,0.0018673359,2.0616645429,1.9834861365817607,Test
UMIZIB_clean,6.17523,5.02799,6.17017,1.45638,1635.51,1123.0,0.0,0.0,0.5482,0.376414,0.0,1,0.0036542655,2.7562553586000003,2.842202471815261,Train
UMOYOM01_clean,8.8085,5.25892,8.77749,0.621878,2962.67,4764.07,0.0,0.0,0.7408,1.19123,0.0,1,0.0044298815,5.5841309117,5.52119178240072,Test
UMOYOM02_clean,8.68301,5.26839,8.68301,0.613738,2959.15,4821.52,0.0,0.0,0.7366,1.20019,0.0,1,0.0045401813,5.5452129423,5.5880932701015915,Train
UMOYOM04_clean,9.1769,5.34749,9.1769,0.570426,2833.6,4967.52,0.0,0.0,0.7508,1.31621,0.0,1,0.0037423337,5.1090076958,5.016701850575826,Train
UMOYOM09_clean,9.17279,5.31913,9.17279,0.580043,2871.76,4950.95,0.0,0.0,0.7526,1.29749,0.0,1,0.0041737884,5.2128352722,5.367944247053952,Test
UMOYOM12_clean,10.19907,5.488,10.19907,0.599366,2923.9,4878.33,0.0,0.0,0.7518,1.25433,0.0,1,0.0045104299,5.537657935,5.572662269604471,Train
UMOYOM14_clean,7.70148,5.09259,6.16713,0.70962,2883.03,4062.77,0.0,0.0,0.6922,0.975452,0.0,1,0.0056119706,5.9994689268,5.834884876556295,Test
UMOYOM15_clean,7.15478,5.03775,6.09393,0.736061,2757.31,3746.04,0.0,0.0,0.6812,0.925467,0.0,1,0.00566399,5.8272726157,5.728559517106959,Test
UMOYOM18_clean,7.82903,4.99743,6.01083,0.808894,2359.81,2917.33,0.0,0.0,0.6612,0.817412,0.0,1,0.0062692064,5.7903469621,5.750658757677105,Test
UMOYOM_clean,8.83339,5.23908,8.83268,0.625162,2968.14,4747.79,0.0,0.0,0.7388,1.18177,0.0,1,0.0044984463,5.6402198888,5.539929321538207,Test
UNACES01_clean,10.38875,3.81692,9.82399,1.06757,1652.24,1547.67,0.38238,0.358178,0.625,0.585442,0.0,0,0.0140261361,6.0803737538,6.227516625050315,Train
UNIFII_clean,17.37115,8.63776,17.37115,0.586277,2129.19,3631.71,0.0,0.0,0.7812,1.33248,0.0,0,0.0067435799,7.034556685,6.910968457141275,Train
UQETOB_clean,15.46668,6.67243,15.45862,0.75459,2172.96,2879.66,0.0,0.0,0.7356,0.974835,0.0,1,0.0047689298,4.7070001309,4.906345263414924,Test
USAHAZ_clean,10.72389,9.68617,10.71468,0.687876,2071.59,3011.58,0.0,0.0,0.7326,1.06502,0.0,0,0.0038356145,4.9424257123,4.467423235018923,Test
UTULEB_clean,5.58337,4.79072,5.5596,1.57279,1503.83,956.154,0.0,0.0,0.6132,0.38988,0.0,0,0.0057628375,3.0907033385000005,3.167296658092484,Test
UVUDEW_clean,6.20906,3.77817,6.20895,1.42467,471.884,331.225,0.0,0.0,0.4216,0.295929,0.0,1,0.0010394434,0.7197227605,0.7261318808160273,Train
UXACAY_clean,5.42504,4.97343,5.42504,1.96219,875.799,446.337,0.0,0.0,0.4652,0.237082,0.0,1,0.0006140087,0.7501189287000001,0.6577886490787557,Train
UYAMOY_clean,5.8975,3.62321,5.8791,1.25938,1494.83,1186.95,0.0,0.0,0.5682,0.451174,0.0,1,0.0062676306,3.8482585265,3.7185983727029526,Test
VABKAN_clean,25.15545,13.83989,25.12929,0.397099,1646.09,4145.29,0.0,0.0,0.8436,2.12441,0.0,1,0.0045694951,6.0882760751,5.394865640626555,Test
VABKER_clean,25.48776,13.70158,25.4679,0.386827,1629.94,4213.63,0.0,0.0,0.8474,2.19064,0.0,1,0.0049881844,6.2653938785,5.792699555018224,Test
VAJVEJ_clean,4.35318,3.61073,4.35318,1.60792,480.24,298.672,0.0,0.0,0.4216,0.262203,0.0,0,0.0099746918,2.2356804863,2.305275906631011,Train
VAKLIF_clean,8.6135,7.01422,8.60784,0.699177,2542.49,3636.41,0.0,0.0,0.7356,1.05209,0.0,0,0.0044384335,5.0484663724,5.199068290311102,Test
VAKNAZ_clean,6.16822,4.1914,6.16041,0.853713,2759.78,3232.68,0.668484,0.783032,0.701,0.821119,0.0,1,0.0035734804999999,4.188727392200001,4.220374127835758,Test
VAMYEQ_clean,10.0339,6.95835,10.02217,0.642755,2514.17,3911.56,0.0,0.0,0.7686,1.19579,0.0,1,0.0030812232,4.2723374192,4.223610602740767,Train
VAMYUG_clean,10.04314,6.94027,10.02007,0.640476,2529.62,3949.59,0.0,0.0,0.7656,1.19536,0.0,1,0.0032272827,4.3374762302,4.320144870258001,Test
VARHON_clean,6.75056,3.96368,6.747,0.886506,2055.95,2319.17,0.0,0.0,0.618,0.697119,0.0,0,0.0049732012,5.3504780213,4.841751190597606,Test
VARJAB_clean,6.78948,3.75665,6.78948,0.974046,1905.16,1955.93,0.0,0.0,0.5918,0.607569,0.0,0,0.0111713516999999,7.214890218300001,7.19860257516957,Train
VEJZIU_clean,12.34505,7.48961,12.34505,0.843457,1880.34,2229.33,0.0,0.0,0.7078,0.839165,0.0,0,0.0027342111,3.3219547406,3.1407898907191516,Test
VELBAQ_clean,8.45052,7.3406,8.18626,0.767479,2121.67,2764.47,0.0,0.0,0.657,0.856049,0.0,1,0.0040324536,4.1453622852,4.444182463717801,Train
VELVOY_clean,11.39286,3.40894,11.39286,0.949095,1469.34,1548.15,0.0,0.0,0.625,0.658522,0.0,0,0.0029536001,3.4493991761,3.273890223288391,Test
VEYREY_clean,13.03513,6.48008,13.03513,0.965562,1553.99,1609.42,0.0,0.0,0.6024,0.623886,0.0,1,0.002944399,3.1285193127999995,3.0513055457374345,Train
VIDJID_clean,10.67429,9.81504,10.67429,0.700095,2177.13,3109.76,0.0,0.0,0.7556,1.07928,0.0,1,0.0068987366,5.9827166865,5.391055830557739,Test
VIDWIQ_clean,4.24829,3.73039,4.24829,1.1789,1222.26,1036.79,0.0,0.0,0.5174,0.438885,0.0,1,0.0122844752,4.9578402964,4.58157321570975,Test
VIGDIY_clean,4.82892,4.12995,4.82892,1.46465,383.946,262.141,174.084,118.857,0.4494,0.30683,0.0,1,0.0015712824,1.2725781302,1.2427381954615477,Test
VIJNIN_clean,13.61846,3.80879,13.61846,1.36353,1619.99,1188.09,0.0,0.0,0.651,0.477438,0.0,1,0.0208635531,6.690180750800001,6.613644636006017,Train
VIWRAW_clean,18.47685,6.99909,18.46157,1.33324,1894.12,1420.69,0.0,0.0,0.773,0.579791,0.0,1,0.0011905537,1.4660364844,1.4868186095807236,Train
VIXPUP_clean,10.93218,6.45029,10.92123,0.719071,2360.22,3282.31,0.0,0.0,0.7418,1.03161,0.0,1,0.0037325927,4.4110167218,4.426534731776292,Train
VOLRAQ01_clean,16.89388,11.18221,11.76527,0.561351,1860.71,3314.7,0.0,0.0,0.8394,1.49532,0.0,1,0.0022628466,3.2398045182,3.2532383260250977,Test
VONROH_clean,4.19663,3.48452,4.18843,1.78125,717.81,402.982,0.0,0.0,0.4498,0.25252,0.0,0,0.0019335005999999,1.8607452649,1.5171166998155832,Test
VONRUN_clean,4.1199,3.4264,4.1125,1.98175,599.261,302.39,0.0,0.0,0.3996,0.20164,0.0,0,0.0041611947999999,2.3704975058,1.9056784436330663,Test
VORHER_clean,12.85349,6.70722,12.85349,1.05413,1269.54,1204.35,279.236,264.897,0.6238,0.591768,0.0,1,0.0068722465,3.9584079364,3.0068213027190924,Test
VOSVEG_clean,10.99131,5.30484,10.99131,1.00093,1319.63,1318.4,0.0,0.0,0.5658,0.565276,0.0,1,0.0055015154,3.4746850618000003,3.368278990895795,Train
VOSWIL_clean,8.9893,8.47778,8.9893,1.37751,1084.84,787.534,0.0,0.0,0.5664,0.411177,0.0,1,0.0016556507999999,1.803001733,1.675955996987963,Train
VOXTUZ_clean,5.52627,4.64994,5.48747,1.37374,1663.89,1211.21,0.0,0.0,0.5974,0.434871,0.0,0,0.0175464934,6.4062654183,6.1063327563919945,Train
VOXVAH_clean,5.92871,5.26453,5.92106,1.32162,1764.11,1334.81,0.0,0.0,0.577,0.436585,0.0,0,0.0103725074,5.372848908,5.315664312574379,Train
VUJBIM_clean,18.70668,6.62188,18.70668,0.560742,2180.91,3889.33,0.0,0.0,0.7898,1.40849,0.0,1,0.0037857595,4.5720942591,4.68224801351689,Train
VUKSIF_clean,5.75842,4.01754,5.72554,1.25557,1414.52,1126.59,0.0,0.0,0.5766,0.459233,0.0,1,0.0059442278,3.7866507685,3.426569511356245,Test
VUMBOW_clean,6.23579,5.49714,6.23579,1.58729,766.396,482.833,0.0,0.0,0.4186,0.26372,0.0,1,0.0017263311999999,1.2953929696,1.3820645746339728,Test
VUWROW_clean,7.68342,6.19716,7.66529,1.06352,2246.75,2112.57,0.0,0.0,0.6738,0.633558,0.0,1,0.0063665215,5.7250487411,5.121011008659053,Test
WAGQAY_clean,23.95302,15.31723,23.95302,0.391691,1362.13,3477.56,0.0,0.0,0.858,2.1905,0.0,1,0.003336514,4.5963962092,4.424447802498628,Test
WAHDIT_clean,5.64465,5.55803,5.64465,1.60299,480.063,299.48,0.0,0.0,0.2714,0.169309,0.0,1,0.0009167286999999,0.6342871035000001,0.6514004278033791,Train
WAHROP_clean,5.95888,4.93789,5.95575,1.04375,1513.2,1449.77,0.0,0.0,0.5402,0.517556,0.0,1,0.0075443971,3.7117277223,4.324517805827363,Test
WAKTOS_clean,5.69222,4.43155,5.69222,2.83189,703.861,248.548,0.0,0.0,0.4318,0.152478,0.0,1,0.0004993116,0.4264485449,0.4507242323284175,Train
WAMRIN02_clean,7.24883,5.55813,7.22701,0.963729,1535.75,1593.55,0.0,0.0,0.587,0.609093,0.0,1,0.0074372278,5.386609872999999,5.07998893446921,Train
WANBIY_clean,8.87322,5.80038,8.86083,3.31848,884.025,266.395,0.0,0.0,0.4252,0.128131,0.0,1,0.0002663414,0.329767494,0.31988633180561354,Train
WANHAX_clean,11.35423,3.67445,11.35423,1.10812,1929.78,1741.49,0.0,0.0,0.6346,0.572682,0.0,1,0.0084126846,4.5285251361,4.6773343593613905,Train
WANHEB_clean,11.27878,4.48127,11.27878,0.837758,2209.49,2637.39,0.0,0.0,0.6896,0.82315,0.0,1,0.0071448713,5.2946701937,5.288021471313764,Test
WANHOL_clean,11.33875,4.69312,11.33857,0.842421,2322.16,2756.54,0.0,0.0,0.7046,0.836399,0.0,1,0.0056783218999999,4.7672913651,4.944295900027147,Train
WANHUR_clean,11.34841,4.3749,11.34841,0.826694,2186.19,2644.5,0.0,0.0,0.6798,0.822311,0.0,1,0.0083513107,5.9473887013,5.607625652379202,Test
WANKOO_clean,5.43736,3.9967,5.34183,2.07196,667.58,322.197,0.0,0.0,0.439,0.211877,0.0,1,0.0009639085,0.7671232819,0.779818583981351,Test
WANNEH_clean,4.79977,4.11571,4.78874,1.39327,642.346,461.037,0.0,0.0,0.4326,0.310494,0.0,0,0.0144169224,2.2715026732,2.471422078517966,Train
WANNIL_clean,4.60008,4.02922,4.60008,1.40928,601.135,426.556,0.0,0.0,0.4274,0.303276,0.0,0,0.0122525909,2.2779858054,2.5555875535779498,Test
WAPTAL_clean,6.59501,4.67756,6.50224,3.15641,1845.41,584.655,0.0,0.0,0.5866,0.185844,0.0,1,0.0003570547,0.4798759226,0.47865233044924915,Train
WAPTEP_clean,6.48524,4.68827,6.48524,3.20545,1822.68,568.619,0.0,0.0,0.5808,0.181191,0.0,1,0.0003779555999999,0.4926993042,0.5026555799900163,Train
WAPTIT_clean,6.42774,4.61196,6.42774,3.24584,1787.43,550.682,0.0,0.0,0.5752,0.177211,0.0,1,0.0003689482,0.4883936581,0.4750992852204243,Train
WARFAY05_clean,7.95711,5.4342,7.9468,1.06291,2099.4,1975.14,0.0,0.0,0.6506,0.612092,0.0,1,0.0102891814,6.917354380800001,6.8233051375173,Train
WARFAY06_clean,8.02332,5.50953,8.02332,1.05728,2113.47,1998.98,0.0,0.0,0.6526,0.617247,0.0,1,0.0103790628,6.9868012991,6.964020488303796,Test
WASMUB01_clean,9.01624,7.94736,9.01599,1.23478,1409.74,1141.69,0.0,0.0,0.5354,0.4336,0.0,0,0.0200182264,5.2562044253,5.303771853321869,Train
WAVQIV_ion_b,9.9978,7.95845,9.98195,0.747982,2000.14,2674.04,0.0,0.0,0.7406,0.990131,0.0,0,0.0017242603,2.4891350568,2.541500819286953,Test
WAVRES_clean,14.9385,4.22033,14.9385,1.02521,1957.71,1909.57,0.0,0.0,0.681,0.664253,0.0,1,0.0071238698,4.9374618477,4.940097471590756,Test
WAVRIW_clean,14.37017,4.23835,14.37017,0.932664,1895.07,2031.89,0.0,0.0,0.6684,0.716657,0.0,1,0.0104792229,6.1128020447,5.7886594020318265,Test
WAZQIZ_clean,5.13597,3.56044,4.95178,1.22527,1000.27,816.366,27.2269,22.2211,0.4862,0.396809,0.0,1,0.0032731668,2.5074412977,2.540589628796527,Train
WEBJIY_clean,16.85961,16.29058,16.85961,0.987245,2036.71,2063.02,0.0,0.0,0.69,0.698915,0.0,1,0.0053169147,4.5321662019,4.593672378414603,Test
WEBJUK_clean,18.31229,16.60062,18.31229,0.879226,2151.59,2447.14,0.0,0.0,0.7156,0.813897,0.0,1,0.0050238945,4.6975880121,4.605634825085446,Train
WEBKAR_clean,6.58265,5.73847,6.58265,0.935373,2650.07,2833.17,0.0,0.0,0.714,0.763331,0.0,1,0.0032529140999999,3.9525448079,3.982011280491923,Train
WETPES_clean,11.77316,5.55523,10.53677,0.739178,2326.74,3147.73,0.0,0.0,0.723,0.978114,0.0,1,0.0069201187,5.501977086699999,5.531436215519756,Train
WEXSEZ_clean,10.86576,4.1334,10.86576,1.02008,1886.77,1849.62,0.0,0.0,0.6346,0.622107,0.0,1,0.0061606443,4.888405793,4.589097531472243,Test
WIKGII_clean,9.6009,5.08261,9.6009,1.17729,1491.03,1266.49,0.448003,0.380537,0.5982,0.508115,0.0,1,0.0014868016,1.7792643150999998,1.7546641530808174,Test
WIKLOT_clean,7.19858,6.30301,7.18221,1.72847,1512.87,875.263,0.0,0.0,0.6126,0.354417,0.0,1,0.0016665112,1.8625058562,1.7639428150875134,Train
WIRMUH_clean,6.40693,3.94167,6.40005,1.39129,1423.49,1023.14,0.0,0.0,0.589,0.423347,0.0,1,0.0040168415999999,2.6655031872,2.8968082332175293,Train
WIRNAO_clean,4.60036,4.13679,4.36405,1.42758,1221.11,855.37,0.0,0.0,0.5356,0.375181,0.0,1,0.0061992654,3.4433776699000003,3.3428243800876767,Test
WIWKIX_clean,4.99549,4.15902,4.98439,1.15851,933.473,805.753,15.0963,13.0308,0.5306,0.458002,0.0,0,0.0093985485,4.0378821404,3.5428227013140208,Test
WODREO_clean,5.44215,4.30539,5.37431,1.11963,1253.26,1119.35,133.185,118.955,0.53,0.473371,0.0,1,0.0103415951,4.1153013663,4.09828165865304,Train
WOLROF_clean,12.0686,6.65136,12.0686,0.914878,2088.61,2282.94,0.0,0.0,0.7304,0.798358,0.000218608,1,0.0029438466999999,3.3973701078,3.3364725454860693,Train
WONBAD_clean,5.26924,4.23427,4.80256,1.90066,2151.09,1131.76,0.0,0.0,0.5702,0.300001,0.0,1,0.0110466245,4.3235861587,4.29377770916691,Train
WOYWIS_clean,7.51192,4.80683,7.51192,1.08065,1227.66,1136.03,0.0,0.0,0.5226,0.483596,0.0,1,0.0075046261999999,3.3751713108,3.5560939628460146,Test
WOYWOY_clean,5.91166,4.30758,5.61164,1.12104,1432.33,1277.68,0.0,0.0,0.5304,0.473134,0.0,1,0.0141486384,4.0246082782,4.3348080846797785,Train
WUGPUL_clean,11.44375,6.32835,11.44375,0.724468,2369.18,3270.23,0.0,0.0,0.743,1.02558,0.0,1,0.0056769446999999,5.8349149161,5.233817114353068,Test
WUJPIC_clean,6.8358,6.48385,6.8358,1.24403,1197.74,962.797,0.0,0.0,0.5018,0.403368,0.0,0,0.0059177293999999,3.7279101847,3.5783300438033447,Train
WUTCET_clean,6.18745,5.18464,6.17096,1.11984,1387.44,1238.96,0.0,0.0,0.5566,0.497034,0.0,0,0.0062423618999999,3.526274564,3.6468071314067663,Train
XAKLIH_clean,6.02466,3.88519,6.02146,1.3674,1040.09,760.632,0.0,0.0,0.5138,0.375749,0.0,1,0.0138235119,3.809325684,3.7814787920425106,Train
XAKZEP_clean,11.84752,7.82774,11.74488,0.869535,1611.99,1853.86,0.0,0.0,0.6302,0.724755,0.0,1,0.0040343641,3.2382563887,3.5690470262453164,Test
XANMUX01_clean,7.00841,6.87174,7.00841,1.1901,1390.91,1168.73,0.0,0.0,0.6142,0.516091,0.0,0,0.0022207265,2.5775027572,2.4988203003589486,Train
XANMUX02_clean,7.02628,6.85841,7.02628,1.18485,1425.51,1203.11,0.0,0.0,0.615,0.519053,0.0,0,0.0021613283,2.5856326472,2.4888192403475533,Train
XANMUX03_clean,7.92851,7.20939,7.92851,0.942982,1648.65,1748.33,0.0,0.0,0.6634,0.703513,0.0,1,0.0027858222,3.4687227931,3.4663245096889748,Train
XANMUX04_clean,8.11715,7.85164,8.1162,1.15587,1357.98,1174.85,0.0,0.0,0.6136,0.530856,0.0,0,0.0024717318,2.6979565707,2.635875806927261,Test
XANMUX05_clean,7.96785,7.76541,7.96785,1.15351,1457.83,1263.82,0.0,0.0,0.6284,0.544772,0.0,0,0.0025962764,2.8732330123,2.853518036540009,Train
XANMUX06_clean,7.89402,7.78212,7.89402,1.16156,1545.11,1330.2,0.0,0.0,0.6286,0.541169,0.0,0,0.0033224674,3.6369464037,3.540122063560901,Test
XANMUX07_clean,8.08658,7.93125,8.08658,1.12874,1428.77,1265.81,0.0,0.0,0.627,0.555487,0.0,0,0.0026269336,2.8816713897,2.9038626216620176,Test
XANMUX08_clean,7.80034,7.66637,7.80034,1.1623,1830.3,1574.73,0.0,0.0,0.6326,0.544267,0.0,0,0.009425154,5.595816845700001,5.710079706705782,Train
XANMUX_clean,7.22549,7.05144,7.22549,1.16648,1435.38,1230.52,0.0,0.0,0.6128,0.525341,0.0,0,0.0022762925,2.6602712832,2.674333843876433,Test
XANZAQ01_clean,7.80283,7.09635,7.80283,0.978047,1597.51,1633.37,0.0,0.0,0.6454,0.659886,0.0,1,0.0026055023999999,3.2733736635,3.1566482276612033,Test
XANZAQ02_clean,7.78654,7.07621,7.78654,0.976673,1600.7,1638.93,0.0,0.0,0.6466,0.662043,0.0,1,0.0026388655,3.2754135812,3.2258211282466203,Train
XANZAQ03_clean,8.31524,7.66858,8.31524,0.918646,1605.96,1748.18,3.17356,3.45461,0.6742,0.733906,0.0,1,0.0024309592,3.2935807945,2.959928202214406,Test
XANZAQ04_clean,8.34862,7.90874,8.34862,0.946048,1600.25,1691.51,0.0,0.0,0.6642,0.702079,0.0,1,0.0033911249,4.0990621336,3.9578490519499434,Train
XANZAQ05_clean,8.47885,8.09304,8.47885,0.942478,1573.71,1669.76,0.0,0.0,0.6686,0.709407,0.0,1,0.0034864482,3.9733093089,3.9133928211278146,Train
XANZAQ06_clean,8.35756,7.91059,8.35756,0.939122,1667.31,1775.39,0.0,0.0,0.6656,0.708747,0.0,1,0.0036079853,4.225858748,4.034748529105947,Train
XANZAQ07_clean,8.40037,8.01066,8.40037,0.935791,1631.15,1743.07,0.0,0.0,0.6708,0.716827,0.0,1,0.0034769158,4.0936859019,3.910803092189239,Test
XANZAQ08_clean,8.39367,7.99618,8.39367,0.933711,1580.24,1692.42,0.0,0.0,0.662,0.708999,0.0,1,0.0031194535999999,3.7936654804,3.7350502192306223,Train
XANZAQ_clean,8.11701,7.49064,8.11701,0.931625,1637.23,1757.39,0.0,0.0,0.6638,0.712518,0.0,1,0.0027882053,3.5767002134,3.4791839318662507,Train
XEKJIH_clean,6.20826,5.78382,6.20814,1.47662,347.482,235.322,860.221,582.56,0.5432,0.367867,0.0,1,0.0346306491,3.8998829707,3.9206760102044402,Train
XEKJON_clean,6.22254,5.56439,6.21747,1.67319,360.472,215.439,737.24,440.618,0.5436,0.324888,0.0,1,0.0709537467,3.9618497356,4.009966466301797,Train
XEKJUT_clean,6.56629,6.19348,6.55947,1.65134,406.62,246.236,825.001,499.594,0.5444,0.329671,0.0,1,0.1119494952,4.5727576615,4.54883517206808,Train
XEMHOM_clean,4.79162,4.0639,4.76831,2.00034,450.789,225.357,0.0,0.0,0.3928,0.196367,0.0,1,0.0013690059,0.8103356558,0.7850408837214427,Test
XENZEX_clean,4.03588,3.72621,4.02671,3.30835,180.903,54.6807,0.0,0.0,0.268,0.0810071,0.0,1,0.1242748709,0.8413022312,0.9697587647671608,Train
XIDMED_clean,11.48793,10.50283,11.48793,1.21119,1624.17,1340.97,0.0,0.0,0.653,0.53914,0.0,1,0.0044604855,3.7693195943,3.732391390665965,Train
XILDUT_clean,5.33112,3.97403,5.33043,1.32579,1407.65,1061.75,0.0,0.0,0.5238,0.395087,0.0,1,0.0030827981,2.5258565440000003,2.488841295206507,Train
XISDOU_clean,6.57708,4.78728,6.57708,1.06399,2038.67,1916.06,0.0,0.0,0.598,0.562035,0.0,1,0.0069840049,4.9298291236,4.843271158837945,Train
XISDUA_clean,6.54816,4.77769,6.53027,1.05483,2022.76,1917.62,0.0,0.0,0.5918,0.561039,0.0,1,0.0072580833999999,4.9329227622000005,4.931637246042751,Test
XIVVEF_clean,7.94651,5.43115,7.90631,1.14535,2097.38,1831.21,0.0,0.0,0.648,0.565766,0.0,0,0.0141023231,7.4387553874,7.2628904371898315,Train
XIZJEW_clean,5.72446,3.86989,5.72446,1.71463,866.46,505.333,0.0,0.0,0.4918,0.286825,0.0,1,0.005984268,1.8537693157,2.1922257370345566,Test
XOCQUD_clean,6.93402,4.62894,6.60917,2.15591,497.721,230.864,0.0,0.0,0.4174,0.193607,0.0,1,0.0007031425,0.5662731577000001,0.5194677548172417,Train
XODNUB_clean,4.71915,3.55393,4.43069,2.13543,453.661,212.445,0.0,0.0,0.405,0.189657,0.0,1,0.0011681781,0.7841991688,0.8093355825422619,Train
XOFGEG_clean,20.28017,4.1755,10.09474,0.997235,1823.44,1828.5,0.0,0.0,0.6744,0.67627,0.0,1,0.0036935158,3.7588450736,3.70024921139471,Train
XOMCUZ_clean,5.38174,3.9098,5.38174,1.47361,430.645,292.238,0.0,0.0,0.4026,0.273206,0.0,1,0.0019531956,0.8589681031,1.1635699181452015,Test
XOMHEO_clean,6.80967,5.57312,6.80967,1.28307,2168.4,1690.01,0.0,0.0,0.6202,0.483373,0.0,1,0.0114588153,5.6697496872,5.747483179694722,Train
XOMHIS_clean,8.65147,5.97828,8.65147,0.851979,2400.52,2817.58,0.0,0.0,0.7112,0.834762,0.0,1,0.0065790043999999,6.7268266985,6.332054662377091,Train
XOMNEU_clean,4.40246,3.57141,4.39113,1.21453,547.741,450.992,0.0,0.0,0.4748,0.390935,0.0,1,0.0131520704,3.3504034981,3.357440926023396,Train
XONLES_clean,15.50229,14.17026,15.50229,0.301134,1628.27,5407.15,0.0,0.0,0.8756,2.90768,0.0,1,0.0037590411,5.1264617414,5.1281086789028505,Test
XOPJAO_clean,5.14318,3.48639,5.12605,1.24253,772.666,621.85,0.0,0.0,0.4474,0.360072,0.0,0,0.0135474269,3.2287408758,3.114607773324748,Train
XUDPOD_clean,11.07776,6.90892,11.06925,0.552172,2378.06,4306.74,0.0,0.0,0.786,1.42347,0.0,1,0.003414182,4.6977949987,4.6073307178492735,Test
XUDVAV_clean,5.42467,3.9439,5.412,1.23408,1178.81,955.215,0.0,0.0,0.5312,0.430443,0.0,1,0.0098907625,3.7232242962,3.82870502925788,Train
XUFYEE_clean,16.79092,3.56449,16.79092,0.69015,1946.61,2820.56,0.0,0.0,0.6888,0.998044,0.0,1,0.0057910153,5.7016317699000005,5.197043758857651,Test
XUMNAW_clean,8.02798,7.30674,8.02798,0.898114,1523.34,1696.15,0.715304,0.796451,0.6172,0.687218,0.0,1,0.0061853614,4.022037101,4.6747066406769004,Test
YABHIV_clean,17.95239,10.63646,17.95239,0.600011,2087.15,3478.52,0.0,0.0,0.8014,1.33564,0.0,1,0.0037122928999999,4.1370085173,4.4243005685558625,Train
YAGHUM_clean,10.9533,4.13648,10.9533,0.807681,2413.25,2987.87,0.0,0.0,0.7156,0.885993,0.0,0,0.0034252322,4.0837517043,4.132178287868204,Train
YAHWAI_clean,8.53821,5.48688,8.53821,1.65002,1657.02,1004.24,0.0,0.0,0.6194,0.375389,0.0,1,0.0022120366,2.0319528337,2.086831847325439,Test
YARBIE_clean,4.91122,3.52707,4.65913,1.29542,529.055,408.404,0.0,0.0,0.4438,0.342591,0.0,0,0.0145183554,2.373921052,2.4314050307995156,Train
YARGOP_clean,8.11383,5.17636,8.11364,0.914073,1890.45,2068.16,0.0,0.0,0.6398,0.699944,0.0,0,0.004838971,4.6894862159,4.591253204844242,Test
YARZEZ01_clean,5.61977,4.05885,5.24298,1.02873,1985.67,1930.22,0.0,0.0,0.6746,0.655761,0.0,0,0.0024717362,2.992675627,2.854606844466272,Train
YASVUM_clean,7.50043,5.49919,7.38492,0.881793,2738.41,3105.5,0.0,0.0,0.7254,0.822642,0.0,1,0.0071056552,6.8646900125,6.784519746354671,Train
YATVUN_clean,10.83921,9.14744,10.55157,0.903963,1890.69,2091.55,0.0,0.0,0.6694,0.740517,0.0,0,0.0105603588999999,7.6565458787,7.021132198714737,Test
YATWAU_clean,10.70688,9.04659,10.70688,0.923872,1892.37,2048.31,0.0,0.0,0.6612,0.715683,0.0,0,0.0110758937,7.707750997100001,7.439246367855583,Train
YEFNIG_clean,7.00427,5.66417,7.00427,1.03301,2659.19,2574.21,0.0,0.0,0.7456,0.721774,0.0,0,0.0012406887,1.7231434355000002,1.6853669963691804,Train
YEFPAA_clean,6.99143,5.65004,6.99143,1.03721,2660.09,2564.66,0.0,0.0,0.745,0.718274,0.0,0,0.0012796405,1.7351709022,1.7079825852114605,Train
YEGHEZ_clean,5.88391,4.37273,5.87003,1.21357,1253.26,1032.7,0.0,0.0,0.5114,0.4214,0.0,0,0.0084638541,3.8773574574,3.7802534565111108,Train
YIDSOT_clean,4.9292,4.14717,4.92841,1.4991,1150.12,767.207,0.0,0.0,0.5208,0.347408,0.0,1,0.0054082188,3.0279985664,2.905902029394191,Test
YINTEW_clean,6.69295,5.30296,6.37064,1.01854,1974.65,1938.7,0.0,0.0,0.6366,0.62501,0.0,0,0.0086297889,4.7677555302,5.87590951042427,Test
YIWBIR_clean,4.82964,4.23812,4.82964,1.13369,1456.59,1284.82,0.0,0.0,0.5224,0.460795,0.0,0,0.0093117835,4.584870006,4.335640309110742,Test
YIWNEX_clean,6.05222,4.44321,5.98107,1.39413,1611.64,1156.02,0.0,0.0,0.6292,0.451321,0.0,1,0.0009891821,1.1813269084,1.193654216463612,Train
YIWNUN_clean,6.72761,5.04686,6.72761,1.27847,2081.66,1628.24,0.0,0.0,0.6874,0.537673,0.0,0,0.0010872491,1.4338610318,1.3664166876774742,Test
YIXBIQ_clean,16.14545,8.60739,16.14545,1.16801,1743.0,1492.28,0.0,0.0,0.7494,0.641603,0.0,1,0.0023360076,3.1060753325,2.685769788147967,Test
YIZJEY_clean,6.38909,5.16549,5.85719,1.3913,1198.42,861.362,0.0,0.0,0.5582,0.401206,0.0,0,0.0029377481,1.9873168082,2.247752563780187,Test
YOGKEM_clean,9.34542,5.57292,9.34542,0.967443,2138.01,2209.96,0.0,0.0,0.6476,0.669394,0.0,1,0.0130603767,6.9451215267,6.80203862682094,Train
YOGKIQ_clean,6.91924,4.32242,6.91924,1.0538,1682.56,1596.67,112.281,106.549,0.5988,0.56823,0.0,1,0.0160317671999999,6.0670549955,5.962307288082553,Train
YORCIT_clean,17.04599,8.24613,17.00411,0.824323,1373.69,1666.44,0.0,0.0,0.6834,0.829044,0.0,0,0.001414711,1.7597086379,1.7248846968658815,Train
YORRII_clean,6.34779,5.30766,6.27636,1.13523,1975.78,1740.43,0.0,0.0,0.6154,0.542095,0.0,0,0.0080001782999999,5.0390604098,5.0500381945480814,Test
YOZBIZ_clean,8.26642,3.87936,8.26616,1.4767,1152.52,780.471,0.0,0.0,0.5144,0.348345,0.0,1,0.0100596177,3.6086591162,3.5933737818554987,Test
YOZBOF01_clean,8.1742,4.93831,8.1651,1.13095,1262.79,1116.57,0.0,0.0,0.5572,0.492684,0.0,0,0.0062522820999999,3.6854993481,3.5639139721085473,Train
YOZCEW_clean,14.22468,12.71779,14.22468,1.07415,1394.66,1298.38,0.0,0.0,0.625,0.581853,0.0,1,0.0038866698,3.3061892048000003,3.191831429833192,Test
YUDDEH_clean,9.23238,6.19771,8.9716,0.865828,1917.28,2214.39,0.0,0.0,0.6654,0.768513,0.0,1,0.0053413204,5.2627602209,4.966659326498103,Train
ZARLOV_clean,7.59087,4.25441,7.5897,1.05116,2258.39,2148.48,0.0,0.0,0.646,0.614561,0.0,1,0.0086441541,5.924255433200001,6.0396401906541985,Test
ZAXTAV_clean,5.36171,4.58528,5.11307,1.17092,1043.66,891.322,0.132673,0.113307,0.5204,0.444438,0.0,1,0.0267026241,4.4900533817,4.4991077455995105,Train
ZEBMEA_clean,6.61101,4.67195,6.5886,1.53404,1279.24,833.903,0.0,0.0,0.5336,0.347839,0.0,1,0.0027655375,2.3865656861,2.1880999368633773,Test
ZEXSOM_clean,10.33904,5.80354,10.2816,1.15853,1627.88,1405.12,5.62491,4.8552,0.626,0.540338,0.0,1,0.0046400958,3.703573099,3.6228233233388085,Test
ZEZPIF_clean,4.9314,3.8688,4.91047,1.33575,1333.04,997.967,0.0,0.0,0.5954,0.445741,0.0,1,0.004631565,3.1321779737,3.1740285456807396,Test
ZIQVAY_clean,8.56153,4.50798,8.56153,2.05613,1364.45,663.603,0.0,0.0,0.4994,0.242884,0.0,1,0.0055319146,2.0602734333000003,2.19896873333089,Train
ZISNEW_clean,10.937,5.73353,10.937,0.756384,2253.97,2979.93,0.0,0.0,0.706,0.933388,0.0,1,0.00889184,5.5143895706,6.196371510058109,Test
ZISXEG_clean,5.13371,3.48538,5.13371,1.96189,431.041,219.707,0.0,0.0,0.3706,0.1889,0.0,1,0.1085134939,2.0903071090000003,2.1255844665087134,Train
ZIVCOY_clean,21.35428,13.61239,21.35428,0.516145,2019.82,3913.28,0.0,0.0,0.8142,1.57746,0.0,1,0.0039506361,4.8966860731,4.909367623089776,Train
ZIZTEJ_clean,4.9754,4.00901,4.96475,2.66219,1407.31,528.628,0.0,0.0,0.5208,0.195628,0.0,1,0.0014059907,1.3351314781,1.2515670125554375,Train
ZOGBAA_clean,8.29052,7.70457,8.2843,0.849869,2437.69,2868.31,0.0,0.0,0.7226,0.850249,0.0,0,0.0081945129,8.0112576547,7.914816688804343,Train
ZUQBUK_clean,6.60273,3.87772,6.60273,0.987073,2004.83,2031.09,0.0,0.0,0.58,0.587596,0.0,0,0.0120948464999999,7.5516935925,7.400310262148739,Train
ZUSNOS_clean,13.06588,6.72307,12.14953,0.80175,2346.37,2926.56,0.0,0.0,0.7098,0.885314,0.0,1,0.0069408115,5.8395111197,5.764100860117236,Train
ABAYIO_clean,11.39486,4.3226,11.27409,0.949126,1428.73,1505.31,409.494,431.444,0.6636,0.69917,0.0,0,0.0048585433,3.6728706682,4.099454955033378,Test
ABAYOU_clean,11.27344,4.5108,11.27344,0.979267,1463.42,1494.4,419.062,427.935,0.6638,0.677854,0.0,0,0.0050394216999999,3.7219504028,4.243403946259297,Test
ABESUX_clean,5.87931,4.42492,5.57015,3.74291,1747.69,466.934,0.0,0.0,0.5646,0.150845,0.0,1,0.0013079189999999,1.1787720926,1.1258136653652973,Test
ABETAE_clean,5.88295,4.42033,5.88295,3.69928,1821.75,492.461,0.0,0.0,0.572,0.154625,0.0,1,0.001279611,1.1866731266,1.1869269756942202,Train
ABETIN_clean,9.47418,7.83744,9.45292,0.597233,2275.99,3810.89,0.0,0.0,0.7302,1.22264,0.0,0,0.0034219135999999,4.7910462788,4.597625254326815,Train
ABEXEM_clean,4.82084,4.14331,4.80387,1.76082,968.791,550.193,3.54724,2.01454,0.494,0.280551,0.0,1,0.0022006924,1.6439958051,1.5873230556199363,Train
ABEXEN_clean,18.8079,13.71867,18.7996,0.674371,1650.25,2447.09,10.9626,16.2561,0.753,1.1166,0.0,0,0.0052740634,4.4592671976,4.459669086365433,Test
ABEXOW_clean,4.7727,4.04921,4.7549,1.81243,948.305,523.222,8.72645,4.81477,0.5026,0.277307,0.0,1,0.0021574737,1.5759697712,1.5280653968944051,Test
ABEXUC_clean,4.74458,4.0168,4.72731,1.84813,905.952,490.198,6.39745,3.46157,0.4864,0.263185,0.0,1,0.0021881633,1.5673001418,1.495232440656212,Test
ABEYAJ_clean,4.73097,3.9715,4.71386,1.90641,913.695,479.276,5.68199,2.98047,0.4682,0.245593,0.0,1,0.0019987563,1.5021948957,1.447380240833691,Test
ABEYEN_clean,4.70447,3.94356,4.68752,1.9293,894.021,463.392,4.63057,2.40013,0.4642,0.240606,0.0,1,0.002084876,1.4711274088,1.449075551715057,Train
ABEYIR_clean,4.69665,3.92183,4.69665,1.96962,879.845,446.707,3.91969,1.99007,0.464,0.235578,0.0,1,0.0020973999,1.4535737176,1.4623801097378315,Test
ABIXOZ_clean,6.22728,4.0515,6.20206,1.91751,1873.93,977.272,0.0,0.0,0.5866,0.305918,0.0,1,0.0009125397999999,1.2109425745,1.1534375520290232,Train
ABIYIV_clean,4.33176,3.82431,4.32093,1.34661,564.007,418.836,0.0,0.0,0.4458,0.331055,0.0,0,0.0021859939,1.4204514168,1.490842583565991,Train
ABULOB_clean,4.86958,4.16445,4.86236,1.31921,1184.81,898.121,0.0,0.0,0.5364,0.406607,0.0,0,0.016389556,4.8790123116,4.417366135833865,Test
ABUWOJ_clean,5.07969,4.03039,4.98773,1.15833,1745.23,1506.68,0.0,0.0,0.621,0.536118,0.0,1,0.0057721624,4.4245379677,4.256394115144132,Test
ac403674p_si_001_clean,8.50423,8.27985,8.50423,1.12072,1220.76,1089.26,0.0,0.0,0.5906,0.526983,0.0,0,0.0012938371,1.5887638222999998,1.6652043072291538,Test
ACAJIY_clean,4.94766,3.4178,4.77873,1.0939,822.742,752.116,0.0,0.0,0.5292,0.483772,0.0,0,0.0054720396999999,3.9475635021,3.148015433447427,Test
ACAJIZ_clean,6.1865,5.74044,6.1865,1.30148,981.157,753.879,0.0,0.0,0.4824,0.370656,0.0,0,0.001994837,1.7270203012,1.6822321596386627,Test
ACAJOF_clean,6.86398,6.10482,6.86398,1.21871,1121.27,920.046,0.0,0.0,0.513,0.420936,0.0,0,0.0019194782,1.8763477281,1.9536795941920801,Train
ACIBOE_clean,8.25776,7.03071,8.25776,1.10094,2063.01,1873.86,0.0,0.0,0.6554,0.595309,0.0,1,0.0040655073,4.1555570139,4.0999589746691765,Train
ACODON_clean,7.1439,4.65537,7.12384,1.14924,1729.7,1505.09,0.0,0.0,0.598,0.520346,0.0,0,0.0041031506,3.5750225762,3.596917802464325,Train
ACOGAB_clean,5.20085,3.89327,4.84433,1.15458,1432.82,1240.99,0.0,0.0,0.5566,0.482082,0.0,0,0.0062617616,3.6466945645,3.726645876983264,Train
ACOGEF_clean,5.20115,3.94888,4.8971,1.25952,1433.77,1138.35,0.0,0.0,0.5544,0.440168,0.0,0,0.0058108458,3.3286005085,3.399398361281503,Test
ACOLIP_clean,4.91034,3.57647,4.78103,1.04949,1065.44,1015.2,0.0,0.0,0.5434,0.517777,0.0,0,0.0065739376,3.9655744128,3.8506414636662853,Train
ACOLOV_clean,8.42183,5.53552,8.41851,0.863411,2226.99,2579.3,0.0,0.0,0.6794,0.786879,0.0,1,0.0032412034,3.8404320561,3.768690634485977,Test
acs.cgd.5b01686_WAHFUJ1434675_clean,5.00451,3.93435,5.00451,1.28464,1087.15,846.274,0.0,0.0,0.4874,0.379407,0.0,1,0.0033277675,2.5125169399,2.3287565624415363,Test
acs.cgd.6b00463_OLOMUZ1451936_clean,10.32513,7.87202,10.32103,1.07611,1950.06,1812.15,0.0,0.0,0.6638,0.616853,0.0,1,0.0011841093,1.5963954823,1.6286817888621834,Train
acs.chemmater.6b02817_cm6b02817_si_004_clean,10.39878,5.64581,7.91914,0.897688,1488.72,1658.39,589.747,656.962,0.6776,0.754828,0.0,1,0.0046675429,4.9065361331,4.93598526364892,Train
acs.chemrev.6b00346_cr6b00346_si_001_clean,9.19439,3.959,7.03116,0.906382,2290.66,2527.25,0.0,0.0,0.6912,0.762592,0.0,1,0.0040052139,4.5548164864,4.431179731739622,Train
acscombsci.5b00188_24205_clean,5.32506,4.91361,5.32498,1.2624,1666.29,1319.94,0.0,0.0,0.5558,0.440273,0.0,0,0.0117380474,4.9367657937,4.973975403841266,Train
acscombsci.5b00188_3001288_clean,29.41365,23.60037,29.35162,0.156124,881.282,5644.76,0.0,0.0,0.9382,6.00933,0.0,0,0.0032979389,5.2922524548,4.981756264426258,Test
acscombsci.5b00188_5020072_clean,14.46967,11.94118,14.45544,0.429595,1931.96,4497.16,0.0,0.0,0.8224,1.91436,0.0,0,0.0028533094,3.6607439085,4.0699089176487435,Test
acscombsci.5b00188_5024922_clean,20.5205,15.85622,20.5205,0.295002,1403.53,4757.71,0.0,0.0,0.8866,3.00541,0.0,0,0.0029639881,4.1769271145,4.47288767329783,Test
acscombsci.5b00188_5036495_clean,10.8747,9.02496,10.86921,0.338372,2296.38,6786.58,0.0,0.0,0.8498,2.51144,0.0,0,0.0029716576,4.2705066222,4.291249636588373,Train
acscombsci.5b00188_5040209_clean,7.3732,5.53143,7.30173,1.04632,1848.9,1767.06,0.0,0.0,0.6162,0.588923,0.0,0,0.0082128645,4.0326769659,5.67294217966007,Test
acscombsci.5b00188_8372_clean,5.7583,4.46842,5.7583,0.958855,3178.07,3314.45,0.0,0.0,0.7062,0.736503,0.0,0,0.0029098871,3.6158374263,3.5756009683922745,Test
acs.inorgchem.5b02108_ic5b02108_si_002_clean,7.194,7.0599,7.194,1.21033,1596.38,1318.96,0.0,0.0,0.591,0.488296,0.0,0,0.008361677,5.920046503099999,5.541183838964426,Test
acs.inorgchem.5b02973_ic5b02973_si_002_clean,11.38761,10.4443,11.38761,1.02785,1047.76,1019.37,62.4425,60.7507,0.593,0.576933,0.0,0,0.0069555629,2.7878432959,2.8273196102826517,Test
acs.inorgchem.6b00081_ic6b00081_si_001_clean,7.28268,5.80535,7.28268,1.16215,782.38,673.218,0.0,0.0,0.4952,0.426107,0.0,0,0.0015513528,1.56314667,1.5440267045547411,Test
acs.inorgchem.6b00433_ic6b00433_si_002_clean,5.96211,4.62167,5.8482,1.10398,1177.53,1066.62,0.0,0.0,0.5062,0.458523,0.0,1,0.0034429413,2.7456212628,2.7434916003616436,Test
acs.inorgchem.6b00894_ic6b00894_si_002_clean,6.64699,4.59021,5.67003,1.10689,1216.8,1099.29,0.0,0.0,0.5272,0.476289,0.0,1,0.0080778713,3.8517535009,3.666657368804894,Train
acs.inorgchem.6b01569_ic6b01569_si_002_clean,6.29847,5.43889,6.29847,1.11326,868.696,780.315,0.0,0.0,0.5092,0.457394,0.0,1,0.0012061342,1.2693331999,1.2592021633640629,Train
acs.inorgchem.6b01740_ic6b01740_si_002_clean,15.68052,8.0633,15.68052,0.473321,2336.0,4935.34,0.0,0.0,0.7938,1.67709,0.0,0,0.003916358,5.1704342323,5.233063984925666,Train
acs.inorgchem.6b02407_ic6b02407_si_002_clean,6.36153,3.76503,6.36153,0.960789,1995.17,2076.59,0.0,0.0,0.6214,0.64676,0.0,1,0.0094019222,6.5663715212,6.4245794476176545,Train
acs.inorgchem.6b02407_ic6b02407_si_003_clean,6.24791,4.32537,6.22758,1.12188,1617.2,1441.52,0.0,0.0,0.5614,0.500411,0.0,0,0.0111570566,5.3359488869,5.362032041999765,Train
acs.inorgchem.6b02413_ic6b02413_si_002_clean,13.37732,6.88163,13.37732,0.804279,2195.74,2730.07,0.0,0.0,0.74,0.920079,0.00124335,0,0.0024238115,3.1525941176,3.1819760224547338,Train
acs.inorgchem.6b02514_ic6b02514_si_002_clean,6.09101,5.53211,6.09101,1.35156,1494.27,1105.59,0.0,0.0,0.6002,0.44408,0.0,1,0.0015155048,1.6407125812,1.6742598518320233,Train
acs.inorgchem.6b02696_ic6b02696_si_002_clean,12.13124,5.0609,12.1281,0.908718,2183.39,2402.71,0.0,0.0,0.6878,0.75689,0.0,0,0.0048049818,4.6873344910000005,4.544054372309634,Train
acs.jpcc.6b08594_UiO66_Ce2Zr4_opt_clean,8.49751,4.07254,8.49751,1.27238,1692.83,1330.45,0.0,0.0,0.6072,0.477217,0.000157186,0,0.003354084,2.5855908108000003,2.9752049742098055,Test
acs.jpcc.6b08594_Zn2Cd6MOF5_opt_clean,14.70209,8.11021,14.70209,0.628556,2151.09,3422.27,0.0,0.0,0.8094,1.28771,0.0,0,0.0019301376,2.7213956558,2.8747416053166854,Test
ACUBAB_clean,6.48174,4.30295,6.47204,2.30944,1238.98,536.484,0.0,0.0,0.5252,0.227414,0.0,1,0.0040178732,1.7538417952,1.9969663627466048,Train
ACUFEK_clean,15.55627,9.00897,15.55627,0.559431,2205.12,3941.72,0.0,0.0,0.787,1.40679,0.0,1,0.003346404,4.4595561687,4.467893893935827,Test
ACUJOZ_manual,11.50806,7.82539,10.51641,0.694288,2343.63,3375.59,0.0,0.0,0.739,1.0644,0.0,1,0.003199487,4.0988754127,4.167146434690714,Test
ACUTOI_clean,5.192,4.5372,5.18708,1.71994,820.91,477.29,0.0,0.0,0.4076,0.236985,0.0,1,0.0028713294,1.5509797842,1.573905837896301,Test
ADARAA_clean,12.29205,5.40077,12.29205,0.881935,2191.85,2485.27,7.83761,8.88684,0.6948,0.787813,0.0,1,0.0039214267,4.1268344052,3.9850698097557,Test
ADASEF_clean,21.62414,10.92309,17.5655,0.435607,1820.41,4179.02,0.0,0.0,0.8462,1.94258,0.0,1,0.0030326032,4.1557988524,4.161546522279924,Train
ADASIJ_clean,18.23438,6.60024,18.20695,0.629251,2196.94,3491.36,0.0,0.0,0.765,1.21573,0.0,1,0.0036902763,4.6049656869,4.553934081343648,Test
ADASOP_clean,18.07263,6.71346,18.07263,0.63164,2223.07,3519.51,0.0,0.0,0.7846,1.24216,0.0,1,0.0042133702,5.0273330465,4.896669049074913,Test
ADASUV_clean,17.16775,6.7332,17.16775,0.625693,2275.03,3636.01,0.0,0.0,0.7672,1.22616,0.0,1,0.003407935,4.4795793654,4.50814794044104,Train
ADATAC_clean,26.33515,10.27637,16.37091,0.33727,1729.95,5129.28,0.0,0.0,0.871,2.5825,0.0,1,0.0040088794,5.0732636963,5.3086427234162805,Test
ADATEG_manual,27.33782,13.33904,27.33782,0.238777,1473.42,6170.7,0.0,0.0,0.896,3.75246,0.0,1,0.0037218359999999,5.2117894185,5.159407202880276,Test
ADATIK_clean,24.55082,12.17426,18.62931,0.377577,1712.52,4535.57,0.0,0.0,0.8764,2.32112,0.0,1,0.0028227165,4.1870337702,4.1572010468473595,Train
ADATOQ_clean,10.5421,9.07611,10.5421,0.632077,2324.74,3677.95,0.0,0.0,0.7278,1.15144,0.0,1,0.0027353355,3.7322364346,3.628298457548315,Test
ADATUW_clean,10.34629,8.86044,10.34629,0.640612,2322.12,3624.84,0.0,0.0,0.73,1.13953,0.0,1,0.0027711738,3.5937503901,3.7031432086118534,Train
ADAVAE_clean,10.21446,8.80719,10.21446,0.655338,2331.18,3557.22,0.0,0.0,0.7302,1.11423,0.0,1,0.0029842665,3.7868511269,3.973076561448181,Test
ADAVEI_clean,10.15021,8.70819,10.15021,0.656268,2410.23,3672.63,0.0,0.0,0.719,1.09559,0.0,1,0.0030501315,3.8667027759,3.950758851777051,Train
ADAXEK_clean,5.76724,4.10445,5.76724,1.26343,1305.6,1033.38,0.0,0.0,0.5042,0.399073,0.0,0,0.0070070698,3.3658394047000004,3.4616647131586564,Test
ADAXIO_clean,5.72682,5.00855,5.71823,1.28062,1140.41,890.52,0.0,0.0,0.4934,0.385283,0.0,0,0.0051354158,2.6963560382,2.6736927706443616,Test
ADIQEL_clean,4.43355,3.91364,4.43149,1.23763,785.544,634.715,0.0,0.0,0.4682,0.378303,0.0,0,0.0206332597,4.8141985161,4.568715888227154,Train
ADOCEC_clean,5.40135,3.83278,5.40061,1.53544,942.082,613.56,194.67,126.785,0.4904,0.319388,0.0,1,0.002646437,2.1389577357,2.015135062762483,Train
ADODOO_clean,5.9443,5.31331,5.61744,1.28796,1054.79,818.961,0.0,0.0,0.5256,0.408086,0.0,0,0.0050062134,2.5131608535,2.6595029007655606,Train
ADODUU_clean,5.93338,5.29096,5.57799,1.31573,1050.53,798.439,0.0,0.0,0.521,0.395977,0.0,0,0.0049933346,2.5304767616,2.590042207378919,Train
ADOGEH_clean,12.71447,5.05258,12.69973,1.01991,1997.13,1958.14,0.0,0.0,0.677,0.663783,0.0,1,0.0111268443999999,4.8405590126,5.086095339810992,Train
ADUROI_clean,25.68553,17.12424,25.68553,0.402567,1285.84,3194.1,0.0,0.0,0.8358,2.07617,0.0,1,0.0025688672,3.451439798,3.410656466863309,Test
ADUWIH_clean,9.28386,6.55138,8.99777,0.722123,2053.82,2844.14,0.0,0.0,0.7098,0.982935,0.0,1,0.0034856436,4.4170335209,4.268726590764693,Test
ADUWON_clean,16.37935,5.99724,16.37935,0.521247,2391.39,4587.82,0.0,0.0,0.7844,1.50485,0.0,1,0.0044361132,5.5843301531,5.490183786513276,Train
AFEJOK_ion_b,5.99825,5.12689,5.98721,1.10129,1640.7,1489.79,0.0,0.0,0.5808,0.52738,0.0,1,0.004327371,3.6123596767,3.4760667596696004,Test
AFENEE_clean,4.49346,3.41581,4.45719,1.24906,796.3,637.522,0.0,0.0,0.4856,0.388774,0.0,1,0.003624305,2.8018253360000003,2.3638596109805086,Test
AFIPAH_clean,4.37538,3.90569,4.37538,1.83885,841.292,457.509,0.0,0.0,0.5032,0.273649,0.0,1,0.0029714031,2.073642134,1.9824507263739581,Test
AFITEP_clean,4.64022,4.09997,4.63375,1.06928,1521.04,1422.49,0.0,0.0,0.5262,0.492105,0.0,0,0.010489868,4.8499134319,5.110456861682006,Test
AFITUF_clean,7.14066,5.08524,7.12439,1.32285,1391.46,1051.86,0.0,0.0,0.5322,0.402312,0.0,1,0.0035070659,2.5412155322,2.781604431717103,Test
AFIXAO_clean,6.3306,4.52097,6.32879,1.12223,1320.24,1176.44,0.0,0.0,0.5702,0.508096,0.0,0,0.0027526422999999,2.1576992632,2.368724190172788,Train
AFIXES_clean,6.43864,4.7481,6.42659,1.12574,1304.99,1159.23,0.0,0.0,0.5758,0.511486,0.0,0,0.0027774603,2.1517763885,2.3662642956601636,Train
AFOTOF_clean,8.7931,6.77287,8.7931,1.07439,1647.74,1533.66,0.0,0.0,0.6144,0.571859,0.0,0,0.0048719954,3.7175053471,3.966358070610721,Train
AFOTUL_clean,8.80212,6.81408,8.79682,1.05969,1683.28,1588.47,0.0,0.0,0.614,0.579417,0.0,0,0.0045914771,3.784084883,3.897747867901077,Train
AFOVAT_clean,8.32882,6.54754,8.28902,1.04077,1670.63,1605.18,0.0,0.0,0.61,0.586104,0.0,0,0.0047949549,3.8480160253,4.082427366477395,Train
AFOVEX_clean,8.81515,6.86051,8.81515,1.02206,1673.56,1637.43,0.0,0.0,0.619,0.605638,0.0,0,0.0047292388,3.7884387299,4.325716228545749,Test
AFOVIB_clean,8.79334,6.74118,8.79334,1.0948,1657.47,1513.94,0.0,0.0,0.6104,0.557543,0.0,0,0.0048926621,3.7573209586,4.003489312892489,Test
AFOVOH_clean,8.78847,6.84598,8.77538,1.04816,1663.77,1587.32,0.0,0.0,0.6228,0.594182,0.0,0,0.0048557803,3.7938591467,3.957903023733702,Train
AFOYAW_clean,5.94533,4.22739,5.94533,0.978122,1810.39,1850.89,0.0,0.0,0.6112,0.624871,0.0,1,0.0041422055,3.7163585076,3.9537325238805705,Test
AFOYEB_clean,5.92566,5.81418,5.92369,1.68224,585.772,348.21,0.0,0.0,0.4054,0.240988,0.0,0,0.0015813634,0.9018167443,1.0535907753575586,Test
AFOYIE_clean,9.08566,8.61929,9.08005,0.761887,2055.27,2697.6,0.0,0.0,0.71,0.931897,0.0,1,0.0027792798,3.6774177598,3.617997623982532,Train
AFOYOK_clean,7.73482,5.71785,7.72321,0.979448,1633.89,1668.18,0.0,0.0,0.588,0.600338,0.0,0,0.0026448165999999,3.0948340241000003,2.899503234348899,Test
AFUKET_clean,5.96671,4.7743,5.96671,0.9597,1662.19,1731.99,97.0966,101.174,0.5958,0.620819,0.0,1,0.0073804957999999,4.0109452527,4.855456161491048,Test
AFUKIX_clean,8.69504,5.47442,8.69504,0.784292,2017.86,2572.85,0.0,0.0,0.6382,0.813728,0.0,1,0.0038687839,4.0938193469,4.176565335762651,Train
AFUPEX_clean,5.43312,4.58891,5.43311,1.38641,2204.93,1590.39,0.0,0.0,0.6146,0.443303,0.0,1,0.0037746053,3.5643354435,3.2655484693149424,Test
AGABIU_clean,12.57098,10.82742,12.57098,0.647122,1792.07,2769.29,2.83534,4.38145,0.7402,1.14383,0.0,1,0.0018163629,2.5105222669,2.523651383325811,Train
AGARUW_clean,6.77693,6.25183,6.7733,1.77195,1346.33,759.804,0.0,0.0,0.5056,0.285336,0.0,0,0.0018322423,1.6374428619,1.7911882109750925,Test
AGIREP_clean,10.92956,6.85619,7.97786,0.99837,2250.02,2253.69,0.0,0.0,0.6896,0.690726,0.0,1,0.004321044,4.387645937699999,4.373646210525216,Train
AGOFEJ_clean,12.6138,8.71559,12.59801,0.583675,1959.85,3357.77,0.0,0.0,0.767,1.31409,0.0,1,0.0027281965,3.4820271613,3.594683970599223,Train
AGONAM_clean,5.63222,4.90729,5.59904,1.43768,1370.35,953.171,0.0,0.0,0.568,0.395082,0.0,0,0.0040917321,2.7187138703,2.759072961934873,Train
AGONEQ_clean,6.16099,5.90611,6.12795,1.08253,2263.15,2090.61,0.0,0.0,0.6752,0.623722,0.0,0,0.0036491229999999,3.7655979926,3.690127408055949,Test
AGOVOJ_clean,13.91201,9.20691,13.91201,0.616035,2114.14,3431.85,0.0,0.0,0.7722,1.2535,0.0,1,0.0031555786,3.925772688,4.116580634453927,Test
AHAMAY_clean,4.44036,3.90831,4.43859,2.24993,500.113,222.279,0.0,0.0,0.401,0.178228,0.0,1,0.0052004933,1.1861911539,1.1588549221489317,Train
AHEQAH_clean,9.26829,6.21673,9.2669,0.759287,2415.98,3181.91,0.0,0.0,0.7146,0.941146,0.0,1,0.0039527244,4.698327716700001,4.706318898042335,Test
AHOKIR01_clean,4.30721,3.46839,4.30721,1.92701,892.53,463.167,0.0,0.0,0.4868,0.252619,0.0,1,0.006609443,2.4825933166,2.81695485619729,Test
AHOKIR_clean,4.49939,3.47861,4.49939,1.88207,939.705,499.294,0.0,0.0,0.4884,0.259502,0.0,1,0.0034805129999999,2.2491008696,2.146690662994742,Test
AHOKOX_clean,4.49188,3.54288,4.49188,1.73966,1360.22,781.89,0.0,0.0,0.5116,0.29408,0.0,1,0.0035498015999999,2.8322780038,2.7453210625632054,Train
AJAKON_clean,5.2765,4.32303,5.27104,1.36723,1066.44,780.005,8.76449,6.41042,0.5024,0.367459,0.0,1,0.0036783392999999,2.4272911736,2.4158900896243387,Test
AJAYIT_clean,7.12611,4.89301,7.12611,1.98392,840.751,423.782,0.0,0.0,0.4314,0.217448,0.0,0,0.0019599575,1.3012953134,1.3562844553885565,Test
AJIGIL_clean,6.71352,5.54656,6.70452,1.08988,996.607,914.419,0.0,0.0,0.4838,0.443902,0.0,1,0.0015089854,1.5599943379,1.5255094476736026,Train
AJOTEY_clean,5.91075,5.20074,5.90935,1.2556,1942.39,1546.98,0.0,0.0,0.6358,0.506371,0.0,1,0.0031702549,3.0304170071,3.0960132520259567,Test
AJOVEB_clean,5.15455,4.85632,5.13093,1.95651,774.474,395.845,0.0,0.0,0.4138,0.211499,0.0,1,0.0024048392,1.6044014299,1.2714573986111914,Test
AJOXAA_clean,6.60857,4.38157,6.58169,1.52914,1380.73,902.948,0.0,0.0,0.5468,0.357587,0.0,1,0.0045739954,2.8760430575,2.9915312663417084,Test
AKEDIF_clean,5.94406,5.31262,5.94406,0.925851,1673.96,1808.02,0.0,0.0,0.5828,0.629475,0.0,0,0.0065676917,4.7402266356,4.877639454492693,Test
AKOBAF_clean,4.84557,3.80044,4.84557,1.15061,997.702,867.108,0.0,0.0,0.498,0.432814,0.0,1,0.0047699074,2.8499957524,2.931648258315098,Test
AKOHEO_clean,5.56086,3.46237,5.08522,2.37535,1051.21,442.55,0.0,0.0,0.4804,0.202244,0.0,1,0.0011334153,1.1844789224,1.112523686253068,Test
AKUKUO_clean,5.04792,4.38484,5.0448,1.30477,1062.64,814.426,0.0,0.0,0.5004,0.383515,0.0,0,0.0046527834,2.5092795267,2.6677814225977126,Test
ALAHUS_clean,7.1812,5.45466,7.18023,1.36604,1533.73,1122.76,0.0,0.0,0.5724,0.41902,0.0,1,0.0026206511,2.5125233654,2.5083696709922876,Train
ALAMUW_clean,11.92678,5.98269,11.92678,0.64997,2447.93,3766.22,0.0,0.0,0.761,1.17082,0.0,1,0.0043074968,4.936400713299999,4.957889153974849,Test
ALANAD_clean,8.58065,5.8094,8.54388,0.697286,2813.81,4035.37,0.0,0.0,0.7542,1.08162,0.0,1,0.0039320540999999,5.1171481608,5.008009519512515,Train
ALEJAE_clean,19.86541,14.56862,19.86541,0.274675,1427.0,5195.22,0.0,0.0,0.8942,3.25548,0.0,1,0.0036192864,5.1428186612,5.180722400045502,Train
ALEJEI_clean,18.06508,7.13825,11.29555,0.600782,2223.57,3701.13,0.0,0.0,0.783,1.3033,0.0,1,0.0036659194,4.6893701375,4.644493794552878,Train
ALEJIM_clean,18.20917,7.10984,11.84134,0.592075,2208.62,3730.3,0.0,0.0,0.783,1.32247,0.0,1,0.0039850027,4.8515669633,4.844447295765211,Test
ALEQIT_clean,5.78407,3.96262,5.7827,1.90553,677.8,355.702,0.0,0.0,0.434,0.227759,0.0,1,0.0026376774,1.3215106816,1.3482227683062844,Test
ALIBUT_clean,13.10382,3.67767,13.10382,1.322,940.809,711.658,184.278,139.394,0.5642,0.426778,0.0,0,0.0018512164,1.6618927806,1.6824283529461048,Train
ALICAA_clean,12.98786,3.46699,12.98786,1.43218,894.164,624.337,203.647,142.194,0.5692,0.397436,0.0,0,0.0015927101999999,1.4430451808000002,1.424037445954441,Train
ALIXAU_clean_h,6.17139,3.91412,6.17139,1.43262,670.443,467.985,13.6022,9.49467,0.4726,0.329886,0.0,1,0.0031442075,2.2928609463,2.0200713813461126,Train
ALIXOJ_clean,7.8603,5.01976,7.84665,0.979833,2007.79,2049.12,0.0,0.0,0.6394,0.65256,0.0,1,0.0032762649,3.5861018813,3.582400521287753,Test
ALIXUP_clean,6.38387,5.75713,6.38387,1.33865,1367.26,1021.37,0.0,0.0,0.5492,0.410264,0.0,1,0.0007993755,1.0579292354,1.092067819903972,Test
ALOLES_ion_b,5.85254,4.25768,5.80032,2.20818,502.012,227.343,0.475191,0.215196,0.4238,0.191923,0.0,1,0.0005090434,0.4354234425,0.40713319703762174,Train
ALOLIY_clean,6.86569,5.12412,6.86243,1.19169,992.554,832.898,0.0,0.0,0.537,0.450621,0.0,1,0.0007019286,0.9027162705,0.9126245208157595,Test
ALONEV_clean,5.59976,4.84057,5.59976,1.49156,1651.89,1107.49,0.0,0.0,0.571,0.382821,0.0,1,0.0008953813,1.0381842257,1.1144942003702165,Test
ALUJEX_clean,5.99288,4.42191,5.93648,1.43356,1311.29,914.712,0.0,0.0,0.5364,0.374173,0.0,1,0.0040627873,2.8224687625,2.7052773528491953,Test
ALUJIB_clean,6.08943,4.42337,5.91878,1.4324,1320.62,921.959,0.0,0.0,0.5424,0.378664,0.0,1,0.0042099307,2.8642120878,2.765540137012153,Train
ALUJOH_clean,6.14197,4.45081,6.02384,1.41539,1356.59,958.46,0.0,0.0,0.5526,0.390423,0.0,1,0.0039221684,2.8121431864,2.772566997464033,Test
ALUKIC_clean,8.54387,6.77342,8.52787,0.56692,2883.21,5085.74,0.0,0.0,0.7934,1.39949,0.0,1,0.0029553251,4.23350611,4.194204457214571,Test
ALUKOI_clean,8.54787,6.76817,8.5436,0.579939,2887.58,4979.11,0.0,0.0,0.7926,1.3667,0.0,1,0.0030899245,4.1524429829,4.415533470243746,Test
ALUKUO_clean,8.54799,6.78315,8.52991,0.582411,2894.93,4970.58,0.0,0.0,0.7922,1.36021,0.0,1,0.002863964,4.1487309787,4.120391760406733,Train
ALULAV_clean,8.53005,6.74275,8.5229,0.590909,2900.24,4908.1,0.0,0.0,0.7924,1.34099,0.0,1,0.0028899538,4.1019668526,4.137471704832844,Train
ALULEZ_clean,18.75501,13.37911,18.68884,0.425946,1475.35,3463.71,0.0,0.0,0.8336,1.95706,0.0,0,0.0021986048,3.1183975545,3.058970997768959,Test
ALULID_clean,7.81513,5.26988,7.81513,0.929552,2122.82,2283.71,0.0,0.0,0.6652,0.715614,0.0,1,0.0030878251,3.6788180856,3.5547779872400396,Train
ALURAB_clean,6.8318,3.73291,6.33433,1.05182,1255.59,1193.73,0.0,0.0,0.5338,0.507503,0.0,0,0.0036789213,3.1844248206,3.107029986815968,Train
ALUREF_clean,6.8305,3.71719,6.1852,1.05415,1260.09,1195.37,0.0,0.0,0.5302,0.502967,0.0,0,0.0037119047999999,3.1930398394,3.0954779077982795,Test
ALURIJ_clean,6.87946,3.53974,6.12375,1.07753,1201.6,1115.15,0.0,0.0,0.5294,0.49131,0.0,0,0.0038366393,3.1759530175,3.100364423682008,Train
AMAFOK_clean,6.60314,5.66314,6.60314,1.49249,870.16,583.026,0.0,0.0,0.4392,0.294274,0.0,1,0.0049207256,2.1425724106,2.3335625474028086,Test
AMAGAX_clean,6.93247,6.0951,6.93247,1.45916,960.382,658.174,0.0,0.0,0.4598,0.315113,0.0,1,0.0044663208,2.4187187063,2.3801104715622206,Test
AMILOY_clean,11.03089,9.17864,11.01877,1.00746,1259.05,1249.73,0.0,0.0,0.6048,0.60032,0.0,1,0.0048244054,2.8634953481,2.847005030581465,Test
AMILUE_clean,11.39418,11.07263,11.39418,0.982365,1253.76,1276.27,0.0,0.0,0.6124,0.623394,0.0,1,0.0047246106,2.8129887838,2.82256620397255,Train
AMIMAL_clean,11.07211,9.50667,11.06415,0.988926,1269.07,1283.28,0.0,0.0,0.6132,0.620066,0.0,1,0.0049673947999999,2.8222175629,2.859316745448029,Train
AMIMEP_clean,11.21563,10.87494,11.21563,0.985981,1260.64,1278.57,0.0,0.0,0.6026,0.611168,0.0,1,0.0048393001,2.7860963358,2.8787151486734843,Test
AMODUC_clean,8.56321,6.70069,8.56321,0.575734,2862.5,4971.91,0.0,0.0,0.7896,1.37147,0.000694765,1,0.0034255865,4.4346680707,4.511688693888135,Test
AMOFAK_clean,8.38842,6.72694,8.33928,0.577283,2917.64,5054.09,0.0,0.0,0.7804,1.35185,0.0,1,0.0032307793,4.4148230273,4.578200817272838,Test
AMOYOR_clean,4.82905,4.48972,4.82035,1.16972,759.125,648.979,0.0,0.0,0.4596,0.392914,0.0,0,0.0044547376,2.0955073253,2.3011177617783662,Test
AMUFOF_clean,5.11388,4.36379,5.09892,1.34461,989.368,735.801,0.0,0.0,0.4928,0.366499,0.0,1,0.0025413282,1.9355027344,1.8877626955273983,Train
AMUPOP_clean,4.74814,3.78436,4.74702,1.30283,544.632,418.038,0.0,0.0,0.4486,0.344328,0.0,1,0.0066556564,2.1971259174,2.2567524994036865,Test
AMUWUB_clean,10.40349,8.69532,10.40349,0.914151,1431.03,1565.42,0.0,0.0,0.6498,0.710823,0.0,1,0.0014135161,1.9290633287,1.8802799843683027,Train
AMUXAI_clean,8.64297,7.79614,8.57936,1.02442,1402.26,1368.83,0.421846,0.411789,0.5964,0.582182,0.0,1,0.0014206766,1.7201276786000002,1.769383288608919,Train
ANAWIX_clean,5.45667,5.01969,5.45432,1.52823,1486.52,972.705,0.0,0.0,0.5628,0.368269,0.0,1,0.0039865629,2.5006621919,2.7588552173014853,Test
ANAWOD_clean,6.92762,6.10595,6.92762,1.43826,1562.19,1086.17,0.0,0.0,0.5924,0.411885,0.0,0,0.0045150845,3.6263612884,3.5444334476935357,Test
ANEHEI_clean,6.80985,3.50032,6.5431,1.23995,1316.98,1062.12,0.0,0.0,0.5484,0.442274,0.0,1,0.0038818765,2.8720048222,2.8386727244539007,Test
ANENEN_clean,6.01479,4.21811,6.00446,1.32355,832.511,628.996,0.0,0.0,0.48,0.36266,0.0,1,0.0029028982,1.9377500956,1.7847234430013545,Test
ANENIR_clean,6.14773,4.26664,6.04871,1.32991,783.463,589.11,0.0,0.0,0.4684,0.352204,0.0,1,0.0029014902,1.7718491944,1.7397035522640856,Train
ANIDIL_clean,5.09322,4.44244,5.09322,1.49981,585.282,390.237,0.0,0.0,0.4068,0.271234,0.0,0,0.0015113777,1.0648064655,0.9823810935192858,Test
ANOMUM_clean,7.28969,4.98752,7.24267,0.833729,2493.01,2990.19,0.0,0.0,0.6952,0.833844,0.0,1,0.0048635319,5.2625302869,5.154030308208311,Train
ANONAT_manual,7.80429,5.88473,7.80429,0.800823,2311.14,2885.95,0.0,0.0,0.6928,0.86511,0.0,1,0.0044279918,4.8840981412,4.945248030918583,Test
ANUGEW_clean,14.4419,10.2051,14.4419,0.443469,2088.1,4708.57,0.0,0.0,0.8326,1.87747,0.0,1,0.0030536621999999,4.4081255658,4.325853355364401,Train
ANUGIA_clean,13.85309,6.75838,13.85309,0.567973,2306.32,4060.62,0.0,0.0,0.7948,1.39936,0.0,1,0.0034991795,4.6912470372,4.599208356785039,Test
ANUGOG_clean,11.39005,7.08849,11.39005,0.58467,2472.03,4228.07,0.0,0.0,0.7898,1.35085,0.0,1,0.0036333663,4.8799386558,4.783682779982978,Test
APACAX_clean,5.65344,4.07573,5.64183,1.00727,1776.16,1763.34,0.75218,0.746751,0.6264,0.621879,0.0,1,0.0090435525,5.865825495499999,5.560010081703934,Test
APARAM_clean,12.00094,11.06312,12.00094,0.965457,1025.27,1061.95,99.7383,103.307,0.6016,0.623124,0.0,0,0.0062379005,2.7373728819,2.6948118141099178,Train
APAYIB_clean,5.96805,4.21212,5.96805,1.10941,2139.9,1928.86,0.0,0.0,0.6164,0.555611,0.0,1,0.0062357893,4.503029007099999,4.556709474803711,Train
APAYOH_clean,6.13125,4.32559,6.13125,1.11146,2186.88,1967.56,0.0,0.0,0.6078,0.546846,0.0,1,0.0059711268999999,4.4341433094,4.3913389283998345,Train
APAYUN_clean,6.02417,4.10555,6.02138,1.04671,2066.79,1974.55,0.0,0.0,0.6206,0.592904,0.0,1,0.0055322536,4.3587656168,4.433046625738827,Train
APAZAU_clean,6.57194,4.51844,6.57194,0.970314,2263.88,2333.14,0.0,0.0,0.6264,0.645564,0.0,1,0.0056484151,4.6739420081,4.828406507712212,Test
APAZEY_clean,6.61049,4.70522,6.61049,0.97171,2250.82,2316.35,0.0,0.0,0.6362,0.654722,0.0,1,0.0054104973999999,4.551739095299999,4.852229042340216,Test
APAZIC_clean,7.1095,4.86225,7.1095,0.893607,2183.36,2443.31,0.0,0.0,0.6554,0.733432,0.0,1,0.0048427606,4.5087279736,4.649357012098827,Test
APAZOI_clean,6.38612,4.28228,6.36726,1.14648,2047.77,1786.13,0.0,0.0,0.6026,0.525607,0.0,1,0.005464747,3.9288902597,4.065039405364096,Train
APEBED_clean,4.58202,3.62787,4.5574,1.65192,481.079,291.224,0.0,0.0,0.4828,0.292266,0.0,1,0.006976832,2.1567874619,2.4050501289928103,Test
APEBEE_clean,5.40727,4.06272,5.33928,1.31041,1192.91,910.333,0.0,0.0,0.513,0.391481,0.0,1,0.0058870144,2.9751987630000003,3.067957947155518,Test
APEBUU_clean,4.93858,3.80274,4.91529,1.49581,927.0,619.731,0.0,0.0,0.4876,0.325977,0.0,1,0.0029378477,1.9563713028,1.9484171162768154,Train
AQEQES_clean,5.6853,5.37606,5.64875,1.07587,1742.46,1619.58,0.0,0.0,0.6052,0.56252,0.0,0,0.0050378127,4.0186195773,4.044218265078632,Test
AQEQIW_clean,6.30636,5.13016,6.19765,1.10057,1724.95,1567.33,0.0,0.0,0.6202,0.563526,0.0,0,0.0058059793,4.4730558812,4.156652116099942,Test
AQIQAU_clean,7.60741,6.30843,7.59214,0.861714,1966.86,2282.5,0.0,0.0,0.658,0.763595,0.0,1,0.0035168151,4.1050820313,3.904323770835544,Test
AQIXUV_clean,8.64919,5.459,8.64919,0.934501,1104.45,1181.86,0.0,0.0,0.5626,0.602032,0.0,1,0.0016780501,1.8798568483,1.960100719246344,Test
AQOLEZ_clean,15.56875,9.80847,15.56875,0.777237,1278.3,1644.67,443.796,570.991,0.7198,0.926101,0.0,1,0.0045962934,4.3606359568,4.521115473259855,Test
AQOLID_clean,15.46142,7.44821,15.40352,1.15975,1222.53,1054.13,396.899,342.228,0.6494,0.559948,0.0,1,0.0042298581,3.3103819979000004,3.362159010494612,Train
AQOLUP_clean,15.5822,9.65924,15.5822,0.788284,1287.18,1632.89,417.804,530.017,0.712,0.903228,0.0,1,0.0047503655,4.2367554547,4.4779273512864,Test
AQOMAW_clean,15.65949,6.23259,15.65949,1.14479,1297.32,1133.23,389.885,340.573,0.648,0.566042,0.0,1,0.0039621127,3.3188718118,3.2851064248953703,Test
AQOMEA01_clean,15.71951,9.72839,15.71951,0.76692,1281.45,1670.9,425.267,554.513,0.7184,0.936734,0.0,1,0.0043389979,4.183031674,4.347865752251243,Test
AQOMEA_clean,15.83521,9.82464,15.8304,0.749306,1274.9,1701.44,431.482,575.842,0.7222,0.963826,0.0,1,0.0041591537,4.1619196276,4.284808371429571,Train
AQUCOF_clean,9.38154,5.59471,9.38154,1.04219,1955.75,1876.59,0.0,0.0,0.6824,0.654777,0.0,1,0.0021974749,2.6388747117,2.589170279409315,Test
AQUCOG_clean,11.41407,10.59979,11.41389,1.19971,1576.67,1314.22,0.0,0.0,0.6588,0.549134,0.0,1,0.0025139439,3.042037052,3.045486059882957,Test
AQUCUM_clean,11.51533,10.7235,11.51515,1.1988,1578.94,1317.1,0.0,0.0,0.662,0.55222,0.0,1,0.0024702464,3.1097833356,2.9838098779203617,Train
AQUDAS_clean,9.38408,5.62446,8.32943,1.03958,1962.23,1887.52,0.0,0.0,0.6752,0.649493,0.0,1,0.0022072291,2.6520344788,2.6139731998114746,Test
AQUDAT_clean,3.98099,3.46811,3.98099,1.656,229.295,138.463,0.0,0.0,0.3916,0.236474,0.0,1,0.0024356725,1.3080627645,1.2973755553237956,Train
AQUDEX_clean,4.02336,3.48999,4.02336,1.64794,245.164,148.77,0.0,0.0,0.3954,0.239936,0.0,1,0.0026390007,1.3109491715,1.3226106281449228,Train
AQUDIB_clean,11.3608,10.54479,11.3608,1.19943,1577.62,1315.3,0.0,0.0,0.659,0.549427,0.0,1,0.0024541942,3.0041513205,3.001973905102291,Test
AQUDOH_clean,4.03231,3.46877,4.03231,1.63524,245.521,150.143,0.0,0.0,0.397,0.242778,0.0,1,0.0024683756,1.330563942,1.2770087075192689,Test
ARADEE_clean,5.98273,5.3868,5.98273,1.18176,2613.25,2211.32,0.0,0.0,0.645,0.545797,0.0,1,0.0038895483,4.1591861109,3.880807561429427,Test
ARAFEF_clean,8.89536,8.62816,8.89536,0.837745,1861.72,2222.3,0.0,0.0,0.6918,0.825789,0.0,1,0.0035357198,4.3193577244,3.8831594374496787,Test
ARAFIJ_clean,7.45121,6.98768,7.45121,0.945343,1746.6,1847.59,0.0,0.0,0.6538,0.691601,0.0,1,0.0038398068,4.1746784113,4.160181688539277,Train
ARAFOP_clean,5.6675,5.04419,5.6675,1.1688,1345.58,1151.25,0.0,0.0,0.5694,0.487165,0.0,1,0.0041669365,2.824819155,3.012494569529125,Train
ARAGOR_clean,6.01834,3.95176,6.01834,1.15627,1427.45,1234.53,0.0,0.0,0.5724,0.49504,0.0,1,0.0044655314,3.3667642673,3.316344831694228,Train
ARINOF_clean,4.65727,3.54074,4.65727,1.16089,773.093,665.951,0.0,0.0,0.4696,0.404519,0.0,0,0.0039871834,2.3066738155,2.442764405912514,Test
ARINUL_clean,4.74057,3.91438,4.73173,1.12547,612.424,544.15,0.0,0.0,0.4952,0.439995,0.0,0,0.0034945769,2.2736576469,2.1229340765259215,Test
AROFAP_clean,6.18036,4.30595,6.18036,1.16997,1430.3,1222.5,0.0,0.0,0.575,0.491464,0.0,1,0.0075136864,4.0472073813,3.937919132441394,Test
AROFET_clean,8.28593,5.15676,8.15353,0.856166,2227.42,2601.62,0.0,0.0,0.6884,0.804049,0.0,1,0.0034931178,3.8520754523,3.919303218445645,Test
ARUYES_clean,5.37817,4.58095,5.37264,1.47856,1357.43,918.075,0.0,0.0,0.5162,0.349122,0.0,1,0.0057554706999999,3.2675244887,3.0260008182288933,Test
ARUYUH01_clean,4.94052,4.11721,4.9348,1.67517,1504.56,898.154,0.0,0.0,0.6094,0.363784,0.0,0,0.007323915,3.6263348775,3.599671001741582,Test
ARUYUH_clean,4.6223,3.84632,4.60163,1.67938,1300.59,774.446,0.0,0.0,0.5928,0.352987,0.0,0,0.0062088796999999,3.2567506332,3.2472259505461105,Train
ASACON_clean,6.42024,5.0837,6.41252,1.7783,988.209,555.703,0.0,0.0,0.4528,0.254625,0.0,1,0.0039508428999999,1.8787537238,2.079910260107325,Test
ASADAA_clean,5.76705,4.61254,5.76705,1.521,1240.97,815.894,0.0,0.0,0.5144,0.338199,0.0,0,0.0029620325,2.1905700913,2.1033340530219373,Test
ASAHEJ_clean,7.58274,6.68199,7.16375,2.10294,1485.76,706.516,0.0,0.0,0.5748,0.273331,0.0,1,0.000670797,0.8711063676999999,0.9014517496372494,Train
ASECUY_clean,6.38635,5.15151,6.24805,1.43745,1124.79,782.485,0.0,0.0,0.5026,0.349646,0.0,1,0.0021148322,1.8190996418,1.7524906215876945,Test
ASEJOZ01_clean,4.14952,3.66327,4.14952,1.74866,569.673,325.777,0.0,0.0,0.506,0.289365,0.0,1,0.0014088235999999,1.1135621691,1.1401845271196138,Train
ASEJOZ_clean,4.13262,3.6686,4.1292,1.75655,575.771,327.784,0.0,0.0,0.5006,0.28499,0.0,1,0.0014448694,1.1182507203,1.1786772128595193,Train
ASINAT_clean,9.7655,7.73483,9.74652,0.727417,1863.77,2562.17,0.0,0.0,0.6748,0.927666,0.0,1,0.0037811807,4.1382011771,4.180944220967492,Test
ASINEX_clean,12.53569,7.27061,12.47881,0.659976,1848.81,2801.34,0.0,0.0,0.7014,1.06277,0.0,1,0.0033714258,4.1484202754,4.062472444979521,Test
ASINIB_clean,12.40052,7.22634,12.40052,0.666065,1847.56,2773.85,0.0,0.0,0.713,1.07047,0.0,1,0.0034575365999999,4.1139044323,4.0763594768506195,Test
ASIQEA_clean,8.85063,6.25728,8.83155,0.902561,1517.6,1681.44,0.0,0.0,0.6232,0.69048,0.0,1,0.0028763643,3.397985878,3.273671218372253,Test
ASIQIE_clean,9.00205,6.2555,8.99942,0.893575,1516.45,1697.06,0.0,0.0,0.6152,0.688471,0.0,1,0.0028124045,3.4376592386,3.227431530609821,Train
ASIVAB_clean,12.32132,7.27063,11.94622,0.538243,2328.12,4325.4,0.0,0.0,0.795,1.47703,0.0,1,0.0032105508,4.3606399592,4.408565982525629,Train
ASOHUL_clean,6.56282,6.27917,6.55848,1.03902,1614.33,1553.7,0.0,0.0,0.6152,0.592095,0.0,0,0.0027163015,2.8056898644,2.865430668190006,Train
ASOSUY_clean,9.00116,4.32918,8.7971,0.897328,2289.34,2551.28,0.0,0.0,0.6734,0.75045,0.0,1,0.0062667654,5.2905858745,5.456313297642115,Test
ASOVEL_clean,5.72633,5.3133,5.71091,1.03379,949.896,918.849,0.0,0.0,0.495,0.478821,0.0,1,0.0035148117,2.623074987,2.561919310746047,Train
ASOYOY_clean,9.52144,5.9183,9.51707,0.828676,2119.74,2557.99,0.0,0.0,0.6796,0.820103,0.0,1,0.0037986634999999,3.9050506486,4.008505845933143,Test
ASUBIB_clean,6.13583,4.25508,6.12102,1.52116,1472.07,967.73,0.0,0.0,0.532,0.349733,0.0,1,0.0048636919,3.0650071744,3.0116832930762425,Train
ASUKEE01_clean,4.79531,3.45398,4.78239,1.18884,601.717,506.139,0.156486,0.131629,0.504,0.423944,0.0,1,0.0049040854,2.7194419509,2.60729594853366,Train
ASUKEE_clean,4.78914,3.45844,4.64139,1.18597,613.731,517.491,0.198684,0.167528,0.5058,0.426485,0.0,1,0.0049276943,2.7117415268,2.6001989381547066,Test
ASUWUI_clean,7.16113,4.73321,7.10699,1.15085,1085.85,943.517,0.0,0.0,0.5382,0.467654,0.0,1,0.003443473,2.684157548,2.5422176231535536,Train
ATAFIK_clean,6.40025,5.70377,6.3929,1.21508,2093.15,1722.65,0.0,0.0,0.6392,0.526057,0.0,1,0.0044968738,4.0861119354,4.02610423740856,Train
ATAYAX_clean,10.41989,5.8507,10.41891,0.781859,2402.26,3072.5,0.0,0.0,0.7182,0.91858,0.0,1,0.0049826301,5.1761799198,5.1326527996730125,Test
ATAYEB_clean,10.54748,5.75428,10.54661,0.825883,2349.73,2845.11,0.0,0.0,0.7048,0.853389,0.0,1,0.004656453,4.9590883509,4.840813902842059,Train
ATEYED_clean,7.47545,6.2198,7.47545,0.467817,3303.45,7061.42,0.0,0.0,0.7762,1.6592,0.0,1,0.0037814436,5.2405012135,5.173508292748817,Train
ATEYOP_clean,10.52737,8.16815,10.52737,0.722386,2397.76,3319.23,0.0,0.0,0.744,1.02992,0.0,1,0.0046001624,4.9339618342,4.89178938918997,Train
ATEYUV_clean,10.25531,8.1108,10.25531,0.751133,2430.54,3235.83,0.0,0.0,0.7324,0.975061,0.0,1,0.0050078596,5.0483175951,5.067109039164954,Train
ATEZAC_clean,10.53968,7.74023,10.53968,0.687634,2293.89,3335.91,0.0,0.0,0.7586,1.1032,0.0,1,0.003573503,4.4420344475,4.436425450565031,Train
ATIBAG_clean,4.88713,3.88543,4.88713,1.64828,882.041,535.129,0.0,0.0,0.4606,0.279443,0.0,0,0.0017563932,1.3408385864,1.3709382279325586,Train
ATIBOU01_clean,5.12784,4.01813,5.11026,1.59271,1003.99,630.367,0.0,0.0,0.4816,0.302377,0.0,0,0.0016653801,1.3735649827,1.4280586785369878,Test
ATIBOU02_clean,5.13844,4.03284,5.13064,1.58929,1001.62,630.232,0.0,0.0,0.4764,0.299756,0.0,0,0.0017372326,1.3545304700999998,1.4757468537029026,Test
ATIBOU_clean,4.75824,3.95303,4.75824,1.66268,883.495,531.369,0.0,0.0,0.4562,0.274376,0.0,0,0.0017372326,1.3513625753999998,1.3938128190842285,Train
ATIBUA_clean,4.92972,3.79229,4.92858,1.6758,825.852,492.811,0.0,0.0,0.4524,0.269961,0.0,0,0.0016813473999999,1.3241496571,1.3254815955387993,Train
ATICAH_clean,5.2478,3.97372,5.19698,1.59515,971.718,609.171,0.0,0.0,0.4788,0.30016,0.0,0,0.0017244588,1.331210358,1.426010467689985,Test
ATICEL_clean,4.9438,3.91943,4.9438,1.60993,940.703,584.311,0.0,0.0,0.4708,0.292434,0.0,0,0.0016094948999999,1.294107349,1.3854082623185455,Test
ATIJUJ_manual,17.44029,16.95439,17.44029,0.753394,1262.36,1675.56,0.0,0.0,0.7098,0.942136,0.0,1,0.0010673778,1.5290571265,1.552828375897579,Test
ATIRUS_clean,4.46122,3.66446,4.46122,2.04969,327.839,159.946,0.0,0.0,0.4254,0.207544,0.0,1,0.0004311582,0.4499886505,0.40017538443941225,Train
ATIXAE_clean,6.03489,5.11879,6.02804,1.08037,1988.86,1840.92,0.0,0.0,0.5946,0.550369,0.0,1,0.0034766121999999,3.3098368117000003,3.2845290608365563,Train
ATIXUX_clean,4.75983,4.08689,4.75983,1.55048,933.775,602.248,10.5817,6.82478,0.5034,0.324673,0.0,0,0.0062571169999999,3.1803338194,2.6696920664952635,Test
ATOGEV_clean,5.55487,4.3075,5.55487,1.61783,1414.83,874.522,0.0,0.0,0.6026,0.372475,0.0,0,0.0053097879,2.9074186586,3.0616195407271234,Test
ATOWIQ_clean,9.54888,7.69493,9.54888,0.866747,1781.33,2055.19,0.0,0.0,0.6812,0.785928,0.0,1,0.0033851349,4.1147985085,3.8617769161279383,Train
ATOWOW_clean,9.60606,7.73922,9.60387,0.865497,1776.39,2052.45,0.0,0.0,0.6816,0.787524,0.0,1,0.003233078,4.0746405383,3.7950424324316767,Train
ATULIM_clean,4.7399,4.20115,4.72096,1.75805,590.761,336.032,0.0,0.0,0.3948,0.224567,0.0,0,0.0063213387,1.4525440571,1.5852362876583779,Train
ATUXIY_clean,5.42434,3.78722,5.41357,1.56042,1520.84,974.637,0.0,0.0,0.5342,0.342345,0.0,1,0.0052693657,3.4075741204,3.144333399328482,Test
AVAGIP_clean,4.84155,4.68679,4.83529,1.40449,799.444,569.206,0.0,0.0,0.4578,0.325955,0.0,1,0.0019330946,1.4991761471,1.4930550497149722,Train
AVAGOV_clean,4.8139,4.57423,4.8139,1.40471,790.723,562.91,0.0,0.0,0.4598,0.327328,0.0,1,0.0019866854,1.5518328797999998,1.5306741371987806,Train
AVAGUB_clean,4.77305,4.26622,4.76857,1.33788,1125.79,841.477,0.0,0.0,0.484,0.361768,0.0,1,0.0017866771,1.70885567,1.7123655193828358,Train
AVAJUE_clean,37.52571,19.54108,37.52571,0.164116,999.284,6088.87,0.0,0.0,0.9304,5.66915,0.0,1,0.0042581186,6.4419066419,6.306991266871564,Train
AVAKAL_clean,26.25291,12.57512,26.25291,0.207415,1259.45,6072.13,0.0,0.0,0.913,4.40181,0.0,1,0.0040834955,5.5738280401,5.645068981683838,Train
AVAKEP_clean,25.17564,12.49369,25.17564,0.244994,1420.93,5799.87,0.0,0.0,0.8902,3.63356,0.0,1,0.0040947369,5.490927586000001,5.664670527639775,Test
AVAQIX01_clean,5.36267,3.61603,5.3498,1.32796,1049.23,790.108,0.0,0.0,0.535,0.402873,0.0,1,0.0099737013,3.8029230778,3.691913440604605,Train
AVAQIX_clean,5.44587,3.64311,5.44587,1.30707,1099.34,841.068,0.0,0.0,0.5528,0.42293,0.0,1,0.0098612433999999,3.8131757331,3.83857030307278,Train
AVEHAM_clean,4.51878,3.91316,4.51878,1.20992,526.263,434.955,0.0,0.0,0.4704,0.388785,0.0,0,0.0033346606,1.8937271966,1.8806541537272286,Test
AVELOD_clean,8.08398,4.98141,8.08398,0.915242,1686.35,1842.51,0.0,0.0,0.6036,0.659498,0.0,1,0.0027832432,3.1542021666,3.1348137121454913,Train
AVELUJ_clean,8.10638,4.88927,8.10638,0.902679,1696.47,1879.38,0.0,0.0,0.605,0.670227,0.0,1,0.0029122878,3.2528307112,3.1837605038562327,Test
AVEMAQ_clean,7.89565,4.97897,7.87662,0.907269,1685.58,1857.86,0.0,0.0,0.6116,0.674111,0.0,1,0.0026878584999999,2.9857619552,2.963287348739486,Train
AVEQID_clean,7.54994,6.22752,7.22874,0.801255,2259.4,2819.83,0.0,0.0,0.702,0.876126,0.0,1,0.0044988135,5.2208264788,4.950744183823356,Test
AVESOL_clean,5.87217,4.28231,5.84929,0.954537,2386.36,2500.02,0.0,0.0,0.6616,0.693111,0.0,1,0.0088322818999999,6.7898225838,6.302537460094991,Test
AVESUR_clean,6.33732,4.06042,6.33561,1.18458,2288.74,1932.12,0.0,0.0,0.6222,0.525251,0.0,1,0.0050316313,4.4786943615,4.246838405350918,Test
AVETEC_clean,5.69318,3.49916,5.67679,1.19478,1755.51,1469.31,2.63176,2.20271,0.6268,0.524615,0.0,0,0.0081954442,5.395798377699999,5.329595941699123,Train
AVEVEE_clean,4.17515,3.43562,4.17515,1.60472,795.582,495.775,0.0,0.0,0.4962,0.309212,0.0,0,0.0039517265999999,2.4212135395,2.4605840518577473,Train
AVIHIY_clean,6.88379,6.45442,6.88379,1.62124,1571.08,969.06,0.0,0.0,0.5722,0.35294,0.0,0,0.0038021609999999,2.883430465,3.000493579135033,Test
AVIHOE_clean,6.82367,6.45553,6.82367,1.66276,1569.85,944.123,0.0,0.0,0.5622,0.338112,0.0,0,0.0037672186,2.8877485169,2.8798343056733104,Train
AVILEY_clean,25.42698,10.76844,22.57889,0.654082,1604.18,2452.57,0.0,0.0,0.8422,1.28761,0.0,1,0.0017910766,2.4802147843,2.438032648841833,Train
AVIMIC_clean,5.83174,5.68454,5.8285,1.51867,600.182,395.202,0.0,0.0,0.4036,0.265759,0.0,0,0.0019937574,1.0287472963,1.2738996789853831,Test
AVIMOI_clean,5.73292,4.38571,5.54624,1.22616,1137.64,927.807,0.0,0.0,0.5176,0.422132,0.0,1,0.0075933206999999,3.0646817608,3.319561258126026,Test
AVIMUO_clean,5.70679,3.6399,5.68672,1.24095,795.076,640.701,0.0545715,0.0439757,0.4934,0.397599,0.0,1,0.0039942047,2.3704673297,2.2830491182786217,Train
AVIPAX_clean,7.26399,5.25081,7.26386,0.96381,1855.66,1925.33,0.0,0.0,0.5882,0.610286,0.0,1,0.0057635615,4.3977465401,4.483286173817199,Train
AVIPOL_clean,6.57451,5.5873,6.57451,0.939158,1727.44,1839.35,0.0,0.0,0.604,0.64313,0.0,1,0.0052960970999999,4.5430998709,4.660876582058158,Test
AVITUU_clean,11.69294,6.93274,11.69294,0.710904,1782.6,2507.52,25.4741,35.8333,0.6994,0.983817,0.0,0,0.0046358747,5.0695911237,4.432104826740751,Test
AVIVAC_clean,11.84006,7.39815,11.84006,0.73653,1721.91,2337.87,62.4247,84.7552,0.713,0.968053,0.0,1,0.004217407,4.6685602558,4.354349697899613,Train
AVIVEG_clean,11.84801,7.36492,11.84801,0.733043,1723.96,2351.79,66.007,90.0452,0.716,0.97675,0.0,1,0.0043064082,4.7106765532,4.2987857989849365,Test
AVIVIK_clean,11.79938,6.70311,11.79938,0.734288,1705.89,2323.19,141.576,192.807,0.7142,0.972643,0.0,1,0.0044250764,4.6341933072,4.193725495550835,Test
AVIVOQ_clean,11.94166,7.13512,11.94166,0.709142,1885.38,2658.68,0.0,0.0,0.7218,1.01785,0.0,1,0.0045109548,4.6996279149,4.542451249319971,Train
AVIVUW_clean,12.04076,6.91892,12.04076,0.729779,1690.09,2315.89,127.81,175.136,0.7162,0.981393,0.0,1,0.0042876710999999,4.6119070983,4.154648236494462,Test
AVUCEA_clean,10.64181,4.52481,5.22943,0.89363,2280.68,2552.15,0.0,0.0,0.6776,0.758256,0.0,1,0.0048836881,4.7877553251,4.708853683866792,Train
AVUDAX_clean,5.88567,3.71625,5.47513,0.998153,1603.89,1606.86,0.0,0.0,0.5746,0.575663,0.0,1,0.0032788504,2.9536852868,3.0886618421346306,Test
AWAGEL_clean,8.54501,7.28684,8.54501,0.99094,1266.94,1278.53,0.0,0.0,0.599,0.604476,0.0,1,0.0023005423999999,2.7127217258,2.5825831576348115,Train
AWAGOV_clean,8.03493,4.40002,8.02722,1.14872,740.321,644.475,67.7082,58.9423,0.4848,0.422035,0.0,1,0.0033892905,2.1983043280000003,2.19832040566561,Test
AWAHEM_clean,7.6574,4.85724,7.65488,2.1582,1774.85,822.374,0.0,0.0,0.6144,0.284682,0.0,1,0.0009552388999999,1.1370533689,1.1344685524074984,Train
AWAKEQ_clean,5.66517,3.68033,5.65855,1.19573,631.039,527.745,0.0,0.0,0.5032,0.420832,0.0,1,0.0021263123,1.3537940215000002,1.459824312008928,Train
AWASAU_clean,4.69319,4.39635,4.67513,2.36864,953.131,402.396,0.0,0.0,0.479,0.202226,0.0,1,0.0015403189,1.1233296094,1.138580014236274,Train
AWASEY_clean,12.05091,7.26209,12.03698,1.15771,1906.22,1646.54,0.0,0.0,0.7186,0.620707,0.0,1,0.0011481778,1.5144181545,1.562987841622548,Train
AWASOI_clean,5.09655,4.11557,4.6794,2.36169,945.621,400.401,0.0,0.0,0.4824,0.204261,0.0,1,0.0013905144,1.0794594544,1.0516661564131553,Train
AWAWUR_clean,9.42427,4.27216,9.42427,0.982453,1582.3,1610.56,0.0,0.0,0.6066,0.617434,0.0,1,0.0041308806,3.4639523288,3.685347352460506,Train
AWEGEP_clean,6.08144,3.63724,6.07038,2.1577,1410.66,653.78,0.0,0.0,0.573,0.265561,0.0,1,0.0009841721,1.0780594633,1.1909284808281475,Test
AWEJIW_clean,10.88001,10.50387,10.88001,1.19375,1315.8,1102.24,0.0,0.0,0.6004,0.502953,0.0,1,0.0039408299,2.689409939,2.956703749698962,Test
AWEVIJ_clean,10.6197,8.65931,10.61387,0.747212,1607.37,2151.16,0.0,0.0,0.6408,0.857588,0.0,1,0.0046551808,3.6427308601,3.9185543123601723,Train
AWEZOS01_clean,5.84706,3.42755,5.84706,1.53516,287.064,186.993,30.7793,20.0495,0.4222,0.27502,0.0,1,0.0010981968,0.4710752614,0.48592244364882164,Train
AWEZOS_clean,5.8274,3.41984,5.8274,1.53516,283.608,184.741,30.6343,19.9551,0.4216,0.274629,0.0,1,0.0011027099,0.4670630822,0.485180455602948,Train
AWIBAK_clean,5.84822,3.40416,5.84822,1.53516,287.757,187.444,30.381,19.7901,0.4208,0.274108,0.0,1,0.0012313342999999,0.4761006397999999,0.5705034669417004,Train
AWIBAL_clean,4.9496,4.4506,4.9496,1.68807,1040.45,616.352,0.0,0.0,0.482,0.285533,0.0,1,0.0055647478,2.6536331624,2.4723385176543675,Train
AWIBEO_clean,5.87793,3.52185,5.87695,1.56801,309.299,197.256,17.3334,11.0544,0.4132,0.263519,0.0,1,0.0007209658999999,0.4542284252,0.46904520834855834,Train
AWIBIS_clean,5.87895,3.53481,5.87895,1.56101,324.784,208.06,18.8769,12.0927,0.4176,0.267519,0.0,1,0.0007828261,0.4609741331,0.47075925776874694,Train
AWOFOI_clean,5.44554,4.19244,5.4181,1.31908,2093.99,1587.46,0.0,0.0,0.5974,0.452892,0.0,1,0.0044745329,3.8652777956,3.662909547730826,Train
AWUPAL_clean,18.42063,9.23563,18.42063,0.348553,1743.14,5001.08,0.0,0.0,0.8538,2.44956,0.0,1,0.0035454094,5.1719351543,4.998715787298492,Test
AXAFAG_clean,6.59817,6.13172,6.59498,2.82524,1689.3,597.93,0.0,0.0,0.606,0.214495,0.0,1,0.0008945944999999,1.0317105651,0.9752656488258333,Train
AXIMUP_clean,8.06476,5.62993,7.88344,0.749362,2380.21,3176.31,0.0,0.0,0.7064,0.942669,0.0,1,0.0031685089,3.690645599,4.142484968758284,Test
AXINAX01_clean,19.47488,13.27772,19.47462,0.402001,1509.07,3753.89,0.0,0.0,0.8346,2.07611,0.0,1,0.0035958563,4.3395238418,4.654027040913467,Test
AXINEA_clean,5.37744,3.53202,5.37744,1.38918,653.213,470.214,0.0,0.0,0.4478,0.322348,0.0,0,0.0037197432,1.5506775452,1.5630908437928115,Test
AXINIF_clean,9.6188,8.65235,9.60052,0.750661,2213.56,2948.81,0.0,0.0,0.6692,0.891481,0.0,1,0.0048860728,5.0415721763,4.772488173801146,Test
AXIPEE01_clean,6.81111,4.3641,6.75959,1.50078,1988.24,1324.81,0.0,0.0,0.6082,0.405257,0.0,1,0.0022086219,2.2507681209,2.2887733356743745,Train
AXIPEE02_clean,6.48792,4.04495,6.46524,1.63435,1656.81,1013.74,0.0,0.0,0.5904,0.361245,0.0,1,0.0023844129,2.1757767499000003,2.138773622217319,Test
AXIPEE03_clean,6.5428,4.0805,6.53621,1.61298,1706.94,1058.25,0.0,0.0,0.59,0.365782,0.0,1,0.0022780130999999,2.1769815128,2.237114435065291,Test
AXIPEE_clean,6.41608,3.94175,6.40902,1.68088,1551.99,923.32,0.0,0.0,0.574,0.341488,0.0,1,0.0024068824,2.131653216,2.0940021706928564,Test
AXUBAW_manual,14.24572,5.52422,14.23389,0.741721,1799.0,2425.44,0.0,0.0,0.7126,0.960739,0.0,0,0.0024612342999999,3.2292293232,2.968664159317032,Test
AXUBOL_clean,7.85983,4.2994,7.19513,1.05112,1083.88,1031.17,529.841,504.074,0.6054,0.575959,0.0,0,0.0051885143,3.9514638794,4.03001335208791,Train
AXUHAD_clean,9.91084,4.94321,9.90364,0.792408,1603.43,2023.49,0.0,0.0,0.6302,0.795297,0.0,1,0.0029892649,3.4092424518,3.4426050722845516,Train
AXUHEH_clean,7.21454,5.63203,7.19196,1.06453,1024.66,962.545,0.0,0.0,0.4958,0.465746,0.0,1,0.0041443063,2.0490474685,2.4003820822857858,Train
AYOQEM_clean,12.16451,6.87343,12.16451,0.774775,2322.28,2997.35,0.0,0.0,0.7066,0.912006,0.0,1,0.0033524845,4.2153940876,4.264547363528727,Test
AYOXUJ_clean,6.31092,5.4451,6.31092,1.11362,828.348,743.833,0.0,0.0,0.4926,0.442341,0.0,1,0.0011564576,1.2707362681,1.2721531933042198,Test
AYUJIP_clean,12.69936,7.89199,12.69936,1.08786,1666.19,1531.63,0.0,0.0,0.6204,0.570296,0.0,1,0.003027644,2.5123864038,2.733869864110556,Train
AZAFIS_clean,4.56554,4.01347,4.56554,1.5219,1198.03,787.192,0.0,0.0,0.5324,0.349826,0.0,1,0.0055039961,2.8346961425,3.0224797112381596,Train
AZAVOO_clean,5.27678,3.99297,4.86471,1.01321,1059.99,1046.17,0.0,0.0,0.5368,0.529802,0.0,1,0.0089106639,4.0149815992,3.875260692052261,Test
AZAVUU_clean,5.48228,4.93668,5.47166,1.18498,1132.58,955.777,0.0,0.0,0.5306,0.44777,0.0,1,0.0074152275,3.2940432057,3.295362625356427,Train
AZAWAB_clean,5.65614,4.89759,5.3467,1.11309,1245.12,1118.62,0.0,0.0,0.5586,0.501848,0.0,1,0.0058237503,3.43753157,3.259797832106271,Test
AZEBUE_clean,5.44142,4.51467,5.32983,1.81828,1092.81,601.015,0.0,0.0,0.5076,0.279165,0.0,1,0.0055486878,2.232593146,2.3150473613832094,Test
AZEWEH_clean,4.13891,3.52594,4.05476,2.44574,369.977,151.274,133.125,54.4315,0.4542,0.185711,0.0,1,0.0035403436,1.3238721533,1.726402766534663,Test
AZIVAI_clean,7.0547,5.80911,7.0547,0.682418,2610.44,3825.28,0.0,0.0,0.715,1.04774,0.0,1,0.0044760959,5.3849711562,5.365869840320175,Test
AZIXUD_clean,5.99991,4.88169,5.99991,1.10463,1885.15,1706.59,0.0,0.0,0.6184,0.559825,0.0,1,0.0048605551,4.2328325425,3.9613787693782636,Test
BACGAQ_clean,5.16583,4.20229,5.16583,1.16624,909.575,779.923,0.0,0.0,0.5142,0.440905,0.0,0,0.0042596401,2.4236574274,2.4034963166551013,Train
BADYAJ_clean,8.60576,7.13629,8.60576,0.984728,1990.18,2021.04,0.0,0.0,0.6528,0.662924,0.0,0,0.0027073915,3.1872662651,3.1168543974344445,Train
BAEDTA01_clean,5.34617,4.27166,5.33175,2.14248,360.006,168.032,116.013,54.1487,0.3902,0.182125,0.0,1,0.0032596899,1.0540964188,1.1758893553473218,Train
BAFHAU_clean,9.02635,7.37185,9.02635,0.858551,2348.05,2734.89,0.0,0.0,0.738,0.859588,0.0,0,0.0011807425,1.6909677604,1.8126265310280225,Train
BAKGIF_manual,7.54763,6.30914,7.54763,1.01674,1528.77,1503.6,0.0,0.0,0.6098,0.599757,0.0,0,0.0026339096,2.9459504202,2.895842683385578,Train
BAKJEE_clean,6.44764,5.41267,6.44764,0.918977,2207.44,2402.06,0.0,0.0,0.6406,0.69708,0.0,1,0.0051253376,4.7408721806,4.770269266669682,Train
BAKJII_clean,6.19215,5.21845,6.19129,0.959339,2059.17,2146.44,0.0,0.0,0.6236,0.650031,0.0,0,0.0064894141,5.4111363387,5.229646915818611,Train
BAKJOO_clean,7.70901,5.72948,7.70901,1.0049,1743.18,1734.69,0.0,0.0,0.6112,0.608223,0.0,1,0.0040290824,4.0271835533,3.9865431375655733,Train
BAKYOE_clean,7.11646,6.19226,7.11412,1.03097,1502.21,1457.08,0.0,0.0,0.5848,0.56723,0.0,0,0.0050819716,4.2785879101,4.283510355991124,Test
BAMKIM_clean,6.79615,5.75134,6.79615,1.10764,1482.92,1338.8,0.0,0.0,0.5666,0.511536,0.0,1,0.0018284608,2.2117546326,2.1497519074515465,Train
BAMKOS_clean,6.76349,5.81846,6.76349,1.11335,1511.81,1357.89,0.0,0.0,0.5736,0.515203,0.0,1,0.0020434676,2.3545209259,2.3008636583943236,Test
BANMAG_clean,8.68497,7.44113,8.68497,1.37401,1122.97,817.297,0.0,0.0,0.5786,0.421103,0.0,1,0.0006543017,0.8811223773000001,0.8383535298934892,Test
BAPDAA_clean,12.36039,11.54677,12.35976,1.38142,1564.69,1132.67,0.0,0.0,0.6892,0.498906,0.0,1,0.0019826051999999,2.5018820004,2.09376703647739,Test
BAQWIC_clean,8.02487,5.97028,8.01109,1.63849,1438.26,877.793,0.0,0.0,0.5894,0.359721,0.0,1,0.000915395,1.1268620255,1.0588473689003244,Test
BARZUR_clean,5.4946,5.30289,5.4946,0.925783,1729.65,1868.31,0.0,0.0,0.6062,0.654797,0.0,1,0.0071938573,4.5220114404,5.100772327534753,Test
BASJUB_clean,5.47244,4.59142,5.38091,1.03022,1558.36,1512.66,0.0,0.0,0.5602,0.54377,0.0,0,0.0052956264,3.7193205523,3.815514517314149,Train
BAWROI_clean,13.54985,9.13066,13.54893,0.629882,1979.75,3143.05,0.0,0.0,0.7794,1.23737,0.0,1,0.0032267047999999,3.8367497726,4.083135359650588,Test
BAWRUO_clean,7.29901,5.68693,7.29887,2.71918,1447.8,532.44,20.7388,7.62687,0.5782,0.212638,0.0,1,0.0012442292,1.3022875546,1.1452328169488095,Test
BAXFIR01_clean,4.08461,3.48945,4.06863,1.30493,544.936,417.597,0.0,0.0,0.4766,0.36523,0.0,0,0.0042423447,3.0656077866,2.5404072643635214,Test
BAXFIR02_clean,4.03285,3.42273,4.0125,1.31623,519.268,394.513,0.0,0.0,0.474,0.360121,0.0,0,0.0042793958,3.1292800084,2.3298360007835095,Test
BAXSIE_clean,5.31376,5.06628,5.30265,1.49933,912.911,608.879,0.0,0.0,0.437,0.291463,0.0,1,0.0045673222,2.200924152,2.097008736816874,Test
BAZFUF01_clean,20.14565,8.54605,20.14565,0.342062,1831.33,5353.8,0.0,0.0,0.863,2.52293,0.0,1,0.0032193612,4.6947898318,4.712000833714617,Test
BAZFUF_clean,20.24597,8.58384,20.24597,0.340053,1825.41,5368.02,0.0,0.0,0.8648,2.54313,0.0,1,0.003181088,4.7088346077,4.673424496021218,Train
BAZGAM_clean,42.79818,24.24061,42.79818,0.126526,810.47,6405.57,0.0,0.0,0.9392,7.42299,0.0,1,0.004858283,7.6253716509,6.629209649155682,Test
BAZGEQ_clean,27.24034,13.9632,26.75245,0.334895,1602.49,4785.05,0.0,0.0,0.8624,2.57514,0.0,1,0.0034654914,4.7964902083,4.851751439132129,Test
BAZJET_clean,13.37019,12.10117,13.37019,0.621294,2143.77,3450.5,0.0,0.0,0.742,1.19428,0.0,1,0.0038608804,4.6824361805,4.509136833904403,Test
BAZJIX_clean,8.75902,7.46421,8.75317,0.770453,2094.53,2718.57,0.0,0.0,0.676,0.877405,0.0,1,0.004225498,4.2032179107,4.449356775479993,Train
BEDYEQ_clean,33.05863,31.49051,33.05863,0.462445,1416.09,3062.18,0.0,0.0,0.8292,1.79308,0.000432484,1,0.0031240698,4.2644170978,3.9110080585937492,Test
BEFGEA_manual,9.2615,6.75088,8.75247,0.652591,2421.36,3710.38,0.0,0.0,0.722,1.10636,0.0,0,0.0046798392999999,5.2518717742000005,5.334998501938544,Train
BEFLUV_clean,5.75316,3.83896,5.75316,1.56773,551.699,351.91,132.515,84.5269,0.4868,0.310514,0.0,1,0.0706001614,4.3778079153,4.308852380095064,Train
BEFMAC_clean,5.39704,3.47321,5.39704,1.51705,1003.1,661.215,0.0,0.0,0.5144,0.339079,0.0,0,0.0622721525,6.360578705599999,6.0361459398677635,Train
BEJZAS_clean,4.75514,3.65279,4.718,1.35569,1756.76,1295.84,0.0,0.0,0.628,0.463233,0.0,0,0.0044688079,3.5362246394,3.608162946545593,Train
BELJIL_clean,7.21036,5.21436,7.21036,1.28754,867.89,674.07,0.0,0.0,0.459,0.356494,0.0,1,0.0015497463,1.5426307577,1.3731730331468672,Test
BELTOD_clean,5.92256,4.27878,5.89247,1.03427,1509.77,1459.74,0.0802539,0.0775946,0.5748,0.555753,0.0,1,0.0048701019,3.6647440809,3.6371192627270714,Test
BELTUJ_clean,5.64744,4.1969,5.5822,1.08566,1393.43,1283.49,0.0,0.0,0.5582,0.51416,0.0,1,0.0051191255,3.5403095056,3.4180928937280908,Test
BENXUP_clean,4.10218,3.42336,4.09595,1.4733,653.043,443.252,0.0,0.0,0.4814,0.32675,0.0,1,0.0047270939,2.510732801,2.6514365678864866,Test
BENZOL_clean,5.62502,3.68781,5.62502,1.15041,1146.89,996.943,0.0,0.0,0.4858,0.422284,0.0,1,0.0054735573,3.1444001941,3.054129269551252,Test
BENZUR_clean,5.75474,3.70828,5.75474,1.24694,1151.54,923.496,0.0,0.0,0.5016,0.402265,0.0,1,0.0046775354,2.7892432261,2.9748211551815644,Test
BEPBAB_clean,5.3188,3.97632,5.3188,1.04154,1135.05,1089.78,0.0,0.0,0.473,0.454133,0.0,1,0.0060199575,3.303007617,3.3464544952906903,Train
BEPLUF_clean,10.54661,10.45745,10.54661,0.882268,1351.9,1532.3,0.0,0.0,0.655,0.742405,0.0,1,0.0015330845,1.9867412117,1.9608812954963384,Train
BEPMAM_clean,10.35764,10.23297,10.35764,0.893987,1370.16,1532.64,0.0,0.0,0.63,0.704708,0.0,1,0.0014990159,1.9823917943,2.0039999071652117,Train
BEPMIU_clean,10.07029,9.95473,10.07029,1.02149,1143.41,1119.35,0.0,0.0,0.6036,0.590899,0.0,0,0.0011406373,1.4692252001,1.4592411978221311,Train
BEPNIV_clean,10.32219,10.19883,10.32219,0.893387,1335.35,1494.71,0.0,0.0,0.6494,0.726897,0.0,1,0.0015365772,1.9499563665,1.973676368081286,Train
BEPNOB_clean,10.36311,10.23127,10.36311,0.890303,1334.01,1498.37,0.0,0.0,0.6478,0.727618,0.0,1,0.0015764883,1.9067383513,2.0626555413528096,Train
BEPNUH_clean,10.32563,10.2098,10.32563,1.16569,1103.61,946.742,0.0,0.0,0.6056,0.519521,0.0,0,0.0011384741,1.4714841387,1.5280654322958565,Test
BEPPAP_clean,9.9082,9.78954,9.90791,1.03173,1157.48,1121.89,0.0,0.0,0.5902,0.57205,0.0,0,0.0011455966,1.4481754819,1.418474863434774,Train
BEPPIX_clean,9.77409,9.63706,9.77409,0.990438,1290.67,1303.13,0.0,0.0,0.592,0.597716,0.0,1,0.0013371445,1.8376923799,1.7157466230415486,Test
BEPPOD_clean,10.03622,9.89092,10.03622,0.960732,1283.35,1335.81,0.0,0.0,0.613,0.638055,0.0,1,0.0015184969,1.8882764525,1.942381925498517,Test
BEPREV01_clean,6.64209,5.02845,6.632,0.808218,2539.09,3141.59,0.0,0.0,0.6368,0.787906,0.0,0,0.0075755655,6.6641136491,6.581905102145704,Test
BEPREV02_clean,7.19383,5.44633,7.19383,0.766283,2502.2,3265.37,0.0,0.0,0.6548,0.854514,0.0,0,0.0066634118,6.4334340487,6.533931175485759,Test
BEPREV03_clean,6.75186,5.16957,6.7451,0.798706,2519.19,3154.09,0.0,0.0,0.64,0.801296,0.0,0,0.0073743774,6.6120467631,6.566164210359426,Train
BEPREV_clean,6.75364,5.16047,6.74991,0.798706,2521.08,3156.46,0.0,0.0,0.6402,0.801547,0.0,0,0.007316895,6.589203589199999,6.57087956657112,Test
BEPRIZ_clean,10.21454,6.03558,10.21454,0.764371,2087.31,2730.76,0.0,0.0,0.673,0.880463,0.0,0,0.0040021894,4.8092503027,4.4539637563987196,Test
BEPROF_clean,8.00306,5.96794,8.00133,0.730038,2383.55,3264.96,0.0,0.0,0.687,0.941046,0.0,0,0.0048378657,5.5766593786000005,5.446385118707378,Train
BEPVEZ_clean,5.76875,4.44638,5.76422,1.26954,947.431,746.277,0.0,0.0,0.5084,0.400459,0.0,1,0.0021667794,1.5289074401,1.6485232336542919,Train
BEPVID_clean,5.29029,4.21546,5.29029,1.30564,829.286,635.159,0.0,0.0,0.5122,0.392299,0.0,1,0.0022472129,1.5278322579,1.6039367349943991,Test
BEPVOJ01_clean,5.12362,3.97858,5.12362,1.3287,794.481,597.937,0.0,0.0,0.5126,0.38579,0.0,1,0.0024885133,1.4673347925,1.6289283741639726,Train
BEPVOJ_clean,4.87498,3.77095,4.87498,1.35072,712.934,527.818,0.0,0.0,0.5034,0.37269,0.0,1,0.0024310608,1.4279749166999998,1.630993840807909,Test
BEPWEA_clean,4.94352,3.50226,4.94123,1.37749,785.436,570.193,0.160637,0.116616,0.4914,0.356735,0.0,1,0.0007498646,0.9375779267,0.8565021363450209,Train
BETDAH_clean,6.20265,4.35013,6.20265,1.16306,2339.54,2011.54,0.0,0.0,0.6178,0.531186,0.0,1,0.0052966383,4.125984578500001,4.325294974796016,Test
BETDEL_clean,6.19335,4.27368,6.19335,1.1646,2251.25,1933.07,0.0,0.0,0.6174,0.530141,0.0,1,0.0051126826,4.2148849482,4.110887592688141,Train
BETDIP_clean,6.11094,3.88458,6.10684,1.1806,2108.93,1786.32,0.0,0.0,0.6132,0.519398,0.0,1,0.0053863564,4.2255529382,4.2351859788491035,Train
BETDUB_clean,6.03659,3.7841,6.03659,1.16905,1945.06,1663.8,0.0,0.0,0.6102,0.521964,0.0,1,0.0052083017,4.062389717099999,4.073281015384479,Train
BETFAJ_clean,6.19267,4.31969,6.19,1.11108,2308.45,2077.66,0.0,0.0,0.6196,0.557654,0.0,1,0.005468354,4.2724557363,4.313660128383673,Train
BETFEN_clean,6.20622,4.32109,6.20622,1.07862,2315.47,2146.71,0.0,0.0,0.6288,0.582969,0.0,1,0.0055183529,4.3216230707,4.518467125662614,Test
BETFUD_clean,6.14614,4.2626,6.11668,1.06295,2329.37,2191.42,0.0,0.0,0.6258,0.58874,0.0,1,0.0053522691,4.3131332521,4.484014808469265,Train
BETGAK_clean,6.1095,4.21478,5.89063,1.06153,2331.97,2196.8,0.0,0.0,0.6284,0.591977,0.0,1,0.0054339491,4.3547825415,4.586086630758732,Test
BETGEO_clean,15.21578,5.06222,15.21578,1.31768,1287.77,977.304,381.116,289.233,0.6412,0.486614,0.0,1,0.0035636067,2.5037647021,2.7336601100510207,Test
BETGIS_clean,14.00278,4.06192,14.00278,1.35807,1041.82,767.136,450.295,331.571,0.6224,0.458298,0.0,1,0.0025323839,2.2151441519,2.2481821864193403,Train
BETGOY_clean,15.16495,5.42937,15.16495,1.28137,1222.88,954.353,401.433,313.284,0.472,0.368356,0.11956,1,0.0028020791,2.5266837458,2.1982277591936814,Test
BETGUE_clean,15.53135,9.65919,15.53135,0.735216,1298.07,1765.57,466.651,634.712,0.7352,0.999978,0.0,1,0.0032984161,3.7395495325,3.9008263780044485,Test
BETHEP_clean,15.93969,5.38602,15.93969,1.55026,1210.88,781.08,479.733,309.453,0.6876,0.443538,0.0,1,0.0019264872,2.0925369772,2.0561063004719817,Train
BETHIT_clean,16.17666,10.50859,16.17666,0.819587,1287.14,1570.48,480.797,586.633,0.7656,0.934129,0.0,1,0.0025034573,3.1773739853,2.964949054454528,Test
BETZOR_clean,7.75357,4.72091,7.64098,1.06732,1559.59,1461.22,0.0,0.0,0.5544,0.519432,0.0,1,0.0057907333999999,3.5336455126,3.868571102738745,Test
BEWVOQ_clean,10.23635,8.28637,9.99929,0.717556,2413.7,3363.78,0.0,0.0,0.7708,1.0742,0.0,0,0.0015639399,2.3740944532,2.3336998555413233,Test
BEWWEH_clean,9.01955,7.89385,9.01955,0.713962,2373.05,3323.78,0.0,0.0,0.7674,1.07485,0.0,0,0.0015162073999999,2.2506119925,2.1782725537001157,Test
BEXPAX_clean,6.17717,5.82599,6.17717,0.749009,3226.03,4307.06,0.0,0.0,0.7082,0.945516,0.0,1,0.0067873973,7.082859666799999,7.14379271539406,Test
BEXQIF_clean,8.04962,5.28644,8.01765,0.683962,2466.36,3605.99,0.0,0.0,0.7172,1.0486,0.0,0,0.0023440279,3.1523339910000003,3.1009186512441773,Train
BEXQOL_clean,8.04915,5.31359,8.00625,0.699237,2471.17,3534.09,0.0,0.0,0.7174,1.02598,0.0,0,0.0020950206,2.7483022646,2.8139424855307884,Train
BEXQUR_clean,8.07729,5.36514,8.07375,0.705667,2478.07,3511.67,0.0,0.0,0.72,1.02031,0.0,0,0.0022024344,2.8312739935000004,2.8959452751490393,Test
BEXRAY_clean,8.11263,5.64009,8.11263,0.639388,2590.56,4051.63,0.0,0.0,0.7392,1.15611,0.0,0,0.0021332403,2.7967676094,2.8506368524976198,Test
BEXREC_clean,8.13134,5.54983,8.13134,0.665352,2617.27,3933.67,0.0,0.0,0.7388,1.11039,0.0,0,0.0022520457999999,2.8978146019,3.0024083869873377,Train
BEXRIG_clean,8.16514,5.60091,8.16514,0.67222,2617.75,3894.19,0.0,0.0,0.7394,1.09994,0.0,0,0.0022450229,2.9452935744,2.9967496560093636,Test
BEXRUT_clean,6.49399,4.71424,6.45917,1.07075,1422.45,1328.47,0.0,0.0,0.585,0.546348,0.0,1,0.0030089873,2.8779607947000003,2.8597856068359815,Test
BEXSAA_clean,6.21678,4.72062,6.15067,0.992771,1456.96,1467.57,0.0,0.0,0.5884,0.592684,0.0,1,0.0030797341,2.9261851052,2.97641533790523,Train
BEXSEE_clean,6.49176,4.26641,6.49176,1.04973,1376.89,1311.66,0.0,0.0,0.5628,0.536136,0.0,1,0.0030356198999999,2.8541484924,2.807754662980914,Train
BEXSII_clean,6.27069,4.79422,6.26455,0.943025,2150.91,2280.86,0.0,0.0,0.668,0.708359,0.0,1,0.0050640405,4.6382769976,4.619507545498254,Train
BEXVEH_clean,9.97626,6.15688,9.95158,0.782835,2372.61,3030.79,0.0,0.0,0.7306,0.933274,0.0,1,0.0040939369,4.6552680936,4.755816631937706,Train
BEYKEX_clean,5.23694,3.82822,5.23519,1.91723,1689.31,881.121,0.0,0.0,0.5532,0.288542,0.0,1,0.0016184968,1.6622979816,1.5841759285558261,Test
BEYSEF_clean,5.61731,4.74798,5.61731,1.17978,1409.15,1194.41,0.0,0.0,0.5534,0.469069,0.0,0,0.0020275722,2.2671192469,2.0543962953774737,Test
BIBXIV_clean,18.4936,4.06846,18.4936,0.9977,1657.17,1660.99,0.0,0.0,0.7322,0.733888,0.0,0,0.0032173610999999,3.8422606695,3.310287618544415,Test
BIBXOB_clean,19.69299,7.98654,19.69299,0.409554,1997.19,4876.5,0.0,0.0,0.826,2.01683,0.000488336,0,0.0029010315,4.123385161,4.151779250586248,Test
BIBXUH_clean,14.73899,5.12647,14.73899,0.739806,2068.95,2796.6,0.0,0.0,0.7088,0.958089,0.00108136,0,0.0030925540999999,4.0142107191,3.9499693115226995,Train
BICPOT_clean,7.30922,6.53578,7.30892,1.59286,1232.22,773.59,12.3074,7.72661,0.5162,0.324071,0.0,0,0.0330046379999999,5.803989325800001,5.746043602948047,Train
BICPUA_clean,13.79678,9.90606,13.29085,0.543859,2105.6,3871.6,0.0,0.0,0.815,1.49855,0.0,1,0.0027392202,4.0166025512,3.7922915869429303,Test
BIFGOO_clean,10.87246,9.01928,10.87246,1.75205,1220.8,696.781,0.0,0.0,0.5534,0.315858,0.0,1,0.0008539064,1.0485540222,1.0202125143201362,Test
BIFKEI_clean,5.92703,4.3432,5.92703,1.02128,2025.04,1982.84,0.0,0.0,0.6088,0.596113,0.0,1,0.0049774180999999,4.0922377724,4.199846295147548,Train
BIGZUO_clean,21.72315,20.98793,21.52659,0.308304,1399.52,4539.4,0.0,0.0,0.9064,2.93995,0.0,1,0.0025240139,3.5597349269,3.7474819083753363,Test
BIHBAX_clean,18.57439,17.55669,18.57439,0.321672,1460.76,4541.16,0.0,0.0,0.8984,2.79291,0.0,1,0.0023980677,3.5076745949,3.5166828961168632,Train
BIJDUV_clean,8.61386,5.69718,8.42708,0.896671,1704.44,1900.85,0.0,0.0,0.6122,0.682747,0.0,1,0.0030626121,3.0693003271,3.3255621091904546,Train
BIMDEF_clean,4.67684,3.43732,4.67684,1.38964,1289.29,927.79,0.0,0.0,0.5428,0.390606,0.0,1,0.0057606775,3.506379028,3.3400078073299393,Test
BIMDIL_clean,5.20728,3.51213,5.20728,1.39622,1478.14,1058.67,0.0,0.0,0.539,0.386042,0.0,1,0.0067566825,3.8197527053,3.634751091817963,Train
BINCUY_manual,13.3117,8.62623,13.3117,0.583969,2196.14,3760.71,0.0,0.0,0.7246,1.24082,0.0,0,0.00332738,4.201377162,4.248035660776778,Train
BINDAF_manual,13.14316,8.49712,13.14316,0.600599,2185.42,3638.73,0.0,0.0,0.7212,1.2008,0.0,0,0.0035642996,4.2735951753,4.4506996749904975,Test
BINROH_clean,21.31368,10.23686,21.31368,0.503862,1906.53,3783.82,0.0,0.0,0.7964,1.58059,0.0,1,0.0044701803,4.8737861939,4.946152292551251,Train
BINRUN_clean,21.10286,10.09364,21.09225,0.511736,1907.73,3727.96,0.0,0.0,0.7778,1.51992,0.0,1,0.0045753225,5.0732967393,4.984406216358641,Test
BINSAU_clean,21.88013,9.52705,21.05522,0.471575,1883.78,3994.65,0.0,0.0,0.7874,1.66972,0.0,1,0.0041121563,4.8867527827,4.968799819360387,Test
BIPLIX_clean,7.36646,5.75458,7.16866,1.07595,1632.15,1516.94,0.0,0.0,0.6014,0.558949,0.0,1,0.0022962203,2.4926761613,2.585499939794373,Test
BIPSUQ_clean,18.61448,16.92881,18.61448,0.43749,1960.32,4480.84,0.0,0.0,0.8374,1.9141,0.0,1,0.0026599346,4.0929190727,3.778959453135999,Test
BIQHEQ_clean,4.74191,3.53352,4.74191,1.13318,1109.52,979.12,0.0,0.0,0.542,0.478299,0.0,1,0.0079071392,3.849766368,3.8629125261159167,Train
BIQVII_clean,5.22147,4.62031,5.22147,1.62242,863.635,532.315,0.0,0.0,0.4264,0.262818,0.0,1,0.0028606338,1.7531570608000002,1.71647094841873,Train
BIRMUM_clean,5.54904,4.6855,5.54904,1.2621,494.559,391.853,0.0,0.0,0.4238,0.335789,0.0,1,0.0015379577,1.1424498434,0.9046401393236918,Test
BIRSEC_clean,6.48832,4.86094,6.48832,1.33798,1247.05,932.038,0.0,0.0,0.5134,0.383713,0.0,1,0.0031697112,2.3412352162,2.4527942756569323,Test
BIRSIG_clean,6.37536,4.74657,6.37536,1.3786,1214.29,880.813,0.0,0.0,0.4994,0.362252,0.0,1,0.0037033601,2.3886843848,2.456398115567151,Train
BIWSEG_ion_b,29.73511,11.96997,29.73511,0.466941,1434.98,3073.15,0.0,0.0,0.843,1.80537,0.0,1,0.0029653891999999,3.2586138376,3.758714231936864,Test
BIWSIK_ion_b,18.63687,3.90699,18.63687,0.676975,1941.67,2868.16,0.0,0.0,0.7214,1.06562,0.0,0,0.0033721887,3.9479949359,4.087492007271809,Test
BIWYAH10_clean,7.2461,5.52874,7.11386,0.722295,2876.07,3981.85,0.0,0.0,0.7574,1.0486,0.0,1,0.0015365122,2.1351495414,2.055003863867812,Test
BIXXIR_clean,6.61997,3.93876,6.61997,3.35504,1248.51,372.13,0.0,0.0,0.4698,0.140028,0.0,1,0.0006800089,0.7541964593000001,0.7137760040650742,Train
BIXYEO_clean,6.67369,4.00375,6.66785,3.33858,1267.68,379.707,0.0,0.0,0.4688,0.140419,0.0,1,0.0007110818,0.7587674689,0.7430960034176533,Train
BIYSUZ_clean,8.31867,7.50799,8.23674,1.3283,1507.88,1135.19,0.0,0.0,0.5826,0.438604,0.0,1,0.0019240201999999,2.0512197194,2.1509960527694707,Test
BIYTAG_clean,8.33704,7.53322,8.33704,1.33737,1512.13,1130.67,0.0,0.0,0.5802,0.433835,0.0,1,0.0016802779,2.0512184222,1.9354525195671897,Test
BIYTOU_clean,7.95789,5.70379,7.949,1.02105,1875.01,1836.36,0.0,0.0,0.6212,0.608393,0.0,1,0.0033747866999999,3.3966239248,3.636376704035974,Test
BIYVEM_clean,7.9618,7.16704,7.94594,1.42154,1501.18,1056.02,0.0,0.0,0.5718,0.402241,0.0,1,0.0017783282,1.9710511118,1.9684890478949295,Test
BIYVIQ_clean,8.9412,8.20862,8.9412,1.41865,1440.37,1015.31,0.0,0.0,0.5976,0.421246,0.0,1,0.001734167,1.8261864183,1.8900908071905271,Test
BIZLUT_clean,8.11197,6.3971,8.1065,0.849879,2006.01,2360.34,0.0,0.0,0.6572,0.773287,0.0,0,0.0043761854,4.2666493541,4.546184527224037,Test
BIZMAA_clean,8.82584,6.80117,8.82584,0.838203,2031.61,2423.76,0.0,0.0,0.6668,0.795512,0.0,0,0.0043841348999999,4.3203896843,4.431193913390277,Train
BIZMEE_clean,8.33004,6.47185,8.30636,0.855248,2017.93,2359.47,0.0,0.0,0.661,0.772875,0.0,0,0.0043872782,4.301452128999999,4.530838304404254,Test
BIZMII_clean,8.09188,6.36998,8.09188,0.865187,2004.99,2317.41,0.0,0.0,0.6566,0.758911,0.0,0,0.0044633565,4.28024004,4.602445313473556,Test
BOCKOT_clean,4.81526,3.42101,4.526,1.37869,1402.34,1017.16,0.0,0.0,0.5962,0.43244,0.0,1,0.002118256,2.2047500625,2.1812667327385986,Train
BOHJOZ_auto,7.4485,3.57263,7.4485,1.57117,1415.9,901.179,0.0,0.0,0.557,0.354513,0.000254588,0,0.0002967553,0.4427532387,0.47194840420263917,Train
BOJCIN_clean,5.54889,5.25047,5.54889,1.10605,695.341,628.668,98.2069,88.7903,0.5312,0.480266,0.0,0,0.0021822977,1.690248334,1.8386973460329161,Test
BOKQEZ_clean,7.07757,4.49353,7.07641,1.32957,1554.46,1169.14,0.0,0.0,0.5416,0.407349,0.0,1,0.0019751048,2.1698639186,2.1560294148390193,Train
BOLPAU_clean,7.91374,5.10301,7.55666,0.900168,2008.9,2231.69,0.0,0.0,0.6468,0.718533,0.0,1,0.0055698319,4.7449541858,4.8543318851458945,Train
BOLZIN_clean,18.71247,7.75585,17.49896,0.466942,1971.58,4222.32,0.0,0.0,0.8076,1.72955,0.0,0,0.0030254823,4.1937644131,4.221793524443088,Test
BOMCOX_clean,5.96735,4.28567,5.96735,1.1236,1334.13,1187.38,0.0,0.0,0.5368,0.477752,0.0,1,0.0050394511999999,3.3760576225,3.374501442156115,Test
BOPHIZ_clean,6.90751,5.24121,6.77761,1.23618,1521.62,1230.9,0.0,0.0,0.572,0.462715,0.0,1,0.0050776236,3.7024889259,3.5107613252558116,Test
BOVHEB_clean,5.76843,4.22597,5.76235,1.21128,1167.42,963.79,0.0,0.0,0.531,0.43838,0.0,1,0.0133274188999999,3.8264457027,3.9067324151090816,Train
BOWDIC_clean,7.01096,4.61744,6.88238,1.0069,1455.4,1445.42,181.324,180.081,0.5804,0.57642,0.0,1,0.0059182155,3.9330958899,3.8369892697886296,Test
BOWNUY_clean,15.52711,9.99848,15.50545,0.770284,1323.45,1718.13,449.917,584.092,0.7344,0.953414,0.0,1,0.0031936716999999,3.649985031,3.763220859102458,Test
BOWRAH_clean,4.51959,4.0875,4.51959,2.30989,576.12,249.414,0.0,0.0,0.3594,0.155592,0.0,1,0.0242401150999999,1.7662893019,1.8435817666513374,Train
BOWZUK_clean,8.36121,7.81351,8.30025,0.894084,1398.32,1563.97,0.0,0.0,0.6136,0.686289,0.0,1,0.0027264031,3.115574614,3.027817715502345,Train
BOXFOK_clean,18.0621,10.42327,18.0621,0.790526,1355.07,1714.14,197.917,250.36,0.69,0.872836,0.0,1,0.0058775601,2.946568791,3.038348792325992,Train
BOXYIY_clean,4.39053,3.85775,4.38747,1.58321,405.121,255.886,388.713,245.521,0.5092,0.321625,0.0,0,0.0030202802,2.1858821668,2.0948184335907163,Test
BOYCEY_auto,12.37213,6.12785,11.76706,0.613909,2396.05,3902.93,0.0,0.0,0.7532,1.22689,0.0,1,0.0050479332,4.9322256746,5.084076639076923,Train
BOYTEQ_clean,4.92609,4.59373,4.92609,1.2701,571.535,449.993,0.0,0.0,0.42,0.330683,0.0,0,0.0044572749,1.6273017326,1.6437858063886983,Test
BOYYOF_clean,9.47252,6.48081,9.47252,1.142,1531.96,1341.47,0.0,0.0,0.5924,0.518737,0.0,1,0.0018105327,2.082338789,2.198791334492175,Test
BOZFIH_clean,5.87158,4.75385,5.8575,1.05542,1850.88,1753.69,0.0,0.0,0.6,0.568494,0.0,1,0.0065919970999999,4.3917830844,4.670629688235341,Test
BOZFON_clean,6.15469,4.01567,6.15002,1.24414,1139.51,915.903,0.0,0.0,0.502,0.403491,0.0,1,0.0048937215,2.6875392438,2.921503056376281,Test
BUBQOE_clean,4.52128,3.65213,4.52128,2.72539,937.142,343.857,0.0,0.0,0.5338,0.195862,0.0,1,0.0017668014,1.2135935195999998,1.3239348921838894,Train
BUBTUP_clean,7.20698,3.66387,7.20698,1.23952,885.576,714.451,0.0,0.0,0.5112,0.412418,0.0,1,0.002661002,2.2794496892,1.9336143260214096,Test
BUCSEY_clean,4.71556,3.52125,4.69979,1.38457,757.197,546.884,0.91517,0.66098,0.4988,0.360257,0.0,1,0.0043274211,2.3697028948,2.386482222275289,Train
BUCVAY_clean,5.36914,3.4206,5.36914,1.22099,548.684,449.375,0.0,0.0,0.4634,0.379527,0.0,1,0.0050208091999999,1.7249635358000002,1.8829881631257712,Test
BUCWAZ_clean,8.06989,6.31772,7.96603,0.986571,2261.23,2292.01,0.0,0.0,0.6822,0.691486,0.0,1,0.003439357,3.5811971543,3.6819378806580376,Train
BUGSAY_clean,4.67913,4.1432,4.67313,1.68326,1087.13,645.849,0.0,0.0,0.5314,0.315696,0.0,1,0.0013784009,1.2909037171,1.3375865596905807,Test
BUGSEC_clean,4.72085,4.19082,4.71595,1.60879,1101.18,684.479,0.0,0.0,0.538,0.334413,0.0,1,0.0014183595999999,1.3055467918,1.3824241742568895,Test
BUGSIG_clean,4.72751,4.18275,4.72118,1.638,1097.7,670.147,0.0,0.0,0.5356,0.326984,0.0,1,0.0013534037,1.2917571507,1.3300340498100847,Test
BUGSOM_clean,4.69508,4.16375,4.68969,1.65941,1093.22,658.798,0.0,0.0,0.5332,0.321319,0.0,1,0.0013730776,1.2938219594,1.3365753641235731,Test
BUKMUQ01_clean,5.90111,4.73838,5.90111,0.853512,2933.47,3436.94,0.0,0.0,0.7038,0.824593,0.0,1,0.0040128058,4.998916733,4.767270757732356,Train
BUKRUW01_clean,10.63994,5.17607,10.63994,0.946218,2406.2,2542.96,0.0,0.0,0.7374,0.779313,0.0,1,0.0023028776,3.12291746,3.0017999089381693,Test
BUKRUW02_clean,10.18784,5.8011,10.17435,0.90051,2432.65,2701.41,0.0,0.0,0.7394,0.821091,0.0,1,0.0022005454999999,3.0679134201,2.954302244160167,Train
BUKRUW03_clean,10.56885,5.12331,10.56885,0.827757,2720.18,3286.2,0.0,0.0,0.764,0.922976,0.0,1,0.0020945708,2.8535036695,2.933468294796437,Test
BUKYAJ_clean,5.10209,3.53964,5.09477,0.92244,1064.13,1153.61,0.0,0.0,0.5144,0.557651,0.0,0,0.0086898756,4.2247992395,4.115850459070182,Test
BULBER_clean,7.8305,4.27284,7.79516,1.49467,1437.06,961.456,0.0,0.0,0.5544,0.370918,0.0,1,0.0019517965,1.9809273738,2.001041758486819,Test
BUNKUS_clean,39.11063,37.47642,39.11063,0.375289,1307.21,3483.2,0.0,0.0,0.8658,2.30702,0.0,1,0.0031111336,4.1360606274,4.120608413566904,Train
BUNLAZ_clean,38.39638,36.09316,38.39638,0.330751,1417.57,4285.91,0.0,0.0,0.8776,2.65335,0.0,1,0.0033689559,4.7567840133,4.71701854417753,Train
BUPVEP_clean,8.00881,3.79594,6.88527,1.70124,1586.52,932.564,97.3647,57.2315,0.582,0.342103,0.00105805,0,0.0014930531,1.6541780508,1.6354882256920773,Train
BUQWER_clean,5.03897,4.14527,5.03897,1.26322,872.21,690.465,0.0,0.0,0.5016,0.39708,0.0,1,0.008260388,3.0849863814,3.1403659945025417,Test
BURJOO_clean,5.25312,4.62411,5.25312,1.36621,795.034,581.927,0.0,0.0,0.4348,0.318253,0.0,0,0.0029730912,1.8195639356,1.672752143925629,Test
BURQIQ_clean,8.30102,5.43995,8.30102,0.998622,1908.3,1910.93,0.0,0.0,0.629,0.629868,0.0,1,0.0049517112,4.0067665666000005,4.514325533484387,Test
BUSNAF_clean,7.07895,5.43293,7.07895,1.23597,749.429,606.348,0.0,0.0,0.4656,0.376708,0.0,0,0.0015994335,1.4022414346,1.4880023143404921,Train
BUSQEM_clean,5.28773,3.7404,5.27624,0.951333,772.872,812.409,527.0,553.959,0.565,0.593903,0.0,0,0.0129024895999999,5.0933267248,5.11331036556094,Train
BUSQIQ_clean,4.44057,3.72721,4.4272,1.56982,999.031,636.398,0.0,0.0,0.4302,0.274044,0.0,0,0.0520268969,3.9880384023,4.142512761258151,Train
BUSRUE_clean,6.9387,5.51917,6.92321,1.06823,1491.74,1396.46,0.0,0.0,0.5618,0.525916,0.0,0,0.0054567315,4.0116211944,4.174533311512187,Test
BUVHEH_clean,4.88072,3.66399,4.88072,1.23567,2100.31,1699.73,0.0,0.0,0.5996,0.485242,0.0,1,0.0036997378,3.5047429623000004,3.516509971547275,Test
BUVWOF02_clean,7.02744,5.38791,7.02744,1.22872,811.616,660.538,0.0,0.0,0.4574,0.372258,0.0,0,0.0014546918,1.5478017755000002,1.434153084521588,Train
BUVWOF03_clean,7.08217,5.70931,7.08217,1.19421,800.187,670.058,0.0,0.0,0.4798,0.401773,0.0,0,0.0018051781,1.7644398063,1.6977342821283226,Train
BUVXOG_clean,6.82532,5.20998,6.82532,1.26745,776.672,612.785,0.0,0.0,0.469,0.370036,0.0,0,0.0015046621,1.4934132371000002,1.3706083573868313,Test
BUVYEX_clean,7.01349,5.55881,7.01349,1.21167,786.339,648.971,0.0,0.0,0.4712,0.388885,0.0,0,0.0017510435999999,1.7686164929,1.6408770718683063,Test
BUVYIB01_clean,10.81747,8.62628,10.81747,0.682989,2289.3,3351.88,0.0,0.0,0.7066,1.03457,0.0,0,0.0056633039,5.6359895583,5.514570010761053,Train
BUVYIB_clean,10.88811,8.55613,10.38381,0.702067,2220.12,3162.26,0.0,0.0,0.6958,0.991073,0.0,0,0.0060769472,5.5832791901,5.466106253490722,Test
BUWLUC_clean,5.18793,3.64341,5.18793,1.32106,1477.38,1118.33,1.23611,0.935694,0.6038,0.457058,0.0,1,0.0015610895999999,1.7151174084,1.7175950659775274,Train
BUWMAJ_clean,5.16551,3.78381,5.16551,1.21126,1971.74,1627.85,16.6796,13.7705,0.662,0.54654,0.0,1,0.0017050220999999,2.2158698216,2.0917947288263607,Test
BUWMEN_clean,5.23161,3.83405,5.2282,1.19035,2065.33,1735.06,0.0,0.0,0.6496,0.545721,0.0,1,0.001846948,2.302944477,2.25106274662575,Train
BUWMIR_clean,5.20646,3.81875,5.20646,1.17377,2092.97,1783.12,2.40975,2.053,0.6684,0.569448,0.0,1,0.0016364615,2.2963137739,2.0939531516630625,Test
BUXNOZ_clean,11.48655,6.30332,11.4793,0.804674,2171.28,2698.33,0.0,0.0,0.7258,0.90198,0.0,1,0.003722151,3.949654124,4.08095099610165,Train
BUXTOF_clean,5.10112,3.76343,4.43149,1.37664,488.999,355.212,519.913,377.668,0.5386,0.391242,0.0,1,0.0075617557,3.7327808965,3.6959599620842907,Train
BUXZAX_clean,33.37685,31.81617,33.36969,0.55548,1448.92,2608.41,0.0,0.0,0.8332,1.49996,0.000360049,1,0.0025487036,3.4456811217000003,3.337475716768977,Train
c4ce00408f_c4ce00408f2_clean,12.62762,5.23882,12.62762,1.04827,1808.67,1725.39,210.803,201.096,0.6818,0.650406,0.0,1,0.0061729487,3.5123121508,3.9313377271692844,Test
c4dt03702b_c4dt03702b2_clean,8.83143,6.21194,8.83143,0.592358,2322.31,3920.45,0.0,0.0,0.7494,1.26511,0.0,0,0.0030275263,3.9789502911,4.052101318579903,Test
c5cc04223b_c5cc04223b2_clean,12.29704,9.67035,12.2571,0.522428,2226.93,4262.65,0.0,0.0,0.794,1.51983,0.0,1,0.003004233,4.1466052669,4.141131875493556,Train
c5cc09432a_c5cc09432a2_clean,7.04652,4.99124,7.03394,1.10591,1252.19,1132.28,0.0,0.0,0.53,0.479244,0.0,1,0.003873123,3.1658510695,2.9726015831115133,Train
c5cc10203k_c5cc10203k2_clean,16.11055,7.03802,16.11055,0.497,2186.45,4399.29,0.0,0.0,0.7782,1.5658,0.0,1,0.0040985490999999,5.4651100332,5.214643671477148,Test
c5ce00862j_c5ce00862j2_clean,7.29772,5.9904,7.16104,1.02623,1329.56,1295.58,0.0,0.0,0.5566,0.542374,0.0,0,0.0042844988,3.4621082257,3.4731288960212323,Train
c5ce01948f_c5ce01948f2_clean,5.17559,4.77124,5.17559,1.89554,519.58,274.107,0.0,0.0,0.3868,0.204058,0.0,0,0.0010892397,0.7203191773000001,0.7047545603868595,Train
c5ce02194d_c5ce02194d2_clean,6.92785,5.95944,6.79754,0.95198,1569.85,1649.04,0.0,0.0,0.5884,0.61808,0.0,1,0.0049330979,3.7351621381,4.333652453898697,Test
c5cp03920g_c5cp03920g2_clean,8.5781,4.08235,8.5781,1.22102,1656.3,1356.48,0.0,0.0,0.5914,0.484347,0.000163797,0,0.0035730871999999,2.6946135552,2.93142027977985,Train
c5dt03091a_c5dt03091a2_clean,12.70758,7.22422,12.62907,0.840959,1997.99,2375.84,0.0,0.0,0.7324,0.87091,0.0,0,0.0018428581,2.5665387993,2.4337395603171563,Test
c5gc02393a_c5gc02393a2_clean,5.4044,4.48945,5.38726,1.33709,1164.94,871.248,14.4818,10.8309,0.513,0.383669,0.0,1,0.0039681754,2.7904224722000004,2.7738024757930826,Train
c5nj01930c_c5nj01930c2_clean,5.64911,4.27538,5.64911,1.35969,1108.37,815.17,0.0,0.0,0.4986,0.366702,0.0,1,0.0047919797999999,2.6780368086,2.6517425656378575,Train
c5nj02634b_c5nj02634b2_clean,6.56089,5.15548,6.36711,0.972386,1739.81,1789.21,0.0,0.0,0.6012,0.618273,0.0,1,0.0052992405,4.2186742419,4.492227073438206,Test
c5sc03494a_c5sc03494a2_clean,6.21978,5.55178,6.21978,0.911359,2530.42,2776.54,0.0,0.0,0.701,0.769181,0.0,0,0.0060612526,5.945892935599999,5.9763910153971525,Train
c5ta04989j_c5ta04989j2_clean,7.09855,5.91102,7.08643,1.4765,1374.61,930.993,0.0,0.0,0.5276,0.357332,0.0,1,0.0036262215,3.0434001764,2.8461344296477757,Test
c6cc00862c_c6cc00862c2_clean,8.00553,6.19741,8.00553,0.932782,1633.12,1750.81,0.0,0.0,0.6212,0.665964,0.0,1,0.0050688782,4.7944077562,4.510254396790775,Test
c6cc02494g_c6cc02494g1_clean,11.72847,10.48758,11.72847,1.03086,1570.44,1523.42,0.0,0.0,0.6508,0.631316,0.0,1,0.0020961122,2.7260491342,2.6914156059483423,Train
c6cc02494g_c6cc02494g3_clean,11.9944,10.81728,11.9944,1.03032,1587.16,1540.45,0.0,0.0,0.6594,0.639995,0.0,1,0.002391572,2.9603829033,2.8988571189833334,Train
c6cc02494g_c6cc02494g4_clean,11.99779,10.81941,11.9905,1.02929,1587.08,1541.92,0.0,0.0,0.6598,0.641025,0.0,1,0.0023419844,2.9394744686000003,2.8971416367474765,Train
c6cc02494g_c6cc02494g5_clean,11.54428,10.77033,11.54428,1.02257,1607.9,1572.4,0.0,0.0,0.664,0.649342,0.0,1,0.0022615385999999,2.8777070488,2.8442673580344024,Test
c6cc02494g_c6cc02494g6_clean,11.73822,10.49789,11.73822,1.02922,1570.21,1525.64,0.0,0.0,0.6512,0.632715,0.0,1,0.0020950791,2.7169095066000004,2.6769143199815018,Train
c6ce00126b_c6ce00126b2_clean,5.67441,4.44258,5.66536,1.13028,1138.37,1007.16,0.0,0.0,0.5446,0.481828,0.0,1,0.0110165712999999,3.7256774288,3.9638352964658616,Test
c6ce00141f_c6ce00141f2_clean,9.56221,8.33336,9.07575,0.705297,1946.55,2759.91,0.0,0.0,0.6886,0.976327,0.0,0,0.0037520827,4.308814958999999,4.383050638258897,Test
c6ce00407e_c6ce00407e1_clean,15.77585,8.21654,15.76128,0.595584,2156.28,3620.44,0.0,0.0,0.7746,1.30057,0.0,1,0.0034363828,4.0301299198,4.452382686993727,Test
c6ce00407e_c6ce00407e2_clean,12.56279,7.41464,12.35901,0.699904,2125.04,3036.19,0.0,0.0,0.7334,1.04786,0.0,1,0.0032155461999999,3.6398228759,4.091672214374927,Test
c6ce00407e_c6ce00407e3_clean,12.83222,6.18664,12.83222,0.918215,2210.46,2407.34,0.0,0.0,0.7204,0.784565,0.0,1,0.0057140201,4.3204243064,4.399965011548399,Train
c6ce00407e_c6ce00407e4_clean,54.27623,28.17362,54.19829,0.0636525,512.685,8054.44,0.0,0.0,0.9694,15.2296,0.0,0,0.0084056,12.2740438597,12.236349229411006,Train
c6ce00407e_c6ce00407e7_clean,33.68342,15.87888,33.68342,0.207465,1336.6,6442.53,0.0,0.0,0.9124,4.39786,0.0,1,0.0044855106,5.8233636566,6.027512699563731,Train
c6ce00407e_c6ce00407e8_clean,6.42415,4.65473,6.4148,0.850252,2400.69,2823.5,0.0,0.0,0.6736,0.792235,0.0,1,0.0042519694,4.7511469291,4.749665125712276,Train
c6ce00407e_c6ce00407e9_clean,13.32178,10.04301,13.32178,0.313342,1952.24,6230.37,0.0,0.0,0.8528,2.72162,0.0,1,0.0028181023,3.9770526407,4.316006785483546,Test
c6dt03852b_c6dt03852b2_clean,13.14811,11.57992,13.14609,0.737977,1944.6,2635.04,0.0,0.0,0.7482,1.01385,0.000271011,1,0.0035563282,3.5248027154000003,3.7933024653070806,Test
c6ta00429f_c6ta00429f2_clean,15.86893,5.53957,7.79231,0.722489,2062.25,2854.37,0.0,0.0,0.6916,0.957247,0.000276821,0,0.003111065,3.7250474196,3.793768596244185,Train
CABJOH_clean,4.53725,3.92462,4.47478,1.06179,1786.16,1682.21,0.0,0.0,0.5552,0.522889,0.0,1,0.0094796118999999,5.6337821202,5.775271244191551,Train
CACBUG_clean,4.28617,3.67636,4.28617,1.29935,625.637,481.501,0.0,0.0,0.4628,0.356178,0.0,1,0.0014867241,1.4493794583,1.328527553382469,Test
CADPII_clean,5.83331,5.05627,5.83331,2.03698,286.725,140.76,0.0,0.0,0.351,0.172314,0.0,1,0.0022090841,0.635429819,0.790274837087507,Test
CADQAB_clean,6.63883,4.78268,6.63883,1.11548,2206.23,1977.84,0.0,0.0,0.6348,0.569083,0.0,1,0.0039350048,3.8033981032,3.8989827005451922,Train
CADQOP_clean,6.71582,4.81933,6.71582,1.09675,2218.01,2022.35,0.0,0.0,0.6388,0.58245,0.0,1,0.0034957496999999,3.5017130776,3.523821873976177,Train
CADZIT_clean,4.17501,3.53659,4.16494,1.26214,543.593,430.693,0.0,0.0,0.4638,0.367472,0.0,0,0.0025159506,2.2034149775,1.797591306849701,Test
CAGSAG_clean,9.02799,5.29308,7.06322,0.961699,2031.62,2112.53,9.03866,9.39864,0.6624,0.688781,0.0,1,0.0047410408,4.3604585107,4.441776111692155,Test
CAGXIU_clean,5.87273,4.76439,5.85793,1.68022,875.321,520.957,0.0,0.0,0.4288,0.255205,0.0,0,0.0051191465,2.0984155569,1.9959790855081845,Train
CAJQEL_clean,13.93661,8.23046,13.93661,0.705662,2053.08,2909.44,0.0,0.0,0.7554,1.07048,0.0,1,0.0056294395,4.5976935694,4.989346582930408,Test
CAJQIP_clean,13.27741,7.61293,13.27741,0.545408,2173.64,3985.35,0.0,0.0,0.787,1.44296,0.0,1,0.0044529982,4.7056821115,4.814992231894014,Train
CAJWIV_ion_b,6.19996,3.79741,6.11559,1.07892,1261.13,1168.88,0.0,0.0,0.546,0.50606,0.0,1,0.0056571563,3.6641553124,3.584673743371488,Test
CANRIU_clean,6.98874,4.43531,6.97328,0.861557,1846.01,2142.64,0.0,0.0,0.6044,0.70152,0.0,1,0.006372722,4.5943464828,4.65606476785014,Train
CANROA_clean,6.93935,4.21694,6.93935,0.944373,1810.25,1916.88,0.0,0.0,0.5966,0.631742,0.0,1,0.0051445656,4.0007862719,4.280009507526087,Train
CANRUG_clean,6.57321,4.9271,6.57235,0.884567,1797.13,2031.65,0.0,0.0,0.588,0.664732,0.0,1,0.0060784711,5.1543740706,4.682623428708403,Test
CANYIB_clean,8.93125,8.46949,8.93125,1.07172,1754.82,1637.38,0.0,0.0,0.614,0.572909,0.0,1,0.0032119758,3.2766448452,3.2759200963346937,Train
CAPLOX_clean,6.59085,5.37966,6.59085,1.11008,2109.4,1900.22,0.0,0.0,0.6376,0.574371,0.0,1,0.0045241054,4.0461041815,4.085724225503454,Train
CAQCAZ_clean,6.29148,5.67839,6.29148,1.73371,1423.23,820.916,0.0,0.0,0.5114,0.294974,0.0,0,0.0088994777,3.6442101662,3.4805648972950145,Train
CARGEI_clean,4.10808,3.65886,4.09677,3.44333,235.863,68.4985,0.0,0.0,0.3342,0.0970573,0.0,1,9.45984e-05,0.1235845916,0.16230954279787735,Train
CASTEW_clean,6.08438,5.45003,6.05599,1.74666,1447.28,828.595,0.0,0.0,0.5044,0.288779,0.0,0,0.0097347691,3.5939702977,3.4784986610165745,Test
CAVMOD_clean,10.28847,9.36955,10.28847,0.959454,1312.84,1368.32,0.0,0.0,0.585,0.609722,0.0,1,0.0035428432,2.8572751869,3.0551963149673442,Test
CAVNOE_clean,5.24143,4.75286,5.24143,1.73091,867.69,501.29,0.0,0.0,0.4214,0.243455,0.0,0,0.0049079557,1.9596578595,1.8242313912613748,Test
CAVPEW_manual,20.25907,7.7782,20.25907,0.40269,1930.55,4794.14,0.0,0.0,0.8198,2.03581,0.0,0,0.0031801266,4.5044793518,4.551520616343528,Train
CAVPIA_manual,19.92035,7.75151,19.86628,0.416148,1969.69,4733.15,0.0,0.0,0.8146,1.95748,0.0,0,0.0031485742,4.4375819169,4.446016046113013,Test
CAVPUM_manual,20.42812,7.78019,20.42812,0.407456,1942.56,4767.53,0.0,0.0,0.8202,2.01298,0.0,1,0.003319963,4.6259163974,4.650872494126318,Train
CAVRAU_clean,8.06449,6.42877,8.06449,0.994088,1841.55,1852.5,0.0,0.0,0.6396,0.643404,0.0,1,0.0067071718999999,4.145717121600001,5.2090941998878995,Test
CAVREY_clean,7.18071,5.30054,7.16429,1.02665,1966.55,1915.49,0.0,0.0,0.6398,0.62319,0.0,1,0.0068243711,4.1346629017000005,5.134324229761843,Test
CAVSUP_clean,6.03054,5.46806,6.0217,1.37834,1107.72,803.663,0.0,0.0,0.5324,0.386261,0.0,0,0.0016945476,1.6792302994,1.5185811801328102,Test
CAVVUS_clean,8.70352,6.17686,8.67533,1.10684,1589.76,1436.3,0.0,0.0,0.6378,0.576233,0.0,1,0.0042495879,3.8307967452,3.8487497959371506,Test
CAWDOU02_clean,6.97816,4.93144,6.97816,0.905214,1990.01,2198.39,0.0,0.0,0.6108,0.674758,0.0,1,0.0045981327,3.9358937992,4.156539857718741,Train
CAWVIH_SL,6.49654,4.73872,6.48371,1.24069,901.093,726.283,0.0,0.0,0.4956,0.399454,0.0,0,0.0045487372,2.6627158247,2.3869782868181337,Test
CAXTAY_clean,10.46003,5.71128,10.46003,0.724219,2006.33,2770.34,0.0,0.0,0.6846,0.945294,0.0,0,0.0023212949,3.1206637285000003,3.1263640755190507,Test
CAXTEC_clean,10.87616,5.2726,10.87615,0.837152,1928.01,2303.05,0.0,0.0,0.6672,0.796988,0.0,0,0.0034862646,3.7700893434,3.7100202250130074,Train
CAXVII_clean,11.59355,10.81405,11.59355,1.12398,1567.91,1394.96,0.0,0.0,0.6396,0.569048,0.0,1,0.0030195163,3.4276288365,3.5313930303521293,Train
CAXVOO_clean,11.60689,10.81841,11.60689,1.12075,1577.05,1407.14,0.0,0.0,0.6396,0.57069,0.0,1,0.0026652409,3.3600894147000004,3.218200162331129,Train
CAXVUU_clean,11.30625,10.52946,11.30625,1.14718,1579.61,1376.96,0.0,0.0,0.6282,0.547605,0.0,1,0.0027633479999999,3.3710247147000003,3.2811411804213817,Train
CAXWAB_clean,11.47981,10.7455,11.47981,1.14506,1582.63,1382.13,0.0,0.0,0.6306,0.550713,0.0,1,0.0027905999,3.4393162904000003,3.3917727875824926,Test
CAXWEF_clean,11.4766,10.80771,11.4766,1.14451,1589.9,1389.16,0.0,0.0,0.6324,0.552552,0.0,1,0.0028160351,3.4624768163,3.386045528417354,Test
CAXWIJ_clean,11.51419,10.74209,11.51419,1.143,1585.27,1386.93,0.0,0.0,0.6362,0.556603,0.0,1,0.0030395011,3.4649967135,3.5096575602343183,Test
CAXXEG_clean,6.07325,3.85926,6.03932,1.21319,1423.03,1172.97,0.0,0.0,0.5422,0.446922,0.0,0,0.0034131101,2.8818250107,2.8629172959262497,Test
CAXZOS_clean,9.21896,5.54947,8.26542,0.933786,1488.97,1594.55,0.0,0.0,0.591,0.632907,0.0,0,0.0052082883,4.7467950315,4.734135849791344,Train
CAXZUY_clean,9.32301,5.43687,8.01925,0.950981,1467.16,1542.78,0.0,0.0,0.579,0.608845,0.0,0,0.0054384956,4.7637736166,4.592561964908691,Train
CAYCAI_clean,6.80768,3.74439,6.80768,1.98488,984.427,495.962,6.49147,3.27046,0.4704,0.236991,0.0,1,0.0005905483,0.6036591283,0.6855391764382781,Train
CAYDEN_clean,5.0519,4.88565,5.0519,1.50882,682.819,452.551,0.0,0.0,0.463,0.306862,0.0,0,0.0014426754,0.9858597439,1.0425394084468218,Train
CAYDIR_clean,5.11017,4.94322,5.11017,1.49623,706.715,472.33,0.0,0.0,0.4642,0.310247,0.0,0,0.001446509,0.9934935288,1.038719565486884,Train
CAYDUD_clean,5.16273,4.98367,5.16273,1.48699,695.762,467.899,0.0,0.0,0.4646,0.312443,0.0,0,0.0014171188,0.9820019607,1.031706652383717,Test
CAYKEU_clean,6.90917,5.51195,6.89676,1.65926,1248.25,752.294,0.0,0.0,0.5378,0.32412,0.0,1,0.0027601603,2.2366865862,2.202587740181891,Train
CAYMIZ_clean,5.09274,4.35949,5.06741,1.47774,1017.51,688.557,0.0,0.0,0.4866,0.329286,0.0,0,0.004045352,2.2652914781,2.2183644301461722,Test
CAYQAV_clean,5.97925,4.27197,5.97925,1.3965,1570.86,1124.85,0.0,0.0,0.5832,0.417615,0.0,1,0.0018621059,1.9722552144,1.9001595210738491,Train
CAYSIE_clean,7.01369,4.99057,7.01369,1.16777,715.513,612.717,0.0,0.0,0.471,0.403332,0.0,0,0.0009266361,1.1552777468000002,1.133312890246748,Train
CAYSOK_clean,7.10061,5.08651,7.10061,1.15597,734.4,635.313,0.0,0.0,0.476,0.411777,0.0,0,0.0010732889,1.225582128,1.1634935925434646,Test
CAYYEG_clean,7.23384,5.22809,7.23384,1.1195,757.877,676.976,0.0,0.0,0.4822,0.430726,0.0,0,0.0009662702,1.1170501873999998,1.145878442751444,Train
CAZGIT_clean,5.03658,3.98397,5.03257,1.74975,597.309,341.369,0.0,0.0,0.4322,0.247007,0.0,1,0.0032252532,1.465166576,1.501686868246093,Train
CAZNEY_clean,6.26427,5.09264,6.24536,0.832059,2251.27,2705.66,0.0,0.0,0.6506,0.781916,0.0,1,0.0045412765,4.7793964854,4.717256960339445,Test
CEBDOD_clean,5.66465,5.15984,5.65666,2.39766,855.034,356.611,0.0,0.0,0.4118,0.171751,0.0,1,0.0015727851,1.221257782,1.0422794367465742,Train
CECVAI_clean,8.49795,6.03194,7.93874,0.769652,2649.07,3441.9,0.0,0.0,0.7384,0.959394,0.0,1,0.002693385,3.4234341797,3.5223199578706628,Train
CEDFIC_clean,5.4924,4.94828,5.32905,1.21421,1932.36,1591.46,0.0,0.0,0.6236,0.513586,0.0,1,0.0045286516,3.3881819984,3.5253383539647554,Test
CEGDUO_clean,4.82541,3.97638,4.82307,1.91831,724.949,377.909,0.0,0.0,0.4724,0.246258,0.0,1,0.0014562207999999,1.0561009593,1.075640603656165,Train
CEGFAW_clean,4.76954,3.53933,4.76954,1.84478,851.951,461.818,0.0,0.0,0.4894,0.265289,0.0,1,0.0012605268,1.0858813644,1.112796838216168,Test
CEGWER_clean,4.43901,3.87534,4.42525,1.46079,690.461,472.661,0.0,0.0,0.4246,0.290664,0.0,1,0.0054518048,2.1457955588,2.2142424095942608,Test
CEHLAD_clean,10.21413,5.8901,10.08749,0.853623,2217.93,2598.26,0.0,0.0,0.735,0.861036,0.0,1,0.0035276225,4.0377263132,3.948815284174042,Train
CEJBEA_clean,7.33038,5.85474,7.33038,1.57516,776.239,492.799,0.0,0.0,0.4492,0.285177,0.0,0,0.0010341629,0.9026035527,1.130711352539593,Test
CEJCAW_clean,5.5108,4.81672,5.5108,1.18356,1317.21,1112.92,29.3634,24.8094,0.5646,0.477037,0.0,1,0.0027386102,2.5148325774,2.4077988029053086,Test
CEJZAU_clean,7.19009,4.36372,6.93205,1.03983,1483.83,1427.0,0.0,0.0,0.5552,0.533934,0.0,0,0.0055986659,4.1414535956,3.9705677559150505,Test
CEKHIL_clean,8.90548,6.79186,8.80947,0.613586,2659.69,4334.67,0.0,0.0,0.7608,1.23992,0.0,1,0.0039211123,4.89096383,4.974010565998365,Train
CEKROB_clean,5.35179,3.54558,5.35179,1.20403,773.46,642.39,0.0,0.0,0.4936,0.409955,0.0,0,0.0030271896,2.1069452485,1.9533314254511258,Train
CELZEA_clean,5.3255,4.52273,5.32364,1.62985,1218.16,747.41,0.0,0.0,0.5184,0.318067,0.0,1,0.00272443,2.2742673106,2.0053444082999423,Train
CEMYUQ_clean,6.77494,3.84893,6.77491,1.21968,1760.79,1443.65,0.0,0.0,0.6118,0.501606,0.0,1,0.0073854043,5.3515327653,4.681417797780334,Test
CENJIQ_clean,8.5056,4.03981,8.49212,1.2776,1268.59,992.946,62.8816,49.2184,0.584,0.457106,0.0,1,0.0021292679999999,2.2594628862,2.0551678305372563,Test
CENKAJ_clean,8.21931,4.12189,8.21931,1.27633,1215.32,952.199,71.8847,56.3212,0.5908,0.462888,0.0,1,0.0018931235999999,2.0826622059,1.964714367574146,Train
CENPUI_clean,6.19698,4.05893,5.0808,0.999903,1127.63,1127.74,0.0,0.0,0.537,0.537052,0.0,1,0.0120732082,4.3426386014,4.3035833779450865,Test
CETFOX_clean,5.89862,5.05783,5.89274,1.36113,1575.61,1157.57,0.0,0.0,0.5628,0.413479,0.0,1,0.0019725006,1.960357829,2.049742604199685,Train
CETFUD_clean,4.78644,4.1075,4.78644,1.42835,1079.17,755.535,0.0,0.0,0.4914,0.344034,0.0,1,0.0042257205,2.5251072025,2.5484126152525057,Test
CETGOY_clean,10.22503,9.4107,10.22503,0.619603,1948.44,3144.66,0.0,0.0,0.6924,1.11749,0.0,1,0.0028544090999999,3.5633017962,3.882566816865339,Test
CETHEQ_clean,9.71439,7.35018,9.71439,1.06464,1786.46,1678.0,0.0,0.0,0.68,0.638714,0.0,1,0.0014828485,1.8368084416,1.8857896470942883,Train
CETJAN_clean_h,5.90298,3.79569,5.88477,1.04758,1099.93,1049.97,0.0,0.0,0.521,0.497338,0.0,0,0.0030799938,2.1554286973,2.3766300429545204,Train
CETNUL_clean,4.58077,3.60286,4.56313,1.13657,1013.54,891.755,16.0108,14.0869,0.5734,0.504499,0.0,0,0.0051231744,3.2140940497000003,3.521998716815816,Test
CEXHET_clean,5.56032,3.64308,4.81937,1.07672,1426.07,1324.45,4.06218,3.77273,0.5636,0.523441,0.0,1,0.0040961017,3.0297305522,3.180847055928118,Train
CEXHOD_clean,6.20263,3.99405,6.1987,0.988457,1905.85,1928.11,0.0,0.0,0.5896,0.596485,0.0,1,0.0031581646,3.3302096881,3.372602895390127,Test
CEYPUT01_clean,5.3037,3.76464,5.15402,1.22825,976.383,794.936,0.0,0.0,0.5114,0.416364,0.0,0,0.0134207932,3.3755540024,3.5361102207070463,Train
CEYPUT_clean,5.36995,3.83237,5.24339,1.20669,1059.79,878.268,0.0,0.0,0.5054,0.418833,0.0,0,0.0128984764,3.4470985779000003,3.8692879252653993,Test
CEZFIY_clean,5.34194,3.72114,5.30915,1.18992,1017.05,854.72,0.0,0.0,0.4786,0.40221,0.0,0,0.0042925532,2.6897460957,2.5827565950242795,Test
cg034025wsi20030214_115651_clean,4.98405,3.48688,4.91647,1.80625,1199.75,664.222,0.0,0.0,0.5452,0.30184,0.0,1,0.0022820741,1.7137089993,1.977660394500953,Test
cg060732osi20070605_042406_clean,6.23351,5.51273,6.19042,0.921282,2509.58,2724.01,0.0,0.0,0.696,0.755469,0.0,0,0.0062823884,6.0713928351,6.154686150429191,Test
cg200332y_si_002_clean,5.21581,3.97485,5.21581,1.32224,2143.79,1621.34,0.0,0.0,0.6406,0.484482,0.0,0,0.0075810155,5.5666786675,5.2038531713808,Test
cg200606r_si_001_clean,4.89412,3.61697,4.88387,1.24739,1030.7,826.282,0.0,0.0,0.5586,0.447815,0.0,1,0.0147100234,4.7329479609,4.5238864669503585,Train
cg300302n_si_004_clean,4.26728,3.40774,4.26728,1.22723,425.532,346.741,0.0,0.0,0.4466,0.363908,0.0,0,0.0014053929,1.1603773965000002,1.1455308133823452,Test
cg300827e_si_003_clean,6.49481,4.26763,6.39496,1.12226,1820.26,1621.96,0.0,0.0,0.6138,0.546932,0.0,0,0.0049816454999999,3.7807193726,4.036739221179008,Test
cg301577a_si_002_clean,13.79617,7.99146,13.47475,0.563648,2128.96,3777.11,0.0,0.0,0.7834,1.38987,0.0,1,0.0051117066999999,4.6737767501,4.999077539606652,Train
cg301725z_si_004_clean,4.69664,4.11195,4.68637,1.09749,1702.36,1551.13,0.0,0.0,0.5844,0.532487,0.0,0,0.0075723631,5.0584856094,4.981125009879081,Test
cg400449c_si_001_clean,12.65792,7.41339,12.43712,0.667569,2346.54,3515.05,0.0,0.0,0.7554,1.13157,0.0,1,0.0041812711,4.6536467435,4.670759758842192,Test
cg401858s_si_002_clean,5.76822,4.62513,5.72988,1.11065,1442.06,1298.4,0.0,0.0,0.5672,0.510693,0.0,1,0.0035976339,3.0493294722,2.9529722927404816,Test
cg401887b_si_003_clean,8.26997,6.53639,8.26997,0.770939,2356.88,3057.16,0.0,0.0,0.7266,0.942487,0.0,1,0.0044559227,5.4647818585,5.177150558050723,Train
cg401887b_si_004_clean,8.20931,6.61957,8.1877,0.786825,2323.24,2952.68,0.0,0.0,0.7066,0.898039,0.0,1,0.0040183302,5.2910923873,4.908896918897408,Train
cg500033b_si_002_clean,6.04182,4.78062,6.04182,1.0885,1374.83,1263.05,0.0,0.0,0.5536,0.508589,0.0,1,0.0048331864,3.4057792781,3.3756034978789655,Train
cg500033b_si_003_clean,4.83661,3.74279,4.83563,1.15821,667.849,576.623,201.392,173.883,0.5058,0.436709,0.0,0,0.0080837434,2.7309179885000003,2.8037769187293007,Train
cg500091k_si_002_clean,7.03754,5.53828,7.03754,0.930114,2289.08,2461.07,0.0,0.0,0.6592,0.70873,0.0,1,0.0035983634,3.902475042,3.893564881970074,Test
cg500121f_si_004_clean,4.92521,3.49647,4.87249,1.18083,1031.61,873.629,0.0,0.0,0.5556,0.470517,0.0,0,0.0072753309,3.3289248827999995,3.451995928220403,Train
cg500149s_si_002_clean,5.58191,4.61814,5.576,1.28231,662.205,516.417,0.0,0.0,0.4432,0.345627,0.0,0,0.0017750489,1.1577626269,1.2278809843687637,Train
cg500192d_si_003_clean,11.24994,9.49767,11.24883,0.554498,2069.35,3731.94,0.0,0.0,0.7928,1.42976,0.0,0,0.0030738523,4.3307365443,4.159688961214529,Train
cg501012e_si_002_clean,10.40468,5.07098,10.12255,0.834367,2007.02,2405.44,0.0,0.0,0.668,0.800607,0.0,1,0.0048488428,4.1639845591,4.427878553621024,Test
cg5010616_si_003_clean,4.68057,3.6532,4.67686,1.10074,1075.03,976.65,11.638,10.5729,0.4874,0.442795,0.0,1,0.0087877897,4.4743815617000005,3.931541938706351,Test
cg5010616_si_007_clean,4.62764,3.59212,4.62764,1.09202,987.897,904.65,4.23835,3.8812,0.4894,0.44816,0.0,1,0.0082465997,4.3828135353,3.7975382901456323,Test
cg501141m_si_002_clean,7.16379,4.82619,7.11311,0.994067,1469.53,1478.3,195.255,196.42,0.5926,0.596137,0.0,1,0.0060883306,4.1538016047,3.9676717564574195,Test
cg501231v_si_001_clean,17.06774,7.18297,17.06774,0.779609,1749.67,2244.29,0.0,0.0,0.6902,0.885316,0.0,0,0.003764844,3.8418473649,4.015044517610733,Test
cg5012617_si_002_clean,6.32079,5.69332,6.32079,1.49326,566.795,379.568,60.4946,40.5117,0.4478,0.29988,0.0,1,0.0015891055,1.2875742994,1.2525293394606487,Train
cg501279y_si_002_clean,6.41301,4.86183,6.41301,1.15346,875.131,758.698,0.0,0.0,0.4984,0.43209,0.0,0,0.0071853746999999,2.7610629269,2.7622630036604354,Test
cg501332u_si_002_clean,6.1572,4.57393,6.1572,1.23684,1051.25,849.954,0.0,0.0,0.5146,0.416062,0.0,0,0.0016429226,1.5411093023,1.5380820637426937,Train
cg501560z_si_002_clean,9.02632,7.52711,9.02632,0.738263,2435.69,3299.23,0.0,0.0,0.7636,1.03432,0.0,0,0.0015741181,2.3042657303,2.305456331555118,Test
cg501560z_si_003_clean,10.58889,8.21137,10.57587,0.621509,2301.94,3703.79,0.0,0.0,0.8104,1.30392,0.0,1,0.001427762,2.2029567504,2.1749419819413207,Train
cg501730q_si_002_clean,15.26084,10.84338,15.26084,0.834696,1931.13,2313.57,0.0,0.0,0.7224,0.865465,0.0,1,0.0038433681,3.8109780713,3.8868748652110963,Train
cg800424t_si_002_clean,11.07723,9.2554,11.07723,0.942046,1274.04,1352.42,0.0,0.0,0.6274,0.665997,0.0,1,0.0026142344,3.0211620266000003,2.876275512438386,Train
cg8013317_si_003_clean,5.86482,4.33377,5.84465,0.919505,1402.89,1525.7,0.0,0.0,0.564,0.613373,0.0,1,0.0076151075,4.5924950173,4.513413313925216,Train
cg900153m_si_001_clean,16.94263,7.25585,10.11151,0.592421,2320.63,3917.2,0.0,0.0,0.7834,1.32237,0.0,1,0.0034170767,4.6025845002,4.540881486849322,Test
cg901114e_si_002_clean,4.97956,4.41476,4.97764,1.61977,1113.96,687.724,0.0,0.0,0.4738,0.29251,0.0,1,0.0023503999,1.7235466844999998,1.7935025981395187,Train
cg901128k_si_004_clean,5.1054,4.19275,5.1054,1.86722,389.052,208.359,0.0,0.0,0.4158,0.222684,0.0,0,0.0011598736999999,0.748911296,0.6921665472721084,Test
cg901312t_si_002_clean,15.54833,7.92817,14.85181,0.630454,2258.1,3581.71,0.0,0.0,0.764,1.21183,0.0,1,0.0036498084,4.4621546314,4.602321780156791,Train
CIDKUX_clean,9.17673,8.30352,9.17673,1.04661,1668.34,1594.05,0.0,0.0,0.6532,0.624113,0.0,1,0.0038494859,3.1194745984,3.4308439278557152,Train
CIFDOM_clean,5.56405,4.03207,5.56103,0.979977,1797.6,1834.33,0.0,0.0,0.591,0.603075,0.0,1,0.0046741495,4.1964434919,4.080125489092301,Test
CIFDUS_clean,6.0819,4.13005,6.0819,0.982136,1846.77,1880.36,0.0,0.0,0.6008,0.611728,0.0,1,0.0047205985,3.9969104674,4.112007641079302,Train
CIFJAE_clean,5.80851,5.16856,5.80851,1.17303,1403.54,1196.51,0.0,0.0,0.544,0.463755,0.0,1,0.0060910252,3.6801606444,3.5287387107811226,Test
CIFLUA_clean,9.37773,7.98095,9.37773,0.746179,1903.8,2551.39,0.0,0.0,0.6868,0.920422,0.0,1,0.0039797973,4.6593630263,4.460437102539983,Train
CIFMAH_clean,10.24439,9.01949,10.24042,0.733938,2150.52,2930.12,0.0,0.0,0.6824,0.929779,0.0,1,0.0047758938,4.9297536796,4.794101864306559,Test
CIFMEL_clean,8.24371,5.76486,8.24371,0.761139,2746.38,3608.25,0.0,0.0,0.7488,0.983788,0.0,1,0.0022542131,3.1832523124,3.134688392632095,Train
CIFMIP_clean,7.90061,6.44934,7.90061,1.08801,1993.5,1832.24,0.0,0.0,0.6246,0.574075,0.0,1,0.0033060442,3.6509280718,3.4481707276007034,Test
CIGDUT_clean,5.04549,3.73361,5.01118,1.73625,237.061,136.536,547.429,315.294,0.5092,0.293276,0.0,1,0.0040069065999999,2.5180029342,2.4859177819757274,Train
CIGFAB_clean,5.06435,3.71465,5.06435,1.72692,240.436,139.228,509.807,295.211,0.5158,0.298682,0.0,1,0.0038325285999999,2.4427859407,2.4073015080383473,Train
CIGFEF_clean,5.08065,3.70225,5.00391,1.56415,1026.35,656.171,0.0,0.0,0.547,0.349712,0.0,1,0.0044053609,2.9495542573,2.6874053010207715,Train
CIGXIA_manual,28.48677,11.8329,28.48274,0.684425,1325.74,1937.02,47.85,69.9127,0.7628,1.11451,0.0,1,0.0105072137,3.1672656249,4.204118776427001,Test
CIJVOH01_clean,5.72943,4.43683,5.71847,1.42641,2600.15,1822.87,0.0,0.0,0.6914,0.484714,0.0,1,0.0018464798,2.4566365616,2.1624787527191347,Test
CIJVOH_clean,5.67314,4.40026,5.67231,1.44318,2399.39,1662.57,0.0,0.0,0.687,0.476032,0.0,1,0.0018408928,2.3296163532,2.0748998127720144,Test
CIPCUB_clean,4.79005,3.99723,4.76699,1.72886,1140.31,659.571,0.0,0.0,0.5,0.289207,0.0,1,0.0047020643,2.3137258337,2.4659725165363486,Train
CIRTUU_clean,15.60203,7.15132,15.60203,0.583758,2414.48,4136.1,0.0,0.0,0.7788,1.33412,0.0,1,0.0047273197,5.308370783,5.373709201797446,Test
CISLUN_clean,5.76312,4.73452,5.67518,0.963118,2174.12,2257.37,0.0,0.0,0.655,0.680083,0.0,1,0.0040614467,3.8018924157,4.126197902417494,Test
CISXEJ_clean,8.40281,5.25443,8.32688,0.998279,1037.93,1039.71,82.5858,82.7282,0.5322,0.533117,0.0,1,0.0054573952,3.0957287527,3.0903373413409314,Test
CITZIP_manual,6.91567,6.30981,6.88477,1.43035,1426.63,997.402,0.0,0.0,0.5266,0.368162,0.0,0,0.0029429990999999,2.5412385999,2.5785024299327213,Train
CIVTEH_clean,5.3881,4.01709,5.3881,1.06088,1244.8,1173.37,0.0,0.0,0.5492,0.517684,0.0,1,0.003952657,3.1884438363,3.0624094309508596,Test
CIWREG_clean,8.13471,7.32788,8.13207,1.23149,2046.97,1662.19,0.793114,0.644029,0.6562,0.532851,0.0,0,0.0026234052,2.7509948517,2.785549984287313,Train
CIWRIK_clean,8.18288,7.41537,8.15939,1.23146,2070.3,1681.17,0.299565,0.243259,0.6662,0.540982,0.0,0,0.0027445360999999,2.8233145951,2.7996053884047676,Test
CIWROQ_clean,8.21788,7.67164,8.21788,1.21042,2075.04,1714.31,0.0,0.0,0.6722,0.555343,0.0,0,0.0027254448,2.8358700741,2.879821891080658,Train
CIWRUW_clean,8.32352,7.79985,8.25756,1.23467,2023.32,1638.75,0.0,0.0,0.6682,0.541198,0.0,0,0.0025555982,2.749709811,2.7566045714039045,Test
CIWSAD_clean,8.30771,7.62763,8.30771,1.22175,2054.23,1681.39,0.0,0.0,0.6672,0.546104,0.0,0,0.0026293301,2.7522798923000003,2.830147157391312,Train
CIWYUD_clean,7.106,4.57125,7.10384,1.41213,1333.92,944.617,0.0,0.0,0.5334,0.377728,0.0,1,0.0033978934,2.711943227,2.6003208782267255,Train
CIWZEP_clean,6.72158,5.37996,6.72158,1.16391,939.134,806.877,0.0,0.0,0.5184,0.445394,0.0,0,0.0017396567999999,1.4346481092,1.6171023434108298,Test
CIWZIT_clean,6.79559,5.48299,6.79559,1.25271,971.679,775.661,0.13923,0.111143,0.5152,0.411268,0.0,0,0.0015359635999999,1.3245041768,1.5053674662323855,Test
CIXBUH_clean,8.16009,7.52386,8.14429,1.22695,2058.62,1677.84,0.0,0.0,0.6684,0.544765,0.0,0,0.0026839706,2.8049830164,2.857519053966184,Test
CIXCAO_clean,8.41278,7.79803,8.41278,1.20596,2061.81,1709.68,0.0,0.0,0.6754,0.560051,0.0,0,0.0026464464,2.8055063808,2.8262648033306452,Test
CIYZUG_clean,4.43409,3.66305,4.43409,1.41147,330.488,234.144,0.0,0.0,0.4122,0.292036,0.0,1,0.0009624422,0.7832985103,0.7956036345382649,Train
CIZMIJ_clean,6.80411,4.91458,6.62402,0.777083,2425.06,3120.72,0.0,0.0,0.6814,0.876869,0.0,1,0.0058834815,5.5865303098000005,5.582573753844997,Train
CIZPOS_clean,10.90949,3.96313,10.90949,0.997777,2106.31,2111.0,0.0,0.0,0.6492,0.650646,0.0,1,0.0087778541,4.9240005664,5.567420672154633,Test
cm1008587_si_003_clean,6.03686,5.8505,6.03686,1.12119,1527.32,1362.24,0.0,0.0,0.5816,0.518737,0.0,0,0.004642975,3.4970572466000003,3.58856206436195,Train
cm202876r_si_002_clean,4.47913,3.53194,4.47073,1.51151,750.121,496.273,0.0,0.0,0.4498,0.297584,0.0,1,0.0097376286,2.7908081887,2.8939575860778106,Test
cm301726k_si_004_clean,7.25727,6.70407,7.25727,1.2275,1056.33,860.551,0.0,0.0,0.4792,0.390387,0.0,1,0.0043348377,2.8020513363,2.7869195054624223,Test
cm303749m_si_001_clean,11.62501,8.78986,11.62501,0.556141,2268.15,4078.37,0.0,0.0,0.7584,1.36368,0.0,1,0.0039182446,4.5469000859,4.802152993232,Test
cm303749m_si_002_clean,11.94079,10.66908,11.94079,0.51806,2178.92,4205.92,0.0,0.0,0.7776,1.50099,0.0,1,0.0038622915,4.4691696399000005,4.780059450257021,Test
cm500700z_si_002_clean,6.28804,4.63482,6.27649,0.925761,2471.95,2670.19,0.0,0.0,0.6686,0.722217,0.0,1,0.0063375207999999,5.667748446699999,5.800251057619008,Test
cm500700z_si_003_clean,7.09965,5.06719,7.09965,1.05656,1959.47,1854.58,0.0,0.0,0.6212,0.587946,0.0,0,0.004591218,4.354313497,3.990759689029259,Test
cm501138g_si_002_clean,13.2781,6.68961,13.2781,0.886331,2090.67,2358.79,0.0,0.0,0.7192,0.811435,0.0,1,0.0048202357,3.9322325883,3.9091523362534932,Train
cm501138g_si_005_clean,13.193,6.5701,13.193,0.888496,2142.98,2411.92,0.0,0.0,0.7196,0.809908,0.0,1,0.005065639,4.0740782285,4.102517538727131,Test
cm501138g_si_006_clean,13.20287,6.64275,13.20287,0.881027,2105.19,2389.47,0.0,0.0,0.7198,0.817001,0.0,1,0.0049597281,4.0045748723,4.0075014933643445,Test
cm501138g_si_008_clean,13.18132,6.60546,13.18132,0.885001,2136.53,2414.16,0.0,0.0,0.72,0.813558,0.0,1,0.0049493953,4.0248012634,4.044300246273771,Test
cm501138g_si_009_clean,13.19195,6.68183,13.19195,0.878773,2116.69,2408.69,0.0,0.0,0.7208,0.820234,0.0,1,0.0050139751,3.957708025,4.023300864808773,Test
cm501138g_si_010_clean,13.19966,6.69993,13.19966,0.880672,2105.24,2390.49,0.0,0.0,0.7198,0.81733,0.0,1,0.004851234,3.9473933405,3.9490287511127944,Train
cm501138g_si_011_clean,13.25601,6.66924,13.25601,0.875822,2120.67,2421.34,0.0,0.0,0.7216,0.823911,0.0,1,0.004796987,3.9890318077,3.9737745794689996,Test
cm501138g_si_012_clean,13.22876,6.69209,13.22876,0.883303,2102.85,2380.67,0.0,0.0,0.72,0.815122,0.0,1,0.004918397,3.9302228652,3.9455869918400124,Train
cm503311x_alf100K_clean,7.0434,6.64625,7.0434,0.965639,1593.91,1650.63,0.0,0.0,0.608,0.629635,0.0,0,0.0050065486,4.9608547252,4.730826690567692,Test
cm503311x_alf11K_clean,7.06313,6.65574,7.06313,0.967105,1569.67,1623.06,0.0,0.0,0.6028,0.623304,0.0,0,0.0050752976,4.8411929568000005,4.715656683102242,Test
cm503311x_alf125K_clean,7.14687,6.82418,7.14687,0.9646,1570.17,1627.8,0.0,0.0,0.6102,0.632594,0.0,0,0.0050287909,4.8791666977,4.8141230647870925,Train
cm503311x_alf150K_clean,7.24848,7.00179,7.24848,0.962828,1577.69,1638.6,0.0,0.0,0.6114,0.635005,0.0,0,0.0052229059,4.8700958669,4.998596638433405,Train
cm503311x_alf175K_clean,7.34601,7.12573,7.34601,0.962415,1571.81,1633.19,0.0,0.0,0.6104,0.634238,0.0,0,0.0050752976,4.8694164645,4.865543086182772,Train
cm503311x_alf200K_clean,7.35028,7.12879,7.35028,0.963076,1569.66,1629.84,0.0,0.0,0.6114,0.634841,0.0,0,0.0050854078,4.8694872356,4.853942661658845,Train
cm503311x_alf225K_clean,7.37407,7.1534,7.3737,0.963767,1557.96,1616.53,0.0,0.0,0.6114,0.634385,0.0,0,0.0050267689,4.8212557319,4.794558928384646,Test
cm503311x_alf250K_clean,7.38381,7.16186,7.38381,0.96386,1556.21,1614.56,0.0,0.0,0.6126,0.635569,0.0,0,0.0051339365,4.8649437321,4.862215023987984,Train
cm503311x_alf275K_clean,7.36182,7.1382,7.36181,0.964358,1561.39,1619.1,0.0,0.0,0.612,0.634619,0.0,0,0.0051137162,4.9036818007,4.8398253827187165,Train
cm503311x_alf290K_clean,7.33152,7.10769,7.33152,0.964679,1559.29,1616.38,0.0,0.0,0.6126,0.63503,0.0,0,0.0051683111,4.9513592679,4.950924980248309,Test
cm503311x_alf300K_clean,7.31824,7.09159,7.31824,0.964626,1573.17,1630.86,0.0,0.0,0.6112,0.633614,0.0,0,0.0052633465,4.9084457055,5.0352287630781545,Train
cm503311x_alf325K_clean,7.35887,7.1334,7.35887,0.964937,1562.46,1619.23,0.0,0.0,0.6116,0.633824,0.0,0,0.0049357775,4.7798586927,4.714678801232952,Train
cm503311x_alf350K_clean,7.39937,7.12527,7.39534,0.965163,1550.6,1606.57,0.0,0.0,0.6104,0.632432,0.0,0,0.0051359586,4.654947732,4.815089186244741,Train
cm503311x_alf375K_clean,7.39622,7.0927,7.39622,0.96527,1537.67,1593.0,0.0,0.0,0.6086,0.630497,0.0,0,0.0048508521999999,4.575344418399999,4.566653847475763,Test
cm503311x_alf400K_clean,7.38658,7.1188,7.38658,0.965403,1554.96,1610.69,0.0,0.0,0.6116,0.633518,0.0,0,0.0050227247999999,4.6537284474,4.7617629248415225,Train
cm503311x_alf40K_clean,7.05984,6.6215,7.05984,0.967154,1574.94,1628.43,0.0,0.0,0.6042,0.62472,0.0,0,0.0049276894,4.837478486,4.5910742318428195,Test
cm503311x_alf425K_clean,7.36621,7.1125,7.36621,0.965299,1563.1,1619.29,0.0,0.0,0.6096,0.631514,0.0,0,0.0050429451,4.7150000286,4.808746530587981,Test
cm503311x_alf475K_clean,7.39406,7.16617,7.39402,0.965634,1544.09,1599.05,0.0,0.0,0.61,0.63171,0.0,0,0.0052087517,4.7622528694,4.875480536566993,Test
cm503311x_alf500K_clean,7.43156,7.13669,7.43156,0.965551,1537.41,1592.26,0.0,0.0,0.6112,0.633006,0.0,0,0.0049741961,4.5781873939,4.694490110418185,Test
cm503311x_alf70K_clean,7.062,6.64337,7.062,0.967007,1580.84,1634.77,0.0,0.0,0.6034,0.623987,0.0,0,0.0051966195,4.8875197075,4.853726876155649,Train
cm503311x_aloh150K_clean,7.13232,6.79915,7.13232,0.950095,1594.31,1678.06,0.0,0.0,0.6096,0.64162,0.0,0,0.0050681774,5.0855795509,4.924142718022894,Train
cm503311x_aloh175K_clean,7.12797,6.78403,7.12797,0.949982,1591.61,1675.41,0.0,0.0,0.6094,0.641486,0.0,0,0.0053759615,5.0544133375,5.1033868863829035,Train
cm503311x_aloh200K_clean,7.15467,6.82431,7.15467,0.949754,1589.94,1674.05,0.0,0.0,0.609,0.641219,0.0,0,0.0052836263,5.0452229056,5.120943096767979,Test
cm503311x_aloh225K_clean,7.13993,6.81973,7.13993,0.949535,1597.17,1682.06,0.0,0.0,0.609,0.641367,0.0,0,0.0053287679,5.0187062833,5.149278020001846,Test
cm503311x_aloh250K_clean,7.13817,6.81007,7.13817,0.949354,1600.74,1686.14,0.0,0.0,0.6102,0.642753,0.0,0,0.0054149475,5.1088664925,5.181300917397367,Test
cm503311x_aloh275K_clean,7.13108,6.79826,7.13108,0.949161,1601.41,1687.19,0.0,0.0,0.6114,0.644148,0.0,0,0.0053369755,5.1120653948,5.116928747883049,Train
cm503311x_aloh300K_clean,7.16075,6.82592,7.16075,0.948967,1591.48,1677.07,0.0,0.0,0.6092,0.641961,0.0,0,0.0053492869,5.0356939112,5.1317230406095025,Train
cm503311x_aloh325K_clean,7.17072,6.86808,7.17072,0.948742,1590.12,1676.03,0.0,0.0,0.6094,0.642324,0.0,0,0.0052569517,5.051971584,5.125218674085287,Test
cm503311x_aloh350K_clean,7.17066,6.85243,7.17066,0.948507,1596.68,1683.36,0.0,0.0,0.6094,0.642483,0.0,0,0.0050353471,5.055656785,4.958250809793796,Test
cm503311x_aloh375K_clean,7.15773,6.843,7.15773,0.948289,1598.4,1685.56,0.0,0.0,0.6106,0.643896,0.0,0,0.0053800653,5.0841309139,5.155420386649707,Test
cm503311x_aloh400K_clean,7.13585,6.82109,7.13585,0.948063,1604.12,1692.0,0.0,0.0,0.6108,0.644261,0.0,0,0.0054190513,5.1229506908,5.176811509365033,Test
cm503311x_aloh425K_clean,7.16028,6.84144,7.16028,0.947823,1600.53,1688.64,0.0,0.0,0.611,0.644635,0.0,0,0.0053226123,5.0974312889,5.141508126960094,Train
cm503311x_aloh450K_clean,7.14422,6.83019,7.14422,0.947615,1603.14,1691.76,0.0,0.0,0.6106,0.644355,0.0,0,0.0053287679,5.1209665096,5.140787867982432,Test
cm503311x_aloh475K_clean,7.15171,6.83611,7.15171,0.947452,1603.8,1692.75,0.0,0.0,0.6108,0.644676,0.0,0,0.005133838,5.117539847200001,5.02013027496743,Test
cm503311x_aloh500K_clean,7.13372,6.81979,7.13372,0.947313,1605.9,1695.22,0.0,0.0,0.6114,0.645405,0.0,0,0.0054272588,5.1522394215,5.178885225337548,Train
cm503311x_F-mil-53-Al-lp-mono_clean,7.00775,6.5216,7.00775,0.971998,1645.39,1692.79,0.0,0.0,0.6046,0.622018,0.0,0,0.0068851059,5.7862125721,5.699636772123359,Train
cm503311x_F-mil-53-Al-lp-ortho_clean,7.02034,6.52714,7.01966,0.96948,1649.91,1701.85,0.0,0.0,0.609,0.628172,0.0,0,0.0063760774,5.8121250961,5.533519034002448,Test
cm503311x_OH-mil-53-Al-lp-ortho_clean,7.10725,6.52666,7.10725,0.948868,1614.15,1701.13,0.0,0.0,0.6014,0.633808,0.0,0,0.006323623,5.4338542312,5.484621324208122,Train
cm504350q_si_002_clean,5.76264,4.30885,5.7542,1.44577,991.836,686.024,142.148,98.3197,0.5294,0.366171,0.0,1,0.0038977998,2.1555296245,2.5686707335589745,Test
cm901983a_si_001_clean,27.79726,11.16103,27.79599,0.630774,1349.52,2139.47,28.0221,44.4249,0.749,1.18743,0.0,1,0.0198440509,4.7312261924,4.663143846307914,Train
COBWEV_clean,5.55668,4.21092,5.49797,1.63609,377.557,230.768,91.8579,56.1447,0.4574,0.279569,0.0,1,0.0008220347,0.7730029090999999,0.6633972647705453,Train
COCMAJ_clean,8.89284,8.27815,8.8249,0.8398,2517.0,2997.14,0.0,0.0,0.7562,0.900452,0.0,1,0.0025382532,3.1579665741000005,3.2730411955831555,Train
COCMOY_clean,15.71318,6.14739,15.71318,0.538882,2078.74,3857.5,0.0,0.0,0.7762,1.44039,0.0,1,0.0030813702,4.2798780487,4.217864545105492,Train
COCMUE_clean,10.55498,6.2941,10.55218,0.575823,2408.0,4181.84,0.0,0.0,0.7504,1.30318,0.0,1,0.0033502613,4.3452656442,4.4470883632421545,Train
COCNAL_clean,10.84171,6.54754,10.84171,0.653951,2390.98,3656.2,0.0,0.0,0.7696,1.17685,0.0,1,0.0032099834999999,3.9440700751,4.174796349997963,Test
COCNEP_clean,10.13832,6.56369,10.13026,0.615207,2370.03,3852.42,0.0,0.0,0.7534,1.22463,0.0,1,0.0033283793,4.276702562,4.3516765039109835,Train
CODFEH_clean,3.78989,3.49285,3.78989,1.48867,302.667,203.313,0.0,0.0,0.4624,0.310612,0.0,1,0.0013563239,1.3340476247,1.1915020264141816,Test
CODMUF_clean,4.26772,3.45383,4.24866,1.74897,903.437,516.555,0.0,0.0,0.5768,0.329795,0.0,1,0.0051099896999999,2.6157738664,2.7118973818659917,Train
CODNAM_clean,4.57469,3.97634,4.52445,1.63521,1494.85,914.162,0.0,0.0,0.5962,0.364602,0.0,0,0.0075242177,3.9663434418,3.8509724687175666,Test
CODROD_clean,4.34102,3.83565,4.34102,1.88869,770.385,407.893,0.0,0.0,0.4956,0.262404,0.0,1,0.0029954912,2.0906385804,2.017819720012067,Test
CODRUJ_clean,4.3292,3.79384,4.32865,1.92319,755.058,392.607,0.0,0.0,0.4878,0.253641,0.0,1,0.003009889,2.0908089747,1.9805745480713584,Test
CODSUL_clean,6.55692,3.55923,6.55642,1.27214,782.617,615.2,0.966661,0.759873,0.4932,0.387695,0.0,1,0.0022577492,1.6207485178,1.698528581026522,Test
COGNAO_clean,5.98836,4.70156,5.95362,1.13574,1753.04,1543.53,0.0,0.0,0.578,0.508922,0.0,1,0.0054005687,3.6795355396,3.8757904691437046,Test
COJGEO_clean,6.41217,5.04769,5.92617,0.978354,2161.34,2209.16,0.0,0.0,0.6438,0.658044,0.0,1,0.0059727075,4.5011856645,4.774511555809296,Train
COJHIT_clean,10.09171,9.35609,10.09171,0.716453,1773.43,2475.29,0.0,0.0,0.707,0.986805,0.0,0,0.0032827258,4.1048076312,4.006286570660297,Train
COKFAK_clean,5.25617,3.49649,5.25539,1.05876,800.714,756.272,0.071455,0.0674891,0.4738,0.447503,0.0,1,0.0045660294,2.44592155,2.5587299516535484,Train
COKMEW_clean,11.49614,10.90273,11.4945,1.13639,1559.35,1372.2,0.0,0.0,0.646,0.568466,0.0,1,0.0030767454,3.6161024303,3.5887435591915793,Test
COKMIA_clean,11.457,10.75448,11.457,1.17248,1560.69,1331.1,0.0,0.0,0.6422,0.547727,0.0,1,0.0023996669,3.0450242047,2.9926985260865133,Test
COKMOG_clean,11.40307,10.64671,11.37943,1.32388,1550.85,1171.45,0.0,0.0,0.6382,0.482069,0.0,1,0.002187177,2.7816152598,2.618700284779621,Train
COKMUM_clean,11.78987,10.95857,11.78969,1.07449,1572.51,1463.5,0.0,0.0,0.6544,0.609034,0.0,1,0.0022365744,2.9543719951,2.8483233506568015,Test
COKNAT_clean,11.6018,10.75702,11.60156,1.22798,1610.43,1311.45,0.0,0.0,0.6686,0.544469,0.0,1,0.0030418151,3.5067528246,3.389176482930348,Test
COKPEZ_clean,11.53314,10.69952,11.53296,0.910755,1588.72,1744.4,0.0,0.0,0.66,0.724674,0.0,1,0.0039256084999999,4.5547336452,3.7379921310183852,Test
COKPID_clean,11.40668,10.82581,11.40502,1.13771,1560.01,1371.18,0.0,0.0,0.6426,0.564817,0.0,1,0.0030131575,3.6135498307,3.522151366323186,Train
COKPOJ_clean,11.55541,10.79186,11.54889,1.17423,1558.36,1327.14,0.0,0.0,0.6464,0.550488,0.0,1,0.0025269961999999,3.1222133431,3.1055282198227716,Train
COKPUP_clean,11.57951,10.81874,11.57907,1.23248,1594.31,1293.59,0.0,0.0,0.671,0.544433,0.0,1,0.0030110378,3.5556603891000003,3.317709948361019,Test
COKQAW_clean,11.31709,10.61593,11.31663,1.308,1523.61,1164.84,0.0,0.0,0.6476,0.495108,0.0,1,0.0020251903,2.5140740144,2.4768017599246956,Test
COKQEA_clean,11.43729,10.88858,11.43526,1.1695,1547.4,1323.13,0.0,0.0,0.6482,0.554254,0.0,1,0.0024023382,3.0738317835,2.96856366773575,Test
COKQIE_clean,11.52097,11.05538,11.51936,1.12778,1536.06,1362.02,0.0,0.0,0.646,0.572806,0.0,1,0.0030585774,3.6077251801,3.480446925295302,Test
COKQOK_clean,11.69077,10.88298,11.69034,1.22651,1596.45,1301.62,0.0,0.0,0.6696,0.545941,0.0,1,0.0030589134999999,3.5267357884,3.453388170696536,Train
COKROL_clean,5.12764,4.65835,5.12764,1.20027,1190.29,991.679,0.0,0.0,0.5368,0.447232,0.0,1,0.0127835628,4.0648002024,4.113294837721002,Train
COKRUR_clean,8.84098,5.5446,8.84098,0.885689,1897.06,2141.9,0.0,0.0,0.6258,0.706568,0.0,1,0.0064265458999999,4.6792256855000005,4.815766370185312,Train
COMDOY_clean,6.1206,5.53928,6.10847,1.22694,1491.89,1215.95,0.0,0.0,0.5716,0.465876,0.0,0,0.0079630631,4.0482010499,4.296220645078345,Test
COPXOV_clean,5.47401,3.72166,5.47401,1.25742,393.122,312.642,0.0,0.0,0.4288,0.341015,0.0,0,0.0041823311,1.2794631943,1.462792370787945,Test
COQGAS_clean,7.55288,6.66056,7.53462,1.14065,1084.94,951.161,0.0,0.0,0.5048,0.442555,0.0,0,0.0031768708,2.7605477317,2.5915542818509274,Test
COQHUN_clean,7.65838,4.8543,7.65838,0.97068,1543.72,1590.34,0.0,0.0,0.5742,0.591544,0.0,1,0.0058773601,3.6571757129,4.059354078905529,Train
COQLAX_clean,6.51206,3.51527,6.51206,1.25751,617.251,490.851,2.6328,2.09366,0.4496,0.357531,0.0,1,0.0025188131,1.5752134825,1.5698003200309283,Test
COQNIF_clean,8.23055,5.78857,8.23055,1.332,1912.43,1435.75,0.0,0.0,0.608,0.456455,0.0,0,0.0124490682,6.337302790700001,6.309458505202947,Train
COQTEJ_clean,7.76168,6.6264,7.46116,0.69781,2656.93,3807.52,0.0,0.0,0.7034,1.00801,0.0,1,0.0054706348,6.3957948323,5.842723374569916,Test
CORZIU_clean,12.15536,11.69752,12.13047,0.719622,2150.19,2987.95,0.0,0.0,0.7504,1.04277,0.0,1,0.0043431276,5.0550387679,4.50399337845749,Test
COSMII_clean,8.75515,7.45633,8.75515,0.883978,2550.25,2884.97,0.0,0.0,0.6928,0.78373,0.0,1,0.0068480488,5.2671181985,5.470162205936559,Train
COTVOY_clean,5.88006,4.17812,5.70456,1.30534,1614.08,1236.52,0.0,0.0,0.5814,0.445402,0.0,1,0.0042570824,3.2068812983,3.234152146194024,Test
COTVUE_clean,5.96406,4.24876,5.86955,1.32545,1637.27,1235.25,0.0,0.0,0.5874,0.443169,0.0,1,0.0040727224,3.0830968913,3.2581129348329503,Test
COTXEQ_clean,5.14726,4.24065,5.13338,1.08125,1135.23,1049.92,0.0,0.0,0.5266,0.487029,0.0,0,0.0067359604,3.6954552777,3.7904362351677268,Train
COTXIU_clean,5.20924,4.31105,5.19843,1.08343,1119.32,1033.13,0.0,0.0,0.5218,0.481618,0.0,0,0.0066135202,3.7468539265,3.751600087615592,Train
COTXOA_clean,5.06649,4.15335,5.05658,1.08454,1114.76,1027.86,0.0,0.0,0.52,0.479465,0.0,0,0.0065383069,3.8538509232,3.788744715139554,Train
COTYIV_clean,9.63817,7.84231,9.63817,0.968257,1898.84,1961.09,0.0,0.0,0.697,0.71985,0.0,1,0.0024221916,2.768919309,2.926632752941756,Test
COVPAG_clean,5.03463,4.22302,4.98223,1.34292,669.782,498.75,0.0,0.0,0.3872,0.288327,0.0,1,0.0050342766,2.6688374063,1.8270225869889052,Test
COWBEX_clean,5.58641,4.95411,5.5297,1.71799,525.99,306.165,0.0,0.0,0.4268,0.24843,0.0,1,0.0014308195999999,0.8120521003,0.8936723445968746,Train
COWMAD_clean,6.73617,5.57745,6.73408,1.22293,2145.79,1754.63,0.0,0.0,0.651,0.532328,0.0,1,0.0022349317,2.6264680234,2.6348820852452675,Test
COWMEH_clean,6.75649,5.53249,6.75411,1.20645,2145.39,1778.27,0.0,0.0,0.6618,0.548553,0.0,1,0.0021892113,2.6309971058,2.499608423861829,Test
COWMIL_clean,6.74228,5.52931,6.73491,1.23822,2114.95,1708.06,0.0,0.0,0.6464,0.522042,0.0,1,0.002237093,2.6124875219,2.602934086081558,Train
COWMOR_clean,6.72492,5.5633,6.71793,1.24692,2127.23,1705.98,0.0,0.0,0.644,0.516471,0.0,1,0.0021887152,2.5810446275,2.4868557994042138,Train
COWMUX_clean,6.71015,5.5309,6.7037,1.25989,2128.6,1689.51,0.0,0.0,0.6534,0.518616,0.0,1,0.0021464057,2.5830947284,2.4710995665417537,Train
COXHED_clean,8.70899,8.38156,8.70899,0.6876,2308.5,3357.33,0.0,0.0,0.7964,1.15823,0.0,0,0.0014318960999999,2.1560059353,2.1334867479403963,Train
COXHIH_clean,8.57279,8.24745,8.57279,0.705939,2310.51,3272.96,0.0,0.0,0.7916,1.12134,0.0,0,0.0015483925,2.1775396224,2.2276766072064937,Train
COXHON_clean,8.79766,8.47314,8.79766,0.659131,2297.83,3486.15,0.0,0.0,0.8002,1.21402,0.0,0,0.0016300836999999,2.6963789119,2.419851019449948,Test
COXXIX_clean,5.00194,3.89763,4.98595,1.444,837.163,579.754,22.0465,15.2677,0.5136,0.355679,0.0,1,0.0009360961999999,1.0615953361,1.061763321066638,Test
COYCEZ_clean,6.30223,4.25857,6.12676,1.16488,1753.9,1505.65,0.0,0.0,0.5836,0.500994,0.0,1,0.0031564022999999,2.9439584848,2.908647586832617,Test
COYCID_clean,9.57313,6.95581,9.57313,0.931123,1860.71,1998.35,0.0,0.0,0.6788,0.729012,0.0,1,0.0020510763,2.5923908756,2.619753323541198,Train
COZMUA_clean,10.13386,5.37207,10.11324,0.637133,2279.97,3578.48,0.0,0.0,0.7374,1.15737,0.0,1,0.0035614264,4.3220536302,4.458907752864859,Train
CUBHOY_clean,7.59167,4.35736,7.59084,1.4363,1409.0,980.994,0.0,0.0,0.55,0.382928,0.0,1,0.0020936076,2.0497365962000003,2.0163627565866356,Test
CUCSAU_clean,5.5757,4.21323,5.5757,0.840322,1200.85,1429.04,0.0,0.0,0.5078,0.604292,0.0,1,0.0026485296,2.468490023,2.681598860998503,Test
CUCTAX_clean,4.38086,4.0721,4.38086,1.35437,330.655,244.139,49.7338,36.721,0.4262,0.314685,0.0,0,0.0053806631,1.8384723853,1.9434522973844088,Train
CUFDUD_clean,6.88574,5.43307,6.8031,0.934938,2543.4,2720.39,0.0,0.0,0.6874,0.735236,0.0,0,0.006753079,6.213319395,6.340306427433728,Test
CUFFAL_clean,6.84864,5.58095,6.83586,0.914088,2542.3,2781.24,0.0,0.0,0.6982,0.763822,0.0,0,0.0059875406,6.0603680161,5.89183377810703,Test
CUFFEP_clean,6.24407,5.54414,6.24407,0.899727,2546.22,2829.99,0.0,0.0,0.6998,0.777791,0.0,0,0.005157963,5.6481216142,5.407205901349162,Test
CUFGIV_clean,7.21934,5.21879,7.21721,0.929294,2597.37,2794.99,0.0,0.0,0.6854,0.737549,0.0,1,0.0039464459,4.3406294035,4.4806562208512855,Train
CUFGOB_clean,4.05624,3.53975,4.04542,2.04456,175.907,86.0365,0.0,0.0,0.427,0.208847,0.0,1,0.0001684081,0.2216863634,0.23893829320435245,Train
CUFGUH_clean,4.02229,3.4972,4.01473,2.06043,171.814,83.3874,0.0,0.0,0.4234,0.205491,0.0,1,0.0001710991999999,0.2089554287999999,0.23054607388113002,Train
CUGVUW_clean,6.46234,4.56978,6.46234,1.32198,676.004,511.358,0.0,0.0,0.4376,0.331019,0.0,0,0.0016939867,1.3795819339,1.2321889756577071,Test
CUGXAF_clean,8.60996,4.08035,8.60996,0.892149,1793.87,2010.73,0.236744,0.265364,0.6424,0.720059,0.0,1,0.0060798656,4.6576870388,4.803247784425295,Train
CUGYUA_clean,4.81001,4.60953,4.81001,2.60117,548.977,211.05,0.0,0.0,0.4254,0.163542,0.0,1,0.0002304332,0.2720863697,0.2643021648901458,Train
CUIMDZ01_clean_h,4.5789,3.79593,4.57845,1.66764,167.634,100.522,0.0,0.0,0.381,0.228466,0.0,1,0.0006943803,0.4730486619,0.49397661413801375,Train
CUKXIR_clean,4.25316,3.64523,4.25225,1.37123,1248.02,910.151,0.0,0.0,0.5164,0.376597,0.0,1,0.0048320222,3.1948359793,3.235090367581966,Train
CUKXOW_clean,4.70734,4.27142,4.70734,1.65503,1163.02,702.72,14.5035,8.7633,0.5338,0.322532,0.0,1,0.0026518457,2.1763296404,2.110267214136534,Test
CUKXUC_clean,4.71812,4.30637,4.71207,1.61022,1190.26,739.19,16.3088,10.1283,0.5368,0.33337,0.0,1,0.0026870645,2.2161843577,2.136626798255135,Test
CUKYAJ_clean,4.71891,4.29348,4.71891,1.65805,1181.97,712.869,13.2923,8.01679,0.5418,0.326769,0.0,1,0.0027294965,2.2032272029,2.168643014193991,Test
CUKZOY_clean,4.8322,4.10064,4.8322,1.27011,1172.94,923.5,0.0,0.0,0.5356,0.421697,0.0,1,0.0039006863,3.1136724734,2.9031980295253192,Train
CUMDEU_clean,5.19472,4.72553,5.19472,1.64523,654.329,397.714,0.0,0.0,0.462,0.280812,0.0,0,0.0005813230999999,0.6259017122999999,0.5863197728437703,Train
CUMDIY_clean,5.05781,4.25829,5.05781,2.01174,699.865,347.89,0.0,0.0,0.3956,0.196645,0.0,0,0.004028156,1.300101249,1.403952581085803,Test
CUMDOE_clean,5.65665,4.97039,5.61572,1.60054,1129.91,705.955,0.0,0.0,0.5292,0.330638,0.0,0,0.0015868104999999,1.4690607126,1.4283272890503416,Train
CUMDUK_clean,6.0834,3.52201,5.92291,1.54452,1012.49,655.538,0.0,0.0,0.489,0.316603,0.0,1,0.0015235901,1.2841233999,1.3423196991840367,Train
CUMJEB_clean,5.10711,4.11246,5.10711,2.00854,711.044,354.01,0.0,0.0,0.4216,0.209904,0.0,0,0.0017054176,0.9785516243,1.0908276801614296,Test
CUMLUT_clean,5.66406,3.97439,5.65405,1.2172,2284.73,1877.03,0.0,0.0,0.6392,0.525138,0.0,1,0.0055333279,4.9261353429,4.467643483601824,Test
CUMQOQ_clean,7.03622,3.75437,6.89995,0.977205,1831.45,1874.17,0.0,0.0,0.6154,0.629756,0.0,1,0.0031487174,3.2746056034,3.4090351121030977,Test
CUNFOH01_clean,8.64942,5.76711,8.00067,1.65261,1750.49,1059.23,0.0,0.0,0.639,0.38666,0.0,1,0.000618858,0.9003476190999999,0.8540234427747246,Train
CUNFOH_clean,9.05758,5.6508,9.05758,1.63668,1779.69,1087.38,0.0,0.0,0.6298,0.384804,0.0,1,0.000683306,0.8941939773,0.9581849260706616,Train
CUNQOT_clean,4.94603,4.45617,4.94603,1.56048,1158.67,742.507,0.0,0.0,0.5224,0.334768,0.0,1,0.0034236478999999,2.1407346951,2.375795992585523,Test
CUNQUZ_clean,5.05516,4.50865,5.05476,1.94091,1202.57,619.589,0.0,0.0,0.5384,0.277396,0.0,1,0.0031365505,1.860723924,2.098354178411767,Test
CUNWEO_clean,7.09668,6.48549,7.07965,1.23144,1193.32,969.043,0.0,0.0,0.53,0.430389,0.0,0,0.0031957985,2.7025766473000004,2.7014899461951725,Test
CUPHUS_clean,7.45968,5.41366,5.85768,0.680928,2377.88,3492.12,0.0,0.0,0.7016,1.03036,0.0,1,0.0044100771999999,5.2398616779000005,5.088299862212198,Train
CUQKOQ_clean,5.93389,5.13786,5.93375,1.75724,1823.79,1037.87,0.0,0.0,0.6128,0.348728,0.0,1,0.0029989834,2.6249768906,2.5677534675357405,Train
CUQRIR_clean,5.69204,4.57463,5.69204,1.10643,1361.29,1230.35,0.0,0.0,0.5686,0.513906,0.0,0,0.0047709439,3.6877169064,3.391372258845429,Train
CUQROX_clean,5.44132,4.56825,5.41816,1.11997,1366.06,1219.73,0.0,0.0,0.5636,0.503227,0.0,0,0.0048436744,3.602772952,3.342681501404094,Test
CUQSAK_clean,18.30047,4.50008,17.86541,0.672661,1852.6,2754.14,0.138515,0.205922,0.7088,1.05373,0.0,1,0.0031583215999999,3.3793387027,3.4720067765331692,Train
CUQTAL_clean,8.5131,5.3048,8.50413,0.597247,2569.07,4301.52,0.0,0.0,0.7222,1.20921,0.0,1,0.0046719772,5.3425389136,5.6361201112966715,Test
CUQXUI_clean,8.23055,4.00763,8.23055,0.791399,1552.16,1961.29,0.863838,1.09153,0.6424,0.811727,0.0,1,0.0025922218,3.158323132,2.98925467946382,Test
CURBOH_clean,9.52504,4.72038,9.52504,1.26402,1793.73,1419.06,0.0,0.0,0.654,0.517396,0.0,0,0.0018623873,2.0975852619,2.149568379911641,Train
CURQEN_clean,5.22355,3.40082,5.03486,1.27256,737.628,579.643,0.0,0.0,0.5026,0.394953,0.0,1,0.0082610513,2.3015150851,2.903645012495974,Test
CURYOE01_clean,11.02009,9.16908,10.48925,1.0226,1239.44,1212.05,0.0,0.0,0.5864,0.57344,0.0,0,0.0028333578999999,3.0758996446,2.7716323737315443,Test
CURZEV_clean,5.59049,4.15781,5.59049,1.21714,1921.05,1578.33,0.0,0.0,0.5986,0.491808,0.0,1,0.0048859776,3.1977777051,3.6365811802220795,Test
CUSYAR_clean,28.01343,12.17996,27.60124,0.247232,1408.41,5696.7,0.0,0.0,0.9076,3.67105,0.0,0,0.0035254995,5.0721449302,4.973464422202461,Test
CUSYIA_clean,5.815,4.76876,5.815,0.737304,2684.86,3641.46,0.0,0.0,0.6944,0.941809,0.0,0,0.0051940653,5.7134348547,5.684350797520965,Train
CUSZEX_clean,4.67101,3.44264,4.47333,0.835534,2247.71,2690.15,0.0,0.0,0.666,0.797095,0.0,0,0.0050326018,5.1720809684,5.3417448948858635,Test
CUSZIB_clean,5.49146,4.83933,5.49049,0.750845,2776.04,3697.22,0.0,0.0,0.7042,0.937877,0.0,0,0.0057141203,5.834417669,5.777442612979831,Train
CUTBEA_clean,7.42434,5.85197,7.17817,1.04694,2086.66,1993.1,0.0,0.0,0.646,0.617036,0.0,1,0.0028541503,3.0012865823,3.235448070159009,Test
CUTBIE_clean,7.59116,5.99994,7.59116,0.996691,2065.1,2071.96,0.0,0.0,0.6486,0.650753,0.0,1,0.0026674731,3.0083987083,3.0721685854688463,Train
CUTGEF_clean,4.94868,3.68158,4.94702,1.57089,1320.93,840.881,0.0,0.0,0.546,0.347574,0.0,1,0.0118030388999999,4.0222486947,4.267552232199307,Test
CUVGIK_clean,6.25146,5.06086,6.0647,1.02515,1494.68,1458.01,0.0,0.0,0.5362,0.523046,0.0,0,0.0075009805,4.3843486435,4.360275153461396,Test
CUVGOQ_clean,5.59653,4.5385,5.59247,1.00212,1543.11,1539.84,0.0,0.0,0.5404,0.539255,0.0,0,0.0078099014,4.5595691959,4.455512627725204,Test
CUVHEH_clean,12.77883,12.02741,12.74392,1.65471,1447.16,874.57,0.0,0.0,0.651,0.393423,0.0,1,0.001627428,1.4269129354,1.4485556802326176,Train
CUVHIL01_clean,12.86501,12.02225,12.84969,1.66038,1437.07,865.505,0.0,0.0,0.642,0.386658,0.0,1,0.0017854435999999,1.4644669166,1.595352758270618,Test
CUVHIL02_clean_h,12.81562,12.03113,12.80804,1.65786,1432.65,864.159,0.0,0.0,0.6442,0.388573,0.0,1,0.001811922,1.4489764953,1.5949154848542557,Test
CUVHIL_clean_h,12.87614,12.03249,12.87614,1.65921,1433.06,863.702,0.0,0.0,0.643,0.387534,0.0,1,0.0019107202,1.461227474,1.7003553577641652,Train
CUVTUJ_clean,11.49174,10.88335,11.49174,1.17569,1542.4,1311.91,0.0,0.0,0.635,0.540109,0.0,1,0.0024842563,3.0401652131,3.040493650630347,Test
CUVXAT_clean,6.50652,4.77619,6.38844,1.06179,1622.41,1527.99,0.0,0.0,0.5708,0.537581,0.0,0,0.0040145182,3.25177078,3.4065717681791785,Test
CUWNIT_clean,7.16308,4.76212,7.16308,1.01279,1797.12,1774.42,0.0,0.0,0.5942,0.586695,0.0,1,0.0038073028999999,3.5398646848000004,3.6182775226044184,Train
CUWNOZ_clean,5.62994,3.54616,5.59519,1.08751,1437.05,1321.41,0.0,0.0,0.5562,0.511443,0.0,0,0.0068595265,3.6874124509,3.9910348565960367,Train
CUWTUL_clean,6.09533,3.90326,6.09533,1.40599,1180.08,839.321,0.0,0.0,0.5142,0.365721,0.0,1,0.0070092625,2.9955261549000003,3.231637275914409,Test
CUWVAT_clean,6.58776,4.88581,6.58776,1.3301,1313.65,987.633,75.7547,56.9541,0.5658,0.425382,0.0,1,0.005014713,2.986128195,3.0710441967895807,Train
CUWVIB_clean,5.59458,3.68098,5.59458,1.45813,1146.31,786.151,0.0,0.0,0.4962,0.340299,0.0,1,0.0069761314,2.8898256026,3.0649626959128784,Train
CUWWEY_clean,6.3126,4.22285,6.24291,1.35207,1327.35,981.718,0.0,0.0,0.5216,0.38578,0.0,0,0.003943574,2.8443085459,2.727404629984979,Test
CUWXID_clean,6.81153,5.91204,6.80774,1.05332,2229.66,2116.79,0.0,0.0,0.6498,0.616908,0.0,1,0.00386735,3.8312152665,3.846997436620559,Test
CUWXOJ_clean,5.20089,3.52692,5.18895,1.36291,1137.88,834.888,0.0,0.0,0.5102,0.374345,0.0,1,0.0086769386,3.3953431035,3.4628233325161992,Train
CUWXUP_clean,5.81508,3.73125,5.78204,1.39886,1150.61,822.535,0.0,0.0,0.5122,0.366154,0.0,1,0.0083854369999999,3.439565673,3.4471367317318045,Train
CUWYAW_clean,6.66043,3.94178,6.66043,1.12925,2112.73,1870.91,0.0,0.0,0.6192,0.548327,0.0,1,0.004867993,4.0214151892,4.12295112820265,Test
CUWZAX_clean,6.33115,4.3932,6.33115,1.11728,2292.11,2051.51,0.0,0.0,0.638,0.571029,0.0,1,0.0051880637,4.2506390996,4.42871274714085,Train
CUWZIF_clean,6.90107,4.04842,6.50474,1.24221,1455.33,1171.56,0.0,0.0,0.5514,0.443886,0.0,1,0.0067045027,3.4302787324,3.6939691906920897,Train
CUXFIL_clean,5.39541,4.09689,5.37407,1.23338,1385.07,1122.99,0.0,0.0,0.496,0.402148,0.0,1,0.0063755605,3.4584944372,3.508727433855957,Test
CUXJAI_clean,5.59834,5.04687,5.59211,1.08566,2410.48,2220.29,0.0,0.0,0.6696,0.616766,0.0,1,0.0027621017999999,3.0242303621,2.983429564231174,Train
CUXJEM_clean,5.2963,3.43417,5.2963,1.4085,970.687,689.164,0.0,0.0,0.509,0.361378,0.0,1,0.0063124457,2.7561981660000003,2.7276185919244216,Train
CUXLEO_clean,4.56916,3.40748,4.56916,1.05387,1849.74,1755.19,0.0,0.0,0.6276,0.59552,0.0,0,0.0038269590999999,4.0250732133,4.04004537539821,Train
CUYWUP_clean,7.47672,4.58604,7.47672,0.942864,1947.64,2065.66,0.0,0.0,0.6222,0.659904,0.0,1,0.0074037602,5.6215369403,5.2180957706257995,Test
CUYYAX_clean,5.04944,3.83367,4.87007,1.16048,1383.0,1191.75,0.0,0.0,0.5718,0.492727,0.0,1,0.0061853531999999,3.8022667367,3.892309778545507,Train
CUYYEB_clean,5.05464,3.82141,5.04976,1.16139,1360.51,1171.44,0.0,0.0,0.5758,0.495783,0.0,1,0.0060496874,3.7901643471,3.7638251184894074,Train
DABFIX_clean,5.93116,3.4012,5.93116,1.19033,685.642,576.011,28.078,23.5885,0.47,0.394849,0.0,1,0.0047514335999999,2.8496874080000003,2.6489117785550804,Train
DABMUR_clean,5.77537,4.11633,5.61896,0.856547,2860.27,3339.3,0.0,0.0,0.6996,0.816768,0.0,1,0.0044847177,4.7898118714,4.927759894304357,Train
DACFAR_clean,7.28891,6.40353,7.28891,0.848239,1646.33,1940.88,0.0,0.0,0.624,0.735642,0.0,1,0.0075635677,4.169231864,4.545989581796527,Train
DACYUE_clean,6.8959,6.15645,6.8959,0.724543,2828.29,3903.55,0.0,0.0,0.6932,0.956741,0.0,1,0.0057926459999999,6.510276385499999,5.938329241013177,Test
DACZUF_clean,5.17797,3.83142,5.17477,1.30054,1151.53,885.425,0.0,0.0,0.514,0.395219,0.0,1,0.0056943244999999,3.3125556046,2.950948114406232,Test
DADLEC_clean,6.0526,4.95704,6.0412,1.09523,933.141,852.004,0.0,0.0,0.4902,0.447577,0.0,1,0.0028139114,2.0666684714,2.0346663884025427,Test
DADLIG_clean,8.09916,4.69208,7.74628,1.04866,1110.94,1059.38,0.0,0.0,0.5094,0.485762,0.0,1,0.0026419257,2.2084240141,2.25180642338329,Test
DADLOM_clean,18.71129,17.36648,18.69765,0.589373,1296.58,2199.93,0.0,0.0,0.7274,1.23419,0.0,1,0.0039232048,3.9544702457,4.146503779527487,Test
DADNII_clean,4.74177,3.59689,4.70677,1.8394,1364.57,741.854,0.0,0.0,0.5562,0.302381,0.0,0,0.0017718469,2.1266938005,1.9920979737025748,Train
DADNOO_clean,4.73082,3.55854,4.7198,1.89726,1369.77,721.97,0.0,0.0,0.558,0.294108,0.0,0,0.0019149357,2.1815118934,2.0258812278597507,Test
DADNUU_clean,4.77214,3.58642,4.71473,1.86251,1387.29,744.847,0.0,0.0,0.5582,0.299703,0.0,0,0.0018666985,2.1346102406,2.0196261742382244,Train
DADPAC_clean,4.72724,3.56217,4.71894,1.83384,1319.23,719.379,0.0,0.0,0.5554,0.302862,0.0,0,0.0017277275,2.0852402345,1.8540046108231145,Test
DADPEG_clean,4.6964,3.56133,4.68951,1.91805,1368.69,713.581,0.0,0.0,0.56,0.291963,0.0,0,0.001899662,2.1795187278,2.00898891982174,Test
DAFJOM_clean,8.83929,3.81491,8.83929,0.983115,1714.88,1744.33,0.0,0.0,0.601,0.611322,0.0,0,0.0088086392,6.4540006968,6.4591150236914565,Train
DAFSOV_clean,3.83746,3.40945,3.83746,1.6077,380.608,236.741,0.0,0.0,0.4436,0.275923,0.0,1,0.0017622048,1.5133305847,1.2554688710199333,Test
DAFYAN_clean,9.66168,8.17907,9.66128,0.727331,2334.02,3209.02,0.0,0.0,0.7244,0.99597,0.0,1,0.0042461295,4.9346167494,4.7027519837763085,Test
DAFYOB_clean,10.04293,8.51588,10.03567,0.702304,2308.4,3286.89,0.0,0.0,0.7318,1.042,0.0,1,0.0041060288,4.9578640389,4.72187302531241,Test
DAGDIZ_clean,6.53637,3.58733,6.4961,1.65009,1230.44,745.682,0.0,0.0,0.5248,0.318042,0.0,1,0.0026343033,2.1535449627000003,2.1548841753685117,Train
DAGDUL_clean,5.27377,3.53794,5.26479,1.49897,1060.75,707.651,0.047289,0.0315476,0.5304,0.353842,0.0,1,0.0038053240999999,2.3425426713,2.4017321581466105,Train
DAGJED_clean,5.20512,3.82408,5.11079,1.13589,1063.56,936.32,0.0,0.0,0.5332,0.469412,0.0,1,0.0049023406,2.9054124658,2.9571136812137837,Test
DAHNOQ_clean,4.37827,3.40648,4.37827,1.74065,715.841,411.25,0.0,0.0,0.5478,0.314711,0.0,0,0.0010180075,1.0193052549,1.207850642912224,Test
DAHNUW_clean,5.84798,3.71152,5.7374,1.67689,1727.89,1030.41,0.0,0.0,0.5894,0.351484,0.0,1,0.0019266224,1.8849910515,1.910776522484873,Test
DAHPAE_clean,5.00613,3.59286,5.00613,1.85953,1943.24,1045.01,0.0,0.0,0.5872,0.315779,0.0,0,0.0021574822,2.1609870053,2.1428363205732626,Train
DAKVIW_clean,10.56447,5.75649,10.52532,0.937929,2177.49,2321.59,0.0,0.0,0.7172,0.764663,0.0,1,0.0046420446,3.7831684535,4.179471630674634,Test
DAKVOC_clean,10.83342,6.67267,9.96393,0.814427,2128.52,2613.52,0.0,0.0,0.7096,0.871288,0.0,1,0.0068164718,4.9079373455,4.903961667335802,Train
DAKVUI_clean,10.79495,6.61419,10.65384,0.825495,2120.6,2568.89,0.0,0.0,0.704,0.852822,0.0,1,0.0060380323,4.5367082887,4.622588634049154,Test
DAKZUN_clean,8.9514,8.55667,8.9514,1.07791,1424.0,1321.08,0.0,0.0,0.6034,0.559789,0.0,1,0.0019448444,2.1552641811,2.344596393855535,Train
DALSUH_clean,5.91398,4.13588,5.88727,1.34754,1386.92,1029.23,0.0,0.0,0.5694,0.422549,0.0,1,0.0042625304,2.8290733892,2.9364680904948357,Train
DALTAO_clean,5.94592,4.16513,5.91791,1.30338,1417.2,1087.33,0.0,0.0,0.5806,0.445458,0.0,1,0.0041665944,2.8970138439,3.0134367927568424,Test
DALVAQ_clean,4.44925,3.63681,4.42486,1.58343,818.36,516.827,0.0,0.0,0.5166,0.326254,0.0,1,0.003836257,2.2966847016,2.3055625355968106,Test
DALVIY_clean,8.33476,5.09032,8.29465,1.08397,2205.78,2034.91,0.0,0.0,0.6634,0.612008,0.0,1,0.0033341732,3.0349173736000004,3.404082769987827,Train
DAMDUT_clean,8.31671,7.58192,8.27853,1.19599,2079.9,1739.06,0.0,0.0,0.676,0.565222,0.0,0,0.0025437485,2.8707050768,2.83247290428888,Train
DAMYOI_clean,10.02859,8.74362,10.02158,0.833317,2083.55,2500.31,0.0,0.0,0.7206,0.864737,0.0,1,0.0033977811,3.9286620188,3.858355067683071,Train
DAMYUO_clean,10.07569,8.829,10.07569,0.816116,2083.89,2553.43,0.0,0.0,0.7258,0.889335,0.0,1,0.0034266303999999,3.9178850976,3.911718315918391,Test
DAMZEZ_clean,5.14628,4.13045,5.14063,1.48117,701.768,473.794,0.0,0.0,0.4344,0.293282,0.0,0,0.0038890501,1.5881122908,1.6681355976026766,Test
DANFUW_clean,4.81728,3.69845,4.80154,1.21376,550.063,453.189,0.0,0.0,0.4588,0.377999,0.0,1,0.0023552359,1.6200003129,1.5038992245777878,Train
DAPBED_clean,11.8768,6.79638,11.8768,0.823875,2185.0,2652.11,0.0,0.0,0.7074,0.858625,0.0,1,0.0062397222,4.7435572939,4.809794486977529,Test
DAPBIH_neutral,11.12385,5.1267,11.12385,0.988754,1494.17,1511.16,320.813,324.462,0.6592,0.666697,0.0,0,0.0049283709,3.5703420394,3.5748735946431136,Train
DAPHOU_clean,10.96282,6.06241,10.06318,0.785626,2401.47,3056.76,0.0,0.0,0.737,0.938106,0.0,1,0.0038856604999999,4.7440535895,4.552292047705599,Test
DAPXID_ion_b,14.13138,12.09179,14.13138,0.764894,1790.29,2340.57,0.0191816,0.0250774,0.7044,0.920911,0.0,1,0.0017811277,2.3367021208,2.318760622400002,Train
DAPYAW_clean,10.03517,4.39114,9.81197,1.07113,1518.35,1417.52,0.0,0.0,0.6004,0.560529,0.0,1,0.0029273821999999,2.8372966617000004,2.924972241823088,Train
DARBUU_clean,5.36181,3.52881,5.36181,1.3326,1639.41,1230.24,0.0,0.0,0.6492,0.487169,0.0,1,0.0006535375,0.8895968705,0.9647211150415504,Test
DARSEV_SL,9.02256,7.15114,9.02256,0.917569,1768.62,1927.51,0.0,0.0,0.6346,0.69161,0.0,0,0.0034707158,3.2333777807,3.7906804773034004,Test
DATHAJ_clean,5.55335,3.71297,5.5372,1.88262,726.028,385.647,0.0,0.0,0.4308,0.22883,0.0,1,0.0012281242,1.0016474676,1.0190048774306302,Train
DATPIY_clean,5.0065,3.44702,5.0065,2.43277,611.699,251.441,0.0,0.0,0.401,0.164832,0.0,1,0.0017992181,0.9031793185,0.9119620822003944,Test
DAWBIO_clean,5.36745,4.59869,5.35848,1.40464,933.9,664.867,0.0,0.0,0.4578,0.325919,0.0,0,0.0048664756,2.2111368688,2.1066684732796563,Test
DAWBOU_clean,5.38914,4.65491,5.38091,1.40413,956.091,680.914,0.0,0.0,0.473,0.336864,0.0,0,0.0050380338,2.2364834178,2.2227064858080237,Train
DAWBUA_clean,5.52672,4.41246,5.51306,1.33702,1014.57,758.83,0.0,0.0,0.4726,0.353472,0.0,0,0.0050692295,2.4523687381,2.4171000075046254,Train
DAWCAH_clean,5.49841,4.3714,5.48581,1.35332,991.393,732.566,0.0,0.0,0.483,0.356901,0.0,0,0.0053472634,2.4935804853,2.464252656952775,Test
DAWCIP_clean,7.07962,5.54367,6.68431,0.995326,1963.72,1972.94,0.0,0.0,0.6428,0.645818,0.0,1,0.0053344043999999,4.2423250444,4.736029911927412,Test
DAWCOV_clean,6.44243,4.38111,6.43204,0.976829,1852.41,1896.35,0.0,0.0,0.5892,0.603176,0.0,1,0.0060935304,5.0626152528,4.653414043635043,Test
DAWDAI_clean,5.05189,3.47503,5.00056,1.41655,729.858,515.235,3.30907,2.336,0.487,0.343792,0.0,0,0.0043746802,1.9564721218,2.2136902597622363,Test
DAWWAB_clean,9.11595,5.71973,9.11595,1.61188,1283.24,796.112,0.0,0.0,0.5532,0.343202,0.0,1,0.0015460489999999,1.6116147754,1.5324110578361743,Test
DAWWEF_clean,7.03379,5.33899,6.88955,1.07778,2082.97,1932.65,0.0,0.0,0.6328,0.587134,0.0,1,0.002363985,2.9053246423,2.7757995560723483,Train
DAXHIV01_clean,7.67683,6.96811,7.64287,0.883035,2122.43,2403.56,0.0,0.0,0.652,0.738362,0.0,1,0.0042390041999999,4.6630395215,4.555114561354942,Test
DAXHIV_clean,7.62222,6.92477,7.62222,0.882059,2131.41,2416.4,0.0,0.0,0.65,0.736913,0.0,1,0.004016882,4.617114208399999,4.468627406068443,Train
DAXHUH01_clean,7.57949,6.81104,7.57786,0.890235,2156.64,2422.55,0.0,0.0,0.6646,0.746545,0.0,1,0.0041393606,4.7122343897,4.530590902811131,Train
DAXHUH_clean,7.50015,6.78537,7.50015,0.876532,2176.78,2483.4,0.0,0.0,0.6518,0.743612,0.0,1,0.0040708556,4.6188538193,4.5262943554439445,Train
DEBGIA_clean,4.22344,3.46939,4.21901,1.31115,709.801,541.36,0.0,0.0,0.5062,0.386075,0.0,1,0.0036310233,1.8582194824,2.1128020914374064,Train
DEBWAK_clean,9.51714,7.06696,9.49794,1.05415,1137.31,1078.89,0.0,0.0,0.5474,0.519279,0.0,1,0.0021218136,2.3993265441,2.205752907267339,Test
DEFKUU_clean,5.40643,4.54366,5.40121,1.71115,1533.38,896.109,0.0,0.0,0.5346,0.312421,0.0,1,0.0029936617999999,2.2954789492,2.278786186897708,Train
DEFRIR_clean,4.8082,3.42715,4.52912,1.36761,1390.79,1016.96,0.0,0.0,0.6218,0.454663,0.0,1,0.002161465,2.209638099,2.1696471391864813,Train
DEGJIK_clean,4.49857,3.8442,4.48892,1.5866,672.4,423.8,0.0,0.0,0.4622,0.291315,0.0,1,0.0050420117,1.9702685273,2.0455897578450895,Train
DEJCIF_clean,5.07924,4.58071,5.07255,1.37299,1275.41,928.928,0.0,0.0,0.5384,0.392137,0.0,1,0.0067971624,3.2589865187,3.384651586023706,Test
DEJJIN_clean,9.02838,5.92782,8.88373,1.15645,1730.76,1496.61,0.0,0.0,0.6316,0.546154,0.0,1,0.0018464703,2.4361864602,2.2349829331347526,Test
DEJRUH_clean,4.98345,3.78027,4.98096,1.03045,1372.42,1331.87,0.0,0.0,0.5442,0.52812,0.0,1,0.0040955178,3.401149594,3.509959460698707,Test
DEKHEH_clean,5.43686,4.14383,5.43686,1.07065,1502.42,1403.28,0.0,0.0,0.5314,0.496335,0.0,0,0.0048962806,3.3915057377,3.5130894466524345,Test
DEKHUX_clean,6.73498,5.41814,6.73498,1.052,1333.52,1267.6,0.0,0.0,0.5288,0.50266,0.0,0,0.0050256479,3.8444845186,3.6773447085140836,Train
DELGEI_manual,11.23796,5.9406,11.23796,0.599562,2425.76,4045.89,0.0,0.0,0.7354,1.22656,0.0,1,0.0028597644,3.7205771375,3.97685551802027,Test
DEPSEW_clean,5.82661,3.6907,5.82661,2.13899,1066.33,498.522,0.0,0.0,0.4968,0.232259,0.0,0,0.035705325,3.954491633,3.854251886308364,Train
DEPTOH_clean,5.8241,3.64846,5.79204,2.13649,1058.19,495.294,0.0,0.0,0.4966,0.232438,0.0,0,0.0360871874,3.953689959,3.907863996176662,Train
DEPXAY_clean,5.29628,3.94728,5.28006,1.07008,2144.58,2004.14,0.0,0.0,0.6404,0.598462,0.0,1,0.005656565,4.9378626602,4.796204935331362,Test
DEPXIG_clean,5.45833,4.42032,5.43874,1.21453,1418.68,1168.08,0.0,0.0,0.5298,0.436217,0.0,1,0.0057278786,3.7089287878,3.5107560433818974,Train
DEPXOM_clean,5.87443,4.69467,5.85064,1.07984,2256.84,2089.97,0.0,0.0,0.6052,0.560452,0.0,1,0.0037255841999999,3.9695281413,3.5804643893477244,Test
DEQFOU_clean,4.43033,3.99236,4.42996,1.33979,549.564,410.186,188.414,140.63,0.5546,0.413945,0.0,1,0.0022247337,2.2946342727,2.192962462988981,Train
DEQVIF_clean,6.28134,5.12336,6.25197,1.10154,1366.18,1240.24,0.0,0.0,0.5242,0.475878,0.0,0,0.0043170488,3.5474973619,3.2726912407083164,Test
DEWQUS_clean,6.85928,3.77665,6.81852,1.76082,1527.11,867.274,0.0,0.0,0.5524,0.313718,0.0,1,0.0017222389,1.7952064959,1.8157649657321668,Test
DEWRIH_clean,5.32446,3.88819,5.25315,2.34041,1006.15,429.901,0.0,0.0,0.4786,0.204494,0.0,1,0.0009869513,0.9688065524,0.9444484094244694,Train
DEYJIC_clean,5.18714,3.79158,5.1767,1.26241,1435.68,1137.26,0.0,0.0,0.5344,0.423318,0.0,1,0.0039797989,2.9767154508,2.945335646684599,Test
DEYJOI_clean,5.20142,3.64055,5.19254,1.24367,1493.92,1201.22,0.0,0.0,0.5352,0.430338,0.0,1,0.0041597576,3.1012207685,3.1578386068149222,Test
DEYLUQ_clean,7.28064,4.66536,7.28064,1.6199,977.704,603.558,0.0,0.0,0.4976,0.307179,0.0,1,0.0022263019,1.8282509077,1.6536708641722697,Test
DEYNIG_clean,4.67091,3.76726,4.63755,2.4194,389.97,161.184,0.0,0.0,0.4246,0.175498,0.0,1,0.0010056538999999,0.6052520779999999,0.6201325174044685,Test
DEZKAW_clean,8.13146,3.74741,8.1255,0.911325,1740.68,1910.06,27.7822,30.4855,0.6372,0.699202,0.0,1,0.0024336882,2.8717549939,2.7869500776173592,Test
DIBJEF_clean,5.60649,4.70814,5.13464,1.76959,946.581,534.916,0.0,0.0,0.4236,0.239378,0.000565104,1,0.0032572537,1.7432580416,1.7916936779318218,Test
DIBJIJ_clean,6.10817,4.16928,5.9554,1.53541,899.273,585.691,0.0598489,0.0389792,0.5054,0.329164,0.0,1,0.0026994413,1.7659031636000002,1.710484286860042,Train
DIBPAH_clean,5.70136,3.62358,5.70136,1.16448,1493.52,1282.56,0.0,0.0,0.5674,0.487255,0.0,1,0.0065435096,3.6762210821,3.8513462512883034,Train
DIBQEM_clean,16.82847,3.4822,16.82847,0.80886,1885.97,2331.64,0.0,0.0,0.6836,0.84514,0.0,1,0.0039797878,4.1026958182,4.088424137971554,Train
DIBQIQ_clean,8.63632,7.63034,8.63632,0.777557,2368.36,3045.9,0.0,0.0,0.6702,0.86193,0.0,1,0.0054075869,5.3294317932,5.068912432718454,Test
DIBQOW_clean,9.37426,8.42221,9.36118,0.760114,2220.47,2921.23,0.0,0.0,0.6854,0.901706,0.0,1,0.0048890109,5.1271107701,4.850569451652678,Test
DIBQUC_clean,9.44546,8.47192,9.44155,0.754531,2221.93,2944.78,0.0,0.0,0.6746,0.894065,0.0,1,0.0047905843,5.111944259,4.8173036540801775,Test
DICKEH_clean,12.83987,7.4101,12.68863,0.522471,2354.64,4506.73,0.0,0.0,0.796,1.52353,0.0,1,0.0039217241,4.6791724357,4.988337444144998,Test
DICVAO_clean,6.28011,3.53464,6.28011,1.12464,1454.75,1293.53,0.0,0.0,0.5698,0.506652,0.0,1,0.0052552423999999,3.8795581669,3.7783603018299368,Train
DICVES_clean,6.33441,3.59662,6.33441,1.11373,1441.4,1294.21,0.0,0.0,0.581,0.521669,0.0,1,0.0053572470999999,3.8941525644,3.776121337034046,Train
DICVIW_clean,6.26495,3.45129,6.22166,1.15151,1468.87,1275.6,0.0,0.0,0.5682,0.493438,0.0,1,0.0056002451,3.893924647,3.8621556135978143,Train
DIDBAV_clean,9.28847,5.74363,7.91915,0.92545,1489.11,1609.07,0.0,0.0,0.5874,0.634718,0.0,0,0.0051485216,4.7893283853,4.706645198052497,Train
DIDBEZ_clean,9.17575,5.94989,7.9915,0.929043,1495.06,1609.25,0.0,0.0,0.5892,0.634201,0.0,0,0.005111918,4.8310004112,4.684113747571471,Train
DIDDOK_clean,9.60031,8.17399,9.60031,0.525842,2599.96,4944.37,0.0,0.0,0.7878,1.49817,0.0,1,0.0038160503,5.0031259368,5.008067796453503,Test
DIHVIB01_clean,13.18363,6.64307,13.17065,0.881735,2096.71,2377.93,0.0,0.0,0.7124,0.807952,0.0,1,0.0043694688,3.8871184367,3.831771589232681,Train
DIHVIB_clean,13.27896,6.89092,13.26587,0.883073,2036.2,2305.8,0.0,0.0,0.7186,0.813749,0.0,1,0.0044075709,3.7822712056,3.8568418387390855,Train
DIKJUD_clean,5.51513,4.27188,5.50941,1.06812,1036.17,970.09,0.0,0.0,0.5198,0.486651,0.0,1,0.0065953344999999,3.1084733952,3.586478127374551,Test
DINNIZ_clean,5.64071,4.66315,5.45064,1.16869,1439.96,1232.11,0.0,0.0,0.5486,0.469413,0.0,1,0.0025667047,2.3290242106,2.398076669202675,Test
DIPMAS_clean,5.87796,4.78268,5.87796,1.71391,1532.86,894.368,0.0,0.0,0.5492,0.320438,0.0,1,0.0010286923,1.2343412146,1.155693486076082,Train
DIRPIF_clean,8.33531,6.07292,8.1953,0.867063,1783.84,2057.33,0.0,0.0,0.6398,0.737893,0.0,1,0.0046802763,4.1139549488,4.429583429310339,Train
DITJIB_clean,20.3631,9.01147,20.3631,0.521418,1774.76,3403.71,0.0,0.0,0.8332,1.59795,0.0,1,0.0021351516,3.1980654198000003,3.108110646837493,Test
DITJOH_clean,19.43102,8.59079,19.40135,0.448746,1849.48,4121.45,0.0,0.0,0.824,1.83623,0.000445686,1,0.0026443671999999,3.8625721168,3.6313808159043575,Test
DITTEH_clean,5.93254,5.15214,5.88831,1.0803,2344.41,2170.15,0.0,0.0,0.6392,0.59169,0.0,1,0.0046057128999999,4.0444996434,4.192242920763591,Train
DITXOU_clean,5.00365,3.53364,4.98221,1.08104,1844.81,1706.51,0.0,0.0,0.6206,0.574076,0.0,1,0.0055154603,4.6508535436,4.562035059745204,Train
DITYEM_clean,4.09318,3.46859,4.09318,1.84238,155.54,84.4234,0.0,0.0,0.347,0.188344,0.0,1,0.0008145492999999,0.6628349534,0.6394367479222431,Train
DITYOW_clean,4.93354,4.81445,4.92328,1.42734,510.614,357.738,113.486,79.5089,0.4866,0.340914,0.0,1,0.0027032701,1.8427621647,1.5920319844132746,Test
DIVGIA_clean,5.63742,3.98335,5.62763,1.20442,696.106,577.961,65.1595,54.1004,0.5032,0.417795,0.0,1,0.0025152803,1.9182304389,1.8279806345950886,Train
DIVPUU_clean,5.28515,5.1054,5.28515,1.34186,1223.75,911.977,0.0,0.0,0.5794,0.431788,0.0,1,0.0050259165999999,3.0190537289,2.9237624341590887,Test
DIVSUY_clean,6.25148,4.17859,6.25148,1.23081,1945.11,1580.35,0.0,0.0,0.5978,0.485697,0.0,1,0.0056083446999999,3.803417567,3.9968673574035933,Test
DIWMON_clean,9.50738,3.99435,9.49132,0.925424,1888.23,2040.4,0.0,0.0,0.6264,0.676879,0.0,1,0.0039910648,4.0231628225,3.9248018528314175,Test
DIWNAA_clean,6.5178,6.18035,6.5178,0.652513,3119.09,4780.12,0.0,0.0,0.7074,1.08412,0.0,1,0.0090038915,8.531290797,8.60991463082762,Train
DIXKOL_clean,7.1658,4.7152,7.1658,1.41392,1322.21,935.139,0.0,0.0,0.5174,0.365933,0.0,1,0.0034554016999999,2.6231342467,2.6030151285332694,Test
DIYKAZ_clean,4.37543,3.51099,4.3605,1.7281,376.515,217.879,0.0,0.0,0.374,0.216423,0.0,0,0.0056812965,1.465543704,1.4311515846137752,Train
DIYKED_clean,4.3222,3.9714,4.30868,1.64821,471.45,286.037,0.0806433,0.0489277,0.4054,0.245963,0.0,0,0.000797984,0.6954483901999999,0.7236624115122083,Train
DIYTEM_clean,5.54342,3.85621,5.5369,1.27196,1497.59,1177.39,0.0,0.0,0.5676,0.446239,0.0,1,0.0042858531,3.2202759649,3.1784385185847466,Train
DOCKOW_clean,6.92307,5.14701,6.92307,1.38513,740.657,534.72,0.0,0.0,0.4578,0.330511,0.0,1,0.0015165316,1.2923168412,1.2291375940457665,Test
DODMIT_clean,7.01246,4.52059,7.01246,1.55856,1353.3,868.3,0.0,0.0,0.5366,0.344293,0.0,1,0.0043941126,2.9209183055000003,2.824426568821392,Test
DOGMET_clean,4.99101,3.50509,4.98216,1.8068,621.631,344.051,0.0,0.0,0.4322,0.239208,0.0,0,0.0026146078,1.223722,1.4156101061768402,Test
DOHNUL_clean,5.10735,4.25399,5.10735,1.35619,773.026,569.999,0.0,0.0,0.4762,0.351131,0.0,1,0.0026846684,1.7609374583,1.6667457728067356,Test
DOKDEN_clean,15.14217,13.44364,15.14217,0.712137,1836.8,2579.28,0.0,0.0,0.7026,0.986608,0.0,0,0.0041767738,4.198014093399999,4.341250801098193,Train
DOKHIV_clean,4.6785,3.79643,4.6785,1.49483,851.868,569.877,0.0,0.0,0.5076,0.339571,0.0,1,0.0034963769,2.1205234162,2.1320009718321122,Test
DOLRAZ_clean,5.60421,4.00046,5.58702,1.12972,1092.67,967.204,0.0,0.0,0.499,0.441701,0.0,1,0.0091709143999999,3.7827250014,3.582234517334869,Train
DOLXOR01_clean,6.62435,5.36027,6.62435,1.08308,2578.79,2380.98,0.0,0.0,0.7368,0.68028,0.0,1,0.0006565813,1.005352076,0.9627458877345085,Train
DOLXOR02_clean,6.63462,5.37244,6.6246,1.07895,2591.9,2402.25,0.0,0.0,0.7454,0.690858,0.0,1,0.0007591722,1.0018551941,1.067836722767284,Train
DOLXOR_clean,6.62226,5.36537,6.62226,1.08651,2583.31,2377.63,0.0,0.0,0.7438,0.684577,0.0,1,0.0007152047,1.0088137838,1.0299257541351126,Test
DOMCUE_clean,18.25013,13.54682,18.2492,0.68587,1384.82,2019.07,0.0,0.0,0.7758,1.13112,0.0,1,0.0014465551999999,1.9398255892,1.9720419143958356,Train
DOMDAL_clean,18.43381,14.45488,18.43381,0.66329,1341.32,2022.22,0.0,0.0,0.7914,1.19314,0.0,0,0.0014772348999999,2.0189669654,1.9917481001751123,Train
DOMFUI_clean,8.13637,5.96872,8.13476,1.18044,720.043,609.981,519.992,440.508,0.5282,0.447462,0.0,1,0.0049682134,3.6671194358,3.5551520100502008,Test
DOMKEX_clean,5.79906,5.20244,5.74892,1.1266,1080.97,959.499,0.0,0.0,0.4364,0.387361,0.0,1,0.0028764094,2.1757723852,2.140492696061244,Test
DONKIC_clean,6.48379,4.41641,6.4829,1.03451,1661.2,1605.79,0.0954102,0.0922278,0.5846,0.565101,0.0,1,0.0037402406,3.4572678543,3.3441858167112986,Train
DONKOI_clean,7.04655,4.39343,7.04655,1.0337,1721.47,1665.34,0.466736,0.451519,0.6006,0.581018,0.0,1,0.0036824451,3.4396785639,3.4578708239443277,Train
DONKUO_clean,5.4573,3.6514,5.4573,1.13,941.26,832.97,0.0,0.0,0.5158,0.456458,0.0,1,0.0052865603,2.7681861287,2.8579548236564634,Test
DONNAW01_SL,6.43543,6.35486,6.43543,1.16514,1539.67,1321.44,0.0,0.0,0.5912,0.507406,0.0,0,0.0059498732,4.1903518595,4.161712516801351,Test
DONNAW_clean,6.49774,6.1972,6.46918,1.18453,1598.35,1349.36,0.0,0.0,0.5994,0.506024,0.0,0,0.0072713861,4.633812521399999,4.793184114443592,Test
DONNEA_clean,5.83858,5.56044,5.83858,1.23493,1480.59,1198.93,0.0,0.0,0.573,0.463996,0.0,0,0.0075522307,3.9425257426,4.171315805774855,Test
DONNIE_clean,7.12052,6.90641,7.12052,1.14518,1600.5,1397.6,0.0,0.0,0.6142,0.536335,0.0,0,0.0066493156999999,5.1086590483,5.269936022918751,Train
DONXUB_clean,5.08195,4.10328,5.08195,1.44854,506.69,349.793,246.756,170.348,0.4778,0.329849,0.0,1,0.0152629626,3.0614352094,2.718553221677678,Test
DOPHOH_clean,12.12577,5.64086,12.12577,0.985409,1409.44,1430.31,390.474,396.256,0.664,0.673832,0.0,1,0.0025485853,3.0891535548,2.7590568445844115,Test
DOPHUN_clean,12.13355,5.61514,12.13355,0.984545,1406.36,1428.44,392.743,398.909,0.6676,0.67808,0.0,1,0.0025739234,3.0700191057,2.7574515898555054,Test
DOPJAV_clean,7.55824,6.21149,7.55824,1.32954,1214.76,913.669,0.0,0.0,0.54,0.406156,0.0,1,0.0017388235,1.6661318387,1.8489977539192637,Train
DORFAS_clean,6.89012,5.94748,6.89012,1.02954,1487.46,1444.77,0.0,0.0,0.5948,0.577731,0.0,0,0.0045549182,3.8768276581,3.9138864994266696,Test
DORFOG_clean,3.83387,3.5005,3.83387,1.28492,358.59,279.076,0.0,0.0,0.476,0.370451,0.0,1,0.0031291277,2.3414967522,1.9672621948852234,Test
DORFUM_clean,5.31241,3.65877,4.34235,1.179,656.388,556.733,287.867,244.163,0.4348,0.368788,0.0,1,0.0082704172,2.9889945001,2.993373099171494,Train
DORYUG_clean,4.30528,3.70581,4.14603,1.35136,548.483,405.876,0.0,0.0,0.4236,0.313463,0.0,0,0.0144013703,2.9418739647,2.907207389640257,Train
DOTTEM_clean,6.58677,6.27426,6.58677,1.16648,1563.6,1340.44,0.0,0.0,0.6108,0.523628,0.0,0,0.0068817209999999,4.6722816237,4.655326520237943,Test
DOTYES_clean,5.96032,3.45239,5.95027,3.11213,1072.19,344.518,4.81821,1.5482,0.4928,0.158348,0.0,1,0.000410341,0.4825777872999999,0.49102306521214834,Train
DOYBAV_clean,6.11281,4.48624,6.11281,1.17289,1293.73,1103.03,0.0,0.0,0.5656,0.482229,0.0,1,0.0033592509999999,2.8211639362,2.678724299916475,Test
DOYBEA_clean,5.83429,5.37899,5.82078,1.0599,1634.79,1542.4,0.0,0.0,0.5844,0.551373,0.0,0,0.0095436755,4.5528481792,5.3614412661366515,Test
DOYBUQ01_clean,4.47276,3.50575,4.44835,1.90606,879.044,461.183,0.0,0.0,0.519,0.272289,0.0,1,0.0045645255,2.5368257126,2.3311811316409736,Test
DOYBUQ_clean,4.65105,3.76809,4.64879,1.78136,1057.62,593.716,0.0,0.0,0.5468,0.306956,0.0,1,0.0039558024,2.434387849,2.514458932433457,Test
DOYHOQ_clean,6.82504,4.15814,6.82504,0.987346,2244.54,2273.31,0.0,0.0,0.6424,0.650633,0.0,1,0.0062296046,4.9949270105000005,5.10037184519494,Train
DOYHUW_clean,6.87938,5.20644,6.87938,0.976254,2294.91,2350.74,0.0,0.0,0.6516,0.667449,0.0,1,0.0091643831999999,6.104121901799999,6.072799278920428,Train
DOYLEI_clean,6.40369,4.15529,6.40369,1.15157,1694.44,1471.42,0.0,0.0,0.6046,0.525024,0.0,1,0.0017125714,1.7913936261,2.0327088987077584,Test
DOZCEC_clean,19.11403,11.74027,19.11403,0.458248,1880.45,4103.57,0.0,0.0,0.8106,1.76891,0.0,1,0.00305809,3.9709436019,4.151441257147774,Test
DOZKIO_clean,6.44925,4.72277,6.43616,1.05766,2120.44,2004.84,0.0,0.0,0.6376,0.602839,0.0,1,0.0067557181,5.509952165800001,5.284053369650566,Train
DUBBEI_clean,4.93494,3.49142,4.86694,2.00135,1263.38,631.266,0.0,0.0,0.5166,0.258126,0.0,0,0.0032975401,2.3045580912,2.231580612851068,Test
DUBJUH_clean,7.25048,6.08004,7.24863,1.09392,1335.78,1221.09,0.0,0.0,0.5476,0.500583,0.0,0,0.004517307,3.6325177916,3.4453930327074427,Test
DUBKAO_clean,7.17371,5.8712,7.17371,1.10727,1329.12,1200.36,0.0,0.0,0.5452,0.492383,0.0,0,0.0043676155,3.6074840878,3.4776122232954325,Train
DUBWON_clean,5.41735,4.7264,5.40719,1.2729,1870.44,1469.44,0.0,0.0,0.6244,0.490534,0.0,1,0.0071930831999999,4.5544102197,4.566886474873003,Train
DUDKEU_clean,5.16942,3.66649,5.16942,1.65561,855.86,516.946,0.0,0.0,0.4144,0.250301,0.0,1,0.0012964763,1.2484653684,1.1906251255179323,Train
DUDKOE_clean,10.92488,6.00637,10.24342,0.779781,2417.09,3099.71,0.0,0.0,0.7388,0.947446,0.0,1,0.0039794375,4.7461288529,4.712819554275243,Test
DUDKUK_clean,8.84791,6.66406,8.84791,0.84398,2430.67,2880.0,0.0,0.0,0.75,0.888646,0.0,1,0.0024960014,3.4962664709,3.243401668512915,Train
DUFGOB_clean,8.44616,7.81761,8.44616,1.12069,1457.55,1300.59,0.0,0.0,0.5722,0.51058,0.0,1,0.0011601779,1.4871063611000002,1.6802799452447679,Train
DUFKAS_clean,18.33861,11.31425,18.33733,0.529585,1559.27,2944.33,0.0,0.0,0.811,1.53139,0.0,1,0.0024964432,3.1905406963,3.244509883652113,Train
DUGMOJ_clean,13.15947,6.68014,13.15947,1.04413,1452.16,1390.78,0.0,0.0,0.5972,0.571957,0.0,1,0.0038604977,3.090039697,2.9712688453783187,Train
DUHXIP_clean,5.38027,3.4809,5.34205,1.27884,677.396,529.696,4.06005,3.17479,0.4624,0.361578,0.0,1,0.005746343,2.0259220143,2.146424074069199,Train
DUJRAD_clean,6.16228,5.32315,6.13437,1.37535,1593.73,1158.79,0.0,0.0,0.5806,0.422148,0.0,1,0.0043399703,3.1910574705,3.201085228187359,Test
DUKNII_clean,5.28968,3.60886,5.25875,1.23201,362.386,294.143,41.4473,33.6421,0.4702,0.381654,0.0,1,0.0031212422,1.4213791975,1.5669146922237747,Test
DUMXEQ01_clean,4.78039,3.84263,4.78039,1.76597,828.843,469.341,0.0,0.0,0.4496,0.254591,0.0,0,0.0052966816,2.0571831633,2.0584897269430686,Train
DUMXEQ_clean,4.75958,3.82785,4.75554,1.76954,805.711,455.323,0.0,0.0,0.4502,0.254417,0.0,0,0.0051704711,2.0446841597,2.048580867495258,Train
DUMXIU_clean,4.39406,3.66786,4.39093,1.82931,560.452,306.373,0.0,0.0,0.4366,0.238669,0.0,0,0.0038861749,1.7963351149000002,1.829468575812563,Test
DUNJON_clean,5.13321,3.70024,5.11248,2.82249,688.218,243.833,0.0,0.0,0.4132,0.146395,0.0,1,0.0004097558,0.4437371565999999,0.43292098823208924,Train
DUNXUH01_clean,5.08043,3.95835,5.08043,1.20337,1874.89,1558.04,0.0,0.0,0.6064,0.503919,0.0,1,0.0088818105,5.312904025,5.330337275923327,Train
DUNXUH02_clean,5.05926,3.9622,4.49661,1.21011,1835.42,1516.73,0.0,0.0,0.6046,0.499624,0.0,1,0.0088623066,5.2819557163,5.301184251883688,Test
DUNXUH03_clean,4.97891,3.78832,4.59863,1.23681,1734.27,1402.21,0.0,0.0,0.5936,0.479945,0.0,1,0.0083942111,5.0796529773,5.140024687765121,Train
DUNXUH04_clean,4.99541,3.81551,4.9844,1.23241,1776.81,1441.74,0.0,0.0,0.5952,0.482957,0.0,1,0.0082861891,5.1232548654,5.1366009501303775,Test
DUNXUH05_clean,5.01407,3.87283,4.97867,1.22609,1774.32,1447.13,0.0,0.0,0.5944,0.484792,0.0,1,0.0085937518,5.1787526786,5.197483399041134,Test
DUNXUH06_clean,5.04935,3.8892,5.03687,1.21647,1807.28,1485.67,0.0,0.0,0.6062,0.498328,0.0,1,0.0086252582,5.2438749536,5.249623599426295,Test
DUNXUH12_clean,4.98043,3.76476,4.96686,1.23681,1716.03,1387.47,0.0,0.0,0.593,0.47946,0.0,1,0.0082831885,5.0739383124,5.042778545769664,Train
DUNXUH13_clean,4.99037,3.79418,4.86577,1.23241,1722.87,1397.97,0.0,0.0,0.5938,0.481821,0.0,1,0.008457224,5.0946125267,5.077358040712614,Train
DUNXUH14_clean,5.00423,3.8343,4.58368,1.22609,1739.06,1418.37,0.0,0.0,0.5986,0.488218,0.0,1,0.0085517433,5.1860291619,5.180333578185477,Test
DUNXUH15_clean,5.0496,3.92518,5.02742,1.21011,1811.64,1497.09,0.0,0.0,0.6042,0.499293,0.0,1,0.0087437824,5.285326903500001,5.2481180039663595,Train
DUNXUH21_clean,5.07683,3.95879,4.81355,1.20337,1860.11,1545.75,0.0,0.0,0.6076,0.504916,0.0,1,0.0088848112,5.2998438628,5.319502454158229,Test
DUNXUH_clean,5.0284,3.9124,4.82782,1.21944,1796.23,1472.99,0.0,0.0,0.602,0.493667,0.0,1,0.0087677873,5.2312513803,5.2508528358428705,Train
DUPJAB_clean,9.76192,5.55983,9.75209,1.11305,1740.01,1563.28,62.6529,56.2895,0.67,0.60195,0.0,1,0.0033944053,2.5978539946,3.1878294097693525,Test
DUPKAC_clean,11.8886,6.57125,10.69212,0.647287,2123.23,3280.21,0.0,0.0,0.7376,1.13953,0.0,1,0.0039082972,4.969472864,4.684166951878571,Train
DUPVER_clean,9.93002,6.46763,9.91751,0.795967,2168.14,2723.91,0.0,0.0,0.7348,0.923153,0.0,1,0.0035296796999999,4.4385239533,4.1913410032923615,Test
DUQSEO_clean,3.77576,3.47286,3.77576,1.73065,285.313,164.859,0.0,0.0,0.4436,0.25632,0.0,1,0.0003660236,0.4507262081,0.43545702657327157,Train
DUQYEU01_clean,4.86217,4.34562,4.86217,1.66926,2251.32,1348.69,0.0,0.0,0.6184,0.370463,0.0,1,0.0022113083,2.3973672565,2.3544548643179937,Train
DUQYEU_clean,4.86021,4.34715,4.86021,1.66839,2272.53,1362.11,0.0,0.0,0.6004,0.359868,0.0,1,0.0022072057,2.390714186,2.3671450833554744,Train
DURDAX_clean,8.5072,5.95019,7.5941,0.701061,2581.34,3682.05,0.0,0.0,0.7402,1.05583,0.0,1,0.0042926659,5.1677660491,5.2242071772121665,Train
DURDIF_clean,6.93958,6.05366,6.90375,0.735097,2642.04,3594.14,0.0,0.0,0.7204,0.980006,0.0,1,0.0045813833,5.3526244234,5.350475344200969,Test
DUTKAG_clean,6.82996,5.62808,6.81318,0.906851,2249.11,2480.13,0.0,0.0,0.6722,0.741246,0.0,1,0.0040491754,4.219750271700001,4.298995628148422,Test
DUWBEE_clean,7.4726,6.03228,7.03921,0.972318,2397.88,2466.15,0.0,0.0,0.7166,0.737002,0.0,1,0.0030127813,3.7819776449,3.5419460567005157,Test
DUWFOS_clean,4.7722,3.99598,4.7722,1.5688,655.828,418.043,0.0,0.0,0.462,0.294492,0.0,0,0.0031250715,1.5902998238,1.642701592260245,Test
DUWGEJ_clean,6.48283,5.44672,6.47851,1.23973,1910.17,1540.8,0.0,0.0,0.6142,0.495432,0.0,1,0.0037794494,3.0337574983,3.3036954389697013,Train
DUWROE_clean,4.35263,3.47485,4.33203,1.3646,1032.9,756.92,0.0,0.0,0.5148,0.377252,0.0,0,0.0059143202,3.4492827791000003,3.214521031341226,Test
DUWRUK_clean,4.54182,3.68421,4.38679,1.45633,495.592,340.302,181.958,124.943,0.4774,0.32781,0.0,0,0.0062469434,2.8836717534,2.817412528280883,Train
DUWSAR_clean,5.89224,4.25071,5.89224,0.915526,2178.46,2379.46,0.816322,0.891643,0.6566,0.717184,0.0,1,0.002641304,3.108176469,3.0293930403487623,Train
DUXKUD_clean,7.67361,6.90082,7.6375,1.23834,1391.29,1123.51,0.0,0.0,0.5864,0.473535,0.0,1,0.0016579842,1.8919082211,1.983446698459122,Train
DUXMAL_clean,4.53313,3.88732,4.40894,1.15892,1217.93,1050.91,0.0,0.0,0.5062,0.436785,0.0,1,0.0114682065,4.4948842816,4.494956931996124,Train
DUYJIS_clean,6.08213,4.77192,5.96456,1.01187,1589.69,1571.04,0.0,0.0,0.5968,0.589801,0.0,0,0.0075367596999999,4.4267745882,4.770550754547664,Test
DUYRAR_clean,5.40502,3.6653,5.2509,3.43473,596.999,173.813,136.893,39.8556,0.4634,0.134916,0.0,1,0.0004152553,0.4455389128,0.4366813875121114,Train
DUYREV_clean,5.41837,3.69977,5.33563,3.41098,611.073,179.149,152.278,44.6434,0.4568,0.133921,0.0,1,0.0004370221,0.4577296777,0.4574288389370724,Train
DUYRIZ_clean,5.27957,3.6902,5.27957,3.398,604.136,177.792,174.249,51.28,0.4708,0.138552,0.0,1,0.0004413843,0.4619851193,0.46035354328063294,Train
DUYROF_clean,5.30567,3.77956,5.29101,3.36341,632.283,187.989,184.756,54.9313,0.4688,0.139383,0.0,1,0.0004319675,0.4707785392,0.5160125898374734,Train
DUYVEA_clean,4.52649,3.62009,4.52649,1.39154,383.437,275.549,0.0,0.0,0.4574,0.328701,0.0,1,0.0009004661,0.8121802323999999,0.7899304674059962,Train
DUZPUL_clean,7.06957,4.91595,7.06648,0.920284,2531.68,2750.98,0.0,0.0,0.6946,0.754767,0.0,1,0.0054609583,5.3266132867,5.341887779466693,Train
DUZWOM_clean,5.41107,3.63654,5.41022,1.51085,1084.42,717.756,0.0,0.0,0.4906,0.324718,0.0,0,0.0018119635,1.4164109671,1.6276025561777316,Test
EBATUY_clean,5.89375,3.67074,5.89375,1.25605,1195.64,951.909,0.0,0.0,0.5408,0.430557,0.0,0,0.004639543,2.7626758836,3.0152652855435935,Test
EBATUZ_clean,12.21806,7.03158,12.21806,0.59675,2360.49,3955.57,0.0,0.0,0.7812,1.30909,0.0,1,0.004982648,5.3966266845,5.247120648521014,Train
EBAVAH_auto,14.10999,7.45371,14.02692,0.571355,2267.46,3968.58,0.0,0.0,0.776,1.35818,0.0,1,0.0039010776,4.5071061309,4.904239197730646,Test
EBAVIP_clean,4.98159,3.61041,4.97646,1.20745,1001.48,829.422,0.0,0.0,0.4772,0.395214,0.0,1,0.0081214738,3.4142827049,3.3772884834658825,Test
EBAVOV_clean,5.06494,3.47701,5.06494,1.20126,1010.26,841.002,0.0,0.0,0.4938,0.411069,0.0,1,0.0077147168,3.4207586618,3.430884013341749,Test
EBAVUB_clean,5.15491,3.70129,5.14806,1.1957,1007.34,842.47,0.0,0.0,0.4888,0.408797,0.0,1,0.0080005129,3.3952513552,3.352603847784062,Train
EBELUU_clean,5.06354,4.01259,5.06354,1.09045,1520.09,1394.01,0.0,0.0,0.5732,0.525654,0.0,1,0.0062543051,4.4899884608,4.1766780779056125,Test
EBEMEE_clean,4.82351,3.61774,4.82351,1.61026,574.177,356.574,0.0,0.0,0.414,0.257101,0.0,0,0.0017970185,1.1198907117,1.20244284014971,Test
EBEMEF_clean,4.2795,3.43566,4.27665,1.23366,1261.3,1022.41,0.0,0.0,0.6368,0.516186,0.0,1,0.0008747063,1.2229379611,1.2338548365981246,Train
EBEMII_clean,4.74887,3.57779,4.74887,1.57979,558.843,353.745,0.0,0.0,0.4136,0.261807,0.0,0,0.0023352912,1.2403611922,1.398528914487992,Test
EBEWIT_clean,6.98757,6.64177,6.98757,1.55436,1566.68,1007.93,0.0,0.0,0.573,0.368642,0.0,0,0.0036021177,2.9560387888,3.058494936622243,Test
EBEXAM_clean,7.13111,6.78821,7.13111,1.50724,1561.7,1036.13,0.0,0.0,0.5636,0.373929,0.0,0,0.0030112941,2.8799521532,2.876578301606441,Train
EBEXEQ01_clean,7.07406,6.73356,7.07173,1.61064,1512.67,939.176,0.0,0.0,0.556,0.345204,0.0,1,0.0035849646999999,2.9222913298,2.9621284418809393,Test
EBEXEQ_clean,7.05454,6.70514,7.05454,1.61812,1500.38,927.234,0.0,0.0,0.5486,0.339035,0.0,1,0.0037736471,2.9411652828,2.976938236436921,Train
EBIDOK_ion_b,10.15108,7.28168,10.14731,0.88059,1949.39,2213.74,0.147124,0.167074,0.6452,0.732691,0.0,1,0.003832763,3.7012950612,3.680178127812351,Train
EBIHII_clean,6.77782,5.19916,6.76838,1.13174,1870.74,1652.98,0.0,0.0,0.589,0.520437,0.0,1,0.0044911742,4.0186989989,3.749146552645567,Test
EBIJAC_clean,5.69411,4.34501,5.6755,1.35778,616.318,453.917,180.508,132.944,0.4634,0.341293,0.0,0,0.0029755134999999,1.5955020607,1.627474422563546,Test
EBIMEJ_clean,4.76005,3.76742,4.75297,1.25917,1007.84,800.402,0.0,0.0,0.5458,0.433462,0.0,1,0.0055308245999999,3.0771774401,3.1845739159681146,Test
EBIPOX_clean,5.78746,4.90776,5.77533,1.02316,2423.56,2368.7,0.0,0.0,0.6678,0.652682,0.0,1,0.0031730912,3.3761545153,3.53685155031896,Test
EBIZUN_clean,10.22426,8.07829,10.22419,0.790487,2342.19,2962.97,0.0,0.0,0.7238,0.915638,0.0,1,0.0039232278999999,4.49979983,4.5851611731095065,Test
EBOBIJ_clean,6.08923,4.67292,6.06736,0.939565,1692.1,1800.94,0.0,0.0,0.6024,0.641148,0.0,0,0.0077415042,5.0884463262,5.137449879617488,Test
EBOCOQ_clean,5.90692,5.38954,5.89965,0.987787,1345.25,1361.88,0.0,0.0,0.583,0.590208,0.0,1,0.0056383153,3.7788049796,3.687710374304305,Test
EBOJOV_clean,5.22472,4.63991,5.22472,2.49061,907.874,364.519,0.0,0.0,0.4464,0.179234,0.0,1,0.0003746826999999,0.4965178067,0.47338940597356594,Train
EBUQIB_clean,6.03622,4.38011,5.42071,1.1026,1157.92,1050.17,0.0,0.0,0.4992,0.452746,0.0,1,0.0057341286,3.3649383644,3.2891163893516797,Test
EBUREA_clean,5.12157,4.43835,5.12005,1.31199,1365.8,1041.01,0.0,0.0,0.4802,0.36601,0.0,1,0.0035849717,2.5806407856,2.5981068371597744,Test
ECAFOG_clean,9.52896,9.26877,9.52862,1.12614,1174.7,1043.12,0.0,0.0,0.5574,0.494964,0.0,0,0.0017459282999999,2.1960679218,2.073572880939186,Test
ECAHAT_clean,12.33039,11.4865,12.33039,0.854274,1047.61,1226.32,88.151,103.188,0.6086,0.712418,0.0,0,0.0091166812,3.2774420816000003,3.276145725768757,Train
ECAHEX_clean,6.93055,5.1748,6.93055,1.20906,867.96,717.883,0.0,0.0,0.4824,0.398989,0.0,0,0.0021806721,2.0084508947,1.697399183746247,Test
ECAHOH_clean,6.87089,4.98271,6.87089,1.21823,856.833,703.343,0.0,0.0,0.4828,0.396313,0.0,0,0.0021788817,1.8979008469,1.6560124215965286,Test
ECASAD_clean,4.09039,3.62411,4.09039,1.61904,470.381,290.531,0.0,0.0,0.4766,0.294372,0.0,0,0.0012585127999999,0.972379466,1.1813544453310176,Test
ECEDAU_clean,5.16051,3.4158,5.15302,1.53177,706.487,461.221,0.0,0.0,0.4352,0.284115,0.0,1,0.0074777104,2.0499937694,2.1077088556550336,Test
ECEDEY_clean,6.39219,4.6444,6.38001,1.02837,1438.77,1399.08,0.0,0.0,0.541,0.526076,0.0,1,0.0037383492,3.2350827826,3.1497332833556038,Train
ECEZAO01_clean,4.88805,4.01037,4.88805,1.43329,945.622,659.759,0.0,0.0,0.4914,0.342849,0.0,1,0.0039751666,2.0975122376,2.176904499947165,Train
ECIWIW_clean,5.91503,4.28149,5.90688,1.32412,773.007,583.789,0.0,0.0,0.4832,0.364921,0.0,1,0.0019120778,1.3417727927,1.415130424302216,Train
ECIWOC_clean,5.05411,4.785,5.05411,1.40153,572.024,408.141,0.0,0.0,0.4148,0.295961,0.0,1,0.006975514,1.9884583979,1.9100634755001638,Test
ECODEG_clean,5.33632,3.54871,5.31165,1.34842,1018.67,755.456,0.0,0.0,0.5336,0.395722,0.0,1,0.0103271404,3.7681034831,3.6601650146271787,Test
ECODIK_clean,4.79857,4.01377,4.75701,1.19981,1900.99,1584.41,0.0,0.0,0.5936,0.494745,0.0,1,0.0057647004,4.4054898608,4.367621665746029,Train
ECOGEI_clean,4.77299,3.85637,4.77299,0.998724,1292.16,1293.81,0.0,0.0,0.5602,0.560915,0.0,1,0.0065868174,3.9726257883,4.320254318843633,Test
ECOKAJ_clean,18.9972,17.57546,18.98876,0.325331,1156.9,3556.08,0.0,0.0,0.873,2.68342,0.0,1,0.0023467023,3.7625592178,3.449984753332336,Test
ECOLEP_clean,11.63969,10.91793,11.63255,0.407232,1818.5,4465.52,0.0,0.0,0.8666,2.12803,0.0,1,0.0021839813,3.2966981256,3.166288537172878,Test
ECOLOX_clean,5.75377,5.01577,5.75377,3.73963,1778.59,475.605,0.0,0.0,0.5632,0.150603,0.0,1,0.0012278604,1.1426815773,1.1267019985388005,Train
ECUDOX_clean,6.82408,6.14054,6.82408,2.34011,1768.65,755.799,0.0,0.0,0.6164,0.263406,0.0,1,0.0014807131,1.3414332985,1.4501203620189003,Train
ECUGEQ_clean,6.02953,4.07384,5.91743,2.29908,1875.55,815.783,0.0,0.0,0.6102,0.26541,0.0,1,0.0012204703,1.2604970703,1.3360614955979653,Test
EDADIX_clean,4.63332,3.88728,4.61559,1.24361,944.143,759.198,93.0933,74.8575,0.5198,0.417978,0.0,1,0.0088290952,3.5231566461000003,3.8077310594839213,Test
EDAFUM_clean,4.92982,3.72004,4.92982,1.77302,851.953,480.51,0.0,0.0,0.4508,0.254256,0.0,0,0.0019781134,1.3904489909,1.4140693227370804,Test
EDAGAT_clean,4.66461,3.62215,4.66149,1.84563,725.213,392.936,0.0,0.0,0.435,0.235692,0.0,0,0.0018320469,1.3579087928,1.3430184093047521,Train
EDAGEX_clean,4.90414,3.69066,4.90414,1.79444,798.923,445.222,0.0,0.0,0.4496,0.250552,0.0,0,0.0021241799,1.4086016386000002,1.4157219102694856,Train
EDAPIK_clean_h,7.09885,6.53196,7.09077,0.672755,2256.65,3354.34,0.591427,0.879112,0.6938,1.03128,0.0,1,0.0039118022999999,4.0374743801,4.328704560633232,Train
EDATOT_clean,9.62468,7.97439,9.62468,0.668028,2323.97,3478.84,0.0,0.0,0.7968,1.19276,0.0,0,0.0015499009,2.3133808746,2.300343544703644,Train
EDAVOV_clean,5.43148,4.91725,5.43148,1.632,451.699,276.776,0.0,0.0,0.4036,0.247304,0.0,1,0.0009093727,0.612777565,0.6305627853632396,Train
EDECOG_clean,6.30911,4.65211,6.30565,1.66761,3310.63,1985.26,0.0,0.0,0.756,0.453344,0.0,1,0.0005817939,0.7896882492,0.8359699077513483,Train
EDEPAG_clean,5.9343,4.39186,5.9343,1.47756,1345.05,910.315,0.0,0.0,0.5408,0.366009,0.0,1,0.0040204585999999,2.7614132007,2.6920398163465245,Test
EDIKIL_clean,4.99635,3.98785,4.76329,1.3412,2179.84,1625.29,0.0,0.0,0.601,0.448105,0.0,0,0.0027851794,2.9601173229000004,2.9043517507284293,Test
EDOMAM_clean,8.29315,6.04438,8.28681,0.809806,2146.39,2650.49,0.0,0.0,0.6716,0.829334,0.0,0,0.0041655795,4.3857386792,4.505342226942749,Test
EDUSIF_clean,15.05124,7.91583,15.05124,0.593338,2225.74,3751.22,0.0,0.0,0.8098,1.36482,0.0,0,0.0025447085,3.5265885831,3.620349724261991,Train
EDUSUR_clean,14.97276,6.60675,14.97057,0.720686,2039.23,2829.56,0.0,0.0,0.7584,1.05233,0.0,0,0.002381805,3.2505766363,3.226253692820073,Train
EDUTIG_clean,15.04959,5.6073,15.03522,0.712902,1939.67,2720.81,0.0,0.0,0.7442,1.0439,0.0,0,0.0032516788,4.0678367318,4.010803199288493,Train
EDUVOO_clean,20.93415,10.62864,20.9324,0.373403,1788.47,4789.64,0.0,0.0,0.862,2.3085,0.0,0,0.0033646345,4.9104952827,4.874319280384293,Train
EFAYEQ_clean_h,11.33412,8.20992,11.33412,0.445208,2301.41,5169.29,0.0,0.0,0.8028,1.8032,0.0,1,0.0027710559,3.8385331034,3.9755525534525358,Train
EFAYIU_clean,11.56522,8.64377,10.65601,0.433579,2251.34,5192.46,0.0,0.0,0.8194,1.88985,0.0,1,0.0031868456,4.1661476239,4.384152365529187,Train
EFEGOM_clean,6.13983,5.63757,6.13983,1.11988,1513.16,1351.17,0.0,0.0,0.5868,0.523983,0.0,0,0.0049042653,3.5828464299,3.74876436579048,Test
EFESEP_clean,10.28948,6.13196,9.71774,0.910166,1438.69,1580.69,202.393,222.369,0.6216,0.682952,0.0,1,0.0062242385,4.0638796498000005,4.015603806179286,Train
EFESOZ_clean,10.40168,6.18945,10.40168,0.9137,1441.31,1577.44,199.174,217.986,0.6294,0.688847,0.0,1,0.0067000694999999,4.1037818076,4.107697219782703,Test
EFIMOV_clean,6.67559,6.34874,6.67559,1.77157,892.601,503.846,0.0,0.0,0.3714,0.209644,0.0,0,0.0044318006,2.4022230985,2.0026396419228902,Test
EFOSUO_clean,5.23309,4.44144,5.224,2.23497,2650.04,1185.72,0.0,0.0,0.6472,0.289579,0.0,1,0.0006641681,0.8856219375,0.9166636915633335,Train
EFOTAV_clean,5.43531,4.50362,5.41958,2.18747,2824.93,1291.41,0.0,0.0,0.6522,0.298153,0.0,1,0.0006822731,0.8857277089,0.9410666248042654,Train
EFOTEZ_clean,5.06643,4.39448,5.0661,2.67676,2557.25,955.354,0.0,0.0,0.6308,0.235658,0.0,1,0.0004435712999999,0.602193746,0.6158039141409777,Train
EFOTID_clean,5.17106,4.13348,5.16647,3.01069,2149.74,714.036,0.0,0.0,0.6124,0.203408,0.0,1,0.0004309142,0.5826661625,0.6375950200499978,Test
EGATAI_clean,7.25975,4.31318,7.25513,0.959509,2426.34,2528.73,0.0,0.0,0.7032,0.732875,0.0,1,0.0029917223999999,3.661169922200001,3.5997549300906035,Test
EGATEM_clean,10.25144,8.68741,10.25144,0.847968,1429.66,1685.99,106.489,125.581,0.6438,0.759227,0.0,1,0.0060436193999999,4.0394470355,3.892210183094554,Train
EGATIQ_clean,10.61507,9.35673,10.60597,0.815931,1600.87,1962.02,0.0,0.0,0.6556,0.803499,0.0,1,0.0056756904,4.146995829,4.2398114801204025,Train
EGATOW_clean,5.96917,5.11285,5.74626,1.20816,2033.24,1682.93,0.0,0.0,0.6202,0.513343,0.0,1,0.0042283064,3.9709221941,3.7043322379368,Train
EGEJIK_manual,10.26084,8.70015,10.25879,0.680562,2082.85,3060.48,75.8285,111.42,0.7408,1.08851,0.0,0,0.0035749394,3.7841234711,4.112708036235032,Test
EGELUY01_manual,7.46224,7.0558,7.4593,0.947391,1658.83,1750.95,0.0,0.0,0.6114,0.645351,0.0,0,0.0065652220999999,6.1581803666,5.936423888515548,Test
EGELUY_SL,7.32559,6.86607,7.31942,0.950432,1658.89,1745.4,0.0,0.0,0.6086,0.640341,0.0,0,0.0066633301,6.1074926071,5.893271070956561,Test
EGIFUV_clean,9.74551,8.51622,9.74551,1.04544,1332.95,1275.02,6.1078,5.84232,0.6136,0.58693,0.0,1,0.0067057214,1.9627867941,2.290627954870307,Train
EGOXII_clean,5.25614,3.66279,5.25614,1.73248,965.076,557.05,0.0,0.0,0.56,0.323237,0.0,1,0.0056795428,2.7378626408,2.643717497451975,Train
EGOZAB_clean,7.0311,5.28936,7.0311,1.03834,1885.29,1815.68,0.0,0.0,0.6226,0.599612,0.0,1,0.0041914623,3.7601681232,3.876773346917462,Train
EHAFEA_clean,5.41079,3.41231,5.40089,2.22058,1080.51,486.589,0.0,0.0,0.5328,0.239937,0.0,1,0.0020896419,1.6931683934,1.6070551682941283,Test
EHAFIE_clean,5.56485,3.57227,5.56485,2.06302,1265.0,613.179,0.0,0.0,0.5486,0.265921,0.0,1,0.0019148226999999,1.6734627371000002,1.701464533418167,Test
EHAFOK_clean,5.56183,3.59241,5.55524,2.07064,1253.24,605.245,0.0,0.0,0.547,0.26417,0.0,1,0.0018536997,1.6786629795,1.6188749141171475,Test
EHAFUQ_clean,5.5462,3.57781,5.45874,2.0894,1245.04,595.885,0.0,0.0,0.5448,0.260744,0.0,1,0.0018931435,1.6473433028,1.6519188401198184,Train
EHAGAX_clean,5.47293,3.47311,5.47293,2.13433,1158.89,542.974,0.0,0.0,0.5398,0.252913,0.0,1,0.0017897713,1.6002160257,1.5403570133769617,Train
EHAGEB_clean,5.47507,3.4761,5.45313,2.1363,1116.62,522.688,1.415,0.662358,0.5378,0.251743,0.0,1,0.0018347081,1.5819163258000002,1.525545512297912,Test
EHAGIF_clean,5.44616,3.48144,5.44616,2.1778,1155.98,530.802,0.0,0.0,0.5374,0.246762,0.0,1,0.0018779322,1.6310923711,1.597756097099625,Train
EHAGOL_clean,5.39044,3.4677,5.39044,2.17273,1093.47,503.269,0.185996,0.0856051,0.5364,0.246879,0.0,1,0.0017621912,1.5831562843,1.5102087952447913,Test
EHAGUR_clean,5.37684,3.4053,5.1859,2.19821,1066.99,485.393,0.0,0.0,0.5324,0.242197,0.0,1,0.0017189311,1.5026520875999998,1.4500890896646048,Test
EHALOP_manual,7.57594,7.11735,7.57594,0.939011,1706.06,1816.86,0.0,0.0,0.618,0.658139,0.0,0,0.0063309644,6.3220065853,5.948660620541764,Train
EHEKUY_clean,6.18029,3.5251,6.17561,1.28701,834.589,648.47,1.25956,0.978668,0.5024,0.390361,0.0,0,0.0040404593,2.1185505495,2.209265317938272,Train
EHIPOC_clean,4.96443,3.71594,4.96443,1.51785,665.78,438.633,0.0,0.0,0.4902,0.322956,0.0,1,0.0006514026,0.6765233309,0.6695489389804234,Train
EHODOV_SL,6.30224,4.66761,6.30224,1.13784,1442.21,1267.5,266.504,234.219,0.5974,0.525029,0.0,0,0.0058020061,4.0986466321,4.029676123693932,Train
EJAXIW_clean,6.39565,4.30182,6.34251,0.942507,1857.91,1971.24,0.0,0.0,0.5942,0.630446,0.0,1,0.0047742343,4.4686760715,4.134143906955579,Test
EJETAQ_clean,12.53345,9.36877,12.53345,0.673241,1975.18,2933.84,0.0,0.0,0.7674,1.13986,0.0,1,0.0023206608,3.1043612993000003,3.1679937048166895,Train
EJIDUW02_clean,4.29785,3.46947,4.29785,1.53852,788.843,512.727,0.0,0.0,0.4966,0.322777,0.0,1,0.0023005282,1.7403177972,1.7978421224882768,Train
EJONOH_clean,4.44167,3.60442,4.4347,1.47939,700.956,473.814,0.0,0.0,0.4646,0.314048,0.0,1,0.0025754457,2.0412898491,1.9173210209040037,Train
EJOQOL_clean,7.54682,4.16239,7.5307,1.29085,1431.56,1109.01,0.0,0.0,0.5368,0.415851,0.0,1,0.0029530260999999,2.2317697921,2.5570767776243977,Test
EJOQUR_clean,11.95194,5.10518,11.95194,0.926552,1894.67,2044.86,37.9561,40.9649,0.6978,0.753115,0.0,1,0.0036831228,3.5577984562,3.4971816934923363,Train
EJORAY_clean,4.91477,3.6019,4.91477,1.33891,1478.66,1104.38,0.0,0.0,0.5598,0.418102,0.0,1,0.0046917925,3.3505534566,3.3156913361215548,Train
EJOZOU_clean,6.49751,6.10381,6.49751,1.26256,795.165,629.804,0.0342194,0.0271032,0.4812,0.38113,0.0,1,0.0023320259,1.8167833872,1.7691021912938683,Train
EKEQIV_clean,5.23981,3.45461,5.21199,2.0444,792.887,387.835,0.0,0.0,0.4572,0.223636,0.0,1,0.0012647047,1.0060366682,1.0385813204188645,Test
EKETOF_clean,4.41106,3.42867,4.41106,1.63804,321.449,196.241,0.0,0.0,0.4172,0.254695,0.0,0,0.004668133,1.4204368167,1.450489348541223,Test
EKETUL_clean,4.43428,3.43441,4.41751,1.64611,319.015,193.799,0.0,0.0,0.4126,0.250651,0.0,0,0.0042976932,1.3842859338,1.4022154733952001,Test
EKEVAT_clean,4.38581,3.45093,4.3809,1.70718,319.337,187.056,0.0,0.0,0.4042,0.236765,0.0,0,0.0046024835999999,1.3942781486000002,1.457231033559344,Test
EKIDEH_clean,5.83216,5.4959,5.8074,2.41757,833.936,344.948,0.748002,0.309402,0.4456,0.184317,0.0,1,0.0158493304,3.2791079407,3.0246132115465385,Train
EKIDIL_clean,5.81547,5.58073,5.8139,2.56508,834.555,325.352,0.0,0.0,0.4098,0.159761,0.0,1,0.0130053177,2.3330921214,2.407435387521123,Train
EKOKIA_clean,6.37814,3.95219,6.37814,1.40385,1452.65,1034.76,0.0,0.0,0.5578,0.397337,0.0,1,0.0030138696999999,2.528481795,2.4919584599975053,Train
EKOPEA_clean,5.53957,5.19564,5.53023,1.2074,1563.35,1294.8,0.0,0.0,0.5696,0.471756,0.0,1,0.0055174387,3.8145246977,3.566696175746239,Test
EKOPIE_clean,6.61542,5.14354,6.60525,1.21526,2002.74,1648.0,0.0,0.0,0.6146,0.505737,0.0,1,0.0045981231,4.0430328149,3.8677777430683493,Test
EKOPOK_clean,7.61675,7.30447,7.61675,1.24495,1308.01,1050.65,0.0,0.0,0.569,0.457046,0.0,1,0.0051725871999999,3.2901243687,3.497284970422674,Train
EKOPUQ_clean,11.06416,8.02745,11.06416,0.972371,1585.84,1630.9,0.0,0.0,0.6092,0.62651,0.0,0,0.0027928376,2.7442538233,2.870030031073861,Train
EKUPEG_clean,12.15079,8.26476,12.15067,0.865202,1608.01,1858.54,0.0,0.0,0.685,0.791723,0.0,1,0.0013562429,1.8688413639,1.8507922242341144,Test
ELELEN_clean,7.0748,4.1882,7.0748,0.915782,1244.35,1358.78,0.0,0.0,0.592,0.646442,0.0,1,0.0028029679,2.7107363301,2.7579174365476535,Train
ELERIY_clean,13.06874,6.51652,13.06768,0.765708,2243.35,2929.77,0.0,0.0,0.7112,0.928814,0.0,1,0.004390447,4.8626415798,4.749505320224813,Test
ELIJOZ_clean,5.0309,3.85268,5.0309,1.48251,1155.21,779.228,0.0,0.0,0.5,0.337266,0.0,1,0.0049001586,2.854873494,2.746715652326039,Test
ELIJUF_clean,4.98722,3.63869,4.98647,1.36019,1078.5,792.905,0.0,0.0,0.4826,0.354803,0.0,1,0.0056808994999999,3.1724343852,2.804463419787568,Test
ELIKAM_clean,5.04335,3.82798,5.04275,1.49693,1142.39,763.156,0.0,0.0,0.4918,0.328538,0.0,1,0.0049907462,2.8497918251,2.7316632407247567,Test
ELIKEQ_clean,4.99766,3.80728,4.99701,1.51189,1166.85,771.784,0.0,0.0,0.4966,0.328463,0.0,1,0.004915702,2.8136137646,2.7650021695287053,Test
ELIKIU_clean,4.97124,3.7531,4.97064,1.54816,1122.94,725.337,0.0,0.0,0.505,0.326193,0.0,1,0.0047575394,2.7377909263,2.7307458577650796,Test
ELIKOA_clean,4.97213,3.73339,4.97213,1.55809,1148.96,737.416,0.0,0.0,0.4918,0.315643,0.0,1,0.004609858,2.7130314914,2.661375804430654,Train
ELIKUG_clean,4.95561,3.7268,4.95492,1.57969,1129.17,714.803,0.0,0.0,0.4908,0.310694,0.0,1,0.0046804471,2.6958223016,2.678018991839309,Test
ELILAN_clean,4.95628,3.69174,4.9556,1.61177,1116.59,692.775,0.0,0.0,0.4992,0.309722,0.0,1,0.0045828840999999,2.6020749423,2.622040498660159,Train
ELILER_clean,4.98078,3.65658,4.98016,1.63697,1110.94,678.659,0.0,0.0,0.487,0.297501,0.0,1,0.0046552203,2.5584968943,2.558254723632343,Train
ELILIV_clean,4.97952,3.62473,4.97952,1.64354,1091.64,664.203,0.0,0.0,0.4882,0.297042,0.0,1,0.0044101207,2.5423804480000003,2.4590361457040597,Train
ELOGUJ_clean,5.2439,3.95274,4.46811,3.13806,963.536,307.048,0.0,0.0,0.4846,0.154427,6.37e-05,1,0.0010137923,0.8147986352,0.8448461929830637,Train
ELOHOE_clean,5.56549,4.27537,5.53003,1.15001,1036.4,901.217,0.0,0.0,0.5212,0.453215,0.0,1,0.0069384767,3.1030925482,3.209060796679249,Train
ELOZEK_clean,5.94525,5.24436,5.94525,2.80091,275.157,98.2384,0.0,0.0,0.3674,0.131171,0.0,1,8.10966e-05,0.0964900861,0.13417311603287496,Train
ELUJAY_clean,4.49095,3.64747,4.47832,1.68009,831.421,494.867,0.0,0.0,0.4708,0.280223,0.0,1,0.0028434417999999,2.0046348378,1.944893719627912,Test
ELUJEC_clean,4.38047,3.64592,4.38047,1.73198,794.119,458.504,0.0,0.0,0.4624,0.266978,0.0,1,0.0028631033,1.9485844988,1.9581008292297417,Test
ELUZES_clean,5.83115,4.20879,5.08027,1.7311,2004.82,1158.12,0.0,0.0,0.6554,0.378603,0.0,1,0.0005664226,0.7283381086,0.8344237824541829,Test
EMAGAB_clean,7.29475,4.84283,7.29475,1.35618,833.24,614.402,0.0,0.0,0.4816,0.355115,0.0,0,0.0023000971,1.7164430513999998,1.6584983168513345,Test
EMAMOW_clean,6.67757,5.81943,6.67757,1.11834,959.829,858.263,0.0,0.0,0.5032,0.449953,0.0,1,0.001278131,1.403845822,1.3651086825198528,Test
EMAMUC_clean,5.84513,5.03009,5.84513,1.22272,803.232,656.921,0.0,0.0,0.473,0.386841,0.0,1,0.0009886705,1.1181986122,0.9901321552733271,Test
EMAPAK_clean,11.21755,3.61918,11.21755,0.925375,1521.72,1644.44,0.0,0.0,0.637,0.688369,0.0,0,0.0019062064,2.4782307773,2.4821644814640216,Test
EMIFOW_clean,7.56186,4.84974,7.24948,1.40224,2851.33,2033.41,0.0,0.0,0.6898,0.491927,0.0,1,0.0040120866,3.9128453009,3.899486738729285,Test
EMIGOX_clean,6.95421,5.10297,6.95421,1.53443,2307.47,1503.8,0.0,0.0,0.6448,0.420222,0.0,1,0.0051702108,3.8754900982,4.052564375900453,Train
EMIYUW_clean,10.6209,7.98188,10.6209,0.698012,2320.47,3324.4,0.0,0.0,0.7472,1.07047,0.000573056,1,0.0037544181,4.2893186991,4.3208446090721235,Test
EMIZAD_clean,35.58882,34.51057,35.58779,0.382184,1428.23,3737.01,0.0,0.0,0.8516,2.22824,0.000523308,1,0.0033242979,4.5577019351,4.334862738308623,Test
EMOHIZ_clean,4.57808,3.51835,4.56928,1.23803,572.381,462.333,0.0,0.0,0.4556,0.368005,0.0,1,0.0019824921,1.4834485327000002,1.4752007863977736,Train
EMUBIZ_clean,10.77303,6.68088,10.77303,1.37229,1702.91,1240.92,117.774,85.8232,0.672,0.489692,0.000145742,1,0.0026122454,1.9677217186,2.017540693183207,Train
EMUBOF_clean,9.89745,6.63764,9.89048,1.19874,1975.94,1648.35,0.0,0.0,0.6738,0.562089,0.0,1,0.004034403,2.9674740631,3.2969897195873648,Train
ENAFAB_clean,11.6148,4.31195,11.6148,2.54245,1508.6,593.364,0.0,0.0,0.575,0.22616,0.0,1,0.00064246,0.7242003368000001,0.7764609133431084,Train
ENAFOP_ion_b,11.60166,8.24635,11.58519,1.18111,1100.84,932.042,0.0,0.0,0.5386,0.456012,0.0,1,0.000839989,1.0405504671,1.2173535803530162,Test
ENANIS_clean,4.58864,4.1598,4.58113,1.33735,718.625,537.349,0.0,0.0,0.4534,0.339028,0.0,1,0.0095750618,2.8842785845,2.8272458676315337,Train
ENESOH_clean,8.38054,5.7847,8.27724,0.639206,2434.82,3809.13,4.9539,7.75009,0.7442,1.16426,0.0,1,0.0034681821,4.4832634974,4.472132909182976,Train
ENESUN_clean,8.35126,5.49783,8.35126,0.626692,2424.85,3869.29,2.07427,3.30987,0.7316,1.1674,0.0,1,0.0035358526,4.543525402,4.410110036462558,Test
ENIHUG01_clean,13.78566,6.83219,13.78098,0.585033,2323.11,3970.91,0.0,0.0,0.7686,1.31377,0.0,1,0.0034751584999999,4.6233829617,4.557189497051851,Train
ENIHUG_clean,13.82069,6.83124,13.8201,0.581484,2340.51,4025.06,0.0,0.0,0.7906,1.35962,0.0,1,0.0034637082,4.6620951972,4.583897709268739,Test
ENISOK_clean,6.962,4.5443,6.96157,1.14432,1841.89,1609.59,0.0,0.0,0.6018,0.525903,0.0,1,0.0028863709,3.1483942359,3.000501101587157,Test
ENISUQ_clean,6.6554,4.37963,6.6554,0.992256,1823.18,1837.41,0.0,0.0,0.5804,0.58493,0.0,1,0.0032671751,3.558961347,3.3966701572183173,Train
ENITAX_clean,10.08149,7.22011,10.08149,0.573061,2335.96,4076.29,0.0,0.0,0.7798,1.36076,0.0,1,0.003681995,4.341450152,4.626199718923338,Test
ENITEB_clean,7.9765,5.25239,7.9026,0.909449,2139.04,2352.02,0.0,0.0,0.6632,0.729233,0.0,1,0.0037889936,4.0232634995,3.9805806411632463,Train
ENITIF_clean,6.04006,4.14792,6.02363,0.993739,1774.39,1785.57,0.0,0.0,0.6108,0.614648,0.0,1,0.0049614501,4.3600717239,4.299892249334236,Train
ENITOL_clean,9.0167,5.78838,9.01452,1.0207,1622.24,1589.34,0.0,0.0,0.589,0.577054,0.0,1,0.0041649736,3.793904618,3.8231985589792847,Test
ENIXUV_clean,6.81302,4.75487,6.75625,1.04896,1506.97,1436.63,0.0,0.0,0.539,0.513843,0.0,0,0.0040533351,3.268836592,3.3626399587999725,Test
ENOSAD_clean,5.57968,5.07062,5.57968,1.63787,1052.89,642.84,0.0,0.0,0.4624,0.282318,0.0,0,0.0030752971,1.8762372854,1.8548710676904265,Train
ENOVAG_clean,10.23983,9.51593,10.22611,1.29505,1477.19,1140.64,0.0,0.0,0.5948,0.459286,0.0,1,0.0016385751,1.951511081,1.9145898002199693,Test
EPAGEJ_clean,5.19961,3.47948,5.18752,1.66805,743.29,445.603,0.0,0.0,0.4886,0.292916,0.0,1,0.0012654868,1.1302603224,1.0904081026328527,Test
EPECEJ_clean,7.92371,4.89913,7.91993,0.908491,1989.28,2189.65,0.0,0.0,0.6342,0.69808,0.0,1,0.005886209,4.5153346787,4.673000168556894,Train
EPEWAY_clean,5.86305,5.34538,5.70782,1.27095,1126.31,886.195,0.0,0.0,0.506,0.398129,0.0,0,0.0042984233,3.0228968263,2.5708508722192747,Test
EPEWEC_clean,5.88152,5.35243,5.87056,1.27191,1143.58,899.1,0.0,0.0,0.5064,0.398141,0.0,0,0.0043444739,3.0539584667,2.695998306387226,Test
EPEXUU_clean,8.78791,3.92519,8.78786,1.21365,1182.3,974.168,0.0,0.0,0.5234,0.431261,0.0,1,0.0042822973,2.6952421154,2.7113166468505674,Train
EPEYAB_clean,8.46111,3.62498,8.46069,1.24571,1153.47,925.96,0.0,0.0,0.5226,0.419521,0.0,1,0.0050690787,2.8446754201,2.936707140959909,Train
EPISOM_clean,12.63938,6.49016,12.62405,0.677616,2253.72,3325.96,0.0,0.0,0.7494,1.10594,0.0,1,0.0052534367,5.0749220821,5.114677089696852,Test
EPONAA_clean,9.18286,8.73453,9.17503,0.495184,2583.42,5217.09,0.0,0.0,0.8544,1.72542,0.0,1,0.0011191812,1.7878268209,1.7052132848123374,Train
EPONEE_clean,9.19024,8.74095,9.18226,0.492814,2582.15,5239.6,0.0,0.0,0.8536,1.73209,0.0,1,0.0012952592999999,1.7791109562,1.8693804840793993,Train
EPOPEG_clean,5.47224,4.77054,5.47224,0.955888,1699.64,1778.08,0.0,0.0,0.613,0.641289,0.0,0,0.0042088361,3.9271501859,3.9578019947288303,Train
EPOTAF_clean,7.63453,6.61136,7.601,0.575241,2982.7,5185.13,0.0,0.0,0.779,1.35421,0.0,1,0.0033237348,4.8102048176,4.721158883482935,Train
EPOXAJ_clean,4.90808,3.54046,4.59353,3.60105,1300.0,361.007,0.0,0.0,0.5304,0.14729,0.0,1,0.0004036779,0.4695685668,0.4882720285524136,Train
EQAMUG_clean,4.23795,3.61938,4.23534,1.81883,688.208,378.378,0.0,0.0,0.424,0.233116,0.0,0,0.0022802119,1.9561369262,1.564346127159175,Test
EQERAU_clean,8.66462,5.10134,8.65703,0.830188,1832.92,2207.84,0.0,0.0,0.646,0.778137,0.0,1,0.004961914,5.082135062,4.732327999308125,Train
EQEREY_clean,6.76077,5.17427,6.21591,1.08432,1568.49,1446.52,0.0,0.0,0.5588,0.515345,0.0,0,0.0061614645999999,4.23114121,4.159740826369939,Train
EQERIC_clean,5.65308,5.10575,5.50654,1.08357,1441.7,1330.51,0.0,0.0,0.5522,0.509612,0.0,0,0.0091308829,4.6682265695,4.530820740979846,Train
EQETAX_clean,6.01885,5.05908,5.99018,0.890782,1989.22,2233.11,0.0,0.0,0.6458,0.724981,0.0,1,0.0076804245,5.3942496476,5.448239005459621,Test
EQOXIT_clean,7.68652,6.98261,7.68519,1.19569,1340.21,1120.87,0.0,0.0,0.551,0.460823,0.0,1,0.0025934443,2.3733308508,2.5413624810416504,Train
EQUBIC_clean,4.62524,4.02529,4.62419,2.01313,877.337,435.807,0.0,0.0,0.4672,0.232076,9.93e-05,0,0.0029257816,1.7193604549,1.6724419962826813,Train
EQUBOI_clean,4.70314,4.11847,4.7011,1.94101,957.405,493.252,0.0,0.0,0.4856,0.250179,0.000103039,0,0.0027798956,1.7745902962,1.6991246594502016,Test
EQUBUO_clean,4.678,4.09417,4.67712,1.98147,941.234,475.017,0.0,0.0,0.4712,0.237803,0.000100935,0,0.0028094923,1.732581451,1.6326399007237162,Test
EQUNEL_clean,11.53586,5.50716,8.36401,1.01632,2227.68,2191.92,0.0,0.0,0.6942,0.683055,0.0,1,0.0056868992,5.6678196946,4.672431474287881,Test
EQUNIP_clean,12.19685,4.3543,12.19496,0.882362,2411.33,2732.81,0.0,0.0,0.7004,0.793779,0.0,1,0.0059879467,6.0556377204,5.7170047236029085,Train
ERAHOV_clean,8.72809,7.46409,8.72809,0.942162,2285.98,2426.31,0.0,0.0,0.718,0.762077,0.0,1,0.0018640527,2.6610856556,2.4856567269688887,Train
ERALUG_clean,10.3431,8.94026,10.3375,1.11121,2058.72,1852.68,0.0,0.0,0.6522,0.586926,0.000719933,1,0.0028435775,2.7751453352999995,2.898010594984722,Train
ERAMAN_clean,12.01377,10.18099,12.01377,0.963545,2126.75,2207.22,0.0,0.0,0.6966,0.722955,0.0,1,0.0030703857,3.6478153864,3.54778889733009,Train
ERAMER_clean,12.83976,11.91501,12.83976,0.685959,2103.01,3065.8,0.0,0.0,0.7502,1.09365,0.000291563,1,0.0028132593,3.6177439674,3.636668096755501,Test
EREFEN01_SL,5.00416,3.86566,5.00416,1.13683,1255.14,1104.07,0.0,0.0,0.5352,0.470783,0.0,0,0.0087591609,3.9754138572,3.9983410894549776,Train
EREGOY_clean,7.33047,5.25494,7.19533,0.879553,2401.32,2730.16,0.0,0.0,0.685,0.778805,0.0,1,0.0037991388,4.2340991351,4.332864637075773,Train
ERELIX_clean,5.64254,3.51162,5.62378,1.23268,1079.22,875.507,0.0,0.0,0.5468,0.443586,0.0,1,0.0041867088,2.7298110562,2.675911064523124,Train
ERIGER_clean,7.45113,4.52945,7.45095,1.32558,1000.06,754.431,0.0,0.0,0.5014,0.378249,0.0,1,0.0016913810999999,1.5919398535,1.5594747862592522,Train
ERIRIG_auto,11.67849,9.57613,11.66558,0.426775,2035.73,4770.02,0.0,0.0,0.8318,1.94903,0.0,0,0.0015292415,2.3561203855,2.3871130583982523,Test
ERIWAF_clean,10.65116,5.48487,10.46238,0.840538,2241.03,2666.18,0.0,0.0,0.709,0.843508,0.0,1,0.0049558928,4.7609713878,4.692414707559334,Test
EROCIZ_clean,5.34059,3.74867,5.34025,1.39658,907.085,649.503,0.0,0.0,0.4828,0.345701,0.0,1,0.0076910792,2.0359738674,2.5565595212779115,Train
ERUFUS_clean,4.3604,3.42673,4.35329,1.50899,684.051,453.317,0.0,0.0,0.4548,0.301394,0.0,0,0.0037480097,2.3549320125,2.0244920918389164,Test
ERULEK_clean,8.92635,6.96534,8.92635,0.799593,1925.59,2408.22,0.0,0.0,0.6678,0.835175,0.0,1,0.0032923874,3.9766005773,3.8426672024385895,Train
ERUNOW_clean,9.74436,7.85759,9.7385,0.884315,1769.89,2001.42,0.0,0.0,0.6546,0.740234,0.0,1,0.0033971784999999,3.544064532,3.7238727366854723,Test
ESANET_clean,7.69209,6.08736,7.69209,1.80232,1148.27,637.106,0.0,0.0,0.5264,0.292069,0.0,1,0.0011350174,1.3333053809,1.2443878342566594,Test
ESAROH_clean,4.75347,3.71612,4.73943,1.3675,535.723,391.753,0.0,0.0,0.4534,0.331553,0.0,1,0.0055109976,1.8202933752,1.9282305010846412,Train
ESARUN_clean,6.08793,3.97207,6.06402,1.14221,1213.02,1061.99,0.0,0.0,0.5254,0.459984,0.0,1,0.0058763124,3.3389575685,3.3231102947571647,Test
ESASAU_clean,5.00328,3.89627,5.00219,1.37708,632.788,459.514,0.0,0.0,0.4448,0.323002,0.0,1,0.0046828643,1.7773597626,1.8278484362338507,Test
ESASEY_clean,5.5251,4.77538,5.51126,1.28472,744.013,579.127,0.0,0.0,0.486,0.378294,0.0,1,0.0049923465,1.9570681764,2.1659488311626243,Train
ESEDIQ_clean,5.39674,3.78301,5.31113,0.83454,2154.55,2581.72,0.0,0.0,0.6546,0.784384,0.0,0,0.0062889414,5.7406579626,5.772800173533437,Train
ESEHIV_clean,5.10587,3.69765,5.10587,1.24278,879.237,707.477,0.0,0.0,0.5044,0.405865,0.0,1,0.0068316603,2.7625394255,3.0365673679455916,Test
ESEQUO_clean,5.9241,3.78187,5.9241,1.17049,1289.9,1102.02,0.0,0.0,0.5438,0.464593,0.0,1,0.0035664449,2.9475634892,2.72036094663789,Test
ESEVIH_clean,6.88268,6.30555,6.87572,1.51625,1264.35,833.868,0.0,0.0,0.5472,0.36089,0.0,1,0.0035363790999999,2.6397632077,2.675927060922196,Test
ESIDOB_clean,5.0954,4.12899,5.0954,1.32897,1274.07,958.69,0.0,0.0,0.5378,0.404673,0.0,0,0.0103502113,4.5009007313,4.228220830575929,Train
ESIFET_clean,8.81259,5.05152,8.81259,1.42533,1454.27,1020.3,0.0,0.0,0.5856,0.410852,0.0,0,0.0034142677,2.7076726289,2.7391420385680023,Test
ESIGES01_clean,5.30554,4.43053,5.27741,1.28243,1799.46,1403.16,0.0,0.0,0.6102,0.475814,0.0,0,0.0061818631999999,4.0628383626,4.147932700499544,Train
ESIGES02_clean,5.25592,4.31073,5.18518,1.28541,1797.52,1398.4,0.0,0.0,0.597,0.464442,0.0,0,0.006089868,4.0117895869,4.051400441832478,Test
ESIGES_clean,5.24833,4.2623,5.18742,1.29046,1800.98,1395.62,0.0,0.0,0.6108,0.473321,0.0,0,0.0061861419999999,4.0522193358,4.138382518586563,Train
ESURER01_clean,6.75428,5.6916,6.72807,1.40497,1349.29,960.372,0.0,0.0,0.5342,0.380221,0.0,0,0.0041050449,2.8753761654,2.9283524018441334,Train
ESURER02_clean,6.73405,5.67186,6.7278,1.40899,1346.64,955.749,0.0,0.0,0.5328,0.378145,0.0,0,0.0041363115,2.8700439062,2.920095819110971,Test
ESURER03_clean,6.73192,5.66128,6.64205,1.40989,1345.84,954.57,0.0,0.0,0.5322,0.377477,0.0,0,0.0042209919,2.8635300298,2.936335946627662,Test
ESURER04_clean,6.9676,6.06182,6.9676,1.36538,1434.64,1050.72,0.0,0.0,0.5472,0.400767,0.0,0,0.0039630424,3.0449909930000003,3.162242445053877,Test
ESURER_clean,6.78739,5.78928,6.78739,1.3933,1363.04,978.277,0.0,0.0,0.5382,0.386276,0.0,0,0.0040477228,2.9177463258,2.9546560028458675,Test
ESUSAO01_clean,6.3973,4.82556,6.3973,1.43147,1333.03,931.231,0.0,0.0,0.5244,0.366336,0.0,1,0.0041706179,2.7970967414,2.745361749419568,Test
ESUSAO_clean,6.44994,4.84687,6.44994,1.43017,1343.92,939.69,0.0,0.0,0.5242,0.366529,0.0,1,0.00427484,2.8197632942000004,2.8004837342468347,Train
ESUSIW_clean,6.7467,5.80608,6.7467,1.39203,1364.88,980.494,0.0,0.0,0.5394,0.387491,0.0,1,0.0039617396,2.8641332147000003,2.9064055753150826,Test
ESUSOC01_clean,7.22634,6.19526,7.22634,1.36351,1450.27,1063.63,0.0,0.0,0.544,0.398969,0.0,1,0.0041393513,3.2196354017,3.2459654541310488,Train
ESUSOC02_clean,7.24893,6.31165,7.23441,1.36801,1456.76,1064.88,0.0,0.0,0.538,0.393273,0.0,0,0.0039517517,3.1906738387,3.1715087233265966,Train
ESUSOC_clean,7.05543,5.76553,7.05417,1.36444,1437.77,1053.75,0.0,0.0,0.5426,0.397672,0.0,1,0.0040837662,3.1407271715,3.129824860388285,Test
ESUTAP_clean,7.12445,6.33134,7.12445,1.37347,1444.41,1051.64,0.0,0.0,0.5478,0.398843,0.0,1,0.0041389171,3.2198449314,3.2084960474701045,Test
ESUTIX_clean,7.33038,6.15605,7.3245,1.35339,1467.91,1084.62,0.0,0.0,0.5522,0.408012,0.0,1,0.0039669507,3.1970633001,3.205254328074327,Test
ESUVAR01_clean,5.82794,3.93449,5.82794,1.54928,1195.21,771.464,0.0,0.0,0.4896,0.316018,0.0,1,0.0047698946,2.5985503146,2.6143897058113033,Test
ESUVAR_clean,6.28796,4.55194,6.20677,1.47064,1312.34,892.358,0.0,0.0,0.5172,0.351684,0.0,1,0.0045093395,2.7587100335000003,2.7185955682829874,Train
ESUVOF_clean,6.88083,5.87111,6.87535,1.38485,1391.22,1004.61,0.0,0.0,0.5404,0.390224,0.0,0,0.0041753948,3.0357712523,3.0248939804815937,Train
ETAXUT_clean,12.89356,7.93773,12.89356,0.721487,1897.63,2630.17,77.994,108.102,0.7242,1.00376,0.0,1,0.0050022723,3.9211103792,4.051848622768721,Train
ETECIR_clean,4.32284,3.50203,4.32284,1.44521,1297.96,898.111,0.0,0.0,0.6006,0.41558,0.0,0,0.0045571737,3.5654860048000003,3.489378978400765,Train
ETECOX_clean,10.32812,8.91862,10.31469,1.07802,2014.96,1869.13,0.0,0.0,0.7346,0.681437,0.0,1,0.002357865,3.1773125048,2.9047350129529734,Train
ETEJIX01_clean,6.69684,4.77946,6.69684,1.08358,2483.86,2292.26,0.0,0.0,0.649,0.598939,0.0,1,0.0033493868,3.6772037471,3.692067627036084,Test
ETEJIX_clean,6.81796,5.05367,6.81796,1.05868,2313.65,2185.42,0.0,0.0,0.6546,0.61832,0.0,1,0.0034202384999999,3.6699609261,3.5960543987388136,Test
ETEJOD01_clean,6.6678,4.96877,6.6678,1.10092,2405.28,2184.79,0.0,0.0,0.6552,0.595139,0.0,1,0.0036282415999999,3.8222464672,3.7746413877211693,Train
ETEJOD_clean,6.80678,5.11467,6.80678,1.12771,2231.39,1978.7,0.0,0.0,0.6388,0.56646,0.0,1,0.0038552513,3.8781586672,3.816399948326671,Test
ETEJUJ_clean,6.80904,5.16362,6.80904,1.11208,2257.09,2029.61,0.0,0.0,0.6478,0.582511,0.0,1,0.0036846455,3.6522626525,3.690638740107326,Train
ETEKAQ01_manual,5.81491,4.70834,5.54365,1.17141,2276.97,1943.78,0.0,0.0,0.6496,0.554545,0.0,1,0.0027423554,2.8117449865,2.908272069132749,Test
ETEKAQ_clean,6.79458,5.19238,6.79458,1.13284,2254.4,1990.05,0.0,0.0,0.6454,0.569721,0.0,1,0.0034110225,3.6067224334,3.5626284391570686,Test
ETEKEU_clean,6.74215,5.18388,6.74215,1.16256,2288.23,1968.27,0.0,0.0,0.6442,0.554124,0.0,1,0.0034594534999999,3.5234032019,3.600774943342933,Train
ETEPID_clean,6.17672,3.95395,5.87594,1.10537,1278.33,1156.47,289.636,262.025,0.5518,0.499197,0.0,1,0.017053745,4.2366900303,4.413004453672172,Train
ETEQUQ_clean,5.92538,4.00393,5.92538,2.21544,1336.48,603.256,0.0,0.0,0.5274,0.238056,0.0,1,0.0009925844,1.2046989312,1.0911308724655955,Test
ETESIG_clean,5.84738,4.10522,5.84738,1.34804,1113.36,825.908,0.0,0.0,0.511,0.379069,0.0,1,0.0053001987,2.4537087874,2.8851935417863506,Test
ETEXEI01_clean,5.81183,4.79897,5.70377,1.51395,1510.72,997.869,0.0,0.0,0.6306,0.416527,0.0,0,0.0037901109,2.6808892356,2.642396785606857,Train
ETEXEI_clean,5.78427,4.68209,5.77551,1.52654,1503.21,984.721,0.0,0.0,0.622,0.407458,0.0,0,0.0039596366,2.6833231407,2.772544951801021,Train
ETIXIQ_clean,6.68041,4.65647,6.65888,0.848377,2297.1,2707.64,0.0,0.0,0.6174,0.727742,0.0,0,0.0059813075,4.8996963271,5.430169963886286,Test
ETUWEW_clean,4.93842,4.37104,4.93842,1.56386,2303.31,1472.84,0.0,0.0,0.6098,0.389934,0.0,0,0.0021545067,2.4071371169,2.3615298924379475,Train
ETUWIA_clean,4.84869,4.31374,4.84869,1.3172,2256.73,1713.27,0.0,0.0,0.6028,0.457637,0.0,1,0.0034266496,3.41021186,3.38241895456815,Test
ETUXEW_clean,4.30967,3.74181,4.30967,1.76757,1105.02,625.163,0.0,0.0,0.5662,0.320327,0.0,0,0.0058903462,2.8731206444,3.1333258291538093,Test
EVADIQ_clean,7.6272,6.3767,7.6272,1.10873,1926.39,1737.47,0.0,0.0,0.6356,0.573266,0.0,1,0.0038646234,3.7091217995,3.7377772979542283,Test
EVAKIV_clean,13.34989,4.00312,13.34989,0.730238,1776.02,2432.11,0.0,0.0,0.6852,0.938325,0.0,0,0.004874863,4.4675269886,4.562146026240381,Train
EVEGIV_clean,6.17269,4.02251,6.17269,1.31229,854.868,651.434,42.1748,32.1384,0.5236,0.398999,0.0,1,0.0029972452,1.6208643374,1.925455323620452,Train
EVEGOB_clean,6.69286,4.9654,6.69286,1.28252,924.55,720.888,100.648,78.477,0.5186,0.404362,0.0,1,0.0030430965,2.2600785711,2.1250982338670807,Test
EVEGUH_clean,6.67679,5.04188,6.67679,1.28811,935.874,726.551,97.6899,75.84,0.5222,0.405402,0.0,1,0.0034468799,2.3146545202,2.2988183836718736,Test
EVIMUT_clean,5.27695,4.27032,5.27695,0.98944,1543.01,1559.48,0.0,0.0,0.5212,0.526762,0.0,1,0.0027564706,2.7633951765,2.772791081580741,Train
EVUDAA_clean,8.8715,5.37575,8.86492,1.06655,1848.87,1733.49,0.0,0.0,0.6318,0.592375,0.0,1,0.0058198206,3.9667271972,4.300316475417585,Train
EVUPOC_clean,6.33794,4.33255,6.21155,1.43397,1521.86,1061.29,0.0,0.0,0.5584,0.389408,0.0,1,0.0043421077,3.0148237875,3.0304704793975996,Train
EVUQOC_clean,5.3745,3.92262,5.34265,1.5074,1102.05,731.093,0.0,0.0,0.4832,0.320551,0.0,1,0.0061792073,2.6352888772,2.70353220240084,Test
EVUQUI_clean,4.83999,3.93851,4.82956,1.53551,1049.12,683.243,0.0,0.0,0.4838,0.315075,0.0,1,0.0048577140999999,2.5371506211000003,2.510721860957877,Test
EVURAP_clean,4.91998,4.00691,4.90722,1.50366,1094.53,727.909,0.0,0.0,0.4888,0.325073,0.0,1,0.0050408582,2.6134801696000003,2.5866370888388435,Train
EWASIG01_clean,6.54739,5.55468,6.37809,0.995743,2287.2,2296.98,0.0,0.0,0.6682,0.671057,0.0,1,0.0037894532,4.1846154892000005,3.971438689208316,Train
EWASIG_clean,6.45735,5.55117,6.42218,0.997683,2278.25,2283.54,0.0,0.0,0.6672,0.66875,0.0,1,0.0039264037,4.3010583389,4.17572967264927,Train
EWECOY_clean,6.36107,5.38638,6.36107,1.35369,1897.91,1402.03,0.0,0.0,0.613,0.452836,0.0,1,0.0028790677,2.9267909871,2.8301071334329997,Test
EWESAC_clean,4.96455,3.52189,4.96455,1.2876,515.857,400.635,170.93,132.751,0.4632,0.35974,0.0,0,0.0072029656999999,2.3304696611,2.350420146706238,Train
EWETUW_clean,5.62021,4.24917,5.57976,1.31411,662.316,504.004,418.644,318.576,0.5412,0.411838,0.0,1,0.0093556421,3.4586379024,3.496349234777063,Train
EWIPIL_clean,5.07501,3.95522,5.05284,1.20337,1849.05,1536.56,0.0,0.0,0.602,0.500263,0.0,1,0.0087482833,5.3100159363,5.24897584583153,Test
EWUCOP_clean,4.517,3.6203,4.517,1.14036,1567.35,1374.43,0.0,0.0,0.607,0.532288,0.0,0,0.005836769,4.432542257300001,4.397757453347391,Test
EWUGEK_clean,4.25922,3.99552,4.25922,1.59647,254.293,159.284,0.0,0.0,0.3716,0.232763,0.0,0,0.0018327934,0.7652839749,0.8489555365283672,Train
EWUKAK_clean,8.06678,6.82094,8.05126,1.11278,1981.43,1780.62,0.0,0.0,0.6252,0.561838,0.0,1,0.0040298432,3.9774980436,3.897611230534194,Test
EWUKEO_clean,6.02152,4.9088,6.0177,1.04306,2495.54,2392.52,0.0,0.0,0.6576,0.630455,0.0,1,0.0048193722999999,4.4300260011,4.627355323317625,Test
EWUKIS_clean,6.09706,5.36823,6.07492,1.05799,2424.88,2291.97,0.0,0.0,0.6762,0.639136,0.0,1,0.0047166676,4.3443368038,4.460757270082146,Train
EWUSOF_clean,11.18858,8.47337,10.82571,0.877,1675.84,1910.87,0.0,0.0,0.721,0.822121,0.0,1,0.001287484,1.7787404405,1.7794647168388251,Train
EWUSUL_clean,11.25293,8.38573,11.25293,0.979503,1671.61,1706.59,0.0,0.0,0.7086,0.723428,0.0,1,0.001105305,1.5795591529,1.5198517276311287,Test
EWUTEW_clean,7.55965,4.88065,7.45386,1.29422,1660.56,1283.06,0.0,0.0,0.5852,0.452164,0.0,1,0.0030336047,2.5128547856,2.8553420969078953,Test
EXALAR_clean,8.27068,4.14256,8.27068,0.819136,1552.0,1894.68,19.4699,23.7688,0.6382,0.779114,0.0,1,0.002418839,3.0990429008,2.812815472638305,Test
EXALIZ_clean,8.54083,3.87619,8.54083,1.52305,1283.51,842.727,0.0,0.0,0.5696,0.373988,0.0,1,0.0010884528,1.3337980122,1.2909985853538872,Train
EXAPEA_clean,5.23017,3.49325,5.23017,1.44837,343.252,236.992,0.0,0.0,0.4076,0.281419,0.0,0,0.0037271319,1.1606432906,1.294255607983881,Test
EXAXAE01_clean,10.9668,6.77359,10.9668,1.34773,1718.01,1274.74,128.947,95.6773,0.6772,0.502475,0.0,1,0.0024780292,1.9468933488,2.0921952566999886,Test
EXAXAE_clean,10.76753,6.65722,10.58024,1.36537,1690.78,1238.34,127.443,93.34,0.6754,0.494666,0.0,1,0.0027029657,1.9740895329,2.22170258925014,Test
EXEMUR_clean,6.22751,4.77221,6.20611,1.4177,461.655,325.637,178.147,125.659,0.4768,0.33632,0.0,0,0.0015257478,1.1146819966,1.0722672924904313,Test
EXENAX_clean,4.98437,3.71955,4.67631,1.89432,1307.11,690.013,0.0,0.0,0.588,0.310402,0.0,1,0.0016819087,1.4906264039,1.5798636706333353,Test
EXEQAA_clean,7.25351,7.13068,7.2425,1.02495,1673.9,1633.14,0.0,0.0,0.6088,0.593978,0.0,0,0.0047269121,4.7365032675,4.57333449996381,Test
EXEQII_SL,7.24683,7.11371,7.24683,1.02502,1683.52,1642.43,0.0,0.0,0.597,0.58243,0.0,0,0.0047783363,4.7046022672,4.516919169805388,Test
EXEWIO_clean,7.06551,3.91163,7.06551,1.10612,1247.35,1127.68,0.0,0.0,0.5336,0.482408,0.0,1,0.0085395168,3.5159776628,3.5611763434847425,Train
EXEXAH_clean,9.58473,9.08126,9.58473,0.865744,1381.13,1595.31,0.0,0.0,0.6118,0.706675,0.0,0,0.0020373573,2.6297207645,2.4639580596095816,Test
EXIDOF_clean,5.61373,5.00672,5.60841,1.03591,1864.27,1799.64,0.0,0.0,0.6158,0.594451,0.0,0,0.0057838224,4.3850954512,4.346258139670749,Test
EXOFIH_clean,4.43208,4.25139,4.42906,1.35435,1660.17,1225.81,0.0,0.0,0.5858,0.432533,0.0,0,0.0141063329,5.4457966117,5.528111213718356,Train
EXOTOB_clean,13.28738,7.77882,13.22247,0.710367,1789.01,2518.43,0.0,0.0,0.7024,0.988785,0.0,1,0.0018130047,2.6877174431,2.516721957108704,Train
EXOTUH_SL,6.05951,4.4083,6.05951,0.950557,1966.63,2068.92,0.0,0.0,0.6264,0.658982,0.0,0,0.0050485207,4.3351814923,4.468715963095482,Test
EXOZIB_clean,8.81916,5.67239,8.81916,0.860889,2066.43,2400.34,0.0,0.0,0.7104,0.825193,0.0,1,0.0025351139999999,3.3502441941,3.127674849931702,Train
EXUHEM_clean,5.5848,3.98697,5.5848,1.1948,1036.21,867.268,0.0,0.0,0.5148,0.430868,0.0,0,0.0044537484,2.2642121061,2.5877188308285604,Train
EXUHUC_clean,6.22107,4.0898,6.22107,1.22274,852.187,696.948,9.45855,7.73552,0.5232,0.427891,0.0,1,0.0014150691,1.1271464919,1.3353555886977075,Test
EYACOX_clean,8.14361,5.87215,7.68514,0.961963,2469.42,2567.06,0.0,0.0,0.6732,0.699819,0.0,1,0.0037287716,3.9633790067,4.0562272270159285,Test
EYINOR_clean,8.12774,5.83469,8.12774,0.997324,2427.09,2433.6,0.0,0.0,0.6904,0.692252,0.0,1,0.0037690981,4.1095359603,4.02267050374599,Test
EYIYES_clean,8.23387,5.84668,8.15455,0.958955,2430.13,2534.15,0.0,0.0,0.6902,0.719741,0.0,1,0.0032593753,3.7483926959,3.7280543408855524,Test
EYOCIG_clean,8.27418,5.89212,8.06359,0.922433,2431.08,2635.51,0.0,0.0,0.694,0.752358,0.0,1,0.0032827635,3.8143527376,3.857121313378271,Test
EYOCOM_clean,8.18337,5.84697,8.18337,0.974997,2429.97,2492.29,0.0,0.0,0.6902,0.7079,0.0,1,0.0034741424,3.7407322494,3.8748585678981335,Train
EYULOA_clean,4.93073,3.99192,4.90572,1.26506,819.807,648.04,0.0,0.0,0.5008,0.395872,0.0,0,0.007237561,2.6491275301,2.820897114955117,Train
EYUWAW_clean_h,6.01873,4.52997,6.01625,1.02499,1441.95,1406.78,0.0,0.0,0.5778,0.563711,0.0,1,0.0044441811,3.537510096,3.5088057665515686,Test
EZABEN_clean,5.22809,3.75233,5.19001,1.80933,1456.46,804.973,0.0,0.0,0.5686,0.314261,0.0,1,0.0030429108,2.2113446946,2.2742901302370093,Test
EZEQEH_clean,4.87284,4.37059,4.87284,1.23337,902.039,731.365,0.0,0.0,0.4534,0.367612,0.0,0,0.0064820285,2.6106166892,2.659764945863205,Train
EZEQIL_clean,5.30026,4.78345,5.30026,1.17129,1076.67,919.215,0.0,0.0,0.476,0.406389,0.0,0,0.0062534244999999,3.0201090672000004,2.922125379280543,Test
EZEQOR_clean,5.6482,4.90134,5.6482,1.14412,1130.85,988.403,0.0,0.0,0.4858,0.424607,0.0,0,0.006115156,3.1294720965,3.0667280851557708,Train
EZEQUX_clean,5.58794,4.86495,5.58794,1.14902,1119.33,974.163,0.0,0.0,0.4862,0.423145,0.0,0,0.0065834254,3.1715260077,3.1778966286457706,Test
EZESAF_clean,5.1372,4.14128,5.1327,1.2462,687.896,551.996,0.0,0.0,0.4534,0.363827,0.0,1,0.006203384,2.1747885406,2.1651145686409476,Test
EZIPEK_clean,8.58626,4.2007,8.58626,1.51602,1671.68,1102.68,0.0,0.0,0.5836,0.384955,0.000527697,0,0.0039603463,3.1195424787,2.928974158306988,Test
EZITUE_clean,5.18743,4.58908,5.18743,1.41786,514.897,363.149,0.0,0.0,0.4536,0.319918,0.0,1,0.0031476289,1.3064302884,1.4183469300187042,Test
EZIVAM_clean,4.86841,4.201,4.86841,1.36805,410.17,299.821,0.0,0.0,0.4216,0.308176,0.0,1,0.0033141065999999,1.3110667329,1.4610074147709011,Test
EZOBUR02_clean,5.4535,4.4976,5.43411,1.36504,878.599,643.645,0.0,0.0,0.4944,0.362188,0.0,1,0.0030261821999999,1.8021284592,1.8912908393041385,Test
EZOBUR_clean,6.22091,4.91314,6.06649,1.26527,1070.0,845.668,0.0,0.0,0.5366,0.4241,0.0,1,0.0027071603,1.8516272391,2.039130225206425,Test
EZOFEF_clean,11.22482,4.58247,11.22482,1.02492,1340.94,1308.34,253.285,247.127,0.6156,0.600633,0.0,0,0.0091803446,5.1865953532,3.996016933415134,Test
EZUCIM_clean,5.27092,4.42324,5.21472,1.00292,1781.29,1776.11,0.0,0.0,0.602,0.600249,0.0,0,0.0073348943999999,4.8301024083,4.952251671638066,Test
EZULAO_clean,5.09593,4.42786,5.07986,1.44576,1054.74,729.539,0.0,0.0,0.5038,0.348468,0.0,1,0.0044164865,2.5966686825,2.527180880455318,Test
FABCUI_clean,5.29132,3.67742,5.0134,1.09277,1448.77,1325.78,0.0139318,0.0127491,0.5368,0.49123,0.0,1,0.0032182162,2.5783109882,2.6880732785352253,Train
FABGUM_clean,4.49645,4.20268,4.49184,1.20151,964.988,803.144,198.183,164.944,0.618,0.514351,0.0,0,0.0021854849,2.2722179175,2.2533690359657648,Train
FAFDEX_clean,4.84612,4.0465,4.84612,1.4121,763.799,540.896,0.0,0.0,0.426,0.301679,0.0,1,0.0043716495,2.3871684375,2.01219156228718,Test
FAFMAC_clean,6.81612,5.39086,6.79864,1.26269,1165.02,922.651,0.0,0.0,0.5508,0.436212,0.0,1,0.0017933485,1.8134686939,1.8075840735900497,Train
FAFQEJ01_clean,6.37389,4.22376,5.90055,1.46265,2225.33,1521.44,0.0,0.0,0.6474,0.442621,0.0,1,0.0012163099,1.5221274528,1.5481902490546613,Test
FAGMAE_clean,5.46748,4.37557,5.46748,1.06062,1170.19,1103.31,0.885384,0.834777,0.5442,0.513094,0.0,1,0.0028167988,2.4034485504,2.4242839446432973,Test
FAGMEI_clean,4.74677,3.86448,4.45761,1.13696,582.955,512.733,152.586,134.206,0.5114,0.449797,0.0,1,0.0044320156,2.8123766612,2.7573390792847725,Test
FAGMOS_clean,4.83565,3.90897,4.83387,1.11657,661.618,592.547,152.346,136.441,0.5228,0.468221,0.0,1,0.0044894858,2.8407284033,2.781736567802908,Test
FAGQAI_clean,13.61199,8.61498,13.60121,0.481098,2019.32,4197.32,0.0,0.0,0.7864,1.63459,0.0,1,0.0028202245,3.9696137766,4.041725542445008,Test
FAGREM_clean,7.38233,6.89343,7.38233,1.46524,1454.62,992.751,0.0,0.0,0.557,0.380143,0.0,1,0.0028276359,2.7445999737,2.7595126362162783,Test
FAGXIX_clean,5.2216,3.54475,5.2216,1.24357,1161.81,934.26,0.0,0.0,0.5266,0.42346,0.0,1,0.0128425721,4.0730754228,4.137129510873017,Test
FAHGAY_clean,5.42928,5.0549,5.42928,0.789805,2259.65,2861.02,0.0,0.0,0.6494,0.822229,0.0,0,0.0064971443999999,5.5093714686,5.6385731511192745,Train
FAHPOV_clean,15.83326,12.70856,15.77354,0.465056,1930.74,4151.64,0.0,0.0,0.8222,1.76796,0.0,1,0.0034860644,4.1650045963,4.5606747903605,Test
FAHQIQ_clean,9.85392,4.35513,9.85392,0.853176,2077.29,2434.78,0.0,0.0,0.6662,0.780847,0.0,0,0.0075389633999999,5.3341421279,5.559396762978107,Test
FAHQIR_clean,5.4668,3.66161,5.45525,1.24631,646.137,518.44,0.0,0.0,0.4704,0.377434,0.0,1,0.0057670896999999,2.166391195,2.1707485166537457,Test
FAJYAS_clean,8.56248,6.70705,8.55013,0.843378,1917.39,2273.46,0.0,0.0,0.6388,0.75743,0.0,1,0.0029979001,3.4169567302,3.4311884900267393,Train
FAJZOI_clean,5.7048,3.67896,5.62232,1.15456,806.025,698.125,0.0,0.0,0.4918,0.425964,0.0,0,0.0117743099,3.4397271888,3.413013897019498,Test
FAKLIO_clean,9.35143,8.40739,9.35026,0.753404,1654.42,2195.93,0.0,0.0,0.6524,0.865937,0.0,0,0.0036245566,4.2654904381,4.092628144082241,Train
FAKLOU_clean,9.12795,8.03305,9.12795,0.879649,1631.51,1854.72,0.0,0.0,0.6538,0.743251,0.0,0,0.0031115372,3.7514766386,3.601258311162754,Test
FAKLUA_clean,9.01677,8.0299,9.01677,0.819291,1611.05,1966.39,0.0,0.0,0.6454,0.787754,0.0,0,0.0042124927,4.7712869911,4.249621390293979,Test
FAKMAH_clean,8.51474,7.6757,8.51474,0.756909,1726.74,2281.31,0.0,0.0,0.6586,0.870118,0.0,0,0.0039430509999999,4.4989020119,4.448230567319906,Train
FAKNIR_clean,7.731,5.84497,7.731,0.960238,2118.84,2206.58,0.0,0.0,0.6484,0.675249,0.0,1,0.0039684843,3.8889831285,4.113966521678238,Train
FALBAX_manual,16.15249,9.49143,16.1486,0.447193,2181.58,4878.38,0.0,0.0,0.8038,1.79743,0.0,0,0.0035923427,4.7494732982,4.917220461848216,Test
FALDAA_clean,6.52279,5.33991,6.32184,1.08899,1435.02,1317.76,0.0,0.0,0.579,0.531688,0.0,1,0.0039398301,3.2167910706,3.2917838578520624,Test
FALLOT_clean,5.47116,3.44168,5.42276,1.84097,1146.35,622.691,0.0,0.0,0.5828,0.316572,0.0,1,0.0016291246,1.3616663934,1.526040264676491,Test
FALPOY_clean,5.64075,4.31698,5.64026,1.89914,1788.53,941.762,0.0,0.0,0.5702,0.300242,0.0,1,0.0157256507,4.1671603116,4.1670154586137675,Train
FALVOF_clean,6.65756,4.5203,6.48608,1.39374,1687.85,1211.03,0.0,0.0,0.5882,0.422031,0.0,1,0.0014131244,1.8068170466,1.6449409985350951,Test
FAMPUH_clean,14.29727,6.50644,14.29727,0.67257,2359.31,3507.91,0.0,0.0,0.7568,1.12524,0.0,1,0.0045747619,5.0640452836000005,4.9880100628100905,Test
FAMQAO_clean,14.19972,6.54893,14.18609,0.666736,2302.24,3453.0,0.0,0.0,0.7576,1.13628,0.0,1,0.0045315317999999,4.9287554097,5.004912005881738,Test
FAMQES_clean,13.92314,6.55268,13.92314,0.674226,2354.83,3492.63,0.0,0.0,0.7532,1.11713,0.0,1,0.0046408785,5.0793843407,5.053645304073278,Test
FANCIJ_clean,8.52966,7.16955,8.46063,1.09037,1242.28,1139.32,72.6595,66.6376,0.5784,0.530463,0.0,0,0.0044534104,3.7129871449,3.548336811769157,Train
FANCOP_clean,8.31522,6.68432,8.30333,1.04032,1268.68,1219.51,89.2086,85.7514,0.5834,0.560791,0.0,0,0.0060122743999999,3.9725108237,3.9107171535757947,Test
FANDEG_clean,8.58478,6.98003,8.57286,1.05217,1307.67,1242.83,85.7897,81.5358,0.5892,0.559985,0.0,0,0.0052805043999999,3.784648989,3.9135788680757013,Test
FANQER_clean,5.21362,4.0339,5.21362,1.50842,1029.25,682.337,0.211472,0.140194,0.5204,0.344996,0.0,1,0.0007777607,0.9058164448,0.9504159133955712,Train
FAPXEC_clean,7.23633,7.07944,7.22228,1.10849,1601.62,1444.86,0.0,0.0,0.5964,0.538029,0.0,0,0.0052160844,4.6927334843,4.680823703933508,Test
FAPXIG_clean,7.25163,7.0872,7.25163,1.12925,1578.62,1397.94,0.0,0.0,0.5966,0.528317,0.0,0,0.0050464967,4.7332041578,4.633163929910371,Train
FAPXOM_clean,7.22558,7.07954,7.22145,1.12985,1598.05,1414.39,0.0,0.0,0.5978,0.529098,0.0,0,0.0051913939,4.7633065449,4.700389158909043,Train
FAQGEL_clean,5.35554,3.64691,5.34801,1.44151,1313.99,911.54,0.0,0.0,0.536,0.371832,0.0,1,0.0053939033999999,2.8746725629000003,3.119813573471338,Train
FAQGIP_clean,5.30496,3.71196,5.30496,1.22203,1264.33,1034.61,0.0,0.0,0.5172,0.423229,0.0,1,0.00605323,3.3404485607,3.3488505071611705,Train
FAQLUH_clean,7.25665,7.09719,7.24714,1.10687,1602.27,1447.57,0.0,0.0,0.5958,0.538276,0.0,0,0.0050718193,4.6864782405000005,4.5954059233375855,Train
FARBIL_clean,6.5257,5.85477,6.5257,1.16183,1319.81,1135.97,0.0,0.0,0.544,0.468226,0.0,0,0.0045058191999999,3.0553570675,3.2520810287895463,Test
FARFIO_clean,9.12316,6.55123,9.12316,1.31137,1730.77,1319.82,0.0,0.0,0.6458,0.492464,0.0,0,0.0015523185999999,1.8894679275,1.8557060047046818,Train
FARFOU_clean,8.96134,6.03917,8.96134,1.3138,1736.65,1321.85,0.0,0.0,0.6496,0.494443,0.0,0,0.0016629163,1.9585678278,1.9787141666872328,Train
FARFUA_clean,8.43305,5.99885,8.43305,1.37514,1658.2,1205.84,0.0,0.0,0.6292,0.457553,0.0,0,0.0017557394,1.8833376517,1.9608075125369466,Test
FARHIR_ion_b,6.8791,5.35126,6.8791,1.62906,838.805,514.901,0.0,0.0,0.3778,0.231913,0.0,1,0.0044140989,1.9072231391,2.0112238098550135,Test
FARHOX_ion_b,6.26684,3.62781,6.26416,1.63231,1189.76,728.882,0.0,0.0,0.5338,0.327022,0.0,1,0.0044308459,2.4247064796,2.7626866569534916,Test
FASHAK_clean,5.67537,4.91896,5.66915,1.31877,1672.64,1268.34,0.0,0.0,0.5816,0.441018,0.0,1,0.0021906564,2.1972266758,2.1481513517576882,Test
FASHOX_clean,5.79545,4.39914,5.79038,3.73156,1762.91,472.433,0.0,0.0,0.572,0.153287,0.0,1,0.0012970824,1.1447219664,1.1206779818555228,Test
FASVIH_clean,7.36263,6.76595,7.35007,1.28937,1714.12,1329.42,0.0,0.0,0.6144,0.476511,0.0,1,0.0025265891,2.9035778305,2.768230499839952,Train
FATKAO_clean,4.65609,3.80909,4.65088,1.95034,1014.02,519.916,0.0,0.0,0.465,0.238419,0.0,1,0.0015106473999999,1.3436836927000002,1.3436579568755036,Train
FATKES_clean,4.81739,3.70783,4.8165,1.82727,1025.9,561.439,0.0,0.0,0.4878,0.266955,0.0,1,0.0015804403,1.3651905411,1.4018231611231502,Train
FATKIV_clean,14.84172,10.48506,14.13115,0.799535,924.965,1156.88,197.216,246.664,0.6364,0.795963,0.0,1,0.0029076528999999,2.1606891082,2.448760561368056,Test
FATKIW_clean,4.92999,3.7145,4.92517,1.89194,1016.62,537.341,0.0,0.0,0.477,0.252122,0.0,1,0.0016293863,1.3549511043,1.406529395062387,Train
FATKOC_clean,4.67985,3.79401,4.65705,1.90793,1011.46,530.135,0.0,0.0,0.4774,0.250219,0.0,1,0.0016184198,1.3496086061,1.4217495471470631,Train
FATKUI_clean,4.71614,3.90797,4.71614,1.76449,1087.25,616.182,0.0,0.0,0.4914,0.278494,0.0,1,0.0014816209,1.4079312111000002,1.3672962583848363,Test
FATLUJ_clean,5.42171,4.28978,5.42171,1.20951,1168.02,965.69,4.12251,3.4084,0.5226,0.432074,0.0,1,0.0023996495,1.8993129052,2.040797158031566,Train
FATQID_clean,11.53016,8.55287,11.53016,0.606791,2204.88,3633.67,0.0,0.0,0.8008,1.31973,0.0,1,0.0026362741999999,3.643962691,3.6356780928537566,Train
FATVOM_clean,4.53669,4.03212,4.53669,1.59797,796.91,498.701,0.0,0.0,0.4212,0.263584,0.0,1,0.0046348857,2.0760903687,2.062629193708738,Test
FAVFUG_clean,6.83841,4.77149,6.83841,1.02578,1903.53,1855.69,0.0,0.0,0.6082,0.592913,0.0,0,0.0049010354999999,4.0132411186,4.156604803200408,Train
FAVGAN_clean,5.57142,4.50196,5.49969,1.52705,956.016,626.056,0.0,0.0,0.4838,0.316821,0.0,1,0.0018433364,1.5236087741,1.4485126994633697,Test
FAVGER_clean,5.35311,4.52327,5.34725,1.54964,901.531,581.768,0.0,0.0,0.481,0.310395,0.0,0,0.0016096541,1.4088398379,1.2934822000657276,Train
FAVGIV_clean,4.89361,4.27611,4.89361,1.63035,784.518,481.195,0.0,0.0,0.4718,0.289385,0.0,1,0.0018504418,1.3221696794,1.3050701537696465,Train
FAVGOB_clean,4.8913,4.26213,4.88425,1.63875,774.721,472.75,0.0,0.0,0.4632,0.282654,0.0,1,0.0018229448999999,1.3118125011,1.2889600150454275,Test
FAVGUH_clean,4.86763,4.2119,4.84866,1.64912,773.676,469.146,0.0,0.0,0.4688,0.284274,0.0,1,0.0018632417,1.2827110006,1.3006054374822478,Train
FAVHAO_clean,4.95666,4.40143,4.92219,1.63957,784.566,478.52,0.0,0.0,0.4652,0.283733,0.0,1,0.0018581675,1.3191406234,1.289901916058013,Test
FAVHES_clean,4.81694,4.18094,4.81252,1.69685,756.814,446.011,0.0,0.0,0.4616,0.272033,0.0,1,0.0018122477,1.2656816005,1.2890363966203664,Train
FAVHIW_clean,4.93663,4.37848,4.91876,1.68898,774.259,458.419,0.0,0.0,0.459,0.271762,0.0,1,0.0019551883999999,1.3267072681,1.3532957022064735,Test
FAVKAP_clean,6.87609,5.10388,6.87609,1.0919,2445.17,2239.37,0.0,0.0,0.6468,0.592361,0.0,1,0.0034477901,3.7136120882,3.6846218464152933,Test
FAWCEN02_SL,11.41573,3.43573,11.41573,0.924186,1463.4,1583.45,0.0,0.0,0.6478,0.700941,0.0,0,0.0021581805999999,2.5063270440000003,2.5885894431721637,Train
FAYPAY_clean,12.90794,5.24047,12.8925,0.673936,2011.51,2984.72,0.0,0.0,0.742,1.10099,0.0,1,0.0033292299,3.8959516396,4.095527709620524,Train
FAYPEC_clean,11.32938,4.75784,11.28719,0.745804,1782.19,2389.63,0.0,0.0,0.6898,0.924908,0.0,1,0.0032426675,3.5304684841000005,3.723451448681093,Test
FAYPIG_clean,11.51198,6.01308,11.45567,0.74228,1782.59,2401.5,0.0,0.0,0.7098,0.956244,0.0,1,0.0031548734,3.5818924128,3.699791510567007,Train
FAYPOM_clean,8.33734,7.34032,8.33734,0.888945,1770.92,1992.16,0.0,0.0,0.637,0.71658,0.0,0,0.0031879403,3.3609196344,3.572978746172203,Train
FAYQAZ_clean,13.25092,5.37829,12.95797,0.797039,1583.25,1986.41,0.0,0.0,0.6806,0.85391,0.0,1,0.0026609959999999,3.1042903001,3.0582445009020325,Test
FAYQED_clean,12.559,10.1499,12.53561,0.533674,1990.43,3729.68,0.0,0.0,0.7818,1.46494,0.0,1,0.0045616054,4.4147802989,4.5280887721665835,Train
FAYQUT_clean,11.36736,8.26719,11.16554,0.777904,1704.81,2191.54,0.0,0.0,0.681,0.875429,0.0,1,0.0038825167999999,3.7190045772,3.901370598619628,Train
FAZFET_clean,6.57316,4.4573,6.55727,1.65256,1476.29,893.337,1.47172,0.89057,0.5356,0.324103,0.0,1,0.0015580337,1.2033901858,1.4056612989892259,Train
FAZPED_clean,7.63868,5.99081,7.63868,1.64589,749.747,455.527,0.0,0.0,0.4048,0.245946,0.0,1,0.001701052,1.4190017638,1.3873608005452547,Test
FAZZEM_clean,5.74693,4.41081,5.68235,2.16525,873.054,403.211,0.0,0.0,0.4638,0.214201,0.0,1,0.000787498,0.8648241893,0.7209478835161294,Test
FEBPUY_clean,5.08924,4.38524,5.07804,1.23823,1158.3,935.44,0.0,0.0,0.5392,0.435459,0.0,1,0.0052202591,2.9226768139,3.1222721873425345,Test
FEBXIV_clean,17.28638,15.74639,17.27933,0.293688,1491.04,5076.95,0.0,0.0,0.8788,2.99229,0.0,1,0.003599077,5.154782128,5.0496696794799245,Test
FECCIZ_clean,4.99663,3.47947,4.98801,1.68897,855.07,506.267,0.0,0.0,0.478,0.283012,0.0,0,0.0987251049,5.2371948443,5.119729103219536,Train
FECKAA_clean,5.54178,3.96898,5.52138,0.97764,1036.11,1059.8,74.179,75.8756,0.5832,0.596539,0.0,1,0.0062995461,3.5864713568,3.6246932613776615,Test
FECXAO_clean,5.79137,4.59346,5.79018,0.989543,1846.09,1865.6,0.0,0.0,0.6174,0.623924,0.0,0,0.0064842206,4.8632071637,4.886155327759431,Train
FECXES_clean,10.76463,6.58995,10.58338,0.833076,2133.05,2560.44,0.0,0.0,0.7044,0.845541,0.0,1,0.0063268469999999,4.602952151499999,4.6409772631520525,Train
FECXUI_clean,10.09798,5.67724,10.08611,0.924829,2051.69,2218.46,0.0,0.0,0.69,0.746084,0.0,1,0.0041931593,4.0109063978,4.010792794675747,Test
FECYUJ_clean,9.54146,5.39642,9.54146,0.925869,2090.23,2257.59,1.94532,2.10107,0.6792,0.733581,0.0,1,0.0043216148999999,4.20299041,3.9526515130497057,Test
FECZAQ_manual,8.47974,5.36674,8.47974,0.984083,2012.57,2045.13,0.0,0.0,0.6646,0.67535,0.0,0,0.0032225965,3.5807183327,3.6013406533935415,Test
FEDBEX_clean,5.54956,5.03901,5.54956,1.56747,1415.29,902.91,0.0,0.0,0.5562,0.354839,0.0,0,0.0015334974,1.5641713741,1.45153319048506,Train
FEFCUQ_clean,8.87571,6.35025,8.74283,0.77796,2120.63,2725.88,0.0,0.0,0.673,0.865083,0.0,0,0.0040802052,4.4997211142,4.567771516643377,Train
FEFDAX_clean,7.78612,6.37885,7.6796,0.828568,2134.58,2576.23,0.0,0.0,0.6746,0.814176,0.0,0,0.004111966,4.4943626743000005,4.52283399317322,Test
FEFDEB_manual,13.10906,11.59751,13.10906,0.53928,2135.2,3959.36,0.0,0.0,0.77,1.42783,0.0,0,0.0026437163,3.858944629,3.5678607901235315,Test
FEFZOF_clean,4.86334,3.89341,4.85268,1.78217,1115.48,625.914,0.0,0.0,0.5442,0.305359,0.0,1,0.0025508971,1.9811893676,1.9687956026936366,Test
FEGNIQ_clean,7.13681,4.81158,7.13681,1.15152,1310.71,1138.24,0.0,0.0,0.528,0.458524,0.0,0,0.0031489137,2.6643879122,2.6382762446199863,Test
FEHCIG_manual,7.75569,7.04294,7.74271,0.956692,1636.76,1710.86,0.0,0.0,0.6308,0.659355,0.0,0,0.0035985157,4.007962325299999,3.9969915490265535,Test
FEJDII01_clean,5.11637,4.26776,5.11637,1.65956,1220.45,735.403,0.0,0.0,0.5874,0.353949,0.0,0,0.0049754455,2.6585387487,2.7210299971007568,Test
FEJDII_clean,5.18964,4.3206,5.16791,1.64976,1282.11,777.148,0.0,0.0,0.607,0.367932,0.0,0,0.0048940462,2.7204691197,2.674218762362253,Test
FENROG_clean,5.38209,4.56613,5.38209,1.67781,1972.59,1175.69,0.0,0.0,0.6206,0.369888,0.0,1,0.0013063814999999,1.4190660427,1.4942035586335285,Train
FEQSIF_clean,9.23636,5.60978,9.22645,0.773392,2340.66,3026.49,0.0,0.0,0.7012,0.906656,0.0,1,0.0054612411999999,4.6979020708,5.141447875276885,Train
FERHAN_clean,10.23981,6.40536,10.23981,0.784123,1831.24,2335.4,115.057,146.734,0.6978,0.889911,0.0,1,0.0055450081,3.9906264196,4.080635215338448,Train
FERVEF_clean,4.50859,3.42442,4.50859,2.0439,895.257,438.014,0.0,0.0,0.5236,0.256177,0.0,1,0.0021390404999999,1.6968538355,1.6687680591345355,Train
FERVIJ_clean,4.83126,3.6773,4.83126,1.86686,1302.53,697.711,13.494,7.22817,0.5356,0.286899,0.0,1,0.0023583513,1.8569690026,1.8842948351421809,Train
FERVUV_clean,4.63344,3.59285,4.63329,1.52979,1125.91,735.991,2.57897,1.68584,0.5188,0.339132,0.0,1,0.0031114212,2.3620000512,2.474520046225445,Test
FERWAC_clean,4.92077,3.87767,4.92014,1.42345,1457.89,1024.2,0.0,0.0,0.5614,0.394393,0.0,1,0.0036648799,2.6000808645,2.7385106636882544,Train
FESTUT_clean,4.58957,3.56818,4.49102,1.91412,810.164,423.257,0.0,0.0,0.5446,0.284517,0.0,0,0.0076215941,2.5290009131,3.197653264344801,Test
FEVSAC_clean,4.70494,3.78141,4.69575,1.30344,385.722,295.926,85.5055,65.5998,0.4704,0.36089,0.0,1,0.0015580435,1.4431741313,1.3364215971068725,Train
FEWGUL_clean,4.38967,3.93713,4.357,1.63655,694.151,424.154,0.0,0.0,0.3828,0.233906,0.0,0,0.0048088952,1.7722292572999998,1.8487860927203543,Train
FEWQIJ_manual,5.32147,5.14959,5.31527,2.34625,1158.3,493.681,0.0,0.0,0.4776,0.203559,0.0,1,0.0023751484,1.5755142764,1.5352783701659367,Test
FEWQOP_clean,5.35536,5.19712,5.35116,2.28568,1163.85,509.19,0.0,0.0,0.467,0.204315,0.0,1,0.0023742473,1.6246338744,1.5488451416396125,Test
FEWWOV_clean,6.50134,3.77167,6.50134,0.923858,1579.47,1709.64,0.0,0.0,0.5876,0.636029,0.0,0,0.0076777521,4.9984138443,5.145347166758963,Train
FEWWUB_clean,13.46293,4.10343,6.99036,0.839472,1304.99,1554.54,374.213,445.771,0.6142,0.731651,0.0,0,0.0062312834999999,3.9220157689,3.95820314506017,Train
FEXCES_clean,6.14892,5.48137,6.14892,1.01825,1528.57,1501.17,0.0,0.0,0.5802,0.569801,0.0,1,0.0071465309,4.5392364277,4.5441867064623755,Train
FEYDET_clean,5.39172,4.60807,5.33792,1.74589,895.254,512.778,0.0,0.0,0.456,0.261185,0.0,0,0.0088635925,2.2978867348,2.2893880919942844,Test
FEYJOJ_clean,6.25646,4.72399,6.2395,0.913381,2517.97,2756.76,0.0586414,0.0642026,0.6538,0.715802,0.0,1,0.0046350398,5.028072879,4.9661087494864935,Train
FEYQIK_clean,5.731,4.17822,5.71686,1.30044,1433.54,1102.35,0.0,0.0,0.5822,0.447694,0.0,1,0.0027556394,2.3192507104,2.3979538026408793,Test
FEZQEI_clean,5.828,5.10591,5.828,1.19338,806.933,676.177,0.0,0.0,0.487,0.408086,0.0,0,0.0016763312,1.5389948841,1.4308803036341213,Test
FEZREJ_clean,6.80795,5.29768,6.78405,1.3201,2032.7,1539.8,0.0,0.0,0.6256,0.473902,0.0,1,0.0037344855,3.5127980394,3.3825678540342263,Test
FEZTIP_clean,5.60935,4.76331,5.55768,1.11089,1381.78,1243.85,0.0,0.0,0.563,0.5068,0.0,1,0.0049724521,3.3407123594,3.3941265959307336,Test
FIBHIJ_clean,5.3367,3.42361,5.26159,1.29192,845.674,654.588,0.0,0.0,0.5226,0.404515,0.0,1,0.0023506273,1.6109791338,1.6820324520960632,Train
FIBKEI_clean,12.33456,6.95883,12.32864,0.708252,2274.88,3211.97,0.0,0.0,0.7362,1.03946,0.0,1,0.0045575638,4.6496959242,4.766743844716919,Train
FIDRIV_clean,15.99327,15.90265,15.99327,0.698397,1517.46,2172.77,0.0,0.0,0.7102,1.0169,0.0,1,0.0018881601,2.5568142066,2.463707911199003,Train
FIFGAE_clean,7.43152,6.20566,7.41957,0.862729,2447.09,2836.45,0.0,0.0,0.7008,0.812306,0.0,1,0.0039422334,5.102410503,4.734903656511594,Train
FIFGEI_clean,16.15291,14.69313,16.15291,0.412792,1738.34,4211.18,0.0,0.0,0.8636,2.09209,0.0,1,0.0033820096,4.5749628782,4.659408447303289,Train
FIFGIM_clean,12.64493,7.03976,9.83966,0.68535,2218.22,3236.63,0.0,0.0,0.7642,1.11505,0.0,1,0.0038730573999999,4.6721111186,4.4364449820136596,Test
FIFMIS01_clean,4.81383,4.49281,4.81367,1.28928,625.276,484.979,115.997,89.97,0.4752,0.368577,0.0,1,0.005868406,2.7439509189999995,2.7100515189099355,Train
FIFMIS_clean,4.83064,4.51142,4.83037,1.28879,636.461,493.845,117.284,91.0034,0.48,0.372443,0.0,1,0.0057414782999999,2.7440183851,2.749590643282412,Train
FIFMOX_clean,6.04512,4.24356,6.04078,0.977861,1901.41,1944.46,0.0,0.0,0.5916,0.604994,0.0,1,0.0034627783,3.6567342028,3.555608788642634,Test
FIFMOY_clean,4.8407,4.42587,4.8407,1.29544,593.069,457.813,123.778,95.5491,0.468,0.361267,0.0,1,0.0057654916,2.7209472706,2.5643225300529506,Train
FIFMUD_clean,5.99897,3.96607,5.98731,0.985465,1849.24,1876.51,1.01814,1.03316,0.5914,0.600123,0.0,1,0.0033317151,3.4500484574,3.3792175930533777,Test
FIFNUE01_clean,4.79076,3.93215,4.75885,1.01704,1531.07,1505.43,0.0,0.0,0.567,0.557502,0.0,1,0.0028243885,3.1464435204,2.9713881755307034,Test
FIFNUE_clean,4.8017,3.95118,4.74576,1.02025,1565.01,1533.95,0.0,0.0,0.5802,0.568687,0.0,1,0.0028697709,3.2624223085,2.9683231603388434,Test
FIFPAM01_clean,4.73813,3.78761,4.73813,1.03017,1649.03,1600.74,0.0,0.0,0.5794,0.562433,0.0,1,0.0028082908,3.2128904646,3.062184415989852,Test
FIFPAM_clean,4.72449,3.84654,4.62424,1.03535,1611.82,1556.78,0.0,0.0,0.5846,0.564637,0.0,1,0.0024956647,2.828646271,2.799323586987688,Train
FIHFAF_clean,6.24558,4.36754,6.24558,1.21214,1512.33,1247.65,0.0,0.0,0.5622,0.463807,0.0,1,0.0043955953,3.1427562907,3.327501264619147,Test
FIHRIZ_clean,6.70189,5.92513,6.34809,1.0601,1583.25,1493.5,0.0,0.0,0.594,0.560326,0.0,0,0.0051683849,3.9289722823,4.269272393898056,Test
FIJCUX01_clean,7.34002,6.13056,7.33722,1.22326,1581.46,1292.83,0.0,0.0,0.608,0.497033,0.0,1,0.0035513604999999,3.5994680202,3.318699312993852,Test
FIJDIM01_clean,5.82926,5.08135,5.82926,1.24507,1266.69,1017.36,0.0,0.0,0.5318,0.427125,0.0,1,0.0051765965,3.1369357403,3.054492138093815,Test
FIJDIM02_clean,5.85717,5.09946,5.85717,1.24136,1271.74,1024.47,0.0,0.0,0.5328,0.429205,0.0,1,0.0050004738,3.1497504231,3.01481736356259,Test
FIJDIM03_clean,5.87678,5.11703,5.87678,1.23925,1279.62,1032.57,0.0,0.0,0.5332,0.430259,0.0,1,0.0051230552,3.1674725871,3.032003550432517,Test
FIJDIM04_clean,5.91316,5.13983,5.91316,1.23456,1288.47,1043.66,0.0,0.0,0.5342,0.432705,0.0,1,0.0050807858,3.1883029633,3.055064758275242,Train
FIJDIM05_clean,5.94737,5.16221,5.94737,1.2314,1299.48,1055.29,0.0,0.0,0.534,0.433654,0.0,1,0.0049342516999999,3.1987406951,3.0458597616289373,Test
FIJDIM06_clean,5.98426,5.17875,5.98426,1.22798,1308.75,1065.77,0.0,0.0,0.5354,0.436,0.0,1,0.0050258355,3.2093770933,3.1069981013699293,Train
FIJDIM07_clean,6.01552,5.19329,6.01552,1.22701,1316.88,1073.24,0.0,0.0,0.5354,0.436345,0.0,1,0.0051258732,3.2228666781,3.1539372858871704,Train
FIJDIM08_clean,6.03525,5.21694,6.03525,1.22274,1324.94,1083.58,0.0,0.0,0.5378,0.43983,0.0,1,0.0049652493,3.2515873483,3.1758110063531744,Train
FIJDIM09_clean,6.04424,5.23566,6.03957,1.22037,1336.43,1095.1,0.0,0.0,0.5392,0.441833,0.0,1,0.0050103367,3.2589901349,3.2002244973667637,Train
FIJDIM10_clean,5.79441,4.98095,5.78067,1.23638,1249.85,1010.9,0.0,0.0,0.5298,0.428511,0.0,1,0.0045820065,2.9668759514,2.892008306339916,Test
FIJDIM11_clean,5.83014,5.0814,5.83014,1.23386,1262.75,1023.41,0.0,0.0,0.5344,0.433111,0.0,1,0.0049722942,3.0917102657,3.0080978924324677,Train
FIJDIM12_clean,5.8948,5.11958,5.8948,1.23559,1318.02,1066.71,0.0,0.0,0.5368,0.434449,0.0,1,0.0050455612,3.1507437548,3.1360884843813954,Test
FIJDIM_clean,5.85157,5.09863,5.85157,1.24567,1280.47,1027.93,0.0,0.0,0.5282,0.424028,0.0,1,0.0051808234,3.1144793999,3.084681403253903,Train
FIJDOS_clean,11.71715,10.90932,11.71715,1.21946,1612.88,1322.61,0.0,0.0,0.6614,0.54237,0.0,1,0.0028964782,3.3981964464,3.3685054268053367,Test
FIJDUY_clean,5.11347,3.64709,5.11347,1.4525,1805.45,1242.99,0.0,0.0,0.5992,0.412529,0.0,1,0.0023848206,2.4603855418,2.361871284174309,Test
FIJFEK_manual,6.92559,6.57184,6.92559,1.58281,1548.76,978.488,0.0,0.0,0.5618,0.354939,0.0,0,0.0035932406,2.9335186026,2.9696252420203892,Train
FIJFUA_clean,6.58892,4.46794,6.58892,1.28412,1352.77,1053.46,0.0,0.0,0.5288,0.4118,0.0,1,0.0033760746,2.8101780657,2.724557571412903,Train
FIJXUR_clean,7.39108,4.72102,7.39108,1.5002,1093.27,728.749,0.0,0.0,0.506,0.337289,0.0,1,0.000659124,0.8394989848000001,0.8430677735010836,Train
FIJYED_clean,4.73259,3.98746,4.61177,1.90177,745.293,391.895,0.0,0.0,0.4318,0.227052,0.0,0,0.0941283709,3.5282611617,3.6040015873895177,Train
FIJZEE_clean,7.37726,6.47542,7.37726,1.82096,874.8,480.405,0.0,0.0,0.4718,0.259093,0.0,0,0.0125158306,2.9619733012,2.9648505948066126,Train
FILYEG_clean,7.61133,5.3287,7.60971,1.06942,1916.91,1792.48,0.0,0.0,0.6258,0.585176,0.0,1,0.002528656,2.914160359,2.784592558628702,Test
FIMNIA_clean,8.67616,3.56541,8.61027,1.50156,1522.94,1014.24,0.0,0.0,0.6126,0.407975,0.0,1,0.0010205794,1.2955057173,1.342121150539096,Test
FIMXUW_clean,4.96245,3.57593,4.95367,2.04735,760.785,371.594,0.0,0.0,0.4152,0.202798,0.0,1,0.0014049762,1.0316314672,1.0330027704903304,Test
FIMZAE_clean,8.7496,5.24839,8.73677,1.17241,1659.79,1415.71,0.0,0.0,0.6,0.511765,0.0,1,0.0027028827,2.6562361398,2.6781350488513684,Train
FINQOK_clean,8.7337,4.60012,8.08289,1.3997,1628.14,1163.2,0.0,0.0,0.614,0.438665,0.0,1,0.0011862891,1.4827557404,1.5157834253203415,Train
FINQUQ_clean,8.681,4.51126,8.681,1.41696,1585.78,1119.14,0.0,0.0,0.6192,0.436992,0.0,1,0.0010937416999999,1.4522281936,1.4027734686165194,Test
FIPJAR_clean,5.38201,3.65359,5.35586,1.48851,1135.66,762.952,0.0,0.0,0.5586,0.375274,0.0,1,0.0039232933,2.4038166953,2.596341585128575,Test
FIPKOG01_clean,6.5379,4.8064,6.53406,1.09146,1614.42,1479.13,0.0,0.0,0.5916,0.542026,0.0,0,0.0046861005,3.824551564,3.7779052766922185,Train
FIPKOG_clean,6.55849,4.8515,6.50444,1.08595,1635.33,1505.9,0.0,0.0,0.5862,0.539805,0.0,0,0.0049149727,3.810282885,3.845367483499285,Test
FIPKUM_clean,6.35636,4.74684,6.35358,1.04617,1413.94,1351.54,0.0,0.0,0.5724,0.547139,0.0,0,0.0050713071,4.0717830553,3.832690202971136,Train
FIPWOS_clean,5.20561,3.82141,5.20561,1.29023,881.425,683.154,0.0,0.0,0.5118,0.396674,0.0,0,0.0087361329,2.8987147230000003,3.0185659661653204,Train
FIPXAF_clean,4.65881,3.97386,4.65881,1.34738,766.026,568.53,0.0,0.0,0.4744,0.35209,0.0,0,0.0119186713,3.1335288665,3.1860907132367213,Test
FIPXEJ_clean,4.43579,3.68809,4.4295,1.35731,462.184,340.514,181.053,133.391,0.4954,0.364986,0.0,0,0.0047618938,2.5277977247,2.6448345415428456,Train
FIQYOU_clean,4.72303,3.65899,4.72303,1.75011,750.863,429.037,0.0,0.0,0.4464,0.255069,0.0,0,0.0036353416999999,1.7737976085,1.8390572863284311,Train
FIQYUA_clean,4.6258,3.62649,4.60025,1.85684,696.0,374.831,0.0,0.0,0.4364,0.235023,0.0,0,0.0019781134,1.3911420299,1.4345969920529913,Test
FIQZAH_clean,4.65627,3.68934,4.65627,1.93416,700.399,362.121,0.0,0.0,0.45,0.23266,0.0,0,0.0039001259,1.7311048949,1.8040949006142168,Test
FIRMUQ_clean,6.37918,5.90394,6.37918,0.804259,2580.98,3209.14,0.0,0.0,0.675,0.839282,0.0,1,0.0043627318,5.0537592588,4.978238147281206,Train
FIRNAX01_clean,7.03668,6.10812,7.03668,0.718413,2358.57,3283.03,0.0,0.0,0.7048,0.981051,0.0,1,0.0041050067,4.9533982446,4.989422643131058,Test
FIRNAX_clean,6.70534,6.02432,6.70378,0.728308,2391.07,3283.04,0.0,0.0,0.6994,0.960308,0.0,1,0.004177963,4.8849555264,4.993524923326792,Test
FIRNIF_clean,6.7853,6.06191,6.78493,0.71467,2582.63,3613.74,0.0,0.0,0.693,0.969679,0.0,1,0.0040855517,5.0164324705,5.044879650864398,Test
FIRNOL_clean,6.1215,5.54396,6.11958,0.794887,2656.05,3341.42,0.0,0.0,0.6666,0.838609,0.0,1,0.0051722365999999,5.638366703099999,5.39325084583591,Test
FIRNUR_clean,6.62054,6.03585,6.61701,0.714161,2609.57,3654.03,0.0,0.0,0.6944,0.97233,0.0,1,0.0046274452,5.5862749713,5.394789817651644,Train
FIRPAZ_clean,7.15818,6.15135,7.14286,0.673811,2389.65,3546.47,0.0,0.0,0.7144,1.06024,0.0,1,0.0040721631,5.0369127612,5.0143059588237975,Train
FIRZOX_clean,8.47321,7.4886,8.47321,1.47389,1193.71,809.905,0.0,0.0,0.5488,0.372348,0.0,1,0.0007462584,0.978674021,1.0005986434823169,Test
FITGEW_clean,9.86717,4.17287,8.68985,1.08823,1175.78,1080.45,0.0,0.0,0.5382,0.494564,0.0,1,0.0017679674,1.76949838,1.889881856250097,Train
FITHIA_clean,4.35737,3.84524,4.35737,1.27732,941.275,736.915,0.0,0.0,0.4314,0.337739,0.0,1,0.00263679,2.294294006,2.1939057575577965,Train
FIVNAZ_clean,4.57167,3.52743,4.40749,2.12433,1354.32,637.526,0.0,0.0,0.5842,0.275004,0.0,1,0.0007928911,1.0069501341,0.9598553992394807,Test
FIVQOR_clean,4.63823,4.0753,4.63823,2.18775,1209.41,552.809,0.0,0.0,0.4796,0.219221,0.0,1,0.0345343215,3.4544844661000003,3.475822219957303,Train
FIVYEP01_clean,5.69673,4.73568,5.69673,2.0333,1245.18,612.394,0.0,0.0,0.4572,0.224856,0.0,1,0.0015901657999999,1.3050158729,1.3389202763312817,Train
FIVYEP_clean,5.69894,4.7333,5.69894,2.0333,1248.63,614.092,0.0,0.0,0.458,0.22525,0.0,1,0.0016400069,1.3057741684,1.3758823627111674,Train
FIVYUF_clean,4.68091,3.50866,4.67789,1.41648,465.948,328.948,0.0,0.0,0.4326,0.305405,0.0,0,0.0033997416999999,1.7505354768,1.6598747925145005,Train
FIXVUE_clean,10.80219,6.73703,10.80219,1.60539,1740.78,1084.34,0.0,0.0,0.6236,0.388442,0.0,1,0.0004711918,0.6843044673,0.6894725197315683,Train
FIYDOH_clean,4.62011,3.85906,4.62011,1.58881,555.753,349.792,0.0,0.0,0.3874,0.24383,0.0,1,0.0019482979,1.186564848,1.2190322351973284,Train
FIZPOV_clean,6.69877,5.40684,6.69877,0.878608,2365.02,2691.78,0.0,0.0,0.6734,0.766439,0.0,1,0.0064450736,6.0441211166,5.8861115533533575,Train
FOBNAN_clean,8.70901,6.58612,8.70709,0.867344,2020.64,2329.69,0.0,0.0,0.6644,0.766017,0.0,1,0.003794483,3.9360454604,3.9783085371594247,Train
FOCZAA_clean,4.86095,4.4492,4.8459,1.39709,775.702,555.227,0.0,0.0,0.452,0.32353,0.0,0,0.008300616,2.4906254286,2.4792938216320715,Train
FOFCOU_clean,4.8597,4.4269,4.8597,1.38069,783.577,567.528,0.0,0.0,0.4546,0.329257,0.0,0,0.0077827485,2.5042820115,2.4710519796664387,Train
FOFHAK_clean,4.16875,3.58203,4.16875,2.15496,1011.75,469.5,0.0,0.0,0.4808,0.223114,0.0,1,0.0153890292999999,3.2700166229,3.357954494702668,Train
FOFTIF_clean,6.9711,4.44534,6.9711,1.09535,1552.88,1417.7,0.0,0.0,0.5846,0.533709,0.0,1,0.0063818062,4.0370215695,4.1109052240777775,Train
FOFTUR_clean,6.77119,4.51348,6.77119,1.0583,1552.58,1467.05,0.0,0.0,0.588,0.555606,0.0,1,0.0055250174,3.8432317555,3.9328376989940685,Train
FOHCIP_clean,4.96285,4.14038,4.9303,1.87592,1245.59,663.988,0.0,0.0,0.5966,0.318031,0.0,1,0.0022205199,1.8630763838,1.8039733264108853,Train
FOHQUO_clean,4.34506,3.45753,4.34017,1.59314,531.012,333.311,0.0,0.0,0.4696,0.294764,0.0,1,0.0009546132,0.9289869086,0.9627228523247489,Test
FOJKIA_clean,5.14315,4.1527,5.13924,1.07093,1386.95,1295.08,0.0,0.0,0.5272,0.492281,0.0,0,0.0086604381,4.6829577934,4.513864898474756,Train
FOJLOH_clean,7.23927,6.67302,7.23927,0.822249,1870.22,2274.52,0.0,0.0,0.6338,0.770813,0.0,1,0.0044855516,4.1916124252,4.481994534469816,Test
FOKWIN_clean,4.14624,3.73304,4.14504,1.37748,413.35,300.078,0.0,0.0,0.4306,0.312601,0.0,0,0.003013825,1.7833572465,1.7439979248115554,Train
FOKYEL_clean,8.8968,8.56106,8.8968,1.19075,983.087,825.606,363.949,305.648,0.581,0.48793,0.0,1,0.0051728736,3.1818130891000003,3.249973458262785,Train
FOKYIP_clean,5.79638,3.84056,5.66635,1.22762,1981.83,1614.37,0.0,0.0,0.5912,0.481583,0.0,1,0.0058445869,3.964061999,4.100402563435223,Train
FOLLEZ_clean,4.11323,3.75301,4.10779,1.67795,655.16,390.454,0.0,0.0,0.4424,0.263656,0.0,1,0.0096064442,2.8921986914,2.9321872354831804,Train
FOMWOV_clean,7.41662,4.5384,7.41662,0.990309,1837.3,1855.28,0.0,0.0,0.6302,0.636367,0.0,0,0.0044259496,4.2507944294,4.232790057065385,Test
FONKEA_clean,4.68396,3.93383,4.68242,1.69201,643.159,380.115,0.0,0.0,0.4636,0.273994,0.0,1,0.0028439876,1.460304634,1.5978206142057274,Train
FONPUV_clean,5.63348,5.082,5.6238,1.54253,959.017,621.718,0.0,0.0,0.4556,0.29536,0.0,1,0.0030014765,1.860184646,1.8536999821799858,Test
FONQIJ_clean,4.70842,3.66843,4.69527,1.05376,821.167,779.27,0.0,0.0,0.51,0.483979,0.0,1,0.0046856191999999,3.1236533685000003,3.009368433252867,Test
FOPBAP_clean,5.87537,3.57797,5.87537,1.84319,650.747,353.054,0.0,0.0,0.4432,0.240452,0.0,1,0.0019369657,1.3212973009,1.2666581906768235,Train
FOQPAE_clean,6.29792,5.29972,6.23782,1.24637,1399.4,1122.77,0.0,0.0,0.5656,0.453796,0.0,1,0.0037847198,2.4209348691,2.872288091454437,Test
FORKUU_clean,13.26482,11.33443,13.26482,0.597503,2329.13,3898.11,0.0,0.0,0.7474,1.25087,0.0,0,0.0066242024,6.0585127788,6.4842173777611265,Test
FORPIM_clean,9.59156,4.26108,9.59156,1.02718,2184.13,2126.33,0.0,0.0,0.709,0.690238,0.0,1,0.0017500524,2.1745442123,2.4031909263344895,Test
FORPOS_clean,9.45347,4.25355,9.45336,1.03837,2182.11,2101.49,0.0,0.0,0.7034,0.677411,0.0,1,0.0015639383999999,2.1768153994,2.1940429338832095,Train
FORPUY_clean,9.42246,3.59342,9.42246,1.13071,1908.86,1688.19,0.0,0.0,0.6696,0.592195,0.0,1,0.0016777481,2.0643270375,2.1250856748924143,Train
FORQAF_clean,9.35233,4.33657,9.35233,1.04043,2153.98,2070.28,0.0,0.0,0.6962,0.669144,0.0,1,0.0014889992999999,2.0721020443,2.035216719661924,Train
FORQEJ_clean,9.63063,4.26523,9.63063,1.03635,2192.11,2115.22,0.0,0.0,0.6976,0.67313,0.0,1,0.0015229842,2.1446381987,2.097141045106738,Train
FORQIN_clean,9.58088,4.20865,9.58088,1.06074,2156.73,2033.24,0.0,0.0,0.7006,0.660485,0.0,1,0.0014622893,2.1126999905,1.969263856859554,Test
FORTIR_clean,7.46367,6.87207,7.46367,0.921652,1895.01,2056.1,0.0,0.0,0.6264,0.679649,0.0,1,0.0028700101,2.8320371763,3.239565352235264,Train
FORTUD_clean,17.46562,10.38181,17.46523,0.786041,1513.55,1925.54,116.509,148.223,0.691,0.879089,0.0,1,0.0023680128,2.5173489118,2.4690279277821334,Train
FOSTUE_clean,13.09568,7.43748,13.09568,0.582855,2174.14,3730.15,0.0,0.0,0.7556,1.29638,0.0,0,0.0045959498,5.4593231788,5.197265582317397,Train
FOTNIN_clean,33.62157,29.92948,33.55545,0.240324,765.124,3183.71,0.0,0.0,0.9206,3.83066,0.0,1,0.0037047152,4.7158689438,4.802101208925063,Train
FOVPEN_clean,6.90856,3.45436,6.49799,1.14952,1115.5,970.402,0.0,0.0,0.525,0.45671,0.0,1,0.0023629241,2.0004241195,2.0648701067854818,Train
FOVPOX_clean,5.86564,3.51663,5.02799,1.32713,811.807,611.702,0.0,0.0,0.504,0.379767,0.0,1,0.0025164939999999,1.733531418,1.699122147150776,Test
FOVPUD_clean,5.92888,3.43151,5.75387,1.33896,878.863,656.376,0.0,0.0,0.4994,0.372975,0.0,1,0.0026024839,1.8618346488,1.7167755103030922,Test
FOWTOC_clean,5.29743,3.61946,5.29013,1.16444,1132.68,972.722,0.0,0.0,0.4982,0.427845,0.0,0,0.0040101839,2.5599730187,2.6947273256599233,Test
FOXHUX_clean,5.2601,3.59083,5.25053,1.14964,1141.44,992.863,0.0,0.0,0.4984,0.433527,0.0,0,0.0040163086,2.5601688259,2.6887440263692532,Train
FOXNIQ_clean,5.68172,4.34787,5.68172,1.93205,592.227,306.527,51.4334,26.6211,0.4372,0.226288,0.0,1,0.0014989166,0.9756050448,0.9892555587092606,Train
FUBDAI_clean,8.13737,7.41793,8.13713,1.22976,2049.34,1666.45,0.0,0.0,0.6726,0.546935,0.0,0,0.0026833123,2.8260209486,2.7984621172253785,Test
FUBDEM_clean,8.59245,7.9025,8.57984,1.19129,2067.73,1735.7,0.0,0.0,0.6832,0.573495,0.0,0,0.0024923995,2.8501200688,2.7166693486549334,Test
FUBDIQ_clean,8.11684,7.23133,8.11684,1.24691,2021.29,1621.04,0.0,0.0,0.6644,0.532838,0.0,0,0.0025259738,2.7955137416,2.738519605505538,Test
FUBNOH_clean,4.81179,3.53828,4.81179,1.32608,706.882,533.061,0.0,0.0,0.4668,0.352014,0.0,0,0.0119421484,2.5095230564,2.7376707573674133,Train
FUDGES_clean,7.76038,5.54861,7.76038,0.846504,2469.98,2917.86,0.0,0.0,0.7118,0.84087,0.0,1,0.0039527845,4.6664592129,4.7219731795548405,Test
FUDHAP_clean,7.29309,6.51816,7.28407,0.803706,2501.45,3112.39,0.0,0.0,0.7112,0.8849,0.0,1,0.0041727303,4.5927610455000005,4.964147031903442,Test
FUDHET_clean,7.05179,4.74765,7.05179,0.905742,2494.35,2753.93,0.0,0.0,0.6642,0.733321,0.0,1,0.0048276203,5.0842364551,5.068074778399401,Train
FUHMOM_clean,5.53443,4.01054,5.50524,1.19557,1378.79,1153.25,0.0,0.0,0.5554,0.464549,0.0,1,0.0085467544,4.2104290214,4.033222459599339,Train
FUHNED_clean,6.48528,4.12203,6.4155,1.3617,1522.72,1118.25,0.0,0.0,0.5858,0.430197,0.0,1,0.0061244186,3.7886856703,3.670947807502718,Test
FUHNIH_clean,5.52821,3.42388,5.52134,1.16361,1148.32,986.858,0.0,0.0,0.5352,0.459948,0.0,1,0.0066783497,4.2187103995,3.4642333057937384,Test
FULQOT_clean,5.67142,3.50634,5.66877,1.72182,1110.34,644.862,0.0,0.0,0.4972,0.288764,0.0,1,0.0047670179,2.3324500412,2.453991982873965,Test
FULQUZ_clean,5.87633,5.25314,5.79727,1.51981,1332.09,876.486,0.0,0.0,0.5216,0.3432,0.0,1,0.0040580231,2.6829871186000003,2.6002184908377775,Test
FUMHOL_clean,4.68606,3.56586,4.60097,1.64124,1221.33,744.153,0.0,0.0,0.5528,0.336819,0.0,1,0.0005456377,0.7075470634000001,0.7638787688055126,Train
FUMJAA_clean,6.69521,5.2041,6.68616,1.12957,2214.41,1960.41,0.0,0.0,0.6298,0.557558,0.0,1,0.0040453133,4.2416848517000005,3.997418754809257,Train
FUNBAS_clean,6.30412,4.59254,6.30412,1.11042,1258.26,1133.14,0.0,0.0,0.5296,0.476938,0.0,0,0.0050777084,3.2077128942,3.333529926319222,Train
FUNCAT_clean,9.48772,8.77545,9.48772,0.930198,1473.55,1584.13,0.0,0.0,0.6084,0.654055,0.0,0,0.0043540621,3.4621010785000004,3.84953379908576,Test
FUNCEX_clean,13.21557,12.47689,13.21557,0.543761,1970.91,3624.58,0.0,0.0,0.7842,1.44218,0.0,1,0.0033701013,4.152262088600001,4.388620496576562,Test
FUNFOL_clean,9.5586,7.20173,9.50846,0.864162,1603.61,1855.68,0.0,0.0,0.6396,0.740139,0.0,1,0.0032654554999999,3.4504520764,3.539195683633842,Train
FUNGAY_clean,5.61963,3.40645,5.61963,1.09956,890.548,809.916,0.30381,0.276303,0.5202,0.4731,0.0,1,0.0032973276,2.6053267833,2.2563778201328173,Test
FUNLAD_clean,6.24379,4.83507,6.24379,1.06947,1236.73,1156.4,0.0,0.0,0.53,0.495574,0.0,0,0.0072742538,3.8646076336,3.737973692674032,Train
FUQJUX_clean,12.69722,8.47633,12.65144,0.718278,2115.98,2945.9,0.0,0.0,0.7464,1.03915,0.0,1,0.0021983105,3.0898785928,2.9764161787077508,Test
FURFIJ01_clean,4.13712,3.42264,4.1139,1.63785,320.686,195.797,0.0,0.0,0.4366,0.266569,0.0,1,0.0035569492,1.6729978783,1.6053915370686416,Test
FURFIJ_clean,4.1371,3.42264,4.11394,1.63785,321.866,196.518,0.0,0.0,0.4366,0.266569,0.0,1,0.0036551974,1.6353014941,1.607343303261968,Train
FURFOP_clean,4.93892,3.56519,4.93892,1.22098,496.28,406.459,457.279,374.517,0.5202,0.42605,0.0,0,0.0074089042,2.9925074048,3.2424517156357338,Test
FURQOZ01_ion_b,9.28425,8.43309,9.28425,1.37609,1096.56,796.865,0.0,0.0,0.5274,0.383259,0.0,1,0.0009343191999999,1.1101443581,1.1996454130638952,Test
FURQUF_ion_b,8.81158,7.98715,8.81158,1.41389,1094.82,774.331,0.0,0.0,0.5082,0.359435,0.0,1,0.0009566057,1.1221790751,1.2198437237194963,Test
FURRAM_clean,10.403,9.40744,10.403,1.04916,1635.25,1558.63,0.0,0.0,0.6366,0.606772,0.0,1,0.0013719472,1.6548108567,1.8398832130173473,Train
FURREQ_clean,10.33776,9.35961,10.33776,1.05489,1621.43,1537.05,0.0,0.0,0.6312,0.598353,0.0,1,0.0013743249,1.7057464772,1.868101909607994,Test
FURRIU_clean,11.05152,9.97547,11.05152,0.995058,1664.82,1673.09,0.0,0.0,0.6552,0.658454,0.0,1,0.0014028576,1.8170025979,1.8439920205423248,Train
FURROA_clean,11.58923,10.47029,11.58875,1.00075,1596.28,1595.09,0.0,0.0,0.6602,0.659706,0.0,1,0.0015146107,1.8210637518,2.0036737070189945,Train
FURRUG01_ion_b,7.84736,6.96591,7.84736,1.57752,739.057,468.494,0.0,0.0,0.4582,0.290456,0.0,1,0.0002914592,0.4481330136,0.42923619040794314,Train
FURRUG_ion_b,8.32809,6.43068,8.32781,1.55213,780.748,503.018,0.0,0.0,0.4718,0.30397,0.0,1,0.0005859703,0.7673449259999999,0.7561947758786971,Train
FURSES_clean,5.13622,4.08548,4.9972,1.59979,1236.67,773.017,0.0,0.0,0.4932,0.30829,0.0,1,0.0038123312,2.3941750702,2.3823357269803767,Train
FUSGOR_clean,5.22313,4.14656,5.21824,1.4906,1212.59,813.493,0.0,0.0,0.5048,0.338655,0.0,1,0.003642802,2.5963585466,2.4372470064804648,Test
FUSMEM_clean,10.20459,9.2057,10.20459,1.06882,1617.37,1513.23,0.0,0.0,0.6304,0.589811,0.0,1,0.0014076131,1.663223247,1.8693973006512976,Test
FUSMIQ_clean,10.44819,9.48819,10.44819,1.0407,1643.53,1579.26,0.0,0.0,0.6404,0.615354,0.0,1,0.0013933467,1.7102974424,1.8418848821176927,Test
FUSMOW_clean,10.54817,9.56428,10.54817,1.03431,1651.72,1596.94,0.0,0.0,0.643,0.621671,0.0,1,0.0013125041,1.6993884411000002,1.797321530231234,Test
FUSMUC_clean,10.39839,9.40181,10.39839,1.04415,1643.14,1573.66,0.0,0.0,0.6396,0.612553,0.0,1,0.0013695695,1.6866390808,1.7789545486120193,Train
FUSNAJ_clean,10.8347,9.87565,10.8347,1.0024,1663.43,1659.45,0.0,0.0,0.6588,0.657225,0.0,1,0.0015764314999999,1.8466647147,2.0353356203448705,Train
FUSNEN_clean,10.85037,9.87705,10.85037,0.997622,1665.26,1669.23,0.0,0.0,0.6604,0.661974,0.0,1,0.0015193661,1.8199153108,1.9380846533264822,Test
FUSNIR_clean,11.70294,10.66498,11.70294,1.01253,1536.34,1517.33,0.0,0.0,0.6416,0.633661,0.0,1,0.0014385235,1.7246802997,2.0338247228621498,Test
FUSQUH_clean,6.74859,4.59542,6.74676,1.05193,1186.33,1127.76,0.0,0.0,0.5202,0.49452,0.0,0,0.0040780398,2.7288232823,3.161287350689013,Test
FUTCAZ_clean,6.78768,5.03504,6.78768,0.817663,2795.18,3418.5,0.0,0.0,0.708,0.865883,0.0,1,0.0023141849,3.1370653622000004,3.075881599567836,Test
FUTDII_clean,10.10622,8.60837,10.10622,0.871632,1521.24,1745.28,0.0,0.0,0.6404,0.734713,0.0,1,0.0031639734999999,3.3548590563,3.4367954444469024,Train
FUTKEL_manual,6.71846,5.39444,6.71589,0.983709,1614.06,1640.79,0.0,0.0,0.5708,0.580253,0.0,1,0.0038150453999999,3.0940922826,3.3359429233435782,Train
FUTYEA_clean,5.60643,4.51803,5.59058,1.0369,2090.75,2016.34,0.0,0.0,0.6318,0.609316,0.0,1,0.0065258904,5.2670510010000005,5.134041741286091,Test
FUTYOK_clean,6.0154,4.82285,5.99433,1.02626,1867.85,1820.05,0.0,0.0,0.6442,0.627713,0.0,0,0.0052874747,4.6898931999,4.638871864232575,Train
FUTYUQ_clean,7.46662,4.79581,7.42523,1.0101,2335.64,2312.29,0.0,0.0,0.6514,0.644887,0.0,1,0.0055224999,5.1684622004000005,5.045449621824906,Train
FUTZAX_clean,6.70042,6.11185,6.67865,0.956816,2069.71,2163.12,0.0,0.0,0.6692,0.699403,0.0,1,0.0044465751,4.7095065457,4.278510752078409,Test
FUTZEB_clean,5.24587,4.08263,5.23555,1.0782,1939.66,1798.98,0.0,0.0,0.611,0.566685,0.0,1,0.0073062706999999,5.2022099984,5.081362175778395,Train
FUTZOK_clean,4.72075,4.28777,4.72075,1.63519,1202.62,735.465,19.983,12.2206,0.5424,0.331705,0.0,1,0.0026223741,2.2114650938,2.1430672086384597,Test
FUTZOL_clean,9.30232,6.36524,9.14367,0.891296,2041.5,2290.48,0.0,0.0,0.6794,0.762261,0.0,1,0.0040641556,4.052217961499999,4.072869098005885,Train
FUVBAB_clean,5.41797,4.41204,5.39267,1.02127,2112.61,2068.61,0.0,0.0,0.6324,0.619229,0.0,1,0.0060493807,5.385166814700001,5.05263812398027,Train
FUVDEH06_clean,6.60161,5.99656,6.60161,1.76662,404.855,229.169,0.0,0.0,0.3004,0.170042,0.0,1,0.0006633494,0.5328604974,0.5604301748312097,Test
FUVDEH07_clean,6.60769,6.00286,6.60769,1.79524,402.026,223.94,0.0,0.0,0.2898,0.161427,0.0,1,0.0006734769,0.5268032562,0.548039369466311,Train
FUVDEH08_clean,6.59075,5.99281,6.59075,1.83217,393.9,214.991,0.0,0.0,0.278,0.151733,0.0,1,0.0007003147,0.4944515525,0.544198165144063,Train
FUVFUZ_clean,6.56118,5.97328,6.56118,1.8467,394.83,213.803,0.0,0.0,0.2718,0.147181,0.0,1,0.0006861361999999,0.4977799462,0.5347403290779051,Train
FUVGAG01_clean,6.51649,5.95918,6.51649,1.88251,388.784,206.525,0.0,0.0,0.2612,0.138751,0.0,1,0.0006922127,0.4767674668,0.5099642731463296,Test
FUVGAG_clean,6.54806,5.98797,6.54806,1.86856,393.33,210.499,0.0,0.0,0.2642,0.141392,0.0,1,0.0006987956,0.4915383851,0.5249662582107621,Test
FUWFIO_clean,7.45171,4.92598,7.05573,1.06861,2012.96,1883.72,0.0,0.0,0.6538,0.611823,0.0,1,0.0031541702,3.3335355307,3.3516235869710225,Test
FUWXOL_SL,4.76594,4.4337,4.74254,1.49774,1245.43,831.539,0.0,0.0,0.5154,0.344119,0.0,0,0.0181861711,3.7689876074,3.978993429944291,Train
FUWYAY_clean,4.00169,3.86741,4.00169,1.98354,581.815,293.322,0.0,0.0,0.4022,0.202769,0.0,1,0.0021508132,1.4172973284,1.372049402649785,Test
FUXCOS_clean,4.8198,4.16045,4.8198,1.4521,612.494,421.799,0.0,0.0,0.4284,0.295021,0.0,0,0.0032417215999999,1.5199653433000002,1.556661145909619,Train
FUXXIH_clean,10.16266,8.68185,10.16266,0.899748,1582.07,1758.35,0.0,0.0,0.6434,0.715089,0.0,1,0.0023323324,2.5200814748,2.835718003382673,Test
FUYCEJ_clean,4.90132,3.779,4.87424,0.834486,2400.21,2876.28,0.217355,0.260466,0.6646,0.796418,0.0,0,0.0080919614,6.3766640442,6.471592249915805,Test
FUYCIN_clean,11.38543,11.12419,11.3774,0.437316,1877.39,4292.99,0.0,0.0,0.832,1.90251,0.0,0,0.0031573455,4.6258963659,4.253543500489743,Test
FUYKER_clean,6.42799,4.66248,6.41167,1.2058,1179.26,977.987,0.0,0.0,0.5038,0.417814,0.0,1,0.005071556,3.2335964689,3.1369449109630514,Train
FUZPUN_clean,4.74703,3.54387,4.71052,1.02013,1169.51,1146.44,0.0,0.0,0.5838,0.572282,0.0,0,0.0058833239,3.9644405665,3.859091821198679,Test
GACBOE_clean,6.66763,4.36115,6.66763,1.04515,2329.85,2229.2,0.0,0.0,0.6722,0.64316,0.0,1,0.0050347401,4.8413355487,4.670694668899918,Train
GACPUX_clean,5.9525,3.77259,5.85811,1.02185,1638.86,1603.82,0.0,0.0,0.614,0.600871,0.0,1,0.0050794745,3.9753790071,4.124379255521606,Test
GACQAE_clean,8.56972,8.26373,8.56972,0.874357,2020.35,2310.67,0.0,0.0,0.694,0.793726,0.0,1,0.0040688518,4.1514512003,4.253230988553265,Test
GACVIS_clean,7.02111,6.32962,7.02111,1.11473,2097.73,1881.83,0.0,0.0,0.6286,0.563903,0.0,1,0.0041553514,4.228539647,3.988522426820839,Test
GADDOH_clean,8.41895,4.83802,8.38301,1.2132,1718.46,1416.47,0.0,0.0,0.6166,0.508243,0.0,1,0.0026695226,2.7797565673,2.683221073799718,Test
GADFAV_clean,5.86066,4.67676,5.86066,1.79494,889.419,495.515,0.0,0.0,0.4512,0.251373,0.0,1,0.0043198262,2.0597174391,1.9301412525234383,Test
GADMAA01_clean,8.25017,6.95114,8.25017,1.49914,1053.4,702.671,0.37233,0.248363,0.576,0.38422,0.0,1,0.0007785557,0.8810581184,0.8702002159266589,Train
GADMAA_clean,8.30223,7.00364,8.30223,1.50475,1042.04,692.502,0.0,0.0,0.5772,0.383584,0.0,1,0.0008073319,0.9027713506,0.9181104860825591,Train
GADNUX_clean,15.43787,6.70397,14.77017,0.729552,2339.56,3206.84,0.0,0.0,0.7494,1.02721,0.0,1,0.0044922169,4.8691100363,5.085550920357534,Test
GADRAH_clean,6.6659,5.14076,6.6659,1.16041,1633.36,1407.57,0.0,0.0,0.5642,0.486207,0.0,1,0.0038726726,3.3641552563,3.271790567247088,Test
GAFROX_clean,10.38317,5.82029,10.02176,0.765244,2450.36,3202.06,0.0,0.0,0.7244,0.946626,0.0,1,0.00491242,5.2705382834,5.1012552639757,Test
GAFRUD_clean,10.59453,5.69918,10.59344,0.768776,2454.62,3192.89,0.0,0.0,0.7144,0.929269,0.0,1,0.0044676951,4.8688156742,4.9637628785673,Train
GAGQAI_clean,15.6839,9.81587,15.64212,0.743275,1280.66,1723.0,458.409,616.743,0.721,0.970032,0.0,1,0.0039616524,4.1089394518,4.131778192326687,Train
GAGSUF_clean,13.27563,13.09101,13.27563,1.53244,1385.3,903.983,0.0,0.0,0.652,0.425465,0.0,1,0.0015342244,1.8420301484,1.66076293224804,Test
GAGZEV_clean,28.66522,11.53771,28.66522,0.279149,1594.77,5712.98,0.0,0.0,0.8816,3.15817,0.0,1,0.0039302747,5.2304473179,5.227294691507412,Test
GAHWIX_clean,10.08038,7.17794,10.08038,0.589363,2617.83,4441.79,0.0,0.0,0.7728,1.31125,0.0,1,0.0042389635,5.1217210068,5.159229536833632,Test
GAHXUL_clean,5.28974,3.50395,5.28106,1.05699,1056.2,999.25,0.0,0.0,0.5634,0.533021,0.0,1,0.0034519932,3.1234288503,2.64510951687946,Test
GAJYUN_clean,4.85568,4.28663,4.65881,1.5312,1091.56,712.879,0.0,0.0,0.5342,0.348877,0.0,1,0.0014202873999999,1.35092814,1.3739774782524126,Test
GAJZAU_clean,4.80108,4.30234,4.80108,1.51624,1143.74,754.324,0.0,0.0,0.5456,0.359838,0.0,1,0.0014240964999999,1.3605372064,1.3976649818271145,Train
GAJZEY_clean,4.80464,4.28777,4.80464,1.53408,1142.39,744.678,0.0,0.0,0.5448,0.355132,0.0,1,0.0013836435,1.3723618941,1.3932651357519492,Train
GAJZIC_clean,4.74189,4.18269,4.74189,1.58149,1144.61,723.756,0.0,0.0,0.5442,0.344106,0.0,1,0.0013944881,1.3878651863,1.4065585392869682,Train
GAJZOI_clean,4.76043,4.22431,4.76043,1.6231,1140.51,702.673,0.0,0.0,0.5414,0.333559,0.0,1,0.0013276421,1.3640405023,1.3048706972227904,Test
GAJZUO_clean,4.67022,4.137,4.66388,1.35819,1115.52,821.33,0.0,0.0,0.5302,0.390373,0.0,1,0.0018549478,1.7602465694999998,1.7407842455280949,Train
GAKBAX_clean,4.75047,4.21764,4.75047,1.60269,1138.62,710.445,0.0,0.0,0.5414,0.337808,0.0,1,0.0014696817999999,1.3928225616,1.386083578412602,Train
GALCAZ_clean,7.51924,6.97754,7.50411,1.17363,1179.25,1004.78,0.0,0.0,0.5068,0.431822,0.0,1,0.0031460358,3.0918639457,2.9229160447626383,Train
GALHOS_ion_b,10.40242,4.28813,10.40242,0.962357,1197.69,1244.54,67.8044,70.4566,0.5764,0.598946,0.0,0,0.0043740099,2.5127050283,2.7940959585432745,Test
GALJAG_clean,7.13587,6.98688,7.13339,0.8258,2198.4,2662.15,0.0,0.0,0.6726,0.814482,0.0,0,0.0050382256,5.0445920323,5.20352378875095,Train
GAMFEI_clean,7.53059,4.20216,7.34521,1.13363,1510.82,1332.73,0.0,0.0,0.5782,0.510042,0.0,1,0.0030539206,2.5334473204,2.888112802956088,Test
GAMXAV_clean,12.82817,4.31562,12.82817,0.868866,1783.25,2052.39,0.0,0.0,0.6754,0.777335,0.0,1,0.00438091,3.9253618349,3.9411982609516873,Train
GAPNOD_clean,6.6565,4.84778,6.65444,1.74449,1900.25,1089.29,0.0,0.0,0.644,0.369162,0.0,1,0.0018670922,1.9022475202,1.9551106315437536,Train
GAQYIH_clean,20.25844,8.96976,15.7736,0.559917,2127.26,3799.24,0.0,0.0,0.8486,1.51558,0.0,1,0.0014268767,2.1455114533,2.193735623552426,Test
GARLAP_clean,5.58892,4.38006,5.58663,1.1363,1527.33,1344.12,0.0,0.0,0.5756,0.506555,0.0,1,0.0068566806999999,3.9581838558,4.060502510714232,Test
GARLET_clean,5.53835,4.38226,5.51111,1.15379,1524.15,1321.0,0.0,0.0,0.573,0.496625,0.0,1,0.0067781865,3.9359125505,4.025513282490418,Test
GARLIX_clean,5.51894,4.34952,5.51894,1.16479,1506.37,1293.26,0.0,0.0,0.5712,0.49039,0.0,1,0.0067911564,3.9331607955,3.9393778070846976,Test
GARLOD_clean,5.48563,4.3317,5.48563,1.18591,1487.56,1254.36,0.0,0.0,0.5682,0.479126,0.0,1,0.0070062827,3.931620909,3.950673012522874,Test
GARLUJ_clean,5.47258,4.30508,5.46713,1.19194,1490.51,1250.49,0.0,0.0,0.5688,0.477205,0.0,1,0.0069892832,3.9190452496,3.9041366572421996,Test
GARMAQ_clean,5.4678,4.29561,5.44556,1.2061,1479.57,1226.74,0.0,0.0,0.5666,0.469779,0.0,1,0.0071336514,3.9287301783,3.9179917959080166,Train
GARQAU_clean,7.22233,4.73121,7.22233,1.05141,1110.85,1056.54,0.0,0.0,0.5324,0.50637,0.0,0,0.0060985771,3.4067685899,3.2455291482498017,Test
GARSUQ_clean,4.38052,3.88796,4.36788,1.61033,1121.78,696.613,0.0,0.0,0.4852,0.301304,0.0,1,0.0046726469,2.6024211935,2.6736183307981705,Train
GARTAX_clean,4.45838,3.94557,4.41836,1.61624,1125.98,696.667,0.0,0.0,0.4868,0.301193,0.0,1,0.0053752374,2.7918411418,2.799190730308868,Train
GARTEB_clean,4.30272,3.79858,4.29463,1.63832,1104.37,674.089,0.0,0.0,0.4846,0.295792,0.0,1,0.004065049,2.4497442188,2.522423224766227,Train
GARTIF_clean,4.43647,3.87557,4.43647,1.65372,1132.95,685.091,0.0,0.0,0.471,0.284812,0.0,1,0.0049256887,2.6282423537,2.619930424513422,Test
GARTUR_clean,11.12255,10.84777,11.12255,1.34756,1641.0,1217.75,0.0,0.0,0.6774,0.502685,0.0,1,0.0022691992,2.1167520113,2.408883401508742,Train
GASSEB_clean,5.64924,4.02494,5.64854,0.918331,1776.39,1934.36,0.0,0.0,0.633,0.689294,0.0,1,0.0038535987,3.6027709652999995,3.7665097820485807,Train
GASSUR_clean,7.13166,6.36797,7.11779,1.0643,1692.45,1590.2,0.0,0.0,0.616,0.578785,0.0,1,0.005257045,4.6687555245,4.296293786365228,Test
GAVYAG_clean,5.30344,3.91416,5.17667,1.18769,1076.26,906.183,0.0,0.0,0.5266,0.443383,0.0,1,0.0122162715999999,4.9310578197,3.886180529599858,Test
GAWCUF_clean,5.14591,3.62459,5.10569,1.20211,1101.2,916.058,0.0,0.0,0.5036,0.418931,0.0,0,0.0050596285,3.2375039901,3.080590964630563,Train
GAWLIB_clean,7.30469,6.9637,7.3003,1.77656,565.048,318.057,10.6196,5.97759,0.4542,0.255662,0.0,1,0.0006206364,0.6514101244,0.6903816814246913,Train
GAWMOJ_clean,9.85959,7.82076,9.85959,0.707147,2014.24,2848.41,0.0,0.0,0.7242,1.02411,0.0,1,0.0033841494,3.7577174851,4.237920954448305,Test
GAXDIS10_clean,5.63603,3.80534,5.63603,1.31969,1996.73,1513.03,0.0,0.0,0.6636,0.502846,0.0,1,0.0010791954,1.4076425578,1.3778003968284678,Train
GAXKOH_clean,9.78617,8.86105,9.78617,0.959935,1692.37,1763.0,0.0,0.0,0.6186,0.644419,0.0,1,0.0027067681,2.8548777691,3.0721162662869608,Test
GAXQIH_clean,5.17093,4.52481,5.06299,1.36553,783.142,573.505,0.0,0.0,0.4372,0.320168,0.0,0,0.0028395459,1.7484808965,1.687640240567879,Train
GAYFUJ_clean,5.68191,5.17685,5.68191,1.29989,1899.11,1460.97,0.0,0.0,0.6252,0.480962,0.0,1,0.0042825124,3.542191554,3.4938884890451813,Train
GAYGAQ_clean_h,5.42545,4.61164,5.42545,1.32331,1222.55,923.858,0.0,0.0,0.5596,0.42288,0.0,1,0.0067576643,3.2707833858,3.3652147632568097,Test
GAYPED_clean,9.58074,6.82289,7.89267,0.900136,2106.29,2339.97,0.0,0.0,0.6514,0.723668,0.0,1,0.0047339077,4.9115634481,4.726850144783203,Train
GAYTEH_ion_b,7.25944,3.65684,7.23718,1.37181,1135.72,827.897,0.0,0.0,0.497,0.362294,0.0,1,0.0017351041,1.6631985740000002,1.700449696189469,Train
GAZLAW_clean,5.89078,3.42545,5.89078,1.13599,1083.97,954.205,0.0,0.0,0.5156,0.453877,0.0,0,0.0035093086,2.8313540633,2.4853512673093374,Test
GEBCAT_clean,7.82822,4.28279,7.82194,1.50818,1191.52,790.035,0.0,0.0,0.4616,0.306064,0.0,1,0.0010590288,1.2154646409,1.2397197601239534,Test
GEDDAW_clean,10.55388,8.11262,10.55388,0.996818,2113.88,2120.63,0.0,0.0,0.7028,0.705043,0.0,1,0.0016956541,2.3810377503,2.281065237070661,Train
GEDDEA_clean,10.13591,3.81582,10.13591,1.29721,1601.1,1234.26,0.0,0.0,0.591,0.455593,0.0,1,0.0027598416999999,2.3787275993,2.6954945750795916,Test
GEDQIR_clean,6.54643,4.98654,6.54643,1.05474,2262.59,2145.17,0.0,0.0,0.6334,0.600529,0.0,1,0.0044434708,4.015705726,4.132509759684551,Train
GEDQOX_clean,6.45005,4.67913,6.43264,1.07947,2326.66,2155.37,0.0,0.0,0.632,0.585473,0.0,1,0.005416053,4.2900961583,4.597924598266974,Test
GEDRAK_clean,5.77362,3.92842,5.19693,1.15636,2398.21,2073.93,0.0,0.0,0.6018,0.520425,0.0,1,0.005982183,4.5359172739,4.554189262008341,Train
GEDROY_clean,5.0096,3.45081,4.98262,1.23925,1556.79,1256.24,20.5089,16.5495,0.5694,0.459473,0.0,1,0.0040752189,3.7678599892,3.712101266656818,Train
GEDRUE_clean,6.04452,4.23776,6.03554,1.11864,2304.55,2060.12,0.0,0.0,0.6118,0.546912,0.0,1,0.0059753068999999,4.4357451235,4.456033900485795,Train
GEDSAL_clean,5.44628,3.82645,5.44628,1.17011,2237.72,1912.41,0.0,0.0,0.5966,0.509868,0.0,1,0.0060264954,4.5460480205,4.514846800381899,Test
GEDSEP_clean,4.82283,3.73359,4.81042,1.38544,1023.08,738.448,0.0,0.0,0.5156,0.372155,0.0,1,0.0090730739,3.6466573703,3.531449097881325,Train
GEDSOZ_clean,6.10424,4.23086,6.10424,1.10708,2330.43,2105.02,0.0,0.0,0.618,0.558223,0.0,1,0.0055283621999999,4.4711546042000005,4.325608890604641,Test
GEDSUF_clean,6.8646,4.02613,6.8646,1.20789,1460.83,1209.4,0.0,0.0,0.5606,0.464115,0.0,1,0.0065263439,3.4928063265,3.7859189743485833,Train
GEDTAM_clean,6.16288,4.28316,6.16288,1.08963,2317.05,2126.45,0.0,0.0,0.629,0.577258,0.0,1,0.0052624874,4.3381713644,4.4419902955903385,Train
GEFYUN_clean,6.73786,6.27962,6.66229,1.04811,1399.46,1335.23,0.0,0.0,0.5478,0.522657,0.0,0,0.0021286425,1.9725378791,2.3303454102966823,Test
GEFZAU_clean,6.43441,5.83045,6.43102,0.991134,1373.29,1385.58,0.0,0.0,0.5466,0.55149,0.0,0,0.001951002,1.9251637599,2.24521414875898,Test
GEGDED_clean,10.73095,6.57358,10.72652,0.838883,2111.23,2516.71,0.0,0.0,0.6964,0.830152,0.0,1,0.0062225528,4.5625441674000005,4.644982508172131,Test
GEGGEG01_clean,4.4734,3.53731,4.46972,1.51151,780.594,516.434,0.0,0.0,0.4522,0.299171,0.0,1,0.0098976248,2.7988623356,2.901461797517417,Train
GEGGIK01_clean,4.44976,3.51616,4.44506,1.53378,754.006,491.601,0.0,0.0,0.45,0.293393,0.0,1,0.0103323314,2.8040395702,2.94176220100393,Test
GEGGIK_clean,4.4635,3.52722,4.4561,1.51854,764.891,503.702,0.0,0.0,0.4512,0.297128,0.0,1,0.0099771198,2.7955154974000003,2.8918542858357883,Train
GEGGUW_clean,4.63719,3.51738,4.44195,1.53214,779.383,508.688,0.0,0.0,0.4588,0.29945,0.0,1,0.0104635693,2.8087761811000003,2.950039985848764,Train
GEGHAD_clean,4.65392,3.51526,4.65392,1.53055,804.048,525.333,0.0,0.0,0.4664,0.304727,0.0,1,0.010374342,2.8113046635,3.0088403217260447,Test
GEJJEL01_clean,4.95342,3.83497,4.95342,1.99384,910.263,456.538,0.0,0.0,0.4388,0.220078,0.0,1,0.0011525457,1.0081866208,1.051486454840249,Train
GEKVEZ_clean,4.60932,3.49419,4.2137,1.75988,1163.32,661.023,0.0,0.0,0.526,0.298883,0.0,1,0.0006543586,0.8395972351000001,0.8247650617632138,Train
GEPDEM_clean,4.09249,3.45067,4.09249,1.44433,525.305,363.701,0.0,0.0,0.487,0.33718,0.0,1,0.0022109691,1.6832163443,1.7743458739927747,Test
GERNOI_clean,6.93892,3.80818,6.45255,1.05982,1273.96,1202.05,0.0,0.0,0.5412,0.510651,0.0,0,0.0037537646,3.3373298918,3.0514558841333534,Test
GERPUP_clean,8.51519,7.38328,8.51519,1.47529,1095.68,742.686,1.06498,0.721878,0.5678,0.384873,0.0,1,0.0006507368,0.8182422743000001,0.8066986578634174,Train
GERWEH_clean,9.16485,6.64251,9.16485,1.11428,1571.66,1410.47,39.9079,35.815,0.625,0.560902,0.0,1,0.0064275373,4.0636679346,4.227266153272159,Test
GESDUF_clean,7.63383,7.44692,7.63383,1.05439,936.707,888.384,0.0,0.0,0.5408,0.512901,0.0,1,0.001035769,1.320278357,1.2789714476611822,Train
GESFAN_clean,7.57798,7.34904,7.57798,1.05603,938.983,889.166,0.0,0.0,0.5286,0.500556,0.0,1,0.0010157246,1.312227536,1.24535947784224,Train
GESNOI_clean,6.41874,3.48818,6.41739,1.68473,668.393,396.736,0.0,0.0,0.4826,0.286455,0.0,1,0.0026406711,1.8737155704,1.6128262302316765,Test
GEVXIQ_clean,5.46888,4.61181,5.39982,1.67855,1326.24,790.111,0.0,0.0,0.5498,0.327545,0.0,1,0.0011331041,1.236718715,1.1976653396379782,Train
GEWXAJ_clean,4.82967,4.48576,4.82967,1.6967,607.999,358.342,0.0,0.0,0.4016,0.236695,0.0,1,0.0036871934,1.3515726079,1.5100849612556144,Test
GEZRAG_clean,7.97174,5.12774,7.97032,1.15353,2068.35,1793.06,0.0,0.0,0.6172,0.535054,0.0,1,0.0021245352,2.6254365249,2.5318915193168747,Train
GEZYOB_clean,5.97203,4.53159,5.97203,1.47469,1908.41,1294.11,0.0,0.0,0.5414,0.367128,0.0,0,0.0021990263,2.2087807098,2.2210673305582658,Train
GIDKOU_clean,4.78674,3.41448,4.67256,1.74547,701.395,401.837,0.0,0.0,0.4798,0.274883,0.0,1,0.0122198159,2.5896731123,2.697706737155613,Train
GIFKEL_clean,4.63167,4.31957,4.63167,1.28045,1230.74,961.183,0.0,0.0,0.5428,0.423914,0.0,1,0.0043798065999999,2.8942217671,3.031477186957472,Train
GIKQIC_clean,3.78387,3.47181,3.77533,1.63861,422.447,257.809,0.0,0.0,0.4372,0.266812,0.0,1,0.0022627773,1.6341859568,1.600507279721549,Train
GIMSIG_clean,8.71143,5.70228,8.71143,1.44846,1502.61,1037.38,0.0,0.0,0.5786,0.399459,0.0,1,0.003485194,2.9454870799,2.8531452670594226,Test
GINLIA_clean,6.39385,4.60431,6.39349,0.877136,2189.88,2496.63,0.0,0.0,0.6554,0.747205,0.0,1,0.0071528632999999,5.4947737678,5.637851251647534,Test
GIQXEK_clean,5.02308,3.9389,5.02308,1.70666,1611.03,943.967,0.0,0.0,0.591,0.34629,0.0,1,0.0024939886999999,2.235473708,2.1749001536722115,Train
GIQXIO_clean,4.89641,3.86855,4.89641,1.80531,1632.56,904.31,0.0,0.0,0.5842,0.323601,0.0,1,0.0025803735999999,2.3670374399000003,2.21848638009239,Test
GIQXOU_clean,4.81089,3.81392,4.81089,1.85808,1583.35,852.141,0.0,0.0,0.5814,0.312903,0.0,1,0.0027063665,2.4447307267,2.194420373714517,Test
GIQXUA_clean,4.89316,3.86869,4.89316,1.79298,1637.93,913.522,0.0,0.0,0.5838,0.325603,0.0,1,0.0025762779,2.3924160955,2.231102148393655,Test
GIQYAH_clean,4.79715,3.78414,4.66858,1.84797,1560.79,844.598,0.0,0.0,0.5808,0.31429,0.0,1,0.0026262773,2.4200190201,2.2418713890455275,Test
GIQYEL_clean,5.04966,3.95603,5.04926,1.69109,1647.45,974.192,0.0,0.0,0.5932,0.35078,0.0,1,0.0023395823,2.2411613777,2.1117193952796955,Test
GIQYIP_clean,4.93593,3.90727,4.93593,1.7362,1686.39,971.31,0.0,0.0,0.5894,0.339477,0.0,1,0.0025395245,2.4060328322,2.2582793157202405,Test
GIQYOV_clean,4.65103,4.01588,4.65103,1.69435,1544.77,911.715,0.0,0.0,0.5744,0.339009,0.0,1,0.0018605751999999,1.8208362306,1.806493185288516,Train
GIQYUB_clean,4.85877,3.85756,4.85723,1.80735,1636.84,905.654,0.0,0.0,0.586,0.324231,0.0,1,0.0026723071999999,2.3975697352000003,2.2558864563912713,Test
GIRDUI_clean,4.42025,3.76528,4.4179,1.33231,513.764,385.618,0.0,0.0,0.4442,0.333405,0.0,1,0.0029843156,1.6971991736,1.7088924413013413,Test
GIRXUC_clean,9.02646,6.62876,9.00319,0.768463,2450.96,3189.43,0.0,0.0,0.7778,1.01215,0.0,1,0.0024782922,3.2662919568,3.2188257069308697,Test
GIRYAJ_clean,11.11776,6.67504,11.11673,0.856122,2399.62,2802.89,0.0,0.0,0.7336,0.856887,0.0,1,0.0029677517,3.7802553498,3.6620338396997507,Test
GIRYEN_clean,4.46145,3.72288,4.46145,1.49644,287.06,191.829,0.0,0.0,0.4038,0.269841,0.0,1,0.0042009744,1.1540338879,1.327996616965945,Test
GIRYUD_clean,4.50395,3.69554,4.50367,1.50379,303.721,201.971,0.0,0.0,0.4016,0.267059,0.0,1,0.0043223244,1.1701251109,1.2929295722362115,Train
GIRZAK_clean,4.21373,3.61145,4.21373,1.53199,237.412,154.969,0.0,0.0,0.4018,0.262273,0.0,1,0.0035419695,1.1084550814,1.4548467578393125,Test
GISMAY_clean,7.56113,5.5145,7.12706,1.15475,978.763,847.594,187.52,162.389,0.5516,0.477677,0.0,1,0.0040086341,3.0048424509,2.7766050526702664,Train
GISNED_clean,16.88394,10.60987,16.88394,0.446812,2036.44,4557.7,0.0,0.0,0.8226,1.84104,0.0,0,0.0032083003,4.3921709101,4.483837013160591,Test
GISZUD_clean,6.49431,5.39638,6.48428,1.08851,2690.71,2471.91,0.0,0.0,0.726,0.666964,0.0,1,0.0013762988,1.7701296497,1.7343055670037495,Test
GISZUF_clean,5.98913,5.07662,5.983,1.31215,1025.01,781.164,0.0,0.0,0.5226,0.398277,0.0,1,0.0030573313,2.3491045841,2.1685195740788745,Test
GITPIK_clean,6.71051,5.85889,6.69498,1.05932,1949.1,1839.96,0.0,0.0,0.6024,0.568668,0.0,1,0.0049245757,3.6926110103,4.078804568098068,Test
GITTUZ_clean,10.85901,8.03964,10.85901,1.03314,1392.4,1347.74,0.0,0.0,0.6084,0.588883,0.0,0,0.0028949525,2.6483847613,2.752869402997022,Train
GITVEL01_clean,15.27666,13.37931,15.27666,0.777112,1815.11,2335.71,0.0,0.0,0.723,0.930368,0.0,0,0.002518008,2.8623148310000004,2.978457747694086,Train
GITVEL_clean,15.24588,13.37948,15.24588,0.777112,1827.71,2351.93,0.0,0.0,0.724,0.931654,0.0,0,0.0024886879,2.8786754327,2.9172300215735127,Train
GITWIQ_clean,5.04878,3.9878,4.84113,1.55276,984.517,634.043,0.0,0.0,0.443,0.285298,0.0,0,0.0039343644,2.1312627456,2.1305252644179173,Train
GIVHIC_clean,5.68256,4.14915,5.67478,1.01525,1315.17,1295.41,0.0,0.0,0.5352,0.527158,0.0,0,0.0097229781,5.0218913824,4.319852539802963,Test
GIVNIK_clean,7.21449,5.67473,7.21449,0.867445,2262.97,2608.78,0.0,0.0,0.6652,0.76685,0.0,1,0.0026996671,3.2984911183,3.2792779245099792,Train
GIVNOQ_clean,7.18513,5.72761,7.17339,0.897407,2341.84,2609.57,0.0,0.0,0.648,0.72208,0.0,1,0.0033484715999999,3.5328694957,4.00958021740422,Test
GIWCAR_ion_b,6.05356,4.17814,6.05356,1.07197,1658.11,1546.78,2.02848,1.89228,0.5834,0.544229,0.0,1,0.0040176498,3.4643755364,3.39714684152825,Train
GIWCIZ_ion_b,5.12494,3.68789,4.86231,1.25758,738.946,587.595,101.966,81.0816,0.492,0.391229,0.0,1,0.0047071819,2.5041490129,2.634926072359342,Test
GIWCOF_ion_b,6.18603,4.18536,6.1755,1.09485,1872.24,1710.03,0.0,0.0,0.5864,0.535596,0.0,1,0.0039827245,3.4993238021,3.522963001425034,Test
GIXGOK_clean,17.36935,5.40179,17.36935,1.04037,1505.92,1447.48,0.0,0.0,0.6542,0.628815,0.0,0,0.0018889034,1.7145331756,2.175515508102696,Test
GIXNAE_clean,7.22845,6.88703,7.22003,0.852646,2024.04,2373.83,0.0,0.0,0.6572,0.770777,0.0,0,0.0034076778,3.8327157566,3.9828456119096134,Train
GIYSEN_clean,5.42608,5.04414,5.4195,1.45199,958.497,660.129,0.0,0.0,0.4968,0.342152,0.0,0,0.0032634115999999,1.7611514545,1.861313158713439,Test
GIYSIR_clean,5.35034,4.96809,5.33586,1.46578,931.664,635.609,0.0,0.0,0.4966,0.338795,0.0,0,0.0034177419,1.7464601088999998,1.8809682653146242,Test
GIYSOX_clean,5.41931,4.91867,5.41931,1.46994,924.604,629.008,0.0,0.0,0.4898,0.333211,0.0,0,0.0033308374,1.6946620656,1.7921567373646308,Train
GIYSUD_clean,5.72746,4.12193,5.64984,1.21514,2074.82,1707.48,0.0,0.0,0.605,0.497886,0.0,1,0.0038971273,3.1085179482,3.3770768549765493,Train
GIYTAK_clean,5.85565,4.3241,5.81433,1.11314,2290.27,2057.49,0.0,0.0,0.6456,0.579983,0.0,1,0.0037567985999999,3.2058823855000003,3.655878067741952,Test
GIYTIS_SL,6.15959,5.08946,6.15959,0.966844,2140.02,2213.41,0.0,0.0,0.6424,0.66443,0.0,1,0.0042422473,3.7885656533,4.114332585121874,Train
GIZXET_clean,4.75858,3.81827,4.66708,0.984908,1381.16,1402.32,0.0,0.0,0.5818,0.590715,0.0,0,0.0098571425,5.4599860783,5.2723923368893315,Test
GOBGAG_clean,17.26438,5.3381,17.26438,1.05121,1516.89,1443.0,0.0,0.0,0.6532,0.621382,0.0,0,0.0019005229999999,1.7278731477,2.2104594446390613,Test
GOBSUM_clean,5.27749,3.98975,5.17779,1.10089,1767.3,1605.34,0.0,0.0,0.5602,0.508863,0.0,1,0.0049542321999999,3.6196612691,3.680385624963051,Train
GOGSIF_clean,8.22407,5.82511,8.22407,0.843093,1913.32,2269.41,1.31012,1.55395,0.6484,0.769073,0.0,1,0.0026959683,2.8820955813,2.9964739080157425,Train
GOGWAB_clean,4.95936,4.07145,4.95936,1.0628,2097.01,1973.11,0.0,0.0,0.6348,0.597292,0.0,1,0.0098454591,6.248422940499999,6.345300391745276,Test
GOGWEF_clean,4.59875,4.17002,4.59043,0.999501,2126.38,2127.44,0.0,0.0,0.617,0.617308,0.0,1,0.0079001711,5.910118847300001,5.860521555968875,Test
GOJDOZ_clean,4.79892,4.35574,4.79892,2.78878,865.091,310.204,296.77,106.416,0.5306,0.190263,0.0,1,0.0013254362,1.174147104,1.196733109599792,Train
GOKBUE_clean,6.09249,4.54759,6.09249,1.63047,1317.37,807.969,0.0,0.0,0.5592,0.342968,0.0,1,0.0013445645,1.2838019145,1.3075139328218304,Train
GOMFOF_clean,14.8276,14.77034,14.8276,0.887088,1281.1,1444.16,0.0,0.0,0.6208,0.699818,0.0,1,0.0017662316,2.1702707358,2.13081931648122,Train
GOMREG_clean,5.38381,3.63961,5.38381,1.86675,886.646,474.968,0.0,0.0,0.4612,0.247061,0.0,0,0.026075043,2.6750089825,3.0616361486423216,Train
GONNAA_clean,7.09205,5.80307,7.09205,0.944258,2774.42,2938.2,0.0,0.0,0.7154,0.757632,0.0,1,0.0025968566,3.1553157299000003,3.2605667289051317,Train
GOPTIQ_clean,6.68622,4.50914,6.67956,0.770633,1838.89,2386.21,0.0,0.0,0.6402,0.830746,0.0,1,0.0047697898,4.3846569685,4.525335033736361,Train
GOQSIQ_clean,8.1775,6.04263,8.04141,1.00533,1638.23,1629.55,0.0,0.0,0.6412,0.637802,0.0,0,0.0047398883,3.2298120714,4.499353004468165,Test
GOQXAN_clean,6.22843,5.8492,6.22773,1.32869,1398.1,1052.24,0.0,0.0,0.556,0.418457,0.0,1,0.0038848252,3.3114213773000003,2.9586129611925673,Test
GORQAF_clean,6.72825,5.09275,6.72825,1.1538,2875.75,2492.42,0.0,0.0,0.7648,0.662854,0.0,0,0.0010088074,1.2941863033,1.3536328204160812,Train
GOSBOH_clean,10.37122,8.95436,10.37122,0.787001,1611.54,2047.69,0.0,0.0,0.6654,0.845489,0.0,1,0.0020902676,2.7220013948000004,2.7046880536152536,Train
GOSDID_clean,7.82021,4.59261,7.82021,1.06883,1472.28,1377.47,0.0,0.0,0.5676,0.531048,0.0,1,0.0046239946,3.4444874530000003,3.5556873029237828,Train
GOSKEG_clean,7.10002,5.21425,6.59335,0.943193,1754.71,1860.4,1.38955,1.47324,0.6182,0.655433,0.0,1,0.006953132,4.6652018917,4.707447904533483,Train
GOTDIE_clean,4.73101,4.56435,4.72097,1.48128,186.327,125.788,8.43694,5.69572,0.3958,0.267202,0.0,0,0.0008357783,0.5377695992,0.5589017196653914,Train
GOTNEK_clean,6.68492,5.17244,6.67225,1.16398,1342.18,1153.1,0.0,0.0,0.5428,0.466332,0.0,1,0.008909244,3.1964455489,3.3037633419457766,Train
GOVHOQ_clean,5.0786,4.57892,5.0786,2.10255,403.599,191.957,0.0,0.0,0.3698,0.175882,0.0,0,0.0005767862,0.455740705,0.393490427760824,Train
GOVWOF_clean,15.42527,11.20267,15.42527,0.794433,1878.77,2364.92,0.0,0.0,0.6966,0.876851,0.0,1,0.0052983011,4.3666870704,4.4870718851486275,Train
GOVXIA_clean,6.67259,5.28318,6.67068,1.1406,1107.96,971.384,0.0,0.0,0.4988,0.437316,0.0,1,0.0036563015999999,2.6850384885,2.595214133503984,Train
GOZNAM_clean,6.30239,4.60575,6.30081,0.99242,2117.8,2133.98,0.0,0.0,0.6346,0.639447,0.0,1,0.0023980281,2.7993941132,2.783104635571033,Train
GOZNEQ_clean,6.09971,4.27883,6.09943,0.947205,2272.9,2399.59,0.0,0.0,0.644,0.679895,0.0,1,0.0026031783,3.1133984888,2.9870107022544845,Train
GUANZS_clean,5.10287,4.04623,5.10287,1.31647,2066.97,1570.09,0.0,0.0,0.6518,0.495113,0.0,0,0.0029634759,2.9268787229,2.935236976237141,Train
GUBBAG_clean,6.17269,4.47662,6.08707,1.25773,1864.63,1482.53,0.0,0.0,0.6658,0.529365,0.0,1,0.0009028812,1.1815717616,1.1873520844009287,Train
GUBKUL_clean,8.78437,8.58193,8.78437,1.65394,1300.1,786.066,0.0,0.0,0.597,0.360957,0.0,1,0.0023044418,1.9133076785,2.113048336901377,Test
GUBVUU_clean,6.86464,4.18996,6.61474,0.930991,1654.01,1776.62,0.0,0.0,0.6014,0.645979,0.0,1,0.0048122325,4.3405134759,4.196198827219878,Train
GUBZAF_clean,8.48171,3.92126,8.48171,0.891092,1361.54,1527.95,0.0,0.0,0.6076,0.68186,0.0,1,0.0021175094,2.6591361488,2.572189820196571,Train
GUCHUJ_clean,4.84299,3.46778,4.84299,1.43835,1253.58,871.544,0.0,0.0,0.5374,0.373624,0.0,1,0.0065174992,3.5540051824,3.4908909694745005,Test
GUCJAQ_clean,5.76197,4.68972,5.75144,1.29019,1221.31,946.616,0.0,0.0,0.4888,0.37886,0.0,0,0.004847893,2.4933789272,2.7197286347061436,Train
GUDJOG_clean,7.68451,4.9879,7.6811,1.00363,1922.96,1916.01,0.0,0.0,0.6122,0.609987,0.0,1,0.0043468146,3.9623367861,4.095602980388496,Test
GUFBOA_clean,5.81423,4.04124,5.79708,1.35939,665.654,489.672,0.0,0.0,0.4506,0.331473,0.0,1,0.0047041507,1.8889835675,1.896856248144525,Train
GUFBUG_clean,6.13698,5.34529,5.96708,1.2615,1111.92,881.432,0.0,0.0,0.517,0.40983,0.0,0,0.007724007,3.1538590257,3.215069100915113,Train
GUFREF_clean,4.21553,3.44252,4.2138,1.21319,638.089,525.958,0.0,0.0,0.4724,0.389386,0.0,0,0.0035427291999999,1.9065754701,1.9873728922397675,Train
GUFXEM_clean,6.06791,4.72083,6.0579,1.2094,1573.94,1301.42,0.0,0.0,0.5582,0.461552,0.0,1,0.0049556446,3.5512391303,3.58212547037997,Test
GUGNON_clean,5.28957,4.33779,5.28957,0.956875,1608.61,1681.11,0.0,0.0,0.5938,0.620562,0.0,1,0.0051229084999999,3.9809101657,4.053742363837487,Train
GUHMIH_clean,13.3149,6.32995,13.3149,0.498432,2835.47,5688.77,0.0,0.0,0.778,1.5609,0.0,1,0.0034968205,4.7743186709,4.839153721332197,Train
GUHNUU_clean,8.22186,5.12827,8.22186,0.946932,1929.01,2037.11,0.0,0.0,0.6218,0.656647,0.0,1,0.0037419264,3.9667229127,3.7335359422147265,Test
GUHPAC_clean,8.2386,5.1093,8.2386,0.972915,1925.54,1979.14,0.0,0.0,0.6264,0.643838,0.0,1,0.0039865297,3.8985733667,3.958686596775442,Test
GUHPEG_clean,5.72092,4.53231,5.72092,1.21796,1067.45,876.424,0.0,0.0,0.5332,0.437781,0.0,1,0.0039221931,2.6150359714,2.56238662071947,Test
GUJREK01_clean,6.68707,6.10275,6.68707,1.23624,984.626,796.47,83.5539,67.5873,0.5306,0.429206,0.0,1,0.0023726135999999,2.4063428973,1.9924918573158417,Test
GUJREK_clean,6.69718,6.09535,6.69718,1.23624,986.103,797.665,80.349,64.9948,0.5296,0.428397,0.0,1,0.0024066784,2.3486984352,1.9924377181514972,Test
GUKFEY_clean,5.44718,4.31032,5.44265,0.953017,1818.67,1908.33,0.0,0.0,0.6068,0.636715,0.0,1,0.006683784,5.073016196499999,4.95701434387402,Train
GUKYUI_clean,4.85912,4.51007,4.85912,1.20599,627.214,520.082,14.592,12.0996,0.4608,0.382092,0.0,0,0.0015496613,1.1232119429,1.2337723210850091,Train
GUKZAO_clean,6.06489,4.97271,6.06019,1.23962,1992.38,1607.25,0.0,0.0,0.6032,0.486602,0.0,1,0.004589062,3.6816489564,3.645393630674971,Train
GULBAR_clean,4.47722,3.75995,4.47722,1.44705,840.737,581.002,0.0,0.0,0.4724,0.326458,0.0,1,0.0085454888,2.8480124945,2.9832317882813153,Train
GULCAS_clean,4.32787,3.5712,4.32787,1.83607,854.103,465.181,0.0,0.0,0.4892,0.266439,0.0,1,0.0078406934999999,2.9799296311,3.0104845293873472,Train
GULPIN_clean,4.25802,3.49743,4.22359,1.39734,591.978,423.648,0.0,0.0,0.4574,0.327337,0.0,1,0.0043294046,2.0388434093,2.1359317328187446,Test
GULVUF_clean,16.10036,15.32514,16.09835,0.674334,1617.68,2398.93,0.0,0.0,0.7312,1.08433,0.0,0,0.0031472616,3.4439489602,3.7334860766499447,Test
GULWAM_clean,8.69308,7.48414,8.68762,0.756867,2252.53,2976.13,0.0,0.0,0.7044,0.930679,0.0,0,0.0036747271,3.9635570836,4.414238277560255,Test
GULWEQ_clean,15.98104,7.52003,15.97479,0.734572,1758.78,2394.29,252.635,343.921,0.7614,1.03652,0.0,1,0.0029496593,3.5843527941000004,3.509771689405159,Test
GULWIU_clean,11.05938,6.30446,11.02908,0.918977,2242.53,2440.24,0.0,0.0,0.738,0.803067,0.0,1,0.0025303615,2.9901132396,3.0041264980479627,Test
GULWOA_clean,7.6136,7.16835,7.6136,1.27683,1846.33,1446.03,0.0,0.0,0.6334,0.496073,0.0,1,0.0015495174,1.9368032953,1.9136750371538727,Train
GUMDEZ_clean,5.27869,4.82624,5.26972,1.35338,1171.24,865.416,0.0,0.0,0.5066,0.374323,0.0,0,0.0194652575,3.6956374403,3.9750343532888572,Train
GUNFAW01_neutral,9.61074,7.33598,9.61074,0.662989,2371.82,3577.46,0.0,0.0,0.7958,1.20032,0.0,0,0.0015499009,2.2149853294,2.2817801287279944,Test
GUNZIA_clean,5.83475,4.30482,5.82509,1.2153,836.856,688.601,251.586,207.016,0.5296,0.435778,0.0,0,0.0059759316,3.2141572497000004,3.16568045695969,Train
GUPBEZ02_clean,23.87093,10.84779,23.87093,0.911245,1630.75,1789.58,0.0,0.0,0.8024,0.880553,0.0,1,0.0008480855999999,1.2865203133,1.280142809649431,Test
GUPBUP_SL,12.69031,3.67391,12.69031,0.919646,1552.86,1688.54,0.0,0.0,0.6966,0.757465,0.0,0,0.0012998532,1.6562835622,1.7813801110860639,Test
GUPCAW_clean,13.64672,8.62891,13.57643,0.814725,1868.84,2293.83,0.829839,1.01855,0.7426,0.911474,0.0,0,0.0013737907999999,1.9617717217,1.8993885851760641,Train
GUPDEB_clean,20.68684,7.65386,20.68684,0.945467,1548.81,1638.15,1.11326,1.17747,0.7196,0.761105,0.0,0,0.0014578264,1.7998475806,1.7463362413715904,Train
GUPREQ_clean,6.00262,3.86824,5.65571,1.31,1012.28,772.734,0.0,0.0,0.4954,0.378168,0.0,1,0.0036367908,2.3879478281,2.2710452159912444,Test
GUQWOG_clean,7.33297,4.64507,7.06229,0.957966,1896.24,1979.44,0.0,0.0,0.6126,0.63948,0.0,0,0.0047381175,4.2227931086,4.328379997097741,Train
GURPIT_clean,9.17432,7.72525,9.0966,0.709696,2365.23,3332.74,0.0,0.0,0.7732,1.08948,0.0,0,0.0015464633,2.3059335574,2.204650349152802,Test
GURPUF_clean,9.46604,8.41122,9.46604,0.69659,2357.29,3384.04,0.0,0.0,0.789,1.13266,0.0,0,0.0015393717,2.3390869082,2.220458378066421,Test
GUSJOU_clean,6.46175,4.9377,6.46175,1.4824,1450.9,978.754,0.0,0.0,0.5424,0.365894,0.0,1,0.0032851271999999,2.5776788249,2.583242099718037,Test
GUSMAJ_clean,4.67375,3.80751,4.66389,1.32281,575.521,435.074,0.0,0.0,0.4708,0.355908,0.0,0,0.0061290512,2.2141082636,2.2985995902328322,Test
GUTYIE_clean,5.62453,4.16158,5.60554,1.07616,1629.52,1514.21,0.0,0.0,0.6326,0.587833,0.0,0,0.0070274798999999,4.1753288711000005,4.438846796668022,Train
GUVBOQ_clean,8.83128,4.93156,8.81323,1.43518,1000.0,696.779,0.0,0.0,0.4548,0.316894,0.0,1,0.0032975258,1.8611147675,1.949001667741473,Train
GUVCOP_clean,5.74545,3.94509,5.74323,1.37815,1848.48,1341.28,0.0,0.0,0.614,0.445526,0.0,1,0.0019222604999999,1.9750657645,2.061721263983283,Train
GUVKUE_clean,8.21847,7.49363,8.20971,1.22679,2052.71,1673.24,0.0,0.0,0.664,0.54125,0.0,0,0.0025588898,2.8176267103,2.805626408243425,Test
GUVLAL_clean,8.46005,7.97124,8.46005,1.21092,2060.95,1701.98,0.0,0.0,0.6704,0.55363,0.0,1,0.002602339,2.8326699806,2.7954056020069338,Test
GUVZII_clean,11.49557,10.72535,11.49539,1.14498,1547.17,1351.26,0.0,0.0,0.6402,0.559135,0.0,1,0.0028069511,3.4102866024000003,3.4185995563509977,Train
GUWDUY_clean,6.18049,4.11372,6.17321,0.97822,1677.34,1714.69,0.0,0.0,0.6008,0.614177,0.0,0,0.0045340476,3.6358532305,4.086205468181774,Test
GUXJUF_clean,4.84037,3.9654,4.82716,1.41449,886.753,626.908,0.0,0.0,0.4542,0.321106,0.0,1,0.0013770578,1.2594318472,1.3042243851664457,Test
GUXPOF_clean,5.62972,5.12114,5.55282,1.20445,928.209,770.649,0.0,0.0,0.499,0.414297,0.0,1,0.0019143387,1.6605260166,1.6304896377170974,Train
GUXSEY_clean,6.24254,3.72061,6.24254,1.49869,1194.16,796.807,0.0,0.0,0.5316,0.354711,0.0,0,0.0082966228,3.9518659245,3.6886420709891645,Train
GUXSIC_clean,6.13867,3.70141,6.13867,1.60239,1120.27,699.126,0.0,0.0,0.517,0.322643,0.0,0,0.0082464861,3.812476497200001,3.3419660012891104,Test
GUXZIJ_clean,5.81008,4.95296,5.55484,2.37336,1506.6,634.795,0.0,0.0,0.5624,0.236964,0.0,1,0.0026728221999999,1.9527580489,1.9170761697414145,Train
GUXZUV_clean,6.58785,4.88173,6.58785,1.68165,1430.07,850.397,0.0,0.0,0.5722,0.340261,0.0,1,0.0042116121,2.9801325263,2.8303542780766744,Train
GUYBAE_clean,5.86532,5.19351,5.73822,2.36156,1533.32,649.284,0.0,0.0,0.5552,0.235099,0.0,1,0.0025324256,1.9355767951,1.8933815013878328,Test
HABQUY_clean,25.71531,12.0883,18.82078,0.289452,1646.58,5688.62,0.0,0.0,0.8738,3.01881,0.0,1,0.0038083198,5.126890953399999,5.081474351684606,Test
HABRAF_manual,24.30948,9.03515,24.30948,0.38234,1867.98,4885.64,0.0,0.0,0.8462,2.21321,0.0,1,0.0039676851,4.785294726,5.2825038051306485,Test
HABREJ_clean,7.22153,5.5004,7.20678,0.929467,1805.81,1942.84,0.0,0.0,0.6346,0.682757,0.0,1,0.0061115441,4.6443402598,4.882604498083587,Train
HADLOQ01_clean,10.03253,9.59417,10.02623,0.699735,1785.38,2551.51,0.0,0.0,0.7038,1.00581,0.0,0,0.003602813,4.3693049113,4.234280979827389,Test
HADPOU_clean,4.62887,4.08311,4.62887,1.93861,903.412,466.011,0.0,0.0,0.5016,0.258742,0.0,1,0.0051860903,2.3640129956,2.2441228041337205,Train
HADQUA_clean,4.81461,3.51016,4.81159,1.02272,1546.56,1512.21,0.0,0.0,0.5746,0.561836,0.0,0,0.0183795278,5.5002221669,5.681305099117491,Train
HADXIW_clean,4.67426,4.35266,4.67426,2.30119,853.786,371.02,0.0,0.0,0.5434,0.236139,0.0,1,0.0008054832,0.975637245,0.8462457867061595,Train
HAFGUQ_clean,5.00398,3.75819,5.00288,1.4388,1552.49,1079.02,0.0,0.0,0.603,0.4191,0.0,0,0.0079148525,4.1825173795,4.2960818094200075,Test
HAFTOZ_clean,15.37241,7.5238,15.37241,0.554007,2040.18,3682.59,0.0,0.0,0.7832,1.4137,0.0,0,0.0027691922,3.6191689581,3.8481348201236605,Test
HAFVOB_clean,5.59823,4.10574,5.59823,0.989877,1624.62,1641.23,0.0,0.0,0.559,0.564717,0.0,1,0.0062603256999999,4.320733528,4.286169118440173,Train
HAFVUH_SL,7.26111,7.14037,7.26111,0.948615,1661.34,1751.34,0.0,0.0,0.5896,0.621538,0.0,0,0.0058642904,5.6479911479,5.2485578797674695,Test
HAFWIW_clean,5.35067,4.98225,5.35067,1.31519,1804.28,1371.88,0.0,0.0,0.6304,0.479324,0.0,1,0.0022598505,2.0974164872,2.2552329971931244,Train
HAHCUR_clean,7.19827,5.98763,7.19827,1.10603,1324.83,1197.82,0.0,0.0,0.546,0.493657,0.0,0,0.0045339092,3.6055421619,3.497600635095249,Train
HAHPOW_clean,9.6196,8.46967,9.6196,1.47235,624.294,424.013,93.3885,63.4283,0.498,0.338235,0.0,1,0.0008669254,0.9848157594,1.0097211388967393,Train
HAJDII_clean,7.11031,6.37447,7.11031,1.26291,989.015,783.122,12.4903,9.89007,0.5394,0.427108,0.0,0,0.001777107,1.7963624523,1.7915076978917548,Train
HAJLEK_clean,5.87742,3.45437,5.87742,1.36069,369.973,271.901,0.0,0.0,0.367,0.269716,0.0,0,0.0026059982999999,0.9708223617,1.028306100353134,Train
HAJLIO_clean,5.88281,3.51824,5.88281,1.36262,373.489,274.096,0.0,0.0,0.3676,0.269774,0.0,0,0.0026344883,0.9671505017,1.0947433635250203,Test
HAJLOU_clean,5.886,3.5289,5.886,1.35798,373.139,274.776,0.0,0.0,0.3686,0.271433,0.0,0,0.0026043223999999,0.9824110938,1.0617063675938474,Test
HAJLUA_clean,5.93833,3.59787,5.73261,1.34629,399.566,296.791,0.0,0.0,0.3782,0.28092,0.0,0,0.0024367341,0.9795805271,1.0773516009586435,Train
HAJMEL_clean,5.95786,3.62462,5.74689,1.33025,394.105,296.264,0.0,0.0,0.3816,0.286863,0.0,0,0.0024591136,0.9721404397,1.1035198015500975,Test
HAJMIQ_clean,13.26244,6.64572,13.26244,0.873197,2121.07,2429.08,0.0,0.0,0.7212,0.825931,0.0,1,0.0047162623,3.9925740094,3.9713950125671262,Train
HAJPEQ_clean,6.11767,3.57208,6.10936,1.00677,852.908,847.173,0.0,0.0,0.5204,0.516901,0.0,1,0.0080700658,3.1492743606,3.2937126964617116,Train
HAJRES_clean,5.28648,3.63417,5.2773,0.904106,536.331,593.217,509.7,563.762,0.5196,0.574711,0.0,0,0.0105902227,3.4315388182,3.526382588404281,Train
HAJYEZ_clean,5.05238,3.74879,4.99149,1.49581,731.65,489.133,0.0,0.0,0.4222,0.282255,0.0,1,0.0081308079,2.3315008293,2.3037240042122464,Test
HAKCAZ_clean,7.25791,5.03113,6.91895,1.17911,1594.01,1351.88,0.0,0.0,0.5908,0.501055,0.0,1,0.0050911479,4.0354094304000006,3.828567747616459,Train
HAKSAQ_clean,8.06664,3.9387,8.06075,1.15948,1831.32,1579.42,0.0,0.0,0.63,0.543345,0.0,0,0.0074032245,5.155293346100001,5.1716388289762705,Train
HAKSEU_clean,8.08706,3.61748,7.36025,1.26635,1637.77,1293.3,0.0,0.0,0.6148,0.485489,0.0,1,0.0061002568999999,4.5677110222,4.28402296635926,Test
HAKSIY_clean,8.0725,3.53077,8.06497,1.03469,1587.07,1533.85,0.0,0.0,0.6072,0.58684,0.0,1,0.005950908,5.0346625557,4.541719346937924,Test
HAKVOH_clean,9.12551,3.7795,9.11836,1.17123,1785.15,1524.17,0.0,0.0,0.6208,0.530041,0.0,1,0.0035989073,3.7144967427,3.389587535619911,Test
HAKVUN_clean,8.02196,4.1722,8.01469,1.33184,2031.27,1525.15,0.0,0.0,0.6558,0.4924,0.0,1,0.0060650189,5.0588051309,4.8562815328435835,Train
HAKWAU_clean,7.77196,4.02298,7.7515,0.967928,1840.06,1901.03,0.0,0.0,0.6374,0.65852,0.0,1,0.0051973140999999,4.8227836836,4.794744719771851,Train
HALQUJ_clean,5.83271,4.11171,5.82021,0.775057,2252.16,2905.8,0.0,0.0,0.6658,0.859034,0.0,0,0.0045975184,4.8113295075,4.891351283846137,Train
HALVAU_clean,7.2529,4.09487,7.24788,1.02599,1723.2,1679.54,0.0,0.0,0.6096,0.594156,0.0,1,0.0037938216,3.6482243512,3.6183427340787278,Train
HAMJOW_clean,5.97637,5.66826,5.96867,0.916107,2203.56,2405.35,0.0,0.0,0.6442,0.703193,0.0,1,0.0069000926,5.8098647486,5.686081494767518,Train
HAMLIT_clean,7.60143,4.74827,7.04866,1.03116,1778.09,1724.35,0.0,0.0,0.6042,0.58594,0.0,1,0.0063699093999999,4.6857325057,4.700444368774884,Train
HAMREU_clean,7.3712,5.08597,7.3712,1.79786,881.924,490.542,0.0,0.0,0.4552,0.25319,0.0,0,0.0018402295999999,1.4725515229,1.4453812548432352,Train
HAMRIY_clean,7.12952,5.0191,7.12952,1.96935,853.811,433.551,0.0,0.0,0.434,0.220378,0.0,0,0.0019265615,1.318795645,1.3446681181789888,Test
HANKUE_clean,11.04769,6.93986,11.04769,1.01875,2416.33,2371.86,7.87226,7.72737,0.7184,0.705177,0.0,1,0.003794755,4.1739003551,3.8061338109942566,Test
HANWAW_clean,11.32674,4.96034,11.30095,0.840493,2065.42,2457.39,0.0,0.0,0.7018,0.834987,0.0,1,0.0051022948,4.7000354408,4.464090985260117,Train
HAPBAE_clean,7.19899,4.51752,7.19899,1.177,1685.21,1431.79,101.434,86.1807,0.6014,0.510961,0.0,1,0.0022958317,2.2716795799,2.333954456757347,Train
HAPBEI_clean,7.40345,4.51665,7.18933,1.1831,1645.32,1390.68,107.302,90.6958,0.5974,0.504945,0.0,1,0.0022393041,2.2352119249,2.2686576722345135,Train
HAPBIM_clean,7.3635,4.07388,7.35928,1.22764,1566.0,1275.62,0.0,0.0,0.6092,0.496238,0.0,1,0.0016999814999999,1.9171006043,1.999580074566687,Train
HAPGIR_clean,6.12679,5.53694,6.11946,1.24903,1460.77,1169.52,0.0,0.0,0.5518,0.441784,0.0,1,0.0039042953,2.9036659894,3.0680925325280555,Train
HAPHUD_clean,8.47502,6.8337,8.46296,0.827108,1882.02,2275.42,0.0,0.0,0.6618,0.800137,0.0,1,0.0035249278,4.0438927981,3.9675083538193943,Test
HAPNEU_clean,7.1275,4.47989,7.11656,1.12613,1773.48,1574.85,0.0,0.0,0.6,0.5328,0.0,1,0.0025206712,2.4469596026,2.645519819733846,Test
HAPNOE_clean,5.80604,3.7042,5.80604,1.49141,1358.54,910.909,0.0,0.0,0.535,0.358721,0.0,1,0.0022643238,2.0435195866,2.084911332509169,Test
HAPNUK_clean,5.80307,3.70444,5.7954,1.49676,1370.95,915.947,0.0,0.0,0.5352,0.357572,0.0,1,0.0022478776,2.0391587301,2.0982339106135983,Train
HAPPAS_clean,5.66478,3.61524,5.6614,1.54511,1255.98,812.875,0.0,0.0,0.5282,0.341853,0.0,1,0.0023874649,1.9990419903,1.9479178434864106,Test
HAPVEB_clean,4.76596,4.34263,4.75951,2.7741,1216.03,438.349,0.0,0.0,0.4794,0.172813,0.0,1,0.0017367882999999,1.1999907453,1.270287027637602,Test
HAQJIV_clean,10.92187,6.16089,10.13253,0.730979,2352.02,3217.63,0.0,0.0,0.744,1.01781,0.0,1,0.0048457821,4.9660225233,5.008045801195262,Test
HAQKES_clean,7.18365,5.84135,6.93817,1.26274,1917.74,1518.71,0.0,0.0,0.6256,0.495429,0.00158385,1,0.0016188735,1.9251617184,1.9023631875046634,Test
HAQRID_clean,8.35999,7.36684,8.31122,1.01133,1835.07,1814.52,0.0,0.0,0.6542,0.646874,0.0,1,0.00428095,4.557482086,4.389129986025226,Train
HASMIZ_clean,9.9371,5.9051,9.93469,0.740129,2096.9,2833.15,0.0,0.0,0.687,0.928217,0.0,0,0.0030490584,3.7806368512,3.9081049709840134,Test
HASNIB_clean,5.40755,4.36097,5.2762,1.74872,1493.17,853.86,0.0,0.0,0.5666,0.324008,0.0,1,0.0017450957,1.655984631,1.6117527932541234,Test
HASNOH_clean,5.38898,4.39397,5.38845,1.86317,1402.69,752.852,0.0,0.0,0.5556,0.298201,0.0,1,0.0023045778,1.7950662441999998,1.8571131067560565,Train
HASNUN_clean,5.53374,4.52225,5.53374,1.71424,1549.27,903.767,0.0,0.0,0.5698,0.332393,0.0,1,0.0017482715,1.6144818418,1.6750677539368286,Test
HASTAY_clean,6.39369,3.9398,5.95965,1.27695,1466.95,1148.79,0.116669,0.0913651,0.5758,0.450916,0.0,1,0.0053265282,3.4890528194,3.484568177060724,Train
HATZOS02_clean,4.8576,4.0805,4.8576,1.31729,1109.65,842.374,1.31609,0.999089,0.544,0.41297,0.0,1,0.0020971532999999,1.8069305557,1.8589581041636898,Train
HATZOS_clean,4.85832,4.07746,4.85832,1.31771,1115.31,846.4,1.47769,1.12141,0.531,0.402973,0.0,1,0.0020971532999999,1.8105851187,1.8802340550456305,Test
HAVVUX_clean,8.34589,6.74867,8.34589,2.21863,955.771,430.794,0.0,0.0,0.5032,0.226807,0.0,1,0.0010829869999999,1.099368863,1.0600750406812924,Train
HAVZIP_clean,12.95456,9.6087,12.76631,0.416845,1954.8,4689.52,0.0,0.0,0.815,1.95516,0.0,1,0.0030024983,4.2938829772,4.230309690116239,Test
HAWREE_clean,5.95677,4.26157,5.93982,1.29463,1394.9,1077.46,0.0,0.0,0.5154,0.398107,0.0,0,0.0044005936,2.9125498581,2.9974884555259877,Test
HAWVAE_clean,5.43472,3.75459,5.43472,1.57273,1218.49,774.765,0.0,0.0,0.5248,0.333688,0.0,0,0.0063744493,2.974127958,2.9940436089023796,Test
HAWVEI_clean,5.44774,3.7649,5.44192,1.50867,1222.23,810.136,0.0,0.0,0.526,0.348652,0.0,0,0.0061013798999999,3.0074428399,3.0687615543770494,Train
HAWVIM_clean,5.41474,3.72498,5.39995,1.55868,1201.98,771.152,0.0,0.0,0.522,0.334898,0.0,0,0.0064951217,2.9923917330000003,3.1701773303999294,Test
HAWVOS_clean,5.41179,3.71334,5.38603,1.62695,1198.02,736.358,0.0,0.0,0.519,0.319002,0.0,0,0.0066592411,2.9611840666000004,3.098620323017127,Test
HAWVUY_clean,5.4288,3.7248,5.42521,1.58725,1209.7,762.135,0.0,0.0,0.523,0.3295,0.0,0,0.0064643706,2.9840213622000005,3.0850827722080325,Train
HAWWAF_clean,5.36818,3.69998,5.3038,1.61776,1179.03,728.804,0.0,0.0,0.5186,0.320567,0.0,0,0.0068341577,2.9884053392000003,3.0289668971765016,Test
HAWWEK_clean,6.09263,4.09444,6.07646,0.818977,2614.48,3192.37,0.0,0.0,0.6796,0.829816,0.0,0,0.0032103607,4.315313755,4.051077103860575,Train
HAWWIN_clean,6.94632,6.00048,6.94632,1.03663,2578.05,2486.94,0.0,0.0,0.6936,0.669088,0.0,1,0.0027459619,3.1426138948,3.1115023386268805,Test
HAWWOT_clean,7.05521,6.39517,7.05449,1.0177,2567.24,2522.59,0.0,0.0,0.6952,0.683108,0.0,1,0.0027185804999999,3.114051197,3.1364051849945693,Test
HAWWUZ_clean,6.85987,6.20916,6.70163,1.02767,2542.94,2474.47,0.0,0.0,0.6868,0.668309,0.0,1,0.0028215867,3.1444002043,3.291666315054576,Train
HAWZEM_clean,4.83947,3.74089,4.83947,1.28408,1060.99,826.263,0.0,0.0,0.5012,0.390319,0.0,1,0.0145425552,3.7757389484,4.027699188135269,Test
HAXMUP_clean,8.05193,5.7692,8.05193,1.0871,1247.11,1147.19,0.0,0.0,0.6042,0.555788,0.0,1,0.0008859822,1.0281347901,1.1913567855697433,Train
HAYLIE_clean,7.09546,5.16312,7.09546,0.822497,1782.71,2167.43,0.0,0.0,0.6384,0.776173,0.0,1,0.0033288999,3.4735041062,3.604091611068503,Test
HAZSIL_clean,7.68408,4.67009,7.68408,1.19851,1999.16,1668.03,0.0,0.0,0.6332,0.528321,0.0,1,0.0025054609,3.0277199795,2.842240530797305,Train
HAZWIP_clean,6.08536,5.42004,6.08536,0.76282,3171.25,4157.27,0.0,0.0,0.7336,0.961695,0.0,1,0.00313545,4.069262444,4.1182193186903415,Test
HEBJAB_clean,4.69189,4.1551,4.68505,1.19151,652.957,548.006,0.0,0.0,0.4618,0.387574,0.0,1,0.0015754648,1.3468275635,1.3218718680724573,Train
HEBKEG_clean,5.17721,3.88044,5.16559,1.56809,1108.64,706.999,0.0,0.0,0.4678,0.298324,0.0,0,0.0044307108,2.2411872280000003,2.2992680123260216,Test
HEBNIN_clean,5.00989,4.14842,5.00989,2.07402,1561.26,752.77,0.0,0.0,0.5908,0.284857,0.0,1,0.0013140807999999,1.520820777,1.2943495649794596,Test
HEBNOT_clean,6.16705,5.25559,6.16705,2.0588,1791.16,870.001,0.0,0.0,0.601,0.291917,0.0,1,0.0013394101,1.3851250043,1.3578576202725539,Test
HEDBEZ_clean,5.55376,3.62598,5.46848,2.06178,1285.48,623.479,0.0,0.0,0.5464,0.265014,0.0,1,0.0018967784,1.6823639031,1.6737646284740002,Train
HEDBID_clean,5.55564,3.58661,5.41937,2.08307,1276.82,612.952,0.0,0.0,0.5458,0.262017,0.0,1,0.0019174416,1.6589990237,1.705647725487282,Train
HEDBOJ_clean,6.12669,4.55303,6.11551,2.25914,1566.11,693.232,0.0,0.0,0.5588,0.247351,0.0,1,0.0010158001,1.1133313831,1.1000042090695954,Test
HEDBUP_clean,6.082,4.53553,6.07141,2.27942,1559.62,684.218,0.0,0.0,0.5574,0.244536,0.0,1,0.0009809661999999,1.1162760155,1.0971278307587558,Test
HEDCAW_clean,8.17736,6.62352,8.16605,0.938004,1961.34,2090.97,0.0,0.0,0.6256,0.666948,0.0,1,0.0036452875,3.6138450545,3.7717995517522116,Test
HEDCIE_clean,6.94357,6.25435,6.88861,1.02856,1661.58,1615.44,0.0,0.0,0.5918,0.575367,0.0,1,0.0038169452,3.3284088554,3.5561090436677643,Test
HEFDED_clean,6.92505,4.2277,6.91906,1.17857,874.958,742.388,0.0119262,0.0101192,0.491,0.416606,0.0,0,0.0008667966,0.9025049915,0.9697830891865751,Test
HEFDON_clean,9.34267,6.30544,9.30322,1.26616,1290.92,1019.56,0.0,0.0,0.564,0.445443,0.0,1,0.003585489,2.8136502811,2.6958139464861044,Test
HEFFEF_clean,9.54316,8.35297,9.54316,1.17123,1191.49,1017.3,0.0,0.0,0.5608,0.478813,0.0,1,0.0033929013,2.5349329662,2.830041511570266,Test
HEFVAR_clean,4.22955,3.7824,4.22684,1.70241,256.239,150.515,0.0,0.0,0.3872,0.227442,0.0,1,0.0010490684,0.6508117481,0.6069414431859044,Train
HEGCEB_clean,5.1693,4.46656,5.1693,1.06371,1875.59,1763.26,0.0,0.0,0.6372,0.599038,0.0,1,0.001402871,1.6114178068,1.7820253509226458,Test
HEGJUZ_clean,6.22529,4.73915,6.22421,1.09032,1314.16,1205.3,0.0,0.0,0.551,0.505357,0.0,1,0.0059439502,3.3139138802,3.4621200882304204,Test
HEGNAJ_clean,6.01939,4.81592,6.01939,1.89872,712.25,375.122,0.0,0.0,0.4102,0.216041,0.0,0,0.0016203275,0.9613655538,1.0287799406227252,Train
HEGNEN_clean,5.92457,4.79042,5.92457,1.92239,717.079,373.015,0.0,0.0,0.4062,0.2113,0.0,0,0.0020142589,1.1656635315,1.13234871693155,Test
HEGNIR_clean,6.01675,4.74609,6.01675,1.93131,685.918,355.156,0.0,0.0,0.4034,0.208873,0.0,0,0.0019562229,0.984071064,1.1061356779367755,Train
HEGNOX_clean,6.0763,4.7602,6.0763,1.95362,711.305,364.096,0.0,0.0,0.416,0.212938,0.0,0,0.002144333,1.0766939801,1.1425334700320864,Test
HEGNUD_clean,5.94961,4.80382,5.94961,1.93345,716.335,370.496,0.0,0.0,0.4134,0.213815,0.0,0,0.0018783310999999,1.0951899813,1.0697549537849345,Train
HEGPAL_clean,5.89979,4.82106,5.89979,1.93984,705.302,363.588,0.0,0.0,0.4094,0.211048,0.0,0,0.0019324433,1.0082357831,1.0795912943619572,Test
HEKTAU_clean,4.87289,4.04271,4.86475,1.11842,1707.65,1526.84,0.0,0.0,0.5666,0.506605,0.0,1,0.0065958933,4.3846441815,4.57856466027871,Test
HELDEJ_SL,5.22361,3.40377,5.22361,1.39671,578.501,414.189,0.0,0.0,0.4356,0.311876,0.0,1,0.0043759666,1.4800973633,1.5916484529372583,Train
HELDOT_clean,9.05788,8.40599,9.04804,0.706681,2105.01,2978.73,0.0,0.0,0.7028,0.994508,0.0,1,0.0031235106,3.9994657592,3.9644073966256026,Train
HEMTEZ_clean,6.9282,3.87493,6.90819,1.74491,1526.38,874.763,0.0,0.0,0.561,0.321507,0.0,1,0.0016692107999999,1.784155571,1.7111721769096375,Train
HETZOW_clean,5.51262,3.86354,5.23725,1.5527,956.041,615.728,190.025,122.384,0.5024,0.323565,0.0,1,0.0028159966999999,2.2022920981,2.1371719312497617,Train
HEWFUL_ion_b,5.58258,4.94247,5.58258,1.66592,467.165,280.425,0.0,0.0,0.3124,0.187524,0.0,1,0.0009319982,0.6020003178,0.6897262988045516,Test
HEXVEM_clean,28.43131,15.91754,28.43131,0.251734,1350.35,5364.2,0.0,0.0,0.895,3.55533,0.0,1,0.0032722373,5.0265992392,4.940503720506873,Train
HEZPIL01_clean,4.55228,3.8726,4.49338,1.6515,1184.67,717.327,0.0,0.0,0.5308,0.321405,0.0,1,0.0034931242,3.1094514651,2.502708757471143,Test
HGCNCO_clean,5.31956,3.48582,5.3054,1.56034,1406.04,901.106,0.0,0.0,0.6028,0.386325,0.0,1,0.0013961635,1.6075512356,1.4636111142537127,Test
HIBGEF_clean,4.68206,3.60956,4.68206,1.41956,703.501,495.576,0.0,0.0,0.4404,0.310237,0.0,0,0.0033890145,2.0151902093,1.9265651037148794,Test
HIBGIJ_clean,4.81263,3.80435,4.77754,1.65937,798.009,480.911,0.0,0.0,0.4498,0.271067,0.0,0,0.001534449,1.302569971,1.2056250872493866,Test
HICVOG_clean,4.78823,4.34338,4.74662,1.25646,1202.69,957.206,0.0,0.0,0.553,0.440126,0.0,1,0.0155903285,4.5873516151,4.552783654720751,Train
HICVUM_clean,5.70734,4.18424,5.69729,1.38731,1533.97,1105.72,0.0,0.0,0.5594,0.403228,0.0,1,0.0064158716,3.436397775,3.5323403590587947,Train
HICZAW_clean,4.79099,4.0094,4.67667,1.66988,586.788,351.395,42.4437,25.4172,0.4496,0.26924,0.0,0,0.0062761378,2.2148852965,2.1239806212496335,Test
HICZEA_clean,4.83695,4.09471,4.83695,1.59649,796.791,499.09,0.0,0.0,0.4516,0.282871,0.0,0,0.0071533975,2.5705751183000003,2.4091352281163223,Train
HIDCUU_clean,4.77714,4.04915,4.77714,1.67198,561.972,336.111,24.6403,14.7372,0.4404,0.2634,0.0,0,0.0064168915,2.0588313903,2.053243482755116,Test
HIFGEK_clean,6.30554,5.14447,6.30011,1.31758,1695.15,1286.57,0.0,0.0,0.5682,0.431246,0.0,1,0.0023014356,2.1138136033,2.302266955709742,Train
HIFGIO_SL,12.5848,12.05657,12.5848,0.73279,1666.47,2274.15,0.0,0.0,0.7016,0.957436,0.0,0,0.0040017951,3.9579820827,4.006358376737966,Train
HIFTOG01_clean,15.08334,7.94194,15.08334,0.584242,2219.37,3798.71,0.0,0.0,0.8024,1.3734,0.0,0,0.0024351278,3.4787626734,3.4820886698482516,Test
HIFTOG02_clean,7.88297,4.15104,7.88297,1.15793,1890.02,1632.24,0.0,0.0,0.6168,0.532675,0.0,0,0.0054607741,3.8589327937,4.215507964149486,Train
HIFTOG_clean,7.95891,4.14066,7.95891,1.16582,1897.92,1627.97,0.0,0.0,0.6126,0.525468,0.0,0,0.0055480328,3.9243058284,4.327913449060061,Test
HIFTUM_clean,6.30533,4.49793,6.29978,1.16773,1014.53,868.802,0.0,0.0,0.5164,0.442225,0.0,1,0.0012455575,1.2326201466,1.279871815296371,Train
HIFVOI_clean,9.00136,6.57223,9.00136,0.85431,2140.93,2506.03,0.0,0.0,0.7094,0.830378,0.0,0,0.0037310959999999,3.3502834051,4.1772563029512755,Test
HIFWAV_clean,6.82644,4.81311,6.7091,1.14185,1358.99,1190.16,0.0,0.0,0.5914,0.517932,0.0,0,0.0040069803999999,2.6076484899000003,3.0512575330515457,Train
HIGRIA_clean,11.33189,6.86002,11.33189,0.649596,2356.83,3628.15,0.0,0.0,0.774,1.19151,0.0,1,0.0031731991,4.0702095961,4.1818483019735595,Test
HIHFOV_clean,4.86314,3.46095,4.86114,1.09882,730.753,665.036,0.0,0.0,0.4806,0.437379,0.0,0,0.0091873154,3.2674909135,3.20775456416014,Train
HIHFUB_clean,7.23376,3.90094,7.22167,1.02876,1762.4,1713.12,0.0,0.0,0.6028,0.585946,0.0,1,0.0040262689,3.8935636224,3.829489655354852,Train
HIHGAI_clean,10.55614,5.67197,10.5437,1.00791,1714.99,1701.54,0.0538795,0.0534569,0.6458,0.640735,0.0,1,0.0039652403,3.3387411492,3.649614794715265,Train
HIHGEM_manual,9.93245,5.52954,9.93245,1.05018,1644.99,1566.39,0.0,0.0,0.6486,0.617608,0.0,1,0.0033933316999999,3.4535031401,3.4136126742661976,Train
HIHGIQ_clean,7.45404,4.653,7.45404,0.903111,1947.01,2155.89,0.0,0.0,0.6178,0.68408,0.0,0,0.0065384825,4.990012642,5.028757662422013,Train
HIHGUC_clean,8.04408,6.54623,8.01999,0.696864,2211.4,3173.36,0.0,0.0,0.7326,1.05128,0.0,0,0.0033916687,4.3047412262,4.375498890448414,Test
HIJSOK_clean,4.65728,3.47175,4.65433,1.22153,961.191,786.878,69.3358,56.7617,0.5406,0.442561,0.0,1,0.0031323297,2.6203817576,2.6379636534504054,Train
HILJUJ_clean,4.42922,3.63352,4.42922,1.96256,310.567,158.245,0.0,0.0,0.4212,0.214617,0.0,1,0.0004712193,0.4707380803,0.44450166264176527,Train
HIMSAY_clean,5.16871,3.64786,5.16485,0.985668,753.397,764.352,500.835,508.117,0.5382,0.546026,0.0,0,0.0148750981,5.1756522713,5.181831646298953,Train
HIQNAY_clean,6.18436,4.94333,5.98081,1.31558,928.05,705.433,194.939,148.177,0.529,0.402105,0.0,1,0.0054074499,2.8859010125,2.8262681245187506,Test
HIQWOV_clean,6.76103,5.10334,6.76103,1.07696,1941.39,1802.66,0.0,0.0,0.6212,0.57681,0.0,0,0.0038836738,3.5532862612,3.5921863836306684,Test
HISGAT_clean,5.66636,4.82954,5.66636,1.37462,738.511,537.249,0.0,0.0,0.318,0.231337,0.0,1,0.0038999153999999,1.9598320996,1.8752025388584586,Train
HISGIB_clean,6.02888,4.81928,6.02888,1.46684,832.757,567.721,0.0,0.0,0.4806,0.327643,0.0,1,0.0031171971,1.8060516432,1.833981639378677,Test
HISJIE_clean,6.27871,5.58535,6.27871,1.41351,623.69,441.235,0.0,0.0,0.4354,0.308027,0.0,1,0.00141085,1.2510291948,1.0792293685965435,Test
HISSIN_clean,6.52902,4.63625,6.52902,1.20846,1900.2,1572.41,0.0,0.0,0.613,0.507257,0.0,1,0.004516038,3.687599544,3.728953631786075,Test
HIWKEE_clean,5.33619,3.90302,5.22967,1.1804,712.798,603.863,412.05,349.077,0.5362,0.454254,0.0,1,0.0018677465,1.760039159,1.7766167221287108,Train
HIWKII_clean,4.49598,3.52102,4.49598,1.26918,746.378,588.079,0.0,0.0,0.5282,0.416174,0.0,1,0.0009560066999999,1.2492847291,1.1913412774549674,Test
HIWLIK_clean,4.58174,3.69427,4.58174,1.68973,1137.53,673.202,0.0,0.0,0.5902,0.349287,0.0,1,0.0051786073,2.8033540813,3.1236140600372657,Test
HIWLOQ_clean,5.62306,3.85048,5.61686,1.5787,1548.3,980.742,0.0,0.0,0.6176,0.391207,0.0,1,0.0044722501,2.8979480905,2.9487946443127075,Train
HIWLUW_clean,5.19394,3.96476,5.19394,1.59085,1442.83,906.957,0.0,0.0,0.6148,0.386461,0.0,0,0.0056458121,3.2659968488,3.1124070827563144,Train
HIYBUN_clean,10.15365,9.81645,10.15365,1.11827,1552.73,1388.51,0.0,0.0,0.6486,0.580004,0.0,0,0.0013381476999999,1.6947448757,1.782037565342859,Train
HIYGIH_clean,17.06952,6.66429,17.06948,0.730619,2158.98,2955.01,0.0,0.0,0.7424,1.01613,0.0,1,0.0043081039,4.739570575899999,4.783342342118157,Test
HIYYEU_clean,4.58192,3.82938,4.58192,1.15929,890.249,767.928,0.0,0.0,0.475,0.409735,0.0,0,0.0010748669,1.1136672703,1.2784236014487045,Test
HIZQEN01_clean,5.09985,3.87591,5.09025,1.50728,1179.77,782.72,0.0,0.0,0.547,0.362907,0.0,1,0.0045599103,2.719341392,2.8091143586334786,Test
HIZQEN_clean,5.11247,3.90242,5.06469,1.50181,1156.11,769.817,0.0,0.0,0.5508,0.366759,0.0,1,0.0042886889,2.7322809144,2.7338660226998694,Test
HIZQUD_clean,6.30539,5.26051,6.30539,1.49546,1378.73,921.943,0.0,0.0,0.5664,0.378747,0.0,1,0.00416989,2.6906683759,2.871509432371932,Train
HOBGAH_clean,4.98965,4.17051,4.98965,1.41285,672.875,476.256,0.0,0.0,0.4416,0.312561,0.0,0,0.0018897879999999,1.2376567852,1.231300570060601,Train
HOBGEL_clean,4.92633,4.45881,4.92633,1.33002,1110.7,835.1,0.0,0.0,0.469,0.352627,0.0,0,0.0075938783999999,3.3154856993,2.970807556107876,Test
HOBGIP_clean,4.56618,4.05009,4.56618,1.4926,751.203,503.284,0.0,0.0,0.4242,0.284201,0.0,0,0.005447813,2.1090785491,2.1780481019490425,Test
HOBGOV_clean,4.53296,4.00605,4.52467,1.46371,719.363,491.465,0.0,0.0,0.4314,0.29473,0.0,0,0.0055849037,2.3206721303,2.2563481711217754,Test
HOCDOU_clean,5.08767,3.82439,5.07588,1.48605,1252.4,842.773,0.0,0.0,0.5402,0.363514,0.0,1,0.0021551241,1.9656574008,1.8916705890112617,Train
HOFJIX_clean,9.75671,8.56589,9.45457,1.06294,1335.32,1256.25,0.0,0.0,0.5826,0.548103,0.0,1,0.0024574489,2.7937215529,2.6308583180815486,Train
HOFSOL_clean,6.47441,4.48765,6.46774,0.782233,2543.82,3252.0,0.0,0.0,0.7104,0.90817,0.0,0,0.0034330761,4.3208459429,4.259431027157491,Train
HOFSUS_clean,4.7504,3.70252,4.74887,1.26142,1014.67,804.388,0.0,0.0,0.555,0.439981,0.0,1,0.004655605,3.1602232766000005,3.0555115804100432,Train
HOGJIX_clean,10.87652,5.94063,10.87549,0.784217,2419.27,3084.95,0.0,0.0,0.7452,0.950247,0.0,1,0.0039171581,4.7330287079,4.7018191432464285,Test
HOGJOD_clean,4.75742,3.71555,4.75742,1.43501,995.445,693.686,0.0,0.0,0.5006,0.348848,0.0,0,0.0046641729,2.582510824,2.602427897936458,Train
HOGJUK_clean,4.62158,3.54405,4.62158,1.37822,778.037,564.523,55.153,40.0175,0.5524,0.400807,0.0,0,0.0013054845,1.3893219987,1.4312404061176844,Train
HOGLEV01_clean,9.50106,5.60478,9.50106,0.851383,2390.76,2808.08,0.0,0.0,0.7012,0.823601,0.0,1,0.0057150497,4.8413046063,4.970886762524315,Train
HOGLEV_clean,14.03402,9.0463,14.02308,0.76193,2112.49,2772.55,0.0,0.0,0.7494,0.983555,0.0,1,0.0043486981,4.6327855362,4.7547209942639395,Test
HOGSIG_clean,5.41082,3.95109,5.41082,1.19816,1084.16,904.86,0.0,0.0,0.5322,0.444182,0.0,1,0.002685512,2.1131782328,2.133790945449592,Test
HOGTOM_clean,7.72626,5.11822,7.71236,1.77252,921.698,519.992,0.0,0.0,0.4714,0.265948,0.0,0,0.001074952,1.0515121783,1.1244470721578237,Train
HOHMEX_manual,18.78417,14.89456,18.78417,0.315898,1578.36,4996.42,0.0,0.0,0.8756,2.77178,0.0,0,0.0032232822999999,4.5617488219,4.647829949680352,Test
HOJLID_clean,8.3495,5.13588,8.1646,0.608298,3093.18,5084.98,0.0,0.0,0.7326,1.20434,0.0,0,0.0058689112,6.586433037000001,6.5130622542569885,Test
HOJLUP_clean,6.04405,4.68216,6.04405,0.897215,1739.4,1938.66,0.0,0.0,0.5916,0.659373,0.0,1,0.0051553484,4.290713993,4.345469460686318,Train
HOKGUJ_clean,9.34177,3.71993,9.34177,1.22332,1337.41,1093.26,0.0,0.0,0.5774,0.471995,0.0,1,0.0025072192,2.7141344429000003,2.3796292929519187,Test
HOKLIE_clean,5.61648,4.05301,5.61199,1.31362,1114.73,848.591,0.0,0.0,0.4902,0.373167,0.0,1,0.0062190502,3.0626711172000003,2.9366105315755173,Test
HOLQIK_clean,12.10808,3.4458,10.16044,0.913109,1657.88,1815.64,0.0,0.0,0.663,0.726091,0.0,1,0.0043081627,4.057944597300001,4.091995055778478,Train
HOMRIL_clean,8.32537,4.10495,8.32349,0.82756,1557.76,1882.35,17.9805,21.7271,0.651,0.78665,0.0,1,0.0025368006,3.0417169244,2.9271041447285033,Train
HOMXIR_manual,23.70226,22.8547,23.70226,0.394433,1769.36,4485.82,0.0,0.0,0.844,2.13978,0.0,0,0.0030135138,4.2352428074,4.300261735126355,Test
HOMZEP_clean,8.52957,6.78202,7.76045,1.30479,1180.46,904.71,435.839,334.03,0.602,0.461377,0.0,1,0.0101699755,5.8178180251,5.745014605652194,Train
HOQMIL01_clean,5.56977,4.83187,5.56337,1.16042,1122.88,967.652,0.0,0.0,0.4848,0.417781,0.0,0,0.0062607988,3.0512655749,3.049203791153772,Test
HOQMIL02_clean,5.63983,4.88733,5.62365,1.14617,1146.47,1000.26,0.0,0.0,0.486,0.424021,0.0,0,0.0060672229,3.1127047334,3.0231087316391845,Test
HOQMIL03_clean,5.60791,4.87769,5.56878,1.15397,1143.32,990.77,0.0,0.0,0.4896,0.424274,0.0,0,0.0062663295999999,3.1192697229000004,3.064652718883908,Test
HOQMIL04_clean,5.70711,4.91694,5.69105,1.1407,1134.98,994.985,0.0,0.0,0.4988,0.437277,0.0,0,0.0060026976,3.0467844457,3.0834976641592116,Train
HOQMIL_clean,5.74994,5.00317,5.74994,1.13423,1163.97,1026.22,0.0,0.0,0.491,0.432891,0.0,0,0.0060690665,3.1885440978,3.090669512516473,Test
HOQMUX_clean,4.86191,4.39042,4.86191,1.23808,888.924,717.986,0.0,0.0,0.4546,0.367182,0.0,0,0.0065078385999999,2.546944955,2.6253686145427566,Test
HOQNEI_clean,5.27742,4.83558,5.27742,1.18109,1071.17,906.928,0.0,0.0,0.4762,0.403186,0.0,0,0.0062147093,2.9211161773,2.904959390523467,Test
HOVGIK_clean,5.93161,4.23353,5.92922,1.12874,1308.17,1158.97,0.0,0.0,0.541,0.479296,0.0,0,0.006681222,3.6652434634,3.6203836885462115,Train
HOVQAM_clean,8.83543,4.89469,8.82746,0.624336,3070.63,4918.23,0.0,0.0,0.7,1.12119,0.0,0,0.0061631892,7.0115926993,6.820072796621037,Test
HOWJEK_clean,3.99229,3.40619,3.99097,1.96697,432.183,219.72,0.0,0.0,0.4482,0.227863,0.0,1,0.00274645,1.9273747321,1.5864614434957882,Test
HOWPEQ_clean,5.50159,4.45937,5.49668,1.2167,2188.23,1798.5,0.0,0.0,0.652,0.535877,0.0,1,0.0021745588,2.3926167092,2.42789919389137,Train
HOWPOZ_clean,7.21513,5.98736,7.21361,1.27988,1504.5,1175.5,0.0,0.0,0.585,0.457073,0.0,1,0.0030316308,3.06829805,2.8650052718003973,Test
HOWPUF_clean,7.93406,5.48339,7.91016,0.971712,2041.64,2101.08,0.0,0.0,0.6486,0.667482,0.0,1,0.003888553,3.9396872982,3.9887617281147274,Train
HOWQAM_clean,6.8261,5.31039,6.2759,1.01498,2208.17,2175.58,0.0,0.0,0.6538,0.644149,0.0,1,0.0045042312,4.4433356908,4.338660616356543,Test
HOWQEQ_clean,5.03956,3.43426,5.01641,1.51423,609.631,402.601,6.8807,4.54403,0.48,0.316993,0.0,1,0.005533013,2.1307032222,2.1932184802166392,Train
HOWSAP_clean,6.71751,4.61596,6.71751,1.15559,1670.87,1445.9,0.0,0.0,0.5844,0.505717,0.0,1,0.003720319,3.1745935938,3.2167086814416823,Train
HOWSET_clean,7.27272,4.03268,6.91947,1.23503,1647.39,1333.89,0.0,0.0,0.572,0.463147,0.0,1,0.006062483,3.8007663387,3.899275332321496,Test
HOWSIX_clean,7.29706,4.00765,6.07294,1.2292,1638.5,1332.99,0.0,0.0,0.575,0.467785,0.0,1,0.0057817619,3.7833479699,3.7737238338085533,Test
HOXGEH_clean,7.22422,5.56347,7.22422,1.76045,532.184,302.3,0.0,0.0,0.428,0.24312,0.0,1,0.0007234683,0.657302181,0.7472796787933347,Test
HOXKIP_clean,5.63987,3.43131,5.63987,1.70238,1080.26,634.558,0.0,0.0,0.5028,0.295352,0.0,1,0.0047442858,2.3917058934,2.4442126077996287,Train
HOXKUB_clean,6.32021,4.20706,6.31633,1.716,1292.29,753.082,0.0,0.0,0.5408,0.315151,0.0,1,0.0054290495999999,2.7701798564,2.7392819058500404,Test
HOXSUK_clean,6.8634,6.5073,6.8549,1.07828,1271.94,1179.6,0.0,0.0,0.553,0.512854,0.0,1,0.0051674451,3.3506282442,3.533459587574681,Train
HOYREU_clean,6.42466,5.8923,6.42466,1.33156,1407.54,1057.05,0.0,0.0,0.5312,0.398929,0.0,1,0.0035488058,3.1821563545,2.9386802507748544,Train
HOYRIY_clean,6.33252,5.73011,6.33252,1.22757,1418.96,1155.91,0.0,0.0,0.5282,0.430281,0.0,1,0.0043201698,3.7905230989,3.2146814565643105,Test
HOYROE_clean,6.155,5.22739,6.12328,1.60811,1166.91,725.638,0.0,0.0,0.4436,0.275852,0.0,1,0.0035752612,2.384120252,2.2213973948370613,Test
HOYTUL_clean,5.4823,3.49814,5.47353,1.38751,591.329,426.179,114.439,82.4776,0.4482,0.323024,0.0,1,0.0015613252,1.3637129077,1.1903339890313294,Test
HOZBUV_clean,7.91812,7.59324,7.91812,1.47122,1126.87,765.945,0.0,0.0,0.5294,0.359837,0.0,1,0.0011534546,1.2964145309,1.4374015592885387,Test
HOZFEJ_clean,8.96888,8.2985,8.96888,1.10337,952.541,863.301,0.0,0.0,0.4856,0.440106,0.0,0,0.001282066,1.5595909981,1.5881644792386895,Test
HOZTOG_clean,8.69843,6.41352,8.68476,1.38534,1756.27,1267.75,0.0,0.0,0.642,0.463424,0.0,0,0.0013095183,1.6891275827,1.614041111450464,Train
HOZXEB_clean,5.47734,4.35167,5.29891,2.01178,1095.39,544.49,0.870043,0.432475,0.5328,0.264841,0.0,1,0.0028044544,1.5072517897,1.8330324846021522,Test
HUCBEN_manual,5.37435,4.22886,5.37435,1.12816,1186.89,1052.06,0.0,0.0,0.5522,0.48947,0.0,0,0.0080937049,4.4461528025,3.7424993933391186,Test
HUCWOT_clean,6.74016,3.64875,6.72751,1.24419,1425.52,1145.74,0.0,0.0,0.5586,0.448968,0.0,0,0.0034065499,2.9621930328,2.9073235465450136,Train
HUCWUZ_clean,6.73347,3.6531,6.72302,1.2549,1424.07,1134.81,0.0,0.0,0.5568,0.443702,0.0,0,0.0034996175,2.977207602,2.9085195130259196,Train
HUCXAG_clean,6.73203,3.67524,6.71149,1.26793,1413.13,1114.52,0.0,0.0,0.5564,0.438826,0.0,0,0.0035866140999999,2.9666157115,2.8826101714590866,Test
HUCXEK_clean,6.73085,3.71981,6.7271,1.26713,1437.51,1134.46,0.0,0.0,0.5568,0.439419,0.0,0,0.0033462499,2.9326664721,2.844879785021439,Test
HUCXIO_clean,6.71014,3.72796,6.70426,1.27761,1431.04,1120.09,0.0,0.0,0.554,0.433623,0.0,0,0.0034398767,2.9303779592000003,2.8555228625487192,Test
HUCXOU_clean,6.73345,3.74488,6.72117,1.28647,1439.37,1118.85,0.0,0.0,0.5556,0.43188,0.0,0,0.0034278905,2.9430802151,2.844889125766467,Train
HUCXUA_clean,6.72319,3.76747,6.7027,1.29306,1441.14,1114.52,0.0,0.0,0.5554,0.429523,0.0,0,0.0035304606,2.9395624428,2.8707728333927265,Test
HUDMAW_clean,5.85435,3.49017,5.85435,1.41425,459.28,324.752,4.50371,3.18452,0.4168,0.294714,0.0,0,0.0026235365,1.3586229493000002,1.3096875291835515,Train
HUDWUA_clean,5.86312,3.92573,5.85006,1.18848,1521.84,1280.49,0.0,0.0,0.5574,0.469003,0.0,1,0.0057080195999999,3.6256544593,3.649856849357313,Test
HUFHEX_clean,11.02675,7.87011,11.02675,0.803859,2205.78,2743.99,0.0,0.0,0.7232,0.89966,0.0,1,0.0018250376,2.6064214982,2.515172259129017,Test
HUFHIB_clean,9.90019,7.46213,9.90004,0.9042,1987.19,2197.73,0.0,0.0,0.6998,0.773944,0.0,1,0.0023077468,2.833544452,2.90814728118933,Train
HUFHOH_clean,11.37997,7.84586,11.37913,0.791329,2050.25,2590.9,0.0,0.0,0.7294,0.921741,0.0,1,0.0017283304,2.5298616668,2.399920413816214,Test
HUFHUN_clean,11.46361,8.17134,11.46361,0.780594,2181.16,2794.23,0.0,0.0,0.7478,0.957988,0.0,1,0.0019564601,2.6007306541,2.75034972482547,Train
HUFJAV_clean,10.82518,7.21362,10.82516,0.846584,2017.74,2383.39,0.0,0.0,0.7126,0.841735,0.0,1,0.001837436,2.4427582758,2.418848975119242,Train
HUFJEZ_clean,8.97021,6.86873,8.96999,1.02124,1801.67,1764.2,0.0,0.0,0.6662,0.652342,0.0,1,0.0021341699,2.7187522319,2.6995988881085244,Train
HUFKUQ_clean,12.94916,9.87431,12.94916,0.591794,2246.92,3796.8,0.0,0.0,0.7696,1.30045,0.0,1,0.002995824,3.898325841,3.977373851156485,Train
HUFLUR_clean,4.58854,4.14721,4.58854,1.14854,1287.04,1120.59,0.0,0.0,0.5678,0.494365,0.0,1,0.0018513144,2.0486582109,2.0405864086030117,Test
HUFMUS_clean,4.79853,3.61328,4.79853,1.52895,747.86,489.132,0.0,0.0,0.4994,0.326629,0.0,1,0.0013692684,1.2198378316,1.2196469524915963,Test
HUFYIS_clean,4.3139,3.55368,4.30056,2.21162,511.056,231.077,0.0,0.0,0.5152,0.232951,0.0,1,0.0016833933,1.2764281611,1.2949548191603726,Test
HUHBET_clean,5.15548,4.03539,5.14476,1.3667,952.931,697.251,1.82887,1.33817,0.456,0.333651,0.0,1,0.0008146423,0.9765306395,0.9365329184043509,Train
HUHNIJ_clean,6.23729,5.3405,6.23046,1.03071,1170.03,1135.17,0.0,0.0,0.5464,0.530122,0.0,1,0.0021735542,2.1228181355,2.1238678448132373,Test
HUJGEA_clean,12.53944,4.7914,12.4029,0.822662,2143.27,2605.28,0.0,0.0,0.7056,0.857703,0.0,1,0.0058507605,5.1788323895,4.742228125820176,Test
HUJVOX_clean,5.27825,3.53087,5.19969,0.862596,1941.73,2251.03,0.0,0.0,0.6554,0.7598,0.0,1,0.0044121685999999,4.2879663305,4.227783926980315,Test
HULCOI_clean,19.48655,7.36184,19.24065,0.593799,2227.14,3750.66,0.0,0.0,0.7806,1.31459,0.0,1,0.0035689022999999,4.421915327,4.56470157511936,Test
HULRIR_clean,9.43814,4.59805,9.43814,1.24517,1642.64,1319.2,2.40063,1.92795,0.6318,0.5074,0.0,1,0.0030833684,3.3222639063,3.176298903922784,Train
HULTEN_clean,5.18269,3.6406,5.1729,1.69201,1269.56,750.33,0.0,0.0,0.571,0.337469,0.0,0,0.0160629776,3.8761017552,4.015780671927722,Test
HULTEP_clean,7.49376,5.16023,7.49376,0.72122,2310.7,3203.88,0.0,0.0,0.6912,0.958376,0.0,0,0.0050332008,5.6170933953,5.511353741245342,Test
HUMWIX_clean,14.98566,9.18322,14.98566,0.727734,1500.13,2061.37,168.676,231.782,0.6626,0.910497,0.0,1,0.00395614,3.7446940747,3.630696040063161,Test
HUPQIU_clean,11.12952,5.24741,11.12952,1.02735,1615.52,1572.51,0.0,0.0,0.5816,0.566115,0.0,1,0.0022164819,2.3866789659,2.4066893770565136,Train
HUQGOR_clean,10.27351,7.23414,10.27351,0.702938,1802.86,2564.75,0.0,0.0,0.6908,0.982733,0.0,1,0.0037235440999999,4.3138728809,4.1457645641034695,Test
HUQGUX_clean,10.2361,7.27261,10.14502,0.69251,1823.51,2633.19,0.0,0.0,0.6952,1.00388,0.0,1,0.0036040527,4.0669259326,4.136708874887297,Train
HUQHAE_clean,10.11008,7.63969,10.07674,0.70182,1853.59,2641.12,0.0,0.0,0.6866,0.978314,0.0,1,0.003964282,4.2904838144,4.412670577117449,Test
HUQHEI_clean,10.39855,7.33583,10.39855,0.70723,1815.66,2567.28,0.0,0.0,0.6916,0.9779,0.0,1,0.0037524074,4.2119847284,4.1629448674038,Train
HUQHIM_clean,10.2269,8.71112,10.19864,0.711062,1763.31,2479.82,0.0,0.0,0.6842,0.962223,0.0,1,0.0036976933,4.3558826622,4.0888958152004165,Test
HUQHOS_clean,9.73841,7.14116,9.73841,0.752041,1815.26,2413.78,0.0,0.0,0.677,0.900216,0.0,1,0.003902149,4.1925872417,4.200394891883478,Train
HUQHUY_clean,12.11698,9.08074,12.11414,0.619951,1818.86,2933.88,0.0,0.0,0.7208,1.16267,0.0,1,0.0036037134,4.2731739295,4.252416521493735,Test
HURFEH_clean,7.40163,5.27423,7.39913,1.02718,1852.44,1803.42,0.0,0.0,0.6308,0.61411,0.0,1,0.0071421453,4.0096941611000005,5.211719673399683,Test
HURGEH_clean,7.76009,5.17265,7.74555,1.0195,2020.5,1981.85,0.0,0.0,0.6252,0.613242,0.0,1,0.0029775879999999,3.3177025676,3.335745294969998,Train
HURGUX01_clean,4.95927,3.84058,4.95343,1.32588,650.018,490.253,0.0,0.0,0.4448,0.335474,0.0,1,0.0061789877,2.2279124901,2.1423316150164737,Train
HURGUX_clean,4.97475,3.84254,4.97057,1.32525,657.853,496.398,0.0,0.0,0.4546,0.343029,0.0,1,0.0060720055,2.2272965781,2.114121482537694,Test
HUVHOX_clean,5.48842,3.66587,5.4468,1.48531,1066.45,718.001,0.0,0.0,0.5288,0.356021,0.0,1,0.0090492044,3.7271023675,3.449259523429919,Train
HUWDEJ_clean,4.9355,3.41269,4.9355,1.26902,576.242,454.085,0.0,0.0,0.4542,0.357915,0.0,0,0.0050226390999999,1.7545927548,1.8622528180311875,Train
HUWHOY_clean,6.08119,4.05672,5.74775,0.950744,2154.5,2266.13,0.0,0.0,0.64,0.673157,0.0,1,0.0067433664,5.1636379252,5.298402942134972,Train
HUWLUI_clean,8.75473,4.69687,8.74085,1.19037,1892.69,1590.0,0.0,0.0,0.6324,0.531265,0.0,0,0.0027184585999999,3.0485407774,2.840784036394043,Train
HUWPIA_clean,6.29862,4.63989,6.29862,1.01225,1229.62,1214.75,0.0,0.0,0.5338,0.527343,0.0,0,0.0079523518,3.9152573654,3.9699539407655715,Train
HUWSUN_clean,6.32885,4.07784,6.32149,0.837909,1976.96,2359.4,0.0,0.0,0.6126,0.731105,0.0,0,0.0062824110999999,5.804989921000001,5.058128549702536,Test
HUXWAY_clean,8.32795,7.15006,8.32795,1.52785,1060.51,694.117,0.0,0.0,0.5724,0.374644,0.0,1,0.0006053412,0.8062232073000001,0.7555237679550149,Train
HUYJOA_clean,6.60468,3.67142,6.60468,0.952542,1431.54,1502.86,0.0,0.0,0.5926,0.622125,0.0,1,0.0045581978,3.781173523,3.821918256209268,Train
HUYJUG_clean,9.25957,5.86045,9.25957,0.936428,1023.97,1093.48,181.933,194.284,0.5896,0.629627,0.0,1,0.0030105763,2.7276188148,2.5474465466653626,Test
HUYKAN_clean,9.77773,6.64666,9.77773,0.912205,1093.16,1198.37,132.875,145.663,0.5876,0.644153,0.0,1,0.0032662169,2.6193414131,2.635593442654748,Train
HUYKER_clean,10.78123,7.93542,10.78123,0.823199,1422.11,1727.54,11.597,14.0878,0.6292,0.764335,0.0,0,0.0019065651,2.1967724726,2.1373578932827573,Test
HUYKIV_clean,13.89985,13.68041,13.89985,0.580343,1228.9,2117.55,17.6299,30.3783,0.7586,1.30716,0.0,1,0.0024524583,2.4807703091,2.6009932039244137,Train
HUYKOB_clean,12.11737,9.13356,12.10852,0.81232,1278.02,1573.3,19.6901,24.2393,0.6314,0.77728,0.0,0,0.0031736229,2.4420942926,2.9728035377722173,Test
HUYKUH_clean,11.74767,8.70516,11.74078,0.798853,1389.42,1739.27,15.3936,19.2696,0.6548,0.819675,0.0,0,0.0024096826,2.110669857,2.288801629400563,Train
HUZFEO_clean,5.36799,3.75589,5.36799,1.02114,1113.68,1090.63,0.0,0.0,0.58,0.567992,0.0,0,0.0096749047,4.324821189700001,4.373811867899897,Train
HUZSOL_clean,9.96894,8.00393,9.95333,0.905605,1288.39,1422.68,0.0,0.0,0.602,0.664749,0.0,1,0.0038890844,3.0433739507,3.0297740776606674,Train
HUZSUR_clean,9.15011,7.4108,9.12328,0.889985,1539.75,1730.09,0.0,0.0,0.5804,0.652146,0.0,1,0.0038821802,3.1848410072,3.3768886587884883,Train
HUZXAD_clean,11.46912,7.77199,11.4651,0.64457,2049.85,3180.18,0.0,0.0,0.7146,1.10865,0.0,1,0.0035956118,4.2803989805,4.315916851169794,Train
HUZXEH_clean,10.51647,6.32242,10.51647,0.652816,2155.36,3301.64,0.0,0.0,0.7166,1.09771,0.0,0,0.0036378346999999,4.3697366064,4.447770090798358,Test
HUZXIL_clean,10.514,7.06946,10.514,0.669354,2073.02,3097.05,0.0,0.0,0.7026,1.04967,0.0,1,0.0040320493,4.4576428019,4.616898492197962,Train
HUZXOR_clean,11.426,7.94889,11.41586,0.669497,1905.96,2846.85,0.0,0.0,0.7086,1.05841,0.0,1,0.0037420738,4.1183195507,4.309369324372739,Test
HUZXUX_clean,9.29118,6.23555,9.29118,0.722566,1940.52,2685.59,0.0,0.0,0.6812,0.942751,0.0,1,0.0040745134,4.0051568833,4.494838156090519,Test
HUZYAE_clean,9.33073,8.38879,9.32654,0.70416,2028.32,2880.48,0.0,0.0,0.6852,0.973074,0.0,0,0.0053732131,4.7446755429000005,5.018139404275528,Train
IBABOF01_clean,5.88201,4.55805,5.8327,1.10239,1625.66,1474.66,0.0,0.0,0.5558,0.504176,0.0,0,0.0053643412,3.6041424331,3.7655729853063407,Test
IBABOF_clean,5.93645,4.5492,5.93645,1.10165,1649.71,1497.5,0.0,0.0,0.558,0.506515,0.0,0,0.0053403368999999,3.6309843533,3.763750552867949,Train
IBABUL_clean,6.15206,4.47904,5.79334,1.09763,1721.78,1568.64,0.0,0.0,0.559,0.50928,0.0,0,0.0054502515,3.7757798743,3.834943633120057,Test
IBACAS_clean,6.00206,4.65234,5.82846,1.09941,1650.0,1500.81,0.0,0.0,0.5576,0.507182,0.0,0,0.0054515149,3.7425477426,3.7978826634628016,Train
IBARUA_clean,7.1268,5.0269,7.1268,1.98004,834.649,421.532,0.0,0.0,0.4306,0.217471,0.0,0,0.0018731307,1.3001252685,1.320148869659255,Train
IBASAH_clean,7.16916,5.08713,7.16916,1.9547,862.063,441.02,0.0,0.0,0.4422,0.226224,0.0,0,0.001813922,1.2955185739,1.3114177950400634,Test
IBASEL_clean,7.42906,5.13218,7.42906,1.77226,891.565,503.068,0.0,0.0,0.4602,0.259669,0.0,0,0.0018349253,1.4740337962,1.4575112905799532,Test
IBASOV_clean,7.32486,5.10994,7.32486,1.82355,868.952,476.517,0.0,0.0,0.451,0.24732,0.0,0,0.0018194684,1.4265992876,1.3832770761797686,Train
IBASUB_clean,7.25865,5.07987,7.25865,1.86882,874.187,467.775,0.0,0.0,0.4444,0.237797,0.0,0,0.001924827,1.3946844137,1.4236001391904485,Test
IBATEM_clean,7.23101,5.08834,7.23101,1.90327,884.824,464.897,0.0,0.0,0.4492,0.236015,0.0,0,0.0018408638,1.3528681903,1.3681642715796465,Train
IBEYOE_clean,6.06432,4.11134,6.06432,2.34842,1354.27,576.674,0.0,0.0,0.5366,0.228494,0.0,1,0.0010207562,1.2029677334,1.0626103737291988,Train
IBICAZ_clean,9.97802,9.8426,9.97802,1.0723,1065.95,994.074,0.0,0.0,0.5548,0.517392,0.0,0,0.0012509016,1.6646908924,1.592251070459882,Test
IBICED_clean,10.07018,9.94208,10.07018,1.22593,1035.72,844.843,0.0,0.0,0.5562,0.453697,0.0,0,0.0010774317,1.4696502561000002,1.3961174167309858,Train
IBICIH_clean,9.99905,9.84285,9.99905,1.06849,1087.54,1017.83,0.0,0.0,0.5632,0.527098,0.0,0,0.0011968086,1.6676051551,1.5730292591496575,Train
IBICON_clean,10.09823,9.93982,10.09823,1.22363,1026.52,838.914,0.0,0.0,0.5488,0.448503,0.0,0,0.001244857,1.4860067322,1.5198526036634141,Train
IBIRES_clean,6.08051,3.77232,6.05891,1.56855,1166.99,743.994,0.0,0.0,0.5416,0.345287,0.0,1,0.0025810912,1.8222155328,2.0362993711335493,Test
IBITUK_clean,5.114,4.10664,5.114,1.17728,905.001,768.724,0.0,0.0,0.527,0.447643,0.0,1,0.0023413326,1.9979159608,1.880171912475659,Test
IBIYOI_ion_b,5.57969,4.82285,5.52558,1.97565,709.524,359.134,0.0,0.0,0.437,0.221193,0.0,1,0.0021819156,1.1000570827,1.1723300074846126,Train
IBOTEY_clean,8.07557,7.19713,7.70521,0.981503,1333.18,1358.3,51.1851,52.1497,0.584,0.595006,0.0,0,0.0031508027,3.2727850581,2.97773512224699,Test
IBOTIC_clean,6.31717,4.2524,6.31717,0.893807,2347.07,2625.93,0.0,0.0,0.6358,0.711339,0.0,0,0.0051481414,5.0093674479,5.054493654826631,Train
IBOTOI_clean,9.5634,6.50142,9.5634,0.680526,2284.07,3356.33,0.0,0.0,0.7158,1.05183,0.0,0,0.0026940122999999,3.5334295771,3.557210232337101,Train
IBOZIK_clean,6.1387,4.49344,6.1387,0.940059,2165.41,2303.48,0.0,0.0,0.6574,0.699317,0.0,1,0.0035972296,3.6050655909,3.801858003407804,Train
IBUBAL_clean,8.56175,6.50064,8.56175,1.3766,1598.36,1161.09,0.0,0.0,0.5934,0.431061,0.0,1,0.0019615575,2.0804153403,2.188465484383883,Train
IBUBIT_clean,11.26336,10.79912,11.26336,0.878987,1904.31,2166.48,0.0,0.0,0.7036,0.800467,0.0,1,0.0021126871,2.5509351064,2.611228133658633,Train
IBUDOZ_clean,5.08668,4.25333,5.08214,1.48919,879.713,590.733,0.0,0.0,0.5098,0.342334,0.0,1,0.0046699092999999,1.9972765007,2.309275211883267,Test
IBUYAH_clean,4.28353,4.03476,4.28353,1.49492,252.024,168.587,0.0,0.0,0.3994,0.267172,0.0,1,0.001076489,0.6695609696,0.6559798103071222,Test
ic025743v_s1_clean,5.43084,3.59671,5.41371,0.985749,2031.66,2061.03,0.0,0.0,0.67,0.679686,0.0,1,0.0012570934,1.5717666302000002,1.6685739315488817,Train
ic034943jsi20030807_040506_clean,5.2265,4.77382,5.2265,1.35803,835.979,615.584,0.0,0.0,0.4602,0.338874,0.0,1,0.0042918668,2.0108708052,2.0227000408743865,Test
ic050064gsi20050115_040515_clean,7.09944,5.34059,6.92965,0.893388,2231.12,2497.37,0.0,0.0,0.6764,0.757118,0.0,1,0.0045044113,4.4382568695,4.477967452230671,Train
ic051810ksi20060220_094504_clean,6.9462,5.87305,6.9462,1.26346,2180.21,1725.6,0.0,0.0,0.6444,0.51003,0.0,1,0.003587001,3.5422516287,3.512637434192019,Test
ic0520162si20051122_054836_clean,6.8306,5.22442,6.80585,1.96079,794.081,404.98,10.1093,5.15573,0.4932,0.251531,0.0,1,0.001237719,1.034098494,1.0486300756384366,Train
ic060030osi20060309_091447_clean,7.66338,4.13517,7.08387,1.45852,1622.05,1112.12,0.0,0.0,0.6038,0.41398,0.0,1,0.0025312041,2.5279065325,2.4211132321508453,Test
ic060608urom20060410_101638_clean,4.58785,3.57723,4.32835,1.52818,688.664,450.644,0.0,0.0,0.5224,0.341845,0.0,0,0.0080914988,2.9577901155,3.205449560054231,Test
ic060771psi20060614_113937_clean,5.26056,3.44551,5.26056,1.3794,1193.29,865.074,0.0,0.0,0.5622,0.407567,0.0,1,0.0041040291999999,2.8136381218,2.781995997241519,Train
ic070274o-file006_clean,9.5696,5.43482,9.51118,0.6688,2216.08,3313.52,0.0,0.0,0.6986,1.04456,0.0,0,0.0037229681,4.6877382545,4.495284508924163,Train
ic100188w_si_002_clean,7.49679,5.33186,7.49523,1.88994,791.307,418.693,0.0,0.0,0.3762,0.199054,0.0,0,0.0032753937,1.529983062,1.7787924288369585,Test
ic101789u_si_002_clean,5.93071,5.35547,5.91488,0.866561,2600.04,3000.42,0.0,0.0,0.6794,0.784019,0.0,0,0.007101474,6.1395344554,6.375055504097588,Test
ic101935f_si_002_auto,13.52781,8.78691,13.51433,0.408029,2079.05,5095.35,0.0,0.0,0.8498,2.08269,0.0,0,0.0028877959999999,4.1263792817,4.265977630087347,Test
ic102347b_si_001_clean,7.286,6.24859,7.286,0.867522,2138.17,2464.68,0.0,0.0,0.647,0.745803,0.0,1,0.0041057576,4.606187606600001,4.419223306453567,Train
ic2017598_si_001_clean_h,14.86745,7.89388,14.86745,0.609156,2262.99,3714.96,0.0,0.0,0.7982,1.31034,0.0,0,0.0025365914,3.4648824451,3.5333630334202395,Test
ic202626c_si_002_clean,4.17676,3.4851,4.17082,1.22883,636.577,518.037,0.0,0.0,0.5146,0.418774,0.0,0,0.0040072131,3.0805906594,2.6604299731865177,Test
ic202769e_si_002_clean,5.53082,4.05182,5.47464,1.47192,707.209,480.467,0.0,0.0,0.4518,0.306946,0.0,0,0.0034167761,1.4597569441999998,1.6017808269282057,Train
ic300665a_si_002_clean,6.76851,6.40962,6.75925,1.06856,1310.99,1226.88,0.0,0.0,0.5662,0.529874,0.0,1,0.0037978047,2.876667685,2.9996700710566895,Train
ic3019502_si_002_clean,8.03478,4.99407,8.03478,0.817121,2079.34,2544.72,0.0,0.0,0.6862,0.839778,0.0,1,0.005043813,5.3433477724000005,4.879842406210522,Test
ic400607w_si_001_clean,8.03748,6.22623,7.97705,1.08776,1912.85,1758.52,0.0,0.0,0.6308,0.579905,0.0,0,0.0031244054,3.3272489372000003,3.340603231621768,Train
ic400777c_si_002_clean,6.92734,4.01933,6.90734,1.34581,1520.73,1129.98,0.0,0.0,0.5638,0.418931,0.0,1,0.0084395794,4.0568704908,4.062937018060705,Test
ic401157n_si_002_clean,8.07184,5.576,8.06069,0.920261,2034.27,2210.53,0.0,0.0,0.6426,0.69828,0.0,0,0.0037830444,3.9744180027,3.9672804421933514,Test
ic401157n_si_003_clean,8.36266,5.62116,8.35172,0.801466,2331.72,2909.32,0.0,0.0,0.6656,0.830478,0.0,1,0.0062965306,5.815071989400001,5.712854003150765,Test
ic402058f_si_002_clean,5.68988,4.36716,5.68491,1.37492,565.476,411.28,350.976,255.27,0.5054,0.367586,0.0,1,0.0064351204,2.5615214003,2.5218746524184863,Train
ic402058f_si_003_clean,5.34889,4.37091,5.2699,1.32744,1070.91,806.748,0.0,0.0,0.5284,0.398059,0.0,1,0.0080726572,3.3913308142000003,3.2335946659250934,Train
ic402058f_si_004_clean,5.82311,4.37702,5.76138,1.28628,1179.38,916.891,0.0,0.0,0.5444,0.423237,0.0,1,0.0066875406999999,3.2655328375,3.3156650213038295,Train
ic402058f_si_005_clean,5.71457,4.11763,5.69455,1.40487,535.949,381.495,295.743,210.514,0.4902,0.34893,0.0,1,0.0065265828,2.4018639545,2.4257384907488495,Train
ic402692p_si_002_clean,7.57252,6.20483,7.53216,1.12902,2001.22,1772.53,0.0,0.0,0.6518,0.577314,0.0,0,0.0055141773,4.5208472104,4.666862221814727,Train
ic402692p_si_003_clean,5.22305,3.60975,4.94835,1.24721,1324.38,1061.87,0.0,0.0,0.5356,0.429439,0.0,1,0.0080809566,4.2604169032,3.8123488876137817,Test
ic402692p_si_004_clean,14.06271,4.49755,14.06271,0.931261,2158.03,2317.32,0.0,0.0,0.6974,0.748877,0.0,1,0.0039399938,4.1256341891,4.156806033698615,Train
ic402692p_si_005_clean,8.36657,7.12488,8.36657,1.09017,2068.01,1896.96,0.0,0.0,0.651,0.597155,0.0,1,0.0042534019,4.2417690471,4.147848522676523,Test
ic403134c_si_002_clean,5.082,3.77684,5.05347,1.04512,1065.89,1019.88,0.0,0.0,0.4842,0.463297,0.0,0,0.0122502004,3.8716929573,3.990959424242554,Test
ic500323r_si_001_clean,5.40217,4.39968,5.38357,1.7244,1051.83,609.969,0.0,0.0,0.4942,0.286592,0.0,1,0.001568611,1.3360835591,1.3641767808605474,Train
ic500323r_si_002_clean,5.13222,4.08543,5.13222,1.68431,1029.92,611.476,0.0,0.0,0.4906,0.291276,0.0,1,0.0018369659,1.5198777569,1.4719374965907408,Train
ic5008457_si_002_clean,5.97545,4.80817,5.79843,0.950435,2209.73,2324.97,0.0,0.0,0.6536,0.687685,0.0,1,0.0039887044,3.8145301831,4.0504382432350665,Test
ic5011133_si_002_clean,5.81331,3.76182,5.80948,1.18896,1513.31,1272.8,0.0419839,0.0353114,0.5602,0.471167,0.0,1,0.0046596323,4.0255944301,3.6215993429883544,Train
ic5011133_si_003_clean,6.22091,5.02145,6.15779,1.0165,1852.81,1822.74,0.0,0.0,0.6262,0.616036,0.0,0,0.004560023,4.126562427300001,4.122574875685676,Test
ic5011133_si_004_clean,5.76939,3.85425,5.57935,1.03783,2096.3,2019.88,0.0,0.0,0.6036,0.581597,0.0,1,0.0034422859,3.7412735624,3.634116909673248,Train
ic501477u_si_002_clean,8.32761,5.8376,8.32761,0.662866,2535.19,3824.58,0.0,0.0,0.725,1.09373,0.0,0,0.0035446833,4.2466793009,4.547397283897148,Test
ic501801f_si_002_clean,7.62911,3.95603,7.62911,0.921866,1772.69,1922.93,0.0,0.0,0.5984,0.649118,0.0,1,0.0027234213,2.9915466341,3.0379816850117174,Test
ic501801f_si_003_clean,7.15079,6.5153,7.14534,0.88298,1302.1,1474.67,43.0565,48.7627,0.5668,0.641917,0.0,1,0.0021320754,2.531007129,2.2802151152615777,Test
ic501849g_si_002_clean,6.90703,4.72819,6.90703,1.13022,1690.08,1495.36,0.0,0.0,0.5888,0.520963,0.0,1,0.0034065990999999,3.1460376902,3.1963836394147136,Test
ic5021302_si_002_clean,7.40462,5.14931,5.97305,1.03321,929.837,899.95,920.441,890.857,0.6068,0.587296,0.0,0,0.0047975045,3.9891824052,3.682691900459403,Test
ic502254c_si_002_clean,12.68207,7.60887,12.68207,0.711281,1866.25,2623.79,0.0,0.0,0.7144,1.00439,0.0,1,0.002523686,3.4209265875,3.1332340451372507,Test
ic502643m_si_003_clean,9.70753,8.64872,9.70205,0.819549,2343.2,2859.13,0.0,0.0,0.7048,0.859985,0.0,1,0.0040446607,4.6004000258,4.487101323328085,Test
ic502643m_si_006_clean,9.0043,8.36575,9.0043,0.810849,2358.37,2908.52,0.0,0.0,0.7174,0.884751,0.0,1,0.0041173315,4.6577952886,4.732253683959285,Test
ic502643m_si_007_clean,13.1918,11.62964,13.1918,0.690929,2270.17,3285.68,0.0,0.0,0.7542,1.09157,0.0,1,0.0036431712,4.3950682758,4.306380785221721,Test
ic502643m_si_008_clean,9.64298,8.71131,9.6207,0.809539,2189.42,2704.52,0.0,0.0,0.7184,0.887419,0.0,1,0.0049444102,4.6179771591000005,4.6992507641088075,Train
ic502643m_si_009_clean,12.65736,11.14997,12.63796,0.678305,2348.61,3462.47,0.0,0.0,0.757,1.11602,0.0,1,0.0037561169,4.5301019458,4.394042377213278,Test
ic502643m_si_010_clean,12.46942,12.09962,12.4634,0.660845,2360.76,3572.33,0.0,0.0,0.7614,1.15216,0.0,1,0.0035548252,4.4491137282,4.398167600014188,Train
ic502725y_si_004_clean,9.62394,4.35849,9.62394,1.57097,2049.09,1304.34,0.0,0.0,0.6364,0.405099,0.000509239,0,0.0019040342999999,2.1224604143,2.1338016761651244,Test
ic502730y_si_002_clean,6.89356,6.68644,6.89356,1.03024,1630.4,1582.54,0.0,0.0,0.626,0.607627,0.0,0,0.0035595412,3.6151876551,3.7618219605242236,Test
ic502921j_si_002_clean,10.79969,7.20507,10.77322,1.03513,1844.88,1782.26,0.0,0.0,0.6792,0.656147,0.0,1,0.0029411297999999,3.1828212791,3.2740407706187438,Train
ic502921j_si_003_clean,7.7085,4.09601,7.43001,1.34893,1247.81,925.035,50.2931,37.2837,0.56,0.415144,0.0,1,0.0028200753,2.4936567553,2.4504468692268357,Train
ic5029383_si_002_clean,13.89608,6.70448,13.87452,0.615292,2325.45,3779.43,0.0,0.0,0.7826,1.27192,0.0,1,0.0036875823999999,4.5947307167,4.687517524475137,Test
ic5b00096_auto,12.59507,5.60823,12.59507,0.755193,2269.89,3005.71,0.0,0.0,0.7192,0.952339,0.000264833,0,0.0017145492,2.3631432192,2.451015823367237,Train
ic5b00130_si_002_clean,5.93683,5.18128,5.93683,1.3408,561.854,419.044,0.0,0.0,0.4314,0.321748,0.0,0,0.0027867419,1.2814336870999998,1.3177719475012595,Train
ic5b00194_si_002_clean,8.53834,6.535,8.52358,0.823713,2522.95,3062.9,0.0,0.0,0.705,0.85588,0.0,1,0.0061045619999999,5.8147711253,5.713947473594327,Train
ic5b00535_si_002_clean,17.88281,5.61829,17.88281,0.59819,1804.02,3015.8,0.0,0.0,0.749,1.25211,0.000668684,0,0.003515148,4.1208717899,4.1517653847422595,Test
ic5b01023_si_002_clean,12.81278,3.94057,12.81278,0.929822,1555.72,1673.14,0.0,0.0,0.6134,0.659696,0.0,1,0.0069536301,4.5489374138,4.708300333704622,Test
ic700893w-file001_clean,4.64861,4.20723,4.64861,1.96566,477.402,242.871,0.0,0.0,0.3902,0.198508,0.0,1,0.001478867,0.9183306813,0.8762174469400552,Train
ic7014034-file001_clean,6.72718,4.71693,5.67099,0.945137,1965.67,2079.78,0.0,0.0,0.6212,0.657259,0.0,1,0.0055210146,4.552344842,4.595746464908803,Test
ic7025158-file001_clean,6.29254,4.20047,6.29254,1.82522,2184.33,1196.75,0.0,0.0,0.6642,0.363901,0.0,1,0.0013954136999999,1.4917125067,1.599437111973816,Test
ic800131r-file003_clean,12.9498,9.58722,12.94902,0.417413,1982.69,4749.95,0.0,0.0,0.8202,1.96496,0.0,1,0.0030024983,4.3137189264,4.250596470775604,Train
ic8004536-file004_clean,6.6968,4.95321,6.255,1.67243,1875.63,1121.5,0.0,0.0,0.609,0.364141,0.000119587,1,0.0008641905,1.1665080052,1.1411903417869322,Train
ic9002115_si_001_clean,5.30738,5.07102,5.30738,1.24196,982.107,790.77,0.0,0.0,0.4718,0.379883,0.0,0,0.0059950886,2.8085166738,2.4544366538832807,Test
ICAGOK_clean,8.74413,5.00268,8.74413,0.838204,1937.33,2311.28,0.0,0.0,0.645,0.769503,0.0,1,0.0035108415,4.0510834707,3.785141882649845,Test
ICAQIO_clean,20.39112,7.95732,20.39112,0.40349,1914.78,4745.53,0.0,0.0,0.8268,2.04912,0.0,0,0.0034300024,4.90735837,4.820452702217959,Train
ICAQOU_clean,20.29966,7.90669,20.29476,0.413296,1915.83,4635.5,0.0,0.0,0.824,1.99373,0.0,0,0.0033873401,4.8070588398,4.787086624693629,Test
ICAROV_clean,20.33339,7.92146,20.31568,0.406521,1928.4,4743.67,0.0,0.0,0.8236,2.02597,0.0,0,0.0033148481,4.884067642,4.655846607867477,Test
ICAWUF_clean,8.09105,7.71087,8.06629,1.03438,1360.39,1315.18,0.0,0.0,0.5716,0.552602,0.0,1,0.0025095170999999,2.5828868215000003,2.681377444165406,Test
ICEGED_clean,7.44329,6.41787,7.44329,0.943252,2339.38,2480.12,0.0,0.0,0.7078,0.750383,0.0,1,0.0030542528,3.4541222407,3.594593440774019,Test
ICISAP_clean,8.79152,6.71431,8.77922,0.851648,2192.52,2574.44,0.0,0.0,0.6926,0.813247,0.0,1,0.0044275514,4.3854410397,4.4067847301555,Train
ICIVAS_clean,5.79063,4.60472,5.70801,1.33492,507.517,380.187,462.251,346.277,0.4564,0.341894,0.0,1,0.0032905104999999,2.3634667584,1.9420780337646821,Test
ICODIP01_clean,12.6239,9.97272,12.61095,0.806244,1575.25,1953.81,0.0,0.0,0.686,0.850859,0.0,0,0.0028587761,3.4388086084,3.3249326111916893,Test
ICODIP_clean,12.5506,9.93166,12.1307,0.813948,1593.28,1957.47,0.0,0.0,0.685,0.841577,0.0,0,0.0029291459999999,3.5361235468,3.2748913703647933,Test
ICORAV_ion_b,4.97918,4.38997,4.82512,1.76091,1048.99,595.709,0.0,0.0,0.479,0.272019,0.0,1,0.0011005456,1.0356786341,1.118581072767702,Test
ICOWON_clean,5.79599,4.2449,5.79493,1.26187,1474.68,1168.65,0.0,0.0,0.5752,0.45583,0.0,1,0.0026440588,2.3498134207,2.3857641847259363,Test
IDEYOF_clean,10.03153,6.17304,10.03153,0.42881,2478.11,5779.04,0.0,0.0,0.8074,1.88288,0.0,1,0.0031202675,4.6688129106,4.491903655710897,Test
IDIWIB_clean,6.62997,6.29787,6.59524,1.04722,1606.71,1534.25,0.0,0.0,0.612,0.584403,0.0,0,0.0039708964,3.6420423259,3.69809845287077,Test
IDIWUN_clean,10.73827,9.8398,10.73827,0.874765,1685.19,1926.45,0.0,0.0,0.684,0.781924,0.0,0,0.0030268064,3.5409369710000003,3.512985661855789,Test
IDIXAU_clean,9.41711,9.09464,9.41711,0.965845,1677.36,1736.68,0.0,0.0,0.6676,0.691208,0.0,0,0.0033958328,3.9338199928,3.8647306765133598,Train
IDORAW_clean,10.66058,7.94571,10.64148,0.758358,1989.66,2623.65,0.0,0.0,0.7566,0.997682,0.0,1,0.0023743275,2.814557905,3.0701458092061,Test
IDUDIW_clean,4.41225,3.49442,4.39662,1.09369,1435.22,1312.27,0.0,0.0,0.577,0.527571,0.0,0,0.0060858489,4.5492228127,4.465822004524995,Train
IDUTUW_clean,4.95983,4.34552,4.92681,3.2621,618.922,189.731,0.0,0.0,0.4194,0.128567,0.0,1,0.0005246035,0.4267904413,0.41603434617108537,Train
IFAGON_clean,7.26408,5.9349,7.24141,0.928559,1699.23,1829.96,0.0,0.0,0.6226,0.670501,0.0,1,0.0042454395,4.1765584854,4.136380609565432,Test
IFAHEC_clean,8.64157,7.39543,8.63925,1.95986,1143.21,583.31,50.6979,25.8681,0.5464,0.278795,0.0,1,0.0300183406,4.1218695376,4.274545666180816,Train
IFASOZ_clean,9.64796,7.3234,9.64796,0.745691,1847.95,2478.17,0.0,0.0,0.6678,0.895545,0.0,1,0.0020718225,2.7934166323,2.7963960682394977,Test
IFEHUY_clean,11.31643,10.12794,11.31643,1.037,1594.72,1537.82,0.0,0.0,0.6458,0.622755,0.0,1,0.0021921883,2.7970152893,2.7184486728293025,Train
IFENOY01_SL,7.2447,5.77835,7.2447,1.33475,547.742,410.371,0.0,0.0,0.456,0.341638,0.0,0,0.0006832514999999,0.7226786815,0.8032790265850447,Test
IFENOY02_SL,7.2725,5.76,7.2725,1.32744,548.221,412.992,0.0,0.0,0.4566,0.343971,0.0,0,0.0006656419999999,0.7894112259999999,0.7789262775989987,Train
IFENOY03_SL,7.28997,5.75367,7.27102,1.31871,593.793,450.282,0.0,0.0,0.4674,0.354437,0.0,0,0.0007269233,0.9124711687,0.8667643252131474,Train
IFENOY_clean,7.29661,5.78947,7.29661,1.34939,546.821,405.234,0.0,0.0,0.4514,0.33452,0.0,0,0.0005818204,0.6951513923999999,0.712534352251315,Train
IFEPUG_SL,8.50919,8.20364,8.50919,1.3525,636.298,470.459,0.0,0.0,0.441,0.326062,0.0,0,0.0015721829,1.5624575209,1.5507077881553508,Test
IFEQIV_SL,8.23002,7.90173,8.23002,1.32672,694.39,523.389,0.0,0.0,0.4528,0.341293,0.0,0,0.0010002239,1.2943446838,1.2918494470097994,Train
IFEYIB_clean,5.67304,3.77404,5.54772,1.56953,1870.34,1191.66,0.0,0.0,0.6516,0.415157,0.0,1,0.0016288588,1.7789401677,1.7927230813316635,Test
IFOSIG_clean,4.26001,3.61738,4.26001,1.58988,662.885,416.939,121.875,76.6569,0.5738,0.360907,0.0,0,0.0009864678,1.2617681808,1.280695390351842,Train
IFUNUU_clean,5.50748,4.0974,5.50748,1.36844,1548.79,1131.79,0.0,0.0,0.5726,0.418432,0.0,1,0.006459255,3.3576846381,3.7186621975278347,Test
IGAGAA_clean,6.32999,3.64698,6.28248,1.49391,1433.42,959.509,0.0,0.0,0.5336,0.357182,0.0,1,0.0055212374,3.0605852217,3.2978329349597346,Test
IGAGUU_clean,16.24786,12.96845,16.24786,0.632439,2294.44,3627.92,0.0,0.0,0.7656,1.21055,0.0,1,0.0029088369,3.7125538844,3.84853708828784,Train
IGAHAB_clean,8.07676,5.90613,8.07676,1.09695,1250.92,1140.36,257.39,234.642,0.6018,0.548613,0.0,1,0.0058802481999999,3.0736954529,3.7851388648086104,Test
IGETUL_clean,7.73199,5.01492,7.73199,1.17458,1427.74,1215.53,0.0,0.0,0.5802,0.493962,0.0,1,0.0075099388,4.0537046507,3.9599810666076074,Test
IGEXOH_clean,5.20725,4.43194,5.19154,1.26433,2211.95,1749.5,0.0,0.0,0.6598,0.521856,0.0,0,0.0044637093,3.9321978876,3.924238630814596,Test
IGINIX01_clean,5.76124,3.82869,5.74335,1.27239,1739.17,1366.85,0.0,0.0,0.5698,0.447817,0.0,1,0.0062722685999999,4.043950282,4.060288700292196,Train
IGINIX_clean,5.75448,3.84672,5.66179,1.27352,1748.75,1373.16,0.0,0.0,0.5668,0.445064,0.0,1,0.0061638143999999,4.0036256502,4.019578940143748,Test
IGITOJ_clean,9.86619,7.72074,9.86533,2.03715,1524.44,748.321,0.0,0.0,0.6278,0.308175,0.0,0,0.0004939941,0.6915613508,0.7228450515915954,Train
IGIZAA_clean,4.5862,3.48961,4.56741,3.31108,485.403,146.6,0.0,0.0,0.374,0.112954,0.0,1,0.0001983158,0.2618848256,0.24982039067632877,Train
IGIZEF_clean,4.69926,3.5008,4.58086,1.87274,282.887,151.055,108.889,58.1444,0.4116,0.219785,0.0,1,0.0052532272,1.7397653596,1.7520163043716745,Train
IGOJEV_clean,6.84915,5.33678,6.8307,1.1268,1367.78,1213.86,0.0,0.0,0.5334,0.473376,0.0,0,0.0044135118,3.3974987188,3.316624826954911,Train
IGUCIY_clean,4.91096,3.9591,4.91096,1.65468,587.51,355.059,0.0,0.0,0.4326,0.26144,0.0,0,0.001839503,1.1787706713,1.1504079094121697,Train
IGUVIR01_clean,6.10337,3.92459,6.10337,1.30886,926.034,707.513,0.0,0.0,0.4778,0.365051,0.0,0,0.0060210255,2.5178716553,2.5293212757409016,Train
IGUVIR_clean,5.80337,3.48765,5.78397,1.34417,868.475,646.107,0.0,0.0,0.4594,0.341773,0.0,0,0.0060578764,2.2372419147,2.2902876347689016,Train
IHAJEH_clean,6.78044,6.29448,6.78044,1.39086,1751.0,1258.94,0.0,0.0,0.6318,0.454253,0.0,0,0.0017057336999999,1.9396197105,1.947242340300902,Train
IHAJIL_clean,5.45406,4.34442,5.40178,1.56119,1403.37,898.914,0.0,0.0,0.5862,0.375483,0.0,0,0.0054159142,2.8705009453,3.1086053240549543,Test
IHILUI_clean,4.87031,3.7868,4.87031,2.14625,806.195,375.629,0.0,0.0,0.4228,0.196995,0.0,1,0.0011264582,0.8905506339,0.9432395040024488,Train
IHIMAP01_clean,5.07944,3.8505,5.07201,1.90767,927.816,486.36,0.0,0.0,0.4506,0.236204,0.0,1,0.0012504544,1.0637313966,1.1242720948767548,Train
IHIMAP_clean,4.88033,3.6251,4.88017,1.94507,780.03,401.03,0.0,0.0,0.4326,0.222409,0.0,1,0.0012091226,0.9550958978,1.0580268788202063,Test
IHUTIQ_clean,4.64256,3.74008,4.5445,1.27422,518.012,406.533,0.0,0.0,0.439,0.344525,0.0,0,0.0015269423,1.2788675254,1.2025314885716147,Train
IJASOC_clean,6.30976,5.8805,6.27431,1.0194,1983.73,1945.99,0.0,0.0,0.653,0.640576,0.0,1,0.0038667811999999,3.3520912812,3.8379635071019047,Test
IJEVEA_clean,6.16235,3.65442,6.15987,1.71122,898.254,524.922,0.0,0.0,0.4748,0.277464,0.0,1,0.0045625612,2.13407863,2.105373190634695,Test
IJEVIE_clean,6.39858,3.56516,6.38456,1.47483,1314.49,891.28,0.423263,0.286991,0.5748,0.389739,0.0,1,0.0052824906,3.3504118073,3.30683081850968,Train
IJEXIF01_clean,6.79743,4.32524,6.79743,1.08441,2203.63,2032.1,0.0,0.0,0.6682,0.616187,0.0,1,0.0061756208,5.2821330005,5.1273432582832825,Train
IJEXIF_clean,6.7342,4.37179,6.7342,1.07253,2222.65,2072.34,0.0,0.0,0.6664,0.621333,0.0,1,0.0059041923,5.1964985551,4.930727410341611,Test
IJIGOX_clean,6.16574,5.62335,6.16574,2.01565,1416.67,702.835,0.0,0.0,0.5266,0.261256,0.0,0,0.0095988206,3.191974474,3.2623790705408884,Train
IJUTEM_clean,7.42822,3.46008,7.42822,1.4496,1196.69,825.529,190.636,131.509,0.5614,0.38728,0.0,0,0.042522671,6.1596857776,6.242621398957114,Train
IKAYAU_clean,4.59122,3.56678,4.59122,1.61867,325.484,201.081,0.0,0.0,0.3984,0.246128,0.0,1,0.0008222124,0.6336826296,0.5862038966931205,Train
IKEBUV01_clean,4.90885,3.89845,4.88149,1.28693,1923.5,1494.65,0.0,0.0,0.6236,0.484565,0.0,1,0.0032852508,3.3314408424,3.2556106388379167,Test
IKEBUV_clean,4.87862,3.88747,4.8574,1.29691,1916.47,1477.73,0.0,0.0,0.6176,0.47621,0.0,1,0.0033921905,3.3472474749,3.2736619542069283,Train
IKETAU_clean,5.60593,4.335,5.59414,1.55077,1730.4,1115.83,0.0,0.0,0.5626,0.362788,0.0,1,0.0029554414,2.3746398977000003,2.484793903679764,Train
IKETEY_clean,5.5138,4.26379,5.5027,1.61573,1676.6,1037.67,0.0,0.0,0.5562,0.34424,0.0,1,0.003094749,2.3684955497,2.524809822507755,Test
IKETIB_clean,13.18345,6.57771,10.98623,0.873765,2179.56,2494.44,0.0,0.0,0.722,0.826309,0.0,1,0.0039015257,3.7032720017,3.915761312251007,Test
IKETIC_clean,5.48661,4.24072,5.47557,1.63135,1674.67,1026.56,0.0,0.0,0.5538,0.339473,0.0,1,0.0030688147,2.3475833668,2.4862703237058286,Train
IKETOH_manual,13.20001,6.4144,13.20001,0.879595,2120.61,2410.89,0.0,0.0,0.713,0.810601,0.0,1,0.0045644998,3.7821129851,3.9765976866635815,Train
IKETOI_clean,5.47175,4.23311,5.43757,1.66186,1666.92,1003.04,0.0,0.0,0.5532,0.33288,0.0,1,0.0030518633,2.3119996865,2.386173322269742,Test
IKETUN_clean,13.22557,6.52759,13.22557,0.869317,2182.06,2510.09,0.0,0.0,0.7238,0.832608,0.0,1,0.0037488828999999,3.6834069016,3.78701919441494,Test
IKETUO_clean,5.44662,4.20794,5.39592,1.67888,1662.67,990.343,0.0,0.0,0.552,0.328791,0.0,1,0.0031193207,2.305835881,2.4000531248917127,Train
IKEVAW_clean,5.40684,4.19271,5.39701,1.71304,1637.64,955.985,0.0,0.0,0.5474,0.319548,0.0,1,0.003089399,2.280201627,2.4503795147470493,Test
IKOPEF_clean,7.2534,4.34633,7.2534,1.24385,1606.2,1291.31,0.0,0.0,0.5726,0.460344,0.0,1,0.0042210083,3.2470921786,3.3333125809740025,Train
IKOPIJ_clean,5.93474,4.94123,5.93474,1.12209,2241.63,1997.73,0.0,0.0,0.5918,0.527408,0.0,1,0.0032759011,3.2556452257,3.2734866103144196,Train
IKOSOQ_clean,5.18747,4.15785,5.187,1.04558,711.454,680.438,252.551,241.541,0.5228,0.500009,0.0,1,0.0053396188,3.0557222327,3.19344025733106,Test
IKOTUZ_clean,16.05073,15.64664,16.05073,1.00283,1515.79,1511.5,0.0,0.0,0.658,0.656142,0.0,1,0.0036802401,3.0414012574,3.5043819236060822,Test
IKOVAH_clean,16.06628,15.68836,16.05839,1.01053,1521.53,1505.68,0.0,0.0,0.6416,0.634917,0.0,1,0.0037221049,3.0375875722,3.4748849851402004,Test
IKOVEL_clean,15.9244,15.48384,15.9244,0.975432,1532.92,1571.53,0.0,0.0,0.643,0.659195,0.0,1,0.0038064744,3.0771274474,3.6042328296983133,Test
IKUBUL01_clean,4.97225,4.13588,4.96966,1.70618,1252.65,734.185,0.0,0.0,0.581,0.340527,0.0,0,0.0082522701,3.2617122879,3.289431089872682,Train
IKUBUL_clean,5.00176,4.50394,4.98274,1.67146,1332.86,797.421,0.0,0.0,0.5778,0.345685,0.0,0,0.0075358221,3.2394146096,3.238783022654628,Train
IKUTIT_clean,6.70756,4.84545,6.68635,1.15517,2264.75,1960.54,0.0,0.0,0.6434,0.556977,0.0,1,0.0039998889,3.8285508292,3.920308060040856,Test
IKUTOZ_clean,6.60931,5.74465,6.60446,1.16881,1703.33,1457.32,0.0,0.0,0.5968,0.510603,0.0,1,0.0030651798999999,3.0095913023,3.0561401803679025,Test
ILEHUD_clean,5.02137,3.75623,4.99615,1.79998,1015.1,563.953,0.0,0.0,0.5264,0.292448,0.0,1,0.0072334664,2.5502351289,2.8852489576305986,Test
ILENOC_clean,4.95574,3.57203,4.9334,2.30558,814.836,353.419,0.0,0.0,0.4958,0.215043,0.0,1,0.0159387491999999,2.9798231885,2.8477878035631417,Train
ILIFOY_clean,5.51379,4.36093,5.51127,1.7785,832.969,468.356,0.0,0.0,0.4352,0.244701,0.0,0,0.0041241372,1.6849558129,1.6825072328093946,Test
ILIFUE_clean,5.46839,4.30835,5.46382,1.80799,845.912,467.873,0.0,0.0,0.4296,0.237611,0.0,0,0.0043277034,1.6977167373,1.6926227303454155,Train
ILIGAL_clean,5.39984,4.21783,5.39803,1.8431,801.718,434.983,0.0,0.0,0.424,0.230047,0.0,0,0.0046788751,1.7074864793,1.749252871208639,Test
ILIGEP_clean,5.40466,4.22337,5.40056,1.85928,816.766,439.291,0.0,0.0,0.4238,0.227938,0.0,0,0.0046350443,1.704305093,1.7086098916671502,Train
ILIMOH_clean,7.40414,5.70962,7.40414,1.17288,870.384,742.093,0.0,0.0,0.5052,0.430735,0.0,0,0.0015145473,1.5978952245,1.5620623789814703,Train
ILIMUN_clean,6.19427,4.05594,6.18143,1.18958,950.094,798.68,0.0,0.0,0.473,0.397619,0.0,0,0.003652028,2.3070651945,2.141554655750419,Test
ILINIC_clean,4.81641,3.7003,4.81641,3.15291,1757.15,557.309,0.0,0.0,0.577,0.183005,0.0,1,0.0004991384999999,0.6168733382,0.6072026543461915,Train
ILITUT_manual,12.63372,9.84913,12.63125,0.49196,2089.33,4246.95,0.0,0.0,0.786,1.59769,0.0,1,0.0030629098,4.3404731507,4.230911928022662,Train
ILOJOJ_clean,6.13171,4.84213,6.13171,1.27844,834.445,652.704,0.0,0.0,0.4692,0.367009,0.0,1,0.0032716737,1.9652135463,1.889599013201282,Train
IMACND_clean,4.34425,3.82182,4.33967,1.80066,838.501,465.663,0.0,0.0,0.5398,0.299779,0.0,1,0.0009943267,1.0203988745,1.0620224755272405,Test
IMAGAG_clean,5.63215,4.41962,5.58123,0.709614,2844.3,4008.23,0.0,0.0,0.7052,0.99378,0.0,1,0.0047356366,5.0384431809,5.356947773203128,Test
IMAXUR_clean,9.35814,4.03338,9.35814,0.94009,1810.27,1925.64,0.0,0.0,0.6284,0.668447,0.0,1,0.0043682661,4.259299233,4.211381468247125,Train
IMEDOV_clean,8.12382,4.26401,8.12382,1.06775,893.804,837.087,12.2034,11.4291,0.5044,0.472393,0.0,1,0.0018054673,1.8070486937,1.6374810023943402,Test
IMISIH_clean,5.27982,3.88793,5.27982,1.92173,1036.22,539.212,0.0,0.0,0.5212,0.271214,0.0,1,0.0029991796999999,1.8574093864,1.8891832090702145,Test
IMUTUG_ion_b,8.41076,5.98943,8.40503,1.06348,2136.59,2009.05,13.7433,12.9229,0.6802,0.639596,0.0,1,0.0073777320999999,5.0604182783,5.019892307589181,Train
INAMUG_clean,5.65697,3.6533,5.65697,1.24473,444.163,356.836,0.0,0.0,0.424,0.340637,0.0,1,0.0014152548,0.8371268356,0.8292333766582187,Train
INARUM_clean,4.27147,3.60968,4.26595,1.49233,736.38,493.444,0.0,0.0,0.5148,0.344964,0.0,1,0.0038916494,2.3931944918,2.46964041131628,Train
INIDAL_clean,4.50397,3.74534,4.50292,2.3554,849.004,360.45,0.0,0.0,0.4596,0.195126,0.0,0,0.0593709505999999,4.2529992328,4.146202690896567,Train
INIGET_clean,5.272,3.4615,5.24671,1.60135,599.11,374.128,0.0,0.0,0.458,0.286009,0.0,1,0.002546825,1.3675930044,1.4779573762507674,Test
INIQUR_clean,6.2915,4.5306,6.2915,1.16326,1032.52,887.604,0.0,0.0,0.5158,0.443408,0.0,1,0.0011900202,1.2049447514,1.2784007792551821,Train
INIRAA_clean,5.29891,3.4654,5.27682,1.58723,589.473,371.386,0.0,0.0,0.45,0.283514,0.0,1,0.0023627238,1.3510197239,1.361811415250999,Train
INIRAY01_clean,6.20577,4.3891,6.20321,1.19479,1004.19,840.475,0.0,0.0,0.5078,0.42501,0.0,1,0.0011068768,1.1240848456,1.2288975007878906,Test
INIRAY_clean,6.42335,4.78031,6.35158,1.15007,1090.31,948.038,0.0,0.0,0.529,0.459971,0.0,1,0.0010741989,1.2321770668,1.2585594492246248,Test
INIRII_clean,7.50885,6.39264,7.49963,2.36792,800.533,338.074,0.947654,0.400205,0.4536,0.19156,0.0,1,0.0005863637,0.6410734311,0.5722563544116372,Test
INOMIJ_clean,7.95221,7.58337,7.95221,0.978026,1630.8,1667.44,0.0,0.0,0.607,0.620638,0.0,1,0.0039423039,4.3865140643,3.959082283383446,Test
INOMOP01_clean,5.44312,5.07173,5.44201,1.06786,1357.09,1270.86,0.0,0.0,0.5604,0.52479,0.0,1,0.0041246328999999,3.3311970631,3.1594864159375864,Test
INOMOP_clean,5.26106,4.80157,5.24412,1.1048,1287.23,1165.13,0.0,0.0,0.553,0.500544,0.0,1,0.0043505859,3.1994426901,3.021943447931173,Test
INOVEN_clean,6.5916,4.86656,6.58623,1.1112,2296.52,2066.7,0.0,0.0,0.6394,0.575413,0.0,1,0.0045203952,3.9229492643,4.136544258394845,Test
IPICOA_clean,5.44441,4.81551,5.37454,1.57966,1489.86,943.154,0.0,0.0,0.6242,0.395149,0.0,0,0.0056468212,3.0029120959,3.0463494203584474,Train
IPIDUH_clean,5.17469,3.85894,5.16774,1.5676,1161.37,740.859,0.0,0.0,0.5352,0.341413,0.0,1,0.0030178086,1.9761512828,2.167367603569835,Test
IPIFAP_clean,7.07203,5.90208,7.07203,1.44306,1593.23,1104.06,0.0,0.0,0.6048,0.419109,0.0,1,0.0013506145,1.5906605274,1.6767179980757834,Test
IPIHIA_clean,4.19682,3.6848,4.18995,1.35995,968.941,712.483,0.0,0.0,0.4832,0.355307,0.0,1,0.0025968888,2.2030393037,2.120050245975731,Test
IPIJEY_clean,5.9118,5.17695,5.9118,1.3358,1030.18,771.213,0.0,0.0,0.4974,0.372363,0.0,1,0.0037204974,2.3472252272,2.286755390004374,Test
IPIJUM_clean,5.58529,4.21049,5.58529,1.73559,1483.34,854.658,0.0,0.0,0.546,0.314591,0.0,1,0.0014247104,1.600546051,1.4016606431833543,Test
IQABEJ_clean,5.1026,4.0827,5.09122,1.64165,725.772,442.098,0.0,0.0,0.4456,0.271434,0.0,1,0.0017873359,1.43891494,1.2320569834327917,Test
IQECIS_clean,8.1309,7.21043,8.08032,0.715898,2174.72,3037.76,0.0,0.0,0.7158,0.999863,0.0,0,0.0030174725,3.8571699269,4.004315621861854,Test
IQEKOG_clean,6.56789,4.70003,6.53165,0.994726,2095.71,2106.82,0.0,0.0,0.6568,0.660283,0.0,1,0.0055819843999999,4.6344234133,4.785545503853847,Test
IQEKUM_clean,5.23045,4.40009,5.21843,1.19945,1749.75,1458.79,0.0,0.0,0.58,0.483556,0.0,1,0.0073842768,4.5901965769,4.490967416298412,Train
IQEWOQ_clean,5.16976,4.01341,5.16976,1.5881,979.709,616.905,0.0,0.0,0.4814,0.303129,0.0,0,0.0016989113,1.3664531868,1.4108908390914223,Train
IQILIF_clean,7.54585,4.55729,7.31598,0.9871,1707.16,1729.47,0.0,0.0,0.5864,0.594063,0.0,1,0.006035689,4.7533909012,4.631397535151262,Train
IQOHUT_clean,6.95469,5.55862,6.9488,0.866054,1696.91,1959.36,0.0,0.0,0.6176,0.71312,0.0,1,0.0033289966999999,3.7533411242,3.5783809909357926,Train
IQOJAB_clean,5.87643,3.82611,5.87109,1.02895,1467.53,1426.23,25.3077,24.5957,0.5682,0.552213,0.0,1,0.0083332858,4.6261607804,4.817210376838367,Test
IQOJEF_clean,6.3031,3.72946,5.90938,1.09859,1022.71,930.932,0.0,0.0,0.506,0.460592,0.0,1,0.0053789712,3.3030769868000003,3.155916105886993,Train
IQOKEG_clean,7.17756,4.14343,7.15508,0.93657,1757.51,1876.54,0.0,0.0,0.5934,0.633589,0.0,0,0.0034550909,3.8563782155,3.5928923763100817,Test
IQOKIK_clean,6.46497,4.73774,6.45982,0.941841,1852.78,1967.19,0.0,0.0,0.5902,0.626645,0.0,1,0.004408179,4.2107075855,4.068382179513283,Train
IQUCOO_clean,6.46968,5.45118,6.44712,1.037,1366.21,1317.47,0.0,0.0,0.5412,0.521892,0.0,1,0.0055362717,3.7245148164,3.7203974238371584,Train
IRAHUF_clean,4.40761,3.65968,4.40667,2.37748,766.685,322.478,0.0,0.0,0.4662,0.19609,0.0,0,0.0550982155999999,4.0320405879,3.998508070824134,Train
IRAJER_clean,5.44662,5.0231,5.44662,2.01995,992.271,491.236,0.0,0.0,0.4872,0.241195,0.0,0,0.044177842,3.4347341623000003,3.3770083033989735,Train
IRAYOQ_clean,5.78238,3.66955,5.46102,1.63677,1152.51,704.133,59.8933,36.5923,0.516,0.315255,0.0,1,0.0033900698999999,2.6972895784,2.5380377226645985,Train
IRELAU_clean,6.04901,3.48029,6.04818,1.13995,1676.5,1470.68,0.0,0.0,0.5904,0.517916,0.0,1,0.0098983367,4.896671592200001,5.073615251770425,Train
IROVAO_clean,6.12408,5.59581,6.1197,2.89163,1515.71,524.173,0.0,0.0,0.544,0.188129,0.0,1,0.0015037453,1.3769327585,1.3192014581084262,Test
IROVES_clean,4.99754,4.47196,4.99754,2.88324,1161.14,402.721,0.0,0.0,0.4772,0.165508,0.0,1,0.0010390179,0.8700270837999999,0.8888009127465835,Test
ISUCUV_clean,5.63872,3.87203,5.63872,1.06793,1382.56,1294.62,0.0,0.0,0.5686,0.532434,0.0,1,0.006290704,4.035972678399999,3.928571428642937,Test
ITAPAU_clean,4.795,4.07473,4.77797,1.13588,2690.44,2368.6,0.0,0.0,0.6968,0.613446,0.0,1,0.0008440305999999,1.1969234036,1.2140033092286346,Test
ITAPIC_clean,5.53493,4.56275,5.50447,0.932577,3320.52,3560.59,0.0,0.0,0.7606,0.815589,0.0,1,0.0009783082,1.4014180258000002,1.4195000325189207,Train
ITIBOD_clean,4.51038,3.48306,4.50833,2.426,458.262,188.896,79.7243,32.8625,0.4254,0.17535,0.0,1,0.0039932188,1.5735073849,1.5522422986851554,Test
ITIPAE_clean,5.03819,3.84363,5.03819,1.81693,898.58,494.56,0.0,0.0,0.4852,0.267044,0.0,0,0.0037288717999999,1.747732923,1.7897593236614793,Test
ITIPOS_clean,9.85225,8.07125,9.85225,1.06602,1798.13,1686.76,17.9557,16.8436,0.664,0.622875,0.0,1,0.0017936576,2.0164744856,2.129229417853047,Test
ITIWAK_clean,5.0332,4.12661,5.01239,1.10257,950.216,861.818,65.1005,59.0442,0.5042,0.457294,0.0,0,0.0068531532,3.7859770702,3.653955873897882,Train
ITIWEO_clean,5.00227,4.2399,4.99534,1.10398,955.442,865.452,106.221,96.2163,0.515,0.466494,0.0,0,0.008206992,4.1429917176,3.655619157778599,Test
ITOSEQ_clean,5.53585,3.92423,5.52778,1.23909,1879.29,1516.67,0.0,0.0,0.6304,0.508762,0.0,0,0.0067199281,4.4180574845,4.747450997806364,Test
IVEHEW_manual,8.08882,6.64746,8.02924,0.857961,1988.29,2317.45,0.0,0.0,0.6604,0.769732,0.0,0,0.0032957701,3.8885164189,3.8016211896999335,Train
IVEQAC_clean,4.74809,3.58509,4.40546,1.51827,638.51,420.551,0.0,0.0,0.4406,0.290199,0.0,0,0.0037031199,2.2018412531,1.9682903422170355,Train
IVETOT_clean,10.10291,7.15637,9.84044,0.681717,1733.15,2542.34,0.0,0.0,0.6842,1.00364,0.0,1,0.0028753372999999,3.6571131234,3.632590742266792,Train
IVILEG_clean,14.1452,13.26623,14.13413,0.718024,1541.13,2146.34,0.0,0.0,0.7232,1.00721,0.0,1,0.0029893069,3.1012700285,3.5516604952877366,Test
IVOCON_clean,5.24294,3.86797,5.24294,1.46762,1975.27,1345.9,0.0,0.0,0.64,0.436082,0.0,0,0.0062670701,4.3018161838,4.329328263294736,Test
IVOGUX_clean,5.27459,4.52668,5.27459,1.48634,1223.66,823.275,0.0,0.0,0.5418,0.36452,0.0,1,0.0052426849,2.9432607882,2.885313527997579,Test
IVUVIG_clean,6.23822,4.28609,6.22408,1.47829,1492.88,1009.86,0.0,0.0,0.5414,0.366233,0.0,1,0.0044350313,3.0117401383,2.9809207350583975,Train
IWAXUZ_clean,9.16743,4.27442,9.16743,1.02656,1732.45,1687.62,0.0,0.0,0.6018,0.586228,0.0,1,0.0021058244,2.8097112097,2.5876956255825303,Test
IWAYAG_clean,7.52525,4.29732,7.52525,1.3181,1385.19,1050.9,0.0,0.0,0.4828,0.366286,0.0,1,0.0014957459,1.7298761735,1.574391373783195,Test
IWAYEK_clean,9.36738,4.35185,9.36738,1.20213,1638.24,1362.78,0.0,0.0,0.576,0.479148,0.0,1,0.0013548031,1.8116287576,1.7429292329355113,Test
IWAYIO_clean,9.10068,4.24338,9.10068,1.22219,1678.76,1373.57,0.0,0.0,0.5934,0.485524,0.0,1,0.0021377309,2.7282366239,2.4899618164612853,Train
IWAYOU_clean,9.03723,4.17928,9.03723,1.25701,1700.75,1353.01,0.0,0.0,0.594,0.47255,0.0,1,0.0013783436,1.8973802209,1.8357548776431247,Test
IWAYUA_clean,9.10772,4.29795,9.10772,1.27221,1742.4,1369.58,0.0,0.0,0.6022,0.473349,0.0,1,0.0014293703,2.0367458562,1.8728536722012563,Test
IWAZEL_clean,9.02688,4.19715,9.02563,1.29051,1705.91,1321.89,0.0,0.0,0.6062,0.469736,0.0,1,0.0022111178,2.6293814225,2.5073018426274096,Train
IWAZIP_clean,9.36232,4.34831,9.36232,1.51484,1601.89,1057.47,0.0,0.0,0.5888,0.388687,0.0,1,0.0011423453,1.4901094373,1.403735765538128,Train
IWELIG01_clean,4.6866,4.49829,4.6866,1.86798,511.71,273.938,140.313,75.1146,0.3994,0.213814,0.0,0,0.0182682415,2.6423591821,2.58379817374242,Train
IWELIG_clean,4.69268,4.51959,4.68546,1.86097,534.218,287.064,156.241,83.9569,0.4064,0.218381,0.0,0,0.0179211923,2.6438941486000003,2.584903700718771,Train
IWEVAJ_clean,13.76426,6.67603,13.76426,0.642349,2372.68,3693.76,0.0,0.0,0.7784,1.2118,0.0,1,0.0026741708,3.3803837557,3.561533381936071,Train
IWIPIO_clean,5.10392,4.12276,5.06017,1.12645,2627.06,2332.16,0.0,0.0,0.6972,0.618936,0.0,1,0.0009558771,1.1883746907,1.3120121764202026,Train
IWOKUC_clean,6.55692,5.28768,6.53155,0.964561,1220.6,1265.44,0.0,0.0,0.5288,0.548229,0.0,0,0.0031063118,2.8252750835,2.823154347336838,Train
IWOSAP_clean,4.764,3.76645,4.764,2.24785,751.282,334.223,0.0,0.0,0.4204,0.187023,0.0,1,0.0011163094,0.8443139798999999,0.895479234520268,Test
IXAKAU_clean,6.35523,5.9549,6.33797,0.780645,2644.49,3387.58,0.0,0.0,0.7136,0.914116,0.0,1,0.0040710196999999,4.5127715066,4.828867411719815,Train
IXAZEO_clean,4.95392,4.38313,4.95392,1.49539,968.887,647.917,0.0,0.0,0.4732,0.31644,0.0,1,0.0010127458999999,1.1399868004,1.0571038191538924,Test
IXEBEU_clean,4.63531,3.53624,4.63082,1.05655,1090.22,1031.87,0.0,0.0,0.503,0.476077,0.0,1,0.0040110371,3.2055779418,3.1843871324520028,Train
IXECET_clean,8.30942,3.60945,8.30942,1.54442,1337.53,866.043,0.0,0.0,0.5456,0.353273,0.0,0,0.0208164419,5.840764034299999,5.782818412280748,Train
IXEJIG_clean,11.25458,10.39011,10.80502,0.837465,1965.46,2346.92,0.0,0.0,0.6976,0.83299,0.000955264,1,0.00275014,3.2077951966,3.2410879017188257,Train
IXEJOL_clean,5.47758,4.11939,5.46905,1.8094,1349.53,745.844,0.0,0.0,0.534,0.295125,0.000331601,1,0.003010949,2.2305396092,2.1024518336478466,Train
IXEJOM_clean,15.02825,14.15107,15.02825,0.818993,2120.95,2589.7,0.0,0.0,0.749,0.914537,0.000244202,1,0.0027549496,3.3135306349,3.2428755040157946,Test
IXIPAG_clean,7.26036,3.75863,5.90499,3.37203,985.803,292.347,369.675,109.63,0.5588,0.165716,0.0,1,0.0004901908999999,0.5281695439,0.5437692319664857,Train
IXIPEK_clean,7.04096,3.63154,5.75307,3.49876,924.617,264.27,341.824,97.6986,0.5428,0.155141,0.0,1,0.0004918526,0.5359155669,0.5617978169603202,Test
IXIPIO_clean,7.45471,4.20487,6.02758,3.27069,1181.85,361.346,334.28,102.205,0.5696,0.174153,0.0,1,0.0004571708999999,0.5284922759,0.5226469814728376,Train
IXISAJ_clean,5.70852,4.41794,5.70852,1.67395,1266.62,756.664,0.0,0.0,0.5296,0.316377,0.0,0,0.0076055209,2.4937751895,2.9170406960805355,Train
IXISOX_clean,5.5699,4.33438,5.5699,1.93342,1150.89,595.258,0.0,0.0,0.516,0.266884,0.0,0,0.0063838179,2.0178616874,2.1989030588345497,Train
IXISOZ02_clean,4.74076,3.59919,4.72141,1.46415,983.567,671.767,0.0,0.0,0.4992,0.340949,0.0,0,0.0047926047,2.7902754623000003,2.6236775644055883,Test
IXISUD_clean,7.1533,3.82815,7.1533,2.06709,831.561,402.286,84.7168,40.9836,0.496,0.239951,0.0,0,0.0027345845,1.4428354102,1.4709132161483143,Train
IXODUV_clean,6.94577,6.48704,6.94195,1.01181,1784.75,1763.93,0.0,0.0,0.629,0.621659,0.0,0,0.0040917184,4.1743227727,4.297299819127929,Test
IXOFAD_clean,7.25204,6.74283,7.23817,1.01031,1741.08,1723.31,0.0,0.0,0.638,0.631491,0.0,0,0.004003356,4.2924470219,4.292906758271682,Train
IXOFEH_clean,7.08623,6.6722,7.07786,1.02717,1639.04,1595.68,0.0,0.0,0.6198,0.603404,0.0,0,0.0038807307,3.9868430853,3.870573261977966,Test
IXOFIL_clean,7.14051,6.67398,7.10365,1.01557,1692.36,1666.42,0.0,0.0,0.624,0.614435,0.0,0,0.0038699108,4.1133365126,3.9814826187761057,Test
IXOFOR_clean,6.58573,6.10481,6.58573,1.02216,1741.26,1703.51,0.0,0.0,0.611,0.597752,0.0,0,0.0040556521,3.9670066365,3.9908170542555705,Test
IXOFUX01_clean,6.87071,6.41176,6.84188,1.00146,1800.87,1798.25,0.0,0.0,0.6308,0.629881,0.0,0,0.0038933539,4.091996100299999,4.05985475439725,Train
IXOFUX_clean,7.08508,6.6128,7.06755,1.00152,1792.17,1789.44,0.0,0.0,0.6318,0.63084,0.0,0,0.0038663041999999,4.1907870252,4.112693028530113,Test
IXUQOJ_clean,5.21271,3.78909,5.02943,1.47771,847.063,573.227,0.228953,0.154938,0.4794,0.324421,0.0,1,0.0036228548,1.9498532186,1.96984333803561,Test
IXUQUO_clean,6.17038,3.88626,6.17038,1.0897,1053.12,966.424,109.804,100.765,0.5652,0.518674,0.0,1,0.0086567231999999,3.2149322628,3.8198945408883604,Test
IXURID_clean,5.42414,4.17526,5.42124,1.15055,1597.74,1388.68,0.0,0.0,0.5668,0.492633,0.0,1,0.0078342161,4.6035440715,4.55157314373117,Train
IXUWII_clean,7.47721,5.13969,7.4691,0.925259,1534.87,1658.86,0.0,0.0,0.5898,0.637443,0.0,0,0.0057821196999999,4.617955023,4.590875259268985,Train
IYAJID_clean,7.03999,4.83767,7.03999,1.19258,1520.7,1275.13,0.0,0.0,0.565,0.473761,0.0,0,0.0053652482,3.9142316384,3.803226584317779,Test
IYAJOJ_clean,6.96485,4.61788,6.92434,1.17533,1527.18,1299.36,0.0,0.0,0.552,0.469655,0.0,1,0.0053637903,3.9217435923,3.7097155607699497,Train
IYAJUP_clean,6.42992,4.57524,6.40815,1.20914,1470.44,1216.1,0.0,0.0,0.515,0.425922,0.0,1,0.0056204443,3.7221292073,3.5782780450058653,Test
IYAKAW_clean,7.04175,4.93619,7.01576,1.16871,1555.91,1331.31,0.0,0.0,0.5758,0.492679,0.0,0,0.0054084664,3.9933224926,3.9139902690707857,Test
IYAKIE_clean,7.40162,5.12822,7.38112,0.935395,2309.49,2469.0,0.0,0.0,0.6746,0.721193,0.0,1,0.0034086757,3.5844769176,3.7846353535086874,Test
IYASOS_clean,5.79357,5.23786,5.68144,1.42202,1531.27,1076.83,0.0,0.0,0.5756,0.404777,0.0,1,0.0052959962,3.3122757179000004,3.307757470254549,Train
IYAYUE_clean,6.14666,4.14311,6.14666,1.13268,1552.87,1370.97,0.0,0.0,0.598,0.527951,0.0,1,0.005056086,3.9348717919,3.7645104501714797,Train
IYEHAX_clean,8.64445,5.92674,8.64445,0.762449,2402.32,3150.79,0.0,0.0,0.7046,0.924127,0.0,1,0.0045896831,4.6772511196,5.129303206737454,Test
IYEPUZ_clean,9.24057,8.58239,9.23056,0.696077,2043.12,2935.2,0.0,0.0,0.7082,1.01742,0.0,1,0.0034535417,4.0799871130000005,4.263354893919025,Test
IYESUC_clean,9.19521,5.52341,9.19263,0.879294,1974.29,2245.31,0.0,0.0,0.637,0.724444,0.0,1,0.0055035099,4.9921856203,4.741286502127504,Train
IYEXOZ_clean,5.1071,3.62688,5.0939,2.43583,1067.8,438.373,0.0,0.0,0.4574,0.18778,0.0,1,0.0009248762,1.0365802508,0.9619646007213984,Train
IYICUP_clean,7.48898,5.2438,6.05899,1.02061,1910.86,1872.27,0.0,0.0,0.6306,0.617866,0.0,0,0.0046989881,4.087833971499999,4.394561538224663,Test
IYOBAA_clean,7.42959,4.86526,7.42403,1.59483,1008.69,632.478,0.0,0.0,0.5194,0.325678,0.0,1,0.0011576329,1.2427436653,1.2279169807869668,Train
IYOCIK_clean,8.71773,6.01818,8.7094,1.33605,1729.76,1294.69,0.0,0.0,0.6404,0.479325,0.0,0,0.0016076174,1.9355871933,1.9187555725657228,Train
IYOCOQ_clean,8.6676,5.83377,8.6676,1.34426,1726.36,1284.24,0.0,0.0,0.6354,0.472675,0.0,0,0.0017557394,1.9381408166,2.0364252435633157,Test
IYODAD_clean,9.11936,6.31963,9.11936,1.11347,1733.11,1556.5,0.0,0.0,0.6578,0.590765,0.0,0,0.0020884525,2.4422998562,2.492203082773074,Train
IYOQAQ_clean,5.30249,4.25008,5.30179,1.48751,1231.76,828.073,0.0,0.0,0.5432,0.365175,0.0,1,0.0061657476,3.1274109115,3.034498140513682,Train
IYOSUM_clean,6.18145,3.97754,6.17448,0.943184,2480.99,2630.44,0.0,0.0,0.6618,0.701666,0.0,1,0.0058144958,5.431103105499999,5.383741841792565,Train
IYOTAT_clean,6.12724,4.05651,6.12724,0.946965,2470.71,2609.08,0.0,0.0,0.6612,0.698231,0.000211201,1,0.0061649481,5.510954359199999,5.632546521307869,Train
IYOWID_manual,20.51668,7.7477,20.51668,0.405068,1929.7,4763.89,0.0,0.0,0.822,2.02929,0.0,0,0.0034148190999999,4.7071624363,4.847358036054839,Test
IYUCEM_clean,9.38043,8.88789,9.38043,1.09901,1267.7,1153.49,0.0,0.0,0.5774,0.525384,0.0,1,0.0018398402,2.0799864917,2.1124504677091633,Train
IYUCIQ_clean,9.96651,8.62113,9.96126,0.918137,1921.78,2093.13,0.0,0.0,0.6824,0.743244,0.0,0,0.002386687,2.8629477657,2.9564365802113737,Test
IYUHOA_clean,7.25841,4.65632,7.2501,1.15015,1882.43,1636.69,0.0,0.0,0.5978,0.519759,0.0,0,0.0072032777,4.7918824512,4.811205095195959,Train
IYUHUG_ion_b,9.1569,7.01562,9.1569,0.894019,1922.0,2149.85,0.0,0.0,0.6824,0.763294,0.0,0,0.0021931892,2.7707672824,2.7284392081101694,Test
IYUJAO_clean,6.23359,4.26512,6.23359,1.39701,1111.0,795.271,29.8587,21.3733,0.5102,0.365209,0.0,1,0.0047257438,2.4680565277,2.8675194933189783,Test
IYUQEZ_clean,14.23268,4.75487,14.22709,0.637403,1240.77,1946.61,289.582,454.315,0.6812,1.06871,0.0,1,0.0026845655,3.4762135224,2.976037900979058,Test
IYUQID_clean,15.09176,9.842,15.04915,0.561619,1319.58,2349.59,286.013,509.264,0.7206,1.28308,0.0,1,0.0030080709,3.5976092362,3.547717086006708,Train
IZEBAR_clean,6.51824,4.42782,6.29573,1.10634,2352.12,2126.04,0.0,0.0,0.625,0.564928,0.0,1,0.0047685715,4.1271427452,4.157125574945955,Test
IZEBEV_clean,3.9737,3.59297,3.9737,1.83936,288.006,156.579,0.0,0.0,0.4124,0.224208,0.0,1,0.0012918786,0.8404915794,0.8561738383093895,Test
IZENIM_clean,10.57534,5.75707,6.51584,1.38426,1059.32,765.262,606.777,438.341,0.6424,0.464076,0.0,0,0.0053061209,3.9228507272,3.913206120517995,Train
IZENUY_clean,10.28405,5.66029,7.85884,0.907624,1488.62,1640.12,573.454,631.819,0.6758,0.744581,0.0,1,0.0046413146,4.8899991959,4.914817134756559,Train
IZEPAF_clean,24.1004,7.53546,24.1004,0.570649,1958.05,3431.26,0.0,0.0,0.7816,1.36967,0.0,1,0.0033680367,3.6238820625,4.1987798477894716,Test
IZEPEJ_clean,23.87439,6.75259,21.66541,0.54542,1808.89,3316.52,0.0,0.0,0.7792,1.42862,0.0,1,0.0031140228,3.590983337,3.7572954258163356,Train
IZEQUB_clean,6.84955,5.26119,6.84595,0.91964,1931.75,2100.55,0.9049,0.983971,0.6246,0.679179,0.0,1,0.0071215262,4.6374294458,4.6850960286646055,Train
IZERAI_clean,21.81992,21.11699,21.81992,0.624269,1355.09,2170.68,0.0,0.0,0.7802,1.24978,0.0,1,0.0076019217,5.3226006412,5.041065948435072,Test
IZEWAN_clean,9.04728,8.48639,9.03641,0.87931,1735.67,1973.9,0.0,0.0,0.6642,0.755365,0.0,1,0.0066759006,4.8749006318,4.9656722020614374,Test
IZIGUV_clean,8.5642,7.08912,8.42042,0.715311,2209.59,3088.99,0.0,0.0,0.7258,1.01466,0.0,1,0.0047742346,5.3139919907,5.142524250910637,Test
IZIHAC_clean,7.3243,5.53893,7.31909,1.3207,1515.57,1147.55,0.0,0.0,0.5694,0.431134,0.0,1,0.0025646494,2.5377896845,2.472197683563145,Test
IZIHEG_clean,7.25076,5.4614,7.24597,1.35223,1495.67,1106.08,0.0,0.0,0.5682,0.420196,0.0,1,0.0026485845,2.515362946,2.473599873394232,Test
IZIHOQ_clean,7.0561,5.32108,7.05322,1.40869,1409.46,1000.55,0.0,0.0,0.555,0.393983,0.0,1,0.0024504304,2.3119512715,2.165905966036173,Test
IZISEQ_clean,4.08842,3.70736,4.08842,1.02254,520.647,509.17,0.0,0.0,0.4678,0.457489,0.0,1,0.0060613798,3.5300935827,3.55207688878003,Train
IZOWAW_clean,18.94727,10.51321,18.93676,1.00603,1791.25,1780.51,0.0981256,0.0975376,0.7888,0.784073,0.0,1,0.0008240764999999,1.2273001686,1.2627330033501245,Train
IZOWEA_clean,9.72623,7.72143,9.71631,1.42425,2106.67,1479.15,0.0,0.0,0.696,0.488679,0.0,1,0.0007161285,1.0047900254000002,1.017675832257174,Train
IZUMUM_clean,5.57902,4.64149,5.57902,1.29431,1246.48,963.048,0.0,0.0,0.5324,0.411338,0.0,0,0.002034972,1.9018345083,1.9173297584203737,Test
IZUVUV_clean,10.56188,10.34053,10.56188,0.902736,1518.51,1682.12,0.0,0.0,0.6572,0.728009,0.0,1,0.0015564512,2.0143888774,2.019547496533913,Train
ja074366osi20070816_031204_clean,15.02646,7.9821,15.02646,0.595037,2203.3,3702.8,0.0,0.0,0.8104,1.36193,0.0,0,0.0026339965999999,3.6527403779,3.715585489149752,Train
ja0752540-file002_clean,8.14433,7.67619,8.14433,1.22499,2017.42,1646.89,0.0,0.0,0.654,0.533883,0.0,0,0.0025338737,2.7299997102999995,2.788575242585789,Test
ja076167asi20070815_063752_clean,6.41846,5.04294,5.80487,0.848014,2489.2,2935.33,0.0,0.0,0.6344,0.748101,0.0,1,0.0036051179,4.0343210239,4.186308615396842,Test
ja109659k_si_002_clean,11.09415,6.65734,11.09415,1.14966,1274.48,1108.58,493.769,429.493,0.6432,0.559472,0.0,1,0.004538083,3.939934427,3.6886438077670833,Test
ja110042b_si_003_clean,18.775,6.41603,18.72266,0.610707,2220.68,3636.25,0.0,0.0,0.7614,1.24675,0.0,1,0.0036356659,4.7428079168,4.681304776667589,Train
ja203898s_si_004_clean,9.14668,4.74188,9.0851,0.980647,1250.92,1275.61,461.53,470.638,0.6076,0.619591,0.0,0,0.0062636,4.9482782305,4.969039762809037,Train
ja205976v_si_004_clean,8.87098,7.69354,8.87098,1.40672,1456.52,1035.4,0.0,0.0,0.5566,0.395672,0.0,0,0.0017172089,2.1249386016,1.955721268468604,Test
ja205976v_si_006_clean,11.60788,10.85998,11.60788,1.12671,1551.48,1377.0,0.0,0.0,0.6348,0.563411,0.0,1,0.0028360198,3.5295783901,3.454127464582677,Test
ja206917z_si_001_clean,5.82674,4.72231,5.76849,1.30832,751.163,574.141,0.193696,0.148049,0.5654,0.432156,0.0,0,0.001084051,1.0500557655,1.0579184003635878,Train
ja300034j_si_002_clean,16.78888,16.71746,16.78888,0.713223,1373.37,1925.59,0.0,0.0,0.772,1.08241,0.0,1,0.0029799619,3.7333021393,3.7604039545639725,Train
ja302110d_si_001_clean,8.24333,6.47099,8.10297,0.864634,1943.01,2247.2,0.0,0.0,0.666,0.770268,0.0,1,0.0030003808,3.6601094258,3.5112983300225364,Test
ja302340b_si_002_clean,8.31134,7.66102,8.31134,1.03479,1409.77,1362.37,116.194,112.287,0.5924,0.572482,0.0,1,0.0041828216,3.1397868665,3.5078251077433755,Test
ja302380x_si_003_clean,6.15862,4.38483,5.85392,1.07794,1748.54,1622.12,0.0,0.0,0.6004,0.556988,0.0,1,0.0056378773,4.0421759735,4.101847229171904,Test
ja3082523_si_004_clean,15.27185,8.36501,15.01039,0.495502,2200.94,4441.83,0.0,0.0,0.774,1.56205,0.0,0,0.003279449,4.068150177200001,4.498317091215145,Test
ja308995t_si_002_clean,6.91507,6.43648,6.89159,1.15816,1047.86,904.763,0.0,0.0,0.5248,0.453131,0.0,0,0.0042852655,2.7909251896,2.831849795387106,Train
ja4012707_si_003_clean,5.77734,4.61223,5.7686,1.06481,2227.7,2092.11,0.0,0.0,0.671,0.630159,0.0,0,0.0050087407,4.7042233236,4.623747790942204,Train
ja4012707_si_004_clean,6.17779,4.90836,6.17779,0.978371,2446.9,2500.99,0.0,0.0,0.6772,0.692171,0.0,0,0.0035440934999999,4.0901754265,3.9283698224432877,Test
ja403810k_si_002_clean,24.11444,19.56277,24.11444,0.396669,1099.67,2772.25,0.0,0.0,0.86,2.16806,0.0,1,0.0026646594,3.5597097718,3.5635499854171027,Test
ja4050828_auto,29.28345,28.74884,29.27587,0.488759,1535.79,3142.23,0.0,0.0,0.8256,1.68918,0.0,0,0.0024470182999999,3.2867175824,3.2845978255814883,Train
ja406030p_si_002_manual,11.77864,6.5918,11.60527,0.794772,2268.81,2854.67,0.0,0.0,0.7438,0.935866,0.0,1,0.0045415519,3.7974996461,4.743679010783223,Test
ja406030p_si_003_clean,14.29207,10.12824,14.29207,0.648977,1825.21,2812.44,0.0,0.0,0.775,1.19419,0.0,1,0.0049684579,3.7106165301,4.80550896406164,Test
ja406030p_si_004_clean,12.47571,8.72571,12.47571,0.678618,1920.17,2829.53,0.0,0.0,0.7566,1.11491,0.0,1,0.0050701395,4.055078966,4.165672010868208,Train
ja406030p_si_005_manual,11.30323,7.62193,11.30323,0.677748,2157.76,3183.72,0.0,0.0,0.75,1.10661,0.0,1,0.0049162018,3.9929016149,4.8681460964251695,Test
ja406030p_si_006_manual,12.36076,7.19983,11.84038,0.687816,2106.83,3063.07,0.0,0.0,0.751,1.09186,0.0,1,0.0052965436,4.1240127057,4.670964068079082,Test
ja406030p_si_007_manual,11.02963,8.4918,11.02963,0.735801,2134.61,2901.07,0.0,0.0,0.738,1.00299,0.0,1,0.0049917165999999,4.0631569237,4.758019428423317,Test
ja406030p_si_008_manual,11.82924,9.14708,11.82924,0.688549,2055.52,2985.28,0.0,0.0,0.7528,1.09331,0.0,1,0.0050916902,4.0638531267,4.272387727344666,Train
ja406030p_si_009_manual,11.54376,6.59467,10.51794,0.708658,2222.43,3136.11,0.0,0.0,0.7352,1.03745,0.0,1,0.0050266094,4.3001932567,4.947435903660615,Test
ja406844r_si_002_clean,11.4181,8.43938,10.92264,0.695103,2221.97,3196.61,0.0,0.0,0.7474,1.07524,0.0,0,0.0047578484,4.6572955181,4.931212302074815,Test
ja407778a_si_003_clean,5.65215,4.4572,5.65215,0.864214,1953.72,2260.69,0.0,0.0,0.6454,0.746806,0.0,1,0.0046502316,4.5203432784,4.370848390616677,Test
ja408959g_si_002_clean,31.07244,30.38497,31.07244,0.440944,1502.5,3407.47,0.0,0.0,0.8264,1.87416,0.000453572,0,0.0029587884,3.9356035075,3.814420573142339,Test
ja408959g_si_003_clean,17.33749,14.32817,17.33749,0.750299,1914.17,2551.21,1.3371,1.78209,0.7272,0.969213,0.00026656,0,0.0025834206,3.0507984638,2.988149618717868,Test
ja411887c_si_002_clean,11.91912,9.14993,11.89973,0.619221,2306.85,3725.41,0.0,0.0,0.7606,1.22832,0.0,1,0.0037301408,4.5969910049000005,4.508229781438161,Test
ja500330a_si_005_clean,6.34772,3.79741,5.91821,1.34881,2067.47,1532.8,0.0,0.0,0.5966,0.442315,0.000444835,1,0.0027546196999999,2.5074641953,2.5412567732660767,Train
ja500330a_si_006_auto,12.20585,6.15217,12.20585,0.793444,2143.73,2701.8,0.0,0.0,0.7068,0.8908,0.000252066,0,0.0015796406,2.2096138799,2.2846985165819333,Test
ja500330a_si_007_auto,19.46238,14.48757,19.44715,0.798895,1320.38,1652.76,18.6426,23.3354,0.7758,0.971091,0.000500691,0,0.0006526015,0.9993665394,0.9503959659801513,Train
ja500330a_si_009_auto,10.23354,4.21372,10.21937,1.02655,1874.68,1826.19,0.0,0.0,0.6604,0.643319,0.0,0,0.0014624339999999,1.8250534072,1.8803867454145706,Test
ja5063423_si_002_clean,10.81396,5.19047,10.74347,0.995074,2374.31,2386.06,0.0,0.0,0.7264,0.729996,0.0,1,0.002810464,3.5315399125,3.420438125590319,Train
ja506357n_si_002_clean,4.6846,4.2919,4.67468,1.31892,765.522,580.418,0.0,0.0,0.4712,0.357263,0.0,1,0.0086751797,2.8232870984,2.9111342973341663,Test
ja507269n_si_002_clean,27.33946,23.18439,27.33946,0.358752,1494.97,4167.13,0.0,0.0,0.865,2.41113,0.0,1,0.0032443909999999,4.2893065176,4.3285702083623585,Train
ja507269n_si_003_clean,27.20941,25.54914,27.20941,0.339031,1450.85,4279.41,0.0,0.0,0.869,2.56319,0.0,1,0.0036101822999999,4.8533746191,4.8099711948367085,Train
ja507947d_si_001_auto,17.5271,9.15991,17.51275,0.493165,2044.36,4145.4,0.0,0.0,0.8062,1.63475,0.000405544,0,0.0021389371,3.046603047,3.074463013525718,Train
ja5103103_si_002_auto,16.95031,14.45168,16.94349,0.50204,1609.85,3206.61,0.0,0.0,0.8216,1.63652,0.0,1,0.0022530487,3.1289221632,3.2197066030025585,Test
ja510525s_si_002_clean,11.55111,8.31224,11.55111,1.02928,1660.34,1613.11,402.375,390.929,0.6934,0.673676,0.000194311,1,0.0030006040999999,3.7073251173,3.3259165339832273,Test
ja510525s_si_003-1_clean,10.94267,8.40951,10.74622,0.792307,2099.13,2649.38,0.0,0.0,0.6954,0.87769,0.000252427,1,0.0037284096,4.4793097395,3.934900717401897,Test
ja5111317_ja5111317_si_002_auto,21.37941,8.74134,21.37941,0.420413,1892.53,4501.6,0.0,0.0,0.8218,1.95474,0.000475722,1,0.0030789246,4.174906497699999,4.185382507157583,Train
ja512137t_si_002_clean,8.83209,4.60356,8.83209,0.894333,2156.88,2411.72,0.0,0.0,0.6544,0.731719,0.0,0,0.0061292705,5.6431142899,5.532064212274599,Train
ja512311a_si_003_auto,11.88887,9.00529,11.09267,0.491487,2207.95,4492.38,0.0,0.0,0.8056,1.63911,0.0,0,0.0015241592999999,2.3358070752,2.343017457912591,Test
ja512311a_si_007_auto,11.3746,9.04299,10.93292,0.509598,2105.05,4130.81,0.0,0.0,0.8058,1.58125,0.0,0,0.0011805938,1.6568635288999998,2.0946606220602364,Test
ja512437u_si_002_clean,5.46454,4.64589,5.42464,1.16038,1353.66,1166.57,0.0,0.0,0.522,0.449854,0.0,1,0.0053465251,3.4046060659,3.415594705265626,Test
ja512437u_si_003_clean,5.66684,4.62581,5.62433,1.17377,1371.36,1168.34,0.0,0.0,0.5236,0.446085,0.0,1,0.0052173799,3.3727113481,3.4016453157280377,Test
ja512437u_si_004_clean,5.66299,4.65074,5.65798,1.30634,1428.94,1093.85,0.0,0.0,0.5386,0.412296,0.0,1,0.0054500691,3.1854940458,3.28487419035152,Train
ja512762r_si_002_auto,13.2428,11.09142,13.2428,0.709182,2154.21,3037.6,0.0,0.0,0.7414,1.04543,0.0,0,0.0015207285,1.9750258211,2.1362765679527063,Test
ja512973b_si_002_auto,17.75046,8.47189,17.75013,0.458587,2258.74,4925.43,0.0,0.0,0.7852,1.71222,0.000436122,0,0.002328132,3.102083747,3.327555850877626,Test
ja512973b_si_003_auto,21.33814,8.58252,20.92518,0.403686,1883.32,4665.31,0.0,0.0,0.8204,2.03227,0.000495434,0,0.002185185,3.2726434541,3.21362460705131,Train
ja512973b_si_004_auto,23.13451,12.211,23.13368,0.298536,1643.34,5504.68,0.0,0.0,0.864,2.89413,0.0,0,0.0025100801,3.5346890894,3.5717026877298546,Train
ja512973b_si_005_auto,25.24149,10.49588,25.24149,0.291153,1600.36,5496.62,0.0,0.0,0.8684,2.98262,0.000686924,0,0.0028648821,3.7771171747,4.079517108142246,Test
ja5131269_si_002_clean,10.86981,8.81904,10.86239,0.665683,2359.22,3544.05,0.0,0.0,0.7502,1.12696,0.0,0,0.0044671091,4.3250067979,4.511282882908606,Train
ja5131269_si_003_clean,10.97224,8.95533,10.97224,0.663582,2332.5,3515.02,0.0,0.0,0.7592,1.14409,0.0,0,0.0048034748,4.451998687900001,4.580167329404295,Train
ja5b00365_si_002_clean,21.77625,7.63115,21.77625,0.452533,2037.74,4502.96,0.0,0.0,0.826,1.82528,0.0,0,0.0034614291,4.564334673399999,4.72679813369648,Test
ja5b02556_si_002_clean,4.73869,3.95041,4.3237,1.15657,768.798,664.724,0.0,0.0,0.4702,0.406548,0.0,0,0.0092375761,2.9772070005,3.423777561442983,Test
ja5b02897_si_003_clean,11.87679,10.79351,11.87679,1.06888,1595.23,1492.43,0.0,0.0,0.6484,0.606614,0.0,1,0.0032305548,3.6348694139,3.602607213753104,Test
ja5b02999_si_002_clean,17.68621,16.73879,17.68621,0.597274,1774.03,2970.22,0.0,0.0,0.8228,1.37759,0.0,1,0.0024693073,3.1243290522,3.2446147261321556,Train
ja5b02999_si_003_clean,14.70244,11.79351,14.69456,0.775127,1933.94,2495.0,0.0,0.0,0.7872,1.01557,0.0,1,0.0021482876,2.8382812535000004,2.788909264930995,Train
ja5b02999_si_004_clean,14.69185,13.06998,14.68941,0.678878,1913.08,2818.01,0.0,0.0,0.7962,1.17282,0.0,1,0.0026207506,3.2132245128,3.3709042441479586,Train
ja5b02999_si_006_clean,15.81495,13.61984,15.81495,0.591093,1861.23,3148.79,0.0,0.0,0.7794,1.31858,0.0,1,0.0025508904,3.3234125499,3.3804422636654397,Train
ja5b02999_si_007_clean,19.24151,15.81933,18.17294,0.414726,1795.61,4329.62,0.0,0.0,0.8236,1.98589,0.0,1,0.00344746,4.6410492115,4.704424986453001,Test
ja808995d_si_002_clean,17.63143,10.03888,17.62334,0.751788,1337.16,1778.64,192.928,256.625,0.6832,0.908766,0.0,1,0.0072522093,3.2386797145,3.5117966421459235,Test
ja809985t_si_002_clean,22.77836,8.92569,22.41884,0.406231,1793.65,4415.34,0.0,0.0,0.8602,2.11751,0.0,0,0.003071296,4.5212709901,4.445556900057194,Train
ja903726m_si_002_clean,12.24865,4.72993,12.24865,0.820334,2060.46,2511.73,0.0,0.0,0.6832,0.832831,0.0,0,0.0021052157,2.8966699739,2.7656944573285895,Train
ja905009e_si_002_clean,7.4254,5.9743,7.38064,1.40157,2795.33,1994.43,0.066678,0.0475737,0.7066,0.504148,0.0,1,0.0010519102,1.4312115092,1.338672818145197,Test
ja907023c_si_001_clean,9.61179,5.4202,9.50068,0.666698,1801.22,2701.7,393.55,590.296,0.69,1.03495,0.0,0,0.0037315602,4.6899998284,4.573925113763089,Test
ja907023c_si_002_clean,9.7447,5.39631,9.52834,0.66078,1783.63,2699.29,403.357,610.425,0.6912,1.04604,0.0,0,0.0036563777,4.7286762347,4.679486136895326,Train
ja907023c_si_003_clean,9.71412,5.38216,9.47423,0.667627,1783.85,2671.92,384.965,576.618,0.6968,1.0437,0.0,0,0.0036538715999999,4.7714175106,4.43163959631043,Test
ja907023c_si_004_clean,9.71962,5.45923,9.49261,0.665822,1776.52,2668.16,388.062,582.832,0.695,1.04382,0.0,0,0.0037641392999999,4.7278692755,4.604885700950642,Test
JABMEF_clean,4.29453,3.62408,4.28019,1.76637,1054.03,596.719,0.0,0.0,0.558,0.315902,0.0,0,0.0063776012,3.5067608354,3.3530444873702647,Train
jacs.5b12516_ja5b12516_si_002_clean,8.05832,6.63779,8.05832,1.47307,1756.87,1192.66,0.0,0.0,0.6028,0.409213,0.000135771,1,0.0010676229,1.38760347,1.4221636244424805,Train
jacs.5b12516_ja5b12516_si_003_clean,8.53606,6.74383,8.51304,1.39796,1816.6,1299.47,0.0,0.0,0.6282,0.44937,0.0,1,0.0010558988,1.4128768957,1.3876474244730246,Train
jacs.5b12516_ja5b12516_si_004_clean,8.49651,6.78307,8.47146,1.40015,1810.97,1293.41,0.0,0.0,0.6308,0.450522,0.0,1,0.00108814,1.4107914772,1.4202205012343676,Train
jacs.5b13491_ja5b13491_si_002_clean,10.00499,6.00632,8.35178,0.770104,1492.72,1938.34,566.054,735.036,0.688,0.893386,0.0,1,0.0047170493,5.2992037571,5.34434060227303,Train
jacs.6b01345_ja6b01345_si_001_clean,20.28746,11.03087,20.28746,0.706861,1313.51,1858.23,15.0052,21.228,0.6976,0.986898,0.0,1,0.0108436131,3.5259133326,4.565813365975756,Test
jacs.6b01663_ja6b01663_si_003_clean,27.62636,19.6462,27.62636,0.319125,1432.79,4489.74,0.0,0.0,0.874,2.73874,0.0,1,0.0032068995,4.0870728417,4.342685157946792,Train
jacs.6b02030_ja6b02030_si_002_clean,9.27827,8.57062,9.27827,1.61278,1536.21,952.52,0.0,0.0,0.6184,0.383437,0.0,1,0.0024418792,2.5931093849,2.4026575292133012,Train
jacs.6b02030_ja6b02030_si_003_clean,9.33807,8.65245,9.33807,1.33968,1588.12,1185.45,0.0,0.0,0.6278,0.468619,0.0,1,0.0033929746,3.4992094139,3.355900421973604,Test
jacs.6b04608_ja6b04608_si_003_clean,17.74549,10.18366,17.61731,0.472151,1971.53,4175.64,0.0,0.0,0.8228,1.74266,0.000423593,0,0.0025639651999999,3.5943049305000003,3.529167393290057,Train
jacs.6b06759_ja6b06759_si_002_clean,14.81093,8.19624,14.81093,0.576281,2199.59,3816.87,0.0,0.0,0.7704,1.33685,0.000347053,0,0.0034017164,4.3636428798,4.384243128631963,Train
jacs.6b06759_ja6b06759_si_003_clean,15.38405,7.99425,15.37857,0.667947,2168.98,3247.23,0.0,0.0,0.7722,1.15608,0.000299425,0,0.0022530882,3.1797414528,3.149586529469101,Train
jacs.6b06759_ja6b06759_si_004_clean,15.4905,7.85668,15.48477,0.558595,2165.23,3876.2,0.0,0.0,0.7746,1.38669,0.000358041,0,0.0027778776,3.7906996237,3.8490902277035337,Test
jacs.6b08724_ja6b08724_si_009_clean,28.38912,26.8915,28.38912,0.324235,1424.57,4393.62,0.0,0.0,0.8668,2.67337,0.0,1,0.0037586813,4.953903352699999,4.989550348280258,Test
jacs.6b08724_ja6b08724_si_014_clean,28.056,26.5894,28.056,0.284192,1417.0,4986.05,0.0,0.0,0.8798,3.09579,0.0,1,0.0045014684999999,5.8297760339,5.782837521665577,Train
jacs.6b08724_ja6b08724_si_016_clean,28.19813,26.70296,28.19813,0.327356,1415.91,4325.28,0.0,0.0,0.8786,2.68393,0.0,1,0.0035246991999999,4.9206687725,4.848590676084636,Train
jacs.6b09113_ja6b09113_si_002_clean,13.34579,11.70118,13.34579,0.574767,1929.82,3357.56,0.0,0.0,0.7742,1.34698,0.000347967,1,0.0027153071,3.563697478,3.5660018133606153,Test
jacs.6b09155_ja6b09155_si_009_clean,8.83227,8.6768,8.83227,0.846692,1685.24,1990.38,0.0,0.0,0.6728,0.794622,0.0,0,0.0029195078,3.575980558,3.4937190327597256,Train
JADBIC_clean,6.8732,4.88929,6.87248,1.16013,1658.2,1429.33,0.0,0.0,0.5776,0.497877,0.0,1,0.0036419236,3.120065374,3.141351459116011,Test
JADJOQ_clean,5.63389,5.12978,5.62594,1.03186,2420.1,2345.38,0.0,0.0,0.6734,0.65261,0.0,1,0.0036590273999999,3.9979389583,3.8709680192619276,Test
JADMAF_clean,5.40649,3.68585,5.39971,1.18993,400.217,336.338,47.5494,39.9599,0.4748,0.399016,0.0,1,0.0026720796,1.4465623175,1.5080480202279078,Train
JAFPIQ_clean,7.18163,6.66781,7.16788,1.29779,1736.11,1337.74,0.0,0.0,0.6626,0.51056,0.0,1,0.0010984449,1.4005346517,1.4982776075123476,Train
JAKBIJ_clean,5.97609,4.07891,5.95911,0.794839,2068.46,2602.36,0.0,0.0,0.6772,0.851997,0.0,0,0.0022255127,2.8405746722000003,2.8109595093807798,Train
JAKBOP01_clean,5.57699,4.27379,5.57277,0.833702,1977.55,2372.01,0.0,0.0,0.6608,0.792609,0.0,0,0.0022611867,2.7105125284,2.7201375984687,Train
JAKBOP_clean,5.76914,4.18918,5.68942,0.806983,2029.2,2514.56,0.0,0.0,0.6692,0.829261,0.0,0,0.0024340687,2.8948870603,2.8673204143713344,Train
JAKBUV_clean,5.57167,3.71325,5.56165,0.804799,1950.58,2423.69,0.0,0.0,0.669,0.831263,0.0,0,0.0019950033,2.4712630559,2.5292019570861966,Train
JALCAD_clean,10.23917,5.38907,7.72274,0.840589,1476.7,1756.74,567.482,675.1,0.661,0.786353,0.0,1,0.0082080936,6.9845989551,6.886195018345273,Train
JALLEQ_clean,20.72686,7.8738,20.45456,0.987929,1836.17,1858.6,0.0,0.0,0.7646,0.773942,0.000202444,1,0.0011203072,1.5726906811,1.5995406358923403,Test
JALLOA_clean,21.13684,18.33831,21.13684,0.755302,1118.2,1480.46,7.09089,9.38816,0.8308,1.09996,0.00158877,1,0.0012596453,1.4165471669999998,1.4370083572757095,Train
JALTUL_clean,4.54107,3.68666,4.49534,0.520686,2635.05,5060.73,0.0,0.0,0.6792,1.30443,0.0,0,0.002249053,3.0093967249,3.058111590222925,Train
JASNAT_clean,4.78374,3.98828,4.76573,1.2488,1042.64,834.91,0.0,0.0,0.5318,0.425847,0.0,0,0.0080276816,3.6043161455,3.4745133845583656,Train
JAVNIE_clean,7.27986,4.97275,7.26799,0.939534,2385.4,2538.91,0.0,0.0,0.669,0.712055,0.0,1,0.0037600638,3.8444079135,4.016673949937999,Test
JAVSUV_clean,5.63959,3.43313,5.63872,1.69188,1126.3,665.708,0.0,0.0,0.4934,0.291628,0.0,0,0.0452684182,5.1487304151,5.159070099136539,Train
JAVTEG_clean,6.01685,3.69212,6.01685,1.47606,1556.57,1054.55,0.0,0.0,0.549,0.371936,0.0,0,0.0238376652,5.3075268048,5.437853161798339,Train
JAVWUY_clean,5.48014,3.89264,5.47915,1.114,1459.0,1309.69,0.0,0.0,0.5932,0.532494,0.0,1,0.0044135736,3.3648981226,3.4079484546945125,Train
JEBCOJ_clean,7.20433,5.04936,7.20433,1.89362,858.504,453.367,0.0,0.0,0.4412,0.232993,0.0,0,0.0019280876,1.401256649,1.395960081610417,Train
JEDJUY_clean,5.0551,4.14906,5.0551,1.66961,1339.59,802.333,0.0,0.0,0.4474,0.267966,0.0,1,0.0036624131,2.7567784295,2.3439544164989967,Test
JEDKEJ_clean,11.82785,6.92938,11.82019,0.805938,1577.17,1956.93,0.028495,0.0353563,0.6606,0.819666,0.0,0,0.0014125585,1.8447494597,1.769397180786583,Train
JEJWOL_clean,9.81493,7.51137,9.63023,0.647443,2248.07,3472.22,0.0,0.0,0.754,1.16458,0.0,1,0.0029258215999999,4.005109163999999,3.9381735495549455,Train
JELPAS_clean,6.6136,5.51475,6.6136,2.20984,1180.92,534.391,0.0,0.0,0.4712,0.213228,0.0,1,0.0031388564,1.9609079832,1.9619303855131294,Train
JENKET_SL,12.8466,11.09496,12.83423,0.704786,1452.89,2061.46,0.0,0.0,0.6858,0.973062,0.0,1,0.0031017759,3.2921865367,3.4955635484453533,Test
JENKIX_SL,9.92059,7.48583,9.85803,1.01231,1221.66,1206.81,0.0,0.0,0.5698,0.56287,0.0,1,0.0030671657,2.6095284397,2.841262684391391,Train
JETZAK_clean,6.92889,6.03574,6.92889,0.751805,1979.79,2633.39,0.0,0.0,0.6492,0.863522,0.0,1,0.0052769235,4.9498119963,5.064837831809086,Test
j.ica.2016.05.002_2_clean,7.92311,7.02117,7.40406,1.04215,1506.32,1445.4,0.0,0.0,0.5762,0.552895,0.0,1,0.0029958051,2.9244984386,3.1445447399115642,Test
j.ica.2016.08.030_3_clean,5.42105,4.17711,5.42004,0.867442,2120.17,2444.17,0.0,0.0,0.6348,0.731807,0.0,1,0.0049615955,4.6747952141,4.702600290947183,Test
JILWIL_clean,8.24655,3.54646,8.24655,1.48902,1339.88,899.835,0.0,0.0,0.545,0.366011,0.0,0,0.0314741792,6.5317812142,6.575349024655965,Train
JILWOR_clean,10.37997,3.63188,10.37997,1.43849,1318.22,916.388,0.0,0.0,0.5592,0.38874,0.0,0,0.0244715338,6.738563539199999,6.5685317892771415,Train
JILXOS_clean,4.50507,4.05314,4.50324,1.57483,481.643,305.838,0.0,0.0,0.4424,0.280919,0.0,1,0.0034924876,1.4673821713,1.6088107556647224,Train
j.inoche.2015.01.025_INC05862-mmc2_clean,4.92906,3.897,4.88525,1.27844,1610.15,1259.46,0.0,0.0,0.5778,0.451957,0.0,0,0.008189863,4.2284814663,4.549866915136228,Test
j.inoche.2015.03.028_inc05925-mmc2_clean,5.98483,4.5721,5.97294,0.945356,2162.97,2287.99,0.0,0.0,0.6338,0.670435,0.0,0,0.0071527097,5.7481054994,5.520327141498503,Train
j.inoche.2015.03.054_CIFs_clean,12.69533,7.85866,12.69533,0.704617,2272.11,3224.61,0.0,0.0,0.79,1.12118,0.0,1,0.0024791438,3.3715994395,3.320010718422636,Train
j.inoche.2015.12.019_1_clean,6.46265,4.53541,6.46076,1.0284,1784.75,1735.46,0.0,0.0,0.5772,0.561258,0.0,0,0.0061073714,5.0016408348,4.53910807487123,Test
JISVAJ_clean,8.23303,6.49522,8.23303,0.862534,2413.26,2797.87,0.0,0.0,0.71,0.823156,0.0,1,0.0026416742999999,3.5048188929000004,3.424910387546875,Train
JITPOS_SL,5.87095,4.85353,5.87048,1.43918,1047.46,727.817,0.0,0.0,0.485,0.336998,0.0,1,0.0022193245,1.7559528168,1.7012281390925412,Train
JITQEI_clean,4.74821,3.43684,4.74019,0.96574,1149.8,1190.59,1.38371,1.4328,0.5672,0.587322,0.0,1,0.0033954015,3.029331535,3.0382684909970696,Train
JIVFUQ_clean,6.2294,5.27198,6.22457,1.14554,1736.51,1515.89,0.0,0.0,0.6318,0.55153,0.0,0,0.004679422,3.9207121159,3.923976703565839,Test
JIVHIG_clean,5.86134,3.79303,5.86134,0.999234,920.272,920.978,0.0,0.0,0.4348,0.435133,0.0,1,0.0033764784999999,2.2777708138,2.427660088373324,Test
JIVSEN_clean,4.65844,4.22522,4.64209,1.94999,466.538,239.251,0.0,0.0,0.392,0.201026,0.0,1,0.0016213617,0.9102417816,0.9596570327995382,Train
JIXWUJ01_clean,4.91458,3.91959,4.91458,1.63925,888.533,542.037,0.0,0.0,0.4672,0.285009,0.0,0,0.0016478162,1.3389991636,1.3250997474251107,Test
JIXWUJ02_clean,4.89442,3.8959,4.88243,1.64878,881.814,534.829,0.0,0.0,0.4588,0.278267,0.0,0,0.0016621867,1.3300335745,1.3238949081236275,Test
JIXWUJ_clean,4.9428,3.96901,4.93448,1.63196,890.669,545.765,0.0,0.0,0.469,0.287384,0.0,0,0.0015456260999999,1.3479535757,1.2508941121263246,Train
JIYXUL_clean,6.59669,5.39005,6.562,2.75496,1188.02,431.228,0.0,0.0,0.4754,0.172562,0.0,1,0.000230607,0.2868285976,0.32761572577158704,Train
JIZJAF_clean,10.25461,9.82723,10.24056,1.07189,1137.99,1061.67,0.0,0.0,0.5772,0.538489,0.0,0,0.0015388959,1.8842758413,1.7428423756469504,Test
JIZJEJ_clean,10.34811,9.92334,10.34811,1.06947,1137.02,1063.16,0.0,0.0,0.5768,0.53933,0.0,0,0.0017077991,1.8832144619,1.9550067009859844,Train
JIZJOT_clean,10.25508,9.65715,10.24861,1.06872,1112.51,1040.98,4.63217,4.33432,0.5712,0.534472,0.0,0,0.0016264753,1.842083403,1.8066540724424152,Test
JIZJUZ_clean,10.30863,9.86894,10.26273,1.07331,1114.06,1037.97,0.0,0.0,0.5706,0.531626,0.0,0,0.001568089,1.8520612036,1.8178987411230088,Train
JIZWEW_clean,6.00475,5.39741,6.00471,1.02738,1409.26,1371.7,0.0,0.0,0.5578,0.542934,0.0,0,0.0059422842,3.9268895414,3.911636272889539,Train
JIZWIA_clean,5.73459,5.3907,5.73388,1.0417,1399.8,1343.76,0.0,0.0,0.5588,0.536429,0.0,0,0.0064737245999999,3.9060053673,4.037492044602548,Train
JIZWOG_clean,5.77811,5.24857,5.77811,1.0286,1416.31,1376.93,0.0,0.0,0.5656,0.549873,0.0,0,0.0066293266,4.1283930264,4.1973843793626315,Test
j.jssc.2014.11.015_mmc2_clean,5.22329,3.73672,5.11659,0.962226,1097.58,1140.67,0.0,0.0,0.5588,0.580737,0.0,0,0.0106818799,4.7739343611,4.681837725432821,Train
j.jssc.2015.05.012_mmc6_clean,5.19284,3.47327,4.97212,1.17487,1114.95,948.996,0.0,0.0,0.5544,0.471883,0.0,1,0.004329235,2.6497999778,2.8832746631910884,Test
j.jssc.2016.09.008_mmc8_clean,4.48976,3.77657,4.48976,1.63203,829.111,508.026,0.0,0.0,0.4792,0.293623,0.0,1,0.0026455009,1.9560252447,1.8201567340519573,Test
JOCWIJ_clean,13.89765,5.51402,13.89722,0.824207,1875.6,2275.65,13.4154,16.2767,0.735,0.891766,0.0,1,0.0017253662,2.3334257641,2.2512412490385385,Test
JOFGOC_clean,5.75292,4.66172,5.55476,1.28873,519.931,403.445,222.923,172.979,0.4708,0.365321,0.0,1,0.0026735795,1.3555966935,1.4369331110711951,Train
JOFKIA01_clean,6.88318,5.09054,6.88318,1.58969,1147.61,721.91,0.0,0.0,0.53,0.333399,0.0,1,0.0018137541,1.6448616834999998,1.6379480491291993,Train
JOFKIA_clean,6.957,5.13094,6.957,1.57886,1125.97,713.155,0.0,0.0,0.5264,0.333406,0.0,1,0.0016944242,1.6054315288999998,1.5733612974257691,Test
JOGHEU_clean,4.6871,3.79057,4.64785,1.04241,1656.32,1588.93,0.0,0.0,0.5686,0.545465,0.0,1,0.0025511091,3.0355793632,2.9112455570872267,Train
JOGHIY_clean,4.7279,3.83843,4.69154,1.03019,1565.61,1519.72,0.0,0.0,0.5608,0.544364,0.0,1,0.0028771122,3.1344525497,3.0085545892785746,Test
JOGSAA_clean,12.97631,9.4474,12.86758,0.420776,1989.54,4728.27,0.0,0.0,0.8226,1.95496,0.0,1,0.0027811147999999,4.2738246156,3.9919596448539854,Test
JOHFIW_manual,6.80122,6.39579,6.80122,1.29813,1554.38,1197.39,0.0,0.0,0.5754,0.443252,0.0,0,0.0049850715,3.8067577833,3.7674097479214637,Test
JOJKUQ_clean,18.63152,8.76045,18.62188,0.609363,1817.58,2982.76,0.0,0.0,0.7992,1.31153,0.0,0,0.0027972158,3.6989146697,3.6657474155045273,Train
JOKXAI10_clean,4.67354,3.99704,4.67354,1.55632,737.434,473.833,0.0,0.0,0.5056,0.32487,0.0,1,0.0008866842,0.8805188439,0.8775268294856793,Test
JOKXAI_clean,4.68166,4.00596,4.68147,1.55341,734.6,472.896,0.0,0.0,0.502,0.323161,0.0,1,0.0008878357,0.8866553893000001,0.8772422046475468,Train
JOKXEM10_clean,4.65592,3.94576,4.65486,1.57353,726.043,461.41,0.0,0.0,0.5,0.317757,0.0,1,0.0008352488,0.8494426745999999,0.8435365260860985,Test
JOKXEM_clean,4.6554,3.9457,4.65434,1.57353,726.052,461.416,0.0,0.0,0.5004,0.318011,0.0,1,0.0008337134,0.8535321695,0.8435365260860985,Train
JOKXOW10_clean,4.65545,3.95436,4.6545,1.5749,721.126,457.885,0.0,0.0,0.5016,0.318495,0.0,1,0.0008924419,0.8488872495,0.8717060648781421,Train
JOKXOW_clean,4.65344,3.95436,4.65249,1.5749,718.186,456.019,0.0,0.0,0.5018,0.318622,0.0,1,0.000879775,0.8515265743000001,0.8717232943316549,Train
JOKXUC10_clean,4.62045,3.87167,4.62045,1.57557,703.325,446.394,0.0,0.0,0.499,0.31671,0.0,1,0.000879775,0.8745285437,0.8912843748144361,Train
JOKXUC_clean,4.54485,3.93734,4.54439,1.57557,692.186,439.324,0.0,0.0,0.4938,0.31341,0.0,1,0.0007922580999999,0.8400860454000001,0.8177161716528083,Test
JOKYAJ_clean,4.98975,3.80682,4.92018,1.55283,739.05,475.936,0.0,0.0,0.512,0.32972,0.0,1,0.0008360164999999,0.8497520544,0.7980094824036148,Train
JOKYEN_clean,5.04569,3.84468,4.80961,1.54631,723.173,467.677,0.0,0.0,0.5112,0.330594,0.0,1,0.0008843811,0.8338159215000001,0.8431918107143597,Test
JOKYIR10_clean,5.00078,3.76275,4.99703,1.55706,710.679,456.424,0.0,0.0,0.5092,0.327027,0.0,1,0.0009177757,0.8236823881,0.8361128595015748,Train
JOKYIR_clean,5.00078,3.76275,4.99703,1.55706,710.679,456.424,0.0,0.0,0.5092,0.327027,0.0,1,0.0009131695,0.8207379056999999,0.8361128595015748,Train
JOKYOX10_clean,4.99892,3.69875,4.99892,1.57161,677.229,430.914,0.0,0.0,0.5068,0.322472,0.0,1,0.0008314103999999,0.7843078529,0.7720365583593072,Train
JOKYOX_clean,4.99892,3.69875,4.99892,1.57161,690.001,439.041,0.0,0.0,0.5096,0.324253,0.0,1,0.0008360164999999,0.8295368067000001,0.7877659768073952,Train
JOLYEQ_clean,10.48054,10.40031,10.48054,1.12044,787.1,702.494,0.0,0.0,0.5464,0.487667,0.0,0,0.0008348066,1.0152275273,1.1182782358432983,Train
JOQSOZ_clean,6.10079,4.1274,6.09895,1.15948,1782.04,1536.94,0.0,0.0,0.5942,0.512473,0.0,1,0.0024284807,2.4374023773,2.470849610116227,Train
JOQZUM_clean,5.68246,5.15937,5.6766,1.419,1065.4,750.809,34.7517,24.4903,0.522,0.367865,0.0,1,0.0008488614,1.1653178253,1.015161160720616,Test
JORBAV_clean,5.6025,5.15328,5.59565,1.72417,1077.57,624.98,31.7982,18.4426,0.5402,0.31331,0.0,1,0.0008201017,0.9723841204,0.9275689502157705,Train
JORLEJ_clean,9.51377,6.43314,9.51377,0.798695,1989.75,2491.25,0.0,0.0,0.6678,0.836114,0.0,1,0.0033780994,3.68672789,3.856094551673243,Test
JORRAL_clean,6.90146,4.37137,6.90002,0.999683,1472.23,1472.69,0.0,0.0,0.5752,0.575382,0.0,1,0.0059866682999999,4.0613467336,4.025401316533409,Test
JORSEQ_clean,4.96868,3.55075,4.83089,1.43147,797.865,557.376,0.0,0.0,0.4912,0.343145,0.0,1,0.0081452065,2.6143442012,2.7391339723561314,Train
JORVET_clean,10.62231,4.72909,10.62231,0.840025,2012.33,2395.56,0.0,0.0,0.6632,0.789501,0.0,1,0.0053727342,4.8544342952,4.799045342496044,Train
JOSNAG01_clean,4.34391,3.48794,4.33354,1.48639,790.023,531.506,0.0,0.0,0.5002,0.336521,0.0,1,0.0020534481,1.7142228427,1.8039579660816099,Test
JOSNAG_clean,4.31831,3.47722,4.26587,1.49368,756.727,506.618,0.0,0.0,0.503,0.336751,0.0,1,0.0020783828,1.6890915719,1.7209873735478638,Test
JOVXEZ_clean,4.48882,3.73021,4.48882,1.13994,1278.34,1121.41,0.0,0.0,0.558,0.4895,0.0,1,0.0037740609,2.9752888491000005,3.1105397927586624,Train
JOWFOQ_clean,6.87554,6.2746,6.85501,1.0117,2308.98,2282.27,0.0,0.0,0.7136,0.705344,0.0,1,0.0012843589999999,1.8355553756,1.7600510905677333,Train
JOXPIX_clean,5.23239,4.07998,5.23239,2.19565,717.149,326.623,0.211459,0.0963082,0.4132,0.188191,0.0,1,0.0007969533,0.7121002725,0.680869584217394,Train
JOYKUF_clean,15.8468,15.75155,15.8468,0.656923,1385.91,2109.7,0.0,0.0,0.7706,1.17304,0.0,1,0.0026722017999999,3.5605458761,3.281602772036522,Test
jp102463p_si_002_clean,7.50467,7.0978,7.502,1.02131,1655.17,1620.62,0.0,0.0,0.6276,0.614502,0.0,0,0.0035710913,4.0200938107,3.9552656913580013,Train
jp102463p_si_004_clean,7.69309,7.15133,7.69309,1.0015,1823.95,1821.21,0.0,0.0,0.6478,0.646828,0.0,0,0.0042293018,4.6873469562,4.575308413967932,Test
jp2064408_si_002_clean,12.93309,6.73336,12.93309,0.876804,2105.23,2401.03,0.0,0.0,0.7182,0.819111,0.0,1,0.0059893366,4.4506606387,4.370100456221462,Test
jp209895d_si_002_clean,5.49532,3.6076,5.46456,1.0177,1748.28,1717.87,0.0,0.0,0.5898,0.57954,0.0,1,0.0078528508,4.8133413776,5.1904284386541315,Test
JUCGUL_clean,6.1601,4.88151,6.1601,0.959179,1807.63,1884.57,0.0,0.0,0.5894,0.614484,0.0,1,0.0064683702,4.6708393447,4.830452350359615,Test
JUCXEK_clean,7.06758,6.25925,7.06758,2.58085,1392.56,539.574,0.0,0.0,0.5948,0.230467,0.0,1,0.0005728219,0.6889210862999999,0.6984200795266844,Train
JUFREJ_clean,6.336,6.00289,6.33424,2.30777,537.799,233.038,0.0,0.0,0.3782,0.163881,0.0,1,0.000609117,0.5595424052,0.457646099066626,Test
JUGQIN_clean,6.60597,5.16054,6.59079,1.12408,2425.27,2157.56,0.0,0.0,0.675,0.600491,0.0,1,0.0028350754,3.0122539317,3.2335367962847275,Test
JUGQOT_clean,6.35365,5.03774,6.35365,1.16137,2402.86,2068.99,0.0,0.0,0.662,0.570019,0.0,1,0.0028461139,3.0166124126,3.133367345662006,Test
JUJMOS_clean,10.00436,3.46125,9.10166,1.00404,871.243,867.739,634.245,631.694,0.6146,0.612128,0.0,0,0.0043388684,3.5019869738,3.464411376686851,Test
JUJTAL_clean,5.88047,3.45324,5.88047,1.10464,953.649,863.311,0.0,0.0,0.5102,0.461869,0.0,1,0.0081407463,4.1100353505000005,3.277143088783484,Test
JUMCOL_clean,7.85155,7.4129,7.84422,0.988066,1824.14,1846.18,0.0,0.0,0.6392,0.646921,0.0,0,0.0037544988,4.4865259351,4.122682694765037,Test
JUMCUR_clean,6.66565,6.12054,6.47961,1.03261,1670.88,1618.12,0.0,0.0,0.6176,0.598098,0.0,0,0.0039618798,3.8935630865,3.8030521946655647,Test
JUMDAY_clean,6.08117,5.71486,6.04254,1.0654,1666.94,1564.61,0.0,0.0,0.599,0.562229,0.0,0,0.0045479566999999,3.8210410298,3.8807057107781313,Test
JUMDEC_clean,6.63074,6.11727,6.62182,1.03639,1700.67,1640.96,0.0,0.0,0.617,0.595335,0.0,0,0.0042468034,3.9833302305,3.9501607054406267,Train
JUNBOL_clean,4.23505,3.57437,4.22469,1.56146,719.857,461.015,0.0,0.0,0.4554,0.29165,0.0,0,0.0027057229999999,1.8053731519,1.799809151973166,Train
JUNBUR_clean,6.68812,5.2162,6.6842,1.12906,2243.68,1987.2,0.0,0.0,0.6588,0.583492,0.0,1,0.003994602,4.2360993636,3.9864599026425553,Train
JUQVAU_clean,7.11924,4.2578,6.73222,1.25075,1718.51,1373.98,0.35167,0.281167,0.5804,0.464042,0.0,1,0.0036257104,3.0163645383,3.0881576648912326,Train
JURKIS_clean,7.21804,4.89996,7.21804,1.05199,1093.71,1039.66,0.0,0.0,0.5258,0.499814,0.0,1,0.001789282,1.8759787923,1.8065825196378833,Test
JUSBAC_clean,5.9515,3.58022,5.94467,1.69538,782.353,461.462,0.0,0.0,0.4474,0.263894,0.0,1,0.0045574297999999,1.7404199834,1.8929653260016301,Test
JUSKAL_clean,5.98148,5.50358,5.98148,1.39089,683.78,491.614,0.0,0.0,0.4456,0.320371,0.0,1,0.0016499172,1.2271456634,1.2602552934911442,Train
JUTCIM_clean,15.74073,14.87864,15.74073,0.734143,2013.05,2742.03,0.0,0.0,0.7486,1.01969,0.0,1,0.0052713421,4.5561392233,5.105578505196836,Test
JUTCUW_SL,6.94384,5.61196,6.94384,1.08226,2751.52,2542.38,0.0,0.0,0.7548,0.697429,0.0,0,0.0012637094,1.7008507112,1.6888590244382262,Train
JUVROJ_clean,5.07744,3.63748,5.07744,1.35621,1447.17,1067.07,0.0,0.0,0.563,0.415127,0.0,0,0.0049092674,3.3202800344,3.309534410361528,Test
JUXFAL_clean,5.68774,4.91257,5.68774,1.89851,1234.68,650.342,0.0,0.0,0.4776,0.251566,0.0,0,0.0027756519,2.0154895814,1.7588186568895787,Test
JUXFOZ_clean,6.56163,5.01898,6.56163,0.789798,2685.32,3400.01,0.0,0.0,0.699,0.885037,0.0,1,0.0054714327,5.3234529621,5.412175388947109,Train
JUYJIY_clean,8.93591,6.40725,8.93528,0.861374,1865.56,2165.8,0.0,0.0,0.6744,0.782935,0.0,0,0.003803628,3.7994510094,4.153934563735991,Test
JUYROM_clean,6.54798,4.58648,6.32354,0.991599,1825.87,1841.34,0.0,0.0,0.6014,0.606495,0.0,0,0.0057774181999999,5.1491369118,4.764804019345208,Train
jz4002345_si_002_clean,8.57756,4.11023,8.57756,1.21659,1656.78,1361.82,0.0,0.0,0.594,0.488251,0.000328789,0,0.0034370412,2.6947470973,2.833347031742709,Test
jz4002345_si_003_clean,8.23229,4.10889,8.23229,1.21659,1653.43,1359.07,0.0,0.0,0.5956,0.489565,0.000164394,0,0.003502143,2.6788238649,2.9789311600820616,Test
jz4002345_si_005_clean,8.17701,3.85924,8.17701,1.11826,1495.8,1337.62,0.0,0.0,0.578,0.516876,0.00017885,0,0.0048950272,2.954093496,3.69865296969059,Test
jz4002345_si_006_clean,8.7001,4.17817,8.7001,1.56011,1731.24,1109.69,0.0,0.0,0.5976,0.383051,0.000256393,0,0.0026601612,2.0875358281,2.2464038985998958,Train
KABNIL_clean,4.822,3.60721,4.822,1.40695,1317.06,936.108,0.0,0.0,0.5446,0.387078,0.0,1,0.0054399607999999,3.3812271229000004,3.341110724135082,Test
KABXES_clean,5.52619,4.96961,5.37117,1.18279,1951.27,1649.71,0.0,0.0,0.6294,0.53213,0.0,1,0.0044551777,3.438412468,3.722357602255787,Test
KABXIW_clean,5.62028,4.9456,5.38973,1.141,1960.49,1718.22,0.0,0.0,0.6228,0.545837,0.0,1,0.0043523376,3.4707104676,3.653272022297278,Train
KABXOC_clean,5.507,4.94994,5.35679,1.19591,1938.76,1621.16,0.0,0.0,0.616,0.51509,0.0,1,0.0045442856,3.4446132354000003,3.5489583786338907,Train
KACZEV_clean,9.80506,5.54909,9.77983,0.780304,2624.36,3363.25,0.0,0.0,0.7202,0.922973,0.0,1,0.0052945674,5.2619291694,5.340282018657498,Train
KACZIZ_clean,8.95718,5.39384,8.83819,0.804507,2612.7,3247.58,0.0,0.0,0.7218,0.897196,0.0,1,0.0054025178,5.1797551242,5.257079692622273,Train
KADLOT_clean,9.00309,8.54299,8.9671,0.97843,1897.63,1939.47,0.0,0.0,0.6736,0.68845,0.0,1,0.0034034645,3.6372137644,3.756915538313181,Test
KADLUZ_clean,14.27976,9.75466,14.27887,0.875377,1931.83,2206.85,0.0,0.0,0.6958,0.794857,0.0,1,0.0036640002,3.6844471133,3.759500833593448,Train
KAGVUL_clean,6.24779,5.74251,6.24779,3.24848,1430.81,440.455,0.0,0.0,0.5524,0.170049,0.0,1,0.00138551,1.2231559304,1.1726188532464232,Test
KAGWEW_clean,10.78843,9.81151,10.76706,1.6648,1720.66,1033.55,0.0,0.0,0.7082,0.425396,0.0,1,0.0008963163,1.1777707686,1.0798654671437773,Train
KAHMOW_clean,5.20373,4.91346,5.20373,1.50927,221.957,147.062,328.828,217.872,0.4508,0.298686,0.0,1,0.0091708808,1.4127042869,1.432859339507574,Train
KAHNOX_clean,6.67271,5.40663,6.66794,1.08519,2578.11,2375.72,0.0,0.0,0.741,0.682828,0.0,1,0.0006243385,1.0161153201000002,0.9384137867947571,Test
KAHPUE_clean,5.5467,4.52994,5.5467,1.10879,1597.49,1440.76,0.0,0.0,0.5904,0.532473,0.0,1,0.0020516406,2.1686091929,2.236159490304897,Test
KAHYEY_clean,3.89651,3.5765,3.89651,1.95338,467.631,239.396,0.0,0.0,0.401,0.205285,0.0,1,0.0017145893,1.3463406521,1.2691594548459955,Train
KAHYID_clean,8.93039,4.11514,8.89727,1.11173,2249.06,2023.03,0.0,0.0,0.7014,0.630911,0.0,1,0.0016213664,2.1376613478,2.146441851293265,Test
KAHYOJ_clean,8.86827,4.20402,8.86827,1.11868,2254.43,2015.26,0.0,0.0,0.7004,0.626094,0.0,1,0.0016250492,2.1542993251,2.1441833438139044,Train
KAHYUP_clean,8.96058,4.23716,8.87271,1.11708,2278.94,2040.08,0.0,0.0,0.7126,0.637912,0.0,1,0.0016669388,2.0956425298,2.1936149461177994,Train
KAJZIH_clean,8.4847,6.59254,8.46458,1.73964,1004.17,577.227,0.0,0.0,0.4824,0.277298,0.0,1,0.0018878534,1.7561178563,1.685802292891052,Train
KAKCAD_clean,9.06904,5.14285,6.93826,0.88724,1840.24,2074.12,0.0,0.0,0.6138,0.691809,0.0,1,0.0039219217,4.136408922,3.9809099652017155,Train
KAKCEH01_clean,8.87027,8.43287,8.86098,1.05825,1407.83,1330.34,0.0,0.0,0.5852,0.55299,0.0,0,0.0026654032,2.663863141,2.7208554899987734,Train
KAKCEH02_clean,9.05571,8.66764,9.05571,1.03977,1417.11,1362.9,0.0,0.0,0.5874,0.564931,0.0,0,0.0024676123,2.6168611976,2.614566532450906,Test
KAKCEH_clean,9.06296,8.67891,9.0551,1.03141,1421.05,1377.78,0.0,0.0,0.5742,0.556714,0.0,1,0.0025330879,2.6481394448,2.699294339895642,Train
KALFEK_clean,6.54196,4.56831,6.52391,0.938074,1723.71,1837.5,0.0,0.0,0.6008,0.640461,0.0,0,0.0063343385,4.8391062557,4.917259002564687,Test
KALFOU_clean,6.46523,4.80891,6.4631,0.94279,1718.26,1822.53,0.0,0.0,0.5936,0.629621,0.0,0,0.0067274436,4.9094613774,4.908826320015633,Train
KALGAH_clean,6.33471,4.78818,6.33036,0.937811,1809.34,1929.33,0.0,0.0,0.5982,0.637868,0.0,0,0.0065244458999999,4.792479118399999,4.90811847081069,Train
KALGEL_clean,6.46285,4.62415,6.46285,0.930333,1709.53,1837.55,0.0,0.0,0.6066,0.652024,0.0,0,0.0062116897,4.7372649874,4.850707298023616,Train
KANDIO_clean,6.34814,4.18035,6.34814,1.16715,1258.72,1078.45,0.0,0.0,0.5426,0.464892,0.0,1,0.006254025,3.6508076213,3.3362350216787213,Test
KANMIX_clean,9.77148,3.95127,9.76981,1.08328,1654.63,1527.42,0.0,0.0,0.6392,0.590057,0.0,1,0.0047425242,3.6704084618,3.8206251981414474,Test
KARLUM_clean,12.53415,7.4934,12.53415,0.637007,2138.43,3357.0,0.0,0.0,0.7386,1.15949,0.0,0,0.0036272461,4.4482799705,4.372655442590223,Test
KARNAU_clean,15.53234,10.48172,15.53234,0.459782,1976.67,4299.13,0.0,0.0,0.8028,1.74604,0.0,0,0.0042891427,5.0197469065,5.303136969428774,Test
KARNID_clean,13.04357,6.77607,13.04357,0.899644,2279.39,2533.66,0.0,0.0,0.69,0.76697,0.0,1,0.0048160895,4.6154704355,4.470521396657186,Train
KARTAA_clean,6.20188,4.23592,5.30961,1.89212,1747.42,923.525,0.0,0.0,0.5718,0.3022,0.0,0,0.0025678225,2.1464534997,2.1223013062113374,Train
KASRAZ_clean,6.01546,4.14091,6.00986,0.986437,2302.7,2334.36,0.0,0.0,0.6452,0.654071,0.0,1,0.0048778971,4.6027822442,4.589563136913615,Train
KASRED_clean,7.65199,6.36839,7.38295,0.889824,2356.91,2648.74,0.0,0.0,0.6808,0.765095,0.0,1,0.0045536562,4.4345326473,4.704500716183558,Train
KATDAM_clean,6.25403,6.06717,6.25403,1.40557,375.411,267.088,0.0,0.0,0.4372,0.311048,0.0,0,0.0005117812,0.4517908122999999,0.46924067024540017,Train
KAVGAQ_clean,5.26252,4.91537,5.26252,1.15534,1485.59,1285.85,0.0,0.0,0.5246,0.454067,0.0,0,0.0072497787,3.715874566,3.800954966307053,Train
KAVJEX01_clean,9.52843,6.46475,9.52268,1.03139,1993.36,1932.71,0.0,0.0,0.6454,0.62576,0.0,0,0.0015641795,2.0997182611,2.0933948164550253,Test
KAVJEX_clean,8.73636,5.24821,8.73636,1.1563,1804.89,1560.92,0.0,0.0,0.605,0.523221,0.0,0,0.0018262118,2.2725560622,2.155363546853764,Train
KAVKIC_clean,5.02071,3.4738,5.02071,2.5731,618.391,240.329,0.0,0.0,0.3932,0.152812,0.0,1,0.0018394171,0.8746502743000001,0.9212351949080282,Test
KAVNIH_clean,8.43697,7.72021,8.43697,1.03874,1070.95,1031.01,0.0,0.0,0.5158,0.496565,0.0,0,0.0035582099,2.6808818071,2.739281077836433,Test
KAVTEI_clean,5.69693,3.84932,5.6869,1.19116,1393.16,1169.59,0.886343,0.744103,0.5548,0.465766,0.0,0,0.0042563516,3.1857967917,3.1563756745264273,Train
KAVTUY_clean,5.22962,4.08985,5.19903,2.0701,676.869,326.975,0.0,0.0,0.424,0.204821,0.0,1,0.0015747708,0.9754810912,1.0130635025942247,Train
KAWBOB_clean,7.62136,6.38807,7.35051,1.08418,1533.97,1414.86,0.0,0.0,0.5764,0.531645,0.0,1,0.0028184298999999,3.0300763529,2.946762313578194,Test
KAWHEY_clean,18.21481,15.58526,18.21481,0.462868,1507.18,3256.18,0.0,0.0,0.8126,1.75558,0.0,1,0.0028514205,3.6756587123,3.846062283874094,Test
KAXQIL_clean,5.12409,3.76819,5.12409,1.55224,467.005,300.859,0.0,0.0,0.3454,0.222517,0.0,0,0.0146853474,1.6132243374000002,1.5804079786315817,Train
KAYBIX_clean,5.6946,5.49039,5.6894,1.21439,1338.7,1102.37,0.0,0.0,0.5044,0.415354,0.0,1,0.0084721813,3.9498153967,3.977181340594707,Train
KAYBUJ_clean,5.49315,5.23582,5.46639,1.19412,1383.3,1158.42,0.0,0.0,0.511,0.427931,0.0,1,0.0077431513,4.0142380907,3.8687426297366843,Train
KAYCIY_clean,5.92381,4.85823,5.92381,0.977102,1893.89,1938.27,0.0,0.0,0.5954,0.609353,0.0,1,0.0052723617,4.3357781443,4.384768825356773,Train
KEBFII_clean,5.16866,4.1674,5.16866,1.42464,1443.53,1013.26,0.0,0.0,0.5604,0.393361,0.0,1,0.0019947863,1.7315144690000002,1.8641089962667448,Train
KECRAL10_clean,7.14324,5.71599,7.14324,1.04513,2666.2,2551.06,0.0,0.0,0.762,0.729094,0.0,1,0.001030393,1.4296280048,1.3654152254876903,Test
KECRAL12_clean,6.84524,5.44973,6.84445,1.04937,2682.68,2556.47,0.0,0.0,0.7656,0.729579,0.0,1,0.0010478289,1.464592951,1.3771574149861143,Test
KECRAL_clean,7.14304,5.71829,7.14304,1.04514,2648.0,2533.63,0.0,0.0,0.759,0.726219,0.0,1,0.0010673435,1.4467904876,1.4218145635588122,Train
KEDJAG01_clean,5.62745,4.42901,5.626,1.06272,3032.17,2853.21,0.0,0.0,0.6922,0.651347,0.0,0,0.0020911929,2.7715855727,2.7905046070566337,Train
KEDJAG02_clean,5.64435,4.47405,5.63077,1.05807,3043.38,2876.34,0.0,0.0,0.6944,0.656287,0.0,0,0.0021351339,2.7880015368,2.8059272854349686,Train
KEDJAG03_clean,5.73609,4.60094,5.73609,1.03985,3094.03,2975.45,0.0,0.0,0.6998,0.672979,0.0,0,0.0021690882999999,2.8050766162,2.8482018782626275,Test
KEDJAG04_clean,5.58759,4.3837,5.56019,1.07026,3013.15,2815.34,0.0,0.0,0.6894,0.644141,0.0,0,0.0019913269,2.7503880272,2.7304185769809948,Train
KEDJAG06_clean,5.60157,4.39581,5.5618,1.06802,3018.73,2826.48,0.0,0.0,0.6908,0.646807,0.0,0,0.0020452546,2.741643765,2.7711333148587545,Test
KEDJAG08_clean,5.61357,4.40385,5.61357,1.06606,3021.96,2834.71,0.0,0.0,0.6918,0.648934,0.0,0,0.0020013135,2.7658233077,2.7495633900043224,Train
KEDJAG10_clean,5.6275,4.42824,5.62604,1.06272,3031.79,2852.86,0.0,0.0,0.692,0.651159,0.0,0,0.0021830696,2.7742999291,2.7879517442274384,Train
KEDJAG12_clean,5.63489,4.44582,5.40576,1.06079,3035.28,2861.33,0.0,0.0,0.6926,0.652908,0.0,0,0.002035268,2.7641515518,2.7698925710166376,Test
KEDJAG14_clean,5.64072,4.46761,5.621,1.05911,3041.81,2872.03,0.0,0.0,0.6942,0.655454,0.0,0,0.0020272787,2.7811667115,2.7656816205160744,Test
KEDJAG16_clean,5.644,4.47445,5.6433,1.05807,3043.8,2876.74,0.0,0.0,0.6942,0.656098,0.0,0,0.0020512465,2.7960727025,2.781824936326892,Train
KEDJAG18_clean,5.65854,4.50803,5.65314,1.0548,3060.96,2901.94,0.0,0.0,0.6954,0.659272,0.0,0,0.0020392626,2.7828923951,2.7658644568248776,Train
KEDJAG20_clean,5.67593,4.5303,5.67504,1.05131,3067.91,2918.19,0.0,0.0,0.6962,0.662224,0.0,0,0.0021151607,2.8021685198000004,2.82111196596337,Test
KEDJAG22_clean,5.70452,4.56197,5.70452,1.04697,3123.81,2983.66,0.0,0.0,0.6974,0.666112,0.0,0,0.0021531098,2.8108428758,2.839766058590167,Train
KEDJAG24_clean,5.73555,4.60029,5.7012,1.03985,3093.95,2975.36,0.0,0.0,0.6996,0.672786,0.0,0,0.0021071714,2.8117356774,2.8335658320182167,Train
KEDJAG26_clean,5.76062,4.63585,5.58828,1.03565,3107.22,3000.25,0.0,0.0,0.7004,0.676287,0.0,0,0.002117158,2.8325217753,2.824203225215173,Train
KEDJAG28_clean,5.787,4.68615,5.787,1.03012,3120.56,3029.31,0.0,0.0,0.7,0.67953,0.0,0,0.0021850669,2.8322301667,2.833345820251103,Train
KEDJAG_clean,5.61338,4.40406,5.55816,1.06606,3021.98,2834.73,0.0,0.0,0.6918,0.648934,0.0,0,0.0021391285,2.7471543679000003,2.7869944301125082,Test
KEDNOY_clean,4.98967,3.63243,4.9802,1.21306,941.075,775.788,0.0,0.0,0.514,0.423723,0.0,1,0.0120390793,3.970755125,3.7887493764058693,Test
KEDQAN_clean,6.47084,4.69781,6.47084,1.24227,903.446,727.254,0.0,0.0,0.4856,0.390897,0.0,0,0.0046195293,2.6464933371,2.330751947259249,Test
KEFBEE_clean,11.08232,7.03865,11.08232,0.706119,2334.22,3305.7,0.0,0.0,0.7482,1.05959,0.0,1,0.0038110792,4.5721993963,4.486708669107803,Test
KEFBII_clean,11.60551,5.69321,11.58639,0.756483,2453.14,3242.83,0.0,0.0,0.7332,0.969223,0.0,1,0.0048006606,5.0377411306,5.075799785485913,Test
KEFBOO_clean,11.98728,8.05488,11.98728,0.72084,2302.73,3194.5,0.0,0.0,0.7462,1.03518,0.0,1,0.0040102947,4.5910382539,4.622101818834568,Test
KEFWAV_clean,4.19377,3.55017,4.10153,1.43831,578.428,402.157,0.568123,0.394992,0.4896,0.340399,0.0,1,0.0038508795,2.7270649136,2.650949272421853,Train
KEFWID_clean,5.1885,3.70567,5.1885,1.78935,815.911,455.982,0.0,0.0,0.4748,0.265348,0.0,1,0.0030829996999999,1.6287851029,1.6813281995600395,Test
KEGYAX_clean,4.05397,3.78362,4.05397,2.49857,460.926,184.476,0.0,0.0,0.3628,0.145203,0.0,1,0.0010665907,0.7958424083,0.7458316446139635,Train
KEGZOL01_clean,6.43501,4.94371,6.43501,0.973544,2580.97,2651.11,0.0,0.0,0.724,0.743675,0.0,0,0.0019251669,2.481965356,2.4286523385240524,Train
KEGZOL02_clean,5.90632,4.48545,5.90632,0.991222,2611.36,2634.48,0.0,0.0,0.7042,0.710436,0.0,0,0.0018715245,2.4424805595,2.4219546879301648,Test
KEGZOL03_clean,6.38762,4.90333,6.38762,0.985223,2558.92,2597.3,0.0,0.0,0.7104,0.721055,0.0,0,0.0020960279999999,2.5019203372,2.580648182169245,Train
KEGZOL_clean,6.39792,4.91247,6.39792,0.989226,2580.25,2608.35,0.0,0.0,0.72,0.727842,0.0,0,0.0020463591,2.5445601029,2.580043381236825,Train
KEHFUA_clean,4.97412,3.92327,4.96359,1.11198,578.781,520.497,332.856,299.337,0.5476,0.492456,0.0,1,0.0043800498,2.7895033949,2.8022966642935927,Train
KEHGIP_clean,4.93159,3.98659,4.92634,1.07028,1453.04,1357.62,0.0,0.0,0.5542,0.517807,0.0,1,0.009062322,5.0358033922,4.82364236270267,Test
KEJBOQ_clean_h,5.17871,3.9347,5.17066,1.30921,1037.24,792.266,0.0,0.0,0.5384,0.411242,0.0,1,0.0102833256,3.8901465933,3.726292138199832,Test
KEJHIQ_clean_h,5.28754,3.98518,5.28525,1.29873,1052.26,810.224,0.0,0.0,0.5454,0.41995,0.0,1,0.0094698315,3.7427026026,3.6350766346146033,Train
KENJEU_clean,6.20454,3.65645,6.19551,1.18024,913.968,774.393,4.05812,3.43839,0.5244,0.444317,0.0,1,0.0024397958,2.134148022,1.8796851446554272,Test
KEPPIF_clean,7.58494,5.23607,7.09943,1.25981,2380.78,1889.8,0.0,0.0,0.6804,0.540084,0.0,1,0.0022364089,2.4772747727,2.589189105163413,Train
KEQDER_clean,13.61666,6.49901,13.37179,0.543402,2314.06,4258.46,0.0,0.0,0.7794,1.4343,0.0,1,0.0044964489,5.1042048941,5.219517250022596,Train
KESBOA_clean,6.05718,4.26017,6.04665,0.970091,1926.33,1985.72,0.0,0.0,0.5956,0.613963,0.0,1,0.0035335666,3.8046840128,3.592800598397007,Train
KESBUG_clean,6.02545,4.0393,5.99647,0.986984,1894.92,1919.91,0.0,0.0,0.59,0.597781,0.0,1,0.0032838713,3.4136309275,3.431770671855453,Train
KESGAS_clean,5.62194,5.11595,5.6016,1.12689,1067.74,947.506,0.0,0.0,0.5322,0.472273,0.0,1,0.0043393282,2.7350334162,2.7808691632728957,Test
KESHAT_clean,4.71415,3.88542,4.71415,1.78814,1095.1,612.422,0.0,0.0,0.4878,0.272797,0.0,1,0.0014989520999999,1.4086176041999998,1.3780496822437136,Train
KETHEY01_clean,5.27207,3.57986,5.2523,1.48689,974.284,655.251,0.0,0.0,0.4998,0.336139,0.0,1,0.007190693,2.5783436019,2.8194093543867087,Test
KETHEY02_clean,5.25403,3.55446,5.25403,1.49143,984.672,660.22,0.0,0.0,0.4862,0.325996,0.0,1,0.0074602335,2.5736804036,2.78500788165766,Train
KETHEY_clean,5.2876,3.58603,5.2765,1.48195,986.779,665.865,0.0,0.0,0.491,0.33132,0.0,1,0.0072717024,2.5922772266,2.8218331107994024,Test
KEVVIS_clean,6.50043,5.82364,6.50043,1.16086,1001.29,862.542,0.0,0.0,0.5192,0.447255,0.0,1,0.0027105383,2.0379354504,2.0859778911836226,Train
KEVWUF_clean,9.52723,4.19884,9.52723,1.04193,2188.13,2100.07,0.0,0.0,0.7092,0.680658,0.0,1,0.0016883766,2.1823847555,2.2527975774153832,Test
KEWBUL_clean,5.54329,4.14541,5.54329,1.48949,971.772,652.421,0.0,0.0,0.4996,0.335418,0.0,1,0.0027643324,1.8518531072,1.8343225374666359,Train
KEWNUX_clean,10.50155,5.22557,10.50155,1.81291,2313.92,1276.36,0.0,0.0,0.6966,0.384245,0.0,1,0.0007189849,0.9606347405,0.9869596130556695,Train
KEWZET_clean,6.38285,4.89652,6.37584,1.09177,1385.23,1268.79,0.0,0.0,0.5274,0.483068,0.0,1,0.003544429,3.0682260824000003,3.0081273165007922,Test
KEXFAU_clean,4.63469,3.96609,4.63178,0.913347,1885.16,2064.02,0.0,0.0,0.6022,0.659333,0.0,1,0.004715932,4.2963513652,4.561688392943526,Test
KEXFIC10_clean,4.89247,3.74563,4.89153,1.59304,659.951,414.272,0.0,0.0,0.4988,0.313112,0.0,1,0.0007861165,0.7763975553,0.7631273297916521,Test
KEXFIC_clean,4.90739,3.75202,4.9029,1.59304,664.487,417.119,0.0,0.0,0.5,0.313865,0.0,1,0.0007815103999999,0.7771291656999999,0.7528464776899018,Test
KEYFUR_clean,5.43827,4.92439,5.43827,1.64151,456.158,277.889,0.0,0.0,0.4004,0.243921,0.0,1,0.0009768832,0.6321415489,0.687201300386159,Train
KEYMUY_clean,6.53351,5.26079,6.50691,1.20658,1362.71,1129.4,0.0,0.0,0.5562,0.460973,0.0,1,0.0048149932,3.2624637205,3.2049042312359868,Train
KEYROX_clean,11.21887,3.60068,11.21229,0.939946,1552.8,1652.01,0.0,0.0,0.65,0.691529,0.0,0,0.0019295723,2.378793853,2.482962183978814,Test
KEYYET_clean,4.99758,4.16066,4.97856,2.73182,2341.44,857.098,0.0,0.0,0.6236,0.228273,0.0,1,0.0004567543,0.5920590732,0.6156160269960687,Train
KIBDEF_clean,4.31904,3.92279,4.31686,2.00589,798.722,398.188,0.0,0.0,0.4762,0.2374,0.0,1,0.0034833617999999,2.1759218055000003,2.044103945411848,Test
KIBDIJ_clean,4.30909,3.88512,4.30289,2.07432,740.264,356.871,0.0,0.0,0.4854,0.234004,0.0,0,0.0034093334,2.1165347378,2.0338730559724185,Train
KICXAX_clean,5.16268,4.57333,5.16268,3.58491,368.423,102.77,1.6771,0.467821,0.3658,0.102039,0.0,1,0.0003275503,0.2539883595,0.25824162608936474,Train
KICXEB_clean,5.19321,4.51034,5.19321,3.50049,366.788,104.782,3.53238,1.00911,0.3962,0.113184,0.0,1,0.000330667,0.2732850411,0.26498860947416025,Train
KIDDIM_clean,5.26498,3.54235,5.26498,1.46293,1254.88,857.787,0.054983,0.0375841,0.5414,0.370079,0.0,1,0.0057442577,2.9662339681,3.1220785366774826,Test
KIDDOS_clean,5.1988,3.52628,5.1988,1.34479,1175.14,873.846,0.0,0.0,0.5262,0.391287,0.0,1,0.0083453609,3.5844940372000003,3.5838248745708357,Train
KIDVIE_clean,6.06928,4.27938,6.0515,1.59401,1653.86,1037.55,0.0,0.0,0.5994,0.376033,0.0,1,0.001544956,1.6710132805000002,1.5493044409508197,Test
KIFWUT_clean,5.20547,3.53873,4.99626,1.38567,317.914,229.429,0.0,0.0,0.4078,0.294297,0.0,1,0.0021442326,0.8177768126999999,0.908427864029492,Train
KIGCEK_clean,10.39364,10.27787,10.39364,0.990795,1293.94,1305.96,0.0,0.0,0.603,0.608602,0.0,1,0.0016689064,2.187096795,2.0580084894762387,Train
KIJPUQ_clean,4.83597,4.0538,4.82906,1.04226,1795.93,1723.11,0.0,0.0,0.619,0.593902,0.0,1,0.0046106094,4.4388551593,4.284483513466013,Train
KIJRUS_clean,12.14192,7.10734,11.60914,0.697914,2309.15,3308.64,0.0,0.0,0.7064,1.01216,0.0,1,0.0053719920999999,5.3555049425,5.207037611731238,Train
KIKDAL_clean,6.22689,3.75929,6.04304,1.41993,422.344,297.441,0.0,0.0,0.4098,0.288607,0.0,0,0.0015430409,0.8259973965999999,0.8792998813681225,Train
KIKFIV_clean,6.97244,5.06027,6.95895,1.05179,1573.15,1495.68,0.0,0.0,0.5538,0.52653,0.0,1,0.0032501963,2.8215140251,3.034225396623773,Test
KINDOC_clean,6.25246,5.98089,6.23061,1.0194,1977.32,1939.7,0.0,0.0,0.6526,0.640183,0.0,1,0.0041616579999999,3.4264874094,4.122263402424591,Test
KINFAQ_clean,7.6173,5.59807,7.60335,1.3531,1646.54,1216.86,0.0,0.0,0.602,0.444903,0.0,1,0.0037607428,3.5529032199,3.3412157812667402,Train
KINFEU_clean,7.75525,5.37339,7.72099,1.46024,1528.12,1046.49,0.0,0.0,0.5768,0.395004,0.0,1,0.0041768837,3.2529053529,3.159716088604369,Train
KINNIG_clean,5.23856,4.20025,5.23856,0.934994,2808.15,3003.39,0.0,0.0,0.672,0.718721,0.0,0,0.0055482729,5.612176213,5.571310640903878,Train
KINPUU_clean,5.05147,4.16271,5.05147,1.13092,540.779,478.177,0.321066,0.283899,0.472,0.41736,0.0,1,0.0028161434,1.6735446733,1.7041914067111354,Train
KINQAB_clean,5.083,4.08701,5.083,1.12522,554.857,493.112,3.99845,3.5535,0.4816,0.428007,0.0,1,0.0026460499,1.5881522052,1.7196167287674455,Test
KINRIK_clean,9.88966,4.92572,9.88966,1.29557,1990.08,1536.07,0.0,0.0,0.6774,0.52286,0.0,1,0.0009593864,1.2111938893,1.2557280418836172,Test
KINROQ_clean,9.89689,4.84005,9.89689,1.30206,1987.71,1526.59,0.0,0.0,0.6598,0.506735,0.0,1,0.0009485901,1.2094701952,1.3023935651993304,Train
KIPJIE_clean,6.98996,5.50834,6.97989,1.65051,1046.06,633.782,0.0,0.0,0.4498,0.272521,0.0,0,0.0015160295999999,1.4572347675,1.5297101846262326,Test
KIPJOK_clean,7.22312,5.53705,7.21754,1.64475,1067.63,649.113,0.0,0.0,0.4574,0.278097,0.0,1,0.0016555706,1.5215309578,1.5536973128680167,Train
KIPJUQ_clean,7.29399,6.9774,7.2828,1.83817,548.504,298.397,9.18351,4.99601,0.453,0.246441,0.0,1,0.0005981116,0.6407279779999999,0.6280121405152479,Train
KIPKAX_clean,7.3989,7.10265,7.38802,1.86184,543.943,292.153,8.42327,4.52417,0.4534,0.243523,0.0,1,0.0007912464,0.7820888987000001,0.8210382031665997,Train
KIPKEB_clean,7.31365,7.00422,7.30257,1.55565,545.263,350.505,9.24741,5.9444,0.4558,0.292997,0.0,1,0.0008774276,0.8174875634000001,0.8555733782468846,Train
KIPZEQ_clean,4.90958,4.0897,4.90138,1.27414,1102.16,865.023,0.0,0.0,0.4878,0.382847,0.0,1,0.0050299786,2.9461620497000003,2.858178017894339,Test
KIRFIA_clean,5.7578,4.65199,5.7578,1.02515,3140.54,3063.5,0.0,0.0,0.6918,0.674829,0.0,0,0.0020106344,2.7782839146,2.758912630502736,Train
KIRTUC_clean,4.85053,4.15268,4.83508,1.33238,1171.73,879.427,0.0,0.0,0.5362,0.402437,0.0,0,0.0166327423,4.8953538308,4.644104692593758,Train
KISVEO_clean,12.37009,6.46344,11.80655,2.21622,1903.3,858.806,0.0,0.0,0.6734,0.303851,0.0,1,0.0010954728,1.2691415751,1.1762121031137955,Train
KITVEQ_clean,6.53651,4.25527,6.53589,1.13006,897.316,794.041,0.0,0.0,0.4944,0.437498,0.0,0,0.0032127545,2.4495729282,2.0863032332697466,Test
KIVDUQ_clean,6.26762,4.30044,6.26762,1.44826,1375.59,949.827,0.0,0.0,0.529,0.365266,0.0,1,0.0017618776999999,1.7393164844,1.7596694952887493,Train
KIVFAY_clean,6.23242,4.28797,6.23242,1.46353,1355.07,925.895,0.0,0.0,0.5256,0.359132,0.0,1,0.0017685341,1.7032982428,1.738140457673539,Test
KIVFEC_clean,6.2609,4.2583,5.97896,1.47095,1347.56,916.116,0.0,0.0,0.5236,0.355961,0.0,1,0.0018310628,1.7149179719999998,1.7480467227727665,Train
KIYMIQ_clean,7.09051,6.95471,7.08404,1.0379,1177.89,1134.87,0.0,0.0,0.482,0.464398,0.0,1,0.0053413951,3.4594862442000003,3.44045475112359,Train
KIYQEQ_clean,5.83028,3.92148,5.83028,1.25472,1762.89,1405.01,0.0,0.0,0.5742,0.457633,0.0,1,0.0063762039,4.049588394700001,4.095496193657002,Test
KIYQIU_clean,5.86454,4.0944,5.8642,1.28277,1638.51,1277.32,0.0,0.0,0.564,0.439672,0.0,1,0.0065584671999999,4.2874676458,4.044618046471705,Train
KIYQOA_clean,4.76031,3.94678,4.76031,1.3892,1043.7,751.292,0.0,0.0,0.5312,0.382377,0.0,1,0.007865943,3.497140714,3.469082399912196,Train
KIYTOD_clean,14.38752,6.75209,13.57035,0.794229,1901.95,2394.72,0.0,0.0,0.7144,0.899489,0.0,1,0.0033533024,4.0925005658,3.9308867084533956,Train
KIYXUN_clean,17.29009,12.6482,17.27598,0.96734,1415.77,1463.57,0.0532371,0.0550346,0.6946,0.718052,0.0,1,0.0010510364,1.5167072186,1.468219690010629,Train
KOBFIR_clean,7.61968,5.81939,7.61968,0.929894,1834.94,1973.28,0.0,0.0,0.6418,0.690186,0.0,0,0.0043057304999999,4.1573077741,4.305264725674908,Train
KOBRAV01_clean,6.38674,3.78902,6.38674,1.36238,822.472,603.704,0.0,0.0,0.4712,0.345866,0.0,1,0.0022871255,1.6901014011000002,1.6421094181277804,Test
KOBRAV_clean,6.35889,3.80128,6.35889,1.36336,826.663,606.343,0.0,0.0,0.4722,0.34635,0.0,1,0.0022571304,1.690071406,1.610263483485849,Train
KOCCUC_clean,9.17407,6.81795,9.17407,1.04186,1636.71,1570.96,6.29699,6.044,0.6142,0.589525,0.0,1,0.0027209584999999,3.1473260833,2.9080005269049103,Train
KOCWEF_clean,8.13442,3.87575,8.10204,1.046,828.231,791.809,624.804,597.328,0.5872,0.561377,0.0,1,0.0034552168,3.4291025197,3.0099511315105008,Test
KOFPEB01_clean,7.3154,5.12362,7.3154,1.77872,899.08,505.464,0.0,0.0,0.461,0.259175,0.0,0,0.0019079682,1.500786299,1.4813535614217617,Train
KOFPEB02_clean,7.34058,5.07386,7.34058,1.77151,892.32,503.707,0.0,0.0,0.46,0.259666,0.0,0,0.0018769803,1.5131493573,1.4768065699353776,Train
KOFPEB03_clean,7.32397,5.11399,7.32397,1.7716,886.883,500.612,0.0,0.0,0.461,0.260217,0.0,0,0.0018426723,1.4917710387,1.4527267133452582,Test
KOFPEB04_clean,7.23942,4.91036,7.23942,1.7997,891.039,495.105,0.0,0.0,0.4576,0.254265,0.0,0,0.0020175325,1.5594131588,1.528667633956452,Test
KOFPEB_clean,7.31754,5.12695,7.31754,1.78125,881.099,494.651,0.0,0.0,0.4574,0.256786,0.0,0,0.0019289957,1.4853709343,1.48873451770995,Train
KOFVOS_clean,5.23992,4.30833,5.23699,1.25499,1442.74,1149.6,0.0,0.0,0.543,0.432672,0.0,1,0.0053155613,3.4003364126,3.3250782445536666,Train
KOGYIP_clean,5.27845,4.86254,5.27845,1.3895,794.839,572.034,0.0,0.0,0.4714,0.33926,0.0,1,0.0016104903,1.1852501305,1.2798721554705494,Test
KOHDIW_clean,6.97684,4.55031,6.84951,0.806536,2130.46,2641.49,0.0,0.0,0.6532,0.809883,0.0,1,0.0044938546,4.9904888643000005,4.570389061512287,Test
KOHKIC_clean,9.61717,7.1473,9.61717,0.879264,1566.05,1781.09,99.4285,113.081,0.6478,0.736752,0.0,1,0.0036765253999999,3.6657907612,3.518298736063366,Test
KOHKOI_clean,9.75224,7.03631,9.74499,0.882485,1556.94,1764.27,99.8155,113.107,0.639,0.724092,0.0,1,0.0036588095,3.6910582695,3.5080469037368207,Train
KOHLIE_clean,6.85522,4.84816,6.83832,0.971676,1685.5,1734.63,0.0,0.0,0.5992,0.616666,0.0,1,0.004133278,3.6613609913,3.8946282771077345,Test
KOJTOU_clean,6.48228,4.55814,6.48011,1.0623,1935.66,1822.14,0.0,0.0,0.6082,0.57253,0.0,1,0.0036440195,3.3838902962,3.4409443730033984,Train
KOJZEP_manual,15.61444,13.71841,15.61444,0.514247,2543.27,4945.62,0.0,0.0,0.7936,1.54323,0.0,1,0.0038297093,4.3983004663,5.142999264231502,Test
KOJZIT_clean,16.19567,14.7503,16.19567,0.506406,2424.91,4788.47,0.0,0.0,0.7912,1.56238,0.0,1,0.0041166165,4.9524496943,5.354988960581284,Test
KOJZUF_clean,5.27662,4.93416,5.27372,1.16508,1131.52,971.191,0.0,0.0,0.5138,0.440998,0.0,1,0.0036810566999999,2.5777212634,2.580193549580536,Test
KOKKOL_clean,5.52004,3.68761,5.13882,1.35428,964.882,712.469,2.40449,1.77548,0.5008,0.369791,0.0,1,0.0066433659,3.1626762623,3.090155641401048,Train
KOMCOG_clean,8.14869,7.69355,8.14119,0.987789,1275.19,1290.95,0.0,0.0,0.5856,0.592839,0.0,0,0.0030812839,3.3274148721,3.1591001895785347,Train
KOMDAT_clean,8.28379,7.41139,8.23195,0.998413,1202.66,1204.57,0.0,0.0,0.5776,0.578518,0.0,0,0.0026057886999999,2.8425808084,2.633894371374855,Test
KOMGUP_clean,4.68805,3.52352,4.66923,1.59631,799.407,500.784,0.0,0.0,0.5144,0.322243,0.0,0,0.0050852302,2.2299609813,2.397354584614761,Train
KOMVIT_clean,5.90535,4.58324,5.82203,1.08467,916.631,845.08,0.0,0.0,0.4426,0.408051,0.0,1,0.0019657210999999,2.0555035084,1.680860989830334,Test
KONCIA_clean,4.36737,3.44948,4.36567,1.89084,688.357,364.048,0.0,0.0,0.4706,0.248884,0.0,0,0.0035170452,2.2210503536000004,2.0253513968388335,Test
KONSAJ_clean,18.94329,3.74567,18.94329,1.10475,1183.2,1071.01,0.0,0.0,0.647,0.585652,0.0,1,0.0009839716,1.381407338,1.5067330512287336,Test
KONYOB_clean,4.69642,3.80022,4.68366,1.36629,635.393,465.049,0.0,0.0,0.4666,0.341508,0.0,1,0.001119265,1.0009505217,1.000816779233506,Train
KOQLUZ_clean,5.1448,3.57576,5.11859,3.8283,1063.95,277.916,0.0,0.0,0.4726,0.123449,5.22e-05,1,0.0005326952,0.5178973377,0.5574335498238403,Train
KORNAI_clean,6.27152,3.95758,6.27152,1.38102,999.488,723.73,0.0,0.0,0.4722,0.34192,0.0,1,0.0023909539,1.9163622642,1.7390259275751254,Test
KOSJAF_clean,10.99192,9.84925,10.99026,1.18883,1563.88,1315.47,0.0,0.0,0.6324,0.53195,0.0,1,0.0022669952,2.8635764382,2.8659138763538405,Train
KOSJEJ_clean,11.06598,9.80954,11.06598,1.1867,1573.29,1325.77,0.0,0.0,0.637,0.536783,0.0,1,0.0024967221,2.9270469611000003,2.9999943830471563,Test
KOSJIN_clean,11.01144,9.80964,11.01144,1.18637,1561.55,1316.25,0.0,0.0,0.6378,0.537607,0.0,1,0.0025341195,2.8687283762,3.0492520812225252,Test
KOSJOT_clean,11.15761,9.87899,11.15761,1.18127,1568.08,1327.45,0.0,0.0,0.6374,0.539589,0.0,1,0.002498503,2.9215584464,2.99980320563598,Test
KOSJUZ_clean,11.10045,9.86004,11.10045,1.1813,1571.58,1330.38,0.0,0.0,0.6394,0.541269,0.0,1,0.0024967221,2.9021972746,2.999412825236269,Test
KOSKAG_clean,11.20025,9.92421,11.20025,1.17831,1553.45,1318.38,0.0,0.0,0.64,0.543152,0.0,1,0.0025554895,2.9278234025,3.0975083497118985,Test
KOSKEK_clean,11.20845,9.89743,11.20845,1.17889,1581.37,1341.4,0.0,0.0,0.6412,0.543901,0.0,1,0.0024094615,2.9277842243000003,2.933754857015991,Train
KOSKIO01_clean,11.01399,9.78872,11.01003,1.18277,1548.2,1308.96,0.0,0.0,0.6322,0.534508,0.0,1,0.0023364475,2.7525542219,2.919124652415003,Test
KOSKIO_clean,11.01742,9.84741,11.01742,1.18828,1532.31,1289.52,0.0,0.0,0.6324,0.5322,0.0,1,0.0023845299,2.8641409609,2.890286012207617,Test
KOSKUA_clean,11.38797,10.70957,11.38797,1.17105,1531.31,1307.64,0.0,0.0,0.6356,0.542761,0.0,1,0.0024824754999999,3.0490551109,3.0131779443512783,Train
KOSLAH_clean,11.4975,10.81891,11.4975,1.16812,1568.04,1342.37,0.0,0.0,0.638,0.546177,0.0,1,0.0023667216,2.9866548662,3.007355790682832,Test
KOSLIP_clean,11.047,9.74411,11.047,1.19777,1578.73,1318.05,0.0,0.0,0.6514,0.543843,0.0,1,0.0025077014,2.9133372166000004,2.971667083550441,Train
KOSLOV_clean,11.06557,9.9584,11.06504,1.19415,1597.55,1337.81,0.0,0.0,0.6546,0.54817,0.0,1,0.0025790442,2.9837722339,3.05218759433146,Train
KOSLUB_clean,10.96072,9.79504,10.96072,1.20031,1612.87,1343.71,0.0,0.0,0.6478,0.539695,0.0,1,0.0024042542,2.9115233245,2.8944863059800823,Test
KOSMAI_clean,11.0184,9.87166,11.0184,1.18797,1537.56,1294.27,0.0,0.0,0.6322,0.532166,0.0,1,0.0023952149,2.8389582594,2.890286012207617,Train
KOTSIX_clean,5.60667,4.32453,5.60667,1.2413,1001.47,806.796,0.0,0.0,0.493,0.397165,0.0,1,0.0018669407,1.5531900722999998,1.5909980752872424,Train
KOVJAI01_clean,4.82969,3.81832,4.82273,1.56913,1845.61,1176.2,0.0,0.0,0.5908,0.376513,0.0,1,0.0028674888,2.6769916972,2.711704777329387,Test
KOVJAI_clean,5.14485,3.87668,5.14485,1.59025,1739.3,1093.73,0.0,0.0,0.5728,0.360194,0.0,1,0.0028277321,2.566729521,2.525663054467882,Train
KOXFUA_clean,4.69443,3.97759,4.69443,1.13804,1028.96,904.147,0.0,0.0,0.5206,0.457451,0.0,0,0.0036228734999999,2.8402899801,2.6777802748784603,Test
KOXGAH_clean,5.583,3.66466,5.55273,1.2752,1155.67,906.265,0.0,0.0,0.5562,0.436166,0.0,1,0.0036763639,2.4460670545,2.5653027533048487,Train
KOXGIP_clean,6.17141,3.90334,6.16279,1.0195,1425.23,1397.97,0.0,0.0,0.5534,0.542815,0.0,0,0.0030336556,2.8063154678,2.8456986532120307,Test
KOZNIY_clean,6.57194,5.24744,6.52017,1.04618,2076.22,1984.58,0.0,0.0,0.6344,0.606399,0.0,1,0.0031274102,3.0603844397000004,3.389999518556909,Test
KOZQEX_clean,22.4236,6.86083,22.4236,0.430914,1919.0,4453.33,0.0,0.0,0.8428,1.95584,0.0,1,0.0032433253,4.5614274408,4.465066328785817,Test
KOZSID_clean,5.70928,3.86868,5.70928,1.21403,346.494,285.408,0.0,0.0,0.432,0.35584,0.0,0,0.0004156667,0.4160051531,0.3949393575196676,Train
KOZSOJ_clean,5.58117,3.74612,5.58117,1.23312,326.732,264.964,0.0,0.0,0.4264,0.34579,0.0,0,0.000430182,0.3841657450999999,0.3619168216103197,Train
KUCDIW_clean,15.32957,4.28733,15.14716,0.82417,1410.27,1711.14,0.0,0.0,0.6424,0.779451,0.0,0,0.0024445414,2.3636919547,2.703514196491317,Test
KUCDOD_clean,4.90891,3.62196,4.90891,1.35907,1386.6,1020.26,0.0,0.0,0.5556,0.40881,0.0,1,0.0048975399,3.3288513045,3.237358298772834,Test
KUDLUR_clean,7.15013,5.00794,7.15013,1.94765,848.423,435.613,0.0,0.0,0.4292,0.220368,0.0,0,0.0019028229,1.3457160631,1.3430674335763069,Test
KUDMAY_clean,7.16272,5.01285,7.16272,1.93261,861.664,445.855,0.0,0.0,0.439,0.227154,0.0,0,0.0020420253,1.3616790797,1.413574921868532,Test
KUDWAJ_clean,7.33926,6.28305,7.32227,0.91185,1922.64,2108.5,0.0,0.0,0.6474,0.709985,0.0,1,0.0029996513,3.3891305947,3.3648901892338814,Test
KUFBEU_clean,5.14306,4.53772,5.14306,2.05503,811.697,394.98,0.0,0.0,0.4976,0.242137,0.0,1,0.001186738,0.9185903089,0.9964605095315924,Train
KUFTAI_clean,6.13135,4.37055,6.10622,0.966131,1917.87,1985.1,0.0,0.0,0.596,0.616894,0.0,1,0.0065922436,4.7430448116,4.885655174488981,Train
KUFVAK_clean,6.38663,4.81205,6.34996,0.850503,2611.85,3070.95,0.0,0.0,0.6758,0.794589,0.0,1,0.0044428826,5.0272458755,4.8883425250045,Test
KUGZIW_clean,10.78109,9.76034,10.78096,0.954298,1397.44,1464.37,0.0,0.0,0.6244,0.654303,0.0,1,0.0030823353,3.6163197406,3.4225679814795695,Train
KUHNEI_clean,4.79446,3.77144,4.77823,1.53468,1318.31,859.009,0.0,0.0,0.5006,0.326191,0.0,1,0.0067385582999999,3.4158531899,3.366895843145829,Train
KUJMEJ_clean,4.61683,4.05372,4.60817,1.34015,2066.31,1541.85,0.0,0.0,0.6314,0.47114,0.0,1,0.0042435434999999,3.8378895949,3.862752978221743,Test
KUJMIN_clean,6.57892,5.89807,6.49701,1.10785,2422.79,2186.93,0.0,0.0,0.699,0.630954,0.0,1,0.0034983783,3.8315976591,3.7313381406555113,Test
KUJNEJ_clean,12.51834,7.61249,12.51295,0.637007,2148.52,3372.84,0.0,0.0,0.739,1.16011,0.0,0,0.0038401986999999,4.5284220824,4.47265835191002,Test
KUJNOT_clean,8.23736,6.10049,8.23736,1.05875,1568.61,1481.57,0.0,0.0,0.6114,0.577473,0.0,1,0.0037791742,3.3797273217000003,3.404737379743179,Train
KUJNUZ_clean,8.0106,6.50203,7.98579,1.08206,1519.03,1403.83,0.0,0.0,0.6028,0.557085,0.0,1,0.0040183341,3.3443972374,3.6080284076779128,Train
KUJPAH_clean,10.82391,6.6625,10.80154,0.808261,1985.69,2456.74,0.0,0.0,0.6988,0.864572,0.0,1,0.003456799,3.5500588383,3.706610710042617,Train
KUJTUG_clean,6.64483,3.87362,6.64483,1.33823,656.021,490.215,0.0,0.0,0.462,0.345232,0.0,0,0.0040413405,1.7531651806,1.8540938011193764,Train
KUKMUA_clean,7.32298,5.66775,7.31573,1.18063,2218.14,1878.78,0.0,0.0,0.6574,0.556822,0.0,1,0.0038226986,3.9357766498,3.8006044399122776,Test
KUKPOX_clean,5.10165,4.15013,5.10165,1.44975,1410.84,973.163,0.0,0.0,0.5516,0.38048,0.0,1,0.00396736,2.7140984561000003,2.864676510432356,Test
KUKZOH_clean,7.44729,5.70388,7.44729,0.883784,2165.19,2449.91,57.8203,65.4236,0.6614,0.748373,0.0,1,0.0053336337,4.5069386927,4.637646121518912,Train
KULLAG_clean,8.67819,7.37101,8.67819,0.808147,1895.46,2345.44,0.0,0.0,0.644,0.796885,0.0,1,0.0029896717,3.3031478254000004,3.4617788670235736,Test
KULLEK_clean,9.57077,7.08727,9.56435,0.806267,1675.18,2077.7,0.0,0.0,0.6472,0.802712,0.0,1,0.0022646467,2.7374830103,2.784658828250813,Test
KULMEK_clean,13.21045,7.45311,13.20856,0.659951,2268.86,3437.92,0.0,0.0,0.7544,1.14311,0.0,0,0.0028646079,3.5720793923,3.855923442726299,Test
KULRIT_clean,5.77631,3.79148,5.77631,1.4748,1923.58,1304.31,0.0,0.0,0.5954,0.403717,0.000135612,1,0.0036614562,3.2485545385,2.9905044222413735,Test
KULZEY_clean,5.33789,3.67614,4.8281,1.21787,366.738,301.132,43.558,35.7659,0.4728,0.38822,0.0,1,0.0031256644,1.4993157785,1.5754809530869376,Train
KUMGIK_clean,4.46757,3.79797,4.46575,1.34004,1684.26,1256.87,0.0,0.0,0.5592,0.417301,0.0,0,0.0077048861,4.3553442239,4.627560334772442,Test
KUMGOQ_clean,5.8077,3.86323,5.63808,1.72243,1551.26,900.621,0.0,0.0,0.5892,0.342074,0.0,1,0.0011053066,1.2410364046,1.27010527826616,Train
KUNMUD_clean,4.95062,4.13329,4.94762,1.10605,938.168,848.212,43.6274,39.4442,0.5178,0.468151,0.0,0,0.0062112167,3.460627209,3.441940771467086,Test
KUNSUJ_clean,17.88791,6.52688,17.88791,0.635531,1938.63,3050.41,0.0,0.0,0.7634,1.2012,0.0,1,0.0041101625,4.7705148944,4.77692554360152,Train
KUNWEW_clean,5.28786,3.80654,5.2803,1.47108,725.981,493.502,0.0,0.0,0.4468,0.303722,0.0,1,0.0020623035,1.5061594378999998,1.4811260271208,Train
KUQWIE_clean,4.08788,3.51453,4.08434,2.15741,347.669,161.151,0.0,0.0,0.4,0.185408,0.0,1,0.0026776915999999,1.0377886117,1.1827976663248216,Train
KUQXIE_clean,4.66467,3.81788,4.64797,2.25323,873.463,387.649,0.0,0.0,0.4358,0.193411,0.0,1,0.0030313481,1.5523260159,1.6461820667389566,Test
KUSZED_clean,6.91176,5.48765,6.90468,1.05966,2714.41,2561.59,0.0,0.0,0.7606,0.717779,0.0,1,0.0010782794999999,1.5138064168,1.4765929875617605,Train
KUTDAG_clean,8.09572,7.27616,7.85826,1.05444,1387.54,1315.9,115.306,109.353,0.5816,0.551571,0.0,1,0.0039631688,3.1297755245,3.2590227718863587,Train
KUTRUO_clean,6.83473,3.59668,6.83473,1.18846,813.826,684.776,8.77654,7.38483,0.5106,0.429633,0.0,0,0.0020506995,1.7587706836,1.6727416887006343,Test
KUVJIW_clean,5.68037,4.76623,5.68037,2.51192,1254.16,499.284,0.0,0.0,0.5368,0.213701,0.0,1,0.0022209888,1.5491396717,1.5679478540023621,Test
KUVMIZ_clean,15.75075,11.00764,15.73688,0.361001,1774.59,4915.74,0.0,0.0,0.8214,2.27534,0.0,1,0.0030843059,4.3334459058,4.456645354605737,Train
KUVMUL_clean,6.75392,4.07419,6.69615,0.89776,1801.49,2006.65,0.0,0.0,0.591,0.658305,0.0,1,0.0030850544,3.3183428498,3.405802306122762,Test
KUVYAD_clean,7.7679,4.64075,7.76059,0.97417,2004.06,2057.19,0.0,0.0,0.6464,0.663539,0.0,1,0.0037139158,3.8104509681,3.8446599061952327,Train
KUXLUL_clean,5.74302,5.27685,5.74302,1.21834,2265.85,1859.79,0.0,0.0,0.629,0.516277,0.0,1,0.0041565916,4.0994860006,3.86282948116106,Test
KUXREC_clean,9.08968,8.2956,9.08968,0.720728,2297.66,3187.98,0.0,0.0,0.7352,1.02008,0.0,1,0.0034183797,4.1563674402,4.332687759212414,Test
KUYPIF_clean,5.29478,4.2566,5.29396,1.44591,1143.68,790.98,0.0,0.0,0.5108,0.353273,0.0,1,0.0147268722999999,3.8235792473,3.6568455536601974,Train
KUZPEC_clean,5.17179,3.98335,5.17179,1.18882,918.246,772.405,0.0,0.0,0.4884,0.410829,0.0,0,0.0036563272999999,1.9532485406,2.136109483123941,Train
KUZZAI_clean,6.29773,3.71971,6.29294,1.09675,1370.58,1249.67,0.0,0.0,0.5312,0.48434,0.0,1,0.0055381892,3.5873018851,3.6188541151812683,Train
la304204k_si_003_clean,7.26398,5.93484,7.26398,0.928582,1704.47,1835.57,0.0,0.0,0.6226,0.670485,0.0,1,0.0042603838,4.1862598563,4.1574712874767865,Train
la4012839_si_002_auto,13.36908,6.74856,13.36908,0.867921,2110.92,2432.16,0.0,0.0,0.7182,0.827495,0.0,1,0.0052873812,4.2823986746,4.292567195763044,Train
LABJUV_clean,5.11712,3.55603,5.11324,2.35598,595.818,252.896,0.0,0.0,0.4426,0.187862,0.0,1,0.0007148304,0.5714015734000001,0.5921660277117451,Train
LABNAG_clean,10.27364,5.56329,10.24469,1.27911,1762.02,1377.54,0.0,0.0,0.6464,0.505353,0.0,0,0.0016987360999999,1.9735007645,2.0274839954756745,Train
LABNIO_clean,10.05627,4.99033,10.05627,1.27605,1802.46,1412.53,0.0,0.0,0.6588,0.51628,0.0,0,0.0017833889,2.1132664443,2.034885963845273,Test
LABPOV_clean,5.38943,3.83465,5.38943,1.71242,444.245,259.426,0.0,0.0,0.4352,0.254144,0.0,1,0.0005449156,0.4869703715,0.49441018500875966,Test
LABPUB_clean,5.35903,3.85156,5.35903,1.74047,449.583,258.311,0.0,0.0,0.4336,0.249128,0.0,1,0.0005209883999999,0.4640725142,0.471299235627487,Train
LABQAI_clean,5.3891,3.9099,5.3891,1.74433,460.911,264.234,0.0,0.0,0.4348,0.249265,0.0,1,0.0005133291,0.47719114,0.4690764926554829,Train
LABRUE_clean,7.57658,5.24596,7.57658,1.02746,1360.51,1324.14,0.363733,0.354011,0.5524,0.537636,0.0,1,0.0041939863,3.1478901980000003,3.2848702641867407,Train
LACBID_clean,10.30601,6.64118,10.28692,0.805914,2114.88,2624.2,0.0,0.0,0.7002,0.868827,0.0,1,0.0027908703999999,3.3606589316,3.451164803827326,Train
LACGED_clean,5.2733,3.44165,5.13632,1.92322,520.432,270.604,0.0,0.0,0.4068,0.21152,0.0,1,0.0056993606999999,1.4088034337,1.403658518366545,Train
LACNUB_clean,10.94579,5.16973,10.93074,0.864094,1771.17,2049.74,0.852229,0.986269,0.6286,0.727467,0.0,1,0.0048841768,3.7806777152,3.8366387019033503,Train
LACQIS_clean,6.42465,5.40382,6.41795,0.966783,2295.27,2374.13,0.0,0.0,0.6476,0.669851,0.0,1,0.0033954758,3.64819928,3.721002596852775,Train
LACZEX_clean,9.30565,6.85906,9.27959,0.706361,2166.56,3067.21,0.0,0.0,0.6788,0.960982,0.0,1,0.0036715139,4.7781029719,4.321389523549048,Test
LADHEF_clean,6.83841,4.27158,6.82898,1.16057,1697.89,1462.98,0.0,0.0,0.622,0.535943,0.0,1,0.003812394,3.5059046202,3.426593916905673,Test
LADHIJ_clean,6.31369,5.23329,6.31062,1.05952,1841.47,1738.01,0.0,0.0,0.633,0.597438,0.0,1,0.0049041598,4.196254257300001,4.15075461364002,Test
LADKEJ_clean,5.28453,4.80173,5.27514,1.43501,1453.93,1013.18,0.0,0.0,0.553,0.385362,0.0,0,0.0042457288,2.7169474261,2.7751167742263076,Train
LADQEP_clean,6.40577,5.56715,6.25288,1.14819,702.645,611.957,670.065,583.581,0.5642,0.49138,0.0,1,0.00419789,3.0437820568,3.033211105256105,Train
LADQIT_clean,6.45056,5.56339,6.34518,1.15416,710.115,615.268,669.203,579.82,0.57,0.493867,0.0,1,0.0041498467,3.0021099264,3.082703876332306,Test
LADQOZ_clean,6.39416,5.57332,6.29797,1.14467,684.064,597.606,672.069,587.128,0.5646,0.493241,0.0,1,0.0042351928,3.0379946543000003,3.028051442268049,Test
LADQUF_clean,6.36601,5.5234,6.1979,1.16657,696.584,597.122,678.849,581.92,0.5602,0.480212,0.0,1,0.0042936903,3.0089946779,3.0319800983811884,Test
LAFFEG02_clean,5.85231,3.84033,5.85188,1.01925,1457.17,1429.65,0.0,0.0,0.5954,0.584153,0.0,1,0.0046239535,3.722928507,3.740345125876708,Train
LAFQOA_clean,12.74838,4.90662,12.74647,0.732143,1873.63,2559.11,0.0,0.0,0.6698,0.914849,0.0,0,0.0058991903,4.8564036057,4.872192701577257,Train
LAFQUG_clean,12.86913,4.98724,12.65799,0.728838,1735.49,2381.17,147.1,201.828,0.6744,0.925308,0.0,0,0.0062619464,4.8580430523,4.600118493964502,Test
LAFRAN_manual,12.74626,5.01226,12.74368,0.72706,1886.16,2594.23,0.0,0.0,0.6866,0.944351,0.0,0,0.0059167998,4.8686651167,4.860369341154459,Test
LAFRER_manual,13.05445,5.12975,13.05445,0.705732,1930.45,2735.39,0.0,0.0,0.696,0.986211,0.0,0,0.0058146644999999,4.8267826268,4.901278628399253,Train
LAFRIV_manual,12.37219,5.304,12.36122,0.722154,1902.53,2634.52,0.0,0.0,0.6808,0.942735,0.0,0,0.0062320102,4.9937437988,5.107406199308521,Test
LAFROB_manual,12.50276,5.7361,12.50276,0.712849,1639.29,2299.63,251.853,353.304,0.6904,0.968508,0.0,0,0.0061562893,4.9286149773000005,4.884509442719921,Train
LAGBUS_clean,7.74875,6.13477,7.74875,1.18661,1504.44,1267.85,0.0,0.0,0.5684,0.479013,0.0,1,0.0024494513,2.4758497762,2.6316945087098302,Test
LAGDII_ion_b,7.42765,5.89687,7.42765,1.85675,752.998,405.546,104.015,56.0201,0.501,0.269826,0.0,1,0.0013498286,1.293134772,1.2222853488949854,Train
LAGHIL_clean,4.99697,4.10291,4.99697,1.2735,911.527,715.766,0.0,0.0,0.5088,0.399529,0.0,1,0.00931663,3.1937356828,3.296447137457438,Train
LAGMUD_clean,4.81496,3.82583,4.65063,1.13347,1702.63,1502.14,0.0,0.0,0.5906,0.521054,0.0,1,0.0062146805,4.572236362,4.569765153135856,Test
LAGNAK_clean,5.49382,4.32281,5.47087,1.02346,1865.76,1823.0,0.0,0.0,0.633,0.618491,0.0,1,0.0046755178,4.1361614301,4.215349374135124,Train
LAGNEO_clean,5.27906,4.62985,5.27848,1.04928,1875.68,1787.59,0.0,0.0,0.62,0.590882,0.0,1,0.0050008972999999,4.2652141488,4.1305410640880025,Test
LAGNIS_clean,5.10607,4.02699,5.08197,1.11842,1698.05,1518.26,0.0,0.0,0.5914,0.528783,0.0,1,0.0048247364,4.1177529605,3.8475738598787785,Test
LAGNOY_clean,7.14061,4.94756,7.14061,1.20532,1458.34,1209.92,0.0,0.0,0.5588,0.463613,0.0,1,0.0058589046,4.2493182174,3.7315287237998063,Train
LAGNUE_clean,5.28866,4.84747,5.2531,1.29946,1308.25,1006.77,0.0,0.0,0.533,0.410171,0.0,1,0.0068495506,3.6546155681,3.2481299475367913,Test
LAGPAM_clean,5.52911,4.43587,5.49964,1.29684,1347.35,1038.95,0.0,0.0,0.5314,0.409766,0.0,1,0.0055763563,3.1666767921,3.1871733573277954,Train
LAGQER_clean,4.88781,3.95017,4.78327,1.29203,1761.41,1363.29,0.0,0.0,0.6026,0.466399,0.0,1,0.0044832328,3.5649592929,3.679207607283276,Test
LAGQOB_clean,4.89671,3.9272,4.87864,1.32887,1753.02,1319.17,0.0,0.0,0.599,0.450758,0.0,1,0.0042758874,3.5651054875,3.5100381108168106,Train
LAGTIY_clean,8.49333,5.93464,8.49333,1.13024,2517.32,2227.25,0.0,0.0,0.7308,0.646591,0.0,1,0.0019941613,2.5337593469,2.5370205100328906,Test
LAGVOG_clean,7.38705,6.71212,7.38296,0.935187,2320.11,2480.9,0.0,0.0,0.6728,0.719428,0.0,1,0.0029621895,3.7533045005,3.4318209913468376,Test
LAGWEX_clean_h,6.67772,5.77243,6.67772,1.37946,1565.15,1134.61,0.0,0.0,0.5916,0.428865,0.0,1,0.0034734201,3.0166352371,2.990751184350176,Test
LAGWUN_clean,7.27418,6.60927,7.27418,1.47237,1426.73,969.005,0.0,0.0,0.5734,0.38944,0.0,1,0.0028092004999999,2.6701561259,2.5981309829219708,Test
LAHTUM_clean,7.00326,4.86289,7.00219,1.1818,1642.93,1390.19,0.0,0.0,0.5612,0.474868,0.0,1,0.00483254,3.7954947108,3.72305196822436,Train
LAHVAU_clean,7.77112,5.22128,7.77112,1.02459,1747.86,1705.92,54.8522,53.5358,0.6324,0.617222,0.0,1,0.0044516921999999,3.9562736977,4.02555015713823,Test
LAHYOL_clean,4.91604,3.64149,4.71388,1.41984,853.074,600.823,0.0,0.0,0.4516,0.318063,0.0,1,0.0075776861,2.7237997394,2.693324875033276,Train
LAJJAK_clean,5.2622,3.52522,5.24789,1.1695,1542.33,1318.79,0.0,0.0,0.5992,0.512354,0.0,0,0.0056435498,3.7366099483,3.8796237686411565,Train
LAJTIC_clean,3.75555,3.44484,3.75041,1.857,465.817,250.843,0.0,0.0,0.5076,0.273344,0.0,1,0.0001967618,0.2791885093,0.2943500824067238,Train
LAKFIN_clean,8.38907,7.72449,8.38907,1.20127,2069.83,1723.03,0.0,0.0,0.6742,0.561239,0.0,0,0.0025687646,2.7975683583,2.7772269015600317,Test
LALFEL_clean,6.13469,4.34629,6.1328,1.17934,2824.52,2395.0,0.0,0.0,0.6914,0.58626,0.0,1,0.0021306777,2.6638162361,2.58718547381835,Train
LALFUB_clean,4.98066,4.11701,4.97309,1.72073,1391.23,808.509,0.0,0.0,0.5092,0.29592,0.0,0,0.0027201838,2.0521776968000003,2.041882671479797,Train
LAMFEK_clean,4.48925,3.88031,4.48925,1.58556,679.109,428.309,0.0,0.0,0.4966,0.313202,0.0,1,0.0008045411,0.8418049076,0.8263505624109202,Train
LAMFIO_clean,4.66583,3.98613,4.66523,1.50136,697.933,464.867,0.0,0.0,0.541,0.360339,0.0,1,0.0005885468,0.704225488,0.7060501745344867,Train
LAMFOU_clean,4.69194,4.00507,4.69151,1.56242,721.999,462.102,0.0,0.0,0.5042,0.322704,0.0,1,0.0008728657,0.8451585698,0.880006160165808,Train
LAMHAI_clean,5.00396,3.88434,5.00066,1.56799,698.006,445.161,0.0,0.0,0.506,0.322707,0.0,1,0.0007980158,0.7914082355,0.75564993108416,Train
LAPZIO_clean,15.30437,8.24294,15.30437,0.552463,2030.06,3674.57,0.0,0.0,0.7882,1.4267,0.0,1,0.0067708822,5.7915073549,6.21092342131092,Test
LAQNID_clean,13.51443,6.53331,13.51443,0.653619,2236.32,3421.44,0.0,0.0,0.7516,1.1499,0.0,1,0.0050404056,4.9449592330000005,5.021313886940346,Test
LAQZOV_clean,6.50752,5.08332,6.49522,1.09349,2330.32,2131.09,0.0,0.0,0.645,0.589856,0.0,1,0.0031835615,3.3500831286,3.3841842653647562,Train
LARNIE_clean,4.62596,4.14329,4.62016,1.44887,799.885,552.077,0.0,0.0,0.4668,0.322183,0.0,0,0.0047972217,2.8170217489,2.459773659439554,Train
LARPEC_clean,7.01725,4.86799,6.99499,1.23133,2027.11,1646.27,0.0,0.0,0.6304,0.511965,0.0,1,0.004560109,3.9963730518,3.9621861598603187,Train
LARVIM_clean,10.82294,9.52295,10.82294,1.0693,1503.49,1406.04,81.7206,76.4241,0.6418,0.600203,0.0,1,0.0026165498,3.1280035427,2.638287096170819,Test
LARXUA_clean,21.8367,11.13953,21.8367,0.43704,1909.12,4368.3,0.0,0.0,0.8068,1.84605,0.0,1,0.0031720337,4.4598075478,4.320094821737069,Test
LASDEQ_clean,13.8531,8.72821,13.84085,0.762381,2268.77,2975.9,0.0,0.0,0.7444,0.976415,0.0,1,0.0040001345,4.4940369252,4.583951973269407,Train
LASMAV_neutral,8.35947,4.46891,5.6634,1.04829,1752.03,1671.32,0.0,0.0,0.5968,0.569309,0.0,1,0.0039494401,3.2181341086,3.4306732095372277,Train
LASRAB_clean,10.22208,8.47748,10.22208,0.840267,2115.15,2517.24,0.0,0.0,0.7808,0.929228,0.0,1,0.001216206,1.836182087,1.814711093461222,Test
LASREF_clean,11.04017,10.09881,11.0096,0.804882,1997.85,2482.17,0.0,0.0,0.781,0.970328,0.0,1,0.0014880774,2.0109724757,2.013029116234664,Train
LASRIJ_clean,11.13693,10.31061,11.1274,0.748964,1958.48,2614.92,0.0,0.0,0.808,1.07882,0.0,1,0.0014476489999999,2.0708655721,2.0721591250260594,Train
LASWEJ_clean,7.10977,4.83707,7.10977,1.05149,1683.85,1601.39,0.0,0.0,0.578,0.549695,0.0,1,0.0053120367,3.955781626,4.049115782868195,Test
LASWIN_clean,4.48241,3.82945,4.48241,1.26627,817.741,645.786,0.0,0.0,0.4948,0.390753,0.0,1,0.0099557908,3.66623763,3.5501128862947295,Test
LASYOU_clean,10.05429,4.94116,10.05429,0.926612,2320.72,2504.52,0.0,0.0,0.6828,0.736878,0.0,1,0.0045672614,5.1116533698,4.4241270749318184,Test
LATCEO_clean,5.87388,4.8832,5.87388,1.09727,2738.31,2495.57,0.0,0.0,0.732,0.667111,0.0,1,0.0013305953,1.7502080488,1.6516789540733008,Train
LATPIG_clean,6.7326,6.29437,6.73188,1.53602,1420.36,924.703,0.0,0.0,0.5822,0.379031,0.0,0,0.0028042333,2.2601376663,2.405239344335977,Train
LATYOX_clean,8.43825,7.66991,8.43825,0.899517,1548.12,1721.06,0.0,0.0,0.606,0.673695,0.0,0,0.0024429355,3.0772399785,2.752524117586587,Test
LAVCOD_clean,3.77854,3.49065,3.77854,2.38895,513.1,214.781,0.0,0.0,0.4702,0.196823,0.0,1,0.004753092,2.6899682826,1.8727528355351966,Test
LAVCUJ_clean,4.43208,3.98772,4.43094,2.2011,1075.88,488.794,0.0,0.0,0.5356,0.243333,0.0,1,0.0002969611,0.4078668359,0.4015667405646357,Train
LAVDOE_clean,6.06535,4.45301,6.06535,1.35673,1212.79,893.908,0.0,0.0,0.533,0.392855,0.0,1,0.0035696671999999,2.4987220925,2.4641869480770557,Test
LAVSUY_clean,6.88683,6.50841,6.88683,1.28067,1607.28,1255.03,0.0,0.0,0.5652,0.441333,0.0,0,0.0049311154,3.8540350286,3.969479233202784,Test
LAVTAF_clean,6.94207,6.59487,6.94207,1.57026,1544.58,983.644,0.0,0.0,0.5696,0.362742,0.0,0,0.0033883462,2.9416005482,2.9627616089104567,Test
LAVTEJ_clean,6.93182,6.57314,6.93182,1.58977,1549.61,974.742,0.0,0.0,0.5672,0.356782,0.0,0,0.0035566158,2.9087161732,2.968824328490246,Test
LAVTIN_clean,6.87869,6.48693,6.87869,1.63046,1549.18,950.153,0.0,0.0,0.5698,0.349473,0.0,0,0.0035837416,2.8665276829,2.8819281069340903,Test
LAVTOT_clean,6.86565,6.50199,6.86565,1.63118,1543.92,946.504,0.0,0.0,0.5648,0.346252,0.0,0,0.0035837416,2.893220251,2.880963818119606,Test
LAVTUZ_clean,6.84748,6.45021,6.84748,1.66996,1548.02,926.977,0.0,0.0,0.5682,0.340247,0.0,0,0.0043841815999999,3.2165260614,3.1363522020946557,Test
LAVZOA_clean,4.97897,3.76472,4.96668,2.4043,872.519,362.9,0.0,0.0,0.4822,0.200558,0.0,1,0.0023955341,1.3365806603,1.3785371639154311,Train
LAVZUG_clean,9.32038,5.88413,9.23158,1.53681,2188.0,1423.72,0.0,0.0,0.709,0.461344,0.0,1,0.0015277918,1.950819241,1.7290016136268187,Test
LAWFOF_clean,15.10116,7.95608,15.10116,0.589497,2232.85,3787.72,0.0,0.0,0.8124,1.37812,0.0,0,0.0025751476,3.5813951924,3.628107326152983,Train
LAWFUL_clean,15.1002,7.9585,15.1002,0.589907,2229.21,3778.92,0.0,0.0,0.8122,1.37683,0.0,0,0.0024909328,3.5954631285,3.49918060566015,Train
LAWFUN_clean,6.89842,3.95926,6.89842,1.2173,1168.89,960.232,0.0,0.0,0.5192,0.426519,0.0,1,0.0057395493999999,3.2785178599,3.124000761836135,Test
LAWGAS_clean,15.0923,7.9386,15.0599,0.589907,2234.12,3787.24,0.0,0.0,0.812,1.37649,0.0,0,0.0024777425,3.5696071447000004,3.5102701952317856,Test
LAWGEW_clean,15.06244,7.93691,15.06244,0.591684,2230.24,3769.3,0.0,0.0,0.803,1.35714,0.0,0,0.0025122402,3.5600512974000003,3.5626023403695237,Train
LAWGIA_clean,15.0745,7.93652,15.0745,0.590588,2230.11,3776.08,0.0,0.0,0.8028,1.35932,0.0,0,0.0026096453,3.5411871742,3.6213931615799186,Test
LAWGOG_clean,15.0805,7.93827,15.0805,0.589428,2230.89,3784.84,0.0,0.0,0.8032,1.36268,0.0,0,0.0022240834,3.528772081,3.2964181651943933,Train
LAWGUM_clean,15.09972,7.93483,15.09787,0.58881,2231.62,3790.06,0.0,0.0,0.8032,1.36411,0.0,0,0.0023296056,3.5345108655,3.43920871699152,Test
LAWHOJ_clean,10.27348,3.66364,10.27348,1.54552,1337.51,865.414,0.0,0.0,0.5444,0.352244,0.0,1,0.0025788262,2.5317483427000003,2.3447237142165624,Train
LAWHUP_clean,10.46029,3.75562,10.46029,1.55256,1336.79,861.022,0.0,0.0,0.5416,0.348844,0.0,0,0.0026960927,2.5512042112,2.241580806316634,Test
LAXJAX_clean,12.82983,5.12034,12.75758,0.7175,1929.2,2688.78,0.0,0.0,0.678,0.944947,0.0,0,0.0061598112,5.0419463465,5.084843403714769,Train
LAYGAV_clean,6.45802,4.57521,6.44061,1.03521,1472.0,1421.94,0.0,0.0,0.5658,0.546558,0.0,0,0.0050500195,3.8161182679,3.8259867342189255,Test
LAZGOK_manual,4.94973,3.64755,4.74405,1.28266,1115.13,869.385,0.0,0.0,0.5616,0.43784,0.0,1,0.001073337,1.1715776241,1.2697339118992494,Test
LAZJIH_clean,5.57744,4.95549,5.57327,1.06968,1869.94,1748.13,0.0,0.0,0.6238,0.583165,0.0,0,0.0076756455,4.776663151,4.8863830906500105,Train
LAZKUU_clean,6.24874,4.05552,6.23411,0.996458,1522.19,1527.6,0.0,0.0,0.5832,0.585273,0.0,0,0.0042303538,3.5974338991000003,3.5954547034248883,Test
LAZXOB_clean,9.34691,6.36719,9.34691,1.04439,1784.83,1708.97,0.0,0.0,0.6322,0.605329,0.0,1,0.0029440138,2.9157736914,3.2712884969886513,Test
LECFAC_clean,9.81867,4.43769,9.81443,0.838672,2179.96,2599.3,0.0,0.0,0.7164,0.854207,0.0,1,0.0048340017999999,4.2556378236,4.4078214141271115,Train
LECFEG_clean,9.36969,4.36946,9.36969,0.882661,2218.78,2513.74,0.0,0.0,0.708,0.80212,0.0,1,0.0046652192,3.9950320953,4.3567456323290035,Train
LECGIL_clean,10.08545,7.23049,10.05263,0.936646,2086.42,2227.54,0.0,0.0,0.727,0.776173,0.0,1,0.0013079617,1.9076763767,1.8550669007682512,Test
LEDHEJ_clean,5.17343,4.21878,5.16848,1.58915,678.436,426.917,0.0,0.0,0.4584,0.288456,0.0,1,0.0050612537,1.7119955221,1.7787538778058398,Train
LEDHIN_clean,5.14094,4.21977,5.13595,1.60723,671.365,417.716,0.0,0.0,0.4556,0.28347,0.0,1,0.005133054,1.6921737346,1.806764995632653,Test
LEDLAJ_clean,6.91296,3.51033,6.91296,1.15045,885.224,769.461,0.0,0.0,0.496,0.431137,0.0,1,0.0033673114,2.1018263061,2.2356740969144835,Test
LEDLEN_clean,8.11845,6.60905,8.11698,0.914085,1985.25,2171.84,0.0,0.0,0.6552,0.716782,0.0,1,0.0031371489,3.3089216969,3.467821793352586,Train
LEGGEK_clean,4.38053,3.59011,4.38053,1.51154,471.927,312.216,0.0,0.0,0.4872,0.32232,0.0,1,0.0091798306,3.3169653806,3.1836830280111785,Train
LEGGIO_clean,5.18429,3.8135,5.15632,1.17196,1806.33,1541.29,0.0,0.0,0.5938,0.506672,0.0,1,0.0058006282999999,3.9293308102,4.029728088068533,Test
LEHXUT_clean,24.94881,9.11981,13.96328,0.407171,1936.47,4755.92,0.0,0.0,0.8288,2.03551,0.0,1,0.0037812006,4.7103702216,4.88025341177609,Train
LEJBUX_clean,6.30676,4.81909,6.30369,1.04776,2668.26,2546.63,0.0,0.0,0.7428,0.70894,0.0,1,0.0012497053,1.6186329078,1.6326286516220476,Test
LEJCAE_clean,5.15076,4.65327,5.14771,1.13486,3020.72,2661.76,0.0,0.0,0.7162,0.631093,0.0,1,0.0013422159,1.7526142996,1.71949103498199,Train
LEJKIW_clean,6.1081,4.29761,6.1081,1.82473,1754.35,961.429,0.0,0.0,0.562,0.307991,0.0,1,0.0061219431999999,3.1644014665,3.2430649370525284,Train
LEJRIC_clean,11.60038,10.84699,11.60038,1.19087,1547.76,1299.69,0.0,0.0,0.637,0.534904,0.0,1,0.0025130521,3.079109475,3.0711875005032314,Train
LELDUD_clean,16.5482,9.24625,16.5482,0.458126,1992.46,4349.15,0.0,0.0,0.829,1.80955,0.0,1,0.0033947255,4.5913206388,4.654656122805411,Train
LELMIA01_clean,5.7573,4.86083,5.74121,1.47804,1284.35,868.952,0.0,0.0,0.5138,0.347622,0.0,1,0.0061281320999999,3.0994656698000003,2.997339478149244,Train
LELMIA_clean,5.90205,5.05463,5.89889,1.44105,1311.25,909.93,0.0,0.0,0.5386,0.373756,0.0,1,0.0057094599,3.140476145,3.0127769515238683,Test
LELROL_clean,9.52458,5.89518,9.49645,0.725604,2342.81,3228.77,0.0,0.0,0.6884,0.948726,0.0,1,0.0035538128,4.4031633914,4.3919802817120255,Test
LELRUR_clean,7.75367,5.31169,7.43322,1.04806,1544.2,1473.39,0.0,0.0,0.5926,0.565427,0.0,1,0.0028815178,3.1571151282,2.902752005363476,Test
LEMVOP_clean,5.28106,3.76828,5.22671,1.49221,559.092,374.674,165.129,110.661,0.47,0.314969,0.0,0,0.0021712322,1.4287765147999998,1.4168165599074296,Train
LENGAO_clean,9.03703,6.62918,8.94738,0.968421,1920.56,1983.18,0.0,0.0,0.6764,0.698457,0.0,1,0.0032475128,2.8956773629000003,3.4192683366670114,Train
LENKIA_clean,11.49386,10.72802,11.47361,1.31034,1534.89,1171.37,0.0,0.0,0.6288,0.479875,0.0,1,0.0022330135,2.7908846009,2.7459972785454423,Train
LEQQAA_clean,5.52925,4.85253,5.5277,0.807375,2409.06,2983.81,0.0,0.0,0.6688,0.828364,0.0,1,0.0044146964,4.715633144,4.691452955462709,Test
LEQQII_clean,8.74289,7.28376,8.74289,0.770513,1869.68,2426.54,0.0,0.0,0.6812,0.884086,0.0,1,0.0027705196999999,3.534676192,3.454433384940095,Test
LEQVUZ_clean,9.63173,5.48027,9.50266,0.666563,1780.56,2671.25,394.567,591.942,0.7036,1.05556,0.0,0,0.0037403315,4.671276869,4.610605804339622,Test
LESWAI_clean,5.70322,4.2936,5.70044,1.41973,1194.97,841.693,0.0,0.0,0.5074,0.357393,0.0,0,0.0056499984999999,2.8375852952,2.824904347708741,Test
LETDEU_clean,8.60977,8.56919,8.60977,1.61724,1284.5,794.25,0.0,0.0,0.6168,0.38139,0.0,1,0.0003615116,0.555574394,0.5463960091883298,Train
LETDUK_clean,7.09435,6.39708,7.09435,1.10433,2376.79,2152.25,0.0,0.0,0.6948,0.62916,0.0,1,0.0017314477,2.2852952884,2.1804174190500323,Test
LETPOR_clean,11.06769,10.6456,11.06769,1.31092,1583.35,1207.82,0.0,0.0,0.6774,0.516738,0.0,1,0.0019899012,2.0507053947,2.2642296614982063,Train
LETPUX01_clean,17.65528,16.43472,17.65528,1.06966,1485.27,1388.55,0.0,0.0,0.7452,0.696673,0.0,1,0.0022348569,2.1814567753,2.5163593030209204,Test
LETPUX_clean,17.65528,16.43472,17.65528,1.06966,1482.59,1386.05,0.0,0.0,0.7454,0.69686,0.0,1,0.0022127623999999,2.1734320591,2.42448415388439,Test
LETQAE01_ion_b,17.89295,17.20825,17.88663,1.0366,1281.21,1235.97,0.0,0.0,0.718,0.692649,0.0,0,0.0018534048,1.5727109832,1.7088933399781252,Train
LETQAE_clean,18.31927,17.55519,18.31927,0.940384,1367.76,1454.47,0.0,0.0,0.7778,0.827109,0.0,1,0.0021431206,2.283064069,2.356032906061431,Train
LETQEI_clean,25.68935,25.43895,25.68935,0.814849,1230.83,1510.5,0.0,0.0,0.8076,0.991104,0.0,1,0.0022227785,2.2719906118,2.5208196433065715,Test
LETRAF_clean,26.75898,26.49317,26.74189,0.733819,1149.99,1567.13,0.0,0.0,0.828,1.12834,0.0,1,0.0018937129,2.1548753103,2.3275028238606734,Test
LEVBAQ_clean,5.71097,4.52955,5.6806,2.00382,1507.28,752.202,0.0,0.0,0.5374,0.268188,0.0,1,0.0085249662,3.5114059441000003,3.0892557310339086,Test
LEVDIB_clean,12.81022,4.05785,12.67653,0.771367,2135.54,2768.51,0.0,0.0,0.6982,0.905146,0.0,1,0.0050989882,4.7821776452,4.896531962413581,Test
LEVLEF_clean,20.18098,6.8654,20.18098,0.883011,1005.98,1139.26,176.505,199.889,0.6154,0.696933,0.0,1,0.0081103883,3.9612646151,3.12500890671729,Test
LEVNOQ01_clean,5.76478,3.88293,5.76079,0.975082,1366.72,1401.64,0.0,0.0,0.5706,0.585182,0.0,1,0.0073478743999999,4.6221119561,4.458650953168745,Train
LEVNOQ_clean,5.91307,3.93225,5.91307,0.947393,1555.93,1642.33,0.0,0.0,0.5826,0.614951,0.0,1,0.0070547358999999,4.7428403473000005,4.740175440536891,Test
LEVPAF_clean,9.99333,8.10197,9.99333,0.81142,1805.64,2225.28,0.0,0.0,0.6764,0.833601,0.0,1,0.0028458552,3.2345144648,3.4401637355577814,Test
LEVYOC_clean,4.43687,3.53475,4.41654,1.7513,543.427,310.299,0.0,0.0,0.4316,0.246445,0.0,1,0.004549627,2.0090402751,1.8917273492735898,Train
LEWMUX_clean,9.4187,3.8157,9.4187,1.15388,1572.68,1362.95,0.0,0.0,0.5946,0.515306,0.0,1,0.0065274784,3.747081339,4.3101130393952465,Test
LEYFUS_clean,6.97561,3.5531,6.28921,2.99567,1378.54,460.178,5.73766,1.91532,0.5416,0.180795,0.0,1,0.0004268808,0.5516565728,0.5480463315318476,Train
LEYPAI_clean,5.73576,4.86589,5.73576,1.67394,1567.04,936.138,0.0,0.0,0.5778,0.345174,0.0,1,0.0016323552,1.5336532663,1.613647537131543,Test
LEYQUD_clean,9.49015,4.11988,9.48875,1.0718,2134.49,1991.5,0.0,0.0,0.699,0.652175,0.0,1,0.0017097926,2.1071084385,2.315522498895252,Test
LEYRAK_clean,9.5213,4.16248,9.5213,1.04525,2148.73,2055.7,0.0,0.0,0.7006,0.670268,0.0,1,0.0016356082,2.1471543222,2.2191644021537833,Test
LEYREO_clean,9.51379,4.14819,9.5125,1.05388,2143.29,2033.7,0.0,0.0,0.7,0.66421,0.0,1,0.00154202,2.1142830071,2.0679235312160307,Train
LEZLAF_clean,5.67349,3.43363,5.66285,1.39295,953.777,684.72,0.0,0.0,0.529,0.379771,0.0,1,0.0020995778,1.6398912138,1.6837583639916016,Test
LEZMIN_clean,4.88856,4.07448,4.86623,1.80949,1151.84,636.557,0.0,0.0,0.5686,0.314232,0.0,0,0.0055600402,3.0394640622000004,2.684796151586261,Test
LEZWUK_clean,6.90304,3.45469,6.90294,3.02612,1351.11,446.482,2.10866,0.696819,0.5404,0.178579,0.0,1,0.0004309619999999,0.5622895032,0.571525824896745,Train
LEZXAR_clean,6.92017,3.56103,6.91993,3.0017,1355.71,451.646,4.12818,1.37528,0.5278,0.175834,0.0,1,0.0005639257,0.6488223536,0.6453313154431282,Train
LIBQIY_clean,9.48211,4.09783,9.48211,1.10251,2123.81,1926.34,0.0,0.0,0.703,0.637636,0.0,1,0.0015155975,2.0544320121,2.040765403549122,Train
LIBZIG_clean,5.90138,4.68963,5.90138,1.54375,1825.0,1182.18,0.0,0.0,0.5888,0.381408,0.0,1,0.0024269746,2.2644907667,2.300796396076843,Train
LICKAL_clean,4.46919,3.89223,4.46919,1.80004,671.763,373.194,1.29095,0.717177,0.4414,0.245217,0.0,1,0.0035503834,1.6671320884999998,1.8317297655020597,Test
LIDWIG_clean,6.16997,4.49229,6.14357,1.15777,1073.38,927.108,0.0,0.0,0.4856,0.419428,0.0,0,0.0048789515,2.9135271082,2.754064194068207,Train
LIDZOP_clean,5.56488,4.14994,5.56158,1.64984,557.624,337.986,0.0,0.0,0.3922,0.23772,0.0,0,0.0098485969999999,1.5961095887,1.697680598600304,Train
LIDZUV_clean,5.12552,3.77339,4.88815,1.54716,456.013,294.742,0.0,0.0,0.3458,0.223506,0.0,0,0.0144372978,1.6119941723,1.5682569502899641,Train
LIFSAW_clean,5.78145,3.73909,5.7809,1.26392,1211.1,958.208,0.0,0.0,0.5322,0.421072,0.0,0,0.0043657453,2.8089644434,2.9014787386427052,Test
LIFSEA_clean,5.51731,3.61848,5.51731,1.29733,1177.02,907.264,0.0,0.0,0.5102,0.393268,0.0,0,0.005061785,2.9663612575,3.0450208098502918,Train
LIFWOO_clean,4.98366,4.55513,4.98366,1.07707,1107.59,1028.34,0.0,0.0,0.5242,0.486692,0.0,0,0.0085575332,3.7935429177,3.921227706931525,Test
LIGHAM_clean,5.55777,4.9763,5.55645,1.04913,1135.92,1082.72,0.164681,0.156969,0.531,0.506133,0.0,1,0.0032096865,2.584076742,2.6397337425901477,Train
LIJNOJ01_clean,4.91078,3.67872,4.91078,1.2863,552.942,429.872,0.0,0.0,0.425,0.330406,0.0,0,0.0053868115,1.9952978102,1.8077755396765471,Test
LIJNOJ_clean,4.87208,3.58717,4.87208,1.2994,528.572,406.782,0.0,0.0,0.416,0.320148,0.0,0,0.0052898765,1.9536157987,1.792270742189342,Train
LIKDOA_clean,18.48324,9.41931,18.48324,0.536397,1957.94,3650.16,0.0,0.0,0.8154,1.52014,0.0,1,0.0029621258,3.9631164634,3.973121606837436,Train
LIPQOR_clean,9.96385,4.33568,9.96385,0.897942,1931.52,2151.05,198.042,220.551,0.6648,0.74036,0.0,1,0.0036201877,3.919534831,3.674632488366185,Test
LIQDAS_clean,12.80393,5.86346,12.80393,0.732254,1996.94,2727.12,0.0,0.0,0.725,0.990093,0.0,1,0.0027943442,3.7159097066,3.572370815144631,Test
LIQFEY_clean,5.32747,3.70757,5.32747,1.44986,1251.71,863.334,0.0,0.0,0.5234,0.361001,0.0,0,0.005482173,3.0868007071,3.001189391798285,Train
LIQJEC_clean,8.59986,6.07561,8.59986,1.33584,1720.59,1288.03,0.0,0.0,0.6236,0.466823,0.0,0,0.0016372417999999,1.9317952701,1.928342943539929,Train
LIRFIB_clean,9.16234,8.82724,9.16234,0.554774,2252.81,4060.77,0.0,0.0,0.8042,1.4496,0.0,0,0.0016682978,2.4188383102,2.4611935083187735,Train
LIRNOR_clean,5.98787,3.62357,5.98787,1.13373,1270.63,1120.75,0.0,0.0,0.5214,0.459897,0.0,0,0.0048697116,3.3143648878,3.314607447936429,Train
LITCIC_clean,7.20254,4.1628,7.20254,0.886931,1974.54,2226.26,0.0,0.0,0.6382,0.71956,0.0,1,0.0046727868,4.3804353084,4.393023869945656,Train
LITCOI_clean,7.36237,3.74541,7.3233,1.05285,1772.71,1683.72,0.106276,0.100941,0.6258,0.594384,0.0,1,0.0055122464,4.5650190118000005,4.541614151255807,Train
LITDAV_clean,6.01025,4.24331,5.99992,1.01002,1613.71,1597.7,0.0,0.0,0.5946,0.588704,0.0,1,0.0061475407,4.0427325645,4.355045086793085,Train
LITHUR_clean,5.86756,4.66068,5.8615,1.85218,2577.81,1391.77,0.0,0.0,0.691,0.373074,0.0,0,0.0005864383999999,0.8021481697,0.8419550290922082,Train
LIVLUZ_clean,5.91163,5.00426,5.91034,1.15595,1292.96,1118.53,0.0,0.0,0.5702,0.493275,0.0,0,0.0058888922999999,3.0538382269,3.2638289738987862,Train
LIVTIT_clean,5.03218,4.49412,5.03218,0.873833,1850.2,2117.34,0.0,0.0,0.6576,0.752547,0.0,1,0.0042808777,4.0149504227,4.175092209214222,Train
LIVWAQ_clean,5.90832,4.03567,5.90832,1.60342,1467.86,915.456,0.0,0.0,0.615,0.383556,0.0,0,0.0051947526,2.8287607403,3.065792557793445,Train
LIWFOM_clean,5.43362,4.03441,5.43362,2.15039,700.892,325.936,0.0,0.0,0.4398,0.204521,0.0,1,0.001202041,0.9486807295,0.9127037923691148,Test
LIWVIY_clean,5.89138,4.8352,5.89138,1.26516,1787.77,1413.07,0.0,0.0,0.6376,0.503967,0.0,1,0.0025645103,2.4514824464,2.525489094012608,Train
LIWXIZ_clean,4.12479,3.66059,4.10123,1.63001,136.604,83.8054,0.0,0.0,0.3614,0.221716,0.0,1,0.0006163618,0.3873411649,0.4211488770403915,Train
LIWXOG_clean,5.30986,3.68842,5.30986,1.40965,1545.05,1096.05,0.0,0.0,0.589,0.417834,0.0,1,0.0029797637,2.6853914288,2.5423353999066003,Train
LIXWAR01_clean,5.58762,3.9288,5.58762,1.07311,1360.46,1267.78,0.0,0.0,0.5636,0.525205,0.0,1,0.0051954109,3.7823761239,3.61976420705104,Train
LIXWAR_clean,5.63611,3.90043,5.63611,1.06263,1387.85,1306.06,0.0,0.0,0.5696,0.536029,0.0,1,0.0052280973,3.8022133037,3.715975013688192,Test
LIXXAS_clean,6.60705,5.3683,6.60705,1.11648,2145.98,1922.1,0.0,0.0,0.6524,0.584335,0.0,1,0.0037246064,3.6287164009,3.7192989150982356,Test
LOBHAM_clean,7.0104,5.91491,7.0104,1.01758,1770.03,1739.45,0.0,0.0,0.6232,0.612433,0.0,0,0.0037185208,3.7419739213,3.807018015288625,Train
LOCZIO_clean,7.2178,3.83248,7.2178,1.09612,1264.7,1153.8,0.0,0.0,0.5608,0.511625,0.0,1,0.0045436523,3.4910427614,3.1751012862223074,Test
LODKIA_clean,6.01281,4.49425,5.60772,1.02042,1998.25,1958.27,0.0,0.0,0.6138,0.601518,0.0,1,0.0055916064,4.581398611,4.425421612885637,Test
LODPUQ_clean,6.04771,4.78066,6.04165,1.07351,1496.3,1393.84,0.0,0.0,0.5402,0.50321,0.0,1,0.0085610832,3.8993715131,4.503418816711974,Test
LOFVUY01_clean,8.11285,4.66596,8.11285,1.07811,1882.69,1746.29,0.0,0.0,0.6276,0.582131,0.0,1,0.0028256685999999,3.0543473371,3.159926378026216,Test
LOFVUY_clean,8.04365,4.63845,8.04358,1.07811,1889.15,1752.28,0.0,0.0,0.626,0.580647,0.0,1,0.0026782298999999,3.0364915164,2.921547422972085,Train
LOFZUB_clean,8.36948,3.5655,8.36948,1.45872,1389.79,952.749,0.0,0.0,0.549,0.376358,0.0,0,0.0288505004999999,6.5772635314,6.549694853181148,Train
LOGBAK_clean,8.33905,3.64261,8.33905,1.46617,1378.61,940.283,0.0,0.0,0.5464,0.372672,0.0,0,0.0291138649,6.5201049187,6.549650448357438,Train
LOGBEO_clean,8.32475,3.5444,8.32475,1.47637,1351.58,915.479,0.0,0.0,0.5444,0.368742,0.0,0,0.0296420172,6.4486335194,6.4795503046045075,Train
LOGXEM_clean,11.7072,8.5205,11.7072,1.40177,1826.91,1303.29,0.0,0.0,0.6678,0.476399,0.0,0,0.0006462983,0.880451166,0.8892608123586112,Train
LOJFOF_clean,5.76837,5.02994,5.76476,1.16037,1095.67,944.242,0.0,0.0,0.472,0.406768,0.0,1,0.0047636329,3.0257317033,2.756136737253963,Test
LOJFUL_clean,11.50657,8.6404,11.49116,0.609882,1949.87,3197.13,64.2093,105.281,0.7292,1.19564,0.0,1,0.0052424978999999,4.7480007018,4.720040354927397,Test
LOJLAZ01_clean,6.41625,5.33783,6.41625,1.67137,1436.49,859.47,0.0,0.0,0.5874,0.351448,0.0,1,0.0020527969,1.9468873004,1.88754646830289,Train
LOJLAZ_clean,6.04161,4.90341,6.00485,1.78682,1392.9,779.539,0.0,0.0,0.5636,0.31542,0.0,1,0.0025669849,2.0271072262,2.0153565261431443,Test
LOLREL_clean,8.50343,6.96426,8.50343,1.36486,1470.9,1077.7,0.0,0.0,0.5994,0.439167,0.0,1,0.0022741171,2.4027234606,2.4016939696457182,Test
LOLVAJ_clean,4.04776,3.6459,4.03742,2.02495,342.226,169.005,0.0,0.0,0.431,0.212845,0.0,0,0.0007781721,0.6344868551,0.6811569618580955,Train
LOMLOQ_clean,6.7486,3.80235,6.29526,1.47019,2203.5,1498.78,0.0,0.0,0.646,0.439399,0.0,0,0.0046321013,4.2210109752,3.9297903225484574,Test
LOMLUW_clean,5.44799,3.79422,5.44799,1.50469,1945.11,1292.7,0.0,0.0,0.6428,0.427199,0.0,0,0.0055373096,4.0606213833,3.8757322870608824,Test
LONVAN_clean,10.90817,9.80221,10.908,1.08454,1586.63,1462.95,0.0,0.0,0.6414,0.591401,0.0,1,0.0021566757999999,2.8537943475,2.638561470782496,Test
LONVIV_clean,10.81251,9.68892,10.81235,1.16864,1579.98,1351.99,0.0,0.0,0.6292,0.538405,0.0,1,0.0025613727,3.1333374385000003,3.053197270798858,Test
LONWIW_clean,6.32722,5.3124,6.00348,0.832586,2332.25,2801.21,0.0,0.0,0.6626,0.795834,0.0,1,0.0042658628,4.7631193916,4.669935394309839,Train
LOPZAS_clean,6.31996,4.58953,6.31996,0.918625,1348.48,1467.93,0.0,0.0,0.5474,0.595891,0.0,1,0.0032201572999999,2.8471906636,2.9353137756079204,Train
LOQLEJ_manual,14.69858,14.40453,14.61633,0.993806,1433.78,1442.72,0.0,0.0,0.6928,0.697118,0.0,0,0.0053149723999999,3.7312567157,3.8639811670509157,Train
LOQLIN_SL,14.25248,13.92666,14.25248,0.952578,1304.34,1369.28,0.0,0.0,0.6736,0.707133,0.0,0,0.0065732651,4.1684347128,4.115440886291841,Train
LORMOW_clean,5.15517,3.73399,5.14768,1.63871,712.948,435.067,0.0,0.0,0.4168,0.254347,0.0,1,0.0029217145,1.4436124262,1.569286852405442,Test
LORROB_clean,6.37003,3.61495,6.36168,1.37197,938.703,684.2,0.0,0.0,0.4942,0.360212,0.0,1,0.0026028557,1.7663513838999998,1.8570945984510034,Test
LOSBOM_clean,6.43284,5.09662,6.26908,0.76383,2342.39,3066.64,0.0,0.0,0.6748,0.883443,0.0,1,0.0076970908,7.2851557968,7.014428943064162,Train
LOSXIC_clean,6.03462,5.83771,6.03429,1.10745,2163.31,1953.42,0.0,0.0,0.6146,0.554971,0.0,0,0.0116299573,4.7627019578,5.108150016442556,Train
LOTDIJ_clean,5.46612,4.37573,5.12432,0.961023,1171.92,1219.45,0.0,0.0,0.527,0.548374,0.0,0,0.0069193378,3.6161665024,3.8150728050923712,Train
LOVLEP_clean,10.42908,4.04603,10.42903,1.5407,1428.2,926.981,0.0,0.0,0.5884,0.381905,0.0,1,0.0010795628,1.2179094070999998,1.3068166762175466,Train
LOXBEH_clean,11.66545,8.26406,11.65056,1.01014,1491.41,1476.44,0.0,0.0,0.6388,0.632385,0.0,1,0.0026317234,2.5266922425,3.006286553691323,Test
LOXKAM_clean,14.55985,13.78223,14.55985,0.784824,1498.1,1908.83,0.0,0.0,0.661,0.842227,0.0,1,0.0045522536,3.6482544104,4.04544500278282,Test
LOXWAY_clean,5.69577,5.32518,5.69577,1.3733,890.048,648.107,0.0,0.0,0.4566,0.332483,0.0,0,0.0026509068,1.7732054808000002,1.6772999121699375,Train
LOXWEC_clean,7.26238,6.47995,7.26238,1.2744,1043.86,819.095,0.0,0.0,0.5004,0.392655,0.0,0,0.0016201088,1.6808617449,1.7104699833839911,Train
LUBMAW_clean,13.15917,12.3614,13.15917,0.992617,1200.54,1209.47,0.0,0.0,0.628,0.632671,0.0,1,0.0016459959,1.9066543759,2.065013948884941,Test
LUBNAZ_clean,8.26904,7.02568,8.25431,1.05459,2068.88,1961.78,0.0,0.0,0.642,0.608768,0.0,1,0.003300689,3.6531988364,3.6015564861169613,Test
LUCDAO_clean,8.53408,6.05824,8.194,0.856034,2292.36,2677.89,0.0,0.0,0.7178,0.838519,0.0,1,0.0029232011,3.7305524411,3.636851547277208,Train
LUCDES_clean,8.51481,6.04534,8.51481,0.866707,2299.09,2652.67,0.0,0.0,0.7194,0.830038,0.0,1,0.0030273732,3.6512299604,3.6532889635692865,Test
LUCDIW_clean,8.52461,6.17272,8.52461,0.822543,2288.73,2782.5,0.0,0.0,0.7208,0.876306,0.0,1,0.002950107,3.794584107,3.731221161634439,Train
LUDCUK_clean,6.13722,3.87042,6.049,1.49949,788.964,526.155,0.0,0.0,0.4632,0.308905,0.0,1,0.0101676845,2.3593518388,2.705950451761993,Test
LUDKOM_clean,6.72845,4.30181,6.72845,1.47246,871.523,591.883,0.0,0.0,0.4702,0.31933,0.0,1,0.0112228215999999,2.8624158954000003,2.81903980827185,Train
LUDKUS_clean,6.94763,4.22525,6.94763,1.5606,819.909,525.382,0.0,0.0,0.4464,0.286044,0.0,1,0.0163789526,2.8697810024,2.8357401975149115,Test
LUDLED_clean,13.17739,6.65728,13.17739,0.881906,2096.4,2377.12,0.0,0.0,0.7118,0.807115,0.0,1,0.0048731912,3.9516162132,3.904631139024702,Train
LUDLIH_clean,13.23241,6.67449,13.22045,0.876399,2107.58,2404.81,0.0,0.0,0.7124,0.812871,0.0,1,0.0048964399,3.9531796899,3.9502511556468356,Test
LUDVIP_clean,6.92788,4.09866,6.92788,1.5951,1191.16,746.758,0.0,0.0,0.5576,0.34957,0.0,1,0.0020342088,1.7438844097,1.8508190010131031,Train
LUFBUL_clean,4.96727,4.63026,4.96727,1.29284,870.275,673.148,0.0,0.0,0.4736,0.366324,0.0,1,0.0087035969999999,2.8474307786,2.8244316383775887,Test
LUFCAS_clean,4.96103,4.24915,4.96103,1.44232,901.376,624.947,0.0,0.0,0.4662,0.323228,0.0,0,0.0040346265,2.1535602328,2.119303470091085,Test
LUFNAC01_clean,7.70412,5.87256,7.69288,1.02639,1471.97,1434.12,0.0,0.0,0.566,0.551448,0.0,1,0.0058237194999999,4.5981287057,4.421242132437899,Train
LUFNAC02_clean,7.66591,5.85542,7.65462,1.02962,1488.42,1445.6,0.0,0.0,0.5648,0.548553,0.0,1,0.005851482,4.5664217886000005,4.449579597963309,Train
LUFNAC03_clean,7.68055,5.84066,7.66172,1.02599,1463.18,1426.13,0.0,0.0,0.565,0.55069,0.0,1,0.0057233473,4.5783254968,4.269405468275638,Test
LUFNAC04_clean,7.6755,5.87796,7.66911,1.02659,1461.4,1423.54,0.0,0.0,0.5658,0.551143,0.0,1,0.0058429397,4.5927748132,4.307824505294873,Test
LUFNAC05_clean,7.61946,5.80686,7.57494,1.03101,1474.3,1429.95,0.0,0.0,0.564,0.547035,0.0,1,0.0058194482999999,4.5742081036,4.369154775018366,Test
LUFNAC_clean,7.52412,5.6534,7.51131,1.03145,1483.45,1438.22,0.0,0.0,0.562,0.544864,0.0,1,0.006154734,4.590022053999999,4.469280424513779,Test
LUFNEG_clean,4.76594,3.97544,4.75053,1.17247,1466.56,1250.83,0.0,0.0,0.5002,0.426622,0.0,1,0.0110227826,4.9895605492,4.871438629435477,Train
LUFQUZ01_clean,4.13433,3.66293,4.13433,1.49707,741.631,495.388,0.0,0.0,0.4688,0.313145,0.0,1,0.0090622964,3.9447876893,3.805757611118021,Train
LUFQUZ02_clean,4.33985,4.02318,4.33985,1.29652,936.621,722.414,0.0,0.0,0.5262,0.405857,0.0,1,0.0064446716,3.6397773882,3.478865413397407,Train
LUFQUZ_clean,4.20915,3.71253,4.20915,1.48805,761.664,511.852,0.0,0.0,0.4716,0.316924,0.0,1,0.010046992,3.9516014649,3.7539534839316984,Train
LUJBAV_clean,4.98599,3.44797,4.98599,1.46601,380.372,259.461,0.0,0.0,0.3928,0.267938,0.0,1,0.0031581244,1.1436419975,1.4070768727466834,Test
LUJPUC_clean,7.07474,4.6808,7.07474,1.16372,1382.44,1187.95,0.0,0.0,0.5842,0.50201,0.0,1,0.0015853841,1.8342277629,1.7967420516984058,Train
LUJSOA_clean,4.74098,3.40425,4.68235,1.23774,661.744,534.639,0.0,0.0,0.5006,0.404447,0.0,1,0.0004870991999999,0.6183745171,0.6493627048150321,Train
LUKREO_clean,4.04002,3.66815,4.04002,1.33832,308.401,230.438,0.0,0.0,0.4326,0.323241,0.0,1,0.0028428028,1.8611335777,1.6490624966236969,Test
LUKRIS_clean,5.16354,4.10534,5.03617,1.38895,415.25,298.967,0.0,0.0,0.404,0.290867,0.0,1,0.001770091,0.9462641172,1.0191433290088137,Test
LULVOF_clean,5.17234,3.93529,5.17234,1.20763,463.383,383.712,171.595,142.093,0.474,0.392504,0.0,0,0.0075427095999999,2.3653049966,2.4043065214189987,Train
LULXAS_clean,4.15152,3.42748,4.13309,1.37462,547.083,397.99,0.0,0.0,0.3992,0.290408,0.0,1,0.0051689338,3.1361559665,2.1029384637917072,Test
LUMDEC_clean,7.82073,4.889,7.82073,1.29296,1273.82,985.194,0.0,0.0,0.5548,0.429093,0.0,0,0.0017073998,1.7455485166,1.7560459407164148,Test
LUMLIQ_clean,4.75675,3.55253,4.75675,2.1629,785.103,362.986,0.0,0.0,0.4638,0.214434,0.0,1,0.0086483513,2.2173499066,2.419299019754747,Test
LUMYEZ_clean,6.00702,4.53801,6.00702,1.30429,1992.95,1527.99,0.0,0.0,0.6142,0.470906,0.0,1,0.0040105272999999,3.5375660962,3.468513392851373,Test
LUMYID_clean,5.94433,4.56717,5.90149,1.30513,1995.48,1528.95,0.0,0.0,0.6194,0.474589,0.0,1,0.0039450689,3.5605036942000003,3.450819095950538,Train
LUMYOJ_clean,5.98976,4.51852,5.98976,1.3118,1973.17,1504.17,0.0,0.0,0.6186,0.471565,0.0,1,0.0040568272,3.5725863657,3.516312921748879,Test
LUMYUP_clean,6.15923,4.54415,6.13245,1.2924,1996.56,1544.85,0.0,0.0,0.6166,0.477097,0.0,1,0.0038844001,3.4818258333,3.3402010051800946,Test
LUMZAW_clean,5.8494,4.60336,5.8494,1.30478,1964.07,1505.29,0.0,0.0,0.6278,0.481155,0.0,1,0.0039095457,3.5435703123,3.4415258957112327,Train
LUMZUO_clean,5.98461,4.76477,5.96493,1.86922,2708.01,1448.74,0.0,0.0,0.6802,0.363895,0.0,1,0.0005322529,0.7437159631999999,0.7475793711907177,Train
LUNBAX_clean,5.92168,4.6498,5.91414,1.91328,2588.47,1352.9,0.0,0.0,0.676,0.353321,0.0,1,0.0005181901,0.7173145168,0.7291631502775515,Train
LUNBEB_clean,5.83182,4.56735,5.65089,1.97905,2446.69,1236.29,0.0,0.0,0.6622,0.334605,0.0,1,0.0005424343,0.7236804295,0.7761037352117919,Train
LUNBIF_clean,8.36527,6.6245,8.36354,1.86674,2385.2,1277.73,8.72646,4.67469,0.7178,0.38452,0.0,1,0.0006212707,0.8287194520000001,0.8612167934754584,Train
LUPTAS_clean,4.91554,3.81154,4.8497,1.42961,733.471,513.055,0.0,0.0,0.4568,0.319527,0.0,1,0.0052572518999999,2.0583899235,2.157895231110142,Test
LUPYAX_clean,7.54991,6.34934,7.53102,1.01424,2199.81,2168.93,0.0,0.0,0.6806,0.671046,0.0,1,0.0035749965,3.6510872943,3.7466660880978195,Test
LUQGAG_clean,6.95292,4.98162,6.95292,1.09152,1536.81,1407.96,0.0,0.0,0.5428,0.497289,0.0,0,0.0045074153,3.259512449,3.4242031613526347,Train
LURLOB_clean,7.37662,6.99185,7.37662,1.00469,1747.18,1739.02,0.0,0.0,0.6396,0.636613,0.0,0,0.0039043852,4.4131508105,4.334015169646532,Test
LUSHIR_clean,5.64907,5.07129,5.64636,1.2313,1163.45,944.9,0.0,0.0,0.5004,0.406401,0.0,0,0.0048433388,2.7448779743,2.856305638528909,Test
LUSHOX01_clean,5.25442,4.88912,5.25442,1.20931,1317.3,1089.3,0.0,0.0,0.5332,0.440913,0.0,1,0.0049803959,3.0569200572,3.137285352185293,Test
LUSHOX02_clean,5.40311,4.9355,5.40311,1.1935,1329.97,1114.34,0.0,0.0,0.5516,0.462169,0.0,1,0.0050073426,3.1887864199,3.1295224271512065,Test
LUSHOX03_clean,5.24171,4.88245,5.22892,1.21123,1320.66,1090.34,0.0,0.0,0.5276,0.435589,0.0,1,0.0049645448,3.0669331574000003,3.1254271194999856,Train
LUSHOX04_clean,5.42751,4.95925,5.42646,1.17969,1336.79,1133.18,0.0,0.0,0.5422,0.459613,0.0,1,0.004981981,3.1549967642000003,3.139301274519796,Train
LUSHOX_clean,5.30336,4.92542,5.30336,1.19355,1298.68,1088.08,0.0,0.0,0.5398,0.452264,0.0,1,0.0049296725,3.0684596122000003,3.0417109243144873,Train
LUSHUD_clean,5.21289,4.69215,5.21289,1.27198,1075.64,845.64,0.0,0.0,0.4926,0.38727,0.0,0,0.0054228836,2.6928800904,2.6570236809224888,Train
LUSJEP_clean,6.10412,5.49511,6.10412,1.18923,1245.03,1046.92,0.0,0.0,0.5248,0.441293,0.0,0,0.0050325779,3.0525423466,3.210355249265496,Test
LUSJIT_clean,6.09975,5.42401,6.09669,1.18953,1257.58,1057.21,0.0,0.0,0.5236,0.440174,0.0,0,0.0045713075,2.9658353466000005,3.059844748250614,Train
LUSJOZ_clean,6.14785,5.47386,6.14779,1.1794,1250.19,1060.02,0.0,0.0,0.5326,0.451584,0.0,0,0.0049645701,3.00865809,3.152046584834098,Test
LUSYEF_clean,11.6475,5.80016,11.64729,0.734641,2294.6,3123.44,0.0,0.0,0.7226,0.98361,0.0,1,0.0049207544,5.2046145334,4.968798600022655,Test
LUTSEA_clean,4.56432,3.41314,4.56432,1.75016,669.342,382.447,0.0,0.0,0.5022,0.286946,0.0,1,0.0007752392,0.8549353076999999,0.7558335462156989,Test
LUVTAY_clean,10.30257,9.44256,10.2197,1.08662,1146.97,1055.54,0.0,0.0,0.5838,0.537262,0.0,1,0.001870944,2.0733230007,2.0698094312325304,Train
LUVWUU_clean,5.95531,3.72974,5.95531,1.11029,1552.29,1398.09,0.0,0.0,0.5716,0.514821,0.0,1,0.0028993465,2.6442166001,2.683659774366697,Train
LUWMEX_clean,5.64862,4.46205,5.64805,1.16543,1755.8,1506.57,0.0,0.0,0.5904,0.506596,0.0,1,0.0055440055,3.5534980628,3.888987372984592,Test
LUWMIB_clean,6.46125,4.54999,6.46125,1.13178,2301.96,2033.92,0.0,0.0,0.6152,0.543567,0.0,1,0.005191985,3.9769460775,4.267452522864011,Test
LUWMOH_clean,6.36296,4.2806,6.36272,1.20693,1999.45,1656.65,0.0,0.0,0.5984,0.495805,0.0,1,0.0053995781,3.821746887,3.9406173438216174,Train
LUXDUE_clean,13.68943,4.23916,13.68943,1.04302,1835.8,1760.08,13.4841,12.9279,0.692,0.663456,0.0,1,0.0029790082,3.2434076868,3.2588689169572116,Train
LUXFOA_clean,13.73946,4.3179,13.73946,0.952497,1834.04,1925.51,15.1519,15.9076,0.6722,0.705724,0.0,1,0.0022951803,2.7422074655,2.7294737885520344,Train
LUXFUG_clean,13.71044,4.29007,13.71044,1.01438,1788.77,1763.41,11.1798,11.0213,0.6608,0.651434,0.0,1,0.0022440195,2.6915784708,2.7238844034148966,Test
LUYBOY_clean,7.89316,7.4198,7.87816,1.34135,1580.28,1178.13,0.0,0.0,0.5778,0.43076,0.0,1,0.0023211294,2.5382907808,2.560488596482012,Test
LUYHAP_clean,12.05622,6.74493,12.05603,0.618537,2287.3,3697.93,0.0,0.0,0.7716,1.24746,0.0,1,0.0035778421,4.2460799569,4.505502616205238,Test
LUYSEF_clean,4.81614,3.46612,4.554,1.34495,1416.38,1053.11,0.0,0.0,0.6156,0.457711,0.0,1,0.0022082252,2.2674932041,2.259118582764537,Test
LUYSOP_clean,15.21554,13.85225,15.21554,0.826153,1716.72,2077.96,0.0,0.0,0.7048,0.853111,0.0,0,0.0062356667,4.7761174407,4.837414665005406,Train
LUZBOY_clean,6.14636,4.66385,6.14509,0.864953,1863.69,2154.67,0.0,0.0,0.6302,0.728594,0.0,0,0.0037596141999999,3.5221861639,3.829982001476782,Test
LUZJAT_clean,8.19723,7.01697,8.18474,1.37403,1823.93,1327.44,0.0,0.0,0.6136,0.44657,0.0,1,0.0045365967,3.7411424596,3.80753784157082,Train
MABCUQ_clean,5.37255,3.56877,5.37255,1.53414,1466.89,956.165,0.0,0.0,0.6184,0.403092,0.0,1,0.001563225,1.5807688968,1.5674981794091123,Train
MABJUV01_clean,4.71712,3.63905,4.71712,1.54053,563.034,365.48,0.0,0.0,0.4068,0.264064,0.0,0,0.0026552418,1.3585752833000002,1.4066828885395837,Test
MABJUV_clean,4.72309,3.67608,4.72309,1.52978,599.848,392.114,0.0,0.0,0.4106,0.268405,0.0,0,0.0026066859,1.3415513246,1.4286064238304594,Train
MABKEG_clean,4.96705,4.29241,4.96705,1.47907,598.033,404.332,0.0,0.0,0.4092,0.276661,0.0,0,0.0030400987,1.4065924381,1.4306359223000435,Train
MABKIK01_clean,5.51433,5.20447,5.51433,1.39065,845.278,607.831,0.0,0.0,0.4446,0.319707,0.0,0,0.0023997582,1.5848768525,1.49336982302154,Test
MABKIK_clean,4.95272,4.26488,4.95272,1.45304,582.257,400.715,0.0,0.0,0.4264,0.293453,0.0,0,0.0029243635,1.4135474841,1.4270451991339008,Train
MABLAD_clean,5.34449,3.90767,5.34449,1.19766,953.889,796.46,0.0,0.0,0.4728,0.394769,0.0,0,0.0079124727,3.0687979468,2.9929012104053365,Train
MACHIJ_clean,13.29616,4.97277,13.29616,0.983012,1612.04,1639.9,0.0,0.0,0.67,0.681578,0.0,1,0.0020390235,2.5076552506,2.5154156756191632,Train
MACKAE_clean,9.52684,4.31294,9.52684,2.70363,1850.45,684.433,0.0,0.0,0.6186,0.228804,0.0,1,0.000824985,0.8569333092,1.0026106737816436,Test
MADVUJ_clean,5.32382,4.69426,5.32382,1.65668,675.478,407.729,0.0,0.0,0.418,0.252311,0.0,0,0.0029570368,1.3458433333000002,1.3736527378218872,Test
MADWAQ_clean,5.18677,4.51055,5.17631,1.52314,635.031,416.921,0.0,0.0,0.412,0.270493,0.0,0,0.0035341898,1.5758503884,1.4775885250611815,Train
MAFDII_SL,6.17503,4.57934,6.17321,1.14403,1406.65,1229.55,266.817,233.224,0.5936,0.518866,0.0,0,0.0057954068,3.9623851678,3.889243647358504,Train
MAFJIO_clean,10.24604,5.19927,9.76441,0.774705,2445.7,3156.94,0.0,0.0,0.7196,0.92887,0.0,1,0.004011535,4.6755675119,4.7602327074127375,Test
MAFLUD_clean,5.38373,3.98212,5.36788,1.15006,1774.93,1543.34,0.0,0.0,0.592,0.514756,0.0,1,0.0052206466,4.0818139195,3.904197994976591,Train
MAFMAK01_clean,5.76423,4.1915,5.74643,1.09839,2062.25,1877.52,0.0,0.0,0.6384,0.581215,0.0,0,0.0050461344,4.020860821,4.191240966239544,Train
MAGBAZ_clean,7.74379,4.25931,7.73545,0.9596,2206.02,2298.89,0.0,0.0,0.666,0.694039,0.0,0,0.003999704,4.4803617967000005,4.224059281334358,Test
MAGBON_clean,6.77313,5.2032,6.75742,1.14435,2195.85,1918.86,0.0,0.0,0.6464,0.564863,0.0,0,0.0064095164,5.1210313615,5.045202319208389,Train
MAGNEQ01_clean,5.36278,4.15643,5.36278,1.09674,2370.15,2161.08,0.0,0.0,0.672,0.612723,0.0,1,0.0019058888,2.4932326439,2.357851141044474,Train
MAGNEQ_clean,5.32617,4.14354,5.3111,1.10004,2360.03,2145.41,0.0,0.0,0.6692,0.608342,0.0,1,0.002003105,2.4712256193,2.470795586219514,Train
MAHCEG_clean,18.51843,7.97271,18.51843,0.531149,2149.05,4046.05,0.0,0.0,0.8144,1.53328,0.0,1,0.0033000069,4.3089067878,4.374752437824419,Test
MAHCIK_clean,18.77734,7.81499,18.77734,0.539574,2171.35,4024.19,0.0,0.0,0.8044,1.49081,0.0,1,0.0030627916,4.3594275314,4.188938297865179,Test
MAHCOQ_clean,18.83938,7.96401,18.83938,0.527426,2147.45,4071.57,0.0,0.0,0.8002,1.51718,0.0,1,0.0031842842,4.3516101469,4.278398482512097,Train
MAHTAR01_clean,5.34764,4.14932,5.34428,1.34276,985.458,733.903,0.0,0.0,0.4968,0.369983,0.0,1,0.0053484922,2.6179093816,2.673736516779512,Test
MAHTAR_clean,5.34824,4.13773,5.34698,1.34089,993.502,740.929,0.0,0.0,0.4942,0.368562,0.0,1,0.0051878683,2.6112449011,2.632343118014154,Test
MAJHUC_clean,5.75252,3.69157,5.65377,1.18631,467.138,393.774,0.0,0.0,0.4432,0.373595,0.0,1,0.0012015478,0.8368664067,0.887036734089881,Train
MAKFIQ_clean,8.56724,6.92833,8.56724,1.27671,1511.52,1183.92,0.0,0.0,0.5678,0.444738,0.0,0,0.0027220859,2.7195272437,2.748517177671418,Train
MAKFOW_clean,8.33236,6.80185,8.33236,1.32055,1504.03,1138.94,0.0,0.0,0.578,0.437696,0.0,0,0.0029225327,2.7968478605,2.8221589984749955,Train
MAKGAJ_clean,8.49976,6.89727,8.49976,1.31953,1515.96,1148.87,0.0,0.0,0.5704,0.432276,0.0,0,0.0028421585999999,2.7550898781,2.8316967869166234,Test
MAKHAJ_clean,5.36353,4.34017,5.23294,1.65348,1412.13,854.037,0.0,0.0,0.5972,0.361179,0.0,0,0.0065200132,2.9674711285,3.1764452681243474,Test
MAKRAU_clean,7.29081,6.46944,7.28567,1.08372,1133.62,1046.04,0.0,0.0,0.4976,0.459157,0.0,1,0.003190316,2.7853675044,2.558703600877896,Test
MAKRIC_clean,4.96992,3.99417,4.90348,1.09301,509.103,465.783,515.606,471.733,0.491,0.44922,0.0,1,0.0091138783,3.6800587077,3.6523816500066753,Train
MAKXAZ_clean,5.08726,4.83873,5.06957,1.27292,905.072,711.021,0.0,0.0,0.4628,0.363574,0.0,0,0.0061001068,2.6487264938,2.4375923257465253,Test
MALFUD_clean,7.43512,5.15007,7.43277,0.84804,2258.38,2663.06,0.0,0.0,0.6712,0.791472,0.0,1,0.002608076,3.2423445105,3.150520721497978,Train
MALROJ_clean,16.84369,16.76415,16.84369,0.692416,1360.98,1965.54,0.0,0.0,0.7588,1.09587,0.0,1,0.0027895116,3.6402846876,3.6305099740377704,Test
MALRUM_clean,5.9367,4.07723,5.9367,0.815854,1158.61,1420.12,12.5333,15.3622,0.5888,0.721698,0.0,0,0.0025705498,2.1635934296,2.2227185705745884,Train
MALRUP_clean,16.92414,16.84411,16.92414,0.675419,1334.6,1975.96,0.0,0.0,0.764,1.13115,0.0,1,0.0030659344,3.9949474146,3.9240148167364994,Train
MALSAW_clean,16.91027,16.82951,16.91027,0.672455,1349.27,2006.49,0.0,0.0,0.7654,1.13822,0.0,1,0.003074663,3.9726893857,3.931523707655386,Test
MALSEA_clean,16.90358,16.82254,16.90358,0.671459,1350.93,2011.93,0.0,0.0,0.767,1.14229,0.0,1,0.0031357635,3.9731258176,3.9288442052559587,Train
MALSIE_clean,16.8944,16.81333,16.8944,0.672143,1349.09,2007.15,0.0,0.0,0.767,1.14113,0.0,1,0.0030921203,3.9798992413,3.9271407964026057,Train
MALSOK_clean,16.92569,16.84467,16.92569,0.669653,1353.12,2020.63,0.0,0.0,0.7686,1.14776,0.0,1,0.0029764658,4.0077610564,3.7719222402833763,Test
MANDUD_clean,8.1447,5.93208,8.1447,0.901348,2323.1,2577.36,0.0,0.0,0.6668,0.739781,0.0,1,0.0037129031,3.8950710545,4.050706421935533,Train
MANLAP_ion_b,4.72532,3.67633,4.72532,0.949147,1391.99,1466.57,0.0,0.0,0.5776,0.608546,0.0,0,0.0030738165,3.257509949,3.193052114517454,Test
MANLOD_manual,8.55642,5.36069,8.35991,0.706783,1873.58,2650.85,92.9946,131.574,0.6674,0.944278,0.0,0,0.0029675928999999,3.6384482149,3.521021962633612,Test
MAPCIP_clean,9.53742,5.44759,9.32696,1.58248,1828.68,1155.58,0.0,0.0,0.6098,0.385344,0.0,0,0.0034183149,3.2535653401,3.0371972342489926,Train
MAPCUE_clean,5.3952,3.72256,5.3952,1.47049,1163.8,791.435,0.0,0.0,0.504,0.342742,0.0,0,0.0046430171999999,3.1883159876,2.9150959732397697,Train
MAPFIS_clean,5.59771,4.30891,5.54289,1.06696,1494.67,1400.87,0.0,0.0,0.5474,0.513047,0.0,1,0.0054636303,3.8369004695,3.7047618629595838,Test
MAPLEX_clean,5.48812,3.7418,5.48733,1.43983,1166.77,810.351,0.0,0.0,0.499,0.346569,0.0,0,0.0045624006,3.2409797114,2.838946677394332,Train
MAQBEO_clean,9.00352,4.63709,9.00352,0.93614,1838.21,1963.61,22.2471,23.7647,0.63,0.672976,0.0,1,0.0059667038,4.3960299806,4.615138618918166,Test
MAQBIS_clean,11.35798,8.5918,11.35555,0.674777,2143.5,3176.61,0.0,0.0,0.7262,1.07621,0.0,1,0.0057629859999999,5.1073400468,5.052470256800568,Test
MAQRAA_clean,6.97366,6.05295,6.96579,1.20561,1541.67,1278.75,0.0,0.0,0.5886,0.488218,0.0,1,0.0040135295,3.4308420442000003,3.470124691645049,Train
MARJAQ_clean,10.63499,10.4191,10.6339,1.83144,1181.22,644.965,1.00954,0.551229,0.5826,0.31811,0.0,1,0.0101556746,4.3519116748,4.29355176443665,Train
MARNOL_clean,5.81104,3.45148,5.7898,1.22228,1232.48,1008.35,0.0,0.0,0.5482,0.448508,0.0,1,0.0043447738,3.2843750756,2.963237982334324,Test
MARPOL_clean,5.59699,4.85089,5.59699,1.22385,769.975,629.142,0.0,0.0,0.4788,0.391224,0.0,0,0.0011591682,1.0603814532,1.1472043148559434,Test
MARXEK_clean,6.80849,6.42208,6.80849,1.6895,1568.88,928.61,0.0,0.0,0.5668,0.335485,0.0,0,0.0039422001,2.9779859549000003,2.968183383267777,Train
MASMIC_clean,9.31006,7.53558,9.30278,0.580679,2625.75,4521.86,0.0,0.0,0.7606,1.30985,0.0,1,0.0031913179,4.5948421872,4.473723450789619,Train
MASZOX_clean,6.20608,3.81259,6.16409,1.48643,1158.39,779.31,0.0,0.0,0.5192,0.349294,0.0,1,0.0024510204999999,1.8796549786,1.9152557022207368,Train
MASZUD_clean,6.16395,3.77069,6.1156,1.46962,1165.3,792.926,0.0,0.0,0.5354,0.364312,0.0,1,0.0023850582,1.8258158486,1.9395891631573572,Train
MATBAM_clean,7.54049,4.88112,7.54049,1.17286,1649.01,1405.98,0.0,0.0,0.5866,0.500147,0.0,1,0.0035548683,2.773386205,3.203154195833785,Test
MATBEQ_clean,6.25491,3.91181,5.95608,1.39707,1185.59,848.625,0.0,0.0,0.547,0.391533,0.0,1,0.0028351338,2.0618712251,2.2455474434203575,Train
MATFIY_clean,8.97967,4.54894,7.97865,1.40065,1635.25,1167.49,0.0,0.0,0.6194,0.442222,0.0,1,0.0012068552,1.5449148587,1.5629142523954611,Train
MATPOP_clean,9.20624,4.84305,9.20624,1.16023,1655.06,1426.49,0.0,0.0,0.6112,0.526791,0.0,1,0.0033668621,2.8008677346,3.1430416432432917,Train
MATPUV_clean,8.96945,4.59437,8.96945,1.16708,1604.04,1374.41,0.0,0.0,0.584,0.500396,0.0,1,0.003122098,2.6914718006,2.9094467778371214,Test
MATTOR_clean,5.58364,3.90943,5.58364,1.24007,952.192,767.854,70.05,56.4887,0.5222,0.421105,0.0,1,0.0086552675,3.4762321835,3.5246185493626165,Test
MATTUX_clean,6.25712,5.16476,6.25712,1.06941,1603.09,1499.04,0.0,0.0,0.5648,0.528144,0.0,1,0.0065274968,4.1704970645,4.313154402131555,Train
MATWUC_clean,6.79171,5.36307,6.77355,0.962581,2073.83,2154.45,0.0,0.0,0.6394,0.664256,0.0,1,0.0075456970999999,5.575407365499999,5.623120197784138,Test
MATXAJ_clean,12.50004,9.04853,12.40632,0.6224,2078.93,3340.18,0.0,0.0,0.775,1.24518,0.0,1,0.0037308952,4.924911090299999,4.323077483351539,Test
MAVFEV01_clean,4.92643,4.38387,4.92643,1.57725,2265.97,1436.66,0.0,0.0,0.6254,0.396513,0.0,1,0.0022569269,2.4073025668,2.4607360858781817,Test
MAVFEV_clean,4.93313,4.38082,4.93313,1.57553,2293.93,1455.98,0.0,0.0,0.6088,0.38641,0.0,0,0.0022992707,2.3992205384,2.4693822495829227,Train
MAVNUU_manual,7.52328,6.25675,7.49475,1.00896,1346.7,1334.73,0.0,0.0,0.5494,0.544519,0.0,1,0.0060822016,4.0134673039,4.031823928128158,Test
MAWFEY_clean,8.76979,6.5651,8.76979,1.23234,2527.32,2050.83,0.36923,0.299617,0.7208,0.584904,0.0,1,0.0011840211,1.5886471513,1.589553344382844,Test
MAWFIC_clean,9.46149,6.72598,9.46149,1.3222,2511.12,1899.19,0.278339,0.210512,0.7294,0.551655,0.0,1,0.0007586382,1.1341747874,1.0764780621020271,Train
MAWTUC_clean,5.33465,4.95075,5.33465,1.06578,1588.39,1490.35,0.0,0.0,0.586,0.549831,0.0,1,0.005326049,3.7547264097,3.868034717945208,Train
MAWVAK_clean,5.70954,5.40047,5.70954,0.993165,1765.23,1777.38,0.0,0.0,0.616,0.620239,0.0,1,0.0047714889,3.69813288,4.211698758682511,Test
MAXHOJ01_clean,7.81574,7.80243,7.81574,2.30216,801.005,347.937,0.0,0.0,0.4866,0.211367,0.0,1,0.0003473483999999,0.4274015467,0.4479918329880985,Train
MAYJOM_clean,6.51956,6.14293,6.51763,1.25239,1627.1,1299.19,0.0,0.0,0.6236,0.497928,0.0,0,0.0046356415,3.767729394,3.7644264334325834,Train
MAYKOO_clean,12.58218,11.50288,12.56968,0.603307,2027.92,3361.34,0.0,0.0,0.7608,1.26105,0.0,1,0.0033806781,4.3829038394,4.29179846525944,Train
MAZSUD_clean,5.33307,3.93087,5.33307,1.15662,1798.05,1554.58,0.0,0.0,0.618,0.534316,0.0,0,0.0055297223,4.2035498096,4.159097275700415,Train
MECWIB_clean,7.68734,5.08903,7.68734,1.09108,1654.78,1516.65,0.0,0.0,0.567,0.51967,0.0,0,0.0041386899,3.482992249,3.5297865541577114,Test
MEFJUE_clean,13.6466,4.52582,13.6466,0.969419,2198.16,2267.5,0.0,0.0,0.6876,0.709291,0.0,1,0.0044003884,4.5055116083,4.448890746763846,Train
MEFYUT_clean,5.77585,4.33422,5.56399,1.19211,1979.16,1660.22,0.0,0.0,0.6036,0.506331,0.0,1,0.0046675023,3.5514188129,3.6828354236277088,Train
MEFZUU_manual,9.38956,5.60914,9.2442,0.843227,2246.05,2663.63,0.0,0.0,0.685,0.812356,0.0,1,0.0027174161,3.4434232237,3.32555828662065,Train
MEGBAD_clean,9.5163,5.76215,9.5163,0.851407,2206.78,2591.93,0.0,0.0,0.6808,0.799618,0.0,1,0.0031428958,3.6035039002,3.7405116373766085,Test
MEGBEH_manual,9.9497,6.81571,9.9489,0.994874,2116.8,2127.71,0.0,0.0,0.683,0.686519,0.0,1,0.0023715261999999,3.0407169047000004,2.9346573058392322,Train
MEGFIN_clean,12.26016,8.11803,12.26013,0.845073,1643.38,1944.66,0.0,0.0,0.644,0.762064,0.0,1,0.0040648505,3.2928202322000004,3.4318170855581966,Train
MEHMET_clean,21.82341,9.06966,13.94061,0.408796,1899.79,4647.28,0.0,0.0,0.8328,2.0372,0.0,1,0.003426744,4.4655062,4.718977533034044,Test
MEJMOE_clean,13.36085,7.20564,12.38159,0.61631,2232.14,3621.79,0.0,0.0,0.8056,1.30713,0.0,0,0.0025223865,3.5426431777,3.5248769216893567,Train
MEJQEZ_clean,4.70786,3.58668,4.69647,1.26931,973.305,766.801,0.0,0.0,0.5298,0.417393,0.0,0,0.009597939,3.025541792,3.6961397320030294,Test
MEJQID_clean,4.95338,3.66569,4.91383,1.21757,1152.17,946.288,0.0,0.0,0.5426,0.445643,0.0,0,0.0088319824,3.391063439,3.6332502387266667,Train
MEJQOJ_clean,5.07328,3.68023,5.06179,1.21005,1189.89,983.336,0.0,0.0,0.5496,0.454196,0.0,0,0.0087947371,3.4171772174,3.7767686186549754,Train
MEJZEI_clean,5.32267,3.53615,5.32267,1.67671,498.537,297.33,52.5885,31.3641,0.4392,0.261941,0.0,1,0.0018018914,1.1558372343,1.1464901582940068,Train
MEJZIM_clean,5.3333,3.56234,5.2261,1.69384,503.361,297.172,49.7521,29.3724,0.4348,0.256695,0.0,1,0.0018532876,1.1405341445,1.1755646951944285,Test
MEJZOS_clean,5.26465,3.41703,5.25331,1.72957,398.344,230.313,32.6666,18.8871,0.43,0.248616,0.0,1,0.0016544143,1.0201780019,1.019892278461589,Train
MEJZUY_clean,5.25291,3.40149,5.01155,1.7873,394.206,220.559,29.004,16.2278,0.4246,0.237565,0.0,1,0.001594001,0.9722684734,0.9815103285140299,Train
MEKBAH_clean,5.23285,3.40673,4.67793,1.83571,402.852,219.453,27.5563,15.0113,0.421,0.229339,0.0,1,0.0017173751,0.9649436357,1.0984593103928495,Test
MEKDUC_clean,4.94918,3.68888,4.93711,1.45476,795.928,547.119,0.0,0.0,0.4866,0.334488,0.0,0,0.006310519,2.0052251763,2.450879762210976,Test
MEMGAN_clean,4.41097,3.81053,4.41097,1.23944,1320.34,1065.27,0.0,0.0,0.561,0.452623,0.0,1,0.0090927828,4.1999224785,4.258035221440389,Train
MEQHUL01_clean,6.0116,4.19513,6.00621,2.27118,1170.18,515.23,0.0,0.0,0.5276,0.232302,0.0,1,0.0007237155,0.8294604935,0.8191548129873634,Train
MEQHUL_clean,6.03972,4.19838,6.03396,2.27118,1173.84,516.843,0.0,0.0,0.5134,0.22605,0.0,1,0.0007022275,0.8212907595000001,0.7986994340197402,Test
METYIU_clean,7.46107,4.86322,7.46107,1.31027,1231.65,939.995,0.0,0.0,0.5398,0.411977,0.0,0,0.0015659584,1.7186908154,1.661821430635856,Test
MEWNEH_clean,5.42515,3.64983,5.42515,2.53736,330.635,130.307,105.197,41.4594,0.4166,0.164187,0.0,1,0.0015926606,0.9564317118,0.7885612873973615,Test
MEXDEY_clean,5.3901,4.95385,5.37594,2.70285,794.745,294.04,0.0,0.0,0.4526,0.167453,0.0,1,0.0026519422999999,1.1842699414,1.2170811133476769,Train
MEXJAC_clean,6.51326,4.65771,6.51326,1.72938,2369.14,1369.94,0.0,0.0,0.6388,0.369382,0.0,1,0.0015302523999999,1.8719663081,1.7751031984585517,Train
MIBMER_clean,8.80758,7.78405,8.80758,0.713822,2198.53,3079.94,0.0,0.0,0.7072,0.990723,0.0,1,0.0031226871,3.9335731381,3.974294379964304,Train
MICDEJ_clean,5.47717,4.50209,5.38717,1.18044,1256.75,1064.65,0.0,0.0,0.5258,0.445429,0.0,1,0.0050993201,3.1455043079,3.1492595507836945,Train
MIDCAF_clean,11.10741,9.8382,11.10741,0.853326,1614.16,1891.61,0.0,0.0,0.6702,0.785397,0.0,1,0.0019300098,2.4600179304,2.4130601860410414,Train
MIDSUP01_clean,10.88215,9.55664,10.87435,0.67542,1854.05,2745.03,0.0,0.0,0.7122,1.05446,0.0,0,0.0026821126,3.6804664463,3.487167485492273,Test
MIDSUP_clean,10.07574,8.87881,10.05297,0.69045,1869.43,2707.55,0.0,0.0,0.7086,1.02629,0.0,0,0.0027976935999999,3.5944733888,3.6755387360193486,Train
MIFGEP01_clean,5.99775,4.93271,5.97758,1.0207,1831.3,1794.17,0.0,0.0,0.5916,0.579605,0.0,1,0.0055005256,4.3038097801,4.2904318773325425,Test
MIFGEP_clean,5.99664,4.9389,5.9821,1.0207,1811.65,1774.92,0.0,0.0,0.5912,0.579213,0.0,1,0.0055803881,4.3135857986,4.280540488575981,Test
MIFKUJ_clean,6.05079,4.58023,5.97678,0.91647,1939.38,2116.14,0.0,0.0,0.5864,0.639846,0.0,1,0.0060034608999999,4.8393184627,4.746382604478592,Train
MIFLIY_clean,9.88279,8.82764,9.86175,0.758162,1549.91,2044.3,0.0,0.0,0.642,0.846785,0.0,1,0.0037577212,4.3543026061,3.642274491118165,Test
MIFNUM_clean,6.11585,5.67624,6.11585,1.55309,529.015,340.62,76.1683,49.0429,0.441,0.283949,0.0,1,0.0017480701999999,1.2802481152,1.2761981429119527,Test
MIFPUO_clean,6.70296,5.88092,6.70296,1.13456,971.753,856.498,0.0,0.0,0.5046,0.444752,0.0,0,0.0064263188,2.7346605235,2.8575817235104726,Test
MIFQOJ_clean,7.14805,6.39591,7.14805,1.06573,1037.76,973.749,0.0,0.0,0.5254,0.492994,0.0,0,0.0056386486,2.6959818847,3.023241216220001,Test
MIFROK_clean,6.3068,5.74769,6.3068,1.44498,561.702,388.727,79.3873,54.9401,0.4722,0.326787,0.0,1,0.0018703008,1.3741444623,1.4001388824027916,Train
MIFSAX_clean,6.24449,5.77613,6.24449,1.46696,557.647,380.138,84.3149,57.4759,0.4544,0.309756,0.0,1,0.0017675342,1.3800209836,1.3577927449293739,Train
MIFSUR_clean,6.18293,5.67653,6.18293,1.48492,554.322,373.301,73.2038,49.2981,0.4504,0.303316,0.0,1,0.0017380166,1.3377314071,1.3178711109613739,Test
MIFTEC_clean,6.21252,5.76844,6.21252,1.49343,549.45,367.91,94.3906,63.2038,0.457,0.306006,0.0,1,0.0019791743,1.3910804113,1.4303835511812937,Test
MIFTIG_clean,6.1695,5.71241,6.1695,1.51351,547.592,361.803,81.859,54.0857,0.4488,0.29653,0.0,1,0.0018758593,1.323967112,1.349434871890729,Train
MIFTUS_clean,6.04963,5.68051,6.04963,1.61833,495.105,305.936,63.5383,39.2616,0.4414,0.27275,0.0,1,0.0017757082999999,1.2523989647,1.241838440246252,Test
MIFVEE_clean,6.09339,5.6432,6.09339,1.54719,534.667,345.572,82.6577,53.4242,0.4374,0.282705,0.0,1,0.0017852269,1.3030654653,1.2742230567822819,Train
MIHLAR_clean,5.77868,4.92206,5.77868,1.33529,705.816,528.586,0.0,0.0,0.4442,0.332662,0.0,0,0.0017894304999999,1.4289640006,1.3062391753154075,Train
MIHLEV_clean,5.70252,3.69982,5.70252,1.38172,844.284,611.037,0.0,0.0,0.4754,0.344063,0.0,1,0.002875252,1.6042665229,1.728205161141653,Train
MIHLIZ_clean,5.21862,3.52165,5.21802,1.34387,724.016,538.756,0.0,0.0,0.4324,0.321758,0.0,1,0.0022837579,1.492946549,1.4848898276656552,Train
MIHLOF_clean,5.26092,3.78569,5.21082,1.36197,739.196,542.742,0.0,0.0,0.4512,0.331286,0.0,1,0.0022309099,1.5264369562,1.4693605427989629,Test
MIJHOD_clean,4.18455,3.46938,4.126,1.22946,1127.43,917.014,0.0,0.0,0.5064,0.411887,0.0,1,0.0064791555,3.9583078246,3.820766662532092,Test
MIJMAU_clean,6.68967,5.56749,6.68967,1.09709,1295.9,1181.22,0.0,0.0,0.5546,0.50552,0.0,0,0.0015919576,1.6511962345,1.8126309059354704,Test
MIKDUH_clean,5.90493,5.239,5.89411,2.24827,1626.7,723.534,0.0,0.0,0.5828,0.259221,0.0,1,0.0018762035,1.7307464502,1.6509762901097986,Test
MIKJAR_clean,5.99502,4.85131,5.99502,1.96036,716.905,365.7,0.0,0.0,0.4012,0.204656,0.0,0,0.0022119493,1.1298030553,1.1057403960157897,Train
MILQIJ_clean,4.63559,4.00457,4.63559,1.27465,706.955,554.628,0.0,0.0,0.4642,0.364179,0.0,0,0.0191605834,3.5084612223,3.5476656201116685,Train
MILROQ_clean,19.71713,10.83562,19.26567,0.59986,1609.68,2683.42,0.0,0.0,0.7756,1.29297,0.0,1,0.0021916379,2.8073219659,2.8430415031726963,Train
MIMFOF_clean,5.18488,4.28306,5.18488,1.821,982.945,539.783,0.0,0.0,0.4352,0.23899,0.0,0,0.0342017376,3.595223326,3.494554627946595,Train
MIMKIE_clean,5.77879,3.6694,5.74168,1.1744,1435.84,1222.62,0.0,0.0,0.5446,0.463725,0.0,1,0.0044995471,3.2853370246,3.2574523708252414,Train
MIMSOS_clean,11.1144,9.75442,11.1107,0.986032,1267.43,1285.39,0.0,0.0,0.613,0.621683,0.0,1,0.0047752527,2.8436108739,2.814646556203566,Train
MIMSUY_clean,11.16343,10.81199,11.16343,0.974993,1274.86,1307.56,0.0,0.0,0.613,0.628722,0.0,1,0.0044833159,2.8506709794,2.902607852533872,Train
MIMVEJ_clean,4.71676,4.28533,4.60921,1.30405,891.701,683.791,0.0,0.0,0.494,0.378819,0.0,0,0.0302656927,4.6847610233,4.689176120307829,Train
MINCIX_clean,10.4943,7.36608,10.44985,0.729721,2144.38,2938.63,0.0,0.0,0.7612,1.04314,0.0,1,0.0030167285,4.122630929700001,3.998305561208606,Test
MINCUJ_clean,12.01283,7.57315,11.94291,0.692877,2023.51,2920.44,0.0,0.0,0.7558,1.09081,0.0,1,0.0028351194,3.9730476062,3.829291984616373,Test
MINVOU01_clean,6.55615,6.26734,6.55615,1.05162,1586.57,1508.69,0.0,0.0,0.6118,0.581771,0.0,0,0.0027128753,2.933886,2.7857658341469405,Test
MINVOU_clean,6.55346,6.27139,6.55346,1.05162,1583.28,1505.56,0.0,0.0,0.6148,0.584624,0.0,0,0.002913829,2.9306542987,3.0467143379852604,Train
MINVUA01_SL,6.89591,6.55778,6.89591,1.0419,1703.36,1634.86,0.0,0.0,0.5962,0.572226,0.0,0,0.0036551471999999,3.8275146115,3.6636807326549334,Train
MINVUA_SL,6.89591,6.55778,6.89591,1.0419,1723.91,1654.59,0.0,0.0,0.5992,0.575105,0.0,0,0.0036122505999999,3.7914296403,3.7056073834394017,Test
MIQLII_clean,6.49396,4.19114,6.49396,1.29248,1977.91,1530.32,0.0,0.0,0.6424,0.497028,0.0,0,0.0043843245,3.7567001803,3.752086407250781,Test
MIRLAB_clean,3.58512,3.47285,3.58424,2.09979,267.635,127.458,11.6012,5.52495,0.4148,0.197544,0.0,0,0.0003956014,0.4960441208,0.5032247150368852,Train
MISQIQ01_clean,4.23793,4.07504,4.23793,2.08281,569.533,273.444,0.0,0.0,0.3922,0.188303,0.0,0,0.1220044455,2.9893408711,3.0370553172102563,Train
MISQIQ02_clean,4.23621,4.07274,4.23621,2.08336,549.107,263.568,0.0,0.0,0.3918,0.188062,0.0,0,0.1245830046,2.9875971063,2.9161587649818044,Train
MISQIQ03_clean,4.25302,4.08852,4.25302,2.07032,582.277,281.249,0.0,0.0,0.3888,0.187797,0.0,0,0.1216439375,2.9853501391000004,3.0073323982710005,Train
MISQIQ04_clean,4.23963,4.07761,4.23963,2.08195,575.722,276.53,0.0,0.0,0.3888,0.186748,0.0,0,0.126153273,2.9801241879,3.000733189740551,Train
MISQIQ05_clean,4.23899,4.07961,4.23899,2.08153,552.922,265.632,0.0,0.0,0.3806,0.182846,0.0,0,0.1223715538,2.9835186832,2.930549958099856,Train
MISQIQ06_clean,4.2381,4.07519,4.2381,2.08503,537.998,258.029,0.0,0.0,0.3768,0.180717,0.0,0,0.1243378466,2.9800148097,2.8591879645232847,Train
MISQIQ07_clean,4.23855,4.07782,4.23855,2.08216,622.195,298.822,0.0,0.0,0.3756,0.18039,0.0,0,0.1232616659,2.9801908206,3.048350908973581,Train
MISQIQ_clean,4.24107,4.07806,4.24107,2.08195,577.159,277.221,0.0,0.0,0.3898,0.187228,0.0,0,0.1235747138,2.9808986357,3.000733189740551,Train
MITGOL_clean,4.76638,3.82621,4.60043,2.19605,897.1,408.507,0.0,0.0,0.447,0.203547,9.11e-05,1,0.0019139654,1.3703613797,1.3218549257014718,Train
MITSAK_clean,6.11636,4.97088,6.11301,1.14225,2249.13,1969.04,0.0,0.0,0.6532,0.571855,0.0,1,0.0047604333,4.4625210868,4.275726920405582,Train
MITSUE_clean,6.56785,5.33808,6.55603,1.09158,2281.03,2089.65,0.0,0.0,0.6788,0.621849,0.0,0,0.0039554818,4.1278408685,4.058514961632781,Train
MIVFOO_clean,15.59545,7.18908,15.59545,1.05942,1203.53,1136.02,437.579,413.035,0.6586,0.621658,0.0,1,0.0024709133,2.6201089624,2.6367883459387036,Train
MIXBAY_clean,11.02015,7.37075,10.14135,0.640306,2311.05,3609.3,0.0,0.0,0.7544,1.17819,0.0,1,0.0037364873,4.523611351,4.563931658666364,Test
MIXBEC_clean,12.4058,6.44619,12.40529,0.643237,2322.53,3610.7,0.0,0.0,0.758,1.17841,0.0,1,0.0043519088,4.7645959441,4.820775444687892,Train
MIXBIG_auto,10.49302,6.38821,9.82708,0.743714,2384.9,3206.74,0.0,0.0,0.733,0.985594,0.0,1,0.0036593519,4.2360161099,4.429377252567707,Test
MIXYID_clean,6.97459,5.00942,6.97459,0.914112,2019.19,2208.91,0.0,0.0,0.6354,0.695101,0.0,0,0.0079038646,5.3338663968,5.491651677558398,Train
MIXZOK_clean,13.18784,9.81049,13.17941,0.452893,2109.4,4657.62,0.0,0.0,0.8114,1.79159,0.0,1,0.00361429,5.0189864651,4.714770781015147,Test
MIYWIB_clean,7.04459,5.28876,6.99806,2.24046,1871.0,835.095,0.0,0.0,0.6028,0.269052,0.0,1,0.0005967157,0.8045375452,0.7571721265338893,Train
MIZKOW_clean,3.8316,3.43471,3.8316,1.99445,193.651,97.0949,0.0,0.0,0.3706,0.185815,0.0,1,0.0010374313,0.9077718537,0.7890346111589657,Train
MOCKAR_clean,10.84435,6.73283,10.55041,0.748614,2330.25,3112.76,0.0,0.0,0.7394,0.987692,0.0,1,0.003989827,4.8155212711,4.639166465118264,Train
MOCKEV_clean,10.91306,6.61562,10.91306,0.767829,2301.91,2997.95,0.0,0.0,0.734,0.955943,0.0,1,0.0034150866999999,4.2024047982,4.248082234523448,Train
MODJOG_clean,5.59367,4.45075,5.58718,1.92976,2690.17,1394.04,0.0,0.0,0.6586,0.341285,0.0,1,0.0020455317,2.2215956896,2.190761277680262,Train
MODMIB_clean,4.79205,3.60409,4.64994,1.39523,1791.62,1284.1,0.0,0.0,0.6494,0.465443,0.0,0,0.0008127219,1.1322856473,1.1125621163415715,Train
MODNOI_ion_b,4.69367,3.76314,4.57829,1.59692,967.946,606.132,0.0371682,0.0232749,0.536,0.335646,0.0,1,0.0008679372999999,0.9923607398,0.9620529765671111,Test
MODNUO_ion_b,4.66372,3.69734,4.59177,1.60534,930.362,579.543,0.167447,0.104306,0.5352,0.333388,0.0,1,0.000839025,0.9759198189,0.9287461182161842,Test
MOFBIU_clean,4.73204,4.05435,4.73204,1.35155,598.778,443.031,0.0,0.0,0.4396,0.325256,0.0,1,0.0031293478,1.6638775203,1.6888543052223701,Train
MOFKUO_clean,10.06674,5.89372,10.02896,0.775285,1690.92,2181.03,0.0,0.0,0.666,0.859039,0.0,1,0.0019810762,2.7634741552999995,2.688739345011965,Test
MOFLAV_clean,10.54329,3.57347,9.99148,0.796722,1428.62,1793.12,0.0,0.0,0.6376,0.800279,0.0,1,0.0017131446,2.366662516,2.378560187371702,Train
MOGNAY_clean,5.98746,4.8264,5.9716,1.48355,1468.56,989.896,0.0,0.0,0.5258,0.35442,0.0,0,0.0030615460999999,2.5859612658,2.433409370571807,Test
MOGXUB_clean,4.66693,3.601,4.66693,2.8376,304.361,107.26,28.0112,9.87147,0.401,0.141317,0.0,1,0.0012253067999999,0.8490072984,0.7998541229900478,Train
MOJNAC_clean,4.66481,4.27217,4.66481,1.62429,1132.96,697.513,6.84199,4.21231,0.5378,0.331099,0.0,1,0.0028865121999999,2.2089633837,2.2111169255013094,Test
MOLKAB_clean,6.21836,5.45282,6.15162,1.19004,1495.35,1256.55,0.0,0.0,0.585,0.491579,0.0,1,0.0043879483,3.1997682682,3.3837021612096296,Train
MOLQEL_clean,7.00282,4.91398,6.98169,0.922936,2510.46,2720.08,0.0,0.0,0.6774,0.733962,0.0,1,0.0050005603,5.281982032,5.104685445363849,Train
MOLRIP_clean,5.54234,3.55384,5.35331,2.01055,805.607,400.69,0.0,0.0,0.4136,0.205715,0.0,1,0.0011204152,0.9174724749,0.9698971752913574,Test
MOMRIR_clean,4.41914,3.78485,4.34144,1.40491,222.323,158.247,290.552,206.812,0.4588,0.326569,0.0,1,0.0072107038,2.0781218223,2.291173796418639,Test
MOMSIS_clean,6.17338,4.21228,5.94323,1.84008,1775.64,964.98,0.0,0.0,0.577,0.313573,0.0,0,0.0024939238,2.1795776802,2.052363559757283,Test
MOPQIT_clean,5.0132,3.85656,5.0132,1.33687,942.288,704.846,0.0,0.0,0.476,0.356055,0.0,0,0.0035064354999999,2.0627416862,2.07818438795421,Train
MORFEG_clean,4.79928,3.48721,4.69113,1.33806,713.958,533.579,0.0,0.0,0.4706,0.351704,0.0,1,0.0050857456,2.4696494232,2.2288015543971023,Test
MORZID_clean,4.19947,3.9712,4.19947,1.83218,696.283,380.03,0.0,0.0,0.4348,0.237313,0.0,0,0.1300749571,3.747389388,3.8161711959335918,Train
MOSBIG_clean,7.9749,7.17885,7.94814,1.43251,1497.34,1045.25,0.0,0.0,0.5716,0.399019,0.0,1,0.0019276157999999,1.966840616,2.081149160094541,Train
MOSDUT_clean,5.00847,4.17233,5.00847,1.12183,1419.6,1265.43,13.3609,11.9099,0.5596,0.498828,0.0,1,0.0040227296,3.2128661389,3.2960029140424507,Train
MOTMAK_clean,5.72133,5.32598,5.72133,0.997473,1372.13,1375.6,0.0,0.0,0.5098,0.511092,0.0,1,0.0080396401,4.3891155074,4.46069819696514,Test
MOTVOI_clean,9.87335,7.01536,9.87051,1.00037,1639.71,1639.11,0.0,0.0,0.6506,0.650361,0.0,1,0.0041722245,3.7853098655,3.8753342998270535,Test
MOVGUB_clean,4.79892,3.66567,4.79892,1.29583,1695.99,1308.8,0.0,0.0,0.5686,0.438791,0.0,1,0.0049673784999999,3.7893327756,3.768087397133703,Test
MOVHEM_clean,4.78648,3.65733,4.78648,1.31907,1696.72,1286.3,0.0,0.0,0.5664,0.429393,0.0,1,0.005040223,3.7403058459,3.722338500240699,Test
MOVKOZ_clean,5.21247,3.83096,5.21247,1.25573,2044.79,1628.37,0.0,0.0,0.592,0.47144,0.0,1,0.0056878493999999,4.312682299,4.110369391402455,Test
MOXKAN_clean,5.24035,3.78554,5.21637,1.49263,550.2,368.611,159.888,107.118,0.4678,0.313407,0.0,0,0.0022059645,1.4531934551,1.412916021740243,Train
MOXNIY_clean,5.20828,4.58005,5.18499,1.11938,1150.31,1027.63,0.0,0.0,0.506,0.452034,0.0,0,0.0035763086,2.5478739263,2.591548252949083,Train
MOXNUJ_clean,7.33692,7.13556,7.33692,0.746109,2128.73,2853.11,0.0,0.0,0.7,0.9382,0.0,1,0.0022160969,2.9356978269,3.0041475129756687,Train
MOXNUK_clean,5.04646,4.16361,5.04099,1.19416,1034.92,866.655,0.0,0.0,0.4922,0.412174,0.0,0,0.0036772649,2.476920133,2.450556583302015,Test
MOXPUL_clean,12.29446,11.95813,12.29446,0.744524,1605.86,2156.89,0.0,0.0,0.6934,0.931333,0.0,0,0.0030851871999999,2.8843766534,3.5483364391581746,Test
MOYMET_clean,9.12886,8.44595,9.12886,1.00188,1110.93,1108.85,0.0,0.0,0.56,0.558951,0.0,1,0.001785067,2.2794687577,2.042539122812685,Test
MOYNIY_clean,4.76569,4.12526,4.76569,1.26221,800.094,633.883,4.17361,3.30659,0.4918,0.389634,0.0,1,0.004299723,2.4299597561,2.489797738246922,Test
MOYYEF_clean,7.68803,7.36383,7.68803,0.950247,1850.19,1947.06,0.0,0.0,0.627,0.659828,0.0,1,0.0036746541,3.5380380663,3.9699423284788624,Test
MOYYIJ_clean,12.42053,9.37645,12.42053,0.730593,2207.0,3020.84,0.0,0.0,0.7162,0.980299,0.0,1,0.00442033,4.2369874568,4.431383388675753,Train
MUBQIJ_clean,7.7972,3.97712,7.7972,1.1623,1447.09,1245.01,77.4656,66.6483,0.573,0.492986,0.0,1,0.0078764548,4.284310798,4.182960290388691,Train
MUBZOA_auto,18.72717,7.12,18.72717,0.441638,1990.25,4506.52,0.0,0.0,0.8132,1.84133,0.00045286,0,0.0018207333999999,2.5386138297,2.6433902656540056,Train
MUBZUG_auto,18.63539,7.90997,18.63539,0.469492,1954.88,4163.83,0.0,0.0,0.8032,1.71078,0.000425992,0,0.0018082748,2.6165486183,2.6721247494865232,Test
MUDLON_clean,10.7008,8.31199,10.7008,0.628411,1977.63,3147.04,0.0,0.0,0.7012,1.11583,0.0,1,0.0054019826,4.7530603265,4.956701585541973,Test
MUDTAH_clean,18.89368,6.63386,18.89368,0.562193,2169.18,3858.42,0.0,0.0,0.7916,1.40806,0.0,1,0.003826029,4.7887190623,4.7677913389417235,Test
MUDTEL_clean,19.09514,6.59272,18.85083,0.559282,2154.91,3853.0,0.0,0.0,0.789,1.41074,0.0,1,0.0034778359999999,4.5213170984,4.533352867537445,Train
MUFXUI_clean,6.32175,3.7026,6.31403,1.91517,995.288,519.687,0.0,0.0,0.5032,0.262744,0.0,1,0.0018753195999999,1.6788293203,1.5381036537447346,Train
MUFYAP_clean,6.26363,3.70776,6.26313,1.90371,978.115,513.793,0.0,0.0,0.5022,0.2638,0.0,1,0.0019302488,1.6983692613,1.5086458013031598,Test
MUGFOK_clean,5.96918,4.1656,5.96918,1.0315,1325.72,1285.24,0.0,0.0,0.5408,0.524287,0.0,0,0.0029894295,2.5195077604,2.6044039572887523,Train
MUGHED_clean,6.89695,5.88693,6.88053,1.44086,1384.56,960.922,0.0,0.0,0.5716,0.396706,0.0,0,0.0052252082,3.2464468375,3.492635710530684,Test
MUGQAI_clean,4.49067,3.71104,4.4722,1.86928,279.265,149.397,0.0,0.0,0.3624,0.193872,0.0,1,0.0059637089,1.2404037943,1.2047204737057136,Train
MUHNAG_clean,5.2054,3.59701,5.17347,1.40338,910.102,648.507,0.0,0.0,0.4596,0.327495,0.0,0,0.0077997213,2.4156585897,2.5414574410614854,Train
MUHNUA_clean,6.00569,3.96893,5.96297,1.13245,277.836,245.342,598.929,528.881,0.5278,0.466071,0.0,1,0.0040607361,2.4801517597,2.6210823760513073,Test
MUHPAI_clean,5.12215,3.79398,5.11629,1.52223,483.947,317.921,0.0,0.0,0.445,0.292335,0.0,1,0.003568925,1.3020693835,1.574441514842007,Test
MUJRIT_clean,6.24948,5.12409,6.24249,1.30647,1092.9,836.531,0.0,0.0,0.5376,0.411492,0.0,1,0.0018785479999999,1.7612876449,1.6936840409451344,Test
MULQOA_clean,5.82935,5.12372,5.78502,1.29204,2093.52,1620.33,0.0,0.0,0.6306,0.488067,0.0,1,0.0036204375,3.3913824862,3.387551514733226,Train
MULSER_clean,6.43873,5.71769,6.32596,3.20394,1423.73,444.368,0.0,0.0,0.5564,0.173661,0.0,1,0.0013453431,1.2211024597,1.1851144414590156,Train
MULXOH_clean,5.40379,4.11586,5.39113,1.20876,1724.57,1426.72,0.0,0.0,0.5842,0.483303,0.0,1,0.003636519,3.1622210842,3.109430021761111,Train
MUMYAW_clean,5.93329,4.12111,5.93329,1.25624,296.676,236.162,0.0,0.0,0.4254,0.338629,0.0,0,0.0004107266,0.3617848902,0.3239686849188712,Train
MUNDAC_clean,10.7777,6.68804,10.76442,1.37281,1712.63,1247.54,119.227,86.849,0.6828,0.497375,0.0,1,0.0026333721,1.9802000994,2.090031478566606,Train
MUNDEG_clean,13.44844,12.65122,13.43461,0.869875,2175.3,2500.7,0.0,0.0,0.7658,0.880357,0.0,1,0.0020919028,2.7300089645,2.718810658087104,Train
MUNDOQ_clean,14.169,13.34985,14.06749,0.845802,2182.1,2579.91,0.0,0.0,0.7752,0.916526,0.0,1,0.0020155413,2.6712541192,2.67507085593546,Train
MUNLUE_clean,8.36355,6.76783,8.36355,1.33052,1528.86,1149.07,0.0,0.0,0.5564,0.418184,0.0,0,0.00276814,2.7678696988,2.718397459092015,Train
MUNNUF_clean,7.33223,5.00492,7.33223,0.937356,1880.0,2005.64,0.0,0.0,0.6136,0.654607,0.0,1,0.0052547178,4.5954747706,4.597600893272801,Test
MUNPAN_clean,7.42883,6.43303,7.42883,0.851362,1993.43,2341.47,0.0,0.0,0.6496,0.763013,0.0,0,0.0039796321999999,4.3333591443,4.333844925297693,Train
MUNPER_clean,7.09681,5.52234,7.09517,0.917986,1955.18,2129.86,0.0,0.0,0.6202,0.675609,0.0,0,0.0048137526,4.3421905652,4.490793283508999,Test
MUPTAU_clean,4.1653,3.49014,4.1653,1.2541,633.589,505.216,0.0,0.0,0.52,0.414641,0.0,0,0.0040099389,3.0372632935,2.6840681228891254,Test
MUQSAU_clean,6.10574,5.26029,6.08367,1.19181,1276.39,1070.97,0.0,0.0,0.5272,0.442354,0.0,1,0.0028255602,2.6357718811,2.45792748497062,Test
MURBEI_clean,7.16636,5.68293,7.16636,0.873364,2436.63,2789.93,0.0,0.0,0.6948,0.795545,0.0,0,0.0063534587,6.6000461369000005,6.3972616421405135,Train
MURCAD_clean,4.60111,3.76823,4.60111,1.18753,1551.89,1306.82,0.0,0.0,0.5832,0.491102,0.0,1,0.0046735006,3.965761895,3.7820292879950808,Test
MURCIL_clean,8.29917,7.10888,8.29917,1.5444,1055.62,683.511,0.0,0.0,0.5688,0.368297,0.0,1,0.0006768892,0.8129152104999999,0.8555067358376292,Test
MURCOR_clean,8.10583,6.88134,8.10583,1.58436,1015.28,640.812,0.0,0.0,0.5632,0.355475,0.0,1,0.0006537544999999,0.7988657773000001,0.8573991654122128,Test
MURFIQ_clean,7.24055,5.2237,7.22777,1.12426,739.654,657.9,0.0,0.0,0.487,0.433172,0.0,0,0.0008809654,1.107297011,1.046127192860653,Test
MURTUO_clean,5.36071,4.16389,5.36071,1.95193,861.496,441.357,0.0,0.0,0.5124,0.26251,0.0,1,0.0011048538,0.863905426,0.9786876802249371,Train
MUSCAG_clean,5.66812,5.1578,5.66812,1.35058,1261.14,933.776,0.0,0.0,0.5436,0.402493,0.0,1,0.00297514,2.1979754314,2.343952043576641,Train
MUSCIN_clean,9.38658,7.66741,9.38512,0.993168,1809.71,1822.16,0.0,0.0,0.6586,0.663131,0.0,1,0.0033935084999999,3.8054841732,3.7535797349505966,Train
MUSSIE_clean,8.74352,7.39002,8.74352,1.23265,727.688,590.344,539.668,437.811,0.5772,0.468259,0.0,0,0.0088818587,4.5885862995,4.60005198428148,Train
MUTDIQ_clean,8.28155,3.70267,8.27208,0.907108,1694.67,1868.21,61.3387,67.62,0.6404,0.70598,0.0,1,0.0027257895,3.090440519,3.0735549184755815,Test
MUTVUT_clean,4.81469,3.76296,4.81469,1.36731,413.706,302.568,0.0,0.0,0.4354,0.318435,0.0,0,0.0020765146,1.1152930433,1.2173434069544484,Train
MUVGOA_clean,5.03839,3.5374,4.60238,0.993755,720.941,725.471,502.862,506.022,0.5306,0.533934,0.0,0,0.0128809487,4.9919083216,4.983010097236224,Train
MUVGUG_clean,5.3049,3.8372,5.3049,0.980252,740.547,755.465,511.645,521.952,0.5644,0.57577,0.0,0,0.0153094237,5.3126963057,5.276143906400815,Train
MUVHER_clean,5.24679,3.7317,5.24381,0.97664,759.504,777.67,505.736,517.833,0.5526,0.565818,0.0,0,0.0147913196,5.4231472715,5.367985933297826,Train
MUVJIX_clean,5.57567,4.9751,5.5219,1.4259,1132.91,794.523,0.0,0.0,0.4782,0.335368,0.0,1,0.0033294902,2.4917025968,2.1909857524659886,Test
MUVLUM_clean,8.4023,7.67137,8.36811,1.09338,1571.87,1437.62,0.0,0.0,0.597,0.546011,0.0,1,0.0033185029,3.4102480548000003,3.321486581995977,Train
MUVMOG_clean,4.22005,3.96612,4.21245,1.88412,1523.37,808.528,0.0,0.0,0.519,0.27546,0.0,1,0.0269008969,4.8617588326,4.792389463636123,Train
MUVNAT_clean,5.6328,3.44137,5.05356,2.33052,1152.05,494.331,0.0,0.0,0.4892,0.209911,0.0,1,0.0010787598,1.1724920365,1.1850550725185727,Train
MUVNEX_clean,5.38689,3.95895,5.38689,2.21744,1372.1,618.775,0.0,0.0,0.5208,0.234865,0.0,1,0.0009030957,1.0419738899,1.0761611147283794,Train
MUVROM_clean,6.53947,4.17251,6.17765,1.42791,635.748,445.228,276.909,193.926,0.462,0.323549,0.0,1,0.0079657414,2.7209883364,2.629584999069863,Train
MUWQEB_clean,15.66484,9.57746,15.5128,0.72296,1280.06,1770.59,458.981,634.865,0.7258,1.00393,0.0,1,0.0037903588,4.1292268201,4.058564366892307,Test
MUZGAQ_clean,8.01686,3.8968,7.05023,1.88749,1060.89,562.066,12.103,6.41222,0.5204,0.27571,0.000105961,1,0.0009880288,0.8632585229,0.9466170950169492,Train
MUZKAV_clean,17.45826,13.87931,17.45826,0.40339,1714.83,4251.06,45.6222,113.097,0.8208,2.03476,0.0,1,0.0063254548,6.590654701,6.598377745952091,Train
MUZVUA_clean,6.29282,4.92678,6.2328,1.05196,1843.91,1752.83,0.0,0.0,0.6012,0.571503,0.0,1,0.0038807014,3.4564717048,3.4860766110362307,Train
NABMUA01_clean,6.23732,6.06718,6.23732,1.12213,1424.12,1269.12,0.0,0.0,0.5374,0.47891,0.0,1,0.0100312368,5.2575486838,4.9549753264709455,Train
NABMUA_clean,6.23863,6.07222,6.23863,1.11938,1449.31,1294.74,0.0,0.0,0.536,0.478835,0.0,1,0.0097574799,5.2225908989,4.892825959986378,Test
NACVUI_clean,4.77526,3.80831,4.76074,1.15827,1072.88,926.279,0.0,0.0,0.5544,0.478644,0.0,0,0.0065484102,3.4691852237000003,3.582964904134284,Train
NACYAU_clean,9.59326,6.44061,9.30682,0.587991,2547.85,4333.14,0.0,0.0,0.7478,1.27179,0.0,1,0.0040310056,4.946699577,5.118581970826657,Test
NACYOG_clean,5.74941,4.06197,5.74941,1.46194,999.211,683.482,0.0,0.0,0.4946,0.338317,0.0,1,0.0037088917,2.3376830201,2.2086613809699003,Train
NACYUM_clean,5.55428,3.97006,5.53082,1.38654,927.307,668.791,0.0,0.0,0.4542,0.327578,0.0,1,0.0040632823,2.3576812257,2.0896919338943793,Test
NADKEK_clean,5.31129,3.4955,5.31129,1.49762,283.2,189.1,22.2509,14.8575,0.4336,0.289526,0.0,0,0.00024212,0.3180744249,0.3174872096855603,Train
NADNEM_clean,6.17658,3.63409,6.12044,1.11816,999.382,893.777,0.0,0.0,0.5212,0.466125,0.0,0,0.0078094688,3.0228856156,3.2318536309016075,Train
NADZEZ_clean,4.52715,3.99796,4.52715,1.63451,828.325,506.772,0.0,0.0,0.4522,0.276657,0.0,0,0.0123758799,3.0191364246,2.978335089983724,Train
NADZID_clean,5.01289,4.70268,4.9859,1.56754,1059.53,675.918,0.0,0.0,0.4664,0.297536,0.0,0,0.0119348477,3.0453414794,3.052328693934624,Train
NAFSOF_clean,10.41333,8.31604,10.41316,0.437831,2285.29,5219.56,0.0,0.0,0.8158,1.86328,0.0,1,0.0032445045,4.7734360211,4.48779467290476,Test
NAGBUU_clean,4.53887,4.18445,4.52808,1.74664,609.414,348.906,0.0,0.0,0.3514,0.201186,0.0,1,0.0022214117,1.1850772108,1.2621409166758035,Train
NAGCAB_clean,7.89572,6.99253,7.70374,1.77084,1845.07,1041.92,0.0,0.0,0.6216,0.35102,0.0,1,0.0007900258,1.0100379584,1.060931865740627,Train
NAGQET_clean,6.32737,4.10631,6.32737,1.16822,1034.31,885.371,0.0,0.0,0.4844,0.414648,0.0,0,0.0044304232,2.4728797308000003,2.550326184201186,Train
NAGQOD_clean,7.52321,5.78841,7.52321,1.16388,884.56,760.01,0.0,0.0,0.503,0.432176,0.0,0,0.0015450954,1.6284892101,1.575541966648904,Test
NAHFIO_clean,5.2589,3.87482,5.25696,1.10135,1180.95,1072.27,0.0,0.0,0.523,0.474873,0.0,0,0.0025257313,2.3058792231,2.2487478297818493,Test
NAHHAI_clean,6.03251,4.99461,5.9659,1.6794,1408.86,838.909,0.0,0.0,0.5636,0.335597,0.0,1,0.0033106101,2.4438820777,2.421716819412195,Train
NAHNES_clean,12.52913,11.45257,12.52913,0.578749,2093.33,3616.99,0.0,0.0,0.7668,1.32493,0.0,1,0.0032944787,4.3506733742,4.272673991482429,Train
NAJQUN_clean,5.34756,3.50411,5.30221,1.22931,1132.44,921.195,0.0,0.0,0.5072,0.412588,0.0,1,0.0052267701,3.3455996354,3.0651287155276403,Test
NAJSUP_clean,6.289,4.7993,6.289,1.17213,2075.39,1770.61,0.0,0.0,0.6006,0.512401,0.0,1,0.006265562,4.322861354,4.416603656061595,Test
NAJTAW_clean,6.34991,4.99732,6.34991,1.15815,2148.84,1855.41,0.0,0.0,0.6062,0.523422,0.0,1,0.0056570310999999,4.1462059054,4.198247262638134,Test
NAKLIW_clean,5.07535,4.01579,4.60929,1.15907,1720.4,1484.3,0.0,0.0,0.6208,0.535603,0.0,1,0.0056056005,4.4671302207,4.2954412202970484,Test
NALWOO_clean,9.16164,8.79623,9.14564,1.02635,1440.32,1403.34,0.0,0.0,0.5862,0.571148,0.0,1,0.0025299995,2.7115915933,2.7619500637968057,Train
NALYEG_clean,13.12266,12.88152,13.12266,1.5741,1371.05,871.007,0.0,0.0,0.6462,0.41052,0.0,1,0.0015122794,1.8304099798,1.6974371988668182,Train
NAMDUD_clean,16.03482,3.9849,16.03053,0.771409,1799.33,2332.52,0.0,0.0,0.674,0.873726,0.0,1,0.0053101281999999,5.2638326415,5.123266632612847,Train
NANTII_clean,10.0936,8.00204,10.0936,0.620421,2302.26,3710.81,0.0,0.0,0.7974,1.28526,0.0,1,0.0019633563,2.7711913337,2.9547842517199983,Test
NANYUX03_clean,5.54429,4.75767,5.52159,1.04137,1912.89,1836.9,0.0,0.0,0.6486,0.622835,0.0,0,0.0054887808999999,4.5727023758,4.613544132804437,Train
NAPNEA_clean,6.09623,3.46864,4.58597,0.972297,496.247,510.387,355.216,365.337,0.5562,0.572048,0.0,0,0.0072406937,3.2055346355000003,3.2169686907724113,Train
NAPZOV_clean,5.15523,4.10902,5.14793,1.47553,1007.23,682.626,0.0,0.0,0.5412,0.366783,0.0,1,0.0049600027,2.5870563649,2.6612074859779358,Test
NAQLAT_clean,6.1178,3.53855,6.08833,1.24225,1087.35,875.308,0.0,0.0,0.5306,0.427128,0.0,1,0.0105068585,4.1466325002,3.9746063876955975,Train
NAQQED_clean,8.84631,4.18602,8.84631,1.16199,2235.29,1923.68,0.0,0.0,0.7052,0.606892,0.0,1,0.0015798656,2.1090878495,2.118913901007139,Train
NAQQIH_clean,8.86151,4.15241,8.85959,0.875522,2235.36,2553.18,0.0,0.0,0.7024,0.802264,0.0,1,0.0022790764,3.0392683455,2.9833564411856326,Test
NAQQON_clean,9.07609,4.33235,9.07609,1.01182,2282.57,2255.9,0.0,0.0,0.7134,0.705063,0.0,1,0.0016811592,2.301738003,2.293159094444502,Train
NAQQUT_clean,9.01357,4.32605,9.01322,1.00423,2256.36,2246.85,0.0,0.0,0.7102,0.707207,0.0,1,0.0017076503,2.3271174316,2.385434922402867,Train
NAQRAA_clean,8.82176,4.19423,8.82039,1.0822,2240.28,2070.12,0.0,0.0,0.7116,0.657551,0.0,1,0.0015589356,2.2280323121000003,2.122071808451854,Train
NAQREE_clean,8.85655,4.22407,8.85397,1.08196,2247.94,2077.65,0.0,0.0,0.7126,0.658619,0.0,1,0.0016249982,2.2272355356,2.1486896553309065,Test
NARMUR_clean,3.85567,3.41897,3.84405,2.08835,240.166,115.003,0.0,0.0,0.399,0.19106,0.0,1,0.0008425837,0.749498337,0.6921817141189366,Test
NARPOO_clean,4.62788,3.52973,4.62788,1.93637,626.775,323.686,0.0,0.0,0.4208,0.217314,0.0,1,0.0027492390999999,1.5074089547999998,1.471053343794218,Test
NARPUU_clean,4.57962,3.51552,4.57962,1.96606,599.01,304.676,0.0,0.0,0.431,0.219221,0.0,1,0.0027956739,1.4942673366,1.5411651541874554,Train
NASREH_clean,7.10434,4.41446,7.10434,0.83655,2601.4,3109.67,0.0,0.0,0.663,0.79254,0.0,1,0.0054407519999999,5.1374255464,5.41595148605821,Test
NASRIL_clean,7.12232,4.94837,7.12232,0.851796,2450.87,2877.3,0.0,0.0,0.6816,0.800191,0.0,1,0.0052482791,5.1042342889,5.329345960133027,Test
NASROR_clean,13.45228,4.98216,13.45228,0.776126,1903.68,2452.8,0.0,0.0,0.7,0.901915,0.0,1,0.0054612677,4.7444746186,4.786605717895162,Train
NATFAS_clean,6.53453,3.93626,6.37422,1.34798,1587.17,1177.44,0.0,0.0,0.564,0.418403,0.0,0,0.0073171046999999,4.2225886163,4.1761943247856195,Test
NATHOH_ion_b,5.49353,3.97352,5.49353,2.17321,1195.36,550.044,0.0,0.0,0.4624,0.212773,0.0,1,0.0010500774,1.0646349104,1.0589468902552555,Test
NATHUO_clean,7.56745,6.68911,7.56745,1.07613,1712.53,1591.37,0.0,0.0,0.6018,0.559224,0.0,1,0.0031896621,2.9018841161,3.3066748586727552,Test
NATKIF_clean,17.00981,12.93858,16.43746,0.345463,1901.41,5503.94,0.0,0.0,0.8556,2.47668,0.0,1,0.0041182283,5.2214992809,5.591680691529861,Test
NATKOL_clean,7.96067,5.75072,7.91611,0.695846,2746.18,3946.53,0.0,0.0,0.699,1.00453,0.0,1,0.0041470637,5.1543231396,5.213174453793644,Test
NAVJAW01_clean,11.39615,10.64646,11.39615,1.17113,1550.28,1323.75,0.0,0.0,0.633,0.540502,0.0,1,0.0023506942,2.8114854119,2.9619800269533583,Train
NAVJAW_clean,11.35149,10.97665,11.35149,1.17524,1535.17,1306.26,0.0,0.0,0.6334,0.538952,0.0,1,0.0024557631,3.0634406468,3.031720882040932,Train
NAVLIG_clean,4.05904,3.742,4.05904,1.16225,487.528,419.471,0.0,0.0,0.474,0.407831,0.0,0,0.0051658706,2.8194755955,2.7882029116214326,Test
NAWDUN_clean,7.40097,5.49968,7.39892,0.842634,2070.76,2457.48,0.0,0.0,0.6368,0.755726,0.0,1,0.0054647742,4.878082646499999,5.033001715383609,Test
NAWKII_clean,5.87047,3.9227,5.87047,0.947947,1478.21,1559.38,0.0,0.0,0.5784,0.610161,0.0,1,0.0071314179,4.6863723694,4.701317978900953,Test
NAWWUG_clean,5.71546,4.10727,5.46236,1.11201,1652.38,1485.94,0.0,0.0,0.5826,0.523916,0.0,1,0.006027428,3.722635882,4.009094770025516,Test
NAWXER_clean,9.09863,5.59872,6.09599,0.664973,2891.83,4348.79,0.0,0.0,0.734,1.1038,0.0,1,0.0044013015,5.5035789513,5.39021954988851,Test
NAXKOO_clean,7.154,7.00039,7.154,1.18269,1555.75,1315.44,0.0,0.0,0.5548,0.469101,0.0,0,0.0097552497999999,6.523159942,5.266265601424392,Test
NAXLII_clean,5.86925,5.28522,5.86925,1.2305,998.395,811.372,0.0,0.0,0.5042,0.409751,0.0,1,0.0024560852,2.0764671304,1.9051329534349204,Test
NAYGUR_clean,7.6924,7.0244,7.6924,0.745846,2238.41,3001.16,0.0,0.0,0.7254,0.972586,0.0,1,0.0025344672,3.1499610083,3.40621919067177,Test
NAYMOQ_clean,4.042,3.49537,4.03529,1.20973,330.783,273.436,0.0,0.0,0.4026,0.332802,0.0,1,0.0007825476,0.8221481159999999,0.8327209848594896,Train
NAYNIK_clean,5.90297,3.81726,5.80437,1.72086,950.582,552.388,0.0,0.0,0.5262,0.305777,0.0,0,0.0003768135,0.4796152429999999,0.5018855315038113,Train
NAYPIM_clean,5.76963,3.48376,5.76943,1.68342,1111.0,659.968,0.0,0.0,0.502,0.298203,0.0,0,0.0441174229999999,5.1689164756,5.250452525100109,Train
NAYXOC_clean,8.15867,4.39162,7.93074,1.10978,1802.12,1623.85,0.0,0.0,0.6112,0.550741,0.0,1,0.0037465478999999,3.5473755635,3.458013116859815,Train
NAYZOE_clean,15.82314,6.52553,15.81665,0.498918,2302.42,4614.84,0.0,0.0,0.813,1.62953,0.0,1,0.00306749,4.3058992363,4.343376988696528,Test
NAYZUK_SL,9.49894,7.59757,9.49894,1.33539,970.819,726.992,135.046,101.128,0.563,0.421599,0.0,0,0.0032559653999999,2.942390227,2.766893866012053,Train
NAZZEV_clean,9.68562,8.04863,9.67315,1.02009,1679.74,1646.65,0.0,0.0,0.6478,0.635039,0.0,1,0.0037051181,3.7166684125,3.5801493929309127,Test
nchem.2258-s3_clean,11.60468,9.32321,11.60031,0.548188,2435.64,4443.09,11.1166,20.2788,0.7802,1.42324,0.0,1,0.0051727718,5.775887474299999,5.69935727490102,Train
ncomms11831_ncomms11831-s2_clean,4.88753,3.53737,4.88616,1.57042,403.532,256.959,0.0,0.0,0.3336,0.212428,0.0,0,0.0151189302,1.5253018192,1.5341974059973629,Train
ncomms11831_ncomms11831-s3_clean,4.53044,4.08038,4.52326,1.56068,421.065,269.795,0.0,0.0,0.3414,0.21875,0.0,0,0.0115383432,1.7432548004,1.8138685103877388,Train
ncomms7350-s2_clean,6.32642,5.9567,6.32642,1.52435,1274.9,836.355,0.0,0.0,0.531,0.348344,0.0,1,0.0018879797,1.6788100914,1.7556716202385052,Test
NDAIAH_clean,6.63827,3.41985,6.40814,1.54439,1188.39,769.486,0.0,0.0,0.551,0.356774,0.0,1,0.0015833281,1.4602855387,1.5807788995455612,Train
NEBNOZ_clean,6.01321,5.05928,6.00094,1.13873,1248.11,1096.06,0.0,0.0,0.5186,0.45542,0.0,1,0.0041525682,2.9618695167,3.0091611722780653,Train
NEDVUP_clean,7.10231,5.27516,7.10043,0.883179,2108.77,2387.7,0.0,0.0,0.6378,0.722164,0.0,1,0.0034423517,3.9425664348,3.815899116459019,Test
NEDWAW_clean,8.21752,5.99671,8.17631,0.756185,2155.93,2851.06,0.0,0.0,0.6702,0.886291,0.0,0,0.003129745,4.0369034239,3.910104895979182,Test
NEDWEA_clean,7.23193,5.49922,7.23193,0.857312,2138.95,2494.95,0.0,0.0,0.6398,0.746286,0.0,1,0.0035494144,3.9711397692,4.003992291609241,Train
NEDWIE_clean,8.99031,6.43493,8.98641,0.682799,2139.49,3133.41,0.0,0.0,0.724,1.06034,0.0,1,0.0026140148,3.5531671529000004,3.440979586742154,Test
NEDXOL_clean,5.99531,3.70069,5.99531,1.19863,1096.35,914.669,0.0,0.0,0.5274,0.440003,0.0,0,0.0062325054,2.9404848367,3.2116403720838065,Test
NEFZOO_clean,4.9876,4.51456,4.96943,1.17458,1752.87,1492.33,0.0,0.0,0.5624,0.478808,0.0,1,0.0164933705,6.314950556,6.167964050419635,Train
NEGMUI_clean,6.43529,3.57476,6.40936,1.70833,1135.33,664.583,0.0,0.0,0.5116,0.299474,0.0,1,0.0008716457,1.000050295,1.0979368883383995,Test
NEGZUW_clean,6.52732,5.75532,6.52732,1.40591,2132.81,1517.03,0.0,0.0,0.6336,0.450668,0.0,1,0.0015316373,1.5983632013999998,1.7667009751168752,Test
NEHGEO_clean,5.2858,4.45812,5.28563,1.33637,1775.08,1328.28,0.0,0.0,0.5648,0.422636,0.0,1,0.0058070091,3.4765703125,3.759879310668903,Test
NEHGIS_clean,5.25791,4.32138,5.25791,1.34435,1760.82,1309.79,0.0,0.0,0.5618,0.417897,0.0,1,0.0061505870999999,3.4851333852,3.921839229100617,Test
NEHMET_clean,4.71483,3.76667,4.71105,1.33401,1622.86,1216.53,0.0,0.0,0.597,0.447522,0.0,0,0.0060359131,4.1575298023,4.147633685108489,Train
NEHZIK_clean,7.34019,4.77821,7.34019,1.20148,1239.75,1031.85,0.0,0.0,0.5382,0.447947,0.0,1,0.0021231032,2.097000328,2.053333751570757,Test
NEJRUR_clean,4.68942,3.81829,4.68942,1.2394,1057.89,853.554,15.7348,12.6955,0.5034,0.406165,0.0,0,0.0061164931,3.2608380464,3.352987321275002,Train
NEJSAY_clean,4.50943,3.7344,4.50943,1.24034,1046.3,843.559,44.3105,35.7246,0.5234,0.421982,0.0,0,0.0059745395,3.403056163,3.446256331885681,Train
NEJSEC_clean,5.81645,3.98304,5.23805,1.24255,1038.8,836.024,5.34967,4.30539,0.5324,0.428473,0.0,0,0.0066826037,2.933802699,3.2102202802199566,Test
NEJSOM_clean,5.41485,4.53855,5.40953,1.12052,1544.19,1378.11,0.0,0.0,0.5672,0.506195,0.0,0,0.0068470191,4.4919451882,4.236084552629757,Train
NEKBEL_clean,4.90746,3.89074,4.89557,1.60125,914.813,571.31,2.67246,1.66898,0.5046,0.315128,0.0,1,0.0007178695,0.7880883044,0.8417461982670518,Train
NEKMUN_clean,5.69957,3.6274,5.51939,1.30616,1011.9,774.717,0.0,0.0,0.4788,0.366572,0.0,0,0.0094262727,3.5186166046,3.3009126113258267,Train
NEKREB_clean,7.13295,5.12512,7.13295,1.3542,1081.87,798.902,136.454,100.763,0.5622,0.415152,0.0,1,0.0035535601,1.9901270407,2.316313757714727,Train
NELVAC_clean,4.82648,4.29457,4.79942,1.65303,931.318,563.4,0.0,0.0,0.5062,0.306225,0.0,0,0.0109954731,2.4970135275,2.730542224964053,Train
NELVEG_clean,4.88877,3.9894,4.88281,1.93052,846.514,438.489,0.0,0.0,0.4838,0.250606,0.0,0,0.0119843809,2.2141565326,2.4057721912408203,Train
NENFAN_clean,7.3527,6.48023,7.3527,2.08229,1229.05,590.24,0.0,0.0,0.526,0.252607,0.0,0,0.019495435,4.4091873201,4.253664664750525,Train
NENHAQ_clean,10.30187,9.48231,10.30187,0.81249,1810.52,2228.36,0.0,0.0,0.7266,0.894287,0.0,1,0.0019415726,2.6755746533,2.6450186081069536,Test
NEPWIQ_clean,4.3412,3.92268,4.32302,2.14557,765.165,356.625,0.0,0.0,0.4758,0.221759,0.0,1,0.0035117119,2.0942538733,1.9683962958642087,Test
NERMON_clean,5.21245,4.69214,4.9752,1.84917,802.953,434.223,0.0,0.0,0.4356,0.235565,0.0,1,0.0005568228,0.6384338184,0.6476075049864969,Train
NERTAH_clean,4.54882,3.46995,4.4502,1.3343,589.598,441.88,43.1614,32.3477,0.4772,0.357642,0.0,1,0.0033488112,1.8182337714,2.1590944072035,Test
NERVAJ_clean,12.53445,5.46518,12.53445,1.01277,1389.34,1371.82,0.0,0.0,0.569,0.561827,0.0,1,0.0022376988,2.23837481,2.354979584918958,Test
NERVEN_clean,12.25139,5.76203,12.25139,1.08035,1360.26,1259.1,0.0,0.0,0.5706,0.528164,0.0,1,0.0017885103,1.8945785507,2.0162604441415493,Test
NETHOJ_clean_h,4.97649,4.04567,4.52041,1.68332,1607.37,954.88,0.0,0.0,0.565,0.335646,0.0,1,0.0024972745,2.1392384683000003,2.1741489961604037,Test
NETYIV01_clean,8.07265,7.09602,8.06746,0.782971,2020.36,2580.37,0.0,0.0,0.686,0.87615,0.0,1,0.0030062619,3.6682180434,3.788851044632077,Test
NETYIV_clean,8.05298,7.05859,8.05298,0.781018,1992.35,2550.96,0.0,0.0,0.686,0.878341,0.0,1,0.0028194496999999,3.5256037229,3.6394081708573416,Test
NEVJEF_clean,6.93106,3.47964,6.92655,1.61189,1003.29,622.432,0.0,0.0,0.4932,0.305976,0.0,1,0.0021651091,1.9039185426,1.7903641694227639,Train
NEVPOU_clean,6.31655,5.18077,6.31594,1.2374,1037.41,838.376,200.543,162.068,0.5652,0.456764,0.0,1,0.0031456638,2.8603764034,2.22268734969703,Test
NEVVAM01_clean,6.94552,5.78544,6.80825,1.42342,1408.53,989.544,0.0,0.0,0.5446,0.3826,0.0,0,0.0034695210999999,2.5987194546,2.8599002301871588,Test
NEVVAM02_clean,6.83817,5.86962,6.83673,1.42399,1416.84,994.976,0.0,0.0,0.5302,0.372334,0.0,0,0.0032671431,2.5635983082,2.6412973115590557,Train
NEVVAM_clean,6.98127,5.93133,6.98127,1.4203,1415.91,996.914,0.0,0.0,0.523,0.368233,0.0,0,0.0034485559999999,2.6403701807,2.781542073745463,Train
NEVVEQ_clean,4.80581,3.79614,4.80581,1.56913,728.185,464.069,0.0,0.0,0.453,0.288695,0.0,0,0.0114374154,2.7773261527,2.638427027463812,Train
NEXVET_clean,15.05129,7.94511,15.02301,0.572296,2220.51,3880.01,0.0,0.0,0.8096,1.41465,0.0,0,0.0022256289,3.2090698097000003,3.307518063063969,Test
NEXVUI_clean,9.07531,8.9508,9.07531,1.35917,693.606,510.314,30.665,22.5615,0.5322,0.391561,0.0,1,0.001321801,1.4304104513,1.3950810201456982,Train
NEXXEV_clean,10.14339,9.60102,10.14163,0.701942,1675.6,2387.1,0.0,0.0,0.6396,0.911186,0.0,1,0.0047749275,4.7384964049,4.6076971878355,Train
NEXXIZ_clean,9.73301,9.22346,9.73301,0.709285,1668.91,2352.94,0.0,0.0,0.6328,0.892166,0.0,1,0.0047566905,4.7160496415,4.468552291051921,Test
NEYVEU_clean,20.18169,6.42425,20.08436,0.514184,2007.78,3904.79,0.0,0.0,0.7952,1.54653,0.0,0,0.0035710996999999,4.749576010899999,4.6426287822112675,Test
NEYYUN_clean,4.68454,4.06012,4.68454,1.064,2087.99,1962.4,0.0,0.0,0.6166,0.579512,0.0,1,0.0120658857,6.635048225,6.629514808748253,Train
NEYZAU_clean,4.66904,4.09054,4.65339,0.942406,2112.21,2241.29,0.0,0.0,0.6186,0.656405,0.0,1,0.0141362837999999,7.6086761598,6.554870137290249,Test
NEZWOG01_clean,6.15081,4.94067,6.15081,1.68632,1580.27,937.116,0.0,0.0,0.5538,0.328408,0.0,1,0.0012264845,1.3541785434,1.3656307791423974,Test
NEZWOG_clean,6.42146,5.18119,6.41863,1.71364,1489.36,869.12,0.0,0.0,0.552,0.322122,0.0,1,0.0013900006,1.485066978,1.4202245646165328,Train
NIBHUC_clean,18.86769,11.8721,18.86769,0.449382,1927.35,4288.89,0.0,0.0,0.8286,1.84387,0.0,1,0.0031162726,4.2885853722,4.254476442257609,Train
NIBJAK_clean,32.00355,17.55175,32.00033,0.223433,1188.94,5321.22,0.0,0.0,0.9102,4.0737,0.0,1,0.0035357708,5.2546748212,5.267942382475585,Test
NIBXUT_clean,6.21117,5.18074,6.19848,1.9388,1406.45,725.426,0.0,0.0,0.5234,0.269961,0.0,1,0.0015564002,1.5326735513,1.473976609925566,Train
NIFTIH_clean,4.90975,3.65701,4.90975,1.37616,1012.21,735.536,0.0,0.0,0.5236,0.380479,0.0,1,0.0060029246999999,3.085777898,3.0484677617945732,Train
NIGBOW_clean,11.80846,11.56903,11.80846,0.664854,1743.47,2622.33,0.0,0.0,0.7086,1.0658,0.0,0,0.0031661815,4.1590927817,3.7298250856725685,Test
NIGDEO_clean,13.9402,7.42068,13.92619,0.633535,2119.03,3344.77,0.0,0.0,0.7538,1.18983,0.0,1,0.0043173631,4.9747269111,4.986515220677971,Train
NIGDIS_clean,14.03164,7.36423,14.03164,0.622681,2210.2,3549.5,0.0,0.0,0.7674,1.23241,0.0,1,0.0042801934,5.1834508554,5.051964531986666,Train
NIGFIT_clean,7.4378,4.64365,7.4378,1.2326,2395.77,1943.66,0.0,0.0,0.659,0.53464,0.0,1,0.0030142754,3.408642796,3.3932571024562157,Train
NIGFOZ_clean,7.49823,4.6446,7.49513,1.19407,2411.1,2019.23,0.0,0.0,0.6618,0.554241,0.0,1,0.0030658273,3.4348117146,3.4495197604788252,Test
NIGFUF_clean,7.45855,4.62821,7.45855,1.23037,2420.25,1967.09,0.0,0.0,0.6578,0.534636,0.0,1,0.0032071544,3.4907047824,3.5115255398094205,Test
NIGGAM_clean,7.44488,4.63983,7.44488,1.22204,2431.75,1989.92,0.0,0.0,0.6646,0.543847,0.0,1,0.0030256765,3.4041977267,3.3820765526489023,Test
NIGGEQ_clean,7.37601,4.62938,6.94846,1.24921,2427.77,1943.44,0.0,0.0,0.6582,0.526892,0.0,1,0.0030322417,3.4014586379,3.3778332936725795,Train
NIGGIU_clean,7.3331,4.59835,7.3331,1.27304,2426.84,1906.33,0.0,0.0,0.656,0.5153,0.0,1,0.0038525996,3.9909533765,3.8617239112156585,Test
NIGNUO_clean,16.88905,3.72632,16.88905,0.773731,1979.77,2558.73,0.0,0.0,0.6948,0.897987,0.0,1,0.0040577697999999,4.2844509778,4.358710602358904,Train
NIGPEA_clean,10.42385,9.24875,10.42385,0.730648,2142.0,2931.64,0.0,0.0,0.6842,0.936428,0.0,1,0.0044468258,4.9060049564,4.72299206115772,Train
NIHBAI01_clean,4.75768,3.68765,4.75768,1.76453,773.951,438.616,0.0,0.0,0.4424,0.250719,0.0,0,0.0037733926,1.8114744101,1.7973656142038723,Test
NIHBAI02_clean,4.7992,3.7527,4.7992,1.74298,825.866,473.823,0.0,0.0,0.449,0.257604,0.0,0,0.0039987172,1.839398785,1.8387143911436068,Train
NIHBAI_clean,4.7247,3.65018,4.71583,1.7748,745.205,419.881,0.0,0.0,0.4386,0.247126,0.0,0,0.0038209964,1.795636634,1.8312073936102418,Train
NIHBEM01_clean,4.87963,3.68372,4.87963,1.74048,783.372,450.089,0.0,0.0,0.4496,0.258319,0.0,0,0.0036591436,1.7984754058,1.749572088728012,Train
NIHBEM02_clean,5.01891,3.78432,5.01891,1.70287,870.252,511.052,0.0,0.0,0.4636,0.272247,0.0,0,0.0037162681,1.8212712672,1.8233928481931612,Train
NIHBEM_clean,4.82471,3.66332,4.81898,1.76393,749.866,425.111,0.0,0.0,0.4434,0.25137,0.0,0,0.0037543511,1.7904398885,1.7707272026698782,Test
NIHBIQ01_clean,5.30133,3.89271,5.30133,1.65496,952.5,575.542,0.0,0.0,0.4798,0.289916,0.0,0,0.0034830096,1.8109491818,1.831392459067037,Test
NIHBIQ02_clean,5.38184,3.95166,5.35574,1.6285,1006.66,618.147,0.0,0.0,0.4894,0.300521,0.0,0,0.0033687605,1.8249161296,1.9431544480993164,Test
NIHBIQ_clean,5.25122,3.88968,5.21988,1.66955,927.396,555.476,0.0,0.0,0.4762,0.285226,0.0,0,0.0035115719,1.8202636539,1.793547277271386,Test
NIHVUX_clean,7.06296,5.57011,7.05951,3.18911,938.163,294.177,124.289,38.973,0.4932,0.154651,0.0,1,0.0005681023,0.5368025322,0.5253414103100456,Train
NIJTOR_clean,5.13346,3.60858,4.57199,1.35089,285.546,211.376,191.611,141.84,0.4084,0.302318,0.0,1,0.0049823951,1.8277418155,1.7485641666045901,Test
NIJZIP01_clean,8.50827,7.36867,8.50827,1.45663,1110.96,762.692,3.7965,2.60636,0.5674,0.38953,0.0,1,0.0006799494,0.8233121778,0.8235981392191789,Test
NIJZIP_clean,9.04941,7.56212,9.04941,1.42787,1214.86,850.82,0.0,0.0,0.5802,0.406339,0.0,1,0.0006881254,0.8923867233,0.882401461632238,Test
NIJZOV_clean,8.62609,7.08161,8.6236,1.5406,1133.11,735.501,0.0,0.0,0.5798,0.376347,0.0,1,0.0006539631,0.7717248011,0.8087944353524326,Train
NIKDAM_clean,7.96983,7.14498,7.96983,0.958363,1366.23,1425.59,0.0,0.0,0.6056,0.631911,0.0,1,0.0024035557,2.5870038624,2.69978119208195,Train
NIKJIB_clean,7.23675,3.61132,7.23452,1.15081,1184.22,1029.04,0.0,0.0,0.5324,0.462633,0.0,1,0.0030736151,2.5857538916,2.5435096860345365,Test
NIKKIC_clean,5.94413,4.27315,5.93398,1.24613,1177.42,944.864,0.0,0.0,0.498,0.399638,0.0,1,0.0042841019,2.7768963705000003,2.809265899996136,Test
NIKYOW01_clean,4.61161,3.58405,4.59865,1.78633,690.02,386.278,0.0,0.0,0.436,0.244076,0.0,0,0.0034703152,1.7528424263999998,1.8038852920359294,Test
NIKYOW02_clean,4.72463,3.68194,4.72463,1.75151,766.584,437.671,0.0,0.0,0.4498,0.256808,0.0,0,0.0035004643,1.7926153809999998,1.8032680796342233,Test
NIKYOW_clean,4.56807,3.54686,4.56807,1.80221,654.259,363.032,0.0,0.0,0.4324,0.239928,0.0,0,0.0033401983,1.7324029519,1.7431177626057068,Train
NIKYUC01_clean,4.94759,3.68791,4.94354,1.71164,846.153,494.351,0.0,0.0,0.4572,0.267112,0.0,0,0.0036908794,1.7707938102,1.8353945976756334,Test
NIKYUC02_clean,5.06856,3.78234,5.06856,1.67303,915.135,546.992,0.0,0.0,0.4718,0.282003,0.0,0,0.0036226472999999,1.7881818827,1.841854661483372,Train
NIKYUC_clean,4.9018,3.64376,4.89963,1.7317,810.432,467.997,0.0,0.0,0.4504,0.260091,0.0,0,0.0036670775,1.7734199519,1.774485570099237,Train
NIKZAJ01_clean,4.60883,3.61545,4.57384,1.79637,691.539,384.965,0.0,0.0,0.4298,0.23926,0.0,0,0.0035464813,1.7554542869,1.7945290601835593,Test
NIKZAJ02_clean,4.67382,3.68928,4.66396,1.76633,754.073,426.914,0.0,0.0,0.4402,0.249217,0.0,0,0.0037226153,1.7808445541,1.8327641079630181,Test
NIKZAJ_clean,4.56098,3.58427,4.53545,1.81346,655.548,361.491,0.0,0.0,0.426,0.234911,0.0,0,0.0035448945,1.7469665337,1.7519687159758353,Test
NIKZEN01_clean,4.86464,3.71164,4.85271,1.72603,830.972,481.435,0.0,0.0,0.4544,0.263263,0.0,0,0.0037210284999999,1.7869013411,1.7743538037193745,Test
NIKZEN02_clean,4.94738,3.78699,4.94738,1.70037,871.961,512.806,0.0,0.0,0.4662,0.274175,0.0,0,0.0035671096,1.8024185852,1.8323971055919184,Test
NIKZEN_clean,4.82301,3.70763,4.82301,1.74152,807.966,463.944,0.0,0.0,0.4514,0.259199,0.0,0,0.0037829134,1.8010825059,1.7749766885253944,Test
NIMPEG01_clean,8.44,5.51406,8.10508,0.6075,2688.56,4425.61,0.0,0.0,0.7444,1.22535,0.0,1,0.0041493868,5.1100299836000005,5.297562208876824,Test
NIMPEG_clean,5.8871,5.25211,5.8871,0.735505,2646.72,3598.51,0.0,0.0,0.6844,0.930517,0.0,1,0.0047409461,5.2456931673,5.296168687617718,Test
NIMPOQ_clean,9.48433,7.47639,9.46555,0.558554,2612.29,4676.87,0.0,0.0,0.765,1.36961,0.0,1,0.0042050789,5.1252987857,5.187812954479453,Test
NIMTAE_clean,4.79937,4.4136,4.79752,1.0571,1265.99,1197.61,0.0,0.0,0.5494,0.519725,0.0,0,0.0052357754999999,3.7896979739,3.75264416750134,Test
NIMXIS_clean,10.63837,6.01154,10.63837,1.05177,1918.06,1823.65,0.0,0.0,0.667,0.634168,0.0,1,0.0017686957999999,2.5132812638,2.2607616966070045,Train
NINHOH_clean,6.49972,5.39746,6.49972,1.04902,2642.26,2518.78,0.0,0.0,0.76,0.724483,0.0,1,0.0010427978,1.3985723727,1.372363063173011,Train
NINVAI_clean,11.85606,6.40748,11.85606,0.818223,2181.06,2665.61,0.0,0.0,0.7028,0.858935,0.0,1,0.0058845287,4.4954039505,4.7764802583930175,Test
NIRGAY_clean,8.4539,5.80719,8.43976,0.806367,1866.49,2314.69,0.0,0.0,0.644,0.798644,0.0,1,0.0034376565999999,3.6931321392,3.8163459728535036,Test
NISBEX_clean,4.31898,3.41744,4.31844,1.44504,366.268,253.467,91.9485,63.6306,0.472,0.326636,0.0,1,0.0017509876999999,1.59651544,1.4685353577457807,Test
NIVZOJ_clean,9.94924,7.55081,9.94924,0.836734,2096.15,2505.16,0.0,0.0,0.7358,0.879372,0.0,1,0.0012349276,1.661702016,1.8270880436824937,Train
NIYJAI_clean,5.86863,4.46882,5.70658,1.13108,1072.3,948.033,0.0,0.0,0.5246,0.463806,0.0,0,0.0038149635,2.5131253003,2.5372895517468184,Train
NIYZIG_clean,9.1257,4.85174,9.11367,0.956862,1879.49,1964.22,0.0,0.0,0.637,0.665718,0.0,1,0.0046124065,4.562456246,4.416230396110468,Train
NIZNAN_clean,5.62761,3.49058,5.62761,1.17342,1545.25,1316.88,0.0,0.0,0.567,0.483203,0.0,1,0.0063950123999999,3.5891457563,3.7887078870482016,Train
NIZZAY_clean,8.39896,7.78516,8.38426,1.2112,2073.27,1711.74,0.0,0.0,0.6754,0.557627,0.0,0,0.0026622460999999,2.9034643966000004,2.7748307417964266,Test
NIZZEC_clean,8.3208,7.63206,8.31922,1.20763,2065.46,1710.34,0.0,0.0,0.6766,0.560269,0.0,0,0.0025964141,2.8478765142,2.773995205430788,Test
NIZZIG_clean,8.38921,7.68868,8.37589,1.19762,2072.68,1730.66,0.0,0.0,0.6836,0.570798,0.0,0,0.0025634981,2.8786009669,2.788530535947755,Train
NIZZOM_clean,8.52507,7.77175,8.50752,1.1812,2086.39,1766.33,0.0,0.0,0.685,0.579917,0.0,0,0.0027570442,2.9151476016,2.9740064736375116,Train
NOBVOR_clean,5.28259,5.11208,5.27848,1.1717,1472.77,1256.95,0.0,0.0,0.5292,0.451653,0.0,0,0.0071784295,3.6520123882,3.8114038046109764,Test
NOCKOG_clean,5.62673,5.01808,5.62673,1.04593,1347.49,1288.32,0.0,0.0,0.553,0.528716,0.0,1,0.007024779,3.845544969,3.888698669159628,Train
NOCKUM_clean,6.00758,5.1022,6.00758,1.07326,1338.2,1246.86,0.0,0.0,0.5502,0.512645,0.0,1,0.0045980398,3.2292765188,3.3099261610173722,Test
NOCLOH01_clean,5.48382,4.82541,5.46744,1.30816,1237.43,945.928,0.0,0.0,0.5374,0.410806,0.0,1,0.0053720436,3.0956598887,3.0363170494121636,Train
NOCLOH02_clean,5.50015,4.83636,5.44966,1.30452,1262.04,967.436,0.0,0.0,0.5462,0.418699,0.0,1,0.0054235387,3.1039984185,3.042410919376211,Test
NOCLOH03_clean,5.53774,4.87922,5.44835,1.29563,1278.59,986.85,0.0,0.0,0.5392,0.416168,0.0,1,0.0053021574,3.1248741689,3.0287191205481268,Test
NOCLOH_clean,5.4394,4.78188,5.37771,1.31451,1235.22,939.686,0.0,0.0,0.5324,0.405018,0.0,1,0.0054842293999999,3.0755878299,3.0155895344655708,Test
NOCLUN_clean,6.26764,5.77209,6.22951,1.07441,1685.14,1568.43,0.0,0.0,0.6158,0.57315,0.0,1,0.0031415696,3.3375039209,3.1555234352081145,Train
NOCYUB_clean,4.54438,4.10807,4.54438,1.72564,433.752,251.357,0.0,0.0,0.3964,0.229712,0.0,1,0.0015031553,1.1737000732,0.960975910260176,Train
NOCZAI_clean,4.42954,4.04745,4.42954,1.74484,414.324,237.458,0.705302,0.404222,0.3944,0.226039,0.0,1,0.0013484422,1.0549798733,0.9083781028466764,Test
NODKAT_clean,4.87174,3.58316,4.87174,1.20089,870.838,725.159,0.0,0.0,0.5258,0.437841,0.0,0,0.0071176257,3.2825865037,3.2052290943223984,Train
NODKOH_clean,5.43236,4.66054,5.43106,1.05473,1385.41,1313.52,0.0,0.0,0.5884,0.557866,0.0,0,0.0052371014,3.4321961499,3.827855291638278,Test
NODKUN_clean,8.11946,6.79716,8.07056,0.764763,2379.51,3111.44,0.0,0.0,0.6852,0.895963,0.0,0,0.0061529499,5.728505939600001,6.007084628180718,Train
NOFDUI_clean,4.93531,4.06199,4.92703,1.21153,1000.68,825.958,0.0,0.0,0.4872,0.402135,0.0,0,0.0037899084,2.4895955538,2.4281591455256057,Test
NOFHOG_clean,6.65675,5.09348,6.63927,0.822826,2730.97,3319.01,0.0,0.0,0.6932,0.842462,0.0,1,0.0047291456,5.2090259498,5.133753178178128,Train
NOFQAB_clean,21.07333,4.609,21.07333,0.947534,1218.66,1286.14,157.272,165.98,0.655,0.691268,0.0,0,0.0058074531,2.9457068932,2.9993736630749916,Train
NOFQIK_clean,4.9549,4.61383,4.95259,1.45912,792.567,543.181,0.0,0.0,0.5256,0.360216,0.0,1,0.0016116320999999,1.2963432445999998,1.3838399954578187,Test
NOFQOQ_clean,5.26068,4.9317,5.26068,1.52336,805.604,528.834,0.0,0.0,0.5044,0.331111,0.0,1,0.002453019,1.5305511509,1.5379006918000488,Train
NOGDAP_clean,6.90613,3.48821,6.90608,1.43733,1400.84,974.616,0.0,0.0,0.5538,0.385299,0.0,0,0.0283870425,6.193688729400001,6.240137963326772,Train
NOHFOG_clean,5.40858,4.54107,5.33613,1.66638,1542.3,925.536,0.0,0.0,0.5474,0.328496,0.0,1,0.003205057,2.1913103663,2.4110984330795797,Train
NOHLAZ_clean,4.58304,3.41283,4.57147,1.83959,742.915,403.849,0.0,0.0,0.415,0.225594,0.0,1,0.0016423761,1.5935073755000002,1.2280564202328064,Test
NOHSIM01_clean,4.97938,3.79602,4.89937,1.44217,1518.59,1052.99,0.0,0.0,0.5942,0.412019,0.0,0,0.0059855865,3.8108834118,3.505112190157143,Test
NOHSIM_clean,4.94525,3.77888,4.76061,1.43422,1498.07,1044.52,0.0,0.0,0.608,0.423923,0.0,0,0.0041282965,3.2005203355000003,3.0965626443227254,Test
NOHSUA_clean,8.36544,4.75817,8.32279,0.872139,1620.2,1857.73,0.0,0.0,0.5908,0.677415,0.0,1,0.003925074,3.8679923495,3.836181295824498,Train
NOKJON_clean,7.47331,5.41094,7.47331,2.39941,2004.26,835.312,0.0,0.0,0.6598,0.274984,0.0,1,0.0010773629,1.2695368234,1.2346967213112563,Train
NOKLIJ_clean,11.48526,10.66621,11.48526,1.19832,1550.1,1293.56,0.0,0.0,0.646,0.539086,0.0,1,0.0025201864,3.0403988417,3.0466056734694567,Test
NOKPEJ_clean,4.49218,3.71025,4.45459,1.6407,696.202,424.332,0.828968,0.505252,0.5208,0.317425,0.0,1,0.0012204897,1.082042585,1.1660444881075462,Test
NOMQAJ01_clean,4.90223,3.68918,4.90223,1.31657,708.381,538.05,0.0,0.0,0.45,0.341797,0.0,0,0.0114930418999999,2.4797942518,2.6301583064241556,Train
NOPJOT_clean,6.1592,4.69936,6.14418,1.00061,2117.03,2115.74,0.0,0.0,0.6142,0.613825,0.0,1,0.0047638253,4.3365877538,4.321823644387664,Train
NOQKOV_clean,5.57218,4.25994,5.56937,1.06467,1684.1,1581.8,0.0,0.0,0.536,0.503441,0.0,0,0.0057260841,3.7270639069,3.8881811053662885,Test
NOQKUB_clean,5.39399,4.39499,5.39187,1.00245,1858.17,1853.63,0.0,0.0,0.55,0.548657,0.0,0,0.0068868657,4.3866000676,4.547443808791481,Train
NORBUT_clean,5.08002,3.51252,5.07961,1.76418,163.887,92.8971,0.0,0.0,0.4354,0.246801,0.0,1,0.0006963500999999,0.4969587854999999,0.5113005842681875,Train
NORGOS_clean,4.94677,3.43492,4.94677,1.7289,141.415,81.7948,0.0,0.0,0.4202,0.243045,0.0,1,0.0003197831,0.4106490232,0.387020863056168,Train
NOSHEK_clean,5.7194,3.87373,5.09672,1.68613,1874.51,1111.72,0.0,0.0,0.614,0.364148,0.0,1,0.0031111617999999,2.7347246645,2.6485754500180074,Test
NOSTUM01_clean,6.02005,5.48184,6.00511,0.946326,1720.55,1818.13,0.0,0.0,0.6136,0.648402,0.0,1,0.0059923716,4.9051420631,4.818847073726492,Train
NOSTUM_clean,5.81524,5.30062,5.7997,0.959933,1717.62,1789.31,0.0,0.0,0.6084,0.633794,0.0,1,0.0060868885,4.8633577163,4.815524367738228,Train
NOWGIR_clean,9.36325,6.59726,9.2981,1.43951,1651.33,1147.14,0.0,0.0,0.634,0.440427,0.0,1,0.001373756,1.7592484876,1.6371930805389394,Test
NUBBAP_clean,14.05418,6.66438,11.10621,0.762781,2298.42,3013.21,0.0,0.0,0.7708,1.01051,0.0,1,0.0027663503,3.7893823332,3.7225240553240604,Test
NUBPIL_clean,11.57277,9.78079,11.57277,0.608967,2225.04,3653.8,0.0,0.0,0.7688,1.26247,0.0,1,0.0034950044,4.1986918974,4.316093522147412,Train
NUCBIY_clean,5.06822,3.86536,5.06061,1.18684,700.396,590.137,0.0,0.0,0.4806,0.404942,0.0,0,0.0042649542,2.3905076430000003,2.2058365017382386,Test
NUCCEV_clean,6.52615,3.99784,6.52615,1.00465,1502.03,1495.08,0.0,0.0,0.556,0.553427,0.0,1,0.0063216574,3.8792793929,4.173514043081745,Test
NUCPEI_clean,6.7664,4.45805,6.7664,1.03972,2105.55,2025.11,0.0,0.0,0.6338,0.609585,0.0,1,0.0090501509,6.1893295692,5.886428669884609,Test
NUCYAN_clean,4.98599,4.20846,4.98599,1.48214,662.288,446.845,0.0,0.0,0.4874,0.328848,0.0,1,0.0021367721,1.3682987853,1.3842873965666913,Test
NUCYER_clean,4.96656,4.20041,4.96656,1.49997,657.943,438.637,0.0,0.0,0.4852,0.323473,0.0,1,0.0022510955,1.3585464938999998,1.4412034999189196,Test
NUCYIV_clean,4.97799,4.21601,4.96375,1.53207,652.698,426.025,0.0,0.0,0.477,0.311344,0.0,1,0.0022186016,1.3501457386000002,1.3832987053150263,Train
NUDLIJ_clean,6.93743,5.78938,6.89446,1.14165,1419.26,1243.17,0.0,0.0,0.5428,0.475454,0.0,0,0.0049755632,3.5202348259,3.636656223937891,Test
NUDMAC_clean,6.47898,5.73918,6.47898,1.16985,1365.51,1167.25,0.0,0.0,0.54,0.461596,0.0,0,0.0049739746,3.3435308427,3.415190684632263,Train
NUDMEG_clean,6.29424,5.40754,6.23822,1.19809,1344.33,1122.06,0.0,0.0,0.5334,0.445207,0.0,0,0.0050534057,3.2102423027,3.2733580697904108,Train
NUDMOQ_clean,6.59897,5.83765,6.59897,1.15867,1384.65,1195.03,0.0,0.0,0.5454,0.470712,0.0,0,0.0046689593,3.4076571473,3.557912407535246,Test
NUDMUW_clean,6.32198,5.70328,6.32198,1.18747,1340.68,1129.02,0.0,0.0,0.5322,0.448181,0.0,0,0.0049358477,3.3008874697,3.3103440044706747,Train
NUDNEH_clean,6.40452,5.65537,6.40452,1.17792,1346.46,1143.08,0.0,0.0,0.5262,0.44672,0.0,0,0.0048611825,3.3005808657,3.3112422967073183,Test
NUFBEX_clean,8.49623,5.29107,8.49623,1.23125,1460.16,1185.92,0.0,0.0,0.5628,0.457098,0.0,1,0.0019006148,2.0901542385,2.113876166963857,Train
NUFBOH_clean,6.20415,3.43588,6.19684,1.14211,1512.51,1324.31,0.0,0.0,0.5816,0.509231,0.0,0,0.0079737806999999,5.1075676237,4.689894732683373,Test
NUFBUN_clean,7.53238,5.74054,7.52156,1.07363,1972.83,1837.54,0.0,0.0,0.6478,0.603375,0.0,1,0.0037309165999999,3.7926797357,3.7127792976093508,Test
NUFCAU_clean,9.94144,7.33631,9.94144,0.845072,2116.0,2503.93,0.0,0.0,0.7364,0.871405,0.0,1,0.0025793422,3.3975999724,3.1796822745962845,Test
NUGRIR_clean,8.70402,6.3995,8.695,1.28478,1827.49,1422.42,0.0,0.0,0.645,0.502033,0.0,0,0.0014946258,1.9800064696,1.8156547321339584,Train
NUGROX_clean,7.91316,6.30977,7.91316,1.24187,1907.41,1535.92,0.0,0.0,0.6464,0.520505,0.0,0,0.0016877101999999,2.1321851685,2.0474684899094244,Train
NUHNUA_clean,5.91571,3.87698,4.38862,0.866172,1483.02,1712.15,0.0,0.0,0.5628,0.649756,0.0,1,0.0045940863,3.8576055015,3.8048896480854606,Train
NUHPAI_clean,5.92167,3.93075,4.42412,0.871868,1496.53,1716.46,0.0,0.0,0.5834,0.669138,0.0,1,0.0050515658,3.9165989387,3.981017997093602,Train
NUHQAK_clean,6.11993,4.14765,6.11993,1.236,1832.14,1482.32,0.0,0.0,0.5934,0.480098,0.0,1,0.0056262972,3.7008121467,3.948678169806975,Test
NUHQIS_clean,6.54623,4.66095,6.54623,1.20529,1894.68,1571.97,0.0,0.0,0.5972,0.495483,0.0,1,0.0044855264,3.6689049836,3.6706995127312028,Train
NUHQOY_clean,6.53062,4.6635,6.53062,1.21249,1899.32,1566.47,0.0,0.0,0.5942,0.490068,0.0,1,0.0045059977,3.673546004,3.672692442061037,Test
NUHQUE_clean,6.55171,4.68685,6.54808,1.21067,1893.64,1564.13,0.0,0.0,0.5964,0.492619,0.0,1,0.0044645234999999,3.6527670312,3.657807386364133,Train
NUHRAL_clean,6.51247,4.65457,6.51247,1.22333,1897.36,1550.98,0.0,0.0,0.5928,0.484579,0.0,1,0.0044952455,3.6574390652,3.652065920883117,Test
NUHZAS_clean,4.59282,3.63902,4.53366,1.44559,429.681,297.236,0.0,0.0,0.4222,0.292061,0.0,1,0.0059023492,1.7993332901,1.8935989471681884,Test
NUJCEA_clean,4.83502,3.79811,4.83328,1.60555,436.405,271.811,21.0341,13.1009,0.487,0.303323,0.0,1,0.0004752012999999,0.4726264652,0.5161962126497381,Train
NUJCIE_clean,5.03148,3.82553,5.03043,1.58392,461.015,291.061,23.0849,14.5746,0.4906,0.309739,0.0,1,0.0004552413,0.4771044122,0.4659164095118893,Train
NULMAJ_clean,5.03229,4.40705,5.03229,0.892035,1713.32,1920.69,0.0,0.0,0.6184,0.693246,0.0,0,0.0019143841,2.1054204455,2.2644732559510365,Train
NUNCEG_clean,6.32724,4.08141,6.24551,0.841857,1844.22,2190.65,0.0,0.0,0.5678,0.674462,0.0,1,0.004090336,4.3247869755,4.14695205840131,Train
NUNNUH_clean,6.00836,4.32228,5.9546,0.799722,2197.7,2748.08,0.0,0.0,0.6854,0.857048,0.0,1,0.0042227290999999,4.5717242105,4.567021296208086,Test
NUNPAP_clean,6.01151,4.33549,6.00656,0.794607,2195.03,2762.41,0.0,0.0,0.6796,0.855265,0.0,1,0.0041467514,4.3389644683,4.61108477474701,Test
NUNSIA_clean,4.82032,4.25115,4.82032,1.27602,836.789,655.783,0.0,0.0,0.4866,0.381343,0.0,0,0.0028990017,1.9093835516,1.8878812280670312,Test
NUNSOG_clean,4.99291,4.35876,4.99291,1.27773,873.941,683.982,0.0,0.0,0.4864,0.380677,0.0,0,0.0031210117999999,1.9398557811,1.9632757584843585,Train
NURMUJ_clean,4.39424,3.64857,4.38802,1.20073,1518.88,1264.97,0.0,0.0,0.6332,0.527347,0.0,1,0.0037494498,3.6848377884,3.5164651844907073,Test
NUTQAV_clean,10.89201,6.87272,10.20477,0.722737,2294.74,3175.06,0.0,0.0,0.7432,1.02831,0.0,1,0.0034130953,4.2523195628,4.328489446592098,Test
NUTYEI_clean,13.08518,12.35732,13.03987,0.787627,1749.9,2221.74,0.0,0.0,0.7456,0.946641,0.0,0,0.0028198061,3.3315371803,3.421488613601163,Train
NUTYIM_clean,13.08434,12.35689,13.08434,0.80193,1745.22,2176.28,0.0,0.0,0.7446,0.92851,0.0,0,0.0027133268,3.2785908166000004,3.189389825192263,Train
NUVBIQ_clean,4.60795,3.59775,4.60795,2.15646,840.114,389.58,0.0,0.0,0.4404,0.204223,0.0,1,0.0022691787,1.4913438176,1.4874673039356507,Test
NUVWEH_clean,5.84014,3.85397,5.84014,1.503,1203.66,800.838,0.0,0.0,0.5116,0.340385,0.0,1,0.0017149375,1.5634532743,1.636878478805505,Train
NUVXOT_clean,9.16707,5.75569,9.14121,0.884237,2287.82,2587.34,0.0,0.0,0.7176,0.811547,0.0,1,0.0029827678,3.7275322776,3.68671533695308,Test
NUVYOT_clean,4.99931,3.59386,4.8252,1.15218,688.171,597.279,170.523,148.001,0.5094,0.44212,0.0,1,0.0047711049,2.7320289274,2.726232902123167,Test
NUWBOX_clean,5.68496,3.45366,5.08673,2.30898,1203.77,521.344,0.0,0.0,0.4886,0.211609,0.0,1,0.0010523196,1.180678801,1.1569083747307687,Train
NUWPOM_clean,8.32687,8.01604,8.32687,1.25431,1381.61,1101.49,0.0,0.0,0.5552,0.442633,0.0,1,0.0010642515,1.4277897394,1.4721682990557952,Train
NUWVIM_clean,4.95462,3.8636,4.94993,1.17037,724.517,619.05,9.52012,8.13429,0.4914,0.419868,0.0,0,0.0056561455,2.7938049937,2.7711903749733433,Train
NUYNEC_clean,8.26029,6.82395,8.26029,1.01384,1779.3,1755.01,0.0,0.0,0.6224,0.613905,0.0,1,0.002392053,2.9969906706,2.916941931599368,Train
NUYQUU_clean,3.95153,3.47099,3.94298,2.33033,494.395,212.157,0.0,0.0,0.4774,0.204864,0.0,0,0.0051696682,2.1743543433,1.9697917309547768,Test
OBAFEF_clean,4.96935,4.01792,4.92296,2.37845,904.645,380.351,0.0,0.0,0.4776,0.200803,0.0,1,0.0011084122,0.9531410155,0.9174354122960295,Test
OBAFOP_clean,5.00648,4.01028,4.65887,2.41546,964.282,399.213,0.0,0.0,0.4784,0.198058,0.0,1,0.0013508141,1.0512037285,1.070924888603685,Train
OBAHIL_clean,8.44223,7.37969,8.44223,0.972998,1553.57,1596.68,0.0,0.0,0.603,0.619734,0.0,0,0.004968874,3.7920462753,4.381523176182104,Test
OBAHOR_clean,8.04827,7.09842,8.046,0.982079,1580.94,1609.79,0.0,0.0,0.5956,0.606469,0.0,0,0.0057317687,3.9570884088,4.998582038543862,Test
OBAHUX_clean,8.31415,7.49178,8.31031,0.960232,1571.77,1636.87,0.0,0.0,0.605,0.630056,0.0,0,0.0049162606,3.7063962571,4.296492783192336,Train
OBAJAF_clean,9.08651,7.73882,9.08617,0.939446,1595.74,1698.6,0.0,0.0,0.6188,0.658686,0.0,1,0.0046918798,3.7277727833,4.311497373993156,Test
OBEDEE_clean,5.83756,4.97252,5.83756,0.932431,2005.16,2150.46,0.0,0.0,0.6298,0.675439,0.0,1,0.0034892446999999,3.6188121396,3.626595174111488,Test
OBIBAF_clean,6.94508,5.04977,5.92375,0.848313,1610.41,1898.37,0.0,0.0,0.6028,0.710587,0.0,1,0.0049127686,4.1385898422,4.15773876648241,Train
OBIBEJ_clean,8.27924,5.80407,6.33414,0.828843,1754.26,2116.52,0.0,0.0,0.601,0.725107,0.0,1,0.0038473496,3.8037110254,3.760146221087374,Test
OBIBOT_clean,6.67176,5.057,6.67176,1.21046,1489.16,1230.24,0.0,0.0,0.5556,0.458998,0.0,1,0.0042319619,3.1383720557,3.3275701615058697,Test
OBODEQ_clean,5.13358,4.46715,5.12837,1.36036,1938.87,1425.26,0.0,0.0,0.5966,0.43856,0.0,1,0.0038205482,3.3517612426,3.195550384355388,Test
OBOGUK_clean,8.65239,7.8304,8.65239,0.77452,2430.14,3137.61,0.0,0.0,0.7298,0.942262,0.0,1,0.003412161,4.2835624075,4.3043279250470405,Test
OBUBOC_manual,8.45577,7.46863,8.45577,1.46042,1170.56,801.525,0.571901,0.391601,0.5536,0.37907,0.0,1,0.0007113205,0.9484419421,0.9160490057954349,Train
OBUFEX_clean,5.14759,4.35938,5.14759,1.09987,1567.25,1424.95,0.0,0.0,0.565,0.513698,0.0,0,0.0043168709,3.7811845587,3.388077289561393,Test
OBUFIB_SL,4.69226,3.94966,4.47162,1.56841,881.672,562.145,0.0,0.0,0.426,0.271613,0.0,0,0.0027987896999999,1.8688931597,1.7863137785918861,Test
OCACUR_clean,5.50745,4.89061,5.44518,1.25128,1937.07,1548.08,0.0,0.0,0.5884,0.47024,0.0,1,0.0046537239,3.9187695872,3.5142503360714037,Test
OCAQOY_clean,4.53686,3.80641,4.53372,1.60935,541.33,336.366,0.0,0.0,0.3906,0.242707,0.0,1,0.0020265019,1.2185496916,1.2286122422344492,Train
OCOKUP_clean,5.00304,3.71484,4.99284,1.15999,792.721,683.386,0.0,0.0,0.474,0.408624,0.0,1,0.0047995078,2.3280351634,2.554438851855146,Test
OCUGEZ01_clean,5.7662,4.18465,5.76016,1.3013,1459.07,1121.24,0.0,0.0,0.5724,0.439868,0.0,1,0.0027706528999999,2.3026033063,2.4211642704374814,Test
OCUGEZ_clean,5.71674,4.14737,5.66007,1.32226,1442.09,1090.62,0.0,0.0,0.5748,0.43471,0.0,1,0.0028265284,2.2932798088,2.487235311296968,Test
OCUMIL_clean,5.22769,3.7877,5.2092,1.25606,1523.79,1213.15,0.0455347,0.036252,0.5456,0.434374,0.0,1,0.0028522354,2.6388474484,2.6694554283119634,Test
OCUMOR_clean,5.32208,3.84167,5.31587,1.29298,1290.04,997.724,16.7653,12.9664,0.525,0.406038,0.0,1,0.003303422,2.8925647946,2.6376841725335094,Test
OCUNAC_manual,36.1506,14.04664,36.1506,0.427517,1422.73,3327.89,0.0,0.0,0.8368,1.95735,0.0,1,0.0036004678,3.848270268,4.066771879117889,Train
OCUNAE_clean,5.43724,3.65933,5.43724,1.22157,1397.41,1143.94,27.2256,22.2874,0.5506,0.450731,0.0,1,0.002636412,2.6749325334000003,2.5535888803079376,Train
OCUPUY_clean,4.6531,4.04819,4.6531,1.52024,995.727,654.982,0.0,0.0,0.479,0.315083,0.0,1,0.0080186095999999,3.4587029295,3.036881474725485,Test
OCURAG_clean,5.43063,3.42226,5.42822,1.47361,1201.66,815.454,0.0,0.0,0.519,0.352197,0.0,1,0.0044519566,2.6261709789,2.733353930615004,Test
OCUSIP_clean,5.39686,4.96775,5.37929,1.58503,1157.95,730.556,0.0,0.0,0.5014,0.316334,0.0,1,0.003109539,2.1480126262,2.1295080693605293,Test
OCUSOV_clean,4.91031,3.4317,4.90721,1.52702,1101.56,721.382,0.0,0.0,0.5004,0.327698,0.0,1,0.005271796,2.7912885943,2.847448926575947,Train
OCUSUB_clean,5.00781,3.40979,5.00781,1.50787,1123.4,745.023,0.0,0.0,0.5152,0.341674,0.0,1,0.0043825172999999,2.6330900931,2.6886080220265134,Test
OCUTEM_clean,5.16189,3.4562,5.16189,1.4963,1173.27,784.115,0.0,0.0,0.5098,0.340707,0.0,1,0.0048782078,2.7387029192,2.743157395318503,Train
OCUVUF_clean,7.8514,5.72034,7.7546,3.13958,1789.03,569.831,0.0,0.0,0.5542,0.176521,0.0,1,0.0002897929,0.4001033455,0.4127055092078331,Train
ODERIZ_clean,5.75405,4.36229,5.74596,1.52699,807.66,528.922,146.001,95.6134,0.5294,0.346694,0.0,1,0.0042273508,1.8989178473,2.454633309262705,Test
ODEZAB_clean,11.63192,4.40592,11.61962,0.799101,2103.64,2632.5,6.44431,8.06445,0.6938,0.868225,0.0,1,0.0060831805,5.7167649558,4.743022445251056,Test
ODIMAQ_clean,8.52073,7.26741,8.52073,1.44329,1085.87,752.358,0.0,0.0,0.5848,0.405186,0.0,1,0.0007141624,0.89716409,0.9409887026168553,Test
ODIVUU_clean,8.59093,6.84892,8.59093,1.01269,1735.08,1713.33,0.0,0.0,0.6294,0.621511,0.0,1,0.0050890002,4.903307958,4.644569982036272,Train
ODIXEG_clean,10.36031,7.47097,10.26209,0.552173,2299.01,4163.57,0.0,0.0,0.7816,1.4155,0.0,1,0.0036844366,4.4679984985,4.5968791783442144,Train
ODODES_clean,6.13875,4.52515,6.13614,0.993468,1787.67,1799.42,0.0,0.0,0.5926,0.596497,0.0,1,0.0052400816,4.2458272488,4.321320096073945,Test
ODODIW_clean,7.22618,4.59373,7.22618,0.965963,1948.86,2017.54,0.0,0.0,0.634,0.65634,0.0,1,0.0049277,4.4574829024,4.443013814511933,Train
ODODOC_clean,7.00262,4.84122,6.9907,1.05423,1743.61,1653.92,0.0,0.0,0.6044,0.57331,0.0,0,0.0033611571,3.6408496636,3.421094055177935,Train
ODODUI_clean,11.00214,7.6444,10.86092,0.618366,2208.53,3571.55,0.0,0.0,0.7646,1.23648,0.0,1,0.0034840805,4.4506787025,4.398278822862125,Test
ODOMIF_clean,4.61212,3.63133,4.60194,1.07759,1653.01,1533.99,0.0,0.0,0.5582,0.51801,0.0,0,0.009385033,5.4551839961,5.436966610082292,Train
ODOXEK_clean,5.23174,4.24381,5.21951,1.86723,267.21,143.105,283.845,152.014,0.425,0.22761,0.0,0,0.0070242403,1.7357262824000002,1.6717747128446745,Train
ODUNEH_clean,6.66002,5.04848,6.62254,0.964914,2093.57,2169.69,0.0,0.0,0.6352,0.658297,0.0,1,0.0047794451,4.1156025471,4.420674719513179,Test
OFAWAV_clean,11.42925,8.90439,11.4135,0.968512,2176.57,2247.34,0.0,0.0,0.7636,0.788426,0.000206502,1,0.00167226,2.3079224549,2.203796957445629,Train
OFAWEZ_clean,10.66695,9.07717,10.66695,0.975199,2204.12,2260.18,0.0,0.0,0.7702,0.789787,0.0,1,0.0016905028,2.3599419015,2.3126989872193127,Train
OFEHAK_clean,6.57238,4.30728,6.57238,1.26099,1569.04,1244.3,0.0,0.0,0.577,0.457578,0.0,1,0.0037877865,2.9373375435000004,3.022107696541586,Train
OFEREX_clean,6.99117,6.70761,6.99117,1.56791,1544.85,985.293,0.0,0.0,0.5694,0.363159,0.0,1,0.0036880388,3.0693417430000003,3.0173936144041376,Test
OFERUN06_clean,11.42842,3.43062,11.4146,0.893311,1495.78,1674.42,0.0,0.0,0.6708,0.750915,0.0,0,0.0015149776999999,2.0300471577000003,2.076193198589871,Test
OFERUN_clean,11.51766,3.43919,11.48105,0.924676,1442.14,1559.62,0.0,0.0,0.6416,0.693865,0.0,0,0.0017737356,2.4033486745,2.302850451414651,Test
OFESAU_clean,7.18693,4.9999,7.18693,1.91678,854.706,445.907,0.0,0.0,0.4402,0.229656,0.0,0,0.0020505416,1.3837263141,1.4429703838572683,Train
OFESEY_clean,7.30457,5.07688,7.30457,1.8342,871.652,475.221,0.0,0.0,0.451,0.245883,0.0,0,0.0019423758,1.470839365,1.4545920674653647,Test
OFESIC_clean,7.36476,5.0904,7.36476,1.82236,878.112,481.855,0.0,0.0,0.4554,0.249896,0.0,0,0.0018346177,1.4326168735,1.418965062009272,Train
OFOCUI_clean,11.39371,7.77962,11.39371,0.789274,2336.11,2959.83,0.0,0.0,0.7236,0.916792,0.0,1,0.0035968783,4.4073143257,4.295999212038434,Test
OFODET_clean,6.29959,4.57313,6.27845,1.15382,1340.43,1161.73,0.0,0.0,0.519,0.449811,0.0,1,0.0041107777,3.0887495592,3.086723679730284,Test
OFUCAV_clean,4.37268,3.46007,4.37113,1.87575,696.078,371.093,0.0,0.0,0.4774,0.254512,0.0,1,0.0035081059999999,2.2098218205,2.1123251338866647,Test
OFUCEZ_clean,5.30083,4.49138,5.29823,1.50666,1791.35,1188.95,0.0,0.0,0.5642,0.374471,0.0,1,0.0023861735,2.2862654861,2.22707505668618,Train
OFUYUL_SL,6.56154,4.20373,6.56131,1.08955,1752.35,1608.33,0.0,0.0,0.6302,0.578404,0.0,0,0.0059000938,4.7067446871,4.50590880254338,Test
OGAGAF_clean,4.92581,3.9125,4.92581,1.40546,832.759,592.516,0.0,0.0,0.5084,0.361731,0.0,0,0.0033100467,1.7090335012,1.9246048220205387,Test
OGAGEJ_clean,5.64492,5.21899,5.64485,1.05864,1853.73,1751.06,0.0,0.0,0.6242,0.589626,0.0,0,0.0037942706,3.6495146715,3.578290418647075,Train
OGAGIN_clean,5.17696,3.68155,5.09885,1.45357,798.238,549.157,0.0,0.0,0.4912,0.337926,0.0,0,0.0039192316,1.7155144336,1.9295621411013573,Train
OGAXUR_clean,6.21326,5.95602,6.21326,1.24359,1052.97,846.718,0.0,0.0,0.4942,0.397397,0.0,1,0.004746827,2.7381879589,2.7649467782431474,Train
OGEBAF01_clean,14.74547,10.54801,14.74547,0.504959,2054.21,4068.08,0.0,0.0,0.8166,1.61716,0.0,1,0.0032966626,4.1655427513,4.355506125556053,Train
OGECOU_clean,6.21029,5.96321,6.17894,1.2702,1037.22,816.577,0.0,0.0,0.4898,0.385607,0.0,1,0.0050673888,2.6209040274,2.6976293340529756,Test
OGIBOV_clean,4.29925,3.68277,4.29768,2.42877,736.158,303.099,0.0,0.0,0.457,0.188161,0.0,0,0.0942256763,3.099852888,3.46275057407004,Train
OGIBUD_clean,6.49659,4.27127,6.49659,1.11792,1777.29,1589.82,0.0,0.0,0.603,0.539397,0.0,0,0.0061009002,4.5602534152,4.438723664481572,Test
OGIKAR_clean,10.46212,5.43474,8.12198,0.950984,1724.97,1813.88,0.0,0.0,0.622,0.654059,0.0,1,0.0044088863,4.3428940153,4.0759433212378315,Test
OGIYUZ_clean,9.8373,8.87116,9.8373,1.07364,1299.27,1210.15,0.0,0.0,0.577,0.537422,0.0,0,0.0049324861,2.8678460129000003,3.3287808230913853,Test
OGOWAJ_clean,7.34237,6.24854,7.34237,0.908904,1684.85,1853.71,0.0,0.0,0.611,0.672238,0.0,0,0.004477967,3.9018633548,4.3072723712568255,Test
OGUJIL_clean,4.11991,3.42248,4.10899,1.27165,539.273,424.075,0.0,0.0,0.4916,0.386586,0.0,0,0.0030747968,2.5099027048,2.247725357903666,Test
OGUPIQ_clean,5.83455,3.53797,5.83455,1.63754,706.847,431.65,0.0,0.0,0.4298,0.262466,0.0,1,0.0044558843,2.0288764244,1.834035758320268,Train
OHAKEO_clean,5.91842,4.8868,5.91143,1.15127,1254.68,1089.81,0.0,0.0,0.543,0.471652,0.0,0,0.0068549304,3.1773091808,3.4678918941608354,Test
OHAKIS_clean,5.22451,4.43244,5.1107,1.2284,1098.1,893.932,0.0,0.0,0.5162,0.420223,0.0,0,0.0099188644,3.3722598055,3.4383386898771313,Train
OHIHET_clean,4.30684,3.71246,4.30684,1.30435,366.699,281.135,0.0,0.0,0.4222,0.323685,0.0,0,0.0044085884999999,1.9080631667,1.6875184575243165,Test
OHOMIH_clean,4.60907,4.30122,4.60907,1.97594,752.524,380.843,0.0,0.0,0.396,0.200411,0.0,1,0.0043902436,1.7027019691,1.7052244766895561,Train
OHUMEL_clean,14.09837,12.86508,14.09837,0.808879,1803.58,2229.73,0.123257,0.15238,0.8014,0.990754,0.0,1,0.0011654829,1.7139749096,1.7231615667996025,Test
OJAZOP_clean,4.82674,3.80884,4.82333,2.14546,1510.62,704.1,0.00634264,0.00295631,0.5202,0.242465,0.0,1,0.0014288537,1.2826601667,1.4274270401998044,Test
OJICUG_clean,8.60682,7.88912,8.60682,0.689805,2294.5,3326.3,0.0,0.0,0.734,1.06407,0.0,1,0.0031255848999999,3.8588729939,4.060833464189974,Train
OJIDAN_clean,19.79872,19.3368,19.78262,0.704653,1186.45,1683.74,21.5807,30.626,0.6956,0.987152,0.0,1,0.0024163681,2.890575713,2.400120833337578,Test
OJIWAG_clean,5.38643,4.20657,5.38643,1.10966,1491.09,1343.75,0.0,0.0,0.561,0.505563,0.0,1,0.0066218665,4.5822357084,4.216633826955577,Train
OJIWIO_clean,4.64307,3.99735,4.61496,1.33375,842.543,631.712,0.0,0.0,0.4524,0.339195,0.0,1,0.0047647906,2.320678863,2.4406449916454047,Test
OJONOQ_clean,6.43933,5.37715,5.61608,1.49915,1863.16,1242.81,0.0,0.0,0.6578,0.438781,0.0,1,0.0009501727,1.1464929381,1.2505672309132756,Test
OJORUC_clean,8.31671,3.81807,7.2234,0.868373,1910.02,2199.54,0.0,0.0,0.6578,0.757508,0.0,1,0.0073631792,5.4574594426,5.517074729156561,Test
OKABAE_clean,14.07417,9.53484,14.07417,0.650845,2097.18,3222.24,0.0,0.0,0.77,1.18308,0.0,1,0.0034356468,4.189649462799999,4.307694505168697,Test
OKABEI_clean,13.86987,9.42284,13.86987,0.653017,2127.67,3258.22,0.0,0.0,0.7686,1.177,0.0,1,0.0035727601,4.3372926768,4.422477130869039,Train
OKAYAC_clean,4.90891,3.57241,4.90749,1.56645,415.712,265.385,0.0,0.0,0.3406,0.217434,0.0,0,0.0152036301,1.5386632266999998,1.5615097822479798,Train
OKAYEG_clean,4.8581,3.49488,4.85158,1.57533,393.933,250.064,0.0,0.0,0.3384,0.214812,0.0,0,0.0158408959,1.5212473161000002,1.526996285821763,Train
OKAYOQ_clean,4.43848,3.73339,4.16809,1.19153,558.623,468.829,0.0,0.0,0.4514,0.378841,0.0,0,0.0080060545,2.8155238099,2.7800070043845597,Test
OKAYUW_clean,4.44294,3.73093,4.20318,1.19551,569.391,476.274,0.0,0.0,0.4482,0.374902,0.0,0,0.0083319771,2.821553377,2.860530564914601,Train
OKAZAD_clean,4.45701,3.77862,4.21772,1.1891,589.131,495.442,0.0,0.0,0.453,0.38096,0.0,0,0.008711444,2.8325509349,2.8771678361095825,Train
OKELOH_clean,4.42328,3.40802,4.39617,0.903668,1931.69,2137.61,0.0,0.0,0.6342,0.701806,0.0,1,0.0047303987,5.0958843101,4.686700349303055,Test
OKILEA_clean,6.35409,4.27067,6.35409,1.16036,1077.85,928.894,0.0,0.0,0.549,0.473129,0.0,1,0.0017028132,1.5949409148,1.711694580246126,Test
OKIQEG_clean,5.32479,3.99481,5.32479,1.53026,921.294,602.05,0.0,0.0,0.486,0.317592,0.0,0,0.0042833107,2.5795324967,2.0297433681688375,Test
OKITAE_clean,4.44244,4.08974,4.44244,2.43122,732.513,301.295,0.0,0.0,0.4692,0.19299,0.0,1,0.0026266537,1.2994499864,1.4468692375597847,Train
OKIVUA_clean,5.10253,4.2044,5.09658,1.08974,982.283,901.395,83.5631,76.6819,0.5216,0.478648,0.0,0,0.0072799447,3.9145095498,3.750488351808931,Test
OKIWUB02_clean,5.03837,4.11286,5.03612,1.09856,959.969,873.844,73.9627,67.327,0.5172,0.470799,0.0,0,0.0066957301,3.7353637879,3.674543643488517,Test
OKIYAJ01_clean,5.18521,4.2274,5.17492,1.07871,1159.33,1074.74,0.0,0.0,0.5252,0.486877,0.0,0,0.0066065236,3.9631847786,3.791627309815232,Train
OKOSUE_clean,8.8545,8.04507,8.8545,0.943263,2011.47,2132.46,0.0,0.0,0.6862,0.727475,0.0,1,0.0032159737,3.4429022297000005,3.6417001412477594,Test
OKUKOW_clean,10.73228,5.84434,10.36712,0.736536,2434.56,3305.42,0.0,0.0,0.7384,1.00253,0.0,1,0.00431898,4.5495887995,4.903196429126318,Test
OKUSUK_clean,24.78598,13.19796,24.78598,0.313235,1548.59,4943.87,0.0,0.0,0.8766,2.79854,0.0,1,0.0037376647999999,4.9894953463,5.049236313477344,Train
OKUTAR_clean,10.98199,6.35591,10.98199,0.660572,2299.33,3480.81,0.0,0.0,0.7416,1.12266,0.0,1,0.0038785582,4.7701082486,4.503374054970673,Test
OKUTEV_clean,23.06458,12.98274,23.06458,0.330655,1597.33,4830.79,0.0,0.0,0.865,2.61602,0.0,1,0.0034984116999999,5.0036086196,5.0167426913722135,Train
OLAGIR_clean,5.85131,3.81671,5.85131,1.37856,1640.47,1189.99,0.0,0.0,0.6336,0.459611,0.0,0,0.005838869,4.1630498601,3.943851750854838,Train
OLANAS_clean,8.02314,6.05017,8.02314,1.20795,1391.88,1152.26,0.0,0.0,0.562,0.46525,0.0,1,0.0019463992,2.0931133116,2.169166250254114,Test
OLANEW_clean,6.98637,4.05835,6.98637,1.31839,1367.83,1037.5,0.0,0.0,0.5798,0.439778,0.0,1,0.0018786588,1.9559431646,1.9303331425122514,Test
OLAQOI_clean,9.42311,9.23332,9.42311,1.32858,853.13,642.139,2.75819,2.07605,0.5142,0.387031,0.0,1,0.0005770183999999,0.7452142242,0.819757515973953,Train
OLEKUM_manual,6.88265,5.7276,6.86806,1.02354,1835.21,1793.0,0.0,0.0,0.6172,0.603003,0.0,1,0.0034930306,3.5794946525,3.5840803774790952,Test
OLICIX_clean,16.1602,9.89287,16.13331,0.719139,1270.58,1766.81,424.686,590.547,0.722,1.00398,0.0,1,0.0047025762,4.5327644295,4.593499431521941,Train
OLOGEC_clean,13.04043,10.53518,13.0319,0.526318,2030.14,3857.25,0.0,0.0,0.8106,1.54013,0.0,1,0.0032422399,4.1816402864,4.241740780204335,Train
OLOPEM_clean,4.92877,3.82035,4.91547,1.17415,717.6,611.164,177.099,150.831,0.512,0.436059,0.0,0,0.0094686501,2.8654320808,3.0555554563472143,Train
OLOYOF_clean,10.67083,6.6024,10.66881,0.812728,2368.58,2914.35,0.0,0.0,0.7332,0.902146,0.0,1,0.0043683828999999,5.001233545,4.773864325129319,Train
OLUCAZ_clean,5.7945,5.1746,5.79081,1.16161,989.952,852.226,0.0,0.0,0.5026,0.432676,0.0,1,0.0022414545,1.7232279841999998,1.8738114470957825,Test
OLUROC_clean,5.45136,3.48672,5.44746,1.49162,882.297,591.504,0.0,0.0,0.5148,0.345129,0.0,0,0.015801304,3.856301169,3.461567055716962,Test
om701262m-file004_clean,7.38904,5.39567,7.38902,1.09901,1620.41,1474.43,0.0,0.0,0.5644,0.513555,0.0,1,0.0037213678,3.4693391317,3.278561465501526,Test
OMAMEU_clean,5.49135,3.67927,5.48307,2.05035,939.573,458.25,0.0,0.0,0.5336,0.260248,0.0,1,0.0069686248999999,2.4662595895,2.514144964050187,Test
OMIMEE_clean,16.54568,6.7257,16.54568,0.768319,2276.49,2962.95,0.0,0.0,0.7618,0.991516,0.0,1,0.0027907373,3.3276929535,3.749398176203235,Test
OMIPAD_clean,5.24341,3.62169,5.16602,1.1791,539.772,457.781,0.0,0.0,0.4566,0.387243,0.0,0,0.0090281814,2.3730989458,2.3042498213369695,Train
OMIPEH_clean,21.73136,7.72557,21.69935,0.65885,2065.52,3135.04,0.0,0.0,0.8104,1.23002,0.0,1,0.0027791522999999,3.4417036694,3.572702182688329,Train
OMITUB_clean,21.96656,7.7864,21.95556,0.652675,2053.5,3146.28,0.0,0.0,0.8126,1.24503,0.0,1,0.0027505013,3.4347199747,3.4671316699811134,Test
OMOVET_clean,6.41327,4.65956,6.41327,1.12783,2048.27,1816.12,0.0,0.0,0.6196,0.549375,0.0,1,0.0061763611,4.455041817,4.550627043406636,Test
OMUSAS_clean,18.71438,16.17316,18.71102,0.318003,1216.14,3824.31,0.0,0.0,0.8696,2.73457,0.0,1,0.0021189831,3.2209513788,3.248926119132242,Train
ONEJUN_clean,5.6787,4.73551,5.6787,3.33073,1808.25,542.898,0.0,0.0,0.5352,0.160685,0.0,1,0.0003586611,0.4496493959,0.4914500754154276,Train
ONEYOW_clean,8.70869,7.89064,8.69934,0.794155,1863.49,2346.5,0.0,0.0,0.6608,0.83208,0.0,1,0.0029373428999999,3.4760064352999995,3.5006564806693667,Train
ONUKAL_clean,5.66391,3.7745,5.54501,1.39723,1126.09,805.946,11.0536,7.91109,0.5124,0.366727,0.0,1,0.0110247121,4.1721917744,3.9475668401468034,Test
ONUQOE_clean,5.78941,4.64204,5.78941,1.32315,1185.02,895.611,0.0,0.0,0.5286,0.399503,0.0,0,0.0058133972,3.3134872026,3.1062774845569923,Train
OPAGIX_clean,11.70127,10.88776,11.68193,0.905898,1551.84,1713.04,0.0,0.0,0.6624,0.731208,0.0,1,0.003926753,4.5813682696,3.7298960556796166,Test
OPAMOI_clean,4.34496,3.46478,4.34496,1.66467,999.374,600.345,0.0,0.0,0.5336,0.320544,0.0,1,0.0033126010999999,2.8419788074000003,2.6251856234657094,Train
OPENUT_clean,7.63636,6.82671,7.63251,1.41267,1546.48,1094.72,0.0,0.0,0.5554,0.393156,0.0,1,0.0021133570999999,2.0390540847,2.235453160876694,Test
OPIFUQ_clean,17.9991,10.13495,17.99088,0.790446,1197.42,1514.86,384.276,486.151,0.722,0.913408,0.0,1,0.0050534403999999,4.428005194,3.8624003984770616,Test
OPINIL_clean,4.65675,3.54009,4.3607,1.69641,1183.53,697.671,0.0,0.0,0.533,0.314194,0.0,1,0.0005527488,0.6961643512000001,0.7359441815945629,Train
OPIPUZ_clean,4.1797,3.40347,4.03039,1.43766,625.591,435.146,0.0,0.0,0.4234,0.294507,0.0,0,0.0033327996,1.8467054616,1.8674145547846104,Train
OPIWEQ_clean,4.3926,3.70955,4.3926,1.4951,548.278,366.717,0.0,0.0,0.4282,0.286403,0.0,0,0.0067742133999999,2.5049856813,2.366074475887313,Train
OPIXUI_clean,8.41938,5.49258,8.39031,1.03412,1914.8,1851.63,0.0,0.0,0.6428,0.621591,0.0,1,0.0023164617,2.827305552,2.796994143226732,Train
OPIYAP_clean,5.9608,4.59988,5.87453,1.18841,1751.48,1473.8,0.0,0.0,0.5816,0.489391,0.0,1,0.0043354513,3.2055462939,3.4506847029371306,Test
OPOBIF_clean,6.22483,5.35278,6.22483,1.6905,347.831,205.756,0.0,0.0,0.3994,0.236261,0.0,1,0.0013001107,0.5843184432,0.7172036102425428,Test
OPOZEZ_clean,7.29162,6.03013,7.28839,1.13101,1136.3,1004.68,0.0,0.0,0.5256,0.464718,0.0,0,0.002550081,2.3311524093,2.276736757543727,Test
OPUDOT_clean,4.54754,3.94914,4.54754,2.40444,540.357,224.733,0.0,0.0,0.4012,0.166858,0.0,1,0.0068552431,1.1794349968,1.2879940407504675,Train
OQANIE_clean,7.73235,4.1602,7.73235,1.08482,1352.95,1247.16,189.787,174.948,0.5938,0.547371,0.0,1,0.0089750132,3.7698116594,3.9599908852951424,Train
OQEPUW_clean,5.11656,4.82152,5.08524,1.96915,768.393,390.215,0.0,0.0,0.4116,0.209024,0.0,1,0.0024575867,1.5739089306999998,1.294924243479523,Test
OQEROS_clean,5.47906,4.59982,5.42309,1.16864,1289.46,1103.39,0.0,0.0,0.5586,0.477993,0.0,1,0.0071044111,3.5323451698,3.5596319222141757,Train
OQERUY_clean,5.44049,4.47163,5.40893,1.18349,1270.62,1073.62,0.0,0.0,0.5504,0.465066,0.0,1,0.0073488004,3.5140637123,3.5224191666722104,Test
OQESAF_clean,5.40051,4.82483,5.39518,1.19788,1160.82,969.063,0.0,0.0,0.5318,0.443952,0.0,1,0.007280828,3.3435666663,3.33829547901522,Test
OQESEJ_clean,5.44129,4.56082,5.37025,1.17091,1266.4,1081.56,0.0,0.0,0.5586,0.477065,0.0,1,0.0069217678,3.4888366188,3.5114074550071366,Test
OQETEK_clean,9.22928,8.86311,9.22928,0.986231,2193.64,2224.27,0.0,0.0,0.7092,0.719101,0.0,1,0.0033698575,3.5672338708,3.6744878746876966,Test
OQIQEM_clean,5.45055,4.49489,5.37157,1.84745,1087.67,588.74,0.0,0.0,0.4966,0.268803,0.0,1,0.0055122725,2.2161815854,2.264454621239979,Train
OQIQIQ_clean,5.6202,4.58328,5.56734,1.81543,1128.03,621.358,0.0,0.0,0.505,0.278171,0.0,1,0.0056290561999999,2.3058406686,2.4373840557332023,Test
OQIQOW_clean,5.63723,4.61311,5.63723,1.46954,1129.77,768.793,0.0,0.0,0.507,0.345006,0.0,1,0.0074662081999999,2.9668816271,3.0168151379299326,Train
OQIZUL_clean,13.227,6.74608,13.21397,0.868865,2105.53,2423.31,0.0,0.0,0.7146,0.822452,0.0,1,0.0047763215,3.9493694822,3.977921684431253,Test
OQOJUB_clean,5.19109,4.86993,5.18739,1.04071,742.936,713.872,0.0,0.0,0.4654,0.447194,0.0,0,0.0032494321,2.2164091459,2.0660289229779423,Test
OQUCOU_clean,8.09828,4.42359,8.09828,0.85933,2801.31,3259.88,0.0,0.0,0.697,0.811097,0.0,1,0.0031283083,3.8038738355,3.9333844232239126,Train
OQUFAJ04_clean,10.98593,10.0178,10.98593,1.04962,2124.9,2024.45,7.18544,6.84576,0.6738,0.641947,0.000381091,1,0.0028509881,3.1545042515,3.159047510136522,Train
OQUFAJ_clean,11.24927,10.05552,11.24927,1.02086,2177.77,2133.26,0.0,0.0,0.6808,0.666886,0.000195912,1,0.0027939683,3.1782335953,3.305122320320586,Test
OQUWUU_clean,7.2326,3.56865,7.1357,2.62668,817.31,311.158,0.924344,0.351906,0.4758,0.181141,0.0,1,0.0005678833,0.6077657639,0.5942496637895109,Train
OQUXAB_clean,5.25424,3.9856,4.37611,3.15937,963.013,304.812,0.0,0.0,0.479,0.151613,6.33e-05,1,0.0010614839,0.8489853543000001,0.8800889110196644,Test
OQUXEF_clean,5.15601,3.95885,4.51563,3.15796,940.396,297.786,0.0,0.0,0.4776,0.151237,0.0,1,0.00103749,0.8266452485,0.8440166045725572,Train
OQUXIJ_clean,5.10257,3.94634,4.56846,3.16115,912.504,288.662,0.0,0.0,0.4752,0.150325,0.0,1,0.0010852484,0.8177296158,0.8627636453736942,Test
OQUZIL_clean,5.18347,3.94031,4.38977,3.26699,933.452,285.723,0.0,0.0,0.4852,0.148516,6.12e-05,1,0.0010342772,0.8307601112,0.845501108022678,Train
ORAGEU_clean,5.42971,4.14733,5.42971,3.26052,599.199,183.774,0.0,0.0,0.4338,0.133046,0.0,1,0.0002002933,0.2178453014,0.25204171957703636,Train
ORAGOF_clean,11.1071,8.37381,11.01802,1.02581,1703.75,1660.88,0.0,0.0,0.6588,0.642222,0.0,1,0.0018829572,2.4303810279,2.3934557439968955,Train
ORAQUU_clean,8.39177,4.98086,8.38728,0.858283,1785.46,2080.27,0.0,0.0,0.5764,0.671573,0.0,1,0.0053680156999999,4.5929283628,4.439389308655404,Test
OREZES_clean,6.24665,4.6565,6.24665,1.39534,1020.81,731.587,0.0,0.0,0.5102,0.365646,0.0,1,0.0005268382,0.6715949095999999,0.6897671147499103,Train
ORIBAU_clean,6.79191,5.8597,6.78824,0.948194,2192.57,2312.36,0.0,0.0,0.6432,0.678343,0.0,0,0.0044784884,4.0955055443,4.514986713422264,Test
ORIVOC_clean,11.63735,10.86073,11.63667,1.22977,1588.45,1291.67,0.0,0.0,0.669,0.544005,0.0,1,0.0025921257,3.1011364459,2.975488863815277,Train
ORIVUI_clean,11.75163,10.98212,11.75156,1.19791,1581.46,1320.18,0.0,0.0,0.6576,0.548955,0.0,1,0.0025835031,3.178982338,3.112545463497237,Test
ORIWAP_clean,11.38312,11.03917,11.38312,1.17282,1538.11,1311.46,0.0,0.0,0.6442,0.549274,0.0,1,0.0024593247,3.0617826951,2.937253642016069,Test
ORIWET_clean,11.42805,11.05994,11.42805,1.09099,1549.25,1420.05,0.0,0.0,0.6484,0.594324,0.0,1,0.0022571353,2.8034598801,2.735745434934112,Train
OROKEN_clean,5.0644,3.74541,5.02547,1.65088,1835.83,1112.03,0.0,0.0,0.5786,0.350479,0.0,1,0.0016363066,1.6839316919999998,1.7246997803383184,Train
OROLUD_clean,4.90586,4.18695,4.898,1.66342,1280.2,769.617,0.0,0.0,0.5884,0.353728,0.0,0,0.0047009753,3.0476056697,2.747915435635651,Test
ORUKET_clean,11.72853,7.7572,11.72853,0.760878,1856.28,2439.65,0.0,0.0,0.6772,0.890024,0.0,1,0.0035424034999999,3.6943504367,3.8700150433948117,Test
ORUKOD_clean,4.98278,3.59875,4.86135,1.67769,666.045,397.001,0.0,0.0,0.4328,0.257974,0.0,1,0.0045675714,1.7970471478,1.7723580264770689,Test
ORULEU_clean,5.09262,3.5697,5.08241,1.45149,909.467,626.575,0.0,0.0,0.458,0.315538,0.0,1,0.0060665111,2.7633681423,2.5795292520552886,Train
OSAVEK_clean,5.46185,5.06196,5.40742,0.991485,1397.48,1409.49,0.0,0.0,0.5638,0.568642,0.0,1,0.0040117217,3.2875100431,3.2423992858698587,Test
OSAVUA_clean,5.76863,5.59566,5.76863,0.884314,1778.32,2010.97,0.0,0.0,0.631,0.713547,0.0,1,0.0041897393,4.1334497831,4.130193567888734,Train
OSAWEL_clean,5.275,4.57502,5.23103,1.20581,1256.21,1041.8,0.0,0.0,0.5198,0.43108,0.0,1,0.0091358368,3.6751974149,3.713219869782582,Train
OSIKIL_clean,8.13936,7.62995,8.13936,1.21532,2049.41,1686.32,0.0,0.0,0.6656,0.547676,0.0,0,0.0025430902,2.7584009516,2.806361010669719,Train
OSIKUX_clean_h,7.70472,6.98844,7.7017,1.09814,1952.99,1778.44,0.770215,0.701379,0.6478,0.589904,0.0,1,0.0028903478,3.2094524844,3.2161757116665397,Train
OSIWUJ_clean,4.71118,4.05137,4.70087,1.96063,444.374,226.648,0.0,0.0,0.4546,0.231864,0.0,1,0.0015354261,0.9119545763,0.9038656862471539,Test
OSIXEU_clean,4.48519,3.90629,4.42091,1.97236,391.928,198.71,0.0,0.0,0.4512,0.228762,0.0,1,0.0015104598,0.9029292669,0.9227258578529844,Train
OSIXIY_clean,4.45544,3.93912,4.44865,1.99203,383.618,192.577,0.0,0.0,0.4342,0.217969,0.0,1,0.0015881957,0.8968692704000001,0.9287063261122204,Train
OSOTUN_clean,6.5088,4.06646,6.48701,1.06518,1477.94,1387.5,25.9444,24.3569,0.587,0.551081,0.0,1,0.0089210051,4.5683885747,4.656687486817901,Train
OSUVIJ_clean,5.66016,4.49241,5.58709,1.27175,1400.18,1100.98,0.0,0.0,0.5626,0.442381,0.0,1,0.0031852999,2.4375747129,2.604978020477433,Train
OSUWEF_clean,5.4068,4.18826,5.4054,1.41887,599.478,422.503,0.0,0.0,0.4032,0.28417,0.0,1,0.0115817207,2.3290388097,2.1648044395938086,Train
OTABES_clean,7.63161,5.91717,6.56997,0.849248,2347.96,2764.75,0.0,0.0,0.6812,0.802122,0.0,0,0.0072241975,6.1675630917,6.259632700599281,Train
OTALUS_clean,12.67704,9.31362,12.67704,0.655199,1619.49,2471.76,0.0,0.0,0.7266,1.10898,0.0,1,0.0021479137,2.6075403462,2.748990032852288,Train
OTAQAD_clean,7.25379,5.92825,6.48374,0.846977,2257.66,2665.55,0.0,0.0,0.6554,0.773811,0.0,0,0.0078086245999999,6.0526148412000005,6.323437929008177,Test
OTATOT_clean,5.58723,4.86765,5.58723,1.11303,1703.16,1530.2,0.0,0.0,0.5774,0.518764,0.0,0,0.0020308881,2.1358579391,2.140199117695696,Train
OTAVAH_clean,5.59343,4.88116,5.59343,1.10464,1681.99,1522.66,0.0,0.0,0.5666,0.512927,0.0,0,0.0019444973999999,2.1591455015,2.1248744455519004,Train
OTAVOV_clean,5.7034,4.97261,5.54406,1.0469,1728.96,1651.5,0.0,0.0,0.5858,0.559554,0.0,0,0.0021480458999999,2.2423897848,2.2875899062735874,Train
OTAVUB_clean,5.619,4.89691,5.42117,1.09458,1697.03,1550.39,0.0,0.0,0.5796,0.529517,0.0,0,0.0020158123999999,2.1496304814,2.1415894155926662,Test
OTAWIR_clean,8.76686,5.54904,8.76285,0.758956,2118.77,2791.7,0.0,0.0,0.6858,0.90361,0.0,1,0.0069619858999999,6.3197546182,6.050382741770447,Train
OTECAT_clean,10.77761,8.01894,10.77717,0.584808,2035.46,3480.57,0.0,0.0,0.7422,1.26913,0.0,1,0.0041363938,5.1201617328,4.958605354581973,Train
OTEGUR_clean,7.28809,7.1769,7.28809,1.35972,1613.99,1187.0,0.0,0.0,0.5986,0.440239,0.0,0,0.0072562443,5.1859436865,5.135996086692148,Train
OTEHAY_clean,7.22049,7.09442,7.20844,1.32207,1634.16,1236.06,0.0,0.0,0.6156,0.465632,0.0,0,0.0061966808,4.9022949948,4.933095066155774,Train
OTIBUQ_clean,7.49622,5.20769,7.4368,0.82052,1944.83,2370.25,0.0,0.0,0.6366,0.775849,0.0,0,0.0158342722,7.298130979,6.671046114063209,Test
OTIJAE_clean,7.04903,4.97186,7.04895,1.01719,2261.56,2223.34,0.0,0.0,0.6676,0.65632,0.0,0,0.0020410147,2.583436216,2.544397990496129,Test
OTIPAK_clean,5.73499,5.10341,5.72616,1.20537,1243.12,1031.31,0.0,0.0,0.5414,0.449155,0.0,0,0.009635583,3.5756622187,3.716809291263848,Train
OTIPEO_clean,5.44422,3.64653,5.43023,1.30852,1112.97,850.554,0.0,0.0,0.552,0.421851,0.0,1,0.0094902784,3.8064501665,3.8678954319605356,Train
OTIPUE_clean,4.56896,3.82437,4.54982,1.42368,625.25,439.178,0.0,0.0,0.419,0.294307,0.0,0,0.0075308618,2.2600204963,2.2558928728522027,Train
OTIQAL_clean,5.97222,5.38811,5.95841,1.10964,1272.64,1146.9,0.0,0.0,0.5134,0.462673,0.0,0,0.0061097231,3.3430724174,3.465072668500105,Train
OTODEI_clean,4.84074,4.45864,4.84074,1.17554,1203.72,1023.97,0.0,0.0,0.5354,0.45545,0.0,1,0.0023176965,2.3473813655,2.224128118406465,Test
OTODOS_clean,5.33134,5.0692,5.30094,1.13572,1496.22,1317.43,0.0,0.0,0.5556,0.489207,0.0,1,0.0027742124,2.5934455393,2.575342963356272,Test
OTOLIU_clean,6.25402,4.56727,6.25402,0.748874,3565.69,4761.4,0.0,0.0,0.7372,0.984411,0.0,0,0.0041618851,5.1482783363,5.226412118138022,Train
OTOVAW_clean,4.51109,3.41338,4.48101,1.61175,574.481,356.434,0.0,0.0,0.423,0.262448,0.0,0,0.0063443164,1.932580355,1.9348961660642479,Train
OTOVIE_clean,5.10968,4.35413,5.09224,1.37878,906.647,657.571,0.0,0.0,0.4582,0.332323,0.0,0,0.007063539,2.5099323696,2.516915074462573,Train
OTUDEO_clean,11.1719,10.22736,11.1719,0.861706,1688.22,1959.16,0.0,0.0,0.6512,0.75571,0.0,1,0.0029876933,2.9742487196,3.2561618209326175,Train
OTUDIS_clean,11.15528,10.21239,11.15528,0.865137,1694.91,1959.13,0.0,0.0,0.6454,0.746009,0.0,1,0.0028665706,2.9969135398,3.2165345712900533,Test
OTUXUX_clean,4.86145,3.74941,4.84403,1.24376,901.8,725.062,0.0,0.0,0.4716,0.379174,0.0,0,0.0147810403,3.6303916257,3.56098200097554,Test
OTUYEJ_clean,6.23847,3.92545,6.16497,1.66734,1557.5,934.127,0.0,0.0,0.5496,0.329627,0.000239904,1,0.001532007,1.7485138344,1.5935990136169031,Train
OVEHUT_clean,6.55703,4.29128,6.55703,1.17548,2147.07,1826.55,0.0,0.0,0.6548,0.557051,0.0,1,0.0042669941,4.2948360955,3.9952173042785706,Test
OVEJIJ_clean,6.31656,4.24661,6.2524,1.60097,1225.59,765.53,134.792,84.1937,0.5422,0.33867,0.0,1,0.003322631,2.609401074,2.410651123552528,Test
OVEXOD_clean,5.7329,3.62145,5.72476,1.46061,416.232,284.972,0.0,0.0,0.379,0.259481,0.0,1,0.0015148667,0.8866308377,0.9155208340748531,Train
OVICUS_clean,5.87924,5.2518,5.87924,1.52853,828.26,541.866,0.0,0.0,0.4388,0.287073,0.0,1,0.006656888,2.0544899931,2.3683518393579526,Test
OVIWIA_clean,4.70586,3.71228,4.70586,2.66834,1137.35,426.241,0.0,0.0,0.5094,0.190905,0.0,1,0.001658067,1.3967827005000002,1.3236437720596055,Train
OVIZID_clean,5.3844,4.07127,5.3844,1.26325,906.56,717.64,0.0,0.0,0.4818,0.381397,0.0,1,0.0037081328999999,2.508942049,2.2045449622487445,Train
OVUCOY_clean,6.51812,4.71987,6.51261,2.41124,1158.77,480.568,0.0,0.0,0.5524,0.229094,0.0,1,0.0015687889,1.2274719863,1.2893533537191157,Test
OVUDAL_clean,7.09169,4.92914,7.08099,2.29972,1368.63,595.127,0.0,0.0,0.5708,0.248204,0.0,1,0.0013285709,1.3232192777,1.22036295849936,Test
OWAVIS_clean,9.58182,5.9765,9.29598,0.840674,2344.57,2788.91,0.0,0.0,0.7226,0.859548,0.0,1,0.0033330797,4.2117995908,4.175358762881711,Train
OWAVOY_clean,8.02011,4.26959,8.02011,1.00925,2055.28,2036.44,0.0,0.0,0.642,0.636114,0.0,1,0.0057955035,4.8279794803,4.979040470437562,Test
OWETIU_clean,6.92899,4.15657,6.92674,3.31737,1014.79,305.901,78.2458,23.5867,0.4912,0.148069,0.0,1,0.0003943046,0.4333352311,0.4252473935292951,Train
OWEYOF_clean,6.37079,4.45129,6.36918,1.04803,1419.15,1354.11,0.0,0.0,0.5498,0.524602,0.0,0,0.0112002432,5.4069543588,5.193321611640459,Train
OWIHEJ_clean,7.35052,7.17386,7.35052,1.33314,1629.69,1222.45,0.0,0.0,0.6108,0.458167,0.0,0,0.0069489708999999,5.0588702311,5.12619900466775,Test
OWIHIN_clean,7.33344,7.17038,7.33344,1.33826,1633.23,1220.41,0.0,0.0,0.6104,0.456115,0.0,0,0.0068959927,5.099500961,5.063183469628335,Test
OWIHOT_clean,7.42387,7.28396,7.42387,1.32488,1634.57,1233.75,0.0,0.0,0.6134,0.462986,0.0,0,0.0070831823,5.1067413118000005,5.093969794586629,Test
OWIHUZ_clean,7.37728,7.20219,7.37728,1.32559,1638.53,1236.07,0.0,0.0,0.613,0.462436,0.0,0,0.0066416975,5.069125040199999,5.079394208979712,Train
OWIJAH_clean,7.38305,7.21509,7.38305,1.32603,1628.6,1228.17,0.0,0.0,0.6114,0.461074,0.0,0,0.006511018,5.0566892961,5.061345229793343,Test
OWIJEL_clean,7.46814,7.33893,7.46814,1.32685,1640.34,1236.26,0.0,0.0,0.612,0.461241,0.0,0,0.006858908,5.0718993307,5.040593161408637,Train
OWIJIP_clean,7.46558,7.33479,7.46558,1.3287,1650.48,1242.18,0.0,0.0,0.6126,0.461053,0.0,0,0.0066858459,5.1126413148,5.0583783130698965,Test
OWIJOV_clean,7.41619,7.28781,7.41619,1.32565,1655.33,1248.7,0.0,0.0,0.6148,0.463773,0.0,0,0.0068394827,5.121818901,5.064966239274137,Test
OWILAJ_clean,8.92733,6.71409,8.92733,0.968913,1708.71,1763.53,0.0,0.0,0.6184,0.638241,0.000412834,1,0.0030041268,3.0093622191,3.1198752797079345,Train
OWIYUP_clean,8.24396,6.91953,8.2349,0.925347,1653.05,1786.41,0.0,0.0,0.6152,0.664832,0.0,1,0.0048147496,3.7143324136,4.4470754325481785,Test
OWIZAW_clean,14.23644,11.75665,14.23644,0.378656,1891.92,4996.41,0.0,0.0,0.8398,2.21785,0.0,1,0.0032628794,4.6065914077,4.579756150100882,Train
OWUWOU_clean,5.606,4.2786,5.606,1.14741,1253.9,1092.81,0.0,0.0,0.529,0.461039,0.0,1,0.003524377,2.7270778595,2.7356582270887593,Test
OWUWUA_clean,5.57616,4.37097,5.56477,1.14473,1062.1,927.816,0.0,0.0,0.5102,0.445693,0.0,1,0.0043986461,2.7688271573,2.7653212141383157,Train
OXALAB_clean,7.26534,5.19998,7.26225,0.828762,2095.62,2528.62,0.0,0.0,0.6488,0.782855,0.0,0,0.0039797889,4.3213701005,4.358112518981477,Test
OXALEF_clean,7.18754,5.18545,7.18754,0.839237,2049.14,2441.67,0.0,0.0,0.6438,0.767126,0.0,0,0.0041490107,4.4157434708,4.433724657250231,Train
OXALIJ_ion_b,7.03961,4.95922,7.03961,0.942672,1903.34,2019.09,0.0,0.0,0.627,0.66513,0.0,0,0.0028702475,3.0990028694,3.24331550038887,Test
OXALOP_clean,5.88824,4.43891,5.88824,1.02509,1694.61,1653.14,0.780383,0.761286,0.599,0.584341,0.0,1,0.006447863,4.2464721973,4.402697597374976,Train
OXALUV_SL,9.15018,6.54946,9.15011,0.800859,2321.96,2899.33,0.0,0.0,0.7128,0.890045,0.0,0,0.0043226995,4.870036413899999,4.8711340960177445,Train
OXEVOE_clean,5.9996,4.29075,5.9996,1.32095,787.004,595.785,77.213,58.4525,0.5,0.378515,0.0,1,0.0043449033,2.5909888649,2.4846126661637964,Train
OXITOF_clean,6.28705,5.508,6.2848,1.24834,1230.37,985.608,0.0,0.0,0.5144,0.412068,0.0,1,0.0018777269,2.0075526477000003,1.9441405232173246,Train
OXOLAP_SL,19.10077,13.85784,19.10077,0.601751,1192.03,1980.93,80.0846,133.086,0.7556,1.25567,0.000332363,0,0.0080702228,3.2190330260000004,4.620936142390569,Test
OXOZUY_clean,8.19821,4.66417,8.1974,0.956716,1690.02,1766.48,0.0,0.0,0.6112,0.638852,0.0,1,0.0065194978,4.1951332179000005,5.035162448747737,Test
OXUPUT_clean,9.06209,8.39643,9.06209,1.93215,1090.05,564.166,13.9927,7.24204,0.573,0.296561,0.0,1,0.001913015,1.7443306307,1.609888963984504,Test
OYEJOS_clean,9.55583,4.63693,9.55583,0.834794,1714.96,2054.35,0.0,0.0,0.6424,0.769531,0.0,1,0.0025567231,3.1319302554000004,3.055088924540487,Train
OYERER_clean,14.32515,11.45272,14.00664,0.462369,2190.15,4736.81,0.0,0.0,0.8394,1.81543,0.0,1,0.0023139988,3.1434404533,3.294017532297366,Train
OYERIV_clean,14.68028,11.95217,14.68028,0.792697,1463.31,1845.99,123.823,156.204,0.696,0.878015,0.0,1,0.0062279132,3.1252991533,3.869755067704801,Test
OYEROB_clean,9.45168,7.14174,9.44893,0.790347,2325.92,2942.91,0.982216,1.24277,0.7298,0.923392,0.0,1,0.0028595956,3.3808997541,3.655194047900058,Test
OYERUH_clean,7.57942,6.42809,7.56103,1.08661,1656.01,1524.01,185.649,170.851,0.6376,0.586778,0.0,1,0.0066323988,3.1486024981,4.605232651401252,Test
OYEWEW_clean,9.10111,6.40889,9.10064,0.579676,2406.76,4151.9,0.0,0.0,0.7488,1.29176,0.0,1,0.0052546315,5.9910786661,5.844329807457807,Train
OYEWIA_clean,10.37041,7.95909,10.26711,0.677921,2034.96,3001.77,0.0,0.0,0.7108,1.0485,0.0,1,0.0051440981,5.412017036900001,4.875149229071152,Test
OYIVEY_clean,8.41834,4.77784,8.41834,1.02358,1872.15,1829.01,0.0951624,0.0929698,0.626,0.611576,0.0,1,0.0038977363,3.8818022879,3.8150246751625563,Train
OYIVIC_clean,5.5413,4.80567,5.5333,1.19582,1382.4,1156.02,0.0,0.0,0.5784,0.483684,0.0,1,0.0038815837,2.9355450369,2.8851730799257127,Train
OYIVOI_clean,5.54513,4.92009,5.54513,1.34386,1289.96,959.889,0.0,0.0,0.5594,0.416262,0.0,1,0.0035794023,2.5184978507,2.519120148198022,Train
OYOSAX_clean,5.10436,4.21189,5.06572,1.19023,1067.87,897.196,0.0,0.0,0.5162,0.433699,0.0,1,0.0049395649,2.8856682538,2.986264882014387,Test
OZAVES_clean,5.64539,5.08904,5.62805,1.07782,1464.13,1358.41,0.0,0.0,0.5738,0.532369,0.0,1,0.0044794188,3.4411053504000004,3.417056429104087,Test
OZAVOC_clean,6.46772,5.63481,6.46128,1.35316,1406.83,1039.66,0.0,0.0,0.5486,0.40542,0.0,1,0.0049497073,3.379242138,3.278092402977145,Test
OZAVUI_clean,5.43678,4.75451,5.43678,1.24526,1365.54,1096.59,0.0,0.0,0.5928,0.476044,0.0,1,0.0036160991,2.8609049716,2.8014952696437705,Train
OZUKOL_clean,11.66314,11.04095,11.6623,1.07501,1570.69,1461.09,0.0,0.0,0.6578,0.611902,0.0,1,0.0023485173,3.0011195983,2.813588279815115,Test
OZUKUR01_clean,12.00308,11.20848,12.00308,1.04914,1577.91,1504.01,0.0,0.0,0.6712,0.639764,0.0,1,0.0021376656,2.793894494,2.48712850271587,Test
OZUKUR_clean,11.77684,11.08852,11.77544,1.07383,1569.26,1461.37,0.0,0.0,0.6592,0.613879,0.0,1,0.002276554,2.9862163368,2.7993234481207825,Test
OZULAY_clean,11.76704,10.98127,11.76502,1.07223,1568.4,1462.75,0.0,0.0,0.6546,0.610504,0.0,1,0.0023759319,2.9442982721,2.904619157333022,Train
OZULUS_clean,11.30509,10.53212,11.30463,1.32172,1536.26,1162.31,0.0,0.0,0.6386,0.483157,0.0,1,0.0021880419,2.7445673002,2.5784781199900784,Test
OZUMAZ01_clean,11.42001,10.68224,11.42001,1.32181,1528.59,1156.43,0.0,0.0,0.6378,0.482518,0.0,1,0.0023039303,2.7463462734,2.775426423700834,Test
OZUMAZ_clean,11.32593,10.60044,11.32547,1.32216,1533.89,1160.14,0.0,0.0,0.6396,0.483754,0.0,1,0.0022252299,2.7197101067,2.679814378255295,Train
OZUMIH_clean,11.34307,10.585,11.34288,1.32207,1537.23,1162.75,0.0,0.0,0.6412,0.484999,0.0,1,0.0023575503,2.8333749903,2.7857572443408176,Train
PACGIM_clean,5.65368,4.16479,5.64778,1.04531,2243.67,2146.41,0.0,0.0,0.631,0.603646,0.0,0,0.0053059736,4.4379546164,4.653523342835092,Test
PACZOK_clean,14.42262,6.94223,14.41025,1.08844,2172.35,1995.84,0.0,0.0,0.7086,0.651024,0.0,1,0.0012241405,1.7103883931,1.69334528700208,Train
PACZUQ_clean,6.93068,4.23947,6.93068,1.54491,905.644,586.213,0.0,0.0,0.4772,0.308886,0.0,0,0.0005462523,0.6099009526,0.689378134113583,Test
PAFMUH_clean,4.1569,3.45207,4.13312,1.53558,373.555,243.267,0.0,0.0,0.4318,0.281197,0.0,1,0.0033586717,1.4883283986000002,1.6034760434551636,Train
PAHPOG_clean,7.73062,5.40152,7.60787,0.954052,1660.24,1740.2,0.0,0.0,0.5924,0.620931,0.0,1,0.0049207196,4.4625863556,4.334500668342914,Train
PAJSAX_clean,11.72543,11.19673,11.71838,0.847503,1673.18,1974.24,0.0,0.0,0.6882,0.812032,0.0,0,0.0029232790999999,3.0743378198,3.179820920992353,Train
PAKFAL_clean,4.75354,4.10738,4.75354,2.43205,513.87,211.291,0.0,0.0,0.3964,0.16299,0.0,1,0.0005592916,0.4817334314,0.4152772339228554,Train
PAKFEP_clean,4.86901,4.27875,4.86901,1.90484,508.538,266.971,0.0,0.0,0.3924,0.206001,0.0,1,0.0006824539,0.579636029,0.5714062049835293,Train
PAKXIK_clean,5.56128,3.90775,5.56038,1.25158,1486.65,1187.82,19.61,15.6682,0.5744,0.458939,0.0,1,0.0036175871,2.8184695169,3.0195016741739025,Test
PALTON_clean,12.85281,10.88454,12.85281,0.723595,1862.94,2574.56,0.0,0.0,0.677,0.935606,0.0,1,0.0068002882,4.8218635107,5.039589737005213,Test
PAMHIW_clean,9.2687,4.50421,9.2687,0.952087,1296.4,1361.64,427.264,448.766,0.6164,0.64742,0.0,0,0.006400668,4.8980698316,4.869687339679873,Train
PAMTII_clean,12.14001,5.49468,12.1397,0.953828,2043.58,2142.5,0.0,0.0,0.7082,0.742482,0.0,1,0.0044159899,3.3154870845,3.8645933121954634,Test
PAMTOO_clean,12.35154,5.62136,12.35154,0.923606,1995.9,2160.98,0.0,0.0,0.7096,0.768293,0.0,1,0.0043441228,3.3031427038,3.6803454883309557,Train
PAMTUU_clean,12.40087,5.62514,12.40087,0.908425,2011.92,2214.73,0.0,0.0,0.6952,0.76528,0.0,1,0.0043086156,3.2954202698,3.85675218895242,Test
PAMVEG_clean,4.06328,3.71255,4.05877,1.30742,297.768,227.753,0.0,0.0,0.4276,0.327056,0.0,1,0.0007629203,0.8384947569,0.803889156035126,Train
PAPROO_clean,7.19025,5.05276,7.19025,1.91608,861.592,449.664,0.0,0.0,0.4326,0.225774,0.0,0,0.0018586291,1.3477581301,1.337944050266352,Train
PAPRUU_clean,7.39284,4.83476,7.39284,1.80811,810.66,448.345,0.0,0.0,0.438,0.242241,0.0,0,0.0018015956,1.187257103,1.342706688496798,Test
PAPVAF_clean,10.09597,6.84011,9.58875,0.817097,2396.15,2932.52,0.0,0.0,0.7324,0.896344,0.0,1,0.0029496613,3.7034059744,3.8055095542891157,Train
PAPXUB_clean,4.14867,3.74838,4.12901,1.41027,380.17,269.572,0.0,0.0,0.4056,0.287604,0.0,0,0.0053019320999999,1.737721057,1.7378651989776726,Train
PAQMEB_clean,5.66983,3.45515,5.06855,2.32316,1166.36,502.057,0.0,0.0,0.4938,0.212555,0.0,1,0.0010681837,1.1782983025,1.1496069001268874,Test
PAQVEK_clean,5.27989,4.58936,5.26433,1.11804,1118.78,1000.66,0.0,0.0,0.502,0.449,0.0,1,0.0082723696,3.5140253233,3.573464871248811,Test
PARHAS_clean,6.90619,6.37667,6.76731,0.69817,2236.54,3203.43,0.0,0.0,0.6838,0.979418,0.0,1,0.0021757516,3.0792738645,2.945707740800006,Train
PARHEW_clean,7.38605,6.67234,7.38605,0.632325,2400.53,3796.35,0.0,0.0,0.7148,1.13043,0.0,1,0.0021757516,3.3366826729000003,2.9454738032010845,Test
PARKUQ01_clean,6.67552,5.18428,6.65544,1.17133,2054.42,1753.92,0.0,0.0,0.6446,0.550316,0.0,0,0.0040706689,4.0156464516,3.9307524698442524,Train
PARMIG_clean,4.62483,4.28304,4.62483,1.33462,793.109,594.261,0.0,0.0,0.4652,0.348565,0.0,0,0.0437084487,4.7928342114,4.686599999391186,Train
PARNIH_clean,8.32489,6.77668,8.32489,0.861017,1951.67,2266.71,0.0,0.0,0.6712,0.779544,0.0,1,0.0025205329,2.9870786649000003,3.0904522128079654,Test
PARNON_clean,7.81335,6.23608,7.8124,0.973393,1971.82,2025.72,0.0,0.0,0.6118,0.628523,0.0,1,0.0036502340999999,3.5633174377,3.6715832914761855,Train
PASMUT_clean,5.21671,3.87145,5.2007,1.45236,1664.76,1146.24,0.0,0.0,0.5822,0.400864,0.0,1,0.0028698955,2.287713032,2.4616991345556247,Train
PASNAA01_clean,4.83008,3.80459,4.83008,1.46381,1335.98,912.674,0.0,0.0,0.51,0.348405,0.0,1,0.0029821899,2.5628378959,2.5000692137113125,Train
PASNAA_clean,4.89594,3.826,4.89193,1.4497,1354.61,934.408,0.0,0.0,0.5164,0.356212,0.0,1,0.0029977086999999,2.54137156,2.536574036813981,Test
PASTOU_clean,6.66976,4.5166,6.66976,1.58721,797.598,502.516,0.0,0.0,0.4778,0.301032,0.0,1,0.0018265114,1.3083110119,1.3953159119513416,Train
PATNAB_clean,9.14224,6.89364,9.14224,1.35956,1803.58,1326.59,0.0,0.0,0.6728,0.494866,0.0,1,0.0012863838,1.5863688869,1.5690936960527013,Train
PATWOY_clean,7.80785,6.68696,7.80785,0.911859,1500.87,1645.94,0.0,0.0,0.5982,0.656023,0.0,1,0.0056306977,4.0037178037,4.5345549093970074,Test
PAVLOO_clean,4.63098,4.29599,4.63098,1.36764,915.445,669.362,13.6565,9.98545,0.5494,0.401715,0.0,1,0.0130409065999999,3.878117544,3.9476923579420977,Train
PAVMAB_clean,4.70831,4.3739,4.70531,1.34518,952.077,707.768,16.532,12.2898,0.553,0.411097,0.0,1,0.0123077887,3.8159424927,3.9196068553686576,Train
PEBNEP_clean,4.70974,3.99855,4.70974,1.47945,319.51,215.966,0.0,0.0,0.4064,0.274697,0.0,1,0.002569164,1.1325488888,1.1564239565333196,Test
PECLEP_clean,5.39206,3.58035,5.25926,1.26009,1193.65,947.27,0.0,0.0,0.492,0.390447,0.0,0,0.0076815614,3.2152713274,3.3914403332508525,Train
PEDMER_clean,4.87431,3.86596,4.87431,1.94999,1030.99,528.717,0.0,0.0,0.5166,0.264924,0.0,1,0.0040894999,2.1113120635,2.1318623284173848,Train
PEDMOB_clean,6.13543,5.59613,6.13543,1.47554,899.4,609.538,0.0,0.0,0.4724,0.320153,0.0,1,0.0020494684,1.7074021007,1.603773469647711,Test
PEDRIA_clean,15.09269,7.93434,15.07573,0.589901,2245.43,3806.46,0.0,0.0,0.8114,1.37549,0.0,0,0.002496006,3.458173668,3.509038885556432,Train
PEFJUF_clean,6.61682,6.0615,6.61682,1.19245,2068.35,1734.53,0.0,0.0,0.6212,0.520944,0.0,0,0.0161008879,6.4472127631,6.466451423446053,Train
PEFRID01_clean,6.55951,5.47634,6.55951,1.31717,1348.3,1023.64,0.0,0.0,0.552,0.419081,0.0,1,0.0052068367,3.1149902961,3.2379513634870825,Test
PEFRID_clean,9.83364,8.16227,9.74315,1.01836,1671.9,1641.77,0.0,0.0,0.6476,0.635927,0.0,1,0.0035530196,3.6265637742,3.5179409053258417,Train
PEFRUP01_clean,6.70842,5.60789,6.69161,1.32053,1380.71,1045.57,0.0,0.0,0.5546,0.419982,0.0,1,0.0048978208,3.1429741056,3.220074773061374,Test
PEFRUP_clean,9.50189,8.00757,9.50189,1.0519,1670.24,1587.83,0.0,0.0,0.6432,0.611463,0.0,1,0.003441482,3.5620119383999995,3.4225774390957016,Test
PEFSUQ_clean,6.71056,3.90525,6.68671,1.19472,875.451,732.768,0.0,0.0,0.5094,0.426377,0.0,1,0.0008340246,0.990011903,0.9466317672860485,Train
PEGBAG_clean,4.42914,3.59275,4.42914,1.43063,530.361,370.719,0.0,0.0,0.4708,0.329086,0.0,1,0.0016945197,1.2660563309,1.3390674562181257,Test
PEGBUA_clean,4.24178,3.44241,4.23659,1.42808,542.261,379.715,0.0,0.0,0.474,0.331915,0.0,1,0.0021745618,1.4098979174,1.433090001902349,Train
PEGCAH_clean,4.41751,3.55963,4.41517,1.40923,648.294,460.035,0.0,0.0,0.4816,0.341747,0.0,1,0.0030455363,1.7647381130000002,1.994921869123219,Test
PEGCEL_clean,4.60881,3.89017,4.60881,1.36646,760.056,556.224,0.0,0.0,0.4938,0.361373,0.0,1,0.0031547675,1.9549066334,2.039359045642656,Train
PEGCIP_clean,5.4738,4.63859,5.45736,1.20371,1399.17,1162.38,0.0,0.0,0.5244,0.435652,0.0,1,0.0061622277,3.5081083655,3.5455800993358353,Train
PEGPOI_clean,4.98627,3.51233,4.9807,1.99017,618.984,311.02,0.0,0.0,0.3962,0.199078,0.0,1,0.0032350498999999,1.2986102034,1.480339593919766,Test
PEGQID_clean,5.05756,3.46018,5.04486,2.49056,625.358,251.092,0.0,0.0,0.3982,0.159884,0.0,1,0.0018931779,0.8898691482,0.9469808564392999,Train
PEGQOJ_clean,5.06893,3.45218,5.06893,2.53315,611.744,241.495,0.0,0.0,0.3936,0.15538,0.0,1,0.0017127514,0.8814622501999999,0.9050844924542836,Train
PEGQUP_clean,4.99244,3.49069,4.98026,2.64253,618.757,234.153,0.0,0.0,0.3906,0.147813,0.0,1,0.0019901245,0.8759327993000001,1.0142642861070468,Test
PEHQID_neutral,5.14211,3.77935,5.14211,1.46568,1144.37,780.78,0.0,0.0,0.5232,0.356968,0.0,0,0.0024580395,1.8216562865,1.9304305481975899,Train
PEHTON_clean,5.79765,4.80371,5.79765,1.25943,995.966,790.809,0.0,0.0,0.488,0.387478,0.0,1,0.0013711026,1.320160598,1.3064161611924066,Train
PEJFOA_clean,4.64383,3.88697,4.63782,2.21077,775.822,350.929,123.298,55.7717,0.4612,0.208615,0.0,1,0.0450283701,3.1147221104,3.2662890618452414,Train
PEJFUG_clean,5.6094,5.1902,5.6094,2.02674,953.383,470.404,0.0,0.0,0.4916,0.242558,0.0,0,0.0257716417,3.3264276889,3.25370536230503,Train
PEJMOI_clean,7.77261,4.72411,7.77261,1.78918,1087.16,607.629,0.0,0.0,0.4986,0.278675,0.0,1,0.0017378595,1.4999056641,1.5273883316588897,Train
PEJNUP_clean,9.7414,9.14394,9.67281,0.771129,2269.17,2942.66,0.0,0.0,0.7412,0.961188,0.0,0,0.00364135,4.4635153868,4.342405908807015,Test
PEKCUF_clean,8.20333,5.43297,8.20152,0.769862,2179.49,2831.01,0.0,0.0,0.6652,0.864051,0.0,1,0.003774585,4.3246177,4.324594919813885,Train
PEKDAM_clean,6.66878,5.26481,6.65683,0.823111,2211.99,2687.35,0.0,0.0,0.6464,0.785313,0.0,1,0.0042658568,4.4214490968,4.590166614408555,Test
PEKZIP_clean,4.53518,4.08657,4.53518,1.41548,619.125,437.397,0.0,0.0,0.4398,0.310708,0.0,1,0.0030063947999999,1.5645813731,1.6799330165518722,Train
PELGOE_clean,4.61976,3.65124,4.60921,1.18989,1005.69,845.196,0.0,0.0,0.5078,0.426764,0.0,1,0.0051013457,3.1932261115,3.151752888208309,Test
PELQII_clean,9.06577,7.1819,8.76719,0.671525,2063.21,3072.43,0.0,0.0,0.712,1.06027,0.0,1,0.0040126972,4.145550045799999,4.680944201526756,Test
PELRIJ_clean,21.55746,10.38341,21.54289,0.51708,1832.88,3544.68,0.0,0.0,0.8016,1.55024,0.0,1,0.0035948458,4.4763076143000005,4.504472376251478,Test
PELXIP_clean,5.04305,3.66818,5.03506,1.84132,581.447,315.776,13.9718,7.58794,0.4556,0.247431,0.0,1,0.0033661703999999,1.6118878708000002,1.7040729058472217,Train
PEMREG_clean,9.06566,7.46673,9.06566,0.753022,2058.76,2734.0,0.0,0.0,0.7058,0.93729,0.0,1,0.0029011377,3.5035119921,3.697348562717134,Train
PEMRIK_clean,6.31603,3.45605,6.31603,1.18528,1197.81,1010.57,0.0,0.0,0.5532,0.466723,0.0,1,0.0072749143,3.6303516844,3.6515733682588407,Test
PENNAZ_clean,8.96214,8.00387,8.96214,0.962495,1990.53,2068.1,0.0,0.0,0.7004,0.727692,0.0,1,0.0030413544,3.29474575,3.4264536014711573,Test
PENNON_clean,7.9329,6.23525,7.71711,0.684898,2586.98,3777.17,0.0,0.0,0.7318,1.06848,0.0,1,0.0031774811,4.2693285284,4.215365193938474,Test
PENNUT_clean,5.51848,4.07497,5.51848,1.34514,1276.26,948.789,0.0,0.0,0.5072,0.377061,0.0,1,0.0034325484,2.4770419256,2.5054238483201794,Test
PENYIR_clean,5.70014,3.65365,5.70014,1.6367,929.089,567.66,64.7109,39.5375,0.5088,0.31087,0.0,1,0.0037243114,2.0785815885,2.2363024928822473,Test
PENZIS_clean,5.20436,4.63461,5.20306,1.48152,1841.93,1243.27,0.0,0.0,0.653,0.440764,0.0,0,0.003162462,2.6670775981,2.7435806548791803,Train
PEPBAO_clean,5.10254,3.95909,5.10254,1.42412,833.906,585.559,0.0,0.0,0.4934,0.34646,0.0,0,0.0035983090999999,1.766951509,1.9139647943570826,Train
PEPFAT_clean,10.91726,6.85852,7.70966,1.0029,2251.01,2244.49,0.0,0.0,0.6862,0.684214,0.0,1,0.0041979096999999,4.4021174657,4.316628041527272,Train
PEPKOL_clean,4.51864,3.40095,4.50908,1.52523,488.244,320.112,0.0,0.0,0.42,0.275368,0.0,0,0.005872664,2.1472834825,1.7343208143075104,Test
PEPKUR_clean,4.38796,3.85266,4.37809,1.51141,576.087,381.159,0.0,0.0,0.4116,0.272329,0.0,0,0.0073285806999999,2.5276592204,2.3168544760190333,Test
PEPLAY_clean,6.74837,6.3776,6.72825,1.05651,1615.67,1529.25,0.0,0.0,0.6178,0.584755,0.0,0,0.0039600765,3.8327192882,3.76182288844516,Train
PEPLEC_clean,7.22831,6.81306,7.22831,1.03011,1642.0,1594.0,0.0,0.0,0.618,0.599935,0.0,0,0.0035849872999999,3.9070103955,3.8554704673059543,Train
PEPLIG_clean,6.77242,6.39006,6.75097,1.04905,1614.89,1539.38,0.0,0.0,0.6148,0.586054,0.0,0,0.0038320412,3.7072068635,3.65412882912163,Train
PEPLOM_clean,5.48105,5.23227,5.47438,1.20095,1296.27,1079.37,0.0,0.0,0.5572,0.463966,0.0,0,0.004912226,3.1099061442,3.0688254501389944,Train
PEQRUZ_clean,5.68699,4.77458,5.65626,1.19715,1015.07,847.906,0.0,0.0,0.4752,0.396942,0.0,1,0.0120856252,3.7537967562,3.589034719610993,Train
PEQWAK_clean,5.99001,5.4678,5.99001,1.06078,1335.71,1259.17,0.0,0.0,0.5666,0.534134,0.0,1,0.0044997505,3.308832053,3.3192309134184117,Test
PESTUD_clean,4.29451,3.77014,4.29451,1.52203,554.299,364.183,0.0,0.0,0.4078,0.267931,0.0,0,0.0074032431,2.4505632979,2.33513782462948,Train
PETWOC_clean,9.15829,4.1058,9.15829,1.69456,1870.12,1103.6,0.0,0.0,0.6222,0.367174,0.000472098,0,0.0020312455,1.9625548629,2.087432351277256,Test
PEVFON_clean,11.13773,3.47627,11.13633,0.923906,1490.46,1613.21,0.0,0.0,0.6306,0.682537,0.0,0,0.0020343547,2.5176318116,2.561509333021011,Train
PEVLIN_clean,4.23888,3.58587,4.23888,1.92889,451.698,234.175,0.0,0.0,0.4172,0.21629,0.0,1,0.0021049342,1.4395390381,1.323002381596364,Train
PEVQIS_clean_h,14.89727,7.78421,14.89178,0.605776,2230.04,3681.29,0.0,0.0,0.8056,1.32986,0.0,0,0.002473684,3.4983106617,3.504068993033972,Test
PEVQOY_clean_h,14.80942,7.88362,14.80084,0.613708,2232.3,3637.4,0.0,0.0,0.8108,1.32115,0.0,0,0.0025994989,3.7176801627,3.6181138528273253,Test
PEVXAQ_clean,4.99995,3.63805,4.93929,1.21492,686.301,564.895,0.0,0.0,0.4752,0.391137,0.0,1,0.0026641818,1.8062436278,1.672089944146824,Train
PEWGEF_clean,9.8037,7.11476,9.8037,1.04146,1816.14,1743.84,0.0,0.0,0.6896,0.662146,0.0,1,0.0015184725,1.8935329629,1.98245237099961,Train
PEWLUA_clean,17.77125,7.51947,12.45937,0.588936,2255.4,3829.62,0.0,0.0,0.7974,1.35397,0.0,1,0.0035492167,4.6568206293,4.552543419509438,Test
PEWXUL01_clean,5.54275,4.60824,5.54275,1.0598,1055.66,996.092,0.0,0.0,0.5124,0.483488,0.0,0,0.0053926771999999,3.5218349545,3.4174573526810716,Train
PEWXUL_clean,5.34544,4.38509,5.34544,1.05997,1077.55,1016.58,0.0,0.0,0.5136,0.48454,0.0,0,0.0065556932,3.7728985724,3.6352427671342484,Test
PEXFAA_clean,6.38992,4.78581,6.38785,0.722856,2527.72,3496.86,0.0,0.0,0.6962,0.963124,0.0,1,0.0037097065,4.5844989922,4.530545732319221,Test
PEXTUI_clean,5.13294,4.08127,4.81094,1.41697,1690.94,1193.35,0.0,0.0,0.6078,0.428944,0.0,1,0.0044287821,3.2094306885000004,3.3904447836868945,Test
PEYPAM_SL,6.47723,4.9888,6.46954,1.38224,1403.34,1015.27,0.0,0.0,0.5238,0.378951,0.0,0,0.0102383085999999,3.9545357484,3.8635917118688607,Train
PEYPIU_clean,4.73554,3.50341,4.73554,1.41341,845.394,598.124,0.0,0.0,0.4704,0.332812,0.0,0,0.0113836329,3.0391640321,3.117218830463872,Test
PEYSIW_clean,5.69089,4.7197,5.69089,1.0552,1032.59,978.576,0.0,0.0,0.5102,0.483511,0.0,0,0.0050477147999999,3.4560372531,3.2782258324445674,Train
PEYVEV_clean,8.8911,6.60199,8.13016,1.41868,1212.67,854.793,531.685,374.776,0.6316,0.445204,0.0,1,0.0075172073,5.0181799887,4.9759320766013735,Train
PEZCII_clean,12.50562,10.18861,12.50562,0.9535,1419.23,1488.44,0.0,0.0,0.6362,0.667226,0.0,1,0.001887931,2.4188571257,2.341098930216007,Test
PIBGAK_clean,6.08784,5.5601,6.06673,1.08232,1652.36,1526.68,0.0,0.0,0.6232,0.575798,0.0,1,0.0028067625,2.8352848269,2.8865710956644004,Train
PIBNUK01_clean,15.37191,14.18335,15.35887,0.42304,1389.84,3285.35,0.0,0.0,0.8366,1.97759,0.0,1,0.0023838728,3.3933854498,3.3301335574755804,Train
PIBNUK_clean,15.38411,14.18619,15.38378,0.422713,1393.02,3295.43,0.0,0.0,0.8378,1.98196,0.0,1,0.0023460104999999,3.4004540624,3.346436457695285,Train
PIBPAS01_clean,10.22467,9.87308,10.22467,0.904434,1674.99,1851.98,0.0,0.0,0.6484,0.716913,0.0,1,0.0023676623,2.847429869,2.8374382447064805,Test
PIBPIA_clean,15.49369,14.25357,15.47411,0.458724,1374.44,2996.23,0.0,0.0,0.8362,1.82288,0.0,1,0.0019937109,2.927810184,3.022425796571408,Test
PICTIG_clean,7.17773,5.19524,7.1746,0.956819,2131.67,2227.87,0.0,0.0,0.65,0.679334,0.0,1,0.003826139,3.9219977145,3.898058982461629,Train
PIDMEV01_clean,7.72003,4.28453,7.71744,1.05835,1674.28,1581.97,0.0,0.0,0.5974,0.564462,0.0,1,0.0051087062,4.2910883107,4.081576219884262,Train
PIDMEV_clean,7.7619,4.42953,7.71379,1.03258,1688.46,1635.19,0.0,0.0,0.5902,0.57158,0.0,1,0.0049742085,4.2797353853,4.096793863871703,Test
PIGXUZ_clean,4.56718,3.56694,4.54309,1.41248,518.542,367.114,0.0,0.0,0.408,0.288854,0.0,0,0.0042952758,1.4783406337,1.642680510715507,Train
PIHNUQ_clean,4.36505,3.62057,4.36492,1.46153,400.036,273.71,0.0,0.0,0.4114,0.281486,0.0,1,0.0047300926,1.5533766425,1.8434419496862373,Test
PIHWAG_clean,8.27361,7.69473,8.27361,1.26901,1392.1,1096.99,0.0,0.0,0.5476,0.431516,0.0,0,0.0027079426,2.6430732694,2.663172170906239,Test
PIHWOU_clean,4.6487,3.54073,4.5523,1.74456,1048.04,600.749,0.0,0.0,0.5644,0.32352,0.0,0,0.0114509297,4.0051587502,3.903133775658998,Train
PIJDIX_clean,5.30724,3.52085,5.26545,1.71921,1128.44,656.369,0.0,0.0,0.5814,0.338178,0.0,1,0.0057410021,2.5407224061,2.7082512157597116,Train
PIJJEZ_clean,14.75395,5.96588,14.75395,0.935418,1803.08,1927.56,0.0,0.0,0.656,0.70129,0.0,0,0.0083407605,4.4280346081,5.707579928534323,Test
PIJJOI_clean,6.12931,4.00789,6.08289,1.09199,859.144,786.767,2.75763,2.52532,0.5414,0.495791,0.0,0,0.0059742631,3.1015228927,3.0528337401252004,Train
PIJROR_clean,8.28575,7.67913,8.28575,1.27602,1385.29,1085.63,0.0,0.0,0.5522,0.432752,0.0,0,0.0027708594,2.6492399062,2.7341686854187466,Train
PIQFIG_clean,9.19593,7.79711,9.19593,0.691873,2332.15,3370.77,0.0,0.0,0.7756,1.12101,0.0,0,0.0015137860999999,2.2637022372,2.221845128658249,Train
PIQMOT_clean,6.47127,5.32823,6.30186,1.23035,1074.68,873.471,0.0,0.0,0.4866,0.395496,0.0,0,0.0050484699,2.8788730864,2.6317190228582796,Test
PIQMUZ_clean,5.76653,4.2611,5.71921,1.16552,750.166,643.631,0.0,0.0,0.4826,0.414063,0.0,1,0.0029826926,1.7894052487,1.8390585501313361,Train
PITPEP_clean,11.41966,9.93708,11.41966,0.952882,1649.81,1731.39,0.565272,0.593223,0.622,0.652757,0.0,1,0.0033812207,3.1412077877999995,3.3387582267871823,Test
PIWSEV_clean,8.52736,7.61097,8.52736,0.846818,2044.34,2414.14,0.0,0.0,0.6702,0.791433,0.0,1,0.003834219,3.9538984874,4.013925574895818,Train
PIYZAZ_clean,7.00061,5.66568,7.00061,1.03548,2663.91,2572.62,0.0,0.0,0.7414,0.715993,0.0,0,0.0012586318,1.7086206156,1.7122919865324189,Test
PIYZED01_clean,6.96517,5.63588,6.96517,1.04478,2626.41,2513.83,0.0,0.0,0.7254,0.694307,0.0,0,0.0012551153,1.7518884606,1.6851029769680888,Train
PIYZED02_clean,6.95041,5.62583,6.95041,1.04842,2625.12,2503.87,0.0,0.0,0.7248,0.691323,0.0,0,0.001247902,1.7441456978,1.6862794447048155,Train
PIYZED03_clean,6.91935,5.60013,6.91935,1.05779,2618.81,2475.74,0.0,0.0,0.7212,0.681798,0.0,0,0.0012825258,1.7585925074000002,1.693720457610529,Test
PIYZED_clean,7.00442,5.67284,7.00442,1.03221,2628.22,2546.21,0.0,0.0,0.7278,0.705091,0.0,0,0.0012724272,1.7262465997999998,1.7172173782096556,Test
PIZHOX_clean,6.00527,4.8111,5.6775,0.960875,2065.34,2149.44,0.0,0.0,0.6412,0.667309,0.0,1,0.0039984034,3.7629922425,4.001107692502212,Test
PIZNOB_clean_h,5.81424,4.85489,5.81424,1.50508,1940.53,1289.33,0.0,0.0,0.5884,0.390944,0.0,1,0.0021394456,2.2780387599000003,2.1973691536345483,Test
PIZPAP_clean_h,5.02301,4.09369,4.55915,1.6437,1625.99,989.228,0.0,0.0,0.5662,0.344467,0.0,1,0.0023910259,2.1345635401,2.1519285485999964,Test
PIZPET_clean_h,5.00612,4.07229,4.54032,1.30745,1650.65,1262.5,0.0,0.0,0.5638,0.431222,0.0,1,0.0036314426,2.9751280604000003,3.122582227680633,Test
PIZPIX02_clean,4.8742,3.92497,4.87073,1.75108,1636.83,934.755,0.0,0.0,0.5514,0.314892,0.0,1,0.0026680983,2.2260725931,2.218543001824594,Train
PIZPIX_clean_h,4.99576,3.97323,4.53163,1.71361,1574.79,918.993,0.0,0.0,0.5616,0.32773,0.0,1,0.002348296,2.1031184022,2.110977000167849,Test
PIZPOD_clean_h,4.95479,3.97477,4.74982,1.78246,1546.28,867.502,0.0,0.0,0.5566,0.312266,0.0,1,0.0028333039,2.2220157641,2.3251860155424686,Test
PIZQUM_clean,5.38703,4.44024,5.38703,1.21672,1189.38,977.523,0.0,0.0,0.5254,0.431815,0.0,1,0.0059406969999999,3.2423974346,3.211102261889078,Test
PIZRAT_clean,5.69309,4.64481,5.67801,1.18335,1207.09,1020.06,0.0,0.0,0.5368,0.453627,0.0,1,0.0047138342,2.8174598048000004,3.022170624909322,Test
PIZRUN_clean,5.3818,4.43333,5.37307,1.2127,1196.95,987.011,0.0,0.0,0.5248,0.432754,0.0,1,0.0060058567,3.2223599159,3.2103757005577647,Test
PIZSAU_clean,5.7096,4.51588,5.7096,1.18019,1218.01,1032.05,0.0,0.0,0.5404,0.457893,0.0,1,0.0047148809,2.8173912437,2.988138208768822,Train
POBMOJ01_clean,16.09028,3.85233,16.09028,1.0369,1784.32,1720.83,0.0,0.0,0.67,0.64616,0.0,1,0.0040809077,3.9029570283,4.112882664355358,Test
POBNEA_clean,12.6133,10.84896,12.6133,0.646582,1753.98,2712.69,2.26513,3.50323,0.7374,1.14046,0.0,1,0.0018978791,2.5022441965,2.559887777862374,Test
POBVIN_clean,9.76079,6.4479,9.73092,0.869183,2049.78,2358.28,0.0,0.0,0.696,0.800752,0.0,1,0.0035778364,4.1936915958,3.8278365676431174,Test
POCPAZ_clean,6.39676,5.12111,6.38825,0.921688,1695.17,1839.2,6.74347,7.31643,0.6078,0.659442,0.0,1,0.0039576952,3.7995281516,3.7456855727669414,Train
PODKOK_clean,18.51885,8.56409,12.59731,0.489414,2180.69,4455.72,0.0,0.0,0.8128,1.66076,0.0,1,0.0035578254,4.800519047,4.670426527980748,Test
PODKUQ_clean,22.31857,8.92625,14.18285,0.425765,2028.03,4763.26,0.0,0.0,0.8332,1.95695,0.0,1,0.0039046490999999,5.079077814100001,5.159155373347831,Test
PODVIP_clean,4.42056,3.62761,4.42056,2.28386,243.746,106.725,0.0,0.0,0.3946,0.172778,0.0,1,0.0015310260999999,0.6445552720000001,0.7069646471360089,Train
PODXEN_clean,5.34783,4.01094,5.34783,1.28087,710.366,554.597,0.0,0.0,0.4518,0.352729,0.0,1,0.0032410046,1.5962181905,1.680532566682123,Train
POFGUO_clean,5.1465,3.74676,5.14199,0.93374,1597.91,1711.3,0.0,0.0,0.5678,0.608092,0.0,0,0.007050201,5.2034654743,4.9312909299368535,Test
POFSIN01_clean,6.99195,5.64457,6.99195,1.04057,2621.47,2519.27,0.0,0.0,0.7274,0.699041,0.0,0,0.001341675,1.7391209087,1.7852877353962886,Test
POFSIN02_clean,6.98557,5.64932,6.97231,1.04143,2630.55,2525.91,0.0,0.0,0.7252,0.69635,0.0,0,0.0013705282,1.7377071007,1.7810121036915707,Train
POFSIN03_clean,6.95953,5.63255,6.95953,1.04557,2624.93,2510.51,0.0,0.0,0.7258,0.694164,0.0,0,0.0013705282,1.7453214667,1.7679672871526273,Test
POFSIN04_clean,6.97392,5.62462,6.97392,1.04699,2616.52,2499.1,0.0,0.0,0.7262,0.69361,0.0,0,0.0013705282,1.7395522644,1.7698738110086574,Train
POFSIN_clean,6.96628,5.64795,6.96628,1.04283,2632.71,2524.58,0.0,0.0,0.7246,0.694838,0.0,0,0.0013431176,1.7365010359,1.7680025504726677,Train
POHCOG_clean,6.03433,4.98914,5.98921,1.54389,1290.39,835.809,0.0,0.0,0.5212,0.33759,0.0,1,0.002825269,2.1283276704,2.1806734698393027,Train
POHWIU_clean,15.94965,10.39364,15.94872,0.460887,1949.35,4229.57,0.0,0.0,0.8104,1.75835,0.0,1,0.0032034798,4.5886894171,4.421726840004303,Train
POKGEC_clean,4.44927,3.87743,4.29992,1.20216,336.435,279.858,237.315,197.407,0.504,0.419245,0.0,1,0.0021907932,1.5143934605,1.776824037391664,Test
POKSAL_clean,5.16886,3.80347,5.16886,2.04384,546.746,267.509,0.0,0.0,0.4218,0.206376,0.0,1,0.0014277023,0.9724103762,0.9053511077983933,Train
POKSEP_clean,5.24976,3.94365,5.24501,1.70126,572.314,336.407,0.0,0.0,0.4264,0.250638,0.0,1,0.0013129474,1.0591832564,0.9257491375916875,Train
POKSIT_clean,5.21903,3.84136,5.20793,2.02039,562.699,278.51,0.0,0.0,0.4168,0.206297,0.0,1,0.0011353189999999,0.8779886206,0.8225066300930881,Train
POKSOZ_clean,5.23291,4.00143,5.18374,1.95789,573.341,292.837,0.0,0.0,0.4166,0.21278,0.0,1,0.0010845361,0.8758326251,0.779348837069751,Test
POKTIU_clean,5.25513,3.88718,5.24992,2.03578,584.018,286.877,0.0,0.0,0.4004,0.196682,0.0,1,0.0011581754,0.8600504035,0.8388837221197711,Train
POKVAO_clean,5.22916,3.84535,5.22916,1.97617,548.634,277.625,0.0,0.0,0.4172,0.211116,0.0,1,0.0011495735,0.9045984361,0.854379334422521,Train
POLBEX_clean,8.55331,7.31354,8.46863,1.98623,1149.15,578.559,46.9518,23.6386,0.5414,0.272577,0.0,1,0.0407932057,4.2333610702,4.178954774123278,Train
POLBIB_clean,4.50015,3.80804,4.49155,1.64999,1209.33,732.928,0.0,0.0,0.534,0.323637,0.0,1,0.0031672544,2.8635870691000003,2.4649486609186306,Test
POLBUN_clean,4.31477,3.58843,4.31278,2.39943,670.094,279.272,0.0,0.0,0.4488,0.187045,0.0,0,0.0534312126999999,3.7595037171,3.668103550416866,Train
POLDOK_clean,5.06326,4.95206,5.06326,1.44271,500.914,347.204,76.3428,52.9162,0.4724,0.327439,0.0,1,0.0035235435,1.7804444045,1.8010673417850327,Train
POLDUQ_clean,5.0902,4.98067,5.0902,1.44184,520.517,361.01,59.0453,40.9514,0.471,0.326666,0.0,1,0.0032934245,1.630398526,1.6995602860211612,Train
POLYEW_clean,5.14291,3.60228,5.14291,1.21883,774.169,635.173,0.0,0.0,0.4678,0.38381,0.0,1,0.0091021139,2.9521101881,2.9500859418927567,Train
POMMAH_clean,14.83525,11.96507,14.83525,1.26278,1468.55,1162.95,199.616,158.076,0.7018,0.555756,0.00015838,1,0.0036648499,2.264822712,2.320191039255837,Train
POMSER_clean,7.01968,3.83495,7.01968,1.10319,1326.02,1201.98,0.0,0.0,0.5236,0.474622,0.0,1,0.0043344687,3.3372008417,3.265296536633959,Test
POMSOB_clean,5.67937,4.56222,5.67937,1.11643,1180.95,1057.79,0.0,0.0,0.5376,0.481534,0.0,1,0.0048247676,2.9846402441000004,3.154253898290313,Test
PONPOX_clean,4.5617,3.77666,4.56065,2.3716,853.999,360.095,0.0,0.0,0.4606,0.194215,0.0,0,0.0638972111,4.2039963943,4.0894320017132575,Train
PONSOC_clean,7.4772,6.20805,7.45867,0.784087,1906.95,2432.06,0.0,0.0,0.6546,0.834856,0.0,1,0.0040895321,4.4063340835,4.424494605885463,Train
PORGAE_clean,5.87412,3.87625,5.87412,2.28472,891.425,390.167,0.0,0.0,0.4496,0.196785,0.0,0,0.0186297692999999,2.203845556,2.357087101081465,Train
PORLAL_clean,9.41867,8.86897,9.41275,1.10001,1269.94,1154.48,0.0,0.0,0.5682,0.516538,0.0,1,0.0017063533,2.0192581689,2.022944763075019,Train
PORLEP_clean,7.93943,4.67024,7.92199,1.76214,638.871,362.555,235.766,133.795,0.4966,0.281817,0.0,1,0.0019866143,1.0962938359,1.284332810419857,Train
PORVID_clean,7.37109,6.82741,7.37109,1.40599,1511.82,1075.27,0.0,0.0,0.5614,0.399292,0.0,1,0.0034544488,3.2386716707,3.0881824556188766,Test
PORVUO_clean,4.67797,3.97904,4.67797,1.06036,1507.72,1421.89,0.0,0.0,0.5284,0.498321,0.0,0,0.0102799715,4.8234666406,5.101356086911018,Test
POSFIO_clean,6.80619,3.42889,6.79194,1.15852,1000.28,863.415,0.0,0.0,0.5272,0.455065,0.0,1,0.0045561896999999,2.5165613471,2.7114581461196527,Train
POSGAH_clean,6.19197,4.53531,6.16887,1.09324,1845.26,1687.87,0.0,0.0,0.5814,0.531812,0.0,0,0.0060797182,4.2066385281,4.271812398786914,Train
POTNET_clean,4.90891,3.62196,4.89268,1.35117,1395.4,1032.74,0.298007,0.220556,0.5558,0.411349,0.0,1,0.0044229972,3.1789889205,3.161922780796128,Train
POTREX_clean,14.70007,10.79864,14.70007,0.483438,2025.11,4188.97,0.0,0.0,0.7802,1.61386,0.0,1,0.0037935323999999,5.014770304,4.8923631705669095,Train
POYPAW_clean,7.97392,4.92371,7.96142,0.954107,1622.71,1700.76,0.0,0.0,0.5818,0.609785,0.0,0,0.007882036,4.842026875299999,5.1643252107392135,Train
POZHUI_ion_b,9.39252,3.7857,9.39207,1.30542,878.942,673.301,73.4571,56.2708,0.5296,0.405693,0.0,0,0.0039621507,1.7213032461000002,1.9071245608353342,Train
PUDSIR01_clean,6.99715,5.84689,6.98056,1.03177,2165.84,2099.14,0.0,0.0,0.6538,0.633665,0.0,1,0.0040446434,3.8365185129,4.076034807297571,Test
PUDSIR_clean,6.84685,5.37896,6.83632,1.0569,2169.92,2053.1,0.0,0.0,0.647,0.61217,0.0,1,0.0042304854,3.8130120881,4.123611271653157,Test
PUDSOX_clean,7.03254,5.77219,7.03254,1.04422,2164.07,2072.42,0.0,0.0,0.654,0.626304,0.0,1,0.00405056,3.8076722903,4.008131222061701,Train
PUDSUD_clean,7.08521,6.02588,7.08155,0.996555,2169.83,2177.33,0.0,0.0,0.6624,0.66469,0.0,1,0.0040028245,3.8812494904,4.0750471724519315,Test
PUFRIR_clean,5.81593,4.39318,5.8122,0.99503,2005.1,2015.11,0.0,0.0,0.6314,0.634554,0.0,1,0.0032179593,3.2566206641,3.4857953892702582,Test
PUGGOP_clean,8.14998,6.76772,8.12163,0.920168,2113.5,2296.86,0.0,0.0,0.6298,0.68444,0.0,1,0.0071118998,4.218204779100001,5.40595746164527,Test
PUGPEO_clean,9.53093,8.66388,9.24995,1.0567,1899.67,1797.75,0.0,0.0,0.6656,0.629888,0.0,1,0.0032479333,3.0210790352,3.49013967796844,Test
PUGSER_clean,9.40538,8.82837,9.39896,0.800645,2377.49,2969.47,0.0,0.0,0.7256,0.906269,0.0,1,0.0035733221,4.4276459262,4.280318956638897,Test
PUGSOB_clean,9.50607,8.86576,9.50607,0.864037,2169.58,2510.98,0.0,0.0,0.6944,0.803669,0.0,1,0.0050046429,4.6601740337,4.54562278529404,Train
PUGSUH_clean,9.30915,8.71365,9.30507,0.821567,2358.23,2870.4,0.0,0.0,0.708,0.861767,0.0,1,0.0041495931,4.7073098212,4.577468512839236,Test
PUJJEL_clean,9.07645,8.51256,9.07645,1.13917,1399.12,1228.2,0.0,0.0,0.572,0.502121,0.0,0,0.0022672258999999,2.4590312497,2.541555602599453,Train
PUJQEQ_clean,7.62791,6.18953,7.62791,0.66886,2115.6,3163.0,0.0,0.0,0.6814,1.01875,0.0,1,0.0035027948,4.3065858846,4.3304847558429564,Test
PUKSUL_clean,6.59798,4.14111,6.57182,1.5702,2804.07,1785.8,0.0,0.0,0.6962,0.443383,0.0,1,0.0007091695,1.0135659809,1.0091091224181286,Train
PUKVAU_clean,6.34308,4.86227,6.34308,1.0986,1347.83,1226.86,0.0,0.0,0.5706,0.519389,0.0,1,0.0020783326,2.2262726167,2.138680040622885,Train
PULMIU_clean,7.09135,4.01215,7.09135,1.0722,1770.87,1651.63,0.0,0.0,0.6158,0.574336,0.0,1,0.0051408591,3.9980199982,4.150402536498635,Train
PUMDIM_clean,7.80071,4.22996,5.62381,1.22507,393.72,321.387,874.299,713.674,0.564,0.460383,0.0,1,0.0065953899,3.9829311382,3.5156674467945144,Test
PUMGIP01_clean,5.45506,3.48614,5.2674,1.17898,397.642,337.276,548.508,465.24,0.493,0.418158,0.0,1,0.0057390941,2.7968002486000003,2.9284901575488145,Test
PUMNIV_clean,5.71977,3.98662,5.71104,1.66821,1567.24,939.473,0.0,0.0,0.6384,0.382685,0.0,1,0.0016517803,1.6672050378,1.62394666171329,Train
PUMNOB_clean,5.46311,3.57221,5.46311,1.50782,1496.51,992.504,0.0,0.0,0.6142,0.407344,0.0,1,0.0015132866,1.6108143016999998,1.5346152785936638,Test
PUNSIB_clean,5.01625,3.57988,5.00209,1.32619,942.101,710.383,0.0,0.0,0.5344,0.402959,0.0,0,0.0020887398,1.8249451694,1.8169191007184498,Train
PUPHUE_clean,7.11215,6.70655,7.11215,0.937093,954.53,1018.61,0.0,0.0,0.5324,0.56814,0.0,1,0.0031672015,2.7267187388,2.622051933162175,Train
PUQDOW_clean,5.15222,4.10448,5.15222,1.41779,682.397,481.312,0.0,0.0,0.4322,0.304841,0.0,0,0.003439063,1.670647007,1.5790585008075249,Train
PUQXUV_clean,5.37589,5.08075,5.29758,1.50363,233.241,155.118,324.657,215.915,0.4578,0.304462,0.0,1,0.0096029627,1.4078199328,1.4218077162376281,Train
PUQYAC_clean,5.36415,5.07421,5.36415,1.50028,235.559,157.01,320.725,213.777,0.4614,0.307543,0.0,1,0.0096715471,1.4041129444999998,1.442601801204643,Train
PURJES_clean,6.1741,5.21501,6.1741,1.07844,1412.21,1309.49,0.0,0.0,0.5678,0.526503,0.0,1,0.0096790878,4.4767933265,4.702635531065043,Test
PURJIW_clean,8.03037,6.16762,8.02661,0.894418,1849.84,2068.21,0.0,0.0,0.6498,0.726506,0.0,1,0.0040805976,3.9054023267,4.217197633724779,Test
PURNEX_clean,5.09479,3.51841,5.0825,3.89183,1036.85,266.417,0.0,0.0,0.4494,0.115473,0.0,1,0.0005632683999999,0.5485274961,0.5552057153838721,Train
PURNIB_clean,4.73361,3.41508,4.65301,3.6233,403.306,111.309,0.0,0.0,0.3372,0.0930644,5.52e-05,1,0.0004731793,0.3824178565,0.3661386747849229,Train
PURSOK_clean,4.44828,3.48673,4.44828,1.3532,940.252,694.837,0.0,0.0,0.521,0.385014,0.0,1,0.0042983482,2.9948897723,2.769621544348366,Test
PUTYEI_clean,6.07481,4.74641,6.03797,1.15301,1967.9,1706.74,0.0,0.0,0.6112,0.530089,0.0,0,0.0056927118999999,4.2929081902,4.129335838416625,Test
PUVJOG_clean,5.99071,5.7142,5.99071,1.16612,1343.68,1152.27,0.0,0.0,0.5688,0.487772,0.0,0,0.0031843128999999,2.5251436362,2.7225194126871703,Test
PUWCUF_clean,5.62914,3.92719,5.62914,1.20596,1932.54,1602.49,0.0,0.0,0.6014,0.49869,0.0,1,0.0055142878,3.9238365816,4.032036495083081,Test
PUWDAM_clean,9.00542,5.91155,9.00542,0.805702,2374.94,2947.67,0.0,0.0,0.7118,0.883453,0.0,0,0.0077956106999999,6.1578673519,6.8952924187016436,Test
PUWDIU_clean,8.22754,6.95777,8.22754,1.0931,2055.27,1880.23,0.0,0.0,0.6384,0.584028,0.0,1,0.0041228733,4.1150640626,4.155573985323483,Train
PUWDOA_clean,10.50578,8.82117,10.50578,0.768678,1898.43,2469.74,0.0,0.0,0.689,0.896344,0.0,1,0.0049522383,4.8106221299000005,4.644852962760467,Train
PUWVAG_clean,4.80954,3.64569,4.72725,1.26832,891.081,702.566,0.0,0.0,0.4874,0.384287,0.0,1,0.0108644007,3.3526626213,3.506628923765531,Train
PUWXAH_clean,4.52797,3.58309,4.52797,1.5745,738.046,468.749,0.0,0.0,0.4104,0.260654,0.0,0,0.0018631751,1.3969501611,1.4008331202055508,Train
PUYHOI_clean,8.13748,6.87673,8.13748,1.50852,1009.54,669.222,0.0,0.0,0.5634,0.373478,0.0,1,0.0007193344999999,0.7965273201999999,0.9372457101665663,Test
PUYZUF_clean,5.69776,3.92558,5.6607,1.26995,1498.86,1180.25,0.0,0.0,0.59,0.464585,0.0,0,0.0061687718,3.2174286924,3.784041462679422,Test
PUZJOL_clean,4.83061,4.03981,4.83061,1.24259,1148.92,924.616,0.0,0.0,0.519,0.417676,0.0,0,0.0088649688,3.772588615,3.679443544848981,Train
PUZKOM_clean,5.73239,3.68789,5.71092,1.28608,1004.7,781.21,0.0,0.0,0.5098,0.396397,0.0,1,0.0072703948,2.9552501586,3.128682127143773,Test
PUZKUS_clean,5.50979,4.91819,5.49321,1.14051,1329.3,1165.53,0.0,0.0,0.5506,0.482765,0.0,1,0.0082730733999999,3.8970872118,3.8128343306523957,Test
PUZLAZ_clean,6.70975,6.33216,6.70975,1.05033,2275.23,2166.2,0.0,0.0,0.6682,0.636179,0.0,0,0.0066514175,5.7142207066,5.5762483260971285,Test
PUZLUS_clean,15.09144,8.39804,15.08737,0.46153,2323.48,5034.3,0.0,0.0,0.8014,1.7364,0.0,0,0.0036944779999999,4.9954554444,5.04621225753855,Train
PUZMAZ_manual,16.4214,9.23775,16.40927,0.447552,2179.79,4870.46,0.0,0.0,0.7972,1.78124,0.0,0,0.0035095779999999,4.7465712487000005,4.828093167181857,Test
PUZTOV_clean,7.33778,6.60028,7.33778,1.18441,1668.47,1408.69,0.0,0.0,0.6108,0.5157,0.0,1,0.0040231629,4.0816505305,3.7920152915113987,Train
PYDCUT_clean,5.31645,4.73242,5.31645,1.56466,1273.49,813.911,0.0,0.0,0.5466,0.349342,0.0,0,0.0039530385,2.3283273658000003,2.4427227349027953,Train
QADBII_clean,4.90485,4.23271,4.90165,1.42586,539.675,378.491,0.0,0.0,0.4884,0.34253,0.0,0,0.0038236149,1.5519935316999998,1.7210639502963392,Test
QADWEA_clean,4.644,4.03482,4.644,1.80951,763.808,422.108,0.0,0.0,0.4542,0.251007,0.0,0,0.0052787191,2.2064510335,2.0773868923421057,Test
QADWIE_clean,4.58512,3.92708,4.57664,1.84741,722.607,391.146,0.0,0.0,0.4522,0.244775,0.0,0,0.0050188142,2.1620336976,1.9834986139839375,Test
QADWOK_clean,4.58729,3.99418,4.55638,1.86546,733.177,393.026,0.0,0.0,0.4474,0.239833,0.0,0,0.0051000762,2.146091294,1.9832787655500341,Test
QADWUQ_clean,4.54229,3.95239,4.49763,1.89145,716.655,378.892,0.0,0.0,0.4464,0.236009,0.0,0,0.0050046867,2.1011562130000003,2.0136728620031263,Train
QADXAX_clean,4.50897,3.9304,4.4621,1.90926,707.48,370.552,0.0,0.0,0.4456,0.233389,0.0,0,0.0048905037,2.076017265,1.966321091427985,Train
QAGDIO_clean,12.81046,10.08472,12.79582,0.728225,1959.77,2691.16,0.0,0.0,0.7164,0.983763,0.0,1,0.0038307894,4.526358472,4.085244558257412,Test
QAGQEW_clean,16.48295,9.14033,16.48295,0.959417,1239.84,1292.29,398.029,414.866,0.701,0.730652,0.0,1,0.0047327989,4.135521252699999,3.94250974828232,Train
QAGTOH_clean,4.99286,4.09874,4.71178,1.12214,865.652,771.429,0.0,0.0,0.4996,0.44522,0.0,0,0.0061171047,2.8190036292,2.9712844871052786,Test
QAJKIV_clean,4.24125,3.62097,4.24125,2.37718,709.122,298.303,0.258537,0.108758,0.4518,0.190057,0.0,0,0.0565748539,4.0078430423,3.8992577841357914,Train
QALGUH_SL,7.81866,7.32218,7.81866,0.998911,1796.0,1797.96,0.0,0.0,0.6356,0.636293,0.0,0,0.0035925896,4.2054907882,4.107143986837555,Train
QALHAO_clean,7.68357,4.14824,7.68357,1.41986,1680.89,1183.84,0.0,0.0,0.6244,0.439761,0.0,1,0.0021033759,2.3665453922,2.2882914671216614,Train
QALHES_clean,7.67318,4.16213,7.67318,1.424,1678.65,1178.83,0.0,0.0,0.625,0.438904,0.0,1,0.0022355908,2.385089746,2.3903108121861734,Test
QALHIX_clean,10.92504,5.92348,10.86207,0.740473,2226.36,3006.67,0.00873198,0.0117924,0.7394,0.998552,0.0,1,0.0033930658,4.3366433788,4.237897943954093,Train
QALWUV_clean,7.07527,5.39947,6.79315,0.842522,2364.13,2806.02,0.0,0.0,0.7084,0.840809,0.0,0,0.0015593801999999,2.0817494514,2.1573997065071273,Train
QAMVEH01_clean,5.82556,4.59087,5.81673,0.990751,1901.06,1918.81,0.0,0.0,0.6228,0.628614,0.0,1,0.0067131186,5.0070978167,5.007092926471506,Test
QAPQEE_clean,4.84641,3.70884,4.84641,1.26705,1206.55,952.253,0.0,0.0,0.5406,0.426661,0.0,1,0.0032006915,2.8443335853,2.6751557712435834,Train
QAQHOG_clean,4.07536,3.5864,4.07536,2.36311,463.12,195.979,0.0,0.0,0.3764,0.159282,0.0,1,0.0089661288,1.9667805609,1.8767787696754228,Test
QAQMON_clean,13.97996,12.87565,13.97503,0.607595,2338.25,3848.36,0.0,0.0,0.7644,1.25807,0.0,1,0.0043411064,4.9751454848000005,5.162119227025126,Test
QAQNOO_clean,9.00524,7.79992,9.00524,0.836247,1935.23,2314.19,0.0,0.0,0.674,0.805982,0.0,1,0.0019990659,2.6160689122,2.6729322522882493,Train
QAQRUW_clean,6.65732,4.64818,6.52021,0.851853,2010.6,2360.27,0.0,0.0,0.621,0.728999,0.0,1,0.0056841681,5.0261732192,4.788324653138058,Test
QAQSAD_clean,5.24683,3.85843,5.23776,1.22144,1138.43,932.039,0.0,0.0,0.537,0.439646,0.0,1,0.0048418701,2.7229723483,2.9979612762270835,Test
QARCET_clean,5.6311,3.58556,5.5035,1.43101,772.342,539.717,0.0,0.0,0.4414,0.308453,0.0,0,0.0050179067,1.9339066682,2.0104738211010327,Test
QASSUZ_clean,8.20384,7.94678,8.20384,1.22317,850.148,695.037,0.0,0.0,0.3894,0.318353,0.0,1,0.0002571356,0.3653307671999999,0.47080568641928666,Train
QATHOK_clean,9.29834,6.48945,9.29621,1.21668,1222.78,1005.01,0.0,0.0,0.5554,0.456489,0.0,0,0.0017901554999999,1.9659413739,1.9552879134624848,Test
QATKII_clean,5.10915,3.79672,5.10915,1.21674,1321.26,1085.9,0.0,0.0,0.55,0.452026,0.0,0,0.0075385906,3.9383163496,3.898418353963335,Test
QATKOO_clean,5.44759,3.80722,5.43097,1.23164,1414.07,1148.12,0.0581087,0.0471799,0.5662,0.459712,0.0,0,0.0074586486,3.9035760676,3.984287688016091,Test
QATLEE_clean,5.57595,4.31452,5.57595,1.46536,813.962,555.469,0.0,0.0,0.467,0.318693,0.0,1,0.0114380177,2.3630168397,2.6401107732951274,Test
QATPOR_clean,4.01523,3.48616,4.00077,2.44828,405.938,165.805,0.0,0.0,0.3718,0.151862,0.0,1,0.0092543345999999,1.6312600033000002,1.8686464528099425,Test
QATVUE_clean,6.38161,3.71559,6.38161,1.03389,1164.63,1126.45,0.0,0.0,0.5572,0.538935,0.0,0,0.0122532099,5.3232826961,5.114846427828144,Train
QATXIU_clean,7.14794,6.36836,7.14653,1.22477,1332.85,1088.25,75.8051,61.8933,0.5956,0.486296,0.0,0,0.0022452353,2.42780913,2.349823798382094,Train
QAVBUL_clean,12.14778,9.97355,12.14778,1.03126,1437.46,1393.89,0.0,0.0,0.626,0.607023,0.0,1,0.0018321261,2.4031511917,2.2920185875172554,Train
QAVPIO_clean,5.30738,4.3707,5.28519,1.74559,1115.19,638.858,0.0,0.0,0.453,0.25951,0.0,0,0.0219361691,3.7130978911,3.598447354385085,Train
QAVWAN_clean,6.3577,4.74176,6.3577,1.14455,1283.39,1121.31,0.0,0.0,0.5318,0.464638,0.0,1,0.006565153,3.5079800778,3.4471842232052055,Test
QAWDID_clean,8.86764,6.4582,8.76206,0.663333,2493.74,3759.41,0.0,0.0,0.781,1.17739,0.0,1,0.0022974279,3.563177647,3.20869753524426,Test
QAWPIO_clean,5.34571,3.76875,5.30515,1.53902,932.084,605.634,189.024,122.821,0.49,0.318384,0.0,1,0.002627432,2.1176817129,1.9603716148794559,Test
QAWREM_clean,4.54212,3.52572,4.54212,1.85502,694.124,374.186,0.0,0.0,0.4334,0.233636,0.0,1,0.0056859376,1.92492376,2.0490869842562294,Test
QAWRIQ_clean,4.49398,3.4919,4.49398,1.89418,683.645,360.919,0.0,0.0,0.429,0.226483,0.0,1,0.0063725108999999,1.9292882695,2.083555279812254,Test
QEBGAH_clean,5.50168,5.08562,5.49191,1.08026,1235.17,1143.4,0.0,0.0,0.5322,0.492658,0.0,0,0.0085595551,3.9033166936,3.885505769732193,Train
QEBGEL_clean,6.08453,4.84553,6.08453,1.01993,1460.11,1431.58,0.0,0.0,0.5522,0.54141,0.0,0,0.0056279905,4.0618395262,3.8720628229656584,Test
QEBKUF_SL,9.81772,5.95471,9.68668,0.686123,2457.39,3581.56,0.0,0.0,0.7136,1.04005,0.0,0,0.0047934621,5.3631154491,5.347024956256403,Test
QEFNAQ_clean,6.2895,4.867,6.2895,1.2915,870.104,673.714,94.8179,73.4166,0.5222,0.404335,0.0,1,0.0061340881,2.6710011883,2.852727182962811,Test
QEFWUV_clean,32.36037,28.26773,32.35632,0.473548,1565.06,3304.96,0.0,0.0,0.826,1.74428,0.000422344,1,0.0032255331,4.0288642338,4.035923472257404,Test
QEGHEP_clean,5.21452,3.49325,5.21452,1.29869,492.691,379.376,29.3469,22.5974,0.4466,0.343886,0.0,0,0.0017319089,1.1716321551,1.1709634532553115,Train
QEJYIP_clean,5.79435,3.44834,5.51643,1.42081,1141.45,803.374,0.0,0.0,0.5468,0.38485,0.0,0,0.0063803276,3.1781469513,3.218045207192051,Test
QEPZOB_clean,6.00756,3.91744,6.00756,0.930353,1597.61,1717.21,0.801378,0.86137,0.6088,0.654376,0.0,1,0.0027689831,2.9668924743,2.93885367249057,Test
QEQZUH_clean,7.20474,5.54936,7.20474,2.98733,1121.05,375.269,0.0,0.0,0.4558,0.152577,0.0,0,0.0105649227,2.2883994685,2.3246720313233493,Train
QERWAL_clean,6.23685,3.59052,6.23393,0.96089,1663.57,1731.28,0.0,0.0,0.5974,0.621716,0.0,0,0.0054364976,3.980118726,4.674129742846089,Test
QERZUI01_clean,4.40066,3.54145,4.40066,1.45403,577.348,397.068,0.0,0.0,0.4282,0.294492,0.0,1,0.0114405846999999,2.8488394751,2.8084440860134956,Train
QESLOQ_clean,6.6747,4.69389,6.6747,2.0556,1217.11,592.095,0.0,0.0,0.5328,0.259195,0.0,1,0.0047272387,2.838599679,2.3049714954492027,Test
QESYOD_clean,7.06657,4.49673,7.06657,1.70049,1062.54,624.842,0.0,0.0,0.5092,0.299443,0.0,0,0.0012450102,1.278310964,1.2685705401200755,Train
QETCUO_clean,6.89128,4.79138,6.89128,1.23174,1603.73,1302.0,0.0,0.0,0.5742,0.46617,0.0,1,0.0036394294,3.0573358959,3.043480030900235,Train
QETHUT_clean,5.64185,3.41958,5.64104,1.68813,1127.74,668.04,0.0,0.0,0.4972,0.294527,0.0,0,0.0452237588,5.1413108605,5.199449932580177,Train
QEVKOS_clean,4.71244,3.94029,4.71244,1.86641,753.543,403.738,0.0,0.0,0.4654,0.249355,0.0,0,0.0026671503,1.4394770171,1.496656357178503,Test
QEWDON_clean,6.85219,4.97206,6.85219,1.41693,1021.65,721.035,55.4121,39.1073,0.5212,0.367839,0.0,1,0.0122252168999999,3.3315827464,3.3046207248208996,Train
QEZZOL_clean,6.25588,3.45747,6.04611,1.73068,941.451,543.977,0.0,0.0,0.483,0.279081,0.0,1,0.0014081328,1.1668730596,1.2360283634634204,Test
QIGBIR_clean,5.14127,4.23557,5.11201,2.30609,2556.32,1108.51,0.0,0.0,0.6426,0.278653,0.0,1,0.0007222947,0.8869626612999999,0.927682636621944,Test
QIHXIQ_clean,9.72743,8.74819,9.72743,0.867164,1773.91,2045.64,0.0,0.0,0.6572,0.757873,0.0,1,0.0021944903,2.6968165461,2.717792342122154,Test
QIJLAW_clean,8.05446,5.26641,8.05325,0.671267,2454.25,3656.15,0.0,0.0,0.7174,1.06873,0.0,0,0.002041654,2.6766496106,2.788802046566109,Train
QIPROY_clean,5.10002,3.64368,4.72082,0.794412,2326.28,2928.3,0.0,0.0,0.6568,0.826775,0.0,1,0.005000257,5.4317061316,5.36083698743911,Train
QIQTAN_clean,5.97055,4.70307,5.97055,1.22492,943.091,769.92,0.0,0.0,0.5008,0.408843,0.0,1,0.0031469053,2.0966638046,2.1367272379673077,Test
QIQZIB_clean,8.62906,4.33786,8.62906,1.28033,1914.7,1495.48,0.0,0.0,0.6336,0.494873,0.0,1,0.0031387457,3.4695625335000004,3.1894251811857393,Test
QIRWAR_clean,5.03603,3.89356,5.03603,1.34872,1809.31,1341.5,0.0,0.0,0.6038,0.447684,0.0,1,0.0049837211,3.6738165849,3.774864838454735,Train
QIRYAS_clean,6.80431,4.28089,6.76896,1.43909,1279.9,889.381,0.0,0.0,0.5066,0.352029,0.0,1,0.0038442152,2.7272735247,2.6079892664906876,Test
QISNAJ_clean,6.86275,5.39635,6.82883,1.05954,2863.52,2702.61,0.0,0.0,0.7298,0.688789,0.0,1,0.002081582,2.7294754669,2.6889658388342776,Test
QISNEN_clean,6.73584,5.39558,6.7159,1.14249,2865.04,2507.71,0.0,0.0,0.739,0.646833,0.0,1,0.0020168111,2.5832765573,2.557932305019131,Test
QISNIR_clean,6.57248,5.45743,6.53468,1.21872,2929.79,2404.0,0.0,0.0,0.7294,0.598499,0.0,1,0.00172044,2.2779855434000003,2.244726212889165,Train
QITDOO_clean,4.51149,3.70593,4.5073,1.60486,623.741,388.657,0.0,0.0,0.4184,0.260708,0.0,1,0.0032359205,1.5662347328,1.6478648036426486,Train
QITXAU_clean,5.33833,4.09777,5.32992,1.02323,1464.2,1430.95,0.0,0.0,0.5698,0.556862,0.0,0,0.0045182807,3.3288731771,3.505046697118926,Test
QITYOI_clean,5.05446,3.86932,5.05446,1.38238,1280.1,926.009,0.0,0.0,0.5378,0.389038,0.0,1,0.0021469484,1.9083531832,1.9570637371008004,Test
QIVJAG_clean,6.03486,4.47657,5.9683,0.924756,2925.59,3163.63,0.0,0.0,0.7036,0.760849,0.0,1,0.0019682619,2.6780154264,2.7296807438132005,Test
QIVQAP_clean,5.96532,3.96258,5.96532,1.08722,942.027,866.452,0.0,0.0,0.4728,0.434869,0.00073582,1,0.0032292055,2.391093154,2.3218434918083903,Train
QIVYUR_clean,4.21696,3.7868,4.20902,1.26329,745.535,590.155,0.0,0.0,0.457,0.361755,0.0,0,0.0051086038,2.4158309229,2.7719960683547487,Test
QIWCOQ_clean,7.90536,6.37424,7.89587,0.88756,1705.8,1921.9,0.0,0.0,0.6366,0.717248,0.0,1,0.004620872,4.8353813601,4.470936545411761,Train
QIWDOR_clean,4.59203,4.06699,4.58575,1.55074,682.335,440.007,0.0,0.0,0.3988,0.257168,0.0,1,0.0044008944,1.6328152512,1.7579155595389462,Train
QIWGOU_clean,4.95412,3.59777,4.40809,1.51133,204.724,135.46,222.59,147.281,0.4446,0.294179,0.0,1,0.0017203784,1.105332323,1.2389503835068236,Test
QIWPET_clean,6.87756,5.53647,6.83784,1.18214,1480.3,1252.22,0.0,0.0,0.543,0.459336,0.0,1,0.0045620189,4.149548024,3.6845394318749802,Train
QIXNES_clean,5.40564,4.53621,5.32703,1.33406,1524.22,1142.54,0.0,0.0,0.5456,0.408976,0.0,1,0.0045509235,2.9287691299,3.1592446549638793,Test
QIXNIW_clean,5.3327,4.51343,5.26398,1.68575,1489.56,883.622,0.0,0.0,0.5396,0.320096,0.0,1,0.0032988549,2.1841197830000003,2.333608700038145,Test
QIXSOG01_clean,7.54214,5.04155,7.54214,0.607311,2915.58,4800.8,0.0,0.0,0.7764,1.27842,0.0,1,0.0018511239,2.6644896424,2.629704843069338,Train
QIXSOG_clean,7.51562,5.04263,7.51562,0.608086,2919.24,4800.71,0.0,0.0,0.776,1.27614,0.0,1,0.0020362363,2.6625042212,2.8861302035967618,Test
QIYDAF_clean,22.97967,8.76388,22.97967,0.403152,1832.34,4545.03,0.0,0.0,0.8334,2.06721,0.0,1,0.0031390551,4.2568412028,4.420917975685386,Test
QIYDEJ_clean,22.48969,11.55679,22.48969,0.431427,1897.73,4398.73,0.0,0.0,0.814,1.88676,0.0,1,0.0036516396999999,4.6898519633,4.777226804026393,Test
QIYDIN01_clean,21.60142,10.45655,21.53105,0.395741,1819.65,4598.09,0.0,0.0,0.8328,2.10441,0.0,1,0.0030742521,4.2545316255,4.324468731806068,Train
QIYDIN_clean,29.975,15.02249,29.83505,0.197643,1310.13,6628.79,0.0,0.0,0.9182,4.64576,0.0,1,0.0037637555,5.4214150775,5.354255299749889,Train
QIYDOT_clean,19.81856,17.06364,19.63981,0.211978,1346.05,6349.95,0.0,0.0,0.9118,4.30139,0.0,1,0.0033010823,5.3621163939,5.236626768098279,Train
QIZLIW_clean,6.45845,5.65073,6.45505,1.52092,1546.0,1016.49,0.0,0.0,0.5696,0.374511,0.0,1,0.0024097632,2.2961559956,2.213360867057061,Train
QOBGEV_clean,7.79609,3.48851,7.69085,1.10244,1557.79,1413.04,0.0,0.0,0.6186,0.56112,0.0,0,0.0061380404,4.8475502134,4.724683088230675,Train
QOBPEE_clean,5.93943,5.1846,5.93943,1.67865,1062.24,632.793,0.0,0.0,0.4286,0.255324,0.0,0,0.0075410237,2.8034148208,2.648893672454518,Train
QOCBUH_clean,5.62714,5.2779,5.62443,1.65942,1085.12,653.917,0.0,0.0,0.4334,0.261175,0.0,0,0.0066357852,2.7173287673,2.585699594778899,Test
QOCRUW_clean,5.79604,4.18591,5.79604,1.38102,1479.67,1071.43,0.0,0.0,0.5506,0.398692,0.0,1,0.0042078978,3.2018855996,3.0648251988752877,Train
QOCSAD_clean,5.79442,4.21505,5.67699,1.39648,1468.21,1051.36,0.0,0.0,0.5488,0.392987,0.0,1,0.0043553116999999,3.1427301461000003,3.0186103188307496,Train
QOCSEH_clean,5.70812,4.12503,5.70669,1.44217,1397.59,969.093,0.0,0.0,0.5398,0.374298,0.0,1,0.0043330623,3.0829180742,2.902479805786333,Test
QODHUO01_clean,7.02176,3.66753,6.99115,1.3176,1021.05,774.937,0.0,0.0,0.496,0.376443,0.0,1,0.0025471689,1.935346387,2.002725991936681,Test
QODHUO02_clean,7.03734,3.63732,6.65847,1.31371,1014.75,772.431,0.0,0.0,0.5018,0.381972,0.0,1,0.0024170216,1.9379930256,1.9189547207918678,Test
QODHUO03_clean,7.01529,3.79079,6.96918,1.33247,1014.37,761.274,0.0,0.0,0.4906,0.368189,0.0,1,0.0026522164,1.9208777238,1.9459068683782983,Test
QODHUO04_clean,7.0665,3.70053,7.05456,1.31094,1039.62,793.032,0.0,0.0,0.501,0.382168,0.0,1,0.0025555355,1.9272688867,1.989397394638663,Train
QODHUO05_clean,7.05009,3.74248,7.03715,1.31954,1023.92,775.964,0.0,0.0,0.4934,0.373918,0.0,1,0.0025769169,1.9341499613,1.9707644186926818,Train
QODHUO06_clean,7.04216,3.76029,6.51395,1.3253,1016.32,766.86,0.0,0.0,0.4928,0.37184,0.0,1,0.0024709398,1.925373384,1.8768599640060453,Test
QODHUO07_clean,7.03774,3.77448,6.9742,1.32931,1016.48,764.667,0.0,0.0,0.4848,0.364699,0.0,1,0.0025871427,1.9326207303,1.9491569571067702,Train
QODHUO08_clean,7.07082,3.72352,7.02334,1.31235,1023.45,779.863,0.0,0.0,0.497,0.378709,0.0,1,0.0025927205,1.9445701133,1.977337489352487,Train
QODHUO09_clean,7.01869,3.81528,6.63722,1.33794,1007.41,752.957,0.0,0.0,0.4858,0.363096,0.0,1,0.0025573948,1.9263253186,1.9420355003691463,Test
QODHUO10_clean,7.01033,3.79821,6.75812,1.33845,1014.35,757.851,0.0,0.0,0.488,0.364601,0.0,1,0.0025704095,1.9205068039,1.942040107398809,Test
QODHUO11_clean,7.01042,3.80896,6.9255,1.3366,1007.71,753.939,0.0,0.0,0.4868,0.364209,0.0,1,0.0026196796,1.9360482529,1.9348074383920162,Test
QODHUO12_clean,7.0091,3.78553,6.9949,1.33735,1014.06,758.26,0.0,0.0,0.4828,0.361012,0.0,1,0.0026866125,1.9260826869,1.9335819648446497,Train
QODHUO13_clean,7.01938,3.75717,6.78624,1.32807,1011.93,761.958,0.0,0.0,0.4912,0.36986,0.0,1,0.0025676206,1.928214314,1.966843495335732,Test
QODHUO_clean,7.01702,3.80696,7.00767,1.33459,1022.86,766.423,0.0,0.0,0.4802,0.35981,0.0,1,0.002594683,1.9208397125,1.932328312889387,Test
QODPOQ_clean,7.05519,3.79599,6.7273,1.31521,1027.79,781.463,0.0,0.0,0.4944,0.37591,0.0,1,0.0025880724,1.9484791809,1.9662831035204995,Test
QODQEH_clean,7.07208,3.67099,6.65977,1.31088,1023.42,780.716,0.0,0.0,0.4996,0.381118,0.0,1,0.0025425207999999,1.9490518291,1.979453155130442,Train
QODSUZ_clean,7.02333,3.67551,6.68721,1.32015,1014.75,768.665,0.0,0.0,0.4954,0.375261,0.0,1,0.0025118432,1.9227499859,1.9415954840668883,Test
QOFBIY01_clean,7.02313,3.82948,7.02313,1.33462,1010.65,757.254,0.0,0.0,0.4866,0.364598,0.0,1,0.0025955094,1.9425862963,1.9319844336576848,Test
QOFBIY02_clean,7.03275,3.83288,6.70379,1.33192,1017.39,763.856,0.0,0.0,0.4894,0.36744,0.0,1,0.002596439,1.9514121437,1.9296590979492578,Test
QOFBIY_clean,7.01606,3.82362,7.01606,1.3363,1014.56,759.23,0.0,0.0,0.4868,0.364289,0.0,1,0.0026048056,1.9352785244,1.932147198707568,Train
QOFCAR_clean,7.04297,3.82338,7.04297,1.33044,1025.08,770.483,0.0,0.0,0.4874,0.366345,0.0,1,0.002589002,1.9430520378,1.9399933131109006,Train
QOFCIZ_clean,7.04341,3.83129,7.04341,1.32486,1021.89,771.322,0.0,0.0,0.4928,0.371964,0.0,1,0.0026364128,1.938807376,2.0033239029256666,Test
QOFCOF_clean,7.02932,3.80353,7.02932,1.32333,1025.15,774.676,0.0,0.0,0.4948,0.373906,0.0,1,0.0025295061,1.9291913485,1.944149550727665,Test
QOFDAS_clean,7.03553,3.81631,6.66267,1.32324,1033.46,781.008,0.0,0.0,0.4904,0.370605,0.0,1,0.0025936501,1.9498857016,1.9448225581532415,Test
QOFDEW_clean,7.03046,3.79465,6.68948,1.32008,1029.49,779.869,0.0,0.0,0.4982,0.377401,0.0,1,0.0025694799,1.9534126939,1.9771512357577923,Test
QOFDIA01_clean,7.07034,3.75403,6.76838,1.31589,1019.32,774.626,0.0,0.0,0.4958,0.37678,0.0,1,0.0026689496,1.9573914833,1.9673669680455919,Train
QOFDIA02_clean,7.01083,3.77871,6.95045,1.33425,1016.66,761.974,0.0,0.0,0.4834,0.362301,0.0,1,0.0025769169,1.9325854046,1.936444697463135,Train
QOFDIA05_clean,7.02958,3.74465,6.95589,1.32702,1017.45,766.718,0.0,0.0,0.49,0.36925,0.0,1,0.002551817,1.9330623016,1.955147065902391,Train
QOFDIA06_clean,7.01624,3.71089,6.8329,1.32411,1025.99,774.855,0.0,0.0,0.4912,0.370967,0.0,1,0.0025508874,1.9324320167,1.9670823982412093,Train
QOFDIA07_clean,7.02954,3.71586,6.33543,1.32374,1036.28,782.845,0.0,0.0,0.4912,0.371071,0.0,1,0.0025806354,1.9389784268,1.9609518779141502,Train
QOFDIA08_clean,7.02793,3.71306,6.40493,1.32259,1024.02,774.255,0.0,0.0,0.4926,0.372451,0.0,1,0.0025871427,1.945203187,1.9455516674183608,Train
QOFDIA_clean,7.0591,3.80398,6.95726,1.31482,1028.35,782.123,0.0,0.0,0.4968,0.377845,0.0,1,0.0024783768,1.9492870239,1.8980407867550937,Train
QOFDOG_clean,7.06378,3.79902,6.95616,1.31604,1025.34,779.109,0.0,0.0,0.4946,0.375823,0.0,1,0.0025453097,1.9455387812,1.986305822481314,Train
QOFKUT_clean,5.30234,4.62006,5.27677,1.31152,1132.35,863.381,0.0,0.0,0.538,0.410209,0.0,1,0.0076778993999999,3.1410882639,3.3006252022424243,Train
QOFLAA_clean,9.67197,6.44372,9.67197,0.77122,2332.16,3023.99,0.0,0.0,0.771,0.999714,0.0,1,0.0020549293,2.8628375551,2.9056871305644574,Train
QOFPAE_clean,5.80282,4.70685,5.79577,3.42955,1940.39,565.785,0.0,0.0,0.5998,0.174892,0.0,1,0.0009898961,1.0240780462,1.032057019898903,Train
QOHTUD_clean,6.67584,5.81143,6.66422,1.12235,912.162,812.727,0.0,0.0,0.4922,0.438545,0.0,1,0.0012586566,1.3205092718,1.336104832226192,Train
QOHYET_clean,5.66796,4.25652,5.66268,1.43346,1155.57,806.137,0.0,0.0,0.5024,0.350479,0.0,0,0.0059880089,2.8500165542,2.829425385730084,Test
QOJTUE_clean,4.99075,4.07072,4.98875,1.39072,1473.66,1059.64,0.0,0.0,0.5964,0.428841,0.0,1,0.0074389292,3.7574774816,3.9260600202322644,Test
QOJVAM_clean,5.27687,4.07489,5.26218,1.3881,1464.38,1054.95,0.0,0.0,0.585,0.421438,0.0,1,0.0068554984999999,3.6981918358,3.6678128399348826,Test
QOKCID_clean,4.30865,3.85554,4.26496,1.71497,435.499,253.939,0.0,0.0,0.3688,0.215047,0.0,1,0.0055620616,1.2446807356999998,1.5052191069091994,Train
QOKKAE_clean,4.41255,3.41758,4.32307,1.9759,693.219,350.838,235.178,119.024,0.5434,0.275014,0.0,1,0.0018334037,1.7355674012,1.754073945618963,Train
QOLVET_clean,4.18106,3.97053,4.18106,1.83396,707.407,385.727,0.0,0.0,0.4316,0.235338,0.0,0,0.1318003497,3.7606031621,3.82952448166083,Train
QOMDUS_clean,5.73732,4.27265,5.65548,1.56934,1252.52,798.122,0.0,0.0,0.5388,0.343329,0.0,1,0.0038627258,2.4074485456,2.403935414710882,Train
QOMFEE_clean,6.23329,4.79223,6.23329,0.956504,2173.22,2272.05,0.0,0.0,0.6332,0.661994,0.0,1,0.0065441593,4.9744759267,5.183884370977287,Train
QOMRUH_clean,5.91598,4.8393,5.90444,0.946458,2296.32,2426.22,0.0,0.0,0.6568,0.693956,0.0,1,0.0039668817,4.0252162177,4.097534783558045,Train
QOMSAO_clean,6.28295,5.19194,6.16876,0.913349,2335.71,2557.31,0.0,0.0,0.6626,0.725462,0.0,1,0.0036080196,3.831668276,3.950059221870988,Train
QOMSES_clean,5.8822,4.848,5.86939,0.949674,2240.73,2359.47,0.0,0.0,0.658,0.692869,0.0,1,0.0040226508,3.8310645147,4.08061778624929,Test
QOMTET_clean,4.76534,3.95054,4.76534,1.34356,1133.18,843.42,0.0,0.0,0.5016,0.373337,0.0,1,0.0073344581999999,3.3595895064,3.42447203174439,Test
QONKUB_clean,6.24349,5.12734,6.13649,0.9162,2335.91,2549.56,0.0,0.0,0.6696,0.730845,0.0,1,0.0037438052,3.8721154361,3.9873148553194095,Train
QONLAI_clean,6.10211,4.91381,6.0286,0.939951,2318.74,2466.88,0.0,0.0,0.6558,0.697696,0.0,1,0.0038674672,3.8755415999,3.989918010916126,Train
QONLEM_clean,5.90984,4.72024,5.82362,0.936419,2363.81,2524.31,0.0,0.0,0.6642,0.709298,0.0,1,0.0040808447,3.9360947399,4.302570130554777,Test
QONLIQ_clean,6.00653,4.86996,6.00653,0.931336,2311.78,2482.22,0.0,0.0,0.6534,0.701573,0.0,1,0.0038844404,3.9188669315,4.025632000041021,Train
QONQAM_clean,6.95521,6.65822,6.95521,0.957388,1627.93,1700.38,0.0,0.0,0.609,0.636106,0.0,0,0.0055934622,5.2549490126,5.111456660618216,Train
QONQEQ_manual,7.41052,7.00984,7.40327,0.944282,1611.38,1706.46,0.0,0.0,0.6124,0.648535,0.0,0,0.0063750129,6.0117753123,5.863270738172188,Train
QOPCEE_clean,5.00224,4.42588,5.00224,2.00794,611.459,304.521,0.0,0.0,0.4062,0.202297,0.0,1,0.003150185,1.1157982914,1.3760761455518253,Test
QOPDEE_clean,5.73867,3.59336,5.72178,2.09497,1040.44,496.637,0.0,0.0,0.5118,0.244299,0.0,0,0.0161597544,3.0983781611000003,3.2732164635445082,Test
QOPPES_clean,7.05411,5.65156,7.03914,0.967554,1983.39,2049.91,0.0,0.0,0.6408,0.662289,0.0,1,0.0034781592,3.4793809016000004,3.6102609225170035,Train
QOPPOC_clean,4.21204,3.56876,4.20993,1.51146,562.274,372.007,0.0,0.0,0.4702,0.31109,0.0,1,0.0076996812,3.0721716811,3.1334890049385327,Test
QOPZIF_clean,6.77563,4.15655,6.73512,1.06978,1861.11,1739.71,0.0,0.0,0.6378,0.596196,0.0,1,0.005451029,4.4137807297,4.414477615669589,Test
QOQWOK01_clean,8.63633,6.73186,8.63063,0.935461,1473.57,1575.23,0.0,0.0,0.5784,0.618305,0.0,0,0.0041035779,4.0881721475,3.96896125137817,Train
QOQWOK_clean,8.39175,6.59132,8.39175,0.957359,1460.22,1525.26,0.0,0.0,0.566,0.59121,0.0,0,0.0042835999,4.0286310328,3.8608932685735677,Test
QOSJEP_clean,5.95986,5.08733,5.90424,1.45523,1476.39,1014.54,0.0,0.0,0.5466,0.37561,0.0,1,0.0030261613,2.5246562413,2.482260608770389,Train
QOSJIT_clean,8.05472,3.98,7.82448,1.13518,1829.79,1611.9,0.0,0.0,0.6248,0.550399,0.0,1,0.0030144921,3.0846319558,3.1570892102300334,Test
QOSJOZ_clean,8.08316,3.97327,8.04054,1.14357,1840.46,1609.4,0.0,0.0,0.6224,0.54426,0.0,1,0.0029806433,3.0705444646,3.10403147169451,Train
QOSJUF_clean,6.12081,5.11749,6.09552,1.41231,1533.09,1085.52,0.0,0.0,0.5616,0.397647,0.0,1,0.0029678696,2.5476372168,2.5064878997798363,Test
QOSKAM_clean,8.09283,3.98695,8.04748,1.17505,1628.38,1385.79,0.0,0.0,0.6158,0.524061,0.0,1,0.0029577001,2.9321752907,2.9360842408209535,Train
QOSXOM_clean,11.03802,8.53557,11.03802,1.03996,1270.59,1221.78,36.3048,34.91,0.5972,0.574255,0.0,1,0.0050142507,2.4241125902,2.7267093110782366,Test
QOTZEG_clean,6.98929,6.77562,6.98929,1.52277,1495.88,982.34,0.0,0.0,0.5546,0.364204,0.0,1,0.0037864179999999,3.0737726809,3.0885943660619737,Test
QOVDAH_clean,9.81819,9.19443,9.81819,1.3396,1377.74,1028.47,0.0,0.0,0.5818,0.434308,0.0,1,0.0009656148,1.3343295125,1.283132422340951,Train
QOVDEL_clean,9.82811,9.16141,9.82811,1.34846,1344.96,997.404,0.0,0.0,0.5734,0.425224,0.0,1,0.0009389772,1.2264189086,1.281360070808085,Train
QOVSOL_clean,6.4221,3.84022,6.40906,1.13898,1211.49,1063.66,0.0,0.0,0.5446,0.478145,0.0,0,0.0065080892,3.3471540602,3.6644025687884074,Test
QOWLEU_clean_h,7.55178,5.63017,7.55178,1.41332,1270.28,898.791,0.0,0.0,0.5304,0.375286,0.0,0,0.0008826715,1.0703191276,1.2550340421071204,Test
QOWQUO_manual,16.36508,5.22924,16.36508,0.720668,2111.4,2929.78,0.0,0.0,0.7092,0.984087,0.0,1,0.0048018089,4.7359143371,4.885805960444705,Train
QOWRAV02_clean,16.40599,5.24588,16.39933,0.71711,2129.23,2969.18,0.0,0.0,0.7138,0.995384,0.0,1,0.0045545055,4.7143937835,4.865204302484871,Test
QOWRAV04_clean,16.39644,5.24663,16.39644,0.717349,2130.73,2970.28,0.0,0.0,0.7132,0.994216,0.0,1,0.0045964587,4.7240533391,4.870059963840738,Train
QOWRAV05_clean,16.38928,5.24682,16.38928,0.717588,2130.87,2969.49,0.0,0.0,0.7132,0.993885,0.0,1,0.0045890984999999,4.715940902200001,4.870059963840738,Test
QOWRAV06_clean,16.3778,5.24265,16.37247,0.717908,2134.21,2972.83,0.0,0.0,0.7136,0.994,0.0,1,0.0046030828999999,4.7292702645,4.8862781921473495,Test
QOWRAV07_clean,16.36646,5.23896,16.35136,0.718227,2134.13,2971.38,0.0,0.0,0.7136,0.993558,0.0,1,0.0047951847,4.7478136082,4.93682345334586,Test
QOWRAV08_clean,16.35712,5.2326,16.35248,0.718547,2136.57,2973.47,0.0,0.0,0.7128,0.992003,0.0,1,0.0046163313,4.7438523367,4.892725267788898,Test
QOWRAV09_clean,16.34087,5.22933,16.33846,0.718946,2138.82,2974.94,0.0,0.0,0.7138,0.992842,0.0,1,0.0047171664,4.763475425,4.938820080255061,Test
QOWRAV10_clean,16.32287,5.22574,16.32052,0.719907,2137.74,2969.47,0.0,0.0,0.7132,0.990684,0.0,1,0.0047223184999999,4.7689609985,4.935628343138313,Test
QOWRAV11_clean,16.31009,5.22559,16.30705,0.720949,2138.54,2966.28,0.0,0.0,0.7124,0.988141,0.0,1,0.0048099052,4.7581495682,4.9070204007240275,Test
QOWRAV12_clean,16.28739,5.21999,16.28739,0.722396,2138.93,2960.89,0.0,0.0,0.713,0.986993,0.0,1,0.00477016,4.7680961724,4.907097607893958,Test
QOXFIU_clean,5.39147,3.92821,5.39147,2.22853,612.028,274.634,150.125,67.3652,0.4354,0.195376,0.0,1,0.0007607479,0.7239499169,0.6460889196745825,Test
QOXNIB_clean,4.25979,3.61253,4.24685,2.02207,509.832,252.133,0.0,0.0,0.4388,0.217005,0.0,1,0.0027706325,1.4715648503,1.5778627500822475,Test
QOYLOG_clean,5.80261,4.54109,5.79964,1.48289,1070.97,722.217,0.0,0.0,0.498,0.335831,0.0,1,0.0074972178,2.6830973399,2.844253120281409,Train
QOZDOY_clean,5.27343,4.6547,5.27343,1.1624,1108.39,953.534,0.0,0.0,0.534,0.459394,0.0,1,0.0173070234,4.1416535205,4.184913027019574,Train
QOZGAP_clean,4.8362,3.81563,4.76917,1.19541,1260.2,1054.2,0.0,0.0,0.5442,0.455241,0.0,1,0.0092580202,4.2090658538,4.108999347487213,Train
QOZPIG_clean,4.54942,3.60193,4.54942,1.23234,1331.25,1080.26,0.0,0.0,0.5634,0.457179,0.0,0,0.0056018306,3.8110044393,3.6954976864560507,Test
QOZPOM_clean,4.94177,4.05577,4.93292,1.11879,802.645,717.419,483.544,432.201,0.5788,0.517342,0.0,0,0.0069958304,4.2737203668,4.229702789785197,Train
QOZWAF_clean,8.11802,4.72444,8.10878,2.64249,1840.83,696.627,0.0,0.0,0.5864,0.221912,0.0,1,0.0004180429,0.5162523012,0.5504758653926789,Train
QUBWIU_clean,10.48256,4.17052,10.46235,1.23045,1614.41,1312.05,0.0,0.0,0.6222,0.505669,0.0,1,0.0017744597,2.0409893056,2.1361663727698503,Train
QUBZAP_clean,7.14967,3.85025,7.14967,1.8852,994.903,527.743,2.6105,1.38473,0.4918,0.260874,0.0,1,0.0011644902,1.1760972954,1.172190686311587,Train
QUDGED_clean,9.12367,7.3846,9.12367,0.60089,2399.82,3993.78,0.0,0.0,0.7754,1.29042,0.0,1,0.0042364791,4.5818969271,4.786869770035114,Train
QUDJIJ_clean,5.71523,4.47901,5.71444,1.04798,1842.24,1757.9,0.0,0.0,0.5918,0.564707,0.0,1,0.0066236385,4.5196513836,4.623755320609099,Test
QUDJOP_clean,6.19638,4.53832,6.17045,1.05792,1773.86,1676.75,0.0,0.0,0.5902,0.557888,0.0,1,0.0078479117,4.5983104693,5.024201824464807,Test
QUFTAM_clean,4.97686,4.54571,4.97686,1.56592,814.078,519.872,0.0,0.0,0.4264,0.2723,0.0,1,0.0042993072,1.8770668135,1.9079851546902313,Train
QUJJUC_clean,6.37183,4.25289,6.36461,1.09976,2598.54,2362.82,0.0821372,0.0746863,0.689,0.626499,0.0,0,0.0034033726,3.8190894708,3.7529789125171296,Train
QULLEP_clean,4.84676,3.51441,4.84676,1.2958,520.065,401.348,0.0,0.0,0.4678,0.361013,0.0,1,0.0033924103,1.3408616041,1.6065094886693667,Train
QULMIU_clean,10.29771,9.60437,10.29648,1.52872,1059.92,693.336,0.0,0.0,0.525,0.343424,0.0,0,0.0017637179,1.9879328101,1.8745683469025893,Train
QUMFUB_clean,6.17873,3.70632,6.16879,1.24989,1414.19,1131.45,0.0,0.0,0.5442,0.435399,0.0,0,0.0042080892,3.2322937723000003,3.1524070793603265,Train
QUNVIG_clean,7.99116,6.98056,7.99116,0.854766,1939.43,2268.96,0.0,0.0,0.6666,0.779862,0.0,0,0.0024139497,3.1177694679,3.0596590722328356,Test
QUNWAZ_clean,6.68191,4.62372,6.68191,0.987311,1445.66,1464.24,0.0,0.0,0.5434,0.550384,0.0,1,0.0067138866,3.7676747687,3.9942295511891928,Train
QUPDEL01_clean,4.31787,3.88877,4.31787,2.05035,791.695,386.128,0.0,0.0,0.4768,0.232546,0.0,1,0.0033803495,2.1282351586000003,2.0260322669300423,Test
QUPDEL_clean,4.30346,3.89395,4.29928,2.06117,790.339,383.442,0.0,0.0,0.481,0.233363,0.0,1,0.0040394061,2.2598788344,2.131679186300689,Train
QUPHUF_clean,5.02709,3.72665,4.99488,1.27657,629.658,493.241,0.0,0.0,0.4654,0.36457,0.0,1,0.0064423143999999,2.1124127412,2.2212073403998813,Test
QUPJAN_clean,5.93426,3.61461,5.81162,1.33898,708.592,529.204,195.452,145.971,0.4828,0.360574,0.0,0,0.0070204158999999,2.4704502148,2.643716270928961,Test
QUQBAH_clean,9.66456,8.22981,9.66456,0.719522,1817.4,2525.84,0.0,0.0,0.7038,0.978149,0.0,0,0.003914503,4.6347873367000005,4.412145168288195,Test
QUQFIS_clean,7.94677,5.42884,7.94677,0.862455,2489.26,2886.25,0.0,0.0,0.7028,0.814884,0.0,1,0.0067644836,5.9297220651,6.157750049235521,Train
QUQFOY_clean,8.20803,5.81249,8.20591,0.948677,2479.72,2613.87,0.0,0.0,0.7154,0.754103,0.0,1,0.0043479563,4.6448286045,4.703778726686714,Test
QUQGAL_clean,5.24917,3.7405,5.24587,0.948381,1199.28,1264.55,0.0,0.0,0.5468,0.576561,0.0,1,0.0056722273,4.0501536502,3.858516662920681,Train
QUQHAM_clean,4.11745,3.56035,4.11745,2.20732,218.405,98.9459,0.0,0.0,0.3616,0.163818,0.0,1,0.00191774,0.9540594127,0.9850204533438602,Test
QUQPOI_SL,6.67917,4.16594,6.67917,0.777338,2276.92,2929.12,0.0,0.0,0.6518,0.838503,0.0,0,0.0082598442,6.9425050651,6.781113202501222,Test
QUQWOQ_clean,10.06165,6.49649,10.06165,0.726621,2197.25,3023.92,0.0,0.0,0.7314,1.00658,0.0,1,0.0043673209999999,4.7263962443,4.7266216631656786,Test
QUQWUW_clean,9.102,7.19033,9.102,0.965103,1741.04,1804.0,0.0,0.0,0.668,0.692154,0.0,1,0.0046180049,4.8965676598000005,4.5804754608827585,Train
QUQYUY_clean,5.26261,4.12424,5.26261,2.16673,1285.57,593.325,0.0,0.0,0.5212,0.240547,0.0,1,0.0024682464,1.6436055915,1.735734377906949,Test
QURSEC_clean,6.73488,4.98598,6.69979,1.11309,1471.92,1322.37,0.0,0.0,0.585,0.525564,0.0,1,0.0044434938,3.0164803911,3.4585091537227943,Train
QUSBIP_clean,10.66909,7.4091,8.27581,0.565023,2406.95,4259.92,0.0,0.0,0.764,1.35216,0.0,1,0.00312845,4.4211894347000005,4.331199539187301,Train
QUSCAJ_clean,5.41421,3.75067,5.4093,1.171,1325.63,1132.04,0.0,0.0,0.5476,0.467633,0.0,1,0.0026802588,2.3025113844,2.344757356523407,Test
QUSCEN_clean,5.44405,4.31312,5.4378,1.17461,1160.52,988.008,0.0,0.0,0.5346,0.455132,0.0,0,0.0129753822,3.8569165386,3.898742133512101,Train
QUSHUJ_clean,7.15336,4.82289,7.11748,0.903996,1600.62,1770.61,0.0,0.0,0.599,0.662614,0.0,1,0.0035713197999999,3.3677913478,3.525637628733052,Test
QUSQIG_clean,4.53831,3.95004,4.53831,1.42878,1037.77,726.335,0.0,0.0,0.4826,0.337771,0.0,0,0.002025951,1.6934754258000002,1.7511045479303524,Train
QUSRIH_clean,4.38791,3.69157,4.27847,1.86379,1077.12,577.916,0.0,0.0,0.549,0.294561,0.0,1,0.0029366811,2.1014782187,2.2558338346980285,Train
QUSRUT_clean,5.91349,3.768,5.90805,2.1648,1012.46,467.691,0.0,0.0,0.5258,0.242886,0.0,1,0.0008004417999999,0.8848993863,0.8325687449760579,Test
QUSSII_clean,5.07067,4.28847,5.07067,1.30387,1013.74,777.485,0.0,0.0,0.5214,0.399886,0.0,1,0.0076259003,3.0889210132,3.2394887243903194,Test
QUTTII01_clean,5.86223,4.35313,5.84737,1.55825,1478.82,949.028,0.0,0.0,0.4966,0.31869,0.0,1,0.0042005444,2.8415634206,2.767842718397988,Test
QUTTII_clean,5.89004,4.39215,5.87319,1.54457,1464.98,948.466,0.0,0.0,0.5138,0.332648,0.0,1,0.0041940989,2.8219405357,2.7990256351552167,Train
QUWYEO_clean,4.99055,3.64708,4.98531,1.56862,445.43,283.963,0.0,0.0,0.3404,0.217006,0.0,0,0.0154486548,1.5842670586,1.590190563503936,Train
QUXQUX_clean,5.17149,3.8322,5.17149,1.55185,476.457,307.026,0.0,0.0,0.3482,0.224378,0.0,0,0.0143505812,1.6590963856,1.5028442802152637,Test
QUXRAE_clean,5.03286,3.68439,5.03149,1.56261,456.108,291.888,0.0,0.0,0.3404,0.21784,0.0,0,0.0148103806,1.5968964171000002,1.582397967667331,Test
QUXREI_clean,5.01673,3.67388,5.01071,1.5629,457.79,292.911,0.0,0.0,0.336,0.214985,0.0,0,0.0148365972,1.5894226602,1.5857119318914863,Test
QUXRIM_clean,4.75182,4.31251,4.74788,1.55891,477.005,305.985,0.0,0.0,0.3332,0.213739,0.0,0,0.0131335245,1.8248984352,1.7557683665209216,Train
QUXROS_clean,5.0019,3.66108,4.98081,1.56447,446.305,285.275,0.0,0.0,0.341,0.217965,0.0,0,0.0151501885,1.5817835369,1.5615659035933944,Train
QUXRUY_clean,4.90652,3.5734,4.90652,1.57471,420.432,266.99,0.0,0.0,0.3326,0.211213,0.0,0,0.0158429126,1.5498557119999998,1.5587542198352988,Train
QUZVEO_clean,9.48553,8.8403,9.48103,1.4036,1600.03,1139.94,0.0,0.0,0.619,0.441008,0.0,1,0.0017049476999999,1.9422172648,2.0114129813236463,Train
QUZZES_clean,5.06119,3.42679,5.05316,1.0324,1234.19,1195.46,0.0,0.0,0.5416,0.524604,0.0,0,0.0087741508,5.039032772900001,4.861510346574892,Train
RABHAZ_clean,6.83344,4.71663,6.83296,1.06807,1813.41,1697.83,0.0,0.0,0.6246,0.584793,0.0,1,0.0015265329999999,1.8389366939,1.8747440825326405,Train
RABHIH_clean,6.97329,4.88825,6.97329,0.93136,2191.25,2352.75,0.0,0.0,0.6512,0.699193,0.0,1,0.0022546834,2.7383354121,2.7448943080798585,Train
RACHUA_clean,10.9643,9.26908,10.9643,0.761133,2031.27,2668.75,0.0,0.0,0.7024,0.922834,0.0,1,0.0025585228,3.2539604273,3.2596010441364762,Train
RACZEC_clean,5.79552,5.04854,5.77825,1.51587,900.967,594.354,0.0,0.0,0.4678,0.308601,0.0,0,0.0025129145,1.5602989601,1.563647766596101,Train
RAFNIV_clean,5.08011,4.95466,5.07716,1.28742,668.968,519.62,0.0,0.0,0.4346,0.337575,0.0,0,0.0034668246999999,1.6890166434,1.6563148290939518,Test
RAFNUH01_clean,5.42763,5.00502,5.42763,1.15566,1031.44,892.51,0.0,0.0,0.5104,0.441654,0.0,0,0.0021203636,1.8142464042,1.752916577495232,Train
RAFNUH_clean,4.89776,4.80325,4.89776,1.32249,640.157,484.055,0.0,0.0,0.4324,0.326959,0.0,0,0.0042100615,1.773648806,1.7503881686650062,Train
RAGMOE_clean,5.90739,4.56726,5.89705,1.28251,410.79,320.302,304.548,237.463,0.4784,0.373019,0.0,0,0.0149510590999999,2.8202863842,2.74201336675295,Test
RAHBUZ_clean,6.80616,5.48586,6.79539,1.14478,1985.3,1734.22,0.0,0.0,0.6386,0.557835,0.0,1,0.0040443251,3.6806948655,3.869649104267014,Test
RAHMAP_clean,5.60258,3.44233,5.60258,1.27525,1106.44,867.624,0.0,0.0,0.5354,0.419839,0.0,1,0.0056730705,3.0517374811,3.0013997050581125,Train
RAHNOF_clean,19.03849,6.57368,19.03849,0.594852,2177.49,3660.55,0.0,0.0,0.7766,1.30553,0.0,1,0.0037013131,4.6532474919,4.656369020063848,Test
RAJFAM_clean,5.76966,4.83521,5.76966,1.51984,1227.59,807.709,0.0,0.0,0.4906,0.322798,0.0,1,0.0045688329,2.606596689,2.5153723873521034,Test
RAJFEQ_clean,6.16839,5.15091,6.14553,1.469,1288.74,877.291,0.0,0.0,0.5068,0.344997,0.0,1,0.0043564805,2.6704274666,2.6778551978253406,Test
RAKCUC_clean,8.57661,7.89234,8.55843,1.19439,2063.73,1727.86,0.0,0.0,0.673,0.563469,0.0,0,0.0025924642,2.8324415436000003,2.7550414007238144,Test
RAKDAJ_clean,8.45824,7.8928,8.45069,1.20511,2057.23,1707.09,0.0,0.0,0.6724,0.557956,0.0,1,0.0025207073,2.787478946,2.741041134870575,Test
RAKDEN_clean,8.39033,7.40998,8.36675,1.20923,2036.82,1684.4,0.0,0.0,0.668,0.55242,0.0,0,0.002454217,2.8117479127,2.698625454855478,Test
RAKMOF_clean,6.63021,4.74893,6.28969,1.14411,2264.35,1979.14,0.0,0.0,0.7132,0.623366,0.0,1,0.0010052146,1.2744390853,1.3830400833468248,Test
RANNOM_clean,5.69914,3.57907,5.69914,1.37889,1612.66,1169.53,0.0,0.0,0.555,0.402497,0.0,1,0.0031934562,2.7739888575,2.7108912318105203,Test
RANNUS_clean,5.60983,3.56003,5.60983,1.35998,1546.68,1137.28,0.0,0.0,0.565,0.415449,0.0,1,0.003188191,2.7684844175,2.6655697663294284,Test
RANPAA_clean,6.05316,4.94809,6.0477,1.2743,1610.55,1263.87,0.0,0.0,0.5832,0.457663,0.0,1,0.0045385759,3.6706328251,3.4055707255937406,Train
RANWAH_clean,16.74527,9.32901,16.72649,0.807635,1226.12,1518.16,378.27,468.367,0.6974,0.863509,0.0,1,0.0055259567,4.646764726000001,3.6626348023450377,Test
RAPBOZ_clean,6.26431,4.41375,6.26263,1.54927,1120.19,723.042,0.0,0.0,0.4916,0.31731,0.0,1,0.0074983487,3.3239638755,2.9761502955973476,Train
RAPYUE_clean,8.10283,5.74584,7.78942,0.857006,2630.83,3069.79,0.0,0.0,0.7212,0.841534,0.0,1,0.0028439425,3.8897473951,3.7707778122385296,Train
RASGAT_clean,7.32111,5.46808,7.222,1.5718,2726.03,1734.34,0.0,0.0,0.7354,0.467871,0.0,1,0.0007704039999999,1.0672072549,1.013618596477039,Train
RASKIH_clean,5.34593,4.56791,5.34593,1.18507,1106.86,934.001,0.0,0.0,0.485,0.409257,0.0,1,0.0128230881,3.8011152248,3.7843676194540747,Test
RASKON_clean,4.83097,3.827,4.78914,1.13652,871.617,766.914,0.0,0.0,0.4996,0.439586,0.0,1,0.0075898295999999,3.7157927222,3.3688374427651198,Train
RASXEP01_clean,5.09989,3.45083,5.0749,2.38949,628.019,262.825,0.0,0.0,0.4048,0.169408,0.0,1,0.0017674989999999,0.8968995464,0.9671280404281859,Test
RASXIT_clean,5.08501,3.51139,5.08501,2.43093,644.893,265.287,0.0,0.0,0.4018,0.165287,0.0,1,0.0018133045,0.911731047,0.9432252091013873,Test
RATRUB_clean,5.58846,4.62948,5.58392,1.75407,1139.55,649.659,0.0,0.0,0.5118,0.291778,0.0,1,0.0054040278,2.3271074162,2.4592673484033933,Train
RATSAI_clean,5.60614,4.62847,5.47098,1.77494,1148.07,646.824,0.0,0.0,0.5046,0.284292,0.0,1,0.0053789856,2.3336767504,2.4371458432492026,Test
RAVJOP_clean,6.06205,4.36461,6.04226,1.22934,1821.97,1482.08,0.0,0.0,0.617,0.501897,0.0,1,0.0040778361,3.3696786329000004,3.513772905553404,Test
RAVVIU01_clean,4.59869,3.5679,4.59657,1.86048,691.944,371.917,0.0,0.0,0.4344,0.233488,0.0,0,0.0019827751,1.3900884863999998,1.4374217626977341,Train
RAVVIU_clean,4.57827,3.5768,4.571,1.86654,688.219,368.714,0.0,0.0,0.4312,0.231016,0.0,0,0.0019874368,1.3824417496,1.4311319584296016,Test
RAVVUH_clean,17.18258,16.37707,17.18252,0.61117,1430.17,2340.05,0.0,0.0,0.7478,1.22355,0.0,1,0.0039470378,4.7026393752,4.2533617678517,Test
RAVWAO_clean,17.92516,17.51395,17.92516,0.536552,1469.43,2738.65,0.0,0.0,0.7562,1.40937,0.0,1,0.0039720642,4.276196995199999,4.5319307680398,Test
RAVWES_clean,24.44059,23.62721,24.44059,0.439059,1246.56,2839.17,0.0,0.0,0.7912,1.80203,0.0,1,0.0042275078,4.8232259276,4.784873050909832,Train
RAVWIW_clean,30.70055,30.14408,30.70055,0.362219,1156.23,3192.07,0.0,0.0,0.82,2.26383,0.0,1,0.0033742429,4.2278365716,4.27353697764215,Train
RAVWOC_clean,28.21772,27.5597,28.21772,0.383766,1182.94,3082.47,0.0,0.0,0.7968,2.07627,0.0,1,0.0031610029,3.5959432812,3.9334187328057304,Test
RAVWUI_clean,36.78756,36.43313,36.78756,0.334728,1010.86,3019.95,0.0,0.0,0.8506,2.54117,0.0,1,0.0033471562,4.1735287159,4.4579867518851595,Test
RAVXAP_clean,34.85961,34.35542,34.85961,0.286106,1008.2,3523.86,0.0,0.0,0.8406,2.93808,0.0,1,0.0035108571,4.6160456596,4.526572962038474,Test
RAVXET_clean,38.22812,38.06649,38.22812,0.326773,945.437,2893.25,0.0,0.0,0.8304,2.54121,0.0,1,0.002711587,3.4005765995,3.491358754778632,Train
RAVXIX_clean,53.57674,53.26429,53.57674,0.23463,734.576,3130.78,0.0,0.0,0.8668,3.69432,0.0,0,0.0036329977,4.6757962569,4.685497213380204,Train
RAVXOD_clean,71.64119,71.50197,71.64119,0.179103,619.991,3461.66,0.0,0.0,0.8986,5.01724,0.0,1,0.0036631966,5.2362426794,5.169942561468755,Train
RAWZIA_clean,5.39589,4.8012,5.39589,1.33412,1219.23,913.881,0.0,0.0,0.473,0.35454,0.0,0,0.0108325016999999,4.1836457822,3.5390935582899594,Test
RAXQEO_clean,8.85312,4.24768,8.85312,0.848051,1428.37,1684.3,0.0,0.0,0.631,0.744059,0.0,1,0.0025850767,2.8335477916000005,2.97965674610982,Test
RAYFAA_clean,15.81778,9.45289,13.62877,0.959285,1554.88,1620.88,0.0,0.0,0.6988,0.728459,0.0,1,0.0019354178,2.4465396206,2.4360006031067063,Train
RAYFEE_clean,13.87561,10.03609,13.87561,0.965847,1665.9,1724.8,0.0,0.0,0.7062,0.731172,0.0,1,0.0027052681,2.8268596176,2.978056915361689,Train
RAYKIN_clean,9.49471,7.12348,9.49471,1.03474,1089.85,1053.26,0.0,0.0,0.5584,0.539655,0.0,1,0.0029699886,2.741651695,2.6372127736277506,Train
RAYLAG_clean,8.06325,5.70271,8.06325,1.05948,1118.14,1055.37,0.0,0.0,0.5424,0.511951,0.0,1,0.0033322125,2.6519324824,2.573162751386846,Test
RAYLOU_clean,6.83933,5.19617,6.83933,1.09861,1246.82,1134.91,0.0,0.0,0.5274,0.480063,0.0,1,0.0034833934,2.6620849415,2.906843075452519,Test
RAYMAG_clean,6.11234,4.00379,6.11037,0.853384,2274.69,2665.5,0.0,0.0,0.6316,0.740112,0.0,1,0.0057510831,5.266435331399999,5.352524723651863,Train
RAYMIP_clean,13.47425,9.8037,13.46784,0.502799,2109.81,4196.14,0.0,0.0,0.8088,1.6086,0.0,1,0.003755137,5.1635666809,4.806340267363548,Test
RAYMOV_clean,13.90455,9.65699,13.67506,0.424006,2112.55,4982.37,0.0,0.0,0.8122,1.91554,0.0,1,0.0034323491,4.9834484402,4.822639676702439,Train
RAZGOQ_clean,5.22922,5.1443,5.20974,1.6171,770.443,476.435,163.357,101.019,0.5102,0.315503,0.0,1,0.0018006035999999,1.6518440908,1.3769803454570626,Test
RAZXIA02_clean,7.82014,4.3293,7.82014,1.54095,1272.68,825.908,0.0,0.0,0.459,0.297868,0.0,1,0.0012432589,1.3922412031,1.3644024512916597,Test
RAZXIA_clean,7.67887,4.23308,7.64737,1.56136,1212.02,776.259,0.0,0.0,0.456,0.292053,0.0,1,0.0011764044,1.3573830381999998,1.3376591778294653,Test
RAZYIC_clean,7.88308,6.20532,7.88308,1.40501,1615.19,1149.59,0.0,0.0,0.5966,0.424622,0.0,0,0.0035986417,3.2551286963,3.194250947625417,Train
RAZYOI_clean,7.72531,5.99694,7.71841,1.07668,1740.27,1616.34,0.0,0.0,0.608,0.564701,0.0,0,0.0046372428,4.3148557955,4.1277630628377056,Test
REDROI_clean,5.11492,3.52421,4.97096,1.62315,751.494,462.985,0.0,0.0,0.4856,0.299172,0.0,0,0.008847288,2.2488465154,2.703874695984685,Test
REDYEG_clean,6.00247,5.30071,6.00247,1.71779,1047.72,609.926,0.0,0.0,0.4804,0.279662,0.0,0,0.002998725,1.6337174934999998,1.8004457349403817,Train
REFJET_clean,6.27741,5.87074,6.27741,1.48318,1233.99,831.987,0.0,0.0,0.4452,0.300165,0.000134845,1,0.0041019403999999,2.6169183823,2.6027340283486753,Train
REFTON_SL,6.52014,5.78584,6.51985,1.60919,731.041,454.292,0.0,0.0,0.4398,0.273306,0.0,1,0.0014094865,1.155016411,1.1933421694254664,Train
REFTUT_clean,6.62287,5.81813,6.60232,1.44048,711.488,493.924,0.0,0.0,0.4434,0.307814,0.0,1,0.0014264782999999,1.2152474833,1.241220296858826,Test
REGJIW01_clean,4.19061,3.96956,4.19061,2.19605,565.019,257.289,0.0,0.0,0.3638,0.165661,0.0,0,0.0072922228,2.1985303194,2.0353321485718623,Train
REGJIW02_clean,4.15601,3.75321,4.15601,2.20306,528.853,240.053,0.0,0.0,0.3622,0.164407,0.0,0,0.0061101856999999,2.0898906909,1.7952040216845946,Test
REGJIW_clean,4.22072,4.03217,4.22072,2.18549,633.476,289.856,0.0,0.0,0.367,0.167926,0.0,0,0.0076682710999999,2.2259602867,2.040108779109006,Test
REGMOH_clean,5.75637,3.63199,5.752,1.21306,695.864,573.642,0.0,0.0,0.461,0.380029,0.0,0,0.0034898144,1.822752337,1.8180620511228116,Test
REGMUN_clean,5.53731,3.62481,5.51122,1.21407,657.252,541.362,0.0,0.0,0.452,0.372301,0.0,0,0.0033765042,1.7792606155,1.7388813132468572,Train
REGQUR_clean,6.37556,5.47534,6.06532,1.03259,2464.11,2386.34,0.0,0.0,0.6836,0.662025,0.0,1,0.0047615171,4.4950272335,4.594674023484746,Train
REGRAY_clean,9.45537,5.54963,9.26082,0.925798,2318.33,2504.14,0.0,0.0,0.7126,0.769715,0.0,1,0.0038279665,4.3275895826,4.0972173371900995,Train
REGREC_clean,7.78665,6.48187,7.78665,0.899667,2411.03,2679.92,0.0,0.0,0.7204,0.800741,0.0,1,0.0037414868,4.4077319409,4.3412665419690555,Test
REGRIG_clean,9.2158,6.6287,9.19553,0.813635,2298.6,2825.1,0.0,0.0,0.7402,0.909744,0.0,1,0.0034041956,4.0060556343,4.195952579193145,Test
REHHOD_clean,9.5023,7.30426,9.5023,0.978772,2065.68,2110.48,0.0,0.0,0.6764,0.69107,0.0,1,0.0033973944,3.4422782421,3.5595504813483303,Train
REHVAD_clean,5.39014,4.09776,5.39014,1.21945,848.775,696.033,0.0,0.0,0.4626,0.379352,0.0,0,0.0071912905,2.5597441725,2.6546407116360706,Test
REHVEH_clean,5.09966,4.72276,5.09966,1.21463,819.918,675.033,0.0,0.0,0.4664,0.383984,0.0,0,0.0068452292,2.4607233296,2.615231594446897,Test
REJLAU_clean,4.47497,3.84758,4.42236,1.74913,1220.58,697.821,0.0,0.0,0.5078,0.290316,0.0,1,0.0004385717,0.5274309862,0.5656233191610318,Train
REJLEY_clean,5.1864,4.84916,5.1864,1.17199,1483.96,1266.19,0.0,0.0,0.5272,0.449833,0.0,0,0.0075456086,3.7220052514,3.8938075865971813,Test
REJLIC_clean,7.01256,4.27999,7.01256,1.09096,1719.24,1575.89,0.0,0.0,0.5716,0.523941,0.0,0,0.0072029048,4.0987574024,4.351557224981574,Train
REJVOS_clean,4.89378,3.67275,4.89056,1.38833,813.018,585.609,0.0,0.0,0.4646,0.334647,0.0,0,0.0035732440999999,2.0598992869,1.9821401725950676,Train
RESQAJ_clean,5.3045,3.72656,5.30006,1.51504,527.124,347.927,0.0,0.0,0.4244,0.280124,0.0,1,0.003568112,1.4470481595,1.5144594726688976,Test
RESSAK_clean,5.33635,3.74229,5.33635,1.17983,1069.98,906.899,0.0,0.0,0.5116,0.433623,0.0,1,0.0032799597999999,2.8730473679000004,2.413658574796134,Test
RETBEZ_clean,5.70035,3.74465,5.68395,1.36188,872.92,640.965,0.0,0.0,0.4694,0.344669,0.0,1,0.0047778828,2.3089743321,2.1944192483906972,Test
REVYUO_clean,4.59119,3.58129,4.35696,1.13884,1005.06,882.529,15.2393,13.3814,0.5666,0.497524,0.0,0,0.0051193079,3.1938707214,3.636295590658651,Test
REWLEM_clean_h,12.46985,5.92009,12.2403,0.703058,2170.85,3087.73,0.0,0.0,0.7184,1.02182,0.0,1,0.0049408266,4.9030423954,4.839042357341089,Test
REWNEO01_clean,18.51106,6.94262,11.7916,0.597667,2260.57,3782.32,0.0,0.0,0.7806,1.30608,0.0,1,0.0035753619,4.7751638008,4.558231604951208,Test
REWNEO_clean,19.37323,6.76945,10.17378,0.57834,2196.18,3797.39,0.0,0.0,0.79,1.36598,0.0,1,0.0038825684999999,4.7046402776,4.712636408939881,Test
REWSUJ_clean,7.20015,5.05884,7.19749,1.17107,1370.13,1169.98,0.0,0.0,0.5526,0.471877,0.0,1,0.0029384129,2.652315851,2.6629309071126652,Test
REXCII_clean,8.08493,5.70512,8.08493,1.37969,1708.34,1238.2,0.0,0.0,0.6152,0.445897,0.0,0,0.0017833889,1.9228487013,1.9874322668444273,Train
REXCOO_clean,8.77219,5.8473,8.77219,1.32352,1734.33,1310.39,0.0,0.0,0.6516,0.492323,0.0,0,0.0015878678,1.9062847119,1.8951084532611788,Test
REXCUU_clean,8.63785,5.56771,8.63785,1.36162,1719.14,1262.57,0.0,0.0,0.6254,0.459305,0.0,0,0.0017340149,1.9780843825,2.0273960708978684,Train
REXDEF_clean,8.48446,5.31586,8.48446,1.36884,1680.23,1227.48,0.0,0.0,0.6354,0.464188,0.0,0,0.0017379648,1.9374713051,1.9339796819657116,Test
REXDIJ_clean,8.90631,7.09895,8.90631,1.2857,1723.1,1340.2,0.0,0.0,0.6524,0.507429,0.0,0,0.0016352669,1.946907664,1.999797315069698,Test
REXDOP_clean,10.39698,6.23971,7.4603,1.26275,1736.17,1374.91,0.0,0.0,0.6598,0.522512,0.0,0,0.001631317,1.9914943609,1.9660776204140187,Train
REXDUV_clean,8.6384,5.67843,8.6331,1.35953,1719.61,1264.86,0.0,0.0,0.6318,0.464721,0.0,0,0.001676741,1.9840902358,1.886499493424099,Test
REXFAD_clean,8.37909,6.69323,8.37909,1.32806,1739.82,1310.04,0.0,0.0,0.6402,0.482057,0.0,1,0.0016510666,1.9104380527,1.9806850658512167,Train
REXFEH_clean,9.20954,5.96123,9.20203,1.33437,1715.88,1285.91,0.0,0.0,0.627,0.469885,0.0,0,0.0016135423,1.9107086222,1.93688628110117,Test
REXFIL_clean,8.77344,5.77864,8.77344,1.35848,1719.23,1265.56,0.0,0.0,0.6372,0.469054,0.0,1,0.0017221651,1.955447391,2.0113923439306367,Train
REXFOR_clean,8.55578,6.22037,8.55578,1.35087,1711.36,1266.85,0.0,0.0,0.6414,0.474804,0.0,0,0.0016471166,1.932838049,1.9345159392779852,Train
REYBAA_clean,4.19945,3.50951,4.19839,1.29344,533.841,412.731,0.0,0.0,0.4586,0.35456,0.0,0,0.0023252849,1.5194201034,1.6890943675661938,Test
REYJEM_clean,10.02209,6.26863,9.82831,0.811705,2149.78,2648.47,0.0,0.0,0.7198,0.886775,0.0,0,0.0084140199,5.7075183793,5.882638670552504,Train
REYMOZ_clean,13.17296,6.59717,13.17189,0.883255,2124.84,2405.69,0.0,0.0,0.7188,0.813808,0.0,1,0.0048073197999999,4.0825259113,3.9831774355754717,Test
REYPES_clean,6.75417,5.73604,6.69554,1.53002,424.431,277.402,27.8439,18.1983,0.422,0.275813,0.0,1,0.0013805695999999,1.1045107632,1.1015169357720391,Test
REYPIW_clean,5.40721,5.27542,5.40721,1.18423,1439.71,1215.73,0.0,0.0,0.5374,0.453797,0.0,0,0.0083313313,3.855384928,4.0456269405985745,Train
REZVAU_clean,5.17319,4.55903,5.17319,1.10092,1367.69,1242.32,0.0,0.0,0.552,0.5014,0.0,1,0.0048434422999999,3.1513701336,3.2865993118299324,Train
REZXEA_clean,10.58306,9.90235,10.58306,0.641816,2266.19,3530.9,0.0,0.0,0.7602,1.18445,0.0,1,0.0022007549,3.1879419495,3.1233920432881552,Train
REZXIE01_clean,8.61957,8.10066,8.61957,0.817919,2366.84,2893.73,0.0,0.0,0.7116,0.870012,0.0,1,0.0022219092,2.8058632891000004,2.9303481860412335,Train
REZXIE_clean,8.61965,8.10074,8.61965,0.817908,2366.92,2893.87,0.0,0.0,0.7116,0.870025,0.0,1,0.0020615469,2.782247263,2.8172737116397126,Train
REZXOK_clean,14.21059,13.62195,14.20905,0.470058,1999.64,4254.04,0.0,0.0,0.8176,1.73936,0.0,1,0.0024909824,3.6042271252,3.3864541318857966,Test
REZXUQ_clean,15.26291,13.95995,15.26291,0.361934,1754.08,4846.42,0.0,0.0,0.8582,2.37115,0.0,1,0.0027132246999999,3.7735090302,3.9910082492305805,Test
RIBDAJ_clean,5.97505,5.0342,5.95251,0.92739,2392.13,2579.42,0.0,0.0,0.666,0.718144,0.0,0,0.004195767,4.5985841506,4.455893222696504,Train
RIBDEN_clean,6.08901,5.09508,6.08573,0.93229,2330.9,2500.19,0.0,0.0,0.6512,0.698495,0.0,0,0.0040954071,4.5666712094,4.3870762968460255,Test
RIBTAZ_clean,7.94342,5.01622,7.94342,0.877067,2617.13,2983.95,0.0,0.0,0.7178,0.818409,0.0,1,0.0039263401,4.7329436402,4.684060843811366,Train
RICBEM_clean,11.37522,8.59238,11.37522,0.399184,2277.32,5704.93,0.0,0.0,0.821,2.0567,0.0,1,0.0032948559,4.8340243174,4.673897299540362,Train
RICHIV_clean,4.32733,3.40584,4.32733,1.68108,513.916,305.705,0.0,0.0,0.4398,0.261617,0.0,0,0.0008897491,0.7661550037,0.8261379650494551,Train
RIFDUG01_clean,13.00544,6.82625,13.00544,0.86753,2060.89,2375.58,0.0,0.0,0.7198,0.829712,0.0,1,0.0056130834,4.329274191600001,4.217232075910821,Train
RIFGAQ_clean,13.18615,6.52783,13.17424,0.879718,2150.81,2444.89,0.0,0.0,0.7148,0.812533,0.0,1,0.0049054811,4.1150599193,4.081257770426647,Test
RIFMIE_clean,5.81313,3.54807,5.80072,1.27517,844.386,662.176,100.563,78.8628,0.5018,0.393516,0.0,1,0.0031389413,2.0703868423,2.101313914460237,Train
RIFQUT_clean,5.6172,4.23676,5.6163,1.93171,1255.63,650.01,0.0,0.0,0.475,0.245896,0.0,1,0.0015429511,1.4061388415,1.3374485788748753,Test
RIFSOQ_clean,12.93918,4.8446,12.92898,0.716983,1922.33,2681.14,0.0,0.0,0.6812,0.950093,0.0,0,0.005613916,4.9005084174,4.889166589199852,Train
RIGPEE01_clean,4.32886,3.44721,4.31075,1.25081,566.106,452.592,0.0,0.0,0.462,0.369361,0.0,1,0.0021814061,2.0723859561,1.5506671887605001,Test
RIGPEE_clean,4.3699,3.50423,4.34774,1.23163,597.681,485.277,0.0,0.0,0.468,0.379984,0.0,1,0.0021136144,2.0436367137,1.7059287325706383,Test
RIGTIL_clean,6.02864,4.29629,6.02864,1.13222,1723.76,1522.46,0.0,0.0,0.6098,0.538588,0.0,0,0.0063738119999999,4.4511459024,4.358322890012033,Test
RIGVOU_clean,4.93156,4.16902,4.92505,2.31703,753.709,325.291,0.0,0.0,0.3776,0.162967,0.0,0,0.0031551718,1.2407601936,1.3198685536652108,Test
RIGWIP_clean,5.39694,5.17369,5.38654,2.25257,825.556,366.496,0.0,0.0,0.3946,0.175178,0.0,0,0.0027900525,1.2056979018,1.203290233984289,Train
RINSEM_clean,5.77452,4.19628,5.77452,1.18323,2019.49,1706.76,0.0,0.0,0.6626,0.559992,0.0,0,0.0033278821,3.3364028435,3.295920525766051,Test
RIPKIM01_clean,7.23442,6.64943,7.23442,1.25736,958.585,762.382,0.0,0.0,0.4932,0.392252,0.0,0,0.0012588353,1.3594822009,1.4838479945492467,Test
RIPKIM_clean,7.16555,6.65101,7.16555,1.28891,929.295,720.995,0.0,0.0,0.4824,0.374271,0.0,0,0.0013104542,1.4166626306,1.4722473332164745,Train
RIPNIP_clean,5.40468,4.16071,5.24069,1.54847,1362.91,880.165,0.0,0.0,0.5192,0.335298,0.0,1,0.002856224,2.1513724042,2.2359138556714693,Test
RIPTEQ_clean,5.96,4.10144,5.96,2.02284,1713.13,846.891,0.0,0.0,0.5442,0.269027,0.0,1,0.0010967027,1.2957975135,1.2417200231561498,Test
RIRDED_clean,8.69638,4.93276,7.75095,1.22642,1303.46,1062.82,0.0,0.0,0.5456,0.444872,0.0,1,0.0039220953,2.865072011,2.889318805874826,Train
RITGIM_clean,5.22026,3.78444,5.12438,2.19337,1554.84,708.882,0.0,0.0,0.5434,0.247747,0.0,1,0.0010467478,1.2251011234,1.1529646615662648,Test
RIVDEF_clean,4.74355,4.40879,4.74355,1.30487,1087.67,833.549,0.0,0.0,0.5116,0.392069,0.0,0,0.0014296879,1.3997714513,1.3929283393623821,Train
RIWMUH_clean,10.50032,10.04767,10.50032,0.982459,1440.31,1466.03,0.0,0.0,0.6132,0.624148,0.0,1,0.0034126716999999,3.463270817,3.3471248050884346,Test
RIWSUM_clean,5.96762,4.61739,5.59799,1.1098,1315.0,1184.9,1.14823,1.03463,0.578,0.520815,0.0,1,0.0020828370999999,2.1303919986,2.087743529430869,Train
RIXBEG_clean,6.00946,4.04752,5.99904,1.21211,664.521,548.234,0.0,0.0,0.4704,0.388083,0.0,1,0.0038974241999999,1.8371546684,1.9282419234989563,Train
RIXBIK_clean,6.35159,4.65776,6.34133,1.14836,1013.62,882.673,0.0,0.0,0.5162,0.449512,0.0,1,0.0051744988,2.7926301579,2.8182710843331167,Train
RIXPIZ_clean,9.94535,8.42715,9.94535,0.56995,2088.86,3665.0,0.0,0.0,0.7428,1.30327,0.0,0,0.0052746827,5.4998001617,5.481567188999037,Train
RIYBAE_clean,8.18384,7.49831,8.16337,1.22176,2051.61,1679.23,0.0,0.0,0.667,0.545934,0.0,0,0.0024989827,2.8019349948000003,2.7086432055323617,Test
RIYBEI_clean,8.30815,7.80553,8.30815,1.20426,2064.05,1713.96,0.0,0.0,0.6688,0.555362,0.0,0,0.0026701459,2.8084056221,2.815803285462188,Test
RIYBIM_clean,8.35741,7.50788,8.28491,1.24126,2090.26,1683.99,0.0,0.0,0.6636,0.534619,0.0,0,0.0028116847,2.9913915906,3.0323770150854883,Train
RIYBOS_clean,8.27117,7.50835,8.18647,1.23809,2073.81,1675.0,0.0,0.0,0.6628,0.535339,0.0,1,0.0027267614,2.9245451196,2.9331534169031523,Test
RIYWED_clean,4.63321,3.54746,4.62492,1.48698,355.273,238.923,0.0,0.0,0.3958,0.266178,0.0,1,0.0022315468,1.4383723426,1.2827140673131214,Train
RIYWIH_clean,4.61736,3.75355,4.61736,1.46943,261.851,178.199,75.8401,51.612,0.4096,0.278748,0.0,1,0.0022630429,1.5365457608000002,1.2996105695463445,Test
RIYXIG_clean,5.32542,4.68558,5.29552,1.52248,1574.19,1033.97,0.0,0.0,0.575,0.377674,0.0,1,0.0018930065,1.892591238,1.8269707744663335,Train
ROBWAH_clean,5.06604,4.01581,5.06032,1.4577,413.629,283.754,105.001,72.0315,0.443,0.303902,0.0,1,0.0033613659999999,1.9825552901,1.8583510084888049,Train
ROCZAM_clean,5.6803,4.28854,5.40999,1.1313,2335.01,2064.0,0.0,0.0,0.6432,0.568548,0.0,1,0.0032825892,3.3181327467000004,3.448256726234241,Test
ROCZEQ_clean,5.8918,4.42295,5.82087,1.11408,2330.31,2091.69,0.0,0.0,0.6462,0.580029,0.0,1,0.0031573928,3.332925773,3.2966108057237284,Train
ROCZIU_clean,6.78863,5.28492,6.57422,1.08447,2132.05,1965.99,0.0,0.0,0.649,0.598451,0.0,1,0.0031421249,3.2131135582,3.3861643349499317,Test
ROCZOA_clean,6.50104,5.23642,6.50104,0.958325,2491.0,2599.32,0.0,0.0,0.685,0.714789,0.0,1,0.0027983705,3.4341143474,3.323244155200645,Train
ROCZUG_clean,6.74711,5.16908,6.7416,0.926118,2487.32,2685.75,0.0,0.0,0.688,0.742886,0.0,1,0.0027403732,3.2815772611000003,3.2639941944700595,Train
RODBAP_clean,7.01898,5.1049,7.00748,0.913193,2450.75,2683.71,0.0,0.0,0.7006,0.767198,0.0,1,0.0024628146,3.2553645452,3.046481922175788,Test
ROGLOP_clean,5.33017,3.84032,5.33017,1.2463,995.82,799.02,0.0,0.0,0.527,0.422851,0.0,1,0.0030725533,2.1810702998,2.2224879732101472,Test
ROGSAI_clean,7.26111,4.49108,7.2508,1.17019,1831.91,1565.48,0.0,0.0,0.6072,0.51889,0.0,1,0.0027066562,2.8059841281,2.7496590498976436,Test
ROLZEZ_clean,6.54271,5.20454,6.54271,1.10411,1262.09,1143.08,86.4297,78.2797,0.5632,0.510092,0.0,0,0.0051707671,3.339335663,3.436164113517993,Test
ROMQAN_clean,4.67601,3.58614,4.53668,1.50157,646.168,430.33,0.0,0.0,0.452,0.301019,0.0,1,0.0024674110999999,1.478933532,1.5985781063022664,Test
RONCIG_clean,9.09448,7.62606,9.09448,1.45289,1203.19,828.136,0.0,0.0,0.5812,0.400029,0.0,1,0.0006331563,0.8610190038,0.8243845281380882,Train
RONSIY_clean,5.08447,4.36113,5.07274,1.22435,722.372,590.005,0.0,0.0,0.469,0.38306,0.0,1,0.0086210624,2.2557206026,2.754496521460684,Test
RONSOC_clean,9.61015,5.51941,9.61015,1.44392,1795.25,1243.32,0.0,0.0,0.604,0.418306,0.0,0,0.0019200535,2.244666117,2.2090328835679554,Train
RONWIA_clean,5.83208,4.50922,5.82484,1.11758,1988.36,1779.17,0.0,0.0,0.6574,0.588235,0.0,1,0.0011255721,1.4316186169,1.5010611644208915,Test
RONZID_clean,6.44623,4.93162,6.4436,1.11083,2786.39,2508.38,0.0,0.0,0.7422,0.668147,0.0,1,0.0011465233,1.5081326522,1.566401933055022,Test
ROQVIE_clean,8.20229,7.33404,8.17219,0.896085,1741.45,1943.4,0.0,0.0,0.6732,0.751268,0.0,0,0.0037304435999999,4.2822119480000005,4.080013228822499,Test
RORLIV_clean,5.0614,3.45442,5.0614,1.30915,1167.77,892.008,0.0,0.0,0.6106,0.466408,0.0,0,0.0016660480999999,1.6342829366999998,1.636992578380008,Train
RORRIB_clean,5.56844,4.5608,5.56844,2.09957,1607.82,765.783,0.0,0.0,0.5896,0.280819,0.0,1,0.0016898076999999,1.5208433592,1.5038041892908007,Train
RORTAV_clean,9.60382,5.42977,9.56238,0.669195,1791.93,2677.74,407.039,608.252,0.711,1.06247,0.0,0,0.0036544014,4.6516412654,4.674512323777109,Train
RORVAX_clean,6.42929,6.08998,6.42929,0.7293,3122.65,4281.71,0.0,0.0,0.7,0.959824,0.0,1,0.0070808939,7.240725212,7.444230650406757,Test
ROTQIC_clean,4.94875,3.6681,4.74718,1.32167,723.976,547.773,0.0,0.0,0.481,0.363934,0.0,1,0.0025284929999999,1.8034355853,1.6924379922875183,Test
ROTTOL_clean,6.50353,4.02235,6.48646,1.01612,1524.25,1500.07,0.0,0.0,0.5582,0.549344,0.0,0,0.006041925,4.3389826345,4.1401847345637375,Test
ROYJUM_clean,8.75922,3.76722,8.42147,1.05929,1657.4,1564.64,0.0,0.0,0.5928,0.559622,0.0,0,0.0076735676,5.5659625117,5.582830996165836,Test
ROYREE_clean,6.65259,5.04516,6.56274,1.17392,1308.03,1114.24,0.0,0.0,0.5524,0.47056,0.0,1,0.0093062157,3.1706805874,3.340221605295597,Train
ROYRII_clean,6.60108,5.14039,6.60108,1.17875,1322.43,1121.89,0.0,0.0,0.5472,0.464219,0.0,1,0.0091683968,3.1786258532,3.329856873108969,Train
ROYROO_clean,6.57261,5.08535,6.54322,1.19171,1317.71,1105.73,1.69583,1.42302,0.5486,0.460348,0.0,1,0.0098329791,3.2980758616,3.3902682782976066,Train
RUBDUP_clean,21.09518,19.24681,20.98484,0.298857,1270.61,4251.56,0.0,0.0,0.868,2.9044,0.0,1,0.0030803656,4.3815784999,4.5468233304426215,Test
RUBGUS_clean,4.4617,3.54667,4.45263,1.35931,320.757,235.971,161.359,118.706,0.4638,0.341202,0.0,1,0.0065786265,2.7127311529,2.626108927999887,Train
RUBTAK01_SL,8.70379,4.00842,8.70379,1.20121,1712.27,1425.46,0.0,0.0,0.5914,0.492338,0.000832496,0,0.0038994309,3.0144820654,3.2117419389361133,Test
RUBTAK02_SL,8.49537,3.88559,8.49537,1.23841,1654.63,1336.08,0.0,0.0,0.5866,0.47367,0.000322994,0,0.003846014,2.7747739015,2.8591925674163625,Train
RUBTAK03_auto,8.46299,3.95011,8.46299,1.23778,1637.26,1322.74,0.0,0.0,0.6028,0.487,0.000161579,0,0.0009211279,1.1916427414,1.1879413680560411,Test
RUCGOM_clean,4.40498,3.818,4.39366,2.16054,906.666,419.648,0.0,0.0,0.5218,0.241514,0.0,1,0.0014060010999999,1.2164600427,1.2273518518705817,Test
RUFDUT_clean,4.69173,3.85639,4.65615,1.66558,994.805,597.274,0.0,0.0,0.4696,0.281944,0.0,1,0.0052349931,2.6432299666,2.4707608766511067,Test
RUFRIV_clean,7.49731,4.21343,7.49731,1.44845,1008.29,696.116,0.0,0.0,0.4786,0.330421,0.0,1,0.0026113343,1.9871605777,1.897969773705021,Train
RUFTET_clean,5.41592,3.76809,5.41592,1.32563,1019.52,769.082,0.0,0.0,0.4806,0.362546,0.0,0,0.0025750981,2.2251052306,1.8296680897840103,Test
RUFZID_clean,10.67067,8.77989,10.67019,0.799166,1949.96,2439.99,0.0,0.0,0.71,0.888426,0.0,1,0.0027189981,3.1869025314,3.3232538641629867,Test
RUGKOV_clean,6.88401,5.43231,6.88401,0.929347,2753.28,2962.6,0.0,0.0,0.6968,0.749773,0.0,1,0.004260956,4.5025791825,4.834516658819124,Test
RUGXOI01_clean,6.51947,4.18889,6.51947,1.08279,1782.29,1646.02,0.0,0.0,0.638,0.589221,0.0,0,0.0054856222,4.6415648523,4.442517583230674,Train
RUGXOI_clean,5.21341,3.72816,5.20196,1.19066,1517.77,1274.73,0.0,0.0,0.586,0.492165,0.0,0,0.0078109409,4.6453222834,4.44000246278248,Train
RUGYOJ_clean,5.31747,4.41438,5.22074,1.35237,1132.24,837.223,13.731,10.1533,0.5218,0.385841,0.0,1,0.0039970073,2.8038171508,2.7165306392285955,Train
RUGZAW_clean,9.17489,7.98957,9.06653,0.92991,1617.71,1739.64,0.0,0.0,0.6164,0.66286,0.0,1,0.0046962183,3.9356689971,4.292188664169053,Test
RUHCED_SL,6.00951,5.54585,6.00744,1.22913,1471.94,1197.55,0.0,0.0,0.5726,0.465859,0.0,0,0.0069979944,3.9017780254,4.089308924207399,Test
RUHFEH_clean,9.84183,8.46338,9.78525,0.895692,2177.87,2431.49,0.0,0.0,0.7858,0.87731,0.0,1,0.0012489156,1.854706452,1.819258739615436,Test
RUHFIL_clean,10.02499,8.76011,10.02499,0.882826,2167.55,2455.24,0.0,0.0,0.7844,0.88851,0.0,1,0.0012382372,1.8321202154,1.8378383253514048,Test
RUHFOR_clean,10.01133,8.72369,10.0082,0.889531,2175.51,2445.69,0.0,0.0,0.787,0.884736,0.0,1,0.0012755423,1.8205939964,1.8491773290228668,Train
RUHFUX_clean,9.94292,8.65457,9.91903,0.903529,2165.07,2396.24,0.0,0.0,0.7826,0.86616,0.0,1,0.0013146235999999,1.8320124598,1.8582976266681912,Train
RULBOQ_clean,7.47442,6.27169,7.47442,1.39226,1576.48,1132.32,0.0,0.0,0.6106,0.438569,0.0,1,0.0012900591,1.4986865173,1.579879728290763,Train
RULQIY_clean,8.44935,6.89767,8.44935,1.57222,1115.58,709.56,0.0,0.0,0.577,0.366998,0.0,1,0.0006130487,0.7680750477,0.7588459434556718,Train
RULVUP_clean,5.01128,4.18788,4.96894,1.11888,878.165,784.859,0.0,0.0,0.5036,0.450092,0.0,1,0.0072435493,3.0169011241000003,3.113376885554531,Train
RULXOM_clean,15.36971,3.55595,15.36971,0.839199,1628.5,1940.54,0.0,0.0,0.652,0.776931,0.0,0,0.0060942433999999,5.426333501,5.333993026466127,Train
RUMRUO_clean,3.89523,3.56149,3.89523,2.03382,242.444,119.206,0.0,0.0,0.4326,0.212703,0.0,1,0.0035256602,1.4957666029,1.480726551878018,Train
RUNXUV_clean,5.8356,4.62926,5.8296,1.09463,1307.34,1194.33,0.0,0.0,0.5502,0.502636,0.0,0,0.0080497995,3.8939971976,3.9614340202710028,Train
RUPTED_clean,4.59148,3.67658,4.57699,2.43056,359.515,147.915,0.0,0.0,0.433,0.178148,0.0,1,0.0009208125,0.5635123497,0.5599433959469615,Test
RUPVAB_clean,13.61739,4.61754,13.61739,0.953237,2216.88,2325.64,0.0,0.0,0.6886,0.722381,0.0,1,0.0045221956,4.6682843701,4.4697821973958565,Test
RURPAW_clean,4.26453,3.57847,4.26352,2.09861,723.866,344.926,0.0,0.0,0.4906,0.233773,0.0,1,0.0070202473999999,2.8476131551,2.8094711511464374,Train
RURPEA_clean,4.37304,3.99561,4.36427,1.79681,1037.11,577.197,0.0,0.0,0.5372,0.298975,0.0,1,0.0039414372,2.4506671519,2.4914276201964385,Test
RUSHIY_clean,9.32937,5.73491,9.31763,2.81322,981.321,348.825,12.3418,4.38706,0.4998,0.177661,0.0,1,0.0003397428,0.4231430937,0.42071824675108216,Train
RUSWIN_clean,6.48006,3.76789,6.3774,1.27344,1499.33,1177.39,0.0,0.0,0.5498,0.431746,0.0,1,0.0035340503999999,3.0053147272000005,2.9699283491530166,Test
RUSWOT_clean,6.47922,3.93218,6.4245,1.19886,1481.92,1236.11,0.0,0.0,0.5554,0.463273,0.0,1,0.0036864209,3.1462766528,3.0666920620895377,Train
RUSWUZ_clean,6.54942,3.9072,6.54694,1.21025,1492.0,1232.81,0.0,0.0,0.5598,0.46255,0.0,1,0.0038572717,3.2114886957,3.1127838092745295,Test
RUSXAG_clean,6.44133,3.78742,6.3358,1.2672,1503.0,1186.08,0.0,0.0,0.5486,0.432924,0.0,1,0.0039555796,3.0783257154,3.1755798229843353,Test
RUSXEK_clean,6.54291,3.90146,6.54291,1.24418,1488.27,1196.19,0.0,0.0,0.5602,0.450258,0.0,1,0.0036501784999999,3.1062318405,3.0360410117771037,Test
RUTNOK_manual,24.61263,14.64846,24.61263,0.240823,1468.58,6098.18,0.0,0.0,0.9018,3.74465,0.0,0,0.0034523327,4.8182053883,4.941394228571351,Train
RUVBOB_clean,6.09913,3.98908,5.99424,1.3777,1258.08,913.177,14.3931,10.4472,0.545,0.395586,0.0,0,0.0035134289,2.5552869344,2.5994946973204605,Test
RUVCES_clean,5.62432,4.09519,5.62432,1.21847,2083.62,1710.03,0.0,0.0,0.6886,0.565136,0.0,0,0.0031175908,3.0416231692,3.19681607806357,Test
RUVKAV_clean,11.95152,7.15447,11.95152,0.601684,2230.0,3706.27,0.0,0.0,0.7794,1.29537,0.0,1,0.0033409815,4.1669227974,4.365234409327793,Test
RUVMAX_clean,5.22433,4.41387,5.22043,1.2008,1767.14,1471.63,0.0,0.0,0.5696,0.474351,0.0,1,0.0078020751,4.7029247998,4.7114558323232245,Test
RUVMUR_clean,3.8115,3.49015,3.80241,1.48235,185.395,125.068,39.5872,26.7057,0.4088,0.275779,0.0,1,0.0009118252,1.002546716,0.9769451578934363,Train
RUWWOW01_clean,5.03981,3.90859,5.01601,1.48698,1131.86,761.178,0.0,0.0,0.4928,0.331409,0.0,1,0.0050309896,2.8362053377,2.7205716076398705,Train
RUWWUC_clean,5.12851,4.00559,5.12851,1.54997,877.489,566.133,0.0,0.0,0.4642,0.29949,0.0,1,0.0049434269,2.5143971178,2.1737728981041133,Test
RUWXAJ_clean,5.17293,4.0299,5.17293,1.53238,836.842,546.106,0.0,0.0,0.4794,0.312847,0.0,1,0.0039421558,1.8686508815,1.9471134865603186,Test
RUWXEN_clean,5.03811,3.94141,5.03811,1.46802,1178.02,802.454,0.0,0.0,0.5092,0.346863,0.0,1,0.0051356038,2.8908694016000003,2.911661899173114,Train
RUWZIU_clean,6.72021,5.65873,6.72021,1.01181,1054.68,1042.37,0.0,0.0,0.5302,0.52401,0.0,0,0.0010065553,1.2656180112,1.3028663068080246,Train
RUWZOA_clean,6.55761,6.38772,6.55761,1.0684,1052.58,985.194,0.0,0.0,0.5174,0.484275,0.0,0,0.0012298924,1.5243778214,1.4951541960403898,Test
RUWZUG_clean,6.65442,5.67424,6.65442,1.10163,1013.24,919.768,0.0,0.0,0.4878,0.442798,0.0,0,0.0014493270999999,1.5831732283000002,1.5112422387767837,Test
RUYNIK_clean,5.71975,3.68772,5.7164,1.35451,1400.63,1034.05,0.0,0.0,0.5398,0.398522,0.0,1,0.0032405589,2.5469689718,2.5484658032126966,Train
RUYQIN01_clean,9.71547,7.35837,9.71529,1.15099,1450.59,1260.3,0.0,0.0,0.5838,0.507215,0.0,1,0.0022416158,2.7101757175,2.578335713787164,Test
RUYQIN02_clean,9.7478,7.37011,9.74761,1.14404,1452.85,1269.93,0.0,0.0,0.5842,0.510647,0.0,1,0.0021514099,2.6616296264,2.434206003323068,Test
RUYQIN03_clean,9.69288,7.37414,9.69288,1.14102,1457.05,1276.97,0.0,0.0,0.586,0.513575,0.0,0,0.0022434199,2.6522852007,2.5877468881790726,Train
RUYQIN_clean,9.76179,7.44687,9.76179,1.1629,1436.26,1235.07,0.0,0.0,0.573,0.492735,0.0,1,0.0022831105,2.6825140886,2.60492415519552,Train
RUYQOT_clean,9.68542,7.26317,9.68542,1.1664,1438.72,1233.47,0.0,0.0,0.575,0.49297,0.0,1,0.0022542446,2.6360607736,2.5614433609306206,Train
RUYTIQ_clean,9.62315,7.47258,9.62297,1.13645,1456.84,1281.92,0.0,0.0,0.5872,0.516695,0.0,0,0.0022380075,2.6073293031,2.5744603569864033,Test
RUYTUC_clean,9.67783,7.26872,9.67783,1.16505,1440.32,1236.27,0.0,0.0,0.5776,0.495773,0.0,1,0.0022921311,2.6323145239,2.609534757513783,Train
RUYVAK_clean,9.67948,7.48497,9.67948,1.15401,1452.68,1258.81,0.0,0.0,0.5806,0.503115,0.0,1,0.002322736,2.7871248679,2.6062188793861334,Test
RUYVEO_clean,12.21297,10.12216,12.21297,0.962787,1461.82,1518.32,0.0,0.0,0.6354,0.659959,0.0,1,0.0024344797,3.0163993654000003,2.8735618541813315,Test
RUYVIS_clean,15.8929,13.20205,15.79897,0.679059,1536.4,2262.54,0.0,0.0,0.7374,1.08592,0.0,0,0.0022128958999999,2.8901516278,2.7317462550768794,Test
RUYZUH_clean,5.57075,3.47029,5.07859,2.36782,1042.81,440.408,0.0,0.0,0.4718,0.199255,0.0,1,0.0008983779,1.012010522,0.9606524538816141,Train
RUZCOF_clean,5.55577,4.78031,5.52738,1.59859,1464.21,915.939,0.0,0.0,0.603,0.377208,0.0,0,0.0057154387,2.9194899665,3.180425969387499,Test
RUZDAS_clean,5.2699,4.49334,5.2699,1.45263,1149.42,791.271,0.0,0.0,0.5294,0.364442,0.0,1,0.0023845784,1.9428096171,1.8702348945898002,Test
S2052520616005515_bm5080sup1_clean,4.47894,3.61798,4.46305,1.15409,1529.36,1325.16,0.0,0.0,0.5662,0.490602,0.0,0,0.0067733893,4.7673590553,4.52338597876681,Test
S2056989016007027_zl2661sup1_clean,6.51796,4.57602,6.50954,1.14323,1545.49,1351.86,0.0,0.0,0.5984,0.523428,0.0,0,0.0061411152,4.0558030992,4.120309025421119,Test
SABKIS_clean,6.81493,5.97974,6.81375,1.3839,1674.07,1209.68,0.0,0.0,0.6086,0.439772,0.0,1,0.0033539428,3.0313512345,3.169551741772275,Test
SABVOH01_clean,6.48998,6.20475,6.48998,1.00596,1532.58,1523.5,0.0,0.0,0.5966,0.593066,0.0,0,0.0083591956,5.4037484464,5.415211750259868,Train
SABVOH_manual,6.26548,5.9824,6.25328,0.999416,1586.53,1587.46,0.0,0.0,0.5914,0.591745,0.0,0,0.0077885679,5.2231237484,5.210142946244117,Train
SABVUN_clean_h_min,7.01984,6.76477,7.01984,0.978971,1612.66,1647.3,0.0,0.0,0.5868,0.599405,0.0,0,0.0070339878,5.8446382015,5.760734230609144,Train
SACDOR_clean,8.1061,7.63768,8.07477,1.2392,2030.48,1638.54,0.0,0.0,0.6692,0.540025,0.0,1,0.0025746895,2.7909278844,2.7792310702598444,Test
SADLEQ_clean,7.11187,6.8054,7.11187,1.50504,1508.7,1002.44,0.0,0.0,0.5702,0.378862,0.0,1,0.0035794169,3.1128257762,3.069610132695027,Train
SADLIU_clean,6.85652,6.48147,6.85652,1.67165,1571.6,940.146,0.0,0.0,0.549,0.328417,0.0,0,0.0044883059,3.2267211104,3.2083227078781955,Train
SADMUH_SL,7.87003,7.35,7.87003,0.987944,1759.25,1780.72,0.0,0.0,0.6412,0.649025,0.0,0,0.0037241353,4.3154551691,4.164868446968019,Test
SADVEB_clean,5.28527,4.25585,5.28527,2.60318,983.265,377.718,0.0,0.0,0.4638,0.178167,0.0,1,0.0011115267,0.9007073231999999,0.8992761789246262,Train
SAHXAD_clean,7.24131,5.09073,7.23502,0.88875,2564.25,2885.23,0.0,0.0,0.6954,0.782447,0.0,1,0.0037414076,4.5235072848,4.352116159751595,Test
SAJDIT_clean,7.44507,6.67773,7.44507,1.18884,1185.58,997.26,0.0,0.0,0.5216,0.438748,0.0,1,0.0026045657,2.6242257798,2.5130350929777383,Train
SAJRAW10_clean,6.98873,5.65739,6.98873,1.03716,2658.72,2563.46,0.0,0.0,0.7434,0.716765,0.0,0,0.0012378033,1.724959746,1.6798729426012302,Train
SAJRAW_clean,6.95776,5.62966,6.95776,1.0485,2631.43,2509.71,0.0,0.0,0.7242,0.690701,0.0,0,0.0013460029,1.7406068497999998,1.762827073809015,Test
SAJRUT_clean,6.75939,5.98836,6.75562,0.832145,2447.69,2941.42,0.0,0.0,0.6812,0.818608,0.0,1,0.0042532060999999,4.9900151758,4.876218443795369,Test
SAJSAA_clean,6.806,6.26285,6.79743,1.09035,1505.97,1381.18,0.0,0.0,0.546,0.500758,0.0,1,0.0064819011,4.4180158093,4.355519318538062,Test
SAKRAZ_clean,5.58245,5.12904,5.58245,1.03675,2394.2,2309.33,0.0,0.0,0.6546,0.631396,0.0,1,0.0038185885999999,3.9943016892,3.929803821660053,Train
SAKRED_clean,5.5169,5.02553,5.5169,1.03225,2416.65,2341.14,0.0,0.0,0.6696,0.648678,0.0,1,0.0035012795,3.8801248024,3.69745302584783,Test
SALXEL_clean,17.7233,14.92578,17.7233,0.954529,1589.06,1664.76,49.7541,52.1243,0.7288,0.763518,0.000419055,1,0.0018859969,2.411557844,1.9907054351437397,Test
SALXIP_clean,18.35498,16.34268,18.35498,1.06535,1653.8,1552.35,0.0,0.0,0.7432,0.697612,0.00112639,1,0.0013746335999999,1.8186534699,1.6497301365645298,Test
SALZAH_clean,5.2131,3.75496,5.20977,1.33753,1363.66,1019.54,0.0,0.0,0.5834,0.436178,0.0,1,0.0014028964,1.6102971706,1.499097245001323,Test
SAMLAV_manual,5.80959,3.99095,5.75161,1.19097,1685.7,1415.4,0.0,0.0,0.5904,0.495731,0.0,0,0.0034178623,3.1042690608,3.062458451100068,Train
SAMVEK_clean,7.83578,6.98017,7.83578,0.980713,1609.04,1640.69,0.0,0.0,0.611,0.623016,0.0,0,0.0030800517999999,3.5347302742,3.55343497361642,Test
SANGEW_clean,6.64431,4.85626,6.63808,1.45126,1299.25,895.255,0.0,0.0,0.529,0.36451,0.0,1,0.0067755307,3.6977524213,3.0903922601830764,Test
SANGUM_clean,6.61883,4.82903,6.58035,1.50455,1309.82,870.575,0.0,0.0,0.5346,0.355323,0.0,1,0.0047665969,3.166383639,2.8045450259850124,Test
SANHIB_clean,6.11189,4.81167,6.1084,1.59136,1228.71,772.117,0.0,0.0,0.5088,0.319727,0.0,1,0.0066706974,3.1696705266000005,3.013613503315299,Test
SANHOH_clean,6.60456,4.91636,6.49799,1.53725,1315.89,856.008,0.0,0.0,0.5322,0.346204,0.0,1,0.0046718882,3.0347682451,2.794532611975865,Test
SANHUN_clean,6.50583,4.8025,6.36295,1.599,1277.92,799.196,0.0,0.0,0.517,0.323327,0.0,1,0.0069081188,3.4365382257,2.968557134435774,Test
SANJAV_clean,6.50945,4.91174,6.48422,1.32827,1290.56,971.607,0.0,0.0,0.515,0.387722,0.0,1,0.0082595415,4.233324549,3.461661473462828,Test
SAQQAD_clean,10.6229,9.13911,10.59086,0.899459,1701.71,1891.92,0.0,0.0,0.6748,0.750228,0.0,1,0.0035508456,3.8264453533,3.7501513267190365,Test
SAQQEH_clean,10.62623,9.13273,10.62623,0.914395,1723.95,1885.35,0.0,0.0,0.6746,0.737756,0.0,1,0.0036738633,3.858746393,3.8132314179880638,Train
SAQQIL_clean,10.65559,9.10715,10.62918,0.918282,1715.69,1868.37,0.0,0.0,0.6836,0.744434,0.0,1,0.003222283,3.8242161773,3.700019549804927,Test
SAQQOR_clean_h,10.68647,9.07282,10.64358,0.778283,1708.0,2194.57,0.0,0.0,0.6882,0.884254,0.0,1,0.0040347442999999,4.4196101565,4.299868509535845,Train
SAQSOU_clean,6.47651,3.98462,6.43461,1.44924,1500.2,1035.16,0.0,0.0,0.568,0.391929,0.0,1,0.0016529589,1.6646502725,1.6938241528772822,Train
SARGID_clean,11.28011,10.79695,11.27845,1.13003,1551.23,1372.74,0.0,0.0,0.643,0.569013,0.0,1,0.0029086917,3.4807710519,3.4337156162684748,Train
SARGOJ_clean,11.21149,10.84114,11.20988,1.13101,1553.18,1373.27,0.0,0.0,0.6422,0.56781,0.0,1,0.002861455,3.4230132642,3.4464482391856035,Test
SARGUP_clean,11.61678,10.99568,11.61678,1.13145,1593.32,1408.21,0.0,0.0,0.6444,0.569535,0.0,1,0.0030903714,3.5885116454,3.4755186735197015,Test
SARHAW_clean,11.26396,10.8267,11.26396,1.13289,1578.11,1393.0,0.0,0.0,0.6352,0.560691,0.0,1,0.0029486612,3.4215007808,3.4710418744614735,Test
SARHEA_clean,11.57288,10.94497,11.57288,1.13911,1582.39,1389.14,0.0,0.0,0.6384,0.560437,0.0,1,0.0031575928999999,3.580583144,3.59735575206206,Train
SARMEE_clean,4.34974,3.44315,4.3363,1.72993,254.091,146.879,149.818,86.6033,0.429,0.247987,0.0,1,0.0026397959,1.4632195297,1.519769894550015,Train
SARNOQ_clean,9.2766,6.16862,9.2766,1.10826,1838.17,1658.6,0.0,0.0,0.6536,0.589751,0.0,0,0.00217919,2.3201029042,2.51645600585296,Test
SARTIR_clean,8.84902,7.39282,8.55302,0.84182,1819.29,2161.13,0.0,0.0,0.6546,0.7776,0.0,0,0.0031553438,3.8626418096,3.642860957924631,Test
SATRIP_clean,5.64735,4.63209,5.64735,1.5207,2001.22,1315.99,0.0,0.0,0.609,0.400475,0.0,1,0.0019839764,2.0811586716,2.195815298110664,Test
SATROV_clean,5.68214,4.67755,5.6433,1.62598,1989.31,1223.46,0.0,0.0,0.6086,0.374297,0.0,1,0.0020873788,2.0653037077,2.1469487736363284,Train
SAXLEK_clean,9.25038,8.58806,9.25038,1.08002,1714.03,1587.03,0.0,0.0,0.6988,0.647023,0.0,1,0.0009104594,1.1776099933,1.2923783532738269,Train
SAXRIS_clean,6.95604,5.1283,5.82931,1.88243,2109.8,1120.78,0.0,0.0,0.5242,0.27847,0.000106246,1,0.0007360041,1.0048500124,1.3622346313625222,Test
SAYTOD_clean,6.38142,4.3971,6.36474,1.32305,2428.66,1835.65,0.0,0.0,0.7024,0.530895,0.0,1,0.0007172928,0.934262343,1.0425396279809562,Train
SAYTUJ_clean,5.53716,4.24775,5.50087,1.26647,2678.26,2114.75,0.0,0.0,0.7138,0.563615,0.0,1,0.0007775205,1.0112038658,1.0983766702512514,Test
science.1056698_manual,16.36523,5.22927,16.36523,0.720658,2117.08,2937.7,0.0,0.0,0.7092,0.9841,0.0,1,0.0046884615,4.723454953,4.896128762156002,Test
SEFSOM_clean,7.74471,4.63206,7.74435,1.3092,888.245,678.465,0.0,0.0,0.4856,0.370914,0.0,0,0.0019792932999999,1.8465586622,1.6847085272979294,Train
SEFVAC_clean,11.52297,3.67055,11.52297,0.903784,1536.01,1699.54,0.0,0.0,0.6434,0.711896,0.0,0,0.001954262,2.4355367886000003,2.5481806955348336,Test
SEFVEG02_clean,11.61381,3.82654,11.61381,0.901728,1567.52,1738.35,0.0,0.0,0.642,0.711966,0.0,0,0.001695677,2.2331814243,2.2233723186070713,Train
SEFVEG_clean,11.61384,3.82499,11.61384,0.903214,1567.68,1735.67,0.0,0.0,0.6424,0.711238,0.0,0,0.0016796584,2.2365498947,2.207199294936031,Test
SEFVUW_clean,11.26795,3.60856,11.26795,0.928704,1552.88,1672.09,0.0,0.0,0.6514,0.701407,0.0,0,0.0018958385,2.3884484614,2.428940265608931,Test
SEFWEH_clean,11.26494,3.61002,11.26494,0.914157,1525.26,1668.49,0.0,0.0,0.6436,0.704037,0.0,0,0.0019199366,2.5553257271,2.4971387460929684,Test
SEFWIL_clean,11.33313,3.69478,11.33313,0.92841,1562.33,1682.8,0.0,0.0,0.6504,0.700552,0.0,0,0.001745161,2.2854052512000003,2.299971689999262,Test
SEFWOR_clean,11.5954,3.6311,11.5954,0.926162,1578.03,1703.84,0.0,0.0,0.6492,0.700957,0.0,0,0.0015315137,1.9870366971,2.0594836217343384,Test
SEGBIR_clean,10.04679,9.57778,10.04679,1.2245,885.139,722.858,0.0,0.0,0.519,0.423847,0.0,1,0.0010673469,1.3725685453999998,1.3239601692292047,Train
SEGMEW_clean,4.54304,3.58735,4.3932,1.55869,710.369,455.747,0.0,0.0,0.505,0.32399,0.0,1,0.0006548412,0.7153852392,0.7584513289800654,Test
SEHNID_clean,5.75155,4.35756,5.66689,1.44623,1469.69,1016.22,4.17576,2.88733,0.5848,0.404361,0.0,1,0.0008022734,0.9775393506,1.071391591937007,Test
SEHSII_clean,5.51627,4.61799,5.4977,1.32529,2244.33,1693.46,0.0,0.0,0.6396,0.482611,0.0,1,0.0038588445,3.6598920032,3.5661057855487535,Train
SEHSUU_clean,5.44704,4.60331,5.44667,1.3755,2258.75,1642.13,0.0,0.0,0.6246,0.454089,0.0,1,0.003904646,3.6008830793,3.456079935379683,Test
SEHTAB_clean,5.41612,4.59352,5.36104,1.41024,2230.71,1581.8,0.0,0.0,0.6402,0.453966,0.0,1,0.0050454623,4.1265597664,4.038759334027502,Train
SEHTEF_clean,5.47631,4.61623,5.47631,1.08146,2270.04,2099.06,0.0,0.0,0.6446,0.596049,0.0,1,0.0054120281999999,4.8624692502,4.596063865211117,Test
SEHVOQ_clean,4.8676,3.87877,4.8676,1.74504,1289.65,739.04,0.0,0.0,0.497,0.284807,0.0,1,0.0065301904,3.6532922346,2.9881524964718578,Test
SEHXIN_clean,7.02055,6.72566,7.02055,1.5497,1564.27,1009.4,0.0,0.0,0.5642,0.364069,0.0,0,0.0036242185,3.0406941718,3.0799086895303307,Test
SEHZUB_clean,5.72411,4.04304,5.72411,1.14687,1108.91,966.904,0.0,0.0,0.5276,0.460036,0.0,1,0.0027455965,2.4722702581,2.1628909665254232,Test
SEJBAL_clean,5.28042,3.84303,5.01194,1.17037,1017.74,869.583,0.0,0.0,0.5124,0.437809,0.0,1,0.0024396478,2.3578962209,1.9111307137358176,Test
SENVIR_clean,15.37344,3.88956,15.37344,0.850165,1726.79,2031.12,0.0,0.0,0.6596,0.77585,0.0,1,0.0062052782999999,5.391201854099999,5.055207239975795,Test
SEQSIS_clean,5.53296,4.93164,5.53296,1.1424,1232.92,1079.24,0.0,0.0,0.546,0.477942,0.0,1,0.0084422495,3.5346895809,3.693285212955664,Train
SEQSOY_clean,6.18995,5.53555,6.17075,1.00925,1555.89,1541.63,0.0,0.0,0.5934,0.587963,0.0,1,0.0067624415,4.6486232384,4.609814290296662,Train
SEQTEP_clean,7.6925,5.22397,7.6925,0.967552,1457.91,1506.8,0.0,0.0,0.5822,0.601725,0.0,1,0.0044468069,3.5699670006,3.6313448983355485,Train
SERCEZ_clean,10.07441,8.56931,10.07441,0.708098,2363.51,3337.82,0.0,0.0,0.7424,1.04844,0.0,1,0.0042236394,4.6660142664,4.714986351467868,Train
SERJOP_clean,8.8151,8.02852,8.80673,1.47492,1445.52,980.069,0.0,0.0,0.5668,0.384292,0.0,1,0.0017850084,1.8106433868,1.8993226831566632,Train
SERJUV_clean,8.81658,8.12377,8.8037,1.17608,1441.79,1225.93,0.0,0.0,0.577,0.490611,0.0,1,0.0022539576,2.3055525478,2.5451120832409972,Test
SERLEI_clean,11.28347,6.23061,11.2833,0.73908,2383.12,3224.44,0.0,0.0,0.7306,0.988527,0.0,1,0.0049021926,5.1964492025,4.9402516294185475,Test
SERWAP_clean,5.42763,4.05857,5.33801,0.873598,1883.71,2156.27,0.0,0.0,0.6098,0.698033,0.0,0,0.0090455749,5.634107144,5.635035414009842,Train
SETDUS_clean,4.71148,4.0993,4.71148,1.05303,1402.23,1331.61,0.0,0.0,0.6032,0.572822,0.0,1,0.0048160625,4.137403238,3.927988489250044,Test
SETPEO_clean,14.47047,3.66339,14.46844,0.794221,1742.27,2193.69,0.0,0.0,0.7298,0.918888,0.0,1,0.0036121469,4.4306462604000005,3.952292117644684,Test
SETQAL_clean,4.42679,4.26632,4.42679,1.31307,1092.38,831.931,0.0,0.0,0.5278,0.40196,0.0,0,0.0077674771,3.142302728,3.5767414183729587,Test
SETQEP_clean,4.49444,4.34625,4.49444,1.29869,1133.37,872.699,0.0,0.0,0.5334,0.410721,0.0,0,0.0075502791,3.2708879144,3.4897528094881825,Train
SETQIT_clean,4.41727,4.22902,4.41727,1.31505,1081.66,822.523,0.0,0.0,0.5234,0.398009,0.0,0,0.0076840413,3.1120698266000004,3.5179690407875124,Test
SETQOZ_SL,7.85539,7.34267,7.85421,0.993925,1777.54,1788.41,0.0,0.0,0.6354,0.639284,0.0,0,0.0037610601,4.3424762498,4.197708713550482,Test
SETQUF_SL,7.76352,7.22608,7.76352,0.996606,1737.41,1743.32,0.0,0.0,0.6204,0.622513,0.0,0,0.0041906779,4.3119730968,4.464806824335371,Test
SETRAM_clean,8.05582,7.60574,8.05085,0.990751,1790.54,1807.25,0.0,0.0,0.6356,0.641533,0.0,0,0.0043439598999999,4.7771983927,4.606507391335715,Test
SETSIV_clean,10.19056,8.58608,10.19056,0.702208,2298.35,3273.03,0.0,0.0,0.7264,1.03445,0.0,1,0.0038323618,4.4422106296,4.479839199472084,Test
SETSOB_clean,6.38657,4.98443,6.37723,0.814512,2668.09,3275.69,0.0,0.0,0.6874,0.843941,0.0,0,0.0049290723,4.7527028178,5.0499909744173594,Train
SETXEW_clean,4.58511,3.92335,4.57028,2.3001,529.435,230.179,0.0,0.0,0.417,0.181296,0.0,1,0.000628925,0.577883675,0.4789746198129139,Test
SEVLEM_clean,9.1752,7.37433,9.1752,0.963135,2062.24,2141.17,0.0,0.0,0.6686,0.694191,0.0,1,0.0021270964,2.4306812404,2.6105764700542164,Train
SEWCED_clean,12.17369,9.5104,12.17369,0.810307,1760.05,2172.08,0.0,0.0,0.6728,0.830303,0.0,1,0.0025245208,2.9719128881,2.921641370392883,Test
SEYQIW_clean,5.89707,5.20358,5.89707,1.03265,2825.78,2736.42,0.0,0.0,0.6948,0.672829,0.0,0,0.003073232,3.6919277053,3.6771717574422498,Train
SEZPOE_clean,4.80607,4.08896,4.78655,1.66902,1314.15,787.374,0.0,0.0,0.5938,0.355777,0.0,0,0.0045570129,3.0006685709,2.780163882631307,Test
SICZOV_clean,18.76086,11.86635,18.76086,0.419881,1773.06,4222.76,0.0,0.0,0.8408,2.00247,0.0,1,0.0036811643,4.8949890862,4.808525102275419,Test
SIDCAL_clean,9.18075,7.95829,9.18075,1.0779,1545.97,1434.24,0.0,0.0,0.5948,0.551815,0.0,0,0.002998127,2.5264855574,3.15461305994415,Test
SIFVAG_clean,5.52904,3.49181,5.49354,1.16245,673.998,579.808,0.0,0.0,0.4796,0.412577,0.0,1,0.0019903008,1.548229731,1.5133188400110302,Test
SIKGAW_clean,4.92676,4.21433,4.92676,0.888887,2386.29,2684.58,0.0,0.0,0.6492,0.730352,0.0,0,0.0030148057,3.6479265619,3.6695432954762035,Test
SIKYER_clean,6.53029,4.26393,6.50771,1.2109,2088.91,1725.09,0.0,0.0,0.6104,0.504089,0.0,1,0.0034675365999999,3.4306320575,3.3285030837868135,Test
SINQEL_clean,5.80887,4.60559,5.80549,1.29073,2087.2,1617.07,0.0,0.0,0.6484,0.502351,0.0,0,0.0047369112,4.031113202099999,3.937158831588633,Test
SIPCID_clean,5.31594,4.0774,5.2787,1.47588,738.038,500.065,0.0,0.0,0.506,0.342845,0.0,0,0.0012365405,1.1049934257,1.0857525168363216,Test
SIQCOM_clean,4.78607,3.41332,4.77151,1.37032,965.525,704.599,0.103074,0.0752192,0.535,0.39042,0.0,1,0.0037961341999999,2.6517869238,2.5174297331772886,Test
SIQQEO_clean,5.38066,4.73377,5.38066,1.02212,1743.14,1705.42,0.0,0.0,0.596,0.583103,0.0,1,0.0042228173999999,3.6995033738,3.694494727095761,Test
SISFEH_clean,4.41588,3.6646,4.35167,1.61069,592.834,368.062,0.0,0.0,0.4254,0.26411,0.0,1,0.0021786613,1.3420228454,1.3938040736185062,Train
SISPUH_clean,5.99511,5.1936,5.99511,1.69632,1257.02,741.025,0.0,0.0,0.5152,0.303716,0.0,1,0.0046865882,2.4596206487,2.5021971830546477,Train
SISQAO_clean,5.99338,5.23289,5.99338,1.66873,1254.35,751.683,0.0,0.0,0.5178,0.310297,0.0,1,0.0047303371999999,2.5006809085,2.536298852292314,Train
SISQES_clean,5.97003,5.21528,5.97003,1.65966,1234.67,743.931,0.0,0.0,0.5184,0.312353,0.0,1,0.0045773116999999,2.5083846035,2.4913267888465915,Test
SISQIW_clean,6.00511,5.20372,6.00511,1.61583,1236.89,765.482,0.0,0.0,0.521,0.322434,0.0,1,0.004765394,2.5735151734,2.5991476133999405,Train
SITTUM_clean,6.67296,3.57209,6.58264,1.4371,626.277,435.791,0.0,0.0,0.4524,0.3148,0.0,1,0.0027255040999999,1.6446505832,1.577882440774239,Train
SIVGIP_clean,5.24448,3.98805,5.17797,1.10666,1685.18,1522.76,0.0,0.0,0.6024,0.544339,0.0,1,0.0038193209,3.2897774162,3.2971941888708316,Train
SIVGOV_clean,5.24396,4.0676,5.24396,1.11955,1644.75,1469.11,0.0,0.0,0.6106,0.545397,0.0,1,0.0038927983,3.2752663959,3.3250771862544797,Train
SIVGUB_clean,8.31266,6.47199,8.20556,0.679186,2443.34,3597.46,0.0,0.0,0.7546,1.11104,0.0,1,0.0041384584,5.1790043732,5.11226357783865,Train
SIVJIS_clean,6.47513,4.62269,6.40533,1.38853,1236.89,890.797,0.0,0.0,0.5274,0.379827,0.0,0,0.0046707119,2.5847405788,2.808221345481481,Test
SIVKAK_clean,4.30972,3.83052,4.30972,1.95562,167.191,85.4925,0.0,0.0,0.4122,0.210777,0.0,1,0.0001783774,0.2142301467,0.24793726487104628,Train
SIVQAR_clean,8.43693,5.95196,8.03277,1.35381,1577.05,1164.9,0.0,0.0,0.616,0.455013,0.0,1,0.0032050021,2.9822741468,3.0224349058705524,Test
SIVWUR_clean,4.87776,4.03318,4.87776,1.72206,462.742,268.715,0.0,0.0,0.3598,0.208936,0.0,0,0.0090069943,1.4212746184,1.4905800038004793,Train
SIWSUO_clean,4.95346,3.52092,4.93971,1.30798,969.125,740.933,0.0,0.0,0.499,0.381505,0.0,1,0.0101241148,3.5931930355,3.511396005192916,Train
SIWTEZ_clean,6.78942,4.98966,6.77665,1.39975,1050.66,750.605,0.0,0.0,0.4732,0.33806,0.0,1,0.0031186809,2.2133142168,2.0969844944926637,Test
SIWTOJ_clean,4.72876,3.487,4.72876,1.43464,1201.3,837.352,0.0,0.0,0.525,0.365944,0.0,1,0.0108682840999999,3.8934108292,4.000280550161067,Train
SIZJUH_clean,6.46611,5.64692,6.46611,1.69172,651.341,385.016,66.1469,39.1003,0.474,0.280188,0.0,1,0.0003310529,0.4297336152,0.4589936906983252,Train
SIZPUN_clean,19.22538,6.71018,19.22499,0.693763,2153.01,3103.37,0.0,0.0,0.757,1.09115,0.0,1,0.0046243979,5.307881993500001,4.81981263927838,Test
SOBTUY_clean,5.30158,4.93345,5.25562,1.24028,1722.57,1388.85,0.0,0.0,0.5708,0.460217,0.0,1,0.0019718448,2.0704961894,2.14071660457188,Test
SOBZEQ_clean,7.06044,5.44324,7.04565,0.861876,2509.51,2911.69,0.0,0.0,0.7062,0.819376,0.0,1,0.0036056537,4.3830082086,4.35222077382691,Train
SOCLAZ_clean,3.66826,3.40979,3.66826,1.5968,132.944,83.257,0.0,0.0,0.3902,0.244364,0.0,0,0.0004977792,0.5215375972,0.5232956073881923,Train
SODNAA_clean,4.92821,3.76656,4.9265,1.39799,1007.61,720.756,0.0,0.0,0.501,0.358372,0.0,1,0.0046041061,2.2296625262,2.612325224845377,Test
SODQOT_clean,6.38354,5.71555,6.35379,1.16333,2168.31,1863.88,0.0,0.0,0.653,0.561321,0.0,1,0.0034364705,3.6653180513,3.5302032361108684,Test
SODXUG_clean,4.72864,4.01613,4.71178,1.34536,905.757,673.244,0.0,0.0,0.4682,0.34801,0.0,1,0.0091626463,3.2031744856,3.0470283413647063,Train
SODZIV_clean,6.23207,5.25681,6.23207,1.2688,1153.66,909.256,0.0,0.0,0.5338,0.420714,0.0,1,0.0024550839999999,2.0769198331,2.073053297221337,Test
SOHBUO_clean,4.82292,4.04207,4.82292,1.2506,823.12,658.177,0.0,0.0,0.481,0.384614,0.0,1,0.0035715066999999,2.0773581959,2.12476583548327,Train
SOHGUS_clean,9.69532,8.17838,9.6883,0.723839,1841.74,2544.41,0.0,0.0,0.707,0.976737,0.0,0,0.003392259,4.1927170375,4.10334660185781,Test
SOHMEI_clean,8.65383,8.02301,8.62464,1.19399,2084.79,1746.06,0.0,0.0,0.6688,0.560138,0.0,0,0.0025977307,2.8711046771,2.796166281848206,Test
SOHMIM_clean,8.13654,7.41946,8.10265,1.23579,2022.73,1636.78,0.0,0.0,0.6656,0.538601,0.0,0,0.0025950974,2.7941655022000003,2.7599115065614312,Test
SOHMUY_clean,8.20693,7.56134,7.97833,1.2172,2055.43,1688.66,0.0,0.0,0.6606,0.542722,0.0,0,0.0024515837,2.7770267994,2.748180889480327,Train
SOHNAF_clean,8.77466,8.24178,8.76382,1.17605,2072.16,1761.97,0.0,0.0,0.686,0.583311,0.0,0,0.0026675126,2.8612746429,2.8239105053838722,Train
SOHNEJ_clean,8.72478,7.97366,8.7184,1.18471,2089.45,1763.69,0.0,0.0,0.6672,0.563178,0.0,0,0.0025700813,2.8362361000000003,2.802213457498342,Test
SOHNIN_clean,8.46136,7.91648,8.46136,1.21276,2069.15,1706.15,0.0,0.0,0.6704,0.552789,0.0,0,0.0027030619,2.8363868553,2.8245429231383072,Train
SOJGOO_clean,6.25393,4.92061,6.24311,1.24524,1162.74,933.744,0.0,0.0,0.513,0.411967,0.0,1,0.0053652188,2.9646907542000003,3.0221786695953488,Test
SOJSUH_clean,8.78676,6.77563,8.78676,0.847279,2062.57,2434.34,0.0,0.0,0.6744,0.79596,0.0,1,0.0037684896,3.8598516074,3.925242104132951,Train
SOKKOT_ion_b,6.1792,5.66918,6.17838,1.21138,852.75,703.947,80.7869,66.6897,0.5432,0.448412,0.0,0,0.0044245132,2.9915338353,2.6828208006959984,Test
SOKKUZ_clean,6.70484,6.32665,6.70484,1.05966,2286.47,2157.74,0.0,0.0,0.6502,0.613593,0.0,0,0.0066865132999999,5.7169581792,5.5729420432874175,Test
SOKWAS01_clean,5.31439,4.17423,5.31439,1.94035,1774.06,914.299,0.0,0.0,0.5988,0.308604,0.0,1,0.0023841642,2.1143090213,2.0590212101890386,Train
SOKWAS_clean,6.00629,4.14523,5.99555,1.89659,1733.95,914.246,0.0,0.0,0.6016,0.317201,0.0,1,0.0025605379,2.1799237267,2.232868577291268,Test
SOKWUM_clean,5.85854,4.29712,5.84922,1.62759,2447.15,1503.54,0.0,0.0,0.6492,0.398872,0.0,1,0.0016551514999999,1.9746832253,1.8921709549464194,Test
SOMCON_clean,8.11347,7.39172,8.11088,1.23046,2025.07,1645.79,0.0,0.0,0.6712,0.545487,0.0,0,0.0024575086,2.7744363102,2.6506276470272776,Test
SOMFAC_clean,6.70637,6.34214,6.70637,1.04875,2285.42,2179.2,0.0,0.0,0.6702,0.639049,0.0,0,0.0065430783,5.7230785819,5.6469387769412815,Test
SOMFEG_clean,6.71551,6.34258,6.71551,1.05531,2284.15,2164.44,0.0,0.0,0.6512,0.61707,0.0,0,0.0065888554,5.6702395627,5.58206439929193,Test
SOMFIK_clean,6.73279,6.35537,6.73279,1.03071,2266.62,2199.08,0.0,0.0,0.6584,0.63878,0.0,0,0.0063325034999999,5.7038460823,5.640949960045842,Train
SOMSIY_clean,6.00203,5.70916,6.00203,1.30077,1538.34,1182.64,0.0,0.0,0.5758,0.442662,0.0,0,0.0083113633,4.3112317964,4.370161509565725,Train
SONTAR_manual,6.97799,5.28288,6.97799,1.00094,2334.34,2332.14,0.0,0.0,0.674,0.673365,0.0,1,0.0027849944,3.062589638,3.2268426549905427,Train
SONTIZ_clean,6.62072,5.41763,6.62072,1.09079,2319.93,2126.83,0.0,0.0,0.6638,0.608548,0.0,1,0.0029297843,2.9736244637,3.168849195141471,Train
SONTOF_clean,6.50923,5.39354,6.50923,1.11456,2282.12,2047.56,0.0,0.0,0.6604,0.592523,0.0,1,0.0029042675,2.9695606982,3.199345423342965,Test
SONTUL_neutral_b,11.07564,6.55104,11.07564,0.882976,2163.69,2450.45,0.0,0.0,0.717,0.812027,0.0,1,0.0047453232,3.9748939995,4.15135177586566,Test
SONVAT_neutral_b,13.18133,6.56576,13.18133,0.88151,2137.18,2424.45,0.0,0.0,0.7168,0.81315,0.0,1,0.004918397,3.9988091884,4.0420824015700845,Train
SONVEX_neutral_b,13.20026,6.62162,13.20026,0.879921,2126.12,2416.26,0.0,0.0,0.7172,0.815073,0.0,1,0.0047608223,3.9913489307,3.978745521388332,Test
SONVIB_neutral_b,13.19327,6.63983,13.19327,0.881013,2113.29,2398.7,0.0,0.0,0.7204,0.817695,0.0,1,0.0048873987,3.9700272663,3.9492835425186694,Train
SOPLAM_clean,7.99336,6.43639,7.96868,0.786263,2208.41,2808.75,0.0,0.0,0.6702,0.852386,0.0,1,0.0038019028999999,4.5509471265,4.395695637961518,Test
SOPLEQ_clean,8.78838,7.50509,8.78838,0.73171,2217.3,3030.3,0.0,0.0,0.6802,0.929603,0.0,0,0.0036816432,4.4080216506,4.3407300358943814,Train
SOPLOA_clean,8.29809,6.85068,8.29809,0.790491,2059.77,2605.68,0.0,0.0,0.6598,0.834671,0.0,1,0.0039224516,4.4822560252,4.416014334100203,Train
SOSSEA_clean,4.66034,3.46037,4.63504,1.16769,974.945,834.933,0.0,0.0,0.5088,0.435731,0.0,0,0.0081388942,2.9361665911,3.1459472691337367,Train
SOTWOP_clean,6.21348,5.18247,6.21348,1.16378,2263.81,1945.21,0.0,0.0,0.6514,0.559726,0.0,1,0.0025701169,2.947360137,2.843588831167308,Test
SOTWUV_clean,6.18672,5.12197,6.18672,1.20466,2258.56,1874.85,0.0,0.0,0.6516,0.540898,0.0,1,0.0025442321,2.9406501571,2.78588282387056,Test
SOTXAC_clean,6.12649,5.14189,6.12133,1.25484,2251.96,1794.63,0.0,0.0,0.645,0.514011,0.0,1,0.0028009128,2.9477125801,2.9900638788856795,Test
SOTXEG_neutral,5.04075,3.40746,5.04075,1.50786,630.779,418.326,0.0,0.0,0.472,0.313026,0.0,0,0.0031520637,1.5723264976,1.6622851144337283,Test
SOVHAM_clean,4.88485,4.19849,4.88485,1.17469,1409.46,1199.86,0.0,0.0,0.5526,0.470422,0.0,1,0.0029790490999999,2.6259314926,2.7395587815163527,Test
SOVHOA_clean,4.19176,3.82361,4.19176,1.2075,1328.47,1100.17,0.0,0.0,0.5406,0.4477,0.0,1,0.0026047083,2.3939573662,2.520721534537216,Train
SOVLEW_clean,16.78989,6.64048,16.78989,0.755158,2186.99,2896.07,0.0,0.0,0.742,0.982576,0.0,1,0.0042667511,4.6852854328,4.77724681238599,Train
SOXDAM_clean,7.87287,4.28499,7.87287,1.75813,1069.27,608.188,0.0,0.0,0.4738,0.26949,0.0,1,0.0032922533,2.1769300244,2.1197009728479808,Train
SOXDEQ_clean,7.82825,4.19616,7.82511,1.75226,1007.81,575.152,0.0,0.0,0.4478,0.255556,0.0,1,0.0034262185999999,2.3162001005,2.1740316824866315,Train
SOYFUJ_clean,4.60508,3.53241,4.56134,1.47456,918.914,623.177,0.0,0.0,0.5152,0.349392,0.0,1,0.0038778522,2.5110746845,2.475772197845485,Train
SOYWOT_neutral_b,13.17245,6.57882,13.17245,0.881994,2147.64,2434.99,0.0,0.0,0.7166,0.812478,0.0,1,0.0047582391,4.0168889472,4.029827486559518,Train
SOYWUZ_clean,13.18202,6.56101,13.18202,0.874244,2168.24,2480.14,0.0,0.0,0.7172,0.820366,0.0,1,0.0039413172999999,3.732073233,3.8416037680746262,Train
SOZBIS_clean,7.02326,5.68654,7.02326,1.02671,2667.76,2598.37,0.0,0.0,0.7458,0.7264,0.0,0,0.0012507873,1.7093847753,1.72657577332715,Test
SOZGIZ_clean,8.59808,3.83664,8.57584,1.027,1782.17,1735.31,0.0,0.0,0.6252,0.608761,0.0,1,0.0053640399,4.9254389305,4.809667936292125,Test
SOZGOF_clean,8.62412,3.75854,8.61676,1.03974,1771.69,1703.98,0.0,0.0,0.6218,0.598036,0.0,1,0.0062504654,5.1883528118,4.931666988687966,Test
SOZRUW_clean,8.81736,4.01112,8.59398,0.978332,1794.66,1834.4,0.0,0.0,0.6308,0.644771,0.0,1,0.005354778,4.9667045606,4.91918663753142,Train
SOZSAD_clean,8.8027,3.99777,8.80075,0.979603,1802.77,1840.31,0.0,0.0,0.6322,0.645363,0.0,1,0.0051974490999999,4.9833466824,4.860538576458964,Train
SOZSEH_clean,8.87095,4.01926,8.85196,0.99882,1779.57,1781.67,0.0,0.0,0.63,0.630744,0.0,1,0.0052874702,4.9515561381,4.895898460362448,Train
SOZSIL_clean,8.7376,3.97317,8.68094,0.99936,1793.88,1795.03,0.0,0.0,0.631,0.631404,0.0,1,0.0053041033999999,4.9579306903,4.899561165784123,Test
SOZSOR_clean,8.74499,3.992,8.31175,1.01024,1785.62,1767.53,0.0,0.0,0.6274,0.621043,0.0,1,0.005211858,4.9300282009,4.787555230786284,Test
SOZSUX_clean,8.70746,3.96873,8.68609,1.0202,1783.95,1748.63,0.0,0.0,0.6284,0.615958,0.0,1,0.0053814515,4.9329287837,4.845499272839239,Test
SUBMIN_clean,9.97573,6.14945,9.9755,0.833875,1650.14,1978.89,0.0,0.0,0.635,0.761505,0.0,0,0.0039193036,3.9861429866,3.889968204251623,Test
SUCLOT_clean,5.75412,5.30597,5.75185,0.900285,1657.72,1841.33,0.0,0.0,0.6148,0.682895,0.0,1,0.0029531704,3.3098129484,3.181050454983762,Train
SUFBAY_clean,6.49481,4.4278,6.49481,0.863231,1967.74,2279.51,0.0,0.0,0.608,0.704331,0.0,0,0.0081773885,4.8382761245,5.154682031909402,Train
SUFHIM_clean,10.78647,9.46825,10.78641,1.0639,1328.84,1249.03,0.0,0.0,0.569,0.534826,0.0,1,0.0018240751,2.1231456279,2.139790251782496,Train
SUFJOU_clean,6.30332,3.54841,6.29414,1.24899,1424.61,1140.61,0.0,0.0,0.571,0.457169,0.0,1,0.0113253875,4.5068226887,4.598272936898018,Train
SUFROA_clean,5.45181,5.00801,5.45026,0.91452,1466.61,1603.69,0.0,0.0,0.6234,0.681669,0.0,0,0.0041476315,4.1228251222,3.690762970145889,Test
SUGDIJ_auto,12.99556,11.59411,12.53696,0.409914,1974.15,4816.02,0.0,0.0,0.8394,2.04775,0.0,0,0.0030504839,4.1324872812,4.219218976936966,Train
SUGVUM_clean,5.79435,4.06776,5.78784,1.1064,1279.06,1156.05,0.0,0.0,0.5442,0.491863,0.0,1,0.0077453639,4.6319916614,3.826274570333345,Test
SUHBAA_clean,11.92534,10.15941,10.7957,0.715863,1973.75,2757.16,0.0,0.0,0.807,1.12731,0.000279383,1,0.0022723871,3.207280434,3.1260813507367597,Train
SUHMEP_clean,8.35438,6.74513,8.35438,1.25512,1629.48,1298.27,0.0,0.0,0.6082,0.484574,0.0,0,0.0032782906,3.1472138335000004,3.2000336586891756,Test
SUJNUH_clean,7.55155,6.59808,7.55155,1.24948,986.433,789.474,0.0,0.0,0.5334,0.426897,0.0,1,0.0018318801,1.972647979,1.7987990017994357,Test
SUKKUF_clean,5.04,3.85862,5.04,2.47267,613.367,248.059,0.0,0.0,0.3764,0.152224,0.0,1,0.0016258947,1.0181336929,0.8849805231827883,Test
SUKREX_clean,5.76528,3.44001,5.76528,2.05587,771.787,375.407,0.0,0.0,0.4332,0.210714,0.0,1,0.0022046071,1.3522259912,1.310276918628606,Test
SUKRIB_clean,5.67492,3.40868,5.64201,2.09272,780.987,373.192,0.0,0.0,0.4274,0.204232,0.0,1,0.0023638753,1.3115418034,1.3266326687360617,Train
SUKYIH_clean,9.64677,7.09331,9.64677,0.59954,2372.38,3957.0,0.0,0.0,0.7742,1.29132,0.0,1,0.0041227775,4.4954236795,4.764307334895884,Train
SUKYON_clean,10.7978,7.28862,10.07334,0.52652,2852.06,5416.81,0.601169,1.14178,0.7786,1.47877,0.0,1,0.0042178061,5.7650001589,5.1428097437669,Test
SUNHUF_clean,6.56646,4.08998,6.54784,1.26553,1485.95,1174.18,0.0,0.0,0.5694,0.449931,0.0,0,0.0038053831,3.1309682043,3.038198459719126,Train
SUNJER_clean,4.80272,3.79637,4.63139,1.43298,1698.73,1185.45,0.0,0.0,0.5816,0.405867,0.0,1,0.0061226187,3.9545512759,4.049543703286222,Train
SUNJIV_clean,4.89155,3.90131,4.73471,1.36084,1754.51,1289.29,0.0,0.0,0.5968,0.438553,0.0,1,0.0044520858,3.5300372809,3.499306936579035,Test
SUNJOB01_clean,4.89634,3.8976,4.73512,1.37366,1723.73,1254.84,0.0,0.0,0.596,0.433877,0.0,1,0.0045136001,3.5126439410000003,3.4984468496659558,Train
SUNJOB_clean,4.89048,3.89627,4.72752,1.37509,1744.51,1268.65,0.0,0.0,0.5894,0.428626,0.0,1,0.0044798156,3.5131822396,3.477313690472785,Test
SUPLOF_clean,9.82615,5.81764,9.823,0.800346,2153.22,2690.36,0.0,0.0,0.6784,0.847633,0.0,0,0.0032824287,3.9998871289,4.020862330240595,Train
SUQHUJ_clean,7.25953,5.23411,7.25953,1.08539,2701.3,2488.77,0.0,0.0,0.709,0.653219,0.0,1,0.0054012351,5.3791496176,5.183480086070144,Train
SUQJEV_clean,6.37976,3.41068,6.37976,1.61288,1257.56,779.698,0.0,0.0,0.5318,0.329721,0.0,1,0.0097432932999999,4.216242471,3.733255338754486,Test
SURDOA_clean,4.38797,3.72635,4.38797,1.29817,708.567,545.82,0.0,0.0,0.448,0.345101,0.0,0,0.0028252943,1.8273246548,1.9818159134477977,Test
SUSZIQ_clean,6.2853,5.33445,6.2853,1.91818,700.301,365.087,0.0,0.0,0.4294,0.223858,0.0,0,0.0131182155,2.0016297265,2.0138952830625043,Test
SUSZOW_clean,6.37118,5.41681,6.36973,1.91863,721.465,376.031,0.0,0.0,0.4268,0.22245,0.0,0,0.0125760941999999,2.0172711686,2.071195230199099,Train
SUVNEE_clean,15.6562,6.95834,15.6562,0.815704,1584.31,1942.26,314.611,385.692,0.6944,0.851289,0.0,1,0.004050581,4.2394140077,3.8671141136659526,Test
SUWBET_clean,4.90044,3.63709,4.9004,1.39724,1278.69,915.152,0.0,0.0,0.5378,0.384902,0.0,1,0.0036717057,2.8939248679,2.7033144601826242,Test
SUWQEI_clean,9.47366,7.57886,8.89706,0.818244,1562.75,1909.88,0.0,0.0,0.6376,0.779229,0.0,1,0.0026601784999999,3.1487153653,3.0665627017845343,Train
TACFIN_clean,4.11781,3.54093,4.10826,2.15064,560.827,260.772,0.0,0.0,0.499,0.232024,0.0,0,0.0081832654,2.6348710163,2.922844249066129,Test
TACPAP_clean,6.18933,6.06319,6.18525,1.70548,627.561,367.968,0.0,0.0,0.428,0.250956,0.0,0,0.0023180031,1.1172648458,1.2865477865279598,Train
TACPET_clean,6.03338,5.92233,6.03037,1.73347,616.775,355.803,0.0,0.0,0.4186,0.241481,0.0,0,0.0024653241,1.097609008,1.2827972756419401,Test
TACPIX_clean,6.11363,6.00668,6.11363,1.71163,630.3,368.246,0.0,0.0,0.4286,0.250405,0.0,0,0.0023433239,1.0968954221,1.2672889420300717,Train
TACWOM_clean,6.848,5.25293,6.59533,0.694132,2524.62,3637.09,0.0,0.0,0.711,1.0243,0.0,1,0.0051727306,5.6886929934,5.722615562098589,Train
TACWUS_clean,6.83932,5.17767,6.83932,0.667047,2492.87,3737.18,0.0,0.0,0.6944,1.04101,0.0,1,0.0049436262,5.651515239400001,5.519887916387749,Test
TADCOS_clean,5.56445,4.67968,5.55486,1.27739,2127.97,1665.87,0.0,0.0,0.6456,0.505404,0.0,0,0.00410654,3.8534370793,3.722752118439993,Test
TADWEC_manual,12.9835,12.22348,12.9835,0.782876,1609.55,2055.94,0.0,0.0,0.6462,0.825418,0.0,1,0.0053364534,3.8999470711,4.186166964177096,Test
TADWIG_manual,12.20204,12.01283,12.20204,0.782648,1673.73,2138.55,0.0,0.0,0.6702,0.856323,0.0,1,0.0060049526,4.2031753415,4.299973013352054,Train
TADYEE_clean,6.41454,5.84385,6.41454,1.06115,1369.43,1290.51,0.0,0.0,0.545,0.513592,0.0,0,0.002460026,2.2316053016,2.4260951626920373,Test
TADYII_clean,4.96323,4.04573,4.95818,1.11527,1604.24,1438.44,0.0,0.0,0.5578,0.500149,0.0,0,0.0017723454999999,2.0064169102,1.972462484373991,Train
TAGBUZ_clean,4.64533,3.41141,4.64533,1.22769,600.487,489.118,0.0,0.0,0.4834,0.393746,0.0,1,0.008224403,2.9018818952,2.857064142148253,Train
TAGSEB_clean,5.65756,4.12237,5.64659,1.3278,950.233,715.647,0.0,0.0,0.4958,0.373401,0.0,1,0.0017416298,1.5315867044999998,1.5011955413234677,Test
TAGTED_clean,7.12719,5.34262,7.10815,0.804618,2476.05,3077.29,0.0,0.0,0.6892,0.856555,0.0,1,0.0040021379,4.5644093635,4.668574730620527,Train
TAGTIH_clean,7.18408,5.4183,7.18408,0.735724,2753.27,3742.25,0.0,0.0,0.7098,0.964764,0.0,1,0.004039559,4.9465621848,5.061285674064003,Test
TAGTUT_clean,8.9985,5.11189,8.9985,0.769828,1964.88,2552.36,0.0,0.0,0.6538,0.849281,0.0,1,0.0050406696,5.2294340914,4.934574578866388,Test
TAGVAB_clean,7.19373,5.47476,7.19162,0.743514,2474.93,3328.7,0.0,0.0,0.678,0.911886,0.0,1,0.0044761774,4.9009922092,5.048383714552664,Train
TAHNEY_clean,10.9331,7.2387,10.84031,1.02563,2322.37,2264.33,0.0472135,0.0460334,0.7992,0.779225,0.0,1,0.0007149078,1.0253458246,1.2883941930768859,Test
TAJXIO01_clean,3.69381,3.48019,3.69381,2.30789,102.259,44.3085,0.0,0.0,0.3224,0.139695,0.0,1,0.0001307916,0.1842819755999999,0.16773351774470102,Train
TAJXIO02_clean,3.66669,3.45698,3.66669,2.31975,96.8188,41.7367,0.0,0.0,0.3178,0.136997,0.0,1,8.492959999999999e-05,0.1541285654,0.15912796178238287,Train
TAJXIO03_clean,3.62936,3.42106,3.62936,2.33614,88.0182,37.6767,0.0,0.0,0.3106,0.132954,0.0,1,0.0001019155,0.1319271149,0.15339436888469038,Train
TAJXIO04_clean,3.63081,3.41863,3.61802,2.33825,87.153,37.2728,0.0,0.0,0.3114,0.133177,0.0,1,0.0001053127,0.1259523165,0.15339436888469038,Train
TAJXIO_clean,3.69262,3.45097,3.69262,2.33323,96.1718,41.2184,0.0,0.0,0.319,0.136721,0.0,1,0.000129093,0.167290957,0.15982299971887626,Train
TAKGOE_clean,10.5248,9.55919,10.5248,1.53175,1232.21,804.446,0.0,0.0,0.5862,0.3827,0.0,1,0.0017457465,1.5857592006,1.731152027299569,Train
TAKGUK_clean,10.52986,9.57688,10.52986,1.52454,1236.56,811.103,0.0,0.0,0.5926,0.388707,0.0,1,0.001703963,1.5608829891999998,1.6973148391325037,Test
TAKHAR_clean,10.31674,9.51664,10.31674,1.55109,1234.33,795.781,0.0,0.0,0.5892,0.379861,0.0,1,0.001691959,1.5589820744,1.6224395946957273,Test
TAKHEV_clean,10.20812,9.46941,10.20812,1.57295,1231.54,782.951,0.0,0.0,0.5872,0.373312,0.0,1,0.0017391804,1.5679612253,1.7129592927081503,Train
TAKTIL_clean,7.09237,6.9712,7.09237,1.23349,1578.28,1279.52,0.0,0.0,0.5866,0.47556,0.0,0,0.0089558127,5.9369282933,5.346330584796144,Test
TAKTOR_clean,7.05969,6.99995,7.05969,1.17586,1580.48,1344.1,0.0,0.0,0.5726,0.486963,0.0,0,0.0066307193,5.286625696000001,5.0919234480522615,Train
TAKVAF_clean,7.05263,6.93916,7.05263,1.17979,1573.47,1333.69,0.0,0.0,0.5826,0.493819,0.0,0,0.0064695866,5.3386251917,5.073279807726159,Test
TAMHUM_clean,11.15594,7.259,10.84071,0.82433,2033.72,2467.12,0.0,0.0,0.7282,0.883384,0.0,1,0.0017109728,2.485205278,2.3452819894490124,Test
TANBOZ_clean,6.76714,4.26504,6.76714,1.06143,2653.84,2500.25,0.0,0.0,0.7164,0.674939,0.0,1,0.0008852166,1.2375107814,1.2605071526913216,Train
TAPXIT01_clean,5.69893,5.36843,5.69893,1.57809,498.722,316.029,0.0,0.0,0.4096,0.259554,0.0,1,0.0022863908,1.0450055746,1.2463821917121212,Test
TAQGEZ_clean,8.38886,8.25863,8.38886,0.927218,1939.79,2092.05,0.0,0.0,0.7086,0.764222,0.0,0,0.0021872827,2.784931653,2.7876514223066824,Train
TAQGOK_clean,4.98254,4.66211,4.92513,1.2855,367.973,286.249,0.0,0.0,0.4142,0.32221,0.0,1,0.0029035602,1.0706992996,1.285463605286435,Test
TARVOX_clean,4.82249,4.38256,4.82249,1.56156,717.335,459.371,0.0,0.0,0.4084,0.261533,0.0,1,0.0008621829,0.9734045429,0.8328290306204624,Train
TARVUD_clean,5.52201,5.05683,5.52201,1.5754,822.863,522.32,0.0,0.0,0.431,0.273582,0.0,1,0.0009944259,1.0171490182,0.9714529617869325,Test
TARWAK_clean,5.7222,5.11854,5.62643,1.61442,844.237,522.933,0.0,0.0,0.433,0.268207,0.0,1,0.000921066,0.9129234039,0.917359663768734,Train
TARWEO_clean,5.90162,5.41792,5.90162,1.76228,855.544,485.476,0.0,0.0,0.4612,0.261707,0.0,1,0.0009083336,0.9587299967,0.8969512778290376,Train
TASFAU_clean,11.93851,7.45098,11.93851,0.561345,2465.98,4393.0,0.0,0.0,0.7892,1.40591,0.0,1,0.0024782743,3.4611004715,3.4392803607499247,Train
TASVUG_clean,7.60995,6.84404,7.60152,1.19319,1872.8,1569.57,0.0,0.0,0.6146,0.515088,0.0,1,0.0024926273,2.468600741,2.7667449659240235,Test
TASWAN_clean,7.61281,6.7795,7.61281,1.23616,1858.69,1503.6,0.0,0.0,0.6202,0.501716,0.0,1,0.0025019037,2.6216997953,2.6887652035982135,Test
TASWER_clean,7.18775,6.56186,7.17833,1.27687,1841.49,1442.19,0.0,0.0,0.6088,0.47679,0.0,1,0.0025336853,2.6605186761,2.6632979537098134,Test
TASWIV_clean,7.31506,6.71653,7.31506,1.25001,1853.82,1483.05,0.0,0.0,0.6122,0.489757,0.0,1,0.0026121315,2.6652248854,2.7388980642486254,Test
TASWOB_clean,7.28953,6.56977,7.27292,1.26788,1836.09,1448.15,0.0,0.0,0.6064,0.478278,0.0,1,0.0026201755,2.5791980345,2.7680813241698328,Test
TASXIW_clean,7.39302,4.84143,7.39302,1.10616,2095.82,1894.67,0.0,0.0,0.6304,0.569897,0.0,1,0.0053468024,4.580998564,4.496060665287244,Train
TATPOV_clean,8.94506,6.39643,8.9366,0.932619,2044.77,2192.51,0.0,0.0,0.6812,0.730416,0.0,1,0.0037970998,4.3813060019,3.9232462866290323,Test
TAWHOO_clean,4.38999,3.64477,4.35876,1.86492,695.401,372.886,0.0,0.0,0.4262,0.228535,0.0,0,0.0797300385,4.5163641065,4.233649026514962,Train
TAWTAP_clean,4.72389,3.94843,4.7043,1.63068,1518.12,930.97,0.0,0.0,0.6006,0.368312,0.0,0,0.0072593336999999,3.883301568,3.8039621409572595,Test
TAWYUO_clean,7.27421,6.44823,7.26586,0.918654,1410.21,1535.08,0.0,0.0,0.5716,0.622215,0.0,1,0.0041177389,3.5114012586000003,3.6243201243059944,Train
TAYNEN_clean,5.31191,3.45332,5.31191,1.3024,757.68,581.756,0.0,0.0,0.4834,0.371161,0.0,0,0.0018626182999999,1.5501196577,1.448482019950574,Train
TAZLIR_clean,11.03662,6.77118,11.03522,0.972357,2245.68,2309.52,0.0,0.0,0.737,0.757952,0.0,1,0.0035183118,3.1749386035,3.510345554793093,Test
TAZLOX_clean,11.11165,6.76913,11.10718,0.977004,2218.73,2270.96,0.0,0.0,0.7358,0.753118,0.0,1,0.0034022147999999,3.1733743973000004,3.391355522942081,Train
TAZLUD_clean,11.12433,6.7889,11.12433,0.98349,2237.28,2274.84,0.0,0.0,0.7358,0.748152,0.0,1,0.0034349095,3.1665009677,3.3851575273532535,Train
TAZSAP02_clean,4.8997,3.82043,4.80699,1.96517,851.036,433.06,0.0,0.0,0.4368,0.222271,0.0,1,0.0011378418,1.0159888115,0.9980291887468073,Train
TAZYAV_clean,6.36917,5.18527,6.3624,0.882052,2917.95,3308.15,0.0,0.0,0.7278,0.825122,0.0,0,0.002323848,2.9139922288,2.969630629137697,Train
TEBSAW_clean,5.155,3.94411,5.14164,1.22508,1226.81,1001.4,0.0,0.0,0.5714,0.466417,0.0,1,0.0042062015,2.9568456952,2.933319156118206,Test
TECTUS_clean,5.16992,3.60905,5.14467,1.12529,1198.87,1065.39,0.0,0.0,0.54,0.479875,0.0,1,0.004498244,2.8396354273,3.020505786393915,Train
TECVEE_clean,6.29319,4.18887,6.28108,1.16711,1136.4,973.681,0.0,0.0,0.5084,0.435605,0.0,1,0.0048700177,2.8692366501,2.9520382240219143,Train
TEDXOR_clean,4.80997,3.90285,4.79195,1.24859,706.426,565.776,0.0,0.0,0.4748,0.380268,0.0,1,0.0046179195,2.4321110245,2.3024136447610335,Test
TEFWIL_clean,18.12979,5.71178,18.12979,1.1222,1588.21,1415.26,0.0,0.0,0.6436,0.573515,0.0,0,0.0029869723999999,2.3619292612,3.0586434768751856,Test
TEFWOR_clean,8.09113,4.61719,8.09113,1.43313,1313.7,916.666,0.0,0.0,0.5436,0.379311,0.0,0,0.0072019824,2.4241988984,3.621919916924376,Test
TEHRUU_clean,4.78045,3.65221,4.45538,1.55312,875.885,563.951,207.395,133.534,0.5568,0.358503,0.0,1,0.001340876,1.291528096,1.3934573924633804,Train
TEHWEK_clean,5.04484,3.57491,5.04484,1.22875,1458.35,1186.85,0.0,0.0,0.6306,0.513203,0.0,0,0.003974116,2.9666462809,3.1080802560400027,Train
TEJBAN_clean,4.03108,3.48324,4.03108,1.38569,387.305,279.502,0.0,0.0,0.442,0.318974,0.0,0,0.0017411073,1.3875314846,1.4292161149445475,Train
TEJBOB_clean,7.12468,6.03948,7.12468,1.31037,1062.37,810.735,0.0,0.0,0.4896,0.373634,0.0,1,0.0019584073,1.7492551419,1.831463642751297,Test
TEJGAS_clean,4.74057,3.77757,4.73232,1.91081,991.998,519.151,0.0,0.0,0.479,0.250679,0.0,1,0.0015289816,1.3831687199,1.3437990972308522,Train
TEJGEW_clean,4.65952,3.80073,4.61652,1.92155,1014.2,527.802,0.0,0.0,0.4756,0.247508,0.0,1,0.0013292192999999,1.3252212695,1.2493925142133875,Train
TEJGIA01_clean,4.64544,3.84764,4.60599,1.88324,1040.62,552.567,0.0,0.0,0.4686,0.248826,0.0,1,0.00151827,1.3499863134,1.3632785705091897,Test
TEJGIA_clean,4.64155,3.86357,4.62359,1.88003,1035.3,550.681,0.0,0.0,0.4662,0.247975,0.0,1,0.0014311012,1.3523025133000002,1.3120746780434125,Train
TEJLOL_clean,6.35231,4.97084,6.35231,1.25899,1757.24,1395.75,0.0,0.0,0.6298,0.500244,0.0,1,0.0029125086,2.8036908045,2.8352390384298514,Test
TEMPAE_clean,9.74723,4.32378,9.74723,0.807529,2116.71,2621.22,0.0,0.0,0.6822,0.844799,0.0,0,0.003844009,3.6757217321,3.9506560669930195,Train
TEMPEI_clean,15.71457,10.86579,15.71457,0.592467,1916.3,3234.44,0.0,0.0,0.745,1.25745,0.0,1,0.0029264531,3.7500340189,3.863510900995348,Test
TENLIJ_clean,5.37557,4.41973,5.36241,1.14422,1308.35,1143.45,0.0,0.0,0.5684,0.496758,0.0,0,0.0058496639,3.4546838865,3.3967289892201555,Train
TENQOS_clean,6.34819,4.3477,6.32525,1.05624,2172.8,2057.11,0.0,0.0,0.6388,0.604787,0.0,1,0.0022922426,2.7319893174,2.7179546864560704,Train
TEQPAI_clean,6.00734,3.70386,5.68806,1.19067,1432.59,1203.18,0.0,0.0,0.596,0.500558,0.0,1,0.0066735967,4.066459457,3.9742160355723892,Test
TEQVAO_manual,4.70544,3.52951,4.70544,1.19795,706.636,589.87,0.0,0.0,0.5124,0.42773,0.0,1,0.0037638005,2.2038903084,2.303706952062862,Train
TEQWER01_clean,4.21874,3.59841,4.17878,1.6409,883.632,538.504,0.0,0.0,0.5372,0.327381,0.0,1,0.0025851304,1.9544880418,2.0619842667228276,Test
TEQWER_clean,4.21138,3.62218,4.19081,1.63762,863.669,527.392,0.0,0.0,0.5414,0.330601,0.0,1,0.0025585823,1.9720032132,2.0580007598744867,Test
TERFUT_clean,8.54041,6.58905,8.49644,0.900361,2024.24,2248.26,0.0,0.0,0.6654,0.739037,0.0,1,0.0036081215,4.0050830272,3.8725008049341465,Test
TERNUA_clean,7.01847,4.73004,6.9462,1.44294,1426.15,988.361,0.0,0.0,0.5566,0.385739,0.0,1,0.0043954689,3.2985674045,3.086220596434501,Test
TESGOO_clean,4.76391,3.62987,4.72184,1.92126,733.455,381.758,0.0,0.0,0.4574,0.238073,0.0,0,0.0039582033,1.7292479047999998,1.8609994082682053,Test
TESGUU_clean,4.82436,3.58268,4.81961,1.92111,719.303,374.421,0.0,0.0,0.4562,0.237467,0.0,0,0.0039179959,1.7042433178,1.8238809291651972,Test
TESHAB_clean,5.24315,3.84947,5.24293,1.8144,918.907,506.452,0.0,0.0,0.4908,0.270503,0.0,0,0.0036961101,1.7362216694,1.785917619396341,Test
TETVIZ_clean,5.51517,3.41736,5.00993,2.38206,1155.9,485.251,0.0,0.0,0.4816,0.202178,0.0,1,0.0010934862,1.183036361,1.1668447877294674,Train
TETWEW_clean,6.01008,3.97081,5.72262,2.0273,1705.36,841.198,0.0,0.0,0.5372,0.264983,0.0,1,0.0011001092999999,1.3158508988,1.2442783798394912,Train
TETZEX_clean,9.38994,9.11674,9.38994,1.90854,1244.92,652.292,0.0,0.0,0.5738,0.300649,0.0,0,0.0101068374,4.6578654249,4.627074394948924,Train
TETZEZ_clean,10.62365,6.73057,10.03707,0.736025,1901.4,2583.34,0.0,0.0,0.6844,0.92986,0.0,1,0.0035264946,4.0369947935,4.079387152267001,Test
TETZID_clean,5.13889,3.8044,5.11428,1.3464,751.257,557.976,64.4982,47.9043,0.4882,0.362598,0.0,0,0.0036560699,2.112035665,2.110576239948422,Test
TEVZEA_clean,4.59329,3.52297,4.53885,1.97043,629.425,319.434,0.0,0.0,0.444,0.225331,0.0,0,0.0036633484999999,1.6621118321,1.6980424953925872,Train
TEVZIE_clean,4.89772,3.64059,4.89772,1.88802,794.062,420.579,0.0,0.0,0.468,0.247879,0.0,0,0.0039433116999999,1.710406976,1.798939911926162,Train
TEVZOK_clean,4.56897,3.54471,4.54551,1.97903,632.114,319.407,0.0,0.0,0.4392,0.221927,0.0,0,0.0038092866999999,1.6621833119999998,1.7423509777761854,Train
TEVZUQ_clean,4.84681,3.6521,4.84681,1.89478,778.542,410.888,0.0,0.0,0.4634,0.244567,0.0,0,0.0038658751,1.697823523,1.7760906638805956,Test
TEWFOS_clean,5.12439,3.80032,5.11789,1.20574,872.156,723.339,0.0,0.0,0.4772,0.395775,0.0,1,0.0069560019999999,3.0692940676,2.906160121934728,Test
TEWFUY_clean,5.12402,3.76853,5.12402,1.20256,906.265,753.612,0.0,0.0,0.4818,0.400645,0.0,1,0.0071115781999999,3.0894066555,3.026094838589386,Test
TEWGEJ_clean,5.1192,3.89364,5.10203,1.1805,1020.25,864.259,0.0,0.0,0.4966,0.420671,0.0,1,0.0069468504,3.2792545105,3.3087227348773913,Test
TEXTOH_clean,7.36714,6.73872,7.36371,1.14671,1020.81,890.209,164.756,143.677,0.5422,0.472831,0.0,0,0.0034847974,2.2680515691,2.4369634090109114,Train
TEZKAM_clean,6.18548,4.52304,6.11894,1.1169,1248.24,1117.59,0.0,0.0,0.5306,0.475064,0.0,1,0.0068071254,3.3146500166000004,3.539823014704896,Test
TIDKAS_clean,5.39311,4.19786,5.39311,1.06903,921.952,862.419,0.0,0.0,0.508,0.475197,0.0,1,0.0036126744,2.6287195699,2.482997940950817,Test
TIDLEZ_clean,7.0595,6.90616,7.0592,1.03857,2192.07,2110.66,0.0,0.0,0.6778,0.652626,0.0,0,0.0019712814,2.7116152709,2.6012909253134517,Test
TIDLID_clean,4.2096,4.02928,4.2096,1.31378,1082.38,823.864,182.179,138.667,0.5798,0.44132,0.0,0,0.0017776585,1.7252985493000002,2.0173786273466447,Test
TIDMEA_clean,6.05011,4.95275,5.94474,1.747,1488.92,852.276,0.0,0.0,0.5394,0.308759,0.0,1,0.0011372401,1.252703787,1.2325658167115736,Test
TIFBOA_clean,4.67398,3.53239,4.41116,1.37462,661.997,481.587,0.0,0.0,0.4932,0.358791,0.0,1,0.0012482087,1.283063679,1.2121294037331714,Train
TIFZIR_clean,5.07264,3.5666,4.83614,1.48604,1551.78,1044.24,0.0,0.0,0.6264,0.421523,0.0,0,0.0056231078,3.2856461921,3.3707885874803307,Train
TIGSOT_clean,4.31733,3.92478,4.29293,1.79014,708.62,395.847,0.0,0.0,0.4326,0.241658,0.0,1,0.0035632538,1.7868320431,1.8781655415320146,Test
TIGVUC_clean,4.87344,3.46442,4.87344,1.07454,850.662,791.651,5.08913,4.73609,0.5344,0.497328,0.0,1,0.0038069546,2.5807615493,2.7314382543103544,Test
TIJPOT_clean,4.06689,3.45193,4.06689,1.44348,706.681,489.567,0.0,0.0,0.526,0.364397,0.0,1,0.0014019653,1.4304147103,1.4283519615000038,Train
TIKMEH_clean,5.55473,4.01932,4.70025,1.57489,444.086,281.979,505.527,320.992,0.4674,0.296782,0.0,1,0.0057500808,2.4668507571,2.5047271258969874,Test
TILHAZ_clean,7.88517,4.63235,7.88517,1.00373,1853.27,1846.38,0.563729,0.561634,0.6258,0.623475,0.0,1,0.001810847,2.3363824626,2.2809974130597577,Train
TILVOZ_clean,6.92662,5.60326,6.92662,1.05598,2650.36,2509.85,0.0,0.0,0.7402,0.700958,0.0,0,0.0013012803999999,1.7633590602000002,1.7111124790002845,Test
TILVUF_clean,5.76983,4.47642,5.76568,1.10794,2807.97,2534.4,0.0,0.0,0.7218,0.651478,0.0,0,0.0012724272,1.6915783683,1.6817101106541767,Train
TILWAM_clean,5.60602,4.41216,5.60244,1.12946,2808.42,2486.52,0.0,0.0,0.7174,0.635172,0.0,1,0.0013957747,1.7572365862,1.7670873941732015,Train
TIQGOQ_clean,4.96613,3.45527,4.96613,1.61722,430.124,265.965,0.0,0.0,0.3844,0.237692,0.0,0,0.0019057354,1.4077629236000002,1.2088202880407648,Train
TIQGUW_clean,4.96978,3.43779,4.70211,1.57704,459.833,291.579,0.0,0.0,0.3926,0.248947,0.0,1,0.0017417271,1.3054458348,1.138116792480017,Test
TIQHAD_clean,4.94141,3.41905,4.94141,1.59594,416.437,260.936,0.0,0.0,0.3934,0.246501,0.0,0,0.0017095001,1.2975751093,1.128926659878665,Test
TIQHEH_clean,4.93102,3.44222,4.63541,1.5902,461.876,290.452,0.0,0.0,0.3816,0.23997,0.0,0,0.0016704726,1.2720279878,1.1467635609688327,Test
TIQHIL_clean,4.95366,3.41712,4.75042,1.6098,421.45,261.803,0.0,0.0,0.389,0.241646,0.0,0,0.0017407845,1.3327645134,1.191461601684385,Train
TIRHIL_clean,9.31104,7.31301,9.26469,0.758181,2378.0,3136.45,0.0,0.0,0.7986,1.05331,0.0,0,0.0012089501,1.9884353797,1.9732812967001148,Train
TIRLIQ_clean,5.16708,4.02438,5.14791,1.34501,828.176,615.737,0.0,0.0,0.4914,0.365349,0.0,1,0.0037212391,2.0667441926,1.9991113791043371,Test
TIRQOB_clean,6.9378,5.1125,6.91934,1.1916,1497.46,1256.68,0.0,0.0,0.5672,0.475998,0.0,1,0.0101436006,3.9150283803,4.461760114666086,Test
TIRRIW_clean,6.09614,5.02444,6.09614,1.07096,1529.04,1427.73,0.0,0.0,0.5558,0.518974,0.0,0,0.0067941769999999,4.0843760261,4.159628644902135,Test
TISGUY_clean,5.93335,3.50712,5.93065,1.25359,678.031,540.871,0.0,0.0,0.466,0.371732,0.0,1,0.0008740269,0.9415578441,0.816287863670834,Test
TISHAF_clean,10.6324,4.41521,10.62231,0.802555,2137.19,2662.99,0.0,0.0,0.6594,0.821626,0.0,1,0.0066892088,5.950852847999999,5.328598133572543,Test
TISPAO_clean,11.19601,4.56022,11.19601,1.01627,1481.21,1457.5,344.513,338.997,0.6604,0.649826,0.0,0,0.0055317527,3.7837500351,3.7961974615629988,Train
TIVYAZ01_clean,8.9528,6.92043,8.9528,0.77854,2139.65,2748.28,0.0,0.0,0.7276,0.934569,0.0,1,0.0028587739,3.4362983708,3.7606966475284573,Test
TIXCIO_clean,8.51649,4.04507,8.50623,0.818285,2218.52,2711.18,0.0,0.0,0.665,0.812676,0.0,0,0.0061700697,6.015338615499999,5.978238173545315,Train
TIXMET_clean,7.38507,6.83905,7.38507,1.43185,1792.23,1251.69,0.0,0.0,0.6648,0.464295,0.0,0,0.0023337445999999,2.4796204078,2.458503200866835,Test
TIXMIX_clean,5.48641,4.37851,5.43408,1.55041,1423.25,917.982,0.0,0.0,0.5816,0.375127,0.0,0,0.0036972096999999,2.4272989284,2.4789867104579995,Train
TIXVON_clean,5.07339,3.91911,5.00348,0.938456,1558.9,1661.14,0.0,0.0,0.5776,0.615479,0.0,1,0.0081372887,5.2384470292000005,5.330109518429298,Train
TOBJUR_clean,10.64745,9.47902,10.64745,1.06964,1632.11,1525.85,0.0,0.0,0.6686,0.625069,0.0,1,0.0027870222999999,3.3149821104000003,3.275697263408027,Train
TOBKAY_clean,10.72174,9.5428,10.71607,1.08933,1630.18,1496.5,0.0,0.0,0.666,0.611383,0.0,1,0.0027672137,3.2636244271,3.2279843526136127,Test
TOBKEC_clean,10.11718,8.98959,10.11479,1.13998,1639.27,1437.98,0.0,0.0,0.6544,0.574044,0.0,1,0.002833168,3.2502748546,3.2063605065796623,Train
TOFQEM_clean,4.70069,3.85298,4.60227,1.25512,1271.42,1012.99,0.0,0.0,0.5644,0.449677,0.0,1,0.006978816,3.4712476346,3.831060144437426,Test
TOFTIT_clean,20.17115,6.28286,20.17115,0.598403,2258.24,3773.78,0.0,0.0,0.7822,1.30715,0.0,1,0.0036476647,4.5458125342,4.669414599270137,Test
TOHJIL_clean,5.54681,3.74513,5.54681,2.48482,1379.64,555.227,0.0,0.0,0.5704,0.229553,0.0,1,0.0016508523,1.4370841272,1.4939007317150719,Test
TOHQEO_clean,5.89344,4.18847,5.89146,0.984353,1685.69,1712.48,0.0,0.0,0.5842,0.593486,0.0,0,0.0080007385,4.7413620153,5.096731322280879,Test
TOHSAL_clean,9.79069,6.17903,9.78331,0.576207,2737.54,4750.96,0.0,0.0,0.7668,1.33077,0.0,1,0.0042138459999999,5.4281339867,5.386784832744583,Train
TOHYUL_clean,7.14824,6.33455,7.14824,1.33984,1522.29,1136.17,0.0,0.0,0.5742,0.428558,0.0,1,0.002445853,2.5456741686,2.423978971572086,Train
TOHYUM_clean,6.18172,4.54627,6.18172,1.23378,1539.69,1247.95,0.0,0.0,0.5958,0.482905,0.0,1,0.005349164,3.564590105,3.668011565741079,Train
TOJLOT_clean,9.35136,7.4656,9.35136,0.787935,1703.38,2161.83,0.0,0.0,0.6612,0.839156,0.0,0,0.0028603361,3.6714150544,3.522326449592344,Test
TOKDON_clean,5.68269,4.05076,5.58356,1.1925,2235.99,1875.04,0.0,0.0,0.6214,0.52109,0.0,1,0.0055722572999999,4.8304797825,4.242070433999322,Test
TOLGOR_clean,5.98694,4.00719,5.95033,1.17836,1406.99,1194.02,0.0,0.0,0.5528,0.469125,0.0,1,0.0049975965999999,3.1800868603,3.424916354425121,Train
TOLYOJ_clean,5.56011,4.7997,5.54043,0.908517,1594.37,1754.91,0.0,0.0,0.5744,0.632239,0.0,1,0.0041500669,3.8635668558,3.745986027270237,Train
TONBOO_clean,4.69422,3.90104,4.69422,1.33698,611.28,457.21,0.0,0.0,0.4482,0.335234,0.0,1,0.0059526685,2.1998912781,2.138831398075795,Train
TONLOY_clean,7.42094,6.92579,7.42094,1.50963,792.043,524.661,0.0,0.0,0.4632,0.30683,0.0,1,0.0012030887,1.1882990794,1.265274461118021,Test
TONLOZ_clean,5.96623,4.0883,5.95565,1.23552,1555.44,1258.93,0.0,0.0,0.5706,0.461828,0.0,1,0.0056824145,3.984628907,3.708675264006693,Train
TONTIB_clean,8.17686,3.88128,8.17686,0.785515,2106.51,2681.7,0.0,0.0,0.6434,0.819081,0.0,0,0.0057249319,6.0975600089,5.932672740210021,Train
TONTOH_clean,8.07783,3.80615,8.07783,0.808912,2062.02,2549.12,0.0,0.0,0.628,0.776351,0.0,0,0.0050376308,5.6010962203,5.280524241658752,Test
TONTUN_clean,8.01411,3.79872,8.01411,0.818446,2057.67,2514.12,0.0,0.0,0.6292,0.768774,0.0,0,0.0053200068999999,5.6893782903,5.624693042388685,Train
TONVAV_clean,8.13737,3.84778,8.13737,0.811081,2093.45,2581.06,0.0,0.0,0.6356,0.783646,0.0,0,0.0055452446999999,5.9452982524,5.608274880652207,Test
TONWUO01_clean,5.10073,4.40085,5.10073,1.20939,753.801,623.288,0.0,0.0,0.4534,0.374898,0.0,0,0.0049299577,2.5053135238,2.3186775654532408,Test
TONWUO_clean,4.69191,4.1146,4.69191,1.30005,589.458,453.412,0.0,0.0,0.4408,0.339064,0.0,0,0.0171332543,3.0643961526,2.9966787733100944,Train
TOPKIT_clean,8.32819,5.0756,8.31268,0.957644,2418.19,2525.15,0.0,0.0,0.6634,0.692742,0.0,1,0.006061965,5.4975183712,5.465896475069272,Train
TORJAN_clean,5.41891,3.81819,5.4137,1.12525,1554.01,1381.04,0.0,0.0,0.5844,0.519353,0.0,1,0.0031079014,2.6951906486,2.8467887990902767,Train
TORJER_clean,5.04936,3.67231,5.03861,1.16476,1436.77,1233.53,0.0,0.0,0.5708,0.490058,0.0,1,0.0033298943,2.6943732327,2.9949571625224953,Test
TORJIV_clean,5.15558,3.73306,5.14713,1.14909,1453.8,1265.17,0.0,0.0,0.5738,0.499351,0.0,1,0.0032593384,2.6675292939,2.8703798536498346,Test
TORJOB_clean,5.4126,3.81862,5.4126,1.10851,1564.49,1411.34,0.0,0.0,0.5858,0.528458,0.0,1,0.0031893207,2.7450737695,2.9496434058860896,Test
TORJUH_clean,5.30819,3.79107,5.29306,1.12185,1513.8,1349.38,0.0,0.0,0.5828,0.519498,0.0,1,0.0032432884999999,2.7547218129,2.818421987881343,Train
TORKAO_clean,5.01927,3.67935,4.85274,1.1494,1435.4,1248.83,0.0,0.0,0.5704,0.496261,0.0,1,0.0034835321,2.7817091764,3.0181627580306563,Test
TORKES_clean,5.31982,3.78089,5.2376,1.14355,1498.22,1310.14,0.0,0.0,0.5788,0.506141,0.0,1,0.0032249209,2.7227487507,2.807168392888685,Train
TORPUN_clean,8.7872,8.28484,8.78484,1.1627,1327.18,1141.46,0.0,0.0,0.5712,0.49127,0.0,0,0.0027029757,2.64875951,2.7036591299320643,Test
TORXAB_clean,5.19491,4.25541,5.19491,1.88967,495.266,262.092,0.0,0.0,0.436,0.230728,0.0,0,0.0007828284,0.6534211751,0.5988842899394777,Train
TOVHUJ_clean,8.92456,5.42795,8.42869,0.747114,2560.53,3427.22,0.0,0.0,0.6974,0.933458,0.0,1,0.0040918033,4.8777164656,4.929400462124564,Train
TOVJEV_clean,13.68087,10.37066,13.68087,0.399582,1892.74,4736.79,0.0,0.0,0.837,2.09469,0.0,1,0.003576369,4.6922250007,4.857684557451166,Test
TOVJIZ_clean,12.65101,8.2906,12.63941,0.451159,2031.86,4503.64,0.0,0.0,0.8026,1.77897,0.0,1,0.0034404373,4.6326609612,4.557492739643674,Test
TOVJOF_clean,12.42499,8.36781,12.422,0.470537,2039.96,4335.39,0.0,0.0,0.8052,1.71124,0.0,1,0.0038451385,4.6539509575,4.735653248522224,Train
TOVJUL_clean,7.14215,5.30329,7.13909,0.862488,2071.68,2401.98,0.0,0.0,0.6594,0.764532,0.0,1,0.0050939047,4.330845394100001,4.783645801091263,Test
TOVKEW_clean,13.15242,8.94797,13.15242,0.566631,2049.64,3617.24,0.0,0.0,0.7342,1.29573,0.0,1,0.0042285084999999,5.1026264079,4.763333125938161,Test
TOVKIA_clean,11.37766,5.00759,10.17753,0.697273,2365.25,3392.15,0.0,0.0,0.715,1.02542,0.0,1,0.0052898234,5.5918806034,5.40944899143293,Train
TOVKOG_clean,22.84213,13.1462,21.49189,0.3316,1563.99,4716.49,0.0,0.0,0.8634,2.60374,0.0,1,0.0038203517,5.0791929164,5.2527167577822516,Test
TOWNEA_clean,8.82467,7.77952,8.82467,0.718839,2198.94,3059.02,0.0,0.0,0.7032,0.978244,0.0,1,0.0030846688,3.8732380528,3.948733422061104,Test
TOWNOK_clean,6.93499,4.73179,6.92745,1.00825,1925.88,1910.13,0.0,0.0,0.619,0.613938,0.0,1,0.012547373,5.3069018649,6.343433624514174,Test
TOWNUQ_clean,8.86609,7.97255,8.86609,0.87729,1618.53,1844.92,0.0,0.0,0.6006,0.684609,0.0,1,0.0064780019,4.5923279819,4.78878786956228,Test
TOWPEC_clean,10.15584,5.70866,7.95557,0.889254,1486.62,1671.76,593.787,667.736,0.6774,0.761762,0.0,1,0.0044413239,4.7932069685,4.877585956191393,Test
TOWXEK_clean,6.06928,5.16457,6.05534,0.997154,1436.69,1440.79,3.8223,3.83321,0.5782,0.57985,0.0,1,0.0042502834999999,3.2698198264,3.4566891748646933,Test
TOXHAR_clean,4.88487,4.27765,4.88487,1.14926,1012.18,880.723,0.0,0.0,0.4974,0.4328,0.0,1,0.0039249363,2.5916625874,2.658837177475477,Test
TOXMUQ_clean,6.89787,6.74832,6.89787,1.06186,1595.8,1502.83,0.0,0.0,0.5884,0.55412,0.0,0,0.0118855787,7.3649418164,7.167939176887836,Train
TOXNEB_clean,7.00092,6.86576,7.00092,1.06886,1568.91,1467.83,0.0,0.0,0.5846,0.546936,0.0,0,0.0118453397,7.1934459438,6.9873177515760005,Test
TOXNIF_clean,6.95996,6.82273,6.95996,1.06718,1555.99,1458.03,0.0,0.0,0.5754,0.539176,0.0,0,0.011523987,7.183141420399999,6.556050666125078,Test
TOZFOF_clean,13.77283,9.32974,13.77283,0.843356,2144.73,2543.09,0.0,0.0,0.7158,0.848752,0.0,1,0.0021406987,2.3183837939,2.7105231561732297,Test
TOZHAR_clean,4.71595,3.81365,4.64425,1.35498,1755.8,1295.81,0.0,0.0,0.6366,0.469823,0.0,1,0.0015951204,1.9373784536,1.9242588006978625,Train
TUBCEA_clean,5.6085,3.84866,5.6085,1.73795,888.172,511.045,0.0,0.0,0.4598,0.264564,0.0,1,0.003910788,1.940363103,1.8806462592149997,Test
TUBJAD_clean,4.85188,4.35004,4.85188,1.22218,733.491,600.149,0.0,0.0,0.4892,0.400268,0.0,1,0.0018133123,1.3547733981,1.5038689576318849,Test
TUBLIN_clean,5.27232,3.84215,5.27232,1.23985,960.484,774.675,0.0,0.0,0.4788,0.386175,0.0,0,0.0039193056,2.5803387444,2.253992858840582,Test
TUCJAD_clean,5.76369,4.27387,5.76369,1.22067,1421.06,1164.17,0.0,0.0,0.5556,0.455161,0.0,1,0.0049534691999999,3.2880776771,3.2756036741220056,Train
TUDQOZ_clean,4.7672,3.81876,4.49087,1.57647,290.479,184.259,229.56,145.616,0.4148,0.263119,0.0,0,0.0047343542,1.5376623545,1.573862145846779,Train
TUGTAR_clean,4.77865,3.86046,4.77243,1.14723,1098.41,957.446,0.0,0.0,0.5416,0.472093,0.0,1,0.007219616,3.9636802355,3.7114216399343802,Test
TUJGIQ_clean,5.65806,4.28444,5.64037,1.20241,974.646,810.578,0.0,0.0,0.5012,0.41683,0.0,1,0.0037979295,2.5232667229,2.377668518071774,Test
TUKCOT_clean,5.03348,3.75359,4.98119,1.1597,1353.77,1167.35,0.0,0.0,0.5642,0.486504,0.0,1,0.0057984546,3.6492066299,3.6776949038213047,Train
TUMDAI_clean,4.50033,3.69451,4.50033,1.24564,1071.02,859.815,0.0,0.0,0.5156,0.413924,0.0,0,0.0096285751,4.1598642819,3.9663491481384656,Train
TUMQID_clean,4.78803,3.71858,4.78803,1.19719,1092.19,912.297,0.0,0.0,0.5342,0.446213,0.0,1,0.0069389337,3.7284319663,3.577524495134936,Test
TUMRIE_clean,4.83008,3.62775,4.83008,1.3408,1128.82,841.902,0.0,0.0,0.5312,0.396182,0.0,1,0.0065415705,3.4328309917,3.4323780848173793,Train
TUMROK_clean,4.44242,3.69598,4.44242,1.23691,1067.61,863.126,0.0,0.0,0.5056,0.40876,0.0,0,0.0085379944,3.9760598646,3.8468510287968156,Train
TUNJET_clean,6.14578,4.61369,6.05606,1.50948,1150.01,761.861,0.0,0.0,0.5096,0.3376,0.0,1,0.0037075529999999,2.1300611053,2.3871807254350728,Test
TUPDOZ_clean,4.88368,4.4419,4.87874,1.30126,809.227,621.881,0.0,0.0,0.487,0.374254,0.0,1,0.0088425262,2.8898436452,2.9556493296739736,Test
TUPGIU_clean,4.86654,3.68424,4.60956,0.816785,1409.59,1725.78,0.0,0.0,0.5472,0.669943,0.0,1,0.0017751732999999,2.2525748889,2.3585602835443815,Test
TUQWIL01_clean,5.38124,3.40475,5.38124,1.42901,1463.26,1023.97,0.0,0.0,0.6194,0.433446,0.0,0,0.0078979101,3.7643721528,3.8316675017973614,Train
TURDIV_clean,6.92653,4.99633,6.92653,1.00914,1370.8,1358.39,0.0,0.0,0.5476,0.542641,0.0,0,0.0049260543,3.8777408959,3.698335471688734,Test
TURDOB_clean,6.98892,4.35902,6.87374,1.03033,1344.35,1304.78,0.0,0.0,0.5432,0.52721,0.0,0,0.0048045439,3.6947915828,3.438708214386177,Test
TURDUH_clean,6.62446,4.36886,6.61015,1.02982,1359.58,1320.21,0.0,0.0,0.5506,0.534658,0.0,0,0.0046298972,3.6854790427,3.5807162119801887,Train
TURFAP_clean,6.01435,4.39558,5.97493,1.05478,1276.17,1209.89,0.0,0.0,0.5208,0.493754,0.0,0,0.0047869621,3.5010930939,3.482503764791508,Train
TURFET_clean,6.77386,4.80527,6.75967,1.02251,1388.25,1357.69,0.0,0.0,0.5348,0.523025,0.0,0,0.0048354099,3.8729742507,3.6071549652415245,Test
TUTHIA_clean,7.74765,6.0396,7.74488,1.02371,1471.87,1437.78,0.0,0.0,0.5658,0.552697,0.0,1,0.0054875579,4.5544175793,4.368761391952332,Train
TUTHOG_clean,7.58539,5.94334,7.58539,1.03555,1488.56,1437.45,0.0,0.0,0.5586,0.539422,0.0,1,0.0057724656,4.5874209208,4.341767043738807,Test
TUTJAU_clean,6.55313,5.09154,6.45158,1.05742,1473.03,1393.05,0.0,0.0,0.5626,0.532052,0.0,1,0.0063672059,4.2713805745,4.092515966273912,Test
TUYFIE_clean,5.48587,4.03732,5.48587,1.18223,1310.67,1108.64,0.0,0.0,0.5692,0.481463,0.0,1,0.0095069075,3.7983325433,3.9550857702293536,Train
TUYHOL_clean,5.84321,4.88702,5.4789,3.20354,994.943,310.576,0.0,0.0,0.468,0.146088,0.0,1,0.0004430892,0.5217592851,0.4812115175071172,Train
TUYHUR_clean,9.01467,4.33972,9.01467,1.00323,2258.33,2251.06,0.0,0.0,0.7092,0.706918,0.0,1,0.0016919203,2.2902726033,2.29955394828215,Train
TUYJAZ_clean,9.06373,3.5335,9.05923,1.06444,1888.19,1773.89,0.0,0.0,0.6828,0.641464,0.0,1,0.0015623834,1.9441883801,2.160013913509358,Test
TUYJED_clean,8.921,4.25748,8.91848,1.03154,2274.68,2205.14,0.0,0.0,0.7106,0.688873,0.0,1,0.0016605445,2.2635632965,2.2795048880880873,Test
TUYLIJ_clean,4.51754,3.71437,4.51754,1.86429,822.472,441.171,0.0,0.0,0.4454,0.238911,0.0,0,0.0762055651,5.0928557049,4.80828454534502,Train
TUYNEI_clean,4.98882,3.8643,4.98882,1.23289,1157.26,938.66,0.0,0.0,0.5728,0.4646,0.0,1,0.0053184264,3.1053357458,3.2376189629388725,Train
TUZVUH_clean,8.88409,8.01315,8.88409,1.36955,1074.66,784.684,0.0,0.0,0.5192,0.379103,0.0,1,0.0012170856,1.5171872193,1.404312563818134,Test
UBECEM_clean,4.8768,4.71272,4.8768,2.40571,1479.77,615.106,0.0,0.0,0.5964,0.24791,0.0,1,0.0016197426,1.4501890826,1.4357616522264542,Train
UBIBUF_clean,11.65323,7.63405,11.12586,0.757644,2339.26,3087.55,0.0,0.0,0.745,0.983311,0.0,1,0.0038670483,4.5253899776,4.443540566282183,Test
UBIPAY_clean,4.38835,3.9606,4.38835,1.21218,1031.09,850.605,0.0,0.0,0.4942,0.407694,0.0,1,0.0045168275,3.2558615147000003,3.1233720209780382,Train
UBULIO_SL,24.23226,22.89921,24.21499,0.438068,1818.16,4150.4,0.0,0.0,0.8258,1.8851,0.0,1,0.0029362341,4.3093113487,4.013839913985108,Test
UBULUA_clean,8.25861,7.55924,8.25861,1.22262,2063.77,1688.0,0.0,0.0,0.67,0.548005,0.0,1,0.0026675126,2.8471484123,2.862938860998846,Test
UBUMAH_clean,7.09336,6.41082,6.96082,0.845931,2610.44,3085.88,0.0,0.0,0.7132,0.843094,0.0,1,0.0034749335999999,4.3045903910000005,4.274139223500697,Test
UBUROY_clean,6.6651,5.3887,6.6651,1.08106,2567.3,2374.8,0.0,0.0,0.7436,0.687844,0.0,1,0.000741601,1.041809319,1.043826572996021,Train
UCABAE_clean,5.42772,4.56824,5.1729,1.09568,662.018,604.208,511.165,466.528,0.544,0.496495,0.0,0,0.0069236947,3.4303526682,3.9843749271628957,Test
UCAXEC_clean,4.65972,3.79898,4.65972,1.24715,773.765,620.428,0.335064,0.268664,0.4924,0.394821,0.0,1,0.0042558745,2.3425888718,2.561408018570862,Test
UCEGAM_clean,4.6913,3.56585,4.6913,1.64579,1244.17,755.971,0.0,0.0,0.5386,0.32726,0.0,1,0.000499502,0.7124986498,0.7141263272617691,Train
UCEGEQ_clean,4.6624,3.53865,4.56509,1.68077,1210.21,720.033,0.0,0.0,0.5348,0.318188,0.0,1,0.0005706401,0.7093705083,0.7332253626564351,Test
UCEXAC_clean,6.32023,4.85158,6.32023,1.4352,1385.63,965.467,0.0,0.0,0.5604,0.390469,0.0,1,0.0036399492,2.6762608989,2.680019451561604,Train
UCEXEG_clean,6.31608,4.83612,6.30774,1.45624,1389.21,953.967,0.0,0.0,0.5674,0.389633,0.0,1,0.0035412774,2.6582747067,2.6862193519524,Test
UCEXIK_clean,6.33067,4.85437,6.2578,1.46159,1391.18,951.831,0.0,0.0,0.5718,0.391219,0.0,1,0.0036104296,2.6315718639,2.6786487930855905,Test
UCEXOQ_clean,6.32321,4.82644,6.31444,1.48289,1385.85,934.555,0.0,0.0,0.5694,0.383979,0.0,1,0.003601291,2.6213837788,2.697469667756421,Test
UCOCUM_neutral,13.17014,6.56871,13.16847,0.882705,2115.68,2396.81,0.0,0.0,0.7142,0.809104,0.0,1,0.0048409013,3.9714066907,3.969597332800033,Test
UCOHUR_clean,8.1734,7.22847,8.12249,1.21949,2095.07,1717.98,0.0,0.0,0.6692,0.548752,0.0,0,0.0027570442,2.8465302498,3.013690182226337,Test
UCOJAZ_clean,8.09472,7.35206,8.09472,1.24694,2013.79,1614.99,0.0,0.0,0.6576,0.527372,0.0,1,0.0025733729,2.753283172,2.8229782330979805,Train
UCOJED_clean,7.99802,7.49345,7.99418,1.22768,2022.24,1647.21,0.0,0.0,0.665,0.541674,0.0,0,0.0026306466999999,2.7482483406,2.866020027749049,Test
UCOJIH_clean,8.11816,7.11073,8.05724,1.22088,2052.56,1681.21,0.0,0.0,0.6616,0.541903,0.0,0,0.0025371653,2.8384520051,2.786212588672658,Train
UCOXOZ_clean,6.74707,6.10487,6.74209,1.02439,1598.25,1560.2,14.8613,14.5075,0.5836,0.569706,0.0,1,0.0032545277,3.2056183282,3.1355299624002413,Test
UCUJOU_clean,7.86092,6.25774,7.86092,1.30122,2380.04,1829.08,0.0681927,0.0524066,0.6862,0.52735,0.0,1,0.0016212098,1.897955857,1.95512943195487,Train
UCUTIW_clean,6.35635,5.83008,6.34586,1.00359,1563.59,1558.0,0.0,0.0,0.6334,0.631134,0.0,1,0.0031948643,3.4500565946,3.4047848831582934,Train
UDANEV_clean,13.79937,11.17997,13.79937,0.783809,1782.29,2273.88,0.0,0.0,0.7968,1.01657,0.0,1,0.0043200988,3.9769175873,4.311688399811703,Test
UDEMEW_manual,28.23748,11.69499,28.22828,0.681201,1337.39,1963.29,46.9906,68.9819,0.7606,1.11656,0.0,1,0.0067258629,3.0163645469,3.0760140948906622,Train
UDICAN_clean,4.58421,3.93064,4.58097,3.59569,711.428,197.856,0.0,0.0,0.4032,0.112134,0.0,1,0.0059758876,1.2201723242,1.2102893581499834,Train
UDOVOA_clean,11.10402,3.55246,11.07204,1.28591,1551.09,1206.21,48.2971,37.5586,0.5878,0.457107,0.0,1,0.0136143584,4.2951603846,4.362929849255982,Train
UDUMIP02_clean,7.11427,6.32764,7.10696,1.42622,1719.35,1205.53,0.0,0.0,0.5884,0.412559,0.0,1,0.0017317604,2.0125938530000003,2.0085753747720148,Train
UDUMIP03_clean,7.09807,6.30763,7.09096,1.42891,1721.24,1204.58,0.0,0.0,0.5872,0.410943,0.0,1,0.0017518235,2.0216792594,2.0127566835022987,Test
UDUMIP_clean,7.19202,6.41478,7.18204,1.40092,1718.44,1226.65,0.0,0.0,0.5958,0.425293,0.0,1,0.0016990259,1.9708795465,1.99343546923964,Test
UFASEA_ion_b,3.8787,3.48972,3.87221,1.84634,417.315,226.022,88.8958,48.1469,0.4466,0.241883,0.0,1,0.0033292124,1.6685687793,2.046846702984201,Test
UFEMIC_clean,5.26486,4.19267,5.24985,1.20943,1737.26,1436.43,0.0,0.0,0.6508,0.538107,0.0,0,0.001018303,1.2923781955,1.2522738273575769,Train
UFENAW_clean,7.28617,5.35852,7.10503,0.754992,3088.35,4090.58,0.0,0.0,0.7422,0.983057,0.0,1,0.0033506943,4.1554245642000005,4.447679762108131,Test
UFEVIL_clean,6.75773,4.04783,6.73846,1.05377,1465.81,1391.02,0.0,0.0,0.5784,0.548886,0.0,1,0.0030306223,2.9930506073000003,2.8683108362291105,Train
UFEXEJ_clean,5.30731,5.14101,5.30608,2.3365,1189.34,509.026,0.0,0.0,0.4796,0.205264,0.0,1,0.0023199935,1.6082183037,1.5784256176802545,Train
UFEXIN_clean,5.2808,5.11213,5.27438,2.36936,1181.21,498.534,0.0,0.0,0.4788,0.20208,0.0,1,0.0023017587,1.5915364359,1.570111530118949,Test
UFOFIF_clean,4.79304,3.6453,4.79304,1.31843,760.934,577.154,0.0,0.0,0.5036,0.381971,0.0,1,0.001253793,1.2646761387,1.2205647562500204,Train
UFUNIS_clean,4.49854,3.78199,4.40172,1.42532,684.322,480.117,0.0,0.0,0.4402,0.308843,0.0,1,0.0123014492,2.9183092477,2.922125368492332,Train
UFUQIV_clean,7.38156,5.81733,6.18024,0.675677,2389.77,3536.85,0.0,0.0,0.7014,1.03807,0.0,1,0.0044454077,5.2380826835,5.2392516508191385,Train
UGAQEY_clean,4.89575,4.03861,4.89307,1.29414,1150.64,889.116,1.22671,0.947894,0.5042,0.389602,0.0,1,0.0034012583,2.3999732101,2.501008140329522,Test
UGELIB_clean,9.36087,9.10832,9.36087,1.90193,1244.67,654.425,0.0,0.0,0.572,0.300747,0.0,0,0.0119337074,4.8096825155000005,4.776381286029695,Train
UGOFED_clean,5.38504,4.20309,4.96349,1.22232,1169.34,956.656,0.0,0.0,0.5274,0.431476,0.0,1,0.0083276767,3.3222026136,3.5017755888745437,Train
UGUGUZ_clean,4.77323,4.07807,4.77323,1.79667,684.632,381.056,127.779,71.1197,0.5662,0.315138,0.0,1,0.0011909411,1.4212551277,1.3031004327960964,Train
UGUHAG_clean,4.84717,4.36591,4.84717,1.73201,1080.53,623.859,0.0,0.0,0.576,0.332562,0.0,1,0.0012089524,1.3698840283000002,1.2721858927285978,Train
UGUHEK_clean,4.77594,4.10655,4.77594,1.75746,691.545,393.492,145.139,82.5845,0.5694,0.323991,0.0,1,0.0008587253,1.0721416205,1.0792027825078097,Test
UHASED_clean,4.93212,3.89765,4.93212,1.32119,1664.14,1259.57,0.0,0.0,0.5574,0.421891,0.0,0,0.0070777871999999,4.5730138892,4.211415424855638,Test
UHAXUW_clean,5.09262,3.57011,5.0696,1.51761,748.067,492.925,0.0,0.0,0.446,0.293883,0.0,0,0.0032621489,1.7049444016,1.8201313743730687,Train
UHUPET_clean,13.55212,8.93511,12.0856,0.540431,2097.88,3881.87,0.0,0.0,0.7682,1.42146,0.0,1,0.0027541196,3.7343172818,3.745846501566964,Train
UHUPOD01_clean,33.07784,21.40391,33.07784,0.19136,873.381,4564.06,0.0,0.0,0.937,4.89652,0.0,0,0.004103756,5.8528364509,5.930374241490897,Train
UJAQEC_clean,4.46683,3.5414,4.46683,1.21484,1347.94,1109.56,67.5496,55.6038,0.5582,0.459485,0.0,1,0.0063154696,4.642146403,4.442414583035048,Train
UJAQUS_clean,7.15939,6.10118,7.07981,0.989707,2008.92,2029.81,0.0,0.0,0.6442,0.6509,0.0,1,0.0041727034999999,4.4593052609,4.255120679004449,Train
UJEDIX_clean,4.86939,3.4331,4.86939,1.44888,987.806,681.772,2.33073,1.60864,0.5456,0.376567,0.0,0,0.0019610984,1.6859167461000002,1.851912599362394,Test
UJILAA_clean,19.23413,9.51535,19.23413,0.420332,1982.45,4716.4,0.0,0.0,0.8898,2.1169,0.0,1,0.0013486435,1.9277613751,2.065180845771984,Train
UJIZET_clean,7.09242,5.53096,7.08797,1.15967,2195.41,1893.13,0.0,0.0,0.6436,0.554986,0.0,1,0.002136571,2.5651975548,2.5745183226987414,Test
UJOWEW_clean,5.75366,4.18708,5.75366,1.11983,1989.69,1776.77,0.0,0.0,0.6036,0.539008,0.0,1,0.00193503,2.0692801377000003,2.1721768370227976,Train
UJULIW_clean,7.01875,6.807,7.01875,2.47032,548.528,222.047,0.0,0.0,0.3284,0.132938,0.0,1,0.002965106,1.2462771448,1.3323680174135948,Train
UJUPUM_clean,6.77742,5.67068,6.76869,0.861722,2505.7,2907.78,0.0,0.0,0.7082,0.821843,0.0,1,0.0024177657,3.0917197306,3.119855061851943,Train
UJUQIB_clean,10.2017,5.3119,10.02065,0.774012,2238.72,2892.35,0.0,0.0,0.6914,0.893268,0.0,0,0.0040172078,4.8908409554,4.652334996988795,Train
UKAJOH_clean,5.01926,3.81172,4.98641,1.35653,485.975,358.247,0.0,0.0,0.4304,0.317279,0.0,1,0.0076871397,1.8372084508,1.9405823448211104,Train
UKAPUS_clean,6.98994,4.84446,6.98994,1.13705,1711.16,1504.91,0.0,0.0,0.5842,0.513788,0.0,0,0.0046873275,3.5285083224,3.767142482975413,Test
UKAQAZ_clean,7.03658,4.81444,7.03658,1.1542,1709.08,1480.75,0.0,0.0,0.5836,0.505632,0.0,0,0.0045494604,3.5343213971,3.6906516620094445,Test
UKAQED_clean,6.96134,4.79708,6.96134,1.16653,1696.68,1454.47,0.0,0.0,0.581,0.49806,0.0,0,0.0046523557,3.5284922818,3.697476362319796,Train
UKAQIH_clean,7.0082,4.78738,7.0082,1.16844,1713.29,1466.3,0.0,0.0,0.5844,0.500152,0.000171168,0,0.0046465028,3.5093315433,3.7097800148175506,Test
UKAZEM_clean,10.77132,8.65206,10.76899,0.789293,2030.11,2572.07,0.0,0.0,0.7756,0.982652,0.0,1,0.0012391728,1.8259868709,1.837082804718917,Train
UKEXEP_clean,4.56996,3.476,4.56996,1.58485,612.499,386.472,21.3828,13.492,0.4954,0.312585,0.0,1,0.0025399243,1.722817679,1.7821286251966333,Train
UKIQIP_clean,10.57455,7.52574,10.57455,0.823179,2075.57,2521.41,0.0,0.0,0.6786,0.824365,0.0,1,0.0029516063,3.3274859989,3.4596095188312463,Train
UKIQOV_clean,13.66711,9.63813,13.66009,0.628902,2104.6,3346.47,0.0,0.0,0.7776,1.23644,0.0,1,0.0036796396999999,4.584609611,4.510447056346521,Train
UKOZOK_clean,5.16699,3.99697,5.16538,2.08607,1456.61,698.257,0.0,0.0,0.5214,0.249944,0.0,1,0.0030020063,2.0390286262,2.0925931884019393,Test
UKUBOS_clean,7.20509,4.51731,7.20509,1.01682,1332.64,1310.6,0.0,0.0,0.5496,0.540507,0.0,0,0.0102699314,4.2249078171,4.472617616468618,Train
UKUBUY_clean,7.24877,4.48545,6.9378,1.0306,1336.85,1297.17,0.0,0.0,0.5312,0.51543,0.0,0,0.0121855154,4.4637063095,4.394651474708487,Train
UKUCAF_clean,7.2141,4.4286,6.87747,1.05667,1313.72,1243.26,0.0,0.0,0.5246,0.496466,0.0,0,0.0123145297,4.3544457429,4.329264603662102,Train
UKUPIB_clean,7.9794,5.83185,7.9636,0.893496,2137.53,2392.33,0.0,0.0,0.6356,0.711363,0.0,1,0.0027643357,3.6016941498,3.4465729419943565,Train
UKUPUL_clean,6.90717,5.2805,6.90717,1.43379,1465.65,1022.22,1.90531,1.32886,0.5222,0.364209,0.0138095,1,0.0058648277,2.5551859914,2.63529932247861,Train
ULAQAB_clean,5.27643,3.51743,4.89733,1.04387,1032.19,988.815,0.0,0.0,0.5466,0.523628,0.0,0,0.0059158326,3.369060872,3.4452101179177235,Train
ULAQEF_clean,5.27064,3.49026,5.03731,1.02909,1016.13,987.412,0.0,0.0,0.5346,0.51949,0.0,0,0.0048516009,3.1295900441000004,3.155161643778991,Test
ULASAD_clean,8.38485,6.51445,8.17533,0.647842,2428.58,3748.72,0.0,0.0,0.7298,1.12651,0.0,1,0.0017575593,2.4055585488,2.4807424540563985,Train
ULEGOH_clean,6.13177,4.39371,6.11357,1.30509,966.034,740.207,0.0,0.0,0.4766,0.365187,0.0,1,0.0044170095,1.9200161606,2.261436393428475,Train
ULIMIN_clean,5.00183,3.7748,4.85322,1.2693,515.601,406.208,162.351,127.906,0.476,0.375009,0.0,0,0.0087545876,2.8831120477,2.790829229878049,Train
ULOGAE_clean,6.57121,5.40028,5.95167,1.35328,2211.75,1634.36,0.0,0.0,0.6272,0.463465,0.0,1,0.0033157304,3.2383735576,3.2335059626872704,Train
ULOKAJ_clean,8.7673,6.34979,8.7673,1.30492,1735.79,1330.19,0.0,0.0,0.637,0.488152,0.0,0,0.0016431667,1.9665940652,2.0001623912534905,Test
ULOLEO_clean,8.29808,5.90829,8.29808,1.34322,1731.11,1288.78,0.0,0.0,0.6394,0.47602,0.0,0,0.001579968,1.9915674344,1.8623730684551523,Test
ULOLIS_clean,8.54677,6.10924,8.54677,1.32937,1733.05,1303.66,0.0,0.0,0.6388,0.480529,0.0,0,0.0017596894,1.9610009785,2.0541844764729857,Test
ULOMAL_clean,8.86217,6.43433,8.86217,1.31015,1733.6,1323.21,0.0,0.0,0.6522,0.497807,0.0,0,0.0015345439,1.9398057079,1.8139620281539244,Test
ULUVUT_clean,5.14269,4.75945,5.14269,1.14921,1898.67,1652.16,0.0,0.0,0.6398,0.556733,0.0,0,0.0045252232,3.6158563163,3.9241219364405415,Test
UMABIV_clean,5.68466,5.22417,5.68466,1.23934,1941.33,1566.43,0.0,0.0,0.6118,0.493651,0.0,1,0.0044094588,3.7192752507,3.535268677421475,Test
UMABOB_clean,5.41853,4.65091,5.41146,1.04463,1738.12,1663.87,0.0,0.0,0.574,0.549478,0.0,1,0.0047505532,4.0088629643,3.8256357703045865,Train
UMALUQ_clean,8.90326,5.05379,8.67673,1.06985,1916.16,1791.07,0.0,0.0,0.5972,0.558212,0.0,1,0.0024627351,2.7060557363,2.717425153429998,Test
UMEDEX_clean,8.31991,5.90244,8.31991,1.33036,1734.05,1303.45,0.0,0.0,0.6334,0.476113,0.0,0,0.0017968993,2.0092450486,2.0554457960779766,Train
UMEDIB_clean,8.20629,5.26943,8.19367,1.3504,1744.84,1292.1,0.0,0.0,0.632,0.46801,0.0,0,0.0016471166,1.9502789207,1.8612759010777011,Test
UMEDOH_clean,8.3593,5.89473,8.3593,1.33036,1732.85,1302.55,0.0,0.0,0.6328,0.475662,0.0,0,0.001716029,2.0113121731,2.030613125653248,Test
UMEHOL_clean,7.1388,4.96773,6.18362,1.60251,1384.6,864.024,0.0,0.0,0.5636,0.351699,0.0,1,0.0044662786999999,2.9164313578,2.8581025312366592,Test
UMEKEE_clean,8.30632,6.09762,8.27233,0.751545,2616.23,3481.13,0.0,0.0,0.734,0.976654,0.0,0,0.0036665877,4.5011602766,4.5486475866026606,Train
UMEKII_clean,6.2978,4.37155,6.14715,1.16372,1476.0,1268.34,0.0,0.0,0.5854,0.50304,0.0,0,0.0071605157,3.6667155515,4.106810834681232,Test
UMELAB_clean,6.29398,5.39006,6.2901,1.61584,1305.01,807.638,0.0,0.0,0.54,0.334192,0.0,1,0.0044981006,2.6203522314,2.66839160161121,Test
UMELEF_clean,6.19405,5.34016,6.17707,1.64272,1285.83,782.746,0.0,0.0,0.5076,0.309,0.0,1,0.0044979982,2.5511478111000003,2.551378858279556,Test
UMEPOT_clean,6.2957,5.33563,6.29133,1.57681,1311.07,831.473,0.0,0.0,0.541,0.343098,0.0,1,0.0044622216999999,2.6701108222,2.6519955138982145,Test
UMEQAG_clean,7.17863,4.94429,6.16873,1.58166,1384.15,875.123,0.0,0.0,0.5566,0.351908,0.0,1,0.004419305,2.9296282163,2.8660454719977926,Train
UMESIQ_clean,7.11235,5.04643,6.16421,1.65932,1412.73,851.388,0.0,0.0,0.558,0.336282,0.0,1,0.0055032369,3.2189314265,3.0156687460786373,Test
UMESOW_clean,7.17498,4.93769,6.17391,1.56952,1391.65,886.672,0.0,0.0,0.5498,0.350298,0.0,1,0.0043715706,2.9383659249000003,2.8877958865420026,Train
UMEXUF01_clean,5.93545,4.3172,5.83035,1.61863,1574.22,972.568,0.0,0.0,0.547,0.337941,0.0,1,0.0058124665,3.1279523426,3.1473669192364926,Train
UMEXUF_clean,5.96732,4.46538,5.94889,1.62337,1487.02,916.008,0.0,0.0,0.5378,0.331286,0.0,1,0.00560747,3.1286199418,3.024992659421466,Test
UMIGAA_clean,8.23557,7.15317,8.23557,1.10058,2014.92,1830.78,0.0,0.0,0.622,0.565157,0.0,1,0.0039580167,4.0588572755,3.977030267199499,Train
UMIZEX_clean,6.27903,5.11829,6.27347,1.43647,1654.12,1151.52,0.0,0.0,0.554,0.385668,0.0,1,0.0035910775,2.7578521012,2.8093423103360866,Test
UMOBEF01_clean,11.72616,5.98085,11.72563,0.505624,2624.2,5190.03,0.0,0.0,0.792,1.56638,0.0,1,0.0038826356,5.1172695464,5.118274623736722,Train
UMOBEF02_clean,11.74556,6.09657,11.74553,0.512375,2648.86,5169.77,0.0,0.0,0.7876,1.53716,0.0,1,0.0039030169,5.1953910279,5.174703430468817,Train
UMOBEF03_clean,11.19548,6.07261,11.19529,0.54262,2779.47,5122.32,0.0,0.0,0.775,1.42826,0.0,1,0.0042087362,5.3445684771,5.431967660274905,Test
UMOBEF04_clean,9.82687,5.92931,9.82687,0.641251,2696.95,4205.76,1.10178,1.71818,0.73,1.1384,0.0,1,0.0052006256,5.721384545299999,5.519184981901236,Test
UMOBEF05_clean,9.81532,6.14212,9.81476,0.699468,2487.48,3556.24,0.0,0.0,0.705,1.00791,0.0,1,0.0053840571999999,5.4340457335000005,5.4327675748673565,Train
UMOBEF06_clean,9.73892,6.12776,9.73892,0.704912,2451.84,3478.22,0.0,0.0,0.7064,1.00211,0.0,1,0.0056795859,5.4146155712,5.404266114491691,Test
UMOBEF07_clean,9.64899,6.11183,9.64836,0.717947,2412.56,3360.35,0.0,0.0,0.7028,0.978902,0.0,1,0.0055471075,5.3574120862,5.391489512794887,Train
UMOBEF08_clean,9.5277,6.07844,9.52714,0.722374,2381.06,3296.16,0.0,0.0,0.701,0.970411,0.0,1,0.0057848892,5.3340721132,5.286816650543434,Test
UMOBEF09_clean,9.30813,6.0393,8.12664,0.731985,2350.62,3211.3,0.0,0.0,0.696,0.95084,0.0,1,0.0058290487,5.2805950073000005,5.441565106146056,Test
UMOBEF_clean,12.498,6.04018,12.42609,0.48038,2503.44,5211.38,0.0,0.0,0.7972,1.65952,0.0,1,0.0034274534999999,4.8628057542,4.754512048540001,Test
UMODEH01_clean,11.30468,5.41503,11.30468,0.512269,2642.07,5157.57,0.0,0.0,0.7812,1.52498,0.0,1,0.0037472886,5.0804595887,5.015784850654549,Train
UMODEH03_clean,11.61852,5.42066,11.35102,0.51003,2634.97,5166.3,0.0,0.0,0.785,1.53913,0.0,1,0.0038096887,5.0214061301,5.086736595746645,Train
UMODEH04_clean,11.36787,5.34922,11.36787,0.533932,2752.39,5154.94,0.0,0.0,0.771,1.444,0.0,1,0.0039574783,5.2464799093,5.307756394125747,Train
UMODEH06_clean,11.16649,5.2519,11.16649,0.555198,2855.76,5143.68,0.0,0.0,0.7652,1.37825,0.0,1,0.0042858997999999,5.443339002899999,5.493483213608422,Test
UMODEH07_clean,11.33302,5.24933,11.33302,0.558087,2863.98,5131.77,0.0,0.0,0.7612,1.36394,0.0,1,0.0042464892,5.4899157311,5.458743868900211,Train
UMODEH08_clean,7.50813,5.20054,6.29758,0.647965,2827.66,4363.91,0.0,0.0,0.7222,1.11457,0.0,1,0.0051135218,6.0253773263,5.833203021080065,Test
UMODEH09_clean,7.58377,5.1021,6.14779,0.720299,2563.17,3558.48,0.0,0.0,0.6962,0.966543,0.0,1,0.0057835015,5.6309563172,5.66647914430065,Train
UMODEH10_clean,8.26869,5.10695,6.12476,0.739009,2428.99,3286.83,0.0,0.0,0.6872,0.929894,0.0,1,0.005760512,5.454600574,5.486733166894577,Train
UMODEH11_clean,7.88398,5.10678,6.00855,0.750929,2393.61,3187.54,0.0,0.0,0.6846,0.911671,0.0,1,0.0059805543999999,5.385123019,5.485809383750338,Train
UMODEH12_clean,7.73054,5.09547,6.08288,0.751192,2382.98,3172.27,0.0,0.0,0.6794,0.90443,0.0,1,0.0059641333,5.398890445599999,5.460880652006434,Train
UMODEH13_clean,8.08,5.10727,6.08981,0.75692,2343.08,3095.55,0.0,0.0,0.6792,0.89732,0.0,1,0.0058360489,5.3714606872,5.37978794248618,Train
UMODEH14_clean,11.13019,5.34376,11.13003,0.540267,2804.02,5190.06,0.0,0.0,0.7704,1.42596,0.0,1,0.0040527205,5.322325556,5.387170012720898,Test
UMODEH15_clean,11.39121,5.37416,11.39121,0.528259,2720.83,5150.56,0.0,0.0,0.7764,1.46973,0.0,1,0.0040165942,5.2741329943,5.3254518953052585,Test
UMODEH16_clean,13.02556,5.98917,13.02556,0.473838,2451.04,5172.75,0.0,0.0,0.8008,1.69003,0.0,1,0.0035436673,4.7970614464,4.878771287158625,Test
UMODEH17_clean,11.09362,5.25928,11.09362,0.56801,2915.72,5133.22,0.0,0.0,0.7592,1.3366,0.0,1,0.004489521,5.591036691599999,5.528298641676863,Test
UMODEH18_clean,12.07339,5.35338,12.07339,0.527677,2756.54,5223.93,0.0,0.0,0.7746,1.46794,0.0,1,0.003983752,5.2259141589,5.317761906434144,Test
UMODEH19_clean,9.53314,6.14559,9.53308,0.644874,2729.74,4232.98,0.0,0.0,0.7296,1.13138,0.0,1,0.0052441252,5.664768792,5.841078823811108,Test
UMODEH20_clean,9.81757,5.20485,6.37863,0.582326,2920.59,5015.39,0.0,0.0,0.7482,1.28485,0.0,1,0.0043384472,5.607956964,5.479767146085502,Test
UMODEH21_clean,9.91334,5.23079,9.91334,0.575954,2919.56,5069.08,0.0,0.0,0.75,1.30219,0.0,1,0.0043187419,5.5020344821,5.492096955546139,Train
UMODEH22_clean,10.42971,5.27481,10.42971,0.557764,2866.15,5138.64,0.0,0.0,0.7608,1.36402,0.0,1,0.0042070786,5.4450139522,5.470224776970303,Test
UMODEH23_clean,11.15907,5.34276,11.15907,0.535598,2770.05,5171.89,0.0,0.0,0.7696,1.4369,0.0,1,0.0038852256,5.2932372693000005,5.192973862522523,Train
UMODEH24_clean,11.42851,5.36939,11.42851,0.532371,2746.88,5159.71,0.0,0.0,0.7732,1.45237,0.0,1,0.0039312046,5.2957168512,5.287116130245241,Test
UMODEH25_clean,9.75422,5.20239,6.39739,0.581306,2933.81,5046.92,0.0,0.0,0.7442,1.28022,0.0,1,0.004259626,5.540955706599999,5.436912661922902,Test
UMODEH_clean,10.95537,5.36113,10.95537,0.533113,2747.45,5153.6,0.0,0.0,0.7742,1.45222,0.0,1,0.0038885098,5.276487776000001,5.177226271192012,Train
UMOKIS_clean,10.47066,8.24292,10.42077,0.843112,1761.07,2088.78,0.0,0.0,0.6618,0.784949,0.0,1,0.002925647,3.4196096984,3.376988794885711,Train
UMOVEZ01_clean,10.36799,5.68179,9.99869,0.557538,2889.19,5182.06,0.0,0.0,0.7634,1.36923,0.0,1,0.0042936583,5.4776820737000005,5.46657064297751,Train
UMOVEZ02_clean,10.40783,5.7016,10.40783,0.554264,2884.62,5204.42,0.0,0.0,0.768,1.38562,0.0,1,0.0043514052,5.4631264363,5.510706907645261,Test
UMOVEZ03_clean,10.92239,5.82104,10.1736,0.537309,2802.84,5216.45,0.0,0.0,0.7724,1.43754,0.0,1,0.0040117171,5.2724187134,5.330031147117572,Test
UMOVEZ04_clean,11.43321,6.00494,11.43286,0.521066,2715.35,5211.14,0.0,0.0,0.7844,1.50538,0.0,1,0.0038962231,5.1926667289,5.145834149551526,Test
UMOVEZ05_clean,10.32083,5.66439,10.32083,0.556946,2888.61,5186.51,0.0,0.0,0.7674,1.37787,0.0,1,0.0043514052,5.468354237000001,5.502566044998606,Test
UMOVEZ_clean,11.7936,5.96806,11.76218,0.502437,2621.26,5217.08,0.0,0.0,0.7922,1.57671,0.0,1,0.0036550445,5.0788406257,4.955582488965615,Test
UMOVID_clean,12.08323,6.02223,11.77524,0.495095,2551.4,5153.36,0.0,0.0,0.7958,1.60737,0.0,1,0.003814698,5.0568899773,5.100067612756044,Test
UMOVOJ_clean,12.44931,6.04966,11.64464,0.481059,2488.51,5172.97,0.0,0.0,0.8008,1.66466,0.0,1,0.0036652352,4.912559877900001,4.951737349241198,Train
UMOYOM03_clean,9.53653,5.34452,9.53653,0.572297,2816.69,4921.73,0.0,0.0,0.7558,1.32064,0.0,1,0.003800473,5.1435057093,5.156373007402385,Train
UMOYOM06_clean,9.27242,5.3599,9.27242,0.544667,2828.76,5193.56,0.0,0.0,0.7628,1.40049,0.0,1,0.004030456,5.1226298842,5.303965206343509,Test
UMOYOM07_clean,9.75529,5.37054,9.54348,0.541661,2791.87,5154.28,0.0,0.0,0.7712,1.42377,0.0,1,0.0038775217,5.1927789349,5.149645524710669,Test
UMOYOM08_clean,9.66223,5.42293,9.66221,0.547658,2688.94,4909.89,0.0,0.0,0.7644,1.39576,0.0,1,0.0035342563,4.8477175262,4.899752053741474,Train
UMOYOM10_clean,9.29709,5.30741,9.29709,0.582563,2853.3,4897.84,0.0,0.0,0.748,1.28398,0.0,1,0.0039228715,5.1190872112,5.251535642473938,Test
UMOYOM11_clean,8.68074,5.21106,8.68074,0.619321,2929.2,4729.69,0.0,0.0,0.724,1.16902,0.0,1,0.0043757459,5.437923029299999,5.436428592798256,Train
UMOYOM13_clean,8.08915,5.1527,6.21939,0.677127,2892.06,4271.07,0.0,0.0,0.7078,1.0453,0.0,1,0.0052080556,5.9774249593,5.889039720273647,Test
UMOYOM16_clean,7.63035,5.01799,6.05656,0.779987,2424.82,3108.79,0.0,0.0,0.664,0.851297,0.0,1,0.0056578701,5.439664147799999,5.403097479489996,Test
UMOYOM17_clean,7.20985,4.99864,5.97659,0.754372,2435.06,3227.93,0.0,0.0,0.675,0.894784,0.0,1,0.0053569242,4.9188550986,5.452459474637947,Test
UMOZUT_clean,10.2026,5.23269,10.2026,0.576016,2921.2,5071.38,0.0,0.0,0.7524,1.30621,0.0,1,0.0047916688,5.605493803200001,5.615337704140151,Train
UMUBAH_clean,10.24236,5.23581,10.24236,0.576725,2914.77,5054.0,0.0,0.0,0.7536,1.30669,0.0,1,0.0046011843,5.606006140700001,5.575493086430333,Test
UMUBEL_clean,10.43104,5.29557,10.43104,0.565681,2914.18,5151.62,0.0,0.0,0.7596,1.34281,0.0,1,0.0042300681,5.5324955704,5.465281351962323,Test
UMUBIP_clean,11.2434,5.32116,11.2434,0.544527,2831.33,5199.61,0.0,0.0,0.7672,1.40893,0.0,1,0.0041019837,5.3775955996,5.43830686163713,Train
UMUBOV_clean,10.36323,5.21129,10.36305,0.581505,2938.31,5052.94,0.0,0.0,0.7516,1.29251,0.0,1,0.0044468263,5.6482312848000005,5.464183116417564,Test
UMUXEG_clean,9.49806,8.4757,9.49806,2.20878,1092.16,494.464,0.0,0.0,0.5272,0.238684,0.0,1,0.0007470846,0.9075437026,0.94381673297331,Train
UNADIX_clean,6.75931,3.87519,6.75562,1.24165,1862.26,1499.83,0.0,0.0,0.6188,0.498371,0.0,0,0.0070983656,4.8747902136,4.853747738214118,Train
UNAGOH_clean,6.96079,6.02919,6.95596,0.981792,1984.33,2021.13,0.0,0.0,0.6686,0.681,0.0,1,0.004516013,4.8034420369,4.2988942394732685,Test
UNAGUN_clean,6.99295,6.04603,6.99295,0.980411,1997.43,2037.34,0.0,0.0,0.6572,0.670331,0.0,1,0.0042962324,4.8394554728,4.271263560318461,Test
UNECOH_clean,8.18788,6.9765,8.18788,1.09192,2032.27,1861.19,0.0,0.0,0.6216,0.569271,0.0,1,0.0034840606,3.7876514006,3.674640119130183,Train
UNECUN_clean,8.22196,7.00638,8.21981,1.18297,2033.93,1719.35,0.0,0.0,0.6502,0.549636,0.0,1,0.0038977690999999,3.8146039184,3.8525722132299203,Train
UNIMAG_clean,7.62122,4.89032,7.61772,1.27361,1516.85,1190.98,7.98461,6.26926,0.5702,0.447703,0.0,1,0.0013498334,1.6323167361000002,1.6035528206446288,Train
UNUNEY_clean,34.00674,17.63763,34.00674,0.237838,1109.56,4665.2,0.0,0.0,0.9182,3.86062,0.0,1,0.0031772472,4.6463590607,4.786785391284247,Test
UPIBOM_clean,6.9638,6.58355,6.9638,1.56774,1538.59,981.409,0.0,0.0,0.5776,0.368429,0.0,0,0.0036216982,2.910735484,3.0182121933435377,Train
UQEGII_clean,7.86584,3.91024,7.82641,1.73651,1232.93,710.003,0.0,0.0,0.5438,0.313156,0.0,1,0.0004517711,0.6187818814,0.6544600901464901,Train
UQERIT_clean,4.88677,3.80399,4.88677,1.1967,1362.48,1138.53,0.0,0.0,0.5566,0.465112,0.0,0,0.0080240564,4.2374951188,4.114591227854984,Test
UQOWUU_clean,5.90125,3.62484,5.90125,1.49858,1462.39,975.848,0.0,0.0,0.5542,0.369817,0.0,1,0.0029906405,2.427759643,2.488405454521773,Test
UQOYOP_clean,5.62402,4.63088,5.62402,1.0296,1173.78,1140.03,0.0,0.0,0.5218,0.506796,0.0,0,0.0069713532,4.0835658285,3.9534974573647825,Train
UQULAU_clean,7.2826,3.59407,7.2826,0.863333,1569.2,1817.6,0.0,0.0,0.6162,0.713745,0.0,1,0.0036563604999999,3.5125717612000003,3.619001978377683,Train
URENEM_clean,8.53899,7.85329,8.41522,0.74811,2058.38,2751.44,0.0,0.0,0.7178,0.959485,0.0,1,0.0040745303,5.0095725107,4.777834125712587,Train
UREVIY_clean,4.97933,3.80174,4.64142,1.58439,1154.53,728.69,0.0,0.0,0.5098,0.321764,0.0,1,0.0039488489,2.3735571226,2.561590852080562,Test
UREVOE_clean,4.98141,3.80725,4.69195,1.62966,1156.15,709.443,0.0,0.0,0.5054,0.310125,0.0,1,0.0038981896999999,2.3200326504,2.478925529027214,Test
URUVUA_clean,9.76128,4.51984,9.76128,1.07567,2198.26,2043.62,0.0,0.0,0.6792,0.631422,0.0,1,0.0034636188,3.0172468931,3.3051146575164134,Train
URUWEL_clean,9.27008,8.60913,9.21935,1.12073,1091.29,973.727,41.1176,36.688,0.5796,0.517161,0.0,1,0.001287197,1.6265337587,1.5495296823948406,Train
URUWIP_clean,8.03408,7.13721,8.03408,1.22198,1033.12,845.441,0.0,0.0,0.5468,0.447469,0.0,1,0.0013517523999999,1.6210445875,1.5084197042294558,Test
USAWIW_clean,8.66526,5.94328,8.64173,1.00954,1665.76,1650.02,0.0,0.0,0.6018,0.596112,0.0,0,0.0026747857,2.9859683915,2.931532256692614,Test
USEVOF_clean,9.78266,6.59544,9.77545,1.19807,1982.01,1654.33,0.0,0.0,0.6746,0.563072,0.0,1,0.0041513946,3.0296569376,3.3306685286446625,Test
USIRUL_clean,4.36706,3.58238,4.17257,1.44082,204.986,142.27,0.0,0.0,0.3816,0.264849,0.0,0,0.0037094804,1.0698825588,1.5304874454071784,Test
USISEW_clean,4.41857,3.83614,4.34351,1.41445,243.314,172.02,0.0,0.0,0.4008,0.28336,0.0,1,0.0047501227,1.1406705925,1.2379418053322966,Train
USORUR_clean,6.75938,5.44409,6.68952,0.77718,2490.53,3204.57,0.0,0.0,0.705,0.907126,0.0,1,0.0050131265,5.1973460579,5.387294277292469,Test
USOXEH_clean,5.26933,4.60511,5.26933,1.1789,1588.69,1347.6,0.0,0.0,0.5772,0.489609,0.0,1,0.0033429087,2.8966527896,2.9468048736950485,Test
USUBUG_clean,5.38089,5.04943,5.38089,1.1373,1931.44,1698.26,0.0,0.0,0.635,0.558338,0.0,0,0.0045207627,3.6662671693,3.838701193758385,Test
USUPUV_clean,5.56088,3.62011,5.55354,1.39664,1062.12,760.484,0.0,0.0,0.503,0.36015,0.0,1,0.0008293236,0.9097141606,0.9702412240621845,Train
USUVIP_clean,7.94489,4.42991,7.94489,1.30315,1252.83,961.391,0.0,0.0,0.5286,0.405634,0.0,1,0.0030078832,2.4716267794,2.440743631140091,Train
USUWUC_clean,6.42663,5.71174,6.42663,1.58208,1915.35,1210.65,0.0,0.0,0.6074,0.383924,0.0,0,0.0052496213,3.9457355366,3.8791527972850437,Train
UTACOJ_clean,10.00482,8.08324,10.00482,1.1027,1897.31,1720.61,0.0,0.0,0.673,0.610321,0.0,1,0.0016927771,1.9100605474,2.0529755626631374,Train
UTACUP_clean,7.57859,3.49654,7.57859,1.1652,1628.8,1397.88,0.0,0.0,0.6024,0.516994,0.0,1,0.0019580694,2.2223888836000003,2.3296772183093033,Test
UTADIE_clean,5.9737,4.97659,5.79418,1.5664,1976.27,1261.66,0.0,0.0,0.6122,0.390833,0.000127682,1,0.0019229398,2.1925801107,2.0515456667405525,Train
UTELIQ_clean,6.45449,5.48487,6.42215,0.86074,1771.9,2058.57,0.0,0.0,0.608,0.706369,0.0,1,0.007718228,5.7692765799000005,5.480191767630171,Train
UTEMAJ_clean,8.09581,6.09927,8.09581,0.734825,2275.05,3096.04,0.0,0.0,0.6682,0.909332,0.0,1,0.0048902882,5.2655410863,5.102501774804733,Test
UTEWOG_clean,14.59149,9.55269,14.59149,0.752086,1312.92,1745.71,424.373,564.261,0.7204,0.957869,0.0,1,0.0051375159,4.9849039808,4.849574683870094,Train
UTEXIB_clean,6.29693,3.9636,6.29186,1.00241,1350.02,1346.77,59.1211,58.9791,0.5926,0.591177,0.0,0,0.0048472718,3.7820492764,3.706624787420959,Train
UTOCAJ_clean,6.32412,4.71832,6.32412,1.02969,1479.29,1436.63,0.0,0.0,0.5216,0.506558,0.0,1,0.0063350138,4.3898978435,4.234362839684746,Train
UTOCEN_clean,6.30527,4.82361,6.30527,1.02298,1494.45,1460.88,0.0,0.0,0.5268,0.514966,0.0,1,0.0062659479,4.3970330696,4.1355375944669435,Test
UTULIF_clean,4.41246,3.54295,4.40979,1.75943,1064.28,604.898,0.0,0.0,0.5628,0.319876,0.0,0,0.0063309785999999,3.1086709214,3.2399910635354816,Train
UTULUR_SL_part,7.64843,6.25721,7.64843,1.71749,808.319,470.64,196.079,114.166,0.5024,0.29252,0.0,0,0.0107386487,3.4123076834,3.355988638050416,Train
UVANOW_clean,7.79568,5.2994,7.79517,0.823227,2568.33,3119.83,0.0,0.0,0.6984,0.848369,0.0,1,0.0040869163,4.2579655115,4.817907016811019,Test
UVANUC_clean,4.85728,3.61043,4.47871,1.46742,436.6,297.529,393.627,268.244,0.5082,0.346323,0.0,1,0.0052073085,3.3562503098,2.687441637090416,Test
UVEVAT_clean,5.06012,3.86427,5.04389,0.990442,2050.94,2070.73,0.0,0.0,0.6266,0.632647,0.0,0,0.006001994,5.148015985,5.202636187896364,Train
UVEVUN_clean,13.08634,6.53433,13.08634,0.765991,2243.91,2929.42,0.0,0.0,0.7048,0.920115,0.0,1,0.0044210613,4.912026005,4.790625892346358,Train
UVINAP_clean,4.33279,3.86236,4.33279,1.23597,436.504,353.166,0.0,0.0,0.445,0.36004,0.0,0,0.0023232005,1.5505108208,1.5178249029634274,Train
UVIPIZ_clean,13.16154,6.50431,13.16154,0.868575,2146.52,2471.31,0.0,0.0,0.7192,0.828023,0.0,1,0.0037743233,3.6514536602,3.6927426478283234,Train
UVIPOF_clean,13.17946,6.58449,13.17946,0.87003,2145.41,2465.9,0.0,0.0,0.7218,0.829627,0.0,1,0.0038956549,3.6769848115,3.7329217276868034,Train
UVOBUE_clean,6.22291,4.39102,6.19993,2.12393,1051.93,495.275,0.0,0.0,0.5032,0.236919,0.0,1,0.0007112456,0.8428177456,0.808001067037944,Train
UVOTOQ_clean,11.52321,9.17095,11.02494,1.0394,1689.27,1625.24,0.0,0.0,0.6776,0.651916,0.0,1,0.0031263337,3.4980900377999995,3.401459673189961,Train
UVUDUM_clean,7.11279,4.8596,7.11279,1.37449,836.385,608.506,0.0,0.0,0.489,0.355769,0.0,1,0.0010477208,1.1404051056,1.0815720873313461,Train
UVUFUN_clean,5.451,3.54467,5.41568,1.01248,1767.35,1745.57,0.0,0.0,0.5884,0.581148,0.0,1,0.0074369862,4.7015235596,5.054339617835816,Test
UVUQAE_clean,5.89761,4.70396,5.31275,1.14377,1514.01,1323.7,0.0,0.0,0.5466,0.477894,0.0,1,0.0065467122,3.7984106143,3.900600045234232,Train
UVUWAL_clean,5.70984,4.07494,5.63813,1.12706,1693.32,1502.42,0.0,0.0,0.5456,0.484089,0.0,0,0.0084255941,4.9870176015,4.948713848600738,Train
UWALEL_clean,8.57419,8.06777,8.57419,0.978062,1809.81,1850.4,0.0,0.0,0.611,0.624705,0.0,1,0.0045220824,3.6902884665,4.231119701196095,Test
UWELIS_clean,5.99371,4.57547,5.83222,0.952092,2140.18,2247.87,0.0,0.0,0.6406,0.672834,0.0,1,0.0084321224,6.148592957000001,5.908177335930973,Test
UWODAN_clean,6.59983,5.06853,6.59196,1.38828,1109.99,799.546,13.7879,9.93166,0.5174,0.372693,0.0,1,0.002567959,2.1709756215,1.9386640289372399,Test
UWOWAF_clean,5.4452,4.14635,5.44512,1.16308,1303.91,1121.08,0.0,0.0,0.5534,0.475804,0.0,1,0.0072698621,3.767818507,3.611487962401954,Train
UWUKII_clean,9.32796,8.05126,9.01112,0.931594,1638.77,1759.1,0.0,0.0,0.6392,0.686136,0.0,1,0.0035299415,3.4934992627,3.764725805782901,Test
UWUTIQ_clean,6.1259,4.66623,6.123,1.0094,1933.04,1915.04,0.0,0.0,0.5992,0.59362,0.0,0,0.0078457037,4.9671697366,5.108182154267416,Train
UXABOL_clean,5.3893,5.04349,5.3893,1.74291,842.153,483.187,0.0,0.0,0.4972,0.28527,0.0,1,0.0005630634,0.6847524426,0.6431333585605379,Train
UXABUR_clean,5.25063,5.01707,5.2326,1.46007,406.574,278.462,0.0,0.0,0.4604,0.315327,0.0,1,0.0004021298,0.3820180203,0.3967628262274161,Train
UXAXEY_clean,6.18002,3.46612,6.18002,1.398,1132.15,809.836,0.0,0.0,0.5144,0.367953,0.0,1,0.0054991,2.7564156401,3.0348176188260423,Test
UXINAR_clean,5.3735,3.82354,5.35038,1.67875,1280.4,762.706,0.0,0.0,0.585,0.348473,0.0,1,0.0041200806,2.4417092918,2.6109005108448025,Test
UXIQOJ_clean,7.1779,7.04787,7.1779,1.13503,1629.42,1435.57,0.0,0.0,0.592,0.521571,0.0,0,0.0047067722,4.4384686673,4.355103561108927,Train
UXISUR_clean,13.20708,6.69761,13.19407,0.878357,2102.35,2393.51,0.0,0.0,0.7182,0.817663,0.0,1,0.0048286310999999,3.9771762494,3.9474626652450397,Test
UXUNUX_clean,7.36512,5.79316,6.13107,0.678518,2356.29,3472.7,0.0,0.0,0.6988,1.02989,0.0,1,0.0044828164,5.2344498772,5.232974463415498,Train
UXUPEJ_clean,7.33818,5.78241,6.14442,0.675641,2374.29,3514.13,0.0,0.0,0.7026,1.0399,0.0,1,0.0044890512,5.2628659872000005,5.234410630647616,Test
UXUPIN_clean,7.3374,5.72246,6.07377,0.669934,2447.15,3652.82,0.0,0.0,0.7066,1.05473,0.0,1,0.0043394162,5.2951476691,5.289545192422699,Train
UXUZAP_clean,4.84101,3.60752,4.82729,1.24118,1063.95,857.212,0.0,0.0,0.542,0.436681,0.0,0,0.0092854028,3.2007725975,3.557343006582121,Train
UYAQAN_clean,7.19018,5.3716,7.19018,1.13147,742.019,655.8,0.0,0.0,0.4556,0.402661,0.0,0,0.0018674699,1.5391027097,1.6978216807029167,Test
UYOFIY_clean,4.54158,3.74063,4.4159,1.84541,1216.19,659.037,0.0,0.0,0.4962,0.268884,0.0,1,0.0052682502,2.6716509164,2.834560636230815,Test
UZANOZ_clean,5.69712,4.77135,5.69535,1.53417,1383.93,902.072,0.0,0.0,0.5298,0.345334,0.0,1,0.0028716007,2.2210516813,2.319278770696336,Test
UZATAR_clean,4.70366,3.77441,4.70214,2.20784,876.761,397.113,0.0,0.0,0.4486,0.203185,0.0,1,0.0019126607,1.3679607687,1.2966129485967384,Train
UZEKEQ_clean,4.76828,3.67807,4.76182,1.66742,847.636,508.351,0.0,0.0,0.4118,0.246968,0.0,1,0.0016060306,1.2275950601,1.3268663009688353,Test
UZIJUJ_clean,6.64538,5.8584,6.63953,1.01975,1889.57,1852.97,0.0,0.0,0.5996,0.587987,0.0,0,0.0050758044,4.231647859700001,4.4047061763205715,Train
UZOBAN_clean,6.16935,4.44214,6.16935,0.864572,2160.34,2498.74,0.0,0.0,0.6496,0.751355,0.0,1,0.0051329168,4.8739904359,4.843221472609811,Train
UZOBER_clean,4.15957,3.7187,4.14785,1.30213,762.369,585.479,74.3878,57.1279,0.576,0.442353,0.0,0,0.0016427035,1.644683643,1.9025390830596534,Test
UZUNAF01_clean,7.28303,6.53777,7.28303,1.26957,1027.84,809.6,0.0,0.0,0.5124,0.403601,0.0,0,0.0016572993,1.712298132,1.7742822426153877,Test
UZUNAF_clean,7.30425,6.5808,7.30425,1.26614,1045.59,825.812,0.0,0.0,0.4964,0.392058,0.0,0,0.0017049495,1.6947349436,1.7773103930994765,Train
UZUZUL_clean,4.89079,3.61553,4.62488,1.24739,1059.33,849.24,0.0,0.0,0.5482,0.439477,0.0,1,0.0148241028,4.7287042062,4.628923806870665,Train
VABJIS_clean,4.14214,4.05323,4.14214,1.37391,738.742,537.692,0.0,0.0,0.5042,0.366981,0.0,0,0.0033133506,2.4389944589,2.340608196245376,Train
VACFOV_clean_h,7.04016,6.80377,7.04016,0.930569,2533.92,2722.98,0.0,0.0,0.6628,0.712252,0.0,0,0.0084515429,5.804120042999999,7.136628475655982,Test
VACFUB01_clean,8.53124,8.3704,8.53124,1.18192,1047.12,885.95,0.0,0.0,0.5384,0.455532,0.0,0,0.0021801473,2.4561880124,2.140113373753459,Test
VACFUB_clean_h,8.50715,8.34107,8.50715,1.18054,1091.35,924.448,0.0,0.0,0.5186,0.439291,0.0,0,0.0018840779,2.2560612587,2.132835002297328,Train
VACLIX_clean,25.84424,11.11801,22.64252,0.527457,1593.04,3020.23,0.0,0.0,0.8434,1.59899,0.000379178,1,0.0022667985,3.0898271411,3.1171882231676986,Train
VADWON_clean,4.24405,3.53009,4.22084,1.10757,515.209,465.173,34.0376,30.7319,0.4648,0.419659,0.0,0,0.002866004,1.9673832029,2.088414408837193,Test
VAFWAB_clean,5.22912,3.96499,5.18849,1.68714,1215.2,720.275,0.0,0.0,0.594,0.352075,0.0,1,0.0052364613,2.75100965,2.822209878507478,Train
VAGBEN_clean,6.05449,4.8127,6.05449,1.78797,959.833,536.829,0.0,0.0,0.4822,0.269692,0.0,1,0.0018571812,1.3737458172,1.3810441695802727,Train
VAGBOX_clean,5.4847,3.8221,5.12718,1.96889,508.317,258.175,0.0,0.0,0.435,0.220937,0.0,1,0.0014398521,0.9321030794,0.8996012338166532,Train
VAGBUD_clean,10.23495,9.48231,10.23335,1.57268,1211.54,770.363,0.0,0.0,0.5868,0.37312,0.0,1,0.0017424793,1.5769204108,1.7210702156145918,Test
VAGJET_clean,4.15802,3.46053,4.1496,2.48318,463.195,186.533,0.0,0.0,0.361,0.145378,0.0,1,0.0016173845,0.948925655,0.9706707522728952,Train
VAGMAT_clean,14.92091,13.26042,14.92091,0.364732,1875.05,5140.9,0.0,0.0,0.86,2.3579,0.0,1,0.0033640951,4.6697272567,4.797902782460301,Test
VAGMEX_clean,15.28058,14.48863,15.28058,0.352218,1827.73,5189.2,0.0,0.0,0.863,2.45019,0.0,1,0.0032653834,4.6840878364,4.736965831237948,Test
VAGTAA01_clean,5.66319,4.40941,5.66319,0.999593,1775.32,1776.04,0.0,0.0,0.611,0.611249,0.0,1,0.0059466519999999,4.8327071098,4.672068751646128,Train
VAGTAA_clean,5.69119,4.40372,5.677,0.872253,1821.29,2088.03,0.0,0.0,0.638,0.731439,0.0,1,0.0044296921,4.3460289075,4.191668856809745,Train
VAGTUU_clean,6.4105,3.89316,6.4105,1.19065,828.698,696.007,460.809,387.025,0.5728,0.481084,0.0,1,0.0078960744,3.9553508376,3.9893877982220216,Train
VAHJEW_clean,5.94599,4.30466,5.94599,1.08689,1479.94,1361.63,0.0,0.0,0.5432,0.499775,0.0,0,0.006345226,3.5760391329,3.758186184308152,Train
VAHJIA_clean,4.59496,3.72145,4.53376,1.21451,948.028,780.582,0.0,0.0,0.4972,0.409382,0.0,0,0.0068350617,2.566687892,3.0857428583219213,Train
VAHPUR_clean,5.81668,4.4159,5.81214,1.29937,901.437,693.751,0.0,0.0,0.489,0.376337,0.0,1,0.0034613609,1.8943367204,1.9836146976227091,Train
VAHQAY_clean,5.75711,4.40654,5.75688,1.31802,917.051,695.781,0.0,0.0,0.4754,0.360693,0.0,1,0.0036589732,1.8767586358,2.02777300791428,Test
VAHSON_clean,5.15227,4.26145,5.12644,2.34175,976.447,416.973,0.0,0.0,0.4326,0.184733,0.0,0,0.0323184668,2.8039165157,2.883027539466216,Train
VAHTOQ_clean,6.66297,4.23051,6.65497,1.06844,1185.87,1109.9,0.0,0.0,0.5198,0.486502,0.0,1,0.0046129996,2.9994884229000003,3.243188289900973,Test
VAHTUW_clean,9.85702,7.76622,8.65886,1.09206,1071.39,981.073,0.0,0.0,0.5342,0.489167,0.0,1,0.0022221091,2.0404642891,2.1411876373908987,Train
VAHVOR_clean,6.3986,4.82003,6.3986,1.14511,2295.95,2005.01,0.0,0.0,0.6334,0.553137,0.0,1,0.0047671728,3.9810488312,4.2500654987335444,Test
VALVAI_clean,6.23826,4.86854,6.23826,1.64521,1240.0,753.701,0.0,0.0,0.5196,0.315826,0.0,1,0.0051112933,2.5526176435,2.5850145371366287,Test
VALVIQ_clean,5.21348,4.28071,5.21348,1.82071,1261.82,693.039,0.0,0.0,0.5078,0.278902,0.0,1,0.0025798276,1.9389571726,1.8633607923951956,Test
VALWUD_clean,10.17237,6.1037,8.0425,0.867774,1499.07,1727.49,576.042,663.816,0.6792,0.782692,0.0,1,0.0036249842,4.1728239642,4.245291192111843,Test
VALXAK_clean,9.98876,6.23965,8.39165,0.742505,1487.88,2003.86,574.813,774.154,0.69,0.929286,0.0,1,0.004412236,5.1856494538,5.192978757315119,Train
VALXEO_clean,9.6783,6.73158,8.21464,0.83384,1503.01,1802.51,543.478,651.776,0.6804,0.815983,0.0,1,0.0034490353999999,4.0827495743,4.163856452029069,Train
VALXIS_clean,10.17011,5.92824,8.44426,0.888503,1485.32,1671.71,572.74,644.613,0.6916,0.778388,0.0,1,0.0036739471,4.2450384777,4.265357483782907,Train
VALXOY_clean,10.47061,5.58858,8.23634,0.777087,1484.63,1910.51,601.467,774.002,0.6808,0.876093,0.0,1,0.0049336935,5.4876023296000005,5.454569528795248,Train
VAMPUX_clean,11.37157,10.81985,11.3699,1.17979,1541.06,1306.22,0.0,0.0,0.6462,0.547726,0.0,1,0.0026240514,3.1698888041,3.1823892264517433,Train
VAMQAE_clean,7.70786,5.78406,7.70755,1.38137,1401.32,1014.44,0.0,0.0,0.5594,0.404959,0.0,0,0.0010303683,1.2866348348,1.3110528553674388,Train
VAMQIM_clean,11.48256,10.83475,11.48089,1.17217,1544.63,1317.75,0.0,0.0,0.6478,0.55265,0.0,1,0.0025225441,3.1087476054,3.078345208818507,Test
VAMQOS_clean,11.49062,10.84702,11.48896,1.17541,1553.24,1321.44,0.0,0.0,0.6476,0.550957,0.0,1,0.0025198729,3.1249647238,3.0912921901663384,Test
VANHEA_clean,8.56369,6.00066,8.56369,0.853114,2214.19,2595.42,0.0,0.0,0.6496,0.761445,0.0,1,0.0043440879,4.5344648135000005,4.541903749267568,Train
VANNEG_clean,11.28278,7.20114,10.99968,0.910221,2188.91,2404.81,0.0,0.0,0.7194,0.790358,0.0,1,0.0023136557,2.9387011464,2.9061736695276537,Train
VANNIK_clean,12.11733,10.70076,12.11733,0.488133,1807.7,3703.29,0.0,0.0,0.8496,1.74051,0.0,1,0.0018883135,2.9605565312,2.9103142725384927,Train
VAPBEV_clean,6.2413,3.63671,6.2413,1.10537,871.132,788.092,165.749,149.949,0.5168,0.467536,0.0,0,0.0094867261,2.9771954887,3.42372069742415,Test
VAPBIZ_clean,6.25794,3.6162,5.25123,1.10539,876.554,792.979,162.666,147.157,0.5196,0.470059,0.0,0,0.0096952395,3.0077761847000004,3.496891517418525,Test
VAPFUP_clean,5.15651,3.56832,5.15424,2.0755,483.988,233.191,0.0,0.0,0.4372,0.210648,0.0,1,0.0018368717,0.9239982432,1.0349893553339387,Train
VAPHOM_clean,4.23153,3.44235,4.23153,1.69156,935.756,553.19,0.0,0.0,0.5808,0.343351,0.0,0,0.0056987889,3.0020024088,2.9617439726308254,Train
VAQTUF_clean,10.13522,6.68232,9.92269,0.858555,1863.51,2170.52,0.0,0.0,0.6104,0.710962,0.0,0,0.0049213632,4.4128978132,4.298400078394257,Train
VARHIH_clean,6.67359,4.11194,6.66829,0.964951,2096.06,2172.19,0.0,0.0,0.6192,0.641691,0.0,0,0.0056562923,5.595321897000001,4.913789350814684,Test
VARJEF_clean,7.50874,4.26843,7.47113,0.807576,2145.36,2656.54,0.0,0.0,0.6264,0.775655,0.0,0,0.0059689439,6.1807288115,5.384591965070021,Test
VARWOC_clean,8.41083,6.51113,8.31612,1.24989,2285.05,1828.2,0.0,0.0,0.6966,0.55733,0.0,1,0.0009734916,1.3280630278,1.33982327361128,Test
VARWUI_clean,8.3742,6.48381,8.29614,1.28778,2247.33,1745.13,0.0,0.0,0.6946,0.53938,0.0,1,0.0009060683,1.312398549,1.2323700208578148,Test
VASFAZ_clean,5.87532,4.55866,5.87532,1.54574,1464.11,947.192,0.0,0.0,0.5206,0.336796,0.0,1,0.0020737742,1.9581195257,1.9408675895305685,Train
VASFED_clean,5.86586,4.56127,5.86586,1.56054,1486.93,952.828,0.0,0.0,0.5192,0.332705,0.0,0,0.0020766854,1.9786268132,1.9187690404044906,Test
VASFIH_clean,5.55628,5.01575,5.54452,1.55799,1392.72,893.922,0.0,0.0,0.5596,0.359181,0.0,0,0.0015463376,1.5658983124,1.4531033371359514,Test
VASFON_clean,5.84482,4.53722,5.84482,1.58678,1481.54,933.678,0.0,0.0,0.517,0.325818,0.0,0,0.0021028947,1.9563204952,1.9370521792660866,Test
VASFUT_clean,5.82317,4.52383,5.82317,1.64203,1481.82,902.431,0.0,0.0,0.511,0.311201,0.0,0,0.0021066994,1.9290122928,1.9343247943295145,Test
VASGUU_clean,6.24288,4.56068,6.2408,1.07396,2025.67,1886.18,0.0,0.0,0.6304,0.586989,0.0,1,0.0063982375,4.9135711517,4.836518442379839,Train
VASKOR_clean,4.41725,4.15949,4.41175,1.15817,1130.8,976.371,0.0,0.0,0.53,0.45762,0.0,0,0.0039757342,2.7907131187,3.0100706737873426,Test
VATVIY_clean,6.85041,4.79302,6.73681,1.28666,1128.63,877.177,0.0,0.0,0.517,0.401816,0.0,1,0.0016732429999999,1.7027188326,1.6459189597348556,Train
VATVOE_clean,6.86024,4.81417,6.53187,1.27918,1131.8,884.793,0.0,0.0,0.5156,0.403072,0.0,1,0.0016604613,1.6593318732,1.6394367480525869,Train
VATVUK_clean,4.75369,3.54535,4.74028,1.35574,615.159,453.744,0.0,0.0,0.4098,0.30227,0.0,0,0.0024658748999999,1.6905656626,1.447018340036981,Test
VATXEU_clean,7.38612,5.95802,7.38612,2.25172,1314.88,583.946,0.0,0.0,0.537,0.238485,0.0,0,0.0016372806,1.3810371005000002,1.5248675759707413,Test
VATYAR_clean,5.8425,4.85588,5.8425,1.4789,2001.31,1353.25,0.0,0.0,0.6196,0.418961,0.0,1,0.0019400687,2.0365891307,2.1368197137054166,Train
VATYEV_clean,5.69723,4.67285,5.69723,1.60096,1965.06,1227.43,0.0,0.0,0.61,0.381022,0.0,1,0.0018846183,2.0453077672,2.0018469199875533,Train
VATYIZ_clean,5.77973,4.6993,5.77973,1.51124,2028.88,1342.53,0.0,0.0,0.6162,0.407745,0.0,1,0.0020148743,2.1013444114,2.1900238048616814,Test
VATYOF_clean,5.86599,4.67382,5.86599,1.53817,2040.49,1326.58,0.0,0.0,0.622,0.404378,0.0,1,0.0017510073,1.9351982413,1.9878134928303122,Train
VAXMUF_clean,6.97885,4.73882,6.97885,0.91747,1247.84,1360.09,0.0,0.0,0.5948,0.648304,0.0,1,0.0025366309,2.6380410077,2.50329372172126,Test
VAXTEV_clean,6.86582,3.53622,6.72322,1.11335,919.514,825.896,6.20036,5.56908,0.527,0.473345,0.0,1,0.0021967723,2.0007234145,1.8535711160384756,Train
VAZROF_clean,5.03461,4.5915,5.03461,1.23766,828.566,669.464,0.0,0.0,0.453,0.366014,0.0,0,0.0074213857999999,2.6980018471,2.5737210798790566,Test
VAZTOG_clean,15.08014,7.93969,15.07583,0.589901,2233.7,3786.57,0.0,0.0,0.8002,1.3565,0.0,0,0.0023783081,3.422632978,3.4306971845004726,Train
VAZTUM_clean,15.07409,7.93508,15.07409,0.591689,2246.58,3796.89,0.0,0.0,0.8116,1.37167,0.0,0,0.0025041231,3.5222905826,3.509038885556432,Test
VEBHUG_SL,17.30249,9.82354,17.30249,0.511068,1917.15,3751.27,0.0,0.0,0.8468,1.65692,0.0,0,0.0028298546,4.1363390519,4.038511753461027,Train
VECWUX_clean,5.40728,3.62986,4.72861,1.2151,591.936,487.152,249.544,205.37,0.5232,0.430584,0.0,1,0.0051371531,2.3765642386000003,2.7839336655360505,Test
VECZAG_clean,9.10711,7.36025,9.10711,1.61302,1710.75,1060.59,0.0,0.0,0.6522,0.404334,0.0,1,0.0009937929,1.3744471117,1.2562239242910365,Test
VECZEI_clean,5.84999,3.52276,5.84999,0.90542,1514.07,1672.22,0.0,0.0,0.6422,0.709284,0.0,0,0.001651903,1.8338832092,1.9934718400256481,Test
VECZEK_clean,9.28653,7.43469,9.28653,1.34679,1798.64,1335.5,0.0,0.0,0.6836,0.507577,0.0,1,0.0012487702,1.6137628438,1.596811465149283,Train
VEDFAN_clean,6.01158,4.07874,6.00756,1.03866,1741.67,1676.84,0.0,0.0,0.5802,0.558605,0.0,0,0.0051113747999999,3.9788187436,4.0472667569734195,Train
VEDFIV_clean,5.7298,3.89416,5.70244,1.06894,1581.69,1479.68,0.0,0.0,0.5684,0.531742,0.0,0,0.005082453,3.7370835299,3.8002364223753067,Train
VEDFOB_clean,5.93857,4.06358,5.90891,1.05075,1647.57,1567.99,0.0,0.0,0.5592,0.532191,0.0,0,0.0053316256,3.8239490923,3.9883047442733996,Test
VEDFUH_clean,5.95596,4.00314,5.95596,1.05093,1663.77,1583.13,0.0,0.0,0.5708,0.543136,0.0,0,0.0049311697,3.7843395527,3.8418124089865064,Test
VEDGAO_clean,5.63762,3.83278,5.54473,1.07445,1555.4,1447.63,0.0,0.0,0.5576,0.518962,0.0,0,0.0050279465,3.6567720959,3.671206616078819,Train
VEDGES_clean,5.91912,4.12997,5.83809,1.04225,1662.62,1595.23,0.0,0.0,0.5592,0.536534,0.0,0,0.0050835654,3.8295332276,3.8567941773602943,Train
VEDGIW_clean,5.91757,4.12403,5.88473,1.04313,1656.13,1587.65,0.0,0.0,0.5804,0.556402,0.0,0,0.0049945752,3.7883040663,3.903976088377773,Test
VEGBUG_clean,26.2956,9.06734,26.2956,0.576598,1786.71,3098.71,0.0,0.0,0.8298,1.43913,0.000346862,1,0.0023689486,3.3469549956,3.155393782988427,Test
VEGCAN_clean,26.23164,8.97115,26.23164,0.749461,1794.02,2393.75,0.0,0.0,0.8278,1.10453,0.000266859,1,0.0020867642,2.5917432165000003,2.6372011145776755,Train
VEHJID01_clean,8.78437,6.6937,8.25223,0.765372,2471.66,3229.36,0.0,0.0,0.7812,1.02068,0.0,1,0.0023334169,3.2639631636,3.168753837441895,Test
VEHJOJ_clean,14.09924,6.85678,11.19448,0.748313,2267.56,3030.24,0.0,0.0,0.7708,1.03005,0.0,1,0.0027647577,3.7617092745,3.7754962173791258,Train
VEHJUP_clean,14.28068,6.83408,11.22906,0.743695,2268.42,3050.2,0.0,0.0,0.7746,1.04156,0.0,1,0.002699461,3.7277072139,3.6695265571156415,Train
VEHKIE_SL,13.77124,4.50888,13.77124,0.959384,2184.49,2276.97,0.0,0.0,0.6924,0.721713,0.0,1,0.0044209817,4.5643796953,4.509483049766359,Train
VEHLAW_clean,4.71553,3.44976,4.62826,1.6429,1000.4,608.925,0.0,0.0,0.6102,0.371417,0.0,0,0.0071291622,3.125909064,3.2035605333556703,Train
VEHLIE_clean,5.23023,3.70327,5.22427,1.49837,1455.04,971.08,0.0,0.0,0.63,0.420457,0.0,0,0.0062663973,3.2589610267,3.5420317417570915,Test
VEHPUU_clean,6.28215,5.72913,6.26507,1.2974,1101.09,848.689,0.0,0.0,0.5058,0.389856,0.0,1,0.001156151,1.2607112124,1.3142304312673034,Train
VEHRIL_clean,8.79809,4.02227,8.77595,1.10229,2192.07,1988.65,0.0,0.0,0.6908,0.626694,0.0,1,0.0015455382999999,2.1281500924000003,2.0142836876444807,Test
VEHXEN_clean,9.30754,7.04491,9.30754,1.35949,2124.85,1562.97,0.0,0.0,0.7316,0.538142,0.0,1,0.0009612211,1.346657547,1.3143612010746495,Train
VEHYUE_clean,6.12673,3.44814,6.105,1.87284,355.438,189.786,95.0653,50.7601,0.4804,0.256509,0.0,1,0.0005236211,0.581628424,0.5454607748583586,Train
VEJHEZ_clean,15.05768,6.22214,9.48846,0.685711,2179.67,3178.7,0.0,0.0,0.7706,1.1238,0.0,1,0.0031273029999999,4.1117043892,4.0782580779825235,Train
VEJHID_clean,17.65342,7.8833,11.58918,0.646039,2104.35,3257.31,0.0,0.0,0.7972,1.23398,0.0,1,0.0024161982,3.4905035301,3.3545175806486247,Test
VEJYIT01_clean,6.55973,5.0687,6.54696,0.921332,2008.21,2179.68,0.0,0.0,0.6708,0.728076,0.0,0,0.0044201546,3.9728759516,4.316143977063021,Test
VEJYIT_clean,6.4229,5.28654,6.4229,0.928973,1988.07,2140.07,0.0,0.0,0.6702,0.721442,0.0,0,0.0043431575,3.9493213692,4.320780908178074,Test
VEJYOZ_clean,8.47376,5.69683,8.47376,0.880009,2096.08,2381.88,0.0,0.0,0.6858,0.779311,0.0,0,0.0043712158,3.4745058019,4.493695085884729,Test
VELVEO_clean,3.68255,3.48411,3.67149,1.93689,201.323,103.941,0.0,0.0,0.4778,0.246685,0.0,0,0.003851954,1.9913100437,1.762674692247148,Test
VEMDAT_clean,5.87539,4.41454,5.87539,1.26001,982.755,779.959,0.0,0.0,0.5246,0.416346,0.0,1,0.0041411797,2.3539239911000003,2.472604820609685,Test
VEMMAC_clean,7.0981,6.10195,7.04022,0.882251,2276.97,2580.86,0.0,0.0,0.6758,0.765995,0.0,1,0.0038961073,4.3633021643,4.2270356881004485,Test
VEMMEG_clean,7.14137,6.23055,7.14137,0.816125,2268.41,2779.48,0.0,0.0,0.6764,0.828795,0.0,1,0.0034063826,4.0324059299,4.050527819788888,Test
VEMMIK_clean,14.01468,13.16757,14.01422,0.723032,1733.84,2398.01,0.0,0.0,0.741,1.02485,0.0,1,0.0019801974,2.6861126360000003,2.6718285856983983,Test
VEMMOQ_clean,8.8382,8.57859,8.83401,0.859762,1844.22,2145.04,0.0,0.0,0.7008,0.815109,0.0,1,0.0028297401,3.7226004989,3.447491714580253,Test
VEMSUC01_clean,5.11588,3.68593,5.09821,1.26749,1347.57,1063.18,0.0,0.0,0.5488,0.432983,0.0,0,0.0061913115,3.6657592792,3.6106480331519104,Train
VEMSUC_clean,5.13248,3.64573,5.11696,1.27033,1309.23,1030.62,0.0,0.0,0.551,0.433745,0.0,0,0.0061229356999999,3.6538030855,3.528686179118715,Train
VEQBID_clean,6.52238,4.921,6.52175,1.46143,1501.88,1027.68,0.0,0.0,0.5412,0.370323,0.0,0,0.0012412013,1.4847103131,1.4309365404671992,Test
VERPOZ_clean,5.42382,3.86113,5.42382,1.28962,856.154,663.88,0.0,0.0,0.4412,0.342116,0.0,0,0.0045943877,2.1168540348,2.0916941151930266,Test
VETMIS_clean,17.23979,11.94779,17.22882,0.311959,1757.5,5633.74,0.0,0.0,0.8662,2.77664,0.0,1,0.0036849183,5.0582849806,5.129702800323629,Train
VETTOE_clean,6.62806,4.69762,5.65255,0.902784,2439.76,2702.49,0.0,0.0,0.6684,0.740376,0.0,1,0.0047602103,4.9438770308,4.935198483538825,Test
VEWKUF_clean,11.97194,10.54967,11.9427,0.470726,2101.15,4463.64,0.0,0.0,0.7866,1.67104,0.0,0,0.0035233146,4.5050937177,4.634140215273765,Test
VEWLAM_clean,10.25798,6.23412,9.8049,0.70339,1968.06,2797.96,0.0,0.0,0.6656,0.946275,0.0,1,0.0031213185,3.6750697082,3.865291849741437,Test
VEWXAY_clean,5.90319,4.58543,5.60032,0.850194,2471.89,2907.44,0.0,0.0,0.6584,0.774411,0.0,1,0.0054375155,4.7908692444,5.316716007824125,Test
VEXTUO_manual,8.87752,5.53782,8.86061,0.793323,2105.74,2654.33,0.0,0.0,0.6702,0.844801,0.0,0,0.0028439501,3.5271668656,3.6351239935112707,Test
VEXVAW_clean,9.7712,5.86323,9.7712,0.773292,2071.81,2679.21,0.0,0.0,0.6628,0.857115,0.0,0,0.0043210814,4.7601968208,4.637382310177157,Train
VEYVEC_clean,3.81592,3.45137,3.81592,1.45798,155.953,106.965,20.8457,14.2976,0.425,0.291499,0.0,1,0.0061000435,2.7140242276,2.2212907197356806,Test
VICDOC_clean,4.65057,4.08181,4.52458,1.14596,958.267,836.212,0.0,0.0,0.5148,0.44923,0.0,0,0.0084171049,3.5094390283,3.398894395653411,Test
VICLAW_clean,7.38415,6.2427,7.38415,1.11891,1046.87,935.619,0.0,0.0,0.5352,0.478323,0.0,1,0.0016220092,1.5548074244,1.6848776840152135,Train
VICSIL_clean,5.30875,4.09789,5.30496,1.03603,1478.6,1427.18,0.0,0.0,0.565,0.545353,0.0,0,0.0043503015999999,3.2149603814,3.4001404505377604,Train
VIDXOX_clean,6.16109,5.04479,6.14883,1.68509,1433.05,850.43,0.0,0.0,0.5712,0.338974,0.0,1,0.0012394459,1.4794430552000002,1.2807404967818536,Test
VIFBOD_clean,5.74056,4.35551,5.71651,1.76429,1367.25,774.956,0.0,0.0,0.5562,0.315255,0.0,1,0.0019906768,1.7967955574,1.7601224783723952,Train
VILXOE_clean,5.3607,4.59016,5.36062,1.2053,1282.83,1064.32,0.0,0.0,0.529,0.438894,0.0,1,0.0056696496999999,3.1677254081,3.259575375151517,Test
VIMRAM_clean,9.39066,7.30655,9.39066,1.12702,1893.97,1680.51,0.0,0.0,0.6384,0.56645,0.0,1,0.0030955994,3.3810156685000003,3.3538692703910535,Train
VINHOR_clean,9.98256,7.27933,9.98256,0.808976,2165.4,2676.71,0.0,0.0,0.7268,0.898419,0.0,1,0.0015372659,2.0910564297,2.1279989552792693,Test
VIPYOK_clean,4.56016,3.89151,4.55758,1.54463,762.225,493.466,0.0,0.0,0.455,0.294568,0.0,1,0.0045223224,2.2218633272,2.1854534331465674,Train
VIQFIL_clean,7.52933,6.88879,7.52933,2.72981,1439.26,527.24,0.0,0.0,0.5772,0.211443,0.0,1,0.0004901516,0.6515780408,0.6193835121468791,Train
VIQQUJ_clean,4.62845,3.89522,4.6169,1.17508,1256.18,1069.02,0.0,0.0,0.532,0.452736,0.0,1,0.0114945005,4.4663804680000005,4.432778355789114,Train
VIRKIQ_clean,4.98641,4.39323,4.97616,1.53429,1079.28,703.439,0.0,0.0,0.512,0.333704,0.0,1,0.0034580269,2.1882961468,2.2783360761580203,Test
VIRPOC_clean,7.89373,4.43058,7.89373,1.31415,1678.47,1277.23,0.0,0.0,0.6094,0.463722,0.0,1,0.0027286939,2.7128639223000004,2.698615331787756,Test
VIRQES_clean,3.96779,3.62056,3.96779,1.9401,482.244,248.567,0.0,0.0,0.419,0.215969,0.0,1,0.0020543752,1.4460454815,1.403836261212958,Test
VIRVEY_clean,7.24501,5.7858,6.68018,1.08742,2630.21,2418.77,0.0,0.0,0.715,0.65752,0.0,1,0.0023913661,2.9165339165,2.7747668533261254,Test
VIRXIF_clean,6.07104,5.56303,6.07104,1.4189,1653.8,1165.55,0.0,0.0,0.5644,0.397774,0.0,0,0.0050560748,3.7846104562,3.596221952437711,Train
VITYOO_clean,8.76574,6.10267,8.74057,1.07917,1888.77,1750.21,0.0,0.0,0.6338,0.587305,0.0,1,0.0033135329,3.5826597408,3.4478325012185973,Train
VITYUU_clean,6.93618,5.76476,6.92128,1.4786,1370.63,926.978,0.0,0.0,0.519,0.351007,0.0,1,0.0038004259,2.9505375608999995,2.850534871120039,Train
VITZAB_clean,6.94119,5.72919,6.85845,1.49624,1369.03,914.98,0.0,0.0,0.526,0.351548,0.0,1,0.0036377433,2.9683667430000003,2.789337583149527,Test
VITZEF_clean,6.97691,5.80939,6.97691,1.4748,1347.25,913.518,0.0,0.0,0.5226,0.354354,0.0,1,0.0036253601,2.9835496297,2.8208823078113974,Test
VITZIJ_clean,6.87611,5.69177,6.87611,1.52398,1353.45,888.103,0.0,0.0,0.5184,0.340161,0.0,1,0.0035479854999999,2.9165855318,2.6621523599669037,Test
VIVXOP_clean,6.49065,4.97595,6.49065,1.07139,1218.54,1137.35,2.44835,2.28522,0.5566,0.519514,0.0,1,0.0028443766,2.6751181905,2.532085671750074,Train
VIWHUG_clean,4.81929,3.4802,4.68813,1.37889,639.979,464.125,0.0,0.0,0.4514,0.327364,0.0,1,0.0023458255,1.3989292246,1.4237961970739528,Train
VIWKIX_clean,6.70111,4.65532,6.60342,1.36906,1688.36,1233.22,0.0,0.0,0.5926,0.432851,0.0,1,0.0014853519,1.8189160472,1.6953459906357466,Train
VIWKOD_clean,6.65159,4.57304,6.53476,1.38205,1680.39,1215.87,0.0,0.0,0.5904,0.427192,0.0,1,0.0015070892,1.8189920508,1.728900273165272,Test
VIWLAQ_clean,6.55466,4.31565,6.43849,1.43716,1676.29,1166.39,0.0,0.0,0.5778,0.402043,0.0,1,0.0015241795,1.8209491957,1.67691668374532,Train
VIWLEU_clean,6.5503,4.41913,6.52435,1.44375,1672.31,1158.32,0.0,0.0,0.5838,0.404365,0.0,1,0.0015806193,1.7824568598,1.7958468755136776,Train
VIWLIY_clean,5.6026,3.42365,5.59275,1.55646,1236.19,794.232,0.0,0.0,0.54,0.346941,0.0,1,0.0020404629999999,1.9398625203,1.8790376823343917,Train
VIWMAR_clean,5.55555,3.41902,5.54549,1.58885,1213.98,764.058,0.0,0.0,0.5354,0.336973,0.0,1,0.0020245668,1.9136439303,1.8439078486572393,Test
VIWMEV_clean,5.54122,3.41506,5.5298,1.61736,1205.53,745.366,0.0,0.0,0.5346,0.330538,0.0,1,0.0020118771,1.8985997368,1.82924583857099,Train
VIWMIZ_clean,9.56168,4.85659,9.53534,0.901746,1718.7,1905.97,37.8251,41.9466,0.6334,0.702415,0.0,1,0.0054885572999999,3.7562544978,3.9708972642294453,Train
VIWMOF_clean,9.80611,5.23388,9.77319,0.869727,1722.79,1980.84,39.7443,45.6975,0.6458,0.742532,0.0,1,0.0058827553,3.8617344365,3.9852739052628,Train
VIWZOR_clean,6.64322,4.15157,6.64322,1.41271,1889.38,1337.41,0.0,0.0,0.6434,0.455437,0.0,0,0.0036178143,3.1671530381,3.228837422646388,Test
VIXCUB_clean,5.48718,4.89154,5.42033,1.09462,2414.99,2206.24,0.0,0.0,0.6474,0.59144,0.0,1,0.0024850878,2.7700116885000003,2.6683119935462796,Test
VIXGAM01_clean,5.20749,3.40288,5.20749,1.93235,393.451,203.613,0.0,0.0,0.4654,0.240847,0.0,1,0.0011158053,0.8400826259,0.7082344580812618,Test
VIXPUP01_clean,10.93877,6.90793,10.8516,0.690693,2354.05,3408.24,0.0,0.0,0.7722,1.11801,0.0,1,0.0037119865,4.3245801553,4.392642438279226,Train
VIXWEF_clean,12.63096,6.04016,12.48762,0.859273,2339.33,2722.46,0.0,0.0,0.7402,0.861426,0.0,1,0.0021564901,2.9213063584,2.8681836292263028,Test
VIYMAT_clean,5.60515,5.02913,5.58159,1.46758,1606.87,1094.91,0.0,0.0,0.544,0.37068,0.0,0,0.003656067,2.8463829311,2.7931571403136037,Test
VIYSON_clean,5.10341,3.76231,5.02058,1.31458,1263.39,961.063,0.0,0.0,0.5412,0.411691,0.0,1,0.0110062372999999,4.2406367776,4.250864653005298,Test
VIYTAA_clean,5.13433,3.87051,5.09927,1.31108,1290.46,984.278,0.0,0.0,0.541,0.412638,0.0,1,0.0116468185,4.3133990533,4.25626929421576,Train
VIYVIK_clean,5.08356,3.73927,5.05208,1.32275,1249.3,944.47,0.0,0.0,0.538,0.406727,0.0,1,0.0113477971999999,4.2888993219,4.316813101802516,Train
VIZSOO_clean,10.55409,4.56253,10.55409,0.761137,2666.36,3503.12,0.0,0.0,0.738,0.969602,0.0,0,0.0039830672,4.8780329444,4.786033009401476,Train
VIZSUU_clean,10.03238,7.42233,9.74376,0.749914,2221.9,2962.88,0.0,0.0,0.7282,0.971044,0.0,0,0.0025993279,3.4676575830000003,3.39825756716285,Train
VIZTIJ_clean,8.73473,6.34609,8.6886,1.3133,1742.87,1327.09,0.0,0.0,0.6462,0.492044,0.0,0,0.0017024154999999,1.9840428368,2.064387587354906,Train
VOBGAW_clean,4.66285,3.61303,4.65217,1.94112,362.013,186.497,1.69535,0.873387,0.4252,0.219049,0.0,1,0.0013292192,0.9156753721,0.8585963931808673,Train
VOBGEA_clean,4.64455,3.59836,4.63854,1.95569,361.005,184.592,0.902313,0.461378,0.4234,0.216497,0.0,1,0.0013947011,0.9275646967,0.867364047890864,Test
VOBKAA_clean,5.5254,4.43575,5.51234,1.26722,1839.76,1451.8,0.0,0.0,0.5992,0.472845,0.0,1,0.0039074667,3.2228002471,3.26833003250788,Test
VOBRUB_clean,4.37729,3.47803,4.37729,1.252,989.147,790.053,0.0,0.0,0.4922,0.393131,0.0,1,0.0055168276,3.6397148764,3.190898966226327,Test
VOCPEK_clean,4.62063,3.5641,4.61051,1.96241,341.977,174.264,0.360619,0.183763,0.4222,0.215144,0.0,1,0.001372096,0.9162588111,0.873196560263767,Train
VOCQAF_clean,4.95925,3.73408,4.95925,1.25635,976.237,777.039,0.0,0.0,0.4616,0.367412,0.0,0,0.0063837765,3.1152356799,2.7386581153683305,Test
VODQIP_clean,7.28777,5.97881,7.28116,1.0447,1818.88,1741.05,0.0,0.0,0.6212,0.594621,0.0,1,0.0052313232,3.6041892116,4.332989726106821,Test
VODSEM_clean,5.2679,4.81357,5.26778,1.72365,582.024,337.669,47.1721,27.3675,0.5448,0.316073,0.0,0,0.0003422126,0.4468967668999999,0.4523553597707619,Train
VOFFED_clean,6.3407,5.90199,6.31652,1.20352,848.809,705.272,0.0,0.0,0.4862,0.403982,0.0,1,0.0013940962,1.3529746000999998,1.389449968206673,Train
VOGPEO_clean,11.06118,7.00733,10.18392,0.767126,2192.56,2858.15,0.0,0.0,0.7242,0.944043,0.0,1,0.0050906028,4.8333059145,4.867353711237819,Train
VOGTIV_clean_h,11.63962,10.76348,11.63962,0.91487,1549.21,1693.37,0.0,0.0,0.6396,0.699116,0.0,1,0.0034998574,4.188882953399999,3.496982552990162,Test
VOHQIS_clean,5.34997,3.62026,5.34997,2.10583,1170.0,555.601,0.0,0.0,0.5162,0.245129,0.0,0,0.0518917065,3.8698979428,3.9885507203085497,Train
VOJGOS_clean,6.19077,5.31352,6.18884,0.976178,2056.2,2106.38,0.0,0.0,0.6384,0.653979,0.0,1,0.0074500918,5.8733479711,5.663911351654312,Train
VOLPET_clean,9.30216,6.24705,9.30149,0.741977,2463.48,3320.15,0.0,0.0,0.7498,1.01054,0.0,1,0.0030408146,3.8289181185,3.9560948689942386,Train
VOLQOD_clean,11.11495,8.75374,11.11495,0.70291,1891.75,2691.32,0.0,0.0,0.7388,1.05106,0.0,1,0.0037197032,4.0788762756,4.204173106684275,Test
VONCOS_clean,10.3381,9.26479,10.3381,1.24231,1086.56,874.625,129.189,103.991,0.6084,0.489732,0.0,1,0.0030952518,2.279369993,2.4318484311864133,Train
VONDEJ_clean,5.31005,4.78872,5.30922,1.60595,966.902,602.074,0.0,0.0,0.507,0.315701,0.0,0,0.0086065529,2.3958616147,2.5989854162081163,Test
VOPCEK_clean,5.95724,5.2412,5.95724,1.32376,1286.35,971.741,0.0,0.0,0.5334,0.402943,0.0,1,0.0052265824,3.0809737889,3.0431653989883998,Train
VOPCIO_clean,8.96483,7.98484,8.95338,1.07697,1629.75,1513.27,0.0,0.0,0.6138,0.569932,0.0,1,0.0038108591,3.5189201183,3.524620313469595,Train
VOSTUU_clean,8.30737,6.78194,8.30193,0.816834,1552.78,1900.97,4.35487,5.33141,0.5892,0.721322,0.0,1,0.0044860592,4.0642674135000005,3.9609006976855032,Test
VOTKEW_clean,5.14274,3.67598,5.1312,1.34119,1161.62,866.113,0.0,0.0,0.5308,0.395769,0.0,1,0.0050683021,2.8707387398,2.9647003715326687,Train
VOVKUO_clean,8.79938,7.37416,8.78205,2.86501,1668.56,582.391,0.0,0.0,0.6376,0.222547,0.0,1,0.0005082556,0.6204274441,0.5897166176584041,Train
VOXKIE_clean,6.80539,3.65176,6.80539,1.34151,1369.86,1021.14,0.0,0.0,0.6092,0.454115,0.0,1,0.0030561002,2.5726410608,2.701909740719793,Test
VOXQOQ_clean,5.75088,3.78769,5.73674,1.21298,1196.61,986.497,0.0,0.0,0.5614,0.462825,0.0,1,0.0033871863,2.3822326572,2.5615780633928806,Train
VOXVEL_clean,6.58217,4.28987,6.50926,1.3543,1358.41,1003.03,0.0,0.0,0.5474,0.404194,0.0,0,0.0087702026,4.4100707909,3.9082884066049832,Test
VOXYUE_clean,4.28545,3.52898,4.277,1.97331,1033.2,523.587,0.0,0.0,0.5514,0.279428,0.0,0,0.0006838975,0.8776479281999999,0.9154809824471641,Train
VOYGOH_clean,8.28524,6.29263,8.24088,1.28416,2599.39,2024.19,0.195596,0.152314,0.7268,0.565973,0.0,1,0.0011067645,1.4685141805000002,1.4531443045907468,Test
VOZVAJ01_clean,7.75927,5.99619,7.75927,1.41123,1642.21,1163.68,0.0,0.0,0.619,0.438625,0.0,0,0.0017359898,1.8875838157,1.931495736029027,Train
VOZVIR01_clean,8.9147,5.57973,8.87661,1.34608,1682.46,1249.9,0.0,0.0,0.6346,0.471444,0.0,1,0.0015839179,1.8462360532,1.8815507987299371,Train
VUCTUK_clean,4.04395,3.64101,4.04395,1.92522,503.149,261.347,0.0,0.0,0.4222,0.2193,0.0,1,0.0020948385,1.4751766843,1.4296581507388226,Train
VUDQOB_clean,6.32363,4.82237,6.31689,1.49229,1377.55,923.11,0.0,0.0,0.5686,0.381025,0.0,1,0.0042529229,2.8283947360000004,2.904582479059949,Test
VUDXID_clean,10.29567,8.38587,10.08643,0.842606,2083.44,2472.62,14.2598,16.9234,0.7296,0.865885,0.0,1,0.0019170038,2.6088657647,2.4549797479752273,Test
VUFBEE_clean,4.39803,3.46666,4.37592,1.64467,1017.25,618.512,0.0,0.0,0.5534,0.33648,0.0,1,0.0031861413,2.8210768398000003,2.7297364899552448,Train
VUGWUR_clean,7.83796,6.35433,7.79579,1.04646,1263.29,1207.21,74.2007,70.9066,0.5712,0.545842,0.0,0,0.0055705346,3.9560055381,3.842124414444708,Test
VUGXAY_clean,7.74052,6.24667,7.74052,1.0594,1255.22,1184.84,68.8954,65.0324,0.5682,0.536341,0.0,0,0.0054018359,3.9345687675,3.8463292249584864,Train
VUGXEC_clean,7.75346,6.26253,7.72478,1.06296,1251.42,1177.3,67.8457,63.8273,0.5624,0.529091,0.0,0,0.0055308756999999,3.908020063,3.8300227881242446,Test
VUGXIG_clean,7.98476,6.4639,7.95078,1.05743,1260.94,1192.45,76.2558,72.1141,0.574,0.542824,0.0,0,0.0058165071,3.9171469238,3.9098178070934226,Train
VUGXOM_clean,7.85489,6.36686,7.85489,1.08455,1259.8,1161.59,65.0961,60.0213,0.5694,0.525011,0.0,0,0.0052458678,3.8596815954,3.8342260757238567,Train
VUGXUS_clean,7.98273,6.46173,7.98207,1.08037,1258.25,1164.65,72.9124,67.4885,0.5732,0.53056,0.0,0,0.0051438197999999,3.8102880416,3.809490803264625,Test
VUGYAZ_clean,7.90027,6.40337,7.90027,1.10679,1245.86,1125.65,61.7559,55.7974,0.5642,0.509764,0.0,0,0.0046609009,3.7004929121,3.5355613508483708,Test
VUGYED_clean,7.99474,6.54413,7.99474,1.10841,1223.87,1104.17,67.208,60.6345,0.5792,0.522549,0.0,0,0.0047631691,3.6699714898,3.651640431269882,Train
VUGYIH_clean,7.72851,6.23818,7.68217,1.11585,1251.2,1121.3,68.7821,61.641,0.5678,0.508849,0.0,0,0.0056562288,3.9087582688,3.742415467440246,Test
VUHJAK_clean,4.48985,4.30755,4.48985,1.91615,471.61,246.123,0.0,0.0,0.4148,0.216475,0.0,1,0.0054162248,1.3134017909,1.4709053160803929,Test
VUHNET_clean,10.15164,5.15951,10.13819,1.26924,1812.62,1428.11,0.0,0.0,0.6596,0.519681,0.0,0,0.0017063654,2.0795479523,2.005600415610261,Test
VUJBEI_clean,18.44776,6.57566,18.44776,0.562611,2173.89,3863.94,0.0,0.0,0.7874,1.39955,0.0,1,0.00402493,4.8095755175,4.888498971641705,Test
VUKHOZ_clean,14.72034,13.81107,14.72034,1.23894,1154.41,931.773,0.0,0.0,0.6248,0.504303,0.0,1,0.000983959,1.2292061267,1.2929656906030358,Train
VUKJOC_clean,4.9896,3.40405,4.97821,1.45464,736.58,506.365,85.4496,58.7426,0.4856,0.333827,0.0,0,0.0037440407,2.1239892955,2.151813506661337,Train
VUKJUI_clean,5.49725,3.44726,5.49566,1.4408,839.787,582.86,90.2917,62.6676,0.4968,0.344808,0.0,0,0.0039518567999999,2.2710689298,2.3073529463863203,Train
VUKRUQ_clean,8.26088,7.40668,8.26088,0.854534,1806.41,2113.91,0.0,0.0,0.6414,0.750584,0.0,0,0.0031975651,3.8225286926,3.6287600031327405,Test
VUKSAX_clean,10.78925,9.42624,10.78325,0.664624,1937.19,2914.72,0.0,0.0,0.7148,1.0755,0.0,0,0.0026472799,3.725026881,3.523932093196475,Train
VUKSOL_clean,5.74617,4.59937,5.73998,1.07923,2058.01,1906.93,0.0,0.0,0.6268,0.580787,0.0,1,0.00382291,3.8307660981,3.6700595998229337,Train
VUKTAY_clean,5.60355,4.27431,5.58989,1.40562,1023.78,728.344,0.0374766,0.026662,0.486,0.345754,0.0,1,0.0046216084,2.56595266,2.474115299771468,Train
VUKTEC_clean,5.61851,4.19073,5.60379,1.41892,799.153,563.212,172.003,121.221,0.487,0.343219,0.0,1,0.0048001336,2.5055706592,2.4757834195539346,Train
VUKTIG_clean,5.58633,4.32231,5.37322,1.41396,1054.33,745.662,0.0,0.0,0.4904,0.346829,0.0,1,0.0045873707,2.5268781166,2.4123287401044684,Test
VUKTOM_clean,6.2708,4.86549,6.2708,1.34321,1213.42,903.374,0.0,0.0,0.5134,0.38222,0.0,1,0.0045602980999999,2.6268323662,2.7980718601769152,Test
VUKTUS_clean,6.57621,5.30461,6.57621,1.34132,1253.69,934.67,0.0,0.0,0.5342,0.398265,0.0,1,0.0045604941,2.6425663248,2.9133378295320966,Test
VULFIT_clean,4.52056,3.43974,4.50577,1.5127,759.724,502.229,0.0,0.0,0.4534,0.299728,0.0,1,0.0090697239,2.812352409,2.79027901078242,Train
VULKIX_clean,5.85201,4.46067,5.83515,1.35895,1067.23,785.338,21.156,15.5679,0.497,0.365724,0.0,1,0.0036057833,2.8659165634,2.4227342886984546,Test
VULKOD_clean,5.01507,3.95686,5.01507,1.39517,753.359,539.978,0.0,0.0,0.4446,0.318672,0.0,1,0.005200867,2.3114985339,2.1548014124349866,Test
VUMBIQ_clean,4.87594,3.54867,4.87222,1.55224,358.688,231.077,25.2971,16.2971,0.4518,0.291063,0.0,1,0.0035889941,1.9465892015,1.823323317198739,Train
VUMCEM_clean,5.05124,3.61434,5.04105,1.01673,972.711,956.701,0.0,0.0,0.5318,0.523047,0.0,0,0.0120443563,4.611712137,4.439527286058208,Train
VUMYUZ_clean,8.61002,3.76636,8.58351,1.65942,1147.35,691.414,0.0,0.0,0.5252,0.316496,0.0,1,0.0011135661,1.2774976134,1.2268569422094744,Train
VUNHAO_clean,8.87764,7.99015,8.87736,0.6011,2717.65,4521.13,0.0,0.0,0.7556,1.25703,0.0,1,0.0024968813,3.3516469657,3.3374730360138596,Test
VUNNEZ_clean,5.49362,5.42758,5.49362,1.41847,1291.95,910.806,0.0,0.0,0.5748,0.405224,0.0,1,0.0014354975,1.3813972478,1.4152853484971746,Train
VUQJUN01_clean,11.32844,10.26466,11.32844,0.790589,1731.69,2190.38,0.0,0.0,0.6654,0.841651,0.0,1,0.0056609731,4.6872433494,4.540337603879944,Train
VUQKAU01_clean,4.81422,4.24964,4.81422,1.04625,1425.24,1362.23,0.0,0.0,0.5584,0.533714,0.0,1,0.0064248672,4.2164414421,4.25085753796048,Train
VUQKAU02_clean,4.89363,4.31451,4.87033,1.033,1471.86,1424.84,0.0,0.0,0.5576,0.539787,0.0,1,0.0062633043999999,4.2890066779,4.241487121894066,Train
VUQKAU_clean,5.04139,4.46098,5.03992,1.00728,1566.78,1555.46,0.0,0.0,0.5754,0.571243,0.0,1,0.0063982015,4.4707632845,4.420889263225863,Train
VUQKOI_clean,6.97233,5.60829,6.97233,1.35846,1074.25,790.79,0.0,0.0,0.5344,0.393388,0.0,1,0.0014026503,1.4423358665,1.4488581897287682,Train
VURLIF_clean,5.59171,4.33137,5.56182,0.953551,2657.55,2787.0,0.0,0.0,0.6734,0.706202,0.0,0,0.0066992793999999,5.970527496799999,5.990254835384527,Test
VURYIR_clean,4.29138,3.47068,4.23523,1.58197,597.238,377.529,0.0,0.0,0.4322,0.273204,0.0,1,0.001181651,1.0311030405,1.0653539197060047,Train
VURYOX_clean,6.57096,5.95893,6.55565,1.3407,1084.43,808.849,0.0,0.0,0.5052,0.376817,0.0,1,0.0011569174,1.2473987036,1.3500162710378751,Test
VUSKAW_clean,14.98828,7.97019,14.98828,0.594675,2204.82,3707.61,0.0,0.0,0.8008,1.34662,0.0,0,0.0024594791,3.612207676,3.5013199322097934,Train
VUVZAP_clean,4.71954,3.57694,4.71245,1.57661,1081.4,685.901,0.0,0.0,0.5506,0.349231,0.0,0,0.0068776168,3.5476657119,3.419397082696194,Train
VUWRUC_clean,8.86215,6.25992,8.83975,1.16678,1520.16,1302.87,0.0,0.0,0.593,0.508237,0.0,0,0.0040212373,3.5742880733999995,3.4521213681408547,Train
VUWSAJ_clean,5.66843,4.07448,5.66811,1.11008,1893.61,1705.84,0.0,0.0,0.6012,0.541584,0.0,1,0.0049230507,3.8506371826,3.8924369608561458,Test
VUZNOV_clean,7.56763,5.28078,7.56763,0.714751,2308.57,3229.9,0.0,0.0,0.6884,0.963133,0.0,0,0.0049932653999999,5.589354215499999,5.450006133844628,Train
WABTOK_clean,4.92775,3.91462,4.90973,1.78273,1357.93,761.713,0.0,0.0,0.5942,0.333308,0.0,1,0.0011406146,1.2526778205,1.2302129081590647,Train
WABVIF02_clean,5.85197,4.01773,5.50246,1.2803,1937.61,1513.4,0.0,0.0,0.6248,0.488009,0.0,1,0.0022798028,2.4979857234,2.441804775418947,Test
WABVIF03_clean,5.80274,3.92866,4.7438,1.30723,1855.76,1419.61,0.0,0.0,0.6136,0.46939,0.0,1,0.0023450616,2.4944333736,2.4255793613235346,Train
WABVIF04_clean,5.9528,4.29679,5.9528,1.18253,2130.19,1801.39,0.0,0.0,0.6496,0.549332,0.0,1,0.0021180744,2.3303485762,2.445862236126678,Test
WABVIF_clean,5.93486,4.28251,5.93486,1.19094,2095.13,1759.22,0.0,0.0,0.6604,0.55452,0.0,1,0.0019932314,2.3578168658000003,2.370378468335118,Train
WABVOL_clean,5.64639,3.6405,5.64639,1.49122,938.691,629.478,0.0,0.0,0.4216,0.282721,0.0,1,0.0012303761999999,1.5485127118000002,1.384407428975504,Train
WABVUR_clean,9.47863,4.42976,9.47863,1.26842,1786.23,1408.23,0.0,0.0,0.615,0.484855,0.0,1,0.0016875278,2.2497028537,2.0720372262608513,Test
WABWAY_clean,9.49902,4.44037,9.49902,1.29862,1698.78,1308.14,0.0,0.0,0.5936,0.457099,0.0,1,0.0016074210999999,2.0355024022,1.9995435302703415,Test
WABWEC_clean,9.48082,4.42797,9.48082,1.193,1861.05,1559.97,0.0,0.0,0.6462,0.54166,0.0,1,0.001535001,1.9626534149,1.960998616782764,Test
WACLEU_clean,6.11102,5.03298,6.08461,1.15501,1387.0,1200.86,0.0,0.0,0.5472,0.473763,0.0,1,0.0052592689,3.5317339036,3.482712347551947,Test
WAFKAQ_clean,8.03491,5.51639,8.03491,0.911443,2137.62,2345.31,0.0,0.0,0.6604,0.724566,0.0,1,0.0052262282,5.1964305555,4.948629495692536,Train
WAGDAL_clean,4.64816,3.73698,4.61775,2.65265,613.804,231.393,27.6543,10.4252,0.4246,0.160066,0.0,1,0.0021914197,1.2599456902,1.2245256726605087,Train
WAHFUJ01_clean,4.91116,3.78472,4.77837,1.29423,994.219,768.194,0.0,0.0,0.4692,0.362532,0.0,1,0.0032593653,2.3440001138,2.2742672844004233,Train
WAHGIY_clean,5.33673,4.40357,5.33673,1.28737,815.264,633.278,0.0,0.0,0.4692,0.364464,0.0,1,0.0049959211,2.0761201677,2.1623788571263214,Train
WAHKUO_clean,16.20891,7.16155,16.20891,0.580972,2068.66,3560.7,0.0,0.0,0.759,1.30643,0.0,1,0.0037199652,5.0032353526,4.643502038335281,Test
WAHNEB_clean,15.95836,6.79866,15.95836,0.49512,2275.95,4596.76,0.0,0.0,0.781,1.57739,0.0,1,0.0040438435,5.516143863,5.244106591705341,Test
WAHNIF_clean,16.02728,6.94786,16.02728,0.608079,2054.1,3378.01,0.0,0.0,0.7564,1.24392,0.0,1,0.0038182248999999,4.931897215799999,4.745689030041376,Train
WAHNOL_clean,16.15521,7.17077,16.15521,0.498613,2156.59,4325.17,0.0,0.0,0.7774,1.55913,0.0,1,0.0040088318,5.5530942639,5.080634927028933,Test
WAJHOG_clean,6.41579,6.06601,6.40923,1.24433,1319.37,1060.3,0.0,0.0,0.541,0.434771,0.0,1,0.0044523213,3.4233300483999995,3.1093617011566588,Test
WALKAY_clean,4.73309,3.92758,4.72517,1.16625,391.638,335.809,365.08,313.037,0.5,0.428724,0.0,1,0.0080463481,2.9196361799,2.947343559861756,Train
WAMREJ_clean,15.93828,10.49353,15.93828,0.575196,2135.23,3712.18,0.0,0.0,0.7842,1.36336,0.0,1,0.004093192,4.859914776,4.905694547011025,Test
WAMRIN01_clean,7.20791,6.51318,7.17561,0.94264,1559.88,1654.8,0.0,0.0,0.5968,0.633115,0.0,1,0.0069733452,5.3819081049,5.141905674304558,Test
WAMRIN_clean,7.37329,5.74338,7.35934,0.949012,1570.93,1655.33,0.0,0.0,0.5942,0.626125,0.0,1,0.0073266751,5.2638766026,5.235168638969054,Train
WANBOE_clean,8.09931,5.5083,8.077,3.37544,1357.32,402.116,0.0,0.0,0.5218,0.154587,0.0,1,0.0003060414,0.3937170127,0.3779831040016548,Train
WANHIF_clean,11.32631,6.15412,11.32631,0.742906,2435.38,3278.19,0.0,0.0,0.7266,0.978051,0.0,1,0.0051809562,5.2517650479,5.23048580260504,Test
WANJIF_clean,4.50079,3.43707,4.48085,1.30508,566.366,433.969,0.0,0.0,0.4924,0.377294,0.0,1,0.0078357851,3.0214211841000003,2.923084103519878,Train
WAPSUE_clean,6.68993,4.69904,6.68534,3.09743,1954.36,630.96,0.0,0.0,0.5988,0.193321,0.0,1,0.0003654135,0.4886362542,0.5179067334270702,Train
WAQFAX_clean,9.30669,8.11233,9.29943,0.819886,2162.64,2637.74,0.0,0.0,0.722,0.880611,0.0,1,0.0032522196,3.8892977348,3.8828883303553194,Train
WAQFIG_clean,8.54706,6.43178,8.54706,0.665022,2729.5,4104.38,0.0,0.0,0.7646,1.14974,0.0,1,0.0039520352,5.1097082593000005,4.959570680672455,Test
WAQKUX_clean,11.77413,6.99458,11.77413,0.695804,2361.16,3393.43,0.0,0.0,0.7362,1.05806,0.0,1,0.0043440521,4.5706169113,4.738963462443701,Train
WAQTEQ_clean,11.92108,6.99954,11.92108,0.79488,2039.53,2565.84,0.0,0.0,0.7422,0.933726,0.0,1,0.0030031071,3.8225294432,3.6600650729567707,Test
WARFAZ_clean,6.17335,5.62341,6.16091,1.2809,1123.23,876.911,0.0,0.0,0.4772,0.372552,0.0,1,0.0019481780999999,1.5670403712,1.787058514373078,Test
WARJAC_clean,6.27516,5.38886,5.82916,1.20156,1848.31,1538.27,0.0,0.0,0.6418,0.534141,0.0,1,0.0019562567,2.3168121828,2.274065866684538,Train
WASMUB_clean,8.9,7.73975,8.81765,1.24649,1402.71,1125.33,0.0,0.0,0.5316,0.426479,0.0,0,0.01954119,5.1967182349000005,5.1867020968230175,Train
WASPAK_clean,8.92408,8.10678,8.90273,0.931064,1602.41,1721.06,0.0,0.0,0.6094,0.65452,0.0,0,0.0049212427,4.3273514844,4.369109344016142,Train
WASQEP_clean,10.60263,4.61939,9.00037,0.666978,2426.86,3638.59,0.0,0.0,0.7138,1.0702,0.0,0,0.0050986731,5.9583493487,5.83176956523533,Train
WASQIT_clean,10.8507,4.21913,8.79858,0.655054,2519.15,3845.71,0.0,0.0,0.7108,1.0851,0.0,0,0.0055249723,6.2752621648,5.965983974145834,Test
WASTUG_clean,10.4656,7.25807,10.12341,1.59439,2004.76,1257.39,0.0,0.0,0.6606,0.414328,0.0,1,0.0006482212999999,0.9201617264,0.9011494806609304,Train
WASVES_clean,7.24568,4.22882,6.95314,2.14337,1730.17,807.218,0.0,0.0,0.582,0.271535,0.0,1,0.000425342,0.6496847579,0.6477164504587734,Train
WAVQAN_clean,4.79566,3.75004,4.7947,1.6227,1326.67,817.573,0.0,0.0,0.5394,0.332409,0.0,1,0.0070310186,3.5477883846,3.419828815585654,Train
WAVQER_clean,4.81498,3.73544,4.8133,1.62849,1353.34,831.04,0.0,0.0,0.533,0.327297,0.000122813,1,0.0066608582999999,3.5064672629,3.448683569481346,Train
WAVQOB_clean,10.26547,8.18203,10.23692,0.66377,1981.42,2985.1,0.0,0.0,0.7732,1.16486,0.0,1,0.0024965772,3.4159092966,3.328865805422432,Test
WAVQUH_clean,7.91312,4.47781,7.90396,1.01651,1145.58,1126.98,498.965,490.863,0.6102,0.600292,0.0,0,0.0046664845,3.9693117212,3.9287751495854852,Test
WAVRAO_clean,15.02274,4.23694,15.02053,0.819731,1973.4,2407.37,0.0,0.0,0.6752,0.823685,0.0,1,0.0057889416,5.1094834349000005,5.019054202064892,Train
WAVROC_clean,18.88525,7.91531,18.88525,0.52911,1993.81,3768.23,0.0,0.0,0.7926,1.49799,0.0,1,0.0034577648999999,4.5020240461,4.492810113292724,Test
WAWGOQ_clean,10.46531,7.24737,10.06993,0.692819,2068.45,2985.55,0.0,0.0,0.7192,1.03808,0.0,1,0.0039779359,4.3903776937,4.57307958294553,Test
WAYKAK_clean,8.40665,6.61758,8.40665,1.07627,1621.77,1506.84,0.0,0.0,0.6056,0.562685,0.0,0,0.0044346157,3.707532787,3.924221109232164,Test
WAYMAM_clean,7.05522,6.73992,7.05522,1.02658,1675.75,1632.35,0.0,0.0,0.6178,0.601802,0.0,0,0.0027695263,3.134782641,3.1876972832423816,Test
WAYMEQ_SL,6.99879,6.49457,6.99879,0.979768,1578.78,1611.38,0.0,0.0,0.5878,0.599938,0.0,0,0.0070757838,5.582056596,5.516060684789418,Test
WAYMIU_manual,7.34688,6.90533,7.3455,0.98047,1670.06,1703.32,0.0,0.0,0.606,0.618071,0.0,0,0.0073200525,6.2887479988,6.18082224127579,Train
WAYMOA_manual,7.07433,6.89369,7.07243,0.955162,1592.82,1667.59,0.0,0.0,0.6076,0.636122,0.0,0,0.0064370812,5.6717032127,5.78205817496611,Test
WAZCUX_clean,5.1953,4.60615,5.12813,1.85198,863.616,466.321,0.0,0.0,0.4452,0.240392,0.0,1,0.0032453165999999,1.6349460707,1.669628930011114,Test
WEBJOE_clean,19.11149,16.87545,19.11149,0.689845,2240.23,3247.44,0.0,0.0,0.788,1.14229,0.0,1,0.0043842109,4.5935512293,4.919985289242181,Test
WEBKOD_clean,6.32569,5.26533,6.09075,1.27587,1622.74,1271.87,0.0,0.0,0.5952,0.466504,0.0,1,0.0039699576,3.0041119235000004,3.2093558930458745,Test
WEBREC_clean,5.39661,3.78553,5.39661,1.22212,951.616,778.662,0.0,0.0,0.476,0.389488,0.0,1,0.0077025989,3.1531446376,3.074262375490298,Train
WECBEN_clean,6.503,4.33861,6.44488,0.992115,3119.1,3143.89,0.0,0.0,0.6996,0.70516,0.0,0,0.0026986407,3.6805818075,3.3576393863880445,Test
WECBOX_clean,4.70975,3.71197,4.69989,1.52733,833.701,545.856,0.0,0.0,0.5236,0.342821,0.0,0,0.0041654615,2.460398557,2.3608928375772273,Train
WECFAN01_clean,4.19243,3.69787,4.18729,1.32337,513.248,387.834,0.0,0.0,0.4454,0.336565,0.0,1,0.0028575523,1.7259933465,1.8007918242151857,Train
WECFAN_clean,5.13884,4.48422,5.13105,1.20369,945.898,785.834,0.0,0.0,0.4976,0.413397,0.0,1,0.0026237732,1.8866313623,1.9754572159170476,Train
WECJIZ_clean,5.92737,4.9743,5.92737,1.01088,914.95,905.103,64.8197,64.122,0.5454,0.53953,0.0,1,0.0039759926,2.401567582,2.8303837694301897,Test
WEDQED_clean,5.20127,4.18257,5.20127,1.3,804.684,618.987,0.0,0.0,0.4758,0.365999,0.0,1,0.0057431753,2.4125873866,2.4191512520758103,Test
WEFCAN_clean,5.5219,5.04903,5.5219,0.826455,2177.69,2634.97,0.0,0.0,0.6214,0.751886,0.0,0,0.0071810763,5.3587117764,5.398096742864359,Train
WEFXEM_clean,6.73931,4.78997,6.67269,1.07497,1461.44,1359.51,0.0,0.0,0.5704,0.530617,0.0,0,0.0041387249,3.678321151000001,3.509099183617735,Train
WEFZIS_clean,4.30666,3.54798,4.30607,2.06143,662.208,321.237,0.0,0.0,0.4722,0.229064,0.0,1,0.0036001435,2.1699994194,2.074681120263196,Train
WEGFUL_clean,4.85962,3.90561,4.85655,1.68872,896.439,530.839,0.0,0.0,0.4452,0.263631,0.0,0,0.0051597589,2.0933943762,2.1023464529923386,Train
WEGGAS_clean,4.84334,3.88578,4.83342,1.72479,895.132,518.979,0.0,0.0,0.4484,0.259973,0.0,0,0.0051797061,2.0623569588,2.1022976096689785,Test
WEGKIE_clean,11.12087,6.65331,11.08978,1.1494,1264.36,1100.02,490.634,426.862,0.6338,0.551419,0.0,1,0.0045653016,3.9233756204,3.721222192080615,Test
WEHHEY_clean,10.71326,6.70339,10.52268,0.819904,2131.67,2599.9,0.0,0.0,0.7068,0.862052,0.0,1,0.0066959937,4.9335434228,4.849394443908302,Train
WEHHIC_clean,10.89625,6.78698,10.2645,0.812812,2126.87,2616.68,0.0,0.0,0.7052,0.867605,0.0,1,0.0068533121999999,4.936985512,4.8404891448812695,Test
WEHHOI_clean,10.711,6.72932,10.68633,0.81633,2148.04,2631.34,0.0,0.0,0.7146,0.875382,0.0,1,0.0065715328,4.9785972544,4.941242081176689,Train
WEHHUO_clean,10.86494,6.69089,10.846,0.80874,2143.96,2650.98,0.0,0.0,0.7268,0.898682,0.0,1,0.0066581576,4.9768727249,4.960424276668961,Test
WEHJAW_clean,11.37189,6.87066,11.36953,0.813465,2137.05,2627.1,0.0,0.0,0.727,0.893708,0.0,1,0.0069359542,4.9561828512,4.953763532626849,Train
WEHJEA_clean,11.11094,5.77138,11.07598,0.73357,2315.41,3156.35,0.0,0.0,0.7568,1.03167,0.0,1,0.0037696702,4.864326264,4.557055870703568,Train
WEHJIE_clean,11.03891,6.32706,11.01433,0.80868,2264.04,2799.67,0.0,0.0,0.7142,0.883167,0.0,1,0.0050028378,4.6971816959,4.711150003545336,Train
WEHJOK_clean,11.74533,5.64839,11.7384,0.778372,2312.59,2971.06,0.0,0.0,0.736,0.945563,0.0,1,0.0035584831,4.6291306756,4.29317636266622,Test
WEHJUQ_clean,11.40663,8.63285,11.3324,0.700785,2325.03,3317.76,0.0,0.0,0.7666,1.09392,0.0,1,0.0033426617,4.2681810452,4.264029310043688,Train
WEMBUN_clean,4.83761,4.30379,4.83761,1.70777,2244.04,1314.02,0.0,0.0,0.608,0.356019,0.0,1,0.0023411306,2.3910144389,2.4554544842696675,Train
WEMCAU_clean,4.83981,4.27369,4.83981,1.75476,2235.14,1273.76,0.0,0.0,0.5942,0.338622,0.0,1,0.0031445461,2.9235273273,2.837419775246844,Test
WEMCEY_clean,5.09454,3.5623,5.09454,2.38239,649.886,272.788,0.0,0.0,0.4074,0.171005,0.0,1,0.0016954087,0.9070192185,0.9366897620551735,Train
WEMCIC_clean,5.03643,3.47331,4.82197,2.42633,623.511,256.977,0.0,0.0,0.4032,0.166177,0.0,1,0.0018030599,0.8929615525,0.9309357312415751,Train
WEMCOI_clean,5.04735,3.46352,5.0193,2.47686,626.37,252.888,0.0,0.0,0.3988,0.16101,0.0,1,0.0017484203,0.8830756101999999,0.9350470482354871,Train
WEMCUO_clean,4.97873,3.46394,4.79411,2.52518,613.235,242.848,0.0,0.0,0.3982,0.157692,0.0,1,0.0018517247,0.8825277118000001,0.9304442151554531,Test
WEMDAV_clean,5.02432,3.48688,5.02432,2.56501,609.55,237.64,0.0,0.0,0.3952,0.154074,0.0,1,0.0018158983,0.8793416545,0.9072617369023184,Test
WEMDID_clean,5.01302,4.40435,5.01302,1.50314,2329.65,1549.85,0.0,0.0,0.6306,0.419521,0.0,0,0.0021220235,2.3777981905,2.2937832335378596,Test
WEMDOJ_clean,4.95352,4.39275,4.95352,1.55656,2295.37,1474.65,0.0,0.0,0.629,0.404097,0.0,0,0.0021601802,2.3744379748,2.2992993322919792,Train
WEMDUP_clean,4.9238,4.37132,4.9238,1.57984,2315.52,1465.67,0.0,0.0,0.6202,0.392572,0.0,0,0.0022047028,2.3994562525,2.36332626519901,Test
WEMFAX_clean,4.90097,4.37647,4.90097,1.61335,2291.08,1420.07,0.0,0.0,0.6242,0.386896,0.0,1,0.0021850043,2.3823839173,2.335012801152838,Test
WEMFEB_clean,4.87971,4.37038,4.87971,1.63348,2285.5,1399.16,0.0,0.0,0.604,0.369763,0.0,1,0.0021644147,2.3818914248,2.3897316282786933,Train
WEMFIF_clean,4.85948,4.34946,4.85948,1.66666,2253.59,1352.15,0.0,0.0,0.5992,0.35952,0.0,1,0.0022263511999999,2.3948797056,2.39215321618712,Test
WEMFOL_clean,4.8612,4.33226,4.8612,1.68559,2254.63,1337.59,0.0,0.0,0.5966,0.353942,0.0,1,0.0022213413,2.3906370596,2.3894762269817207,Test
WEMNAF_clean,4.6267,3.86158,4.59914,1.41831,894.104,630.401,0.0,0.0,0.4764,0.335893,0.0,0,0.006022991,3.0401837828,2.633600581664772,Test
WENDIE_clean,4.91533,3.83478,4.91533,1.40969,980.417,695.487,0.0,0.0,0.4986,0.353696,0.0,1,0.0114390365999999,3.3262823548,3.3852287704982595,Train
WENKEH_clean,7.34891,5.7859,7.21721,1.50223,520.443,346.446,27.0727,18.0216,0.4484,0.298489,0.0,1,0.0014729667,1.2658552825,1.2238748525262682,Train
WENKOR_clean,7.34523,5.77431,7.33779,1.55847,525.754,337.351,34.2975,22.0071,0.4426,0.283996,0.0,1,0.0015654129,1.2990589119,1.305964597684058,Test
WENKUX_manual,7.45595,5.7787,7.37267,1.54828,597.632,385.997,35.4694,22.9089,0.4528,0.292453,0.0,1,0.001979449,1.5448606305,1.51514039066017,Train
WENLAE_manual,7.43383,5.78969,7.30816,1.58521,593.074,374.131,15.956,10.0656,0.4384,0.276557,0.0,1,0.0018135851999999,1.4459861235,1.374556648976482,Test
WENLEI_clean,7.45284,5.80961,7.45284,1.59702,595.668,372.986,17.5491,10.9886,0.4418,0.276639,0.0,1,0.0017313809,1.4465924686000002,1.398898979276163,Test
WERHIK_clean,5.75389,3.54583,5.75389,1.67143,1139.75,681.902,0.0,0.0,0.4974,0.297589,0.0,0,0.0430100722,5.2174927363,5.123218796603679,Train
WESYAV_clean,4.87361,4.61034,4.87361,1.39877,1201.03,858.632,0.0,0.0,0.5228,0.373756,0.0,0,0.0081461798,2.9994065476,3.3904058830527073,Test
WEVQIX_clean,8.30134,7.08669,8.30134,1.3689,1061.52,775.455,0.0,0.0,0.5704,0.416684,0.0,1,0.0008057823,0.923659763,0.9562843177013023,Train
WEVQOD01_clean,8.03523,6.79991,8.03523,1.55221,1025.68,660.788,0.0,0.0,0.5644,0.363612,0.0,1,0.0006309858,0.7711834777,0.8273375731546233,Train
WEVQOD_clean,8.33119,7.13692,8.33119,1.51454,1062.97,701.84,0.0665577,0.0439457,0.5726,0.378068,0.0,1,0.0006358025,0.8024261061,0.7976161786947786,Train
WEVQUJ_clean,8.44067,7.27418,8.44067,1.48575,1083.43,729.214,0.77233,0.519826,0.5778,0.388896,0.0,1,0.0006167456999999,0.8134568031,0.7609174009113171,Train
WEVRUK_clean,8.57681,7.4662,8.57681,1.43976,1130.1,784.921,4.16739,2.8945,0.5708,0.396454,0.0,1,0.000658822,0.8316541197,0.8220407420593738,Train
WEVZUT_clean,5.27812,3.52606,5.27812,1.59275,798.942,501.612,5.51079,3.45992,0.4646,0.291697,0.0,0,0.0017180702,1.4305817419,1.4097567870364227,Train
WEXTAV_clean,4.98825,4.19272,4.98346,1.40649,999.163,710.396,0.0,0.0,0.5104,0.36289,0.0,1,0.0022469604,1.8327581509,1.788731574001924,Train
WEYQAU01_clean,4.51961,3.60555,4.51961,1.13786,1565.68,1375.99,0.0,0.0,0.5718,0.502522,0.0,0,0.0053625318,4.287719173,4.160832147304541,Test
WEYQAU02_clean,4.51815,3.68584,4.44811,1.14062,1514.82,1328.07,0.0,0.0,0.5714,0.500956,0.0,0,0.0068131393,4.7684283286,4.537318177181229,Test
WEYQAU03_clean,4.54995,3.78626,4.54995,1.12516,1590.17,1413.29,0.0,0.0,0.5782,0.513884,0.0,0,0.0066601019999999,4.8476718164,4.717248926304359,Test
WEYQAU04_clean,4.4842,3.61074,4.45602,1.15336,1507.95,1307.45,0.0,0.0,0.565,0.489873,0.0,0,0.0065428397,4.6874974561,4.405992887090475,Test
WEYQAU05_clean,4.49445,3.64175,4.49445,1.14735,1525.05,1329.2,0.0,0.0,0.568,0.495054,0.0,0,0.0067058143999999,4.7317371489,4.464412958582036,Test
WEYQAU06_clean,4.52093,3.69835,4.50827,1.13868,1559.53,1369.6,0.0,0.0,0.5718,0.502162,0.0,0,0.0067972393,4.7671086307,4.580230692005253,Test
WEYQAU07_clean,4.54619,3.75106,4.54619,1.13112,1575.56,1392.92,0.0,0.0,0.576,0.509231,0.0,0,0.0070933763,4.8161103661,4.717986690219887,Train
WEYQAU08_clean,4.54883,3.77222,4.52816,1.12759,1562.09,1385.34,0.0,0.0,0.5786,0.51313,0.0,0,0.0068290392,4.8324396403,4.590296774610813,Test
WEYQAU09_clean,4.54974,3.80687,4.54906,1.12252,1599.36,1424.8,0.0,0.0,0.5812,0.517765,0.0,0,0.007007914,4.8867976797,4.7192240759139485,Test
WEYQAU10_clean,4.56818,3.83214,4.56487,1.10391,1656.82,1500.86,0.0,0.0,0.5884,0.533013,0.0,0,0.0053363927,4.4710184323,4.388735055900157,Train
WEYQAU12_clean,4.40257,3.44728,4.36821,1.18614,1438.51,1212.76,0.0,0.0,0.5546,0.467566,0.0,1,0.006363965,4.5591230457,4.225971726099683,Test
WEZCIO_clean,8.732,7.51715,8.732,1.34422,1127.95,839.11,0.0,0.0,0.5656,0.420764,0.0,1,0.0006348362,0.9000857692,0.8881404622253153,Train
WIBSAD_clean,9.62612,6.21746,9.61657,0.927119,1704.27,1838.25,6.32101,6.81791,0.6464,0.697214,0.0,1,0.0021253509,2.3851744014,2.5084867289420636,Test
WICGEV_clean,4.986,4.06891,4.90495,1.61194,943.479,585.307,0.0,0.0,0.463,0.287232,0.0,0,0.0016877342,1.3593222302,1.3588799861206728,Train
WIDQEG_clean,7.60111,7.11755,7.60111,1.01218,1727.14,1706.35,0.0,0.0,0.63,0.622417,0.0,0,0.0039312235,4.2946416544,4.29527033178018,Train
WIDWOX_clean,6.98663,4.18313,6.97418,1.49157,1020.42,684.125,118.512,79.4544,0.5482,0.367533,0.0,1,0.0011315611,1.1452423398,1.2136686131091057,Test
WIDZUG_clean,5.41352,3.48109,5.41227,1.38051,840.521,608.85,0.0,0.0,0.4942,0.357985,0.0,0,0.0019677085,1.6346811111,1.5512492129667317,Test
WIFBAQ_clean,6.13409,5.44238,6.13409,1.2726,1015.51,797.983,0.0,0.0,0.5042,0.396197,0.0,0,0.0029055931,2.3907921108,2.137959243867557,Train
WIHDUN_clean,4.94352,3.57815,4.9376,1.23221,1172.12,951.24,0.0,0.0,0.5416,0.439537,0.0,1,0.0074200727,3.8291901356,3.6756900981226956,Test
WIHVAL_clean,4.98172,4.06866,4.90588,1.61186,947.448,587.799,0.0,0.0,0.4852,0.301019,0.0,0,0.0017068949,1.3504923622999998,1.3869482464543215,Train
WIHVEP_clean,4.98664,4.03769,4.97035,1.60991,948.127,588.931,0.0,0.0,0.473,0.293805,0.0,0,0.0016526064,1.3537321095,1.3606219977210285,Train
WIHWAN_clean,9.73279,7.22908,9.72646,0.781161,2141.5,2741.43,0.0,0.0,0.7076,0.905831,0.0,0,0.003548018,4.0694545644,4.233357401286851,Train
WIJDAV_clean,6.7427,5.50308,6.71088,1.44712,1338.51,924.951,0.0,0.0,0.528,0.364864,0.0,0,0.0042249049,2.8581928508,2.881978794741349,Test
WIJXEU_clean,10.21317,6.80397,9.6529,0.728441,2006.16,2754.05,0.0,0.0,0.7122,0.977705,0.0,1,0.0034923259999999,4.4019946004,4.217437343575809,Train
WIJXIY_clean,14.24395,11.55698,14.23198,0.475086,1730.44,3642.38,0.0,0.0,0.8226,1.73148,0.0,1,0.0024451394,3.6227708454,3.441601601268188,Train
WIKXAQ_clean,7.61954,3.92787,7.61954,0.877202,2692.33,3069.22,0.0,0.0,0.7338,0.836523,0.0,0,0.0017350437,2.3722664983,2.44033408340814,Train
WIKYAQ_clean,5.56765,4.22978,5.55876,1.17628,572.115,486.376,3.29466,2.80092,0.4396,0.373721,0.0,1,0.0011659315,1.1267029188,1.0507004594892455,Train
WILDUR_clean,4.40563,4.06842,4.39346,1.59545,414.383,259.728,154.011,96.5316,0.4902,0.307249,0.0,1,0.0064598186,2.6430258267,2.703777086475327,Train
WILFAZ_clean,4.61767,3.60434,4.60806,1.63777,404.45,246.951,107.478,65.6246,0.4794,0.292715,0.0,1,0.005764476,2.4666162652000003,2.4260963943559557,Test
WILGII_clean,5.04706,4.025,5.04249,1.31109,1273.98,971.693,0.0,0.0,0.578,0.440854,0.0,1,0.0036167283,2.543170805,2.6883980824003686,Test
WILHIK_clean,4.65234,4.0796,4.6262,1.34338,777.291,578.609,0.382682,0.284865,0.4858,0.361625,0.0,0,0.0086325847999999,2.9514195067,2.989778397690157,Train
WILNEL01_clean,4.81584,3.50149,4.81584,1.10493,799.46,723.542,0.0,0.0,0.5386,0.487453,0.0,0,0.0054357762,3.9654616252,3.130644510569676,Test
WILRAK_clean,6.14662,4.92634,6.07221,1.13056,2856.19,2526.36,0.0,0.0,0.7378,0.652598,0.0,1,0.0012068981,1.5575151831999998,1.5862558576952857,Train
WILREO_clean,6.22413,4.97143,6.22113,1.10896,2859.64,2578.66,0.0,0.0,0.7412,0.668372,0.0,1,0.001187779,1.5384461927000002,1.5793941678222745,Train
WILRIS_clean,6.18287,5.26913,6.08331,1.06646,2702.71,2534.28,0.0,0.0,0.743,0.696696,0.0,1,0.0010366699,1.4278328891,1.3147242603519822,Test
WIMWEW_clean,4.85065,3.63556,4.83812,1.14632,1509.08,1316.45,0.0,0.0,0.552,0.481541,0.0,1,0.0057029973,3.8949634005,3.8725723136503123,Train
WIMWIA_clean,4.81894,3.74279,4.79734,1.18861,1454.84,1223.98,0.0,0.0,0.5584,0.469791,0.0,0,0.0078080356,4.3072558289,4.33637772750125,Train
WINCEC_clean,4.94527,3.59812,4.94527,1.22278,1150.61,940.978,0.0,0.0,0.5326,0.435564,0.0,1,0.0073688122,3.8381248271,3.654835434450139,Train
WIPLOY_clean,6.48105,4.74292,6.45525,1.18111,1714.15,1451.31,0.0,0.0,0.5818,0.492588,0.0,1,0.0068915074,4.2819207306,4.2999030372210925,Test
WIPPIW_clean,6.83572,4.03275,6.83132,1.10561,1802.61,1630.43,0.0,0.0,0.614,0.55535,0.0,0,0.0038855364,3.4376200335000004,3.5395728924639434,Test
WIPZEC_clean,5.45688,4.84274,5.44436,1.09301,1433.3,1311.34,0.0,0.0,0.552,0.50503,0.0,0,0.0083351373,4.3188493429,4.337582374705254,Train
WIRKOZ_clean,17.38546,6.83963,17.38546,0.742862,1607.16,2163.48,0.0,0.0,0.6666,0.897341,0.0,1,0.0027750153,2.7950335306,2.9969741802806515,Train
WIRMOB_clean,8.09669,7.0815,8.09669,0.92351,1288.54,1395.26,130.958,141.805,0.578,0.625873,0.0,1,0.0087180529,3.7376933112,4.363073733812885,Test
WISTID_clean,5.3857,3.74409,5.37745,1.51731,1051.5,692.999,0.0,0.0,0.4932,0.325048,0.0,1,0.0074544968,3.0227787079,2.9216031895426804,Train
WISVEB_clean,8.95121,6.85436,8.94162,0.828799,2404.18,2900.8,0.0,0.0,0.747,0.901304,0.0,1,0.0025985398,3.4800033356,3.3513098599386266,Train
WITJOA_clean,6.21484,4.39834,6.20863,1.03298,1693.59,1639.51,90.392,87.5058,0.5878,0.569032,0.0,1,0.0066488352,3.9313486496,4.580825764956595,Test
WITJUG_clean,5.88607,4.95547,5.85988,1.02366,1929.46,1884.87,0.0,0.0,0.5976,0.583788,0.0,1,0.0052779218999999,4.269333157799999,4.24998899254407,Train
WITKIV_clean,20.46084,11.48372,20.46084,0.586943,1702.14,2900.02,0.0,0.0,0.7774,1.32449,0.0,1,0.0030494624,3.6837946651,3.784531495536081,Test
WIVKOD_clean,5.94278,4.37421,5.9419,2.24053,1604.96,716.33,0.0,0.0,0.585,0.261099,0.0,1,0.0012173757,1.3357211868,1.2787066026725502,Test
WIVRIE_clean,7.1828,5.28792,5.5333,1.16005,1460.05,1258.61,0.0,0.0,0.5844,0.50377,0.0,1,0.007147643,3.895589524100001,3.944055578030288,Train
WIWQOI_clean,5.87719,4.74286,5.84645,1.30118,2520.95,1937.44,0.0,0.0,0.693,0.532594,0.0,0,0.0009967219,1.3877430718,1.3258273145365378,Train
WIWQUO_clean,5.86317,4.77379,5.86317,1.51311,2502.33,1653.77,0.0,0.0,0.691,0.456676,0.0,0,0.0008918126,1.2281009761,1.0847831961531407,Test
WIYFAM_clean,9.09166,6.13483,9.09166,0.794129,2337.82,2943.87,0.0,0.0,0.7296,0.918742,0.0,1,0.0038244123,4.2413360219,4.591366011795329,Test
WIYWAE_clean,5.55509,4.14993,5.55509,1.52455,953.655,625.532,0.0,0.0,0.496,0.325342,0.0,1,0.0028230996,1.8074779151,1.8742707104825214,Train
WIYWEI_clean,5.60421,3.86066,5.60127,1.48994,937.281,629.074,0.0,0.0,0.4916,0.329946,0.0,1,0.0026475414,1.7574432757,1.7685630596744422,Train
WIYWOS_clean,5.5468,4.15747,5.5468,1.51166,957.433,633.365,0.0,0.0,0.499,0.330101,0.0,1,0.0027227594,1.8272383238,1.757102069757727,Test
WIYWUY_clean,5.49903,4.14636,5.49903,1.53964,937.998,609.231,0.0,0.0,0.4952,0.321633,0.0,1,0.0027717544,1.7815227978,1.8325196664578691,Test
WIYZOU_clean,6.69801,4.2951,6.69801,1.32919,1592.17,1197.85,0.0,0.0,0.5518,0.41514,0.0,1,0.0012944373,1.6903364638999998,1.6254890365578252,Train
WIZDEP_clean,11.388,10.51295,11.388,1.29023,1549.54,1200.97,0.0,0.0,0.6408,0.496654,0.0,1,0.0025374107,3.0985562891,2.9507536739553464,Train
WIZKOH_clean,6.09672,4.22892,6.07575,0.908366,2253.73,2481.08,0.0,0.0,0.6284,0.691792,0.0,0,0.0069945516,6.156627556,5.5006685175350025,Test
WIZMAV02_auto,12.74499,5.77928,12.74499,0.733163,2254.93,3075.61,0.0,0.0,0.725,0.988866,0.00027279,0,0.0016747617,2.3749394947,2.3879922026471947,Train
WOBHEB_clean,11.82299,11.04159,11.82299,1.21909,1551.12,1272.35,0.0,0.0,0.6516,0.534496,0.0,1,0.0027408822999999,3.2379702483,3.100304275191345,Test
WOBHOL_clean,11.68121,10.84815,11.68121,1.21577,1583.43,1302.41,0.0,0.0,0.6636,0.545826,0.0,1,0.0030281363,3.5349515958999995,3.4293769255866153,Test
WOBHOM_clean,5.74395,5.29156,5.74395,1.06237,2263.33,2130.44,0.0,0.0,0.6418,0.604119,0.0,1,0.0043039745,4.2725239405,4.119054533972666,Train
WOBQEL_clean,6.08333,5.37096,6.07626,1.04043,1389.12,1335.14,0.0,0.0,0.5492,0.52786,0.0,1,0.0091500718,4.529463072,4.538844515004525,Test
WOCWAN_clean,5.80963,5.50482,5.80963,1.36819,906.494,662.552,0.0,0.0,0.4696,0.343228,0.0,0,0.0023716715,1.7182814714,1.6244602169255555,Test
WODFOL_clean,4.42221,3.69918,4.41972,1.50844,549.218,364.098,0.0,0.0,0.4148,0.274987,0.0,0,0.0085831568,2.4451821518,2.4120513814732143,Test
WODVOB_clean,6.26224,4.9385,6.26224,0.976988,2134.32,2184.59,0.0,0.0,0.6306,0.645453,0.0,1,0.0047701272,4.2227490794,4.391526258281788,Test
WODXEU_clean,5.99818,3.55745,5.99789,1.43122,1129.23,788.996,0.0,0.0,0.5054,0.353125,0.0,1,0.0028696234999999,2.0866449641,2.164093180170068,Train
WOFWET_clean,5.7179,4.33245,5.7179,1.22921,2521.0,2050.91,0.0,0.0,0.7142,0.581024,0.0,1,0.0010988927,1.5484287576,1.4478828089782843,Test
WOHBIF_clean,4.33773,3.41599,4.33773,1.49576,352.527,235.684,0.0,0.0,0.417,0.278788,0.0,0,0.0026063196,1.2918815669,1.389018923896382,Test
WOHDON_clean,5.72419,4.44331,5.72419,1.42898,2534.05,1773.33,0.0,0.0,0.696,0.487062,0.0,1,0.0018883817,2.4358964876,2.209313895318539,Train
WOHQAN_clean,6.17426,4.1636,6.17426,1.52633,1173.96,769.14,0.0,0.0,0.515,0.337411,0.0,1,0.0010343715,1.2004738912,1.1324106389207753,Test
WOHSIV_clean,4.85776,4.01614,4.85252,1.45202,314.846,216.834,0.0,0.0,0.3664,0.252339,0.0,1,0.0011164331,0.7329236666,0.6512211225008029,Train
WOHSOB_clean,4.76467,4.03549,4.66336,1.44804,377.496,260.695,0.0,0.0,0.3538,0.244331,0.0,1,0.000884108,0.6550097618999999,0.6773666608785018,Train
WOJJOV_SL,7.82098,6.43142,7.82098,1.16534,871.633,747.963,192.071,164.819,0.4948,0.424596,0.0,0,0.0142908755,3.8117684521,3.8301927392980692,Train
WOJZAY_clean,6.27243,4.13122,6.27243,1.17515,1915.59,1630.08,0.0,0.0,0.5984,0.509212,0.0,1,0.0055721564,3.8494545486,3.9472262129892624,Train
WOJZEC_clean,6.29331,4.20233,6.29331,1.17761,1945.22,1651.83,0.0,0.0,0.5978,0.507636,0.0,1,0.0055887686,3.8468596064,3.9583650770432373,Test
WOJZIG_clean,6.32968,4.348,6.32927,1.20953,2082.36,1721.62,0.0,0.0,0.5984,0.494736,0.0,1,0.005522173,3.8436873012,4.009156322715908,Test
WOJZOM_clean,5.77002,3.85246,5.77002,1.252,1972.92,1575.81,0.0,0.0,0.591,0.472044,0.0,1,0.0057243135,3.9086939083,4.068634347172456,Test
WOLMUG_clean,5.45253,3.7803,5.34777,1.25131,1519.07,1213.99,0.0,0.0,0.5746,0.459198,0.0,1,0.0036326568,2.9070676711,2.9082317479811537,Test
WOLREV_clean,9.92256,5.8874,9.91786,0.624717,2477.67,3966.07,0.0,0.0,0.7426,1.1887,0.0,1,0.0038628762,4.6817969541,4.7451795212996775,Test
WOLRIZ_clean,11.03643,6.52149,11.03643,0.928573,2127.88,2291.56,0.0,0.0,0.7184,0.77366,0.0,1,0.0029428939,3.3394567411,3.3793600205244063,Train
WOLYON_clean,13.08079,12.38023,13.06205,0.690785,1403.08,2031.14,0.0,0.0,0.695,1.0061,0.0,1,0.0019335589,2.483296553,2.487432757184844,Train
WOPSAX02_clean,11.61446,10.87886,11.61282,1.12308,1562.97,1391.69,0.0,0.0,0.6468,0.575919,0.0,1,0.0030022567,3.5922497048000004,3.5155697989284014,Test
WOPSAX_clean,11.66235,10.95208,11.66071,1.12361,1554.7,1383.67,0.0,0.0,0.6474,0.57618,0.0,1,0.0030031651,3.5974266674,3.508736539850867,Train
WOPSOL01_clean,10.90023,10.70959,10.90023,1.18162,1552.96,1314.27,0.0,0.0,0.6334,0.536045,0.0,1,0.0030113407,3.5902684879000004,3.50010651657828,Test
WOPSOL_clean,10.90058,10.69127,10.90058,1.17453,1540.78,1311.82,0.0,0.0,0.6378,0.543023,0.0,1,0.0028447814,3.4246093053,3.4205185419879918,Train
WOPWOO_clean,5.25085,4.08598,5.25085,2.1223,863.13,406.696,0.0,0.0,0.445,0.209679,0.0,1,0.0011566974,0.9218208062,0.9967278438378742,Train
WOQTUT_clean,7.74164,5.799,7.74164,1.37569,1208.67,878.591,0.0,0.0,0.519,0.377266,0.0,0,0.000977815,1.2654600377,1.2228248511228186,Train
WORKOF_clean,9.81174,6.0117,9.81174,0.930964,2043.98,2195.55,1.24552,1.33788,0.6752,0.725269,0.0,1,0.0044999134,4.1581288208,3.927743557615581,Test
WORKUL_clean,8.46756,5.64741,8.46756,0.942685,2103.28,2231.16,0.0,0.0,0.6726,0.713494,0.0,1,0.0051180146999999,4.320107023399999,4.588469781131618,Train
WORLAS_clean,9.28052,5.47786,6.88618,0.953453,2042.04,2141.73,5.77107,6.05281,0.6674,0.699982,0.0,1,0.0046629291,4.3185634682,4.311658935961543,Test
WORREC_clean,7.54466,5.76979,7.52984,0.764767,2839.31,3712.64,0.0,0.0,0.7218,0.943817,0.0,1,0.0038995418,4.9348939506,4.964110451117814,Train
WORSUT_clean,6.27181,5.14016,6.27181,1.1,1232.84,1120.77,0.0,0.0,0.519,0.471819,0.0,0,0.0037654198999999,2.8799181623,2.9005211346982196,Test
WOSHET_clean,5.11803,3.57569,5.1143,1.5953,423.001,265.155,0.0,0.0,0.4296,0.269291,0.0,1,0.0011204859,0.8067834982,0.8155131548990875,Train
WOTLOI_clean,8.00513,4.84682,8.00513,0.97425,1418.35,1455.84,0.0,0.0,0.579,0.594304,0.0,1,0.0026008595,2.6756889303,2.6024303886667948,Train
WOTSEF_clean,5.63894,4.87372,5.6352,0.95923,2385.0,2486.37,0.0,0.0,0.6578,0.685758,0.0,1,0.0047044237,4.6255315694,4.57773860707646,Test
WOVDES_clean,5.23028,4.01485,5.22391,1.22139,660.545,540.814,0.0,0.0,0.4386,0.359099,0.0,0,0.0044768015,2.0439639624,1.856346687172304,Test
WOYHUP_clean,12.04583,5.92239,11.92324,0.785656,2290.99,2916.02,0.0,0.0,0.7288,0.927633,0.0,1,0.0057628383,5.3506507861,5.208009858444479,Test
WOYJAX_clean,12.27463,5.80964,12.27345,0.829543,2229.7,2687.86,0.0,0.0,0.7142,0.860956,0.0,1,0.0066445556,5.2994634853,5.239431667990022,Test
WOYJEB_clean,12.32799,5.95231,12.30286,0.80227,2262.64,2820.29,0.0,0.0,0.7248,0.903436,0.0,1,0.0061094135999999,5.2230537049,5.1960224061863975,Train
WOYJIF_clean,12.3325,5.92345,11.43456,0.799114,2266.72,2836.54,0.0,0.0,0.716,0.895992,0.0,1,0.0054723032999999,5.0440283741,5.029057292774693,Test
WOYJOL_clean,12.52097,5.76234,12.52097,0.820913,2240.31,2729.05,0.0,0.0,0.7178,0.874392,0.0,1,0.0056524614,4.9808101345,4.867916182672772,Train
WOZGUP_clean,8.72596,4.78582,5.19905,0.69846,2019.57,2891.46,0.0,0.0,0.6706,0.960112,0.0,0,0.0043619154,4.0557333838,4.6488960272558595,Test
WOZWEP_clean,9.13832,7.15944,9.13721,1.55974,883.314,566.32,0.0,0.0,0.468,0.30005,0.0,0,0.0026205643,1.9641912653,2.0552135258157334,Train
WUCRUH_clean,4.31723,3.81301,4.31723,1.71018,546.548,319.586,0.0,0.0,0.3908,0.228514,0.0,1,0.0059230696,2.1562691954,1.7295443586021029,Test
WUDVEY_clean,7.50178,6.81683,7.48998,1.3921,605.922,435.258,0.0,0.0,0.4572,0.328425,0.0,1,0.001409538,1.2454432576,1.245688503944706,Train
WUGQAS_clean,11.44556,6.40417,11.33705,0.730607,2384.2,3263.31,0.0,0.0,0.7356,1.00683,0.0,1,0.0053033520999999,5.5733712998,5.206882576623041,Test
WUHJIT_clean,10.93441,7.53577,10.93441,0.740914,2058.85,2778.79,0.0,0.0,0.6834,0.922374,0.0,1,0.0038353278,4.3705336549,4.253240113781591,Test
WUKXEH_clean,20.08743,6.60038,20.08743,0.594513,2262.76,3806.08,0.0,0.0,0.7896,1.32814,0.0,1,0.0038691225,4.5935446928,4.7989437512239554,Test
WULJUJ_clean,13.2515,6.69559,13.2515,0.880841,2071.01,2351.17,0.0,0.0,0.7102,0.806275,0.0,1,0.0047285324,3.7296825887,3.9087881507563322,Test
WULKAQ_clean,13.2528,6.68289,13.24082,0.879538,2081.51,2366.6,0.0,0.0,0.7114,0.808834,0.0,1,0.0046419955,3.7533924138,3.8977477779036596,Train
WULQUR_clean,7.08547,5.79444,7.06039,0.976074,2045.35,2095.49,0.0,0.0,0.6658,0.682121,0.0,1,0.004586725,5.0021090234,4.350683306427986,Test
WUNTEF_clean,5.11473,4.16376,5.10357,1.08866,1006.1,924.169,87.4124,80.2937,0.5292,0.486103,0.0,0,0.0070508066,3.848269399,3.9094198807505522,Train
WUNTIJ_clean,5.10474,4.13393,5.10321,1.0969,978.875,892.401,83.5224,76.1441,0.514,0.468593,0.0,0,0.0070403118,3.8773611917,3.638606294818996,Test
WUNTOP_clean,5.08733,4.17716,5.07679,1.08852,1089.8,1001.18,0.0,0.0,0.5174,0.475323,0.0,0,0.0065925305,3.8001294088,3.651487284678862,Test
WUNTUV_clean,5.04996,4.14711,5.04511,1.09607,962.033,877.707,77.5987,70.7969,0.5244,0.478435,0.0,0,0.00649108,3.7299764189,3.7221310185544527,Test
WUNVAD_clean,5.07875,4.17789,5.06297,1.09375,995.244,909.941,78.4709,71.7451,0.516,0.471773,0.0,0,0.006575039,3.7658811344,3.8658890205412524,Test
WUNVOR_clean,5.13748,4.1998,5.12786,1.08542,1130.58,1041.61,0.0,0.0,0.5222,0.481103,0.0,0,0.0066904826,3.9011355811,3.699029098551437,Test
WUNVUX_clean,5.06256,4.10802,5.0479,1.09653,996.696,908.953,84.6011,77.1534,0.5168,0.471304,0.0,0,0.0068461566,3.8153714651,3.8313259451950876,Train
WUPZUE_clean,5.06349,3.71152,5.06349,1.47923,1116.55,754.816,0.0,0.0,0.5356,0.362081,0.0,1,0.0061580555,2.9641721225,3.132689812642213,Train
WURKEB_clean,6.32965,4.86396,6.30162,0.999228,1791.69,1793.08,0.0,0.0,0.6306,0.631087,0.0,1,0.0036660659,3.6648859308,3.6907427778236714,Test
WURNOO_clean,6.92026,6.59227,6.92026,1.32896,1046.66,787.578,0.0,0.0,0.471,0.354412,0.0,0,0.0017874361,1.7515374766,1.797505070830707,Train
WUSCUJ_clean,5.70656,4.20407,5.70656,1.37248,1878.22,1368.48,0.0,0.0,0.6602,0.481026,0.0,1,0.0008708955,1.1523244364,1.1291649245154654,Train
WUSGIC_clean,4.47666,3.4574,4.38159,1.49843,1071.95,715.381,0.0,0.0,0.5224,0.348632,0.0,0,0.0031619790999999,2.4044297507,2.5245307643879196,Test
WUSLED_clean,10.30385,9.54542,10.30385,0.791501,1993.93,2519.18,0.0,0.0,0.7574,0.956916,0.0,1,0.002175522,2.721348051,2.822351831661461,Test
WUSSEK_clean,8.48774,6.12459,8.47169,0.953346,1562.83,1639.31,0.0,0.0,0.592,0.62097,0.0,1,0.0029876847,3.1879926474,3.2435098689249986,Test
WUSXEP_clean,10.27954,6.68603,10.27954,0.811613,2141.53,2638.61,0.0,0.0,0.7038,0.867162,0.0,1,0.0064800626,4.5451681884,4.733820985796215,Train
WUTBES_clean,7.39924,5.0967,7.39924,1.7772,885.87,498.464,0.0,0.0,0.459,0.258271,0.0,0,0.0018282851,1.4947757566,1.4452962750111802,Test
WUTBEU_clean,12.65678,12.45148,12.65678,0.754809,1718.63,2276.91,0.0,0.0,0.7462,0.988595,0.0,0,0.0030164603999999,3.7077112808,3.6113879976534022,Train
WUTBIW_clean,7.26683,5.05082,7.26683,1.84193,854.902,464.133,0.0,0.0,0.4484,0.24344,0.0,0,0.0019171359,1.4408708113,1.4202920317708179,Train
WUTBOC_clean,7.17175,4.98444,7.17175,1.90997,842.378,441.043,0.0,0.0,0.429,0.224611,0.0,0,0.0020208506,1.4057271262,1.3945190859327068,Test
WUTBUI_clean,7.46533,5.15143,7.46533,1.74528,880.071,504.258,0.0,0.0,0.4664,0.267235,0.0,0,0.0018227515,1.4614704234,1.4565829026003883,Train
WUTCAP_clean,7.16776,4.98308,7.16776,1.90582,867.573,455.224,0.0,0.0,0.4432,0.232551,0.0,0,0.0020403653,1.4067885065,1.4448285694437621,Train
WUTKIG_clean,4.92252,4.16141,4.92016,1.02848,1305.43,1269.29,149.801,145.653,0.5256,0.511047,0.0,1,0.0033600744,3.2344725234,3.0658318765675414,Test
WUWQEL_clean,6.86556,5.42795,6.77124,1.72448,1373.37,796.394,0.0,0.0,0.5618,0.325779,0.0,0,0.0010136378,1.2129376883,1.2512010271249514,Train
WUYWIY_clean,9.10759,5.82003,9.09622,0.79426,2035.41,2562.65,0.0,0.0,0.6788,0.854632,0.0,0,0.0031613013,3.677548592,3.808602405598323,Test
WUYWOE_clean,9.31132,6.13762,9.25337,0.805528,2027.45,2516.92,0.0,0.0,0.6802,0.844415,0.0,0,0.0031629323,3.6493312276,3.771392866847051,Test
WUYWUK_clean,8.78773,6.19333,8.65663,0.743413,2043.29,2748.52,0.0,0.0,0.6694,0.900442,0.0,0,0.0037651803,4.1334938337,4.289302642824641,Train
WUYXAR_clean,9.35403,6.16685,9.35403,0.696817,2021.29,2900.75,0.0,0.0,0.689,0.988782,0.0,0,0.0033773432,4.0356871527,4.174987592534666,Train
WUYXEV_clean,9.37986,6.91474,9.3766,0.799877,2024.21,2530.65,0.0,0.0,0.6774,0.84688,0.0,0,0.0033798909,3.8655744676,4.05573866012864,Test
WUYXIZ_clean,9.29397,7.061,9.29397,0.804304,2026.73,2519.86,0.0,0.0,0.6664,0.828542,0.0,1,0.0034614271,3.9369182753,3.8299651344370993,Test
WUYXOF_clean,9.05505,5.17643,9.05505,0.759045,1983.21,2612.77,0.0,0.0,0.6628,0.873203,0.0,0,0.0029805164,3.6503820796,3.653594425239036,Test
WUYXUL_clean,9.2643,7.0803,9.2643,0.838826,2017.64,2405.31,0.0,0.0,0.6628,0.790152,0.0,1,0.0034065706,3.8057474838,3.82601566006102,Train
WUYYAS_clean,9.33636,7.09924,9.33362,0.775219,2017.38,2602.33,0.0,0.0,0.6762,0.87227,0.0,1,0.0032612165,3.9322809143,3.927662612786609,Train
WUYYEW_clean,9.26232,6.95652,9.26232,0.838222,1987.56,2371.16,0.0,0.0,0.6778,0.808616,0.0,1,0.0033460172,3.7905075457,3.7780901013871127,Test
WUYYOG_clean,8.73316,6.23369,8.71341,0.740492,2050.34,2768.88,0.0,0.0,0.675,0.911557,0.0,1,0.00431543,4.6027985482,4.633792610219237,Test
WUZDOL_clean,5.93429,4.20385,5.53783,1.95218,1731.21,886.811,0.0,0.0,0.5688,0.291367,0.0,1,0.0010544497,1.2031033407,1.1892107182661698,Train
WUZGAB_clean,9.3852,6.06112,9.3852,0.741116,2013.56,2716.93,0.0,0.0,0.6778,0.914567,0.0,0,0.0033095244,3.9226682113,4.027914410683894,Test
WUZQOZ_clean,6.97207,5.82661,6.96816,0.933596,1700.54,1821.49,0.0,0.0,0.6474,0.693448,0.0,1,0.0028500739,3.1253634031,3.273355333445974,Train
XACQAT_clean,5.05389,3.89577,5.05389,2.41939,826.15,341.47,0.0,0.0,0.42,0.173597,0.0,0,0.0329768191,2.7203602401,2.7651494267151335,Train
XACSIG_clean,5.90641,4.49569,5.71401,1.1598,896.995,773.404,0.0,0.0,0.4966,0.428177,0.0,0,0.0035776459,2.1980664089,2.152500732241102,Train
XACZEH_clean,10.60893,7.2431,10.60893,1.18823,994.3,836.792,67.7434,57.0121,0.5998,0.504785,0.0,1,0.0019115756,1.8425584744,1.8113368956517686,Train
XADCEM_clean,8.43446,8.11603,8.43446,1.03711,1659.86,1600.46,0.0,0.0,0.6244,0.602057,0.0,1,0.0059891924,5.2551375258,4.320219406351411,Test
XADDAJ01_clean,6.46856,4.61872,6.46856,1.24305,1893.89,1523.58,0.0,0.0,0.5932,0.477214,0.0,1,0.0045831552,3.6650186588,3.600463268516106,Train
XADDAJ_clean,6.3423,4.46517,6.3423,1.25711,1867.55,1485.59,0.0,0.0,0.5936,0.472195,0.0,1,0.0044143103,3.608857731,3.506209437376868,Test
XADDEN_manual,13.23644,6.65907,13.23644,0.875752,2128.62,2430.62,0.0,0.0,0.7182,0.820095,0.0,1,0.0049080643,4.008837138600001,4.021299762300201,Test
XADDIR_manual,13.24642,6.64739,13.24642,0.87412,2116.36,2421.13,0.0,0.0,0.718,0.821397,0.0,1,0.0049442289,3.9298198873,4.01247599187238,Test
XADDOX_clean,5.56472,4.25664,5.46687,1.21878,1831.56,1502.78,0.0,0.0,0.5704,0.46801,0.0,1,0.0027089415999999,2.6763307943,2.5923138173118194,Train
XADDUD_clean,6.46377,5.36376,6.20996,1.13461,1899.46,1674.11,0.0,0.0,0.5878,0.518062,0.0,1,0.0032574199,3.2079117513,3.1565141263826244,Train
XADGAM_clean,5.02813,3.93675,5.02538,1.19627,575.885,481.401,200.588,167.678,0.4922,0.411446,0.0,1,0.0144178583,3.093280805,3.124243517245015,Train
XADGOA_clean,4.96518,4.05764,4.96518,2.7729,1349.87,486.806,0.0,0.0,0.5428,0.195751,0.0,1,0.0024691831,1.5264060991,1.656334672798216,Train
XAFBEN_clean,4.46675,3.68033,4.46518,1.46572,1326.74,905.182,0.0,0.0,0.5588,0.381246,0.0,1,0.0079086459,3.9171350153,4.134569539486744,Test
XAFFAN_clean,14.91316,13.24304,14.91316,0.365184,1896.05,5192.05,0.0,0.0,0.8544,2.33964,0.0,1,0.0031982594,4.6622330636,4.602501251845679,Train
XAFFER_clean,14.21921,13.28886,14.21921,0.359874,1854.43,5152.99,0.0,0.0,0.8504,2.36305,0.0,1,0.0033404043,4.6794365406,4.821615692573367,Train
XAFFIV_clean,14.22916,13.19368,14.22916,0.358398,1899.33,5299.5,0.0,0.0,0.8506,2.37334,0.0,1,0.002974489,4.578433094599999,4.402340093232041,Train
XAFFOB_clean,14.83912,13.174,14.83912,0.366991,1878.61,5118.95,0.0,0.0,0.845,2.30251,0.0,1,0.0031975164,4.5517558714,4.562414068903158,Test
XAFFUH_clean,23.72832,19.63801,23.72795,0.329166,1685.62,5120.87,0.0,0.0,0.8726,2.65094,0.0,1,0.0035624934999999,4.902923310799999,5.055754738505277,Test
XAFXOT_clean,5.91185,4.82034,5.90988,1.88819,647.785,343.072,0.0,0.0,0.3646,0.193095,0.0,1,0.0018198182999999,1.100863866,1.0395499320816275,Test
XAGPUT_clean,5.48557,4.55432,5.48557,1.58071,2319.33,1467.27,0.0,0.0,0.6272,0.396784,0.0,1,0.003606322,3.1278661999,3.1418523001748757,Test
XAHPAZ_clean,8.5954,7.40656,8.5954,0.71813,2299.0,3201.36,0.0,0.0,0.725,1.00957,0.0,1,0.003402386,3.9686394903,4.284328122542696,Test
XAHPED_clean,12.36916,10.86748,12.33885,0.374438,1946.72,5199.04,0.0,0.0,0.8398,2.24283,0.0,1,0.0030844368,4.3955110317,4.4064592425985865,Test
XAHPIH_clean,14.31673,13.37952,14.23422,0.356183,1691.25,4748.26,0.0,0.0,0.8698,2.442,0.0,1,0.0032179163,4.4324297098,4.685827440300173,Test
XAHPON_clean,17.29514,15.33221,17.29514,0.284265,1476.32,5193.45,0.0,0.0,0.8856,3.1154,0.0,1,0.0038350974,5.2542520023,5.265323044160441,Test
XAHPUT_clean,21.82812,20.58591,21.82812,0.178675,1104.09,6179.32,0.0,0.0,0.9154,5.12326,0.0,1,0.0041947745,6.0965578727,6.083665141257071,Train
XAHQAA_clean,23.03533,21.60719,23.02579,0.170429,1040.62,6105.88,0.0,0.0,0.9292,5.45213,0.0,1,0.0043979410999999,6.3065844699,6.223079448734184,Test
XAHWAG_clean,5.39358,4.37499,5.38893,1.33376,2734.04,2049.88,0.0,0.0,0.6868,0.514937,0.0,0,0.0039765716,3.7687016358,3.884879834843971,Test
XAJQAC_SL,8.58247,7.41664,8.57789,0.88698,2088.4,2354.51,0.0,0.0,0.6722,0.757852,0.0,0,0.0082400929,5.9084517201,5.966196714269941,Train
XAJSEJ_clean,7.98338,7.19596,7.98212,0.722195,2566.22,3553.36,0.0,0.0,0.733,1.01496,0.0,0,0.0052522724,6.3098752977,6.084344539475102,Train
XAKQOR_clean,6.07415,4.27878,5.44099,0.965162,1660.14,1720.06,0.0,0.0,0.5906,0.611918,0.0,0,0.0054713731,4.2191002691,4.299620188899848,Test
XAKVUB_clean,4.10491,3.45919,4.10491,2.87963,383.784,133.276,0.0,0.0,0.3656,0.126961,0.0,1,0.285882039,2.526946111,2.4642289428334365,Train
XAKYUE_clean,12.06174,7.75873,12.06174,0.881143,1544.96,1753.36,0.0,0.0,0.6152,0.698184,0.0,1,0.003689913,3.0835848488,3.113767956461775,Test
XAKZAL_clean,8.8329,3.77071,4.46909,1.00158,193.263,192.958,1002.0,1000.42,0.5486,0.547735,0.0,1,0.0038759465999999,2.5336057252,2.4847981533101007,Test
XAKZIT_clean,12.23219,8.02038,12.23219,0.853098,1638.56,1920.72,0.0,0.0,0.6458,0.757006,0.0,1,0.0038311215999999,3.2788049663,3.3828045343241655,Test
XAKZOZ_clean,12.1779,8.09448,10.99703,0.853016,1612.06,1889.83,0.0,0.0,0.6372,0.746997,0.0,1,0.0039598419,3.277868357,3.445482849452275,Train
XAKZUF_clean,12.14685,7.7394,12.14685,0.885336,1547.82,1748.28,0.0,0.0,0.616,0.695781,0.0,1,0.0038778103,3.1365281358,3.1554908271836735,Train
XALBAO_clean,12.08969,7.27048,11.78932,0.880979,1591.93,1807.0,0.0,0.0,0.6308,0.716022,0.0,1,0.003809216,3.2587982786,3.442871891841913,Test
XALBES_clean,12.09861,7.46549,12.09861,0.882372,1572.28,1781.87,0.0,0.0,0.6194,0.701971,0.0,1,0.0038371886,3.2584148888,3.2170690667188837,Test
XALBIW_clean,12.14217,7.80534,11.99319,0.869373,1588.95,1827.7,0.0,0.0,0.6226,0.716148,0.0,1,0.0038371886,3.2405420144,3.252671535721385,Train
XALBUI_clean,12.38727,7.83288,12.25594,0.880388,1559.27,1771.12,0.0,0.0,0.6108,0.693785,0.0,1,0.0039863371,3.1856000918,3.2135482768086816,Test
XALCAP_clean,12.14021,7.5095,12.14021,0.892504,1531.39,1715.83,0.0,0.0,0.6302,0.706103,0.0,1,0.0039231648,3.1270701015,3.494645813824024,Test
XALCET_clean,12.0955,7.67742,12.0955,0.88783,1530.66,1724.05,0.0,0.0,0.6136,0.691123,0.0,1,0.0036801942,3.0338277158,3.123474141336969,Train
XALCIX_clean,8.90504,3.86123,4.56441,1.0015,203.674,203.369,1009.04,1007.53,0.5542,0.55337,0.0,1,0.0039031613,2.4489250299000003,2.524503346148766,Test
XALCOD_clean,8.97205,3.95645,4.60423,0.992163,207.149,208.786,995.754,1003.62,0.5564,0.560795,0.0,1,0.0038515966,2.4986462913,2.5295470327618528,Test
XALCUJ_clean,8.77917,3.81164,4.50991,0.995838,192.509,193.314,1019.4,1023.66,0.5598,0.562139,0.0,1,0.0037327113,2.5118712044,2.4454029401081456,Test
XALDAQ_clean,8.8251,3.77258,4.48452,0.998614,192.623,192.891,1030.53,1031.96,0.5614,0.562179,0.0,1,0.0037642231,2.5135642453,2.4710218332945786,Train
XALDAS_clean,11.1437,9.04409,11.1437,0.650684,2284.21,3510.47,0.0,0.0,0.7594,1.16708,0.0,1,0.004354414,4.3620193166000005,4.611181667708545,Test
XALDEU_clean,8.28708,3.55494,4.42564,1.01761,177.365,174.295,1049.0,1030.85,0.5566,0.546967,0.0,1,0.0033889465999999,2.3795332679,2.377935033962399,Test
XALDIY_clean,8.51371,3.60578,4.41534,1.00994,178.965,177.204,1041.51,1031.26,0.5412,0.535874,0.0,1,0.0037957347999999,2.4367127902,2.44480357116232,Train
XALDOE_clean,8.72809,3.86749,4.52721,0.991405,208.075,209.879,1052.86,1061.99,0.545,0.549725,0.0,1,0.0037728171999999,2.46662891,2.4680187690316484,Test
XALMII_clean,10.30936,8.99249,10.23213,0.734436,2165.04,2947.89,0.0,0.0,0.7052,0.960192,0.0,1,0.0033074439,4.0152273814,4.135571633966547,Train
XALTIP_clean,18.68299,9.17237,18.68299,0.551216,1809.24,3282.27,0.0,0.0,0.7988,1.44916,0.0,1,0.0026177568,3.667957851,3.4239850742491975,Test
XALXUF01_clean,16.53276,6.69779,16.53276,0.78335,1957.27,2498.59,0.0,0.0,0.7286,0.930107,0.0,1,0.0042367434,4.632213042,4.519732559753496,Train
XALXUF_clean,16.29659,6.6292,16.03149,0.78852,1944.95,2466.59,0.0,0.0,0.7412,0.939989,0.0,1,0.0040412014,4.5179523032,4.365856515943531,Train
XAMDUM01_clean,13.18662,6.72456,13.18662,0.882605,2071.54,2347.07,0.0,0.0,0.7186,0.81418,0.0,1,0.0047246576,3.880284603,3.911831343375075,Test
XAMDUM02_clean,13.17767,6.71826,13.17767,0.884458,2085.56,2358.0,0.0,0.0,0.7192,0.813153,0.0,1,0.005119886,3.9628356606,4.012049887340001,Train
XAMDUM03_clean,13.16192,6.69067,13.16192,0.887821,2084.01,2347.33,0.0,0.0,0.7178,0.808496,0.0,1,0.0050423902,3.9405401329,3.9904452525276257,Train
XAMDUM04_clean,12.94074,6.40333,12.94074,0.919994,2127.62,2312.64,0.0,0.0,0.711,0.772831,0.0,1,0.005848346,4.2045087446,4.216390375364522,Test
XAMDUM05_clean,13.11018,6.61787,13.11018,0.895381,2105.3,2351.29,0.0,0.0,0.717,0.800776,0.0,1,0.0053911211,4.040465738,4.173737781219861,Train
XAMDUM06_clean,13.1663,6.64621,13.1663,0.88326,2088.66,2364.72,0.0,0.0,0.7192,0.814256,0.0,1,0.0048254021,3.9487624321,3.9088725229986645,Test
XAMDUM_clean,13.20706,6.72961,13.20706,0.879722,2074.04,2357.61,0.0,0.0,0.7196,0.817985,0.0,1,0.0047659887,3.9081029945,3.9206885324658654,Test
XAMGUQ_clean,8.47788,6.65907,8.47788,0.938367,1761.37,1877.06,0.0,0.0,0.63,0.671379,0.0,1,0.0032017986,3.296822403,3.5345461156176334,Test
XAMHEA_manual,9.05929,7.3957,8.92663,0.731602,2360.06,3225.88,0.0,0.0,0.7172,0.980315,0.0,0,0.0036408925,3.8858522297,4.491767972051208,Test
XANKOO_clean,10.98297,5.31916,10.97484,0.745521,2263.49,3036.11,6.87382,9.22015,0.704,0.944306,0.0,1,0.0026239221999999,3.5318765711,3.4538359538598575,Test
XANLAA_clean,6.14583,4.4748,6.13418,0.794677,2426.04,3052.86,0.0,0.0,0.655,0.824234,0.0,1,0.0065105983,6.2106042813,6.120100719047921,Train
XANLEE_clean,6.11311,4.49275,6.10612,0.785206,2427.23,3091.21,0.0,0.0,0.6562,0.835705,0.0,1,0.0068230969,6.3293175782,6.215380755382373,Test
XANMIJ_clean,6.91782,5.66055,6.91782,1.1601,1892.28,1631.14,0.0,0.0,0.5818,0.50151,0.0,0,0.0025069257,2.8354195246,2.56154414335774,Test
XAPCOH_clean,8.13608,7.45425,8.13237,1.22623,2069.1,1687.37,0.0,0.0,0.6692,0.545739,0.0,0,0.0026471046999999,2.7933268025,2.8448300592591003,Train
XAPCOJ01_clean,7.3057,7.1276,7.3057,1.11442,1602.91,1438.33,0.0,0.0,0.599,0.537499,0.0,0,0.0050019409,4.7108612935,4.636061214424812,Test
XAPCOJ02_clean,7.30662,7.12733,7.30662,1.1168,1599.91,1432.58,0.0,0.0,0.598,0.535457,0.0,0,0.0053085042,4.70238572,4.737416441436317,Test
XAPCOJ03_clean,7.31075,7.15837,7.31075,1.119,1594.88,1425.28,0.0,0.0,0.597,0.533514,0.0,0,0.0049591122,4.679147771,4.533036711419288,Train
XAPCOJ04_clean,7.30941,7.11813,7.30941,1.12085,1593.11,1421.33,0.0,0.0,0.597,0.53263,0.0,0,0.0051755097999999,4.7167648912,4.683280670194083,Test
XAPCOJ05_clean,7.33092,7.2403,7.33092,1.11449,1591.26,1427.79,0.0,0.0,0.599,0.537465,0.0,0,0.0050154657,4.6441725052,4.616332839420759,Train
XAPCOJ06_clean,7.33103,7.26133,7.33103,1.11607,1588.71,1423.49,0.0,0.0,0.5978,0.535629,0.0,0,0.0049365708,4.6100718464,4.523875013551413,Test
XAPCOJ07_clean,7.31581,7.08591,7.31581,1.1114,1611.64,1450.1,0.0,0.0,0.6012,0.540938,0.0,0,0.0051259187,4.7711866392,4.69238943505986,Test
XAPCOJ_clean,7.18852,7.02354,7.18852,1.11226,1622.09,1458.37,0.0,0.0,0.6008,0.540161,0.0,0,0.0052634214,4.8398613266,4.78144667185767,Test
XAPCUN_clean,8.23812,7.71066,8.23292,1.2095,2057.71,1701.29,0.0,0.0,0.6722,0.555769,0.0,0,0.0026227469,2.7995940089,2.833127947772383,Test
XAPDAU_clean,8.2002,7.60089,8.18046,1.21167,2074.4,1712.02,0.0,0.0,0.6722,0.554773,0.0,0,0.0026609294,2.7889838655,2.7878835298002222,Train
XAPDEY_clean,8.43698,7.85452,8.43698,1.19984,2075.29,1729.64,0.0,0.0,0.6726,0.560573,0.0,0,0.002649738,2.8015261781,2.817377180298915,Test
XAPGAZ_clean,10.38016,8.73539,10.36807,1.35659,2005.54,1478.37,0.0,0.0,0.7244,0.533985,0.0,1,0.0007042178,1.0047386607,1.0108562289459702,Train
XAPGED_clean,10.47318,8.63887,10.47223,1.31181,2059.34,1569.85,0.148904,0.11351,0.7314,0.557551,0.0,1,0.0006865214999999,1.0264911451,0.9843945186958516,Train
XAPGOK_clean,4.30393,3.46273,4.2974,1.65851,453.916,273.69,0.0,0.0,0.4906,0.295808,0.0,1,0.003118905,2.5687205592,2.270091618467079,Train
XAPGUQ_clean,5.69788,4.67127,5.65245,1.33358,1307.89,980.739,0.0,0.0,0.5882,0.44107,0.0,1,0.0026693625,2.2317003336,2.192969856495451,Train
XAPNIN_clean,6.36937,5.09614,6.24616,0.987749,1999.77,2024.57,0.0,0.0,0.6554,0.663529,0.0,0,0.0048109649,4.6593710931,4.4981885085949775,Train
XAPSIS_clean,5.46139,4.76389,5.45821,0.955004,2054.51,2151.31,0.0,0.0,0.644,0.674342,0.0,1,0.0044008007,4.159991285299999,4.17699238234657,Train
XAPTEQ_clean,5.59461,4.17124,5.5868,1.43565,1333.03,928.52,0.0,0.0,0.5274,0.36736,0.0,1,0.0075005781,3.1236602439,3.307787708960529,Train
XAPTUE_clean,7.01351,4.77674,6.96552,1.46731,1437.82,979.906,0.0,0.0,0.555,0.378244,0.0,1,0.0042397386,3.265696971,3.081874665815951,Train
XARPAK_clean,5.96341,5.54999,5.95022,1.02109,1555.57,1523.45,0.0,0.0,0.5744,0.562538,0.0,1,0.0050113226,4.3605630019,3.8707029944761646,Test
XASFAY_clean,4.84062,3.90347,4.82463,0.992255,1242.53,1252.23,0.0,0.0,0.541,0.545223,0.0,1,0.0036118993,3.0058476468,3.0768362772823337,Train
XASJUZ_clean,5.3717,3.49252,5.3717,1.8286,687.912,376.196,166.963,91.3066,0.5254,0.287324,0.0,1,0.0025296026,1.9925142209,1.714176473408588,Test
XASNUD_clean,13.51875,4.58024,13.51875,0.967914,2185.15,2257.59,0.0,0.0,0.6906,0.713493,0.0,1,0.0045029094,4.6052520243,4.468986172672833,Train
XASPEP_clean,8.21663,6.97386,8.21491,1.11162,2036.98,1832.45,0.0,0.0,0.6426,0.578078,0.0,1,0.0040929432,4.1358954225,4.091621783101498,Train
XATLIQ_clean,6.68504,4.40867,6.68504,1.13487,1861.75,1640.49,0.0,0.0,0.6014,0.529928,0.0,1,0.0031022805,3.2822908775,3.1481831516942815,Train
XATZOK_clean,8.52599,5.82023,8.33095,0.788781,2129.05,2699.16,0.0,0.0,0.69,0.874767,0.0,1,0.0051675735,4.9429031549,5.13512554916532,Test
XATZUQ_clean,7.56959,6.44554,7.50387,0.891969,1666.54,1868.38,0.0,0.0,0.6382,0.715495,0.0,1,0.0044738239,4.2664494248,4.343672597482276,Train
XAVDEF_clean_h,7.82348,7.29552,7.82348,0.99494,1791.82,1800.93,0.0,0.0,0.636,0.639234,0.0,1,0.0036967927,4.404692469,4.095754550779401,Train
XAVKIR_clean,15.62831,12.51365,15.62831,0.534545,1877.9,3513.08,0.0,0.0,0.7824,1.46367,0.0,1,0.004933899,5.1952497352,5.154385987944321,Train
XAVQIU01_clean,4.21946,3.54584,4.20969,1.16836,1052.94,901.216,0.0,0.0,0.57,0.487865,0.0,1,0.0039596375,3.6880651499,3.52101525325555,Train
XAVQIU_clean,4.2412,3.56279,4.22796,1.15986,1110.01,957.016,0.0,0.0,0.5978,0.515406,0.0,1,0.0040324854999999,3.6991215858,3.4664981524842733,Test
XAWVUN_clean,10.78711,9.22291,10.78432,0.464213,2191.63,4721.18,0.0,0.0,0.8104,1.74575,0.0,1,0.0029246461,4.3091322919,4.114265228103328,Test
XAZFEJ_clean,4.73064,4.15643,4.70239,1.61284,1526.71,946.596,0.0,0.0,0.5556,0.344486,0.0,1,0.002126183,2.0454639338,2.021993991515028,Test
XAZGEK_clean,4.67162,3.9585,4.53755,1.49862,1406.73,938.683,116.154,77.5075,0.6196,0.413447,0.0,1,0.0012282235,1.5614223188999998,1.574883140513414,Train
XEBHOC_clean,12.08201,9.91355,12.06465,0.465059,2182.46,4692.86,0.0,0.0,0.813,1.74817,0.0,1,0.0030519956,4.2748796799,4.2251162552208825,Test
XEDGIY_clean,7.07898,5.31452,7.01634,0.998068,1852.97,1856.56,0.0,0.0,0.6184,0.619597,0.0,1,0.0028279165999999,3.0512143155,3.1687883052933845,Test
XEDLUN01_clean,4.9958,3.46915,4.97725,0.885985,1404.66,1585.43,0.0,0.0,0.6048,0.68263,0.0,1,0.0085318376,5.426014103200001,5.418772149708649,Test
XEDLUN_clean,5.03615,3.51292,5.0361,0.885985,1404.83,1585.62,0.0,0.0,0.61,0.688499,0.0,1,0.0084804216,5.417276601699999,5.332919221207373,Train
XEDPED_clean,10.92065,8.43628,10.92065,1.03509,1442.59,1393.7,0.0,0.0,0.609,0.588357,0.0,0,0.0034810146,2.8128578417,2.9626228655902596,Train
XEDPIH_clean,4.84924,3.94171,4.80226,1.78705,773.954,433.09,0.0,0.0,0.5042,0.282141,0.0,0,0.0060287342,1.7945483982,2.0903475007778587,Train
XEDPON_clean,7.48304,4.32366,7.48304,1.13521,1918.18,1689.72,0.0,0.0,0.6406,0.564302,0.0,1,0.0052089061,4.3705155902,4.363977389512147,Test
XEDPUT_clean,12.14022,5.32775,12.13484,1.5096,998.115,661.177,50.3608,33.3603,0.5416,0.35877,0.0,1,0.0350059145,3.3676677408,3.4376573033246425,Train
XEFGAQ_clean,4.04864,3.84801,4.03945,1.23647,540.504,437.135,0.0,0.0,0.4578,0.370247,0.0,0,0.0048671963,2.5701346646000003,2.502129670032749,Test
XEFKOI_clean,4.24138,4.03203,4.24093,1.2014,660.067,549.414,0.0,0.0,0.487,0.40536,0.0,0,0.0057498391,2.6773377828,2.7498318190061655,Train
XEGJIE02_clean,6.83643,4.32814,6.8224,1.14242,1819.25,1592.45,0.0,0.0,0.6186,0.541481,0.0,1,0.0034508184,3.3349481268,3.349076366742395,Train
XEGJIE_clean,6.8392,4.32331,6.8392,1.14242,1823.4,1596.08,0.0,0.0,0.6078,0.532027,0.0,1,0.0036439267,3.3427478493,3.390174613777871,Test
XEGJOK_clean,8.03848,5.65574,8.03848,1.06612,2083.29,1954.09,0.0,0.0,0.6316,0.59243,0.0,1,0.0033172298,3.5081940233,3.559970941326137,Test
XEGJUQ_clean,7.4125,4.89988,7.38387,1.09762,2034.16,1853.25,0.0,0.0,0.6302,0.574154,0.0,1,0.0034733036,3.4924424725,3.5385322623262736,Train
XEGKAX_clean,7.81736,4.94122,7.81736,1.03321,2328.38,2253.55,0.0,0.0,0.6462,0.625431,0.0,1,0.0031942225,3.437114307,3.504733668289846,Train
XEGKEB_clean,8.23995,5.69274,8.22914,1.05735,2095.89,1982.22,0.0,0.0,0.65,0.614747,0.0,1,0.003285486,3.452725656,3.5000475343422273,Train
XEGKIF_clean,5.20553,3.75045,5.02164,1.3269,1101.02,829.769,0.0,0.0,0.5188,0.390988,0.0,1,0.0051346036999999,2.88261193,2.8125722789188,Test
XEGKOL_clean,8.255,5.9525,8.24564,1.11832,1646.01,1471.86,0.0,0.0,0.6014,0.537769,0.0,0,0.0027716381,2.7316563274,2.908210091961596,Train
XEGKUR_clean,6.60096,5.85838,6.60096,1.03463,2226.74,2152.21,0.0,0.0,0.653,0.631143,0.0,1,0.0032894539,3.6027952531,3.5382790209582784,Test
XEHDEV_clean,10.95452,9.96703,10.95452,0.958795,1688.15,1760.7,0.0,0.0,0.6704,0.699211,0.0,0,0.002758113,3.3891470924,3.25951813226859,Train
XEHRUY_clean,4.75094,3.73804,4.73309,1.40294,806.249,574.687,0.0,0.0,0.4558,0.32489,0.0,0,0.00346797,2.0848391134,2.0143808239960976,Train
XEHSAF_clean,4.88109,3.65952,4.87411,1.39164,808.303,580.827,0.0,0.0,0.4608,0.33112,0.0,0,0.0035145335,2.0377674432,1.949818167129161,Train
XEHSEJ_clean,5.24127,3.85188,5.21916,1.33454,931.861,698.265,0.0,0.0,0.4838,0.362522,0.0,0,0.0034983375,2.0528358033000003,1.970760930526583,Test
XEHSIN_clean,4.81303,3.64676,4.81303,1.40908,773.939,549.25,0.0,0.0,0.452,0.320776,0.0,0,0.0036218321,2.0678798694,1.9593697463180324,Test
XEHSOT_clean,4.76348,3.63666,4.76348,1.41375,744.384,526.53,0.0,0.0,0.4508,0.318867,0.0,0,0.0038506007,2.0472137643,2.0158420444297143,Train
XEHSUZ_clean,4.73753,3.78928,4.73753,1.38845,832.486,599.579,0.0,0.0,0.4634,0.333753,0.0,0,0.0036724446,2.0753077632,2.0804364444353824,Train
XEJWUG_clean,4.34072,3.48491,4.33485,1.56158,471.476,301.922,0.0,0.0,0.4076,0.261018,0.0,0,0.0075681333,2.1315159,2.097173918392014,Test
XEJXAN_clean,4.27901,3.60567,4.27901,1.57867,491.894,311.588,0.0,0.0,0.4078,0.258319,0.0,0,0.0080165689,2.4002167566,2.2413007728669294,Test
XEJXER_clean,4.12173,3.57853,4.12173,1.5597,414.634,265.842,0.0,0.0,0.4006,0.256844,0.0,0,0.001427687,1.0258146413,1.087834144353834,Train
XEKCAT01_clean,5.91545,4.93297,5.80854,0.930696,2244.72,2411.88,0.0,0.0,0.61,0.655424,0.0,1,0.0056429529,5.4070287339,4.8861009498974015,Test
XEKCAT_clean,5.88115,4.91006,5.87893,0.940943,2247.61,2388.68,0.0,0.0,0.6062,0.644247,0.0,1,0.0059059629,5.466838902899999,5.165683440533341,Train
XEKDOI_clean,4.10568,3.45704,3.93638,1.4574,748.354,513.486,0.0,0.0,0.4558,0.312749,0.0,1,0.001028291,1.0477113152,1.2021401721307396,Test
XEKMIL_clean,4.64233,3.82793,4.64153,1.9066,1018.44,534.165,0.0,0.0,0.4706,0.246827,0.0,1,0.0014772729999999,1.3385858032,1.3361918803928743,Test
XENCAU_clean,8.29403,6.89914,8.29403,0.556974,2324.09,4172.71,0.0,0.0,0.7312,1.31281,0.0,1,0.0020516921,2.8790182631,2.9873894153980043,Test
XENKIM_clean,7.32998,6.03401,7.3267,0.822036,2196.41,2671.92,0.0,0.0,0.6598,0.802641,0.0,1,0.0041802509999999,4.7087040495,4.612994482245668,Train
XENMIO_SL,4.2763,3.43605,4.2763,1.62008,351.871,217.194,309.344,190.944,0.4486,0.2769,0.0,1,0.0126122703,2.3939863685,2.3736186290082317,Test
XENMOU_SL,4.28444,3.44611,4.27407,1.60371,375.808,234.337,301.542,188.028,0.4528,0.282345,0.0,1,0.0122598853,2.409545087,2.456917524231784,Train
XEPBAX_clean,5.14969,3.64809,5.0808,0.940411,1672.05,1778.0,0.0,0.0,0.6138,0.652693,0.0,1,0.0035916254,3.6864267894,3.6808557714803354,Train
XEQGAC_clean,5.58663,3.48947,5.56914,1.35723,1328.82,979.066,0.0,0.0,0.5714,0.421003,0.0,1,0.0044574665999999,2.953239068,2.9303505951525635,Train
XEQRAO_clean,5.51146,4.60933,5.51146,1.37083,876.068,639.08,0.0,0.0,0.4564,0.332938,0.0,1,0.0025212566,1.8700829738,1.6322584916440384,Test
XESKAJ_clean,9.85685,9.29464,9.85685,1.10591,1360.23,1229.96,0.0,0.0,0.5664,0.512158,0.0,1,0.0019739976,2.5228369282,2.3456479362009675,Test
XESKEN_SL,9.9038,9.36477,9.9038,1.10837,1274.59,1149.97,0.0,0.0,0.5552,0.500916,0.0,1,0.0014798446,1.9085463015,1.8209562791973979,Train
XESKIR_clean_h,10.14317,9.85365,10.14317,1.23585,1309.87,1059.89,0.0,0.0,0.5666,0.45847,0.0,1,0.0010905375,1.3930020814,1.385680621281534,Train
XESKUD_clean,9.9638,9.32015,9.9638,1.26973,1375.76,1083.51,0.0,0.0,0.5732,0.451435,0.0,1,0.0011345164999999,1.5935328806,1.5293263598954556,Train
XESLAK_clean,10.31182,9.72546,10.31182,1.3077,1323.78,1012.29,0.0,0.0,0.5742,0.439091,0.0,1,0.0009991150999999,1.3135171629,1.2806213849107395,Test
XEWDUA_clean,8.87023,8.12641,8.87023,1.28139,1148.81,896.537,0.0,0.0,0.5282,0.41221,0.0,1,0.0011763767999999,1.3914285656,1.5666844581546955,Test
XEWFAI_clean,8.58001,7.48221,8.58001,1.10647,1594.92,1441.46,0.0,0.0,0.5888,0.532145,0.0,1,0.0014772039,1.8375908513,1.8798409095357127,Test
XEXLAP_clean,8.64993,8.01633,8.63141,1.0685,1374.86,1286.72,0.0,0.0,0.5518,0.516424,0.0,0,0.0022503380999999,2.5724337064,2.50550473951207,Train
XEXLET_clean,8.01945,7.40132,8.00563,1.23661,1375.89,1112.63,0.0,0.0,0.5666,0.458188,0.0,0,0.0020714823,2.3028481054,2.2952526743670747,Test
XEXLIX_clean,7.04809,6.65056,7.03557,1.241,1207.66,973.134,0.0,0.0,0.527,0.424658,0.0,1,0.0040287905,3.2639413547000005,3.0505377355021315,Test
XEXLOD_clean,7.18877,6.831,7.15894,1.17716,1370.68,1164.39,0.0,0.0,0.5458,0.463657,0.0,1,0.0034429715,3.1328054967,3.1527406767899384,Train
XEXLUJ_clean,8.72919,8.14175,8.68787,1.12133,1390.1,1239.69,0.0,0.0,0.5646,0.50351,0.0,1,0.003197779,3.0429583789,3.0366845380926613,Train
XEXMAQ_clean,8.3881,8.06353,8.36842,1.12082,1406.28,1254.68,0.0,0.0,0.5662,0.505164,0.0,1,0.0030612347999999,3.0820271734,3.065563586457444,Train
XEXMEU_clean,9.62722,8.85338,9.62722,1.05458,1424.32,1350.6,0.0,0.0,0.595,0.564206,0.0,1,0.0026442608,2.953442589,2.794685114971292,Test
XEYMAR_clean,6.22077,4.79076,5.73209,1.34353,2239.47,1666.86,0.0,0.0,0.6636,0.493924,0.0,1,0.0022225367,2.2652019922,2.3958316812331777,Train
XIBZUF_clean,6.9167,4.63591,6.73101,0.936691,2313.06,2469.39,0.0,0.0,0.6504,0.694359,0.0,1,0.0058425878,5.3234367603,5.156655552276144,Test
XICNOO01_clean,19.50435,6.85327,19.46967,0.908856,1908.32,2099.7,0.0,0.0,0.7472,0.822132,0.000220057,1,0.0019605559,2.5824931121,2.553736491637596,Train
XICNOO02_clean,19.59015,6.72401,19.59015,0.902602,1911.89,2118.2,0.0,0.0,0.7472,0.827829,0.000221582,1,0.0020804018,2.5597823151,2.6219070695867206,Test
XICNOO_clean,19.61611,6.71064,19.54957,0.903297,1911.76,2116.42,0.0,0.0,0.747,0.826971,0.000221411,1,0.0019474957999999,2.5762426877,2.5327122173193315,Train
XICYAL_clean,7.12423,4.20147,7.12423,1.10581,1383.62,1251.23,0.0,0.0,0.5472,0.49484,0.0,1,0.0049171766999999,3.178391897,3.3946072121590216,Test
XICYEP_SL,6.23549,4.07005,5.99515,1.80747,1927.34,1066.32,0.0,0.0,0.6084,0.336603,0.000442607,1,0.0027552564,2.2145830018,2.348792679262533,Test
XICYIT_SL,6.2924,4.02189,6.26235,1.33234,1949.8,1463.44,0.0,0.0,0.6146,0.461294,0.000450336,1,0.0037634139,3.0224298017,3.011890762056348,Train
XICZAM_clean,19.52135,6.64584,19.52135,1.26176,1911.12,1514.64,0.0,0.0,0.7502,0.594564,0.000158508,1,0.0014282572,1.8539948103,1.6379705350607332,Test
XIDBUJ_clean,7.40475,6.25511,7.40475,1.09542,1351.03,1233.34,0.0,0.0,0.5684,0.518888,0.0,0,0.0051657277,3.8904339236,3.7902886853469058,Test
XIDSUZ_clean,16.05314,15.78983,16.05314,0.493271,1893.57,3838.8,0.0,0.0,0.781,1.58331,0.0,1,0.0034393745,4.4459669448,4.47732399453857,Train
XIFHIF_clean,9.50274,8.84024,9.48896,1.39627,1580.72,1132.1,0.0,0.0,0.6078,0.435304,0.0,1,0.0016644871,1.9498394453,1.8934247580347845,Test
XIGFOJ_manual,18.90864,18.72951,18.90864,0.692037,1357.79,1962.03,0.0,0.0,0.7528,1.0878,0.0,1,0.0027812399,3.1865417602,3.5686389429202108,Test
XIGHAX_clean,9.42856,6.02587,9.42856,1.28204,1741.22,1358.17,0.0,0.0,0.657,0.512466,0.0,0,0.0016708162,1.9607876829,1.96550796666097,Test
XIGHEB_clean,9.46287,6.0394,9.46287,1.26391,1742.96,1379.02,0.0,0.0,0.6604,0.522504,0.0,0,0.0015898428,1.9303140501,1.8946993403264485,Test
XIGHIF_clean,9.11851,6.40194,9.11851,1.31172,1721.81,1312.64,0.0,0.0,0.6494,0.495075,0.0,0,0.0015582433999999,1.9591919152,1.8694878117096874,Train
XIGWUF_clean,7.07949,4.99162,7.07464,0.478412,3315.96,6931.17,0.0,0.0,0.7822,1.63499,0.0,1,0.0016050692999999,2.2093863682,2.280341659452952,Train
XIHRIQ_clean,4.88127,3.7293,4.77721,1.106,908.9,821.794,0.0,0.0,0.4886,0.441774,0.0,0,0.0055829338,2.7941796946,2.8624845033356072,Train
XIHSAJ01_clean,5.98845,3.99073,5.69816,1.03053,1765.29,1712.99,0.0,0.0,0.576,0.558935,0.0,1,0.0050651644,3.9546671842,3.9917283344413823,Train
XIHSAJ_clean,6.08478,4.0122,6.08478,1.01421,1817.12,1791.66,0.0,0.0,0.6044,0.595933,0.0,1,0.0048261456,3.9870523251,4.156581282625673,Test
XIHSEN01_clean,5.64298,3.8792,5.64298,1.08478,1405.71,1295.85,0.0,0.0,0.5704,0.525822,0.0,1,0.0052380717,3.7860103883,3.685894451943727,Test
XIHSEN_clean,5.63541,3.87826,5.63541,1.09092,1426.31,1307.44,0.0,0.0,0.5682,0.520843,0.0,1,0.0053957224,3.858012684,3.6285063753577402,Test
XILLEL_clean,7.63373,5.31385,7.61296,0.988669,1586.87,1605.06,0.0,0.0,0.5862,0.592918,0.0,0,0.0067546807,5.464685546,5.015895373752569,Test
XILLIP_clean,8.02024,6.48918,8.00532,0.699116,2353.41,3366.26,0.0,0.0,0.7058,1.00956,0.0,0,0.0067647593,6.4242110537,6.7172551303980335,Test
XILSUI_clean,8.05462,5.1792,8.05462,0.833153,2078.06,2494.21,0.0,0.0,0.6418,0.770326,0.0,1,0.004468905,4.9829167388,4.55928191028155,Test
XILTAP_clean,7.46835,4.491,7.46835,0.893159,2015.14,2256.2,0.0,0.0,0.622,0.696404,0.0,1,0.0049924118,4.8851625305,4.592085261962221,Train
XILVIZ_clean,7.75339,4.84522,7.60552,0.848736,2042.74,2406.8,0.0,0.0,0.6436,0.758304,0.0,1,0.0048451209,4.9251911977,4.6899212776227515,Test
XINHOT_clean,5.41924,4.10207,5.41262,1.543,726.815,471.04,0.0,0.0,0.4344,0.281529,0.0,0,0.0042283846,1.7198402202,1.7150266666271377,Train
XINRAP_clean,7.72889,5.88361,7.72889,0.997869,1989.71,1993.96,0.0,0.0,0.6604,0.66181,0.0,1,0.0019149647,2.4527226102,2.450486492771608,Train
XINWUO_clean,6.28616,4.28799,6.28616,1.09832,2350.01,2139.64,0.0,0.0,0.6626,0.603282,0.0,1,0.0014752759,1.9041433728,1.8170254468395277,Train
XINZEB_clean,5.58391,4.38224,5.56908,1.48991,1505.54,1010.49,0.0,0.0,0.5618,0.377069,0.0,1,0.0059970584,3.3062380011,3.280503191044537,Train
XIPGUA_clean,6.999,4.80417,6.51629,2.95533,1333.32,451.159,0.0,0.0,0.4992,0.168915,0.0,1,0.0002636818,0.378432179,0.35173444728137016,Train
XISLAM_clean,4.34393,3.64065,4.34393,1.93617,692.959,357.901,0.0,0.0,0.4122,0.212894,0.0,0,0.0848790789,3.0645219026,3.370766638676063,Train
XISPEW01_clean,7.58694,5.52656,7.5744,1.14161,1954.46,1712.03,0.0,0.0,0.624,0.546598,0.0,1,0.0035847926,3.239210737,3.5072570242710115,Test
XISPEW02_clean,7.73943,5.5228,7.73943,1.0858,1985.75,1828.83,0.0,0.0,0.6324,0.582427,0.0,1,0.003207593,3.1845643044,3.3640756920746244,Test
XISPEW_clean,7.45128,5.46523,7.15276,1.17603,1960.28,1666.86,0.0,0.0,0.6188,0.526177,0.0,1,0.0038092496,3.3341644318,3.5210105517741046,Train
XISPUM01_clean,6.90955,4.49306,6.89631,1.14557,2040.23,1780.98,0.0,0.0,0.6396,0.558325,0.0,1,0.0024805798,2.8284393441000004,2.76558515482843,Test
XISPUM_clean,7.32941,4.58436,7.32711,1.21765,2007.19,1648.41,0.0,0.0,0.6216,0.510492,0.0,1,0.0041128719,3.4987910708,3.7771824627389954,Test
XISVUR_clean,5.04407,3.94718,5.0182,1.1747,1719.75,1463.99,0.0,0.0,0.6072,0.516898,0.0,1,0.0055305193,4.3500417138,4.131118851043643,Test
XISXEE_clean,10.02626,5.46429,10.02412,0.66541,2246.71,3376.43,0.0,0.0,0.7296,1.09647,0.0,1,0.0037198953,4.428201788,4.469297653452042,Train
XITYOP_clean,11.26084,5.01855,11.26084,0.828925,2008.18,2422.64,0.0,0.0,0.6806,0.821064,0.0,1,0.0058526681999999,5.1589607213,4.613409780149077,Test
XIVMEW01_clean,5.52138,3.68821,5.51435,1.34752,969.124,719.188,2.26658,1.68203,0.5016,0.372238,0.0,1,0.0064229778,3.1058979402,2.963443508968342,Test
XIWLAQ_clean,6.60663,5.9994,6.60453,2.29175,1025.32,447.396,0.0,0.0,0.5236,0.228472,0.0,1,0.0022379476,1.5722801653999998,1.6103482283898656,Test
XIWYEH_clean,4.26164,3.52891,4.24796,2.34877,351.985,149.859,0.0,0.0,0.3304,0.140669,0.0,0,0.0080418347,1.2935749938,1.3377494174824718,Train
XIYYEL_clean,8.54513,8.23246,8.54513,0.722133,2313.21,3203.31,0.0,0.0,0.7918,1.09647,0.0,0,0.0016342207999999,2.5616114337,2.436671785944087,Train
XOCWET_clean,5.57167,3.60863,5.43096,2.052,1278.23,622.917,0.0,0.0,0.549,0.267544,0.0,1,0.0018813442,1.6828889872,1.6915189986908847,Train
XOCWIX_clean,5.47886,3.44903,5.47476,2.18371,1125.64,515.471,0.227584,0.104219,0.5372,0.246003,0.0,1,0.0017679414,1.5514939715,1.5550933066327692,Test
XOCWOD_clean,5.38208,3.4319,5.38208,2.211,1054.39,476.883,0.0,0.0,0.5314,0.240344,0.0,1,0.0018251283,1.5225152047,1.411727396345929,Test
XOCWUJ_clean,5.43529,3.40185,5.40249,2.21366,1083.86,489.625,0.0,0.0,0.5328,0.240687,0.0,1,0.0017570039,1.5074558781,1.4905740995721561,Test
XOFGAC_clean,20.28488,4.16314,9.48492,0.98367,1835.3,1865.77,0.0,0.0,0.6704,0.681529,0.0,1,0.0039494009,3.79085033,3.8311077406560745,Train
XOFPEP01_clean,5.97449,3.48385,5.9665,2.03706,967.647,475.021,0.0,0.0,0.5188,0.25468,0.0,1,0.0018339914,1.3629022485,1.3876214998869933,Train
XOFPEP_clean,5.97089,3.4618,5.97089,2.03022,1036.5,510.537,0.0,0.0,0.5304,0.261252,0.0,1,0.0016610627999999,1.3222507082,1.4272230317576113,Train
XOGXAU_clean,5.74983,3.78405,5.68214,1.22917,1255.73,1021.6,0.0,0.0,0.5252,0.427279,0.0,1,0.0044351025,2.8029887663,2.88779717597052,Train
XOHLEM_clean,5.52611,4.54089,5.51535,1.339,1839.55,1373.82,0.0,0.0,0.5986,0.44705,0.0,1,0.0056810767,3.7335273245,3.8719497899738196,Test
XOHTUJ_clean,6.47036,4.69494,6.47036,1.17962,2196.81,1862.3,0.0,0.0,0.6472,0.548652,0.0,1,0.0023656201999999,2.5605984518,2.665143231744985,Train
XOJWEZ_clean,5.26222,4.56445,5.26222,1.41259,749.294,530.438,0.0,0.0,0.5012,0.354809,0.0,1,0.0033775861999999,1.9499743872,1.8661651490162725,Test
XOJWOJ_clean,7.01927,4.56509,7.01927,1.20631,1535.66,1273.03,0.0,0.0,0.6016,0.498713,0.0,1,0.0046828175,3.665253831,3.60146320134523,Train
XOKHIP_clean,4.7478,3.45863,4.7478,2.16707,449.011,207.197,0.0,0.0,0.3986,0.183935,0.0,1,0.0021888479,0.9291216502,1.0257898801874572,Train
XOMCIN_clean,5.94246,4.25779,5.52872,0.995112,2064.21,2074.35,0.0,0.0,0.6074,0.610384,0.0,1,0.0074945985,5.241216789,5.250983203337791,Train
XOMCOT_clean,4.8748,3.64387,4.86282,1.12809,975.65,864.872,0.0,0.0,0.4934,0.437378,0.0,0,0.0153608665999999,3.9796833657,3.862403623926535,Test
XOMDOU_clean,6.08861,4.66373,6.08699,1.18202,859.304,726.977,313.731,265.419,0.5438,0.460059,0.0,1,0.0080198096,2.9085316267000003,3.071843078440921,Train
XOMGIQ_clean,5.5226,3.96675,5.5226,1.11957,1446.11,1291.67,0.0,0.0,0.5666,0.506089,0.0,1,0.0035229990999999,2.9341190014,2.920381770430659,Test
XOMJOY_clean,6.10947,3.84777,5.97895,1.18998,613.441,515.507,422.204,354.8,0.5142,0.43211,0.0,0,0.0074057955,3.2237955829,3.1775411579112687,Train
XOMJUE_clean,6.09418,3.77279,6.07728,1.21681,603.908,496.303,411.544,338.214,0.507,0.416662,0.0,0,0.0077478458,3.171433372,3.1794392379969048,Test
XONGUD_clean,8.38841,6.91725,8.38841,2.68456,1261.77,470.01,0.0,0.0,0.5318,0.198096,0.0,1,0.0003021555,0.3772450837,0.3910398110276283,Train
XONLES01_clean,15.55222,13.97126,15.55222,0.303181,1639.83,5408.75,0.0,0.0,0.871,2.87288,0.0,1,0.0036558143,5.036479795,5.091989015646564,Train
XOPLOE_clean,7.50726,5.3332,7.50699,0.991241,2013.82,2031.62,0.0,0.0,0.621,0.626488,0.0,1,0.0036453475,3.6365102501,3.7749680357862996,Test
XOPMIA_clean,5.53948,4.71058,5.5345,1.05182,1628.72,1548.47,0.0,0.0,0.5582,0.5307,0.0,0,0.0059798113,4.0280947958,4.029214663989636,Train
XOQXIL_clean,5.56779,4.25341,5.54313,1.05181,1608.8,1529.56,0.0,0.0,0.552,0.524811,0.0,1,0.003779267,3.0892251845,3.185793451570279,Test
XORHET_clean,4.71137,3.51837,4.71137,1.22336,1024.9,837.774,81.2251,66.395,0.5446,0.445167,0.0,1,0.0031180323,2.6010815736,2.740272856845292,Test
XOSPOK_clean,6.02139,4.57668,6.02139,1.94823,1837.76,943.297,0.0,0.0,0.586,0.300786,0.0,1,0.0043674881,2.8216386049,2.811433198250979,Train
XOTGUI_clean,5.14072,4.00351,5.14055,1.55556,2014.34,1294.93,0.0,0.0,0.6006,0.386099,0.0,1,0.0020758572,2.2903486506,2.180166309207693,Test
XOTHAP_clean,5.67034,4.65738,5.67034,1.50505,1984.46,1318.53,0.0,0.0,0.6152,0.408756,0.0,1,0.0018896562,2.0436842855,2.019027911156021,Train
XOTSEG_clean,8.78779,6.45971,8.7759,0.828086,1735.59,2095.91,0.0,0.0,0.6318,0.762964,0.0,1,0.0036955325,3.618153748,3.7971673018627308,Test
XOTSIK_clean,8.84143,7.37067,8.64635,0.961303,1776.26,1847.76,0.0,0.0,0.6086,0.633099,0.0,1,0.0032835246,3.3981375061000003,3.594272084521291,Test
XOTXAG_clean,4.5925,3.72441,4.55253,1.45522,1114.56,765.906,0.0,0.0,0.459,0.315416,0.0,1,0.0037788876,2.6423810195,2.583995978848252,Train
XOTXUB_clean,4.27674,3.47607,4.14843,1.21704,316.782,260.289,0.0,0.0,0.4284,0.352001,0.0,1,0.0011464444,1.0884567814,1.044881942183295,Train
XOTZIR_clean,6.298,3.81619,6.27425,1.33376,798.487,598.675,0.0,0.0,0.4626,0.34684,0.0,1,0.0055442105,2.2275136078,2.2427338112748854,Train
XOVPIH_clean,4.3234,3.46915,4.32329,1.51036,756.835,501.096,0.0,0.0,0.4966,0.328796,0.0,1,0.0021356407999999,1.7047880487,1.761082757233963,Train
XOVPON_clean,5.74841,4.13919,5.74724,1.29056,1444.67,1119.41,0.0,0.0,0.5696,0.44136,0.0,1,0.0028611642,2.3176287614,2.4869461096210896,Test
XOVPUU_clean,11.45503,9.77333,11.45503,0.404958,2012.2,4968.9,0.0,0.0,0.8444,2.08515,0.0,1,0.0033938424,4.389621684700001,4.729335458920108,Test
XOVQAB_clean,9.04253,7.30249,9.03111,0.610216,2352.44,3855.09,0.0,0.0,0.7448,1.22055,0.0,1,0.0033028704,4.2588281992,4.315235409960173,Train
XOVQEF_SL,13.73802,11.42638,13.39901,0.433642,2002.7,4618.32,0.0,0.0,0.8224,1.89649,0.0,1,0.0029500528,4.4882863514,4.18440023764979,Test
XOVQIJ_clean,7.41561,4.13146,7.41561,0.925084,1684.83,1821.27,0.0,0.0,0.5816,0.6287,0.0,1,0.004023725,3.6718464026,3.762910506129036,Test
XOVVOU_clean,6.57595,5.59779,6.5535,1.07267,2264.54,2111.12,0.0,0.0,0.6676,0.622371,0.0,1,0.0045574874,3.8579262059,4.189812843642548,Train
XOXMED_clean,15.20268,12.48764,14.68508,0.499,1903.11,3813.84,0.0,0.0,0.7876,1.57836,0.0,1,0.0031949159,3.9528160472,4.244368769844746,Test
XUBGUY_clean,11.92741,6.17876,10.43844,0.841842,2109.15,2505.4,0.0,0.0,0.7154,0.849804,0.0,1,0.0031834358,3.7606310897,3.7407711302508195,Test
XUCSOF_clean,5.25566,4.59264,5.25566,1.60312,661.505,412.637,358.397,223.562,0.482,0.300664,0.0,1,0.0076372019,2.6530744223,2.5143448773087425,Train
XUDNAN_clean,8.67531,5.1775,8.35832,0.937633,1918.83,2046.46,0.0,0.0,0.6496,0.692809,0.0,1,0.0036464003,3.7848556474,3.7736805802103284,Train
XUDNUH_clean,12.36127,6.84234,12.36127,0.492653,2292.38,4653.12,0.0,0.0,0.8076,1.63929,0.0,1,0.0033473146,4.5606760094,4.602061567797657,Train
XUDPIX_clean,11.39057,6.9563,11.17218,0.55889,2521.72,4512.0,0.0,0.0,0.7746,1.38596,0.0,1,0.0036257032,4.6791672411,4.814403419560818,Test
XUDYEC_clean,6.34584,5.04991,6.34584,1.10902,1973.56,1779.55,0.0,0.0,0.6464,0.582857,0.0,1,0.0041060739,3.8316667084,3.86554974392128,Test
XUDYOM_clean,5.92099,5.48654,5.7966,1.63199,1266.45,776.015,0.0,0.0,0.5438,0.333212,0.0,0,0.0084802904,3.7666699394,3.580647302333167,Train
XUFPIZ_clean,4.43917,3.40706,4.39655,1.31985,159.122,120.561,0.0,0.0,0.4154,0.314732,0.0,0,0.0014869328,0.7797098940999999,0.8652962397011588,Test
XUFWOM_clean,9.12848,8.18722,9.12848,0.813283,1954.3,2402.97,0.0,0.0,0.7082,0.870792,0.0,1,0.0031078571,3.9236585065,3.7372781010421203,Test
XUFYAA_clean,16.80237,4.60613,16.77492,0.589197,2123.72,3604.43,0.0,0.0,0.7212,1.22404,0.0,1,0.0051020252,5.4844041474,5.4673391297871134,Train
XUGROI_clean,6.64754,5.07389,6.16433,0.794522,2382.26,2998.35,0.0,0.0,0.6836,0.860391,0.0,1,0.0050708245,5.3393122641,5.178659255149634,Test
XUGSEY_clean,7.45351,5.81909,7.11831,0.709523,2586.66,3645.63,0.0,0.0,0.7068,0.996162,0.0,1,0.0044219203999999,5.0919141818,5.282851280734572,Test
XUGWUS_clean,5.27863,4.66019,5.2635,1.38078,911.096,659.843,0.0,0.0,0.496,0.359218,0.0,1,0.0023737839,1.5307728301,1.6214546025031296,Test
XUJPEY_clean,5.84221,4.51142,5.77769,1.25506,1324.62,1055.42,0.0,0.0,0.5206,0.4148,0.0,0,0.0067397961,3.4643958715,3.4892537044831755,Train
XUJPIC_clean,5.88914,4.75213,5.84985,1.23811,1386.84,1120.12,0.0,0.0,0.5304,0.428394,0.0,0,0.0066366223,3.5591201544,3.649366980255374,Test
XUJPOI_clean,5.22333,3.76094,5.20942,1.23729,1450.85,1172.61,0.0,0.0,0.566,0.457452,0.0,0,0.0064361407,3.8388535257,3.719258077472841,Test
XUJQAV_clean,5.23926,3.75063,5.23926,1.23622,1470.1,1189.19,0.0,0.0,0.5596,0.452669,0.0,0,0.0062398361999999,3.834001055,3.7558811201513995,Test
XUJSAY_clean,5.36362,3.81487,5.35817,1.44593,257.114,177.818,33.7457,23.3384,0.4668,0.322836,0.0,1,0.014255211,1.3985597168,1.9397813145984455,Test
XUKHUI_clean,5.94415,4.22176,5.9168,1.20125,1179.74,982.099,0.0,0.0,0.5426,0.451698,0.0,1,0.0084448867,4.1586406548,3.5152917336630924,Test
XUKLAS_clean,5.87516,3.79987,5.86816,1.26294,911.252,721.53,0.0,0.0,0.4946,0.391624,0.0,1,0.0041167593,2.4295632784,2.3557897575147746,Test
XUKNIC_clean,6.71193,5.19255,6.7113,1.00366,2512.55,2503.38,0.0,0.0,0.6472,0.644838,0.0,1,0.0042873115,4.2608052477,4.479360884820875,Test
XUKYEI_neutral,13.17229,10.75846,13.16843,0.287208,1805.38,6285.97,0.0,0.0,0.8682,3.02289,0.0,0,0.0030486071,4.3492911611,4.4047778844811205,Test
XUMMOJ_clean,8.37622,7.86065,8.37622,1.08186,1183.03,1093.52,0.0,0.0,0.5464,0.505057,0.0,1,0.0016904675,2.0917139755000003,1.9519466010420432,Test
XUMMUP_clean,8.4295,7.42103,8.42696,1.01197,1167.11,1153.31,0.0,0.0,0.545,0.538555,0.0,1,0.0013409178,1.8634566361,1.7469347724681377,Train
XUMNEA_clean,5.24244,3.69297,5.22761,1.21845,601.492,493.654,0.0,0.0,0.4622,0.379335,0.0,0,0.0075282319999999,2.2876512833,2.3396059875993203,Test
XUMNIE_clean,7.92656,5.00523,7.92544,0.836736,1842.18,2201.63,0.0,0.0,0.617,0.737389,0.0,0,0.0063899221999999,5.329629118,5.037340694046995,Test
XUMTUV_clean,5.4813,5.1227,5.47077,1.25424,1931.27,1539.79,0.0,0.0,0.6264,0.499425,0.0,1,0.0046272153,3.4371692494,3.5137851713771853,Train
XUMVAD_clean,5.48445,5.10748,5.47384,1.24179,1950.9,1571.03,0.0,0.0,0.619,0.498472,0.0,1,0.004693131,3.4522018255,3.569355741180947,Train
XUMVEH_clean,5.51001,5.03328,5.49298,1.14233,1980.67,1733.88,0.0,0.0,0.6382,0.55868,0.0,1,0.0043525488,3.4683277171,3.7731366206726697,Test
XUNGOD_clean,5.27654,3.81371,5.27654,1.03399,1095.75,1059.73,0.0,0.0,0.4858,0.469831,0.0,0,0.0118537596,3.8179868878,3.9095400661118758,Train
XUNGUJ_clean,4.49594,4.05224,4.48031,1.03604,1057.86,1021.06,0.0,0.0,0.4874,0.470444,0.0,0,0.0100993744,3.8165105494,3.875501350009642,Train
XUNHAQ_clean,4.43369,3.93895,4.41861,1.01112,1121.76,1109.42,0.0,0.0,0.495,0.489555,0.0,1,0.0094051546,4.0958667806,4.1511677850438415,Train
XUNSAC_clean,4.78336,3.78154,4.77852,1.05045,959.001,912.941,0.0,0.0,0.4742,0.451425,0.0,1,0.009363896,3.6026944149,3.6572191594016803,Train
XUNSEG_clean,5.12519,4.59555,5.12519,1.00672,1017.4,1010.61,0.0,0.0,0.4976,0.494281,0.0,1,0.0091002001,3.5692238681,3.71183580671149,Test
XUNSIK_clean,4.24603,3.78968,4.24603,1.0539,1014.98,963.071,0.0,0.0,0.475,0.450706,0.0,0,0.0100294143,3.8618124325,3.9752903311390932,Test
XUNSOQ_clean,5.47061,4.41529,5.45212,1.01415,1093.33,1078.08,0.0,0.0,0.49,0.483165,0.0,0,0.0102801048,3.5937886232,3.695291695374941,Train
XUNTIL_clean,4.3912,3.544,4.3912,1.10854,669.818,604.235,0.0,0.0,0.4582,0.413336,0.0,1,0.006474004,3.1272668115,3.100720043309614,Train
XUPSAE_clean,6.99773,6.86151,6.99773,1.067,1576.28,1477.3,0.0,0.0,0.5844,0.547705,0.0,0,0.012026415,7.1663223794,7.092776496012226,Train
XUTQEI_clean,15.07113,13.13968,15.07113,0.479637,2165.37,4514.6,0.0,0.0,0.7968,1.66126,0.0,1,0.003546769,4.6427993762,4.7751793561834095,Test
XUVHEB_clean,6.21978,5.41115,6.21978,1.07724,1379.45,1280.54,0.0,0.0,0.5818,0.540085,0.0,1,0.0062832301,3.5768819847000004,3.6721575351569413,Train
XUVQOW_clean,7.02178,4.13589,6.48548,1.19698,1845.1,1541.47,0.0,0.0,0.6186,0.516801,0.0,1,0.0045399563,3.9026437878,3.730334485597128,Train
XUWFUR_clean,8.57387,5.22151,8.55217,0.997477,1382.53,1386.02,0.0,0.0,0.5736,0.575051,0.0,1,0.0029977575,2.5968814075,2.9155180993866923,Test
XUWKEH_clean,5.79973,4.2003,5.79973,1.47767,748.2,506.339,0.0,0.0,0.4194,0.283826,0.0,1,0.0009815361,1.0564437132,0.9702335610887531,Train
XUWSUD_clean,4.4926,3.78091,4.4926,2.14584,718.007,334.605,0.0,0.0,0.4438,0.206819,0.0,1,0.0122674109,2.6451617267,2.5912337593866983,Train
XUWTAK_clean,4.40667,3.75356,4.40321,2.17452,723.721,332.819,0.0,0.0,0.4382,0.201516,0.0,1,0.0130863419999999,2.6669859088,2.732228450971585,Train
XUWVUG_clean_h,3.95338,3.75922,3.95195,3.19434,197.336,61.7769,0.0,0.0,0.287,0.0898463,0.0,1,0.0002876322,0.234220015,0.17985287449107457,Train
XUYXAR_clean,4.42154,3.80283,4.41884,1.51094,575.938,381.179,0.0,0.0,0.432,0.285915,0.0,1,0.0028856553999999,1.846582506,1.7223704892487546,Test
YABHER_clean,14.37293,4.52414,14.37293,0.692157,1907.84,2756.36,0.0,0.0,0.7082,1.02318,0.0,1,0.0048367187,4.7131154972,4.826962079023768,Test
YABPAU_clean,5.82793,4.33044,5.82793,1.0705,1501.93,1403.02,0.0,0.0,0.5582,0.521438,0.0,1,0.0070266661,4.1965017563,4.173358611681051,Train
YAGJOI_clean,5.63288,5.50957,5.62983,1.07586,1552.96,1443.46,0.0,0.0,0.5528,0.513822,0.0,0,0.0060817809,3.5481664623,3.992589018432393,Test
YAHPED_clean,6.77398,3.93575,6.76774,1.0241,1743.19,1702.16,0.0,0.0,0.5738,0.560295,0.0,0,0.0054988845,4.5624439305,4.515185380491081,Train
YAJXIT_clean,5.12079,3.85633,4.1425,1.60147,940.147,587.051,0.0,0.0,0.5148,0.321454,0.0,1,0.0032067085999999,2.0278217468,2.0801204471854318,Train
YAJXUF_clean,4.78048,4.01708,4.28221,1.6121,814.456,505.215,0.0,0.0,0.519,0.32194,0.0,1,0.0037356201,1.8764792353,2.1571427718783345,Test
YANBAR01_clean,4.64582,3.70971,4.64582,1.82012,796.602,437.666,0.0,0.0,0.4462,0.245149,0.0,0,0.0020340537,1.3873831483,1.4568371762052363,Test
YANBAR02_clean,4.9953,3.83765,4.98464,1.73124,921.603,532.338,0.0,0.0,0.4702,0.271598,0.0,0,0.0019314964,1.3939747877000002,1.4316652668122718,Test
YANBAR03_clean,4.71059,3.74,4.66327,1.80873,823.157,455.102,0.0,0.0,0.451,0.249346,0.0,0,0.0021459345,1.4021949132,1.4647331553275935,Test
YANBAR_clean,4.9541,3.79831,4.9225,1.76383,896.703,508.383,0.0,0.0,0.4572,0.259208,0.0,0,0.0021770124,1.4319598478,1.4821327383704486,Train
YAPLIM_clean,8.749,6.77808,8.749,0.964207,1741.38,1806.02,6.02633,6.25004,0.65,0.674129,0.0,1,0.0033206471999999,3.3918734751,3.471634592453847,Train
YAPLOS_clean,9.23645,7.54223,9.20879,0.838059,1650.76,1969.74,3.89826,4.65153,0.6584,0.785625,0.0,1,0.0019657202,2.4943239912,2.4657928325156773,Train
YAPLUY_clean,7.79113,6.77532,7.7776,0.987389,1670.12,1691.45,5.68352,5.75611,0.6296,0.637641,0.0,1,0.0025935319,2.7955917365,2.881623125757635,Train
YAPMAF_clean,8.17522,6.25474,8.17454,1.00629,1672.2,1661.75,6.89892,6.8558,0.6166,0.612746,0.0,1,0.0030692669,3.1224760646,3.2313255235363623,Train
YAPXIX_clean,5.17779,4.8964,5.17779,1.52841,213.864,139.925,323.996,211.982,0.4448,0.291021,0.0,1,0.0099664601,1.4165701624,1.4219572078921632,Train
YAQCEY_clean,6.56305,4.53526,6.55951,1.09172,1547.89,1417.84,0.0,0.0,0.554,0.507454,0.0,1,0.0031936367,2.9484167094,2.912541467171521,Train
YAQKEI_clean,4.87973,4.18958,4.87973,1.91746,825.152,430.337,0.0,0.0,0.4374,0.228115,0.0,1,0.0035717399,1.6447349237,1.684724333606678,Train
YARBAW_clean,4.44594,3.74599,4.44594,1.19018,680.577,571.825,0.0,0.0,0.4774,0.401114,0.0,1,0.0019019589,1.4676005166,1.679348103343751,Test
YARBUQ_clean,4.67624,4.03616,4.54961,1.19852,280.172,233.766,258.386,215.589,0.447,0.372961,0.0,1,0.0126769096,2.4233477679,2.580208285920218,Test
YARDEC_clean,4.66636,3.48033,4.66636,1.03943,1194.85,1149.52,0.0,0.0,0.547,0.52625,0.0,0,0.0073272505,4.2828550917,4.315839609501884,Test
YARDIG_clean,4.62568,3.53484,4.62568,1.03032,1206.44,1170.94,0.0,0.0,0.5394,0.523527,0.0,0,0.0069223155,4.1792882438,4.208739440231287,Train
YARGAB_clean,10.70302,9.67182,10.70302,0.961173,1387.15,1443.19,0.0,0.0,0.6238,0.648999,0.0,1,0.0029707875,3.5746015793,3.3675803830926396,Train
YARKEJ_clean,5.07878,4.0341,5.03574,1.22095,872.445,714.565,0.0,0.0,0.486,0.398052,0.0,0,0.0068582902,3.2272101126,2.893539849891056,Train
YARKOT_clean,5.25265,3.98181,5.2356,0.962764,1924.08,1998.5,0.0,0.0,0.6296,0.653951,0.0,1,0.0070922732999999,5.4065882922,5.419406054044018,Train
YARSAN_clean,5.04398,3.94642,5.02513,1.29452,830.585,641.616,0.0,0.0,0.4644,0.358743,0.0,1,0.010235239,2.753582549,2.925601625351451,Train
YARYEV_clean,5.64641,4.02417,5.64641,1.12294,2187.12,1947.67,0.0,0.0,0.6948,0.618733,0.0,0,0.0008760582,1.1356512469,1.2090607914282459,Train
YARYIZ_clean,5.51251,4.14788,5.51251,1.11604,2131.77,1910.12,0.0,0.0,0.6948,0.622558,0.0,0,0.0008667308,1.1150577806,1.1724859416350875,Train
YARYOF_clean,4.91899,3.58217,4.91899,1.2259,1844.97,1504.99,0.0,0.0,0.6484,0.528917,0.0,0,0.0009580067,1.2083196294,1.248212891859444,Train
YARYUL_clean,6.79463,6.1943,6.7496,1.01911,2644.72,2595.13,0.0,0.0,0.7536,0.73947,0.0,1,0.0009097758,1.3703526966,1.2813173161044387,Test
YARZEZ02_clean,7.33631,5.31685,7.33003,0.762014,2989.95,3923.75,0.0,0.0,0.7604,0.997882,0.0,0,0.0015821188,2.2214777857,2.208056812210006,Test
YARZEZ03_clean,7.77175,4.5942,7.75648,0.810672,2535.58,3127.75,0.0,0.0,0.7232,0.8921,0.0,0,0.0017635821,2.316846217,2.388630008142888,Train
YARZEZ_clean,5.63038,4.40455,5.63038,0.959184,2069.23,2157.28,0.0,0.0,0.682,0.711021,0.0,0,0.0018270364,2.2532434914,2.2656158948775653,Test
YASLOW_clean,11.27088,6.03691,11.27088,0.827082,2236.87,2704.53,0.0,0.0,0.7068,0.85457,0.0,0,0.0026931421,3.2196137387,3.350314206660343,Test
YASLUA_clean,4.94209,4.00194,4.9385,1.70772,1160.33,679.462,0.0,0.0,0.57,0.333779,0.0,1,0.0022627238,1.9170378506,1.8463200388034091,Test
YATDUV_clean,9.16363,5.74685,9.12289,0.890102,2297.06,2580.67,0.0,0.0,0.7262,0.815861,0.0,1,0.0029021135999999,3.7639332793,3.6066359946957665,Train
YATTUK_clean,5.98818,5.09996,5.98666,1.2421,2236.34,1800.46,0.0,0.0,0.6648,0.535224,0.0,1,0.003274516,3.2851610214,3.305016169955565,Test
YAVSOG_clean,5.27147,3.77137,4.73746,1.58778,810.938,510.737,0.0,0.0,0.471,0.296641,0.0,0,0.0031608752,1.7944372849,1.7751217508247517,Train
YAVTUN_clean,9.91839,8.86286,9.91839,0.965245,1733.93,1796.36,0.0,0.0,0.6864,0.711115,0.0,1,0.0022662844,2.7411750224,2.880081263807894,Test
YAVVAV_clean,9.88958,8.7039,9.88958,1.06981,1632.82,1526.27,0.0,0.0,0.6406,0.598799,0.0,1,0.0026767341999999,2.8409770716,3.0387162537689236,Test
YAVVEZ_clean,9.82749,8.59259,9.81107,1.05385,1634.41,1550.89,0.0,0.0,0.6474,0.614319,0.0,1,0.0023143664,2.6642510281,2.774055971841893,Test
YAVVID_clean,4.84619,4.06844,4.72468,1.45348,1121.07,771.298,0.0,0.0,0.5442,0.374412,0.0,1,0.0037935653999999,2.604265957,2.588942415982484,Test
YAVVOJ_clean,4.78155,4.02282,4.65286,1.48818,1095.49,736.125,0.0,0.0,0.5464,0.36716,0.0,1,0.0039647313,2.6227285973,2.6936413148415284,Train
YAVVUP_clean,4.79083,4.0345,4.51089,1.48936,1096.45,736.189,0.0,0.0,0.5422,0.364049,0.0,1,0.0038198264,2.5807863989,2.540743062731651,Test
YAVWAW_clean,4.87227,4.07548,4.69675,1.46373,1145.93,782.881,0.0,0.0,0.5582,0.381355,0.0,1,0.003749325,2.5589256761000003,2.574532890824236,Test
YAVWUQ_clean,15.48597,6.62234,15.4779,0.747785,2189.36,2927.8,0.0,0.0,0.7402,0.989857,0.0,1,0.0044839201,4.622436170299999,4.887548709484132,Test
YAVZAX_clean,5.41112,4.55984,5.40803,1.50963,1275.98,845.227,0.0,0.0,0.5678,0.376117,0.0,0,0.0034736960999999,2.2618370437,2.370592922178738,Test
YAVZUT_clean,9.86186,4.91496,9.72199,0.854434,1940.85,2271.51,0.0,0.0,0.6662,0.779698,0.0,1,0.0042958072,4.0969205443,4.126504261943341,Test
YAWBAC_clean,10.4496,5.49019,10.26922,0.855998,1928.74,2253.21,0.0,0.0,0.6638,0.775469,0.0,1,0.0057749418999999,4.2067478266,4.574551273237446,Test
YAWFOS_clean,6.58573,4.52277,6.51086,1.38834,1531.01,1102.76,0.0,0.0,0.6034,0.434618,0.0,1,0.0008375005,1.0124405099,1.0938448440807096,Train
YAWKOX_clean,7.42586,6.54227,7.42586,1.26071,1716.68,1361.67,0.0,0.0,0.6098,0.483696,0.0,1,0.0021651273,2.3698860348,2.490533316590513,Test
YAXBOP_SL,5.80792,5.38349,5.80792,1.12998,1474.82,1305.18,0.0,0.0,0.591,0.52302,0.0,0,0.0046806648,3.4878759983,3.512015988425288,Train
YAYLER_clean,4.97966,4.34921,4.97473,3.91304,903.181,230.813,0.0,0.0,0.4372,0.111729,0.0,1,0.0008015586,0.6311427793,0.5834263637540382,Train
YAYPOF_clean,6.50595,4.6947,6.4958,2.40269,1158.01,481.966,0.0,0.0,0.5536,0.230409,0.0,1,0.0014985447,1.2323457253,1.1962945044574513,Train
YAYRAT_clean,6.10819,5.25433,6.10592,0.863424,2602.75,3014.46,0.0,0.0,0.6904,0.799607,0.0,0,0.0069097322,6.254877692000001,6.256127641903299,Train
YAZWOM_clean,4.58853,4.19832,4.58853,1.42471,389.253,273.216,49.369,34.652,0.47,0.329892,0.0,1,0.0010741108,1.0034350353,1.0136317222536695,Train
YEBLAT_clean,6.81519,6.14414,6.81519,1.60609,1346.83,838.578,0.0,0.0,0.5478,0.341077,0.0,0,0.0013864905,1.5147595952,1.5318123365763474,Train
YEDKOI_clean,5.69122,4.8418,5.69122,1.08403,1663.7,1534.74,7.50334,6.92174,0.592,0.546112,0.0,1,0.0030748815,2.8045517131,2.946535122587974,Test
YEDKUO_clean,6.88443,4.8384,6.1725,0.827487,2774.06,3352.39,0.0,0.0,0.6498,0.785269,0.0,1,0.0037295845,4.6922778474,4.412329436704555,Test
YEDLAV_clean,5.4499,3.81156,5.4499,1.25884,985.671,783.002,173.283,137.653,0.514,0.408314,0.0,1,0.008858975,4.1051904949,3.780432949988154,Train
YEFNEC_clean,7.0118,5.67657,7.0118,1.03009,2663.85,2586.03,0.0,0.0,0.7454,0.723623,0.0,0,0.0013258057,1.7203720833,1.763732059373796,Test
YEFNOM_clean,6.99053,5.65806,6.99053,1.03643,2661.11,2567.58,0.0,0.0,0.7442,0.718045,0.0,0,0.0011829822,1.7221032767,1.66102371084635,Test
YEFPEE_clean,6.60032,5.32777,6.60032,1.16153,2587.98,2228.08,0.0,0.0,0.7204,0.620219,0.0,0,0.0015667301,1.9463736221,1.9522218298889675,Test
YEGCUJ_clean,7.31661,4.83808,7.31661,1.36986,1339.97,978.182,0.0,0.0,0.5642,0.411867,0.0,1,0.0036763992,2.0642744857,2.733365781515133,Test
YEGHIC_clean,7.13593,3.78757,7.13593,1.08644,2189.73,2015.5,27.1266,24.9682,0.6726,0.619084,0.0,0,0.0005684889,0.7566107437999999,0.823704241733624,Train
YEGKOM_clean,5.20851,4.05507,5.20188,1.12752,1913.28,1696.88,0.0,0.0,0.6196,0.549523,0.0,0,0.0045086082,4.3576547529,4.009106784099056,Train
YEHGID_clean,6.88886,4.03008,6.66292,1.04955,1124.4,1071.32,29.6858,28.2844,0.5406,0.51508,0.0,0,0.0057045093999999,3.4251676857,3.422837317534937,Train
YEKQOW_clean,13.71017,3.97085,13.71017,1.23134,1607.97,1305.87,0.0,0.0,0.6056,0.491823,0.0,1,0.0055648641,3.5073830935,3.715342593484179,Test
YEKXET_clean,6.4533,5.02363,5.80415,0.985188,2310.11,2344.84,0.0,0.0,0.6394,0.649013,0.0,1,0.0043044794,4.2050648124,4.253351818402507,Test
YEKXOD_clean,7.62702,5.92083,7.58526,0.977291,1976.53,2022.46,0.0,0.0,0.6138,0.628063,0.0,1,0.0034629948,3.5139643458,3.571870179893015,Train
YEKXUJ_clean,7.55002,6.86281,7.5454,0.941882,1957.97,2078.79,0.0,0.0,0.639,0.678429,0.0,1,0.003207771,3.549436501,3.577744278479144,Train
YELYOE_clean,5.04252,3.59258,5.00865,2.17111,739.471,340.597,0.0,0.0,0.4584,0.211137,0.0,1,0.0080856013,2.2399404064,2.234910704592693,Train
YEMFOM_clean,4.97553,4.09686,4.67636,1.71885,1447.62,842.207,0.0,0.0,0.5806,0.337785,0.0,1,0.0063249803,3.3094836663,3.2326041494091844,Train
YEMJAC_clean,6.87778,6.50668,6.87778,1.59244,1555.51,976.807,0.0,0.0,0.5806,0.364597,0.0,0,0.0035641311,2.9176631382,2.9197882659201784,Train
YEMMAF_clean,9.71746,9.09929,9.71746,1.3312,1383.23,1039.09,0.0,0.0,0.5818,0.43705,0.0,1,0.0009389772,1.3228331463,1.2982630009633465,Train
YENLUA_ion_b,21.49217,18.9061,21.49217,0.794834,1364.82,1717.11,0.605784,0.762152,0.7146,0.899055,0.0,1,0.0014777894,1.7782958313,1.7373402276435495,Train
YEQRER_clean,5.87384,4.7032,5.72081,1.15967,3090.85,2665.28,0.0,0.0,0.7338,0.632764,0.0,1,0.0007075709,1.0344744745,1.0938955151529715,Train
YEQRIV_clean,5.99633,4.79932,5.81502,0.74227,3172.25,4273.71,0.0,0.0,0.734,0.988859,0.0,1,0.0009709123,1.4328971602,1.379334970975832,Train
YEVQOG_clean,6.25531,4.55241,6.24369,1.60942,1024.12,636.328,2.59362,1.61152,0.5428,0.337264,0.0,1,0.0016129152,1.3141880535,1.3642744170299748,Train
YEVQUM_manual,7.24971,4.97645,7.24971,1.58621,997.869,629.089,110.417,69.6106,0.5532,0.348755,0.0,1,0.0016673235999999,1.3947892013999998,1.4709462855184765,Test
YEYCUC_SL,17.82348,5.70059,17.82348,0.555715,2326.25,4186.05,0.0,0.0,0.7742,1.39316,0.000719793,0,0.0038737363,4.2784388082,4.392959978983018,Train
YEYFEP_clean,6.98334,4.14157,6.98202,1.19557,2249.87,1881.83,0.0,0.0,0.6508,0.544341,0.0,1,0.0024214330999999,2.9111580596,2.79357619188764,Train
YEZFIU_clean,7.76134,3.87237,7.76134,1.15876,1542.78,1331.4,0.0,0.0,0.5858,0.505539,0.0,1,0.0023199785,2.4172111515,2.470935902433548,Test
YEZKEV_clean,5.97739,3.43415,5.31131,1.09565,745.656,680.561,250.74,228.851,0.5084,0.464017,0.0,1,0.0050368535,2.5284493642,2.932897306754323,Test
YIBMUT_clean,4.66852,3.42869,4.24306,1.43993,703.496,488.563,0.0,0.0,0.4898,0.340155,0.0,1,0.0071050624,2.6551856387,2.860313498530819,Test
YICDAR_clean,5.59824,4.74384,5.59824,0.895752,2281.69,2547.24,0.0,0.0,0.6272,0.700194,0.0,1,0.0044533815,4.4390601904,4.439732841395014,Train
YICREI_clean,5.84848,5.57464,5.83375,1.84239,1401.27,760.57,0.0,0.0,0.5592,0.303518,0.0,1,0.0055846224,2.7651398901,2.8348950616693926,Train
YIKJOT_clean,9.06042,4.04226,9.06042,1.25445,1709.74,1362.94,22.3665,17.8297,0.6492,0.517517,0.0,1,0.0017333853,2.1679462142,2.0636752074290285,Test
YIKJUZ_clean,8.98552,4.23883,8.98552,1.25419,1702.48,1357.43,21.0421,16.7774,0.6478,0.516507,0.0,1,0.0018209084,2.195799922,2.147615893510171,Test
YILJAG_clean,9.10869,5.99614,8.54669,0.787709,2364.52,3001.77,0.0,0.0,0.7242,0.919375,0.0,1,0.0036309001,3.9991419166,4.348791692351293,Train
YILJUA_clean,6.47025,4.23928,6.47025,1.06649,1898.08,1779.75,0.0,0.0,0.616,0.577597,0.0,0,0.0046635237,3.9959025638,4.005487321995249,Test
YILKAH_clean,5.89247,4.24175,5.78451,1.04927,1964.15,1871.92,0.0,0.0,0.628,0.598513,0.0,0,0.0045610455,4.0941623501,4.0626371184776,Train
YINCEF_clean,5.29805,4.38969,5.29805,1.14172,1383.89,1212.11,0.0,0.0,0.5194,0.454928,0.0,1,0.0048398463,3.3187602517,3.3329205034794147,Test
YINCIJ_clean,5.57662,4.55736,5.57662,1.15159,1292.51,1122.37,0.0,0.0,0.5342,0.463881,0.0,1,0.0048222549,3.2175368777,3.144444426037486,Train
YINCOP_clean,5.26078,4.28352,5.26078,1.18451,1235.25,1042.84,0.0,0.0,0.5154,0.435117,0.0,1,0.0050663362,3.1829235105,3.1457081772156474,Train
YINCUV_clean,4.80903,3.55203,4.73589,1.40486,557.682,396.966,0.0,0.0,0.407,0.289708,0.0,1,0.0041366479,2.1206714213,1.7003240705737122,Test
YINDOQ_clean,4.43071,3.40597,4.26593,1.3553,678.182,500.394,0.0,0.0,0.4342,0.320372,0.0,1,0.0085503186,2.4192137291,2.543913689807937,Train
YINPEQ_clean,9.47139,8.23796,9.47139,0.666821,2383.65,3574.65,0.0,0.0,0.7906,1.18563,0.0,0,0.0020484101,2.9361505125,2.9628650553920233,Train
YINXIE_clean,6.16574,4.96395,6.1491,1.27739,1014.53,794.22,0.0,0.0,0.5052,0.395493,0.0,1,0.0028028591999999,2.1116012572,2.0604964330941375,Train
YIRHOY_clean,4.32621,3.78826,4.32621,3.27612,950.357,290.086,0.0,0.0,0.4232,0.129177,0.0,1,0.0027368807,1.3913858514,1.4357134124310011,Train
YISFEL_clean,5.46375,4.23769,5.46375,1.76848,680.689,384.9,0.0,0.0,0.5068,0.286574,0.0,1,0.0007789144,0.8152482629000001,0.7420380914327174,Train
YIVNIC_clean,4.61348,3.86544,4.61348,1.60999,548.992,340.991,0.0,0.0,0.3982,0.24733,0.0,1,0.0019798351,1.1753271829,1.2272766083956177,Test
YIVZIO_clean,7.47444,4.87179,7.47444,1.1331,1630.87,1439.3,0.0,0.0,0.577,0.509222,0.0,1,0.0023202179999999,2.5441367191,2.486883306359502,Train
YIVZOU_clean,7.22451,3.90462,7.20186,1.01646,1810.83,1781.5,0.0,0.0,0.6044,0.594611,0.0,1,0.0039783337,3.9040121236,3.8634981880703214,Test
YIWBEN_clean,5.41707,3.94622,5.41707,1.08258,1617.69,1494.29,0.0,0.0,0.5648,0.521716,0.0,0,0.0064183357,4.3547925941,4.24762405150545,Train
YIWLEV_clean,6.84017,5.52979,6.84017,1.2226,2050.0,1676.76,0.0,0.0,0.7014,0.573697,0.0,0,0.0010912759,1.344337146,1.4376499755694292,Train
YIWLIZ_clean,6.76345,5.40521,6.76332,1.26054,2049.12,1625.6,0.0,0.0,0.6972,0.553098,0.0,0,0.0010731551,1.3779653566,1.3486538949829132,Test
YIWMEW_clean,5.71951,3.80264,5.71876,1.30733,2035.3,1556.84,0.0,0.0,0.6656,0.509129,0.0,1,0.0010523497,1.410733835,1.3272769772638804,Test
YIWMOG_clean,6.74773,5.04258,6.74039,1.26894,2076.98,1636.78,0.0,0.0,0.6788,0.534934,0.0,1,0.0011345645,1.4029861788,1.4341708778435505,Train
YIWMUM_clean,6.07798,4.22779,6.07163,1.30832,2060.98,1575.28,0.0,0.0,0.6732,0.514552,0.0,0,0.0011667792999999,1.4086147061,1.466364456183706,Train
YIWNAT_clean,6.30784,4.54282,6.29619,1.29078,2076.15,1608.45,0.0,0.0,0.675,0.52294,0.0,0,0.0011406048,1.4245237772,1.3915154785696706,Test
YIWNIB_clean,6.81948,5.37501,6.81948,1.22536,2128.85,1737.32,0.0,0.0,0.696,0.567996,0.0,0,0.0010600678,1.3737935416999998,1.4002820556162034,Test
YIWPAV_clean,6.84936,5.28466,6.84936,1.24173,2101.82,1692.65,0.0,0.0,0.6932,0.558254,0.0,0,0.0010132557,1.3810071372,1.3119903255322716,Train
YIWPEZ_SL_part,7.01269,5.15498,7.0057,1.25891,2052.76,1630.59,0.0,0.0,0.6916,0.549364,0.0,0,0.0010695322,1.3865259087,1.333429917934743,Test
YIWPID_clean,5.93872,4.77854,5.93164,1.27431,2083.27,1634.82,0.0,0.0,0.6888,0.540527,0.0,1,0.0011134236,1.4165939061,1.4172091497184534,Test
YIXFIW_clean,4.72359,3.58415,4.71426,1.46617,963.816,657.369,0.0,0.0,0.4922,0.335704,0.0,0,0.0051531437,2.8571453586,2.677734434773416,Train
YIXYUB_clean,7.99703,7.36677,7.98615,1.64643,944.835,573.867,0.0,0.0,0.4756,0.288867,0.0,0,0.0021775866,2.0027715829,1.8723430554077578,Test
YIXZEM_clean,8.10881,7.62421,8.10881,1.55257,958.181,617.157,0.0,0.0,0.488,0.314317,0.0,0,0.0017269157,1.8171050173,1.8070418973748963,Train
YIYHAQ_clean,5.13693,3.97105,5.11342,0.982113,1295.69,1319.28,0.0,0.0,0.5422,0.552075,0.0,1,0.0040584522999999,3.5398956543,3.2788945954841195,Test
YIZGEV_clean,8.18498,3.62665,8.04776,1.4535,879.019,604.759,443.479,305.11,0.5378,0.370003,0.0,0,0.0311068989,6.5255261699,6.4408531088172625,Train
YIZGIZ_clean,8.32701,3.59268,8.32701,1.46991,1382.6,940.602,0.383122,0.260644,0.553,0.376215,0.0,0,0.0292889666,6.5436568125,6.578170166533015,Train
YIZGOF_clean,8.30449,3.57994,8.30449,1.47966,1364.44,922.132,0.0,0.0,0.552,0.373059,0.0,0,0.0306242952,6.569623117100001,6.641163170201285,Train
YIZWIN_clean,4.63572,3.59591,4.50441,1.58532,638.298,402.631,0.0,0.0,0.4932,0.311105,0.0,1,0.0007247012,0.7627418512,0.7819850689079457,Train
YOBYAR_clean,9.69314,7.13433,9.69314,0.65232,2302.34,3529.46,0.0,0.0,0.7484,1.14729,0.0,1,0.0030498278,4.1947064514,4.043681901474258,Train
YOBYEV_clean,9.64125,7.09583,9.64125,0.653616,2314.51,3541.09,0.0,0.0,0.7532,1.15236,0.0,1,0.0030716323,4.191519584,4.168540123422474,Test
YOCCIE_clean,6.8059,5.18062,6.8059,1.41637,1048.63,740.368,38.6647,27.2985,0.5234,0.369537,0.0,1,0.0113407237999999,3.3167511749000003,3.3501630184936713,Train
YOCDUR_clean,9.69113,7.20147,9.69113,0.660405,2307.63,3494.27,0.0,0.0,0.7614,1.15293,0.0,1,0.0032077762,4.254762700400001,4.2347870254437705,Train
YOCLEJ_clean,13.16813,6.65727,13.16813,0.881908,2114.87,2398.07,0.0,0.0,0.7196,0.815958,0.0,1,0.0049442289,3.9251494767,4.010662854844511,Train
YOCLIN_clean,13.22354,6.67449,13.22354,0.8764,2113.41,2411.46,0.0,0.0,0.7206,0.822227,0.0,1,0.0049493953,3.9271437007,4.014673876609952,Test
YOCNAH_clean,6.22868,3.97762,6.13994,1.44635,836.354,578.253,0.0,0.0,0.4804,0.332147,0.0,1,0.0090044172,2.4598615729,2.6253069063619097,Train
YOCSEQ_clean,5.29821,4.82783,5.29821,2.09158,1030.37,492.631,0.0,0.0,0.4588,0.219356,0.0,1,0.0031158986,1.5472838525,1.7113296023509175,Test
YODRAM_clean,7.27536,4.86667,7.27536,0.966335,1538.49,1592.09,200.889,207.888,0.6076,0.628767,0.0,1,0.0059475763,4.1821137432,4.17402411622346,Train
YODWOF_clean,21.60336,14.63737,21.60336,0.354351,1695.85,4785.8,0.0,0.0,0.8718,2.46027,0.0,1,0.003793695,4.6685113885,5.284620791746018,Test
YODWUL_clean,23.49364,11.53361,23.48524,0.424505,1906.84,4491.91,0.0,0.0,0.849,1.99997,0.0,1,0.0032112247999999,4.300707532300001,4.35098428354843,Train
YOFGOR_clean,5.41632,4.78135,5.41632,1.32576,1175.0,886.282,0.0,0.0,0.499,0.376388,0.0,1,0.0077319891,3.1848704652,3.1954628792197397,Train
YOFXEY_clean,5.28351,3.76449,3.92047,1.16809,406.535,348.035,406.008,347.584,0.5144,0.440378,0.0,0,0.004163023,2.4266304714,2.6174075614037013,Test
YOFXIC_clean,4.88114,3.85589,4.00843,1.17746,202.132,171.668,464.324,394.346,0.5094,0.432628,0.0,0,0.0038115276,2.3767748848,2.464452350134979,Test
YOGKOW_clean,10.82894,9.41793,10.82894,0.926286,1458.82,1574.92,0.0,0.0,0.651,0.702807,0.0,1,0.0032197425,3.3381667561,3.5167207942282532,Test
YOGVEX_clean,4.10269,3.52572,4.10269,1.25337,612.446,488.638,0.0,0.0,0.5006,0.399402,0.0,0,0.0038376642,2.9768466942000003,2.8300005932052943,Train
YOKKIU_clean,4.47915,3.70978,4.27429,1.38219,507.522,367.187,328.529,237.688,0.4744,0.343224,0.0,1,0.0059790089,3.0914208738,2.7046376606373554,Test
YOLGUB_clean,7.59854,5.9029,7.59287,0.74526,2992.97,4016.0,0.0,0.0,0.791,1.06137,0.0,1,0.0010785739,1.5632312988,1.6033028494933035,Train
YOMZIL_clean,6.06999,4.11356,6.06999,1.23293,641.787,520.537,0.0,0.0,0.4508,0.365632,0.0,1,0.0013897053,1.0713592911,1.0876225559479686,Train
YONNAR_clean,11.86103,5.70578,11.72639,0.691421,2206.3,3190.97,0.0,0.0,0.7668,1.10902,0.0,1,0.0033720672,4.3589788668,4.308171034572199,Train
YONNUL_clean,7.44579,3.94305,6.4772,1.00681,1672.8,1661.47,0.0,0.0,0.5814,0.577465,0.0,0,0.0075486157,4.6273848111,5.214712481968373,Test
YOPPAW_clean,4.43567,3.44353,4.43166,1.44767,531.139,366.891,0.0,0.0,0.4788,0.330738,0.0,1,0.0011771675,1.0467166931999998,1.0970615756083026,Test
YOQLAT_clean,5.09073,4.28382,5.09073,2.03523,909.798,447.024,0.0,0.0,0.4642,0.228082,0.0,1,0.0022615585,1.3640158133000002,1.3972731123545765,Train
YORGOD_clean,8.38023,4.12707,8.38023,0.867162,1938.3,2235.22,0.0,0.0,0.6224,0.717744,0.0,0,0.0047217168,4.3291884978,4.440627769602874,Train
YORLEY_clean,14.11404,9.82464,14.11404,1.50654,1067.45,708.545,0.0,0.0,0.6006,0.398661,0.0,1,0.0013102607,1.0714981044,1.3091555202106473,Test
YORNIE_clean,6.06957,5.53792,6.06957,0.892995,1622.17,1816.55,0.0,0.0,0.629,0.704371,0.0,1,0.0027321096,3.1684566174,3.0901747929690404,Train
YOTXOW_clean,6.29142,5.79696,6.29077,1.36514,595.047,435.886,0.0,0.0,0.467,0.342088,0.0,1,0.0027027233,1.6210303113999998,1.554166354263116,Test
YOYBUL_clean,7.16525,4.74264,7.03966,0.861413,1929.99,2240.49,0.0,0.0,0.6146,0.713479,0.0,0,0.0067959341,5.4355432574,4.9933303793652986,Test
YOYNUX_clean,6.53052,5.58315,6.53052,1.14575,936.289,817.183,0.0,0.0,0.503,0.439013,0.0,0,0.0066988004,2.7251272069,2.8450252295898952,Test
YOYPAF_clean,6.55588,5.45199,6.55588,1.14259,922.719,807.568,0.0,0.0,0.4978,0.435677,0.0,0,0.0072331474,2.7627508973,2.7473959438733737,Test
YOYPEJ_clean,6.69444,5.84937,6.69444,1.13629,975.718,858.686,0.0,0.0,0.5104,0.44918,0.0,0,0.0070225934,2.7508059418,2.839248488391171,Train
YOYPIN_clean,6.69706,5.82012,6.69706,1.12302,945.662,842.074,0.0,0.0,0.503,0.447901,0.0,0,0.0062901695,2.6873084410000003,2.8059090751278863,Test
YOYPOT_clean,6.7589,5.79486,6.7589,1.1199,967.709,864.099,0.0,0.0,0.5112,0.456468,0.0,0,0.0069719804,2.7485538042,2.7986741801619925,Train
YOYPUZ_clean,6.823,5.88003,6.823,1.1136,990.517,889.476,0.0,0.0,0.5056,0.454025,0.0,0,0.0067119902,2.7358213621,2.9485511752665055,Test
YOYQAG_clean,6.86662,5.74381,6.86662,1.1179,982.695,879.053,0.0,0.0,0.5126,0.458537,0.0,0,0.0068853169999999,2.7377686352,2.863667582131247,Test
YOYQEK_clean,6.62212,5.08469,6.62212,1.12644,928.228,824.034,0.0,0.0,0.5154,0.457546,0.0,0,0.0074530505,2.7824356478,2.7157465964445104,Train
YOYQIO_clean,6.67565,4.79784,6.64558,1.08038,1016.53,940.902,0.0,0.0,0.5102,0.47224,0.0,0,0.0071050712,2.7446756624,3.1825103788235616,Test
YOYQOU_clean,6.44081,4.04722,6.44081,1.09379,982.779,898.504,0.0,0.0,0.5092,0.465535,0.0,0,0.0075391216,2.8333341302,2.959156778392299,Train
YOYQUA_clean,6.73531,5.14118,6.73531,1.08477,941.654,868.069,0.0,0.0,0.5218,0.481024,0.0,0,0.0071478085,2.8196448482,2.8664024666270125,Test
YOYRAH_clean,7.09133,6.25516,7.09133,1.0672,1026.65,962.001,0.0,0.0,0.525,0.491941,0.0,0,0.0056092668,2.6875733267000004,2.915667443656701,Train
YOYREL_clean,7.29129,6.3252,7.29129,1.04682,1086.92,1038.31,0.0,0.0,0.5424,0.518142,0.0,0,0.0060366395,2.6840768838,2.9701663626955,Train
YOYRIP_clean,6.79198,5.2818,6.79198,1.07942,946.208,876.593,0.0,0.0,0.5242,0.485633,0.0,0,0.0068913849,2.7845388515,3.008544289124639,Test
YOYTOX_clean,5.00131,3.86562,5.00092,1.39238,1497.55,1075.53,0.0,0.0,0.5584,0.401039,0.0,1,0.0032382885,2.5547789205,2.641418375636828,Train
YOYTUD_clean,4.80402,3.83038,4.80248,1.49755,1398.05,933.559,0.0,0.0,0.5346,0.356983,0.0,1,0.0037901614,2.6412612062000003,2.780640128508959,Test
YOYVAL_clean,5.10696,4.09246,5.10696,1.36597,1540.95,1128.11,0.0,0.0,0.565,0.413627,0.0,1,0.0034959878,2.6134851906,2.771935543965342,Train
YOYVEP01_clean,4.85942,3.67908,4.85942,1.85926,1388.03,746.548,0.0,0.0,0.5542,0.298075,0.0,1,0.0023437710999999,1.8611243666,2.018196301562667,Test
YOYVOZ01_clean,4.93942,3.90462,4.93942,1.84087,1437.78,781.033,0.0,0.0,0.5596,0.303986,0.0,1,0.002820666,2.0035245608000003,2.220653698787145,Train
YOYVOZ_clean,4.67642,3.71608,4.67441,1.95188,1324.79,678.726,0.0,0.0,0.5406,0.276964,0.0,1,0.002627478,1.9294794973,2.002870450191602,Train
YOYWEQ01_clean,4.53154,3.47646,4.53046,2.03962,960.704,471.022,1.31722,0.645816,0.5242,0.257009,0.0,1,0.002238672,1.7786895988999998,1.7634782003667737,Test
YOYWEQ_clean,4.77875,3.62914,4.77812,1.88548,1186.63,629.349,4.49602,2.38455,0.5478,0.290536,0.0,1,0.0021511906,1.7696437846000002,1.8282597751904581,Train
YOYZET_clean,6.17589,4.55995,6.17589,1.24493,1035.54,831.808,0.0,0.0,0.5128,0.411912,0.0,0,0.0017795831,1.5569203947,1.5949968949312334,Train
YOZBOF_SL,7.83476,4.57838,7.67886,1.07865,1348.62,1250.29,0.0,0.0,0.5716,0.529923,0.0,0,0.0034957849,2.7798974399,3.030670914381229,Test
YOZCAS_manual,8.46123,4.31249,7.59373,1.29132,1274.82,987.221,0.0,0.0,0.5562,0.430722,0.0,0,0.0026006834,2.2670428999000003,2.2142169444322537,Test
YOZJEE01_clean,4.99022,3.91645,4.98963,1.38859,1498.87,1079.42,0.0,0.0,0.5588,0.402423,0.0,1,0.0034579276,2.5608201841,2.7663492041857225,Test
YOZJEE_clean,4.63204,3.60208,4.62987,1.53122,1162.82,759.411,4.86491,3.17715,0.5256,0.343256,0.0,1,0.0032700053999999,2.4114362843,2.5069931950756232,Train
YOZKOP_clean,5.21744,4.85597,5.21744,1.23316,795.516,645.106,0.0,0.0,0.5018,0.406924,0.0,1,0.0028949677,1.7035766781,1.8599601707614084,Test
YOZNAE_clean,13.27907,6.70029,13.26706,0.882932,2074.79,2349.88,0.0,0.0,0.7122,0.80663,0.0,1,0.0049171054,3.9556911981,3.957192911539967,Train
YOZQEK_clean,13.97996,12.00951,13.48133,0.61183,1737.5,2839.84,0.0,0.0,0.7918,1.29415,0.0,1,0.00227141,3.0284529728,3.1041073658302047,Test
YOZYOD_clean,6.08705,4.94831,6.08705,1.19906,1535.33,1280.44,0.0,0.0,0.57,0.475373,0.0,1,0.0047352304,3.5418256098,3.4925196151224114,Train
YOZYUJ_clean,8.32775,7.35004,8.32775,1.04928,1799.21,1714.71,0.0,0.0,0.648,0.617564,0.0,1,0.0042408419,4.486399593,4.294733949215101,Train
YUBFOR_clean,8.69265,4.94745,8.69265,1.19814,1446.3,1207.12,0.0,0.0,0.612,0.510792,0.0,1,0.0022051392999999,2.1102113365,2.3200272523542713,Test
YUBGIN_clean,5.8422,3.48658,5.82075,1.92767,1406.23,729.498,0.0,0.0,0.58,0.300882,0.0,1,0.0023156491,1.7990718382,1.9865170463558162,Test
YUBQET_clean,5.81942,4.13008,5.81921,1.08758,1193.63,1097.51,0.0,0.0,0.5256,0.483275,0.0,0,0.0070469454,3.6976271412,3.664376398514218,Test
YUCZOM_clean,4.78325,3.91982,4.78325,1.01421,1563.82,1541.91,0.0,0.0,0.5504,0.54269,0.0,1,0.0033716282,3.5373567367,3.314409508638864,Test
YUDFEK_clean,6.78829,4.53676,6.76727,1.15506,1800.97,1559.2,0.0,0.0,0.6172,0.534345,0.0,1,0.0037272542,3.4032171919,3.368949974796221,Train
YUDFIO_clean,7.42167,6.24399,7.42167,1.08555,1886.91,1738.2,0.0,0.0,0.6204,0.571506,0.0,1,0.002003829,2.3980605256,2.429771926098005,Train
YUDFOU_clean,7.64047,6.34458,7.63187,1.05425,1899.74,1801.98,0.0,0.0,0.6516,0.618068,0.0,1,0.0018937176,2.3368504938,2.397085654176777,Test
YUFLIW_clean,6.09359,4.9062,6.08114,0.831336,2354.2,2831.83,0.0,0.0,0.6718,0.808097,0.0,1,0.0053532602,5.2134398607,5.269852232818854,Train
YUFLOC_clean,6.07463,4.45798,5.9729,0.984585,2401.71,2439.31,0.0,0.0,0.6528,0.663021,0.0,1,0.0033504207,3.7172547561,3.749959822734596,Test
YUGLES_clean,10.89993,6.77637,10.89993,0.718001,2324.4,3237.32,0.0,0.0,0.7434,1.03537,0.0,1,0.003548397,4.2990423060000005,4.328371086742733,Train
YUGZIK_clean,11.91055,8.94015,11.87908,0.448758,2210.67,4926.21,0.0,0.0,0.8084,1.80142,0.0,1,0.0035538509,4.774703333500001,4.7551990103145165,Train
YUHHIU_clean,6.82796,5.69487,6.82796,0.81756,1884.13,2304.57,0.0,0.0,0.672,0.821958,0.0,1,0.0035590733,4.1047912312,3.96518405223666,Train
YUJCOX_clean,5.98412,4.49111,5.97667,1.61045,1537.35,954.605,0.0,0.0,0.5426,0.336924,0.0,1,0.0055151589,3.1059945766,3.041193323921155,Train
YUJNOH_clean,5.27714,3.46452,5.27652,1.77541,392.456,221.051,0.0,0.0,0.4746,0.267319,0.0,1,0.002239877,1.3489946366,1.2653943423309555,Train
YUKCAJ_clean,4.62174,3.64026,4.62174,1.16054,790.171,680.867,0.0,0.0,0.4744,0.408776,0.0,0,0.0038652292,2.3877747609,2.403493022142841,Test
YUKKAR_clean,5.85992,4.34741,5.85992,1.1473,1614.58,1407.28,0.0,0.0,0.5232,0.456026,0.0,0,0.0047080764,3.6537058211,3.5767008786231735,Train
YULNOK_clean,4.29835,3.4152,4.29262,1.35163,393.739,291.306,2.25484,1.66823,0.4592,0.339737,0.0,1,0.0022339679,1.5045265187,1.5314799580581966,Train
YUMFUJ_clean,5.62483,3.84836,5.59785,1.06417,2334.41,2193.65,0.0,0.0,0.607,0.5704,0.0,1,0.0047928376,4.2384194882,4.29326091460881,Test
YUMJAS_clean,6.24531,4.99676,6.24531,2.01823,1798.6,891.176,0.0,0.0,0.5646,0.27975,0.0,1,0.0010334852,1.2548301447,1.1439760405260766,Test
YUMKAU_clean,9.79433,6.58571,9.76919,1.05716,1773.48,1677.58,0.0,0.0,0.674,0.637556,0.0,1,0.0024999491,2.8919622745,2.7522029801880437,Test
YUMYUC_clean,6.81125,6.65142,6.81125,1.26369,1689.58,1337.02,0.0,0.0,0.6178,0.488886,0.0,1,0.0015316518,1.9056879915,1.9010197511066562,Train
YUNJUO_clean,4.39479,3.63152,4.30622,1.20023,327.056,272.493,228.818,190.645,0.4452,0.370927,0.0,0,0.0081550477,2.7893499015,2.5496776504941647,Test
YUNKAV_clean,4.51501,3.79299,4.16091,1.19194,612.464,513.84,0.0,0.0,0.4502,0.377705,0.0,0,0.0079664782,2.7850221157,2.9233807529458584,Test
YUNXAI_clean,9.13708,7.11095,9.13708,0.82221,2053.25,2497.23,0.0,0.0,0.684,0.831905,0.0,0,0.0043432309,4.3260009031,4.410003598932238,Test
YUPSIM_clean,5.52019,4.61021,5.51376,1.65801,687.926,414.911,0.0,0.0,0.4506,0.271772,0.0,0,0.0007603963,0.7659306881,0.7131979303786671,Test
YURJUR_clean,13.69253,8.47609,13.69253,0.683521,2000.04,2926.08,0.0,0.0,0.7552,1.10487,0.0,0,0.0024872396,3.3631760505,3.2824473208894336,Test
YURKAY_clean,8.234,7.52617,8.234,0.858047,2501.02,2914.78,0.0,0.0,0.7128,0.830724,0.0,1,0.0034316969,4.0691350229,4.224616534111096,Test
YURKEC_clean,7.90101,7.08763,7.8976,1.07399,1764.62,1643.06,0.0,0.0,0.6344,0.590696,0.0,1,0.0036312718,3.852411417,3.770559537891705,Test
YURKIG_clean,6.91612,5.83867,6.83043,1.00356,2150.65,2143.01,0.0,0.0,0.6578,0.655465,0.0,1,0.0039200768,3.8195718799,4.060505709971566,Test
YUSGID_clean,4.4966,3.71515,4.45873,1.44519,752.59,520.755,0.0,0.0,0.4252,0.294217,0.0,0,0.0025434331,1.981528731,1.8955200142212756,Train
YUSGOJ_SL,4.42187,3.56624,4.4192,1.435,723.425,504.128,0.0,0.0,0.4304,0.29993,0.0,1,0.0019079604,1.634370935,1.6056326217560963,Train
YUSWEP_manual,37.3405,13.00592,37.31547,0.403891,1712.88,4240.94,0.0,0.0,0.8324,2.06095,0.0,1,0.0036107206,4.8031519758,4.720818487592805,Train
YUSWEQ_clean,5.40391,4.45966,5.39413,1.61347,1720.16,1066.13,0.0,0.0,0.5494,0.340509,0.0,1,0.0037036466,2.8786751674,2.7672562753492795,Train
YUSWIU_clean,5.63795,4.77812,5.63069,1.59088,1761.52,1107.26,0.0,0.0,0.5624,0.353516,0.0,0,0.0037641831,2.9093344538,2.798369887877533,Train
YUTDUO_clean,7.90649,6.23902,7.90649,1.39467,1474.83,1057.48,0.0,0.0,0.5612,0.40239,0.0,1,0.0197183448,5.3374059391,5.405312567152308,Train
YUTGEZ_clean,5.82433,3.93601,5.82433,1.29826,1025.59,789.97,0.0,0.0,0.5686,0.437971,0.0,0,0.0010968533,1.0923965497,1.1383463968628504,Test
YUXLEJ_clean,10.83121,6.54663,10.83121,0.97354,1928.71,1981.13,0.0,0.0,0.6686,0.686772,0.0,1,0.0021017610999999,2.5522478704,2.564066310923377,Train
YUXLIN_clean,11.21237,6.77529,11.21199,0.978835,1903.75,1944.91,0.0,0.0,0.6474,0.661399,0.0,1,0.0019910923,2.3664986178,2.4948359317177076,Test
YUXQIS_clean,17.65359,14.41981,17.65359,0.688928,1805.53,2620.78,0.0,0.0,0.7418,1.07675,0.0,0,0.0031780987,3.6773084124,3.779939954654893,Test
YUXQOY_clean,7.81236,5.76726,7.81236,0.879883,2108.57,2396.42,0.0,0.0,0.6624,0.752827,0.0,0,0.003218426,3.8585282868,3.8082619581586545,Train
YUYBIF_clean,5.00131,4.56878,4.98439,1.44177,873.775,606.043,0.0,0.0,0.501,0.347489,0.0,0,0.0046603196,2.1227332461,2.276211455924356,Test
YUYGOQ_clean,5.37118,4.47094,5.33272,1.34967,1149.04,851.347,10.6722,7.90727,0.5126,0.379797,0.0,1,0.0039560357,2.7493051945,2.703120354237157,Train
YUYLIP_clean,5.22265,4.3746,5.21018,1.35436,1100.13,812.287,11.7356,8.66502,0.5156,0.380696,0.0,1,0.0037177934,2.5954826301,2.556005458952054,Train
YUYLOV_clean,5.28891,4.25116,5.28891,1.21408,1053.59,867.808,5.10787,4.20721,0.5256,0.432922,0.0,1,0.0033915359999999,2.5403064248,2.44773661626733,Train
YUZCON_clean,12.85482,8.91717,12.83553,1.23622,1841.47,1489.6,0.0,0.0,0.7372,0.596334,0.0,1,0.0008187848,1.1092778641,1.0790650382616984,Train
YUZPEQ_clean,21.49816,9.22584,18.34054,0.4666,2093.84,4487.44,0.0,0.0,0.8266,1.77154,0.0,1,0.0038612203,4.9151588355,4.987044832515574,Test
YUZPIU_clean,24.28264,10.2733,24.27637,0.405541,1930.72,4760.85,0.0,0.0,0.8426,2.07772,0.0,1,0.0042955812,5.2175547899,5.490246603314626,Test
YUZPOA_clean,20.08724,6.66271,20.08724,0.597835,2261.64,3783.05,0.0,0.0,0.7894,1.32043,0.0,1,0.0042239921999999,5.008568906,5.052214916070894,Test
YUZRAO_clean,7.04018,5.00118,6.73681,1.11887,1297.93,1160.04,0.0,0.0,0.528,0.471906,0.0,1,0.0034410198,2.9668285912,2.8848270639021587,Train
YUZRES_clean,7.11877,4.99085,7.01426,1.11442,1299.63,1166.19,0.0,0.0,0.527,0.472891,0.0,1,0.00344698,2.9768357602,2.892817094269218,Test
YUZXAT_clean,5.15837,3.71285,5.1262,1.26263,639.82,506.735,0.0,0.0,0.4692,0.371605,0.0,1,0.0064100336,2.0668438584,2.220161378266713,Train
ZABQIC_ion_b,12.00373,11.11993,12.00373,0.767386,1559.55,2032.28,0.0,0.0,0.672,0.8757,0.0,1,0.0018939175,2.3665140877,2.356144921654532,Train
ZACHIX_clean,13.14331,6.50331,13.13039,0.890304,2133.37,2396.22,0.0,0.0,0.7114,0.799053,0.0,1,0.0047569475,4.0069410759,4.029728476843639,Test
ZAFXAI_clean,8.16636,3.63608,8.16636,1.40372,1642.88,1170.38,0.0,0.0,0.568,0.40464,0.00156727,0,0.0025647510999999,2.0330546171,2.3862111770260923,Test
ZAGHAT_clean,4.51112,4.19176,4.51112,1.1607,908.617,782.819,0.0,0.0,0.5106,0.439908,0.0,1,0.0049023881,3.2948903703,2.858343901658663,Test
ZAHLEC_clean,10.74057,8.40432,8.92854,0.504189,2700.75,5356.61,0.0,0.0,0.8076,1.60178,0.0,1,0.0029941275,4.3451310307,4.271869576449045,Test
ZALDUO_clean,4.61661,3.56851,4.61661,1.92477,1210.48,628.894,0.0,0.0,0.514,0.267045,0.0,1,0.0010561381,1.0487742521,1.1434035454897407,Train
ZALGEB_clean,6.62075,4.56528,6.62075,1.81667,1374.98,756.865,0.0,0.0,0.5514,0.303522,0.0,1,0.0004756557,0.6244070955,0.6692647565494934,Train
ZALREM_clean,5.87604,3.78386,5.86921,1.04183,1802.16,1729.8,0.0,0.0,0.622,0.597029,0.0,0,0.0067743924,5.046799817799999,5.021780844704242,Test
ZAQWEW_clean,6.95842,6.13717,6.94512,1.39957,1222.41,873.413,0.0,0.0,0.5188,0.370684,0.0,1,0.0016075426999999,1.8571927418,1.6573422240880225,Test
ZAQZOG_clean,5.77457,3.67413,5.75944,1.64692,1133.89,688.489,59.8527,36.3421,0.521,0.316347,0.0,1,0.0032240212,2.6864727422000003,2.4477598216632064,Test
ZARLEL_clean,14.43115,13.28451,14.43115,0.493906,1518.29,3074.04,0.0,0.0,0.7906,1.60071,0.0,1,0.002309242,3.0512362697000004,3.2654773622713833,Test
ZARLIP_clean,9.09773,7.66595,9.09773,0.805646,1902.98,2362.06,0.0,0.0,0.6786,0.842305,0.0,1,0.0030328971,3.4445970466,3.5812109594915595,Train
ZARPUF_clean,7.04716,6.45776,7.04716,1.849,1998.18,1080.68,0.0,0.0,0.6766,0.365927,0.0,1,0.0012138678,1.521896689,1.4313656069305227,Test
ZARQAM_clean,7.63314,6.94265,7.63314,2.76479,1309.37,473.587,0.0,0.0,0.5168,0.186922,0.0,1,0.0005658046,0.7253119444,0.6770526641219914,Train
ZARTAP03_clean,4.16883,3.64959,4.16883,1.16973,666.603,569.875,0.0,0.0,0.5526,0.472415,0.0,0,0.0019003381,2.1772349936,2.1250821381562335,Train
ZARVIZ_clean,8.08211,6.49977,8.07086,1.60695,1752.25,1090.42,2.37844,1.4801,0.6066,0.377486,0.0,1,0.0010987867999999,1.4615880959999998,1.370926425068926,Train
ZARZAV_clean,5.22384,3.95101,5.21614,1.32405,863.286,652.003,0.0,0.0,0.4802,0.362674,0.0,1,0.0085596845999999,2.6724644962,2.7518422276652856,Train
ZASJAG_clean,8.3258,8.06587,8.3258,1.20593,1261.26,1045.89,0.0,0.0,0.5316,0.440823,0.0,0,0.0017635460999999,2.1658627247,2.175151524100811,Train
ZAVPET_clean,5.39742,4.45708,5.33979,1.26627,1762.86,1392.17,0.0,0.0,0.5648,0.446036,0.0,1,0.0036093854,3.0274086998,3.0551845832021454,Train
ZAVPIX_clean,5.34624,4.4404,5.30939,1.2826,1715.57,1337.57,0.0,0.0,0.5728,0.446594,0.0,1,0.0036419472999999,3.0429745924,3.0119902264197567,Train
ZAVPOD_clean,5.37051,4.47073,5.34338,1.28123,1720.75,1343.05,0.0,0.0,0.573,0.447228,0.0,1,0.0036825257,3.017383179,3.028196035010666,Train
ZAVPUJ_clean,5.35189,4.46399,5.34326,1.29856,1713.78,1319.75,0.0,0.0,0.5712,0.439871,0.0,1,0.003607315,3.0248567861,2.9791805576650217,Train
ZAVQAQ_clean,5.33865,4.48097,5.3256,1.32498,1680.96,1268.67,0.0,0.0,0.569,0.42944,0.0,1,0.0036731771999999,2.9854379341,2.9888867626270943,Train
ZAVQEU_clean,5.32077,4.48233,5.32077,1.33464,1678.44,1257.6,0.0,0.0,0.5746,0.430529,0.0,1,0.0038712865999999,2.9854621537,3.0112756867403334,Train
ZAVQIY_clean,5.30607,4.48289,5.30386,1.35411,1643.73,1213.88,0.0,0.0,0.5664,0.418282,0.0,1,0.0038055381,2.9525803364,2.986225881528905,Test
ZAVQOE_clean,5.3264,4.54894,5.3264,1.35472,1669.82,1232.6,0.0,0.0,0.5738,0.423556,0.0,1,0.003642782,2.9414745266000004,2.9087584782405145,Test
ZAVQUK_clean,5.30653,4.52403,5.29517,1.36913,1649.04,1204.45,0.0,0.0,0.5562,0.406243,0.0,1,0.0036921221,2.921244632,2.9221751363003152,Test
ZAVRAR_clean,5.32227,4.57646,5.32227,1.37671,1661.66,1206.98,0.0,0.0,0.5744,0.417225,0.0,1,0.0036622187,2.8904951272000003,2.887945466626873,Test
ZAVREV_clean,5.30179,4.55872,5.30179,1.39948,1649.43,1178.6,0.0,0.0,0.5718,0.40858,0.0,1,0.0038410596,2.9133795689,2.947330787386864,Test
ZAVRIZ_clean,5.32783,4.62627,5.32783,1.39297,1655.8,1188.68,0.0,0.0,0.5686,0.408192,0.0,1,0.003614359,2.8727769551,2.8625847592446645,Test
ZAXQOG_clean,5.67387,3.7719,5.66477,1.01421,1385.47,1366.06,80.4067,79.2805,0.6032,0.594751,0.0,1,0.0085050888,5.1473675029,4.909854592762633,Test
ZAZBUZ_clean,6.78822,5.70042,6.78792,1.17074,1452.69,1240.82,0.0,0.0,0.588,0.502245,0.0,1,0.0044510564,3.435510316,3.5060894181655913,Test
ZEBMAW_clean,7.10606,3.80774,7.0844,1.02768,1719.77,1673.45,0.0,0.0,0.5972,0.581114,0.0,1,0.0041497849,3.9291039086,3.791100274805137,Test
ZECKID_clean,10.33934,8.28295,10.32915,0.62663,2205.37,3519.42,0.0,0.0,0.7756,1.23773,0.0,1,0.0021177303,2.9365618754,3.0533727512031623,Test
ZECKOJ_clean,10.01013,7.75871,10.01013,0.671545,2228.83,3318.96,0.0,0.0,0.7738,1.15227,0.0,1,0.0021992256,3.107042032,3.1076041039598756,Train
ZEDLOL_clean,4.6264,3.66432,4.6264,1.37262,652.64,475.472,0.0,0.0,0.459,0.334398,0.0,0,0.0037705627,2.1377157318,1.9358528966783484,Train
ZEDQEG_clean,5.11458,4.23281,5.10868,1.21651,1349.89,1109.64,0.0,0.0,0.5426,0.446031,0.0,1,0.0032089578,3.2724061434,2.784994719874498,Train
ZEDROR_clean,5.08255,3.56751,5.06998,1.24486,1045.2,839.611,0.0,0.0,0.4974,0.399562,0.0,1,0.0060004351,3.4099447113,3.1724346992415517,Train
ZEDZAL01_clean,5.65082,4.55391,5.6492,1.03183,1744.09,1690.29,0.0,0.0,0.599,0.580521,0.0,0,0.0068539137,4.7464183841,4.682104099270372,Test
ZEDZAL_clean,5.65964,4.57272,5.65578,1.03183,1734.09,1680.59,0.0,0.0,0.6058,0.587111,0.0,0,0.0070220081,4.7240799032,4.737261878479552,Train
ZEKRIS_clean,5.6482,4.818,5.6482,1.03468,1377.31,1331.15,0.0,0.0,0.5112,0.494067,0.0,1,0.0087989916,4.4519189018,4.49700080185113,Train
ZELQAK_clean,8.24038,5.23853,8.14946,0.765451,2630.89,3437.05,0.0,0.0,0.7374,0.963354,0.0,1,0.0044221701,5.1547990961000005,5.0903387058432,Test
ZELROZ_manual,16.90888,11.06843,16.90888,0.361932,1789.5,4944.29,0.0,0.0,0.8714,2.40763,0.0,0,0.0029586066999999,4.0661822109,4.269221628652349,Test
ZERQOE_clean,4.4965,4.02903,4.49472,1.56535,409.981,261.909,0.0,0.0,0.3512,0.224358,0.0,0,0.0118932761,1.7421194186000002,1.801321334154284,Test
ZETLER_clean,7.4185,6.73421,7.4185,1.13583,1090.42,960.022,0.0,0.0,0.5128,0.451477,0.0,1,0.0036738177,2.9687142149000003,2.8667201633657386,Train
ZEVXAB_clean,8.31732,6.45797,8.30908,0.729711,1924.84,2637.82,0.0,0.0,0.6412,0.878704,0.0,0,0.0035466177,4.0699208223,4.118138669460995,Test
ZEXKUK_clean,5.43641,4.11889,5.43641,1.10203,1510.94,1371.05,0.0,0.0,0.521,0.472764,0.0,0,0.0048812988,3.3188205230000003,3.560887591591841,Test
ZEZFIV_clean,10.69025,9.42287,10.68854,0.594994,2005.75,3371.05,0.0,0.0,0.743,1.24875,0.0,1,0.0028972901,3.9111273805,3.976638006199889,Test
ZEZPAX_clean,4.88259,3.42627,4.87229,1.37031,946.317,690.584,0.0,0.0,0.58,0.423261,0.0,1,0.0035190423999999,2.5789775488,2.483183528358913,Train
ZEZPUR_clean,6.86808,4.73515,6.86808,1.25879,1604.0,1274.24,0.0,0.0,0.5842,0.464096,0.0,1,0.0036330453,3.01955553,3.072090238413274,Test
ZEZQAY_clean,6.85728,4.76238,6.85728,1.25559,1624.77,1294.03,0.0,0.0,0.5694,0.453492,0.0,1,0.0038281287,3.0847234912,3.2029047424520924,Test
ZEZQEC_clean,6.82109,4.77027,6.82109,1.2492,1610.37,1289.12,0.0,0.0,0.5834,0.467017,0.0,1,0.0036251989,3.0697519354,3.0617769994497044,Test
ZEZQIG_clean,6.88408,4.79829,6.69844,1.21505,1604.06,1320.16,0.0,0.0,0.5894,0.485082,0.0,1,0.0035294206,3.0545032804,3.1666160725127357,Train
ZICCIZ_clean,17.08225,7.88152,11.63664,0.729494,2109.82,2892.17,0.0,0.0,0.7876,1.07965,0.0,1,0.0024094085,3.4377719649,3.228663982520367,Test
ZIDBEV_clean,9.63216,5.48309,9.63216,0.807059,2178.07,2698.78,0.0,0.0,0.7352,0.910962,0.0,1,0.001478791,2.0005899231,2.0750837428855613,Train
ZIDNEH_clean,8.84838,5.55883,8.83355,0.885692,1904.92,2150.77,0.0,0.0,0.6292,0.710405,0.0,1,0.0063187259,4.6688962925,4.8409612948245515,Train
ZIDVAL_clean,5.32891,3.57912,5.32891,1.33917,571.442,426.715,0.0,0.0,0.4296,0.320796,0.0,1,0.007234009,1.912044201,1.9821042080887938,Test
ZIGFIG_clean,11.59694,6.57481,10.91215,0.866393,2057.4,2374.67,0.0,0.0,0.6856,0.791327,0.0,1,0.005937242,4.0413566849,4.237644866961718,Train
ZIHFUR01_clean,5.31623,4.89277,5.31045,1.17914,978.608,829.937,0.0,0.0,0.4918,0.417085,0.0,0,0.0021526431,1.8136462062,1.6934043618365993,Train
ZIHFUR_clean,5.26061,4.96221,5.22095,1.17428,998.963,850.705,0.0,0.0,0.5002,0.425964,0.0,0,0.0020961539,1.7947515679,1.7534131772246266,Train
ZIHTEP_clean,4.34589,3.49261,4.31959,1.10997,397.98,358.549,0.0,0.0,0.4276,0.385235,0.0,1,0.0011967259,1.1277503255,1.1460196680298291,Train
ZIJSAO_clean,20.32962,7.50871,20.32962,0.465536,2204.15,4734.65,0.0,0.0,0.8128,1.74594,0.0,1,0.0035930512,4.8979640329,4.842937330319665,Test
ZIJVOF01_clean,5.27877,3.42429,5.23095,1.22527,1101.04,898.609,0.0,0.0,0.5618,0.458512,0.0,1,0.0060260618,2.9962353824,3.1483189860178156,Train
ZIKJIO_clean,7.07783,5.58584,7.07783,0.782965,2562.61,3272.96,0.0,0.0,0.6992,0.893015,0.0,1,0.004180223,5.0236454039,4.938933032835285,Train
ZIKJOU_clean,5.81598,3.9573,5.81598,0.969805,2178.44,2246.27,0.0,0.0,0.6456,0.665701,0.0,1,0.005946446,4.8658304634,5.060993350562778,Test
ZILBAZ_clean,4.9863,4.28704,4.9863,0.999721,1029.25,1029.53,0.0,0.0,0.551,0.551154,0.0,1,0.0033065229,2.7086919791,2.722903329412204,Train
ZILBED_clean,4.97187,3.8062,4.93999,0.952981,1353.58,1420.37,0.0,0.0,0.5664,0.594346,0.0,1,0.0037427155,4.1367461295,3.3348775429998727,Test
ZILBIH_clean,9.14666,5.88445,8.01264,0.927388,1498.69,1616.04,0.0,0.0,0.5906,0.636843,0.0,0,0.0050329915,4.6973927881,4.638135419193707,Test
ZILFOR_manual,9.30653,7.96955,8.40209,0.639421,2480.2,3878.82,0.0,0.0,0.7576,1.18482,0.0,1,0.0037900388,4.8464222647,4.672607694935532,Test
ZIMLAK_clean,8.81434,4.17837,8.81158,1.15604,2223.72,1923.56,0.0,0.0,0.7056,0.610357,0.0,1,0.0016653979999999,2.1152575892,2.19866040519303,Test
ZIMLEO_clean,8.8325,4.17886,8.8325,1.13678,2223.09,1955.6,0.0,0.0,0.7064,0.621405,0.0,1,0.0015679717,2.1346200419,2.1423658417095757,Train
ZIMLIS_clean,8.92267,4.20987,8.92267,1.114,2237.68,2008.69,0.0,0.0,0.7006,0.628903,0.0,1,0.0016033498,2.1637241285,2.143328218585964,Train
ZIMTAS_clean,15.44798,6.02893,15.44798,0.579498,2082.03,3592.82,0.0,0.0,0.7752,1.33771,0.0,1,0.0033629323,4.3221248724,4.473901970866758,Test
ZINDAD_clean,16.39277,6.7436,16.39277,0.781296,1939.71,2482.68,0.0538053,0.0688667,0.7302,0.934601,0.0,1,0.0044702513,4.7022454281,4.502660174633464,Test
ZIQJEQ_clean,9.10665,6.72913,9.10665,0.629598,2298.43,3650.63,0.0,0.0,0.736,1.169,0.0,1,0.0025444575,3.4656430229,3.4334223436367917,Test
ZISFEO01_clean,4.76853,3.96927,4.66022,1.28743,834.269,648.011,0.0,0.0,0.4838,0.375787,0.0,1,0.0068981164,3.2444721704000004,2.941965834704197,Train
ZISFEO_clean,4.87799,4.0904,4.87799,1.19653,987.013,824.893,0.0,0.0,0.5152,0.430577,0.0,1,0.0051506829,2.9977689819,2.9501051059462817,Test
ZISYAD_clean,5.9099,4.91539,5.73695,1.28892,1160.38,900.27,0.0,0.0,0.5204,0.403748,0.0,0,0.0070490579,2.9476839022,3.1661931830117016,Train
ZITRUP_clean,6.53672,5.01398,6.53672,0.717884,2623.55,3654.57,0.0,0.0,0.7268,1.01242,0.0,0,0.0024037956,3.1769413408,3.073351761760724,Train
ZIWLUO_clean,7.47107,4.53903,7.43631,1.09467,1585.65,1448.51,0.0,0.0,0.5836,0.533128,0.0,1,0.0047410010999999,3.4904048326,3.6784296161195735,Train
ZOFZIF_clean,8.07986,5.82761,8.06722,0.702361,2633.85,3750.0,0.0,0.0,0.7174,1.02141,0.0,1,0.0035542398999999,4.5621410346,4.576873895656821,Train
ZOFZOL_clean,9.41161,6.60227,9.39434,0.678974,2530.56,3727.03,0.0,0.0,0.7552,1.11227,0.0,1,0.0037763508,4.544665967,4.640458379951116,Test
ZOFZUR_clean,12.72726,10.75924,12.72726,0.565447,2337.99,4134.76,0.0,0.0,0.7702,1.36211,0.0,1,0.0038045596,4.7945705399000005,4.714920874588117,Train
ZOHFUZ_clean,11.92122,6.68196,11.92122,0.814891,2190.64,2688.27,0.0,0.0,0.7046,0.864656,0.0,1,0.005993974,4.7879061213,4.756554086480712,Test
ZOMNEW_clean,6.0596,4.54083,6.0596,1.15823,1419.36,1225.46,0.0,0.0,0.5808,0.501457,0.0,1,0.0040885756,3.2776827053,3.1776063733747892,Train
ZOMNIA_clean,6.19749,4.62522,6.12809,1.13009,1429.96,1265.35,0.0,0.0,0.5774,0.510931,0.0,1,0.0038701994,3.1977634067,3.085338170128021,Train
ZOMNUM_clean,6.06034,4.51773,6.06034,1.06034,1392.7,1313.45,0.0,0.0,0.5604,0.52851,0.0,1,0.0046149306,3.5109382139,3.4957642492846004,Test
ZOTKAW_clean,4.77881,3.75238,4.76637,1.43383,643.033,448.471,0.0,0.0,0.4312,0.300732,0.0,1,0.0016136424,1.4066898685,1.1859741327985975,Test
ZOXFEZ_clean,6.93984,4.03954,6.93984,0.864343,2031.03,2349.79,0.0,0.0,0.6366,0.736513,0.0,0,0.0067527724,5.7268608376,5.568340658388419,Train
ZOXGOK_clean,6.81689,4.16129,6.80143,1.34232,1279.03,952.844,0.0,0.0,0.53,0.394837,0.0,1,0.0018222576,1.8673981571,1.7949274404435027,Test
ZOXNEH_clean,5.49902,3.71803,5.37867,1.30831,1870.03,1429.35,0.0,0.0,0.6444,0.492544,0.0,1,0.0078880292,4.9410827139,4.9620866497045855,Train
ZOZCIC_clean,4.77783,3.48746,4.76506,1.70684,334.136,195.762,173.298,101.532,0.4902,0.287197,0.0,1,0.0026883978,1.4893711806,1.5636078381712937,Train
ZOZHON_clean,7.30118,5.11086,5.92942,1.04457,1885.43,1804.99,0.0160738,0.015388,0.6212,0.594697,0.0,0,0.0050986834999999,4.143045512,4.178617935627481,Train
ZOZKAC_clean,4.08199,3.46421,4.07007,1.50938,399.978,264.995,0.0,0.0,0.4188,0.277465,0.0,1,0.005471778,2.6011668117,2.4067566120518458,Train
ZOZKEG_clean,7.97254,6.83417,7.97254,1.12239,1128.68,1005.6,75.4829,67.2521,0.5514,0.491274,0.0,1,0.0056635477,2.7253886092000004,3.528838453418033,Test
ZOZPUB_clean,7.7256,6.01065,7.70911,1.03826,1572.11,1514.17,0.0,0.0,0.597,0.574999,0.0,1,0.001895567,2.2332184596,2.2691749510143184,Test
ZUBFIN_clean,7.69352,3.71325,7.67785,1.11238,1215.17,1092.41,0.0,0.0,0.5518,0.496052,0.0,1,0.0071485828,3.7597908067,3.6859722144534004,Train
ZUDQUM_clean,5.81277,5.4291,5.81277,1.09047,1603.64,1470.59,0.0,0.0,0.5888,0.539951,0.0,0,0.0050765253999999,3.5363710172000005,3.804078858549013,Train
ZUDRAT_clean,6.48565,4.23405,6.48051,1.20859,1651.45,1366.43,0.0,0.0,0.5628,0.465668,0.0,1,0.0041173198,3.5692659506,3.442926098075435,Test
ZUDXAZ_clean,4.0542,3.70372,4.05121,1.83709,560.464,305.082,53.3835,29.0587,0.4362,0.237441,0.0,1,0.0036147781,2.0934459654,2.2144691259983045,Test
ZUGDEM_clean,9.67095,5.98717,9.67095,0.85339,2198.39,2576.07,0.0,0.0,0.6996,0.819789,0.0,1,0.0037290373,4.3607786659,4.002848959536538,Test
ZUKNAW_clean,11.21967,10.68501,10.9966,0.962771,2472.04,2567.63,0.0,0.0,0.7894,0.819925,0.0,1,0.0009963736,1.418610297,1.5764550082088198,Test
ZUNZIT_clean,5.02966,4.18682,5.02966,1.54704,1064.88,688.333,0.0,0.0,0.4702,0.303935,0.0,1,0.0050958971,2.6401942348,2.5586801679812576,Train
ZUPBET_clean,5.03517,4.18078,5.03517,1.52077,1109.78,729.746,0.0,0.0,0.4686,0.308133,0.0,1,0.0049670665,2.661704285,2.6063485831706346,Test
ZUQMAB_clean,6.12654,3.97231,6.12654,1.08189,1594.49,1473.8,0.0,0.0,0.5652,0.522421,0.0,0,0.0043870595,3.5452745544,3.4947937216536324,Test
ZURQOS_clean,4.62363,3.68876,4.61478,1.30618,1284.42,983.341,0.0,0.0,0.526,0.402701,0.0,1,0.0038801033,2.8409847738,2.953132248827113,Test
ZURROT_clean,4.90807,3.92111,4.90807,1.07774,1554.64,1442.5,0.0,0.0,0.611,0.566926,0.0,1,0.0025946546,2.5026127611,2.6274899988914724,Train
ZUSBIA_clean,4.68848,3.56399,4.68848,1.21981,1104.24,905.252,0.0,0.0,0.5638,0.462202,0.0,1,0.0062341824,3.4578999347000003,3.587382245050808,Train
ZUSBOG_clean,4.86162,3.45547,4.8534,1.16782,1166.3,998.701,0.0,0.0,0.5894,0.504701,0.0,1,0.0074105794999999,4.0027233118,3.93003984058657,Train
ZUTBIB_clean,5.89251,3.41929,5.89251,2.16043,1096.32,507.456,0.0,0.0,0.5212,0.241248,0.0,0,0.0318007928,4.116154691499999,4.099274969760182,Train
ZUTBUN_clean,4.42995,3.86732,4.42995,2.2828,1037.92,454.67,0.0,0.0,0.4626,0.202646,0.0,0,0.0472930162,3.9048890489,3.832415557132013,Train
ZUWXUM_clean,6.25511,5.54572,6.22585,0.917254,2526.11,2753.99,0.0,0.0,0.7012,0.764456,0.0,0,0.006065249,6.0764070229,5.984792773547021,Test
ZUXPOZ_clean,4.9428,4.31959,4.93372,2.00162,1314.33,656.635,0.0,0.0,0.579,0.289266,0.0,1,0.0020320759,1.5581683491999998,1.67202901412202,Test
ZUZZEB_clean,12.38418,6.8566,12.3754,0.903178,2016.22,2232.36,0.0,0.0,0.7248,0.8025,0.0,0,0.0021282752,2.788982354,2.6892226357081137,Train
